timestamp,ipSrc,ipDst,tcpPortSrc,tcpPortDst,udpPortSrc,udpPortDst,tcpLen,udpLen,payloadProtocolNumber
1584616086.5371149,10.10.0.10,173.194.164.186,,,45082,443,0,1358,17
1584616086.7257411,10.10.0.10,173.194.164.186,,,45082,443,0,1358,17
1584616086.785102,173.194.164.186,10.10.0.10,,,443,45082,0,1358,17
1584616086.7880828,10.10.0.10,173.194.164.186,,,45082,443,0,1358,17
1584616086.8215866,10.10.0.10,173.194.164.186,,,45082,443,0,44,17
1584616086.8512568,173.194.164.186,10.10.0.10,,,443,45082,0,44,17
1584616086.861898,173.194.164.186,10.10.0.10,,,443,45082,0,1358,17
1584616086.871596,173.194.164.186,10.10.0.10,,,443,45082,0,44,17
1584616086.8721151,173.194.164.186,10.10.0.10,,,443,45082,0,1358,17
1584616086.873856,10.10.0.10,173.194.164.186,,,45082,443,0,36,17
1584616086.8744602,10.10.0.10,173.194.164.186,,,45082,443,0,849,17
1584616086.874959,10.10.0.10,173.194.164.186,,,45082,443,0,710,17
1584616086.874986,10.10.0.10,173.194.164.186,,,45082,443,0,48,17
1584616086.875078,10.10.0.10,173.194.164.186,,,45082,443,0,48,17
1584616086.8818438,173.194.164.186,10.10.0.10,,,443,45082,0,28,17
1584616086.882254,173.194.164.186,10.10.0.10,,,443,45082,0,28,17
1584616086.899828,173.194.164.186,10.10.0.10,,,443,45082,0,372,17
1584616086.89986,173.194.164.186,10.10.0.10,,,443,45082,0,26,17
1584616086.899879,173.194.164.186,10.10.0.10,,,443,45082,0,872,17
1584616086.9019482,10.10.0.10,173.194.164.186,,,45082,443,0,39,17
1584616086.902226,10.10.0.10,173.194.164.186,,,45082,443,0,36,17
1584616086.9162755,173.194.164.186,10.10.0.10,,,443,45082,0,68,17
1584616086.916306,173.194.164.186,10.10.0.10,,,443,45082,0,665,17
1584616086.916327,173.194.164.186,10.10.0.10,,,443,45082,0,26,17
1584616086.9194784,10.10.0.10,173.194.164.186,,,45082,443,0,36,17
1584616086.935603,10.10.0.10,173.194.164.186,,,45082,443,0,720,17
1584616086.9356296,10.10.0.10,173.194.164.186,,,45082,443,0,48,17
1584616086.9397259,173.194.164.186,10.10.0.10,,,443,45082,0,28,17
1584616086.939757,173.194.164.186,10.10.0.10,,,443,45082,0,45,17
1584616086.939913,173.194.164.186,10.10.0.10,,,443,45082,0,1358,17
1584616086.939943,173.194.164.186,10.10.0.10,,,443,45082,0,1358,17
1584616086.942207,10.10.0.10,173.194.164.186,,,45082,443,0,36,17
1584616086.948569,173.194.164.186,10.10.0.10,,,443,45082,0,1358,17
1584616086.9520788,10.10.0.10,173.194.164.186,,,45082,443,0,36,17
1584616086.9578464,173.194.164.186,10.10.0.10,,,443,45082,0,1358,17
1584616086.9590821,10.10.0.10,173.194.164.186,,,45082,443,0,722,17
1584616086.959108,10.10.0.10,173.194.164.186,,,45082,443,0,48,17
1584616086.967126,173.194.164.186,10.10.0.10,,,443,45082,0,1358,17
1584616086.968976,10.10.0.10,173.194.164.186,,,45082,443,0,36,17
1584616086.976406,173.194.164.186,10.10.0.10,,,443,45082,0,1358,17
1584616086.9856858,173.194.164.186,10.10.0.10,,,443,45082,0,1358,17
1584616086.988976,10.10.0.10,173.194.164.186,,,45082,443,0,36,17
1584616086.994966,173.194.164.186,10.10.0.10,,,443,45082,0,1358,17
1584616087.0042439,173.194.164.186,10.10.0.10,,,443,45082,0,1358,17
1584616087.0059938,10.10.0.10,173.194.164.186,,,45082,443,0,36,17
1584616087.0135288,173.194.164.186,10.10.0.10,,,443,45082,0,1358,17
1584616087.022811,173.194.164.186,10.10.0.10,,,443,45082,0,1358,17
1584616087.0270731,10.10.0.10,173.194.164.186,,,45082,443,0,36,17
1584616087.0320835,173.194.164.186,10.10.0.10,,,443,45082,0,1358,17
1584616087.041375,173.194.164.186,10.10.0.10,,,443,45082,0,1358,17
1584616087.043071,10.10.0.10,173.194.164.186,,,45082,443,0,36,17
1584616087.050648,173.194.164.186,10.10.0.10,,,443,45082,0,1358,17
1584616087.05994,173.194.164.186,10.10.0.10,,,443,45082,0,1358,17
1584616087.061457,10.10.0.10,173.194.164.186,,,45082,443,0,36,17
1584616087.0692098,173.194.164.186,10.10.0.10,,,443,45082,0,1358,17
1584616087.0784981,173.194.164.186,10.10.0.10,,,443,45082,0,1358,17
1584616087.0799706,10.10.0.10,173.194.164.186,,,45082,443,0,36,17
1584616087.0877721,173.194.164.186,10.10.0.10,,,443,45082,0,1358,17
1584616087.0970588,173.194.164.186,10.10.0.10,,,443,45082,0,1358,17
1584616087.0999572,10.10.0.10,173.194.164.186,,,45082,443,0,36,17
1584616087.106333,173.194.164.186,10.10.0.10,,,443,45082,0,1358,17
1584616087.1156259,173.194.164.186,10.10.0.10,,,443,45082,0,1358,17
1584616087.117942,10.10.0.10,173.194.164.186,,,45082,443,0,36,17
1584616087.12489,173.194.164.186,10.10.0.10,,,443,45082,0,28,17
1584616087.1253092,173.194.164.186,10.10.0.10,,,443,45082,0,1358,17
1584616087.134583,173.194.164.186,10.10.0.10,,,443,45082,0,1358,17
1584616087.136317,10.10.0.10,173.194.164.186,,,45082,443,0,36,17
1584616087.1438599,173.194.164.186,10.10.0.10,,,443,45082,0,1358,17
1584616087.153142,173.194.164.186,10.10.0.10,,,443,45082,0,1358,17
1584616087.1548452,10.10.0.10,173.194.164.186,,,45082,443,0,36,17
1584616087.162431,173.194.164.186,10.10.0.10,,,443,45082,0,1358,17
1584616087.171705,173.194.164.186,10.10.0.10,,,443,45082,0,1358,17
1584616087.1734688,10.10.0.10,173.194.164.186,,,45082,443,0,36,17
1584616087.180995,173.194.164.186,10.10.0.10,,,443,45082,0,1358,17
1584616087.190263,173.194.164.186,10.10.0.10,,,443,45082,0,1358,17
1584616087.1919482,10.10.0.10,173.194.164.186,,,45082,443,0,36,17
1584616087.199556,173.194.164.186,10.10.0.10,,,443,45082,0,1358,17
1584616087.208823,173.194.164.186,10.10.0.10,,,443,45082,0,1358,17
1584616087.210692,10.10.0.10,173.194.164.186,,,45082,443,0,36,17
1584616087.2181158,173.194.164.186,10.10.0.10,,,443,45082,0,1358,17
1584616087.2273822,173.194.164.186,10.10.0.10,,,443,45082,0,1358,17
1584616087.2289386,10.10.0.10,173.194.164.186,,,45082,443,0,36,17
1584616087.2366786,173.194.164.186,10.10.0.10,,,443,45082,0,1358,17
1584616087.2459419,173.194.164.186,10.10.0.10,,,443,45082,0,1358,17
1584616087.24759,10.10.0.10,173.194.164.186,,,45082,443,0,36,17
1584616087.255242,173.194.164.186,10.10.0.10,,,443,45082,0,1358,17
1584616087.264504,173.194.164.186,10.10.0.10,,,443,45082,0,1358,17
1584616087.266446,10.10.0.10,173.194.164.186,,,45082,443,0,36,17
1584616087.273784,173.194.164.186,10.10.0.10,,,443,45082,0,1358,17
1584616087.2830641,173.194.164.186,10.10.0.10,,,443,45082,0,1358,17
1584616087.2853222,10.10.0.10,173.194.164.186,,,45082,443,0,36,17
1584616087.2923384,173.194.164.186,10.10.0.10,,,443,45082,0,1358,17
1584616087.3016279,173.194.164.186,10.10.0.10,,,443,45082,0,1358,17
1584616087.3030598,10.10.0.10,173.194.164.186,,,45082,443,0,36,17
1584616087.3109028,173.194.164.186,10.10.0.10,,,443,45082,0,1358,17
1584616087.320178,173.194.164.186,10.10.0.10,,,443,45082,0,1358,17
1584616087.3294618,173.194.164.186,10.10.0.10,,,443,45082,0,1358,17
1584616087.3387392,173.194.164.186,10.10.0.10,,,443,45082,0,1358,17
1584616087.347718,10.10.0.10,173.194.164.186,,,45082,443,0,49,17
1584616087.348018,173.194.164.186,10.10.0.10,,,443,45082,0,1358,17
1584616087.350194,10.10.0.10,173.194.164.186,,,45082,443,0,36,17
1584616087.3573024,173.194.164.186,10.10.0.10,,,443,45082,0,1358,17
1584616087.359067,10.10.0.10,173.194.164.186,,,45082,443,0,36,17
1584616087.3665812,173.194.164.186,10.10.0.10,,,443,45082,0,1358,17
1584616087.375864,173.194.164.186,10.10.0.10,,,443,45082,0,1358,17
1584616087.377567,10.10.0.10,173.194.164.186,,,45082,443,0,36,17
1584616087.385142,173.194.164.186,10.10.0.10,,,443,45082,0,1358,17
1584616087.394425,173.194.164.186,10.10.0.10,,,443,45082,0,1358,17
1584616087.3959718,10.10.0.10,173.194.164.186,,,45082,443,0,36,17
1584616087.403703,173.194.164.186,10.10.0.10,,,443,45082,0,1358,17
1584616087.412981,173.194.164.186,10.10.0.10,,,443,45082,0,1358,17
1584616087.4144409,10.10.0.10,173.194.164.186,,,45082,443,0,36,17
1584616087.4222634,173.194.164.186,10.10.0.10,,,443,45082,0,1358,17
1584616087.431549,173.194.164.186,10.10.0.10,,,443,45082,0,1358,17
1584616087.4337196,10.10.0.10,173.194.164.186,,,45082,443,0,36,17
1584616087.440823,173.194.164.186,10.10.0.10,,,443,45082,0,1358,17
1584616087.450114,173.194.164.186,10.10.0.10,,,443,45082,0,1358,17
1584616087.452942,10.10.0.10,173.194.164.186,,,45082,443,0,36,17
1584616087.459383,173.194.164.186,10.10.0.10,,,443,45082,0,1358,17
1584616087.468673,173.194.164.186,10.10.0.10,,,443,45082,0,1358,17
1584616087.47071,10.10.0.10,173.194.164.186,,,45082,443,0,36,17
1584616087.477942,173.194.164.186,10.10.0.10,,,443,45082,0,1358,17
1584616087.4872372,173.194.164.186,10.10.0.10,,,443,45082,0,1358,17
1584616087.489184,10.10.0.10,173.194.164.186,,,45082,443,0,36,17
1584616087.4965026,173.194.164.186,10.10.0.10,,,443,45082,0,1358,17
1584616087.5057962,173.194.164.186,10.10.0.10,,,443,45082,0,1358,17
1584616087.50795,10.10.0.10,173.194.164.186,,,45082,443,0,36,17
1584616087.5150619,173.194.164.186,10.10.0.10,,,443,45082,0,1358,17
1584616087.524342,173.194.164.186,10.10.0.10,,,443,45082,0,1358,17
1584616087.5274382,10.10.0.10,173.194.164.186,,,45082,443,0,36,17
1584616087.533623,173.194.164.186,10.10.0.10,,,443,45082,0,1358,17
1584616087.542897,173.194.164.186,10.10.0.10,,,443,45082,0,1358,17
1584616087.545064,10.10.0.10,173.194.164.186,,,45082,443,0,36,17
1584616087.552178,173.194.164.186,10.10.0.10,,,443,45082,0,1358,17
1584616087.561482,173.194.164.186,10.10.0.10,,,443,45082,0,1358,17
1584616087.5634599,10.10.0.10,173.194.164.186,,,45082,443,0,36,17
1584616087.570742,173.194.164.186,10.10.0.10,,,443,45082,0,1358,17
1584616087.5800462,173.194.164.186,10.10.0.10,,,443,45082,0,1358,17
1584616087.5819411,10.10.0.10,173.194.164.186,,,45082,443,0,36,17
1584616087.589298,173.194.164.186,10.10.0.10,,,443,45082,0,1358,17
1584616087.5986028,173.194.164.186,10.10.0.10,,,443,45082,0,1358,17
1584616087.6003358,10.10.0.10,173.194.164.186,,,45082,443,0,39,17
1584616087.6078632,173.194.164.186,10.10.0.10,,,443,45082,0,1358,17
1584616087.609316,10.10.0.10,173.194.164.186,,,45082,443,0,36,17
1584616087.617142,173.194.164.186,10.10.0.10,,,443,45082,0,1358,17
1584616087.626425,173.194.164.186,10.10.0.10,,,443,45082,0,1358,17
1584616087.6292038,10.10.0.10,173.194.164.186,,,45082,443,0,36,17
1584616087.6357038,173.194.164.186,10.10.0.10,,,443,45082,0,1358,17
1584616087.644983,173.194.164.186,10.10.0.10,,,443,45082,0,1358,17
1584616087.6466758,10.10.0.10,173.194.164.186,,,45082,443,0,36,17
1584616087.654263,173.194.164.186,10.10.0.10,,,443,45082,0,1358,17
1584616087.6635466,173.194.164.186,10.10.0.10,,,443,45082,0,1358,17
1584616087.6654365,10.10.0.10,173.194.164.186,,,45082,443,0,36,17
1584616087.672824,173.194.164.186,10.10.0.10,,,443,45082,0,1358,17
1584616087.682106,173.194.164.186,10.10.0.10,,,443,45082,0,1358,17
1584616087.683957,10.10.0.10,173.194.164.186,,,45082,443,0,49,17
1584616087.6913822,173.194.164.186,10.10.0.10,,,443,45082,0,1358,17
1584616087.7006679,173.194.164.186,10.10.0.10,,,443,45082,0,1358,17
1584616087.7024536,10.10.0.10,173.194.164.186,,,45082,443,0,36,17
1584616087.9603438,173.194.164.186,10.10.0.10,,,443,45082,0,1358,17
1584616087.9696038,173.194.164.186,10.10.0.10,,,443,45082,0,1358,17
1584616087.9711962,10.10.0.10,173.194.164.186,,,45082,443,0,36,17
1584616087.987376,173.194.164.186,10.10.0.10,,,443,45082,0,1358,17
1584616087.9966528,173.194.164.186,10.10.0.10,,,443,45082,0,1358,17
1584616087.999298,10.10.0.10,173.194.164.186,,,45082,443,0,36,17
1584616088.0059376,173.194.164.186,10.10.0.10,,,443,45082,0,1358,17
1584616088.015222,173.194.164.186,10.10.0.10,,,443,45082,0,1358,17
1584616088.017067,10.10.0.10,173.194.164.186,,,45082,443,0,36,17
1584616088.024498,173.194.164.186,10.10.0.10,,,443,45082,0,1358,17
1584616088.033783,173.194.164.186,10.10.0.10,,,443,45082,0,1358,17
1584616088.0356731,10.10.0.10,173.194.164.186,,,45082,443,0,36,17
1584616088.043055,173.194.164.186,10.10.0.10,,,443,45082,0,1358,17
1584616088.0523322,173.194.164.186,10.10.0.10,,,443,45082,0,1358,17
1584616088.0546649,10.10.0.10,173.194.164.186,,,45082,443,0,36,17
1584616088.061616,173.194.164.186,10.10.0.10,,,443,45082,0,1358,17
1584616088.070892,173.194.164.186,10.10.0.10,,,443,45082,0,1358,17
1584616088.074816,10.10.0.10,173.194.164.186,,,45082,443,0,36,17
1584616088.0801704,173.194.164.186,10.10.0.10,,,443,45082,0,1358,17
1584616088.089471,173.194.164.186,10.10.0.10,,,443,45082,0,1358,17
1584616088.0949502,10.10.0.10,173.194.164.186,,,45082,443,0,36,17
1584616088.0965672,10.10.0.10,173.194.164.186,,,45082,443,0,43,17
1584616088.098737,173.194.164.186,10.10.0.10,,,443,45082,0,1358,17
1584616088.108015,173.194.164.186,10.10.0.10,,,443,45082,0,1358,17
1584616088.1106908,10.10.0.10,173.194.164.186,,,45082,443,0,36,17
1584616088.12659,173.194.164.186,10.10.0.10,,,443,45082,0,1358,17
1584616088.1358562,173.194.164.186,10.10.0.10,,,443,45082,0,1358,17
1584616088.13744,10.10.0.10,173.194.164.186,,,45082,443,0,36,17
1584616088.1451519,173.194.164.186,10.10.0.10,,,443,45082,0,1358,17
1584616088.1544151,173.194.164.186,10.10.0.10,,,443,45082,0,1358,17
1584616088.155912,10.10.0.10,173.194.164.186,,,45082,443,0,36,17
1584616088.1637142,173.194.164.186,10.10.0.10,,,443,45082,0,1358,17
1584616088.172977,173.194.164.186,10.10.0.10,,,443,45082,0,1358,17
1584616088.1745632,10.10.0.10,173.194.164.186,,,45082,443,0,36,17
1584616088.182256,173.194.164.186,10.10.0.10,,,443,45082,0,1358,17
1584616088.191537,173.194.164.186,10.10.0.10,,,443,45082,0,1358,17
1584616088.193191,10.10.0.10,173.194.164.186,,,45082,443,0,36,17
1584616088.2100961,173.194.164.186,10.10.0.10,,,443,45082,0,1358,17
1584616088.2193751,173.194.164.186,10.10.0.10,,,443,45082,0,1358,17
1584616088.2209182,10.10.0.10,173.194.164.186,,,45082,443,0,36,17
1584616088.2290866,173.194.164.186,10.10.0.10,,,443,45082,0,1358,17
1584616088.2383492,173.194.164.186,10.10.0.10,,,443,45082,0,1358,17
1584616088.2399464,10.10.0.10,173.194.164.186,,,45082,443,0,36,17
1584616088.2476301,173.194.164.186,10.10.0.10,,,443,45082,0,1358,17
1584616088.2569098,173.194.164.186,10.10.0.10,,,443,45082,0,1358,17
1584616088.2586892,10.10.0.10,173.194.164.186,,,45082,443,0,36,17
1584616088.2662115,173.194.164.186,10.10.0.10,,,443,45082,0,1358,17
1584616088.27547,173.194.164.186,10.10.0.10,,,443,45082,0,1358,17
1584616088.2773108,10.10.0.10,173.194.164.186,,,45082,443,0,36,17
1584616088.28475,173.194.164.186,10.10.0.10,,,443,45082,0,1358,17
1584616088.2940302,173.194.164.186,10.10.0.10,,,443,45082,0,1358,17
1584616088.295795,10.10.0.10,173.194.164.186,,,45082,443,0,36,17
1584616088.3033082,173.194.164.186,10.10.0.10,,,443,45082,0,1358,17
1584616088.3125858,173.194.164.186,10.10.0.10,,,443,45082,0,1358,17
1584616088.3154054,10.10.0.10,173.194.164.186,,,45082,443,0,36,17
1584616088.321873,173.194.164.186,10.10.0.10,,,443,45082,0,1358,17
1584616088.33115,173.194.164.186,10.10.0.10,,,443,45082,0,1358,17
1584616088.332666,10.10.0.10,173.194.164.186,,,45082,443,0,36,17
1584616088.340431,173.194.164.186,10.10.0.10,,,443,45082,0,1358,17
1584616088.3497136,173.194.164.186,10.10.0.10,,,443,45082,0,1358,17
1584616088.351433,10.10.0.10,173.194.164.186,,,45082,443,0,36,17
1584616088.3589902,173.194.164.186,10.10.0.10,,,443,45082,0,1358,17
1584616088.368273,173.194.164.186,10.10.0.10,,,443,45082,0,1358,17
1584616088.3697786,10.10.0.10,173.194.164.186,,,45082,443,0,36,17
1584616088.3779645,173.194.164.186,10.10.0.10,,,443,45082,0,1358,17
1584616088.3872418,173.194.164.186,10.10.0.10,,,443,45082,0,1358,17
1584616088.388807,10.10.0.10,173.194.164.186,,,45082,443,0,36,17
1584616088.3965251,173.194.164.186,10.10.0.10,,,443,45082,0,1358,17
1584616088.4058044,173.194.164.186,10.10.0.10,,,443,45082,0,1358,17
1584616088.407808,10.10.0.10,173.194.164.186,,,45082,443,0,36,17
1584616088.4340632,173.194.164.186,10.10.0.10,,,443,45082,0,1358,17
1584616088.4433384,173.194.164.186,10.10.0.10,,,443,45082,0,1358,17
1584616088.4451606,10.10.0.10,173.194.164.186,,,45082,443,0,36,17
1584616088.452617,173.194.164.186,10.10.0.10,,,443,45082,0,1358,17
1584616088.4618962,173.194.164.186,10.10.0.10,,,443,45082,0,1358,17
1584616088.463754,10.10.0.10,173.194.164.186,,,45082,443,0,36,17
1584616088.471591,173.194.164.186,10.10.0.10,,,443,45082,0,1358,17
1584616088.4808712,173.194.164.186,10.10.0.10,,,443,45082,0,1358,17
1584616088.482682,10.10.0.10,173.194.164.186,,,45082,443,0,36,17
1584616088.490149,173.194.164.186,10.10.0.10,,,443,45082,0,1358,17
1584616088.4994278,173.194.164.186,10.10.0.10,,,443,45082,0,1358,17
1584616088.5013044,10.10.0.10,173.194.164.186,,,45082,443,0,49,17
1584616088.508713,173.194.164.186,10.10.0.10,,,443,45082,0,1358,17
1584616088.5179892,173.194.164.186,10.10.0.10,,,443,45082,0,1358,17
1584616088.5195591,10.10.0.10,173.194.164.186,,,45082,443,0,36,17
1584616088.527271,173.194.164.186,10.10.0.10,,,443,45082,0,1358,17
1584616088.5365539,173.194.164.186,10.10.0.10,,,443,45082,0,1358,17
1584616088.544179,10.10.0.10,173.194.164.186,,,45082,443,0,36,17
1584616088.54583,173.194.164.186,10.10.0.10,,,443,45082,0,1358,17
1584616088.555109,173.194.164.186,10.10.0.10,,,443,45082,0,1358,17
1584616088.5570278,10.10.0.10,173.194.164.186,,,45082,443,0,36,17
1584616088.564393,173.194.164.186,10.10.0.10,,,443,45082,0,1358,17
1584616088.573671,173.194.164.186,10.10.0.10,,,443,45082,0,1358,17
1584616088.5754118,10.10.0.10,173.194.164.186,,,45082,443,0,36,17
1584616088.5829554,173.194.164.186,10.10.0.10,,,443,45082,0,1358,17
1584616088.592639,173.194.164.186,10.10.0.10,,,443,45082,0,1358,17
1584616088.5942981,10.10.0.10,173.194.164.186,,,45082,443,0,36,17
1584616088.6019251,173.194.164.186,10.10.0.10,,,443,45082,0,1358,17
1584616088.611206,173.194.164.186,10.10.0.10,,,443,45082,0,1358,17
1584616088.620485,173.194.164.186,10.10.0.10,,,443,45082,0,1358,17
1584616088.630176,173.194.164.186,10.10.0.10,,,443,45082,0,1358,17
1584616088.6332786,10.10.0.10,173.194.164.186,,,45082,443,0,36,17
1584616088.633504,10.10.0.10,173.194.164.186,,,45082,443,0,36,17
1584616088.639459,173.194.164.186,10.10.0.10,,,443,45082,0,1358,17
1584616088.649976,173.194.164.186,10.10.0.10,,,443,45082,0,1358,17
1584616088.654151,10.10.0.10,173.194.164.186,,,45082,443,0,36,17
1584616088.659257,173.194.164.186,10.10.0.10,,,443,45082,0,1358,17
1584616088.668538,173.194.164.186,10.10.0.10,,,443,45082,0,1358,17
1584616088.669875,10.10.0.10,173.194.164.186,,,45082,443,0,36,17
1584616088.677824,173.194.164.186,10.10.0.10,,,443,45082,0,1358,17
1584616088.687103,173.194.164.186,10.10.0.10,,,443,45082,0,1358,17
1584616088.688902,10.10.0.10,173.194.164.186,,,45082,443,0,36,17
1584616088.696379,173.194.164.186,10.10.0.10,,,443,45082,0,1358,17
1584616088.7056658,173.194.164.186,10.10.0.10,,,443,45082,0,1358,17
1584616088.7076151,10.10.0.10,173.194.164.186,,,45082,443,0,36,17
1584616088.714942,173.194.164.186,10.10.0.10,,,443,45082,0,1358,17
1584616088.724218,173.194.164.186,10.10.0.10,,,443,45082,0,1358,17
1584616088.72576,10.10.0.10,173.194.164.186,,,45082,443,0,36,17
1584616088.733498,173.194.164.186,10.10.0.10,,,443,45082,0,1358,17
1584616088.742784,173.194.164.186,10.10.0.10,,,443,45082,0,1358,17
1584616088.7442772,10.10.0.10,173.194.164.186,,,45082,443,0,36,17
1584616088.752058,173.194.164.186,10.10.0.10,,,443,45082,0,1358,17
1584616088.761342,173.194.164.186,10.10.0.10,,,443,45082,0,1358,17
1584616088.7629216,10.10.0.10,173.194.164.186,,,45082,443,0,36,17
1584616088.770634,173.194.164.186,10.10.0.10,,,443,45082,0,1358,17
1584616088.779902,173.194.164.186,10.10.0.10,,,443,45082,0,1358,17
1584616088.781504,10.10.0.10,173.194.164.186,,,45082,443,0,36,17
1584616088.7892,173.194.164.186,10.10.0.10,,,443,45082,0,1358,17
1584616088.798876,173.194.164.186,10.10.0.10,,,443,45082,0,1358,17
1584616088.8003712,10.10.0.10,173.194.164.186,,,45082,443,0,36,17
1584616088.8081582,173.194.164.186,10.10.0.10,,,443,45082,0,1358,17
1584616088.817849,173.194.164.186,10.10.0.10,,,443,45082,0,1358,17
1584616088.8200278,10.10.0.10,173.194.164.186,,,45082,443,0,36,17
1584616088.827134,173.194.164.186,10.10.0.10,,,443,45082,0,1358,17
1584616088.836432,173.194.164.186,10.10.0.10,,,443,45082,0,1358,17
1584616088.838795,10.10.0.10,173.194.164.186,,,45082,443,0,36,17
1584616088.8457012,173.194.164.186,10.10.0.10,,,443,45082,0,1358,17
1584616088.855389,173.194.164.186,10.10.0.10,,,443,45082,0,1358,17
1584616088.8581526,10.10.0.10,173.194.164.186,,,45082,443,0,36,17
1584616088.8646731,173.194.164.186,10.10.0.10,,,443,45082,0,1358,17
1584616088.8739526,173.194.164.186,10.10.0.10,,,443,45082,0,1358,17
1584616088.87556,10.10.0.10,173.194.164.186,,,45082,443,0,49,17
1584616088.8832445,173.194.164.186,10.10.0.10,,,443,45082,0,1358,17
1584616088.892513,173.194.164.186,10.10.0.10,,,443,45082,0,1358,17
1584616088.894159,10.10.0.10,173.194.164.186,,,45082,443,0,36,17
1584616088.901792,173.194.164.186,10.10.0.10,,,443,45082,0,1358,17
1584616088.911072,173.194.164.186,10.10.0.10,,,443,45082,0,1358,17
1584616088.9125226,10.10.0.10,173.194.164.186,,,45082,443,0,36,17
1584616088.9203556,173.194.164.186,10.10.0.10,,,443,45082,0,1358,17
1584616088.9296372,173.194.164.186,10.10.0.10,,,443,45082,0,1358,17
1584616088.931144,10.10.0.10,173.194.164.186,,,45082,443,0,36,17
1584616088.9389148,173.194.164.186,10.10.0.10,,,443,45082,0,1358,17
1584616088.9482,173.194.164.186,10.10.0.10,,,443,45082,0,1358,17
1584616088.9500241,10.10.0.10,173.194.164.186,,,45082,443,0,36,17
1584616088.9574802,173.194.164.186,10.10.0.10,,,443,45082,0,1358,17
1584616088.9667554,173.194.164.186,10.10.0.10,,,443,45082,0,1358,17
1584616088.968543,10.10.0.10,173.194.164.186,,,45082,443,0,36,17
1584616088.976038,173.194.164.186,10.10.0.10,,,443,45082,0,1358,17
1584616088.9857302,173.194.164.186,10.10.0.10,,,443,45082,0,1358,17
1584616088.987262,10.10.0.10,173.194.164.186,,,45082,443,0,36,17
1584616088.995008,173.194.164.186,10.10.0.10,,,443,45082,0,1358,17
1584616089.00429,173.194.164.186,10.10.0.10,,,443,45082,0,1358,17
1584616089.0057714,10.10.0.10,173.194.164.186,,,45082,443,0,36,17
1584616089.013579,173.194.164.186,10.10.0.10,,,443,45082,0,1358,17
1584616089.0228488,173.194.164.186,10.10.0.10,,,443,45082,0,1358,17
1584616089.024394,10.10.0.10,173.194.164.186,,,45082,443,0,36,17
1584616089.032124,173.194.164.186,10.10.0.10,,,443,45082,0,1358,17
1584616089.04141,173.194.164.186,10.10.0.10,,,443,45082,0,1358,17
1584616089.043013,10.10.0.10,173.194.164.186,,,45082,443,0,36,17
1584616089.050695,173.194.164.186,10.10.0.10,,,443,45082,0,1358,17
1584616089.0599651,173.194.164.186,10.10.0.10,,,443,45082,0,1358,17
1584616089.063166,10.10.0.10,173.194.164.186,,,45082,443,0,36,17
1584616089.0692518,173.194.164.186,10.10.0.10,,,443,45082,0,1358,17
1584616089.0789492,173.194.164.186,10.10.0.10,,,443,45082,0,1358,17
1584616089.080268,10.10.0.10,173.194.164.186,,,45082,443,0,36,17
1584616089.088231,173.194.164.186,10.10.0.10,,,443,45082,0,1358,17
1584616089.0975091,173.194.164.186,10.10.0.10,,,443,45082,0,1358,17
1584616089.0990179,10.10.0.10,173.194.164.186,,,45082,443,0,36,17
1584616089.1068132,173.194.164.186,10.10.0.10,,,443,45082,0,1358,17
1584616089.116068,173.194.164.186,10.10.0.10,,,443,45082,0,1358,17
1584616089.1175468,10.10.0.10,173.194.164.186,,,45082,443,0,36,17
1584616089.125349,173.194.164.186,10.10.0.10,,,443,45082,0,1358,17
1584616089.1346312,173.194.164.186,10.10.0.10,,,443,45082,0,1358,17
1584616089.136267,10.10.0.10,173.194.164.186,,,45082,443,0,36,17
1584616089.1439078,173.194.164.186,10.10.0.10,,,443,45082,0,1358,17
1584616089.1531901,173.194.164.186,10.10.0.10,,,443,45082,0,1358,17
1584616089.1548908,10.10.0.10,173.194.164.186,,,45082,443,0,36,17
1584616089.1624699,173.194.164.186,10.10.0.10,,,443,45082,0,1358,17
1584616089.171751,173.194.164.186,10.10.0.10,,,443,45082,0,1358,17
1584616089.173382,10.10.0.10,173.194.164.186,,,45082,443,0,36,17
1584616089.181028,173.194.164.186,10.10.0.10,,,443,45082,0,1358,17
1584616089.1903124,173.194.164.186,10.10.0.10,,,443,45082,0,1358,17
1584616089.19216,10.10.0.10,173.194.164.186,,,45082,443,0,36,17
1584616089.199591,173.194.164.186,10.10.0.10,,,443,45082,0,1358,17
1584616089.208873,173.194.164.186,10.10.0.10,,,443,45082,0,1358,17
1584616089.210639,10.10.0.10,173.194.164.186,,,45082,443,0,36,17
1584616089.21815,173.194.164.186,10.10.0.10,,,443,45082,0,1358,17
1584616089.227438,173.194.164.186,10.10.0.10,,,443,45082,0,1358,17
1584616089.229162,10.10.0.10,173.194.164.186,,,45082,443,0,36,17
1584616089.2367089,173.194.164.186,10.10.0.10,,,443,45082,0,1358,17
1584616089.2459962,173.194.164.186,10.10.0.10,,,443,45082,0,1358,17
1584616089.2476418,10.10.0.10,173.194.164.186,,,45082,443,0,49,17
1584616089.25527,173.194.164.186,10.10.0.10,,,443,45082,0,1358,17
1584616089.26456,173.194.164.186,10.10.0.10,,,443,45082,0,1358,17
1584616089.267787,10.10.0.10,173.194.164.186,,,45082,443,0,36,17
1584616089.2738302,173.194.164.186,10.10.0.10,,,443,45082,0,1358,17
1584616089.28312,173.194.164.186,10.10.0.10,,,443,45082,0,1358,17
1584616089.284761,10.10.0.10,173.194.164.186,,,45082,443,0,36,17
1584616089.289264,10.10.0.10,173.194.164.186,,,45082,443,0,716,17
1584616089.28929,10.10.0.10,173.194.164.186,,,45082,443,0,48,17
1584616089.292384,173.194.164.186,10.10.0.10,,,443,45082,0,1358,17
1584616089.301681,173.194.164.186,10.10.0.10,,,443,45082,0,1358,17
1584616089.303283,10.10.0.10,173.194.164.186,,,45082,443,0,36,17
1584616089.3109472,173.194.164.186,10.10.0.10,,,443,45082,0,1358,17
1584616089.320224,173.194.164.186,10.10.0.10,,,443,45082,0,1358,17
1584616089.322011,10.10.0.10,173.194.164.186,,,45082,443,0,36,17
1584616089.3295078,173.194.164.186,10.10.0.10,,,443,45082,0,1358,17
1584616089.3388052,173.194.164.186,10.10.0.10,,,443,45082,0,1358,17
1584616089.3405092,10.10.0.10,173.194.164.186,,,45082,443,0,36,17
1584616089.348064,173.194.164.186,10.10.0.10,,,443,45082,0,1358,17
1584616089.357368,173.194.164.186,10.10.0.10,,,443,45082,0,1358,17
1584616089.358911,10.10.0.10,173.194.164.186,,,45082,443,0,36,17
1584616089.3666296,173.194.164.186,10.10.0.10,,,443,45082,0,1358,17
1584616089.375928,173.194.164.186,10.10.0.10,,,443,45082,0,1358,17
1584616089.3795376,10.10.0.10,173.194.164.186,,,45082,443,0,36,17
1584616089.385185,173.194.164.186,10.10.0.10,,,443,45082,0,1358,17
1584616089.39447,173.194.164.186,10.10.0.10,,,443,45082,0,1358,17
1584616089.396134,10.10.0.10,173.194.164.186,,,45082,443,0,36,17
1584616089.4037502,173.194.164.186,10.10.0.10,,,443,45082,0,1358,17
1584616089.4130278,173.194.164.186,10.10.0.10,,,443,45082,0,1358,17
1584616089.4147491,10.10.0.10,173.194.164.186,,,45082,443,0,36,17
1584616089.4223099,173.194.164.186,10.10.0.10,,,443,45082,0,1358,17
1584616089.431591,173.194.164.186,10.10.0.10,,,443,45082,0,1358,17
1584616089.4331322,10.10.0.10,173.194.164.186,,,45082,443,0,36,17
1584616089.4408689,173.194.164.186,10.10.0.10,,,443,45082,0,1358,17
1584616089.45015,173.194.164.186,10.10.0.10,,,443,45082,0,1358,17
1584616089.451746,10.10.0.10,173.194.164.186,,,45082,443,0,37,17
1584616089.4594321,173.194.164.186,10.10.0.10,,,443,45082,0,1358,17
1584616089.4687068,173.194.164.186,10.10.0.10,,,443,45082,0,1358,17
1584616089.471526,10.10.0.10,173.194.164.186,,,45082,443,0,37,17
1584616089.4779902,173.194.164.186,10.10.0.10,,,443,45082,0,1358,17
1584616089.4872649,173.194.164.186,10.10.0.10,,,443,45082,0,1358,17
1584616089.4888818,10.10.0.10,173.194.164.186,,,45082,443,0,37,17
1584616089.496554,173.194.164.186,10.10.0.10,,,443,45082,0,1358,17
1584616089.50583,173.194.164.186,10.10.0.10,,,443,45082,0,1358,17
1584616089.5073712,10.10.0.10,173.194.164.186,,,45082,443,0,37,17
1584616089.5151124,173.194.164.186,10.10.0.10,,,443,45082,0,1358,17
1584616089.524385,173.194.164.186,10.10.0.10,,,443,45082,0,1358,17
1584616089.526032,10.10.0.10,173.194.164.186,,,45082,443,0,37,17
1584616089.5336812,173.194.164.186,10.10.0.10,,,443,45082,0,1358,17
1584616089.542946,173.194.164.186,10.10.0.10,,,443,45082,0,1358,17
1584616089.5445054,10.10.0.10,173.194.164.186,,,45082,443,0,37,17
1584616089.552238,173.194.164.186,10.10.0.10,,,443,45082,0,1358,17
1584616089.5615098,173.194.164.186,10.10.0.10,,,443,45082,0,1358,17
1584616089.5631492,10.10.0.10,173.194.164.186,,,45082,443,0,37,17
1584616089.570802,173.194.164.186,10.10.0.10,,,443,45082,0,1358,17
1584616089.58007,173.194.164.186,10.10.0.10,,,443,45082,0,1358,17
1584616089.5818794,10.10.0.10,173.194.164.186,,,45082,443,0,37,17
1584616089.589362,173.194.164.186,10.10.0.10,,,443,45082,0,1358,17
1584616089.5986292,173.194.164.186,10.10.0.10,,,443,45082,0,1358,17
1584616089.6004019,10.10.0.10,173.194.164.186,,,45082,443,0,37,17
1584616089.6079226,173.194.164.186,10.10.0.10,,,443,45082,0,1358,17
1584616089.6171901,173.194.164.186,10.10.0.10,,,443,45082,0,1358,17
1584616089.619023,10.10.0.10,173.194.164.186,,,45082,443,0,37,17
1584616089.6264849,173.194.164.186,10.10.0.10,,,443,45082,0,1358,17
1584616089.635749,173.194.164.186,10.10.0.10,,,443,45082,0,1358,17
1584616089.6385212,10.10.0.10,173.194.164.186,,,45082,443,0,37,17
1584616089.6450448,173.194.164.186,10.10.0.10,,,443,45082,0,1358,17
1584616089.65431,173.194.164.186,10.10.0.10,,,443,45082,0,1358,17
1584616089.656127,10.10.0.10,173.194.164.186,,,45082,443,0,50,17
1584616089.6635902,173.194.164.186,10.10.0.10,,,443,45082,0,1358,17
1584616089.672871,173.194.164.186,10.10.0.10,,,443,45082,0,1358,17
1584616089.6762722,10.10.0.10,173.194.164.186,,,45082,443,0,37,17
1584616089.6821704,173.194.164.186,10.10.0.10,,,443,45082,0,1358,17
1584616089.69143,173.194.164.186,10.10.0.10,,,443,45082,0,1358,17
1584616089.6931276,10.10.0.10,173.194.164.186,,,45082,443,0,37,17
1584616089.700712,173.194.164.186,10.10.0.10,,,443,45082,0,1358,17
1584616089.70999,173.194.164.186,10.10.0.10,,,443,45082,0,1358,17
1584616089.71228,10.10.0.10,173.194.164.186,,,45082,443,0,37,17
1584616089.7192678,173.194.164.186,10.10.0.10,,,443,45082,0,1358,17
1584616089.7285511,173.194.164.186,10.10.0.10,,,443,45082,0,1358,17
1584616089.730248,10.10.0.10,173.194.164.186,,,45082,443,0,37,17
1584616089.7378278,173.194.164.186,10.10.0.10,,,443,45082,0,1358,17
1584616089.747113,173.194.164.186,10.10.0.10,,,443,45082,0,1358,17
1584616089.749768,10.10.0.10,173.194.164.186,,,45082,443,0,37,17
1584616089.75639,173.194.164.186,10.10.0.10,,,443,45082,0,1358,17
1584616089.7656698,173.194.164.186,10.10.0.10,,,443,45082,0,1358,17
1584616089.767768,10.10.0.10,173.194.164.186,,,45082,443,0,37,17
1584616089.774949,173.194.164.186,10.10.0.10,,,443,45082,0,1358,17
1584616089.7842348,173.194.164.186,10.10.0.10,,,443,45082,0,1358,17
1584616089.786767,10.10.0.10,173.194.164.186,,,45082,443,0,37,17
1584616089.7935102,173.194.164.186,10.10.0.10,,,443,45082,0,1358,17
1584616089.802794,173.194.164.186,10.10.0.10,,,443,45082,0,1358,17
1584616089.804526,10.10.0.10,173.194.164.186,,,45082,443,0,37,17
1584616089.8120694,173.194.164.186,10.10.0.10,,,443,45082,0,1358,17
1584616089.8213446,173.194.164.186,10.10.0.10,,,443,45082,0,1358,17
1584616089.823143,10.10.0.10,173.194.164.186,,,45082,443,0,37,17
1584616089.83063,173.194.164.186,10.10.0.10,,,443,45082,0,1358,17
1584616089.8399189,173.194.164.186,10.10.0.10,,,443,45082,0,1358,17
1584616089.8426418,10.10.0.10,173.194.164.186,,,45082,443,0,37,17
1584616089.849189,173.194.164.186,10.10.0.10,,,443,45082,0,1358,17
1584616089.858479,173.194.164.186,10.10.0.10,,,443,45082,0,1358,17
1584616089.860392,10.10.0.10,173.194.164.186,,,45082,443,0,37,17
1584616089.8677492,173.194.164.186,10.10.0.10,,,443,45082,0,1358,17
1584616089.8770428,173.194.164.186,10.10.0.10,,,443,45082,0,1358,17
1584616089.8863099,173.194.164.186,10.10.0.10,,,443,45082,0,1358,17
1584616089.895602,173.194.164.186,10.10.0.10,,,443,45082,0,1358,17
1584616089.90487,173.194.164.186,10.10.0.10,,,443,45082,0,1358,17
1584616089.905869,10.10.0.10,173.194.164.186,,,45082,443,0,37,17
1584616089.9076452,10.10.0.10,173.194.164.186,,,45082,443,0,37,17
1584616089.9141636,173.194.164.186,10.10.0.10,,,443,45082,0,1358,17
1584616089.9157634,10.10.0.10,173.194.164.186,,,45082,443,0,37,17
1584616089.923429,173.194.164.186,10.10.0.10,,,443,45082,0,1358,17
1584616089.9327226,173.194.164.186,10.10.0.10,,,443,45082,0,29,17
1584616089.9331222,173.194.164.186,10.10.0.10,,,443,45082,0,1358,17
1584616089.934619,10.10.0.10,173.194.164.186,,,45082,443,0,37,17
1584616089.942416,173.194.164.186,10.10.0.10,,,443,45082,0,1358,17
1584616089.95169,173.194.164.186,10.10.0.10,,,443,45082,0,1358,17
1584616089.9537628,10.10.0.10,173.194.164.186,,,45082,443,0,37,17
1584616089.960978,173.194.164.186,10.10.0.10,,,443,45082,0,1358,17
1584616089.9702508,173.194.164.186,10.10.0.10,,,443,45082,0,1358,17
1584616089.972736,10.10.0.10,173.194.164.186,,,45082,443,0,37,17
1584616089.979541,173.194.164.186,10.10.0.10,,,443,45082,0,1358,17
1584616089.9888089,173.194.164.186,10.10.0.10,,,443,45082,0,1358,17
1584616089.990619,10.10.0.10,173.194.164.186,,,45082,443,0,37,17
1584616089.998085,173.194.164.186,10.10.0.10,,,443,45082,0,1358,17
1584616090.007368,173.194.164.186,10.10.0.10,,,443,45082,0,1358,17
1584616090.010478,10.10.0.10,173.194.164.186,,,45082,443,0,37,17
1584616090.0166438,173.194.164.186,10.10.0.10,,,443,45082,0,1358,17
1584616090.025932,173.194.164.186,10.10.0.10,,,443,45082,0,1358,17
1584616090.02799,10.10.0.10,173.194.164.186,,,45082,443,0,50,17
1584616090.035209,173.194.164.186,10.10.0.10,,,443,45082,0,1358,17
1584616090.0444891,173.194.164.186,10.10.0.10,,,443,45082,0,1358,17
1584616090.046142,10.10.0.10,173.194.164.186,,,45082,443,0,37,17
1584616090.053784,173.194.164.186,10.10.0.10,,,443,45082,0,1358,17
1584616090.063456,173.194.164.186,10.10.0.10,,,443,45082,0,1358,17
1584616090.06534,10.10.0.10,173.194.164.186,,,45082,443,0,37,17
1584616090.072744,173.194.164.186,10.10.0.10,,,443,45082,0,1358,17
1584616090.083141,173.194.164.186,10.10.0.10,,,443,45082,0,1358,17
1584616090.0858939,10.10.0.10,173.194.164.186,,,45082,443,0,37,17
1584616090.092419,173.194.164.186,10.10.0.10,,,443,45082,0,1358,17
1584616090.1031759,173.194.164.186,10.10.0.10,,,443,45082,0,1358,17
1584616090.1057582,10.10.0.10,173.194.164.186,,,45082,443,0,37,17
1584616090.112471,173.194.164.186,10.10.0.10,,,443,45082,0,1358,17
1584616090.123069,173.194.164.186,10.10.0.10,,,443,45082,0,1358,17
1584616090.124613,10.10.0.10,173.194.164.186,,,45082,443,0,37,17
1584616090.1323519,173.194.164.186,10.10.0.10,,,443,45082,0,1358,17
1584616090.1416428,173.194.164.186,10.10.0.10,,,443,45082,0,1358,17
1584616090.1452348,10.10.0.10,173.194.164.186,,,45082,443,0,37,17
1584616090.150916,173.194.164.186,10.10.0.10,,,443,45082,0,1358,17
1584616090.160191,173.194.164.186,10.10.0.10,,,443,45082,0,1358,17
1584616090.162137,10.10.0.10,173.194.164.186,,,45082,443,0,37,17
1584616090.1694784,173.194.164.186,10.10.0.10,,,443,45082,0,1358,17
1584616090.1787548,173.194.164.186,10.10.0.10,,,443,45082,0,1358,17
1584616090.1803539,10.10.0.10,173.194.164.186,,,45082,443,0,37,17
1584616090.1880322,173.194.164.186,10.10.0.10,,,443,45082,0,1358,17
1584616090.197311,173.194.164.186,10.10.0.10,,,443,45082,0,1358,17
1584616090.199007,10.10.0.10,173.194.164.186,,,45082,443,0,37,17
1584616090.2065961,173.194.164.186,10.10.0.10,,,443,45082,0,1358,17
1584616090.2165742,173.194.164.186,10.10.0.10,,,443,45082,0,1358,17
1584616090.2181318,10.10.0.10,173.194.164.186,,,45082,443,0,37,17
1584616090.2258446,173.194.164.186,10.10.0.10,,,443,45082,0,1358,17
1584616090.2351305,173.194.164.186,10.10.0.10,,,443,45082,0,1358,17
1584616090.2369502,10.10.0.10,173.194.164.186,,,45082,443,0,37,17
1584616090.244408,173.194.164.186,10.10.0.10,,,443,45082,0,1358,17
1584616090.253689,173.194.164.186,10.10.0.10,,,443,45082,0,1358,17
1584616090.262972,173.194.164.186,10.10.0.10,,,443,45082,0,1358,17
1584616090.2660108,10.10.0.10,173.194.164.186,,,45082,443,0,37,17
1584616090.2722435,173.194.164.186,10.10.0.10,,,443,45082,0,1358,17
1584616090.274983,10.10.0.10,173.194.164.186,,,45082,443,0,37,17
1584616090.2815304,173.194.164.186,10.10.0.10,,,443,45082,0,1358,17
1584616090.290809,173.194.164.186,10.10.0.10,,,443,45082,0,1358,17
1584616090.2925036,10.10.0.10,173.194.164.186,,,45082,443,0,37,17
1584616090.3000882,173.194.164.186,10.10.0.10,,,443,45082,0,1358,17
1584616090.3093731,173.194.164.186,10.10.0.10,,,443,45082,0,1358,17
1584616090.311003,10.10.0.10,173.194.164.186,,,45082,443,0,37,17
1584616090.3186538,173.194.164.186,10.10.0.10,,,443,45082,0,1358,17
1584616090.3283172,173.194.164.186,10.10.0.10,,,443,45082,0,1358,17
1584616090.3297539,10.10.0.10,173.194.164.186,,,45082,443,0,37,17
1584616090.3375962,173.194.164.186,10.10.0.10,,,443,45082,0,1358,17
1584616090.3468866,173.194.164.186,10.10.0.10,,,443,45082,0,1358,17
1584616090.348638,10.10.0.10,173.194.164.186,,,45082,443,0,37,17
1584616090.356158,173.194.164.186,10.10.0.10,,,443,45082,0,1358,17
1584616090.365435,173.194.164.186,10.10.0.10,,,443,45082,0,1358,17
1584616090.367249,10.10.0.10,173.194.164.186,,,45082,443,0,37,17
1584616090.3747199,173.194.164.186,10.10.0.10,,,443,45082,0,1358,17
1584616090.3855019,173.194.164.186,10.10.0.10,,,443,45082,0,29,17
1584616090.3878028,173.194.164.186,10.10.0.10,,,443,45082,0,1358,17
1584616090.389477,10.10.0.10,173.194.164.186,,,45082,443,0,37,17
1584616090.3970866,173.194.164.186,10.10.0.10,,,443,45082,0,1358,17
1584616090.4063628,173.194.164.186,10.10.0.10,,,443,45082,0,1358,17
1584616090.4085796,10.10.0.10,173.194.164.186,,,45082,443,0,50,17
1584616090.4156508,173.194.164.186,10.10.0.10,,,443,45082,0,1358,17
1584616090.424922,173.194.164.186,10.10.0.10,,,443,45082,0,1358,17
1584616090.426363,10.10.0.10,173.194.164.186,,,45082,443,0,37,17
1584616090.4342115,173.194.164.186,10.10.0.10,,,443,45082,0,1358,17
1584616090.4434829,173.194.164.186,10.10.0.10,,,443,45082,0,1358,17
1584616090.444978,10.10.0.10,173.194.164.186,,,45082,443,0,37,17
1584616090.4527779,173.194.164.186,10.10.0.10,,,443,45082,0,28,17
1584616090.453168,173.194.164.186,10.10.0.10,,,443,45082,0,1358,17
1584616090.46246,173.194.164.186,10.10.0.10,,,443,45082,0,1358,17
1584616090.463969,10.10.0.10,173.194.164.186,,,45082,443,0,37,17
1584616090.471737,173.194.164.186,10.10.0.10,,,443,45082,0,1358,17
1584616090.481014,173.194.164.186,10.10.0.10,,,443,45082,0,1358,17
1584616090.4856071,10.10.0.10,173.194.164.186,,,45082,443,0,37,17
1584616090.490297,173.194.164.186,10.10.0.10,,,443,45082,0,1358,17
1584616090.499584,173.194.164.186,10.10.0.10,,,443,45082,0,1358,17
1584616090.5012481,10.10.0.10,173.194.164.186,,,45082,443,0,37,17
1584616090.508857,173.194.164.186,10.10.0.10,,,443,45082,0,1358,17
1584616090.5181491,173.194.164.186,10.10.0.10,,,443,45082,0,1358,17
1584616090.521226,10.10.0.10,173.194.164.186,,,45082,443,0,37,17
1584616090.527416,173.194.164.186,10.10.0.10,,,443,45082,0,1358,17
1584616090.536709,173.194.164.186,10.10.0.10,,,443,45082,0,1358,17
1584616090.5386202,10.10.0.10,173.194.164.186,,,45082,443,0,37,17
1584616090.545976,173.194.164.186,10.10.0.10,,,443,45082,0,1358,17
1584616090.5552702,173.194.164.186,10.10.0.10,,,443,45082,0,1358,17
1584616090.556994,10.10.0.10,173.194.164.186,,,45082,443,0,37,17
1584616090.5645351,173.194.164.186,10.10.0.10,,,443,45082,0,1358,17
1584616090.573831,173.194.164.186,10.10.0.10,,,443,45082,0,1358,17
1584616090.575596,10.10.0.10,173.194.164.186,,,45082,443,0,37,17
1584616090.5830948,173.194.164.186,10.10.0.10,,,443,45082,0,1358,17
1584616090.593271,173.194.164.186,10.10.0.10,,,443,45082,0,1358,17
1584616090.594723,10.10.0.10,173.194.164.186,,,45082,443,0,37,17
1584616090.602536,173.194.164.186,10.10.0.10,,,443,45082,0,1358,17
1584616090.6118321,173.194.164.186,10.10.0.10,,,443,45082,0,1358,17
1584616090.61359,10.10.0.10,173.194.164.186,,,45082,443,0,37,17
1584616090.6210961,173.194.164.186,10.10.0.10,,,443,45082,0,1358,17
1584616090.630392,173.194.164.186,10.10.0.10,,,443,45082,0,1358,17
1584616090.6322231,10.10.0.10,173.194.164.186,,,45082,443,0,37,17
1584616090.639656,173.194.164.186,10.10.0.10,,,443,45082,0,1358,17
1584616090.648937,173.194.164.186,10.10.0.10,,,443,45082,0,1358,17
1584616090.650841,10.10.0.10,173.194.164.186,,,45082,443,0,37,17
1584616090.658218,173.194.164.186,10.10.0.10,,,443,45082,0,1358,17
1584616090.6675162,173.194.164.186,10.10.0.10,,,443,45082,0,1358,17
1584616090.669472,10.10.0.10,173.194.164.186,,,45082,443,0,37,17
1584616090.6767788,173.194.164.186,10.10.0.10,,,443,45082,0,1358,17
1584616090.6860561,173.194.164.186,10.10.0.10,,,443,45082,0,1358,17
1584616090.6892474,10.10.0.10,173.194.164.186,,,45082,443,0,37,17
1584616090.6953351,173.194.164.186,10.10.0.10,,,443,45082,0,1358,17
1584616090.704615,173.194.164.186,10.10.0.10,,,443,45082,0,1358,17
1584616090.7062366,10.10.0.10,173.194.164.186,,,45082,443,0,37,17
1584616090.713896,173.194.164.186,10.10.0.10,,,443,45082,0,1358,17
1584616090.723175,173.194.164.186,10.10.0.10,,,443,45082,0,1358,17
1584616090.724869,10.10.0.10,173.194.164.186,,,45082,443,0,37,17
1584616090.7324605,173.194.164.186,10.10.0.10,,,443,45082,0,1358,17
1584616090.7417386,173.194.164.186,10.10.0.10,,,443,45082,0,1358,17
1584616090.743472,10.10.0.10,173.194.164.186,,,45082,443,0,37,17
1584616090.751016,173.194.164.186,10.10.0.10,,,443,45082,0,1358,17
1584616090.7602954,173.194.164.186,10.10.0.10,,,443,45082,0,1358,17
1584616090.762239,10.10.0.10,173.194.164.186,,,45082,443,0,37,17
1584616090.769577,173.194.164.186,10.10.0.10,,,443,45082,0,1358,17
1584616090.778857,173.194.164.186,10.10.0.10,,,443,45082,0,1358,17
1584616090.781344,10.10.0.10,173.194.164.186,,,45082,443,0,50,17
1584616090.788131,173.194.164.186,10.10.0.10,,,443,45082,0,1358,17
1584616090.797416,173.194.164.186,10.10.0.10,,,443,45082,0,1358,17
1584616090.798968,10.10.0.10,173.194.164.186,,,45082,443,0,37,17
1584616090.8067012,173.194.164.186,10.10.0.10,,,443,45082,0,1358,17
1584616090.815975,173.194.164.186,10.10.0.10,,,443,45082,0,1358,17
1584616090.8174682,10.10.0.10,173.194.164.186,,,45082,443,0,37,17
1584616090.825265,173.194.164.186,10.10.0.10,,,443,45082,0,1358,17
1584616090.834541,173.194.164.186,10.10.0.10,,,443,45082,0,1358,17
1584616090.836097,10.10.0.10,173.194.164.186,,,45082,443,0,37,17
1584616090.8438249,173.194.164.186,10.10.0.10,,,443,45082,0,1358,17
1584616090.853097,173.194.164.186,10.10.0.10,,,443,45082,0,28,17
1584616090.853514,173.194.164.186,10.10.0.10,,,443,45082,0,1358,17
1584616090.8554661,10.10.0.10,173.194.164.186,,,45082,443,0,37,17
1584616090.862791,173.194.164.186,10.10.0.10,,,443,45082,0,1358,17
1584616090.872064,173.194.164.186,10.10.0.10,,,443,45082,0,1358,17
1584616090.87372,10.10.0.10,173.194.164.186,,,45082,443,0,37,17
1584616090.881345,173.194.164.186,10.10.0.10,,,443,45082,0,1358,17
1584616090.890638,173.194.164.186,10.10.0.10,,,443,45082,0,1358,17
1584616090.893112,10.10.0.10,173.194.164.186,,,45082,443,0,37,17
1584616090.89991,173.194.164.186,10.10.0.10,,,443,45082,0,1358,17
1584616090.909199,173.194.164.186,10.10.0.10,,,443,45082,0,1358,17
1584616090.91084,10.10.0.10,173.194.164.186,,,45082,443,0,37,17
1584616090.9184694,173.194.164.186,10.10.0.10,,,443,45082,0,1358,17
1584616090.9277492,173.194.164.186,10.10.0.10,,,443,45082,0,1358,17
1584616090.9294288,10.10.0.10,173.194.164.186,,,45082,443,0,37,17
1584616090.937024,173.194.164.186,10.10.0.10,,,443,45082,0,1358,17
1584616090.946308,173.194.164.186,10.10.0.10,,,443,45082,0,1358,17
1584616090.9489212,10.10.0.10,173.194.164.186,,,45082,443,0,37,17
1584616090.955589,173.194.164.186,10.10.0.10,,,443,45082,0,1358,17
1584616090.964864,173.194.164.186,10.10.0.10,,,443,45082,0,1358,17
1584616090.966452,10.10.0.10,173.194.164.186,,,45082,443,0,37,17
1584616090.974144,173.194.164.186,10.10.0.10,,,443,45082,0,1358,17
1584616090.9834454,173.194.164.186,10.10.0.10,,,443,45082,0,1358,17
1584616090.9852445,10.10.0.10,173.194.164.186,,,45082,443,0,37,17
1584616090.9927099,173.194.164.186,10.10.0.10,,,443,45082,0,1358,17
1584616091.0020108,173.194.164.186,10.10.0.10,,,443,45082,0,1358,17
1584616091.0045798,10.10.0.10,173.194.164.186,,,45082,443,0,37,17
1584616091.0112698,173.194.164.186,10.10.0.10,,,443,45082,0,1358,17
1584616091.020551,173.194.164.186,10.10.0.10,,,443,45082,0,1358,17
1584616091.0221891,10.10.0.10,173.194.164.186,,,45082,443,0,37,17
1584616091.029829,173.194.164.186,10.10.0.10,,,443,45082,0,1358,17
1584616091.0391092,173.194.164.186,10.10.0.10,,,443,45082,0,1358,17
1584616091.0407062,10.10.0.10,173.194.164.186,,,45082,443,0,37,17
1584616091.048384,173.194.164.186,10.10.0.10,,,443,45082,0,1358,17
1584616091.0576675,173.194.164.186,10.10.0.10,,,443,45082,0,1358,17
1584616091.059335,10.10.0.10,173.194.164.186,,,45082,443,0,37,17
1584616091.066948,173.194.164.186,10.10.0.10,,,443,45082,0,1358,17
1584616091.076225,173.194.164.186,10.10.0.10,,,443,45082,0,1358,17
1584616091.077828,10.10.0.10,173.194.164.186,,,45082,443,0,37,17
1584616091.085505,173.194.164.186,10.10.0.10,,,443,45082,0,1358,17
1584616091.094801,173.194.164.186,10.10.0.10,,,443,45082,0,1358,17
1584616091.096589,10.10.0.10,173.194.164.186,,,45082,443,0,37,17
1584616091.1040616,173.194.164.186,10.10.0.10,,,443,45082,0,1358,17
1584616091.1133502,173.194.164.186,10.10.0.10,,,443,45082,0,1358,17
1584616091.1149502,10.10.0.10,173.194.164.186,,,45082,443,0,37,17
1584616091.122624,173.194.164.186,10.10.0.10,,,443,45082,0,1358,17
1584616091.131907,173.194.164.186,10.10.0.10,,,443,45082,0,1358,17
1584616091.1361866,10.10.0.10,173.194.164.186,,,45082,443,0,37,17
1584616091.1411831,173.194.164.186,10.10.0.10,,,443,45082,0,1358,17
1584616091.150464,173.194.164.186,10.10.0.10,,,443,45082,0,1358,17
1584616091.152183,10.10.0.10,173.194.164.186,,,45082,443,0,50,17
1584616091.1597474,173.194.164.186,10.10.0.10,,,443,45082,0,1358,17
1584616091.1690302,173.194.164.186,10.10.0.10,,,443,45082,0,1358,17
1584616091.178316,173.194.164.186,10.10.0.10,,,443,45082,0,1358,17
1584616091.1875875,173.194.164.186,10.10.0.10,,,443,45082,0,1358,17
1584616091.1884851,10.10.0.10,173.194.164.186,,,45082,443,0,37,17
1584616091.1893306,10.10.0.10,173.194.164.186,,,45082,443,0,37,17
1584616091.197983,173.194.164.186,10.10.0.10,,,443,45082,0,1358,17
1584616091.2072618,173.194.164.186,10.10.0.10,,,443,45082,0,1358,17
1584616091.209727,10.10.0.10,173.194.164.186,,,45082,443,0,37,17
1584616091.216541,173.194.164.186,10.10.0.10,,,443,45082,0,1358,17
1584616091.225825,173.194.164.186,10.10.0.10,,,443,45082,0,28,17
1584616091.226232,173.194.164.186,10.10.0.10,,,443,45082,0,1358,17
1584616091.230725,10.10.0.10,173.194.164.186,,,45082,443,0,37,17
1584616091.2355108,173.194.164.186,10.10.0.10,,,443,45082,0,1358,17
1584616091.2448099,173.194.164.186,10.10.0.10,,,443,45082,0,1358,17
1584616091.2463322,10.10.0.10,173.194.164.186,,,45082,443,0,37,17
1584616091.2540748,173.194.164.186,10.10.0.10,,,443,45082,0,1358,17
1584616091.263374,173.194.164.186,10.10.0.10,,,443,45082,0,1358,17
1584616091.264974,10.10.0.10,173.194.164.186,,,45082,443,0,37,17
1584616091.2726376,173.194.164.186,10.10.0.10,,,443,45082,0,1358,17
1584616091.281916,173.194.164.186,10.10.0.10,,,443,45082,0,1358,17
1584616091.2835982,10.10.0.10,173.194.164.186,,,45082,443,0,37,17
1584616091.291195,173.194.164.186,10.10.0.10,,,443,45082,0,1358,17
1584616091.300497,173.194.164.186,10.10.0.10,,,443,45082,0,1358,17
1584616091.302073,10.10.0.10,173.194.164.186,,,45082,443,0,37,17
1584616091.3097565,173.194.164.186,10.10.0.10,,,443,45082,0,1358,17
1584616091.3190348,173.194.164.186,10.10.0.10,,,443,45082,0,1358,17
1584616091.321322,10.10.0.10,173.194.164.186,,,45082,443,0,37,17
1584616091.3283124,173.194.164.186,10.10.0.10,,,443,45082,0,1358,17
1584616091.337594,173.194.164.186,10.10.0.10,,,443,45082,0,1358,17
1584616091.339702,10.10.0.10,173.194.164.186,,,45082,443,0,37,17
1584616091.346876,173.194.164.186,10.10.0.10,,,443,45082,0,1358,17
1584616091.356152,173.194.164.186,10.10.0.10,,,443,45082,0,1358,17
1584616091.357848,10.10.0.10,173.194.164.186,,,45082,443,0,37,17
1584616091.365435,173.194.164.186,10.10.0.10,,,443,45082,0,1358,17
1584616091.3747172,173.194.164.186,10.10.0.10,,,443,45082,0,1358,17
1584616091.3764534,10.10.0.10,173.194.164.186,,,45082,443,0,37,17
1584616091.3839948,173.194.164.186,10.10.0.10,,,443,45082,0,1358,17
1584616091.3932748,173.194.164.186,10.10.0.10,,,443,45082,0,1358,17
1584616091.394943,10.10.0.10,173.194.164.186,,,45082,443,0,37,17
1584616091.402558,173.194.164.186,10.10.0.10,,,443,45082,0,1358,17
1584616091.411839,173.194.164.186,10.10.0.10,,,443,45082,0,1358,17
1584616091.41345,10.10.0.10,173.194.164.186,,,45082,443,0,37,17
1584616091.4211216,173.194.164.186,10.10.0.10,,,443,45082,0,1358,17
1584616091.430395,173.194.164.186,10.10.0.10,,,443,45082,0,1358,17
1584616091.432097,10.10.0.10,173.194.164.186,,,45082,443,0,37,17
1584616091.439682,173.194.164.186,10.10.0.10,,,443,45082,0,1358,17
1584616091.4489632,173.194.164.186,10.10.0.10,,,443,45082,0,1358,17
1584616091.450823,10.10.0.10,173.194.164.186,,,45082,443,0,37,17
1584616091.4582338,173.194.164.186,10.10.0.10,,,443,45082,0,1358,17
1584616091.467514,173.194.164.186,10.10.0.10,,,443,45082,0,1358,17
1584616091.4689481,10.10.0.10,173.194.164.186,,,45082,443,0,37,17
1584616091.476792,173.194.164.186,10.10.0.10,,,443,45082,0,1358,17
1584616091.486075,173.194.164.186,10.10.0.10,,,443,45082,0,1358,17
1584616091.488223,10.10.0.10,173.194.164.186,,,45082,443,0,37,17
1584616091.4953706,173.194.164.186,10.10.0.10,,,443,45082,0,1358,17
1584616091.5046349,173.194.164.186,10.10.0.10,,,443,45082,0,1358,17
1584616091.5067172,10.10.0.10,173.194.164.186,,,45082,443,0,37,17
1584616091.5150292,173.194.164.186,10.10.0.10,,,443,45082,0,1358,17
1584616091.5243044,173.194.164.186,10.10.0.10,,,443,45082,0,1358,17
1584616091.5260668,10.10.0.10,173.194.164.186,,,45082,443,0,50,17
1584616091.53359,173.194.164.186,10.10.0.10,,,443,45082,0,1358,17
1584616091.5428698,173.194.164.186,10.10.0.10,,,443,45082,0,1358,17
1584616091.544591,10.10.0.10,173.194.164.186,,,45082,443,0,37,17
1584616091.552144,173.194.164.186,10.10.0.10,,,443,45082,0,1358,17
1584616091.56143,173.194.164.186,10.10.0.10,,,443,45082,0,1358,17
1584616091.5633225,10.10.0.10,173.194.164.186,,,45082,443,0,37,17
1584616091.5707092,173.194.164.186,10.10.0.10,,,443,45082,0,1358,17
1584616091.5799878,173.194.164.186,10.10.0.10,,,443,45082,0,28,17
1584616091.580402,173.194.164.186,10.10.0.10,,,443,45082,0,1358,17
1584616091.582319,10.10.0.10,173.194.164.186,,,45082,443,0,37,17
1584616091.5896828,173.194.164.186,10.10.0.10,,,443,45082,0,1358,17
1584616091.5989628,173.194.164.186,10.10.0.10,,,443,45082,0,1358,17
1584616091.60059,10.10.0.10,173.194.164.186,,,45082,443,0,37,17
1584616091.608242,173.194.164.186,10.10.0.10,,,443,45082,0,1358,17
1584616091.617527,173.194.164.186,10.10.0.10,,,443,45082,0,1358,17
1584616091.6193402,10.10.0.10,173.194.164.186,,,45082,443,0,37,17
1584616091.626802,173.194.164.186,10.10.0.10,,,443,45082,0,1358,17
1584616091.636082,173.194.164.186,10.10.0.10,,,443,45082,0,1358,17
1584616091.637817,10.10.0.10,173.194.164.186,,,45082,443,0,37,17
1584616091.6453671,173.194.164.186,10.10.0.10,,,443,45082,0,1358,17
1584616091.6546428,173.194.164.186,10.10.0.10,,,443,45082,0,1358,17
1584616091.656935,10.10.0.10,173.194.164.186,,,45082,443,0,37,17
1584616091.663926,173.194.164.186,10.10.0.10,,,443,45082,0,1358,17
1584616091.673202,173.194.164.186,10.10.0.10,,,443,45082,0,1358,17
1584616091.675339,10.10.0.10,173.194.164.186,,,45082,443,0,37,17
1584616091.68249,173.194.164.186,10.10.0.10,,,443,45082,0,1358,17
1584616091.691762,173.194.164.186,10.10.0.10,,,443,45082,0,1358,17
1584616091.693308,10.10.0.10,173.194.164.186,,,45082,443,0,37,17
1584616091.7010489,173.194.164.186,10.10.0.10,,,443,45082,0,1358,17
1584616091.7103212,173.194.164.186,10.10.0.10,,,443,45082,0,1358,17
1584616091.7119572,10.10.0.10,173.194.164.186,,,45082,443,0,37,17
1584616091.719613,173.194.164.186,10.10.0.10,,,443,45082,0,1358,17
1584616091.7288814,173.194.164.186,10.10.0.10,,,443,45082,0,1358,17
1584616091.730568,10.10.0.10,173.194.164.186,,,45082,443,0,37,17
1584616091.738173,173.194.164.186,10.10.0.10,,,443,45082,0,1358,17
1584616091.747443,173.194.164.186,10.10.0.10,,,443,45082,0,1358,17
1584616091.74919,10.10.0.10,173.194.164.186,,,45082,443,0,37,17
1584616091.7567391,173.194.164.186,10.10.0.10,,,443,45082,0,1358,17
1584616091.766002,173.194.164.186,10.10.0.10,,,443,45082,0,1358,17
1584616091.7683349,10.10.0.10,173.194.164.186,,,45082,443,0,37,17
1584616091.7752972,173.194.164.186,10.10.0.10,,,443,45082,0,1358,17
1584616091.7845619,173.194.164.186,10.10.0.10,,,443,45082,0,1358,17
1584616091.786314,10.10.0.10,173.194.164.186,,,45082,443,0,37,17
1584616091.79386,173.194.164.186,10.10.0.10,,,443,45082,0,1358,17
1584616091.803123,173.194.164.186,10.10.0.10,,,443,45082,0,1358,17
1584616091.804816,10.10.0.10,173.194.164.186,,,45082,443,0,37,17
1584616091.812401,173.194.164.186,10.10.0.10,,,443,45082,0,1358,17
1584616091.822791,173.194.164.186,10.10.0.10,,,443,45082,0,1358,17
1584616091.8244376,10.10.0.10,173.194.164.186,,,45082,443,0,37,17
1584616091.8320851,173.194.164.186,10.10.0.10,,,443,45082,0,1358,17
1584616091.8413599,173.194.164.186,10.10.0.10,,,443,45082,0,1358,17
1584616091.843055,10.10.0.10,173.194.164.186,,,45082,443,0,37,17
1584616091.8506348,173.194.164.186,10.10.0.10,,,443,45082,0,1358,17
1584616091.85992,173.194.164.186,10.10.0.10,,,443,45082,0,1358,17
1584616091.8617089,10.10.0.10,173.194.164.186,,,45082,443,0,37,17
1584616091.869195,173.194.164.186,10.10.0.10,,,443,45082,0,1358,17
1584616091.8784838,173.194.164.186,10.10.0.10,,,443,45082,0,1358,17
1584616091.88069,10.10.0.10,173.194.164.186,,,45082,443,0,37,17
1584616091.887756,173.194.164.186,10.10.0.10,,,443,45082,0,1358,17
1584616091.897044,173.194.164.186,10.10.0.10,,,443,45082,0,1358,17
1584616091.89868,10.10.0.10,173.194.164.186,,,45082,443,0,50,17
1584616091.906316,173.194.164.186,10.10.0.10,,,443,45082,0,1358,17
1584616091.9156108,173.194.164.186,10.10.0.10,,,443,45082,0,1358,17
1584616091.91731,10.10.0.10,173.194.164.186,,,45082,443,0,37,17
1584616091.9248748,173.194.164.186,10.10.0.10,,,443,45082,0,1358,17
1584616091.9341671,173.194.164.186,10.10.0.10,,,443,45082,0,1358,17
1584616091.9358099,10.10.0.10,173.194.164.186,,,45082,443,0,37,17
1584616091.943435,173.194.164.186,10.10.0.10,,,443,45082,0,1358,17
1584616091.9527302,173.194.164.186,10.10.0.10,,,443,45082,0,1358,17
1584616091.954581,10.10.0.10,173.194.164.186,,,45082,443,0,37,17
1584616091.961996,173.194.164.186,10.10.0.10,,,443,45082,0,29,17
1584616091.962411,173.194.164.186,10.10.0.10,,,443,45082,0,1358,17
1584616091.9716976,173.194.164.186,10.10.0.10,,,443,45082,0,1358,17
1584616091.973433,10.10.0.10,173.194.164.186,,,45082,443,0,37,17
1584616091.980981,173.194.164.186,10.10.0.10,,,443,45082,0,1358,17
1584616091.990258,173.194.164.186,10.10.0.10,,,443,45082,0,1358,17
1584616091.9950595,10.10.0.10,173.194.164.186,,,45082,443,0,37,17
1584616091.99954,173.194.164.186,10.10.0.10,,,443,45082,0,1358,17
1584616092.008814,173.194.164.186,10.10.0.10,,,443,45082,0,1358,17
1584616092.010659,10.10.0.10,173.194.164.186,,,45082,443,0,37,17
1584616092.018091,173.194.164.186,10.10.0.10,,,443,45082,0,1358,17
1584616092.027377,173.194.164.186,10.10.0.10,,,443,45082,0,1358,17
1584616092.033314,10.10.0.10,173.194.164.186,,,45082,443,0,37,17
1584616092.0366669,173.194.164.186,10.10.0.10,,,443,45082,0,1358,17
1584616092.045934,173.194.164.186,10.10.0.10,,,443,45082,0,1358,17
1584616092.0475378,10.10.0.10,173.194.164.186,,,45082,443,0,37,17
1584616092.055232,173.194.164.186,10.10.0.10,,,443,45082,0,1358,17
1584616092.0644922,173.194.164.186,10.10.0.10,,,443,45082,0,1358,17
1584616092.0669315,10.10.0.10,173.194.164.186,,,45082,443,0,37,17
1584616092.073791,173.194.164.186,10.10.0.10,,,443,45082,0,1358,17
1584616092.083051,173.194.164.186,10.10.0.10,,,443,45082,0,1358,17
1584616092.084786,10.10.0.10,173.194.164.186,,,45082,443,0,37,17
1584616092.0923312,173.194.164.186,10.10.0.10,,,443,45082,0,1358,17
1584616092.10161,173.194.164.186,10.10.0.10,,,443,45082,0,1358,17
1584616092.103555,10.10.0.10,173.194.164.186,,,45082,443,0,37,17
1584616092.110892,173.194.164.186,10.10.0.10,,,443,45082,0,1358,17
1584616092.1201706,173.194.164.186,10.10.0.10,,,443,45082,0,1358,17
1584616092.122421,10.10.0.10,173.194.164.186,,,45082,443,0,37,17
1584616092.129474,173.194.164.186,10.10.0.10,,,443,45082,0,1358,17
1584616092.138734,173.194.164.186,10.10.0.10,,,443,45082,0,1358,17
1584616092.141575,10.10.0.10,173.194.164.186,,,45082,443,0,37,17
1584616092.148011,173.194.164.186,10.10.0.10,,,443,45082,0,1358,17
1584616092.157292,173.194.164.186,10.10.0.10,,,443,45082,0,1358,17
1584616092.158924,10.10.0.10,173.194.164.186,,,45082,443,0,37,17
1584616092.16657,173.194.164.186,10.10.0.10,,,443,45082,0,1358,17
1584616092.17585,173.194.164.186,10.10.0.10,,,443,45082,0,1358,17
1584616092.1789384,10.10.0.10,173.194.164.186,,,45082,443,0,37,17
1584616092.1851351,173.194.164.186,10.10.0.10,,,443,45082,0,1358,17
1584616092.1944108,173.194.164.186,10.10.0.10,,,443,45082,0,1358,17
1584616092.196182,10.10.0.10,173.194.164.186,,,45082,443,0,37,17
1584616092.2037158,173.194.164.186,10.10.0.10,,,443,45082,0,1358,17
1584616092.2129722,173.194.164.186,10.10.0.10,,,443,45082,0,1358,17
1584616092.2146769,10.10.0.10,173.194.164.186,,,45082,443,0,37,17
1584616092.222251,173.194.164.186,10.10.0.10,,,443,45082,0,1358,17
1584616092.231535,173.194.164.186,10.10.0.10,,,443,45082,0,1358,17
1584616092.2330544,10.10.0.10,173.194.164.186,,,45082,443,0,37,17
1584616092.240816,173.194.164.186,10.10.0.10,,,443,45082,0,1358,17
1584616092.2500932,173.194.164.186,10.10.0.10,,,443,45082,0,1358,17
1584616092.251672,10.10.0.10,173.194.164.186,,,45082,443,0,37,17
1584616092.2593699,173.194.164.186,10.10.0.10,,,443,45082,0,1358,17
1584616092.2686498,173.194.164.186,10.10.0.10,,,443,45082,0,1358,17
1584616092.270172,10.10.0.10,173.194.164.186,,,45082,443,0,50,17
1584616092.2779279,173.194.164.186,10.10.0.10,,,443,45082,0,1358,17
1584616092.2872221,173.194.164.186,10.10.0.10,,,443,45082,0,1358,17
1584616092.290424,10.10.0.10,173.194.164.186,,,45082,443,0,37,17
1584616092.296494,173.194.164.186,10.10.0.10,,,443,45082,0,1358,17
1584616092.305782,173.194.164.186,10.10.0.10,,,443,45082,0,1358,17
1584616092.3074448,10.10.0.10,173.194.164.186,,,45082,443,0,37,17
1584616092.3150525,173.194.164.186,10.10.0.10,,,443,45082,0,1358,17
1584616092.3243332,173.194.164.186,10.10.0.10,,,443,45082,0,29,17
1584616092.3247626,173.194.164.186,10.10.0.10,,,443,45082,0,1358,17
1584616092.326298,10.10.0.10,173.194.164.186,,,45082,443,0,37,17
1584616092.334035,173.194.164.186,10.10.0.10,,,443,45082,0,1358,17
1584616092.3433242,173.194.164.186,10.10.0.10,,,443,45082,0,1358,17
1584616092.3451734,10.10.0.10,173.194.164.186,,,45082,443,0,37,17
1584616092.3525946,173.194.164.186,10.10.0.10,,,443,45082,0,1358,17
1584616092.3618748,173.194.164.186,10.10.0.10,,,443,45082,0,1358,17
1584616092.3637972,10.10.0.10,173.194.164.186,,,45082,443,0,37,17
1584616092.3711555,173.194.164.186,10.10.0.10,,,443,45082,0,1358,17
1584616092.380436,173.194.164.186,10.10.0.10,,,443,45082,0,1358,17
1584616092.3821638,10.10.0.10,173.194.164.186,,,45082,443,0,37,17
1584616092.389718,173.194.164.186,10.10.0.10,,,443,45082,0,1358,17
1584616092.398997,173.194.164.186,10.10.0.10,,,443,45082,0,1358,17
1584616092.4006732,10.10.0.10,173.194.164.186,,,45082,443,0,37,17
1584616092.408279,173.194.164.186,10.10.0.10,,,443,45082,0,1358,17
1584616092.4175556,173.194.164.186,10.10.0.10,,,443,45082,0,1358,17
1584616092.419317,10.10.0.10,173.194.164.186,,,45082,443,0,37,17
1584616092.426843,173.194.164.186,10.10.0.10,,,443,45082,0,1358,17
1584616092.436111,173.194.164.186,10.10.0.10,,,443,45082,0,1358,17
1584616092.4389188,10.10.0.10,173.194.164.186,,,45082,443,0,37,17
1584616092.445402,173.194.164.186,10.10.0.10,,,443,45082,0,1358,17
1584616092.454675,173.194.164.186,10.10.0.10,,,443,45082,0,1358,17
1584616092.4639552,173.194.164.186,10.10.0.10,,,443,45082,0,1358,17
1584616092.4695704,10.10.0.10,173.194.164.186,,,45082,443,0,37,17
1584616092.4732401,173.194.164.186,10.10.0.10,,,443,45082,0,1358,17
1584616092.4750438,10.10.0.10,173.194.164.186,,,45082,443,0,37,17
1584616092.482525,173.194.164.186,10.10.0.10,,,443,45082,0,1244,17
1584616092.4994464,10.10.0.10,173.194.164.186,,,45082,443,0,717,17
1584616092.4994724,10.10.0.10,173.194.164.186,,,45082,443,0,48,17
1584616092.5055778,173.194.164.186,10.10.0.10,,,443,45082,0,29,17
1584616092.5286634,173.194.164.186,10.10.0.10,,,443,45082,0,108,17
1584616092.5286946,173.194.164.186,10.10.0.10,,,443,45082,0,665,17
1584616092.528716,173.194.164.186,10.10.0.10,,,443,45082,0,26,17
1584616092.530172,10.10.0.10,173.194.164.186,,,45082,443,0,37,17
1584616092.5550652,10.10.0.10,173.194.164.186,,,45082,443,0,723,17
1584616092.555091,10.10.0.10,173.194.164.186,,,45082,443,0,48,17
1584616092.5594118,173.194.164.186,10.10.0.10,,,443,45082,0,52,17
1584616092.559443,173.194.164.186,10.10.0.10,,,443,45082,0,1358,17
1584616092.5594668,173.194.164.186,10.10.0.10,,,443,45082,0,1358,17
1584616092.56169,10.10.0.10,173.194.164.186,,,45082,443,0,37,17
1584616092.5679002,173.194.164.186,10.10.0.10,,,443,45082,0,1358,17
1584616092.569419,10.10.0.10,173.194.164.186,,,45082,443,0,37,17
1584616092.574181,10.10.0.10,173.194.164.186,,,45082,443,0,715,17
1584616092.574207,10.10.0.10,173.194.164.186,,,45082,443,0,48,17
1584616092.577169,173.194.164.186,10.10.0.10,,,443,45082,0,1358,17
1584616092.5864608,173.194.164.186,10.10.0.10,,,443,45082,0,1358,17
1584616092.588049,10.10.0.10,173.194.164.186,,,45082,443,0,37,17
1584616092.595728,173.194.164.186,10.10.0.10,,,443,45082,0,1358,17
1584616092.605024,173.194.164.186,10.10.0.10,,,443,45082,0,1358,17
1584616092.606543,10.10.0.10,173.194.164.186,,,45082,443,0,37,17
1584616092.614288,173.194.164.186,10.10.0.10,,,443,45082,0,1358,17
1584616092.623584,173.194.164.186,10.10.0.10,,,443,45082,0,1358,17
1584616092.625437,10.10.0.10,173.194.164.186,,,45082,443,0,37,17
1584616092.632849,173.194.164.186,10.10.0.10,,,443,45082,0,1358,17
1584616092.642129,173.194.164.186,10.10.0.10,,,443,45082,0,1358,17
1584616092.6439302,10.10.0.10,173.194.164.186,,,45082,443,0,37,17
1584616092.6514108,173.194.164.186,10.10.0.10,,,443,45082,0,1358,17
1584616092.660712,173.194.164.186,10.10.0.10,,,443,45082,0,1358,17
1584616092.6622946,10.10.0.10,173.194.164.186,,,45082,443,0,37,17
1584616092.6699688,173.194.164.186,10.10.0.10,,,443,45082,0,1358,17
1584616092.679248,173.194.164.186,10.10.0.10,,,443,45082,0,1358,17
1584616092.6807878,10.10.0.10,173.194.164.186,,,45082,443,0,37,17
1584616092.6885312,173.194.164.186,10.10.0.10,,,443,45082,0,1358,17
1584616092.6978042,173.194.164.186,10.10.0.10,,,443,45082,0,1358,17
1584616092.6998134,10.10.0.10,173.194.164.186,,,45082,443,0,37,17
1584616092.7070901,173.194.164.186,10.10.0.10,,,443,45082,0,1358,17
1584616092.716368,173.194.164.186,10.10.0.10,,,443,45082,0,1358,17
1584616092.71794,10.10.0.10,173.194.164.186,,,45082,443,0,37,17
1584616092.7256482,173.194.164.186,10.10.0.10,,,443,45082,0,1358,17
1584616092.734928,173.194.164.186,10.10.0.10,,,443,45082,0,1358,17
1584616092.73641,10.10.0.10,173.194.164.186,,,45082,443,0,37,17
1584616092.744212,173.194.164.186,10.10.0.10,,,443,45082,0,1358,17
1584616092.753488,173.194.164.186,10.10.0.10,,,443,45082,0,1358,17
1584616092.755285,10.10.0.10,173.194.164.186,,,45082,443,0,37,17
1584616092.762768,173.194.164.186,10.10.0.10,,,443,45082,0,1358,17
1584616092.772049,173.194.164.186,10.10.0.10,,,443,45082,0,1358,17
1584616092.7739296,10.10.0.10,173.194.164.186,,,45082,443,0,37,17
1584616092.7813342,173.194.164.186,10.10.0.10,,,443,45082,0,1358,17
1584616092.790607,173.194.164.186,10.10.0.10,,,443,45082,0,1358,17
1584616092.792431,10.10.0.10,173.194.164.186,,,45082,443,0,37,17
1584616092.7998931,173.194.164.186,10.10.0.10,,,443,45082,0,1358,17
1584616092.8091662,173.194.164.186,10.10.0.10,,,443,45082,0,1358,17
1584616092.810785,10.10.0.10,173.194.164.186,,,45082,443,0,37,17
1584616092.8184614,173.194.164.186,10.10.0.10,,,443,45082,0,1358,17
1584616092.8277311,173.194.164.186,10.10.0.10,,,443,45082,0,1358,17
1584616092.82943,10.10.0.10,173.194.164.186,,,45082,443,0,37,17
1584616092.837018,173.194.164.186,10.10.0.10,,,443,45082,0,1358,17
1584616092.8462882,173.194.164.186,10.10.0.10,,,443,45082,0,1358,17
1584616092.8479102,10.10.0.10,173.194.164.186,,,45082,443,0,37,17
1584616092.855565,173.194.164.186,10.10.0.10,,,443,45082,0,1358,17
1584616092.8648498,173.194.164.186,10.10.0.10,,,443,45082,0,1358,17
1584616092.866554,10.10.0.10,173.194.164.186,,,45082,443,0,37,17
1584616092.8741405,173.194.164.186,10.10.0.10,,,443,45082,0,1358,17
1584616092.883409,173.194.164.186,10.10.0.10,,,443,45082,0,1358,17
1584616092.8851671,10.10.0.10,173.194.164.186,,,45082,443,0,37,17
1584616092.8927028,173.194.164.186,10.10.0.10,,,443,45082,0,1358,17
1584616092.901969,173.194.164.186,10.10.0.10,,,443,45082,0,1358,17
1584616092.9040544,10.10.0.10,173.194.164.186,,,45082,443,0,37,17
1584616092.911266,173.194.164.186,10.10.0.10,,,443,45082,0,1358,17
1584616092.9205296,173.194.164.186,10.10.0.10,,,443,45082,0,1358,17
1584616092.9224062,10.10.0.10,173.194.164.186,,,45082,443,0,37,17
1584616092.929826,173.194.164.186,10.10.0.10,,,443,45082,0,1358,17
1584616092.939089,173.194.164.186,10.10.0.10,,,443,45082,0,1358,17
1584616092.9407802,10.10.0.10,173.194.164.186,,,45082,443,0,50,17
1584616092.9483645,173.194.164.186,10.10.0.10,,,443,45082,0,1358,17
1584616092.957649,173.194.164.186,10.10.0.10,,,443,45082,0,1358,17
1584616092.9594061,10.10.0.10,173.194.164.186,,,45082,443,0,37,17
1584616092.9669502,173.194.164.186,10.10.0.10,,,443,45082,0,1358,17
1584616092.9762044,173.194.164.186,10.10.0.10,,,443,45082,0,1358,17
1584616092.977907,10.10.0.10,173.194.164.186,,,45082,443,0,37,17
1584616092.9854908,173.194.164.186,10.10.0.10,,,443,45082,0,1358,17
1584616092.9947698,173.194.164.186,10.10.0.10,,,443,45082,0,1358,17
1584616092.996432,10.10.0.10,173.194.164.186,,,45082,443,0,40,17
1584616093.004049,173.194.164.186,10.10.0.10,,,443,45082,0,1358,17
1584616093.0065188,10.10.0.10,173.194.164.186,,,45082,443,0,40,17
1584616093.013334,173.194.164.186,10.10.0.10,,,443,45082,0,1358,17
1584616093.015154,10.10.0.10,173.194.164.186,,,45082,443,0,40,17
1584616093.0226042,173.194.164.186,10.10.0.10,,,443,45082,0,1358,17
1584616093.0243714,10.10.0.10,173.194.164.186,,,45082,443,0,40,17
1584616093.0318828,173.194.164.186,10.10.0.10,,,443,45082,0,1358,17
1584616093.041181,173.194.164.186,10.10.0.10,,,443,45082,0,1358,17
1584616093.043008,10.10.0.10,173.194.164.186,,,45082,443,0,40,17
1584616093.050447,173.194.164.186,10.10.0.10,,,443,45082,0,1358,17
1584616093.059725,173.194.164.186,10.10.0.10,,,443,45082,0,1358,17
1584616093.06141,10.10.0.10,173.194.164.186,,,45082,443,0,40,17
1584616093.0690026,173.194.164.186,10.10.0.10,,,443,45082,0,1358,17
1584616093.0782828,173.194.164.186,10.10.0.10,,,443,45082,0,1358,17
1584616093.080648,10.10.0.10,173.194.164.186,,,45082,443,0,40,17
1584616093.087575,173.194.164.186,10.10.0.10,,,443,45082,0,1358,17
1584616093.096848,173.194.164.186,10.10.0.10,,,443,45082,0,1358,17
1584616093.099011,10.10.0.10,173.194.164.186,,,45082,443,0,40,17
1584616093.1061301,173.194.164.186,10.10.0.10,,,443,45082,0,1358,17
1584616093.115404,173.194.164.186,10.10.0.10,,,443,45082,0,1358,17
1584616093.1170278,10.10.0.10,173.194.164.186,,,45082,443,0,40,17
1584616093.124682,173.194.164.186,10.10.0.10,,,443,45082,0,1358,17
1584616093.1339624,173.194.164.186,10.10.0.10,,,443,45082,0,1358,17
1584616093.135797,10.10.0.10,173.194.164.186,,,45082,443,0,40,17
1584616093.143258,173.194.164.186,10.10.0.10,,,443,45082,0,1358,17
1584616093.152529,173.194.164.186,10.10.0.10,,,443,45082,0,1358,17
1584616093.1552482,10.10.0.10,173.194.164.186,,,45082,443,0,40,17
1584616093.161807,173.194.164.186,10.10.0.10,,,443,45082,0,1358,17
1584616093.171087,173.194.164.186,10.10.0.10,,,443,45082,0,1358,17
1584616093.176,10.10.0.10,173.194.164.186,,,45082,443,0,40,17
1584616093.1803732,173.194.164.186,10.10.0.10,,,443,45082,0,1358,17
1584616093.1896489,173.194.164.186,10.10.0.10,,,443,45082,0,1358,17
1584616093.191419,10.10.0.10,173.194.164.186,,,45082,443,0,40,17
1584616093.198936,173.194.164.186,10.10.0.10,,,443,45082,0,1358,17
1584616093.2082052,173.194.164.186,10.10.0.10,,,443,45082,0,1358,17
1584616093.209743,10.10.0.10,173.194.164.186,,,45082,443,0,40,17
1584616093.217486,173.194.164.186,10.10.0.10,,,443,45082,0,1358,17
1584616093.2267642,173.194.164.186,10.10.0.10,,,443,45082,0,1358,17
1584616093.2282758,10.10.0.10,173.194.164.186,,,45082,443,0,40,17
1584616093.236042,173.194.164.186,10.10.0.10,,,443,45082,0,1358,17
1584616093.245329,173.194.164.186,10.10.0.10,,,443,45082,0,1358,17
1584616093.2469149,10.10.0.10,173.194.164.186,,,45082,443,0,40,17
1584616093.254606,173.194.164.186,10.10.0.10,,,443,45082,0,1358,17
1584616093.263884,173.194.164.186,10.10.0.10,,,443,45082,0,1358,17
1584616093.265543,10.10.0.10,173.194.164.186,,,45082,443,0,40,17
1584616093.2731788,173.194.164.186,10.10.0.10,,,443,45082,0,1358,17
1584616093.2824428,173.194.164.186,10.10.0.10,,,443,45082,0,1358,17
1584616093.285292,10.10.0.10,173.194.164.186,,,45082,443,0,53,17
1584616093.292425,173.194.164.186,10.10.0.10,,,443,45082,0,1358,17
1584616093.301697,173.194.164.186,10.10.0.10,,,443,45082,0,1358,17
1584616093.303666,10.10.0.10,173.194.164.186,,,45082,443,0,40,17
1584616093.3109741,173.194.164.186,10.10.0.10,,,443,45082,0,1358,17
1584616093.320251,173.194.164.186,10.10.0.10,,,443,45082,0,1358,17
1584616093.32304,10.10.0.10,173.194.164.186,,,45082,443,0,40,17
1584616093.329538,173.194.164.186,10.10.0.10,,,443,45082,0,1358,17
1584616093.338816,173.194.164.186,10.10.0.10,,,443,45082,0,1358,17
1584616093.3409011,10.10.0.10,173.194.164.186,,,45082,443,0,40,17
1584616093.34809,173.194.164.186,10.10.0.10,,,443,45082,0,1358,17
1584616093.357377,173.194.164.186,10.10.0.10,,,443,45082,0,1358,17
1584616093.3590178,10.10.0.10,173.194.164.186,,,45082,443,0,37,17
1584616093.366655,173.194.164.186,10.10.0.10,,,443,45082,0,1358,17
1584616093.3759446,173.194.164.186,10.10.0.10,,,443,45082,0,1358,17
1584616093.3778849,10.10.0.10,173.194.164.186,,,45082,443,0,37,17
1584616093.385215,173.194.164.186,10.10.0.10,,,443,45082,0,1358,17
1584616093.3945012,173.194.164.186,10.10.0.10,,,443,45082,0,1358,17
1584616093.3970392,10.10.0.10,173.194.164.186,,,45082,443,0,37,17
1584616093.4037795,173.194.164.186,10.10.0.10,,,443,45082,0,1358,17
1584616093.413065,173.194.164.186,10.10.0.10,,,443,45082,0,1358,17
1584616093.4167411,10.10.0.10,173.194.164.186,,,45082,443,0,37,17
1584616093.422341,173.194.164.186,10.10.0.10,,,443,45082,0,1358,17
1584616093.431624,173.194.164.186,10.10.0.10,,,443,45082,0,1358,17
1584616093.433265,10.10.0.10,173.194.164.186,,,45082,443,0,37,17
1584616093.440894,173.194.164.186,10.10.0.10,,,443,45082,0,1358,17
1584616093.4501884,173.194.164.186,10.10.0.10,,,443,45082,0,1358,17
1584616093.4539099,10.10.0.10,173.194.164.186,,,45082,443,0,37,17
1584616093.459456,173.194.164.186,10.10.0.10,,,443,45082,0,1358,17
1584616093.468748,173.194.164.186,10.10.0.10,,,443,45082,0,1358,17
1584616093.4702682,10.10.0.10,173.194.164.186,,,45082,443,0,37,17
1584616093.478016,173.194.164.186,10.10.0.10,,,443,45082,0,1358,17
1584616093.4873092,173.194.164.186,10.10.0.10,,,443,45082,0,1358,17
1584616093.490034,10.10.0.10,173.194.164.186,,,45082,443,0,37,17
1584616093.496579,173.194.164.186,10.10.0.10,,,443,45082,0,1358,17
1584616093.5058696,173.194.164.186,10.10.0.10,,,443,45082,0,1358,17
1584616093.507533,10.10.0.10,173.194.164.186,,,45082,443,0,37,17
1584616093.515137,173.194.164.186,10.10.0.10,,,443,45082,0,1358,17
1584616093.524433,173.194.164.186,10.10.0.10,,,443,45082,0,1358,17
1584616093.5260134,10.10.0.10,173.194.164.186,,,45082,443,0,37,17
1584616093.53369,173.194.164.186,10.10.0.10,,,443,45082,0,1358,17
1584616093.542976,173.194.164.186,10.10.0.10,,,443,45082,0,1358,17
1584616093.544641,10.10.0.10,173.194.164.186,,,45082,443,0,37,17
1584616093.552256,173.194.164.186,10.10.0.10,,,443,45082,0,1358,17
1584616093.561558,173.194.164.186,10.10.0.10,,,443,45082,0,1358,17
1584616093.5632794,10.10.0.10,173.194.164.186,,,45082,443,0,37,17
1584616093.570816,173.194.164.186,10.10.0.10,,,443,45082,0,1358,17
1584616093.580097,173.194.164.186,10.10.0.10,,,443,45082,0,1358,17
1584616093.582532,10.10.0.10,173.194.164.186,,,45082,443,0,37,17
1584616093.589376,173.194.164.186,10.10.0.10,,,443,45082,0,1358,17
1584616093.598655,173.194.164.186,10.10.0.10,,,443,45082,0,1358,17
1584616093.6003878,10.10.0.10,173.194.164.186,,,45082,443,0,37,17
1584616093.607951,173.194.164.186,10.10.0.10,,,443,45082,0,1358,17
1584616093.6172118,173.194.164.186,10.10.0.10,,,443,45082,0,1358,17
1584616093.61926,10.10.0.10,173.194.164.186,,,45082,443,0,37,17
1584616093.6264956,173.194.164.186,10.10.0.10,,,443,45082,0,1358,17
1584616093.635776,173.194.164.186,10.10.0.10,,,443,45082,0,1358,17
1584616093.637375,10.10.0.10,173.194.164.186,,,45082,443,0,37,17
1584616093.6450589,173.194.164.186,10.10.0.10,,,443,45082,0,1358,17
1584616093.654336,173.194.164.186,10.10.0.10,,,443,45082,0,1358,17
1584616093.656136,10.10.0.10,173.194.164.186,,,45082,443,0,50,17
1584616093.663617,173.194.164.186,10.10.0.10,,,443,45082,0,1358,17
1584616093.6728995,173.194.164.186,10.10.0.10,,,443,45082,0,1358,17
1584616093.674532,10.10.0.10,173.194.164.186,,,45082,443,0,37,17
1584616093.6821814,173.194.164.186,10.10.0.10,,,443,45082,0,1358,17
1584616093.6914544,173.194.164.186,10.10.0.10,,,443,45082,0,1358,17
1584616093.6932588,10.10.0.10,173.194.164.186,,,45082,443,0,37,17
1584616093.700741,173.194.164.186,10.10.0.10,,,443,45082,0,29,17
1584616093.7011552,173.194.164.186,10.10.0.10,,,443,45082,0,1358,17
1584616093.7104359,173.194.164.186,10.10.0.10,,,443,45082,0,1358,17
1584616093.71276,10.10.0.10,173.194.164.186,,,45082,443,0,37,17
1584616093.719728,173.194.164.186,10.10.0.10,,,443,45082,0,1358,17
1584616093.729002,173.194.164.186,10.10.0.10,,,443,45082,0,1358,17
1584616093.7382786,173.194.164.186,10.10.0.10,,,443,45082,0,1358,17
1584616093.7475548,173.194.164.186,10.10.0.10,,,443,45082,0,1358,17
1584616093.7497606,10.10.0.10,173.194.164.186,,,45082,443,0,37,17
1584616093.750404,10.10.0.10,173.194.164.186,,,45082,443,0,37,17
1584616093.756836,173.194.164.186,10.10.0.10,,,443,45082,0,1358,17
1584616093.766117,173.194.164.186,10.10.0.10,,,443,45082,0,1358,17
1584616093.768007,10.10.0.10,173.194.164.186,,,45082,443,0,37,17
1584616093.775395,173.194.164.186,10.10.0.10,,,443,45082,0,1358,17
1584616093.784679,173.194.164.186,10.10.0.10,,,443,45082,0,1358,17
1584616093.786381,10.10.0.10,173.194.164.186,,,45082,443,0,37,17
1584616093.793954,173.194.164.186,10.10.0.10,,,443,45082,0,1358,17
1584616093.803239,173.194.164.186,10.10.0.10,,,443,45082,0,1358,17
1584616093.8084,10.10.0.10,173.194.164.186,,,45082,443,0,37,17
1584616093.8125148,173.194.164.186,10.10.0.10,,,443,45082,0,1358,17
1584616093.8218026,173.194.164.186,10.10.0.10,,,443,45082,0,1358,17
1584616093.82363,10.10.0.10,173.194.164.186,,,45082,443,0,37,17
1584616093.831076,173.194.164.186,10.10.0.10,,,443,45082,0,1358,17
1584616093.8403509,173.194.164.186,10.10.0.10,,,443,45082,0,1358,17
1584616093.84238,10.10.0.10,173.194.164.186,,,45082,443,0,37,17
1584616093.849635,173.194.164.186,10.10.0.10,,,443,45082,0,1358,17
1584616093.858928,173.194.164.186,10.10.0.10,,,443,45082,0,1358,17
1584616093.8615296,10.10.0.10,173.194.164.186,,,45082,443,0,37,17
1584616093.8681948,173.194.164.186,10.10.0.10,,,443,45082,0,1358,17
1584616093.877487,173.194.164.186,10.10.0.10,,,443,45082,0,1358,17
1584616093.879256,10.10.0.10,173.194.164.186,,,45082,443,0,37,17
1584616093.8867571,173.194.164.186,10.10.0.10,,,443,45082,0,1358,17
1584616093.896034,173.194.164.186,10.10.0.10,,,443,45082,0,1358,17
1584616093.897773,10.10.0.10,173.194.164.186,,,45082,443,0,37,17
1584616093.905315,173.194.164.186,10.10.0.10,,,443,45082,0,1358,17
1584616093.91461,173.194.164.186,10.10.0.10,,,443,45082,0,1358,17
1584616093.9162722,10.10.0.10,173.194.164.186,,,45082,443,0,37,17
1584616093.9238741,173.194.164.186,10.10.0.10,,,443,45082,0,1358,17
1584616093.9331708,173.194.164.186,10.10.0.10,,,443,45082,0,1358,17
1584616093.9350019,10.10.0.10,173.194.164.186,,,45082,443,0,37,17
1584616093.9424355,173.194.164.186,10.10.0.10,,,443,45082,0,1358,17
1584616093.9517212,173.194.164.186,10.10.0.10,,,443,45082,0,1358,17
1584616093.956137,10.10.0.10,173.194.164.186,,,45082,443,0,37,17
1584616093.9609911,173.194.164.186,10.10.0.10,,,443,45082,0,1358,17
1584616093.970275,173.194.164.186,10.10.0.10,,,443,45082,0,1358,17
1584616093.971967,10.10.0.10,173.194.164.186,,,45082,443,0,37,17
1584616093.979552,173.194.164.186,10.10.0.10,,,443,45082,0,1358,17
1584616093.988833,173.194.164.186,10.10.0.10,,,443,45082,0,1358,17
1584616093.9921038,10.10.0.10,173.194.164.186,,,45082,443,0,37,17
1584616093.9981148,173.194.164.186,10.10.0.10,,,443,45082,0,1358,17
1584616094.0073938,173.194.164.186,10.10.0.10,,,443,45082,0,1358,17
1584616094.0092866,10.10.0.10,173.194.164.186,,,45082,443,0,37,17
1584616094.0166788,173.194.164.186,10.10.0.10,,,443,45082,0,1358,17
1584616094.0259519,173.194.164.186,10.10.0.10,,,443,45082,0,1358,17
1584616094.0290039,10.10.0.10,173.194.164.186,,,45082,443,0,50,17
1584616094.035235,173.194.164.186,10.10.0.10,,,443,45082,0,1358,17
1584616094.0445158,173.194.164.186,10.10.0.10,,,443,45082,0,1358,17
1584616094.0462532,10.10.0.10,173.194.164.186,,,45082,443,0,37,17
1584616094.053797,173.194.164.186,10.10.0.10,,,443,45082,0,1358,17
1584616094.063074,173.194.164.186,10.10.0.10,,,443,45082,0,1358,17
1584616094.06624,10.10.0.10,173.194.164.186,,,45082,443,0,37,17
1584616094.07235,173.194.164.186,10.10.0.10,,,443,45082,0,1358,17
1584616094.08163,173.194.164.186,10.10.0.10,,,443,45082,0,1358,17
1584616094.0836446,10.10.0.10,173.194.164.186,,,45082,443,0,37,17
1584616094.09092,173.194.164.186,10.10.0.10,,,443,45082,0,1358,17
1584616094.100192,173.194.164.186,10.10.0.10,,,443,45082,0,1358,17
1584616094.102016,10.10.0.10,173.194.164.186,,,45082,443,0,37,17
1584616094.109479,173.194.164.186,10.10.0.10,,,443,45082,0,1358,17
1584616094.118751,173.194.164.186,10.10.0.10,,,443,45082,0,1358,17
1584616094.1203468,10.10.0.10,173.194.164.186,,,45082,443,0,37,17
1584616094.1280286,173.194.164.186,10.10.0.10,,,443,45082,0,1358,17
1584616094.137309,173.194.164.186,10.10.0.10,,,443,45082,0,1358,17
1584616094.139614,10.10.0.10,173.194.164.186,,,45082,443,0,37,17
1584616094.1466026,173.194.164.186,10.10.0.10,,,443,45082,0,1358,17
1584616094.155876,173.194.164.186,10.10.0.10,,,443,45082,0,1358,17
1584616094.1574972,10.10.0.10,173.194.164.186,,,45082,443,0,37,17
1584616094.1651518,173.194.164.186,10.10.0.10,,,443,45082,0,1358,17
1584616094.174434,173.194.164.186,10.10.0.10,,,443,45082,0,1358,17
1584616094.17608,10.10.0.10,173.194.164.186,,,45082,443,0,37,17
1584616094.183718,173.194.164.186,10.10.0.10,,,443,45082,0,1358,17
1584616094.1929982,173.194.164.186,10.10.0.10,,,443,45082,0,1358,17
1584616094.1946454,10.10.0.10,173.194.164.186,,,45082,443,0,37,17
1584616094.2022908,173.194.164.186,10.10.0.10,,,443,45082,0,1358,17
1584616094.2115548,173.194.164.186,10.10.0.10,,,443,45082,0,1358,17
1584616094.213492,10.10.0.10,173.194.164.186,,,45082,443,0,37,17
1584616094.220858,173.194.164.186,10.10.0.10,,,443,45082,0,1358,17
1584616094.230115,173.194.164.186,10.10.0.10,,,443,45082,0,1358,17
1584616094.2317429,10.10.0.10,173.194.164.186,,,45082,443,0,37,17
1584616094.2394161,173.194.164.186,10.10.0.10,,,443,45082,0,1358,17
1584616094.248674,173.194.164.186,10.10.0.10,,,443,45082,0,1358,17
1584616094.250885,10.10.0.10,173.194.164.186,,,45082,443,0,37,17
1584616094.2579546,173.194.164.186,10.10.0.10,,,443,45082,0,1358,17
1584616094.2672348,173.194.164.186,10.10.0.10,,,443,45082,0,1358,17
1584616094.2747679,10.10.0.10,173.194.164.186,,,45082,443,0,37,17
1584616094.2765179,173.194.164.186,10.10.0.10,,,443,45082,0,1358,17
1584616094.285794,173.194.164.186,10.10.0.10,,,443,45082,0,1358,17
1584616094.287513,10.10.0.10,173.194.164.186,,,45082,443,0,37,17
1584616094.2950768,173.194.164.186,10.10.0.10,,,443,45082,0,1358,17
1584616094.3043554,173.194.164.186,10.10.0.10,,,443,45082,0,1358,17
1584616094.3066368,10.10.0.10,173.194.164.186,,,45082,443,0,37,17
1584616094.3136349,173.194.164.186,10.10.0.10,,,443,45082,0,1358,17
1584616094.3229158,173.194.164.186,10.10.0.10,,,443,45082,0,1358,17
1584616094.325365,10.10.0.10,173.194.164.186,,,45082,443,0,37,17
1584616094.3321948,173.194.164.186,10.10.0.10,,,443,45082,0,1358,17
1584616094.34148,173.194.164.186,10.10.0.10,,,443,45082,0,1358,17
1584616094.343242,10.10.0.10,173.194.164.186,,,45082,443,0,37,17
1584616094.35075,173.194.164.186,10.10.0.10,,,443,45082,0,1358,17
1584616094.360041,173.194.164.186,10.10.0.10,,,443,45082,0,1358,17
1584616094.361858,10.10.0.10,173.194.164.186,,,45082,443,0,37,17
1584616094.369314,173.194.164.186,10.10.0.10,,,443,45082,0,1358,17
1584616094.378598,173.194.164.186,10.10.0.10,,,443,45082,0,1358,17
1584616094.3802438,10.10.0.10,173.194.164.186,,,45082,443,0,37,17
1584616094.3878784,173.194.164.186,10.10.0.10,,,443,45082,0,1358,17
1584616094.397161,173.194.164.186,10.10.0.10,,,443,45082,0,1358,17
1584616094.3987381,10.10.0.10,173.194.164.186,,,45082,443,0,50,17
1584616094.4064355,173.194.164.186,10.10.0.10,,,443,45082,0,1358,17
1584616094.4157221,173.194.164.186,10.10.0.10,,,443,45082,0,1358,17
1584616094.417383,10.10.0.10,173.194.164.186,,,45082,443,0,37,17
1584616094.4249961,173.194.164.186,10.10.0.10,,,443,45082,0,1358,17
1584616094.434271,173.194.164.186,10.10.0.10,,,443,45082,0,1358,17
1584616094.435864,10.10.0.10,173.194.164.186,,,45082,443,0,37,17
1584616094.4435544,173.194.164.186,10.10.0.10,,,443,45082,0,29,17
1584616094.4439766,173.194.164.186,10.10.0.10,,,443,45082,0,1358,17
1584616094.453254,173.194.164.186,10.10.0.10,,,443,45082,0,1358,17
1584616094.454865,10.10.0.10,173.194.164.186,,,45082,443,0,37,17
1584616094.4625351,173.194.164.186,10.10.0.10,,,443,45082,0,1358,17
1584616094.471816,173.194.164.186,10.10.0.10,,,443,45082,0,1358,17
1584616094.4751382,10.10.0.10,173.194.164.186,,,45082,443,0,37,17
1584616094.481101,173.194.164.186,10.10.0.10,,,443,45082,0,1358,17
1584616094.490376,173.194.164.186,10.10.0.10,,,443,45082,0,1358,17
1584616094.492505,10.10.0.10,173.194.164.186,,,45082,443,0,37,17
1584616094.499658,173.194.164.186,10.10.0.10,,,443,45082,0,1358,17
1584616094.508934,173.194.164.186,10.10.0.10,,,443,45082,0,1358,17
1584616094.511255,10.10.0.10,173.194.164.186,,,45082,443,0,37,17
1584616094.5182178,173.194.164.186,10.10.0.10,,,443,45082,0,1358,17
1584616094.527496,173.194.164.186,10.10.0.10,,,443,45082,0,1358,17
1584616094.5296302,10.10.0.10,173.194.164.186,,,45082,443,0,37,17
1584616094.536782,173.194.164.186,10.10.0.10,,,443,45082,0,1358,17
1584616094.546054,173.194.164.186,10.10.0.10,,,443,45082,0,1358,17
1584616094.5479715,10.10.0.10,173.194.164.186,,,45082,443,0,37,17
1584616094.555341,173.194.164.186,10.10.0.10,,,443,45082,0,1358,17
1584616094.564611,173.194.164.186,10.10.0.10,,,443,45082,0,1358,17
1584616094.5666118,10.10.0.10,173.194.164.186,,,45082,443,0,37,17
1584616094.573902,173.194.164.186,10.10.0.10,,,443,45082,0,1358,17
1584616094.583176,173.194.164.186,10.10.0.10,,,443,45082,0,1358,17
1584616094.584862,10.10.0.10,173.194.164.186,,,45082,443,0,37,17
1584616094.592465,173.194.164.186,10.10.0.10,,,443,45082,0,1358,17
1584616094.6017342,173.194.164.186,10.10.0.10,,,443,45082,0,1358,17
1584616094.6033475,10.10.0.10,173.194.164.186,,,45082,443,0,37,17
1584616094.611031,173.194.164.186,10.10.0.10,,,443,45082,0,1358,17
1584616094.6202948,173.194.164.186,10.10.0.10,,,443,45082,0,1358,17
1584616094.6220002,10.10.0.10,173.194.164.186,,,45082,443,0,37,17
1584616094.629589,173.194.164.186,10.10.0.10,,,443,45082,0,1358,17
1584616094.6388562,173.194.164.186,10.10.0.10,,,443,45082,0,1358,17
1584616094.641001,10.10.0.10,173.194.164.186,,,45082,443,0,40,17
1584616094.648136,173.194.164.186,10.10.0.10,,,443,45082,0,1358,17
1584616094.64998,10.10.0.10,173.194.164.186,,,45082,443,0,40,17
1584616094.6574109,173.194.164.186,10.10.0.10,,,443,45082,0,1358,17
1584616094.6593778,10.10.0.10,173.194.164.186,,,45082,443,0,40,17
1584616094.666696,173.194.164.186,10.10.0.10,,,443,45082,0,1358,17
1584616094.668359,10.10.0.10,173.194.164.186,,,45082,443,0,40,17
1584616094.6759741,173.194.164.186,10.10.0.10,,,443,45082,0,1358,17
1584616094.685257,173.194.164.186,10.10.0.10,,,443,45082,0,1358,17
1584616094.6871052,10.10.0.10,173.194.164.186,,,45082,443,0,40,17
1584616094.694534,173.194.164.186,10.10.0.10,,,443,45082,0,1358,17
1584616094.703815,173.194.164.186,10.10.0.10,,,443,45082,0,1358,17
1584616094.705627,10.10.0.10,173.194.164.186,,,45082,443,0,40,17
1584616094.713095,173.194.164.186,10.10.0.10,,,443,45082,0,1358,17
1584616094.722399,173.194.164.186,10.10.0.10,,,443,45082,0,1358,17
1584616094.725096,10.10.0.10,173.194.164.186,,,45082,443,0,40,17
1584616094.7316554,173.194.164.186,10.10.0.10,,,443,45082,0,1358,17
1584616094.740936,173.194.164.186,10.10.0.10,,,443,45082,0,1358,17
1584616094.7426202,10.10.0.10,173.194.164.186,,,45082,443,0,53,17
1584616094.750216,173.194.164.186,10.10.0.10,,,443,45082,0,1358,17
1584616094.7594972,173.194.164.186,10.10.0.10,,,443,45082,0,1358,17
1584616094.761249,10.10.0.10,173.194.164.186,,,45082,443,0,40,17
1584616094.7687778,173.194.164.186,10.10.0.10,,,443,45082,0,1358,17
1584616094.7780552,173.194.164.186,10.10.0.10,,,443,45082,0,1358,17
1584616094.7812278,10.10.0.10,173.194.164.186,,,45082,443,0,37,17
1584616094.7873318,173.194.164.186,10.10.0.10,,,443,45082,0,1358,17
1584616094.796618,173.194.164.186,10.10.0.10,,,443,45082,0,1358,17
1584616094.7984989,10.10.0.10,173.194.164.186,,,45082,443,0,37,17
1584616094.805899,173.194.164.186,10.10.0.10,,,443,45082,0,1358,17
1584616094.815177,173.194.164.186,10.10.0.10,,,443,45082,0,1358,17
1584616094.816997,10.10.0.10,173.194.164.186,,,45082,443,0,37,17
1584616094.8244605,173.194.164.186,10.10.0.10,,,443,45082,0,1358,17
1584616094.833734,173.194.164.186,10.10.0.10,,,443,45082,0,1358,17
1584616094.83535,10.10.0.10,173.194.164.186,,,45082,443,0,37,17
1584616094.843023,173.194.164.186,10.10.0.10,,,443,45082,0,1358,17
1584616094.852297,173.194.164.186,10.10.0.10,,,443,45082,0,1358,17
1584616094.854224,10.10.0.10,173.194.164.186,,,45082,443,0,37,17
1584616094.861591,173.194.164.186,10.10.0.10,,,443,45082,0,1358,17
1584616094.870856,173.194.164.186,10.10.0.10,,,443,45082,0,1358,17
1584616094.872621,10.10.0.10,173.194.164.186,,,45082,443,0,37,17
1584616094.8801296,173.194.164.186,10.10.0.10,,,443,45082,0,1358,17
1584616094.889414,173.194.164.186,10.10.0.10,,,443,45082,0,1358,17
1584616094.893973,10.10.0.10,173.194.164.186,,,45082,443,0,37,17
1584616094.898707,173.194.164.186,10.10.0.10,,,443,45082,0,1358,17
1584616094.907975,173.194.164.186,10.10.0.10,,,443,45082,0,1358,17
1584616094.909872,10.10.0.10,173.194.164.186,,,45082,443,0,37,17
1584616094.9172692,173.194.164.186,10.10.0.10,,,443,45082,0,1358,17
1584616094.9265351,173.194.164.186,10.10.0.10,,,443,45082,0,1358,17
1584616094.92837,10.10.0.10,173.194.164.186,,,45082,443,0,37,17
1584616094.935831,173.194.164.186,10.10.0.10,,,443,45082,0,1358,17
1584616094.945096,173.194.164.186,10.10.0.10,,,443,45082,0,1358,17
1584616094.946867,10.10.0.10,173.194.164.186,,,45082,443,0,37,17
1584616094.954392,173.194.164.186,10.10.0.10,,,443,45082,0,1358,17
1584616094.9636538,173.194.164.186,10.10.0.10,,,443,45082,0,1358,17
1584616094.9659965,10.10.0.10,173.194.164.186,,,45082,443,0,37,17
1584616094.972934,173.194.164.186,10.10.0.10,,,443,45082,0,1358,17
1584616094.982215,173.194.164.186,10.10.0.10,,,443,45082,0,1358,17
1584616094.9848409,10.10.0.10,173.194.164.186,,,45082,443,0,37,17
1584616094.991516,173.194.164.186,10.10.0.10,,,443,45082,0,1358,17
1584616095.000774,173.194.164.186,10.10.0.10,,,443,45082,0,1358,17
1584616095.010058,173.194.164.186,10.10.0.10,,,443,45082,0,1358,17
1584616095.019335,173.194.164.186,10.10.0.10,,,443,45082,0,1358,17
1584616095.02695,10.10.0.10,173.194.164.186,,,45082,443,0,37,17
1584616095.0286071,173.194.164.186,10.10.0.10,,,443,45082,0,1358,17
1584616095.0296724,10.10.0.10,173.194.164.186,,,45082,443,0,37,17
1584616095.0378964,173.194.164.186,10.10.0.10,,,443,45082,0,1358,17
1584616095.0398526,10.10.0.10,173.194.164.186,,,45082,443,0,37,17
1584616095.0471892,173.194.164.186,10.10.0.10,,,443,45082,0,1358,17
1584616095.0564508,173.194.164.186,10.10.0.10,,,443,45082,0,1358,17
1584616095.05972,10.10.0.10,173.194.164.186,,,45082,443,0,37,17
1584616095.06573,173.194.164.186,10.10.0.10,,,443,45082,0,1358,17
1584616095.0750098,173.194.164.186,10.10.0.10,,,443,45082,0,1358,17
1584616095.0767279,10.10.0.10,173.194.164.186,,,45082,443,0,37,17
1584616095.084292,173.194.164.186,10.10.0.10,,,443,45082,0,1358,17
1584616095.093577,173.194.164.186,10.10.0.10,,,443,45082,0,1358,17
1584616095.095635,10.10.0.10,173.194.164.186,,,45082,443,0,37,17
1584616095.1028602,173.194.164.186,10.10.0.10,,,443,45082,0,1358,17
1584616095.1121302,173.194.164.186,10.10.0.10,,,443,45082,0,1358,17
1584616095.11634,10.10.0.10,173.194.164.186,,,45082,443,0,50,17
1584616095.1214132,173.194.164.186,10.10.0.10,,,443,45082,0,1358,17
1584616095.1306908,173.194.164.186,10.10.0.10,,,443,45082,0,1358,17
1584616095.1342402,10.10.0.10,173.194.164.186,,,45082,443,0,37,17
1584616095.139974,173.194.164.186,10.10.0.10,,,443,45082,0,1358,17
1584616095.149266,173.194.164.186,10.10.0.10,,,443,45082,0,29,17
1584616095.1496804,173.194.164.186,10.10.0.10,,,443,45082,0,1358,17
1584616095.151217,10.10.0.10,173.194.164.186,,,45082,443,0,37,17
1584616095.158956,173.194.164.186,10.10.0.10,,,443,45082,0,1358,17
1584616095.16823,173.194.164.186,10.10.0.10,,,443,45082,0,1358,17
1584616095.169841,10.10.0.10,173.194.164.186,,,45082,443,0,37,17
1584616095.1775148,173.194.164.186,10.10.0.10,,,443,45082,0,1358,17
1584616095.186792,173.194.164.186,10.10.0.10,,,443,45082,0,1358,17
1584616095.188191,10.10.0.10,173.194.164.186,,,45082,443,0,37,17
1584616095.1960702,173.194.164.186,10.10.0.10,,,443,45082,0,1358,17
1584616095.205357,173.194.164.186,10.10.0.10,,,443,45082,0,1358,17
1584616095.2068212,10.10.0.10,173.194.164.186,,,45082,443,0,37,17
1584616095.214631,173.194.164.186,10.10.0.10,,,443,45082,0,1358,17
1584616095.2239132,173.194.164.186,10.10.0.10,,,443,45082,0,1358,17
1584616095.22559,10.10.0.10,173.194.164.186,,,45082,443,0,37,17
1584616095.2331884,173.194.164.186,10.10.0.10,,,443,45082,0,1358,17
1584616095.2424738,173.194.164.186,10.10.0.10,,,443,45082,0,1358,17
1584616095.2440882,10.10.0.10,173.194.164.186,,,45082,443,0,37,17
1584616095.251761,173.194.164.186,10.10.0.10,,,443,45082,0,1358,17
1584616095.261033,173.194.164.186,10.10.0.10,,,443,45082,0,1358,17
1584616095.262582,10.10.0.10,173.194.164.186,,,45082,443,0,37,17
1584616095.2703102,173.194.164.186,10.10.0.10,,,443,45082,0,1358,17
1584616095.2795868,173.194.164.186,10.10.0.10,,,443,45082,0,1358,17
1584616095.281338,10.10.0.10,173.194.164.186,,,45082,443,0,37,17
1584616095.288872,173.194.164.186,10.10.0.10,,,443,45082,0,1358,17
1584616095.2981539,173.194.164.186,10.10.0.10,,,443,45082,0,1358,17
1584616095.3009868,10.10.0.10,173.194.164.186,,,45082,443,0,37,17
1584616095.3074439,173.194.164.186,10.10.0.10,,,443,45082,0,1358,17
1584616095.3167162,173.194.164.186,10.10.0.10,,,443,45082,0,1358,17
1584616095.318354,10.10.0.10,173.194.164.186,,,45082,443,0,37,17
1584616095.326013,173.194.164.186,10.10.0.10,,,443,45082,0,1358,17
1584616095.335274,173.194.164.186,10.10.0.10,,,443,45082,0,1358,17
1584616095.3368561,10.10.0.10,173.194.164.186,,,45082,443,0,37,17
1584616095.344559,173.194.164.186,10.10.0.10,,,443,45082,0,1358,17
1584616095.353834,173.194.164.186,10.10.0.10,,,443,45082,0,1358,17
1584616095.3553536,10.10.0.10,173.194.164.186,,,45082,443,0,37,17
1584616095.36313,173.194.164.186,10.10.0.10,,,443,45082,0,1358,17
1584616095.3723948,173.194.164.186,10.10.0.10,,,443,45082,0,1358,17
1584616095.374968,10.10.0.10,173.194.164.186,,,45082,443,0,37,17
1584616095.3816931,173.194.164.186,10.10.0.10,,,443,45082,0,1358,17
1584616095.390954,173.194.164.186,10.10.0.10,,,443,45082,0,1358,17
1584616095.392592,10.10.0.10,173.194.164.186,,,45082,443,0,37,17
1584616095.400254,173.194.164.186,10.10.0.10,,,443,45082,0,1358,17
1584616095.409514,173.194.164.186,10.10.0.10,,,443,45082,0,1358,17
1584616095.4132292,10.10.0.10,173.194.164.186,,,45082,443,0,37,17
1584616095.418797,173.194.164.186,10.10.0.10,,,443,45082,0,1358,17
1584616095.4280698,173.194.164.186,10.10.0.10,,,443,45082,0,1358,17
1584616095.429729,10.10.0.10,173.194.164.186,,,45082,443,0,37,17
1584616095.4373796,173.194.164.186,10.10.0.10,,,443,45082,0,1358,17
1584616095.4466364,173.194.164.186,10.10.0.10,,,443,45082,0,1358,17
1584616095.448333,10.10.0.10,173.194.164.186,,,45082,443,0,37,17
1584616095.45591,173.194.164.186,10.10.0.10,,,443,45082,0,1358,17
1584616095.4651961,173.194.164.186,10.10.0.10,,,443,45082,0,1358,17
1584616095.466959,10.10.0.10,173.194.164.186,,,45082,443,0,37,17
1584616095.4744759,173.194.164.186,10.10.0.10,,,443,45082,0,1358,17
1584616095.4837544,173.194.164.186,10.10.0.10,,,443,45082,0,1358,17
1584616095.486707,10.10.0.10,173.194.164.186,,,45082,443,0,50,17
1584616095.49303,173.194.164.186,10.10.0.10,,,443,45082,0,1358,17
1584616095.502314,173.194.164.186,10.10.0.10,,,443,45082,0,1358,17
1584616095.50395,10.10.0.10,173.194.164.186,,,45082,443,0,37,17
1584616095.5115938,173.194.164.186,10.10.0.10,,,443,45082,0,1358,17
1584616095.5208778,173.194.164.186,10.10.0.10,,,443,45082,0,1358,17
1584616095.5226018,10.10.0.10,173.194.164.186,,,45082,443,0,37,17
1584616095.5301552,173.194.164.186,10.10.0.10,,,443,45082,0,29,17
1584616095.530568,173.194.164.186,10.10.0.10,,,443,45082,0,1358,17
1584616095.5398748,173.194.164.186,10.10.0.10,,,443,45082,0,1358,17
1584616095.5414748,10.10.0.10,173.194.164.186,,,45082,443,0,37,17
1584616095.5491366,173.194.164.186,10.10.0.10,,,443,45082,0,1358,17
1584616095.558414,173.194.164.186,10.10.0.10,,,443,45082,0,1358,17
1584616095.560071,10.10.0.10,173.194.164.186,,,45082,443,0,37,17
1584616095.567697,173.194.164.186,10.10.0.10,,,443,45082,0,1358,17
1584616095.576975,173.194.164.186,10.10.0.10,,,443,45082,0,1358,17
1584616095.578726,10.10.0.10,173.194.164.186,,,45082,443,0,37,17
1584616095.586255,173.194.164.186,10.10.0.10,,,443,45082,0,1358,17
1584616095.595535,173.194.164.186,10.10.0.10,,,443,45082,0,1358,17
1584616095.5969632,10.10.0.10,173.194.164.186,,,45082,443,0,37,17
1584616095.604814,173.194.164.186,10.10.0.10,,,443,45082,0,1358,17
1584616095.616418,173.194.164.186,10.10.0.10,,,443,45082,0,1358,17
1584616095.61768,10.10.0.10,173.194.164.186,,,45082,443,0,37,17
1584616095.6256962,173.194.164.186,10.10.0.10,,,443,45082,0,1358,17
1584616095.634972,173.194.164.186,10.10.0.10,,,443,45082,0,1358,17
1584616095.639846,10.10.0.10,173.194.164.186,,,45082,443,0,37,17
1584616095.644257,173.194.164.186,10.10.0.10,,,443,45082,0,1358,17
1584616095.6535358,173.194.164.186,10.10.0.10,,,443,45082,0,1358,17
1584616095.655345,10.10.0.10,173.194.164.186,,,45082,443,0,37,17
1584616095.662815,173.194.164.186,10.10.0.10,,,443,45082,0,1358,17
1584616095.6720939,173.194.164.186,10.10.0.10,,,443,45082,0,1358,17
1584616095.6739712,10.10.0.10,173.194.164.186,,,45082,443,0,37,17
1584616095.681376,173.194.164.186,10.10.0.10,,,443,45082,0,1358,17
1584616095.6906571,173.194.164.186,10.10.0.10,,,443,45082,0,1358,17
1584616095.6929538,10.10.0.10,173.194.164.186,,,45082,443,0,37,17
1584616095.699934,173.194.164.186,10.10.0.10,,,443,45082,0,1358,17
1584616095.70921,173.194.164.186,10.10.0.10,,,443,45082,0,1358,17
1584616095.710849,10.10.0.10,173.194.164.186,,,45082,443,0,37,17
1584616095.718499,173.194.164.186,10.10.0.10,,,443,45082,0,1358,17
1584616095.7277708,173.194.164.186,10.10.0.10,,,443,45082,0,1358,17
1584616095.7294712,10.10.0.10,173.194.164.186,,,45082,443,0,37,17
1584616095.7370589,173.194.164.186,10.10.0.10,,,443,45082,0,1358,17
1584616095.746336,173.194.164.186,10.10.0.10,,,443,45082,0,1358,17
1584616095.7480762,10.10.0.10,173.194.164.186,,,45082,443,0,37,17
1584616095.755625,173.194.164.186,10.10.0.10,,,443,45082,0,1358,17
1584616095.7648964,173.194.164.186,10.10.0.10,,,443,45082,0,1358,17
1584616095.7667005,10.10.0.10,173.194.164.186,,,45082,443,0,37,17
1584616095.774182,173.194.164.186,10.10.0.10,,,443,45082,0,1358,17
1584616095.7834554,173.194.164.186,10.10.0.10,,,443,45082,0,1358,17
1584616095.7852,10.10.0.10,173.194.164.186,,,45082,443,0,37,17
1584616095.7927482,173.194.164.186,10.10.0.10,,,443,45082,0,1358,17
1584616095.802015,173.194.164.186,10.10.0.10,,,443,45082,0,1358,17
1584616095.805217,10.10.0.10,173.194.164.186,,,45082,443,0,37,17
1584616095.811306,173.194.164.186,10.10.0.10,,,443,45082,0,1358,17
1584616095.820576,173.194.164.186,10.10.0.10,,,443,45082,0,1358,17
1584616095.8223412,10.10.0.10,173.194.164.186,,,45082,443,0,37,17
1584616095.8298724,173.194.164.186,10.10.0.10,,,443,45082,0,1358,17
1584616095.839134,173.194.164.186,10.10.0.10,,,443,45082,0,1358,17
1584616095.841447,10.10.0.10,173.194.164.186,,,45082,443,0,37,17
1584616095.84841,173.194.164.186,10.10.0.10,,,443,45082,0,1358,17
1584616095.857697,173.194.164.186,10.10.0.10,,,443,45082,0,1358,17
1584616095.859571,10.10.0.10,173.194.164.186,,,45082,443,0,50,17
1584616095.866991,173.194.164.186,10.10.0.10,,,443,45082,0,1358,17
1584616095.8762536,173.194.164.186,10.10.0.10,,,443,45082,0,1358,17
1584616095.8779461,10.10.0.10,173.194.164.186,,,45082,443,0,37,17
1584616095.885537,173.194.164.186,10.10.0.10,,,443,45082,0,1358,17
1584616095.894815,173.194.164.186,10.10.0.10,,,443,45082,0,1358,17
1584616095.89657,10.10.0.10,173.194.164.186,,,45082,443,0,37,17
1584616095.904095,173.194.164.186,10.10.0.10,,,443,45082,0,1358,17
1584616095.913377,173.194.164.186,10.10.0.10,,,443,45082,0,29,17
1584616095.913802,173.194.164.186,10.10.0.10,,,443,45082,0,1358,17
1584616095.9151962,10.10.0.10,173.194.164.186,,,45082,443,0,37,17
1584616095.92308,173.194.164.186,10.10.0.10,,,443,45082,0,1358,17
1584616095.9323509,173.194.164.186,10.10.0.10,,,443,45082,0,1358,17
1584616095.934193,10.10.0.10,173.194.164.186,,,45082,443,0,37,17
1584616095.9416358,173.194.164.186,10.10.0.10,,,443,45082,0,1358,17
1584616095.950925,173.194.164.186,10.10.0.10,,,443,45082,0,1358,17
1584616095.952558,10.10.0.10,173.194.164.186,,,45082,443,0,37,17
1584616095.96019,173.194.164.186,10.10.0.10,,,443,45082,0,1358,17
1584616095.9694738,173.194.164.186,10.10.0.10,,,443,45082,0,1358,17
1584616095.9710598,10.10.0.10,173.194.164.186,,,45082,443,0,37,17
1584616095.978755,173.194.164.186,10.10.0.10,,,443,45082,0,1358,17
1584616095.98805,173.194.164.186,10.10.0.10,,,443,45082,0,1358,17
1584616095.9896991,10.10.0.10,173.194.164.186,,,45082,443,0,37,17
1584616095.9973161,173.194.164.186,10.10.0.10,,,443,45082,0,1358,17
1584616096.0066118,173.194.164.186,10.10.0.10,,,443,45082,0,1358,17
1584616096.009441,10.10.0.10,173.194.164.186,,,45082,443,0,37,17
1584616096.015874,173.194.164.186,10.10.0.10,,,443,45082,0,1358,17
1584616096.025179,173.194.164.186,10.10.0.10,,,443,45082,0,1358,17
1584616096.0268366,10.10.0.10,173.194.164.186,,,45082,443,0,37,17
1584616096.034443,173.194.164.186,10.10.0.10,,,443,45082,0,1358,17
1584616096.043712,173.194.164.186,10.10.0.10,,,443,45082,0,1358,17
1584616096.0453134,10.10.0.10,173.194.164.186,,,45082,443,0,37,17
1584616096.0529912,173.194.164.186,10.10.0.10,,,443,45082,0,1358,17
1584616096.0622842,173.194.164.186,10.10.0.10,,,443,45082,0,1358,17
1584616096.063975,10.10.0.10,173.194.164.186,,,45082,443,0,37,17
1584616096.0715554,173.194.164.186,10.10.0.10,,,443,45082,0,1358,17
1584616096.08083,173.194.164.186,10.10.0.10,,,443,45082,0,1358,17
1584616096.0825562,10.10.0.10,173.194.164.186,,,45082,443,0,37,17
1584616096.0901082,173.194.164.186,10.10.0.10,,,443,45082,0,1358,17
1584616096.0993958,173.194.164.186,10.10.0.10,,,443,45082,0,1358,17
1584616096.1070714,10.10.0.10,173.194.164.186,,,45082,443,0,37,17
1584616096.1086748,173.194.164.186,10.10.0.10,,,443,45082,0,1358,17
1584616096.117957,173.194.164.186,10.10.0.10,,,443,45082,0,1358,17
1584616096.1197224,10.10.0.10,173.194.164.186,,,45082,443,0,37,17
1584616096.127232,173.194.164.186,10.10.0.10,,,443,45082,0,1358,17
1584616096.136514,173.194.164.186,10.10.0.10,,,443,45082,0,1358,17
1584616096.13815,10.10.0.10,173.194.164.186,,,45082,443,0,37,17
1584616096.145791,173.194.164.186,10.10.0.10,,,443,45082,0,1358,17
1584616096.1550775,173.194.164.186,10.10.0.10,,,443,45082,0,1358,17
1584616096.1574614,10.10.0.10,173.194.164.186,,,45082,443,0,37,17
1584616096.16435,173.194.164.186,10.10.0.10,,,443,45082,0,1358,17
1584616096.1736348,173.194.164.186,10.10.0.10,,,443,45082,0,1358,17
1584616096.1763322,10.10.0.10,173.194.164.186,,,45082,443,0,37,17
1584616096.18292,173.194.164.186,10.10.0.10,,,443,45082,0,1358,17
1584616096.1921911,173.194.164.186,10.10.0.10,,,443,45082,0,1358,17
1584616096.1937866,10.10.0.10,173.194.164.186,,,45082,443,0,37,17
1584616096.201472,173.194.164.186,10.10.0.10,,,443,45082,0,1358,17
1584616096.210751,173.194.164.186,10.10.0.10,,,443,45082,0,1358,17
1584616096.2123172,10.10.0.10,173.194.164.186,,,45082,443,0,37,17
1584616096.220032,173.194.164.186,10.10.0.10,,,443,45082,0,1358,17
1584616096.2293158,173.194.164.186,10.10.0.10,,,443,45082,0,1358,17
1584616096.2326784,10.10.0.10,173.194.164.186,,,45082,443,0,50,17
1584616096.23859,173.194.164.186,10.10.0.10,,,443,45082,0,1358,17
1584616096.247872,173.194.164.186,10.10.0.10,,,443,45082,0,1358,17
1584616096.250159,10.10.0.10,173.194.164.186,,,45082,443,0,37,17
1584616096.2571511,173.194.164.186,10.10.0.10,,,443,45082,0,1358,17
1584616096.266435,173.194.164.186,10.10.0.10,,,443,45082,0,1358,17
1584616096.2683089,10.10.0.10,173.194.164.186,,,45082,443,0,37,17
1584616096.2757108,173.194.164.186,10.10.0.10,,,443,45082,0,1358,17
1584616096.2849948,173.194.164.186,10.10.0.10,,,443,45082,0,29,17
1584616096.285407,173.194.164.186,10.10.0.10,,,443,45082,0,1358,17
1584616096.294696,173.194.164.186,10.10.0.10,,,443,45082,0,1358,17
1584616096.3039718,173.194.164.186,10.10.0.10,,,443,45082,0,1358,17
1584616096.3040562,10.10.0.10,173.194.164.186,,,45082,443,0,37,17
1584616096.305433,10.10.0.10,173.194.164.186,,,45082,443,0,37,17
1584616096.3132539,173.194.164.186,10.10.0.10,,,443,45082,0,1358,17
1584616096.319435,10.10.0.10,173.194.164.186,,,45082,443,0,37,17
1584616096.3225412,173.194.164.186,10.10.0.10,,,443,45082,0,1358,17
1584616096.331816,173.194.164.186,10.10.0.10,,,443,45082,0,1358,17
1584616096.3338258,10.10.0.10,173.194.164.186,,,45082,443,0,37,17
1584616096.341115,173.194.164.186,10.10.0.10,,,443,45082,0,1358,17
1584616096.35037,173.194.164.186,10.10.0.10,,,443,45082,0,1358,17
1584616096.3519502,10.10.0.10,173.194.164.186,,,45082,443,0,37,17
1584616096.359664,173.194.164.186,10.10.0.10,,,443,45082,0,1358,17
1584616096.3689358,173.194.164.186,10.10.0.10,,,443,45082,0,1358,17
1584616096.3712974,10.10.0.10,173.194.164.186,,,45082,443,0,37,17
1584616096.378228,173.194.164.186,10.10.0.10,,,443,45082,0,1358,17
1584616096.387495,173.194.164.186,10.10.0.10,,,443,45082,0,1358,17
1584616096.389048,10.10.0.10,173.194.164.186,,,45082,443,0,37,17
1584616096.3967881,173.194.164.186,10.10.0.10,,,443,45082,0,1358,17
1584616096.406054,173.194.164.186,10.10.0.10,,,443,45082,0,1358,17
1584616096.4076722,10.10.0.10,173.194.164.186,,,45082,443,0,37,17
1584616096.4153502,173.194.164.186,10.10.0.10,,,443,45082,0,1358,17
1584616096.4246151,173.194.164.186,10.10.0.10,,,443,45082,0,1358,17
1584616096.4264288,10.10.0.10,173.194.164.186,,,45082,443,0,37,17
1584616096.43389,173.194.164.186,10.10.0.10,,,443,45082,0,1358,17
1584616096.443177,173.194.164.186,10.10.0.10,,,443,45082,0,1358,17
1584616096.444796,10.10.0.10,173.194.164.186,,,45082,443,0,37,17
1584616096.4524732,173.194.164.186,10.10.0.10,,,443,45082,0,1358,17
1584616096.461736,173.194.164.186,10.10.0.10,,,443,45082,0,1358,17
1584616096.463328,10.10.0.10,173.194.164.186,,,45082,443,0,37,17
1584616096.471017,173.194.164.186,10.10.0.10,,,443,45082,0,1358,17
1584616096.480294,173.194.164.186,10.10.0.10,,,443,45082,0,394,17
1584616096.48167,10.10.0.10,173.194.164.186,,,45082,443,0,37,17
1584616096.528184,10.10.0.10,173.194.164.186,,,45082,443,0,717,17
1584616096.528799,10.10.0.10,173.194.164.186,,,45082,443,0,716,17
1584616096.528825,10.10.0.10,173.194.164.186,,,45082,443,0,48,17
1584616096.529072,10.10.0.10,173.194.164.186,,,45082,443,0,48,17
1584616096.5330539,173.194.164.186,10.10.0.10,,,443,45082,0,115,17
1584616096.5330849,173.194.164.186,10.10.0.10,,,443,45082,0,1358,17
1584616096.5331092,173.194.164.186,10.10.0.10,,,443,45082,0,1358,17
1584616096.5354311,10.10.0.10,173.194.164.186,,,45082,443,0,37,17
1584616096.541975,173.194.164.186,10.10.0.10,,,443,45082,0,1358,17
1584616096.543676,10.10.0.10,173.194.164.186,,,45082,443,0,37,17
1584616096.5512302,173.194.164.186,10.10.0.10,,,443,45082,0,1358,17
1584616096.5605054,173.194.164.186,10.10.0.10,,,443,45082,0,1358,17
1584616096.56205,10.10.0.10,173.194.164.186,,,45082,443,0,37,17
1584616096.5697892,173.194.164.186,10.10.0.10,,,443,45082,0,1358,17
1584616096.5790682,173.194.164.186,10.10.0.10,,,443,45082,0,1358,17
1584616096.5806944,10.10.0.10,173.194.164.186,,,45082,443,0,37,17
1584616096.588347,173.194.164.186,10.10.0.10,,,443,45082,0,1358,17
1584616096.597632,173.194.164.186,10.10.0.10,,,443,45082,0,1358,17
1584616096.599447,10.10.0.10,173.194.164.186,,,45082,443,0,37,17
1584616096.606911,173.194.164.186,10.10.0.10,,,443,45082,0,1358,17
1584616096.616193,173.194.164.186,10.10.0.10,,,443,45082,0,1358,17
1584616096.617943,10.10.0.10,173.194.164.186,,,45082,443,0,37,17
1584616096.625473,173.194.164.186,10.10.0.10,,,443,45082,0,1358,17
1584616096.6347492,173.194.164.186,10.10.0.10,,,443,45082,0,1358,17
1584616096.6363,10.10.0.10,173.194.164.186,,,45082,443,0,37,17
1584616096.644033,173.194.164.186,10.10.0.10,,,443,45082,0,1358,17
1584616096.6533082,173.194.164.186,10.10.0.10,,,443,45082,0,1358,17
1584616096.654922,10.10.0.10,173.194.164.186,,,45082,443,0,37,17
1584616096.663003,173.194.164.186,10.10.0.10,,,443,45082,0,1358,17
1584616096.672285,173.194.164.186,10.10.0.10,,,443,45082,0,1358,17
1584616096.673939,10.10.0.10,173.194.164.186,,,45082,443,0,37,17
1584616096.681564,173.194.164.186,10.10.0.10,,,443,45082,0,1358,17
1584616096.6919339,173.194.164.186,10.10.0.10,,,443,45082,0,1358,17
1584616096.6938202,10.10.0.10,173.194.164.186,,,45082,443,0,37,17
1584616096.701216,173.194.164.186,10.10.0.10,,,443,45082,0,1358,17
1584616096.7104838,173.194.164.186,10.10.0.10,,,443,45082,0,1358,17
1584616096.7120461,10.10.0.10,173.194.164.186,,,45082,443,0,37,17
1584616096.7197788,173.194.164.186,10.10.0.10,,,443,45082,0,1358,17
1584616096.729039,173.194.164.186,10.10.0.10,,,443,45082,0,1358,17
1584616096.73069,10.10.0.10,173.194.164.186,,,45082,443,0,37,17
1584616096.7383401,173.194.164.186,10.10.0.10,,,443,45082,0,1358,17
1584616096.747603,173.194.164.186,10.10.0.10,,,443,45082,0,1358,17
1584616096.749311,10.10.0.10,173.194.164.186,,,45082,443,0,37,17
1584616096.756886,173.194.164.186,10.10.0.10,,,443,45082,0,1358,17
1584616096.7661636,173.194.164.186,10.10.0.10,,,443,45082,0,1358,17
1584616096.76792,10.10.0.10,173.194.164.186,,,45082,443,0,37,17
1584616096.775464,173.194.164.186,10.10.0.10,,,443,45082,0,1358,17
1584616096.7847226,173.194.164.186,10.10.0.10,,,443,45082,0,1358,17
1584616096.7864392,10.10.0.10,173.194.164.186,,,45082,443,0,37,17
1584616096.794006,173.194.164.186,10.10.0.10,,,443,45082,0,1358,17
1584616096.803283,173.194.164.186,10.10.0.10,,,443,45082,0,1358,17
1584616096.8049376,10.10.0.10,173.194.164.186,,,45082,443,0,37,17
1584616096.812562,173.194.164.186,10.10.0.10,,,443,45082,0,1358,17
1584616096.8218448,173.194.164.186,10.10.0.10,,,443,45082,0,1358,17
1584616096.82344,10.10.0.10,173.194.164.186,,,45082,443,0,37,17
1584616096.8311238,173.194.164.186,10.10.0.10,,,443,45082,0,1358,17
1584616096.840399,173.194.164.186,10.10.0.10,,,443,45082,0,1358,17
1584616096.84444,10.10.0.10,173.194.164.186,,,45082,443,0,37,17
1584616096.84969,173.194.164.186,10.10.0.10,,,443,45082,0,1358,17
1584616096.8589635,173.194.164.186,10.10.0.10,,,443,45082,0,1358,17
1584616096.860667,10.10.0.10,173.194.164.186,,,45082,443,0,37,17
1584616096.868242,173.194.164.186,10.10.0.10,,,443,45082,0,1358,17
1584616096.877525,173.194.164.186,10.10.0.10,,,443,45082,0,1358,17
1584616096.879158,10.10.0.10,173.194.164.186,,,45082,443,0,50,17
1584616096.886802,173.194.164.186,10.10.0.10,,,443,45082,0,1358,17
1584616096.89609,173.194.164.186,10.10.0.10,,,443,45082,0,1358,17
1584616096.897794,10.10.0.10,173.194.164.186,,,45082,443,0,37,17
1584616096.9053636,173.194.164.186,10.10.0.10,,,443,45082,0,1358,17
1584616096.9146528,173.194.164.186,10.10.0.10,,,443,45082,0,1358,17
1584616096.9163165,10.10.0.10,173.194.164.186,,,45082,443,0,37,17
1584616096.9239314,173.194.164.186,10.10.0.10,,,443,45082,0,1358,17
1584616096.9332118,173.194.164.186,10.10.0.10,,,443,45082,0,1358,17
1584616096.93504,10.10.0.10,173.194.164.186,,,45082,443,0,37,17
1584616096.942486,173.194.164.186,10.10.0.10,,,443,45082,0,1358,17
1584616096.9517741,173.194.164.186,10.10.0.10,,,443,45082,0,1358,17
1584616096.9534428,10.10.0.10,173.194.164.186,,,45082,443,0,37,17
1584616096.961043,173.194.164.186,10.10.0.10,,,443,45082,0,1358,17
1584616096.9703224,173.194.164.186,10.10.0.10,,,443,45082,0,1358,17
1584616096.9735384,10.10.0.10,173.194.164.186,,,45082,443,0,37,17
1584616096.9796038,173.194.164.186,10.10.0.10,,,443,45082,0,1358,17
1584616096.9888828,173.194.164.186,10.10.0.10,,,443,45082,0,1358,17
1584616096.99039,10.10.0.10,173.194.164.186,,,45082,443,0,37,17
1584616096.998163,173.194.164.186,10.10.0.10,,,443,45082,0,1358,17
1584616097.007458,173.194.164.186,10.10.0.10,,,443,45082,0,1358,17
1584616097.01004,10.10.0.10,173.194.164.186,,,45082,443,0,37,17
1584616097.0167189,173.194.164.186,10.10.0.10,,,443,45082,0,1358,17
1584616097.026021,173.194.164.186,10.10.0.10,,,443,45082,0,1358,17
1584616097.0277882,10.10.0.10,173.194.164.186,,,45082,443,0,37,17
1584616097.0352829,173.194.164.186,10.10.0.10,,,443,45082,0,1358,17
1584616097.0445812,173.194.164.186,10.10.0.10,,,443,45082,0,1358,17
1584616097.0463068,10.10.0.10,173.194.164.186,,,45082,443,0,37,17
1584616097.0538418,173.194.164.186,10.10.0.10,,,443,45082,0,1358,17
1584616097.063119,173.194.164.186,10.10.0.10,,,443,45082,0,1358,17
1584616097.0645,10.10.0.10,173.194.164.186,,,45082,443,0,37,17
1584616097.0723991,173.194.164.186,10.10.0.10,,,443,45082,0,1358,17
1584616097.081683,173.194.164.186,10.10.0.10,,,443,45082,0,1358,17
1584616097.086533,10.10.0.10,173.194.164.186,,,45082,443,0,37,17
1584616097.0909634,173.194.164.186,10.10.0.10,,,443,45082,0,1358,17
1584616097.100241,173.194.164.186,10.10.0.10,,,443,45082,0,1358,17
1584616097.101778,10.10.0.10,173.194.164.186,,,45082,443,0,37,17
1584616097.1095238,173.194.164.186,10.10.0.10,,,443,45082,0,1358,17
1584616097.1188052,173.194.164.186,10.10.0.10,,,443,45082,0,1358,17
1584616097.120558,10.10.0.10,173.194.164.186,,,45082,443,0,37,17
1584616097.128079,173.194.164.186,10.10.0.10,,,443,45082,0,1358,17
1584616097.1373582,173.194.164.186,10.10.0.10,,,443,45082,0,1358,17
1584616097.1389148,10.10.0.10,173.194.164.186,,,45082,443,0,37,17
1584616097.146643,173.194.164.186,10.10.0.10,,,443,45082,0,1358,17
1584616097.1559432,173.194.164.186,10.10.0.10,,,443,45082,0,1358,17
1584616097.160934,10.10.0.10,173.194.164.186,,,45082,443,0,37,17
1584616097.1652062,173.194.164.186,10.10.0.10,,,443,45082,0,1358,17
1584616097.174482,173.194.164.186,10.10.0.10,,,443,45082,0,1358,17
1584616097.1766381,10.10.0.10,173.194.164.186,,,45082,443,0,37,17
1584616097.1837618,173.194.164.186,10.10.0.10,,,443,45082,0,1358,17
1584616097.193043,173.194.164.186,10.10.0.10,,,443,45082,0,1358,17
1584616097.195179,10.10.0.10,173.194.164.186,,,45082,443,0,37,17
1584616097.2023182,173.194.164.186,10.10.0.10,,,443,45082,0,1358,17
1584616097.2116098,173.194.164.186,10.10.0.10,,,443,45082,0,1358,17
1584616097.213276,10.10.0.10,173.194.164.186,,,45082,443,0,37,17
1584616097.220882,173.194.164.186,10.10.0.10,,,443,45082,0,1358,17
1584616097.23016,173.194.164.186,10.10.0.10,,,443,45082,0,1358,17
1584616097.231761,10.10.0.10,173.194.164.186,,,45082,443,0,37,17
1584616097.2394528,173.194.164.186,10.10.0.10,,,443,45082,0,1358,17
1584616097.2487252,173.194.164.186,10.10.0.10,,,443,45082,0,1358,17
1584616097.2504349,10.10.0.10,173.194.164.186,,,45082,443,0,50,17
1584616097.258013,173.194.164.186,10.10.0.10,,,443,45082,0,1358,17
1584616097.267282,173.194.164.186,10.10.0.10,,,443,45082,0,1358,17
1584616097.26905,10.10.0.10,173.194.164.186,,,45082,443,0,37,17
1584616097.276577,173.194.164.186,10.10.0.10,,,443,45082,0,1358,17
1584616097.285843,173.194.164.186,10.10.0.10,,,443,45082,0,1358,17
1584616097.2873962,10.10.0.10,173.194.164.186,,,45082,443,0,37,17
1584616097.295137,173.194.164.186,10.10.0.10,,,443,45082,0,1358,17
1584616097.3044028,173.194.164.186,10.10.0.10,,,443,45082,0,1358,17
1584616097.306055,10.10.0.10,173.194.164.186,,,45082,443,0,37,17
1584616097.3136988,173.194.164.186,10.10.0.10,,,443,45082,0,1358,17
1584616097.3229618,173.194.164.186,10.10.0.10,,,443,45082,0,1358,17
1584616097.3245304,10.10.0.10,173.194.164.186,,,45082,443,0,37,17
1584616097.3322382,173.194.164.186,10.10.0.10,,,443,45082,0,1358,17
1584616097.341523,173.194.164.186,10.10.0.10,,,443,45082,0,1358,17
1584616097.343145,10.10.0.10,173.194.164.186,,,45082,443,0,37,17
1584616097.350822,173.194.164.186,10.10.0.10,,,443,45082,0,1358,17
1584616097.3600821,173.194.164.186,10.10.0.10,,,443,45082,0,1358,17
1584616097.361904,10.10.0.10,173.194.164.186,,,45082,443,0,37,17
1584616097.3693626,173.194.164.186,10.10.0.10,,,443,45082,0,1358,17
1584616097.3786438,173.194.164.186,10.10.0.10,,,443,45082,0,1358,17
1584616097.3802779,10.10.0.10,173.194.164.186,,,45082,443,0,37,17
1584616097.3879519,173.194.164.186,10.10.0.10,,,443,45082,0,1358,17
1584616097.397205,173.194.164.186,10.10.0.10,,,443,45082,0,1358,17
1584616097.3989012,10.10.0.10,173.194.164.186,,,45082,443,0,37,17
1584616097.406482,173.194.164.186,10.10.0.10,,,443,45082,0,1358,17
1584616097.4157634,173.194.164.186,10.10.0.10,,,443,45082,0,1358,17
1584616097.417526,10.10.0.10,173.194.164.186,,,45082,443,0,37,17
1584616097.425042,173.194.164.186,10.10.0.10,,,443,45082,0,1358,17
1584616097.4343224,173.194.164.186,10.10.0.10,,,443,45082,0,1358,17
1584616097.4359002,10.10.0.10,173.194.164.186,,,45082,443,0,37,17
1584616097.4436018,173.194.164.186,10.10.0.10,,,443,45082,0,1358,17
1584616097.4528828,173.194.164.186,10.10.0.10,,,443,45082,0,1358,17
1584616097.454553,10.10.0.10,173.194.164.186,,,45082,443,0,37,17
1584616097.462165,173.194.164.186,10.10.0.10,,,443,45082,0,1358,17
1584616097.471447,173.194.164.186,10.10.0.10,,,443,45082,0,1358,17
1584616097.473023,10.10.0.10,173.194.164.186,,,45082,443,0,37,17
1584616097.4807231,173.194.164.186,10.10.0.10,,,443,45082,0,1358,17
1584616097.490006,173.194.164.186,10.10.0.10,,,443,45082,0,1358,17
1584616097.4916675,10.10.0.10,173.194.164.186,,,45082,443,0,37,17
1584616097.4992821,173.194.164.186,10.10.0.10,,,443,45082,0,1358,17
1584616097.508572,173.194.164.186,10.10.0.10,,,443,45082,0,1358,17
1584616097.5101464,10.10.0.10,173.194.164.186,,,45082,443,0,37,17
1584616097.5178428,173.194.164.186,10.10.0.10,,,443,45082,0,1358,17
1584616097.5271304,173.194.164.186,10.10.0.10,,,443,45082,0,1358,17
1584616097.5295222,10.10.0.10,173.194.164.186,,,45082,443,0,37,17
1584616097.5363991,173.194.164.186,10.10.0.10,,,443,45082,0,1358,17
1584616097.5456922,173.194.164.186,10.10.0.10,,,443,45082,0,1358,17
1584616097.547166,10.10.0.10,173.194.164.186,,,45082,443,0,37,17
1584616097.5549624,173.194.164.186,10.10.0.10,,,443,45082,0,1358,17
1584616097.564256,173.194.164.186,10.10.0.10,,,443,45082,0,1358,17
1584616097.567271,10.10.0.10,173.194.164.186,,,45082,443,0,37,17
1584616097.5735226,173.194.164.186,10.10.0.10,,,443,45082,0,1358,17
1584616097.582819,173.194.164.186,10.10.0.10,,,443,45082,0,1358,17
1584616097.5906682,10.10.0.10,173.194.164.186,,,45082,443,0,37,17
1584616097.592083,173.194.164.186,10.10.0.10,,,443,45082,0,1358,17
1584616097.601379,173.194.164.186,10.10.0.10,,,443,45082,0,1358,17
1584616097.6030204,10.10.0.10,173.194.164.186,,,45082,443,0,37,17
1584616097.610643,173.194.164.186,10.10.0.10,,,443,45082,0,1358,17
1584616097.6199422,173.194.164.186,10.10.0.10,,,443,45082,0,1358,17
1584616097.6215384,10.10.0.10,173.194.164.186,,,45082,443,0,50,17
1584616097.629202,173.194.164.186,10.10.0.10,,,443,45082,0,1358,17
1584616097.6385028,173.194.164.186,10.10.0.10,,,443,45082,0,1358,17
1584616097.640146,10.10.0.10,173.194.164.186,,,45082,443,0,37,17
1584616097.6477628,173.194.164.186,10.10.0.10,,,443,45082,0,1358,17
1584616097.6570652,173.194.164.186,10.10.0.10,,,443,45082,0,1358,17
1584616097.659538,10.10.0.10,173.194.164.186,,,45082,443,0,37,17
1584616097.6663241,173.194.164.186,10.10.0.10,,,443,45082,0,1358,17
1584616097.675603,173.194.164.186,10.10.0.10,,,443,45082,0,1358,17
1584616097.677288,10.10.0.10,173.194.164.186,,,45082,443,0,37,17
1584616097.684885,173.194.164.186,10.10.0.10,,,443,45082,0,1358,17
1584616097.694162,173.194.164.186,10.10.0.10,,,443,45082,0,1358,17
1584616097.695893,10.10.0.10,173.194.164.186,,,45082,443,0,37,17
1584616097.703439,173.194.164.186,10.10.0.10,,,443,45082,0,1358,17
1584616097.7127216,173.194.164.186,10.10.0.10,,,443,45082,0,1358,17
1584616097.714392,10.10.0.10,173.194.164.186,,,45082,443,0,37,17
1584616097.721997,173.194.164.186,10.10.0.10,,,443,45082,0,1358,17
1584616097.731284,173.194.164.186,10.10.0.10,,,443,45082,0,1358,17
1584616097.7330372,10.10.0.10,173.194.164.186,,,45082,443,0,37,17
1584616097.740558,173.194.164.186,10.10.0.10,,,443,45082,0,1358,17
1584616097.7498622,173.194.164.186,10.10.0.10,,,443,45082,0,1358,17
1584616097.751516,10.10.0.10,173.194.164.186,,,45082,443,0,37,17
1584616097.759118,173.194.164.186,10.10.0.10,,,443,45082,0,1358,17
1584616097.768398,173.194.164.186,10.10.0.10,,,443,45082,0,1358,17
1584616097.7702668,10.10.0.10,173.194.164.186,,,45082,443,0,37,17
1584616097.777688,173.194.164.186,10.10.0.10,,,443,45082,0,1358,17
1584616097.7869642,173.194.164.186,10.10.0.10,,,443,45082,0,1358,17
1584616097.788639,10.10.0.10,173.194.164.186,,,45082,443,0,37,17
1584616097.796247,173.194.164.186,10.10.0.10,,,443,45082,0,1358,17
1584616097.8055232,173.194.164.186,10.10.0.10,,,443,45082,0,1358,17
1584616097.8071392,10.10.0.10,173.194.164.186,,,45082,443,0,37,17
1584616097.814811,173.194.164.186,10.10.0.10,,,443,45082,0,1358,17
1584616097.8240778,173.194.164.186,10.10.0.10,,,443,45082,0,1358,17
1584616097.825908,10.10.0.10,173.194.164.186,,,45082,443,0,37,17
1584616097.833376,173.194.164.186,10.10.0.10,,,443,45082,0,1358,17
1584616097.842672,173.194.164.186,10.10.0.10,,,443,45082,0,1358,17
1584616097.8449082,10.10.0.10,173.194.164.186,,,45082,443,0,37,17
1584616097.851927,173.194.164.186,10.10.0.10,,,443,45082,0,1358,17
1584616097.861202,173.194.164.186,10.10.0.10,,,443,45082,0,1358,17
1584616097.862762,10.10.0.10,173.194.164.186,,,45082,443,0,37,17
1584616097.870497,173.194.164.186,10.10.0.10,,,443,45082,0,1358,17
1584616097.8797634,173.194.164.186,10.10.0.10,,,443,45082,0,1358,17
1584616097.881406,10.10.0.10,173.194.164.186,,,45082,443,0,37,17
1584616097.889058,173.194.164.186,10.10.0.10,,,443,45082,0,1358,17
1584616097.898322,173.194.164.186,10.10.0.10,,,443,45082,0,1358,17
1584616097.8999062,10.10.0.10,173.194.164.186,,,45082,443,0,37,17
1584616097.90762,173.194.164.186,10.10.0.10,,,443,45082,0,1358,17
1584616097.916883,173.194.164.186,10.10.0.10,,,443,45082,0,1358,17
1584616097.9186358,10.10.0.10,173.194.164.186,,,45082,443,0,37,17
1584616097.926179,173.194.164.186,10.10.0.10,,,443,45082,0,1358,17
1584616097.935442,173.194.164.186,10.10.0.10,,,443,45082,0,1358,17
1584616097.9372802,10.10.0.10,173.194.164.186,,,45082,443,0,37,17
1584616097.9447238,173.194.164.186,10.10.0.10,,,443,45082,0,1358,17
1584616097.9540038,173.194.164.186,10.10.0.10,,,443,45082,0,1358,17
1584616097.9557822,10.10.0.10,173.194.164.186,,,45082,443,0,37,17
1584616097.9632866,173.194.164.186,10.10.0.10,,,443,45082,0,1358,17
1584616097.972569,173.194.164.186,10.10.0.10,,,443,45082,0,1358,17
1584616097.9744039,10.10.0.10,173.194.164.186,,,45082,443,0,37,17
1584616097.9818418,173.194.164.186,10.10.0.10,,,443,45082,0,1358,17
1584616097.991123,173.194.164.186,10.10.0.10,,,443,45082,0,1358,17
1584616097.9929092,10.10.0.10,173.194.164.186,,,45082,443,0,50,17
1584616098.000402,173.194.164.186,10.10.0.10,,,443,45082,0,1358,17
1584616098.009685,173.194.164.186,10.10.0.10,,,443,45082,0,1358,17
1584616098.011411,10.10.0.10,173.194.164.186,,,45082,443,0,37,17
1584616098.0189636,173.194.164.186,10.10.0.10,,,443,45082,0,1358,17
1584616098.028239,173.194.164.186,10.10.0.10,,,443,45082,0,1358,17
1584616098.0300338,10.10.0.10,173.194.164.186,,,45082,443,0,37,17
1584616098.0375226,173.194.164.186,10.10.0.10,,,443,45082,0,1358,17
1584616098.046803,173.194.164.186,10.10.0.10,,,443,45082,0,1358,17
1584616098.048594,10.10.0.10,173.194.164.186,,,45082,443,0,37,17
1584616098.0560784,173.194.164.186,10.10.0.10,,,443,45082,0,1358,17
1584616098.065366,173.194.164.186,10.10.0.10,,,443,45082,0,1358,17
1584616098.067143,10.10.0.10,173.194.164.186,,,45082,443,0,37,17
1584616098.074642,173.194.164.186,10.10.0.10,,,443,45082,0,1358,17
1584616098.083934,173.194.164.186,10.10.0.10,,,443,45082,0,1358,17
1584616098.085886,10.10.0.10,173.194.164.186,,,45082,443,0,37,17
1584616098.0932038,173.194.164.186,10.10.0.10,,,443,45082,0,1358,17
1584616098.102489,173.194.164.186,10.10.0.10,,,443,45082,0,1358,17
1584616098.10413,10.10.0.10,173.194.164.186,,,45082,443,0,37,17
1584616098.111758,173.194.164.186,10.10.0.10,,,443,45082,0,1358,17
1584616098.121036,173.194.164.186,10.10.0.10,,,443,45082,0,1358,17
1584616098.122477,10.10.0.10,173.194.164.186,,,45082,443,0,37,17
1584616098.1303306,173.194.164.186,10.10.0.10,,,443,45082,0,1358,17
1584616098.1396,173.194.164.186,10.10.0.10,,,443,45082,0,1358,17
1584616098.1418614,10.10.0.10,173.194.164.186,,,45082,443,0,37,17
1584616098.148882,173.194.164.186,10.10.0.10,,,443,45082,0,1358,17
1584616098.158158,173.194.164.186,10.10.0.10,,,443,45082,0,1358,17
1584616098.161006,10.10.0.10,173.194.164.186,,,45082,443,0,37,17
1584616098.1674438,173.194.164.186,10.10.0.10,,,443,45082,0,1358,17
1584616098.1767359,173.194.164.186,10.10.0.10,,,443,45082,0,1358,17
1584616098.17865,10.10.0.10,173.194.164.186,,,45082,443,0,37,17
1584616098.1859992,173.194.164.186,10.10.0.10,,,443,45082,0,1358,17
1584616098.195282,173.194.164.186,10.10.0.10,,,443,45082,0,1358,17
1584616098.197093,10.10.0.10,173.194.164.186,,,45082,443,0,37,17
1584616098.20456,173.194.164.186,10.10.0.10,,,443,45082,0,1358,17
1584616098.213839,173.194.164.186,10.10.0.10,,,443,45082,0,1358,17
1584616098.215482,10.10.0.10,173.194.164.186,,,45082,443,0,37,17
1584616098.2231214,173.194.164.186,10.10.0.10,,,443,45082,0,1358,17
1584616098.232399,173.194.164.186,10.10.0.10,,,443,45082,0,1358,17
1584616098.233967,10.10.0.10,173.194.164.186,,,45082,443,0,37,17
1584616098.2416804,173.194.164.186,10.10.0.10,,,443,45082,0,1358,17
1584616098.2509725,173.194.164.186,10.10.0.10,,,443,45082,0,1358,17
1584616098.252774,10.10.0.10,173.194.164.186,,,45082,443,0,37,17
1584616098.2602382,173.194.164.186,10.10.0.10,,,443,45082,0,1358,17
1584616098.269543,173.194.164.186,10.10.0.10,,,443,45082,0,1358,17
1584616098.2712605,10.10.0.10,173.194.164.186,,,45082,443,0,37,17
1584616098.278798,173.194.164.186,10.10.0.10,,,443,45082,0,1358,17
1584616098.2880778,173.194.164.186,10.10.0.10,,,443,45082,0,1358,17
1584616098.2921262,10.10.0.10,173.194.164.186,,,45082,443,0,37,17
1584616098.2973628,173.194.164.186,10.10.0.10,,,443,45082,0,1358,17
1584616098.3066368,173.194.164.186,10.10.0.10,,,443,45082,0,1358,17
1584616098.313634,10.10.0.10,173.194.164.186,,,45082,443,0,37,17
1584616098.3159342,173.194.164.186,10.10.0.10,,,443,45082,0,1358,17
1584616098.325202,173.194.164.186,10.10.0.10,,,443,45082,0,1358,17
1584616098.3285232,10.10.0.10,173.194.164.186,,,45082,443,0,37,17
1584616098.334482,173.194.164.186,10.10.0.10,,,443,45082,0,1358,17
1584616098.3437636,173.194.164.186,10.10.0.10,,,443,45082,0,1358,17
1584616098.345376,10.10.0.10,173.194.164.186,,,45082,443,0,37,17
1584616098.3530452,173.194.164.186,10.10.0.10,,,443,45082,0,1358,17
1584616098.3623226,173.194.164.186,10.10.0.10,,,443,45082,0,1358,17
1584616098.3653948,10.10.0.10,173.194.164.186,,,45082,443,0,50,17
1584616098.371606,173.194.164.186,10.10.0.10,,,443,45082,0,1358,17
1584616098.380883,173.194.164.186,10.10.0.10,,,443,45082,0,1358,17
1584616098.382516,10.10.0.10,173.194.164.186,,,45082,443,0,37,17
1584616098.3901699,173.194.164.186,10.10.0.10,,,443,45082,0,1358,17
1584616098.399442,173.194.164.186,10.10.0.10,,,443,45082,0,1358,17
1584616098.4013708,10.10.0.10,173.194.164.186,,,45082,443,0,37,17
1584616098.40873,173.194.164.186,10.10.0.10,,,443,45082,0,1358,17
1584616098.4180038,173.194.164.186,10.10.0.10,,,443,45082,0,1358,17
1584616098.419974,10.10.0.10,173.194.164.186,,,45082,443,0,37,17
1584616098.427294,173.194.164.186,10.10.0.10,,,443,45082,0,1358,17
1584616098.4365635,173.194.164.186,10.10.0.10,,,443,45082,0,1358,17
1584616098.438496,10.10.0.10,173.194.164.186,,,45082,443,0,37,17
1584616098.445838,173.194.164.186,10.10.0.10,,,443,45082,0,1358,17
1584616098.455123,173.194.164.186,10.10.0.10,,,443,45082,0,1358,17
1584616098.4571118,10.10.0.10,173.194.164.186,,,45082,443,0,37,17
1584616098.464399,173.194.164.186,10.10.0.10,,,443,45082,0,1358,17
1584616098.4736829,173.194.164.186,10.10.0.10,,,443,45082,0,1358,17
1584616098.4786394,10.10.0.10,173.194.164.186,,,45082,443,0,37,17
1584616098.482977,173.194.164.186,10.10.0.10,,,443,45082,0,1358,17
1584616098.492238,173.194.164.186,10.10.0.10,,,443,45082,0,1358,17
1584616098.494138,10.10.0.10,173.194.164.186,,,45082,443,0,37,17
1584616098.501539,173.194.164.186,10.10.0.10,,,443,45082,0,1358,17
1584616098.510806,173.194.164.186,10.10.0.10,,,443,45082,0,1358,17
1584616098.512514,10.10.0.10,173.194.164.186,,,45082,443,0,37,17
1584616098.520083,173.194.164.186,10.10.0.10,,,443,45082,0,1358,17
1584616098.529362,173.194.164.186,10.10.0.10,,,443,45082,0,1358,17
1584616098.5308702,10.10.0.10,173.194.164.186,,,45082,443,0,37,17
1584616098.5386634,173.194.164.186,10.10.0.10,,,443,45082,0,1358,17
1584616098.547934,173.194.164.186,10.10.0.10,,,443,45082,0,1358,17
1584616098.5495179,10.10.0.10,173.194.164.186,,,45082,443,0,37,17
1584616098.5572028,173.194.164.186,10.10.0.10,,,443,45082,0,1358,17
1584616098.5664828,173.194.164.186,10.10.0.10,,,443,45082,0,1358,17
1584616098.569117,10.10.0.10,173.194.164.186,,,45082,443,0,37,17
1584616098.5757608,173.194.164.186,10.10.0.10,,,443,45082,0,1358,17
1584616098.585044,173.194.164.186,10.10.0.10,,,443,45082,0,1358,17
1584616098.586751,10.10.0.10,173.194.164.186,,,45082,443,0,37,17
1584616098.594324,173.194.164.186,10.10.0.10,,,443,45082,0,1358,17
1584616098.6036036,173.194.164.186,10.10.0.10,,,443,45082,0,1358,17
1584616098.605366,10.10.0.10,173.194.164.186,,,45082,443,0,37,17
1584616098.6128821,173.194.164.186,10.10.0.10,,,443,45082,0,1358,17
1584616098.6221652,173.194.164.186,10.10.0.10,,,443,45082,0,1358,17
1584616098.6238651,10.10.0.10,173.194.164.186,,,45082,443,0,37,17
1584616098.63144,173.194.164.186,10.10.0.10,,,443,45082,0,1358,17
1584616098.640723,173.194.164.186,10.10.0.10,,,443,45082,0,1358,17
1584616098.6425102,10.10.0.10,173.194.164.186,,,45082,443,0,37,17
1584616098.650004,173.194.164.186,10.10.0.10,,,443,45082,0,1358,17
1584616098.6592882,173.194.164.186,10.10.0.10,,,443,45082,0,1358,17
1584616098.660867,10.10.0.10,173.194.164.186,,,45082,443,0,37,17
1584616098.6685634,173.194.164.186,10.10.0.10,,,443,45082,0,1358,17
1584616098.6778471,173.194.164.186,10.10.0.10,,,443,45082,0,1358,17
1584616098.679632,10.10.0.10,173.194.164.186,,,45082,443,0,37,17
1584616098.6871252,173.194.164.186,10.10.0.10,,,443,45082,0,1358,17
1584616098.696414,173.194.164.186,10.10.0.10,,,443,45082,0,1358,17
1584616098.6981132,10.10.0.10,173.194.164.186,,,45082,443,0,37,17
1584616098.705684,173.194.164.186,10.10.0.10,,,443,45082,0,1358,17
1584616098.7149732,173.194.164.186,10.10.0.10,,,443,45082,0,1358,17
1584616098.7167606,10.10.0.10,173.194.164.186,,,45082,443,0,37,17
1584616098.7242448,173.194.164.186,10.10.0.10,,,443,45082,0,1358,17
1584616098.733535,173.194.164.186,10.10.0.10,,,443,45082,0,1358,17
1584616098.7356124,10.10.0.10,173.194.164.186,,,45082,443,0,50,17
1584616098.742805,173.194.164.186,10.10.0.10,,,443,45082,0,1358,17
1584616098.7520778,173.194.164.186,10.10.0.10,,,443,45082,0,1358,17
1584616098.7537286,10.10.0.10,173.194.164.186,,,45082,443,0,37,17
1584616098.7613618,173.194.164.186,10.10.0.10,,,443,45082,0,1358,17
1584616098.770656,173.194.164.186,10.10.0.10,,,443,45082,0,1358,17
1584616098.773604,10.10.0.10,173.194.164.186,,,45082,443,0,37,17
1584616098.779928,173.194.164.186,10.10.0.10,,,443,45082,0,1358,17
1584616098.7892199,173.194.164.186,10.10.0.10,,,443,45082,0,1358,17
1584616098.790979,10.10.0.10,173.194.164.186,,,45082,443,0,37,17
1584616098.7984838,173.194.164.186,10.10.0.10,,,443,45082,0,1358,17
1584616098.8077636,173.194.164.186,10.10.0.10,,,443,45082,0,1358,17
1584616098.809474,10.10.0.10,173.194.164.186,,,45082,443,0,37,17
1584616098.8170428,173.194.164.186,10.10.0.10,,,443,45082,0,1358,17
1584616098.8263235,173.194.164.186,10.10.0.10,,,443,45082,0,1358,17
1584616098.829011,10.10.0.10,173.194.164.186,,,45082,443,0,37,17
1584616098.8356018,173.194.164.186,10.10.0.10,,,443,45082,0,1358,17
1584616098.844904,173.194.164.186,10.10.0.10,,,443,45082,0,1358,17
1584616098.8541632,173.194.164.186,10.10.0.10,,,443,45082,0,1358,17
1584616098.863441,173.194.164.186,10.10.0.10,,,443,45082,0,1358,17
1584616098.8644829,10.10.0.10,173.194.164.186,,,45082,443,0,37,17
1584616098.865133,10.10.0.10,173.194.164.186,,,45082,443,0,37,17
1584616098.8727221,173.194.164.186,10.10.0.10,,,443,45082,0,1358,17
1584616098.882001,173.194.164.186,10.10.0.10,,,443,45082,0,1358,17
1584616098.88363,10.10.0.10,173.194.164.186,,,45082,443,0,37,17
1584616098.8912838,173.194.164.186,10.10.0.10,,,443,45082,0,1358,17
1584616098.9005651,173.194.164.186,10.10.0.10,,,443,45082,0,1358,17
1584616098.9022536,10.10.0.10,173.194.164.186,,,45082,443,0,37,17
1584616098.909843,173.194.164.186,10.10.0.10,,,443,45082,0,1358,17
1584616098.919125,173.194.164.186,10.10.0.10,,,443,45082,0,1358,17
1584616098.92088,10.10.0.10,173.194.164.186,,,45082,443,0,37,17
1584616098.928403,173.194.164.186,10.10.0.10,,,443,45082,0,1358,17
1584616098.937682,173.194.164.186,10.10.0.10,,,443,45082,0,1358,17
1584616098.9393456,10.10.0.10,173.194.164.186,,,45082,443,0,37,17
1584616098.9469638,173.194.164.186,10.10.0.10,,,443,45082,0,1358,17
1584616098.9562428,173.194.164.186,10.10.0.10,,,443,45082,0,1358,17
1584616098.9581046,10.10.0.10,173.194.164.186,,,45082,443,0,37,17
1584616098.965529,173.194.164.186,10.10.0.10,,,443,45082,0,1358,17
1584616098.974802,173.194.164.186,10.10.0.10,,,443,45082,0,1358,17
1584616098.9766042,10.10.0.10,173.194.164.186,,,45082,443,0,37,17
1584616098.9840784,173.194.164.186,10.10.0.10,,,443,45082,0,1358,17
1584616098.993362,173.194.164.186,10.10.0.10,,,443,45082,0,1358,17
1584616098.995847,10.10.0.10,173.194.164.186,,,45082,443,0,37,17
1584616099.0026526,173.194.164.186,10.10.0.10,,,443,45082,0,1358,17
1584616099.011934,173.194.164.186,10.10.0.10,,,443,45082,0,1358,17
1584616099.0138748,10.10.0.10,173.194.164.186,,,45082,443,0,37,17
1584616099.0212119,173.194.164.186,10.10.0.10,,,443,45082,0,1358,17
1584616099.0304818,173.194.164.186,10.10.0.10,,,443,45082,0,1358,17
1584616099.032231,10.10.0.10,173.194.164.186,,,45082,443,0,37,17
1584616099.039777,173.194.164.186,10.10.0.10,,,443,45082,0,1358,17
1584616099.049044,173.194.164.186,10.10.0.10,,,443,45082,0,1358,17
1584616099.051498,10.10.0.10,173.194.164.186,,,45082,443,0,37,17
1584616099.058335,173.194.164.186,10.10.0.10,,,443,45082,0,1358,17
1584616099.067602,173.194.164.186,10.10.0.10,,,443,45082,0,1358,17
1584616099.069375,10.10.0.10,173.194.164.186,,,45082,443,0,37,17
1584616099.0768962,173.194.164.186,10.10.0.10,,,443,45082,0,1358,17
1584616099.0861628,173.194.164.186,10.10.0.10,,,443,45082,0,1358,17
1584616099.0877318,10.10.0.10,173.194.164.186,,,45082,443,0,37,17
1584616099.0954418,173.194.164.186,10.10.0.10,,,443,45082,0,1358,17
1584616099.104723,173.194.164.186,10.10.0.10,,,443,45082,0,1358,17
1584616099.106474,10.10.0.10,173.194.164.186,,,45082,443,0,50,17
1584616099.114021,173.194.164.186,10.10.0.10,,,443,45082,0,1358,17
1584616099.123284,173.194.164.186,10.10.0.10,,,443,45082,0,1358,17
1584616099.1248536,10.10.0.10,173.194.164.186,,,45082,443,0,37,17
1584616099.1325688,173.194.164.186,10.10.0.10,,,443,45082,0,1358,17
1584616099.1418428,173.194.164.186,10.10.0.10,,,443,45082,0,1358,17
1584616099.1436222,10.10.0.10,173.194.164.186,,,45082,443,0,37,17
1584616099.1511214,173.194.164.186,10.10.0.10,,,443,45082,0,29,17
1584616099.1515431,173.194.164.186,10.10.0.10,,,443,45082,0,1358,17
1584616099.160832,173.194.164.186,10.10.0.10,,,443,45082,0,1358,17
1584616099.1628678,10.10.0.10,173.194.164.186,,,45082,443,0,37,17
1584616099.170102,173.194.164.186,10.10.0.10,,,443,45082,0,1358,17
1584616099.179383,173.194.164.186,10.10.0.10,,,443,45082,0,1358,17
1584616099.180973,10.10.0.10,173.194.164.186,,,45082,443,0,37,17
1584616099.188664,173.194.164.186,10.10.0.10,,,443,45082,0,1358,17
1584616099.197942,173.194.164.186,10.10.0.10,,,443,45082,0,1358,17
1584616099.2028675,10.10.0.10,173.194.164.186,,,45082,443,0,37,17
1584616099.207222,173.194.164.186,10.10.0.10,,,443,45082,0,1358,17
1584616099.2165182,173.194.164.186,10.10.0.10,,,443,45082,0,1358,17
1584616099.218368,10.10.0.10,173.194.164.186,,,45082,443,0,37,17
1584616099.22579,173.194.164.186,10.10.0.10,,,443,45082,0,1358,17
1584616099.2350779,173.194.164.186,10.10.0.10,,,443,45082,0,1358,17
1584616099.236723,10.10.0.10,173.194.164.186,,,45082,443,0,37,17
1584616099.244343,173.194.164.186,10.10.0.10,,,443,45082,0,1358,17
1584616099.2536442,173.194.164.186,10.10.0.10,,,443,45082,0,1358,17
1584616099.2554939,10.10.0.10,173.194.164.186,,,45082,443,0,37,17
1584616099.262904,173.194.164.186,10.10.0.10,,,443,45082,0,1358,17
1584616099.272182,173.194.164.186,10.10.0.10,,,443,45082,0,1358,17
1584616099.273868,10.10.0.10,173.194.164.186,,,45082,443,0,37,17
1584616099.281464,173.194.164.186,10.10.0.10,,,443,45082,0,1358,17
1584616099.290764,173.194.164.186,10.10.0.10,,,443,45082,0,1358,17
1584616099.292337,10.10.0.10,173.194.164.186,,,45082,443,0,37,17
1584616099.3000169,173.194.164.186,10.10.0.10,,,443,45082,0,1358,17
1584616099.3093019,173.194.164.186,10.10.0.10,,,443,45082,0,1358,17
1584616099.3113468,10.10.0.10,173.194.164.186,,,45082,443,0,37,17
1584616099.318585,173.194.164.186,10.10.0.10,,,443,45082,0,1358,17
1584616099.3278642,173.194.164.186,10.10.0.10,,,443,45082,0,1358,17
1584616099.329586,10.10.0.10,173.194.164.186,,,45082,443,0,37,17
1584616099.337144,173.194.164.186,10.10.0.10,,,443,45082,0,1358,17
1584616099.3464231,173.194.164.186,10.10.0.10,,,443,45082,0,1358,17
1584616099.348119,10.10.0.10,173.194.164.186,,,45082,443,0,37,17
1584616099.3557026,173.194.164.186,10.10.0.10,,,443,45082,0,1358,17
1584616099.364984,173.194.164.186,10.10.0.10,,,443,45082,0,1358,17
1584616099.3668678,10.10.0.10,173.194.164.186,,,45082,443,0,37,17
1584616099.37426,173.194.164.186,10.10.0.10,,,443,45082,0,1358,17
1584616099.383539,173.194.164.186,10.10.0.10,,,443,45082,0,1358,17
1584616099.3864539,10.10.0.10,173.194.164.186,,,45082,443,0,37,17
1584616099.392819,173.194.164.186,10.10.0.10,,,443,45082,0,1358,17
1584616099.4020998,173.194.164.186,10.10.0.10,,,443,45082,0,1358,17
1584616099.405967,10.10.0.10,173.194.164.186,,,45082,443,0,37,17
1584616099.4113786,173.194.164.186,10.10.0.10,,,443,45082,0,1358,17
1584616099.4206612,173.194.164.186,10.10.0.10,,,443,45082,0,1358,17
1584616099.422186,10.10.0.10,173.194.164.186,,,45082,443,0,37,17
1584616099.429942,173.194.164.186,10.10.0.10,,,443,45082,0,1358,17
1584616099.43922,173.194.164.186,10.10.0.10,,,443,45082,0,1358,17
1584616099.4409811,10.10.0.10,173.194.164.186,,,45082,443,0,37,17
1584616099.448499,173.194.164.186,10.10.0.10,,,443,45082,0,1358,17
1584616099.457779,173.194.164.186,10.10.0.10,,,443,45082,0,1358,17
1584616099.459325,10.10.0.10,173.194.164.186,,,45082,443,0,37,17
1584616099.4670599,173.194.164.186,10.10.0.10,,,443,45082,0,1358,17
1584616099.4763384,173.194.164.186,10.10.0.10,,,443,45082,0,1358,17
1584616099.478718,10.10.0.10,173.194.164.186,,,45082,443,0,50,17
1584616099.4856179,173.194.164.186,10.10.0.10,,,443,45082,0,1358,17
1584616099.4949028,173.194.164.186,10.10.0.10,,,443,45082,0,1358,17
1584616099.496599,10.10.0.10,173.194.164.186,,,45082,443,0,37,17
1584616099.5041811,173.194.164.186,10.10.0.10,,,443,45082,0,1358,17
1584616099.513458,173.194.164.186,10.10.0.10,,,443,45082,0,1358,17
1584616099.5150962,10.10.0.10,173.194.164.186,,,45082,443,0,37,17
1584616099.5227358,173.194.164.186,10.10.0.10,,,443,45082,0,29,17
1584616099.523155,173.194.164.186,10.10.0.10,,,443,45082,0,1358,17
1584616099.532439,173.194.164.186,10.10.0.10,,,443,45082,0,1358,17
1584616099.5339751,10.10.0.10,173.194.164.186,,,45082,443,0,37,17
1584616099.5417216,173.194.164.186,10.10.0.10,,,443,45082,0,1358,17
1584616099.5510054,173.194.164.186,10.10.0.10,,,443,45082,0,1358,17
1584616099.5526161,10.10.0.10,173.194.164.186,,,45082,443,0,37,17
1584616099.560281,173.194.164.186,10.10.0.10,,,443,45082,0,1358,17
1584616099.569559,173.194.164.186,10.10.0.10,,,443,45082,0,1358,17
1584616099.571092,10.10.0.10,173.194.164.186,,,45082,443,0,37,17
1584616099.5788374,173.194.164.186,10.10.0.10,,,443,45082,0,1358,17
1584616099.5881171,173.194.164.186,10.10.0.10,,,443,45082,0,1358,17
1584616099.5897331,10.10.0.10,173.194.164.186,,,45082,443,0,37,17
1584616099.5974028,173.194.164.186,10.10.0.10,,,443,45082,0,1358,17
1584616099.6066842,173.194.164.186,10.10.0.10,,,443,45082,0,1358,17
1584616099.609359,10.10.0.10,173.194.164.186,,,45082,443,0,37,17
1584616099.6159642,173.194.164.186,10.10.0.10,,,443,45082,0,1358,17
1584616099.625256,173.194.164.186,10.10.0.10,,,443,45082,0,1358,17
1584616099.627106,10.10.0.10,173.194.164.186,,,45082,443,0,37,17
1584616099.634522,173.194.164.186,10.10.0.10,,,443,45082,0,1358,17
1584616099.6438189,173.194.164.186,10.10.0.10,,,443,45082,0,1358,17
1584616099.646337,10.10.0.10,173.194.164.186,,,45082,443,0,37,17
1584616099.6530845,173.194.164.186,10.10.0.10,,,443,45082,0,1358,17
1584616099.6623802,173.194.164.186,10.10.0.10,,,443,45082,0,1358,17
1584616099.6640868,10.10.0.10,173.194.164.186,,,45082,443,0,37,17
1584616099.6716418,173.194.164.186,10.10.0.10,,,443,45082,0,1358,17
1584616099.6809242,173.194.164.186,10.10.0.10,,,443,45082,0,1358,17
1584616099.6827078,10.10.0.10,173.194.164.186,,,45082,443,0,37,17
1584616099.690203,173.194.164.186,10.10.0.10,,,443,45082,0,1358,17
1584616099.699504,173.194.164.186,10.10.0.10,,,443,45082,0,1358,17
1584616099.70123,10.10.0.10,173.194.164.186,,,45082,443,0,37,17
1584616099.7087634,173.194.164.186,10.10.0.10,,,443,45082,0,1358,17
1584616099.7180429,173.194.164.186,10.10.0.10,,,443,45082,0,1358,17
1584616099.7200851,10.10.0.10,173.194.164.186,,,45082,443,0,37,17
1584616099.7273226,173.194.164.186,10.10.0.10,,,443,45082,0,1358,17
1584616099.73661,173.194.164.186,10.10.0.10,,,443,45082,0,1358,17
1584616099.738324,10.10.0.10,173.194.164.186,,,45082,443,0,37,17
1584616099.7458842,173.194.164.186,10.10.0.10,,,443,45082,0,1358,17
1584616099.7551632,173.194.164.186,10.10.0.10,,,443,45082,0,1358,17
1584616099.756856,10.10.0.10,173.194.164.186,,,45082,443,0,37,17
1584616099.7644448,173.194.164.186,10.10.0.10,,,443,45082,0,1358,17
1584616099.7737231,173.194.164.186,10.10.0.10,,,443,45082,0,1358,17
1584616099.7753332,10.10.0.10,173.194.164.186,,,45082,443,0,37,17
1584616099.7830071,173.194.164.186,10.10.0.10,,,443,45082,0,1358,17
1584616099.792282,173.194.164.186,10.10.0.10,,,443,45082,0,1358,17
1584616099.7939491,10.10.0.10,173.194.164.186,,,45082,443,0,37,17
1584616099.8015652,173.194.164.186,10.10.0.10,,,443,45082,0,1358,17
1584616099.8108444,173.194.164.186,10.10.0.10,,,443,45082,0,1358,17
1584616099.8139582,10.10.0.10,173.194.164.186,,,45082,443,0,37,17
1584616099.820129,173.194.164.186,10.10.0.10,,,443,45082,0,1358,17
1584616099.829403,173.194.164.186,10.10.0.10,,,443,45082,0,1358,17
1584616099.831102,10.10.0.10,173.194.164.186,,,45082,443,0,37,17
1584616099.8386881,173.194.164.186,10.10.0.10,,,443,45082,0,1358,17
1584616099.8479662,173.194.164.186,10.10.0.10,,,443,45082,0,1358,17
1584616099.8498368,10.10.0.10,173.194.164.186,,,45082,443,0,50,17
1584616099.857252,173.194.164.186,10.10.0.10,,,443,45082,0,1358,17
1584616099.8665216,173.194.164.186,10.10.0.10,,,443,45082,0,1358,17
1584616099.868216,10.10.0.10,173.194.164.186,,,45082,443,0,37,17
1584616099.875813,173.194.164.186,10.10.0.10,,,443,45082,0,1358,17
1584616099.885083,173.194.164.186,10.10.0.10,,,443,45082,0,1358,17
1584616099.8867092,10.10.0.10,173.194.164.186,,,45082,443,0,37,17
1584616099.894377,173.194.164.186,10.10.0.10,,,443,45082,0,29,17
1584616099.894785,173.194.164.186,10.10.0.10,,,443,45082,0,1358,17
1584616099.9040608,173.194.164.186,10.10.0.10,,,443,45082,0,1358,17
1584616099.90607,10.10.0.10,173.194.164.186,,,45082,443,0,37,17
1584616099.913344,173.194.164.186,10.10.0.10,,,443,45082,0,1358,17
1584616099.922625,173.194.164.186,10.10.0.10,,,443,45082,0,1358,17
1584616099.924222,10.10.0.10,173.194.164.186,,,45082,443,0,37,17
1584616099.9319026,173.194.164.186,10.10.0.10,,,443,45082,0,1358,17
1584616099.941188,173.194.164.186,10.10.0.10,,,443,45082,0,1358,17
1584616099.942827,10.10.0.10,173.194.164.186,,,45082,443,0,37,17
1584616099.950463,173.194.164.186,10.10.0.10,,,443,45082,0,1358,17
1584616099.959743,173.194.164.186,10.10.0.10,,,443,45082,0,1358,17
1584616099.9623182,10.10.0.10,173.194.164.186,,,45082,443,0,37,17
1584616099.969025,173.194.164.186,10.10.0.10,,,443,45082,0,1358,17
1584616099.9783092,173.194.164.186,10.10.0.10,,,443,45082,0,1358,17
1584616099.980097,10.10.0.10,173.194.164.186,,,45082,443,0,37,17
1584616099.987583,173.194.164.186,10.10.0.10,,,443,45082,0,1358,17
1584616099.9968748,173.194.164.186,10.10.0.10,,,443,45082,0,1358,17
1584616099.998576,10.10.0.10,173.194.164.186,,,45082,443,0,37,17
1584616100.006145,173.194.164.186,10.10.0.10,,,443,45082,0,1358,17
1584616100.015434,173.194.164.186,10.10.0.10,,,443,45082,0,1358,17
1584616100.0185974,10.10.0.10,173.194.164.186,,,45082,443,0,37,17
1584616100.024704,173.194.164.186,10.10.0.10,,,443,45082,0,1358,17
1584616100.0340028,173.194.164.186,10.10.0.10,,,443,45082,0,1358,17
1584616100.035953,10.10.0.10,173.194.164.186,,,45082,443,0,37,17
1584616100.0432649,173.194.164.186,10.10.0.10,,,443,45082,0,1358,17
1584616100.0525572,173.194.164.186,10.10.0.10,,,443,45082,0,1358,17
1584616100.054824,10.10.0.10,173.194.164.186,,,45082,443,0,37,17
1584616100.0618231,173.194.164.186,10.10.0.10,,,443,45082,0,1358,17
1584616100.0711179,173.194.164.186,10.10.0.10,,,443,45082,0,1358,17
1584616100.080384,173.194.164.186,10.10.0.10,,,443,45082,0,1358,17
1584616100.089672,173.194.164.186,10.10.0.10,,,443,45082,0,1358,17
1584616100.097326,10.10.0.10,173.194.164.186,,,45082,443,0,37,17
1584616100.0981634,10.10.0.10,173.194.164.186,,,45082,443,0,37,17
1584616100.098938,173.194.164.186,10.10.0.10,,,443,45082,0,1358,17
1584616100.108216,173.194.164.186,10.10.0.10,,,443,45082,0,1358,17
1584616100.111449,10.10.0.10,173.194.164.186,,,45082,443,0,37,17
1584616100.117501,173.194.164.186,10.10.0.10,,,443,45082,0,1358,17
1584616100.126778,173.194.164.186,10.10.0.10,,,443,45082,0,1358,17
1584616100.136058,173.194.164.186,10.10.0.10,,,443,45082,0,1358,17
1584616100.1453662,173.194.164.186,10.10.0.10,,,443,45082,0,1358,17
1584616100.1479938,10.10.0.10,173.194.164.186,,,45082,443,0,37,17
1584616100.1480198,10.10.0.10,173.194.164.186,,,45082,443,0,37,17
1584616100.1546204,173.194.164.186,10.10.0.10,,,443,45082,0,1358,17
1584616100.163902,173.194.164.186,10.10.0.10,,,443,45082,0,1358,17
1584616100.166185,10.10.0.10,173.194.164.186,,,45082,443,0,37,17
1584616100.173181,173.194.164.186,10.10.0.10,,,443,45082,0,1358,17
1584616100.1824632,173.194.164.186,10.10.0.10,,,443,45082,0,1358,17
1584616100.186092,10.10.0.10,173.194.164.186,,,45082,443,0,37,17
1584616100.1917481,173.194.164.186,10.10.0.10,,,443,45082,0,1358,17
1584616100.201025,173.194.164.186,10.10.0.10,,,443,45082,0,1358,17
1584616100.2029624,10.10.0.10,173.194.164.186,,,45082,443,0,37,17
1584616100.2103002,173.194.164.186,10.10.0.10,,,443,45082,0,1358,17
1584616100.219582,173.194.164.186,10.10.0.10,,,443,45082,0,1358,17
1584616100.22166,10.10.0.10,173.194.164.186,,,45082,443,0,50,17
1584616100.2288678,173.194.164.186,10.10.0.10,,,443,45082,0,1358,17
1584616100.238142,173.194.164.186,10.10.0.10,,,443,45082,0,1358,17
1584616100.2402089,10.10.0.10,173.194.164.186,,,45082,443,0,37,17
1584616100.247427,173.194.164.186,10.10.0.10,,,443,45082,0,1358,17
1584616100.2567039,173.194.164.186,10.10.0.10,,,443,45082,0,1358,17
1584616100.2588122,10.10.0.10,173.194.164.186,,,45082,443,0,37,17
1584616100.265991,173.194.164.186,10.10.0.10,,,443,45082,0,1358,17
1584616100.275263,173.194.164.186,10.10.0.10,,,443,45082,0,1358,17
1584616100.2770884,10.10.0.10,173.194.164.186,,,45082,443,0,37,17
1584616100.2845502,173.194.164.186,10.10.0.10,,,443,45082,0,1358,17
1584616100.293822,173.194.164.186,10.10.0.10,,,443,45082,0,1358,17
1584616100.2960658,10.10.0.10,173.194.164.186,,,45082,443,0,37,17
1584616100.3031142,173.194.164.186,10.10.0.10,,,443,45082,0,1358,17
1584616100.312379,173.194.164.186,10.10.0.10,,,443,45082,0,1358,17
1584616100.314211,10.10.0.10,173.194.164.186,,,45082,443,0,37,17
1584616100.3216748,173.194.164.186,10.10.0.10,,,443,45082,0,1358,17
1584616100.3309429,173.194.164.186,10.10.0.10,,,443,45082,0,1358,17
1584616100.3325562,10.10.0.10,173.194.164.186,,,45082,443,0,37,17
1584616100.340223,173.194.164.186,10.10.0.10,,,443,45082,0,1358,17
1584616100.3495018,173.194.164.186,10.10.0.10,,,443,45082,0,1358,17
1584616100.3511848,10.10.0.10,173.194.164.186,,,45082,443,0,37,17
1584616100.358798,173.194.164.186,10.10.0.10,,,443,45082,0,1358,17
1584616100.368072,173.194.164.186,10.10.0.10,,,443,45082,0,1358,17
1584616100.3699439,10.10.0.10,173.194.164.186,,,45082,443,0,37,17
1584616100.3773592,173.194.164.186,10.10.0.10,,,443,45082,0,1358,17
1584616100.3866231,173.194.164.186,10.10.0.10,,,443,45082,0,1358,17
1584616100.388709,10.10.0.10,173.194.164.186,,,45082,443,0,37,17
1584616100.3959026,173.194.164.186,10.10.0.10,,,443,45082,0,1358,17
1584616100.405183,173.194.164.186,10.10.0.10,,,443,45082,0,1358,17
1584616100.407336,10.10.0.10,173.194.164.186,,,45082,443,0,37,17
1584616100.4144838,173.194.164.186,10.10.0.10,,,443,45082,0,1358,17
1584616100.423742,173.194.164.186,10.10.0.10,,,443,45082,0,1358,17
1584616100.4254632,10.10.0.10,173.194.164.186,,,45082,443,0,37,17
1584616100.433022,173.194.164.186,10.10.0.10,,,443,45082,0,1358,17
1584616100.442304,173.194.164.186,10.10.0.10,,,443,45082,0,1358,17
1584616100.446833,10.10.0.10,173.194.164.186,,,45082,443,0,37,17
1584616100.451581,173.194.164.186,10.10.0.10,,,443,45082,0,1358,17
1584616100.460864,173.194.164.186,10.10.0.10,,,443,45082,0,1358,17
1584616100.463943,10.10.0.10,173.194.164.186,,,45082,443,0,37,17
1584616100.4701376,173.194.164.186,10.10.0.10,,,443,45082,0,1358,17
1584616100.479424,173.194.164.186,10.10.0.10,,,443,45082,0,1358,17
1584616100.4824588,10.10.0.10,173.194.164.186,,,45082,443,0,37,17
1584616100.488703,173.194.164.186,10.10.0.10,,,443,45082,0,1358,17
1584616100.497984,173.194.164.186,10.10.0.10,,,443,45082,0,1358,17
1584616100.4995801,10.10.0.10,173.194.164.186,,,45082,443,0,37,17
1584616100.507267,173.194.164.186,10.10.0.10,,,443,45082,0,1358,17
1584616100.5165431,173.194.164.186,10.10.0.10,,,443,45082,0,1358,17
1584616100.518207,10.10.0.10,173.194.164.186,,,45082,443,0,37,17
1584616100.525824,173.194.164.186,10.10.0.10,,,443,45082,0,1358,17
1584616100.535108,173.194.164.186,10.10.0.10,,,443,45082,0,1358,17
1584616100.5369391,10.10.0.10,173.194.164.186,,,45082,443,0,37,17
1584616100.544385,173.194.164.186,10.10.0.10,,,443,45082,0,1358,17
1584616100.5536668,173.194.164.186,10.10.0.10,,,443,45082,0,1358,17
1584616100.5563102,10.10.0.10,173.194.164.186,,,45082,443,0,37,17
1584616100.562942,173.194.164.186,10.10.0.10,,,443,45082,0,1358,17
1584616100.572218,173.194.164.186,10.10.0.10,,,443,45082,0,1358,17
1584616100.573808,10.10.0.10,173.194.164.186,,,45082,443,0,37,17
1584616100.5815036,173.194.164.186,10.10.0.10,,,443,45082,0,1358,17
1584616100.590791,173.194.164.186,10.10.0.10,,,443,45082,0,1358,17
1584616100.592334,10.10.0.10,173.194.164.186,,,45082,443,0,50,17
1584616100.600062,173.194.164.186,10.10.0.10,,,443,45082,0,1358,17
1584616100.6093562,173.194.164.186,10.10.0.10,,,443,45082,0,1358,17
1584616100.610932,10.10.0.10,173.194.164.186,,,45082,443,0,37,17
1584616100.6186292,173.194.164.186,10.10.0.10,,,443,45082,0,1358,17
1584616100.6279151,173.194.164.186,10.10.0.10,,,443,45082,0,29,17
1584616100.6283221,173.194.164.186,10.10.0.10,,,443,45082,0,1358,17
1584616100.6296835,10.10.0.10,173.194.164.186,,,45082,443,0,37,17
1584616100.6376052,173.194.164.186,10.10.0.10,,,443,45082,0,1358,17
1584616100.6468818,173.194.164.186,10.10.0.10,,,443,45082,0,1358,17
1584616100.648432,10.10.0.10,173.194.164.186,,,45082,443,0,37,17
1584616100.656166,173.194.164.186,10.10.0.10,,,443,45082,0,1358,17
1584616100.6654446,173.194.164.186,10.10.0.10,,,443,45082,0,1358,17
1584616100.667075,10.10.0.10,173.194.164.186,,,45082,443,0,37,17
1584616100.674728,173.194.164.186,10.10.0.10,,,443,45082,0,1358,17
1584616100.684002,173.194.164.186,10.10.0.10,,,443,45082,0,1358,17
1584616100.6865554,10.10.0.10,173.194.164.186,,,45082,443,0,37,17
1584616100.693289,173.194.164.186,10.10.0.10,,,443,45082,0,1358,17
1584616100.7025628,173.194.164.186,10.10.0.10,,,443,45082,0,1358,17
1584616100.7043238,10.10.0.10,173.194.164.186,,,45082,443,0,37,17
1584616100.711853,173.194.164.186,10.10.0.10,,,443,45082,0,1358,17
1584616100.721122,173.194.164.186,10.10.0.10,,,443,45082,0,1358,17
1584616100.7228036,10.10.0.10,173.194.164.186,,,45082,443,0,37,17
1584616100.7304122,173.194.164.186,10.10.0.10,,,443,45082,0,1358,17
1584616100.739681,173.194.164.186,10.10.0.10,,,443,45082,0,676,17
1584616100.7411878,10.10.0.10,173.194.164.186,,,45082,443,0,37,17
1584616100.7755759,10.10.0.10,173.194.164.186,,,45082,443,0,718,17
1584616100.7758029,10.10.0.10,173.194.164.186,,,45082,443,0,48,17
1584616100.7800891,173.194.164.186,10.10.0.10,,,443,45082,0,115,17
1584616100.78012,173.194.164.186,10.10.0.10,,,443,45082,0,1358,17
1584616100.780144,173.194.164.186,10.10.0.10,,,443,45082,0,1358,17
1584616100.7817948,10.10.0.10,173.194.164.186,,,45082,443,0,37,17
1584616100.788985,173.194.164.186,10.10.0.10,,,443,45082,0,1358,17
1584616100.790823,10.10.0.10,173.194.164.186,,,45082,443,0,37,17
1584616100.7937028,10.10.0.10,173.194.164.186,,,45082,443,0,715,17
1584616100.793927,10.10.0.10,173.194.164.186,,,45082,443,0,48,17
1584616100.798265,173.194.164.186,10.10.0.10,,,443,45082,0,1358,17
1584616100.8075461,173.194.164.186,10.10.0.10,,,443,45082,0,1358,17
1584616100.8100731,10.10.0.10,173.194.164.186,,,45082,443,0,37,17
1584616100.816821,173.194.164.186,10.10.0.10,,,443,45082,0,1358,17
1584616100.8261068,173.194.164.186,10.10.0.10,,,443,45082,0,1358,17
1584616100.8276749,10.10.0.10,173.194.164.186,,,45082,443,0,37,17
1584616100.8353848,173.194.164.186,10.10.0.10,,,443,45082,0,1358,17
1584616100.844666,173.194.164.186,10.10.0.10,,,443,45082,0,1358,17
1584616100.8462932,10.10.0.10,173.194.164.186,,,45082,443,0,37,17
1584616100.853944,173.194.164.186,10.10.0.10,,,443,45082,0,29,17
1584616100.854366,173.194.164.186,10.10.0.10,,,443,45082,0,1358,17
1584616100.863658,173.194.164.186,10.10.0.10,,,443,45082,0,1358,17
1584616100.8654249,10.10.0.10,173.194.164.186,,,45082,443,0,37,17
1584616100.872925,173.194.164.186,10.10.0.10,,,443,45082,0,1358,17
1584616100.8822222,173.194.164.186,10.10.0.10,,,443,45082,0,1358,17
1584616100.8839474,10.10.0.10,173.194.164.186,,,45082,443,0,37,17
1584616100.891482,173.194.164.186,10.10.0.10,,,443,45082,0,1358,17
1584616100.900782,173.194.164.186,10.10.0.10,,,443,45082,0,1358,17
1584616100.9025412,10.10.0.10,173.194.164.186,,,45082,443,0,37,17
1584616100.91005,173.194.164.186,10.10.0.10,,,443,45082,0,1358,17
1584616100.919343,173.194.164.186,10.10.0.10,,,443,45082,0,1358,17
1584616100.9211981,10.10.0.10,173.194.164.186,,,45082,443,0,37,17
1584616100.928609,173.194.164.186,10.10.0.10,,,443,45082,0,1358,17
1584616100.937886,173.194.164.186,10.10.0.10,,,443,45082,0,1358,17
1584616100.94045,10.10.0.10,173.194.164.186,,,45082,443,0,37,17
1584616100.947166,173.194.164.186,10.10.0.10,,,443,45082,0,1358,17
1584616100.956467,173.194.164.186,10.10.0.10,,,443,45082,0,1358,17
1584616100.958068,10.10.0.10,173.194.164.186,,,45082,443,0,37,17
1584616100.965726,173.194.164.186,10.10.0.10,,,443,45082,0,1358,17
1584616100.975006,173.194.164.186,10.10.0.10,,,443,45082,0,1358,17
1584616100.9766738,10.10.0.10,173.194.164.186,,,45082,443,0,37,17
1584616100.984282,173.194.164.186,10.10.0.10,,,443,45082,0,1358,17
1584616100.9935641,173.194.164.186,10.10.0.10,,,443,45082,0,1358,17
1584616100.9952884,10.10.0.10,173.194.164.186,,,45082,443,0,37,17
1584616101.002847,173.194.164.186,10.10.0.10,,,443,45082,0,1358,17
1584616101.0045464,10.10.0.10,173.194.164.186,,,45082,443,0,40,17
1584616101.012126,173.194.164.186,10.10.0.10,,,443,45082,0,1358,17
1584616101.0154202,10.10.0.10,173.194.164.186,,,45082,443,0,40,17
1584616101.021408,173.194.164.186,10.10.0.10,,,443,45082,0,1358,17
1584616101.023074,10.10.0.10,173.194.164.186,,,45082,443,0,40,17
1584616101.0306866,173.194.164.186,10.10.0.10,,,443,45082,0,1358,17
1584616101.032439,10.10.0.10,173.194.164.186,,,45082,443,0,40,17
1584616101.0399609,173.194.164.186,10.10.0.10,,,443,45082,0,1358,17
1584616101.0492446,173.194.164.186,10.10.0.10,,,443,45082,0,1358,17
1584616101.051175,10.10.0.10,173.194.164.186,,,45082,443,0,40,17
1584616101.058529,173.194.164.186,10.10.0.10,,,443,45082,0,1358,17
1584616101.067808,173.194.164.186,10.10.0.10,,,443,45082,0,1358,17
1584616101.069418,10.10.0.10,173.194.164.186,,,45082,443,0,40,17
1584616101.0770931,173.194.164.186,10.10.0.10,,,443,45082,0,1358,17
1584616101.0863671,173.194.164.186,10.10.0.10,,,443,45082,0,1358,17
1584616101.088008,10.10.0.10,173.194.164.186,,,45082,443,0,40,17
1584616101.0956428,173.194.164.186,10.10.0.10,,,443,45082,0,1358,17
1584616101.1049206,173.194.164.186,10.10.0.10,,,443,45082,0,1358,17
1584616101.106656,10.10.0.10,173.194.164.186,,,45082,443,0,40,17
1584616101.114219,173.194.164.186,10.10.0.10,,,443,45082,0,1358,17
1584616101.123482,173.194.164.186,10.10.0.10,,,443,45082,0,1358,17
1584616101.125512,10.10.0.10,173.194.164.186,,,45082,443,0,53,17
1584616101.1327634,173.194.164.186,10.10.0.10,,,443,45082,0,1358,17
1584616101.142042,173.194.164.186,10.10.0.10,,,443,45082,0,1358,17
1584616101.145175,10.10.0.10,173.194.164.186,,,45082,443,0,40,17
1584616101.1513252,173.194.164.186,10.10.0.10,,,443,45082,0,1358,17
1584616101.1606,173.194.164.186,10.10.0.10,,,443,45082,0,1358,17
1584616101.1624358,10.10.0.10,173.194.164.186,,,45082,443,0,40,17
1584616101.1698804,173.194.164.186,10.10.0.10,,,443,45082,0,1358,17
1584616101.1791651,173.194.164.186,10.10.0.10,,,443,45082,0,1358,17
1584616101.180757,10.10.0.10,173.194.164.186,,,45082,443,0,40,17
1584616101.18957,173.194.164.186,10.10.0.10,,,443,45082,0,1358,17
1584616101.198833,173.194.164.186,10.10.0.10,,,443,45082,0,1358,17
1584616101.200541,10.10.0.10,173.194.164.186,,,45082,443,0,37,17
1584616101.2081199,173.194.164.186,10.10.0.10,,,443,45082,0,1358,17
1584616101.2173948,173.194.164.186,10.10.0.10,,,443,45082,0,1358,17
1584616101.219022,10.10.0.10,173.194.164.186,,,45082,443,0,37,17
1584616101.226678,173.194.164.186,10.10.0.10,,,443,45082,0,1358,17
1584616101.23596,173.194.164.186,10.10.0.10,,,443,45082,0,1358,17
1584616101.2414362,10.10.0.10,173.194.164.186,,,45082,443,0,37,17
1584616101.245235,173.194.164.186,10.10.0.10,,,443,45082,0,1358,17
1584616101.2545161,173.194.164.186,10.10.0.10,,,443,45082,0,1358,17
1584616101.256286,10.10.0.10,173.194.164.186,,,45082,443,0,37,17
1584616101.263793,173.194.164.186,10.10.0.10,,,443,45082,0,1358,17
1584616101.273072,173.194.164.186,10.10.0.10,,,443,45082,0,1358,17
1584616101.275167,10.10.0.10,173.194.164.186,,,45082,443,0,37,17
1584616101.282353,173.194.164.186,10.10.0.10,,,443,45082,0,1358,17
1584616101.291646,173.194.164.186,10.10.0.10,,,443,45082,0,1358,17
1584616101.2944338,10.10.0.10,173.194.164.186,,,45082,443,0,37,17
1584616101.3009148,173.194.164.186,10.10.0.10,,,443,45082,0,1358,17
1584616101.310194,173.194.164.186,10.10.0.10,,,443,45082,0,1358,17
1584616101.3117502,10.10.0.10,173.194.164.186,,,45082,443,0,37,17
1584616101.319475,173.194.164.186,10.10.0.10,,,443,45082,0,1358,17
1584616101.328756,173.194.164.186,10.10.0.10,,,443,45082,0,1358,17
1584616101.3311849,10.10.0.10,173.194.164.186,,,45082,443,0,37,17
1584616101.3380358,173.194.164.186,10.10.0.10,,,443,45082,0,1358,17
1584616101.3473141,173.194.164.186,10.10.0.10,,,443,45082,0,1358,17
1584616101.350127,10.10.0.10,173.194.164.186,,,45082,443,0,37,17
1584616101.3565938,173.194.164.186,10.10.0.10,,,443,45082,0,1358,17
1584616101.36588,173.194.164.186,10.10.0.10,,,443,45082,0,1358,17
1584616101.369416,10.10.0.10,173.194.164.186,,,45082,443,0,37,17
1584616101.3751528,173.194.164.186,10.10.0.10,,,443,45082,0,1358,17
1584616101.384438,173.194.164.186,10.10.0.10,,,443,45082,0,1358,17
1584616101.387683,10.10.0.10,173.194.164.186,,,45082,443,0,37,17
1584616101.393718,173.194.164.186,10.10.0.10,,,443,45082,0,1358,17
1584616101.4029946,173.194.164.186,10.10.0.10,,,443,45082,0,1358,17
1584616101.4122741,173.194.164.186,10.10.0.10,,,443,45082,0,1358,17
1584616101.4184108,10.10.0.10,173.194.164.186,,,45082,443,0,37,17
1584616101.421579,173.194.164.186,10.10.0.10,,,443,45082,0,1358,17
1584616101.430838,173.194.164.186,10.10.0.10,,,443,45082,0,1358,17
1584616101.432303,10.10.0.10,173.194.164.186,,,45082,443,0,37,17
1584616101.440114,173.194.164.186,10.10.0.10,,,443,45082,0,1358,17
1584616101.4416852,10.10.0.10,173.194.164.186,,,45082,443,0,37,17
1584616101.449399,173.194.164.186,10.10.0.10,,,443,45082,0,1358,17
1584616101.458679,173.194.164.186,10.10.0.10,,,443,45082,0,1358,17
1584616101.4602818,10.10.0.10,173.194.164.186,,,45082,443,0,37,17
1584616101.467958,173.194.164.186,10.10.0.10,,,443,45082,0,1358,17
1584616101.47724,173.194.164.186,10.10.0.10,,,443,45082,0,1358,17
1584616101.485051,10.10.0.10,173.194.164.186,,,45082,443,0,37,17
1584616101.486522,173.194.164.186,10.10.0.10,,,443,45082,0,1358,17
1584616101.495812,173.194.164.186,10.10.0.10,,,443,45082,0,1358,17
1584616101.4980528,10.10.0.10,173.194.164.186,,,45082,443,0,50,17
1584616101.5050876,173.194.164.186,10.10.0.10,,,443,45082,0,1358,17
1584616101.514353,173.194.164.186,10.10.0.10,,,443,45082,0,1358,17
1584616101.516424,10.10.0.10,173.194.164.186,,,45082,443,0,37,17
1584616101.523638,173.194.164.186,10.10.0.10,,,443,45082,0,1358,17
1584616101.534035,173.194.164.186,10.10.0.10,,,443,45082,0,1358,17
1584616101.5388,10.10.0.10,173.194.164.186,,,45082,443,0,37,17
1584616101.5433252,173.194.164.186,10.10.0.10,,,443,45082,0,1358,17
1584616101.552592,173.194.164.186,10.10.0.10,,,443,45082,0,1358,17
1584616101.5557802,10.10.0.10,173.194.164.186,,,45082,443,0,37,17
1584616101.561888,173.194.164.186,10.10.0.10,,,443,45082,0,1358,17
1584616101.571153,173.194.164.186,10.10.0.10,,,443,45082,0,1358,17
1584616101.5726776,10.10.0.10,173.194.164.186,,,45082,443,0,37,17
1584616101.5804489,173.194.164.186,10.10.0.10,,,443,45082,0,1358,17
1584616101.5897136,173.194.164.186,10.10.0.10,,,443,45082,0,1358,17
1584616101.5911732,10.10.0.10,173.194.164.186,,,45082,443,0,37,17
1584616101.598992,173.194.164.186,10.10.0.10,,,443,45082,0,1358,17
1584616101.608274,173.194.164.186,10.10.0.10,,,443,45082,0,1358,17
1584616101.6097982,10.10.0.10,173.194.164.186,,,45082,443,0,37,17
1584616101.617575,173.194.164.186,10.10.0.10,,,443,45082,0,1358,17
1584616101.6268358,173.194.164.186,10.10.0.10,,,443,45082,0,1358,17
1584616101.6283002,10.10.0.10,173.194.164.186,,,45082,443,0,37,17
1584616101.636107,173.194.164.186,10.10.0.10,,,443,45082,0,1358,17
1584616101.645391,173.194.164.186,10.10.0.10,,,443,45082,0,1358,17
1584616101.6471732,10.10.0.10,173.194.164.186,,,45082,443,0,37,17
1584616101.6546712,173.194.164.186,10.10.0.10,,,443,45082,0,1358,17
1584616101.663955,173.194.164.186,10.10.0.10,,,443,45082,0,1358,17
1584616101.6658,10.10.0.10,173.194.164.186,,,45082,443,0,37,17
1584616101.673232,173.194.164.186,10.10.0.10,,,443,45082,0,1358,17
1584616101.682514,173.194.164.186,10.10.0.10,,,443,45082,0,1358,17
1584616101.6841671,10.10.0.10,173.194.164.186,,,45082,443,0,37,17
1584616101.691794,173.194.164.186,10.10.0.10,,,443,45082,0,1358,17
1584616101.7010682,173.194.164.186,10.10.0.10,,,443,45082,0,1358,17
1584616101.703046,10.10.0.10,173.194.164.186,,,45082,443,0,37,17
1584616101.710351,173.194.164.186,10.10.0.10,,,443,45082,0,1358,17
1584616101.7196329,173.194.164.186,10.10.0.10,,,443,45082,0,1358,17
1584616101.7215474,10.10.0.10,173.194.164.186,,,45082,443,0,37,17
1584616101.728911,173.194.164.186,10.10.0.10,,,443,45082,0,1358,17
1584616101.738201,173.194.164.186,10.10.0.10,,,443,45082,0,1358,17
1584616101.7400508,10.10.0.10,173.194.164.186,,,45082,443,0,37,17
1584616101.747473,173.194.164.186,10.10.0.10,,,443,45082,0,1358,17
1584616101.756759,173.194.164.186,10.10.0.10,,,443,45082,0,1358,17
1584616101.760399,10.10.0.10,173.194.164.186,,,45082,443,0,37,17
1584616101.766033,173.194.164.186,10.10.0.10,,,443,45082,0,1358,17
1584616101.775322,173.194.164.186,10.10.0.10,,,443,45082,0,1358,17
1584616101.7768998,10.10.0.10,173.194.164.186,,,45082,443,0,37,17
1584616101.7845929,173.194.164.186,10.10.0.10,,,443,45082,0,1358,17
1584616101.793881,173.194.164.186,10.10.0.10,,,443,45082,0,1358,17
1584616101.795667,10.10.0.10,173.194.164.186,,,45082,443,0,37,17
1584616101.803153,173.194.164.186,10.10.0.10,,,443,45082,0,1358,17
1584616101.812449,173.194.164.186,10.10.0.10,,,443,45082,0,1358,17
1584616101.8150241,10.10.0.10,173.194.164.186,,,45082,443,0,37,17
1584616101.822826,173.194.164.186,10.10.0.10,,,443,45082,0,1358,17
1584616101.832104,173.194.164.186,10.10.0.10,,,443,45082,0,1358,17
1584616101.833771,10.10.0.10,173.194.164.186,,,45082,443,0,37,17
1584616101.841385,173.194.164.186,10.10.0.10,,,443,45082,0,1358,17
1584616101.8506649,173.194.164.186,10.10.0.10,,,443,45082,0,1358,17
1584616101.852416,10.10.0.10,173.194.164.186,,,45082,443,0,37,17
1584616101.859946,173.194.164.186,10.10.0.10,,,443,45082,0,1358,17
1584616101.8692539,173.194.164.186,10.10.0.10,,,443,45082,0,1358,17
1584616101.8709161,10.10.0.10,173.194.164.186,,,45082,443,0,50,17
1584616101.878505,173.194.164.186,10.10.0.10,,,443,45082,0,1358,17
1584616101.887786,173.194.164.186,10.10.0.10,,,443,45082,0,1358,17
1584616101.88929,10.10.0.10,173.194.164.186,,,45082,443,0,37,17
1584616101.8970668,173.194.164.186,10.10.0.10,,,443,45082,0,1358,17
1584616101.906345,173.194.164.186,10.10.0.10,,,443,45082,0,1358,17
1584616101.9077628,10.10.0.10,173.194.164.186,,,45082,443,0,37,17
1584616101.9156284,173.194.164.186,10.10.0.10,,,443,45082,0,1358,17
1584616101.924907,173.194.164.186,10.10.0.10,,,443,45082,0,29,17
1584616101.9253259,173.194.164.186,10.10.0.10,,,443,45082,0,1358,17
1584616101.926791,10.10.0.10,173.194.164.186,,,45082,443,0,37,17
1584616101.934606,173.194.164.186,10.10.0.10,,,443,45082,0,1358,17
1584616101.9438848,173.194.164.186,10.10.0.10,,,443,45082,0,1358,17
1584616101.9456658,10.10.0.10,173.194.164.186,,,45082,443,0,37,17
1584616101.953164,173.194.164.186,10.10.0.10,,,443,45082,0,1358,17
1584616101.9624481,173.194.164.186,10.10.0.10,,,443,45082,0,1358,17
1584616101.965769,10.10.0.10,173.194.164.186,,,45082,443,0,37,17
1584616101.9717321,173.194.164.186,10.10.0.10,,,443,45082,0,1358,17
1584616101.9810061,173.194.164.186,10.10.0.10,,,443,45082,0,1358,17
1584616101.9826634,10.10.0.10,173.194.164.186,,,45082,443,0,37,17
1584616101.990288,173.194.164.186,10.10.0.10,,,443,45082,0,1358,17
1584616101.999566,173.194.164.186,10.10.0.10,,,443,45082,0,1358,17
1584616102.001142,10.10.0.10,173.194.164.186,,,45082,443,0,37,17
1584616102.0088446,173.194.164.186,10.10.0.10,,,443,45082,0,1358,17
1584616102.018125,173.194.164.186,10.10.0.10,,,443,45082,0,1358,17
1584616102.0196464,10.10.0.10,173.194.164.186,,,45082,443,0,37,17
1584616102.0274081,173.194.164.186,10.10.0.10,,,443,45082,0,1358,17
1584616102.036691,173.194.164.186,10.10.0.10,,,443,45082,0,1358,17
1584616102.038391,10.10.0.10,173.194.164.186,,,45082,443,0,37,17
1584616102.045966,173.194.164.186,10.10.0.10,,,443,45082,0,1358,17
1584616102.0552418,173.194.164.186,10.10.0.10,,,443,45082,0,1358,17
1584616102.0568569,10.10.0.10,173.194.164.186,,,45082,443,0,37,17
1584616102.064522,173.194.164.186,10.10.0.10,,,443,45082,0,1358,17
1584616102.0738,173.194.164.186,10.10.0.10,,,443,45082,0,1358,17
1584616102.0759,10.10.0.10,173.194.164.186,,,45082,443,0,37,17
1584616102.08308,173.194.164.186,10.10.0.10,,,443,45082,0,1358,17
1584616102.092361,173.194.164.186,10.10.0.10,,,443,45082,0,1358,17
1584616102.094485,10.10.0.10,173.194.164.186,,,45082,443,0,37,17
1584616102.101641,173.194.164.186,10.10.0.10,,,443,45082,0,1358,17
1584616102.1109226,173.194.164.186,10.10.0.10,,,443,45082,0,1358,17
1584616102.1126401,10.10.0.10,173.194.164.186,,,45082,443,0,37,17
1584616102.1202052,173.194.164.186,10.10.0.10,,,443,45082,0,1358,17
1584616102.1294901,173.194.164.186,10.10.0.10,,,443,45082,0,1358,17
1584616102.131985,10.10.0.10,173.194.164.186,,,45082,443,0,37,17
1584616102.138762,173.194.164.186,10.10.0.10,,,443,45082,0,1358,17
1584616102.14804,173.194.164.186,10.10.0.10,,,443,45082,0,1358,17
1584616102.155499,10.10.0.10,173.194.164.186,,,45082,443,0,37,17
1584616102.157321,173.194.164.186,10.10.0.10,,,443,45082,0,1358,17
1584616102.1666205,173.194.164.186,10.10.0.10,,,443,45082,0,1358,17
1584616102.169382,10.10.0.10,173.194.164.186,,,45082,443,0,37,17
1584616102.1758866,173.194.164.186,10.10.0.10,,,443,45082,0,1358,17
1584616102.1851661,173.194.164.186,10.10.0.10,,,443,45082,0,1358,17
1584616102.186733,10.10.0.10,173.194.164.186,,,45082,443,0,37,17
1584616102.194448,173.194.164.186,10.10.0.10,,,443,45082,0,1358,17
1584616102.203722,173.194.164.186,10.10.0.10,,,443,45082,0,1358,17
1584616102.20549,10.10.0.10,173.194.164.186,,,45082,443,0,37,17
1584616102.213001,173.194.164.186,10.10.0.10,,,443,45082,0,1358,17
1584616102.2223,173.194.164.186,10.10.0.10,,,443,45082,0,1358,17
1584616102.2241476,10.10.0.10,173.194.164.186,,,45082,443,0,37,17
1584616102.231562,173.194.164.186,10.10.0.10,,,443,45082,0,1358,17
1584616102.240841,173.194.164.186,10.10.0.10,,,443,45082,0,1358,17
1584616102.2423599,10.10.0.10,173.194.164.186,,,45082,443,0,50,17
1584616102.2501204,173.194.164.186,10.10.0.10,,,443,45082,0,1358,17
1584616102.259407,173.194.164.186,10.10.0.10,,,443,45082,0,1358,17
1584616102.2611456,10.10.0.10,173.194.164.186,,,45082,443,0,37,17
1584616102.26868,173.194.164.186,10.10.0.10,,,443,45082,0,1358,17
1584616102.277967,173.194.164.186,10.10.0.10,,,443,45082,0,1358,17
1584616102.2802668,10.10.0.10,173.194.164.186,,,45082,443,0,37,17
1584616102.287242,173.194.164.186,10.10.0.10,,,443,45082,0,1358,17
1584616102.2965405,173.194.164.186,10.10.0.10,,,443,45082,0,29,17
1584616102.2969394,173.194.164.186,10.10.0.10,,,443,45082,0,1358,17
1584616102.302263,10.10.0.10,173.194.164.186,,,45082,443,0,37,17
1584616102.306244,173.194.164.186,10.10.0.10,,,443,45082,0,1358,17
1584616102.315505,173.194.164.186,10.10.0.10,,,443,45082,0,1358,17
1584616102.322278,10.10.0.10,173.194.164.186,,,45082,443,0,37,17
1584616102.3247812,173.194.164.186,10.10.0.10,,,443,45082,0,1358,17
1584616102.334065,173.194.164.186,10.10.0.10,,,443,45082,0,1358,17
1584616102.3356528,10.10.0.10,173.194.164.186,,,45082,443,0,37,17
1584616102.343341,173.194.164.186,10.10.0.10,,,443,45082,0,1358,17
1584616102.352622,173.194.164.186,10.10.0.10,,,443,45082,0,1358,17
1584616102.3542578,10.10.0.10,173.194.164.186,,,45082,443,0,37,17
1584616102.361926,173.194.164.186,10.10.0.10,,,443,45082,0,1358,17
1584616102.371186,173.194.164.186,10.10.0.10,,,443,45082,0,1358,17
1584616102.3738804,10.10.0.10,173.194.164.186,,,45082,443,0,37,17
1584616102.380465,173.194.164.186,10.10.0.10,,,443,45082,0,1358,17
1584616102.389745,173.194.164.186,10.10.0.10,,,443,45082,0,1358,17
1584616102.391257,10.10.0.10,173.194.164.186,,,45082,443,0,37,17
1584616102.399025,173.194.164.186,10.10.0.10,,,443,45082,0,1358,17
1584616102.4083068,173.194.164.186,10.10.0.10,,,443,45082,0,1358,17
1584616102.4099019,10.10.0.10,173.194.164.186,,,45082,443,0,37,17
1584616102.4175892,173.194.164.186,10.10.0.10,,,443,45082,0,1358,17
1584616102.4268668,173.194.164.186,10.10.0.10,,,443,45082,0,1358,17
1584616102.4285052,10.10.0.10,173.194.164.186,,,45082,443,0,37,17
1584616102.436153,173.194.164.186,10.10.0.10,,,443,45082,0,1358,17
1584616102.445426,173.194.164.186,10.10.0.10,,,443,45082,0,1358,17
1584616102.4473784,10.10.0.10,173.194.164.186,,,45082,443,0,37,17
1584616102.454705,173.194.164.186,10.10.0.10,,,443,45082,0,1358,17
1584616102.4639812,173.194.164.186,10.10.0.10,,,443,45082,0,1358,17
1584616102.465899,10.10.0.10,173.194.164.186,,,45082,443,0,37,17
1584616102.4732704,173.194.164.186,10.10.0.10,,,443,45082,0,1358,17
1584616102.4825509,173.194.164.186,10.10.0.10,,,443,45082,0,1358,17
1584616102.484399,10.10.0.10,173.194.164.186,,,45082,443,0,37,17
1584616102.4918249,173.194.164.186,10.10.0.10,,,443,45082,0,1358,17
1584616102.5011132,173.194.164.186,10.10.0.10,,,443,45082,0,1358,17
1584616102.5026178,10.10.0.10,173.194.164.186,,,45082,443,0,37,17
1584616102.510386,173.194.164.186,10.10.0.10,,,443,45082,0,1358,17
1584616102.5196748,173.194.164.186,10.10.0.10,,,443,45082,0,1358,17
1584616102.521127,10.10.0.10,173.194.164.186,,,45082,443,0,37,17
1584616102.528945,173.194.164.186,10.10.0.10,,,443,45082,0,1358,17
1584616102.538234,173.194.164.186,10.10.0.10,,,443,45082,0,1358,17
1584616102.539756,10.10.0.10,173.194.164.186,,,45082,443,0,37,17
1584616102.5475054,173.194.164.186,10.10.0.10,,,443,45082,0,1358,17
1584616102.556798,173.194.164.186,10.10.0.10,,,443,45082,0,1358,17
1584616102.55825,10.10.0.10,173.194.164.186,,,45082,443,0,37,17
1584616102.566065,173.194.164.186,10.10.0.10,,,443,45082,0,1358,17
1584616102.5753582,173.194.164.186,10.10.0.10,,,443,45082,0,1358,17
1584616102.5770204,10.10.0.10,173.194.164.186,,,45082,443,0,37,17
1584616102.5846279,173.194.164.186,10.10.0.10,,,443,45082,0,1358,17
1584616102.59392,173.194.164.186,10.10.0.10,,,443,45082,0,1358,17
1584616102.595492,10.10.0.10,173.194.164.186,,,45082,443,0,37,17
1584616102.603186,173.194.164.186,10.10.0.10,,,443,45082,0,1358,17
1584616102.6124802,173.194.164.186,10.10.0.10,,,443,45082,0,1358,17
1584616102.614023,10.10.0.10,173.194.164.186,,,45082,443,0,50,17
1584616102.6217446,173.194.164.186,10.10.0.10,,,443,45082,0,1358,17
1584616102.631044,173.194.164.186,10.10.0.10,,,443,45082,0,1358,17
1584616102.6326258,10.10.0.10,173.194.164.186,,,45082,443,0,37,17
1584616102.6403027,173.194.164.186,10.10.0.10,,,443,45082,0,1358,17
1584616102.649587,173.194.164.186,10.10.0.10,,,443,45082,0,1358,17
1584616102.651118,10.10.0.10,173.194.164.186,,,45082,443,0,37,17
1584616102.658865,173.194.164.186,10.10.0.10,,,443,45082,0,1358,17
1584616102.6681502,173.194.164.186,10.10.0.10,,,443,45082,0,1358,17
1584616102.669752,10.10.0.10,173.194.164.186,,,45082,443,0,37,17
1584616102.6774292,173.194.164.186,10.10.0.10,,,443,45082,0,1358,17
1584616102.686704,173.194.164.186,10.10.0.10,,,443,45082,0,1358,17
1584616102.6959882,173.194.164.186,10.10.0.10,,,443,45082,0,1358,17
1584616102.701876,10.10.0.10,173.194.164.186,,,45082,443,0,37,17
1584616102.705265,173.194.164.186,10.10.0.10,,,443,45082,0,1358,17
1584616102.706871,10.10.0.10,173.194.164.186,,,45082,443,0,37,17
1584616102.7145462,173.194.164.186,10.10.0.10,,,443,45082,0,1358,17
1584616102.723825,173.194.164.186,10.10.0.10,,,443,45082,0,1358,17
1584616102.725616,10.10.0.10,173.194.164.186,,,45082,443,0,37,17
1584616102.7331061,173.194.164.186,10.10.0.10,,,443,45082,0,1358,17
1584616102.7423868,173.194.164.186,10.10.0.10,,,443,45082,0,1358,17
1584616102.744122,10.10.0.10,173.194.164.186,,,45082,443,0,37,17
1584616102.7516675,173.194.164.186,10.10.0.10,,,443,45082,0,1358,17
1584616102.760946,173.194.164.186,10.10.0.10,,,443,45082,0,1358,17
1584616102.7626214,10.10.0.10,173.194.164.186,,,45082,443,0,37,17
1584616102.770228,173.194.164.186,10.10.0.10,,,443,45082,0,1358,17
1584616102.779505,173.194.164.186,10.10.0.10,,,443,45082,0,1358,17
1584616102.7812462,10.10.0.10,173.194.164.186,,,45082,443,0,37,17
1584616102.788792,173.194.164.186,10.10.0.10,,,443,45082,0,1358,17
1584616102.798066,173.194.164.186,10.10.0.10,,,443,45082,0,1358,17
1584616102.799744,10.10.0.10,173.194.164.186,,,45082,443,0,37,17
1584616102.807341,173.194.164.186,10.10.0.10,,,443,45082,0,1358,17
1584616102.816622,173.194.164.186,10.10.0.10,,,443,45082,0,1358,17
1584616102.818368,10.10.0.10,173.194.164.186,,,45082,443,0,37,17
1584616102.825916,173.194.164.186,10.10.0.10,,,443,45082,0,1358,17
1584616102.835186,173.194.164.186,10.10.0.10,,,443,45082,0,1358,17
1584616102.8368678,10.10.0.10,173.194.164.186,,,45082,443,0,37,17
1584616102.8444777,173.194.164.186,10.10.0.10,,,443,45082,0,1358,17
1584616102.85375,173.194.164.186,10.10.0.10,,,443,45082,0,1358,17
1584616102.8557632,10.10.0.10,173.194.164.186,,,45082,443,0,37,17
1584616102.863041,173.194.164.186,10.10.0.10,,,443,45082,0,1358,17
1584616102.872302,173.194.164.186,10.10.0.10,,,443,45082,0,1358,17
1584616102.8738682,10.10.0.10,173.194.164.186,,,45082,443,0,37,17
1584616102.8816009,173.194.164.186,10.10.0.10,,,443,45082,0,1358,17
1584616102.8908648,173.194.164.186,10.10.0.10,,,443,45082,0,1358,17
1584616102.892618,10.10.0.10,173.194.164.186,,,45082,443,0,37,17
1584616102.900162,173.194.164.186,10.10.0.10,,,443,45082,0,1358,17
1584616102.909427,173.194.164.186,10.10.0.10,,,443,45082,0,1358,17
1584616102.9111226,10.10.0.10,173.194.164.186,,,45082,443,0,37,17
1584616102.9187222,173.194.164.186,10.10.0.10,,,443,45082,0,1358,17
1584616102.927984,173.194.164.186,10.10.0.10,,,443,45082,0,1358,17
1584616102.9296358,10.10.0.10,173.194.164.186,,,45082,443,0,37,17
1584616102.937276,173.194.164.186,10.10.0.10,,,443,45082,0,1358,17
1584616102.946545,173.194.164.186,10.10.0.10,,,443,45082,0,1358,17
1584616102.949384,10.10.0.10,173.194.164.186,,,45082,443,0,37,17
1584616102.9558258,173.194.164.186,10.10.0.10,,,443,45082,0,1358,17
1584616102.965105,173.194.164.186,10.10.0.10,,,443,45082,0,1358,17
1584616102.966865,10.10.0.10,173.194.164.186,,,45082,443,0,37,17
1584616102.974384,173.194.164.186,10.10.0.10,,,443,45082,0,1358,17
1584616102.9836679,173.194.164.186,10.10.0.10,,,443,45082,0,1358,17
1584616102.9858534,10.10.0.10,173.194.164.186,,,45082,443,0,50,17
1584616102.992943,173.194.164.186,10.10.0.10,,,443,45082,0,1358,17
1584616103.002221,173.194.164.186,10.10.0.10,,,443,45082,0,1358,17
1584616103.003858,10.10.0.10,173.194.164.186,,,45082,443,0,37,17
1584616103.0115054,173.194.164.186,10.10.0.10,,,443,45082,0,1358,17
1584616103.020783,173.194.164.186,10.10.0.10,,,443,45082,0,29,17
1584616103.0212018,173.194.164.186,10.10.0.10,,,443,45082,0,1358,17
1584616103.0227606,10.10.0.10,173.194.164.186,,,45082,443,0,37,17
1584616103.0304852,173.194.164.186,10.10.0.10,,,443,45082,0,1358,17
1584616103.039763,173.194.164.186,10.10.0.10,,,443,45082,0,1358,17
1584616103.0413358,10.10.0.10,173.194.164.186,,,45082,443,0,37,17
1584616103.049041,173.194.164.186,10.10.0.10,,,443,45082,0,1358,17
1584616103.058327,173.194.164.186,10.10.0.10,,,443,45082,0,1358,17
1584616103.059981,10.10.0.10,173.194.164.186,,,45082,443,0,37,17
1584616103.067605,173.194.164.186,10.10.0.10,,,443,45082,0,1358,17
1584616103.0769026,173.194.164.186,10.10.0.10,,,443,45082,0,1358,17
1584616103.07861,10.10.0.10,173.194.164.186,,,45082,443,0,37,17
1584616103.0861652,173.194.164.186,10.10.0.10,,,443,45082,0,1358,17
1584616103.0954428,173.194.164.186,10.10.0.10,,,443,45082,0,1358,17
1584616103.096949,10.10.0.10,173.194.164.186,,,45082,443,0,37,17
1584616103.104721,173.194.164.186,10.10.0.10,,,443,45082,0,1358,17
1584616103.1139982,173.194.164.186,10.10.0.10,,,443,45082,0,1358,17
1584616103.115631,10.10.0.10,173.194.164.186,,,45082,443,0,37,17
1584616103.12328,173.194.164.186,10.10.0.10,,,443,45082,0,1358,17
1584616103.1325731,173.194.164.186,10.10.0.10,,,443,45082,0,1358,17
1584616103.134116,10.10.0.10,173.194.164.186,,,45082,443,0,37,17
1584616103.1418474,173.194.164.186,10.10.0.10,,,443,45082,0,1358,17
1584616103.1511226,173.194.164.186,10.10.0.10,,,443,45082,0,1358,17
1584616103.15271,10.10.0.10,173.194.164.186,,,45082,443,0,37,17
1584616103.1604018,173.194.164.186,10.10.0.10,,,443,45082,0,1358,17
1584616103.16968,173.194.164.186,10.10.0.10,,,443,45082,0,1358,17
1584616103.171359,10.10.0.10,173.194.164.186,,,45082,443,0,37,17
1584616103.178962,173.194.164.186,10.10.0.10,,,443,45082,0,1358,17
1584616103.188257,173.194.164.186,10.10.0.10,,,443,45082,0,1358,17
1584616103.1898365,10.10.0.10,173.194.164.186,,,45082,443,0,37,17
1584616103.1975222,173.194.164.186,10.10.0.10,,,443,45082,0,1358,17
1584616103.2068038,173.194.164.186,10.10.0.10,,,443,45082,0,1358,17
1584616103.208338,10.10.0.10,173.194.164.186,,,45082,443,0,37,17
1584616103.2160802,173.194.164.186,10.10.0.10,,,443,45082,0,1358,17
1584616103.2253618,173.194.164.186,10.10.0.10,,,443,45082,0,1358,17
1584616103.226826,10.10.0.10,173.194.164.186,,,45082,443,0,37,17
1584616103.234652,173.194.164.186,10.10.0.10,,,443,45082,0,1358,17
1584616103.243928,173.194.164.186,10.10.0.10,,,443,45082,0,1358,17
1584616103.2454526,10.10.0.10,173.194.164.186,,,45082,443,0,37,17
1584616103.2532,173.194.164.186,10.10.0.10,,,443,45082,0,1358,17
1584616103.262482,173.194.164.186,10.10.0.10,,,443,45082,0,1358,17
1584616103.2641149,10.10.0.10,173.194.164.186,,,45082,443,0,37,17
1584616103.2717779,173.194.164.186,10.10.0.10,,,443,45082,0,1358,17
1584616103.2810438,173.194.164.186,10.10.0.10,,,443,45082,0,1358,17
1584616103.2826052,10.10.0.10,173.194.164.186,,,45082,443,0,37,17
1584616103.2903378,173.194.164.186,10.10.0.10,,,443,45082,0,1358,17
1584616103.299606,173.194.164.186,10.10.0.10,,,443,45082,0,1358,17
1584616103.301105,10.10.0.10,173.194.164.186,,,45082,443,0,37,17
1584616103.308899,173.194.164.186,10.10.0.10,,,443,45082,0,1358,17
1584616103.318161,173.194.164.186,10.10.0.10,,,443,45082,0,1358,17
1584616103.319753,10.10.0.10,173.194.164.186,,,45082,443,0,37,17
1584616103.327461,173.194.164.186,10.10.0.10,,,443,45082,0,1358,17
1584616103.3367252,173.194.164.186,10.10.0.10,,,443,45082,0,1358,17
1584616103.3383718,10.10.0.10,173.194.164.186,,,45082,443,0,37,17
1584616103.346024,173.194.164.186,10.10.0.10,,,443,45082,0,1358,17
1584616103.3552852,173.194.164.186,10.10.0.10,,,443,45082,0,1358,17
1584616103.356853,10.10.0.10,173.194.164.186,,,45082,443,0,50,17
1584616103.364566,173.194.164.186,10.10.0.10,,,443,45082,0,1358,17
1584616103.373847,173.194.164.186,10.10.0.10,,,443,45082,0,1358,17
1584616103.3755069,10.10.0.10,173.194.164.186,,,45082,443,0,37,17
1584616103.3831482,173.194.164.186,10.10.0.10,,,443,45082,0,1358,17
1584616103.392405,173.194.164.186,10.10.0.10,,,443,45082,0,1358,17
1584616103.3961241,10.10.0.10,173.194.164.186,,,45082,443,0,37,17
1584616103.4016852,173.194.164.186,10.10.0.10,,,443,45082,0,29,17
1584616103.4021099,173.194.164.186,10.10.0.10,,,443,45082,0,1358,17
1584616103.4113991,173.194.164.186,10.10.0.10,,,443,45082,0,1358,17
1584616103.4137466,10.10.0.10,173.194.164.186,,,45082,443,0,37,17
1584616103.4206624,173.194.164.186,10.10.0.10,,,443,45082,0,1358,17
1584616103.429959,173.194.164.186,10.10.0.10,,,443,45082,0,1358,17
1584616103.4334779,10.10.0.10,173.194.164.186,,,45082,443,0,37,17
1584616103.43923,173.194.164.186,10.10.0.10,,,443,45082,0,1358,17
1584616103.448502,173.194.164.186,10.10.0.10,,,443,45082,0,1358,17
1584616103.4502268,10.10.0.10,173.194.164.186,,,45082,443,0,37,17
1584616103.457785,173.194.164.186,10.10.0.10,,,443,45082,0,1358,17
1584616103.467083,173.194.164.186,10.10.0.10,,,443,45082,0,1358,17
1584616103.4688704,10.10.0.10,173.194.164.186,,,45082,443,0,37,17
1584616103.476346,173.194.164.186,10.10.0.10,,,443,45082,0,1358,17
1584616103.485643,173.194.164.186,10.10.0.10,,,443,45082,0,1358,17
1584616103.4876199,10.10.0.10,173.194.164.186,,,45082,443,0,37,17
1584616103.494905,173.194.164.186,10.10.0.10,,,443,45082,0,1358,17
1584616103.5041802,173.194.164.186,10.10.0.10,,,443,45082,0,1358,17
1584616103.5057259,10.10.0.10,173.194.164.186,,,45082,443,0,37,17
1584616103.5134618,173.194.164.186,10.10.0.10,,,443,45082,0,1358,17
1584616103.522766,173.194.164.186,10.10.0.10,,,443,45082,0,1358,17
1584616103.524367,10.10.0.10,173.194.164.186,,,45082,443,0,37,17
1584616103.5320199,173.194.164.186,10.10.0.10,,,443,45082,0,1358,17
1584616103.541305,173.194.164.186,10.10.0.10,,,443,45082,0,1358,17
1584616103.543227,10.10.0.10,173.194.164.186,,,45082,443,0,37,17
1584616103.550586,173.194.164.186,10.10.0.10,,,443,45082,0,1358,17
1584616103.559865,173.194.164.186,10.10.0.10,,,443,45082,0,1358,17
1584616103.561617,10.10.0.10,173.194.164.186,,,45082,443,0,37,17
1584616103.5691464,173.194.164.186,10.10.0.10,,,443,45082,0,1358,17
1584616103.578426,173.194.164.186,10.10.0.10,,,443,45082,0,1358,17
1584616103.580227,10.10.0.10,173.194.164.186,,,45082,443,0,37,17
1584616103.5877068,173.194.164.186,10.10.0.10,,,443,45082,0,1358,17
1584616103.5969858,173.194.164.186,10.10.0.10,,,443,45082,0,1358,17
1584616103.598743,10.10.0.10,173.194.164.186,,,45082,443,0,37,17
1584616103.606273,173.194.164.186,10.10.0.10,,,443,45082,0,1358,17
1584616103.615545,173.194.164.186,10.10.0.10,,,443,45082,0,1358,17
1584616103.617225,10.10.0.10,173.194.164.186,,,45082,443,0,37,17
1584616103.624823,173.194.164.186,10.10.0.10,,,443,45082,0,1358,17
1584616103.6341062,173.194.164.186,10.10.0.10,,,443,45082,0,1358,17
1584616103.6360939,10.10.0.10,173.194.164.186,,,45082,443,0,37,17
1584616103.643392,173.194.164.186,10.10.0.10,,,443,45082,0,1358,17
1584616103.652666,173.194.164.186,10.10.0.10,,,443,45082,0,1358,17
1584616103.6543698,10.10.0.10,173.194.164.186,,,45082,443,0,40,17
1584616103.661952,173.194.164.186,10.10.0.10,,,443,45082,0,1358,17
1584616103.663613,10.10.0.10,173.194.164.186,,,45082,443,0,40,17
1584616103.671224,173.194.164.186,10.10.0.10,,,443,45082,0,1358,17
1584616103.6730988,10.10.0.10,173.194.164.186,,,45082,443,0,40,17
1584616103.6805172,173.194.164.186,10.10.0.10,,,443,45082,0,1358,17
1584616103.6826134,10.10.0.10,173.194.164.186,,,45082,443,0,40,17
1584616103.689786,173.194.164.186,10.10.0.10,,,443,45082,0,1358,17
1584616103.699076,173.194.164.186,10.10.0.10,,,443,45082,0,1358,17
1584616103.7008376,10.10.0.10,173.194.164.186,,,45082,443,0,53,17
1584616103.708342,173.194.164.186,10.10.0.10,,,443,45082,0,1358,17
1584616103.7176428,173.194.164.186,10.10.0.10,,,443,45082,0,1358,17
1584616103.719236,10.10.0.10,173.194.164.186,,,45082,443,0,40,17
1584616103.7269044,173.194.164.186,10.10.0.10,,,443,45082,0,1358,17
1584616103.736201,173.194.164.186,10.10.0.10,,,443,45082,0,1358,17
1584616103.7379751,10.10.0.10,173.194.164.186,,,45082,443,0,40,17
1584616103.745467,173.194.164.186,10.10.0.10,,,443,45082,0,29,17
1584616103.7458901,173.194.164.186,10.10.0.10,,,443,45082,0,1358,17
1584616103.755165,173.194.164.186,10.10.0.10,,,443,45082,0,1358,17
1584616103.7644508,173.194.164.186,10.10.0.10,,,443,45082,0,1358,17
1584616103.773728,173.194.164.186,10.10.0.10,,,443,45082,0,1358,17
1584616103.783014,173.194.164.186,10.10.0.10,,,443,45082,0,1358,17
1584616103.7922852,173.194.164.186,10.10.0.10,,,443,45082,0,1358,17
1584616103.794465,10.10.0.10,173.194.164.186,,,45082,443,0,42,17
1584616103.795238,10.10.0.10,173.194.164.186,,,45082,443,0,42,17
1584616103.795264,10.10.0.10,173.194.164.186,,,45082,443,0,42,17
1584616103.796208,10.10.0.10,173.194.164.186,,,45082,443,0,42,17
1584616103.8015714,173.194.164.186,10.10.0.10,,,443,45082,0,1358,17
1584616103.8034651,10.10.0.10,173.194.164.186,,,45082,443,0,42,17
1584616103.810849,173.194.164.186,10.10.0.10,,,443,45082,0,1358,17
1584616103.820121,173.194.164.186,10.10.0.10,,,443,45082,0,1358,17
1584616103.821839,10.10.0.10,173.194.164.186,,,45082,443,0,42,17
1584616103.829409,173.194.164.186,10.10.0.10,,,443,45082,0,1358,17
1584616103.8386981,173.194.164.186,10.10.0.10,,,443,45082,0,1358,17
1584616103.840342,10.10.0.10,173.194.164.186,,,45082,443,0,42,17
1584616103.8479671,173.194.164.186,10.10.0.10,,,443,45082,0,1358,17
1584616103.8572578,173.194.164.186,10.10.0.10,,,443,45082,0,1358,17
1584616103.858967,10.10.0.10,173.194.164.186,,,45082,443,0,42,17
1584616103.8665216,173.194.164.186,10.10.0.10,,,443,45082,0,1358,17
1584616103.875821,173.194.164.186,10.10.0.10,,,443,45082,0,1358,17
1584616103.877483,10.10.0.10,173.194.164.186,,,45082,443,0,42,17
1584616103.8777132,10.10.0.10,173.194.164.186,,,45082,443,0,43,17
1584616103.885087,173.194.164.186,10.10.0.10,,,443,45082,0,1358,17
1584616103.894383,173.194.164.186,10.10.0.10,,,443,45082,0,1358,17
1584616103.896967,10.10.0.10,173.194.164.186,,,45082,443,0,42,17
1584616103.9036498,173.194.164.186,10.10.0.10,,,443,45082,0,1358,17
1584616103.912946,173.194.164.186,10.10.0.10,,,443,45082,0,1358,17
1584616103.9145882,10.10.0.10,173.194.164.186,,,45082,443,0,37,17
1584616103.9222062,173.194.164.186,10.10.0.10,,,443,45082,0,1358,17
1584616103.9315069,173.194.164.186,10.10.0.10,,,443,45082,0,1358,17
1584616103.9337332,10.10.0.10,173.194.164.186,,,45082,443,0,37,17
1584616103.9407609,173.194.164.186,10.10.0.10,,,443,45082,0,1358,17
1584616103.950049,173.194.164.186,10.10.0.10,,,443,45082,0,1358,17
1584616103.9518552,10.10.0.10,173.194.164.186,,,45082,443,0,37,17
1584616103.959325,173.194.164.186,10.10.0.10,,,443,45082,0,284,17
1584616103.9826071,10.10.0.10,173.194.164.186,,,45082,443,0,725,17
1584616103.9826329,10.10.0.10,173.194.164.186,,,45082,443,0,48,17
1584616103.990348,173.194.164.186,10.10.0.10,,,443,45082,0,29,17
1584616103.9916108,173.194.164.186,10.10.0.10,,,443,45082,0,1358,17
1584616103.991646,173.194.164.186,10.10.0.10,,,443,45082,0,1358,17
1584616103.994086,10.10.0.10,173.194.164.186,,,45082,443,0,37,17
1584616103.999514,173.194.164.186,10.10.0.10,,,443,45082,0,1358,17
1584616104.008799,173.194.164.186,10.10.0.10,,,443,45082,0,1358,17
1584616104.0124602,10.10.0.10,173.194.164.186,,,45082,443,0,37,17
1584616104.0180762,173.194.164.186,10.10.0.10,,,443,45082,0,1358,17
1584616104.027353,173.194.164.186,10.10.0.10,,,443,45082,0,1358,17
1584616104.029117,10.10.0.10,173.194.164.186,,,45082,443,0,37,17
1584616104.0366304,173.194.164.186,10.10.0.10,,,443,45082,0,1358,17
1584616104.0384526,10.10.0.10,173.194.164.186,,,45082,443,0,40,17
1584616104.0459044,173.194.164.186,10.10.0.10,,,443,45082,0,1358,17
1584616104.0485892,10.10.0.10,173.194.164.186,,,45082,443,0,37,17
1584616104.0551894,173.194.164.186,10.10.0.10,,,443,45082,0,1358,17
1584616104.0644698,173.194.164.186,10.10.0.10,,,443,45082,0,1358,17
1584616104.066603,10.10.0.10,173.194.164.186,,,45082,443,0,37,17
1584616104.0737472,173.194.164.186,10.10.0.10,,,443,45082,0,1358,17
1584616104.083031,173.194.164.186,10.10.0.10,,,443,45082,0,1358,17
1584616104.0847092,10.10.0.10,173.194.164.186,,,45082,443,0,37,17
1584616104.0923078,173.194.164.186,10.10.0.10,,,443,45082,0,1358,17
1584616104.1015902,173.194.164.186,10.10.0.10,,,443,45082,0,1358,17
1584616104.1032279,10.10.0.10,173.194.164.186,,,45082,443,0,37,17
1584616104.11087,173.194.164.186,10.10.0.10,,,443,45082,0,1358,17
1584616104.1201491,173.194.164.186,10.10.0.10,,,443,45082,0,1358,17
1584616104.1219628,10.10.0.10,173.194.164.186,,,45082,443,0,37,17
1584616104.129431,173.194.164.186,10.10.0.10,,,443,45082,0,1358,17
1584616104.138708,173.194.164.186,10.10.0.10,,,443,45082,0,1358,17
1584616104.1404762,10.10.0.10,173.194.164.186,,,45082,443,0,37,17
1584616104.147995,173.194.164.186,10.10.0.10,,,443,45082,0,1358,17
1584616104.157275,173.194.164.186,10.10.0.10,,,443,45082,0,1358,17
1584616104.15908,10.10.0.10,173.194.164.186,,,45082,443,0,37,17
1584616104.166568,173.194.164.186,10.10.0.10,,,443,45082,0,1358,17
1584616104.1758301,173.194.164.186,10.10.0.10,,,443,45082,0,1358,17
1584616104.1773224,10.10.0.10,173.194.164.186,,,45082,443,0,37,17
1584616104.185108,173.194.164.186,10.10.0.10,,,443,45082,0,1358,17
1584616104.1943884,173.194.164.186,10.10.0.10,,,443,45082,0,1358,17
1584616104.1958275,10.10.0.10,173.194.164.186,,,45082,443,0,37,17
1584616104.203686,173.194.164.186,10.10.0.10,,,443,45082,0,1358,17
1584616104.212951,173.194.164.186,10.10.0.10,,,443,45082,0,1358,17
1584616104.214443,10.10.0.10,173.194.164.186,,,45082,443,0,37,17
1584616104.2222302,173.194.164.186,10.10.0.10,,,443,45082,0,1358,17
1584616104.2315106,173.194.164.186,10.10.0.10,,,443,45082,0,1358,17
1584616104.233072,10.10.0.10,173.194.164.186,,,45082,443,0,37,17
1584616104.240796,173.194.164.186,10.10.0.10,,,443,45082,0,1358,17
1584616104.2500749,173.194.164.186,10.10.0.10,,,443,45082,0,1358,17
1584616104.2517982,10.10.0.10,173.194.164.186,,,45082,443,0,37,17
1584616104.259353,173.194.164.186,10.10.0.10,,,443,45082,0,1358,17
1584616104.2686374,173.194.164.186,10.10.0.10,,,443,45082,0,1358,17
1584616104.2702286,10.10.0.10,173.194.164.186,,,45082,443,0,37,17
1584616104.2779078,173.194.164.186,10.10.0.10,,,443,45082,0,1358,17
1584616104.287194,173.194.164.186,10.10.0.10,,,443,45082,0,1358,17
1584616104.288856,10.10.0.10,173.194.164.186,,,45082,443,0,37,17
1584616104.2964852,173.194.164.186,10.10.0.10,,,443,45082,0,1358,17
1584616104.3057554,173.194.164.186,10.10.0.10,,,443,45082,0,1358,17
1584616104.3073251,10.10.0.10,173.194.164.186,,,45082,443,0,37,17
1584616104.315034,173.194.164.186,10.10.0.10,,,443,45082,0,1358,17
1584616104.32431,173.194.164.186,10.10.0.10,,,443,45082,0,1358,17
1584616104.325967,10.10.0.10,173.194.164.186,,,45082,443,0,50,17
1584616104.333593,173.194.164.186,10.10.0.10,,,443,45082,0,1358,17
1584616104.3428762,173.194.164.186,10.10.0.10,,,443,45082,0,1358,17
1584616104.3443148,10.10.0.10,173.194.164.186,,,45082,443,0,37,17
1584616104.352149,173.194.164.186,10.10.0.10,,,443,45082,0,1358,17
1584616104.361433,173.194.164.186,10.10.0.10,,,443,45082,0,1358,17
1584616104.3634682,10.10.0.10,173.194.164.186,,,45082,443,0,37,17
1584616104.370716,173.194.164.186,10.10.0.10,,,443,45082,0,1358,17
1584616104.379996,173.194.164.186,10.10.0.10,,,443,45082,0,1358,17
1584616104.3818429,10.10.0.10,173.194.164.186,,,45082,443,0,37,17
1584616104.3892748,173.194.164.186,10.10.0.10,,,443,45082,0,1358,17
1584616104.3985548,173.194.164.186,10.10.0.10,,,443,45082,0,1358,17
1584616104.4005704,10.10.0.10,173.194.164.186,,,45082,443,0,37,17
1584616104.4078329,173.194.164.186,10.10.0.10,,,443,45082,0,1358,17
1584616104.417109,173.194.164.186,10.10.0.10,,,443,45082,0,1358,17
1584616104.4186988,10.10.0.10,173.194.164.186,,,45082,443,0,37,17
1584616104.426394,173.194.164.186,10.10.0.10,,,443,45082,0,1358,17
1584616104.4356804,173.194.164.186,10.10.0.10,,,443,45082,0,1358,17
1584616104.437446,10.10.0.10,173.194.164.186,,,45082,443,0,37,17
1584616104.444954,173.194.164.186,10.10.0.10,,,443,45082,0,1358,17
1584616104.454244,173.194.164.186,10.10.0.10,,,443,45082,0,1358,17
1584616104.455821,10.10.0.10,173.194.164.186,,,45082,443,0,37,17
1584616104.4635134,173.194.164.186,10.10.0.10,,,443,45082,0,1358,17
1584616104.4728026,173.194.164.186,10.10.0.10,,,443,45082,0,1358,17
1584616104.474446,10.10.0.10,173.194.164.186,,,45082,443,0,37,17
1584616104.4820762,173.194.164.186,10.10.0.10,,,443,45082,0,1358,17
1584616104.491367,173.194.164.186,10.10.0.10,,,443,45082,0,1358,17
1584616104.4930902,10.10.0.10,173.194.164.186,,,45082,443,0,37,17
1584616104.500635,173.194.164.186,10.10.0.10,,,443,45082,0,1358,17
1584616104.509927,173.194.164.186,10.10.0.10,,,443,45082,0,1358,17
1584616104.5114362,10.10.0.10,173.194.164.186,,,45082,443,0,37,17
1584616104.519193,173.194.164.186,10.10.0.10,,,443,45082,0,1358,17
1584616104.5284884,173.194.164.186,10.10.0.10,,,443,45082,0,1358,17
1584616104.5304446,10.10.0.10,173.194.164.186,,,45082,443,0,37,17
1584616104.5377526,173.194.164.186,10.10.0.10,,,443,45082,0,1358,17
1584616104.547048,173.194.164.186,10.10.0.10,,,443,45082,0,1358,17
1584616104.5487142,10.10.0.10,173.194.164.186,,,45082,443,0,37,17
1584616104.5563102,173.194.164.186,10.10.0.10,,,443,45082,0,1358,17
1584616104.565614,173.194.164.186,10.10.0.10,,,443,45082,0,1358,17
1584616104.567311,10.10.0.10,173.194.164.186,,,45082,443,0,37,17
1584616104.574874,173.194.164.186,10.10.0.10,,,443,45082,0,1358,17
1584616104.5841546,173.194.164.186,10.10.0.10,,,443,45082,0,1358,17
1584616104.585816,10.10.0.10,173.194.164.186,,,45082,443,0,37,17
1584616104.5934372,173.194.164.186,10.10.0.10,,,443,45082,0,1358,17
1584616104.602737,173.194.164.186,10.10.0.10,,,443,45082,0,1358,17
1584616104.604434,10.10.0.10,173.194.164.186,,,45082,443,0,37,17
1584616104.611995,173.194.164.186,10.10.0.10,,,443,45082,0,1358,17
1584616104.621275,173.194.164.186,10.10.0.10,,,443,45082,0,1358,17
1584616104.623461,10.10.0.10,173.194.164.186,,,45082,443,0,37,17
1584616104.6305554,173.194.164.186,10.10.0.10,,,443,45082,0,1358,17
1584616104.639832,173.194.164.186,10.10.0.10,,,443,45082,0,1358,17
1584616104.641567,10.10.0.10,173.194.164.186,,,45082,443,0,37,17
1584616104.6491165,173.194.164.186,10.10.0.10,,,443,45082,0,1358,17
1584616104.6583948,173.194.164.186,10.10.0.10,,,443,45082,0,1358,17
1584616104.6600866,10.10.0.10,173.194.164.186,,,45082,443,0,37,17
1584616104.667669,173.194.164.186,10.10.0.10,,,443,45082,0,1358,17
1584616104.6769538,173.194.164.186,10.10.0.10,,,443,45082,0,1358,17
1584616104.6788151,10.10.0.10,173.194.164.186,,,45082,443,0,37,17
1584616104.6862366,173.194.164.186,10.10.0.10,,,443,45082,0,1358,17
1584616104.695516,173.194.164.186,10.10.0.10,,,443,45082,0,1358,17
1584616104.697208,10.10.0.10,173.194.164.186,,,45082,443,0,50,17
1584616104.704797,173.194.164.186,10.10.0.10,,,443,45082,0,1358,17
1584616104.7140741,173.194.164.186,10.10.0.10,,,443,45082,0,1358,17
1584616104.715837,10.10.0.10,173.194.164.186,,,45082,443,0,37,17
1584616104.7233582,173.194.164.186,10.10.0.10,,,443,45082,0,1358,17
1584616104.7326329,173.194.164.186,10.10.0.10,,,443,45082,0,1358,17
1584616104.7357082,10.10.0.10,173.194.164.186,,,45082,443,0,37,17
1584616104.741925,173.194.164.186,10.10.0.10,,,443,45082,0,1358,17
1584616104.7511961,173.194.164.186,10.10.0.10,,,443,45082,0,1358,17
1584616104.752832,10.10.0.10,173.194.164.186,,,45082,443,0,37,17
1584616104.760486,173.194.164.186,10.10.0.10,,,443,45082,0,1358,17
1584616104.7697554,173.194.164.186,10.10.0.10,,,443,45082,0,1358,17
1584616104.771427,10.10.0.10,173.194.164.186,,,45082,443,0,37,17
1584616104.7790446,173.194.164.186,10.10.0.10,,,443,45082,0,1358,17
1584616104.7883162,173.194.164.186,10.10.0.10,,,443,45082,0,1358,17
1584616104.7903314,10.10.0.10,173.194.164.186,,,45082,443,0,37,17
1584616104.797608,173.194.164.186,10.10.0.10,,,443,45082,0,1358,17
1584616104.8068779,173.194.164.186,10.10.0.10,,,443,45082,0,1358,17
1584616104.8085618,10.10.0.10,173.194.164.186,,,45082,443,0,37,17
1584616104.816169,173.194.164.186,10.10.0.10,,,443,45082,0,1358,17
1584616104.825434,173.194.164.186,10.10.0.10,,,443,45082,0,1358,17
1584616104.827086,10.10.0.10,173.194.164.186,,,45082,443,0,37,17
1584616104.8347301,173.194.164.186,10.10.0.10,,,443,45082,0,1358,17
1584616104.8439894,173.194.164.186,10.10.0.10,,,443,45082,0,1358,17
1584616104.8456864,10.10.0.10,173.194.164.186,,,45082,443,0,37,17
1584616104.8532748,173.194.164.186,10.10.0.10,,,443,45082,0,1358,17
1584616104.8625536,173.194.164.186,10.10.0.10,,,443,45082,0,1358,17
1584616104.8643332,10.10.0.10,173.194.164.186,,,45082,443,0,37,17
1584616104.8718526,173.194.164.186,10.10.0.10,,,443,45082,0,1358,17
1584616104.881114,173.194.164.186,10.10.0.10,,,443,45082,0,1358,17
1584616104.882952,10.10.0.10,173.194.164.186,,,45082,443,0,37,17
1584616104.890395,173.194.164.186,10.10.0.10,,,443,45082,0,1358,17
1584616104.899675,173.194.164.186,10.10.0.10,,,443,45082,0,1358,17
1584616104.9014552,10.10.0.10,173.194.164.186,,,45082,443,0,37,17
1584616104.908952,173.194.164.186,10.10.0.10,,,443,45082,0,1358,17
1584616104.91823,173.194.164.186,10.10.0.10,,,443,45082,0,1358,17
1584616104.919808,10.10.0.10,173.194.164.186,,,45082,443,0,37,17
1584616104.9275148,173.194.164.186,10.10.0.10,,,443,45082,0,1358,17
1584616104.936795,173.194.164.186,10.10.0.10,,,443,45082,0,1358,17
1584616104.9386842,10.10.0.10,173.194.164.186,,,45082,443,0,37,17
1584616104.946075,173.194.164.186,10.10.0.10,,,443,45082,0,1358,17
1584616104.955352,173.194.164.186,10.10.0.10,,,443,45082,0,1358,17
1584616104.9570804,10.10.0.10,173.194.164.186,,,45082,443,0,37,17
1584616104.964635,173.194.164.186,10.10.0.10,,,443,45082,0,1358,17
1584616104.9739149,173.194.164.186,10.10.0.10,,,443,45082,0,1358,17
1584616104.98319,173.194.164.186,10.10.0.10,,,443,45082,0,1358,17
1584616104.9841552,10.10.0.10,173.194.164.186,,,45082,443,0,37,17
1584616104.992471,173.194.164.186,10.10.0.10,,,443,45082,0,1358,17
1584616104.995065,10.10.0.10,173.194.164.186,,,45082,443,0,37,17
1584616105.001751,173.194.164.186,10.10.0.10,,,443,45082,0,1358,17
1584616105.0110419,173.194.164.186,10.10.0.10,,,443,45082,0,1358,17
1584616105.012827,10.10.0.10,173.194.164.186,,,45082,443,0,37,17
1584616105.0203092,173.194.164.186,10.10.0.10,,,443,45082,0,1358,17
1584616105.029592,173.194.164.186,10.10.0.10,,,443,45082,0,1358,17
1584616105.0312982,10.10.0.10,173.194.164.186,,,45082,443,0,37,17
1584616105.0388658,173.194.164.186,10.10.0.10,,,443,45082,0,1358,17
1584616105.048149,173.194.164.186,10.10.0.10,,,443,45082,0,1358,17
1584616105.050931,10.10.0.10,173.194.164.186,,,45082,443,0,37,17
1584616105.057441,173.194.164.186,10.10.0.10,,,443,45082,0,1358,17
1584616105.066727,173.194.164.186,10.10.0.10,,,443,45082,0,1358,17
1584616105.068824,10.10.0.10,173.194.164.186,,,45082,443,0,50,17
1584616105.075993,173.194.164.186,10.10.0.10,,,443,45082,0,1358,17
1584616105.0852704,173.194.164.186,10.10.0.10,,,443,45082,0,1358,17
1584616105.0867689,10.10.0.10,173.194.164.186,,,45082,443,0,37,17
1584616105.09455,173.194.164.186,10.10.0.10,,,443,45082,0,1358,17
1584616105.103846,173.194.164.186,10.10.0.10,,,443,45082,0,1358,17
1584616105.105439,10.10.0.10,173.194.164.186,,,45082,443,0,37,17
1584616105.1131182,173.194.164.186,10.10.0.10,,,443,45082,0,1358,17
1584616105.122391,173.194.164.186,10.10.0.10,,,443,45082,0,1358,17
1584616105.123894,10.10.0.10,173.194.164.186,,,45082,443,0,37,17
1584616105.1316724,173.194.164.186,10.10.0.10,,,443,45082,0,1358,17
1584616105.14097,173.194.164.186,10.10.0.10,,,443,45082,0,1358,17
1584616105.1446972,10.10.0.10,173.194.164.186,,,45082,443,0,37,17
1584616105.1502314,173.194.164.186,10.10.0.10,,,443,45082,0,29,17
1584616105.1506472,173.194.164.186,10.10.0.10,,,443,45082,0,1358,17
1584616105.159937,173.194.164.186,10.10.0.10,,,443,45082,0,1358,17
1584616105.1613991,10.10.0.10,173.194.164.186,,,45082,443,0,37,17
1584616105.1692119,173.194.164.186,10.10.0.10,,,443,45082,0,1358,17
1584616105.178488,173.194.164.186,10.10.0.10,,,443,45082,0,1358,17
1584616105.180049,10.10.0.10,173.194.164.186,,,45082,443,0,37,17
1584616105.1877725,173.194.164.186,10.10.0.10,,,443,45082,0,1358,17
1584616105.197056,173.194.164.186,10.10.0.10,,,443,45082,0,1358,17
1584616105.203792,10.10.0.10,173.194.164.186,,,45082,443,0,37,17
1584616105.206346,173.194.164.186,10.10.0.10,,,443,45082,0,1358,17
1584616105.215609,173.194.164.186,10.10.0.10,,,443,45082,0,1358,17
1584616105.217174,10.10.0.10,173.194.164.186,,,45082,443,0,37,17
1584616105.224907,173.194.164.186,10.10.0.10,,,443,45082,0,1358,17
1584616105.2341788,173.194.164.186,10.10.0.10,,,443,45082,0,1358,17
1584616105.235676,10.10.0.10,173.194.164.186,,,45082,443,0,37,17
1584616105.243468,173.194.164.186,10.10.0.10,,,443,45082,0,1358,17
1584616105.2527351,173.194.164.186,10.10.0.10,,,443,45082,0,1358,17
1584616105.262031,173.194.164.186,10.10.0.10,,,443,45082,0,1358,17
1584616105.271296,173.194.164.186,10.10.0.10,,,443,45082,0,1358,17
1584616105.272179,10.10.0.10,173.194.164.186,,,45082,443,0,37,17
1584616105.2730696,10.10.0.10,173.194.164.186,,,45082,443,0,37,17
1584616105.280591,173.194.164.186,10.10.0.10,,,443,45082,0,1358,17
1584616105.2898526,173.194.164.186,10.10.0.10,,,443,45082,0,1358,17
1584616105.2914288,10.10.0.10,173.194.164.186,,,45082,443,0,37,17
1584616105.299134,173.194.164.186,10.10.0.10,,,443,45082,0,1358,17
1584616105.308415,173.194.164.186,10.10.0.10,,,443,45082,0,1358,17
1584616105.310188,10.10.0.10,173.194.164.186,,,45082,443,0,37,17
1584616105.317715,173.194.164.186,10.10.0.10,,,443,45082,0,1358,17
1584616105.326975,173.194.164.186,10.10.0.10,,,443,45082,0,1358,17
1584616105.3286898,10.10.0.10,173.194.164.186,,,45082,443,0,37,17
1584616105.336254,173.194.164.186,10.10.0.10,,,443,45082,0,1358,17
1584616105.345536,173.194.164.186,10.10.0.10,,,443,45082,0,1358,17
1584616105.3471699,10.10.0.10,173.194.164.186,,,45082,443,0,37,17
1584616105.354816,173.194.164.186,10.10.0.10,,,443,45082,0,1358,17
1584616105.364094,173.194.164.186,10.10.0.10,,,443,45082,0,1358,17
1584616105.365815,10.10.0.10,173.194.164.186,,,45082,443,0,37,17
1584616105.373373,173.194.164.186,10.10.0.10,,,443,45082,0,1358,17
1584616105.3826542,173.194.164.186,10.10.0.10,,,443,45082,0,1358,17
1584616105.3856714,10.10.0.10,173.194.164.186,,,45082,443,0,37,17
1584616105.391944,173.194.164.186,10.10.0.10,,,443,45082,0,1358,17
1584616105.401216,173.194.164.186,10.10.0.10,,,443,45082,0,1358,17
1584616105.4028132,10.10.0.10,173.194.164.186,,,45082,443,0,37,17
1584616105.4104931,173.194.164.186,10.10.0.10,,,443,45082,0,1358,17
1584616105.419776,173.194.164.186,10.10.0.10,,,443,45082,0,1358,17
1584616105.421658,10.10.0.10,173.194.164.186,,,45082,443,0,37,17
1584616105.4290578,173.194.164.186,10.10.0.10,,,443,45082,0,1358,17
1584616105.43834,173.194.164.186,10.10.0.10,,,443,45082,0,1358,17
1584616105.440016,10.10.0.10,173.194.164.186,,,45082,443,0,50,17
1584616105.4476151,173.194.164.186,10.10.0.10,,,443,45082,0,1358,17
1584616105.456899,173.194.164.186,10.10.0.10,,,443,45082,0,1358,17
1584616105.4588122,10.10.0.10,173.194.164.186,,,45082,443,0,37,17
1584616105.4661741,173.194.164.186,10.10.0.10,,,443,45082,0,1358,17
1584616105.475465,173.194.164.186,10.10.0.10,,,443,45082,0,1358,17
1584616105.477186,10.10.0.10,173.194.164.186,,,45082,443,0,37,17
1584616105.484734,173.194.164.186,10.10.0.10,,,443,45082,0,1358,17
1584616105.494024,173.194.164.186,10.10.0.10,,,443,45082,0,1358,17
1584616105.495811,10.10.0.10,173.194.164.186,,,45082,443,0,37,17
1584616105.503293,173.194.164.186,10.10.0.10,,,443,45082,0,1358,17
1584616105.5125892,173.194.164.186,10.10.0.10,,,443,45082,0,1358,17
1584616105.5143108,10.10.0.10,173.194.164.186,,,45082,443,0,37,17
1584616105.5218532,173.194.164.186,10.10.0.10,,,443,45082,0,1358,17
1584616105.5311468,173.194.164.186,10.10.0.10,,,443,45082,0,1358,17
1584616105.535057,10.10.0.10,173.194.164.186,,,45082,443,0,37,17
1584616105.5404088,173.194.164.186,10.10.0.10,,,443,45082,0,1358,17
1584616105.54971,173.194.164.186,10.10.0.10,,,443,45082,0,1358,17
1584616105.5515628,10.10.0.10,173.194.164.186,,,45082,443,0,37,17
1584616105.558973,173.194.164.186,10.10.0.10,,,443,45082,0,1358,17
1584616105.568253,173.194.164.186,10.10.0.10,,,443,45082,0,1358,17
1584616105.5699148,10.10.0.10,173.194.164.186,,,45082,443,0,37,17
1584616105.5775342,173.194.164.186,10.10.0.10,,,443,45082,0,1358,17
1584616105.586831,173.194.164.186,10.10.0.10,,,443,45082,0,1358,17
1584616105.5889368,10.10.0.10,173.194.164.186,,,45082,443,0,37,17
1584616105.596101,173.194.164.186,10.10.0.10,,,443,45082,0,1358,17
1584616105.605375,173.194.164.186,10.10.0.10,,,443,45082,0,1358,17
1584616105.607184,10.10.0.10,173.194.164.186,,,45082,443,0,37,17
1584616105.6146538,173.194.164.186,10.10.0.10,,,443,45082,0,1358,17
1584616105.623935,173.194.164.186,10.10.0.10,,,443,45082,0,1358,17
1584616105.625928,10.10.0.10,173.194.164.186,,,45082,443,0,37,17
1584616105.633213,173.194.164.186,10.10.0.10,,,443,45082,0,1358,17
1584616105.640811,10.10.0.10,173.194.164.186,,,45082,443,0,722,17
1584616105.6408372,10.10.0.10,173.194.164.186,,,45082,443,0,48,17
1584616105.642494,173.194.164.186,10.10.0.10,,,443,45082,0,1358,17
1584616105.6517751,173.194.164.186,10.10.0.10,,,443,45082,0,1358,17
1584616105.6535368,10.10.0.10,173.194.164.186,,,45082,443,0,37,17
1584616105.6610534,173.194.164.186,10.10.0.10,,,443,45082,0,1358,17
1584616105.6703331,173.194.164.186,10.10.0.10,,,443,45082,0,1358,17
1584616105.672167,10.10.0.10,173.194.164.186,,,45082,443,0,37,17
1584616105.679618,173.194.164.186,10.10.0.10,,,443,45082,0,32,17
1584616105.6800542,173.194.164.186,10.10.0.10,,,443,45082,0,1358,17
1584616105.6893349,173.194.164.186,10.10.0.10,,,443,45082,0,1358,17
1584616105.6909099,10.10.0.10,173.194.164.186,,,45082,443,0,37,17
1584616105.6986141,173.194.164.186,10.10.0.10,,,443,45082,0,1358,17
1584616105.7078938,173.194.164.186,10.10.0.10,,,443,45082,0,1358,17
1584616105.70941,10.10.0.10,173.194.164.186,,,45082,443,0,37,17
1584616105.717175,173.194.164.186,10.10.0.10,,,443,45082,0,1358,17
1584616105.7264569,173.194.164.186,10.10.0.10,,,443,45082,0,1358,17
1584616105.7290409,10.10.0.10,173.194.164.186,,,45082,443,0,37,17
1584616105.735733,173.194.164.186,10.10.0.10,,,443,45082,0,1358,17
1584616105.745016,173.194.164.186,10.10.0.10,,,443,45082,0,1358,17
1584616105.7465332,10.10.0.10,173.194.164.186,,,45082,443,0,37,17
1584616105.7542946,173.194.164.186,10.10.0.10,,,443,45082,0,1358,17
1584616105.763581,173.194.164.186,10.10.0.10,,,443,45082,0,1358,17
1584616105.7652838,10.10.0.10,173.194.164.186,,,45082,443,0,37,17
1584616105.7728536,173.194.164.186,10.10.0.10,,,443,45082,0,1358,17
1584616105.7821405,173.194.164.186,10.10.0.10,,,443,45082,0,1358,17
1584616105.783802,10.10.0.10,173.194.164.186,,,45082,443,0,37,17
1584616105.791413,173.194.164.186,10.10.0.10,,,443,45082,0,1358,17
1584616105.800704,173.194.164.186,10.10.0.10,,,443,45082,0,1358,17
1584616105.802408,10.10.0.10,173.194.164.186,,,45082,443,0,37,17
1584616105.8099742,173.194.164.186,10.10.0.10,,,443,45082,0,1358,17
1584616105.8192694,173.194.164.186,10.10.0.10,,,443,45082,0,1358,17
1584616105.821051,10.10.0.10,173.194.164.186,,,45082,443,0,37,17
1584616105.828535,173.194.164.186,10.10.0.10,,,443,45082,0,1358,17
1584616105.8378286,173.194.164.186,10.10.0.10,,,443,45082,0,1358,17
1584616105.840533,10.10.0.10,173.194.164.186,,,45082,443,0,37,17
1584616105.8470929,173.194.164.186,10.10.0.10,,,443,45082,0,1358,17
1584616105.856388,173.194.164.186,10.10.0.10,,,443,45082,0,1358,17
1584616105.858031,10.10.0.10,173.194.164.186,,,45082,443,0,37,17
1584616105.865654,173.194.164.186,10.10.0.10,,,443,45082,0,1358,17
1584616105.8749466,173.194.164.186,10.10.0.10,,,443,45082,0,1358,17
1584616105.876529,10.10.0.10,173.194.164.186,,,45082,443,0,37,17
1584616105.8842132,173.194.164.186,10.10.0.10,,,443,45082,0,1358,17
1584616105.893496,173.194.164.186,10.10.0.10,,,443,45082,0,1358,17
1584616105.895298,10.10.0.10,173.194.164.186,,,45082,443,0,37,17
1584616105.9027731,173.194.164.186,10.10.0.10,,,443,45082,0,1358,17
1584616105.912055,173.194.164.186,10.10.0.10,,,443,45082,0,1358,17
1584616105.913799,10.10.0.10,173.194.164.186,,,45082,443,0,37,17
1584616105.921334,173.194.164.186,10.10.0.10,,,443,45082,0,1358,17
1584616105.930616,173.194.164.186,10.10.0.10,,,443,45082,0,1358,17
1584616105.932424,10.10.0.10,173.194.164.186,,,45082,443,0,37,17
1584616105.939894,173.194.164.186,10.10.0.10,,,443,45082,0,1358,17
1584616105.9491742,173.194.164.186,10.10.0.10,,,443,45082,0,1358,17
1584616105.950901,10.10.0.10,173.194.164.186,,,45082,443,0,37,17
1584616105.9584534,173.194.164.186,10.10.0.10,,,443,45082,0,1358,17
1584616105.9677384,173.194.164.186,10.10.0.10,,,443,45082,0,1358,17
1584616105.9697795,10.10.0.10,173.194.164.186,,,45082,443,0,37,17
1584616105.977012,173.194.164.186,10.10.0.10,,,443,45082,0,1358,17
1584616105.9862974,173.194.164.186,10.10.0.10,,,443,45082,0,1358,17
1584616105.988022,10.10.0.10,173.194.164.186,,,45082,443,0,37,17
1584616105.9955778,173.194.164.186,10.10.0.10,,,443,45082,0,1358,17
1584616106.005128,173.194.164.186,10.10.0.10,,,443,45082,0,1358,17
1584616106.006777,10.10.0.10,173.194.164.186,,,45082,443,0,50,17
1584616106.01441,173.194.164.186,10.10.0.10,,,443,45082,0,1358,17
1584616106.0236988,173.194.164.186,10.10.0.10,,,443,45082,0,1358,17
1584616106.0256765,10.10.0.10,173.194.164.186,,,45082,443,0,37,17
1584616106.032975,173.194.164.186,10.10.0.10,,,443,45082,0,1358,17
1584616106.042257,173.194.164.186,10.10.0.10,,,443,45082,0,1358,17
1584616106.045426,10.10.0.10,173.194.164.186,,,45082,443,0,37,17
1584616106.0515304,173.194.164.186,10.10.0.10,,,443,45082,0,29,17
1584616106.0519464,173.194.164.186,10.10.0.10,,,443,45082,0,1358,17
1584616106.061241,173.194.164.186,10.10.0.10,,,443,45082,0,1358,17
1584616106.062905,10.10.0.10,173.194.164.186,,,45082,443,0,37,17
1584616106.0705092,173.194.164.186,10.10.0.10,,,443,45082,0,1358,17
1584616106.079792,173.194.164.186,10.10.0.10,,,443,45082,0,1358,17
1584616106.0815332,10.10.0.10,173.194.164.186,,,45082,443,0,37,17
1584616106.0890698,173.194.164.186,10.10.0.10,,,443,45082,0,1358,17
1584616106.0983539,173.194.164.186,10.10.0.10,,,443,45082,0,1358,17
1584616106.099995,10.10.0.10,173.194.164.186,,,45082,443,0,37,17
1584616106.1076348,173.194.164.186,10.10.0.10,,,443,45082,0,1358,17
1584616106.116918,173.194.164.186,10.10.0.10,,,443,45082,0,1358,17
1584616106.118648,10.10.0.10,173.194.164.186,,,45082,443,0,37,17
1584616106.1261961,173.194.164.186,10.10.0.10,,,443,45082,0,1358,17
1584616106.1354759,173.194.164.186,10.10.0.10,,,443,45082,0,1358,17
1584616106.137523,10.10.0.10,173.194.164.186,,,45082,443,0,37,17
1584616106.144754,173.194.164.186,10.10.0.10,,,443,45082,0,1358,17
1584616106.154033,173.194.164.186,10.10.0.10,,,443,45082,0,1358,17
1584616106.15575,10.10.0.10,173.194.164.186,,,45082,443,0,37,17
1584616106.163312,173.194.164.186,10.10.0.10,,,443,45082,0,1358,17
1584616106.172588,173.194.164.186,10.10.0.10,,,443,45082,0,1358,17
1584616106.174277,10.10.0.10,173.194.164.186,,,45082,443,0,37,17
1584616106.181867,173.194.164.186,10.10.0.10,,,443,45082,0,1358,17
1584616106.1911519,173.194.164.186,10.10.0.10,,,443,45082,0,1358,17
1584616106.197264,10.10.0.10,173.194.164.186,,,45082,443,0,37,17
1584616106.2004302,173.194.164.186,10.10.0.10,,,443,45082,0,1358,17
1584616106.20971,173.194.164.186,10.10.0.10,,,443,45082,0,1358,17
1584616106.2112648,10.10.0.10,173.194.164.186,,,45082,443,0,37,17
1584616106.219002,173.194.164.186,10.10.0.10,,,443,45082,0,1358,17
1584616106.2282689,173.194.164.186,10.10.0.10,,,443,45082,0,1358,17
1584616106.2299151,10.10.0.10,173.194.164.186,,,45082,443,0,37,17
1584616106.237549,173.194.164.186,10.10.0.10,,,443,45082,0,1358,17
1584616106.24683,173.194.164.186,10.10.0.10,,,443,45082,0,1358,17
1584616106.250514,10.10.0.10,173.194.164.186,,,45082,443,0,37,17
1584616106.256108,173.194.164.186,10.10.0.10,,,443,45082,0,1358,17
1584616106.265393,173.194.164.186,10.10.0.10,,,443,45082,0,1358,17
1584616106.26688,10.10.0.10,173.194.164.186,,,45082,443,0,37,17
1584616106.274688,173.194.164.186,10.10.0.10,,,443,45082,0,1358,17
1584616106.283953,173.194.164.186,10.10.0.10,,,443,45082,0,1358,17
1584616106.285651,10.10.0.10,173.194.164.186,,,45082,443,0,37,17
1584616106.2932508,173.194.164.186,10.10.0.10,,,443,45082,0,1358,17
1584616106.3025134,173.194.164.186,10.10.0.10,,,443,45082,0,1358,17
1584616106.304168,10.10.0.10,173.194.164.186,,,45082,443,0,37,17
1584616106.311811,173.194.164.186,10.10.0.10,,,443,45082,0,1358,17
1584616106.321074,173.194.164.186,10.10.0.10,,,443,45082,0,1358,17
1584616106.3229141,10.10.0.10,173.194.164.186,,,45082,443,0,37,17
1584616106.330354,173.194.164.186,10.10.0.10,,,443,45082,0,1358,17
1584616106.339634,173.194.164.186,10.10.0.10,,,443,45082,0,1358,17
1584616106.3412588,10.10.0.10,173.194.164.186,,,45082,443,0,37,17
1584616106.3489351,173.194.164.186,10.10.0.10,,,443,45082,0,1358,17
1584616106.3581948,173.194.164.186,10.10.0.10,,,443,45082,0,1358,17
1584616106.3599002,10.10.0.10,173.194.164.186,,,45082,443,0,37,17
1584616106.3674748,173.194.164.186,10.10.0.10,,,443,45082,0,1358,17
1584616106.3767529,173.194.164.186,10.10.0.10,,,443,45082,0,1358,17
1584616106.378505,10.10.0.10,173.194.164.186,,,45082,443,0,50,17
1584616106.386035,173.194.164.186,10.10.0.10,,,443,45082,0,1358,17
1584616106.395313,173.194.164.186,10.10.0.10,,,443,45082,0,1358,17
1584616106.396889,10.10.0.10,173.194.164.186,,,45082,443,0,37,17
1584616106.404597,173.194.164.186,10.10.0.10,,,443,45082,0,1358,17
1584616106.4138699,173.194.164.186,10.10.0.10,,,443,45082,0,1358,17
1584616106.415787,10.10.0.10,173.194.164.186,,,45082,443,0,37,17
1584616106.423149,173.194.164.186,10.10.0.10,,,443,45082,0,1358,17
1584616106.43243,173.194.164.186,10.10.0.10,,,443,45082,0,29,17
1584616106.4328544,173.194.164.186,10.10.0.10,,,443,45082,0,1358,17
1584616106.435013,10.10.0.10,173.194.164.186,,,45082,443,0,37,17
1584616106.4421332,173.194.164.186,10.10.0.10,,,443,45082,0,1358,17
1584616106.451433,173.194.164.186,10.10.0.10,,,443,45082,0,1358,17
1584616106.455631,10.10.0.10,173.194.164.186,,,45082,443,0,37,17
1584616106.46069,173.194.164.186,10.10.0.10,,,443,45082,0,1358,17
1584616106.469974,173.194.164.186,10.10.0.10,,,443,45082,0,1358,17
1584616106.4717839,10.10.0.10,173.194.164.186,,,45082,443,0,37,17
1584616106.4776444,10.10.0.10,173.194.164.186,,,45082,443,0,717,17
1584616106.4776714,10.10.0.10,173.194.164.186,,,45082,443,0,48,17
1584616106.479255,173.194.164.186,10.10.0.10,,,443,45082,0,1358,17
1584616106.488529,173.194.164.186,10.10.0.10,,,443,45082,0,1358,17
1584616106.4901562,10.10.0.10,173.194.164.186,,,45082,443,0,37,17
1584616106.497816,173.194.164.186,10.10.0.10,,,443,45082,0,1358,17
1584616106.5070932,173.194.164.186,10.10.0.10,,,443,45082,0,1358,17
1584616106.508784,10.10.0.10,173.194.164.186,,,45082,443,0,37,17
1584616106.5163689,173.194.164.186,10.10.0.10,,,443,45082,0,1358,17
1584616106.5256536,173.194.164.186,10.10.0.10,,,443,45082,0,1358,17
1584616106.534938,173.194.164.186,10.10.0.10,,,443,45082,0,29,17
1584616106.535369,173.194.164.186,10.10.0.10,,,443,45082,0,1358,17
1584616106.5446348,173.194.164.186,10.10.0.10,,,443,45082,0,1358,17
1584616106.5459151,10.10.0.10,173.194.164.186,,,45082,443,0,37,17
1584616106.54913,10.10.0.10,173.194.164.186,,,45082,443,0,37,17
1584616106.553931,173.194.164.186,10.10.0.10,,,443,45082,0,1358,17
1584616106.5631928,173.194.164.186,10.10.0.10,,,443,45082,0,1358,17
1584616106.5648851,10.10.0.10,173.194.164.186,,,45082,443,0,37,17
1584616106.5724769,173.194.164.186,10.10.0.10,,,443,45082,0,1358,17
1584616106.5817552,173.194.164.186,10.10.0.10,,,443,45082,0,1358,17
1584616106.583126,10.10.0.10,173.194.164.186,,,45082,443,0,37,17
1584616106.591047,173.194.164.186,10.10.0.10,,,443,45082,0,1358,17
1584616106.6003149,173.194.164.186,10.10.0.10,,,443,45082,0,1358,17
1584616106.60253,10.10.0.10,173.194.164.186,,,45082,443,0,37,17
1584616106.6095948,173.194.164.186,10.10.0.10,,,443,45082,0,1358,17
1584616106.6188738,173.194.164.186,10.10.0.10,,,443,45082,0,1358,17
1584616106.6203716,10.10.0.10,173.194.164.186,,,45082,443,0,37,17
1584616106.629273,173.194.164.186,10.10.0.10,,,443,45082,0,1358,17
1584616106.6385572,173.194.164.186,10.10.0.10,,,443,45082,0,1358,17
1584616106.640009,10.10.0.10,173.194.164.186,,,45082,443,0,37,17
1584616106.647841,173.194.164.186,10.10.0.10,,,443,45082,0,1358,17
1584616106.657115,173.194.164.186,10.10.0.10,,,443,45082,0,1358,17
1584616106.6596222,10.10.0.10,173.194.164.186,,,45082,443,0,37,17
1584616106.666394,173.194.164.186,10.10.0.10,,,443,45082,0,1358,17
1584616106.675679,173.194.164.186,10.10.0.10,,,443,45082,0,1358,17
1584616106.677256,10.10.0.10,173.194.164.186,,,45082,443,0,37,17
1584616106.684956,173.194.164.186,10.10.0.10,,,443,45082,0,1358,17
1584616106.694232,173.194.164.186,10.10.0.10,,,443,45082,0,1358,17
1584616106.696382,10.10.0.10,173.194.164.186,,,45082,443,0,37,17
1584616106.703514,173.194.164.186,10.10.0.10,,,443,45082,0,1358,17
1584616106.7128036,173.194.164.186,10.10.0.10,,,443,45082,0,1358,17
1584616106.7143881,10.10.0.10,173.194.164.186,,,45082,443,0,37,17
1584616106.7220762,173.194.164.186,10.10.0.10,,,443,45082,0,1358,17
1584616106.7313626,173.194.164.186,10.10.0.10,,,443,45082,0,1358,17
1584616106.73313,10.10.0.10,173.194.164.186,,,45082,443,0,37,17
1584616106.740633,173.194.164.186,10.10.0.10,,,443,45082,0,1358,17
1584616106.749928,173.194.164.186,10.10.0.10,,,443,45082,0,1358,17
1584616106.751775,10.10.0.10,173.194.164.186,,,45082,443,0,37,17
1584616106.759194,173.194.164.186,10.10.0.10,,,443,45082,0,1358,17
1584616106.768487,173.194.164.186,10.10.0.10,,,443,45082,0,1358,17
1584616106.770401,10.10.0.10,173.194.164.186,,,45082,443,0,37,17
1584616106.7777526,173.194.164.186,10.10.0.10,,,443,45082,0,1358,17
1584616106.787048,173.194.164.186,10.10.0.10,,,443,45082,0,1358,17
1584616106.7888794,10.10.0.10,173.194.164.186,,,45082,443,0,37,17
1584616106.796314,173.194.164.186,10.10.0.10,,,443,45082,0,1358,17
1584616106.805608,173.194.164.186,10.10.0.10,,,443,45082,0,1358,17
1584616106.8073795,10.10.0.10,173.194.164.186,,,45082,443,0,37,17
1584616106.814874,173.194.164.186,10.10.0.10,,,443,45082,0,1358,17
1584616106.8241742,173.194.164.186,10.10.0.10,,,443,45082,0,1358,17
1584616106.826272,10.10.0.10,173.194.164.186,,,45082,443,0,37,17
1584616106.833439,173.194.164.186,10.10.0.10,,,443,45082,0,1358,17
1584616106.8427162,173.194.164.186,10.10.0.10,,,443,45082,0,1358,17
1584616106.844381,10.10.0.10,173.194.164.186,,,45082,443,0,50,17
1584616106.851992,173.194.164.186,10.10.0.10,,,443,45082,0,1358,17
1584616106.861293,173.194.164.186,10.10.0.10,,,443,45082,0,1358,17
1584616106.864399,10.10.0.10,173.194.164.186,,,45082,443,0,37,17
1584616106.8705552,173.194.164.186,10.10.0.10,,,443,45082,0,1358,17
1584616106.879834,173.194.164.186,10.10.0.10,,,443,45082,0,1358,17
1584616106.8815012,10.10.0.10,173.194.164.186,,,45082,443,0,37,17
1584616106.8891149,173.194.164.186,10.10.0.10,,,443,45082,0,1358,17
1584616106.898392,173.194.164.186,10.10.0.10,,,443,45082,0,29,17
1584616106.898813,173.194.164.186,10.10.0.10,,,443,45082,0,1358,17
1584616106.9003751,10.10.0.10,173.194.164.186,,,45082,443,0,37,17
1584616106.90811,173.194.164.186,10.10.0.10,,,443,45082,0,1358,17
1584616106.9173741,173.194.164.186,10.10.0.10,,,443,45082,0,1358,17
1584616106.919143,10.10.0.10,173.194.164.186,,,45082,443,0,37,17
1584616106.9266682,173.194.164.186,10.10.0.10,,,443,45082,0,1358,17
1584616106.935937,173.194.164.186,10.10.0.10,,,443,45082,0,1358,17
1584616106.937493,10.10.0.10,173.194.164.186,,,45082,443,0,37,17
1584616106.9452279,173.194.164.186,10.10.0.10,,,443,45082,0,1358,17
1584616106.954494,173.194.164.186,10.10.0.10,,,443,45082,0,1358,17
1584616106.956125,10.10.0.10,173.194.164.186,,,45082,443,0,37,17
1584616106.963794,173.194.164.186,10.10.0.10,,,443,45082,0,1358,17
1584616106.9730532,173.194.164.186,10.10.0.10,,,443,45082,0,1358,17
1584616106.974624,10.10.0.10,173.194.164.186,,,45082,443,0,37,17
1584616106.9823332,173.194.164.186,10.10.0.10,,,443,45082,0,1358,17
1584616106.991614,173.194.164.186,10.10.0.10,,,443,45082,0,1358,17
1584616106.9932518,10.10.0.10,173.194.164.186,,,45082,443,0,37,17
1584616107.000905,173.194.164.186,10.10.0.10,,,443,45082,0,1358,17
1584616107.01017,173.194.164.186,10.10.0.10,,,443,45082,0,1358,17
1584616107.012019,10.10.0.10,173.194.164.186,,,45082,443,0,37,17
1584616107.019454,173.194.164.186,10.10.0.10,,,443,45082,0,1358,17
1584616107.028735,173.194.164.186,10.10.0.10,,,443,45082,0,1358,17
1584616107.030393,10.10.0.10,173.194.164.186,,,45082,443,0,37,17
1584616107.038016,173.194.164.186,10.10.0.10,,,443,45082,0,1358,17
1584616107.047294,173.194.164.186,10.10.0.10,,,443,45082,0,1358,17
1584616107.048991,10.10.0.10,173.194.164.186,,,45082,443,0,37,17
1584616107.0565698,173.194.164.186,10.10.0.10,,,443,45082,0,1358,17
1584616107.0658526,173.194.164.186,10.10.0.10,,,443,45082,0,1358,17
1584616107.071267,10.10.0.10,173.194.164.186,,,45082,443,0,37,17
1584616107.0751321,173.194.164.186,10.10.0.10,,,443,45082,0,1358,17
1584616107.08441,173.194.164.186,10.10.0.10,,,443,45082,0,1358,17
1584616107.0859964,10.10.0.10,173.194.164.186,,,45082,443,0,37,17
1584616107.0936902,173.194.164.186,10.10.0.10,,,443,45082,0,1358,17
1584616107.1029732,173.194.164.186,10.10.0.10,,,443,45082,0,1358,17
1584616107.1063938,10.10.0.10,173.194.164.186,,,45082,443,0,37,17
1584616107.1122491,173.194.164.186,10.10.0.10,,,443,45082,0,1358,17
1584616107.121546,173.194.164.186,10.10.0.10,,,443,45082,0,1358,17
1584616107.128639,10.10.0.10,173.194.164.186,,,45082,443,0,37,17
1584616107.130814,173.194.164.186,10.10.0.10,,,443,45082,0,1358,17
1584616107.14009,173.194.164.186,10.10.0.10,,,443,45082,0,1358,17
1584616107.141582,10.10.0.10,173.194.164.186,,,45082,443,0,37,17
1584616107.149372,173.194.164.186,10.10.0.10,,,443,45082,0,1358,17
1584616107.1586661,173.194.164.186,10.10.0.10,,,443,45082,0,1358,17
1584616107.1602714,10.10.0.10,173.194.164.186,,,45082,443,0,37,17
1584616107.167942,173.194.164.186,10.10.0.10,,,443,45082,0,1358,17
1584616107.1772249,173.194.164.186,10.10.0.10,,,443,45082,0,1358,17
1584616107.1837635,10.10.0.10,173.194.164.186,,,45082,443,0,37,17
1584616107.186496,173.194.164.186,10.10.0.10,,,443,45082,0,1358,17
1584616107.195786,173.194.164.186,10.10.0.10,,,443,45082,0,1358,17
1584616107.197886,10.10.0.10,173.194.164.186,,,45082,443,0,37,17
1584616107.2050571,173.194.164.186,10.10.0.10,,,443,45082,0,1358,17
1584616107.21435,173.194.164.186,10.10.0.10,,,443,45082,0,1358,17
1584616107.215964,10.10.0.10,173.194.164.186,,,45082,443,0,50,17
1584616107.2236106,173.194.164.186,10.10.0.10,,,443,45082,0,1358,17
1584616107.232887,173.194.164.186,10.10.0.10,,,443,45082,0,1358,17
1584616107.235486,10.10.0.10,173.194.164.186,,,45082,443,0,37,17
1584616107.242168,173.194.164.186,10.10.0.10,,,443,45082,0,1358,17
1584616107.251455,173.194.164.186,10.10.0.10,,,443,45082,0,1358,17
1584616107.253365,10.10.0.10,173.194.164.186,,,45082,443,0,37,17
1584616107.26073,173.194.164.186,10.10.0.10,,,443,45082,0,1358,17
1584616107.270026,173.194.164.186,10.10.0.10,,,443,45082,0,32,17
1584616107.2704554,173.194.164.186,10.10.0.10,,,443,45082,0,1358,17
1584616107.2745068,10.10.0.10,173.194.164.186,,,45082,443,0,37,17
1584616107.2797332,173.194.164.186,10.10.0.10,,,443,45082,0,1358,17
1584616107.2890394,173.194.164.186,10.10.0.10,,,443,45082,0,1358,17
1584616107.2930179,10.10.0.10,173.194.164.186,,,45082,443,0,37,17
1584616107.29829,173.194.164.186,10.10.0.10,,,443,45082,0,1358,17
1584616107.3075712,173.194.164.186,10.10.0.10,,,443,45082,0,1358,17
1584616107.309885,10.10.0.10,173.194.164.186,,,45082,443,0,37,17
1584616107.3168569,173.194.164.186,10.10.0.10,,,443,45082,0,1358,17
1584616107.326145,173.194.164.186,10.10.0.10,,,443,45082,0,1358,17
1584616107.333368,10.10.0.10,173.194.164.186,,,45082,443,0,37,17
1584616107.3354151,173.194.164.186,10.10.0.10,,,443,45082,0,1358,17
1584616107.3446932,173.194.164.186,10.10.0.10,,,443,45082,0,1358,17
1584616107.347503,10.10.0.10,173.194.164.186,,,45082,443,0,37,17
1584616107.353976,173.194.164.186,10.10.0.10,,,443,45082,0,1358,17
1584616107.3632526,173.194.164.186,10.10.0.10,,,443,45082,0,1358,17
1584616107.364882,10.10.0.10,173.194.164.186,,,45082,443,0,37,17
1584616107.372536,173.194.164.186,10.10.0.10,,,443,45082,0,1358,17
1584616107.381813,173.194.164.186,10.10.0.10,,,443,45082,0,1358,17
1584616107.38336,10.10.0.10,173.194.164.186,,,45082,443,0,37,17
1584616107.391094,173.194.164.186,10.10.0.10,,,443,45082,0,1358,17
1584616107.400376,173.194.164.186,10.10.0.10,,,443,45082,0,1358,17
1584616107.4022348,10.10.0.10,173.194.164.186,,,45082,443,0,37,17
1584616107.409657,173.194.164.186,10.10.0.10,,,443,45082,0,1358,17
1584616107.4189339,173.194.164.186,10.10.0.10,,,443,45082,0,1358,17
1584616107.42063,10.10.0.10,173.194.164.186,,,45082,443,0,37,17
1584616107.428217,173.194.164.186,10.10.0.10,,,443,45082,0,1358,17
1584616107.437494,173.194.164.186,10.10.0.10,,,443,45082,0,1358,17
1584616107.439504,10.10.0.10,173.194.164.186,,,45082,443,0,37,17
1584616107.446782,173.194.164.186,10.10.0.10,,,443,45082,0,1358,17
1584616107.456056,173.194.164.186,10.10.0.10,,,443,45082,0,1358,17
1584616107.4577332,10.10.0.10,173.194.164.186,,,45082,443,0,37,17
1584616107.465329,173.194.164.186,10.10.0.10,,,443,45082,0,1358,17
1584616107.474616,173.194.164.186,10.10.0.10,,,443,45082,0,1358,17
1584616107.4828508,10.10.0.10,173.194.164.186,,,45082,443,0,37,17
1584616107.483905,173.194.164.186,10.10.0.10,,,443,45082,0,1358,17
1584616107.493175,173.194.164.186,10.10.0.10,,,443,45082,0,1358,17
1584616107.4952571,10.10.0.10,173.194.164.186,,,45082,443,0,37,17
1584616107.502465,173.194.164.186,10.10.0.10,,,443,45082,0,1358,17
1584616107.5117376,173.194.164.186,10.10.0.10,,,443,45082,0,1358,17
1584616107.513358,10.10.0.10,173.194.164.186,,,45082,443,0,37,17
1584616107.5210268,173.194.164.186,10.10.0.10,,,443,45082,0,1358,17
1584616107.5302932,173.194.164.186,10.10.0.10,,,443,45082,0,1358,17
1584616107.531856,10.10.0.10,173.194.164.186,,,45082,443,0,37,17
1584616107.5395892,173.194.164.186,10.10.0.10,,,443,45082,0,1358,17
1584616107.5488539,173.194.164.186,10.10.0.10,,,443,45082,0,1358,17
1584616107.550377,10.10.0.10,173.194.164.186,,,45082,443,0,37,17
1584616107.558136,173.194.164.186,10.10.0.10,,,443,45082,0,1358,17
1584616107.567413,173.194.164.186,10.10.0.10,,,443,45082,0,1358,17
1584616107.569625,10.10.0.10,173.194.164.186,,,45082,443,0,37,17
1584616107.5766964,173.194.164.186,10.10.0.10,,,443,45082,0,1358,17
1584616107.585973,173.194.164.186,10.10.0.10,,,443,45082,0,1358,17
1584616107.5877502,10.10.0.10,173.194.164.186,,,45082,443,0,50,17
1584616107.5952542,173.194.164.186,10.10.0.10,,,443,45082,0,1358,17
1584616107.604534,173.194.164.186,10.10.0.10,,,443,45082,0,1358,17
1584616107.606632,10.10.0.10,173.194.164.186,,,45082,443,0,37,17
1584616107.613814,173.194.164.186,10.10.0.10,,,443,45082,0,1358,17
1584616107.623092,173.194.164.186,10.10.0.10,,,443,45082,0,1358,17
1584616107.624722,10.10.0.10,173.194.164.186,,,45082,443,0,37,17
1584616107.6323721,173.194.164.186,10.10.0.10,,,443,45082,0,1358,17
1584616107.641655,173.194.164.186,10.10.0.10,,,443,45082,0,1358,17
1584616107.643377,10.10.0.10,173.194.164.186,,,45082,443,0,37,17
1584616107.650929,173.194.164.186,10.10.0.10,,,443,45082,0,1358,17
1584616107.660216,173.194.164.186,10.10.0.10,,,443,45082,0,1358,17
1584616107.6620028,10.10.0.10,173.194.164.186,,,45082,443,0,37,17
1584616107.669499,173.194.164.186,10.10.0.10,,,443,45082,0,1358,17
1584616107.678776,173.194.164.186,10.10.0.10,,,443,45082,0,1358,17
1584616107.6804972,10.10.0.10,173.194.164.186,,,45082,443,0,37,17
1584616107.6880536,173.194.164.186,10.10.0.10,,,443,45082,0,1358,17
1584616107.6973405,173.194.164.186,10.10.0.10,,,443,45082,0,1358,17
1584616107.700246,10.10.0.10,173.194.164.186,,,45082,443,0,37,17
1584616107.706615,173.194.164.186,10.10.0.10,,,443,45082,0,1358,17
1584616107.716247,173.194.164.186,10.10.0.10,,,443,45082,0,1358,17
1584616107.7178528,10.10.0.10,173.194.164.186,,,45082,443,0,37,17
1584616107.7255368,173.194.164.186,10.10.0.10,,,443,45082,0,1358,17
1584616107.7348132,173.194.164.186,10.10.0.10,,,443,45082,0,1358,17
1584616107.7366042,10.10.0.10,173.194.164.186,,,45082,443,0,37,17
1584616107.7440932,173.194.164.186,10.10.0.10,,,443,45082,0,1358,17
1584616107.7533958,173.194.164.186,10.10.0.10,,,443,45082,0,1358,17
1584616107.7551005,10.10.0.10,173.194.164.186,,,45082,443,0,37,17
1584616107.762655,173.194.164.186,10.10.0.10,,,443,45082,0,1358,17
1584616107.771936,173.194.164.186,10.10.0.10,,,443,45082,0,1358,17
1584616107.773747,10.10.0.10,173.194.164.186,,,45082,443,0,37,17
1584616107.781214,173.194.164.186,10.10.0.10,,,443,45082,0,1358,17
1584616107.790492,173.194.164.186,10.10.0.10,,,443,45082,0,1358,17
1584616107.7922258,10.10.0.10,173.194.164.186,,,45082,443,0,37,17
1584616107.7997725,173.194.164.186,10.10.0.10,,,443,45082,0,1358,17
1584616107.8090534,173.194.164.186,10.10.0.10,,,443,45082,0,1358,17
1584616107.818334,173.194.164.186,10.10.0.10,,,443,45082,0,1358,17
1584616107.827614,173.194.164.186,10.10.0.10,,,443,45082,0,1358,17
1584616107.8292446,10.10.0.10,173.194.164.186,,,45082,443,0,37,17
1584616107.8303466,10.10.0.10,173.194.164.186,,,45082,443,0,37,17
1584616107.836898,173.194.164.186,10.10.0.10,,,443,45082,0,1358,17
1584616107.846175,173.194.164.186,10.10.0.10,,,443,45082,0,1358,17
1584616107.8479662,10.10.0.10,173.194.164.186,,,45082,443,0,37,17
1584616107.855456,173.194.164.186,10.10.0.10,,,443,45082,0,1358,17
1584616107.8647351,173.194.164.186,10.10.0.10,,,443,45082,0,1358,17
1584616107.866994,10.10.0.10,173.194.164.186,,,45082,443,0,37,17
1584616107.8740199,173.194.164.186,10.10.0.10,,,443,45082,0,1358,17
1584616107.8832939,173.194.164.186,10.10.0.10,,,443,45082,0,1358,17
1584616107.884991,10.10.0.10,173.194.164.186,,,45082,443,0,37,17
1584616107.8925798,173.194.164.186,10.10.0.10,,,443,45082,0,1358,17
1584616107.901855,173.194.164.186,10.10.0.10,,,443,45082,0,1358,17
1584616107.904993,10.10.0.10,173.194.164.186,,,45082,443,0,37,17
1584616107.911143,173.194.164.186,10.10.0.10,,,443,45082,0,1358,17
1584616107.920409,173.194.164.186,10.10.0.10,,,443,45082,0,1358,17
1584616107.922096,10.10.0.10,173.194.164.186,,,45082,443,0,37,17
1584616107.929704,173.194.164.186,10.10.0.10,,,443,45082,0,1358,17
1584616107.9389741,173.194.164.186,10.10.0.10,,,443,45082,0,1358,17
1584616107.9407392,10.10.0.10,173.194.164.186,,,45082,443,0,37,17
1584616107.9482498,173.194.164.186,10.10.0.10,,,443,45082,0,1358,17
1584616107.957534,173.194.164.186,10.10.0.10,,,443,45082,0,1358,17
1584616107.959219,10.10.0.10,173.194.164.186,,,45082,443,0,50,17
1584616107.966827,173.194.164.186,10.10.0.10,,,443,45082,0,1358,17
1584616107.9760964,173.194.164.186,10.10.0.10,,,443,45082,0,1358,17
1584616107.9778438,10.10.0.10,173.194.164.186,,,45082,443,0,37,17
1584616107.9853892,173.194.164.186,10.10.0.10,,,443,45082,0,1358,17
1584616107.9946532,173.194.164.186,10.10.0.10,,,443,45082,0,1358,17
1584616107.9963136,10.10.0.10,173.194.164.186,,,45082,443,0,37,17
1584616108.003936,173.194.164.186,10.10.0.10,,,443,45082,0,1358,17
1584616108.0132098,173.194.164.186,10.10.0.10,,,443,45082,0,1358,17
1584616108.0149894,10.10.0.10,173.194.164.186,,,45082,443,0,37,17
1584616108.0224938,173.194.164.186,10.10.0.10,,,443,45082,0,1358,17
1584616108.031769,173.194.164.186,10.10.0.10,,,443,45082,0,29,17
1584616108.032187,173.194.164.186,10.10.0.10,,,443,45082,0,1358,17
1584616108.0338454,10.10.0.10,173.194.164.186,,,45082,443,0,37,17
1584616108.0414689,173.194.164.186,10.10.0.10,,,443,45082,0,1358,17
1584616108.050748,173.194.164.186,10.10.0.10,,,443,45082,0,1358,17
1584616108.0534668,10.10.0.10,173.194.164.186,,,45082,443,0,37,17
1584616108.060026,173.194.164.186,10.10.0.10,,,443,45082,0,1358,17
1584616108.0693092,173.194.164.186,10.10.0.10,,,443,45082,0,1358,17
1584616108.070966,10.10.0.10,173.194.164.186,,,45082,443,0,37,17
1584616108.0785902,173.194.164.186,10.10.0.10,,,443,45082,0,1358,17
1584616108.0878682,173.194.164.186,10.10.0.10,,,443,45082,0,1358,17
1584616108.089711,10.10.0.10,173.194.164.186,,,45082,443,0,37,17
1584616108.0971482,173.194.164.186,10.10.0.10,,,443,45082,0,1358,17
1584616108.106431,173.194.164.186,10.10.0.10,,,443,45082,0,1358,17
1584616108.1097212,10.10.0.10,173.194.164.186,,,45082,443,0,37,17
1584616108.1157134,173.194.164.186,10.10.0.10,,,443,45082,0,1358,17
1584616108.125009,173.194.164.186,10.10.0.10,,,443,45082,0,1358,17
1584616108.126735,10.10.0.10,173.194.164.186,,,45082,443,0,37,17
1584616108.134273,173.194.164.186,10.10.0.10,,,443,45082,0,1358,17
1584616108.1435509,173.194.164.186,10.10.0.10,,,443,45082,0,1358,17
1584616108.1450908,10.10.0.10,173.194.164.186,,,45082,443,0,37,17
1584616108.152832,173.194.164.186,10.10.0.10,,,443,45082,0,1358,17
1584616108.162106,173.194.164.186,10.10.0.10,,,443,45082,0,1358,17
1584616108.1637142,10.10.0.10,173.194.164.186,,,45082,443,0,37,17
1584616108.17139,173.194.164.186,10.10.0.10,,,443,45082,0,1358,17
1584616108.18067,173.194.164.186,10.10.0.10,,,443,45082,0,1358,17
1584616108.1829698,10.10.0.10,173.194.164.186,,,45082,443,0,37,17
1584616108.189951,173.194.164.186,10.10.0.10,,,443,45082,0,1358,17
1584616108.199229,173.194.164.186,10.10.0.10,,,443,45082,0,1358,17
1584616108.2008188,10.10.0.10,173.194.164.186,,,45082,443,0,37,17
1584616108.2085106,173.194.164.186,10.10.0.10,,,443,45082,0,1358,17
1584616108.2178042,173.194.164.186,10.10.0.10,,,443,45082,0,1358,17
1584616108.219481,10.10.0.10,173.194.164.186,,,45082,443,0,37,17
1584616108.2270758,173.194.164.186,10.10.0.10,,,443,45082,0,1358,17
1584616108.23635,173.194.164.186,10.10.0.10,,,443,45082,0,1358,17
1584616108.2380786,10.10.0.10,173.194.164.186,,,45082,443,0,37,17
1584616108.2456338,173.194.164.186,10.10.0.10,,,443,45082,0,1358,17
1584616108.254916,173.194.164.186,10.10.0.10,,,443,45082,0,1358,17
1584616108.2569618,10.10.0.10,173.194.164.186,,,45082,443,0,37,17
1584616108.264192,173.194.164.186,10.10.0.10,,,443,45082,0,1358,17
1584616108.2734694,173.194.164.186,10.10.0.10,,,443,45082,0,1358,17
1584616108.275106,10.10.0.10,173.194.164.186,,,45082,443,0,37,17
1584616108.28276,173.194.164.186,10.10.0.10,,,443,45082,0,1358,17
1584616108.292032,173.194.164.186,10.10.0.10,,,443,45082,0,1358,17
1584616108.294606,10.10.0.10,173.194.164.186,,,45082,443,0,37,17
1584616108.3013172,173.194.164.186,10.10.0.10,,,443,45082,0,1358,17
1584616108.31059,173.194.164.186,10.10.0.10,,,443,45082,0,1358,17
1584616108.313333,10.10.0.10,173.194.164.186,,,45082,443,0,37,17
1584616108.319882,173.194.164.186,10.10.0.10,,,443,45082,0,1358,17
1584616108.329154,173.194.164.186,10.10.0.10,,,443,45082,0,1358,17
1584616108.330715,10.10.0.10,173.194.164.186,,,45082,443,0,50,17
1584616108.3384418,173.194.164.186,10.10.0.10,,,443,45082,0,1358,17
1584616108.347714,173.194.164.186,10.10.0.10,,,443,45082,0,1358,17
1584616108.3494818,10.10.0.10,173.194.164.186,,,45082,443,0,37,17
1584616108.357006,173.194.164.186,10.10.0.10,,,443,45082,0,1358,17
1584616108.366274,173.194.164.186,10.10.0.10,,,443,45082,0,1358,17
1584616108.3679812,10.10.0.10,173.194.164.186,,,45082,443,0,37,17
1584616108.375566,173.194.164.186,10.10.0.10,,,443,45082,0,1358,17
1584616108.3848321,173.194.164.186,10.10.0.10,,,443,45082,0,1358,17
1584616108.3869581,10.10.0.10,173.194.164.186,,,45082,443,0,37,17
1584616108.3941276,173.194.164.186,10.10.0.10,,,443,45082,0,1358,17
1584616108.403394,173.194.164.186,10.10.0.10,,,443,45082,0,1358,17
1584616108.4050732,10.10.0.10,173.194.164.186,,,45082,443,0,37,17
1584616108.4126909,173.194.164.186,10.10.0.10,,,443,45082,0,1358,17
1584616108.421954,173.194.164.186,10.10.0.10,,,443,45082,0,1358,17
1584616108.423456,10.10.0.10,173.194.164.186,,,45082,443,0,37,17
1584616108.431254,173.194.164.186,10.10.0.10,,,443,45082,0,1358,17
1584616108.4405134,173.194.164.186,10.10.0.10,,,443,45082,0,1358,17
1584616108.442082,10.10.0.10,173.194.164.186,,,45082,443,0,37,17
1584616108.4497948,173.194.164.186,10.10.0.10,,,443,45082,0,1358,17
1584616108.459073,173.194.164.186,10.10.0.10,,,443,45082,0,1358,17
1584616108.460724,10.10.0.10,173.194.164.186,,,45082,443,0,37,17
1584616108.468353,173.194.164.186,10.10.0.10,,,443,45082,0,1358,17
1584616108.477633,173.194.164.186,10.10.0.10,,,443,45082,0,1358,17
1584616108.479196,10.10.0.10,173.194.164.186,,,45082,443,0,37,17
1584616108.4869149,173.194.164.186,10.10.0.10,,,443,45082,0,1358,17
1584616108.4961972,173.194.164.186,10.10.0.10,,,443,45082,0,1358,17
1584616108.4978304,10.10.0.10,173.194.164.186,,,45082,443,0,37,17
1584616108.5054722,173.194.164.186,10.10.0.10,,,443,45082,0,1358,17
1584616108.5147526,173.194.164.186,10.10.0.10,,,443,45082,0,1358,17
1584616108.51635,10.10.0.10,173.194.164.186,,,45082,443,0,37,17
1584616108.524033,173.194.164.186,10.10.0.10,,,443,45082,0,1358,17
1584616108.533316,173.194.164.186,10.10.0.10,,,443,45082,0,1358,17
1584616108.5355961,10.10.0.10,173.194.164.186,,,45082,443,0,37,17
1584616108.542595,173.194.164.186,10.10.0.10,,,443,45082,0,1358,17
1584616108.5518749,173.194.164.186,10.10.0.10,,,443,45082,0,1358,17
1584616108.5537212,10.10.0.10,173.194.164.186,,,45082,443,0,37,17
1584616108.5611582,173.194.164.186,10.10.0.10,,,443,45082,0,1358,17
1584616108.570434,173.194.164.186,10.10.0.10,,,443,45082,0,1358,17
1584616108.572579,10.10.0.10,173.194.164.186,,,45082,443,0,37,17
1584616108.5797148,173.194.164.186,10.10.0.10,,,443,45082,0,1358,17
1584616108.588998,173.194.164.186,10.10.0.10,,,443,45082,0,1358,17
1584616108.5908446,10.10.0.10,173.194.164.186,,,45082,443,0,37,17
1584616108.598273,173.194.164.186,10.10.0.10,,,443,45082,0,1358,17
1584616108.607559,173.194.164.186,10.10.0.10,,,443,45082,0,1358,17
1584616108.6093252,10.10.0.10,173.194.164.186,,,45082,443,0,37,17
1584616108.616833,173.194.164.186,10.10.0.10,,,443,45082,0,1358,17
1584616108.626112,173.194.164.186,10.10.0.10,,,443,45082,0,1358,17
1584616108.627975,10.10.0.10,173.194.164.186,,,45082,443,0,37,17
1584616108.635392,173.194.164.186,10.10.0.10,,,443,45082,0,1358,17
1584616108.6446831,173.194.164.186,10.10.0.10,,,443,45082,0,1358,17
1584616108.646329,10.10.0.10,173.194.164.186,,,45082,443,0,37,17
1584616108.6539538,173.194.164.186,10.10.0.10,,,443,45082,0,1358,17
1584616108.6632464,173.194.164.186,10.10.0.10,,,443,45082,0,1358,17
1584616108.6652188,10.10.0.10,173.194.164.186,,,45082,443,0,37,17
1584616108.6725152,173.194.164.186,10.10.0.10,,,443,45082,0,1358,17
1584616108.681807,173.194.164.186,10.10.0.10,,,443,45082,0,1358,17
1584616108.683467,10.10.0.10,173.194.164.186,,,45082,443,0,37,17
1584616108.6910741,173.194.164.186,10.10.0.10,,,443,45082,0,1358,17
1584616108.700352,173.194.164.186,10.10.0.10,,,443,45082,0,1358,17
1584616108.702216,10.10.0.10,173.194.164.186,,,45082,443,0,50,17
1584616108.7096355,173.194.164.186,10.10.0.10,,,443,45082,0,1358,17
1584616108.7189279,173.194.164.186,10.10.0.10,,,443,45082,0,1358,17
1584616108.7207005,10.10.0.10,173.194.164.186,,,45082,443,0,37,17
1584616108.728194,173.194.164.186,10.10.0.10,,,443,45082,0,1358,17
1584616108.7374918,173.194.164.186,10.10.0.10,,,443,45082,0,1358,17
1584616108.7391946,10.10.0.10,173.194.164.186,,,45082,443,0,37,17
1584616108.7467554,173.194.164.186,10.10.0.10,,,443,45082,0,1358,17
1584616108.7560296,173.194.164.186,10.10.0.10,,,443,45082,0,1358,17
1584616108.7588284,10.10.0.10,173.194.164.186,,,45082,443,0,37,17
1584616108.7653148,173.194.164.186,10.10.0.10,,,443,45082,0,1358,17
1584616108.774616,173.194.164.186,10.10.0.10,,,443,45082,0,1358,17
1584616108.776973,10.10.0.10,173.194.164.186,,,45082,443,0,37,17
1584616108.783875,173.194.164.186,10.10.0.10,,,443,45082,0,1358,17
1584616108.793153,173.194.164.186,10.10.0.10,,,443,45082,0,1358,17
1584616108.7949634,10.10.0.10,173.194.164.186,,,45082,443,0,37,17
1584616108.802433,173.194.164.186,10.10.0.10,,,443,45082,0,1358,17
1584616108.811712,173.194.164.186,10.10.0.10,,,443,45082,0,1358,17
1584616108.8134446,10.10.0.10,173.194.164.186,,,45082,443,0,37,17
1584616108.8209958,173.194.164.186,10.10.0.10,,,443,45082,0,1358,17
1584616108.830274,173.194.164.186,10.10.0.10,,,443,45082,0,1358,17
1584616108.832072,10.10.0.10,173.194.164.186,,,45082,443,0,37,17
1584616108.8395526,173.194.164.186,10.10.0.10,,,443,45082,0,1358,17
1584616108.848834,173.194.164.186,10.10.0.10,,,443,45082,0,1358,17
1584616108.850566,10.10.0.10,173.194.164.186,,,45082,443,0,37,17
1584616108.858118,173.194.164.186,10.10.0.10,,,443,45082,0,1358,17
1584616108.867393,173.194.164.186,10.10.0.10,,,443,45082,0,1358,17
1584616108.869086,10.10.0.10,173.194.164.186,,,45082,443,0,37,17
1584616108.8766801,173.194.164.186,10.10.0.10,,,443,45082,0,1358,17
1584616108.885953,173.194.164.186,10.10.0.10,,,443,45082,0,1358,17
1584616108.887712,10.10.0.10,173.194.164.186,,,45082,443,0,37,17
1584616108.895239,173.194.164.186,10.10.0.10,,,443,45082,0,1358,17
1584616108.9045134,173.194.164.186,10.10.0.10,,,443,45082,0,1358,17
1584616108.906213,10.10.0.10,173.194.164.186,,,45082,443,0,37,17
1584616108.913799,173.194.164.186,10.10.0.10,,,443,45082,0,1358,17
1584616108.923075,173.194.164.186,10.10.0.10,,,443,45082,0,1358,17
1584616108.924836,10.10.0.10,173.194.164.186,,,45082,443,0,37,17
1584616108.9323652,173.194.164.186,10.10.0.10,,,443,45082,0,1358,17
1584616108.941634,173.194.164.186,10.10.0.10,,,443,45082,0,1358,17
1584616108.943462,10.10.0.10,173.194.164.186,,,45082,443,0,37,17
1584616108.950923,173.194.164.186,10.10.0.10,,,443,45082,0,1358,17
1584616108.9601939,173.194.164.186,10.10.0.10,,,443,45082,0,1358,17
1584616108.9620829,10.10.0.10,173.194.164.186,,,45082,443,0,37,17
1584616108.9694898,173.194.164.186,10.10.0.10,,,443,45082,0,1358,17
1584616108.9787538,173.194.164.186,10.10.0.10,,,443,45082,0,1358,17
1584616108.9804661,10.10.0.10,173.194.164.186,,,45082,443,0,37,17
1584616108.988048,173.194.164.186,10.10.0.10,,,443,45082,0,1358,17
1584616108.997314,173.194.164.186,10.10.0.10,,,443,45082,0,1358,17
1584616108.9990842,10.10.0.10,173.194.164.186,,,45082,443,0,37,17
1584616109.006608,173.194.164.186,10.10.0.10,,,443,45082,0,1358,17
1584616109.015873,173.194.164.186,10.10.0.10,,,443,45082,0,1358,17
1584616109.0179381,10.10.0.10,173.194.164.186,,,45082,443,0,37,17
1584616109.0251708,173.194.164.186,10.10.0.10,,,443,45082,0,1358,17
1584616109.0344374,173.194.164.186,10.10.0.10,,,443,45082,0,1358,17
1584616109.036457,10.10.0.10,173.194.164.186,,,45082,443,0,37,17
1584616109.0437331,173.194.164.186,10.10.0.10,,,443,45082,0,1358,17
1584616109.052992,173.194.164.186,10.10.0.10,,,443,45082,0,1358,17
1584616109.0547,10.10.0.10,173.194.164.186,,,45082,443,0,37,17
1584616109.062272,173.194.164.186,10.10.0.10,,,443,45082,0,1358,17
1584616109.071553,173.194.164.186,10.10.0.10,,,443,45082,0,1358,17
1584616109.0744612,10.10.0.10,173.194.164.186,,,45082,443,0,50,17
1584616109.080832,173.194.164.186,10.10.0.10,,,443,45082,0,1358,17
1584616109.090111,173.194.164.186,10.10.0.10,,,443,45082,0,1358,17
1584616109.099403,173.194.164.186,10.10.0.10,,,443,45082,0,1358,17
1584616109.1086776,173.194.164.186,10.10.0.10,,,443,45082,0,1358,17
1584616109.1095722,10.10.0.10,173.194.164.186,,,45082,443,0,37,17
1584616109.112177,10.10.0.10,173.194.164.186,,,45082,443,0,37,17
1584616109.117949,173.194.164.186,10.10.0.10,,,443,45082,0,1358,17
1584616109.1272292,173.194.164.186,10.10.0.10,,,443,45082,0,1358,17
1584616109.128794,10.10.0.10,173.194.164.186,,,45082,443,0,37,17
1584616109.1365082,173.194.164.186,10.10.0.10,,,443,45082,0,1358,17
1584616109.145794,173.194.164.186,10.10.0.10,,,443,45082,0,1358,17
1584616109.147463,10.10.0.10,173.194.164.186,,,45082,443,0,37,17
1584616109.1550758,173.194.164.186,10.10.0.10,,,443,45082,0,1358,17
1584616109.164349,173.194.164.186,10.10.0.10,,,443,45082,0,1358,17
1584616109.166329,10.10.0.10,173.194.164.186,,,45082,443,0,37,17
1584616109.1736338,173.194.164.186,10.10.0.10,,,443,45082,0,1358,17
1584616109.18291,173.194.164.186,10.10.0.10,,,443,45082,0,1358,17
1584616109.1846778,10.10.0.10,173.194.164.186,,,45082,443,0,37,17
1584616109.1921868,173.194.164.186,10.10.0.10,,,443,45082,0,1358,17
1584616109.20147,173.194.164.186,10.10.0.10,,,443,45082,0,1358,17
1584616109.204711,10.10.0.10,173.194.164.186,,,45082,443,0,37,17
1584616109.21075,173.194.164.186,10.10.0.10,,,443,45082,0,1358,17
1584616109.2200286,173.194.164.186,10.10.0.10,,,443,45082,0,1358,17
1584616109.221558,10.10.0.10,173.194.164.186,,,45082,443,0,37,17
1584616109.229309,173.194.164.186,10.10.0.10,,,443,45082,0,1358,17
1584616109.23859,173.194.164.186,10.10.0.10,,,443,45082,0,1358,17
1584616109.240318,10.10.0.10,173.194.164.186,,,45082,443,0,37,17
1584616109.247874,173.194.164.186,10.10.0.10,,,443,45082,0,1358,17
1584616109.2571552,173.194.164.186,10.10.0.10,,,443,45082,0,1358,17
1584616109.2588382,10.10.0.10,173.194.164.186,,,45082,443,0,37,17
1584616109.266435,173.194.164.186,10.10.0.10,,,443,45082,0,1358,17
1584616109.275726,173.194.164.186,10.10.0.10,,,443,45082,0,1358,17
1584616109.2776859,10.10.0.10,173.194.164.186,,,45082,443,0,37,17
1584616109.28499,173.194.164.186,10.10.0.10,,,443,45082,0,1358,17
1584616109.294266,173.194.164.186,10.10.0.10,,,443,45082,0,1358,17
1584616109.296174,10.10.0.10,173.194.164.186,,,45082,443,0,37,17
1584616109.3035462,173.194.164.186,10.10.0.10,,,443,45082,0,1358,17
1584616109.312832,173.194.164.186,10.10.0.10,,,443,45082,0,1358,17
1584616109.314451,10.10.0.10,173.194.164.186,,,45082,443,0,37,17
1584616109.322114,173.194.164.186,10.10.0.10,,,443,45082,0,1358,17
1584616109.331398,173.194.164.186,10.10.0.10,,,443,45082,0,1358,17
1584616109.3328052,10.10.0.10,173.194.164.186,,,45082,443,0,37,17
1584616109.340673,173.194.164.186,10.10.0.10,,,443,45082,0,1358,17
1584616109.3499742,173.194.164.186,10.10.0.10,,,443,45082,0,1358,17
1584616109.3514302,10.10.0.10,173.194.164.186,,,45082,443,0,37,17
1584616109.3592348,173.194.164.186,10.10.0.10,,,443,45082,0,1358,17
1584616109.3685148,173.194.164.186,10.10.0.10,,,443,45082,0,1358,17
1584616109.3703039,10.10.0.10,173.194.164.186,,,45082,443,0,37,17
1584616109.3777962,173.194.164.186,10.10.0.10,,,443,45082,0,1358,17
1584616109.387072,173.194.164.186,10.10.0.10,,,443,45082,0,1358,17
1584616109.388823,10.10.0.10,173.194.164.186,,,45082,443,0,37,17
1584616109.39635,173.194.164.186,10.10.0.10,,,443,45082,0,1358,17
1584616109.4056349,173.194.164.186,10.10.0.10,,,443,45082,0,1358,17
1584616109.407178,10.10.0.10,173.194.164.186,,,45082,443,0,37,17
1584616109.4149158,173.194.164.186,10.10.0.10,,,443,45082,0,1358,17
1584616109.424192,173.194.164.186,10.10.0.10,,,443,45082,0,1358,17
1584616109.4270525,10.10.0.10,173.194.164.186,,,45082,443,0,37,17
1584616109.4334748,173.194.164.186,10.10.0.10,,,443,45082,0,1358,17
1584616109.442756,173.194.164.186,10.10.0.10,,,443,45082,0,1358,17
1584616109.444449,10.10.0.10,173.194.164.186,,,45082,443,0,50,17
1584616109.4520292,173.194.164.186,10.10.0.10,,,443,45082,0,1358,17
1584616109.461316,173.194.164.186,10.10.0.10,,,443,45082,0,1358,17
1584616109.4629538,10.10.0.10,173.194.164.186,,,45082,443,0,37,17
1584616109.470598,173.194.164.186,10.10.0.10,,,443,45082,0,1358,17
1584616109.479873,173.194.164.186,10.10.0.10,,,443,45082,0,1358,17
1584616109.48155,10.10.0.10,173.194.164.186,,,45082,443,0,37,17
1584616109.4891582,173.194.164.186,10.10.0.10,,,443,45082,0,29,17
1584616109.489573,173.194.164.186,10.10.0.10,,,443,45082,0,1358,17
1584616109.4988544,173.194.164.186,10.10.0.10,,,443,45082,0,1358,17
1584616109.5002909,10.10.0.10,173.194.164.186,,,45082,443,0,37,17
1584616109.508134,173.194.164.186,10.10.0.10,,,443,45082,0,1358,17
1584616109.5174134,173.194.164.186,10.10.0.10,,,443,45082,0,1358,17
1584616109.519049,10.10.0.10,173.194.164.186,,,45082,443,0,37,17
1584616109.526692,173.194.164.186,10.10.0.10,,,443,45082,0,1358,17
1584616109.535969,173.194.164.186,10.10.0.10,,,443,45082,0,1358,17
1584616109.5375721,10.10.0.10,173.194.164.186,,,45082,443,0,37,17
1584616109.545248,173.194.164.186,10.10.0.10,,,443,45082,0,1358,17
1584616109.5545352,173.194.164.186,10.10.0.10,,,443,45082,0,1358,17
1584616109.556042,10.10.0.10,173.194.164.186,,,45082,443,0,37,17
1584616109.563815,173.194.164.186,10.10.0.10,,,443,45082,0,1358,17
1584616109.573096,173.194.164.186,10.10.0.10,,,443,45082,0,1358,17
1584616109.5746758,10.10.0.10,173.194.164.186,,,45082,443,0,37,17
1584616109.5823731,173.194.164.186,10.10.0.10,,,443,45082,0,1358,17
1584616109.591656,173.194.164.186,10.10.0.10,,,443,45082,0,1358,17
1584616109.593671,10.10.0.10,173.194.164.186,,,45082,443,0,37,17
1584616109.600935,173.194.164.186,10.10.0.10,,,443,45082,0,1358,17
1584616109.6102202,173.194.164.186,10.10.0.10,,,443,45082,0,1358,17
1584616109.612067,10.10.0.10,173.194.164.186,,,45082,443,0,37,17
1584616109.619494,173.194.164.186,10.10.0.10,,,443,45082,0,1358,17
1584616109.6287801,173.194.164.186,10.10.0.10,,,443,45082,0,1358,17
1584616109.6304462,10.10.0.10,173.194.164.186,,,45082,443,0,37,17
1584616109.638054,173.194.164.186,10.10.0.10,,,443,45082,0,1358,17
1584616109.6473432,173.194.164.186,10.10.0.10,,,443,45082,0,1358,17
1584616109.6493158,10.10.0.10,173.194.164.186,,,45082,443,0,37,17
1584616109.656615,173.194.164.186,10.10.0.10,,,443,45082,0,1358,17
1584616109.6659029,173.194.164.186,10.10.0.10,,,443,45082,0,1358,17
1584616109.667419,10.10.0.10,173.194.164.186,,,45082,443,0,37,17
1584616109.675175,173.194.164.186,10.10.0.10,,,443,45082,0,1358,17
1584616109.6844668,173.194.164.186,10.10.0.10,,,443,45082,0,1358,17
1584616109.6860445,10.10.0.10,173.194.164.186,,,45082,443,0,37,17
1584616109.6937358,173.194.164.186,10.10.0.10,,,443,45082,0,1358,17
1584616109.7030258,173.194.164.186,10.10.0.10,,,443,45082,0,1358,17
1584616109.7046692,10.10.0.10,173.194.164.186,,,45082,443,0,37,17
1584616109.7122939,173.194.164.186,10.10.0.10,,,443,45082,0,1358,17
1584616109.7215881,173.194.164.186,10.10.0.10,,,443,45082,0,1358,17
1584616109.723295,10.10.0.10,173.194.164.186,,,45082,443,0,37,17
1584616109.7308538,173.194.164.186,10.10.0.10,,,443,45082,0,1358,17
1584616109.740128,173.194.164.186,10.10.0.10,,,443,45082,0,1358,17
1584616109.7419171,10.10.0.10,173.194.164.186,,,45082,443,0,37,17
1584616109.749416,173.194.164.186,10.10.0.10,,,443,45082,0,1358,17
1584616109.758717,173.194.164.186,10.10.0.10,,,443,45082,0,1358,17
1584616109.760416,10.10.0.10,173.194.164.186,,,45082,443,0,37,17
1584616109.767968,173.194.164.186,10.10.0.10,,,443,45082,0,1358,17
1584616109.7772536,173.194.164.186,10.10.0.10,,,443,45082,0,1358,17
1584616109.7790651,10.10.0.10,173.194.164.186,,,45082,443,0,37,17
1584616109.786534,173.194.164.186,10.10.0.10,,,443,45082,0,1358,17
1584616109.7958348,173.194.164.186,10.10.0.10,,,443,45082,0,1358,17
1584616109.7974062,10.10.0.10,173.194.164.186,,,45082,443,0,37,17
1584616109.805093,173.194.164.186,10.10.0.10,,,443,45082,0,1358,17
1584616109.814374,173.194.164.186,10.10.0.10,,,443,45082,0,1358,17
1584616109.816168,10.10.0.10,173.194.164.186,,,45082,443,0,50,17
1584616109.8236532,173.194.164.186,10.10.0.10,,,443,45082,0,1358,17
1584616109.8329332,173.194.164.186,10.10.0.10,,,443,45082,0,1358,17
1584616109.8345401,10.10.0.10,173.194.164.186,,,45082,443,0,37,17
1584616109.842214,173.194.164.186,10.10.0.10,,,443,45082,0,1358,17
1584616109.8514931,173.194.164.186,10.10.0.10,,,443,45082,0,1358,17
1584616109.8532894,10.10.0.10,173.194.164.186,,,45082,443,0,37,17
1584616109.860774,173.194.164.186,10.10.0.10,,,443,45082,0,32,17
1584616109.861215,173.194.164.186,10.10.0.10,,,443,45082,0,1358,17
1584616109.870494,173.194.164.186,10.10.0.10,,,443,45082,0,1358,17
1584616109.8723078,10.10.0.10,173.194.164.186,,,45082,443,0,37,17
1584616109.879775,173.194.164.186,10.10.0.10,,,443,45082,0,1358,17
1584616109.8890538,173.194.164.186,10.10.0.10,,,443,45082,0,1358,17
1584616109.890809,10.10.0.10,173.194.164.186,,,45082,443,0,37,17
1584616109.898329,173.194.164.186,10.10.0.10,,,443,45082,0,1358,17
1584616109.907615,173.194.164.186,10.10.0.10,,,443,45082,0,1358,17
1584616109.9092882,10.10.0.10,173.194.164.186,,,45082,443,0,37,17
1584616109.9168954,173.194.164.186,10.10.0.10,,,443,45082,0,1358,17
1584616109.926184,173.194.164.186,10.10.0.10,,,443,45082,0,1358,17
1584616109.9281638,10.10.0.10,173.194.164.186,,,45082,443,0,37,17
1584616109.9354599,173.194.164.186,10.10.0.10,,,443,45082,0,1358,17
1584616109.9447331,173.194.164.186,10.10.0.10,,,443,45082,0,1358,17
1584616109.9468038,10.10.0.10,173.194.164.186,,,45082,443,0,37,17
1584616109.954011,173.194.164.186,10.10.0.10,,,443,45082,0,1358,17
1584616109.96329,173.194.164.186,10.10.0.10,,,443,45082,0,1358,17
1584616109.964806,10.10.0.10,173.194.164.186,,,45082,443,0,37,17
1584616109.972567,173.194.164.186,10.10.0.10,,,443,45082,0,1358,17
1584616109.981848,173.194.164.186,10.10.0.10,,,443,45082,0,1358,17
1584616109.983384,10.10.0.10,173.194.164.186,,,45082,443,0,37,17
1584616109.991129,173.194.164.186,10.10.0.10,,,443,45082,0,1358,17
1584616110.000405,173.194.164.186,10.10.0.10,,,443,45082,0,1358,17
1584616110.002812,10.10.0.10,173.194.164.186,,,45082,443,0,37,17
1584616110.0096908,173.194.164.186,10.10.0.10,,,443,45082,0,1358,17
1584616110.0189712,173.194.164.186,10.10.0.10,,,443,45082,0,1358,17
1584616110.020538,10.10.0.10,173.194.164.186,,,45082,443,0,37,17
1584616110.028251,173.194.164.186,10.10.0.10,,,443,45082,0,1358,17
1584616110.037534,173.194.164.186,10.10.0.10,,,443,45082,0,1358,17
1584616110.039161,10.10.0.10,173.194.164.186,,,45082,443,0,37,17
1584616110.0468268,173.194.164.186,10.10.0.10,,,443,45082,0,1358,17
1584616110.0560946,173.194.164.186,10.10.0.10,,,443,45082,0,1358,17
1584616110.057677,10.10.0.10,173.194.164.186,,,45082,443,0,37,17
1584616110.065378,173.194.164.186,10.10.0.10,,,443,45082,0,1358,17
1584616110.0746536,173.194.164.186,10.10.0.10,,,443,45082,0,1358,17
1584616110.076408,10.10.0.10,173.194.164.186,,,45082,443,0,37,17
1584616110.0839412,173.194.164.186,10.10.0.10,,,443,45082,0,1358,17
1584616110.093213,173.194.164.186,10.10.0.10,,,443,45082,0,1358,17
1584616110.0948932,10.10.0.10,173.194.164.186,,,45082,443,0,37,17
1584616110.102494,173.194.164.186,10.10.0.10,,,443,45082,0,1358,17
1584616110.1117759,173.194.164.186,10.10.0.10,,,443,45082,0,1358,17
1584616110.1136649,10.10.0.10,173.194.164.186,,,45082,443,0,37,17
1584616110.12105,173.194.164.186,10.10.0.10,,,443,45082,0,1358,17
1584616110.130328,173.194.164.186,10.10.0.10,,,443,45082,0,1358,17
1584616110.1321402,10.10.0.10,173.194.164.186,,,45082,443,0,37,17
1584616110.1396232,173.194.164.186,10.10.0.10,,,443,45082,0,1358,17
1584616110.148889,173.194.164.186,10.10.0.10,,,443,45082,0,1358,17
1584616110.1504982,10.10.0.10,173.194.164.186,,,45082,443,0,37,17
1584616110.15817,173.194.164.186,10.10.0.10,,,443,45082,0,1358,17
1584616110.1674461,173.194.164.186,10.10.0.10,,,443,45082,0,1358,17
1584616110.1690302,10.10.0.10,173.194.164.186,,,45082,443,0,37,17
1584616110.1767304,173.194.164.186,10.10.0.10,,,443,45082,0,1358,17
1584616110.186016,173.194.164.186,10.10.0.10,,,443,45082,0,1358,17
1584616110.1877801,10.10.0.10,173.194.164.186,,,45082,443,0,50,17
1584616110.195294,173.194.164.186,10.10.0.10,,,443,45082,0,1358,17
1584616110.204574,173.194.164.186,10.10.0.10,,,443,45082,0,1358,17
1584616110.206179,10.10.0.10,173.194.164.186,,,45082,443,0,37,17
1584616110.2138536,173.194.164.186,10.10.0.10,,,443,45082,0,1358,17
1584616110.223136,173.194.164.186,10.10.0.10,,,443,45082,0,1358,17
1584616110.230534,10.10.0.10,173.194.164.186,,,45082,443,0,37,17
1584616110.232415,173.194.164.186,10.10.0.10,,,443,45082,0,1358,17
1584616110.2417011,173.194.164.186,10.10.0.10,,,443,45082,0,29,17
1584616110.242118,173.194.164.186,10.10.0.10,,,443,45082,0,1358,17
1584616110.2436724,10.10.0.10,173.194.164.186,,,45082,443,0,37,17
1584616110.2513928,173.194.164.186,10.10.0.10,,,443,45082,0,1358,17
1584616110.2606974,173.194.164.186,10.10.0.10,,,443,45082,0,1358,17
1584616110.2624018,10.10.0.10,173.194.164.186,,,45082,443,0,37,17
1584616110.269954,173.194.164.186,10.10.0.10,,,443,45082,0,1358,17
1584616110.279234,173.194.164.186,10.10.0.10,,,443,45082,0,1358,17
1584616110.2809286,10.10.0.10,173.194.164.186,,,45082,443,0,37,17
1584616110.2885158,173.194.164.186,10.10.0.10,,,443,45082,0,1358,17
1584616110.297793,173.194.164.186,10.10.0.10,,,443,45082,0,1358,17
1584616110.299794,10.10.0.10,173.194.164.186,,,45082,443,0,37,17
1584616110.3070748,173.194.164.186,10.10.0.10,,,443,45082,0,1358,17
1584616110.3163571,173.194.164.186,10.10.0.10,,,443,45082,0,1358,17
1584616110.3185468,10.10.0.10,173.194.164.186,,,45082,443,0,37,17
1584616110.325633,173.194.164.186,10.10.0.10,,,443,45082,0,1358,17
1584616110.334914,173.194.164.186,10.10.0.10,,,443,45082,0,1358,17
1584616110.340895,10.10.0.10,173.194.164.186,,,45082,443,0,37,17
1584616110.3441892,173.194.164.186,10.10.0.10,,,443,45082,0,1358,17
1584616110.35348,173.194.164.186,10.10.0.10,,,443,45082,0,1358,17
1584616110.35517,10.10.0.10,173.194.164.186,,,45082,443,0,37,17
1584616110.3627481,173.194.164.186,10.10.0.10,,,443,45082,0,1358,17
1584616110.3720279,173.194.164.186,10.10.0.10,,,443,45082,0,1358,17
1584616110.381316,173.194.164.186,10.10.0.10,,,443,45082,0,1358,17
1584616110.3905964,173.194.164.186,10.10.0.10,,,443,45082,0,1358,17
1584616110.390899,10.10.0.10,173.194.164.186,,,45082,443,0,37,17
1584616110.392168,10.10.0.10,173.194.164.186,,,45082,443,0,37,17
1584616110.3998818,173.194.164.186,10.10.0.10,,,443,45082,0,1358,17
1584616110.409153,173.194.164.186,10.10.0.10,,,443,45082,0,1358,17
1584616110.410789,10.10.0.10,173.194.164.186,,,45082,443,0,37,17
1584616110.4184446,173.194.164.186,10.10.0.10,,,443,45082,0,1358,17
1584616110.4277158,173.194.164.186,10.10.0.10,,,443,45082,0,1358,17
1584616110.429524,10.10.0.10,173.194.164.186,,,45082,443,0,37,17
1584616110.4370039,173.194.164.186,10.10.0.10,,,443,45082,0,1358,17
1584616110.4462721,173.194.164.186,10.10.0.10,,,443,45082,0,1358,17
1584616110.449774,10.10.0.10,173.194.164.186,,,45082,443,0,37,17
1584616110.4555662,173.194.164.186,10.10.0.10,,,443,45082,0,1358,17
1584616110.464834,173.194.164.186,10.10.0.10,,,443,45082,0,1358,17
1584616110.467294,10.10.0.10,173.194.164.186,,,45082,443,0,37,17
1584616110.474129,173.194.164.186,10.10.0.10,,,443,45082,0,1358,17
1584616110.483393,173.194.164.186,10.10.0.10,,,443,45082,0,1358,17
1584616110.4849179,10.10.0.10,173.194.164.186,,,45082,443,0,37,17
1584616110.4926908,173.194.164.186,10.10.0.10,,,443,45082,0,1358,17
1584616110.501953,173.194.164.186,10.10.0.10,,,443,45082,0,1358,17
1584616110.503525,10.10.0.10,173.194.164.186,,,45082,443,0,37,17
1584616110.5112321,173.194.164.186,10.10.0.10,,,443,45082,0,1358,17
1584616110.520515,173.194.164.186,10.10.0.10,,,443,45082,0,1358,17
1584616110.522269,10.10.0.10,173.194.164.186,,,45082,443,0,37,17
1584616110.529815,173.194.164.186,10.10.0.10,,,443,45082,0,1358,17
1584616110.539074,173.194.164.186,10.10.0.10,,,443,45082,0,1358,17
1584616110.540774,10.10.0.10,173.194.164.186,,,45082,443,0,37,17
1584616110.548362,173.194.164.186,10.10.0.10,,,443,45082,0,1358,17
1584616110.5576339,173.194.164.186,10.10.0.10,,,443,45082,0,1358,17
1584616110.559259,10.10.0.10,173.194.164.186,,,45082,443,0,50,17
1584616110.566912,173.194.164.186,10.10.0.10,,,443,45082,0,1358,17
1584616110.5761938,173.194.164.186,10.10.0.10,,,443,45082,0,1358,17
1584616110.5779116,10.10.0.10,173.194.164.186,,,45082,443,0,37,17
1584616110.585474,173.194.164.186,10.10.0.10,,,443,45082,0,1358,17
1584616110.594754,173.194.164.186,10.10.0.10,,,443,45082,0,1358,17
1584616110.59652,10.10.0.10,173.194.164.186,,,45082,443,0,37,17
1584616110.604034,173.194.164.186,10.10.0.10,,,443,45082,0,1358,17
1584616110.6133149,173.194.164.186,10.10.0.10,,,443,45082,0,1358,17
1584616110.6156602,10.10.0.10,173.194.164.186,,,45082,443,0,37,17
1584616110.622592,173.194.164.186,10.10.0.10,,,443,45082,0,1358,17
1584616110.6318738,173.194.164.186,10.10.0.10,,,443,45082,0,1358,17
1584616110.633661,10.10.0.10,173.194.164.186,,,45082,443,0,37,17
1584616110.6411386,10.10.0.10,173.194.164.186,,,45082,443,0,715,17
1584616110.641149,173.194.164.186,10.10.0.10,,,443,45082,0,1358,17
1584616110.641167,10.10.0.10,173.194.164.186,,,45082,443,0,48,17
1584616110.650439,173.194.164.186,10.10.0.10,,,443,45082,0,1358,17
1584616110.653256,10.10.0.10,173.194.164.186,,,45082,443,0,37,17
1584616110.659714,173.194.164.186,10.10.0.10,,,443,45082,0,1358,17
1584616110.669,173.194.164.186,10.10.0.10,,,443,45082,0,1358,17
1584616110.670641,10.10.0.10,173.194.164.186,,,45082,443,0,37,17
1584616110.678273,173.194.164.186,10.10.0.10,,,443,45082,0,1358,17
1584616110.687552,173.194.164.186,10.10.0.10,,,443,45082,0,29,17
1584616110.687975,173.194.164.186,10.10.0.10,,,443,45082,0,1358,17
1584616110.6903892,10.10.0.10,173.194.164.186,,,45082,443,0,37,17
1584616110.6972518,173.194.164.186,10.10.0.10,,,443,45082,0,1358,17
1584616110.7065318,173.194.164.186,10.10.0.10,,,443,45082,0,1358,17
1584616110.7084124,10.10.0.10,173.194.164.186,,,45082,443,0,37,17
1584616110.715815,173.194.164.186,10.10.0.10,,,443,45082,0,1358,17
1584616110.7250938,173.194.164.186,10.10.0.10,,,443,45082,0,1358,17
1584616110.7268882,10.10.0.10,173.194.164.186,,,45082,443,0,37,17
1584616110.7343721,173.194.164.186,10.10.0.10,,,443,45082,0,1358,17
1584616110.743654,173.194.164.186,10.10.0.10,,,443,45082,0,1358,17
1584616110.745409,10.10.0.10,173.194.164.186,,,45082,443,0,37,17
1584616110.752936,173.194.164.186,10.10.0.10,,,443,45082,0,1358,17
1584616110.7622132,173.194.164.186,10.10.0.10,,,443,45082,0,1358,17
1584616110.763895,10.10.0.10,173.194.164.186,,,45082,443,0,37,17
1584616110.7714946,173.194.164.186,10.10.0.10,,,443,45082,0,1358,17
1584616110.7807715,173.194.164.186,10.10.0.10,,,443,45082,0,1358,17
1584616110.782512,10.10.0.10,173.194.164.186,,,45082,443,0,37,17
1584616110.79006,173.194.164.186,10.10.0.10,,,443,45082,0,1358,17
1584616110.799336,173.194.164.186,10.10.0.10,,,443,45082,0,1358,17
1584616110.80104,10.10.0.10,173.194.164.186,,,45082,443,0,37,17
1584616110.8086202,173.194.164.186,10.10.0.10,,,443,45082,0,1358,17
1584616110.817895,173.194.164.186,10.10.0.10,,,443,45082,0,1358,17
1584616110.8196568,10.10.0.10,173.194.164.186,,,45082,443,0,37,17
1584616110.827184,173.194.164.186,10.10.0.10,,,443,45082,0,1358,17
1584616110.8364544,173.194.164.186,10.10.0.10,,,443,45082,0,1358,17
1584616110.838137,10.10.0.10,173.194.164.186,,,45082,443,0,37,17
1584616110.845743,173.194.164.186,10.10.0.10,,,443,45082,0,1358,17
1584616110.855018,173.194.164.186,10.10.0.10,,,443,45082,0,1358,17
1584616110.8578851,10.10.0.10,173.194.164.186,,,45082,443,0,37,17
1584616110.864306,173.194.164.186,10.10.0.10,,,443,45082,0,1358,17
1584616110.8735766,173.194.164.186,10.10.0.10,,,443,45082,0,1358,17
1584616110.8752608,10.10.0.10,173.194.164.186,,,45082,443,0,37,17
1584616110.8828669,173.194.164.186,10.10.0.10,,,443,45082,0,1358,17
1584616110.8921342,173.194.164.186,10.10.0.10,,,443,45082,0,1358,17
1584616110.8939078,10.10.0.10,173.194.164.186,,,45082,443,0,37,17
1584616110.9014301,173.194.164.186,10.10.0.10,,,443,45082,0,1358,17
1584616110.910694,173.194.164.186,10.10.0.10,,,443,45082,0,1358,17
1584616110.912385,10.10.0.10,173.194.164.186,,,45082,443,0,37,17
1584616110.919975,173.194.164.186,10.10.0.10,,,443,45082,0,1358,17
1584616110.925637,10.10.0.10,173.194.164.186,,,45082,443,0,725,17
1584616110.925663,10.10.0.10,173.194.164.186,,,45082,443,0,48,17
1584616110.929255,173.194.164.186,10.10.0.10,,,443,45082,0,1358,17
1584616110.9385526,173.194.164.186,10.10.0.10,,,443,45082,0,1358,17
1584616110.940381,10.10.0.10,173.194.164.186,,,45082,443,0,37,17
1584616110.9478168,173.194.164.186,10.10.0.10,,,443,45082,0,1358,17
1584616110.9570944,173.194.164.186,10.10.0.10,,,443,45082,0,1358,17
1584616110.959529,10.10.0.10,173.194.164.186,,,45082,443,0,37,17
1584616110.9663699,173.194.164.186,10.10.0.10,,,443,45082,0,1358,17
1584616110.9756534,173.194.164.186,10.10.0.10,,,443,45082,0,29,17
1584616110.9760695,173.194.164.186,10.10.0.10,,,443,45082,0,1358,17
1584616110.977983,10.10.0.10,173.194.164.186,,,45082,443,0,37,17
1584616110.985351,173.194.164.186,10.10.0.10,,,443,45082,0,1358,17
1584616110.9946349,173.194.164.186,10.10.0.10,,,443,45082,0,1358,17
1584616110.996527,10.10.0.10,173.194.164.186,,,45082,443,0,37,17
1584616111.003912,173.194.164.186,10.10.0.10,,,443,45082,0,1358,17
1584616111.013189,173.194.164.186,10.10.0.10,,,443,45082,0,1358,17
1584616111.014745,10.10.0.10,173.194.164.186,,,45082,443,0,37,17
1584616111.022487,173.194.164.186,10.10.0.10,,,443,45082,0,1358,17
1584616111.0317519,173.194.164.186,10.10.0.10,,,443,45082,0,1358,17
1584616111.0333798,10.10.0.10,173.194.164.186,,,45082,443,0,37,17
1584616111.0410292,173.194.164.186,10.10.0.10,,,443,45082,0,1358,17
1584616111.05031,173.194.164.186,10.10.0.10,,,443,45082,0,1358,17
1584616111.051977,10.10.0.10,173.194.164.186,,,45082,443,0,37,17
1584616111.059597,173.194.164.186,10.10.0.10,,,443,45082,0,1358,17
1584616111.0688748,173.194.164.186,10.10.0.10,,,443,45082,0,1358,17
1584616111.070776,10.10.0.10,173.194.164.186,,,45082,443,0,37,17
1584616111.078152,173.194.164.186,10.10.0.10,,,443,45082,0,1358,17
1584616111.0874329,173.194.164.186,10.10.0.10,,,443,45082,0,1358,17
1584616111.089399,10.10.0.10,173.194.164.186,,,45082,443,0,37,17
1584616111.096709,173.194.164.186,10.10.0.10,,,443,45082,0,1358,17
1584616111.105993,173.194.164.186,10.10.0.10,,,443,45082,0,1358,17
1584616111.10748,10.10.0.10,173.194.164.186,,,45082,443,0,37,17
1584616111.1152818,173.194.164.186,10.10.0.10,,,443,45082,0,1358,17
1584616111.1245544,173.194.164.186,10.10.0.10,,,443,45082,0,1358,17
1584616111.126376,10.10.0.10,173.194.164.186,,,45082,443,0,37,17
1584616111.1338348,173.194.164.186,10.10.0.10,,,443,45082,0,1358,17
1584616111.14311,173.194.164.186,10.10.0.10,,,443,45082,0,1358,17
1584616111.144598,10.10.0.10,173.194.164.186,,,45082,443,0,37,17
1584616111.1524026,173.194.164.186,10.10.0.10,,,443,45082,0,1358,17
1584616111.161669,173.194.164.186,10.10.0.10,,,443,45082,0,1358,17
1584616111.164152,10.10.0.10,173.194.164.186,,,45082,443,0,37,17
1584616111.170954,173.194.164.186,10.10.0.10,,,443,45082,0,1358,17
1584616111.181345,173.194.164.186,10.10.0.10,,,443,45082,0,1358,17
1584616111.1829948,10.10.0.10,173.194.164.186,,,45082,443,0,37,17
1584616111.190626,173.194.164.186,10.10.0.10,,,443,45082,0,1358,17
1584616111.1999252,173.194.164.186,10.10.0.10,,,443,45082,0,1358,17
1584616111.201898,10.10.0.10,173.194.164.186,,,45082,443,0,37,17
1584616111.209183,173.194.164.186,10.10.0.10,,,443,45082,0,1358,17
1584616111.218461,173.194.164.186,10.10.0.10,,,443,45082,0,1358,17
1584616111.2204998,10.10.0.10,173.194.164.186,,,45082,443,0,37,17
1584616111.2277448,173.194.164.186,10.10.0.10,,,443,45082,0,1358,17
1584616111.23703,173.194.164.186,10.10.0.10,,,443,45082,0,1358,17
1584616111.238641,10.10.0.10,173.194.164.186,,,45082,443,0,37,17
1584616111.246306,173.194.164.186,10.10.0.10,,,443,45082,0,1358,17
1584616111.255586,173.194.164.186,10.10.0.10,,,443,45082,0,1358,17
1584616111.2571151,10.10.0.10,173.194.164.186,,,45082,443,0,37,17
1584616111.264866,173.194.164.186,10.10.0.10,,,443,45082,0,1358,17
1584616111.274166,173.194.164.186,10.10.0.10,,,443,45082,0,1358,17
1584616111.2757492,10.10.0.10,173.194.164.186,,,45082,443,0,37,17
1584616111.2834249,173.194.164.186,10.10.0.10,,,443,45082,0,1358,17
1584616111.2927089,173.194.164.186,10.10.0.10,,,443,45082,0,1358,17
1584616111.2943714,10.10.0.10,173.194.164.186,,,45082,443,0,50,17
1584616111.301985,173.194.164.186,10.10.0.10,,,443,45082,0,1358,17
1584616111.311265,173.194.164.186,10.10.0.10,,,443,45082,0,1358,17
1584616111.312999,10.10.0.10,173.194.164.186,,,45082,443,0,37,17
1584616111.320549,173.194.164.186,10.10.0.10,,,443,45082,0,1358,17
1584616111.3298268,173.194.164.186,10.10.0.10,,,443,45082,0,1358,17
1584616111.3322651,10.10.0.10,173.194.164.186,,,45082,443,0,37,17
1584616111.3391068,173.194.164.186,10.10.0.10,,,443,45082,0,1358,17
1584616111.348384,173.194.164.186,10.10.0.10,,,443,45082,0,29,17
1584616111.348799,173.194.164.186,10.10.0.10,,,443,45082,0,1358,17
1584616111.35037,10.10.0.10,173.194.164.186,,,45082,443,0,37,17
1584616111.3581,173.194.164.186,10.10.0.10,,,443,45082,0,1358,17
1584616111.367367,173.194.164.186,10.10.0.10,,,443,45082,0,1358,17
1584616111.3702452,10.10.0.10,173.194.164.186,,,45082,443,0,37,17
1584616111.3766642,173.194.164.186,10.10.0.10,,,443,45082,0,1358,17
1584616111.385926,173.194.164.186,10.10.0.10,,,443,45082,0,1358,17
1584616111.388743,10.10.0.10,173.194.164.186,,,45082,443,0,37,17
1584616111.395207,173.194.164.186,10.10.0.10,,,443,45082,0,1358,17
1584616111.404488,173.194.164.186,10.10.0.10,,,443,45082,0,1358,17
1584616111.4082365,10.10.0.10,173.194.164.186,,,45082,443,0,37,17
1584616111.413789,173.194.164.186,10.10.0.10,,,443,45082,0,1358,17
1584616111.4230454,173.194.164.186,10.10.0.10,,,443,45082,0,1358,17
1584616111.425387,10.10.0.10,173.194.164.186,,,45082,443,0,37,17
1584616111.432327,173.194.164.186,10.10.0.10,,,443,45082,0,1358,17
1584616111.441608,173.194.164.186,10.10.0.10,,,443,45082,0,1358,17
1584616111.4431179,10.10.0.10,173.194.164.186,,,45082,443,0,37,17
1584616111.4508884,173.194.164.186,10.10.0.10,,,443,45082,0,1358,17
1584616111.4601688,173.194.164.186,10.10.0.10,,,443,45082,0,1358,17
1584616111.461762,10.10.0.10,173.194.164.186,,,45082,443,0,37,17
1584616111.4694452,173.194.164.186,10.10.0.10,,,443,45082,0,1358,17
1584616111.478726,173.194.164.186,10.10.0.10,,,443,45082,0,1358,17
1584616111.480368,10.10.0.10,173.194.164.186,,,45082,443,0,37,17
1584616111.4880018,173.194.164.186,10.10.0.10,,,443,45082,0,1358,17
1584616111.498413,173.194.164.186,10.10.0.10,,,443,45082,0,1358,17
1584616111.500607,10.10.0.10,173.194.164.186,,,45082,443,0,37,17
1584616111.5076811,173.194.164.186,10.10.0.10,,,443,45082,0,1358,17
1584616111.516975,173.194.164.186,10.10.0.10,,,443,45082,0,1358,17
1584616111.5187619,10.10.0.10,173.194.164.186,,,45082,443,0,37,17
1584616111.526242,173.194.164.186,10.10.0.10,,,443,45082,0,1358,17
1584616111.5355349,173.194.164.186,10.10.0.10,,,443,45082,0,1358,17
1584616111.537241,10.10.0.10,173.194.164.186,,,45082,443,0,37,17
1584616111.5448,173.194.164.186,10.10.0.10,,,443,45082,0,1358,17
1584616111.554082,173.194.164.186,10.10.0.10,,,443,45082,0,1358,17
1584616111.555741,10.10.0.10,173.194.164.186,,,45082,443,0,37,17
1584616111.563361,173.194.164.186,10.10.0.10,,,443,45082,0,1358,17
1584616111.5726588,173.194.164.186,10.10.0.10,,,443,45082,0,1358,17
1584616111.574759,10.10.0.10,173.194.164.186,,,45082,443,0,37,17
1584616111.58192,173.194.164.186,10.10.0.10,,,443,45082,0,1358,17
1584616111.591202,173.194.164.186,10.10.0.10,,,443,45082,0,1358,17
1584616111.5927591,10.10.0.10,173.194.164.186,,,45082,443,0,37,17
1584616111.60048,173.194.164.186,10.10.0.10,,,443,45082,0,1358,17
1584616111.609761,173.194.164.186,10.10.0.10,,,443,45082,0,1358,17
1584616111.611382,10.10.0.10,173.194.164.186,,,45082,443,0,37,17
1584616111.619039,173.194.164.186,10.10.0.10,,,443,45082,0,1358,17
1584616111.6283212,173.194.164.186,10.10.0.10,,,443,45082,0,1358,17
1584616111.630008,10.10.0.10,173.194.164.186,,,45082,443,0,37,17
1584616111.6376019,173.194.164.186,10.10.0.10,,,443,45082,0,1358,17
1584616111.6468804,173.194.164.186,10.10.0.10,,,443,45082,0,1358,17
1584616111.6561608,173.194.164.186,10.10.0.10,,,443,45082,0,1358,17
1584616111.66544,173.194.164.186,10.10.0.10,,,443,45082,0,1358,17
1584616111.6672359,10.10.0.10,173.194.164.186,,,45082,443,0,37,17
1584616111.667737,10.10.0.10,173.194.164.186,,,45082,443,0,50,17
1584616111.6747189,173.194.164.186,10.10.0.10,,,443,45082,0,1358,17
1584616111.6840026,173.194.164.186,10.10.0.10,,,443,45082,0,1358,17
1584616111.685737,10.10.0.10,173.194.164.186,,,45082,443,0,37,17
1584616111.6932821,173.194.164.186,10.10.0.10,,,443,45082,0,1358,17
1584616111.702559,173.194.164.186,10.10.0.10,,,443,45082,0,1358,17
1584616111.7046099,10.10.0.10,173.194.164.186,,,45082,443,0,37,17
1584616111.7118428,173.194.164.186,10.10.0.10,,,443,45082,0,1358,17
1584616111.721121,173.194.164.186,10.10.0.10,,,443,45082,0,1358,17
1584616111.722861,10.10.0.10,173.194.164.186,,,45082,443,0,37,17
1584616111.730408,173.194.164.186,10.10.0.10,,,443,45082,0,1358,17
1584616111.73968,173.194.164.186,10.10.0.10,,,443,45082,0,1358,17
1584616111.7413788,10.10.0.10,173.194.164.186,,,45082,443,0,37,17
1584616111.748968,173.194.164.186,10.10.0.10,,,443,45082,0,1358,17
1584616111.758239,173.194.164.186,10.10.0.10,,,443,45082,0,1358,17
1584616111.759858,10.10.0.10,173.194.164.186,,,45082,443,0,37,17
1584616111.7675312,173.194.164.186,10.10.0.10,,,443,45082,0,1358,17
1584616111.7768,173.194.164.186,10.10.0.10,,,443,45082,0,1358,17
1584616111.779725,10.10.0.10,173.194.164.186,,,45082,443,0,37,17
1584616111.7860909,173.194.164.186,10.10.0.10,,,443,45082,0,1358,17
1584616111.796476,173.194.164.186,10.10.0.10,,,443,45082,0,1358,17
1584616111.798255,10.10.0.10,173.194.164.186,,,45082,443,0,37,17
1584616111.805752,173.194.164.186,10.10.0.10,,,443,45082,0,1358,17
1584616111.815034,173.194.164.186,10.10.0.10,,,443,45082,0,1358,17
1584616111.8167572,10.10.0.10,173.194.164.186,,,45082,443,0,37,17
1584616111.824314,173.194.164.186,10.10.0.10,,,443,45082,0,1358,17
1584616111.8335938,173.194.164.186,10.10.0.10,,,443,45082,0,1358,17
1584616111.835378,10.10.0.10,173.194.164.186,,,45082,443,0,37,17
1584616111.8428748,173.194.164.186,10.10.0.10,,,443,45082,0,1358,17
1584616111.8521562,173.194.164.186,10.10.0.10,,,443,45082,0,1358,17
1584616111.853856,10.10.0.10,173.194.164.186,,,45082,443,0,37,17
1584616111.861435,173.194.164.186,10.10.0.10,,,443,45082,0,1358,17
1584616111.8707151,173.194.164.186,10.10.0.10,,,443,45082,0,1358,17
1584616111.872881,10.10.0.10,173.194.164.186,,,45082,443,0,37,17
1584616111.879992,173.194.164.186,10.10.0.10,,,443,45082,0,1358,17
1584616111.8892775,173.194.164.186,10.10.0.10,,,443,45082,0,1358,17
1584616111.890999,10.10.0.10,173.194.164.186,,,45082,443,0,37,17
1584616111.8985536,173.194.164.186,10.10.0.10,,,443,45082,0,1358,17
1584616111.907838,173.194.164.186,10.10.0.10,,,443,45082,0,1358,17
1584616111.9096286,10.10.0.10,173.194.164.186,,,45082,443,0,37,17
1584616111.9171069,173.194.164.186,10.10.0.10,,,443,45082,0,1358,17
1584616111.9264052,173.194.164.186,10.10.0.10,,,443,45082,0,1358,17
1584616111.9281044,10.10.0.10,173.194.164.186,,,45082,443,0,37,17
1584616111.935673,173.194.164.186,10.10.0.10,,,443,45082,0,1358,17
1584616111.9449492,173.194.164.186,10.10.0.10,,,443,45082,0,1358,17
1584616111.9466221,10.10.0.10,173.194.164.186,,,45082,443,0,37,17
1584616111.954234,173.194.164.186,10.10.0.10,,,443,45082,0,1358,17
1584616111.963525,173.194.164.186,10.10.0.10,,,443,45082,0,1358,17
1584616111.965373,10.10.0.10,173.194.164.186,,,45082,443,0,37,17
1584616111.9727929,173.194.164.186,10.10.0.10,,,443,45082,0,1358,17
1584616111.9820864,173.194.164.186,10.10.0.10,,,443,45082,0,1358,17
1584616111.984604,10.10.0.10,173.194.164.186,,,45082,443,0,37,17
1584616111.9913518,173.194.164.186,10.10.0.10,,,443,45082,0,1358,17
1584616112.000646,173.194.164.186,10.10.0.10,,,443,45082,0,1358,17
1584616112.0023706,10.10.0.10,173.194.164.186,,,45082,443,0,37,17
1584616112.0099099,173.194.164.186,10.10.0.10,,,443,45082,0,1358,17
1584616112.01919,173.194.164.186,10.10.0.10,,,443,45082,0,1358,17
1584616112.020888,10.10.0.10,173.194.164.186,,,45082,443,0,37,17
1584616112.0284688,173.194.164.186,10.10.0.10,,,443,45082,0,1358,17
1584616112.037749,173.194.164.186,10.10.0.10,,,443,45082,0,1358,17
1584616112.0394418,10.10.0.10,173.194.164.186,,,45082,443,0,50,17
1584616112.0470278,173.194.164.186,10.10.0.10,,,443,45082,0,1358,17
1584616112.0563116,173.194.164.186,10.10.0.10,,,443,45082,0,1358,17
1584616112.058383,10.10.0.10,173.194.164.186,,,45082,443,0,37,17
1584616112.065595,173.194.164.186,10.10.0.10,,,443,45082,0,1358,17
1584616112.0748956,173.194.164.186,10.10.0.10,,,443,45082,0,1358,17
1584616112.076604,10.10.0.10,173.194.164.186,,,45082,443,0,37,17
1584616112.08415,173.194.164.186,10.10.0.10,,,443,45082,0,1358,17
1584616112.0934372,173.194.164.186,10.10.0.10,,,443,45082,0,1358,17
1584616112.0952349,10.10.0.10,173.194.164.186,,,45082,443,0,37,17
1584616112.1027148,173.194.164.186,10.10.0.10,,,443,45082,0,29,17
1584616112.103126,173.194.164.186,10.10.0.10,,,443,45082,0,1358,17
1584616112.1124122,173.194.164.186,10.10.0.10,,,443,45082,0,1358,17
1584616112.1140668,10.10.0.10,173.194.164.186,,,45082,443,0,37,17
1584616112.121706,173.194.164.186,10.10.0.10,,,443,45082,0,1358,17
1584616112.1309679,173.194.164.186,10.10.0.10,,,443,45082,0,1358,17
1584616112.132447,10.10.0.10,173.194.164.186,,,45082,443,0,37,17
1584616112.1402464,173.194.164.186,10.10.0.10,,,443,45082,0,1358,17
1584616112.149529,173.194.164.186,10.10.0.10,,,443,45082,0,1358,17
1584616112.1511214,10.10.0.10,173.194.164.186,,,45082,443,0,37,17
1584616112.158808,173.194.164.186,10.10.0.10,,,443,45082,0,1358,17
1584616112.1680908,173.194.164.186,10.10.0.10,,,443,45082,0,1358,17
1584616112.1697161,10.10.0.10,173.194.164.186,,,45082,443,0,37,17
1584616112.177376,173.194.164.186,10.10.0.10,,,443,45082,0,1358,17
1584616112.1866481,173.194.164.186,10.10.0.10,,,443,45082,0,1358,17
1584616112.189121,10.10.0.10,173.194.164.186,,,45082,443,0,37,17
1584616112.1959279,173.194.164.186,10.10.0.10,,,443,45082,0,1358,17
1584616112.20521,173.194.164.186,10.10.0.10,,,443,45082,0,1358,17
1584616112.2070758,10.10.0.10,173.194.164.186,,,45082,443,0,37,17
1584616112.2145019,173.194.164.186,10.10.0.10,,,443,45082,0,1358,17
1584616112.22377,173.194.164.186,10.10.0.10,,,443,45082,0,1358,17
1584616112.2322278,10.10.0.10,173.194.164.186,,,45082,443,0,37,17
1584616112.23306,173.194.164.186,10.10.0.10,,,443,45082,0,1358,17
1584616112.2423332,173.194.164.186,10.10.0.10,,,443,45082,0,1358,17
1584616112.243982,10.10.0.10,173.194.164.186,,,45082,443,0,37,17
1584616112.2516122,173.194.164.186,10.10.0.10,,,443,45082,0,1358,17
1584616112.260894,173.194.164.186,10.10.0.10,,,443,45082,0,1358,17
1584616112.262495,10.10.0.10,173.194.164.186,,,45082,443,0,37,17
1584616112.270168,173.194.164.186,10.10.0.10,,,443,45082,0,1358,17
1584616112.279454,173.194.164.186,10.10.0.10,,,443,45082,0,1358,17
1584616112.281367,10.10.0.10,173.194.164.186,,,45082,443,0,37,17
1584616112.2887359,173.194.164.186,10.10.0.10,,,443,45082,0,1358,17
1584616112.298018,173.194.164.186,10.10.0.10,,,443,45082,0,1358,17
1584616112.2995946,10.10.0.10,173.194.164.186,,,45082,443,0,37,17
1584616112.3072932,173.194.164.186,10.10.0.10,,,443,45082,0,1358,17
1584616112.316577,173.194.164.186,10.10.0.10,,,443,45082,0,1358,17
1584616112.318738,10.10.0.10,173.194.164.186,,,45082,443,0,37,17
1584616112.325851,173.194.164.186,10.10.0.10,,,443,45082,0,1358,17
1584616112.3351398,173.194.164.186,10.10.0.10,,,443,45082,0,1358,17
1584616112.337114,10.10.0.10,173.194.164.186,,,45082,443,0,37,17
1584616112.3444116,173.194.164.186,10.10.0.10,,,443,45082,0,1358,17
1584616112.3537,173.194.164.186,10.10.0.10,,,443,45082,0,1358,17
1584616112.3554661,10.10.0.10,173.194.164.186,,,45082,443,0,37,17
1584616112.362976,173.194.164.186,10.10.0.10,,,443,45082,0,1358,17
1584616112.3722632,173.194.164.186,10.10.0.10,,,443,45082,0,1358,17
1584616112.3739688,10.10.0.10,173.194.164.186,,,45082,443,0,37,17
1584616112.3815331,173.194.164.186,10.10.0.10,,,443,45082,0,1358,17
1584616112.3908231,173.194.164.186,10.10.0.10,,,443,45082,0,1358,17
1584616112.393177,10.10.0.10,173.194.164.186,,,45082,443,0,37,17
1584616112.400093,173.194.164.186,10.10.0.10,,,443,45082,0,1358,17
1584616112.4093866,173.194.164.186,10.10.0.10,,,443,45082,0,1358,17
1584616112.4114842,10.10.0.10,173.194.164.186,,,45082,443,0,50,17
1584616112.418652,173.194.164.186,10.10.0.10,,,443,45082,0,1358,17
1584616112.4279482,173.194.164.186,10.10.0.10,,,443,45082,0,1358,17
1584616112.4295876,10.10.0.10,173.194.164.186,,,45082,443,0,37,17
1584616112.437216,173.194.164.186,10.10.0.10,,,443,45082,0,1358,17
1584616112.4465091,173.194.164.186,10.10.0.10,,,443,45082,0,1358,17
1584616112.4480898,10.10.0.10,173.194.164.186,,,45082,443,0,37,17
1584616112.4557722,173.194.164.186,10.10.0.10,,,443,45082,0,1358,17
1584616112.4650528,173.194.164.186,10.10.0.10,,,443,45082,0,1358,17
1584616112.4665885,10.10.0.10,173.194.164.186,,,45082,443,0,40,17
1584616112.474334,173.194.164.186,10.10.0.10,,,443,45082,0,1358,17
1584616112.47583,10.10.0.10,173.194.164.186,,,45082,443,0,40,17
1584616112.483633,173.194.164.186,10.10.0.10,,,443,45082,0,1358,17
1584616112.4852052,10.10.0.10,173.194.164.186,,,45082,443,0,40,17
1584616112.4928932,173.194.164.186,10.10.0.10,,,443,45082,0,1358,17
1584616112.495251,10.10.0.10,173.194.164.186,,,45082,443,0,40,17
1584616112.5021732,173.194.164.186,10.10.0.10,,,443,45082,0,1358,17
1584616112.5114539,173.194.164.186,10.10.0.10,,,443,45082,0,1358,17
1584616112.5131078,10.10.0.10,173.194.164.186,,,45082,443,0,40,17
1584616112.5207589,173.194.164.186,10.10.0.10,,,443,45082,0,1358,17
1584616112.530008,173.194.164.186,10.10.0.10,,,443,45082,0,1358,17
1584616112.532481,10.10.0.10,173.194.164.186,,,45082,443,0,40,17
1584616112.539294,173.194.164.186,10.10.0.10,,,443,45082,0,1358,17
1584616112.548573,173.194.164.186,10.10.0.10,,,443,45082,0,1358,17
1584616112.550585,10.10.0.10,173.194.164.186,,,45082,443,0,40,17
1584616112.5578544,173.194.164.186,10.10.0.10,,,443,45082,0,1358,17
1584616112.5671332,173.194.164.186,10.10.0.10,,,443,45082,0,1358,17
1584616112.5688338,10.10.0.10,173.194.164.186,,,45082,443,0,40,17
1584616112.576415,173.194.164.186,10.10.0.10,,,443,45082,0,1358,17
1584616112.5856931,173.194.164.186,10.10.0.10,,,443,45082,0,1358,17
1584616112.587464,10.10.0.10,173.194.164.186,,,45082,443,0,40,17
1584616112.594973,173.194.164.186,10.10.0.10,,,443,45082,0,1358,17
1584616112.604248,173.194.164.186,10.10.0.10,,,443,45082,0,1358,17
1584616112.6063561,10.10.0.10,173.194.164.186,,,45082,443,0,40,17
1584616112.613532,173.194.164.186,10.10.0.10,,,443,45082,0,1358,17
1584616112.622817,173.194.164.186,10.10.0.10,,,443,45082,0,1358,17
1584616112.624585,10.10.0.10,173.194.164.186,,,45082,443,0,40,17
1584616112.632094,173.194.164.186,10.10.0.10,,,443,45082,0,1358,17
1584616112.641368,173.194.164.186,10.10.0.10,,,443,45082,0,1358,17
1584616112.643112,10.10.0.10,173.194.164.186,,,45082,443,0,40,17
1584616112.6506536,173.194.164.186,10.10.0.10,,,443,45082,0,1358,17
1584616112.6599422,173.194.164.186,10.10.0.10,,,443,45082,0,1358,17
1584616112.6617296,10.10.0.10,173.194.164.186,,,45082,443,0,40,17
1584616112.6692178,173.194.164.186,10.10.0.10,,,443,45082,0,1358,17
1584616112.678504,173.194.164.186,10.10.0.10,,,443,45082,0,1358,17
1584616112.680224,10.10.0.10,173.194.164.186,,,45082,443,0,40,17
1584616112.6877751,173.194.164.186,10.10.0.10,,,443,45082,0,1358,17
1584616112.6970649,173.194.164.186,10.10.0.10,,,443,45082,0,1358,17
1584616112.700248,10.10.0.10,173.194.164.186,,,45082,443,0,40,17
1584616112.7063339,173.194.164.186,10.10.0.10,,,443,45082,0,1358,17
1584616112.715625,173.194.164.186,10.10.0.10,,,443,45082,0,1358,17
1584616112.7175732,10.10.0.10,173.194.164.186,,,45082,443,0,40,17
1584616112.724894,173.194.164.186,10.10.0.10,,,443,45082,0,1358,17
1584616112.734187,173.194.164.186,10.10.0.10,,,443,45082,0,1358,17
1584616112.7364776,10.10.0.10,173.194.164.186,,,45082,443,0,40,17
1584616112.743453,173.194.164.186,10.10.0.10,,,443,45082,0,1358,17
1584616112.7527502,173.194.164.186,10.10.0.10,,,443,45082,0,1358,17
1584616112.7547052,10.10.0.10,173.194.164.186,,,45082,443,0,53,17
1584616112.7620132,173.194.164.186,10.10.0.10,,,443,45082,0,1358,17
1584616112.7712932,173.194.164.186,10.10.0.10,,,443,45082,0,1358,17
1584616112.773098,10.10.0.10,173.194.164.186,,,45082,443,0,40,17
1584616112.780574,173.194.164.186,10.10.0.10,,,443,45082,0,1358,17
1584616112.7898738,173.194.164.186,10.10.0.10,,,443,45082,0,1358,17
1584616112.7915778,10.10.0.10,173.194.164.186,,,45082,443,0,40,17
1584616112.799136,173.194.164.186,10.10.0.10,,,443,45082,0,1358,17
1584616112.808413,173.194.164.186,10.10.0.10,,,443,45082,0,1358,17
1584616112.810224,10.10.0.10,173.194.164.186,,,45082,443,0,40,17
1584616112.8176944,173.194.164.186,10.10.0.10,,,443,45082,0,29,17
1584616112.8181279,173.194.164.186,10.10.0.10,,,443,45082,0,1358,17
1584616112.827392,173.194.164.186,10.10.0.10,,,443,45082,0,1358,17
1584616112.829071,10.10.0.10,173.194.164.186,,,45082,443,0,37,17
1584616112.8366866,173.194.164.186,10.10.0.10,,,443,45082,0,1358,17
1584616112.845958,173.194.164.186,10.10.0.10,,,443,45082,0,1358,17
1584616112.8477206,10.10.0.10,173.194.164.186,,,45082,443,0,37,17
1584616112.855247,173.194.164.186,10.10.0.10,,,443,45082,0,1358,17
1584616112.8645134,173.194.164.186,10.10.0.10,,,443,45082,0,1358,17
1584616112.8663492,10.10.0.10,173.194.164.186,,,45082,443,0,37,17
1584616112.8738098,173.194.164.186,10.10.0.10,,,443,45082,0,1358,17
1584616112.883075,173.194.164.186,10.10.0.10,,,443,45082,0,1358,17
1584616112.885473,10.10.0.10,173.194.164.186,,,45082,443,0,37,17
1584616112.8923721,173.194.164.186,10.10.0.10,,,443,45082,0,1358,17
1584616112.901632,173.194.164.186,10.10.0.10,,,443,45082,0,1358,17
1584616112.9033468,10.10.0.10,173.194.164.186,,,45082,443,0,37,17
1584616112.9109118,173.194.164.186,10.10.0.10,,,443,45082,0,1358,17
1584616112.9201958,173.194.164.186,10.10.0.10,,,443,45082,0,1358,17
1584616112.929494,173.194.164.186,10.10.0.10,,,443,45082,0,1358,17
1584616112.9387536,173.194.164.186,10.10.0.10,,,443,45082,0,1358,17
1584616112.9478,10.10.0.10,173.194.164.186,,,45082,443,0,37,17
1584616112.9480288,173.194.164.186,10.10.0.10,,,443,45082,0,1358,17
1584616112.9494526,10.10.0.10,173.194.164.186,,,45082,443,0,37,17
1584616112.957314,173.194.164.186,10.10.0.10,,,443,45082,0,1358,17
1584616112.959075,10.10.0.10,173.194.164.186,,,45082,443,0,37,17
1584616112.966592,173.194.164.186,10.10.0.10,,,443,45082,0,1358,17
1584616112.975874,173.194.164.186,10.10.0.10,,,443,45082,0,1358,17
1584616112.977841,10.10.0.10,173.194.164.186,,,45082,443,0,37,17
1584616112.985154,173.194.164.186,10.10.0.10,,,443,45082,0,1358,17
1584616112.9944382,173.194.164.186,10.10.0.10,,,443,45082,0,1358,17
1584616112.996967,10.10.0.10,173.194.164.186,,,45082,443,0,37,17
1584616113.0037134,173.194.164.186,10.10.0.10,,,443,45082,0,1358,17
1584616113.0129948,173.194.164.186,10.10.0.10,,,443,45082,0,1358,17
1584616113.014592,10.10.0.10,173.194.164.186,,,45082,443,0,37,17
1584616113.022274,173.194.164.186,10.10.0.10,,,443,45082,0,1358,17
1584616113.0315492,173.194.164.186,10.10.0.10,,,443,45082,0,1358,17
1584616113.0330372,10.10.0.10,173.194.164.186,,,45082,443,0,37,17
1584616113.0408282,173.194.164.186,10.10.0.10,,,443,45082,0,1358,17
1584616113.050111,173.194.164.186,10.10.0.10,,,443,45082,0,1358,17
1584616113.058033,10.10.0.10,173.194.164.186,,,45082,443,0,37,17
1584616113.0593884,173.194.164.186,10.10.0.10,,,443,45082,0,1358,17
1584616113.068667,173.194.164.186,10.10.0.10,,,443,45082,0,1358,17
1584616113.070916,10.10.0.10,173.194.164.186,,,45082,443,0,37,17
1584616113.0779526,173.194.164.186,10.10.0.10,,,443,45082,0,1358,17
1584616113.087242,173.194.164.186,10.10.0.10,,,443,45082,0,1358,17
1584616113.0889351,10.10.0.10,173.194.164.186,,,45082,443,0,37,17
1584616113.096515,173.194.164.186,10.10.0.10,,,443,45082,0,1358,17
1584616113.1057901,173.194.164.186,10.10.0.10,,,443,45082,0,1358,17
1584616113.1075716,10.10.0.10,173.194.164.186,,,45082,443,0,37,17
1584616113.115077,173.194.164.186,10.10.0.10,,,443,45082,0,1358,17
1584616113.1243482,173.194.164.186,10.10.0.10,,,443,45082,0,1358,17
1584616113.127039,10.10.0.10,173.194.164.186,,,45082,443,0,50,17
1584616113.133633,173.194.164.186,10.10.0.10,,,443,45082,0,1358,17
1584616113.1429286,173.194.164.186,10.10.0.10,,,443,45082,0,1358,17
1584616113.146688,10.10.0.10,173.194.164.186,,,45082,443,0,37,17
1584616113.15219,173.194.164.186,10.10.0.10,,,443,45082,0,1358,17
1584616113.161472,173.194.164.186,10.10.0.10,,,443,45082,0,1358,17
1584616113.163574,10.10.0.10,173.194.164.186,,,45082,443,0,37,17
1584616113.1707492,173.194.164.186,10.10.0.10,,,443,45082,0,1358,17
1584616113.180032,173.194.164.186,10.10.0.10,,,443,45082,0,1358,17
1584616113.181838,10.10.0.10,173.194.164.186,,,45082,443,0,37,17
1584616113.1893158,173.194.164.186,10.10.0.10,,,443,45082,0,1358,17
1584616113.198591,173.194.164.186,10.10.0.10,,,443,45082,0,1358,17
1584616113.2001634,10.10.0.10,173.194.164.186,,,45082,443,0,37,17
1584616113.20787,173.194.164.186,10.10.0.10,,,443,45082,0,1358,17
1584616113.217145,173.194.164.186,10.10.0.10,,,443,45082,0,1358,17
1584616113.2186918,10.10.0.10,173.194.164.186,,,45082,443,0,37,17
1584616113.226435,173.194.164.186,10.10.0.10,,,443,45082,0,1358,17
1584616113.2357082,173.194.164.186,10.10.0.10,,,443,45082,0,1358,17
1584616113.2385259,10.10.0.10,173.194.164.186,,,45082,443,0,37,17
1584616113.2449882,173.194.164.186,10.10.0.10,,,443,45082,0,1358,17
1584616113.254286,173.194.164.186,10.10.0.10,,,443,45082,0,1358,17
1584616113.255977,10.10.0.10,173.194.164.186,,,45082,443,0,37,17
1584616113.263559,173.194.164.186,10.10.0.10,,,443,45082,0,1358,17
1584616113.273518,173.194.164.186,10.10.0.10,,,443,45082,0,1358,17
1584616113.275337,10.10.0.10,173.194.164.186,,,45082,443,0,37,17
1584616113.282799,173.194.164.186,10.10.0.10,,,443,45082,0,1358,17
1584616113.292075,173.194.164.186,10.10.0.10,,,443,45082,0,1358,17
1584616113.2938359,10.10.0.10,173.194.164.186,,,45082,443,0,37,17
1584616113.30136,173.194.164.186,10.10.0.10,,,443,45082,0,1358,17
1584616113.3106391,173.194.164.186,10.10.0.10,,,443,45082,0,1358,17
1584616113.31217,10.10.0.10,173.194.164.186,,,45082,443,0,37,17
1584616113.3199332,173.194.164.186,10.10.0.10,,,443,45082,0,1358,17
1584616113.3292,173.194.164.186,10.10.0.10,,,443,45082,0,1358,17
1584616113.3330438,10.10.0.10,173.194.164.186,,,45082,443,0,37,17
1584616113.338485,173.194.164.186,10.10.0.10,,,443,45082,0,1358,17
1584616113.34776,173.194.164.186,10.10.0.10,,,443,45082,0,1358,17
1584616113.3494372,10.10.0.10,173.194.164.186,,,45082,443,0,37,17
1584616113.3570461,173.194.164.186,10.10.0.10,,,443,45082,0,1358,17
1584616113.366319,173.194.164.186,10.10.0.10,,,443,45082,0,1358,17
1584616113.368084,10.10.0.10,173.194.164.186,,,45082,443,0,37,17
1584616113.3756099,173.194.164.186,10.10.0.10,,,443,45082,0,1358,17
1584616113.38488,173.194.164.186,10.10.0.10,,,443,45082,0,1358,17
1584616113.3868108,10.10.0.10,173.194.164.186,,,45082,443,0,37,17
1584616113.3941689,173.194.164.186,10.10.0.10,,,443,45082,0,1358,17
1584616113.403435,173.194.164.186,10.10.0.10,,,443,45082,0,1358,17
1584616113.404929,10.10.0.10,173.194.164.186,,,45082,443,0,37,17
1584616113.412734,173.194.164.186,10.10.0.10,,,443,45082,0,1358,17
1584616113.4220002,173.194.164.186,10.10.0.10,,,443,45082,0,1358,17
1584616113.424685,10.10.0.10,173.194.164.186,,,45082,443,0,37,17
1584616113.431293,173.194.164.186,10.10.0.10,,,443,45082,0,1358,17
1584616113.4405591,173.194.164.186,10.10.0.10,,,443,45082,0,1358,17
1584616113.4431858,10.10.0.10,173.194.164.186,,,45082,443,0,37,17
1584616113.449854,173.194.164.186,10.10.0.10,,,443,45082,0,1358,17
1584616113.459126,173.194.164.186,10.10.0.10,,,443,45082,0,1358,17
1584616113.4605598,10.10.0.10,173.194.164.186,,,45082,443,0,37,17
1584616113.468417,173.194.164.186,10.10.0.10,,,443,45082,0,1358,17
1584616113.47768,173.194.164.186,10.10.0.10,,,443,45082,0,1358,17
1584616113.479184,10.10.0.10,173.194.164.186,,,45082,443,0,37,17
1584616113.4869788,173.194.164.186,10.10.0.10,,,443,45082,0,1358,17
1584616113.4962401,173.194.164.186,10.10.0.10,,,443,45082,0,1358,17
1584616113.4978304,10.10.0.10,173.194.164.186,,,45082,443,0,50,17
1584616113.505523,173.194.164.186,10.10.0.10,,,443,45082,0,1358,17
1584616113.514801,173.194.164.186,10.10.0.10,,,443,45082,0,1358,17
1584616113.5163078,10.10.0.10,173.194.164.186,,,45082,443,0,37,17
1584616113.52408,173.194.164.186,10.10.0.10,,,443,45082,0,1358,17
1584616113.53336,173.194.164.186,10.10.0.10,,,443,45082,0,1358,17
1584616113.536187,10.10.0.10,173.194.164.186,,,45082,443,0,37,17
1584616113.54264,173.194.164.186,10.10.0.10,,,443,45082,0,1358,17
1584616113.551933,173.194.164.186,10.10.0.10,,,443,45082,0,29,17
1584616113.552334,173.194.164.186,10.10.0.10,,,443,45082,0,1358,17
1584616113.5538268,10.10.0.10,173.194.164.186,,,45082,443,0,37,17
1584616113.5616212,173.194.164.186,10.10.0.10,,,443,45082,0,1358,17
1584616113.570914,173.194.164.186,10.10.0.10,,,443,45082,0,1358,17
1584616113.5725448,10.10.0.10,173.194.164.186,,,45082,443,0,37,17
1584616113.580186,173.194.164.186,10.10.0.10,,,443,45082,0,1358,17
1584616113.5894828,173.194.164.186,10.10.0.10,,,443,45082,0,1358,17
1584616113.591182,10.10.0.10,173.194.164.186,,,45082,443,0,37,17
1584616113.598741,173.194.164.186,10.10.0.10,,,443,45082,0,1358,17
1584616113.6080198,173.194.164.186,10.10.0.10,,,443,45082,0,1358,17
1584616113.6095572,10.10.0.10,173.194.164.186,,,45082,443,0,37,17
1584616113.6173012,173.194.164.186,10.10.0.10,,,443,45082,0,1358,17
1584616113.6266,173.194.164.186,10.10.0.10,,,443,45082,0,1358,17
1584616113.628201,10.10.0.10,173.194.164.186,,,45082,443,0,37,17
1584616113.6358619,173.194.164.186,10.10.0.10,,,443,45082,0,1358,17
1584616113.6451411,173.194.164.186,10.10.0.10,,,443,45082,0,1358,17
1584616113.647076,10.10.0.10,173.194.164.186,,,45082,443,0,37,17
1584616113.65442,173.194.164.186,10.10.0.10,,,443,45082,0,1358,17
1584616113.663698,173.194.164.186,10.10.0.10,,,443,45082,0,1358,17
1584616113.6655538,10.10.0.10,173.194.164.186,,,45082,443,0,37,17
1584616113.672983,173.194.164.186,10.10.0.10,,,443,45082,0,1358,17
1584616113.6822598,173.194.164.186,10.10.0.10,,,443,45082,0,1358,17
1584616113.6839502,10.10.0.10,173.194.164.186,,,45082,443,0,37,17
1584616113.6915412,173.194.164.186,10.10.0.10,,,443,45082,0,1358,17
1584616113.7008195,173.194.164.186,10.10.0.10,,,443,45082,0,1358,17
1584616113.702677,10.10.0.10,173.194.164.186,,,45082,443,0,37,17
1584616113.7101,173.194.164.186,10.10.0.10,,,443,45082,0,1358,17
1584616113.719378,173.194.164.186,10.10.0.10,,,443,45082,0,1358,17
1584616113.7209196,10.10.0.10,173.194.164.186,,,45082,443,0,37,17
1584616113.728659,173.194.164.186,10.10.0.10,,,443,45082,0,1358,17
1584616113.7379394,173.194.164.186,10.10.0.10,,,443,45082,0,1358,17
1584616113.7416694,10.10.0.10,173.194.164.186,,,45082,443,0,37,17
1584616113.747224,173.194.164.186,10.10.0.10,,,443,45082,0,1358,17
1584616113.7564998,173.194.164.186,10.10.0.10,,,443,45082,0,1358,17
1584616113.75845,10.10.0.10,173.194.164.186,,,45082,443,0,37,17
1584616113.765784,173.194.164.186,10.10.0.10,,,443,45082,0,1358,17
1584616113.775065,173.194.164.186,10.10.0.10,,,443,45082,0,1358,17
1584616113.776819,10.10.0.10,173.194.164.186,,,45082,443,0,37,17
1584616113.7843482,173.194.164.186,10.10.0.10,,,443,45082,0,1358,17
1584616113.793621,173.194.164.186,10.10.0.10,,,443,45082,0,1358,17
1584616113.795569,10.10.0.10,173.194.164.186,,,45082,443,0,37,17
1584616113.802907,173.194.164.186,10.10.0.10,,,443,45082,0,1358,17
1584616113.812175,173.194.164.186,10.10.0.10,,,443,45082,0,1358,17
1584616113.8139162,10.10.0.10,173.194.164.186,,,45082,443,0,37,17
1584616113.821455,173.194.164.186,10.10.0.10,,,443,45082,0,1358,17
1584616113.8307388,173.194.164.186,10.10.0.10,,,443,45082,0,1358,17
1584616113.8324444,10.10.0.10,173.194.164.186,,,45082,443,0,37,17
1584616113.840015,173.194.164.186,10.10.0.10,,,443,45082,0,1358,17
1584616113.849303,173.194.164.186,10.10.0.10,,,443,45082,0,1358,17
1584616113.851318,10.10.0.10,173.194.164.186,,,45082,443,0,37,17
1584616113.858592,173.194.164.186,10.10.0.10,,,443,45082,0,1358,17
1584616113.8678598,173.194.164.186,10.10.0.10,,,443,45082,0,1358,17
1584616113.869672,10.10.0.10,173.194.164.186,,,45082,443,0,50,17
1584616113.8771558,173.194.164.186,10.10.0.10,,,443,45082,0,1358,17
1584616113.8864198,173.194.164.186,10.10.0.10,,,443,45082,0,1358,17
1584616113.888193,10.10.0.10,173.194.164.186,,,45082,443,0,37,17
1584616113.895716,173.194.164.186,10.10.0.10,,,443,45082,0,1358,17
1584616113.9049811,173.194.164.186,10.10.0.10,,,443,45082,0,1358,17
1584616113.9067962,10.10.0.10,173.194.164.186,,,45082,443,0,37,17
1584616113.91426,173.194.164.186,10.10.0.10,,,443,45082,0,1358,17
1584616113.92354,173.194.164.186,10.10.0.10,,,443,45082,0,1358,17
1584616113.925427,10.10.0.10,173.194.164.186,,,45082,443,0,37,17
1584616113.932818,173.194.164.186,10.10.0.10,,,443,45082,0,29,17
1584616113.933239,173.194.164.186,10.10.0.10,,,443,45082,0,1358,17
1584616113.9425151,173.194.164.186,10.10.0.10,,,443,45082,0,1358,17
1584616113.945298,10.10.0.10,173.194.164.186,,,45082,443,0,37,17
1584616113.9518,173.194.164.186,10.10.0.10,,,443,45082,0,1358,17
1584616113.9610932,173.194.164.186,10.10.0.10,,,443,45082,0,1358,17
1584616113.9629412,10.10.0.10,173.194.164.186,,,45082,443,0,37,17
1584616113.97036,173.194.164.186,10.10.0.10,,,443,45082,0,1358,17
1584616113.979652,173.194.164.186,10.10.0.10,,,443,45082,0,1358,17
1584616113.981296,10.10.0.10,173.194.164.186,,,45082,443,0,37,17
1584616113.98892,173.194.164.186,10.10.0.10,,,443,45082,0,1358,17
1584616113.998213,173.194.164.186,10.10.0.10,,,443,45082,0,1358,17
1584616113.999941,10.10.0.10,173.194.164.186,,,45082,443,0,37,17
1584616114.007479,173.194.164.186,10.10.0.10,,,443,45082,0,1358,17
1584616114.016776,173.194.164.186,10.10.0.10,,,443,45082,0,1358,17
1584616114.018543,10.10.0.10,173.194.164.186,,,45082,443,0,37,17
1584616114.026041,173.194.164.186,10.10.0.10,,,443,45082,0,1358,17
1584616114.035337,173.194.164.186,10.10.0.10,,,443,45082,0,1358,17
1584616114.0371866,10.10.0.10,173.194.164.186,,,45082,443,0,37,17
1584616114.044598,173.194.164.186,10.10.0.10,,,443,45082,0,1358,17
1584616114.0538852,173.194.164.186,10.10.0.10,,,443,45082,0,1358,17
1584616114.05567,10.10.0.10,173.194.164.186,,,45082,443,0,37,17
1584616114.06316,173.194.164.186,10.10.0.10,,,443,45082,0,1358,17
1584616114.0724359,173.194.164.186,10.10.0.10,,,443,45082,0,1358,17
1584616114.074297,10.10.0.10,173.194.164.186,,,45082,443,0,37,17
1584616114.081719,173.194.164.186,10.10.0.10,,,443,45082,0,1358,17
1584616114.0910141,173.194.164.186,10.10.0.10,,,443,45082,0,1358,17
1584616114.0928998,10.10.0.10,173.194.164.186,,,45082,443,0,37,17
1584616114.1002738,173.194.164.186,10.10.0.10,,,443,45082,0,1358,17
1584616114.1095526,173.194.164.186,10.10.0.10,,,443,45082,0,1358,17
1584616114.111161,10.10.0.10,173.194.164.186,,,45082,443,0,37,17
1584616114.1188428,173.194.164.186,10.10.0.10,,,443,45082,0,1358,17
1584616114.128115,173.194.164.186,10.10.0.10,,,443,45082,0,1358,17
1584616114.1298108,10.10.0.10,173.194.164.186,,,45082,443,0,37,17
1584616114.137395,173.194.164.186,10.10.0.10,,,443,45082,0,1358,17
1584616114.146674,173.194.164.186,10.10.0.10,,,443,45082,0,1358,17
1584616114.1501591,10.10.0.10,173.194.164.186,,,45082,443,0,37,17
1584616114.1559598,173.194.164.186,10.10.0.10,,,443,45082,0,1358,17
1584616114.1652372,173.194.164.186,10.10.0.10,,,443,45082,0,1358,17
1584616114.1670392,10.10.0.10,173.194.164.186,,,45082,443,0,37,17
1584616114.1745148,173.194.164.186,10.10.0.10,,,443,45082,0,1358,17
1584616114.183794,173.194.164.186,10.10.0.10,,,443,45082,0,1358,17
1584616114.186007,10.10.0.10,173.194.164.186,,,45082,443,0,37,17
1584616114.1930852,173.194.164.186,10.10.0.10,,,443,45082,0,1358,17
1584616114.202354,173.194.164.186,10.10.0.10,,,443,45082,0,1358,17
1584616114.211633,173.194.164.186,10.10.0.10,,,443,45082,0,1358,17
1584616114.2209132,173.194.164.186,10.10.0.10,,,443,45082,0,1358,17
1584616114.229508,10.10.0.10,173.194.164.186,,,45082,443,0,37,17
1584616114.2301972,173.194.164.186,10.10.0.10,,,443,45082,0,1358,17
1584616114.2312472,10.10.0.10,173.194.164.186,,,45082,443,0,37,17
1584616114.2394738,173.194.164.186,10.10.0.10,,,443,45082,0,1358,17
1584616114.2421432,10.10.0.10,173.194.164.186,,,45082,443,0,50,17
1584616114.248754,173.194.164.186,10.10.0.10,,,443,45082,0,1358,17
1584616114.258041,173.194.164.186,10.10.0.10,,,443,45082,0,29,17
1584616114.258452,173.194.164.186,10.10.0.10,,,443,45082,0,1358,17
1584616114.2599974,10.10.0.10,173.194.164.186,,,45082,443,0,37,17
1584616114.267737,173.194.164.186,10.10.0.10,,,443,45082,0,1358,17
1584616114.277014,173.194.164.186,10.10.0.10,,,443,45082,0,1358,17
1584616114.2788932,10.10.0.10,173.194.164.186,,,45082,443,0,37,17
1584616114.2862918,173.194.164.186,10.10.0.10,,,443,45082,0,1358,17
1584616114.295583,173.194.164.186,10.10.0.10,,,443,45082,0,1358,17
1584616114.297182,10.10.0.10,173.194.164.186,,,45082,443,0,37,17
1584616114.3048599,173.194.164.186,10.10.0.10,,,443,45082,0,1358,17
1584616114.314143,173.194.164.186,10.10.0.10,,,443,45082,0,1358,17
1584616114.3158052,10.10.0.10,173.194.164.186,,,45082,443,0,37,17
1584616114.323421,173.194.164.186,10.10.0.10,,,443,45082,0,1358,17
1584616114.332706,173.194.164.186,10.10.0.10,,,443,45082,0,1358,17
1584616114.3342881,10.10.0.10,173.194.164.186,,,45082,443,0,37,17
1584616114.3419788,173.194.164.186,10.10.0.10,,,443,45082,0,1358,17
1584616114.3512669,173.194.164.186,10.10.0.10,,,443,45082,0,1358,17
1584616114.352783,10.10.0.10,173.194.164.186,,,45082,443,0,37,17
1584616114.3605402,173.194.164.186,10.10.0.10,,,443,45082,0,1358,17
1584616114.369831,173.194.164.186,10.10.0.10,,,443,45082,0,1358,17
1584616114.3715582,10.10.0.10,173.194.164.186,,,45082,443,0,37,17
1584616114.3790991,173.194.164.186,10.10.0.10,,,443,45082,0,1358,17
1584616114.388374,173.194.164.186,10.10.0.10,,,443,45082,0,1358,17
1584616114.3903027,10.10.0.10,173.194.164.186,,,45082,443,0,37,17
1584616114.3976605,173.194.164.186,10.10.0.10,,,443,45082,0,1358,17
1584616114.406935,173.194.164.186,10.10.0.10,,,443,45082,0,1358,17
1584616114.408927,10.10.0.10,173.194.164.186,,,45082,443,0,37,17
1584616114.416219,173.194.164.186,10.10.0.10,,,443,45082,0,1358,17
1584616114.425515,173.194.164.186,10.10.0.10,,,443,45082,0,1358,17
1584616114.427408,10.10.0.10,173.194.164.186,,,45082,443,0,37,17
1584616114.434779,173.194.164.186,10.10.0.10,,,443,45082,0,1358,17
1584616114.444058,173.194.164.186,10.10.0.10,,,443,45082,0,1358,17
1584616114.4455302,10.10.0.10,173.194.164.186,,,45082,443,0,37,17
1584616114.453341,173.194.164.186,10.10.0.10,,,443,45082,0,1358,17
1584616114.4626212,173.194.164.186,10.10.0.10,,,443,45082,0,1358,17
1584616114.4641638,10.10.0.10,173.194.164.186,,,45082,443,0,37,17
1584616114.4718988,173.194.164.186,10.10.0.10,,,443,45082,0,1358,17
1584616114.4812,173.194.164.186,10.10.0.10,,,443,45082,0,1358,17
1584616114.4827802,10.10.0.10,173.194.164.186,,,45082,443,0,37,17
1584616114.4904602,173.194.164.186,10.10.0.10,,,443,45082,0,1358,17
1584616114.499741,173.194.164.186,10.10.0.10,,,443,45082,0,1358,17
1584616114.501299,10.10.0.10,173.194.164.186,,,45082,443,0,37,17
1584616114.5090199,173.194.164.186,10.10.0.10,,,443,45082,0,1358,17
1584616114.5182981,173.194.164.186,10.10.0.10,,,443,45082,0,1358,17
1584616114.519779,10.10.0.10,173.194.164.186,,,45082,443,0,37,17
1584616114.5275812,173.194.164.186,10.10.0.10,,,443,45082,0,1358,17
1584616114.5368602,173.194.164.186,10.10.0.10,,,443,45082,0,1358,17
1584616114.5385182,10.10.0.10,173.194.164.186,,,45082,443,0,37,17
1584616114.5461388,173.194.164.186,10.10.0.10,,,443,45082,0,1358,17
1584616114.5554204,173.194.164.186,10.10.0.10,,,443,45082,0,1358,17
1584616114.557049,10.10.0.10,173.194.164.186,,,45082,443,0,40,17
1584616114.564698,173.194.164.186,10.10.0.10,,,443,45082,0,1358,17
1584616114.5664039,10.10.0.10,173.194.164.186,,,45082,443,0,40,17
1584616114.573983,173.194.164.186,10.10.0.10,,,443,45082,0,1358,17
1584616114.575651,10.10.0.10,173.194.164.186,,,45082,443,0,40,17
1584616114.58326,173.194.164.186,10.10.0.10,,,443,45082,0,1358,17
1584616114.584926,10.10.0.10,173.194.164.186,,,45082,443,0,53,17
1584616114.5925405,173.194.164.186,10.10.0.10,,,443,45082,0,1358,17
1584616114.601824,173.194.164.186,10.10.0.10,,,443,45082,0,1358,17
1584616114.6040292,10.10.0.10,173.194.164.186,,,45082,443,0,40,17
1584616114.6111002,173.194.164.186,10.10.0.10,,,443,45082,0,29,17
1584616114.611524,173.194.164.186,10.10.0.10,,,443,45082,0,1358,17
1584616114.6208212,173.194.164.186,10.10.0.10,,,443,45082,0,1358,17
1584616114.622548,10.10.0.10,173.194.164.186,,,45082,443,0,37,17
1584616114.63008,173.194.164.186,10.10.0.10,,,443,45082,0,1358,17
1584616114.6393619,173.194.164.186,10.10.0.10,,,443,45082,0,1358,17
1584616114.64569,10.10.0.10,173.194.164.186,,,45082,443,0,37,17
1584616114.648639,173.194.164.186,10.10.0.10,,,443,45082,0,1358,17
1584616114.657918,173.194.164.186,10.10.0.10,,,443,45082,0,1358,17
1584616114.659514,10.10.0.10,173.194.164.186,,,45082,443,0,37,17
1584616114.6671982,173.194.164.186,10.10.0.10,,,443,45082,0,1358,17
1584616114.67648,173.194.164.186,10.10.0.10,,,443,45082,0,1358,17
1584616114.6785526,10.10.0.10,173.194.164.186,,,45082,443,0,37,17
1584616114.685761,173.194.164.186,10.10.0.10,,,443,45082,0,1358,17
1584616114.695042,173.194.164.186,10.10.0.10,,,443,45082,0,1358,17
1584616114.6967778,10.10.0.10,173.194.164.186,,,45082,443,0,37,17
1584616114.7043252,173.194.164.186,10.10.0.10,,,443,45082,0,1358,17
1584616114.7136009,173.194.164.186,10.10.0.10,,,443,45082,0,1358,17
1584616114.715274,10.10.0.10,173.194.164.186,,,45082,443,0,37,17
1584616114.722881,173.194.164.186,10.10.0.10,,,443,45082,0,1358,17
1584616114.7321591,173.194.164.186,10.10.0.10,,,443,45082,0,1358,17
1584616114.7338982,10.10.0.10,173.194.164.186,,,45082,443,0,37,17
1584616114.74144,173.194.164.186,10.10.0.10,,,443,45082,0,1358,17
1584616114.750721,173.194.164.186,10.10.0.10,,,443,45082,0,1358,17
1584616114.7524161,10.10.0.10,173.194.164.186,,,45082,443,0,37,17
1584616114.759998,173.194.164.186,10.10.0.10,,,443,45082,0,1358,17
1584616114.769282,173.194.164.186,10.10.0.10,,,443,45082,0,1358,17
1584616114.771169,10.10.0.10,173.194.164.186,,,45082,443,0,37,17
1584616114.778569,173.194.164.186,10.10.0.10,,,443,45082,0,1358,17
1584616114.787835,173.194.164.186,10.10.0.10,,,443,45082,0,1358,17
1584616114.789405,10.10.0.10,173.194.164.186,,,45082,443,0,37,17
1584616114.79713,173.194.164.186,10.10.0.10,,,443,45082,0,1358,17
1584616114.806399,173.194.164.186,10.10.0.10,,,443,45082,0,1358,17
1584616114.80929,10.10.0.10,173.194.164.186,,,45082,443,0,37,17
1584616114.8156931,173.194.164.186,10.10.0.10,,,443,45082,0,1358,17
1584616114.824959,173.194.164.186,10.10.0.10,,,443,45082,0,1358,17
1584616114.8265214,10.10.0.10,173.194.164.186,,,45082,443,0,37,17
1584616114.834235,173.194.164.186,10.10.0.10,,,443,45082,0,1358,17
1584616114.8435225,173.194.164.186,10.10.0.10,,,443,45082,0,1358,17
1584616114.845288,10.10.0.10,173.194.164.186,,,45082,443,0,37,17
1584616114.852799,173.194.164.186,10.10.0.10,,,443,45082,0,1358,17
1584616114.862076,173.194.164.186,10.10.0.10,,,443,45082,0,1358,17
1584616114.863671,10.10.0.10,173.194.164.186,,,45082,443,0,37,17
1584616114.8713732,173.194.164.186,10.10.0.10,,,443,45082,0,1358,17
1584616114.880642,173.194.164.186,10.10.0.10,,,443,45082,0,1358,17
1584616114.8821638,10.10.0.10,173.194.164.186,,,45082,443,0,37,17
1584616114.889937,173.194.164.186,10.10.0.10,,,443,45082,0,1358,17
1584616114.899198,173.194.164.186,10.10.0.10,,,443,45082,0,761,17
1584616114.9006429,10.10.0.10,173.194.164.186,,,45082,443,0,37,17
1584616115.7205212,10.10.0.10,173.194.164.186,,,45082,443,0,717,17
1584616115.720553,10.10.0.10,173.194.164.186,,,45082,443,0,48,17
1584616115.724494,173.194.164.186,10.10.0.10,,,443,45082,0,29,17
1584616115.7245288,173.194.164.186,10.10.0.10,,,443,45082,0,108,17
1584616115.724791,173.194.164.186,10.10.0.10,,,443,45082,0,1358,17
1584616115.7248268,173.194.164.186,10.10.0.10,,,443,45082,0,1358,17
1584616115.7267652,10.10.0.10,173.194.164.186,,,45082,443,0,37,17
1584616115.733762,173.194.164.186,10.10.0.10,,,443,45082,0,1358,17
1584616115.7361412,10.10.0.10,173.194.164.186,,,45082,443,0,37,17
1584616115.743043,173.194.164.186,10.10.0.10,,,443,45082,0,1358,17
1584616115.752335,173.194.164.186,10.10.0.10,,,443,45082,0,1358,17
1584616115.754145,10.10.0.10,173.194.164.186,,,45082,443,0,37,17
1584616115.7616036,173.194.164.186,10.10.0.10,,,443,45082,0,1358,17
1584616115.7708838,173.194.164.186,10.10.0.10,,,443,45082,0,1358,17
1584616115.773242,10.10.0.10,173.194.164.186,,,45082,443,0,37,17
1584616115.780169,173.194.164.186,10.10.0.10,,,443,45082,0,1358,17
1584616115.7894428,173.194.164.186,10.10.0.10,,,443,45082,0,1358,17
1584616115.79124,10.10.0.10,173.194.164.186,,,45082,443,0,37,17
1584616115.798726,173.194.164.186,10.10.0.10,,,443,45082,0,1358,17
1584616115.808004,173.194.164.186,10.10.0.10,,,443,45082,0,1358,17
1584616115.8101351,10.10.0.10,173.194.164.186,,,45082,443,0,37,17
1584616115.8172908,173.194.164.186,10.10.0.10,,,443,45082,0,1358,17
1584616115.8265634,173.194.164.186,10.10.0.10,,,443,45082,0,1358,17
1584616115.8286202,10.10.0.10,173.194.164.186,,,45082,443,0,37,17
1584616115.835839,173.194.164.186,10.10.0.10,,,443,45082,0,1358,17
1584616115.8451238,173.194.164.186,10.10.0.10,,,443,45082,0,1358,17
1584616115.8468852,10.10.0.10,173.194.164.186,,,45082,443,0,37,17
1584616115.854413,173.194.164.186,10.10.0.10,,,443,45082,0,1358,17
1584616115.863683,173.194.164.186,10.10.0.10,,,443,45082,0,1358,17
1584616115.8653831,10.10.0.10,173.194.164.186,,,45082,443,0,37,17
1584616115.8729732,173.194.164.186,10.10.0.10,,,443,45082,0,1358,17
1584616115.882243,173.194.164.186,10.10.0.10,,,443,45082,0,1358,17
1584616115.884767,10.10.0.10,173.194.164.186,,,45082,443,0,37,17
1584616115.891537,173.194.164.186,10.10.0.10,,,443,45082,0,1358,17
1584616115.9008052,173.194.164.186,10.10.0.10,,,443,45082,0,1358,17
1584616115.902368,10.10.0.10,173.194.164.186,,,45082,443,0,37,17
1584616115.9100974,173.194.164.186,10.10.0.10,,,443,45082,0,1358,17
1584616115.9193635,173.194.164.186,10.10.0.10,,,443,45082,0,1358,17
1584616115.9208634,10.10.0.10,173.194.164.186,,,45082,443,0,37,17
1584616115.928658,173.194.164.186,10.10.0.10,,,443,45082,0,1358,17
1584616115.937923,173.194.164.186,10.10.0.10,,,443,45082,0,1358,17
1584616115.9397562,10.10.0.10,173.194.164.186,,,45082,443,0,37,17
1584616115.947206,173.194.164.186,10.10.0.10,,,443,45082,0,1358,17
1584616115.9564838,173.194.164.186,10.10.0.10,,,443,45082,0,1358,17
1584616115.9577448,10.10.0.10,173.194.164.186,,,45082,443,0,725,17
1584616115.958111,10.10.0.10,173.194.164.186,,,45082,443,0,55,17
1584616115.9657822,173.194.164.186,10.10.0.10,,,443,45082,0,1358,17
1584616115.9750438,173.194.164.186,10.10.0.10,,,443,45082,0,1358,17
1584616115.9775062,10.10.0.10,173.194.164.186,,,45082,443,0,37,17
1584616115.9843225,173.194.164.186,10.10.0.10,,,443,45082,0,1358,17
1584616115.993604,173.194.164.186,10.10.0.10,,,443,45082,0,1358,17
1584616115.995512,10.10.0.10,173.194.164.186,,,45082,443,0,37,17
1584616116.0029054,173.194.164.186,10.10.0.10,,,443,45082,0,1358,17
1584616116.0121582,173.194.164.186,10.10.0.10,,,443,45082,0,1358,17
1584616116.0138595,10.10.0.10,173.194.164.186,,,45082,443,0,37,17
1584616116.021443,173.194.164.186,10.10.0.10,,,443,45082,0,29,17
1584616116.0218651,173.194.164.186,10.10.0.10,,,443,45082,0,1358,17
1584616116.0311599,173.194.164.186,10.10.0.10,,,443,45082,0,1358,17
1584616116.0328786,10.10.0.10,173.194.164.186,,,45082,443,0,37,17
1584616116.0404198,173.194.164.186,10.10.0.10,,,443,45082,0,1358,17
1584616116.0497172,173.194.164.186,10.10.0.10,,,443,45082,0,1358,17
1584616116.051504,10.10.0.10,173.194.164.186,,,45082,443,0,37,17
1584616116.058983,173.194.164.186,10.10.0.10,,,443,45082,0,1358,17
1584616116.0682821,173.194.164.186,10.10.0.10,,,443,45082,0,1358,17
1584616116.069983,10.10.0.10,173.194.164.186,,,45082,443,0,37,17
1584616116.077544,173.194.164.186,10.10.0.10,,,443,45082,0,1358,17
1584616116.086839,173.194.164.186,10.10.0.10,,,443,45082,0,1358,17
1584616116.0888634,10.10.0.10,173.194.164.186,,,45082,443,0,37,17
1584616116.0961,173.194.164.186,10.10.0.10,,,443,45082,0,1358,17
1584616116.105389,173.194.164.186,10.10.0.10,,,443,45082,0,1358,17
1584616116.1069868,10.10.0.10,173.194.164.186,,,45082,443,0,37,17
1584616116.1146612,173.194.164.186,10.10.0.10,,,443,45082,0,1358,17
1584616116.123948,173.194.164.186,10.10.0.10,,,443,45082,0,1358,17
1584616116.1273446,10.10.0.10,173.194.164.186,,,45082,443,0,37,17
1584616116.1332178,173.194.164.186,10.10.0.10,,,443,45082,0,1358,17
1584616116.1425116,173.194.164.186,10.10.0.10,,,443,45082,0,1358,17
1584616116.1442401,10.10.0.10,173.194.164.186,,,45082,443,0,37,17
1584616116.151783,173.194.164.186,10.10.0.10,,,443,45082,0,1358,17
1584616116.161058,173.194.164.186,10.10.0.10,,,443,45082,0,1358,17
1584616116.16257,10.10.0.10,173.194.164.186,,,45082,443,0,37,17
1584616116.170336,173.194.164.186,10.10.0.10,,,443,45082,0,1358,17
1584616116.1796372,173.194.164.186,10.10.0.10,,,443,45082,0,1358,17
1584616116.181995,10.10.0.10,173.194.164.186,,,45082,443,0,37,17
1584616116.1888974,173.194.164.186,10.10.0.10,,,443,45082,0,1358,17
1584616116.198184,173.194.164.186,10.10.0.10,,,443,45082,0,1358,17
1584616116.199854,10.10.0.10,173.194.164.186,,,45082,443,0,37,17
1584616116.2074661,173.194.164.186,10.10.0.10,,,443,45082,0,1358,17
1584616116.216741,173.194.164.186,10.10.0.10,,,443,45082,0,1358,17
1584616116.2184489,10.10.0.10,173.194.164.186,,,45082,443,0,37,17
1584616116.226018,173.194.164.186,10.10.0.10,,,443,45082,0,1358,17
1584616116.235297,173.194.164.186,10.10.0.10,,,443,45082,0,1358,17
1584616116.237709,10.10.0.10,173.194.164.186,,,45082,443,0,37,17
1584616116.244586,173.194.164.186,10.10.0.10,,,443,45082,0,1358,17
1584616116.253869,173.194.164.186,10.10.0.10,,,443,45082,0,1358,17
1584616116.255471,10.10.0.10,173.194.164.186,,,45082,443,0,37,17
1584616116.2631388,173.194.164.186,10.10.0.10,,,443,45082,0,1358,17
1584616116.272418,173.194.164.186,10.10.0.10,,,443,45082,0,1358,17
1584616116.273957,10.10.0.10,173.194.164.186,,,45082,443,0,37,17
1584616116.281701,173.194.164.186,10.10.0.10,,,443,45082,0,1358,17
1584616116.290982,173.194.164.186,10.10.0.10,,,443,45082,0,1358,17
1584616116.293622,10.10.0.10,173.194.164.186,,,45082,443,0,37,17
1584616116.300261,173.194.164.186,10.10.0.10,,,443,45082,0,1358,17
1584616116.3095398,173.194.164.186,10.10.0.10,,,443,45082,0,1358,17
1584616116.3112285,10.10.0.10,173.194.164.186,,,45082,443,0,37,17
1584616116.3188179,173.194.164.186,10.10.0.10,,,443,45082,0,1358,17
1584616116.3280964,173.194.164.186,10.10.0.10,,,443,45082,0,1358,17
1584616116.329749,10.10.0.10,173.194.164.186,,,45082,443,0,50,17
1584616116.337399,173.194.164.186,10.10.0.10,,,443,45082,0,1358,17
1584616116.346663,173.194.164.186,10.10.0.10,,,443,45082,0,1358,17
1584616116.3489778,10.10.0.10,173.194.164.186,,,45082,443,0,37,17
1584616116.3559456,173.194.164.186,10.10.0.10,,,443,45082,0,1358,17
1584616116.365225,173.194.164.186,10.10.0.10,,,443,45082,0,1358,17
1584616116.36685,10.10.0.10,173.194.164.186,,,45082,443,0,37,17
1584616116.3745186,173.194.164.186,10.10.0.10,,,443,45082,0,1358,17
1584616116.383789,173.194.164.186,10.10.0.10,,,443,45082,0,1358,17
1584616116.3864748,10.10.0.10,173.194.164.186,,,45082,443,0,37,17
1584616116.39307,173.194.164.186,10.10.0.10,,,443,45082,0,1358,17
1584616116.402343,173.194.164.186,10.10.0.10,,,443,45082,0,1358,17
1584616116.4044962,10.10.0.10,173.194.164.186,,,45082,443,0,37,17
1584616116.4116442,173.194.164.186,10.10.0.10,,,443,45082,0,1358,17
1584616116.420904,173.194.164.186,10.10.0.10,,,443,45082,0,1358,17
1584616116.4226,10.10.0.10,173.194.164.186,,,45082,443,0,37,17
1584616116.4301848,173.194.164.186,10.10.0.10,,,443,45082,0,1358,17
1584616116.439464,173.194.164.186,10.10.0.10,,,443,45082,0,1358,17
1584616116.441101,10.10.0.10,173.194.164.186,,,45082,443,0,37,17
1584616116.4487422,173.194.164.186,10.10.0.10,,,443,45082,0,1358,17
1584616116.458024,173.194.164.186,10.10.0.10,,,443,45082,0,1358,17
1584616116.460243,10.10.0.10,173.194.164.186,,,45082,443,0,37,17
1584616116.467299,173.194.164.186,10.10.0.10,,,443,45082,0,1358,17
1584616116.476579,173.194.164.186,10.10.0.10,,,443,45082,0,1358,17
1584616116.47909,10.10.0.10,173.194.164.186,,,45082,443,0,37,17
1584616116.4858649,173.194.164.186,10.10.0.10,,,443,45082,0,1358,17
1584616116.495143,173.194.164.186,10.10.0.10,,,443,45082,0,1358,17
1584616116.496866,10.10.0.10,173.194.164.186,,,45082,443,0,37,17
1584616116.504424,173.194.164.186,10.10.0.10,,,443,45082,0,1358,17
1584616116.5137038,173.194.164.186,10.10.0.10,,,443,45082,0,1358,17
1584616116.5156178,10.10.0.10,173.194.164.186,,,45082,443,0,37,17
1584616116.522986,173.194.164.186,10.10.0.10,,,443,45082,0,1358,17
1584616116.532258,173.194.164.186,10.10.0.10,,,443,45082,0,1358,17
1584616116.5339901,10.10.0.10,173.194.164.186,,,45082,443,0,37,17
1584616116.541544,173.194.164.186,10.10.0.10,,,443,45082,0,1358,17
1584616116.5508268,173.194.164.186,10.10.0.10,,,443,45082,0,1358,17
1584616116.552345,10.10.0.10,173.194.164.186,,,45082,443,0,37,17
1584616116.5601046,173.194.164.186,10.10.0.10,,,443,45082,0,1358,17
1584616116.569393,173.194.164.186,10.10.0.10,,,443,45082,0,1358,17
1584616116.570959,10.10.0.10,173.194.164.186,,,45082,443,0,37,17
1584616116.578664,173.194.164.186,10.10.0.10,,,443,45082,0,1358,17
1584616116.587945,173.194.164.186,10.10.0.10,,,443,45082,0,1358,17
1584616116.5896142,10.10.0.10,173.194.164.186,,,45082,443,0,37,17
1584616116.597224,173.194.164.186,10.10.0.10,,,443,45082,0,1358,17
1584616116.606506,173.194.164.186,10.10.0.10,,,443,45082,0,1358,17
1584616116.6100922,10.10.0.10,173.194.164.186,,,45082,443,0,37,17
1584616116.6168988,173.194.164.186,10.10.0.10,,,443,45082,0,1358,17
1584616116.626183,173.194.164.186,10.10.0.10,,,443,45082,0,1358,17
1584616116.628217,10.10.0.10,173.194.164.186,,,45082,443,0,37,17
1584616116.635463,173.194.164.186,10.10.0.10,,,443,45082,0,1358,17
1584616116.6447618,173.194.164.186,10.10.0.10,,,443,45082,0,1358,17
1584616116.6464698,10.10.0.10,173.194.164.186,,,45082,443,0,37,17
1584616116.654025,173.194.164.186,10.10.0.10,,,443,45082,0,1358,17
1584616116.6633036,173.194.164.186,10.10.0.10,,,443,45082,0,1358,17
1584616116.664966,10.10.0.10,173.194.164.186,,,45082,443,0,37,17
1584616116.672586,173.194.164.186,10.10.0.10,,,443,45082,0,1358,17
1584616116.6818616,173.194.164.186,10.10.0.10,,,443,45082,0,1358,17
1584616116.683615,10.10.0.10,173.194.164.186,,,45082,443,0,37,17
1584616116.691148,173.194.164.186,10.10.0.10,,,443,45082,0,1358,17
1584616116.700423,173.194.164.186,10.10.0.10,,,443,45082,0,1358,17
1584616116.7022214,10.10.0.10,173.194.164.186,,,45082,443,0,50,17
1584616116.709704,173.194.164.186,10.10.0.10,,,443,45082,0,1358,17
1584616116.718983,173.194.164.186,10.10.0.10,,,443,45082,0,1358,17
1584616116.720725,10.10.0.10,173.194.164.186,,,45082,443,0,37,17
1584616116.728264,173.194.164.186,10.10.0.10,,,443,45082,0,1358,17
1584616116.7375386,173.194.164.186,10.10.0.10,,,443,45082,0,1358,17
1584616116.739234,10.10.0.10,173.194.164.186,,,45082,443,0,37,17
1584616116.746824,173.194.164.186,10.10.0.10,,,443,45082,0,1358,17
1584616116.756098,173.194.164.186,10.10.0.10,,,443,45082,0,1358,17
1584616116.7653859,173.194.164.186,10.10.0.10,,,443,45082,0,1358,17
1584616116.774663,173.194.164.186,10.10.0.10,,,443,45082,0,1358,17
1584616116.7836142,10.10.0.10,173.194.164.186,,,45082,443,0,37,17
1584616116.7839544,173.194.164.186,10.10.0.10,,,443,45082,0,1358,17
1584616116.785482,10.10.0.10,173.194.164.186,,,45082,443,0,37,17
1584616116.793226,173.194.164.186,10.10.0.10,,,443,45082,0,1358,17
1584616116.796103,10.10.0.10,173.194.164.186,,,45082,443,0,37,17
1584616116.802511,173.194.164.186,10.10.0.10,,,443,45082,0,1358,17
1584616116.811783,173.194.164.186,10.10.0.10,,,443,45082,0,1358,17
1584616116.813731,10.10.0.10,173.194.164.186,,,45082,443,0,37,17
1584616116.8210702,173.194.164.186,10.10.0.10,,,443,45082,0,1358,17
1584616116.830343,173.194.164.186,10.10.0.10,,,443,45082,0,1358,17
1584616116.832968,10.10.0.10,173.194.164.186,,,45082,443,0,37,17
1584616116.839633,173.194.164.186,10.10.0.10,,,443,45082,0,1358,17
1584616116.8489046,173.194.164.186,10.10.0.10,,,443,45082,0,1358,17
1584616116.851235,10.10.0.10,173.194.164.186,,,45082,443,0,37,17
1584616116.8581939,173.194.164.186,10.10.0.10,,,443,45082,0,1358,17
1584616116.867466,173.194.164.186,10.10.0.10,,,443,45082,0,1358,17
1584616116.869232,10.10.0.10,173.194.164.186,,,45082,443,0,37,17
1584616116.876756,173.194.164.186,10.10.0.10,,,443,45082,0,1358,17
1584616116.8860269,173.194.164.186,10.10.0.10,,,443,45082,0,1358,17
1584616116.888983,10.10.0.10,173.194.164.186,,,45082,443,0,37,17
1584616116.895317,173.194.164.186,10.10.0.10,,,443,45082,0,1358,17
1584616116.904584,173.194.164.186,10.10.0.10,,,443,45082,0,1358,17
1584616116.906585,10.10.0.10,173.194.164.186,,,45082,443,0,37,17
1584616116.913858,173.194.164.186,10.10.0.10,,,443,45082,0,1358,17
1584616116.9231431,173.194.164.186,10.10.0.10,,,443,45082,0,1358,17
1584616116.9248538,10.10.0.10,173.194.164.186,,,45082,443,0,37,17
1584616116.932424,173.194.164.186,10.10.0.10,,,443,45082,0,1358,17
1584616116.9417028,173.194.164.186,10.10.0.10,,,443,45082,0,1358,17
1584616116.9434788,10.10.0.10,173.194.164.186,,,45082,443,0,37,17
1584616116.951001,173.194.164.186,10.10.0.10,,,443,45082,0,1358,17
1584616116.9602606,173.194.164.186,10.10.0.10,,,443,45082,0,1358,17
1584616116.9622269,10.10.0.10,173.194.164.186,,,45082,443,0,37,17
1584616116.969542,173.194.164.186,10.10.0.10,,,443,45082,0,1358,17
1584616116.978823,173.194.164.186,10.10.0.10,,,443,45082,0,1358,17
1584616116.980463,10.10.0.10,173.194.164.186,,,45082,443,0,37,17
1584616116.988097,173.194.164.186,10.10.0.10,,,443,45082,0,1358,17
1584616116.997387,173.194.164.186,10.10.0.10,,,443,45082,0,1358,17
1584616117.0009394,10.10.0.10,173.194.164.186,,,45082,443,0,37,17
1584616117.0066738,173.194.164.186,10.10.0.10,,,443,45082,0,1358,17
1584616117.0159512,173.194.164.186,10.10.0.10,,,443,45082,0,1358,17
1584616117.018682,10.10.0.10,173.194.164.186,,,45082,443,0,37,17
1584616117.025223,173.194.164.186,10.10.0.10,,,443,45082,0,1358,17
1584616117.034498,173.194.164.186,10.10.0.10,,,443,45082,0,1358,17
1584616117.036234,10.10.0.10,173.194.164.186,,,45082,443,0,37,17
1584616117.043777,173.194.164.186,10.10.0.10,,,443,45082,0,1358,17
1584616117.053061,173.194.164.186,10.10.0.10,,,443,45082,0,1358,17
1584616117.0555751,10.10.0.10,173.194.164.186,,,45082,443,0,37,17
1584616117.062338,173.194.164.186,10.10.0.10,,,443,45082,0,1358,17
1584616117.0716188,173.194.164.186,10.10.0.10,,,443,45082,0,1358,17
1584616117.074696,10.10.0.10,173.194.164.186,,,45082,443,0,50,17
1584616117.0808976,173.194.164.186,10.10.0.10,,,443,45082,0,1358,17
1584616117.090178,173.194.164.186,10.10.0.10,,,443,45082,0,1358,17
1584616117.0920908,10.10.0.10,173.194.164.186,,,45082,443,0,37,17
1584616117.0994608,173.194.164.186,10.10.0.10,,,443,45082,0,1358,17
1584616117.10875,173.194.164.186,10.10.0.10,,,443,45082,0,29,17
1584616117.109168,173.194.164.186,10.10.0.10,,,443,45082,0,1358,17
1584616117.1107302,10.10.0.10,173.194.164.186,,,45082,443,0,37,17
1584616117.118438,173.194.164.186,10.10.0.10,,,443,45082,0,1358,17
1584616117.127722,173.194.164.186,10.10.0.10,,,443,45082,0,1358,17
1584616117.129704,10.10.0.10,173.194.164.186,,,45082,443,0,37,17
1584616117.137002,173.194.164.186,10.10.0.10,,,443,45082,0,1358,17
1584616117.146296,173.194.164.186,10.10.0.10,,,443,45082,0,1358,17
1584616117.148203,10.10.0.10,173.194.164.186,,,45082,443,0,37,17
1584616117.1555572,173.194.164.186,10.10.0.10,,,443,45082,0,1358,17
1584616117.1648462,173.194.164.186,10.10.0.10,,,443,45082,0,1358,17
1584616117.166472,10.10.0.10,173.194.164.186,,,45082,443,0,37,17
1584616117.17412,173.194.164.186,10.10.0.10,,,443,45082,0,1358,17
1584616117.1834042,173.194.164.186,10.10.0.10,,,443,45082,0,1358,17
1584616117.1855788,10.10.0.10,173.194.164.186,,,45082,443,0,37,17
1584616117.192683,173.194.164.186,10.10.0.10,,,443,45082,0,1358,17
1584616117.201965,173.194.164.186,10.10.0.10,,,443,45082,0,1358,17
1584616117.203721,10.10.0.10,173.194.164.186,,,45082,443,0,37,17
1584616117.211239,173.194.164.186,10.10.0.10,,,443,45082,0,1358,17
1584616117.2205222,173.194.164.186,10.10.0.10,,,443,45082,0,1358,17
1584616117.2235599,10.10.0.10,173.194.164.186,,,45082,443,0,37,17
1584616117.229809,173.194.164.186,10.10.0.10,,,443,45082,0,1358,17
1584616117.2390802,173.194.164.186,10.10.0.10,,,443,45082,0,1358,17
1584616117.2413476,10.10.0.10,173.194.164.186,,,45082,443,0,37,17
1584616117.248358,173.194.164.186,10.10.0.10,,,443,45082,0,1358,17
1584616117.2576456,173.194.164.186,10.10.0.10,,,443,45082,0,1358,17
1584616117.25922,10.10.0.10,173.194.164.186,,,45082,443,0,37,17
1584616117.2669306,173.194.164.186,10.10.0.10,,,443,45082,0,1358,17
1584616117.276201,173.194.164.186,10.10.0.10,,,443,45082,0,1358,17
1584616117.2777,10.10.0.10,173.194.164.186,,,45082,443,0,37,17
1584616117.2854972,173.194.164.186,10.10.0.10,,,443,45082,0,1358,17
1584616117.2947626,173.194.164.186,10.10.0.10,,,443,45082,0,1358,17
1584616117.296344,10.10.0.10,173.194.164.186,,,45082,443,0,37,17
1584616117.3040562,173.194.164.186,10.10.0.10,,,443,45082,0,1358,17
1584616117.3133225,173.194.164.186,10.10.0.10,,,443,45082,0,1358,17
1584616117.3149474,10.10.0.10,173.194.164.186,,,45082,443,0,37,17
1584616117.322617,173.194.164.186,10.10.0.10,,,443,45082,0,1358,17
1584616117.3318794,173.194.164.186,10.10.0.10,,,443,45082,0,1358,17
1584616117.333562,10.10.0.10,173.194.164.186,,,45082,443,0,37,17
1584616117.341162,173.194.164.186,10.10.0.10,,,443,45082,0,1358,17
1584616117.350443,173.194.164.186,10.10.0.10,,,443,45082,0,1358,17
1584616117.3520648,10.10.0.10,173.194.164.186,,,45082,443,0,37,17
1584616117.3597412,173.194.164.186,10.10.0.10,,,443,45082,0,1358,17
1584616117.3690052,173.194.164.186,10.10.0.10,,,443,45082,0,1358,17
1584616117.3709474,10.10.0.10,173.194.164.186,,,45082,443,0,37,17
1584616117.3782842,173.194.164.186,10.10.0.10,,,443,45082,0,1358,17
1584616117.3875642,173.194.164.186,10.10.0.10,,,443,45082,0,1358,17
1584616117.3894658,10.10.0.10,173.194.164.186,,,45082,443,0,37,17
1584616117.3968642,173.194.164.186,10.10.0.10,,,443,45082,0,1358,17
1584616117.406122,173.194.164.186,10.10.0.10,,,443,45082,0,1358,17
1584616117.4079502,10.10.0.10,173.194.164.186,,,45082,443,0,37,17
1584616117.415406,173.194.164.186,10.10.0.10,,,443,45082,0,1358,17
1584616117.424685,173.194.164.186,10.10.0.10,,,443,45082,0,1358,17
1584616117.4290972,10.10.0.10,173.194.164.186,,,45082,443,0,37,17
1584616117.433961,173.194.164.186,10.10.0.10,,,443,45082,0,1358,17
1584616117.443249,173.194.164.186,10.10.0.10,,,443,45082,0,1358,17
1584616117.4450932,10.10.0.10,173.194.164.186,,,45082,443,0,50,17
1584616117.4525216,173.194.164.186,10.10.0.10,,,443,45082,0,1358,17
1584616117.461802,173.194.164.186,10.10.0.10,,,443,45082,0,1358,17
1584616117.463466,10.10.0.10,173.194.164.186,,,45082,443,0,37,17
1584616117.4710839,173.194.164.186,10.10.0.10,,,443,45082,0,1358,17
1584616117.480368,173.194.164.186,10.10.0.10,,,443,45082,0,1358,17
1584616117.4820864,10.10.0.10,173.194.164.186,,,45082,443,0,37,17
1584616117.489644,173.194.164.186,10.10.0.10,,,443,45082,0,1358,17
1584616117.4989245,173.194.164.186,10.10.0.10,,,443,45082,0,29,17
1584616117.499362,173.194.164.186,10.10.0.10,,,443,45082,0,1358,17
1584616117.500839,10.10.0.10,173.194.164.186,,,45082,443,0,37,17
1584616117.5086231,173.194.164.186,10.10.0.10,,,443,45082,0,1358,17
1584616117.517919,173.194.164.186,10.10.0.10,,,443,45082,0,1358,17
1584616117.520211,10.10.0.10,173.194.164.186,,,45082,443,0,37,17
1584616117.527183,173.194.164.186,10.10.0.10,,,443,45082,0,1358,17
1584616117.5364602,173.194.164.186,10.10.0.10,,,443,45082,0,1358,17
1584616117.5380552,10.10.0.10,173.194.164.186,,,45082,443,0,37,17
1584616117.545744,173.194.164.186,10.10.0.10,,,443,45082,0,1358,17
1584616117.55505,173.194.164.186,10.10.0.10,,,443,45082,0,1358,17
1584616117.55671,10.10.0.10,173.194.164.186,,,45082,443,0,37,17
1584616117.5643091,173.194.164.186,10.10.0.10,,,443,45082,0,1358,17
1584616117.5735822,173.194.164.186,10.10.0.10,,,443,45082,0,1358,17
1584616117.57546,10.10.0.10,173.194.164.186,,,45082,443,0,37,17
1584616117.582864,173.194.164.186,10.10.0.10,,,443,45082,0,1358,17
1584616117.5921378,173.194.164.186,10.10.0.10,,,443,45082,0,1358,17
1584616117.593689,10.10.0.10,173.194.164.186,,,45082,443,0,37,17
1584616117.601423,173.194.164.186,10.10.0.10,,,443,45082,0,1358,17
1584616117.610704,173.194.164.186,10.10.0.10,,,443,45082,0,1358,17
1584616117.612315,10.10.0.10,173.194.164.186,,,45082,443,0,37,17
1584616117.6199868,173.194.164.186,10.10.0.10,,,443,45082,0,1358,17
1584616117.6292632,173.194.164.186,10.10.0.10,,,443,45082,0,1358,17
1584616117.631813,10.10.0.10,173.194.164.186,,,45082,443,0,37,17
1584616117.638545,173.194.164.186,10.10.0.10,,,443,45082,0,1358,17
1584616117.647827,173.194.164.186,10.10.0.10,,,443,45082,0,1358,17
1584616117.649585,10.10.0.10,173.194.164.186,,,45082,443,0,37,17
1584616117.657112,173.194.164.186,10.10.0.10,,,443,45082,0,1358,17
1584616117.666382,173.194.164.186,10.10.0.10,,,443,45082,0,1358,17
1584616117.6679552,10.10.0.10,173.194.164.186,,,45082,443,0,37,17
1584616117.67567,173.194.164.186,10.10.0.10,,,443,45082,0,1358,17
1584616117.6849458,173.194.164.186,10.10.0.10,,,443,45082,0,1358,17
1584616117.6867068,10.10.0.10,173.194.164.186,,,45082,443,0,37,17
1584616117.694233,173.194.164.186,10.10.0.10,,,443,45082,0,1358,17
1584616117.7035036,173.194.164.186,10.10.0.10,,,443,45082,0,1358,17
1584616117.705207,10.10.0.10,173.194.164.186,,,45082,443,0,37,17
1584616117.7127948,173.194.164.186,10.10.0.10,,,443,45082,0,1358,17
1584616117.722063,173.194.164.186,10.10.0.10,,,443,45082,0,1358,17
1584616117.72369,10.10.0.10,173.194.164.186,,,45082,443,0,37,17
1584616117.7313552,173.194.164.186,10.10.0.10,,,443,45082,0,1358,17
1584616117.740623,173.194.164.186,10.10.0.10,,,443,45082,0,1358,17
1584616117.7423296,10.10.0.10,173.194.164.186,,,45082,443,0,37,17
1584616117.749917,173.194.164.186,10.10.0.10,,,443,45082,0,1358,17
1584616117.759183,173.194.164.186,10.10.0.10,,,443,45082,0,1358,17
1584616117.7610614,10.10.0.10,173.194.164.186,,,45082,443,0,37,17
1584616117.7684786,173.194.164.186,10.10.0.10,,,443,45082,0,1358,17
1584616117.777744,173.194.164.186,10.10.0.10,,,443,45082,0,1358,17
1584616117.779435,10.10.0.10,173.194.164.186,,,45082,443,0,37,17
1584616117.787025,173.194.164.186,10.10.0.10,,,443,45082,0,1358,17
1584616117.7963116,173.194.164.186,10.10.0.10,,,443,45082,0,1358,17
1584616117.797933,10.10.0.10,173.194.164.186,,,45082,443,0,37,17
1584616117.8056028,173.194.164.186,10.10.0.10,,,443,45082,0,1358,17
1584616117.8148642,173.194.164.186,10.10.0.10,,,443,45082,0,1358,17
1584616117.816582,10.10.0.10,173.194.164.186,,,45082,443,0,50,17
1584616117.824146,173.194.164.186,10.10.0.10,,,443,45082,0,1358,17
1584616117.833425,173.194.164.186,10.10.0.10,,,443,45082,0,1358,17
1584616117.836431,10.10.0.10,173.194.164.186,,,45082,443,0,37,17
1584616117.842706,173.194.164.186,10.10.0.10,,,443,45082,0,1358,17
1584616117.852582,173.194.164.186,10.10.0.10,,,443,45082,0,1358,17
1584616117.8553288,10.10.0.10,173.194.164.186,,,45082,443,0,37,17
1584616117.8618634,173.194.164.186,10.10.0.10,,,443,45082,0,1358,17
1584616117.871144,173.194.164.186,10.10.0.10,,,443,45082,0,29,17
1584616117.8715641,173.194.164.186,10.10.0.10,,,443,45082,0,1358,17
1584616117.873207,10.10.0.10,173.194.164.186,,,45082,443,0,37,17
1584616117.8808534,173.194.164.186,10.10.0.10,,,443,45082,0,1358,17
1584616117.8901231,173.194.164.186,10.10.0.10,,,443,45082,0,1358,17
1584616117.892431,10.10.0.10,173.194.164.186,,,45082,443,0,37,17
1584616117.899413,173.194.164.186,10.10.0.10,,,443,45082,0,1358,17
1584616117.908682,173.194.164.186,10.10.0.10,,,443,45082,0,1358,17
1584616117.9115686,10.10.0.10,173.194.164.186,,,45082,443,0,37,17
1584616117.9184122,173.194.164.186,10.10.0.10,,,443,45082,0,1358,17
1584616117.9276838,173.194.164.186,10.10.0.10,,,443,45082,0,1358,17
1584616117.9317038,10.10.0.10,173.194.164.186,,,45082,443,0,37,17
1584616117.936977,173.194.164.186,10.10.0.10,,,443,45082,0,1358,17
1584616117.946238,173.194.164.186,10.10.0.10,,,443,45082,0,1358,17
1584616117.9479446,10.10.0.10,173.194.164.186,,,45082,443,0,37,17
1584616117.955536,173.194.164.186,10.10.0.10,,,443,45082,0,1358,17
1584616117.964803,173.194.164.186,10.10.0.10,,,443,45082,0,1358,17
1584616117.966698,10.10.0.10,173.194.164.186,,,45082,443,0,37,17
1584616117.974099,173.194.164.186,10.10.0.10,,,443,45082,0,1358,17
1584616117.9833634,173.194.164.186,10.10.0.10,,,443,45082,0,1358,17
1584616117.985042,10.10.0.10,173.194.164.186,,,45082,443,0,37,17
1584616117.9926429,173.194.164.186,10.10.0.10,,,443,45082,0,1358,17
1584616118.00235,173.194.164.186,10.10.0.10,,,443,45082,0,1358,17
1584616118.0038018,10.10.0.10,173.194.164.186,,,45082,443,0,37,17
1584616118.011626,173.194.164.186,10.10.0.10,,,443,45082,0,1358,17
1584616118.022686,173.194.164.186,10.10.0.10,,,443,45082,0,1358,17
1584616118.026782,10.10.0.10,173.194.164.186,,,45082,443,0,37,17
1584616118.031966,173.194.164.186,10.10.0.10,,,443,45082,0,1358,17
1584616118.0412474,173.194.164.186,10.10.0.10,,,443,45082,0,1358,17
1584616118.0505269,173.194.164.186,10.10.0.10,,,443,45082,0,1358,17
1584616118.059809,173.194.164.186,10.10.0.10,,,443,45082,0,1358,17
1584616118.0681849,10.10.0.10,173.194.164.186,,,45082,443,0,37,17
1584616118.0690908,173.194.164.186,10.10.0.10,,,443,45082,0,1358,17
1584616118.0701964,10.10.0.10,173.194.164.186,,,45082,443,0,37,17
1584616118.0783708,173.194.164.186,10.10.0.10,,,443,45082,0,1358,17
1584616118.08005,10.10.0.10,173.194.164.186,,,45082,443,0,37,17
1584616118.087658,173.194.164.186,10.10.0.10,,,443,45082,0,1358,17
1584616118.096924,173.194.164.186,10.10.0.10,,,443,45082,0,1358,17
1584616118.099013,10.10.0.10,173.194.164.186,,,45082,443,0,37,17
1584616118.1062052,173.194.164.186,10.10.0.10,,,443,45082,0,1358,17
1584616118.115489,173.194.164.186,10.10.0.10,,,443,45082,0,1358,17
1584616118.117794,10.10.0.10,173.194.164.186,,,45082,443,0,37,17
1584616118.124768,173.194.164.186,10.10.0.10,,,443,45082,0,1358,17
1584616118.1340518,173.194.164.186,10.10.0.10,,,443,45082,0,1358,17
1584616118.135821,10.10.0.10,173.194.164.186,,,45082,443,0,37,17
1584616118.143329,173.194.164.186,10.10.0.10,,,443,45082,0,1358,17
1584616118.152605,173.194.164.186,10.10.0.10,,,443,45082,0,1358,17
1584616118.154034,10.10.0.10,173.194.164.186,,,45082,443,0,37,17
1584616118.1618938,173.194.164.186,10.10.0.10,,,443,45082,0,1358,17
1584616118.1711712,173.194.164.186,10.10.0.10,,,443,45082,0,1358,17
1584616118.172819,10.10.0.10,173.194.164.186,,,45082,443,0,37,17
1584616118.1804452,173.194.164.186,10.10.0.10,,,443,45082,0,1358,17
1584616118.1897252,173.194.164.186,10.10.0.10,,,443,45082,0,1358,17
1584616118.1936774,10.10.0.10,173.194.164.186,,,45082,443,0,50,17
1584616118.1990132,173.194.164.186,10.10.0.10,,,443,45082,0,1358,17
1584616118.208284,173.194.164.186,10.10.0.10,,,443,45082,0,1358,17
1584616118.2135134,10.10.0.10,173.194.164.186,,,45082,443,0,37,17
1584616118.217566,173.194.164.186,10.10.0.10,,,443,45082,0,1358,17
1584616118.2268438,173.194.164.186,10.10.0.10,,,443,45082,0,29,17
1584616118.227262,173.194.164.186,10.10.0.10,,,443,45082,0,1358,17
1584616118.229694,10.10.0.10,173.194.164.186,,,45082,443,0,37,17
1584616118.2365458,173.194.164.186,10.10.0.10,,,443,45082,0,1358,17
1584616118.245846,173.194.164.186,10.10.0.10,,,443,45082,0,1358,17
1584616118.247442,10.10.0.10,173.194.164.186,,,45082,443,0,37,17
1584616118.2551134,173.194.164.186,10.10.0.10,,,443,45082,0,1358,17
1584616118.2643876,173.194.164.186,10.10.0.10,,,443,45082,0,1358,17
1584616118.266171,10.10.0.10,173.194.164.186,,,45082,443,0,37,17
1584616118.2736714,173.194.164.186,10.10.0.10,,,443,45082,0,1358,17
1584616118.2829628,173.194.164.186,10.10.0.10,,,443,45082,0,1358,17
1584616118.284545,10.10.0.10,173.194.164.186,,,45082,443,0,37,17
1584616118.292225,173.194.164.186,10.10.0.10,,,443,45082,0,1358,17
1584616118.301525,173.194.164.186,10.10.0.10,,,443,45082,0,1358,17
1584616118.303927,10.10.0.10,173.194.164.186,,,45082,443,0,37,17
1584616118.31079,173.194.164.186,10.10.0.10,,,443,45082,0,1358,17
1584616118.3200731,173.194.164.186,10.10.0.10,,,443,45082,0,1358,17
1584616118.321936,10.10.0.10,173.194.164.186,,,45082,443,0,37,17
1584616118.3293548,173.194.164.186,10.10.0.10,,,443,45082,0,1358,17
1584616118.33863,173.194.164.186,10.10.0.10,,,443,45082,0,1358,17
1584616118.340294,10.10.0.10,173.194.164.186,,,45082,443,0,37,17
1584616118.3479116,173.194.164.186,10.10.0.10,,,443,45082,0,1358,17
1584616118.357213,173.194.164.186,10.10.0.10,,,443,45082,0,1358,17
1584616118.359951,10.10.0.10,173.194.164.186,,,45082,443,0,37,17
1584616118.3664749,173.194.164.186,10.10.0.10,,,443,45082,0,1358,17
1584616118.375751,173.194.164.186,10.10.0.10,,,443,45082,0,1358,17
1584616118.3775468,10.10.0.10,173.194.164.186,,,45082,443,0,37,17
1584616118.38503,173.194.164.186,10.10.0.10,,,443,45082,0,1358,17
1584616118.394309,173.194.164.186,10.10.0.10,,,443,45082,0,1358,17
1584616118.396166,10.10.0.10,173.194.164.186,,,45082,443,0,37,17
1584616118.403589,173.194.164.186,10.10.0.10,,,443,45082,0,1358,17
1584616118.4128716,173.194.164.186,10.10.0.10,,,443,45082,0,1358,17
1584616118.41481,10.10.0.10,173.194.164.186,,,45082,443,0,37,17
1584616118.42215,173.194.164.186,10.10.0.10,,,443,45082,0,1358,17
1584616118.4314358,173.194.164.186,10.10.0.10,,,443,45082,0,1358,17
1584616118.433056,10.10.0.10,173.194.164.186,,,45082,443,0,37,17
1584616118.4407148,173.194.164.186,10.10.0.10,,,443,45082,0,1358,17
1584616118.44999,173.194.164.186,10.10.0.10,,,443,45082,0,1358,17
1584616118.4519172,10.10.0.10,173.194.164.186,,,45082,443,0,37,17
1584616118.4592721,173.194.164.186,10.10.0.10,,,443,45082,0,1358,17
1584616118.46855,173.194.164.186,10.10.0.10,,,443,45082,0,1358,17
1584616118.4700382,10.10.0.10,173.194.164.186,,,45082,443,0,37,17
1584616118.477836,173.194.164.186,10.10.0.10,,,443,45082,0,1358,17
1584616118.48711,173.194.164.186,10.10.0.10,,,443,45082,0,1358,17
1584616118.4888089,10.10.0.10,173.194.164.186,,,45082,443,0,37,17
1584616118.4963858,173.194.164.186,10.10.0.10,,,443,45082,0,1358,17
1584616118.505672,173.194.164.186,10.10.0.10,,,443,45082,0,1358,17
1584616118.5071812,10.10.0.10,173.194.164.186,,,45082,443,0,37,17
1584616118.514961,173.194.164.186,10.10.0.10,,,443,45082,0,1358,17
1584616118.524226,173.194.164.186,10.10.0.10,,,443,45082,0,1358,17
1584616118.525933,10.10.0.10,173.194.164.186,,,45082,443,0,37,17
1584616118.5335221,173.194.164.186,10.10.0.10,,,443,45082,0,1358,17
1584616118.5427911,173.194.164.186,10.10.0.10,,,443,45082,0,1358,17
1584616118.54456,10.10.0.10,173.194.164.186,,,45082,443,0,37,17
1584616118.5520651,173.194.164.186,10.10.0.10,,,443,45082,0,1358,17
1584616118.5613492,173.194.164.186,10.10.0.10,,,443,45082,0,1358,17
1584616118.563161,10.10.0.10,173.194.164.186,,,45082,443,0,50,17
1584616118.5706446,173.194.164.186,10.10.0.10,,,443,45082,0,1358,17
1584616118.57991,173.194.164.186,10.10.0.10,,,443,45082,0,1358,17
1584616118.581681,10.10.0.10,173.194.164.186,,,45082,443,0,37,17
1584616118.5892036,173.194.164.186,10.10.0.10,,,443,45082,0,1358,17
1584616118.59847,173.194.164.186,10.10.0.10,,,443,45082,0,1358,17
1584616118.600162,10.10.0.10,173.194.164.186,,,45082,443,0,37,17
1584616118.6077502,173.194.164.186,10.10.0.10,,,443,45082,0,1358,17
1584616118.617031,173.194.164.186,10.10.0.10,,,443,45082,0,1358,17
1584616118.61891,10.10.0.10,173.194.164.186,,,45082,443,0,37,17
1584616118.6263092,173.194.164.186,10.10.0.10,,,443,45082,0,573,17
1584616118.6303554,173.194.164.186,10.10.0.10,,,443,45082,0,29,17
1584616118.694033,10.10.0.10,173.194.164.186,,,45082,443,0,37,17
1584616120.7002509,10.10.0.10,173.194.164.186,,,45082,443,0,717,17
1584616120.700286,10.10.0.10,173.194.164.186,,,45082,443,0,48,17
1584616120.704781,173.194.164.186,10.10.0.10,,,443,45082,0,29,17
1584616120.704983,173.194.164.186,10.10.0.10,,,443,45082,0,1358,17
1584616120.7050178,173.194.164.186,10.10.0.10,,,443,45082,0,1358,17
1584616120.7073698,10.10.0.10,173.194.164.186,,,45082,443,0,37,17
1584616120.713105,173.194.164.186,10.10.0.10,,,443,45082,0,1358,17
1584616120.7223961,173.194.164.186,10.10.0.10,,,443,45082,0,1358,17
1584616120.723973,10.10.0.10,173.194.164.186,,,45082,443,0,37,17
1584616120.731672,173.194.164.186,10.10.0.10,,,443,45082,0,1358,17
1584616120.7409544,173.194.164.186,10.10.0.10,,,443,45082,0,1358,17
1584616120.7424722,10.10.0.10,173.194.164.186,,,45082,443,0,37,17
1584616120.7502232,173.194.164.186,10.10.0.10,,,443,45082,0,1358,17
1584616120.7595036,173.194.164.186,10.10.0.10,,,443,45082,0,1358,17
1584616120.761087,10.10.0.10,173.194.164.186,,,45082,443,0,37,17
1584616120.768786,173.194.164.186,10.10.0.10,,,443,45082,0,1358,17
1584616120.77808,173.194.164.186,10.10.0.10,,,443,45082,0,1358,17
1584616120.779976,10.10.0.10,173.194.164.186,,,45082,443,0,37,17
1584616120.787344,173.194.164.186,10.10.0.10,,,443,45082,0,1358,17
1584616120.7966409,173.194.164.186,10.10.0.10,,,443,45082,0,1358,17
1584616120.798239,10.10.0.10,173.194.164.186,,,45082,443,0,37,17
1584616120.805904,173.194.164.186,10.10.0.10,,,443,45082,0,1358,17
1584616120.815183,173.194.164.186,10.10.0.10,,,443,45082,0,1358,17
1584616120.816848,10.10.0.10,173.194.164.186,,,45082,443,0,37,17
1584616120.8244634,173.194.164.186,10.10.0.10,,,443,45082,0,1358,17
1584616120.833765,173.194.164.186,10.10.0.10,,,443,45082,0,1358,17
1584616120.835493,10.10.0.10,173.194.164.186,,,45082,443,0,37,17
1584616120.843023,173.194.164.186,10.10.0.10,,,443,45082,0,1358,17
1584616120.852304,173.194.164.186,10.10.0.10,,,443,45082,0,1358,17
1584616120.854247,10.10.0.10,173.194.164.186,,,45082,443,0,37,17
1584616120.861583,173.194.164.186,10.10.0.10,,,443,45082,0,1358,17
1584616120.870862,173.194.164.186,10.10.0.10,,,443,45082,0,1358,17
1584616120.872495,10.10.0.10,173.194.164.186,,,45082,443,0,37,17
1584616120.8801384,173.194.164.186,10.10.0.10,,,443,45082,0,1358,17
1584616120.889424,173.194.164.186,10.10.0.10,,,443,45082,0,1358,17
1584616120.8922534,10.10.0.10,173.194.164.186,,,45082,443,0,37,17
1584616120.8987026,173.194.164.186,10.10.0.10,,,443,45082,0,1358,17
1584616120.907985,173.194.164.186,10.10.0.10,,,443,45082,0,1358,17
1584616120.90996,10.10.0.10,173.194.164.186,,,45082,443,0,37,17
1584616120.917264,173.194.164.186,10.10.0.10,,,443,45082,0,1358,17
1584616120.926542,173.194.164.186,10.10.0.10,,,443,45082,0,1358,17
1584616120.928239,10.10.0.10,173.194.164.186,,,45082,443,0,37,17
1584616120.935824,173.194.164.186,10.10.0.10,,,443,45082,0,1358,17
1584616120.945107,173.194.164.186,10.10.0.10,,,443,45082,0,1358,17
1584616120.946716,10.10.0.10,173.194.164.186,,,45082,443,0,37,17
1584616120.95439,173.194.164.186,10.10.0.10,,,443,45082,0,1358,17
1584616120.963664,173.194.164.186,10.10.0.10,,,443,45082,0,1358,17
1584616120.9653401,10.10.0.10,173.194.164.186,,,45082,443,0,37,17
1584616120.97295,173.194.164.186,10.10.0.10,,,443,45082,0,1358,17
1584616120.982219,173.194.164.186,10.10.0.10,,,443,45082,0,1358,17
1584616120.9843216,10.10.0.10,173.194.164.186,,,45082,443,0,37,17
1584616120.9915,173.194.164.186,10.10.0.10,,,443,45082,0,1358,17
1584616120.998696,10.10.0.10,173.194.164.186,,,45082,443,0,725,17
1584616120.998719,10.10.0.10,173.194.164.186,,,45082,443,0,48,17
1584616121.0007875,173.194.164.186,10.10.0.10,,,443,45082,0,1358,17
1584616121.010073,173.194.164.186,10.10.0.10,,,443,45082,0,1358,17
1584616121.012466,10.10.0.10,173.194.164.186,,,45082,443,0,37,17
1584616121.0193439,173.194.164.186,10.10.0.10,,,443,45082,0,1358,17
1584616121.0286374,173.194.164.186,10.10.0.10,,,443,45082,0,1358,17
1584616121.0338366,10.10.0.10,173.194.164.186,,,45082,443,0,37,17
1584616121.0379019,173.194.164.186,10.10.0.10,,,443,45082,0,1358,17
1584616121.047183,173.194.164.186,10.10.0.10,,,443,45082,0,1358,17
1584616121.0490668,10.10.0.10,173.194.164.186,,,45082,443,0,37,17
1584616121.056458,173.194.164.186,10.10.0.10,,,443,45082,0,1358,17
1584616121.0657392,173.194.164.186,10.10.0.10,,,443,45082,0,1358,17
1584616121.067302,10.10.0.10,173.194.164.186,,,45082,443,0,37,17
1584616121.0750241,173.194.164.186,10.10.0.10,,,443,45082,0,32,17
1584616121.0754561,173.194.164.186,10.10.0.10,,,443,45082,0,1358,17
1584616121.084761,173.194.164.186,10.10.0.10,,,443,45082,0,1358,17
1584616121.0864358,10.10.0.10,173.194.164.186,,,45082,443,0,37,17
1584616121.094022,173.194.164.186,10.10.0.10,,,443,45082,0,1358,17
1584616121.10332,173.194.164.186,10.10.0.10,,,443,45082,0,1358,17
1584616121.105463,10.10.0.10,173.194.164.186,,,45082,443,0,37,17
1584616121.112585,173.194.164.186,10.10.0.10,,,443,45082,0,1358,17
1584616121.1218598,173.194.164.186,10.10.0.10,,,443,45082,0,1358,17
1584616121.1233141,10.10.0.10,173.194.164.186,,,45082,443,0,37,17
1584616121.1311429,173.194.164.186,10.10.0.10,,,443,45082,0,1358,17
1584616121.1404312,173.194.164.186,10.10.0.10,,,443,45082,0,1358,17
1584616121.142313,10.10.0.10,173.194.164.186,,,45082,443,0,37,17
1584616121.149704,173.194.164.186,10.10.0.10,,,443,45082,0,1358,17
1584616121.158981,173.194.164.186,10.10.0.10,,,443,45082,0,1358,17
1584616121.160551,10.10.0.10,173.194.164.186,,,45082,443,0,37,17
1584616121.168259,173.194.164.186,10.10.0.10,,,443,45082,0,1358,17
1584616121.177546,173.194.164.186,10.10.0.10,,,443,45082,0,1358,17
1584616121.1791961,10.10.0.10,173.194.164.186,,,45082,443,0,37,17
1584616121.186824,173.194.164.186,10.10.0.10,,,443,45082,0,1358,17
1584616121.1960998,173.194.164.186,10.10.0.10,,,443,45082,0,1358,17
1584616121.197814,10.10.0.10,173.194.164.186,,,45082,443,0,37,17
1584616121.205383,173.194.164.186,10.10.0.10,,,443,45082,0,1358,17
1584616121.2157779,173.194.164.186,10.10.0.10,,,443,45082,0,1358,17
1584616121.218188,10.10.0.10,173.194.164.186,,,45082,443,0,37,17
1584616121.225067,173.194.164.186,10.10.0.10,,,443,45082,0,1358,17
1584616121.23434,173.194.164.186,10.10.0.10,,,443,45082,0,1358,17
1584616121.236208,10.10.0.10,173.194.164.186,,,45082,443,0,37,17
1584616121.2436314,173.194.164.186,10.10.0.10,,,443,45082,0,1358,17
1584616121.252897,173.194.164.186,10.10.0.10,,,443,45082,0,1358,17
1584616121.254474,10.10.0.10,173.194.164.186,,,45082,443,0,37,17
1584616121.2621708,173.194.164.186,10.10.0.10,,,443,45082,0,1358,17
1584616121.271457,173.194.164.186,10.10.0.10,,,443,45082,0,1358,17
1584616121.273102,10.10.0.10,173.194.164.186,,,45082,443,0,37,17
1584616121.280751,173.194.164.186,10.10.0.10,,,443,45082,0,1358,17
1584616121.290016,173.194.164.186,10.10.0.10,,,443,45082,0,1358,17
1584616121.2917092,10.10.0.10,173.194.164.186,,,45082,443,0,37,17
1584616121.2992961,173.194.164.186,10.10.0.10,,,443,45082,0,1358,17
1584616121.308572,173.194.164.186,10.10.0.10,,,443,45082,0,1358,17
1584616121.3102221,10.10.0.10,173.194.164.186,,,45082,443,0,37,17
1584616121.3178759,173.194.164.186,10.10.0.10,,,443,45082,0,1358,17
1584616121.32714,173.194.164.186,10.10.0.10,,,443,45082,0,1358,17
1584616121.329081,10.10.0.10,173.194.164.186,,,45082,443,0,37,17
1584616121.336417,173.194.164.186,10.10.0.10,,,443,45082,0,1358,17
1584616121.3456972,173.194.164.186,10.10.0.10,,,443,45082,0,1358,17
1584616121.3483322,10.10.0.10,173.194.164.186,,,45082,443,0,37,17
1584616121.3549972,173.194.164.186,10.10.0.10,,,443,45082,0,1358,17
1584616121.3642578,173.194.164.186,10.10.0.10,,,443,45082,0,1358,17
1584616121.366455,10.10.0.10,173.194.164.186,,,45082,443,0,50,17
1584616121.373534,173.194.164.186,10.10.0.10,,,443,45082,0,1358,17
1584616121.382819,173.194.164.186,10.10.0.10,,,443,45082,0,1358,17
1584616121.384578,10.10.0.10,173.194.164.186,,,45082,443,0,37,17
1584616121.3920991,173.194.164.186,10.10.0.10,,,443,45082,0,1358,17
1584616121.401378,173.194.164.186,10.10.0.10,,,443,45082,0,1358,17
1584616121.4042108,10.10.0.10,173.194.164.186,,,45082,443,0,37,17
1584616121.410657,173.194.164.186,10.10.0.10,,,443,45082,0,1358,17
1584616121.4199412,173.194.164.186,10.10.0.10,,,443,45082,0,1358,17
1584616121.4217026,10.10.0.10,173.194.164.186,,,45082,443,0,37,17
1584616121.4292178,173.194.164.186,10.10.0.10,,,443,45082,0,1358,17
1584616121.438499,173.194.164.186,10.10.0.10,,,443,45082,0,1358,17
1584616121.440205,10.10.0.10,173.194.164.186,,,45082,443,0,37,17
1584616121.4477751,173.194.164.186,10.10.0.10,,,443,45082,0,1358,17
1584616121.4570599,173.194.164.186,10.10.0.10,,,443,45082,0,1358,17
1584616121.4587018,10.10.0.10,173.194.164.186,,,45082,443,0,37,17
1584616121.466336,173.194.164.186,10.10.0.10,,,443,45082,0,1358,17
1584616121.475625,173.194.164.186,10.10.0.10,,,443,45082,0,1358,17
1584616121.477221,10.10.0.10,173.194.164.186,,,45082,443,0,37,17
1584616121.4848962,173.194.164.186,10.10.0.10,,,443,45082,0,1358,17
1584616121.494184,173.194.164.186,10.10.0.10,,,443,45082,0,1358,17
1584616121.495965,10.10.0.10,173.194.164.186,,,45082,443,0,37,17
1584616121.503458,173.194.164.186,10.10.0.10,,,443,45082,0,1358,17
1584616121.5127492,173.194.164.186,10.10.0.10,,,443,45082,0,1358,17
1584616121.5147052,10.10.0.10,173.194.164.186,,,45082,443,0,37,17
1584616121.522017,173.194.164.186,10.10.0.10,,,443,45082,0,1358,17
1584616121.531307,173.194.164.186,10.10.0.10,,,443,45082,0,1358,17
1584616121.5330749,10.10.0.10,173.194.164.186,,,45082,443,0,37,17
1584616121.5405798,173.194.164.186,10.10.0.10,,,443,45082,0,1358,17
1584616121.550968,173.194.164.186,10.10.0.10,,,443,45082,0,1358,17
1584616121.5526989,10.10.0.10,173.194.164.186,,,45082,443,0,37,17
1584616121.560245,173.194.164.186,10.10.0.10,,,443,45082,0,1358,17
1584616121.5695276,173.194.164.186,10.10.0.10,,,443,45082,0,1358,17
1584616121.571192,10.10.0.10,173.194.164.186,,,45082,443,0,37,17
1584616121.57881,173.194.164.186,10.10.0.10,,,443,45082,0,1358,17
1584616121.5880835,173.194.164.186,10.10.0.10,,,443,45082,0,1358,17
1584616121.5897012,10.10.0.10,173.194.164.186,,,45082,443,0,37,17
1584616121.59737,173.194.164.186,10.10.0.10,,,443,45082,0,1358,17
1584616121.6066532,173.194.164.186,10.10.0.10,,,443,45082,0,1358,17
1584616121.60908,10.10.0.10,173.194.164.186,,,45082,443,0,37,17
1584616121.615936,173.194.164.186,10.10.0.10,,,443,45082,0,1358,17
1584616121.6252098,173.194.164.186,10.10.0.10,,,443,45082,0,1358,17
1584616121.626838,10.10.0.10,173.194.164.186,,,45082,443,0,37,17
1584616121.6344938,173.194.164.186,10.10.0.10,,,443,45082,0,1358,17
1584616121.643773,173.194.164.186,10.10.0.10,,,443,45082,0,1358,17
1584616121.645719,10.10.0.10,173.194.164.186,,,45082,443,0,37,17
1584616121.653054,173.194.164.186,10.10.0.10,,,443,45082,0,1358,17
1584616121.6623304,173.194.164.186,10.10.0.10,,,443,45082,0,1358,17
1584616121.6639519,10.10.0.10,173.194.164.186,,,45082,443,0,37,17
1584616121.671618,173.194.164.186,10.10.0.10,,,443,45082,0,1358,17
1584616121.680885,173.194.164.186,10.10.0.10,,,443,45082,0,1358,17
1584616121.682968,10.10.0.10,173.194.164.186,,,45082,443,0,37,17
1584616121.6901786,173.194.164.186,10.10.0.10,,,443,45082,0,1358,17
1584616121.69945,173.194.164.186,10.10.0.10,,,443,45082,0,1358,17
1584616121.701443,10.10.0.10,173.194.164.186,,,45082,443,0,37,17
1584616121.7087429,173.194.164.186,10.10.0.10,,,443,45082,0,1358,17
1584616121.71801,173.194.164.186,10.10.0.10,,,443,45082,0,1358,17
1584616121.719568,10.10.0.10,173.194.164.186,,,45082,443,0,37,17
1584616121.7273018,173.194.164.186,10.10.0.10,,,443,45082,0,1358,17
1584616121.736569,173.194.164.186,10.10.0.10,,,443,45082,0,1358,17
1584616121.738327,10.10.0.10,173.194.164.186,,,45082,443,0,50,17
1584616121.7458696,173.194.164.186,10.10.0.10,,,443,45082,0,1358,17
1584616121.7551308,173.194.164.186,10.10.0.10,,,443,45082,0,1358,17
1584616121.7568452,10.10.0.10,173.194.164.186,,,45082,443,0,37,17
1584616121.764425,173.194.164.186,10.10.0.10,,,443,45082,0,1358,17
1584616121.77369,173.194.164.186,10.10.0.10,,,443,45082,0,1358,17
1584616121.775442,10.10.0.10,173.194.164.186,,,45082,443,0,37,17
1584616121.7829866,173.194.164.186,10.10.0.10,,,443,45082,0,1358,17
1584616121.79225,173.194.164.186,10.10.0.10,,,443,45082,0,1358,17
1584616121.793943,10.10.0.10,173.194.164.186,,,45082,443,0,37,17
1584616121.801529,173.194.164.186,10.10.0.10,,,443,45082,0,1358,17
1584616121.8119252,173.194.164.186,10.10.0.10,,,443,45082,0,1358,17
1584616121.815309,10.10.0.10,173.194.164.186,,,45082,443,0,37,17
1584616121.821199,173.194.164.186,10.10.0.10,,,443,45082,0,1358,17
1584616121.8304882,173.194.164.186,10.10.0.10,,,443,45082,0,1358,17
1584616121.832338,10.10.0.10,173.194.164.186,,,45082,443,0,37,17
1584616121.8397632,173.194.164.186,10.10.0.10,,,443,45082,0,1358,17
1584616121.8490481,173.194.164.186,10.10.0.10,,,443,45082,0,1358,17
1584616121.8506932,10.10.0.10,173.194.164.186,,,45082,443,0,37,17
1584616121.8583238,173.194.164.186,10.10.0.10,,,443,45082,0,1358,17
1584616121.867613,173.194.164.186,10.10.0.10,,,443,45082,0,1358,17
1584616121.869319,10.10.0.10,173.194.164.186,,,45082,443,0,37,17
1584616121.8768828,173.194.164.186,10.10.0.10,,,443,45082,0,1358,17
1584616121.886172,173.194.164.186,10.10.0.10,,,443,45082,0,1358,17
1584616121.895443,173.194.164.186,10.10.0.10,,,443,45082,0,1358,17
1584616121.904737,173.194.164.186,10.10.0.10,,,443,45082,0,1358,17
1584616121.9058142,10.10.0.10,173.194.164.186,,,45082,443,0,37,17
1584616121.906209,10.10.0.10,173.194.164.186,,,45082,443,0,37,17
1584616121.914003,173.194.164.186,10.10.0.10,,,443,45082,0,1358,17
1584616121.923296,173.194.164.186,10.10.0.10,,,443,45082,0,1358,17
1584616121.9254382,10.10.0.10,173.194.164.186,,,45082,443,0,37,17
1584616121.9325652,173.194.164.186,10.10.0.10,,,443,45082,0,1358,17
1584616121.9418569,173.194.164.186,10.10.0.10,,,443,45082,0,1358,17
1584616121.9434366,10.10.0.10,173.194.164.186,,,45082,443,0,37,17
1584616121.951123,173.194.164.186,10.10.0.10,,,443,45082,0,1358,17
1584616121.960417,173.194.164.186,10.10.0.10,,,443,45082,0,1358,17
1584616121.962065,10.10.0.10,173.194.164.186,,,45082,443,0,37,17
1584616121.969683,173.194.164.186,10.10.0.10,,,443,45082,0,1358,17
1584616121.978982,173.194.164.186,10.10.0.10,,,443,45082,0,1358,17
1584616121.980694,10.10.0.10,173.194.164.186,,,45082,443,0,37,17
1584616121.9882438,173.194.164.186,10.10.0.10,,,443,45082,0,1358,17
1584616121.9975238,173.194.164.186,10.10.0.10,,,443,45082,0,1358,17
1584616121.999065,10.10.0.10,173.194.164.186,,,45082,443,0,37,17
1584616122.0068028,173.194.164.186,10.10.0.10,,,443,45082,0,1358,17
1584616122.0160828,173.194.164.186,10.10.0.10,,,443,45082,0,1358,17
1584616122.018601,10.10.0.10,173.194.164.186,,,45082,443,0,37,17
1584616122.0253642,173.194.164.186,10.10.0.10,,,443,45082,0,1358,17
1584616122.034643,173.194.164.186,10.10.0.10,,,443,45082,0,1358,17
1584616122.03656,10.10.0.10,173.194.164.186,,,45082,443,0,37,17
1584616122.043924,173.194.164.186,10.10.0.10,,,443,45082,0,1358,17
1584616122.053202,173.194.164.186,10.10.0.10,,,443,45082,0,1358,17
1584616122.0549538,10.10.0.10,173.194.164.186,,,45082,443,0,37,17
1584616122.062479,173.194.164.186,10.10.0.10,,,443,45082,0,1358,17
1584616122.07176,173.194.164.186,10.10.0.10,,,443,45082,0,1358,17
1584616122.073456,10.10.0.10,173.194.164.186,,,45082,443,0,37,17
1584616122.0810418,173.194.164.186,10.10.0.10,,,443,45082,0,1358,17
1584616122.0903199,173.194.164.186,10.10.0.10,,,443,45082,0,1358,17
1584616122.0995972,173.194.164.186,10.10.0.10,,,443,45082,0,1358,17
1584616122.1006749,10.10.0.10,173.194.164.186,,,45082,443,0,37,17
1584616122.10888,173.194.164.186,10.10.0.10,,,443,45082,0,1358,17
1584616122.11046,10.10.0.10,173.194.164.186,,,45082,443,0,50,17
1584616122.118165,173.194.164.186,10.10.0.10,,,443,45082,0,1358,17
1584616122.1274438,173.194.164.186,10.10.0.10,,,443,45082,0,1358,17
1584616122.129211,10.10.0.10,173.194.164.186,,,45082,443,0,37,17
1584616122.136729,173.194.164.186,10.10.0.10,,,443,45082,0,1358,17
1584616122.146,173.194.164.186,10.10.0.10,,,443,45082,0,1358,17
1584616122.1476588,10.10.0.10,173.194.164.186,,,45082,443,0,37,17
1584616122.1552892,173.194.164.186,10.10.0.10,,,443,45082,0,29,17
1584616122.155708,173.194.164.186,10.10.0.10,,,443,45082,0,1358,17
1584616122.164986,173.194.164.186,10.10.0.10,,,443,45082,0,1358,17
1584616122.166827,10.10.0.10,173.194.164.186,,,45082,443,0,37,17
1584616122.1742668,173.194.164.186,10.10.0.10,,,443,45082,0,1358,17
1584616122.183543,173.194.164.186,10.10.0.10,,,443,45082,0,1358,17
1584616122.185173,10.10.0.10,173.194.164.186,,,45082,443,0,37,17
1584616122.192821,173.194.164.186,10.10.0.10,,,443,45082,0,1358,17
1584616122.2021039,173.194.164.186,10.10.0.10,,,443,45082,0,1358,17
1584616122.203912,10.10.0.10,173.194.164.186,,,45082,443,0,37,17
1584616122.211383,173.194.164.186,10.10.0.10,,,443,45082,0,1358,17
1584616122.220663,173.194.164.186,10.10.0.10,,,443,45082,0,1358,17
1584616122.224924,10.10.0.10,173.194.164.186,,,45082,443,0,37,17
1584616122.22994,173.194.164.186,10.10.0.10,,,443,45082,0,1358,17
1584616122.239224,173.194.164.186,10.10.0.10,,,443,45082,0,1358,17
1584616122.24193,10.10.0.10,173.194.164.186,,,45082,443,0,37,17
1584616122.2485,173.194.164.186,10.10.0.10,,,443,45082,0,1358,17
1584616122.257786,173.194.164.186,10.10.0.10,,,443,45082,0,1358,17
1584616122.2594278,10.10.0.10,173.194.164.186,,,45082,443,0,37,17
1584616122.2670588,173.194.164.186,10.10.0.10,,,443,45082,0,1358,17
1584616122.2763386,173.194.164.186,10.10.0.10,,,443,45082,0,1358,17
1584616122.27791,10.10.0.10,173.194.164.186,,,45082,443,0,37,17
1584616122.285625,173.194.164.186,10.10.0.10,,,443,45082,0,1358,17
1584616122.2949102,173.194.164.186,10.10.0.10,,,443,45082,0,1358,17
1584616122.296698,10.10.0.10,173.194.164.186,,,45082,443,0,37,17
1584616122.3041801,173.194.164.186,10.10.0.10,,,443,45082,0,1358,17
1584616122.313474,173.194.164.186,10.10.0.10,,,443,45082,0,1358,17
1584616122.3155718,10.10.0.10,173.194.164.186,,,45082,443,0,37,17
1584616122.322741,173.194.164.186,10.10.0.10,,,443,45082,0,1358,17
1584616122.332018,173.194.164.186,10.10.0.10,,,443,45082,0,1358,17
1584616122.3354292,10.10.0.10,173.194.164.186,,,45082,443,0,37,17
1584616122.3412988,173.194.164.186,10.10.0.10,,,443,45082,0,1358,17
1584616122.350599,173.194.164.186,10.10.0.10,,,443,45082,0,1358,17
1584616122.352176,10.10.0.10,173.194.164.186,,,45082,443,0,37,17
1584616122.3598619,173.194.164.186,10.10.0.10,,,443,45082,0,1358,17
1584616122.369159,173.194.164.186,10.10.0.10,,,443,45082,0,1358,17
1584616122.3709474,10.10.0.10,173.194.164.186,,,45082,443,0,37,17
1584616122.3784258,173.194.164.186,10.10.0.10,,,443,45082,0,1358,17
1584616122.3877199,173.194.164.186,10.10.0.10,,,443,45082,0,1358,17
1584616122.389301,10.10.0.10,173.194.164.186,,,45082,443,0,37,17
1584616122.3969822,173.194.164.186,10.10.0.10,,,443,45082,0,1358,17
1584616122.406263,173.194.164.186,10.10.0.10,,,443,45082,0,1358,17
1584616122.4078045,10.10.0.10,173.194.164.186,,,45082,443,0,37,17
1584616122.415543,173.194.164.186,10.10.0.10,,,443,45082,0,1358,17
1584616122.424824,173.194.164.186,10.10.0.10,,,443,45082,0,1358,17
1584616122.426573,10.10.0.10,173.194.164.186,,,45082,443,0,37,17
1584616122.434102,173.194.164.186,10.10.0.10,,,443,45082,0,1358,17
1584616122.443406,173.194.164.186,10.10.0.10,,,443,45082,0,1358,17
1584616122.4461722,10.10.0.10,173.194.164.186,,,45082,443,0,37,17
1584616122.452662,173.194.164.186,10.10.0.10,,,443,45082,0,1358,17
1584616122.4619422,173.194.164.186,10.10.0.10,,,443,45082,0,1358,17
1584616122.466665,10.10.0.10,173.194.164.186,,,45082,443,0,37,17
1584616122.471223,173.194.164.186,10.10.0.10,,,443,45082,0,1358,17
1584616122.480502,173.194.164.186,10.10.0.10,,,443,45082,0,1358,17
1584616122.482511,10.10.0.10,173.194.164.186,,,45082,443,0,50,17
1584616122.489785,173.194.164.186,10.10.0.10,,,443,45082,0,1358,17
1584616122.499058,173.194.164.186,10.10.0.10,,,443,45082,0,1358,17
1584616122.5019422,10.10.0.10,173.194.164.186,,,45082,443,0,37,17
1584616122.508345,173.194.164.186,10.10.0.10,,,443,45082,0,1358,17
1584616122.5176249,173.194.164.186,10.10.0.10,,,443,45082,0,1358,17
1584616122.5194411,10.10.0.10,173.194.164.186,,,45082,443,0,37,17
1584616122.5269039,173.194.164.186,10.10.0.10,,,443,45082,0,1358,17
1584616122.536186,173.194.164.186,10.10.0.10,,,443,45082,0,29,17
1584616122.536603,173.194.164.186,10.10.0.10,,,443,45082,0,1358,17
1584616122.5379422,10.10.0.10,173.194.164.186,,,45082,443,0,37,17
1584616122.545884,173.194.164.186,10.10.0.10,,,443,45082,0,1358,17
1584616122.555164,173.194.164.186,10.10.0.10,,,443,45082,0,1358,17
1584616122.556797,10.10.0.10,173.194.164.186,,,45082,443,0,37,17
1584616122.564465,173.194.164.186,10.10.0.10,,,443,45082,0,1358,17
1584616122.5737212,173.194.164.186,10.10.0.10,,,443,45082,0,1358,17
1584616122.5752964,10.10.0.10,173.194.164.186,,,45082,443,0,37,17
1584616122.5830028,173.194.164.186,10.10.0.10,,,443,45082,0,1358,17
1584616122.5922842,173.194.164.186,10.10.0.10,,,443,45082,0,1358,17
1584616122.5937982,10.10.0.10,173.194.164.186,,,45082,443,0,37,17
1584616122.601563,173.194.164.186,10.10.0.10,,,443,45082,0,1358,17
1584616122.610848,173.194.164.186,10.10.0.10,,,443,45082,0,1358,17
1584616122.612791,10.10.0.10,173.194.164.186,,,45082,443,0,37,17
1584616122.620118,173.194.164.186,10.10.0.10,,,443,45082,0,1358,17
1584616122.6294038,173.194.164.186,10.10.0.10,,,443,45082,0,1358,17
1584616122.631186,10.10.0.10,173.194.164.186,,,45082,443,0,37,17
1584616122.6386821,173.194.164.186,10.10.0.10,,,443,45082,0,1358,17
1584616122.647974,173.194.164.186,10.10.0.10,,,443,45082,0,1358,17
1584616122.650667,10.10.0.10,173.194.164.186,,,45082,443,0,37,17
1584616122.6572428,173.194.164.186,10.10.0.10,,,443,45082,0,1358,17
1584616122.666519,173.194.164.186,10.10.0.10,,,443,45082,0,1358,17
1584616122.668191,10.10.0.10,173.194.164.186,,,45082,443,0,37,17
1584616122.675806,173.194.164.186,10.10.0.10,,,443,45082,0,1358,17
1584616122.6850884,173.194.164.186,10.10.0.10,,,443,45082,0,1358,17
1584616122.6868124,10.10.0.10,173.194.164.186,,,45082,443,0,37,17
1584616122.6943624,173.194.164.186,10.10.0.10,,,443,45082,0,1358,17
1584616122.703649,173.194.164.186,10.10.0.10,,,443,45082,0,1358,17
1584616122.705439,10.10.0.10,173.194.164.186,,,45082,443,0,37,17
1584616122.7129242,173.194.164.186,10.10.0.10,,,443,45082,0,1358,17
1584616122.7222118,173.194.164.186,10.10.0.10,,,443,45082,0,1358,17
1584616122.7239149,10.10.0.10,173.194.164.186,,,45082,443,0,37,17
1584616122.731483,173.194.164.186,10.10.0.10,,,443,45082,0,1358,17
1584616122.7407732,173.194.164.186,10.10.0.10,,,443,45082,0,1358,17
1584616122.742416,10.10.0.10,173.194.164.186,,,45082,443,0,37,17
1584616122.7500448,173.194.164.186,10.10.0.10,,,443,45082,0,1358,17
1584616122.7593384,173.194.164.186,10.10.0.10,,,443,45082,0,1358,17
1584616122.7610598,10.10.0.10,173.194.164.186,,,45082,443,0,37,17
1584616122.7686028,173.194.164.186,10.10.0.10,,,443,45082,0,1358,17
1584616122.7778974,173.194.164.186,10.10.0.10,,,443,45082,0,1358,17
1584616122.7795572,10.10.0.10,173.194.164.186,,,45082,443,0,37,17
1584616122.7871642,173.194.164.186,10.10.0.10,,,443,45082,0,1358,17
1584616122.796458,173.194.164.186,10.10.0.10,,,443,45082,0,1358,17
1584616122.7981632,10.10.0.10,173.194.164.186,,,45082,443,0,37,17
1584616122.805723,173.194.164.186,10.10.0.10,,,443,45082,0,1358,17
1584616122.8150196,173.194.164.186,10.10.0.10,,,443,45082,0,1358,17
1584616122.8168142,10.10.0.10,173.194.164.186,,,45082,443,0,37,17
1584616122.8242786,173.194.164.186,10.10.0.10,,,443,45082,0,1358,17
1584616122.8335822,173.194.164.186,10.10.0.10,,,443,45082,0,1358,17
1584616122.8353071,10.10.0.10,173.194.164.186,,,45082,443,0,37,17
1584616122.842842,173.194.164.186,10.10.0.10,,,443,45082,0,1358,17
1584616122.8521268,173.194.164.186,10.10.0.10,,,443,45082,0,1358,17
1584616122.855278,10.10.0.10,173.194.164.186,,,45082,443,0,50,17
1584616122.861402,173.194.164.186,10.10.0.10,,,443,45082,0,1358,17
1584616122.870703,173.194.164.186,10.10.0.10,,,443,45082,0,1358,17
1584616122.872432,10.10.0.10,173.194.164.186,,,45082,443,0,37,17
1584616122.8799582,173.194.164.186,10.10.0.10,,,443,45082,0,1358,17
1584616122.889245,173.194.164.186,10.10.0.10,,,443,45082,0,1358,17
1584616122.89091,10.10.0.10,173.194.164.186,,,45082,443,0,37,17
1584616122.8985252,173.194.164.186,10.10.0.10,,,443,45082,0,1358,17
1584616122.907801,173.194.164.186,10.10.0.10,,,443,45082,0,29,17
1584616122.9082222,173.194.164.186,10.10.0.10,,,443,45082,0,1358,17
1584616122.909785,10.10.0.10,173.194.164.186,,,45082,443,0,37,17
1584616122.9175026,173.194.164.186,10.10.0.10,,,443,45082,0,1358,17
1584616122.9267778,173.194.164.186,10.10.0.10,,,443,45082,0,1358,17
1584616122.928283,10.10.0.10,173.194.164.186,,,45082,443,0,37,17
1584616122.9360578,173.194.164.186,10.10.0.10,,,443,45082,0,1358,17
1584616122.945344,173.194.164.186,10.10.0.10,,,443,45082,0,1358,17
1584616122.946929,10.10.0.10,173.194.164.186,,,45082,443,0,37,17
1584616122.954623,173.194.164.186,10.10.0.10,,,443,45082,0,1358,17
1584616122.963902,173.194.164.186,10.10.0.10,,,443,45082,0,1358,17
1584616122.9659278,10.10.0.10,173.194.164.186,,,45082,443,0,37,17
1584616122.973182,173.194.164.186,10.10.0.10,,,443,45082,0,1358,17
1584616122.9824605,173.194.164.186,10.10.0.10,,,443,45082,0,1358,17
1584616122.984013,10.10.0.10,173.194.164.186,,,45082,443,0,37,17
1584616122.991744,173.194.164.186,10.10.0.10,,,443,45082,0,1358,17
1584616123.0010188,173.194.164.186,10.10.0.10,,,443,45082,0,1358,17
1584616123.0026748,10.10.0.10,173.194.164.186,,,45082,443,0,37,17
1584616123.010326,173.194.164.186,10.10.0.10,,,443,45082,0,1358,17
1584616123.019579,173.194.164.186,10.10.0.10,,,443,45082,0,1358,17
1584616123.0211382,10.10.0.10,173.194.164.186,,,45082,443,0,37,17
1584616123.0288641,173.194.164.186,10.10.0.10,,,443,45082,0,1358,17
1584616123.0381448,173.194.164.186,10.10.0.10,,,443,45082,0,1358,17
1584616123.0399165,10.10.0.10,173.194.164.186,,,45082,443,0,37,17
1584616123.0474348,173.194.164.186,10.10.0.10,,,443,45082,0,1358,17
1584616123.0567029,173.194.164.186,10.10.0.10,,,443,45082,0,1358,17
1584616123.0592544,10.10.0.10,173.194.164.186,,,45082,443,0,37,17
1584616123.0659769,173.194.164.186,10.10.0.10,,,443,45082,0,1358,17
1584616123.075263,173.194.164.186,10.10.0.10,,,443,45082,0,1358,17
1584616123.0770204,10.10.0.10,173.194.164.186,,,45082,443,0,37,17
1584616123.0845401,173.194.164.186,10.10.0.10,,,443,45082,0,1358,17
1584616123.0938268,173.194.164.186,10.10.0.10,,,443,45082,0,1358,17
1584616123.0955482,10.10.0.10,173.194.164.186,,,45082,443,0,37,17
1584616123.103103,173.194.164.186,10.10.0.10,,,443,45082,0,1358,17
1584616123.112386,173.194.164.186,10.10.0.10,,,443,45082,0,1358,17
1584616123.1141539,10.10.0.10,173.194.164.186,,,45082,443,0,37,17
1584616123.1216679,173.194.164.186,10.10.0.10,,,443,45082,0,1358,17
1584616123.1309388,173.194.164.186,10.10.0.10,,,443,45082,0,1358,17
1584616123.1331491,10.10.0.10,173.194.164.186,,,45082,443,0,37,17
1584616123.140218,173.194.164.186,10.10.0.10,,,443,45082,0,1358,17
1584616123.1495118,173.194.164.186,10.10.0.10,,,443,45082,0,1358,17
1584616123.151025,10.10.0.10,173.194.164.186,,,45082,443,0,37,17
1584616123.158778,173.194.164.186,10.10.0.10,,,443,45082,0,1358,17
1584616123.168058,173.194.164.186,10.10.0.10,,,443,45082,0,1358,17
1584616123.1773405,173.194.164.186,10.10.0.10,,,443,45082,0,1358,17
1584616123.183783,10.10.0.10,173.194.164.186,,,45082,443,0,37,17
1584616123.186646,173.194.164.186,10.10.0.10,,,443,45082,0,1358,17
1584616123.1882784,10.10.0.10,173.194.164.186,,,45082,443,0,37,17
1584616123.195905,173.194.164.186,10.10.0.10,,,443,45082,0,1358,17
1584616123.205179,173.194.164.186,10.10.0.10,,,443,45082,0,1358,17
1584616123.2067509,10.10.0.10,173.194.164.186,,,45082,443,0,37,17
1584616123.214459,173.194.164.186,10.10.0.10,,,443,45082,0,1358,17
1584616123.223759,173.194.164.186,10.10.0.10,,,443,45082,0,1358,17
1584616123.227027,10.10.0.10,173.194.164.186,,,45082,443,0,50,17
1584616123.2330372,173.194.164.186,10.10.0.10,,,443,45082,0,1358,17
1584616123.242321,173.194.164.186,10.10.0.10,,,443,45082,0,1358,17
1584616123.2438989,10.10.0.10,173.194.164.186,,,45082,443,0,37,17
1584616123.2515821,173.194.164.186,10.10.0.10,,,443,45082,0,1358,17
1584616123.260865,173.194.164.186,10.10.0.10,,,443,45082,0,1358,17
1584616123.2638988,10.10.0.10,173.194.164.186,,,45082,443,0,37,17
1584616123.270142,173.194.164.186,10.10.0.10,,,443,45082,0,29,17
1584616123.270571,173.194.164.186,10.10.0.10,,,443,45082,0,1358,17
1584616123.279842,173.194.164.186,10.10.0.10,,,443,45082,0,1358,17
1584616123.281671,10.10.0.10,173.194.164.186,,,45082,443,0,37,17
1584616123.2891312,173.194.164.186,10.10.0.10,,,443,45082,0,1358,17
1584616123.2984052,173.194.164.186,10.10.0.10,,,443,45082,0,1358,17
1584616123.300169,10.10.0.10,173.194.164.186,,,45082,443,0,37,17
1584616123.307696,173.194.164.186,10.10.0.10,,,443,45082,0,1358,17
1584616123.316962,173.194.164.186,10.10.0.10,,,443,45082,0,1358,17
1584616123.318793,10.10.0.10,173.194.164.186,,,45082,443,0,37,17
1584616123.326255,173.194.164.186,10.10.0.10,,,443,45082,0,1358,17
1584616123.3355238,173.194.164.186,10.10.0.10,,,443,45082,0,1358,17
1584616123.3372722,10.10.0.10,173.194.164.186,,,45082,443,0,37,17
1584616123.3448179,173.194.164.186,10.10.0.10,,,443,45082,0,1358,17
1584616123.3540812,173.194.164.186,10.10.0.10,,,443,45082,0,1358,17
1584616123.356415,10.10.0.10,173.194.164.186,,,45082,443,0,37,17
1584616123.3633788,173.194.164.186,10.10.0.10,,,443,45082,0,1358,17
1584616123.3726401,173.194.164.186,10.10.0.10,,,443,45082,0,1358,17
1584616123.374917,10.10.0.10,173.194.164.186,,,45082,443,0,37,17
1584616123.381941,173.194.164.186,10.10.0.10,,,443,45082,0,1358,17
1584616123.391201,173.194.164.186,10.10.0.10,,,443,45082,0,1358,17
1584616123.393251,10.10.0.10,173.194.164.186,,,45082,443,0,37,17
1584616123.400486,173.194.164.186,10.10.0.10,,,443,45082,0,1358,17
1584616123.409761,173.194.164.186,10.10.0.10,,,443,45082,0,1358,17
1584616123.411415,10.10.0.10,173.194.164.186,,,45082,443,0,37,17
1584616123.419064,173.194.164.186,10.10.0.10,,,443,45082,0,1358,17
1584616123.4283216,173.194.164.186,10.10.0.10,,,443,45082,0,1358,17
1584616123.430017,10.10.0.10,173.194.164.186,,,45082,443,0,37,17
1584616123.4376018,173.194.164.186,10.10.0.10,,,443,45082,0,1358,17
1584616123.446883,173.194.164.186,10.10.0.10,,,443,45082,0,1358,17
1584616123.4490368,10.10.0.10,173.194.164.186,,,45082,443,0,37,17
1584616123.4561641,173.194.164.186,10.10.0.10,,,443,45082,0,1358,17
1584616123.4654448,173.194.164.186,10.10.0.10,,,443,45082,0,1358,17
1584616123.466883,10.10.0.10,173.194.164.186,,,45082,443,0,37,17
1584616123.474736,173.194.164.186,10.10.0.10,,,443,45082,0,1358,17
1584616123.4840028,173.194.164.186,10.10.0.10,,,443,45082,0,1358,17
1584616123.485914,10.10.0.10,173.194.164.186,,,45082,443,0,37,17
1584616123.4932852,173.194.164.186,10.10.0.10,,,443,45082,0,1358,17
1584616123.5025651,173.194.164.186,10.10.0.10,,,443,45082,0,1358,17
1584616123.5045106,10.10.0.10,173.194.164.186,,,45082,443,0,37,17
1584616123.511842,173.194.164.186,10.10.0.10,,,443,45082,0,1358,17
1584616123.521125,173.194.164.186,10.10.0.10,,,443,45082,0,1358,17
1584616123.523162,10.10.0.10,173.194.164.186,,,45082,443,0,37,17
1584616123.530403,173.194.164.186,10.10.0.10,,,443,45082,0,1358,17
1584616123.53969,173.194.164.186,10.10.0.10,,,443,45082,0,1358,17
1584616123.5414119,10.10.0.10,173.194.164.186,,,45082,443,0,37,17
1584616123.5489671,173.194.164.186,10.10.0.10,,,443,45082,0,1358,17
1584616123.558248,173.194.164.186,10.10.0.10,,,443,45082,0,1358,17
1584616123.559882,10.10.0.10,173.194.164.186,,,45082,443,0,37,17
1584616123.5675228,173.194.164.186,10.10.0.10,,,443,45082,0,1358,17
1584616123.576802,173.194.164.186,10.10.0.10,,,443,45082,0,1358,17
1584616123.578514,10.10.0.10,173.194.164.186,,,45082,443,0,37,17
1584616123.58608,173.194.164.186,10.10.0.10,,,443,45082,0,1358,17
1584616123.595374,173.194.164.186,10.10.0.10,,,443,45082,0,1358,17
1584616123.5970132,10.10.0.10,173.194.164.186,,,45082,443,0,50,17
1584616123.604642,173.194.164.186,10.10.0.10,,,443,45082,0,1358,17
1584616123.613936,173.194.164.186,10.10.0.10,,,443,45082,0,1358,17
1584616123.6161618,10.10.0.10,173.194.164.186,,,45082,443,0,37,17
1584616123.6232038,173.194.164.186,10.10.0.10,,,443,45082,0,1358,17
1584616123.632496,173.194.164.186,10.10.0.10,,,443,45082,0,1358,17
1584616123.634038,10.10.0.10,173.194.164.186,,,45082,443,0,37,17
1584616123.641763,173.194.164.186,10.10.0.10,,,443,45082,0,29,17
1584616123.6421866,173.194.164.186,10.10.0.10,,,443,45082,0,1358,17
1584616123.6514616,173.194.164.186,10.10.0.10,,,443,45082,0,1358,17
1584616123.6531572,10.10.0.10,173.194.164.186,,,45082,443,0,37,17
1584616123.660746,173.194.164.186,10.10.0.10,,,443,45082,0,1358,17
1584616123.670031,173.194.164.186,10.10.0.10,,,443,45082,0,1358,17
1584616123.671887,10.10.0.10,173.194.164.186,,,45082,443,0,37,17
1584616123.6793132,173.194.164.186,10.10.0.10,,,443,45082,0,1358,17
1584616123.6885831,173.194.164.186,10.10.0.10,,,443,45082,0,1358,17
1584616123.6906366,10.10.0.10,173.194.164.186,,,45082,443,0,37,17
1584616123.69787,173.194.164.186,10.10.0.10,,,443,45082,0,1358,17
1584616123.7071412,173.194.164.186,10.10.0.10,,,443,45082,0,1358,17
1584616123.708888,10.10.0.10,173.194.164.186,,,45082,443,0,37,17
1584616123.716435,173.194.164.186,10.10.0.10,,,443,45082,0,1358,17
1584616123.7257054,173.194.164.186,10.10.0.10,,,443,45082,0,1358,17
1584616123.727386,10.10.0.10,173.194.164.186,,,45082,443,0,37,17
1584616123.734993,173.194.164.186,10.10.0.10,,,443,45082,0,1358,17
1584616123.7442632,173.194.164.186,10.10.0.10,,,443,45082,0,1358,17
1584616123.7458851,10.10.0.10,173.194.164.186,,,45082,443,0,37,17
1584616123.7535589,173.194.164.186,10.10.0.10,,,443,45082,0,1358,17
1584616123.762823,173.194.164.186,10.10.0.10,,,443,45082,0,1358,17
1584616123.764533,10.10.0.10,173.194.164.186,,,45082,443,0,37,17
1584616123.7721179,173.194.164.186,10.10.0.10,,,443,45082,0,1358,17
1584616123.781383,173.194.164.186,10.10.0.10,,,443,45082,0,1358,17
1584616123.783154,10.10.0.10,173.194.164.186,,,45082,443,0,37,17
1584616123.7906818,173.194.164.186,10.10.0.10,,,443,45082,0,1358,17
1584616123.799944,173.194.164.186,10.10.0.10,,,443,45082,0,1358,17
1584616123.8016348,10.10.0.10,173.194.164.186,,,45082,443,0,37,17
1584616123.809242,173.194.164.186,10.10.0.10,,,443,45082,0,1358,17
1584616123.8185036,173.194.164.186,10.10.0.10,,,443,45082,0,1358,17
1584616123.8202589,10.10.0.10,173.194.164.186,,,45082,443,0,37,17
1584616123.827802,173.194.164.186,10.10.0.10,,,443,45082,0,1358,17
1584616123.837062,173.194.164.186,10.10.0.10,,,443,45082,0,1358,17
1584616123.839133,10.10.0.10,173.194.164.186,,,45082,443,0,37,17
1584616123.846342,173.194.164.186,10.10.0.10,,,443,45082,0,1358,17
1584616123.855624,173.194.164.186,10.10.0.10,,,443,45082,0,1358,17
1584616123.8574028,10.10.0.10,173.194.164.186,,,45082,443,0,37,17
1584616123.8649242,173.194.164.186,10.10.0.10,,,443,45082,0,1358,17
1584616123.874184,173.194.164.186,10.10.0.10,,,443,45082,0,1358,17
1584616123.875778,10.10.0.10,173.194.164.186,,,45082,443,0,37,17
1584616123.8834634,173.194.164.186,10.10.0.10,,,443,45082,0,1358,17
1584616123.8927422,173.194.164.186,10.10.0.10,,,443,45082,0,1358,17
1584616123.894758,10.10.0.10,173.194.164.186,,,45082,443,0,37,17
1584616123.902023,173.194.164.186,10.10.0.10,,,443,45082,0,1358,17
1584616123.911303,173.194.164.186,10.10.0.10,,,443,45082,0,1358,17
1584616123.9129992,10.10.0.10,173.194.164.186,,,45082,443,0,37,17
1584616123.920585,173.194.164.186,10.10.0.10,,,443,45082,0,1358,17
1584616123.929863,173.194.164.186,10.10.0.10,,,443,45082,0,1358,17
1584616123.9316292,10.10.0.10,173.194.164.186,,,45082,443,0,37,17
1584616123.939143,173.194.164.186,10.10.0.10,,,443,45082,0,1358,17
1584616123.9484286,173.194.164.186,10.10.0.10,,,443,45082,0,1358,17
1584616123.955879,10.10.0.10,173.194.164.186,,,45082,443,0,37,17
1584616123.9577038,173.194.164.186,10.10.0.10,,,443,45082,0,1358,17
1584616123.966991,173.194.164.186,10.10.0.10,,,443,45082,0,1358,17
1584616123.9687722,10.10.0.10,173.194.164.186,,,45082,443,0,50,17
1584616123.9762568,173.194.164.186,10.10.0.10,,,443,45082,0,1358,17
1584616123.9855502,173.194.164.186,10.10.0.10,,,443,45082,0,1358,17
1584616123.9872518,10.10.0.10,173.194.164.186,,,45082,443,0,37,17
1584616123.994824,173.194.164.186,10.10.0.10,,,443,45082,0,1358,17
1584616124.004097,173.194.164.186,10.10.0.10,,,443,45082,0,1358,17
1584616124.0062249,10.10.0.10,173.194.164.186,,,45082,443,0,37,17
1584616124.0133786,173.194.164.186,10.10.0.10,,,443,45082,0,29,17
1584616124.013796,173.194.164.186,10.10.0.10,,,443,45082,0,1358,17
1584616124.023081,173.194.164.186,10.10.0.10,,,443,45082,0,1358,17
1584616124.024752,10.10.0.10,173.194.164.186,,,45082,443,0,37,17
1584616124.0323572,173.194.164.186,10.10.0.10,,,443,45082,0,1358,17
1584616124.0416358,173.194.164.186,10.10.0.10,,,443,45082,0,1358,17
1584616124.0432134,10.10.0.10,173.194.164.186,,,45082,443,0,37,17
1584616124.0509279,173.194.164.186,10.10.0.10,,,443,45082,0,1358,17
1584616124.060197,173.194.164.186,10.10.0.10,,,443,45082,0,1358,17
1584616124.0636358,10.10.0.10,173.194.164.186,,,45082,443,0,37,17
1584616124.0694842,173.194.164.186,10.10.0.10,,,443,45082,0,1358,17
1584616124.0787628,173.194.164.186,10.10.0.10,,,443,45082,0,1358,17
1584616124.080518,10.10.0.10,173.194.164.186,,,45082,443,0,37,17
1584616124.088037,173.194.164.186,10.10.0.10,,,443,45082,0,1358,17
1584616124.0973196,173.194.164.186,10.10.0.10,,,443,45082,0,1358,17
1584616124.098894,10.10.0.10,173.194.164.186,,,45082,443,0,37,17
1584616124.106608,173.194.164.186,10.10.0.10,,,443,45082,0,1358,17
1584616124.115882,173.194.164.186,10.10.0.10,,,443,45082,0,1358,17
1584616124.1176178,10.10.0.10,173.194.164.186,,,45082,443,0,37,17
1584616124.1251712,173.194.164.186,10.10.0.10,,,443,45082,0,1358,17
1584616124.1344428,173.194.164.186,10.10.0.10,,,443,45082,0,1358,17
1584616124.1361446,10.10.0.10,173.194.164.186,,,45082,443,0,37,17
1584616124.1437318,173.194.164.186,10.10.0.10,,,443,45082,0,1358,17
1584616124.152999,173.194.164.186,10.10.0.10,,,443,45082,0,1358,17
1584616124.1546204,10.10.0.10,173.194.164.186,,,45082,443,0,37,17
1584616124.162284,173.194.164.186,10.10.0.10,,,443,45082,0,1358,17
1584616124.171567,173.194.164.186,10.10.0.10,,,443,45082,0,1358,17
1584616124.173506,10.10.0.10,173.194.164.186,,,45082,443,0,37,17
1584616124.180856,173.194.164.186,10.10.0.10,,,443,45082,0,1358,17
1584616124.190118,173.194.164.186,10.10.0.10,,,443,45082,0,1358,17
1584616124.1917171,10.10.0.10,173.194.164.186,,,45082,443,0,37,17
1584616124.199401,173.194.164.186,10.10.0.10,,,443,45082,0,1358,17
1584616124.2086818,173.194.164.186,10.10.0.10,,,443,45082,0,1358,17
1584616124.2102768,10.10.0.10,173.194.164.186,,,45082,443,0,37,17
1584616124.217976,173.194.164.186,10.10.0.10,,,443,45082,0,532,17
1584616124.267522,10.10.0.10,173.194.164.186,,,45082,443,0,37,17
1584616125.686585,10.10.0.10,173.194.164.186,,,45082,443,0,717,17
1584616125.6866179,10.10.0.10,173.194.164.186,,,45082,443,0,48,17
1584616125.69099,173.194.164.186,10.10.0.10,,,443,45082,0,115,17
1584616125.691025,173.194.164.186,10.10.0.10,,,443,45082,0,1358,17
1584616125.691047,173.194.164.186,10.10.0.10,,,443,45082,0,1358,17
1584616125.6928532,10.10.0.10,173.194.164.186,,,45082,443,0,37,17
1584616125.699889,173.194.164.186,10.10.0.10,,,443,45082,0,1358,17
1584616125.7015982,10.10.0.10,173.194.164.186,,,45082,443,0,37,17
1584616125.7091732,173.194.164.186,10.10.0.10,,,443,45082,0,1358,17
1584616125.718446,173.194.164.186,10.10.0.10,,,443,45082,0,1358,17
1584616125.7277482,173.194.164.186,10.10.0.10,,,443,45082,0,1358,17
1584616125.73701,173.194.164.186,10.10.0.10,,,443,45082,0,1358,17
1584616125.7462866,173.194.164.186,10.10.0.10,,,443,45082,0,1358,17
1584616125.747475,10.10.0.10,173.194.164.186,,,45082,443,0,37,17
1584616125.749596,10.10.0.10,173.194.164.186,,,45082,443,0,37,17
1584616125.7555661,173.194.164.186,10.10.0.10,,,443,45082,0,1358,17
1584616125.759347,10.10.0.10,173.194.164.186,,,45082,443,0,37,17
1584616125.7648456,173.194.164.186,10.10.0.10,,,443,45082,0,1358,17
1584616125.774129,173.194.164.186,10.10.0.10,,,443,45082,0,1358,17
1584616125.7759461,10.10.0.10,173.194.164.186,,,45082,443,0,37,17
1584616125.783408,173.194.164.186,10.10.0.10,,,443,45082,0,1358,17
1584616125.792686,173.194.164.186,10.10.0.10,,,443,45082,0,1358,17
1584616125.794326,10.10.0.10,173.194.164.186,,,45082,443,0,37,17
1584616125.8019671,173.194.164.186,10.10.0.10,,,443,45082,0,1358,17
1584616125.811249,173.194.164.186,10.10.0.10,,,443,45082,0,1358,17
1584616125.8132198,10.10.0.10,173.194.164.186,,,45082,443,0,37,17
1584616125.8205252,173.194.164.186,10.10.0.10,,,443,45082,0,1358,17
1584616125.829807,173.194.164.186,10.10.0.10,,,443,45082,0,1358,17
1584616125.83145,10.10.0.10,173.194.164.186,,,45082,443,0,37,17
1584616125.839087,173.194.164.186,10.10.0.10,,,443,45082,0,1358,17
1584616125.8483715,173.194.164.186,10.10.0.10,,,443,45082,0,1358,17
1584616125.852816,10.10.0.10,173.194.164.186,,,45082,443,0,37,17
1584616125.8576472,173.194.164.186,10.10.0.10,,,443,45082,0,1358,17
1584616125.866932,173.194.164.186,10.10.0.10,,,443,45082,0,1358,17
1584616125.868576,10.10.0.10,173.194.164.186,,,45082,443,0,37,17
1584616125.876201,173.194.164.186,10.10.0.10,,,443,45082,0,1358,17
1584616125.8854976,173.194.164.186,10.10.0.10,,,443,45082,0,1358,17
1584616125.887198,10.10.0.10,173.194.164.186,,,45082,443,0,37,17
1584616125.894766,173.194.164.186,10.10.0.10,,,443,45082,0,1358,17
1584616125.904056,173.194.164.186,10.10.0.10,,,443,45082,0,1358,17
1584616125.9056988,10.10.0.10,173.194.164.186,,,45082,443,0,37,17
1584616125.913329,173.194.164.186,10.10.0.10,,,443,45082,0,1358,17
1584616125.9226189,173.194.164.186,10.10.0.10,,,443,45082,0,1358,17
1584616125.9243462,10.10.0.10,173.194.164.186,,,45082,443,0,37,17
1584616125.9318864,173.194.164.186,10.10.0.10,,,443,45082,0,1358,17
1584616125.9411778,173.194.164.186,10.10.0.10,,,443,45082,0,1358,17
1584616125.9426858,10.10.0.10,173.194.164.186,,,45082,443,0,37,17
1584616125.950448,173.194.164.186,10.10.0.10,,,443,45082,0,1358,17
1584616125.9597402,173.194.164.186,10.10.0.10,,,443,45082,0,1358,17
1584616125.9613402,10.10.0.10,173.194.164.186,,,45082,443,0,37,17
1584616125.969007,173.194.164.186,10.10.0.10,,,443,45082,0,1358,17
1584616125.978285,173.194.164.186,10.10.0.10,,,443,45082,0,1358,17
1584616125.9799662,10.10.0.10,173.194.164.186,,,45082,443,0,37,17
1584616125.987839,173.194.164.186,10.10.0.10,,,443,45082,0,1358,17
1584616125.9971251,173.194.164.186,10.10.0.10,,,443,45082,0,1358,17
1584616125.9988186,10.10.0.10,173.194.164.186,,,45082,443,0,37,17
1584616126.006406,173.194.164.186,10.10.0.10,,,443,45082,0,1358,17
1584616126.015687,173.194.164.186,10.10.0.10,,,443,45082,0,1358,17
1584616126.0207288,10.10.0.10,173.194.164.186,,,45082,443,0,37,17
1584616126.0249894,173.194.164.186,10.10.0.10,,,443,45082,0,1358,17
1584616126.0342598,173.194.164.186,10.10.0.10,,,443,45082,0,1358,17
1584616126.036313,10.10.0.10,173.194.164.186,,,45082,443,0,50,17
1584616126.0381708,10.10.0.10,173.194.164.186,,,45082,443,0,719,17
1584616126.038198,10.10.0.10,173.194.164.186,,,45082,443,0,48,17
1584616126.0435224,173.194.164.186,10.10.0.10,,,443,45082,0,1358,17
1584616126.0528061,173.194.164.186,10.10.0.10,,,443,45082,0,1358,17
1584616126.0545714,10.10.0.10,173.194.164.186,,,45082,443,0,37,17
1584616126.0620868,173.194.164.186,10.10.0.10,,,443,45082,0,1358,17
1584616126.071362,173.194.164.186,10.10.0.10,,,443,45082,0,1358,17
1584616126.0730429,10.10.0.10,173.194.164.186,,,45082,443,0,37,17
1584616126.080647,173.194.164.186,10.10.0.10,,,443,45082,0,1358,17
1584616126.089925,173.194.164.186,10.10.0.10,,,443,45082,0,1358,17
1584616126.091456,10.10.0.10,173.194.164.186,,,45082,443,0,37,17
1584616126.099207,173.194.164.186,10.10.0.10,,,443,45082,0,1358,17
1584616126.1084828,173.194.164.186,10.10.0.10,,,443,45082,0,29,17
1584616126.108901,173.194.164.186,10.10.0.10,,,443,45082,0,1358,17
1584616126.1102931,10.10.0.10,173.194.164.186,,,45082,443,0,37,17
1584616126.1181812,173.194.164.186,10.10.0.10,,,443,45082,0,1358,17
1584616126.127486,173.194.164.186,10.10.0.10,,,443,45082,0,1358,17
1584616126.129066,10.10.0.10,173.194.164.186,,,45082,443,0,37,17
1584616126.136745,173.194.164.186,10.10.0.10,,,443,45082,0,1358,17
1584616126.146026,173.194.164.186,10.10.0.10,,,443,45082,0,1358,17
1584616126.147712,10.10.0.10,173.194.164.186,,,45082,443,0,37,17
1584616126.155302,173.194.164.186,10.10.0.10,,,443,45082,0,1358,17
1584616126.1645849,173.194.164.186,10.10.0.10,,,443,45082,0,1358,17
1584616126.16729,10.10.0.10,173.194.164.186,,,45082,443,0,37,17
1584616126.1738598,173.194.164.186,10.10.0.10,,,443,45082,0,1358,17
1584616126.183147,173.194.164.186,10.10.0.10,,,443,45082,0,1358,17
1584616126.184814,10.10.0.10,173.194.164.186,,,45082,443,0,37,17
1584616126.192423,173.194.164.186,10.10.0.10,,,443,45082,0,1358,17
1584616126.2017028,173.194.164.186,10.10.0.10,,,443,45082,0,1358,17
1584616126.203292,10.10.0.10,173.194.164.186,,,45082,443,0,37,17
1584616126.210986,173.194.164.186,10.10.0.10,,,443,45082,0,1358,17
1584616126.2202609,173.194.164.186,10.10.0.10,,,443,45082,0,1358,17
1584616126.2219398,10.10.0.10,173.194.164.186,,,45082,443,0,37,17
1584616126.2295446,173.194.164.186,10.10.0.10,,,443,45082,0,1358,17
1584616126.238823,173.194.164.186,10.10.0.10,,,443,45082,0,1358,17
1584616126.245035,10.10.0.10,173.194.164.186,,,45082,443,0,37,17
1584616126.2481024,173.194.164.186,10.10.0.10,,,443,45082,0,1358,17
1584616126.257387,173.194.164.186,10.10.0.10,,,443,45082,0,1358,17
1584616126.2590652,10.10.0.10,173.194.164.186,,,45082,443,0,37,17
1584616126.266665,173.194.164.186,10.10.0.10,,,443,45082,0,1358,17
1584616126.2759671,173.194.164.186,10.10.0.10,,,443,45082,0,1358,17
1584616126.277709,10.10.0.10,173.194.164.186,,,45082,443,0,37,17
1584616126.2852368,173.194.164.186,10.10.0.10,,,443,45082,0,1358,17
1584616126.2945082,173.194.164.186,10.10.0.10,,,443,45082,0,1358,17
1584616126.296433,10.10.0.10,173.194.164.186,,,45082,443,0,37,17
1584616126.303793,173.194.164.186,10.10.0.10,,,443,45082,0,1358,17
1584616126.313066,173.194.164.186,10.10.0.10,,,443,45082,0,1358,17
1584616126.3145616,10.10.0.10,173.194.164.186,,,45082,443,0,37,17
1584616126.322359,173.194.164.186,10.10.0.10,,,443,45082,0,1358,17
1584616126.331625,173.194.164.186,10.10.0.10,,,443,45082,0,1358,17
1584616126.3331876,10.10.0.10,173.194.164.186,,,45082,443,0,37,17
1584616126.340919,173.194.164.186,10.10.0.10,,,443,45082,0,1358,17
1584616126.350185,173.194.164.186,10.10.0.10,,,443,45082,0,1358,17
1584616126.351831,10.10.0.10,173.194.164.186,,,45082,443,0,37,17
1584616126.359478,173.194.164.186,10.10.0.10,,,443,45082,0,1358,17
1584616126.3687446,173.194.164.186,10.10.0.10,,,443,45082,0,1358,17
1584616126.372187,10.10.0.10,173.194.164.186,,,45082,443,0,37,17
1584616126.378041,173.194.164.186,10.10.0.10,,,443,45082,0,1358,17
1584616126.387307,173.194.164.186,10.10.0.10,,,443,45082,0,1358,17
1584616126.388926,10.10.0.10,173.194.164.186,,,45082,443,0,37,17
1584616126.396606,173.194.164.186,10.10.0.10,,,443,45082,0,1358,17
1584616126.405866,173.194.164.186,10.10.0.10,,,443,45082,0,1358,17
1584616126.407961,10.10.0.10,173.194.164.186,,,45082,443,0,50,17
1584616126.415145,173.194.164.186,10.10.0.10,,,443,45082,0,1358,17
1584616126.424422,173.194.164.186,10.10.0.10,,,443,45082,0,1358,17
1584616126.4260788,10.10.0.10,173.194.164.186,,,45082,443,0,37,17
1584616126.433726,173.194.164.186,10.10.0.10,,,443,45082,0,1358,17
1584616126.442985,173.194.164.186,10.10.0.10,,,443,45082,0,1358,17
1584616126.4447012,10.10.0.10,173.194.164.186,,,45082,443,0,37,17
1584616126.452266,173.194.164.186,10.10.0.10,,,443,45082,0,1358,17
1584616126.4615474,173.194.164.186,10.10.0.10,,,443,45082,0,1358,17
1584616126.463326,10.10.0.10,173.194.164.186,,,45082,443,0,37,17
1584616126.470825,173.194.164.186,10.10.0.10,,,443,45082,0,1358,17
1584616126.480106,173.194.164.186,10.10.0.10,,,443,45082,0,1358,17
1584616126.4817,10.10.0.10,173.194.164.186,,,45082,443,0,37,17
1584616126.4893858,173.194.164.186,10.10.0.10,,,443,45082,0,1358,17
1584616126.4986696,173.194.164.186,10.10.0.10,,,443,45082,0,1358,17
1584616126.5004294,10.10.0.10,173.194.164.186,,,45082,443,0,37,17
1584616126.507952,173.194.164.186,10.10.0.10,,,443,45082,0,1358,17
1584616126.5172286,173.194.164.186,10.10.0.10,,,443,45082,0,1358,17
1584616126.518949,10.10.0.10,173.194.164.186,,,45082,443,0,37,17
1584616126.526505,173.194.164.186,10.10.0.10,,,443,45082,0,1358,17
1584616126.5357866,173.194.164.186,10.10.0.10,,,443,45082,0,1358,17
1584616126.537303,10.10.0.10,173.194.164.186,,,45082,443,0,37,17
1584616126.545066,173.194.164.186,10.10.0.10,,,443,45082,0,1358,17
1584616126.55435,173.194.164.186,10.10.0.10,,,443,45082,0,1358,17
1584616126.556199,10.10.0.10,173.194.164.186,,,45082,443,0,37,17
1584616126.563621,173.194.164.186,10.10.0.10,,,443,45082,0,1358,17
1584616126.572911,173.194.164.186,10.10.0.10,,,443,45082,0,1358,17
1584616126.5753222,10.10.0.10,173.194.164.186,,,45082,443,0,37,17
1584616126.582186,173.194.164.186,10.10.0.10,,,443,45082,0,1358,17
1584616126.5914748,173.194.164.186,10.10.0.10,,,443,45082,0,1358,17
1584616126.593573,10.10.0.10,173.194.164.186,,,45082,443,0,37,17
1584616126.600745,173.194.164.186,10.10.0.10,,,443,45082,0,1358,17
1584616126.610034,173.194.164.186,10.10.0.10,,,443,45082,0,1358,17
1584616126.611669,10.10.0.10,173.194.164.186,,,45082,443,0,37,17
1584616126.6193054,173.194.164.186,10.10.0.10,,,443,45082,0,1358,17
1584616126.628599,173.194.164.186,10.10.0.10,,,443,45082,0,1358,17
1584616126.630431,10.10.0.10,173.194.164.186,,,45082,443,0,37,17
1584616126.637866,173.194.164.186,10.10.0.10,,,443,45082,0,1358,17
1584616126.647158,173.194.164.186,10.10.0.10,,,443,45082,0,1358,17
1584616126.6489284,10.10.0.10,173.194.164.186,,,45082,443,0,37,17
1584616126.656426,173.194.164.186,10.10.0.10,,,443,45082,0,1358,17
1584616126.66572,173.194.164.186,10.10.0.10,,,443,45082,0,1358,17
1584616126.668552,10.10.0.10,173.194.164.186,,,45082,443,0,37,17
1584616126.674985,173.194.164.186,10.10.0.10,,,443,45082,0,1358,17
1584616126.6842618,173.194.164.186,10.10.0.10,,,443,45082,0,1358,17
1584616126.686444,10.10.0.10,173.194.164.186,,,45082,443,0,37,17
1584616126.6935468,173.194.164.186,10.10.0.10,,,443,45082,0,1358,17
1584616126.702844,173.194.164.186,10.10.0.10,,,443,45082,0,1358,17
1584616126.7045698,10.10.0.10,173.194.164.186,,,45082,443,0,37,17
1584616126.712109,173.194.164.186,10.10.0.10,,,443,45082,0,1358,17
1584616126.721385,173.194.164.186,10.10.0.10,,,443,45082,0,1358,17
1584616126.723425,10.10.0.10,173.194.164.186,,,45082,443,0,37,17
1584616126.730668,173.194.164.186,10.10.0.10,,,443,45082,0,1358,17
1584616126.739969,173.194.164.186,10.10.0.10,,,443,45082,0,1358,17
1584616126.741675,10.10.0.10,173.194.164.186,,,45082,443,0,37,17
1584616126.749226,173.194.164.186,10.10.0.10,,,443,45082,0,1358,17
1584616126.7585092,173.194.164.186,10.10.0.10,,,443,45082,0,1358,17
1584616126.7603002,10.10.0.10,173.194.164.186,,,45082,443,0,37,17
1584616126.767787,173.194.164.186,10.10.0.10,,,443,45082,0,1358,17
1584616126.777064,173.194.164.186,10.10.0.10,,,443,45082,0,1358,17
1584616126.778943,10.10.0.10,173.194.164.186,,,45082,443,0,50,17
1584616126.786349,173.194.164.186,10.10.0.10,,,443,45082,0,1358,17
1584616126.795626,173.194.164.186,10.10.0.10,,,443,45082,0,1358,17
1584616126.797297,10.10.0.10,173.194.164.186,,,45082,443,0,37,17
1584616126.8049068,173.194.164.186,10.10.0.10,,,443,45082,0,1358,17
1584616126.8141859,173.194.164.186,10.10.0.10,,,443,45082,0,1358,17
1584616126.815816,10.10.0.10,173.194.164.186,,,45082,443,0,37,17
1584616126.8234699,173.194.164.186,10.10.0.10,,,443,45082,0,1358,17
1584616126.832743,173.194.164.186,10.10.0.10,,,443,45082,0,29,17
1584616126.833168,173.194.164.186,10.10.0.10,,,443,45082,0,1358,17
1584616126.83455,10.10.0.10,173.194.164.186,,,45082,443,0,37,17
1584616126.8424668,173.194.164.186,10.10.0.10,,,443,45082,0,1358,17
1584616126.851726,173.194.164.186,10.10.0.10,,,443,45082,0,1358,17
1584616126.8532946,10.10.0.10,173.194.164.186,,,45082,443,0,37,17
1584616126.861006,173.194.164.186,10.10.0.10,,,443,45082,0,1358,17
1584616126.870287,173.194.164.186,10.10.0.10,,,443,45082,0,1358,17
1584616126.872184,10.10.0.10,173.194.164.186,,,45082,443,0,37,17
1584616126.879589,173.194.164.186,10.10.0.10,,,443,45082,0,1358,17
1584616126.8888464,173.194.164.186,10.10.0.10,,,443,45082,0,1358,17
1584616126.890448,10.10.0.10,173.194.164.186,,,45082,443,0,37,17
1584616126.8981252,173.194.164.186,10.10.0.10,,,443,45082,0,1358,17
1584616126.907407,173.194.164.186,10.10.0.10,,,443,45082,0,1358,17
1584616126.9089382,10.10.0.10,173.194.164.186,,,45082,443,0,37,17
1584616126.9166858,173.194.164.186,10.10.0.10,,,443,45082,0,1358,17
1584616126.925966,173.194.164.186,10.10.0.10,,,443,45082,0,1358,17
1584616126.92742,10.10.0.10,173.194.164.186,,,45082,443,0,37,17
1584616126.935246,173.194.164.186,10.10.0.10,,,443,45082,0,1358,17
1584616126.944525,173.194.164.186,10.10.0.10,,,443,45082,0,1358,17
1584616126.946314,10.10.0.10,173.194.164.186,,,45082,443,0,37,17
1584616126.9538062,173.194.164.186,10.10.0.10,,,443,45082,0,1358,17
1584616126.96309,173.194.164.186,10.10.0.10,,,443,45082,0,1358,17
1584616126.964937,10.10.0.10,173.194.164.186,,,45082,443,0,37,17
1584616126.972367,173.194.164.186,10.10.0.10,,,443,45082,0,1358,17
1584616126.9816518,173.194.164.186,10.10.0.10,,,443,45082,0,1358,17
1584616126.9834359,10.10.0.10,173.194.164.186,,,45082,443,0,37,17
1584616126.9909296,173.194.164.186,10.10.0.10,,,443,45082,0,1358,17
1584616127.0002098,173.194.164.186,10.10.0.10,,,443,45082,0,1358,17
1584616127.0094864,173.194.164.186,10.10.0.10,,,443,45082,0,1358,17
1584616127.018774,173.194.164.186,10.10.0.10,,,443,45082,0,1358,17
1584616127.0272925,10.10.0.10,173.194.164.186,,,45082,443,0,37,17
1584616127.028047,173.194.164.186,10.10.0.10,,,443,45082,0,1358,17
1584616127.029185,10.10.0.10,173.194.164.186,,,45082,443,0,37,17
1584616127.037338,173.194.164.186,10.10.0.10,,,443,45082,0,1358,17
1584616127.039059,10.10.0.10,173.194.164.186,,,45082,443,0,37,17
1584616127.046608,173.194.164.186,10.10.0.10,,,443,45082,0,1358,17
1584616127.055897,173.194.164.186,10.10.0.10,,,443,45082,0,1358,17
1584616127.057789,10.10.0.10,173.194.164.186,,,45082,443,0,37,17
1584616127.065164,173.194.164.186,10.10.0.10,,,443,45082,0,1358,17
1584616127.0744429,173.194.164.186,10.10.0.10,,,443,45082,0,1358,17
1584616127.0762842,10.10.0.10,173.194.164.186,,,45082,443,0,37,17
1584616127.0837262,173.194.164.186,10.10.0.10,,,443,45082,0,1358,17
1584616127.0930018,173.194.164.186,10.10.0.10,,,443,45082,0,1358,17
1584616127.0956829,10.10.0.10,173.194.164.186,,,45082,443,0,37,17
1584616127.1022859,173.194.164.186,10.10.0.10,,,443,45082,0,1358,17
1584616127.1115642,173.194.164.186,10.10.0.10,,,443,45082,0,1358,17
1584616127.1137626,10.10.0.10,173.194.164.186,,,45082,443,0,37,17
1584616127.1208448,173.194.164.186,10.10.0.10,,,443,45082,0,1358,17
1584616127.1301286,173.194.164.186,10.10.0.10,,,443,45082,0,1358,17
1584616127.1321652,10.10.0.10,173.194.164.186,,,45082,443,0,37,17
1584616127.139405,173.194.164.186,10.10.0.10,,,443,45082,0,1358,17
1584616127.1486812,173.194.164.186,10.10.0.10,,,443,45082,0,1358,17
1584616127.150432,10.10.0.10,173.194.164.186,,,45082,443,0,50,17
1584616127.1579628,173.194.164.186,10.10.0.10,,,443,45082,0,1358,17
1584616127.1672456,173.194.164.186,10.10.0.10,,,443,45082,0,1358,17
1584616127.169539,10.10.0.10,173.194.164.186,,,45082,443,0,37,17
1584616127.1765304,173.194.164.186,10.10.0.10,,,443,45082,0,1358,17
1584616127.185804,173.194.164.186,10.10.0.10,,,443,45082,0,1358,17
1584616127.1875591,10.10.0.10,173.194.164.186,,,45082,443,0,37,17
1584616127.195087,173.194.164.186,10.10.0.10,,,443,45082,0,1358,17
1584616127.204362,173.194.164.186,10.10.0.10,,,443,45082,0,1358,17
1584616127.206034,10.10.0.10,173.194.164.186,,,45082,443,0,37,17
1584616127.213641,173.194.164.186,10.10.0.10,,,443,45082,0,1358,17
1584616127.2229226,173.194.164.186,10.10.0.10,,,443,45082,0,1358,17
1584616127.2245116,10.10.0.10,173.194.164.186,,,45082,443,0,37,17
1584616127.2322009,173.194.164.186,10.10.0.10,,,443,45082,0,1358,17
1584616127.241477,173.194.164.186,10.10.0.10,,,443,45082,0,1358,17
1584616127.243166,10.10.0.10,173.194.164.186,,,45082,443,0,37,17
1584616127.250765,173.194.164.186,10.10.0.10,,,443,45082,0,1358,17
1584616127.2600381,173.194.164.186,10.10.0.10,,,443,45082,0,1358,17
1584616127.263001,10.10.0.10,173.194.164.186,,,45082,443,0,37,17
1584616127.2693222,173.194.164.186,10.10.0.10,,,443,45082,0,1358,17
1584616127.278609,173.194.164.186,10.10.0.10,,,443,45082,0,1358,17
1584616127.2801628,10.10.0.10,173.194.164.186,,,45082,443,0,37,17
1584616127.28789,173.194.164.186,10.10.0.10,,,443,45082,0,1358,17
1584616127.2971618,173.194.164.186,10.10.0.10,,,443,45082,0,1358,17
1584616127.3064508,173.194.164.186,10.10.0.10,,,443,45082,0,1358,17
1584616127.3065438,10.10.0.10,173.194.164.186,,,45082,443,0,37,17
1584616127.315722,173.194.164.186,10.10.0.10,,,443,45082,0,1358,17
1584616127.31741,10.10.0.10,173.194.164.186,,,45082,443,0,37,17
1584616127.325003,173.194.164.186,10.10.0.10,,,443,45082,0,1358,17
1584616127.33428,173.194.164.186,10.10.0.10,,,443,45082,0,1358,17
1584616127.3361561,10.10.0.10,173.194.164.186,,,45082,443,0,37,17
1584616127.3435645,173.194.164.186,10.10.0.10,,,443,45082,0,1358,17
1584616127.3528454,173.194.164.186,10.10.0.10,,,443,45082,0,1358,17
1584616127.354422,10.10.0.10,173.194.164.186,,,45082,443,0,37,17
1584616127.362138,173.194.164.186,10.10.0.10,,,443,45082,0,1358,17
1584616127.3714054,173.194.164.186,10.10.0.10,,,443,45082,0,1358,17
1584616127.3730302,10.10.0.10,173.194.164.186,,,45082,443,0,37,17
1584616127.380699,173.194.164.186,10.10.0.10,,,443,45082,0,1358,17
1584616127.389965,173.194.164.186,10.10.0.10,,,443,45082,0,1358,17
1584616127.39153,10.10.0.10,173.194.164.186,,,45082,443,0,37,17
1584616127.3992622,173.194.164.186,10.10.0.10,,,443,45082,0,1358,17
1584616127.4085276,173.194.164.186,10.10.0.10,,,443,45082,0,1358,17
1584616127.4102778,10.10.0.10,173.194.164.186,,,45082,443,0,37,17
1584616127.417823,173.194.164.186,10.10.0.10,,,443,45082,0,1358,17
1584616127.4270852,173.194.164.186,10.10.0.10,,,443,45082,0,1358,17
1584616127.428907,10.10.0.10,173.194.164.186,,,45082,443,0,37,17
1584616127.436366,173.194.164.186,10.10.0.10,,,443,45082,0,1358,17
1584616127.445646,173.194.164.186,10.10.0.10,,,443,45082,0,1358,17
1584616127.4491706,10.10.0.10,173.194.164.186,,,45082,443,0,37,17
1584616127.454925,173.194.164.186,10.10.0.10,,,443,45082,0,1358,17
1584616127.4642081,173.194.164.186,10.10.0.10,,,443,45082,0,1358,17
1584616127.466422,10.10.0.10,173.194.164.186,,,45082,443,0,37,17
1584616127.4734852,173.194.164.186,10.10.0.10,,,443,45082,0,1358,17
1584616127.4827642,173.194.164.186,10.10.0.10,,,443,45082,0,1358,17
1584616127.485026,10.10.0.10,173.194.164.186,,,45082,443,0,37,17
1584616127.4920409,173.194.164.186,10.10.0.10,,,443,45082,0,1358,17
1584616127.501327,173.194.164.186,10.10.0.10,,,443,45082,0,1358,17
1584616127.5035481,10.10.0.10,173.194.164.186,,,45082,443,0,37,17
1584616127.510606,173.194.164.186,10.10.0.10,,,443,45082,0,1358,17
1584616127.519885,173.194.164.186,10.10.0.10,,,443,45082,0,1358,17
1584616127.521541,10.10.0.10,173.194.164.186,,,45082,443,0,50,17
1584616127.529168,173.194.164.186,10.10.0.10,,,443,45082,0,1358,17
1584616127.5384474,173.194.164.186,10.10.0.10,,,443,45082,0,1358,17
1584616127.539903,10.10.0.10,173.194.164.186,,,45082,443,0,37,17
1584616127.5477262,173.194.164.186,10.10.0.10,,,443,45082,0,1358,17
1584616127.557013,173.194.164.186,10.10.0.10,,,443,45082,0,29,17
1584616127.557425,173.194.164.186,10.10.0.10,,,443,45082,0,1358,17
1584616127.5587661,10.10.0.10,173.194.164.186,,,45082,443,0,37,17
1584616127.566706,173.194.164.186,10.10.0.10,,,443,45082,0,1358,17
1584616127.5759866,173.194.164.186,10.10.0.10,,,443,45082,0,1358,17
1584616127.5834212,10.10.0.10,173.194.164.186,,,45082,443,0,37,17
1584616127.5852668,173.194.164.186,10.10.0.10,,,443,45082,0,1358,17
1584616127.594568,173.194.164.186,10.10.0.10,,,443,45082,0,1358,17
1584616127.5962946,10.10.0.10,173.194.164.186,,,45082,443,0,37,17
1584616127.6038258,173.194.164.186,10.10.0.10,,,443,45082,0,1358,17
1584616127.613105,173.194.164.186,10.10.0.10,,,443,45082,0,1358,17
1584616127.6146472,10.10.0.10,173.194.164.186,,,45082,443,0,37,17
1584616127.6223881,173.194.164.186,10.10.0.10,,,443,45082,0,1358,17
1584616127.631666,173.194.164.186,10.10.0.10,,,443,45082,0,1358,17
1584616127.633303,10.10.0.10,173.194.164.186,,,45082,443,0,37,17
1584616127.6409461,173.194.164.186,10.10.0.10,,,443,45082,0,1358,17
1584616127.6502292,173.194.164.186,10.10.0.10,,,443,45082,0,1358,17
1584616127.652266,10.10.0.10,173.194.164.186,,,45082,443,0,37,17
1584616127.659501,173.194.164.186,10.10.0.10,,,443,45082,0,1358,17
1584616127.6687858,173.194.164.186,10.10.0.10,,,443,45082,0,1358,17
1584616127.670522,10.10.0.10,173.194.164.186,,,45082,443,0,37,17
1584616127.678068,173.194.164.186,10.10.0.10,,,443,45082,0,1358,17
1584616127.687346,173.194.164.186,10.10.0.10,,,443,45082,0,1358,17
1584616127.689021,10.10.0.10,173.194.164.186,,,45082,443,0,37,17
1584616127.6966288,173.194.164.186,10.10.0.10,,,443,45082,0,1358,17
1584616127.7059062,173.194.164.186,10.10.0.10,,,443,45082,0,1358,17
1584616127.7077892,10.10.0.10,173.194.164.186,,,45082,443,0,37,17
1584616127.715192,173.194.164.186,10.10.0.10,,,443,45082,0,1358,17
1584616127.7244651,173.194.164.186,10.10.0.10,,,443,45082,0,1358,17
1584616127.726293,10.10.0.10,173.194.164.186,,,45082,443,0,37,17
1584616127.733743,173.194.164.186,10.10.0.10,,,443,45082,0,1358,17
1584616127.743026,173.194.164.186,10.10.0.10,,,443,45082,0,1358,17
1584616127.74479,10.10.0.10,173.194.164.186,,,45082,443,0,37,17
1584616127.7523026,173.194.164.186,10.10.0.10,,,443,45082,0,1358,17
1584616127.761585,173.194.164.186,10.10.0.10,,,443,45082,0,1358,17
1584616127.7632678,10.10.0.10,173.194.164.186,,,45082,443,0,37,17
1584616127.7708762,173.194.164.186,10.10.0.10,,,443,45082,0,1358,17
1584616127.7801476,173.194.164.186,10.10.0.10,,,443,45082,0,1358,17
1584616127.782037,10.10.0.10,173.194.164.186,,,45082,443,0,37,17
1584616127.7894409,173.194.164.186,10.10.0.10,,,443,45082,0,1358,17
1584616127.7987068,173.194.164.186,10.10.0.10,,,443,45082,0,1358,17
1584616127.8004189,10.10.0.10,173.194.164.186,,,45082,443,0,37,17
1584616127.808001,173.194.164.186,10.10.0.10,,,443,45082,0,1358,17
1584616127.817267,173.194.164.186,10.10.0.10,,,443,45082,0,1358,17
1584616127.818896,10.10.0.10,173.194.164.186,,,45082,443,0,37,17
1584616127.826562,173.194.164.186,10.10.0.10,,,443,45082,0,1358,17
1584616127.835826,173.194.164.186,10.10.0.10,,,443,45082,0,1358,17
1584616127.837643,10.10.0.10,173.194.164.186,,,45082,443,0,37,17
1584616127.8451226,173.194.164.186,10.10.0.10,,,443,45082,0,1358,17
1584616127.854385,173.194.164.186,10.10.0.10,,,443,45082,0,1358,17
1584616127.857517,10.10.0.10,173.194.164.186,,,45082,443,0,37,17
1584616127.8636851,173.194.164.186,10.10.0.10,,,443,45082,0,1358,17
1584616127.8729448,173.194.164.186,10.10.0.10,,,443,45082,0,1358,17
1584616127.874611,10.10.0.10,173.194.164.186,,,45082,443,0,37,17
1584616127.882226,173.194.164.186,10.10.0.10,,,443,45082,0,1358,17
1584616127.891506,173.194.164.186,10.10.0.10,,,443,45082,0,1358,17
1584616127.8933902,10.10.0.10,173.194.164.186,,,45082,443,0,50,17
1584616127.900785,173.194.164.186,10.10.0.10,,,443,45082,0,1358,17
1584616127.9100668,173.194.164.186,10.10.0.10,,,443,45082,0,1358,17
1584616127.911768,10.10.0.10,173.194.164.186,,,45082,443,0,37,17
1584616127.919341,173.194.164.186,10.10.0.10,,,443,45082,0,1358,17
1584616127.9286249,173.194.164.186,10.10.0.10,,,443,45082,0,29,17
1584616127.9290588,173.194.164.186,10.10.0.10,,,443,45082,0,1358,17
1584616127.9305332,10.10.0.10,173.194.164.186,,,45082,443,0,37,17
1584616127.9383268,173.194.164.186,10.10.0.10,,,443,45082,0,1358,17
1584616127.947621,173.194.164.186,10.10.0.10,,,443,45082,0,1358,17
1584616127.949282,10.10.0.10,173.194.164.186,,,45082,443,0,37,17
1584616127.956886,173.194.164.186,10.10.0.10,,,443,45082,0,1358,17
1584616127.966182,173.194.164.186,10.10.0.10,,,443,45082,0,1358,17
1584616127.968007,10.10.0.10,173.194.164.186,,,45082,443,0,37,17
1584616127.975446,173.194.164.186,10.10.0.10,,,443,45082,0,1358,17
1584616127.9847252,173.194.164.186,10.10.0.10,,,443,45082,0,1358,17
1584616127.9867554,10.10.0.10,173.194.164.186,,,45082,443,0,37,17
1584616127.9940052,173.194.164.186,10.10.0.10,,,443,45082,0,1358,17
1584616128.0032818,173.194.164.186,10.10.0.10,,,443,45082,0,1358,17
1584616128.004892,10.10.0.10,173.194.164.186,,,45082,443,0,37,17
1584616128.012566,173.194.164.186,10.10.0.10,,,443,45082,0,1358,17
1584616128.021846,173.194.164.186,10.10.0.10,,,443,45082,0,1358,17
1584616128.023734,10.10.0.10,173.194.164.186,,,45082,443,0,37,17
1584616128.031127,173.194.164.186,10.10.0.10,,,443,45082,0,1358,17
1584616128.040415,173.194.164.186,10.10.0.10,,,443,45082,0,1358,17
1584616128.042136,10.10.0.10,173.194.164.186,,,45082,443,0,37,17
1584616128.049681,173.194.164.186,10.10.0.10,,,443,45082,0,1358,17
1584616128.0589788,173.194.164.186,10.10.0.10,,,443,45082,0,1358,17
1584616128.061128,10.10.0.10,173.194.164.186,,,45082,443,0,37,17
1584616128.0682418,173.194.164.186,10.10.0.10,,,443,45082,0,1358,17
1584616128.0775216,173.194.164.186,10.10.0.10,,,443,45082,0,1358,17
1584616128.0792608,10.10.0.10,173.194.164.186,,,45082,443,0,37,17
1584616128.086803,173.194.164.186,10.10.0.10,,,443,45082,0,1358,17
1584616128.096085,173.194.164.186,10.10.0.10,,,443,45082,0,1358,17
1584616128.09776,10.10.0.10,173.194.164.186,,,45082,443,0,37,17
1584616128.105368,173.194.164.186,10.10.0.10,,,443,45082,0,1358,17
1584616128.1146438,173.194.164.186,10.10.0.10,,,443,45082,0,1358,17
1584616128.1163628,10.10.0.10,173.194.164.186,,,45082,443,0,37,17
1584616128.1239321,173.194.164.186,10.10.0.10,,,443,45082,0,1358,17
1584616128.1332018,173.194.164.186,10.10.0.10,,,443,45082,0,1358,17
1584616128.1350062,10.10.0.10,173.194.164.186,,,45082,443,0,37,17
1584616128.142484,173.194.164.186,10.10.0.10,,,443,45082,0,1358,17
1584616128.1517632,173.194.164.186,10.10.0.10,,,443,45082,0,1358,17
1584616128.1535325,10.10.0.10,173.194.164.186,,,45082,443,0,37,17
1584616128.161042,173.194.164.186,10.10.0.10,,,443,45082,0,1358,17
1584616128.1703222,173.194.164.186,10.10.0.10,,,443,45082,0,1358,17
1584616128.172138,10.10.0.10,173.194.164.186,,,45082,443,0,37,17
1584616128.179614,173.194.164.186,10.10.0.10,,,443,45082,0,1358,17
1584616128.1888866,173.194.164.186,10.10.0.10,,,443,45082,0,1358,17
1584616128.190622,10.10.0.10,173.194.164.186,,,45082,443,0,37,17
1584616128.1981616,173.194.164.186,10.10.0.10,,,443,45082,0,1358,17
1584616128.207443,173.194.164.186,10.10.0.10,,,443,45082,0,1358,17
1584616128.209107,10.10.0.10,173.194.164.186,,,45082,443,0,37,17
1584616128.216738,173.194.164.186,10.10.0.10,,,443,45082,0,1358,17
1584616128.226002,173.194.164.186,10.10.0.10,,,443,45082,0,1358,17
1584616128.227726,10.10.0.10,173.194.164.186,,,45082,443,0,37,17
1584616128.235303,173.194.164.186,10.10.0.10,,,443,45082,0,1358,17
1584616128.2445679,173.194.164.186,10.10.0.10,,,443,45082,0,1358,17
1584616128.2475069,10.10.0.10,173.194.164.186,,,45082,443,0,37,17
1584616128.2538438,173.194.164.186,10.10.0.10,,,443,45082,0,1358,17
1584616128.263126,173.194.164.186,10.10.0.10,,,443,45082,0,1358,17
1584616128.265516,10.10.0.10,173.194.164.186,,,45082,443,0,50,17
1584616128.272408,173.194.164.186,10.10.0.10,,,443,45082,0,1358,17
1584616128.2816892,173.194.164.186,10.10.0.10,,,443,45082,0,1358,17
1584616128.290965,173.194.164.186,10.10.0.10,,,443,45082,0,1358,17
1584616128.300241,173.194.164.186,10.10.0.10,,,443,45082,0,1358,17
1584616128.3092759,10.10.0.10,173.194.164.186,,,45082,443,0,37,17
1584616128.3095222,173.194.164.186,10.10.0.10,,,443,45082,0,29,17
1584616128.3099391,173.194.164.186,10.10.0.10,,,443,45082,0,1358,17
1584616128.311147,10.10.0.10,173.194.164.186,,,45082,443,0,37,17
1584616128.3192348,173.194.164.186,10.10.0.10,,,443,45082,0,1358,17
1584616128.3208988,10.10.0.10,173.194.164.186,,,45082,443,0,37,17
1584616128.328505,173.194.164.186,10.10.0.10,,,443,45082,0,1358,17
1584616128.337784,173.194.164.186,10.10.0.10,,,443,45082,0,1358,17
1584616128.3396258,10.10.0.10,173.194.164.186,,,45082,443,0,37,17
1584616128.347066,173.194.164.186,10.10.0.10,,,443,45082,0,1358,17
1584616128.356344,173.194.164.186,10.10.0.10,,,443,45082,0,1358,17
1584616128.3582509,10.10.0.10,173.194.164.186,,,45082,443,0,37,17
1584616128.365625,173.194.164.186,10.10.0.10,,,443,45082,0,1358,17
1584616128.3749242,173.194.164.186,10.10.0.10,,,443,45082,0,1358,17
1584616128.3777502,10.10.0.10,173.194.164.186,,,45082,443,0,37,17
1584616128.384187,173.194.164.186,10.10.0.10,,,443,45082,0,1358,17
1584616128.393482,173.194.164.186,10.10.0.10,,,443,45082,0,1358,17
1584616128.396144,10.10.0.10,173.194.164.186,,,45082,443,0,37,17
1584616128.402745,173.194.164.186,10.10.0.10,,,443,45082,0,1358,17
1584616128.4120214,173.194.164.186,10.10.0.10,,,443,45082,0,1358,17
1584616128.413643,10.10.0.10,173.194.164.186,,,45082,443,0,37,17
1584616128.4213061,173.194.164.186,10.10.0.10,,,443,45082,0,1358,17
1584616128.430593,173.194.164.186,10.10.0.10,,,443,45082,0,1358,17
1584616128.4322698,10.10.0.10,173.194.164.186,,,45082,443,0,37,17
1584616128.4398682,173.194.164.186,10.10.0.10,,,443,45082,0,1358,17
1584616128.449166,173.194.164.186,10.10.0.10,,,443,45082,0,1358,17
1584616128.452374,10.10.0.10,173.194.164.186,,,45082,443,0,37,17
1584616128.458426,173.194.164.186,10.10.0.10,,,443,45082,0,1358,17
1584616128.467712,173.194.164.186,10.10.0.10,,,443,45082,0,1358,17
1584616128.4701412,10.10.0.10,173.194.164.186,,,45082,443,0,37,17
1584616128.476986,173.194.164.186,10.10.0.10,,,443,45082,0,1358,17
1584616128.486265,173.194.164.186,10.10.0.10,,,443,45082,0,1358,17
1584616128.4891422,10.10.0.10,173.194.164.186,,,45082,443,0,37,17
1584616128.4955466,173.194.164.186,10.10.0.10,,,443,45082,0,1358,17
1584616128.5048249,173.194.164.186,10.10.0.10,,,443,45082,0,1358,17
1584616128.5064974,10.10.0.10,173.194.164.186,,,45082,443,0,37,17
1584616128.5141082,173.194.164.186,10.10.0.10,,,443,45082,0,1358,17
1584616128.523387,173.194.164.186,10.10.0.10,,,443,45082,0,1358,17
1584616128.525131,10.10.0.10,173.194.164.186,,,45082,443,0,37,17
1584616128.5326679,173.194.164.186,10.10.0.10,,,443,45082,0,1358,17
1584616128.541948,173.194.164.186,10.10.0.10,,,443,45082,0,1358,17
1584616128.5436409,10.10.0.10,173.194.164.186,,,45082,443,0,37,17
1584616128.5512292,173.194.164.186,10.10.0.10,,,443,45082,0,1358,17
1584616128.5605085,173.194.164.186,10.10.0.10,,,443,45082,0,1358,17
1584616128.562248,10.10.0.10,173.194.164.186,,,45082,443,0,37,17
1584616128.5697858,173.194.164.186,10.10.0.10,,,443,45082,0,1358,17
1584616128.579067,173.194.164.186,10.10.0.10,,,443,45082,0,1358,17
1584616128.580625,10.10.0.10,173.194.164.186,,,45082,443,0,37,17
1584616128.5883539,173.194.164.186,10.10.0.10,,,443,45082,0,1358,17
1584616128.597625,173.194.164.186,10.10.0.10,,,443,45082,0,1358,17
1584616128.599246,10.10.0.10,173.194.164.186,,,45082,443,0,37,17
1584616128.6069038,173.194.164.186,10.10.0.10,,,443,45082,0,1358,17
1584616128.6161866,173.194.164.186,10.10.0.10,,,443,45082,0,1358,17
1584616128.6178892,10.10.0.10,173.194.164.186,,,45082,443,0,37,17
1584616128.6254768,173.194.164.186,10.10.0.10,,,443,45082,0,1358,17
1584616128.634745,173.194.164.186,10.10.0.10,,,443,45082,0,1358,17
1584616128.636372,10.10.0.10,173.194.164.186,,,45082,443,0,50,17
1584616128.6440349,173.194.164.186,10.10.0.10,,,443,45082,0,1358,17
1584616128.653305,173.194.164.186,10.10.0.10,,,443,45082,0,1358,17
1584616128.65511,10.10.0.10,173.194.164.186,,,45082,443,0,37,17
1584616128.662605,173.194.164.186,10.10.0.10,,,443,45082,0,1358,17
1584616128.671866,173.194.164.186,10.10.0.10,,,443,45082,0,1358,17
1584616128.674736,10.10.0.10,173.194.164.186,,,45082,443,0,37,17
1584616128.6811626,173.194.164.186,10.10.0.10,,,443,45082,0,32,17
1584616128.6816,173.194.164.186,10.10.0.10,,,443,45082,0,1358,17
1584616128.690865,173.194.164.186,10.10.0.10,,,443,45082,0,1358,17
1584616128.6926384,10.10.0.10,173.194.164.186,,,45082,443,0,37,17
1584616128.700162,173.194.164.186,10.10.0.10,,,443,45082,0,1358,17
1584616128.709425,173.194.164.186,10.10.0.10,,,443,45082,0,913,17
1584616128.7109911,10.10.0.10,173.194.164.186,,,45082,443,0,37,17
1584616130.616316,10.10.0.10,173.194.164.186,,,45082,443,0,717,17
1584616130.6163492,10.10.0.10,173.194.164.186,,,45082,443,0,48,17
1584616130.620943,173.194.164.186,10.10.0.10,,,443,45082,0,115,17
1584616130.620977,173.194.164.186,10.10.0.10,,,443,45082,0,1358,17
1584616130.621,173.194.164.186,10.10.0.10,,,443,45082,0,1358,17
1584616130.6230776,10.10.0.10,173.194.164.186,,,45082,443,0,37,17
1584616130.629834,173.194.164.186,10.10.0.10,,,443,45082,0,1358,17
1584616130.631439,10.10.0.10,173.194.164.186,,,45082,443,0,37,17
1584616130.6391182,173.194.164.186,10.10.0.10,,,443,45082,0,1358,17
1584616130.6484,173.194.164.186,10.10.0.10,,,443,45082,0,1358,17
1584616130.6500838,10.10.0.10,173.194.164.186,,,45082,443,0,37,17
1584616130.657681,173.194.164.186,10.10.0.10,,,443,45082,0,1358,17
1584616130.6669831,173.194.164.186,10.10.0.10,,,443,45082,0,1358,17
1584616130.6686769,10.10.0.10,173.194.164.186,,,45082,443,0,37,17
1584616130.676241,173.194.164.186,10.10.0.10,,,443,45082,0,1358,17
1584616130.685519,173.194.164.186,10.10.0.10,,,443,45082,0,1358,17
1584616130.687308,10.10.0.10,173.194.164.186,,,45082,443,0,37,17
1584616130.6948,173.194.164.186,10.10.0.10,,,443,45082,0,1358,17
1584616130.7040784,173.194.164.186,10.10.0.10,,,443,45082,0,1358,17
1584616130.70608,10.10.0.10,173.194.164.186,,,45082,443,0,37,17
1584616130.71336,173.194.164.186,10.10.0.10,,,443,45082,0,1358,17
1584616130.7226381,173.194.164.186,10.10.0.10,,,443,45082,0,1358,17
1584616130.7243311,10.10.0.10,173.194.164.186,,,45082,443,0,37,17
1584616130.7319179,173.194.164.186,10.10.0.10,,,443,45082,0,1358,17
1584616130.7412,173.194.164.186,10.10.0.10,,,443,45082,0,1358,17
1584616130.742954,10.10.0.10,173.194.164.186,,,45082,443,0,37,17
1584616130.750474,173.194.164.186,10.10.0.10,,,443,45082,0,1358,17
1584616130.759758,173.194.164.186,10.10.0.10,,,443,45082,0,1358,17
1584616130.7614338,10.10.0.10,173.194.164.186,,,45082,443,0,37,17
1584616130.769041,173.194.164.186,10.10.0.10,,,443,45082,0,1358,17
1584616130.778322,173.194.164.186,10.10.0.10,,,443,45082,0,1358,17
1584616130.779921,10.10.0.10,173.194.164.186,,,45082,443,0,37,17
1584616130.787605,173.194.164.186,10.10.0.10,,,443,45082,0,1358,17
1584616130.7968779,173.194.164.186,10.10.0.10,,,443,45082,0,1358,17
1584616130.798574,10.10.0.10,173.194.164.186,,,45082,443,0,37,17
1584616130.8061626,173.194.164.186,10.10.0.10,,,443,45082,0,1358,17
1584616130.815439,173.194.164.186,10.10.0.10,,,443,45082,0,1358,17
1584616130.8170724,10.10.0.10,173.194.164.186,,,45082,443,0,37,17
1584616130.824728,173.194.164.186,10.10.0.10,,,443,45082,0,1358,17
1584616130.833997,173.194.164.186,10.10.0.10,,,443,45082,0,1358,17
1584616130.8357012,10.10.0.10,173.194.164.186,,,45082,443,0,37,17
1584616130.843287,173.194.164.186,10.10.0.10,,,443,45082,0,1358,17
1584616130.852561,173.194.164.186,10.10.0.10,,,443,45082,0,1358,17
1584616130.86185,173.194.164.186,10.10.0.10,,,443,45082,0,1358,17
1584616130.868203,10.10.0.10,173.194.164.186,,,45082,443,0,37,17
1584616130.871118,173.194.164.186,10.10.0.10,,,443,45082,0,1358,17
1584616130.8726802,10.10.0.10,173.194.164.186,,,45082,443,0,37,17
1584616130.880411,173.194.164.186,10.10.0.10,,,443,45082,0,1358,17
1584616130.889679,173.194.164.186,10.10.0.10,,,443,45082,0,1358,17
1584616130.891822,10.10.0.10,173.194.164.186,,,45082,443,0,37,17
1584616130.8989732,173.194.164.186,10.10.0.10,,,443,45082,0,1358,17
1584616130.9082382,173.194.164.186,10.10.0.10,,,443,45082,0,1358,17
1584616130.909803,10.10.0.10,173.194.164.186,,,45082,443,0,37,17
1584616130.917536,173.194.164.186,10.10.0.10,,,443,45082,0,1358,17
1584616130.926798,173.194.164.186,10.10.0.10,,,443,45082,0,1358,17
1584616130.928949,10.10.0.10,173.194.164.186,,,45082,443,0,37,17
1584616130.9360766,173.194.164.186,10.10.0.10,,,443,45082,0,1358,17
1584616130.945357,173.194.164.186,10.10.0.10,,,443,45082,0,1358,17
1584616130.947073,10.10.0.10,173.194.164.186,,,45082,443,0,37,17
1584616130.9546409,173.194.164.186,10.10.0.10,,,443,45082,0,1358,17
1584616130.963919,173.194.164.186,10.10.0.10,,,443,45082,0,1358,17
1584616130.965821,10.10.0.10,173.194.164.186,,,45082,443,0,50,17
1584616130.9732199,173.194.164.186,10.10.0.10,,,443,45082,0,1358,17
1584616130.982478,173.194.164.186,10.10.0.10,,,443,45082,0,1358,17
1584616130.987676,10.10.0.10,173.194.164.186,,,45082,443,0,37,17
1584616130.9917624,173.194.164.186,10.10.0.10,,,443,45082,0,1358,17
1584616131.0010428,173.194.164.186,10.10.0.10,,,443,45082,0,1358,17
1584616131.0026748,10.10.0.10,173.194.164.186,,,45082,443,0,37,17
1584616131.010318,173.194.164.186,10.10.0.10,,,443,45082,0,1358,17
1584616131.0196,173.194.164.186,10.10.0.10,,,443,45082,0,1358,17
1584616131.0214438,10.10.0.10,173.194.164.186,,,45082,443,0,37,17
1584616131.028877,173.194.164.186,10.10.0.10,,,443,45082,0,1358,17
1584616131.0381546,173.194.164.186,10.10.0.10,,,443,45082,0,1358,17
1584616131.0399039,10.10.0.10,173.194.164.186,,,45082,443,0,37,17
1584616131.0474498,173.194.164.186,10.10.0.10,,,443,45082,0,1358,17
1584616131.0567212,173.194.164.186,10.10.0.10,,,443,45082,0,1358,17
1584616131.0583005,10.10.0.10,173.194.164.186,,,45082,443,0,37,17
1584616131.0659974,173.194.164.186,10.10.0.10,,,443,45082,0,1358,17
1584616131.075551,173.194.164.186,10.10.0.10,,,443,45082,0,1358,17
1584616131.0804188,10.10.0.10,173.194.164.186,,,45082,443,0,37,17
1584616131.0814018,10.10.0.10,173.194.164.186,,,45082,443,0,718,17
1584616131.081774,10.10.0.10,173.194.164.186,,,45082,443,0,48,17
1584616131.0848448,173.194.164.186,10.10.0.10,,,443,45082,0,1358,17
1584616131.094124,173.194.164.186,10.10.0.10,,,443,45082,0,1358,17
1584616131.095666,10.10.0.10,173.194.164.186,,,45082,443,0,37,17
1584616131.1034038,173.194.164.186,10.10.0.10,,,443,45082,0,1358,17
1584616131.1126769,173.194.164.186,10.10.0.10,,,443,45082,0,1358,17
1584616131.114318,10.10.0.10,173.194.164.186,,,45082,443,0,37,17
1584616131.121954,173.194.164.186,10.10.0.10,,,443,45082,0,1358,17
1584616131.131232,173.194.164.186,10.10.0.10,,,443,45082,0,1358,17
1584616131.133671,10.10.0.10,173.194.164.186,,,45082,443,0,37,17
1584616131.1405132,173.194.164.186,10.10.0.10,,,443,45082,0,1358,17
1584616131.149792,173.194.164.186,10.10.0.10,,,443,45082,0,1358,17
1584616131.151293,10.10.0.10,173.194.164.186,,,45082,443,0,37,17
1584616131.1590738,173.194.164.186,10.10.0.10,,,443,45082,0,1358,17
1584616131.168356,173.194.164.186,10.10.0.10,,,443,45082,0,29,17
1584616131.1687715,173.194.164.186,10.10.0.10,,,443,45082,0,1358,17
1584616131.171422,10.10.0.10,173.194.164.186,,,45082,443,0,37,17
1584616131.1780539,173.194.164.186,10.10.0.10,,,443,45082,0,1358,17
1584616131.1873412,173.194.164.186,10.10.0.10,,,443,45082,0,1358,17
1584616131.189066,10.10.0.10,173.194.164.186,,,45082,443,0,37,17
1584616131.1966178,173.194.164.186,10.10.0.10,,,443,45082,0,1358,17
1584616131.207012,173.194.164.186,10.10.0.10,,,443,45082,0,1358,17
1584616131.20866,10.10.0.10,173.194.164.186,,,45082,443,0,37,17
1584616131.216289,173.194.164.186,10.10.0.10,,,443,45082,0,1358,17
1584616131.225567,173.194.164.186,10.10.0.10,,,443,45082,0,1358,17
1584616131.2289386,10.10.0.10,173.194.164.186,,,45082,443,0,37,17
1584616131.234847,173.194.164.186,10.10.0.10,,,443,45082,0,1358,17
1584616131.244127,173.194.164.186,10.10.0.10,,,443,45082,0,1358,17
1584616131.246137,10.10.0.10,173.194.164.186,,,45082,443,0,37,17
1584616131.2534132,173.194.164.186,10.10.0.10,,,443,45082,0,1358,17
1584616131.262712,173.194.164.186,10.10.0.10,,,443,45082,0,1358,17
1584616131.264817,10.10.0.10,173.194.164.186,,,45082,443,0,37,17
1584616131.2719688,173.194.164.186,10.10.0.10,,,443,45082,0,1358,17
1584616131.281252,173.194.164.186,10.10.0.10,,,443,45082,0,1358,17
1584616131.282807,10.10.0.10,173.194.164.186,,,45082,443,0,37,17
1584616131.290532,173.194.164.186,10.10.0.10,,,443,45082,0,1358,17
1584616131.29981,173.194.164.186,10.10.0.10,,,443,45082,0,1358,17
1584616131.301441,10.10.0.10,173.194.164.186,,,45082,443,0,37,17
1584616131.3090932,173.194.164.186,10.10.0.10,,,443,45082,0,1358,17
1584616131.3183732,173.194.164.186,10.10.0.10,,,443,45082,0,1358,17
1584616131.320041,10.10.0.10,173.194.164.186,,,45082,443,0,37,17
1584616131.327654,173.194.164.186,10.10.0.10,,,443,45082,0,1358,17
1584616131.33693,173.194.164.186,10.10.0.10,,,443,45082,0,1358,17
1584616131.339039,10.10.0.10,173.194.164.186,,,45082,443,0,37,17
1584616131.346211,173.194.164.186,10.10.0.10,,,443,45082,0,1358,17
1584616131.35549,173.194.164.186,10.10.0.10,,,443,45082,0,1358,17
1584616131.357666,10.10.0.10,173.194.164.186,,,45082,443,0,37,17
1584616131.3647714,173.194.164.186,10.10.0.10,,,443,45082,0,1358,17
1584616131.3740518,173.194.164.186,10.10.0.10,,,443,45082,0,1358,17
1584616131.376809,10.10.0.10,173.194.164.186,,,45082,443,0,37,17
1584616131.3833349,173.194.164.186,10.10.0.10,,,443,45082,0,1358,17
1584616131.392615,173.194.164.186,10.10.0.10,,,443,45082,0,1358,17
1584616131.3942778,10.10.0.10,173.194.164.186,,,45082,443,0,37,17
1584616131.4018948,173.194.164.186,10.10.0.10,,,443,45082,0,1358,17
1584616131.411173,173.194.164.186,10.10.0.10,,,443,45082,0,1358,17
1584616131.413184,10.10.0.10,173.194.164.186,,,45082,443,0,37,17
1584616131.420448,173.194.164.186,10.10.0.10,,,443,45082,0,1358,17
1584616131.4297302,173.194.164.186,10.10.0.10,,,443,45082,0,1358,17
1584616131.431432,10.10.0.10,173.194.164.186,,,45082,443,0,37,17
1584616131.439019,173.194.164.186,10.10.0.10,,,443,45082,0,1358,17
1584616131.4482908,173.194.164.186,10.10.0.10,,,443,45082,0,1358,17
1584616131.450305,10.10.0.10,173.194.164.186,,,45082,443,0,50,17
1584616131.457583,173.194.164.186,10.10.0.10,,,443,45082,0,1358,17
1584616131.466851,173.194.164.186,10.10.0.10,,,443,45082,0,1358,17
1584616131.468409,10.10.0.10,173.194.164.186,,,45082,443,0,37,17
1584616131.4761431,173.194.164.186,10.10.0.10,,,443,45082,0,1358,17
1584616131.485411,173.194.164.186,10.10.0.10,,,443,45082,0,1358,17
1584616131.4869142,10.10.0.10,173.194.164.186,,,45082,443,0,37,17
1584616131.494705,173.194.164.186,10.10.0.10,,,443,45082,0,1358,17
1584616131.5039706,173.194.164.186,10.10.0.10,,,443,45082,0,1358,17
1584616131.5054288,10.10.0.10,173.194.164.186,,,45082,443,0,37,17
1584616131.5132668,173.194.164.186,10.10.0.10,,,443,45082,0,1358,17
1584616131.5225315,173.194.164.186,10.10.0.10,,,443,45082,0,1358,17
1584616131.5244026,10.10.0.10,173.194.164.186,,,45082,443,0,37,17
1584616131.531825,173.194.164.186,10.10.0.10,,,443,45082,0,1358,17
1584616131.542206,173.194.164.186,10.10.0.10,,,443,45082,0,1358,17
1584616131.54391,10.10.0.10,173.194.164.186,,,45082,443,0,37,17
1584616131.5514839,173.194.164.186,10.10.0.10,,,443,45082,0,1358,17
1584616131.560766,173.194.164.186,10.10.0.10,,,443,45082,0,1358,17
1584616131.5624292,10.10.0.10,173.194.164.186,,,45082,443,0,37,17
1584616131.570057,173.194.164.186,10.10.0.10,,,443,45082,0,1358,17
1584616131.57933,173.194.164.186,10.10.0.10,,,443,45082,0,1358,17
1584616131.581033,10.10.0.10,173.194.164.186,,,45082,443,0,37,17
1584616131.588607,173.194.164.186,10.10.0.10,,,443,45082,0,1358,17
1584616131.5978901,173.194.164.186,10.10.0.10,,,443,45082,0,1358,17
1584616131.5995312,10.10.0.10,173.194.164.186,,,45082,443,0,37,17
1584616131.6071641,173.194.164.186,10.10.0.10,,,443,45082,0,1358,17
1584616131.616454,173.194.164.186,10.10.0.10,,,443,45082,0,1358,17
1584616131.618406,10.10.0.10,173.194.164.186,,,45082,443,0,37,17
1584616131.625727,173.194.164.186,10.10.0.10,,,443,45082,0,1358,17
1584616131.635014,173.194.164.186,10.10.0.10,,,443,45082,0,1358,17
1584616131.6367805,10.10.0.10,173.194.164.186,,,45082,443,0,37,17
1584616131.6442811,173.194.164.186,10.10.0.10,,,443,45082,0,1358,17
1584616131.6535652,173.194.164.186,10.10.0.10,,,443,45082,0,1358,17
1584616131.655405,10.10.0.10,173.194.164.186,,,45082,443,0,37,17
1584616131.6628456,173.194.164.186,10.10.0.10,,,443,45082,0,1358,17
1584616131.672138,173.194.164.186,10.10.0.10,,,443,45082,0,1358,17
1584616131.6739225,10.10.0.10,173.194.164.186,,,45082,443,0,37,17
1584616131.681408,173.194.164.186,10.10.0.10,,,443,45082,0,1358,17
1584616131.690684,173.194.164.186,10.10.0.10,,,443,45082,0,1358,17
1584616131.692425,10.10.0.10,173.194.164.186,,,45082,443,0,37,17
1584616131.7003882,173.194.164.186,10.10.0.10,,,443,45082,0,1358,17
1584616131.7096589,173.194.164.186,10.10.0.10,,,443,45082,0,1358,17
1584616131.711425,10.10.0.10,173.194.164.186,,,45082,443,0,37,17
1584616131.7189548,173.194.164.186,10.10.0.10,,,443,45082,0,1358,17
1584616131.728217,173.194.164.186,10.10.0.10,,,443,45082,0,1358,17
1584616131.7300491,10.10.0.10,173.194.164.186,,,45082,443,0,37,17
1584616131.73751,173.194.164.186,10.10.0.10,,,443,45082,0,1358,17
1584616131.746778,173.194.164.186,10.10.0.10,,,443,45082,0,1358,17
1584616131.7487779,10.10.0.10,173.194.164.186,,,45082,443,0,37,17
1584616131.756057,173.194.164.186,10.10.0.10,,,443,45082,0,1358,17
1584616131.765337,173.194.164.186,10.10.0.10,,,443,45082,0,1358,17
1584616131.767049,10.10.0.10,173.194.164.186,,,45082,443,0,37,17
1584616131.7746348,173.194.164.186,10.10.0.10,,,443,45082,0,1358,17
1584616131.783898,173.194.164.186,10.10.0.10,,,443,45082,0,1358,17
1584616131.7856526,10.10.0.10,173.194.164.186,,,45082,443,0,37,17
1584616131.7942915,173.194.164.186,10.10.0.10,,,443,45082,0,1358,17
1584616131.803578,173.194.164.186,10.10.0.10,,,443,45082,0,1358,17
1584616131.805421,10.10.0.10,173.194.164.186,,,45082,443,0,37,17
1584616131.812851,173.194.164.186,10.10.0.10,,,443,45082,0,1358,17
1584616131.822133,173.194.164.186,10.10.0.10,,,443,45082,0,1358,17
1584616131.8239002,10.10.0.10,173.194.164.186,,,45082,443,0,50,17
1584616131.8314116,173.194.164.186,10.10.0.10,,,443,45082,0,1358,17
1584616131.8406909,173.194.164.186,10.10.0.10,,,443,45082,0,1358,17
1584616131.842402,10.10.0.10,173.194.164.186,,,45082,443,0,37,17
1584616131.8499718,173.194.164.186,10.10.0.10,,,443,45082,0,1358,17
1584616131.859257,173.194.164.186,10.10.0.10,,,443,45082,0,1358,17
1584616131.861543,10.10.0.10,173.194.164.186,,,45082,443,0,37,17
1584616131.868532,173.194.164.186,10.10.0.10,,,443,45082,0,1358,17
1584616131.8778222,173.194.164.186,10.10.0.10,,,443,45082,0,1358,17
1584616131.8796694,10.10.0.10,173.194.164.186,,,45082,443,0,37,17
1584616131.8870919,173.194.164.186,10.10.0.10,,,443,45082,0,1358,17
1584616131.8963714,173.194.164.186,10.10.0.10,,,443,45082,0,1358,17
1584616131.897899,10.10.0.10,173.194.164.186,,,45082,443,0,37,17
1584616131.9056518,173.194.164.186,10.10.0.10,,,443,45082,0,1358,17
1584616131.9149475,173.194.164.186,10.10.0.10,,,443,45082,0,1358,17
1584616131.916407,10.10.0.10,173.194.164.186,,,45082,443,0,37,17
1584616131.9242132,173.194.164.186,10.10.0.10,,,443,45082,0,1358,17
1584616131.933506,173.194.164.186,10.10.0.10,,,443,45082,0,1358,17
1584616131.9352741,10.10.0.10,173.194.164.186,,,45082,443,0,37,17
1584616131.9427712,173.194.164.186,10.10.0.10,,,443,45082,0,1358,17
1584616131.952047,173.194.164.186,10.10.0.10,,,443,45082,0,1358,17
1584616131.9536462,10.10.0.10,173.194.164.186,,,45082,443,0,37,17
1584616131.9613314,173.194.164.186,10.10.0.10,,,443,45082,0,1358,17
1584616131.9706118,173.194.164.186,10.10.0.10,,,443,45082,0,1358,17
1584616131.973521,10.10.0.10,173.194.164.186,,,45082,443,0,37,17
1584616131.9798946,173.194.164.186,10.10.0.10,,,443,45082,0,1358,17
1584616131.989191,173.194.164.186,10.10.0.10,,,443,45082,0,1358,17
1584616131.990791,10.10.0.10,173.194.164.186,,,45082,443,0,37,17
1584616131.9984536,173.194.164.186,10.10.0.10,,,443,45082,0,1358,17
1584616132.007732,173.194.164.186,10.10.0.10,,,443,45082,0,1358,17
1584616132.009292,10.10.0.10,173.194.164.186,,,45082,443,0,37,17
1584616132.017011,173.194.164.186,10.10.0.10,,,443,45082,0,1358,17
1584616132.026295,173.194.164.186,10.10.0.10,,,443,45082,0,1358,17
1584616132.028266,10.10.0.10,173.194.164.186,,,45082,443,0,37,17
1584616132.035566,173.194.164.186,10.10.0.10,,,443,45082,0,1358,17
1584616132.044859,173.194.164.186,10.10.0.10,,,443,45082,0,1358,17
1584616132.0466454,10.10.0.10,173.194.164.186,,,45082,443,0,37,17
1584616132.054125,173.194.164.186,10.10.0.10,,,443,45082,0,1358,17
1584616132.0634089,173.194.164.186,10.10.0.10,,,443,45082,0,1358,17
1584616132.06525,10.10.0.10,173.194.164.186,,,45082,443,0,37,17
1584616132.0726874,173.194.164.186,10.10.0.10,,,443,45082,0,1358,17
1584616132.0819662,173.194.164.186,10.10.0.10,,,443,45082,0,1358,17
1584616132.0835054,10.10.0.10,173.194.164.186,,,45082,443,0,37,17
1584616132.091247,173.194.164.186,10.10.0.10,,,443,45082,0,1358,17
1584616132.1005318,173.194.164.186,10.10.0.10,,,443,45082,0,1358,17
1584616132.102288,10.10.0.10,173.194.164.186,,,45082,443,0,37,17
1584616132.109808,173.194.164.186,10.10.0.10,,,443,45082,0,1358,17
1584616132.119085,173.194.164.186,10.10.0.10,,,443,45082,0,1358,17
1584616132.128364,173.194.164.186,10.10.0.10,,,443,45082,0,1358,17
1584616132.1376538,173.194.164.186,10.10.0.10,,,443,45082,0,1358,17
1584616132.1461475,10.10.0.10,173.194.164.186,,,45082,443,0,37,17
1584616132.14693,173.194.164.186,10.10.0.10,,,443,45082,0,1358,17
1584616132.1479938,10.10.0.10,173.194.164.186,,,45082,443,0,37,17
1584616132.156207,173.194.164.186,10.10.0.10,,,443,45082,0,1358,17
1584616132.158039,10.10.0.10,173.194.164.186,,,45082,443,0,37,17
1584616132.165493,173.194.164.186,10.10.0.10,,,443,45082,0,1358,17
1584616132.174767,173.194.164.186,10.10.0.10,,,443,45082,0,1358,17
1584616132.176425,10.10.0.10,173.194.164.186,,,45082,443,0,37,17
1584616132.1840448,173.194.164.186,10.10.0.10,,,443,45082,0,1358,17
1584616132.193337,173.194.164.186,10.10.0.10,,,443,45082,0,1358,17
1584616132.1951401,10.10.0.10,173.194.164.186,,,45082,443,0,50,17
1584616132.202608,173.194.164.186,10.10.0.10,,,443,45082,0,1358,17
1584616132.2118876,173.194.164.186,10.10.0.10,,,443,45082,0,1358,17
1584616132.213498,10.10.0.10,173.194.164.186,,,45082,443,0,37,17
1584616132.22119,173.194.164.186,10.10.0.10,,,443,45082,0,1358,17
1584616132.2304509,173.194.164.186,10.10.0.10,,,443,45082,0,1358,17
1584616132.232409,10.10.0.10,173.194.164.186,,,45082,443,0,37,17
1584616132.239745,173.194.164.186,10.10.0.10,,,443,45082,0,1358,17
1584616132.2490108,173.194.164.186,10.10.0.10,,,443,45082,0,1358,17
1584616132.2506142,10.10.0.10,173.194.164.186,,,45082,443,0,37,17
1584616132.2582989,173.194.164.186,10.10.0.10,,,443,45082,0,1358,17
1584616132.2675679,173.194.164.186,10.10.0.10,,,443,45082,0,1358,17
1584616132.2691052,10.10.0.10,173.194.164.186,,,45082,443,0,37,17
1584616132.276855,173.194.164.186,10.10.0.10,,,443,45082,0,1358,17
1584616132.2861376,173.194.164.186,10.10.0.10,,,443,45082,0,1358,17
1584616132.2878866,10.10.0.10,173.194.164.186,,,45082,443,0,37,17
1584616132.2954302,173.194.164.186,10.10.0.10,,,443,45082,0,1358,17
1584616132.3046918,173.194.164.186,10.10.0.10,,,443,45082,0,1358,17
1584616132.3062868,10.10.0.10,173.194.164.186,,,45082,443,0,37,17
1584616132.3139708,173.194.164.186,10.10.0.10,,,443,45082,0,1358,17
1584616132.3232515,173.194.164.186,10.10.0.10,,,443,45082,0,1358,17
1584616132.324761,10.10.0.10,173.194.164.186,,,45082,443,0,37,17
1584616132.33253,173.194.164.186,10.10.0.10,,,443,45082,0,1358,17
1584616132.341813,173.194.164.186,10.10.0.10,,,443,45082,0,1358,17
1584616132.3435302,10.10.0.10,173.194.164.186,,,45082,443,0,37,17
1584616132.351092,173.194.164.186,10.10.0.10,,,443,45082,0,1358,17
1584616132.360368,173.194.164.186,10.10.0.10,,,443,45082,0,1358,17
1584616132.3624039,10.10.0.10,173.194.164.186,,,45082,443,0,37,17
1584616132.3696518,173.194.164.186,10.10.0.10,,,443,45082,0,1358,17
1584616132.378937,173.194.164.186,10.10.0.10,,,443,45082,0,1358,17
1584616132.380651,10.10.0.10,173.194.164.186,,,45082,443,0,37,17
1584616132.388214,173.194.164.186,10.10.0.10,,,443,45082,0,1358,17
1584616132.397492,173.194.164.186,10.10.0.10,,,443,45082,0,1358,17
1584616132.3997679,10.10.0.10,173.194.164.186,,,45082,443,0,37,17
1584616132.406768,173.194.164.186,10.10.0.10,,,443,45082,0,1358,17
1584616132.416047,173.194.164.186,10.10.0.10,,,443,45082,0,1358,17
1584616132.4180331,10.10.0.10,173.194.164.186,,,45082,443,0,37,17
1584616132.425333,173.194.164.186,10.10.0.10,,,443,45082,0,1358,17
1584616132.434616,173.194.164.186,10.10.0.10,,,443,45082,0,1358,17
1584616132.43625,10.10.0.10,173.194.164.186,,,45082,443,0,37,17
1584616132.4438932,173.194.164.186,10.10.0.10,,,443,45082,0,1358,17
1584616132.45318,173.194.164.186,10.10.0.10,,,443,45082,0,1358,17
1584616132.454634,10.10.0.10,173.194.164.186,,,45082,443,0,37,17
1584616132.462451,173.194.164.186,10.10.0.10,,,443,45082,0,1358,17
1584616132.4717386,173.194.164.186,10.10.0.10,,,443,45082,0,1358,17
1584616132.4737554,10.10.0.10,173.194.164.186,,,45082,443,0,37,17
1584616132.4810119,173.194.164.186,10.10.0.10,,,443,45082,0,1358,17
1584616132.490304,173.194.164.186,10.10.0.10,,,443,45082,0,1358,17
1584616132.49198,10.10.0.10,173.194.164.186,,,45082,443,0,37,17
1584616132.4995706,173.194.164.186,10.10.0.10,,,443,45082,0,1358,17
1584616132.508863,173.194.164.186,10.10.0.10,,,443,45082,0,1358,17
1584616132.5103831,10.10.0.10,173.194.164.186,,,45082,443,0,37,17
1584616132.518135,173.194.164.186,10.10.0.10,,,443,45082,0,1358,17
1584616132.527424,173.194.164.186,10.10.0.10,,,443,45082,0,1358,17
1584616132.53001,10.10.0.10,173.194.164.186,,,45082,443,0,37,17
1584616132.536691,173.194.164.186,10.10.0.10,,,443,45082,0,1358,17
1584616132.5459876,173.194.164.186,10.10.0.10,,,443,45082,0,1358,17
1584616132.5477538,10.10.0.10,173.194.164.186,,,45082,443,0,37,17
1584616132.555246,173.194.164.186,10.10.0.10,,,443,45082,0,1358,17
1584616132.5645492,173.194.164.186,10.10.0.10,,,443,45082,0,1358,17
1584616132.5671198,10.10.0.10,173.194.164.186,,,45082,443,0,50,17
1584616132.5738118,173.194.164.186,10.10.0.10,,,443,45082,0,1358,17
1584616132.5830908,173.194.164.186,10.10.0.10,,,443,45082,0,1358,17
1584616132.584901,10.10.0.10,173.194.164.186,,,45082,443,0,37,17
1584616132.5923722,173.194.164.186,10.10.0.10,,,443,45082,0,1358,17
1584616132.6016722,173.194.164.186,10.10.0.10,,,443,45082,0,29,17
1584616132.602071,173.194.164.186,10.10.0.10,,,443,45082,0,1358,17
1584616132.603514,10.10.0.10,173.194.164.186,,,45082,443,0,37,17
1584616132.61136,173.194.164.186,10.10.0.10,,,443,45082,0,1358,17
1584616132.6206338,173.194.164.186,10.10.0.10,,,443,45082,0,1358,17
1584616132.622376,10.10.0.10,173.194.164.186,,,45082,443,0,37,17
1584616132.6299238,173.194.164.186,10.10.0.10,,,443,45082,0,1358,17
1584616132.6391912,173.194.164.186,10.10.0.10,,,443,45082,0,1358,17
1584616132.641025,10.10.0.10,173.194.164.186,,,45082,443,0,37,17
1584616132.6484704,173.194.164.186,10.10.0.10,,,443,45082,0,1358,17
1584616132.657751,173.194.164.186,10.10.0.10,,,443,45082,0,1358,17
1584616132.6593788,10.10.0.10,173.194.164.186,,,45082,443,0,37,17
1584616132.6670446,173.194.164.186,10.10.0.10,,,443,45082,0,1358,17
1584616132.676312,173.194.164.186,10.10.0.10,,,443,45082,0,1358,17
1584616132.6781242,10.10.0.10,173.194.164.186,,,45082,443,0,37,17
1584616132.685605,173.194.164.186,10.10.0.10,,,443,45082,0,1358,17
1584616132.69487,173.194.164.186,10.10.0.10,,,443,45082,0,1358,17
1584616132.696645,10.10.0.10,173.194.164.186,,,45082,443,0,37,17
1584616132.7041512,173.194.164.186,10.10.0.10,,,443,45082,0,1358,17
1584616132.713432,173.194.164.186,10.10.0.10,,,443,45082,0,1358,17
1584616132.715647,10.10.0.10,173.194.164.186,,,45082,443,0,37,17
1584616132.7227068,173.194.164.186,10.10.0.10,,,443,45082,0,1358,17
1584616132.73199,173.194.164.186,10.10.0.10,,,443,45082,0,1358,17
1584616132.7337706,10.10.0.10,173.194.164.186,,,45082,443,0,37,17
1584616132.741294,173.194.164.186,10.10.0.10,,,443,45082,0,1358,17
1584616132.75055,173.194.164.186,10.10.0.10,,,443,45082,0,91,17
1584616132.752125,10.10.0.10,173.194.164.186,,,45082,443,0,37,17
1584616132.7663982,10.10.0.10,173.194.164.186,,,45082,443,0,725,17
1584616132.766625,10.10.0.10,173.194.164.186,,,45082,443,0,48,17
1584616132.771512,173.194.164.186,10.10.0.10,,,443,45082,0,29,17
1584616132.8149388,173.194.164.186,10.10.0.10,,,443,45082,0,108,17
1584616132.81497,173.194.164.186,10.10.0.10,,,443,45082,0,1358,17
1584616132.8149939,173.194.164.186,10.10.0.10,,,443,45082,0,1358,17
1584616132.816635,10.10.0.10,173.194.164.186,,,45082,443,0,37,17
1584616132.823794,173.194.164.186,10.10.0.10,,,443,45082,0,1358,17
1584616132.8255002,10.10.0.10,173.194.164.186,,,45082,443,0,37,17
1584616132.83307,173.194.164.186,10.10.0.10,,,443,45082,0,1358,17
1584616132.8423526,173.194.164.186,10.10.0.10,,,443,45082,0,1358,17
1584616132.8441448,10.10.0.10,173.194.164.186,,,45082,443,0,37,17
1584616132.851629,173.194.164.186,10.10.0.10,,,443,45082,0,1358,17
1584616132.860918,173.194.164.186,10.10.0.10,,,443,45082,0,1358,17
1584616132.862767,10.10.0.10,173.194.164.186,,,45082,443,0,37,17
1584616132.8701901,173.194.164.186,10.10.0.10,,,443,45082,0,1358,17
1584616132.879477,173.194.164.186,10.10.0.10,,,443,45082,0,1358,17
1584616132.881122,10.10.0.10,173.194.164.186,,,45082,443,0,37,17
1584616132.88875,173.194.164.186,10.10.0.10,,,443,45082,0,1358,17
1584616132.898041,173.194.164.186,10.10.0.10,,,443,45082,0,1358,17
1584616132.899888,10.10.0.10,173.194.164.186,,,45082,443,0,37,17
1584616132.907309,173.194.164.186,10.10.0.10,,,443,45082,0,1358,17
1584616132.916592,173.194.164.186,10.10.0.10,,,443,45082,0,1358,17
1584616132.9183679,10.10.0.10,173.194.164.186,,,45082,443,0,37,17
1584616132.9258692,173.194.164.186,10.10.0.10,,,443,45082,0,1358,17
1584616132.935145,173.194.164.186,10.10.0.10,,,443,45082,0,1358,17
1584616132.936896,10.10.0.10,173.194.164.186,,,45082,443,0,37,17
1584616132.9444258,173.194.164.186,10.10.0.10,,,443,45082,0,1358,17
1584616132.953725,173.194.164.186,10.10.0.10,,,443,45082,0,1358,17
1584616132.9554932,10.10.0.10,173.194.164.186,,,45082,443,0,37,17
1584616132.962989,173.194.164.186,10.10.0.10,,,443,45082,0,1358,17
1584616132.972287,173.194.164.186,10.10.0.10,,,443,45082,0,1358,17
1584616132.9742649,10.10.0.10,173.194.164.186,,,45082,443,0,37,17
1584616132.981549,173.194.164.186,10.10.0.10,,,443,45082,0,1358,17
1584616132.9908285,173.194.164.186,10.10.0.10,,,443,45082,0,1358,17
1584616132.9931214,10.10.0.10,173.194.164.186,,,45082,443,0,37,17
1584616133.0001092,173.194.164.186,10.10.0.10,,,443,45082,0,1358,17
1584616133.0094109,173.194.164.186,10.10.0.10,,,443,45082,0,1358,17
1584616133.011125,10.10.0.10,173.194.164.186,,,45082,443,0,37,17
1584616133.0186698,173.194.164.186,10.10.0.10,,,443,45082,0,1358,17
1584616133.02795,173.194.164.186,10.10.0.10,,,443,45082,0,1358,17
1584616133.0296054,10.10.0.10,173.194.164.186,,,45082,443,0,37,17
1584616133.0372288,173.194.164.186,10.10.0.10,,,443,45082,0,1358,17
1584616133.046508,173.194.164.186,10.10.0.10,,,443,45082,0,1358,17
1584616133.0489671,10.10.0.10,173.194.164.186,,,45082,443,0,37,17
1584616133.0557885,173.194.164.186,10.10.0.10,,,443,45082,0,1358,17
1584616133.0654821,173.194.164.186,10.10.0.10,,,443,45082,0,1358,17
1584616133.066992,10.10.0.10,173.194.164.186,,,45082,443,0,37,17
1584616133.0747626,173.194.164.186,10.10.0.10,,,443,45082,0,1358,17
1584616133.084039,173.194.164.186,10.10.0.10,,,443,45082,0,1358,17
1584616133.085606,10.10.0.10,173.194.164.186,,,45082,443,0,37,17
1584616133.093329,173.194.164.186,10.10.0.10,,,443,45082,0,1358,17
1584616133.102609,173.194.164.186,10.10.0.10,,,443,45082,0,1358,17
1584616133.10589,10.10.0.10,173.194.164.186,,,45082,443,0,37,17
1584616133.111887,173.194.164.186,10.10.0.10,,,443,45082,0,1358,17
1584616133.121168,173.194.164.186,10.10.0.10,,,443,45082,0,1358,17
1584616133.123732,10.10.0.10,173.194.164.186,,,45082,443,0,37,17
1584616133.130452,173.194.164.186,10.10.0.10,,,443,45082,0,1358,17
1584616133.139729,173.194.164.186,10.10.0.10,,,443,45082,0,1358,17
1584616133.1413698,10.10.0.10,173.194.164.186,,,45082,443,0,37,17
1584616133.1490042,173.194.164.186,10.10.0.10,,,443,45082,0,1358,17
1584616133.1582901,173.194.164.186,10.10.0.10,,,443,45082,0,1358,17
1584616133.160134,10.10.0.10,173.194.164.186,,,45082,443,0,50,17
1584616133.167567,173.194.164.186,10.10.0.10,,,443,45082,0,1358,17
1584616133.176847,173.194.164.186,10.10.0.10,,,443,45082,0,1358,17
1584616133.178633,10.10.0.10,173.194.164.186,,,45082,443,0,37,17
1584616133.1861384,173.194.164.186,10.10.0.10,,,443,45082,0,1358,17
1584616133.195408,173.194.164.186,10.10.0.10,,,443,45082,0,1358,17
1584616133.198202,10.10.0.10,173.194.164.186,,,45082,443,0,37,17
1584616133.2046845,173.194.164.186,10.10.0.10,,,443,45082,0,1358,17
1584616133.2139642,173.194.164.186,10.10.0.10,,,443,45082,0,1358,17
1584616133.215639,10.10.0.10,173.194.164.186,,,45082,443,0,37,17
1584616133.223246,173.194.164.186,10.10.0.10,,,443,45082,0,1358,17
1584616133.232529,173.194.164.186,10.10.0.10,,,443,45082,0,1358,17
1584616133.234255,10.10.0.10,173.194.164.186,,,45082,443,0,37,17
1584616133.241806,173.194.164.186,10.10.0.10,,,443,45082,0,1358,17
1584616133.251085,173.194.164.186,10.10.0.10,,,443,45082,0,1358,17
1584616133.2533526,10.10.0.10,173.194.164.186,,,45082,443,0,37,17
1584616133.2603672,173.194.164.186,10.10.0.10,,,443,45082,0,1358,17
1584616133.269656,173.194.164.186,10.10.0.10,,,443,45082,0,1358,17
1584616133.271252,10.10.0.10,173.194.164.186,,,45082,443,0,37,17
1584616133.278928,173.194.164.186,10.10.0.10,,,443,45082,0,1358,17
1584616133.288206,173.194.164.186,10.10.0.10,,,443,45082,0,1358,17
1584616133.289983,10.10.0.10,173.194.164.186,,,45082,443,0,37,17
1584616133.2974956,173.194.164.186,10.10.0.10,,,443,45082,0,1358,17
1584616133.307465,173.194.164.186,10.10.0.10,,,443,45082,0,1358,17
1584616133.3091068,10.10.0.10,173.194.164.186,,,45082,443,0,37,17
1584616133.316737,173.194.164.186,10.10.0.10,,,443,45082,0,1358,17
1584616133.3260329,173.194.164.186,10.10.0.10,,,443,45082,0,1358,17
1584616133.327627,10.10.0.10,173.194.164.186,,,45082,443,0,37,17
1584616133.335295,173.194.164.186,10.10.0.10,,,443,45082,0,1358,17
1584616133.3445892,173.194.164.186,10.10.0.10,,,443,45082,0,1358,17
1584616133.346377,10.10.0.10,173.194.164.186,,,45082,443,0,37,17
1584616133.353856,173.194.164.186,10.10.0.10,,,443,45082,0,1358,17
1584616133.363151,173.194.164.186,10.10.0.10,,,443,45082,0,1358,17
1584616133.364855,10.10.0.10,173.194.164.186,,,45082,443,0,37,17
1584616133.372415,173.194.164.186,10.10.0.10,,,443,45082,0,1358,17
1584616133.3817134,173.194.164.186,10.10.0.10,,,443,45082,0,1358,17
1584616133.383358,10.10.0.10,173.194.164.186,,,45082,443,0,37,17
1584616133.390976,173.194.164.186,10.10.0.10,,,443,45082,0,1358,17
1584616133.4002519,173.194.164.186,10.10.0.10,,,443,45082,0,1358,17
1584616133.409532,173.194.164.186,10.10.0.10,,,443,45082,0,1358,17
1584616133.418816,173.194.164.186,10.10.0.10,,,443,45082,0,1358,17
1584616133.4280908,173.194.164.186,10.10.0.10,,,443,45082,0,1358,17
1584616133.4303546,10.10.0.10,173.194.164.186,,,45082,443,0,37,17
1584616133.437397,173.194.164.186,10.10.0.10,,,443,45082,0,1358,17
1584616133.4440072,10.10.0.10,173.194.164.186,,,45082,443,0,37,17
1584616133.4448528,10.10.0.10,173.194.164.186,,,45082,443,0,37,17
1584616133.446656,173.194.164.186,10.10.0.10,,,443,45082,0,1358,17
1584616133.455936,173.194.164.186,10.10.0.10,,,443,45082,0,1358,17
1584616133.458353,10.10.0.10,173.194.164.186,,,45082,443,0,37,17
1584616133.465216,173.194.164.186,10.10.0.10,,,443,45082,0,1358,17
1584616133.474495,173.194.164.186,10.10.0.10,,,443,45082,0,1358,17
1584616133.476594,10.10.0.10,173.194.164.186,,,45082,443,0,37,17
1584616133.4837732,173.194.164.186,10.10.0.10,,,443,45082,0,1358,17
1584616133.493056,173.194.164.186,10.10.0.10,,,443,45082,0,1358,17
1584616133.4948714,10.10.0.10,173.194.164.186,,,45082,443,0,37,17
1584616133.5023382,173.194.164.186,10.10.0.10,,,443,45082,0,1358,17
1584616133.511616,173.194.164.186,10.10.0.10,,,443,45082,0,1358,17
1584616133.513247,10.10.0.10,173.194.164.186,,,45082,443,0,37,17
1584616133.5208988,173.194.164.186,10.10.0.10,,,443,45082,0,1358,17
1584616133.5301766,173.194.164.186,10.10.0.10,,,443,45082,0,1358,17
1584616133.531872,10.10.0.10,173.194.164.186,,,45082,443,0,50,17
1584616133.539459,173.194.164.186,10.10.0.10,,,443,45082,0,1358,17
1584616133.5487351,173.194.164.186,10.10.0.10,,,443,45082,0,1358,17
1584616133.5503151,10.10.0.10,173.194.164.186,,,45082,443,0,37,17
1584616133.558022,173.194.164.186,10.10.0.10,,,443,45082,0,1358,17
1584616133.5672948,173.194.164.186,10.10.0.10,,,443,45082,0,1358,17
1584616133.569479,10.10.0.10,173.194.164.186,,,45082,443,0,37,17
1584616133.5765822,173.194.164.186,10.10.0.10,,,443,45082,0,1358,17
1584616133.585857,173.194.164.186,10.10.0.10,,,443,45082,0,1358,17
1584616133.587599,10.10.0.10,173.194.164.186,,,45082,443,0,37,17
1584616133.5951462,173.194.164.186,10.10.0.10,,,443,45082,0,1358,17
1584616133.6044161,173.194.164.186,10.10.0.10,,,443,45082,0,1358,17
1584616133.608842,10.10.0.10,173.194.164.186,,,45082,443,0,37,17
1584616133.613706,173.194.164.186,10.10.0.10,,,443,45082,0,1358,17
1584616133.622975,173.194.164.186,10.10.0.10,,,443,45082,0,1358,17
1584616133.624601,10.10.0.10,173.194.164.186,,,45082,443,0,37,17
1584616133.632267,173.194.164.186,10.10.0.10,,,443,45082,0,1358,17
1584616133.641535,173.194.164.186,10.10.0.10,,,443,45082,0,1358,17
1584616133.643238,10.10.0.10,173.194.164.186,,,45082,443,0,37,17
1584616133.6508286,173.194.164.186,10.10.0.10,,,443,45082,0,1358,17
1584616133.660091,173.194.164.186,10.10.0.10,,,443,45082,0,1358,17
1584616133.6619608,10.10.0.10,173.194.164.186,,,45082,443,0,37,17
1584616133.669392,173.194.164.186,10.10.0.10,,,443,45082,0,1358,17
1584616133.6786554,173.194.164.186,10.10.0.10,,,443,45082,0,1358,17
1584616133.6803448,10.10.0.10,173.194.164.186,,,45082,443,0,37,17
1584616133.6879392,173.194.164.186,10.10.0.10,,,443,45082,0,1358,17
1584616133.697216,173.194.164.186,10.10.0.10,,,443,45082,0,1358,17
1584616133.6988368,10.10.0.10,173.194.164.186,,,45082,443,0,37,17
1584616133.7065148,173.194.164.186,10.10.0.10,,,443,45082,0,1358,17
1584616133.7157788,173.194.164.186,10.10.0.10,,,443,45082,0,1358,17
1584616133.717345,10.10.0.10,173.194.164.186,,,45082,443,0,37,17
1584616133.725055,173.194.164.186,10.10.0.10,,,443,45082,0,1358,17
1584616133.7343378,173.194.164.186,10.10.0.10,,,443,45082,0,1358,17
1584616133.736596,10.10.0.10,173.194.164.186,,,45082,443,0,37,17
1584616133.74364,173.194.164.186,10.10.0.10,,,443,45082,0,1358,17
1584616133.7529,173.194.164.186,10.10.0.10,,,443,45082,0,1358,17
1584616133.7544699,10.10.0.10,173.194.164.186,,,45082,443,0,37,17
1584616133.762176,173.194.164.186,10.10.0.10,,,443,45082,0,1358,17
1584616133.771456,173.194.164.186,10.10.0.10,,,443,45082,0,1358,17
1584616133.7732108,10.10.0.10,173.194.164.186,,,45082,443,0,37,17
1584616133.7807386,173.194.164.186,10.10.0.10,,,443,45082,0,1358,17
1584616133.790017,173.194.164.186,10.10.0.10,,,443,45082,0,1358,17
1584616133.7918608,10.10.0.10,173.194.164.186,,,45082,443,0,37,17
1584616133.7992964,173.194.164.186,10.10.0.10,,,443,45082,0,1358,17
1584616133.8085759,173.194.164.186,10.10.0.10,,,443,45082,0,1358,17
1584616133.811342,10.10.0.10,173.194.164.186,,,45082,443,0,37,17
1584616133.817858,173.194.164.186,10.10.0.10,,,443,45082,0,1358,17
1584616133.82714,173.194.164.186,10.10.0.10,,,443,45082,0,1358,17
1584616133.8287358,10.10.0.10,173.194.164.186,,,45082,443,0,37,17
1584616133.836416,173.194.164.186,10.10.0.10,,,443,45082,0,1358,17
1584616133.8457012,173.194.164.186,10.10.0.10,,,443,45082,0,1358,17
1584616133.8474882,10.10.0.10,173.194.164.186,,,45082,443,0,37,17
1584616133.854977,173.194.164.186,10.10.0.10,,,443,45082,0,1358,17
1584616133.864251,173.194.164.186,10.10.0.10,,,443,45082,0,1358,17
1584616133.8659868,10.10.0.10,173.194.164.186,,,45082,443,0,37,17
1584616133.8735352,173.194.164.186,10.10.0.10,,,443,45082,0,1358,17
1584616133.882823,173.194.164.186,10.10.0.10,,,443,45082,0,1358,17
1584616133.884738,10.10.0.10,173.194.164.186,,,45082,443,0,37,17
1584616133.892096,173.194.164.186,10.10.0.10,,,443,45082,0,1358,17
1584616133.9013894,173.194.164.186,10.10.0.10,,,443,45082,0,1358,17
1584616133.9031026,10.10.0.10,173.194.164.186,,,45082,443,0,50,17
1584616133.910655,173.194.164.186,10.10.0.10,,,443,45082,0,1358,17
1584616133.9199548,173.194.164.186,10.10.0.10,,,443,45082,0,1358,17
1584616133.921581,10.10.0.10,173.194.164.186,,,45082,443,0,37,17
1584616133.929216,173.194.164.186,10.10.0.10,,,443,45082,0,1358,17
1584616133.9385085,173.194.164.186,10.10.0.10,,,443,45082,0,1358,17
1584616133.940489,10.10.0.10,173.194.164.186,,,45082,443,0,37,17
1584616133.9477751,173.194.164.186,10.10.0.10,,,443,45082,0,1358,17
1584616133.957073,173.194.164.186,10.10.0.10,,,443,45082,0,1358,17
1584616133.958733,10.10.0.10,173.194.164.186,,,45082,443,0,37,17
1584616133.966337,173.194.164.186,10.10.0.10,,,443,45082,0,1358,17
1584616133.975632,173.194.164.186,10.10.0.10,,,443,45082,0,1358,17
1584616133.9773402,10.10.0.10,173.194.164.186,,,45082,443,0,37,17
1584616133.9848962,173.194.164.186,10.10.0.10,,,443,45082,0,1358,17
1584616133.994175,173.194.164.186,10.10.0.10,,,443,45082,0,1358,17
1584616133.9958372,10.10.0.10,173.194.164.186,,,45082,443,0,37,17
1584616134.003457,173.194.164.186,10.10.0.10,,,443,45082,0,1358,17
1584616134.012756,173.194.164.186,10.10.0.10,,,443,45082,0,1358,17
1584616134.015986,10.10.0.10,173.194.164.186,,,45082,443,0,37,17
1584616134.0220268,173.194.164.186,10.10.0.10,,,443,45082,0,1358,17
1584616134.0312948,173.194.164.186,10.10.0.10,,,443,45082,0,1358,17
1584616134.032982,10.10.0.10,173.194.164.186,,,45082,443,0,37,17
1584616134.040578,173.194.164.186,10.10.0.10,,,443,45082,0,1358,17
1584616134.0498538,173.194.164.186,10.10.0.10,,,443,45082,0,1358,17
1584616134.051554,10.10.0.10,173.194.164.186,,,45082,443,0,37,17
1584616134.059134,173.194.164.186,10.10.0.10,,,443,45082,0,1358,17
1584616134.068424,173.194.164.186,10.10.0.10,,,443,45082,0,1358,17
1584616134.069942,10.10.0.10,173.194.164.186,,,45082,443,0,37,17
1584616134.0776858,173.194.164.186,10.10.0.10,,,443,45082,0,1358,17
1584616134.0869858,173.194.164.186,10.10.0.10,,,443,45082,0,1358,17
1584616134.0885725,10.10.0.10,173.194.164.186,,,45082,443,0,37,17
1584616134.0962489,173.194.164.186,10.10.0.10,,,443,45082,0,1358,17
1584616134.1055431,173.194.164.186,10.10.0.10,,,443,45082,0,1358,17
1584616134.107356,10.10.0.10,173.194.164.186,,,45082,443,0,37,17
1584616134.114813,173.194.164.186,10.10.0.10,,,443,45082,0,1358,17
1584616134.12409,173.194.164.186,10.10.0.10,,,443,45082,0,1358,17
1584616134.125691,10.10.0.10,173.194.164.186,,,45082,443,0,37,17
1584616134.133378,173.194.164.186,10.10.0.10,,,443,45082,0,1358,17
1584616134.142657,173.194.164.186,10.10.0.10,,,443,45082,0,1358,17
1584616134.1443539,10.10.0.10,173.194.164.186,,,45082,443,0,37,17
1584616134.151936,173.194.164.186,10.10.0.10,,,443,45082,0,1358,17
1584616134.161215,173.194.164.186,10.10.0.10,,,443,45082,0,1358,17
1584616134.1627092,10.10.0.10,173.194.164.186,,,45082,443,0,37,17
1584616134.1704938,173.194.164.186,10.10.0.10,,,443,45082,0,1358,17
1584616134.1797712,173.194.164.186,10.10.0.10,,,443,45082,0,1358,17
1584616134.181565,10.10.0.10,173.194.164.186,,,45082,443,0,37,17
1584616134.189067,173.194.164.186,10.10.0.10,,,443,45082,0,1358,17
1584616134.198334,173.194.164.186,10.10.0.10,,,443,45082,0,1358,17
1584616134.1999302,10.10.0.10,173.194.164.186,,,45082,443,0,37,17
1584616134.2076142,173.194.164.186,10.10.0.10,,,443,45082,0,1358,17
1584616134.2168908,173.194.164.186,10.10.0.10,,,443,45082,0,1358,17
1584616134.2208602,10.10.0.10,173.194.164.186,,,45082,443,0,37,17
1584616134.2261698,173.194.164.186,10.10.0.10,,,443,45082,0,1358,17
1584616134.235457,173.194.164.186,10.10.0.10,,,443,45082,0,1358,17
1584616134.241111,10.10.0.10,173.194.164.186,,,45082,443,0,37,17
1584616134.244731,173.194.164.186,10.10.0.10,,,443,45082,0,1358,17
1584616134.25401,173.194.164.186,10.10.0.10,,,443,45082,0,1358,17
1584616134.2555652,10.10.0.10,173.194.164.186,,,45082,443,0,37,17
1584616134.2633119,173.194.164.186,10.10.0.10,,,443,45082,0,1358,17
1584616134.2725732,173.194.164.186,10.10.0.10,,,443,45082,0,1358,17
1584616134.274226,10.10.0.10,173.194.164.186,,,45082,443,0,50,17
1584616134.281857,173.194.164.186,10.10.0.10,,,443,45082,0,1358,17
1584616134.2911322,173.194.164.186,10.10.0.10,,,443,45082,0,1358,17
1584616134.292722,10.10.0.10,173.194.164.186,,,45082,443,0,37,17
1584616134.3004212,173.194.164.186,10.10.0.10,,,443,45082,0,1358,17
1584616134.3096962,173.194.164.186,10.10.0.10,,,443,45082,0,1358,17
1584616134.3113492,10.10.0.10,173.194.164.186,,,45082,443,0,37,17
1584616134.3189974,173.194.164.186,10.10.0.10,,,443,45082,0,1358,17
1584616134.3282552,173.194.164.186,10.10.0.10,,,443,45082,0,1358,17
1584616134.329848,10.10.0.10,173.194.164.186,,,45082,443,0,37,17
1584616134.337538,173.194.164.186,10.10.0.10,,,443,45082,0,1358,17
1584616134.346817,173.194.164.186,10.10.0.10,,,443,45082,0,1358,17
1584616134.348326,10.10.0.10,173.194.164.186,,,45082,443,0,37,17
1584616134.3560908,173.194.164.186,10.10.0.10,,,443,45082,0,1358,17
1584616134.3653786,173.194.164.186,10.10.0.10,,,443,45082,0,1358,17
1584616134.367079,10.10.0.10,173.194.164.186,,,45082,443,0,37,17
1584616134.374655,173.194.164.186,10.10.0.10,,,443,45082,0,1358,17
1584616134.3839395,173.194.164.186,10.10.0.10,,,443,45082,0,1358,17
1584616134.3865955,10.10.0.10,173.194.164.186,,,45082,443,0,37,17
1584616134.3932178,173.194.164.186,10.10.0.10,,,443,45082,0,1358,17
1584616134.402498,173.194.164.186,10.10.0.10,,,443,45082,0,1358,17
1584616134.404473,10.10.0.10,173.194.164.186,,,45082,443,0,37,17
1584616134.411777,173.194.164.186,10.10.0.10,,,443,45082,0,1358,17
1584616134.421057,173.194.164.186,10.10.0.10,,,443,45082,0,1358,17
1584616134.422959,10.10.0.10,173.194.164.186,,,45082,443,0,37,17
1584616134.430337,173.194.164.186,10.10.0.10,,,443,45082,0,1358,17
1584616134.4396222,173.194.164.186,10.10.0.10,,,443,45082,0,1358,17
1584616134.442066,10.10.0.10,173.194.164.186,,,45082,443,0,37,17
1584616134.448895,173.194.164.186,10.10.0.10,,,443,45082,0,1358,17
1584616134.4581811,173.194.164.186,10.10.0.10,,,443,45082,0,1358,17
1584616134.460199,10.10.0.10,173.194.164.186,,,45082,443,0,37,17
1584616134.467456,173.194.164.186,10.10.0.10,,,443,45082,0,1358,17
1584616134.4767401,173.194.164.186,10.10.0.10,,,443,45082,0,1358,17
1584616134.478313,10.10.0.10,173.194.164.186,,,45082,443,0,37,17
1584616134.486015,173.194.164.186,10.10.0.10,,,443,45082,0,1358,17
1584616134.495305,173.194.164.186,10.10.0.10,,,443,45082,0,1358,17
1584616134.4968321,10.10.0.10,173.194.164.186,,,45082,443,0,37,17
1584616134.504576,173.194.164.186,10.10.0.10,,,443,45082,0,1358,17
1584616134.51387,173.194.164.186,10.10.0.10,,,443,45082,0,1358,17
1584616134.5154462,10.10.0.10,173.194.164.186,,,45082,443,0,37,17
1584616134.523135,173.194.164.186,10.10.0.10,,,443,45082,0,1358,17
1584616134.5324292,173.194.164.186,10.10.0.10,,,443,45082,0,1358,17
1584616134.5341961,10.10.0.10,173.194.164.186,,,45082,443,0,37,17
1584616134.5416946,173.194.164.186,10.10.0.10,,,443,45082,0,1358,17
1584616134.55099,173.194.164.186,10.10.0.10,,,443,45082,0,1358,17
1584616134.5528195,10.10.0.10,173.194.164.186,,,45082,443,0,37,17
1584616134.5602524,173.194.164.186,10.10.0.10,,,443,45082,0,1358,17
1584616134.569536,173.194.164.186,10.10.0.10,,,443,45082,0,1358,17
1584616134.571193,10.10.0.10,173.194.164.186,,,45082,443,0,37,17
1584616134.5788188,173.194.164.186,10.10.0.10,,,443,45082,0,1358,17
1584616134.588095,173.194.164.186,10.10.0.10,,,443,45082,0,1358,17
1584616134.5898438,10.10.0.10,173.194.164.186,,,45082,443,0,37,17
1584616134.597377,173.194.164.186,10.10.0.10,,,443,45082,0,1358,17
1584616134.6066554,173.194.164.186,10.10.0.10,,,443,45082,0,1358,17
1584616134.609185,10.10.0.10,173.194.164.186,,,45082,443,0,37,17
1584616134.6159382,173.194.164.186,10.10.0.10,,,443,45082,0,1358,17
1584616134.6252382,173.194.164.186,10.10.0.10,,,443,45082,0,1358,17
1584616134.626823,10.10.0.10,173.194.164.186,,,45082,443,0,37,17
1584616134.6344981,173.194.164.186,10.10.0.10,,,443,45082,0,1358,17
1584616134.643775,173.194.164.186,10.10.0.10,,,443,45082,0,1358,17
1584616134.645589,10.10.0.10,173.194.164.186,,,45082,443,0,50,17
1584616134.6530561,173.194.164.186,10.10.0.10,,,443,45082,0,1358,17
1584616134.6623368,173.194.164.186,10.10.0.10,,,443,45082,0,1358,17
1584616134.664089,10.10.0.10,173.194.164.186,,,45082,443,0,37,17
1584616134.6716151,173.194.164.186,10.10.0.10,,,443,45082,0,1358,17
1584616134.680897,173.194.164.186,10.10.0.10,,,443,45082,0,1358,17
1584616134.690175,173.194.164.186,10.10.0.10,,,443,45082,0,1358,17
1584616134.699456,173.194.164.186,10.10.0.10,,,443,45082,0,29,17
1584616134.699877,173.194.164.186,10.10.0.10,,,443,45082,0,1358,17
1584616134.707953,10.10.0.10,173.194.164.186,,,45082,443,0,37,17
1584616134.7091742,173.194.164.186,10.10.0.10,,,443,45082,0,1358,17
1584616134.7096922,10.10.0.10,173.194.164.186,,,45082,443,0,37,17
1584616134.7184358,173.194.164.186,10.10.0.10,,,443,45082,0,1358,17
1584616134.719959,10.10.0.10,173.194.164.186,,,45082,443,0,37,17
1584616134.727726,173.194.164.186,10.10.0.10,,,443,45082,0,1358,17
1584616134.7369962,173.194.164.186,10.10.0.10,,,443,45082,0,1358,17
1584616134.7387118,10.10.0.10,173.194.164.186,,,45082,443,0,37,17
1584616134.746278,173.194.164.186,10.10.0.10,,,443,45082,0,1358,17
1584616134.755553,173.194.164.186,10.10.0.10,,,443,45082,0,1358,17
1584616134.757082,10.10.0.10,173.194.164.186,,,45082,443,0,37,17
1584616134.764834,173.194.164.186,10.10.0.10,,,443,45082,0,1358,17
1584616134.7741158,173.194.164.186,10.10.0.10,,,443,45082,0,1358,17
1584616134.775694,10.10.0.10,173.194.164.186,,,45082,443,0,37,17
1584616134.7833958,173.194.164.186,10.10.0.10,,,443,45082,0,1358,17
1584616134.7926748,173.194.164.186,10.10.0.10,,,443,45082,0,1358,17
1584616134.7944381,10.10.0.10,173.194.164.186,,,45082,443,0,37,17
1584616134.8019571,173.194.164.186,10.10.0.10,,,443,45082,0,1358,17
1584616134.8112366,173.194.164.186,10.10.0.10,,,443,45082,0,1358,17
1584616134.812937,10.10.0.10,173.194.164.186,,,45082,443,0,37,17
1584616134.820516,173.194.164.186,10.10.0.10,,,443,45082,0,1358,17
1584616134.8297956,173.194.164.186,10.10.0.10,,,443,45082,0,1358,17
1584616134.831312,10.10.0.10,173.194.164.186,,,45082,443,0,37,17
1584616134.8390772,173.194.164.186,10.10.0.10,,,443,45082,0,1358,17
1584616134.848353,173.194.164.186,10.10.0.10,,,443,45082,0,1358,17
1584616134.8503325,10.10.0.10,173.194.164.186,,,45082,443,0,37,17
1584616134.8576355,173.194.164.186,10.10.0.10,,,443,45082,0,1358,17
1584616134.866919,173.194.164.186,10.10.0.10,,,443,45082,0,1358,17
1584616134.8685572,10.10.0.10,173.194.164.186,,,45082,443,0,37,17
1584616134.876201,173.194.164.186,10.10.0.10,,,443,45082,0,1358,17
1584616134.8854866,173.194.164.186,10.10.0.10,,,443,45082,0,1358,17
1584616134.887341,10.10.0.10,173.194.164.186,,,45082,443,0,37,17
1584616134.8947554,173.194.164.186,10.10.0.10,,,443,45082,0,1358,17
1584616134.904055,173.194.164.186,10.10.0.10,,,443,45082,0,1358,17
1584616134.9062052,10.10.0.10,173.194.164.186,,,45082,443,0,37,17
1584616134.9133148,173.194.164.186,10.10.0.10,,,443,45082,0,1358,17
1584616134.922607,173.194.164.186,10.10.0.10,,,443,45082,0,1358,17
1584616134.92431,10.10.0.10,173.194.164.186,,,45082,443,0,37,17
1584616134.931876,173.194.164.186,10.10.0.10,,,443,45082,0,1358,17
1584616134.941168,173.194.164.186,10.10.0.10,,,443,45082,0,1358,17
1584616134.943079,10.10.0.10,173.194.164.186,,,45082,443,0,37,17
1584616134.950435,173.194.164.186,10.10.0.10,,,443,45082,0,1358,17
1584616134.9597318,173.194.164.186,10.10.0.10,,,443,45082,0,1358,17
1584616134.9614534,10.10.0.10,173.194.164.186,,,45082,443,0,37,17
1584616134.9689958,173.194.164.186,10.10.0.10,,,443,45082,0,1358,17
1584616134.9782908,173.194.164.186,10.10.0.10,,,443,45082,0,1358,17
1584616134.979954,10.10.0.10,173.194.164.186,,,45082,443,0,37,17
1584616134.9875548,173.194.164.186,10.10.0.10,,,443,45082,0,1358,17
1584616134.996857,173.194.164.186,10.10.0.10,,,443,45082,0,1358,17
1584616134.9986892,10.10.0.10,173.194.164.186,,,45082,443,0,37,17
1584616135.006115,173.194.164.186,10.10.0.10,,,443,45082,0,1358,17
1584616135.015395,173.194.164.186,10.10.0.10,,,443,45082,0,1358,17
1584616135.017202,10.10.0.10,173.194.164.186,,,45082,443,0,50,17
1584616135.024675,173.194.164.186,10.10.0.10,,,443,45082,0,1358,17
1584616135.033976,173.194.164.186,10.10.0.10,,,443,45082,0,1358,17
1584616135.035831,10.10.0.10,173.194.164.186,,,45082,443,0,37,17
1584616135.0432372,173.194.164.186,10.10.0.10,,,443,45082,0,1358,17
1584616135.0525172,173.194.164.186,10.10.0.10,,,443,45082,0,29,17
1584616135.0529392,173.194.164.186,10.10.0.10,,,443,45082,0,1358,17
1584616135.055311,10.10.0.10,173.194.164.186,,,45082,443,0,37,17
1584616135.0622118,173.194.164.186,10.10.0.10,,,443,45082,0,1358,17
1584616135.0714931,173.194.164.186,10.10.0.10,,,443,45082,0,1358,17
1584616135.0742989,10.10.0.10,173.194.164.186,,,45082,443,0,37,17
1584616135.080789,173.194.164.186,10.10.0.10,,,443,45082,0,1358,17
1584616135.090049,173.194.164.186,10.10.0.10,,,443,45082,0,1358,17
1584616135.093176,10.10.0.10,173.194.164.186,,,45082,443,0,37,17
1584616135.0993302,173.194.164.186,10.10.0.10,,,443,45082,0,1358,17
1584616135.1086106,173.194.164.186,10.10.0.10,,,443,45082,0,1358,17
1584616135.1101599,10.10.0.10,173.194.164.186,,,45082,443,0,37,17
1584616135.1178956,173.194.164.186,10.10.0.10,,,443,45082,0,1358,17
1584616135.1271718,173.194.164.186,10.10.0.10,,,443,45082,0,1358,17
1584616135.1288,10.10.0.10,173.194.164.186,,,45082,443,0,37,17
1584616135.1364515,173.194.164.186,10.10.0.10,,,443,45082,0,1358,17
1584616135.14573,173.194.164.186,10.10.0.10,,,443,45082,0,1358,17
1584616135.1474302,10.10.0.10,173.194.164.186,,,45082,443,0,37,17
1584616135.1550221,173.194.164.186,10.10.0.10,,,443,45082,0,1358,17
1584616135.164291,173.194.164.186,10.10.0.10,,,443,45082,0,1358,17
1584616135.167178,10.10.0.10,173.194.164.186,,,45082,443,0,37,17
1584616135.173598,173.194.164.186,10.10.0.10,,,443,45082,0,1358,17
1584616135.182856,173.194.164.186,10.10.0.10,,,443,45082,0,1358,17
1584616135.184295,10.10.0.10,173.194.164.186,,,45082,443,0,37,17
1584616135.1921306,173.194.164.186,10.10.0.10,,,443,45082,0,1358,17
1584616135.2014115,173.194.164.186,10.10.0.10,,,443,45082,0,1358,17
1584616135.203179,10.10.0.10,173.194.164.186,,,45082,443,0,37,17
1584616135.210691,173.194.164.186,10.10.0.10,,,443,45082,0,1358,17
1584616135.2199712,173.194.164.186,10.10.0.10,,,443,45082,0,1358,17
1584616135.223072,10.10.0.10,173.194.164.186,,,45082,443,0,37,17
1584616135.2292569,173.194.164.186,10.10.0.10,,,443,45082,0,1358,17
1584616135.238536,173.194.164.186,10.10.0.10,,,443,45082,0,1358,17
1584616135.240159,10.10.0.10,173.194.164.186,,,45082,443,0,37,17
1584616135.2478268,173.194.164.186,10.10.0.10,,,443,45082,0,1358,17
1584616135.257097,173.194.164.186,10.10.0.10,,,443,45082,0,1358,17
1584616135.2586539,10.10.0.10,173.194.164.186,,,45082,443,0,37,17
1584616135.266375,173.194.164.186,10.10.0.10,,,443,45082,0,1358,17
1584616135.2756536,173.194.164.186,10.10.0.10,,,443,45082,0,1358,17
1584616135.2772784,10.10.0.10,173.194.164.186,,,45082,443,0,37,17
1584616135.284931,173.194.164.186,10.10.0.10,,,443,45082,0,1358,17
1584616135.294209,173.194.164.186,10.10.0.10,,,443,45082,0,1358,17
1584616135.296062,10.10.0.10,173.194.164.186,,,45082,443,0,37,17
1584616135.3034918,173.194.164.186,10.10.0.10,,,443,45082,0,1358,17
1584616135.312781,173.194.164.186,10.10.0.10,,,443,45082,0,1358,17
1584616135.314425,10.10.0.10,173.194.164.186,,,45082,443,0,37,17
1584616135.322056,173.194.164.186,10.10.0.10,,,443,45082,0,1358,17
1584616135.331348,173.194.164.186,10.10.0.10,,,443,45082,0,1358,17
1584616135.332791,10.10.0.10,173.194.164.186,,,45082,443,0,37,17
1584616135.340616,173.194.164.186,10.10.0.10,,,443,45082,0,1358,17
1584616135.349905,173.194.164.186,10.10.0.10,,,443,45082,0,1358,17
1584616135.3514438,10.10.0.10,173.194.164.186,,,45082,443,0,37,17
1584616135.359175,173.194.164.186,10.10.0.10,,,443,45082,0,1358,17
1584616135.3684669,173.194.164.186,10.10.0.10,,,443,45082,0,1358,17
1584616135.3700678,10.10.0.10,173.194.164.186,,,45082,443,0,37,17
1584616135.3777368,173.194.164.186,10.10.0.10,,,443,45082,0,1358,17
1584616135.3870301,173.194.164.186,10.10.0.10,,,443,45082,0,1358,17
1584616135.3885384,10.10.0.10,173.194.164.186,,,45082,443,0,50,17
1584616135.396296,173.194.164.186,10.10.0.10,,,443,45082,0,1358,17
1584616135.405593,173.194.164.186,10.10.0.10,,,443,45082,0,1358,17
1584616135.4079149,10.10.0.10,173.194.164.186,,,45082,443,0,37,17
1584616135.414855,173.194.164.186,10.10.0.10,,,443,45082,0,1358,17
1584616135.4241529,173.194.164.186,10.10.0.10,,,443,45082,0,29,17
1584616135.4245589,173.194.164.186,10.10.0.10,,,443,45082,0,1358,17
1584616135.426442,10.10.0.10,173.194.164.186,,,45082,443,0,37,17
1584616135.433846,173.194.164.186,10.10.0.10,,,443,45082,0,1358,17
1584616135.443115,173.194.164.186,10.10.0.10,,,443,45082,0,1358,17
1584616135.444689,10.10.0.10,173.194.164.186,,,45082,443,0,37,17
1584616135.452392,173.194.164.186,10.10.0.10,,,443,45082,0,1358,17
1584616135.4616704,173.194.164.186,10.10.0.10,,,443,45082,0,1358,17
1584616135.4634204,10.10.0.10,173.194.164.186,,,45082,443,0,37,17
1584616135.470966,173.194.164.186,10.10.0.10,,,443,45082,0,1358,17
1584616135.480231,173.194.164.186,10.10.0.10,,,443,45082,0,1358,17
1584616135.4821732,10.10.0.10,173.194.164.186,,,45082,443,0,37,17
1584616135.489527,173.194.164.186,10.10.0.10,,,443,45082,0,1358,17
1584616135.4987962,173.194.164.186,10.10.0.10,,,443,45082,0,1358,17
1584616135.5002918,10.10.0.10,173.194.164.186,,,45082,443,0,37,17
1584616135.508075,173.194.164.186,10.10.0.10,,,443,45082,0,1358,17
1584616135.517355,173.194.164.186,10.10.0.10,,,443,45082,0,1358,17
1584616135.5246868,10.10.0.10,173.194.164.186,,,45082,443,0,37,17
1584616135.52665,173.194.164.186,10.10.0.10,,,443,45082,0,1358,17
1584616135.535927,173.194.164.186,10.10.0.10,,,443,45082,0,1358,17
1584616135.537688,10.10.0.10,173.194.164.186,,,45082,443,0,37,17
1584616135.5452125,173.194.164.186,10.10.0.10,,,443,45082,0,1358,17
1584616135.5544765,173.194.164.186,10.10.0.10,,,443,45082,0,1358,17
1584616135.5560381,10.10.0.10,173.194.164.186,,,45082,443,0,37,17
1584616135.5637562,173.194.164.186,10.10.0.10,,,443,45082,0,1358,17
1584616135.573038,173.194.164.186,10.10.0.10,,,443,45082,0,1358,17
1584616135.5746682,10.10.0.10,173.194.164.186,,,45082,443,0,37,17
1584616135.582336,173.194.164.186,10.10.0.10,,,443,45082,0,1358,17
1584616135.5915961,173.194.164.186,10.10.0.10,,,443,45082,0,1358,17
1584616135.5934348,10.10.0.10,173.194.164.186,,,45082,443,0,37,17
1584616135.600875,173.194.164.186,10.10.0.10,,,443,45082,0,1358,17
1584616135.6101544,173.194.164.186,10.10.0.10,,,443,45082,0,629,17
1584616135.611809,10.10.0.10,173.194.164.186,,,45082,443,0,37,17
1584616135.630064,10.10.0.10,173.194.164.186,,,45082,443,0,725,17
1584616135.630091,10.10.0.10,173.194.164.186,,,45082,443,0,48,17
1584616135.634193,173.194.164.186,10.10.0.10,,,443,45082,0,29,17
1584616135.635863,173.194.164.186,10.10.0.10,,,443,45082,0,1358,17
1584616135.635898,173.194.164.186,10.10.0.10,,,443,45082,0,1358,17
1584616135.6388106,10.10.0.10,173.194.164.186,,,45082,443,0,37,17
1584616135.6437721,173.194.164.186,10.10.0.10,,,443,45082,0,1358,17
1584616135.6530454,173.194.164.186,10.10.0.10,,,443,45082,0,1358,17
1584616135.655533,10.10.0.10,173.194.164.186,,,45082,443,0,37,17
1584616135.6623368,173.194.164.186,10.10.0.10,,,443,45082,0,1358,17
1584616135.671605,173.194.164.186,10.10.0.10,,,443,45082,0,1358,17
1584616135.67331,10.10.0.10,173.194.164.186,,,45082,443,0,37,17
1584616135.680897,173.194.164.186,10.10.0.10,,,443,45082,0,1358,17
1584616135.690165,173.194.164.186,10.10.0.10,,,443,45082,0,1358,17
1584616135.692412,10.10.0.10,173.194.164.186,,,45082,443,0,37,17
1584616135.699464,173.194.164.186,10.10.0.10,,,443,45082,0,1358,17
1584616135.7087252,173.194.164.186,10.10.0.10,,,443,45082,0,1358,17
1584616135.7104125,10.10.0.10,173.194.164.186,,,45082,443,0,37,17
1584616135.7180195,173.194.164.186,10.10.0.10,,,443,45082,0,1358,17
1584616135.727284,173.194.164.186,10.10.0.10,,,443,45082,0,1358,17
1584616135.7290359,10.10.0.10,173.194.164.186,,,45082,443,0,37,17
1584616135.736583,173.194.164.186,10.10.0.10,,,443,45082,0,1358,17
1584616135.745847,173.194.164.186,10.10.0.10,,,443,45082,0,1358,17
1584616135.747537,10.10.0.10,173.194.164.186,,,45082,443,0,37,17
1584616135.755125,173.194.164.186,10.10.0.10,,,443,45082,0,1358,17
1584616135.764408,173.194.164.186,10.10.0.10,,,443,45082,0,1358,17
1584616135.7660394,10.10.0.10,173.194.164.186,,,45082,443,0,37,17
1584616135.773706,173.194.164.186,10.10.0.10,,,443,45082,0,1358,17
1584616135.7829638,173.194.164.186,10.10.0.10,,,443,45082,0,1358,17
1584616135.784661,10.10.0.10,173.194.164.186,,,45082,443,0,37,17
1584616135.7922456,173.194.164.186,10.10.0.10,,,443,45082,0,1358,17
1584616135.8015304,173.194.164.186,10.10.0.10,,,443,45082,0,1358,17
1584616135.8033054,10.10.0.10,173.194.164.186,,,45082,443,0,37,17
1584616135.810804,173.194.164.186,10.10.0.10,,,443,45082,0,1358,17
1584616135.820084,173.194.164.186,10.10.0.10,,,443,45082,0,1358,17
1584616135.821808,10.10.0.10,173.194.164.186,,,45082,443,0,37,17
1584616135.8293679,173.194.164.186,10.10.0.10,,,443,45082,0,1358,17
1584616135.8386452,173.194.164.186,10.10.0.10,,,443,45082,0,1358,17
1584616135.84043,10.10.0.10,173.194.164.186,,,45082,443,0,37,17
1584616135.847934,173.194.164.186,10.10.0.10,,,443,45082,0,1358,17
1584616135.857209,173.194.164.186,10.10.0.10,,,443,45082,0,1358,17
1584616135.860301,10.10.0.10,173.194.164.186,,,45082,443,0,37,17
1584616135.8664849,173.194.164.186,10.10.0.10,,,443,45082,0,1358,17
1584616135.875765,173.194.164.186,10.10.0.10,,,443,45082,0,1358,17
1584616135.877553,10.10.0.10,173.194.164.186,,,45082,443,0,37,17
1584616135.8850508,173.194.164.186,10.10.0.10,,,443,45082,0,1358,17
1584616135.89433,173.194.164.186,10.10.0.10,,,443,45082,0,1358,17
1584616135.896784,10.10.0.10,173.194.164.186,,,45082,443,0,37,17
1584616135.9036038,173.194.164.186,10.10.0.10,,,443,45082,0,1358,17
1584616135.9128811,173.194.164.186,10.10.0.10,,,443,45082,0,1358,17
1584616135.9145231,10.10.0.10,173.194.164.186,,,45082,443,0,37,17
1584616135.922167,173.194.164.186,10.10.0.10,,,443,45082,0,1358,17
1584616135.9314532,173.194.164.186,10.10.0.10,,,443,45082,0,1358,17
1584616135.933183,10.10.0.10,173.194.164.186,,,45082,443,0,37,17
1584616135.940726,173.194.164.186,10.10.0.10,,,443,45082,0,1358,17
1584616135.9500134,173.194.164.186,10.10.0.10,,,443,45082,0,1358,17
1584616135.9516602,10.10.0.10,173.194.164.186,,,45082,443,0,37,17
1584616135.959285,173.194.164.186,10.10.0.10,,,443,45082,0,1358,17
1584616135.968577,173.194.164.186,10.10.0.10,,,443,45082,0,1358,17
1584616135.97785,173.194.164.186,10.10.0.10,,,443,45082,0,1358,17
1584616135.9871366,173.194.164.186,10.10.0.10,,,443,45082,0,1358,17
1584616135.988181,10.10.0.10,173.194.164.186,,,45082,443,0,40,17
1584616135.991799,10.10.0.10,173.194.164.186,,,45082,443,0,53,17
1584616135.992282,10.10.0.10,173.194.164.186,,,45082,443,0,40,17
1584616135.9928038,10.10.0.10,173.194.164.186,,,45082,443,0,40,17
1584616135.9964054,173.194.164.186,10.10.0.10,,,443,45082,0,1358,17
1584616136.005699,173.194.164.186,10.10.0.10,,,443,45082,0,1358,17
1584616136.007271,10.10.0.10,173.194.164.186,,,45082,443,0,40,17
1584616136.014967,173.194.164.186,10.10.0.10,,,443,45082,0,1358,17
1584616136.0242612,173.194.164.186,10.10.0.10,,,443,45082,0,1358,17
1584616136.025927,10.10.0.10,173.194.164.186,,,45082,443,0,40,17
1584616136.0335238,173.194.164.186,10.10.0.10,,,443,45082,0,1358,17
1584616136.042823,173.194.164.186,10.10.0.10,,,443,45082,0,1358,17
1584616136.0450509,10.10.0.10,173.194.164.186,,,45082,443,0,37,17
1584616136.0520868,173.194.164.186,10.10.0.10,,,443,45082,0,1358,17
1584616136.0613642,173.194.164.186,10.10.0.10,,,443,45082,0,1358,17
1584616136.06393,10.10.0.10,173.194.164.186,,,45082,443,0,37,17
1584616136.0706446,173.194.164.186,10.10.0.10,,,443,45082,0,1358,17
1584616136.0799458,173.194.164.186,10.10.0.10,,,443,45082,0,1358,17
1584616136.0816731,10.10.0.10,173.194.164.186,,,45082,443,0,37,17
1584616136.0892081,173.194.164.186,10.10.0.10,,,443,45082,0,1358,17
1584616136.098489,173.194.164.186,10.10.0.10,,,443,45082,0,1358,17
1584616136.100123,10.10.0.10,173.194.164.186,,,45082,443,0,37,17
1584616136.107758,173.194.164.186,10.10.0.10,,,443,45082,0,1358,17
1584616136.1170435,173.194.164.186,10.10.0.10,,,443,45082,0,1358,17
1584616136.121174,10.10.0.10,173.194.164.186,,,45082,443,0,37,17
1584616136.126319,173.194.164.186,10.10.0.10,,,443,45082,0,1358,17
1584616136.1355991,173.194.164.186,10.10.0.10,,,443,45082,0,1358,17
1584616136.137409,10.10.0.10,173.194.164.186,,,45082,443,0,37,17
1584616136.144882,173.194.164.186,10.10.0.10,,,443,45082,0,1358,17
1584616136.1541688,173.194.164.186,10.10.0.10,,,443,45082,0,1358,17
1584616136.1560018,10.10.0.10,173.194.164.186,,,45082,443,0,37,17
1584616136.163442,173.194.164.186,10.10.0.10,,,443,45082,0,1358,17
1584616136.17272,173.194.164.186,10.10.0.10,,,443,45082,0,1358,17
1584616136.174547,10.10.0.10,173.194.164.186,,,45082,443,0,37,17
1584616136.182013,173.194.164.186,10.10.0.10,,,443,45082,0,1358,17
1584616136.1912858,173.194.164.186,10.10.0.10,,,443,45082,0,1358,17
1584616136.192917,10.10.0.10,173.194.164.186,,,45082,443,0,37,17
1584616136.2005708,173.194.164.186,10.10.0.10,,,443,45082,0,1358,17
1584616136.209842,173.194.164.186,10.10.0.10,,,443,45082,0,1358,17
1584616136.2114909,10.10.0.10,173.194.164.186,,,45082,443,0,37,17
1584616136.21912,173.194.164.186,10.10.0.10,,,443,45082,0,1358,17
1584616136.2284,173.194.164.186,10.10.0.10,,,443,45082,0,1358,17
1584616136.230043,10.10.0.10,173.194.164.186,,,45082,443,0,37,17
1584616136.237694,173.194.164.186,10.10.0.10,,,443,45082,0,1358,17
1584616136.2469661,173.194.164.186,10.10.0.10,,,443,45082,0,1358,17
1584616136.2495458,10.10.0.10,173.194.164.186,,,45082,443,0,37,17
1584616136.2562408,173.194.164.186,10.10.0.10,,,443,45082,0,1358,17
1584616136.265522,173.194.164.186,10.10.0.10,,,443,45082,0,1358,17
1584616136.268774,10.10.0.10,173.194.164.186,,,45082,443,0,37,17
1584616136.274801,173.194.164.186,10.10.0.10,,,443,45082,0,1358,17
1584616136.28408,173.194.164.186,10.10.0.10,,,443,45082,0,1358,17
1584616136.2855198,10.10.0.10,173.194.164.186,,,45082,443,0,37,17
1584616136.2933636,173.194.164.186,10.10.0.10,,,443,45082,0,1358,17
1584616136.302642,173.194.164.186,10.10.0.10,,,443,45082,0,1358,17
1584616136.3041382,10.10.0.10,173.194.164.186,,,45082,443,0,37,17
1584616136.311935,173.194.164.186,10.10.0.10,,,443,45082,0,1358,17
1584616136.3212018,173.194.164.186,10.10.0.10,,,443,45082,0,1358,17
1584616136.323023,10.10.0.10,173.194.164.186,,,45082,443,0,50,17
1584616136.330502,173.194.164.186,10.10.0.10,,,443,45082,0,1358,17
1584616136.339768,173.194.164.186,10.10.0.10,,,443,45082,0,1358,17
1584616136.341792,10.10.0.10,173.194.164.186,,,45082,443,0,37,17
1584616136.349064,173.194.164.186,10.10.0.10,,,443,45082,0,1358,17
1584616136.3583221,173.194.164.186,10.10.0.10,,,443,45082,0,1358,17
1584616136.3599875,10.10.0.10,173.194.164.186,,,45082,443,0,37,17
1584616136.3676052,173.194.164.186,10.10.0.10,,,443,45082,0,1358,17
1584616136.3768866,173.194.164.186,10.10.0.10,,,443,45082,0,1358,17
1584616136.3784122,10.10.0.10,173.194.164.186,,,45082,443,0,37,17
1584616136.386172,173.194.164.186,10.10.0.10,,,443,45082,0,1358,17
1584616136.3954446,173.194.164.186,10.10.0.10,,,443,45082,0,1358,17
1584616136.3970358,10.10.0.10,173.194.164.186,,,45082,443,0,37,17
1584616136.404726,173.194.164.186,10.10.0.10,,,443,45082,0,1358,17
1584616136.414006,173.194.164.186,10.10.0.10,,,443,45082,0,1358,17
1584616136.415519,10.10.0.10,173.194.164.186,,,45082,443,0,37,17
1584616136.4232838,173.194.164.186,10.10.0.10,,,443,45082,0,1358,17
1584616136.4325662,173.194.164.186,10.10.0.10,,,443,45082,0,1358,17
1584616136.43404,10.10.0.10,173.194.164.186,,,45082,443,0,37,17
1584616136.4418435,173.194.164.186,10.10.0.10,,,443,45082,0,1358,17
1584616136.4511259,173.194.164.186,10.10.0.10,,,443,45082,0,1358,17
1584616136.4539108,10.10.0.10,173.194.164.186,,,45082,443,0,37,17
1584616136.460406,173.194.164.186,10.10.0.10,,,443,45082,0,1358,17
1584616136.469687,173.194.164.186,10.10.0.10,,,443,45082,0,1358,17
1584616136.4714134,10.10.0.10,173.194.164.186,,,45082,443,0,37,17
1584616136.478968,173.194.164.186,10.10.0.10,,,443,45082,0,1358,17
1584616136.4882536,173.194.164.186,10.10.0.10,,,443,45082,0,1358,17
1584616136.4900372,10.10.0.10,173.194.164.186,,,45082,443,0,37,17
1584616136.4975252,173.194.164.186,10.10.0.10,,,443,45082,0,1358,17
1584616136.506811,173.194.164.186,10.10.0.10,,,443,45082,0,1358,17
1584616136.5085359,10.10.0.10,173.194.164.186,,,45082,443,0,37,17
1584616136.516088,173.194.164.186,10.10.0.10,,,443,45082,0,1358,17
1584616136.5253706,173.194.164.186,10.10.0.10,,,443,45082,0,1358,17
1584616136.527141,10.10.0.10,173.194.164.186,,,45082,443,0,37,17
1584616136.534646,173.194.164.186,10.10.0.10,,,443,45082,0,1358,17
1584616136.5439398,173.194.164.186,10.10.0.10,,,443,45082,0,1358,17
1584616136.545785,10.10.0.10,173.194.164.186,,,45082,443,0,37,17
1584616136.5532072,173.194.164.186,10.10.0.10,,,443,45082,0,1358,17
1584616136.562495,173.194.164.186,10.10.0.10,,,443,45082,0,1358,17
1584616136.5642624,10.10.0.10,173.194.164.186,,,45082,443,0,37,17
1584616136.5717652,173.194.164.186,10.10.0.10,,,443,45082,0,1358,17
1584616136.581059,173.194.164.186,10.10.0.10,,,443,45082,0,1358,17
1584616136.5827801,10.10.0.10,173.194.164.186,,,45082,443,0,37,17
1584616136.590326,173.194.164.186,10.10.0.10,,,443,45082,0,1358,17
1584616136.599619,173.194.164.186,10.10.0.10,,,443,45082,0,1358,17
1584616136.601263,10.10.0.10,173.194.164.186,,,45082,443,0,37,17
1584616136.608885,173.194.164.186,10.10.0.10,,,443,45082,0,1358,17
1584616136.6181798,173.194.164.186,10.10.0.10,,,443,45082,0,1358,17
1584616136.620034,10.10.0.10,173.194.164.186,,,45082,443,0,37,17
1584616136.6274438,173.194.164.186,10.10.0.10,,,443,45082,0,1358,17
1584616136.6367252,173.194.164.186,10.10.0.10,,,443,45082,0,1358,17
1584616136.638376,10.10.0.10,173.194.164.186,,,45082,443,0,37,17
1584616136.6460035,173.194.164.186,10.10.0.10,,,443,45082,0,1358,17
1584616136.6553054,173.194.164.186,10.10.0.10,,,443,45082,0,1358,17
1584616136.6570294,10.10.0.10,173.194.164.186,,,45082,443,0,37,17
1584616136.664565,173.194.164.186,10.10.0.10,,,443,45082,0,1358,17
1584616136.673846,173.194.164.186,10.10.0.10,,,443,45082,0,1358,17
1584616136.6755092,10.10.0.10,173.194.164.186,,,45082,443,0,37,17
1584616136.683127,173.194.164.186,10.10.0.10,,,443,45082,0,1358,17
1584616136.6924279,173.194.164.186,10.10.0.10,,,443,45082,0,1358,17
1584616136.694751,10.10.0.10,173.194.164.186,,,45082,443,0,50,17
1584616136.7016852,173.194.164.186,10.10.0.10,,,443,45082,0,1358,17
1584616136.710966,173.194.164.186,10.10.0.10,,,443,45082,0,1358,17
1584616136.712385,10.10.0.10,173.194.164.186,,,45082,443,0,37,17
1584616136.7202456,173.194.164.186,10.10.0.10,,,443,45082,0,1358,17
1584616136.729527,173.194.164.186,10.10.0.10,,,443,45082,0,1358,17
1584616136.7311342,10.10.0.10,173.194.164.186,,,45082,443,0,37,17
1584616136.738807,173.194.164.186,10.10.0.10,,,443,45082,0,1358,17
1584616136.748086,173.194.164.186,10.10.0.10,,,443,45082,0,1358,17
1584616136.749757,10.10.0.10,173.194.164.186,,,45082,443,0,37,17
1584616136.7573636,173.194.164.186,10.10.0.10,,,443,45082,0,29,17
1584616136.757784,173.194.164.186,10.10.0.10,,,443,45082,0,1358,17
1584616136.767066,173.194.164.186,10.10.0.10,,,443,45082,0,1358,17
1584616136.7687788,10.10.0.10,173.194.164.186,,,45082,443,0,37,17
1584616136.776345,173.194.164.186,10.10.0.10,,,443,45082,0,1358,17
1584616136.785626,173.194.164.186,10.10.0.10,,,443,45082,0,1358,17
1584616136.7873812,10.10.0.10,173.194.164.186,,,45082,443,0,37,17
1584616136.7949252,173.194.164.186,10.10.0.10,,,443,45082,0,1358,17
1584616136.8041859,173.194.164.186,10.10.0.10,,,443,45082,0,1358,17
1584616136.8068779,10.10.0.10,173.194.164.186,,,45082,443,0,37,17
1584616136.8134649,173.194.164.186,10.10.0.10,,,443,45082,0,1358,17
1584616136.8227446,173.194.164.186,10.10.0.10,,,443,45082,0,1358,17
1584616136.8242588,10.10.0.10,173.194.164.186,,,45082,443,0,37,17
1584616136.8320198,173.194.164.186,10.10.0.10,,,443,45082,0,1358,17
1584616136.841307,173.194.164.186,10.10.0.10,,,443,45082,0,1358,17
1584616136.843274,10.10.0.10,173.194.164.186,,,45082,443,0,37,17
1584616136.850586,173.194.164.186,10.10.0.10,,,443,45082,0,1358,17
1584616136.859866,173.194.164.186,10.10.0.10,,,443,45082,0,1358,17
1584616136.861525,10.10.0.10,173.194.164.186,,,45082,443,0,37,17
1584616136.8691466,173.194.164.186,10.10.0.10,,,443,45082,0,1358,17
1584616136.8784258,173.194.164.186,10.10.0.10,,,443,45082,0,1358,17
1584616136.880148,10.10.0.10,173.194.164.186,,,45082,443,0,37,17
1584616136.887704,173.194.164.186,10.10.0.10,,,443,45082,0,1358,17
1584616136.896987,173.194.164.186,10.10.0.10,,,443,45082,0,1358,17
1584616136.898753,10.10.0.10,173.194.164.186,,,45082,443,0,37,17
1584616136.906266,173.194.164.186,10.10.0.10,,,443,45082,0,1358,17
1584616136.915549,173.194.164.186,10.10.0.10,,,443,45082,0,1358,17
1584616136.917376,10.10.0.10,173.194.164.186,,,45082,443,0,37,17
1584616136.924825,173.194.164.186,10.10.0.10,,,443,45082,0,1358,17
1584616136.9341092,173.194.164.186,10.10.0.10,,,443,45082,0,1358,17
1584616136.9356358,10.10.0.10,173.194.164.186,,,45082,443,0,37,17
1584616136.9433858,173.194.164.186,10.10.0.10,,,443,45082,0,1358,17
1584616136.9526758,173.194.164.186,10.10.0.10,,,443,45082,0,1358,17
1584616136.9541268,10.10.0.10,173.194.164.186,,,45082,443,0,37,17
1584616136.961946,173.194.164.186,10.10.0.10,,,443,45082,0,1358,17
1584616136.971233,173.194.164.186,10.10.0.10,,,443,45082,0,1358,17
1584616136.9729,10.10.0.10,173.194.164.186,,,45082,443,0,37,17
1584616136.980502,173.194.164.186,10.10.0.10,,,443,45082,0,1358,17
1584616136.989783,173.194.164.186,10.10.0.10,,,443,45082,0,1358,17
1584616136.9924748,10.10.0.10,173.194.164.186,,,45082,443,0,37,17
1584616136.99906,173.194.164.186,10.10.0.10,,,443,45082,0,1358,17
1584616137.008341,173.194.164.186,10.10.0.10,,,443,45082,0,1358,17
1584616137.0099628,10.10.0.10,173.194.164.186,,,45082,443,0,37,17
1584616137.0176196,173.194.164.186,10.10.0.10,,,443,45082,0,1358,17
1584616137.0269024,173.194.164.186,10.10.0.10,,,443,45082,0,1358,17
1584616137.028769,10.10.0.10,173.194.164.186,,,45082,443,0,37,17
1584616137.0361812,173.194.164.186,10.10.0.10,,,443,45082,0,1358,17
1584616137.045466,173.194.164.186,10.10.0.10,,,443,45082,0,1358,17
1584616137.047097,10.10.0.10,173.194.164.186,,,45082,443,0,37,17
1584616137.054743,173.194.164.186,10.10.0.10,,,443,45082,0,1358,17
1584616137.064019,173.194.164.186,10.10.0.10,,,443,45082,0,1358,17
1584616137.0656269,10.10.0.10,173.194.164.186,,,45082,443,0,50,17
1584616137.073299,173.194.164.186,10.10.0.10,,,443,45082,0,1358,17
1584616137.0825858,173.194.164.186,10.10.0.10,,,443,45082,0,1358,17
1584616137.0846212,10.10.0.10,173.194.164.186,,,45082,443,0,37,17
1584616137.091866,173.194.164.186,10.10.0.10,,,443,45082,0,1358,17
1584616137.1011412,173.194.164.186,10.10.0.10,,,443,45082,0,1358,17
1584616137.102849,10.10.0.10,173.194.164.186,,,45082,443,0,37,17
1584616137.1104212,173.194.164.186,10.10.0.10,,,443,45082,0,1358,17
1584616137.119713,173.194.164.186,10.10.0.10,,,443,45082,0,1358,17
1584616137.1232312,10.10.0.10,173.194.164.186,,,45082,443,0,37,17
1584616137.128979,173.194.164.186,10.10.0.10,,,443,45082,0,1358,17
1584616137.1382642,173.194.164.186,10.10.0.10,,,443,45082,0,1358,17
1584616137.139838,10.10.0.10,173.194.164.186,,,45082,443,0,37,17
1584616137.147542,173.194.164.186,10.10.0.10,,,443,45082,0,1358,17
1584616137.1568198,173.194.164.186,10.10.0.10,,,443,45082,0,1358,17
1584616137.1585171,10.10.0.10,173.194.164.186,,,45082,443,0,37,17
1584616137.1660998,173.194.164.186,10.10.0.10,,,443,45082,0,1358,17
1584616137.1753798,173.194.164.186,10.10.0.10,,,443,45082,0,1358,17
1584616137.1769972,10.10.0.10,173.194.164.186,,,45082,443,0,37,17
1584616137.1846669,173.194.164.186,10.10.0.10,,,443,45082,0,1358,17
1584616137.193941,173.194.164.186,10.10.0.10,,,443,45082,0,1358,17
1584616137.1956036,10.10.0.10,173.194.164.186,,,45082,443,0,37,17
1584616137.20322,173.194.164.186,10.10.0.10,,,443,45082,0,1358,17
1584616137.2125068,173.194.164.186,10.10.0.10,,,443,45082,0,1358,17
1584616137.214243,10.10.0.10,173.194.164.186,,,45082,443,0,37,17
1584616137.2217839,173.194.164.186,10.10.0.10,,,443,45082,0,1358,17
1584616137.231065,173.194.164.186,10.10.0.10,,,443,45082,0,1358,17
1584616137.2324932,10.10.0.10,173.194.164.186,,,45082,443,0,37,17
1584616137.240342,173.194.164.186,10.10.0.10,,,443,45082,0,1358,17
1584616137.249626,173.194.164.186,10.10.0.10,,,443,45082,0,1358,17
1584616137.258915,173.194.164.186,10.10.0.10,,,443,45082,0,1358,17
1584616137.268181,173.194.164.186,10.10.0.10,,,443,45082,0,1358,17
1584616137.2695189,10.10.0.10,173.194.164.186,,,45082,443,0,37,17
1584616137.2699919,10.10.0.10,173.194.164.186,,,45082,443,0,37,17
1584616137.277474,173.194.164.186,10.10.0.10,,,443,45082,0,1358,17
1584616137.2867439,173.194.164.186,10.10.0.10,,,443,45082,0,1358,17
1584616137.288481,10.10.0.10,173.194.164.186,,,45082,443,0,37,17
1584616137.2960358,173.194.164.186,10.10.0.10,,,443,45082,0,1358,17
1584616137.305306,173.194.164.186,10.10.0.10,,,443,45082,0,1358,17
1584616137.30714,10.10.0.10,173.194.164.186,,,45082,443,0,37,17
1584616137.3145795,173.194.164.186,10.10.0.10,,,443,45082,0,1358,17
1584616137.323865,173.194.164.186,10.10.0.10,,,443,45082,0,1358,17
1584616137.326011,10.10.0.10,173.194.164.186,,,45082,443,0,37,17
1584616137.33316,173.194.164.186,10.10.0.10,,,443,45082,0,1358,17
1584616137.3424258,173.194.164.186,10.10.0.10,,,443,45082,0,1358,17
1584616137.344141,10.10.0.10,173.194.164.186,,,45082,443,0,37,17
1584616137.3517199,173.194.164.186,10.10.0.10,,,443,45082,0,1358,17
1584616137.3609881,173.194.164.186,10.10.0.10,,,443,45082,0,1358,17
1584616137.362618,10.10.0.10,173.194.164.186,,,45082,443,0,37,17
1584616137.370284,173.194.164.186,10.10.0.10,,,443,45082,0,1358,17
1584616137.379544,173.194.164.186,10.10.0.10,,,443,45082,0,1358,17
1584616137.381258,10.10.0.10,173.194.164.186,,,45082,443,0,37,17
1584616137.3888268,173.194.164.186,10.10.0.10,,,443,45082,0,1358,17
1584616137.398106,173.194.164.186,10.10.0.10,,,443,45082,0,1358,17
1584616137.3997376,10.10.0.10,173.194.164.186,,,45082,443,0,37,17
1584616137.407408,173.194.164.186,10.10.0.10,,,443,45082,0,1358,17
1584616137.416665,173.194.164.186,10.10.0.10,,,443,45082,0,1358,17
1584616137.418135,10.10.0.10,173.194.164.186,,,45082,443,0,37,17
1584616137.4259439,173.194.164.186,10.10.0.10,,,443,45082,0,1358,17
1584616137.435227,173.194.164.186,10.10.0.10,,,443,45082,0,1358,17
1584616137.4367368,10.10.0.10,173.194.164.186,,,45082,443,0,50,17
1584616137.4445062,173.194.164.186,10.10.0.10,,,443,45082,0,1358,17
1584616137.4537892,173.194.164.186,10.10.0.10,,,443,45082,0,1358,17
1584616137.4556134,10.10.0.10,173.194.164.186,,,45082,443,0,37,17
1584616137.4630668,173.194.164.186,10.10.0.10,,,443,45082,0,1358,17
1584616137.4723468,173.194.164.186,10.10.0.10,,,443,45082,0,1358,17
1584616137.474009,10.10.0.10,173.194.164.186,,,45082,443,0,37,17
1584616137.481626,173.194.164.186,10.10.0.10,,,443,45082,0,29,17
1584616137.4820461,173.194.164.186,10.10.0.10,,,443,45082,0,1358,17
1584616137.4913242,173.194.164.186,10.10.0.10,,,443,45082,0,1358,17
1584616137.4931061,10.10.0.10,173.194.164.186,,,45082,443,0,37,17
1584616137.500601,173.194.164.186,10.10.0.10,,,443,45082,0,1358,17
1584616137.509904,173.194.164.186,10.10.0.10,,,443,45082,0,1358,17
1584616137.511734,10.10.0.10,173.194.164.186,,,45082,443,0,37,17
1584616137.519165,173.194.164.186,10.10.0.10,,,443,45082,0,1358,17
1584616137.528445,173.194.164.186,10.10.0.10,,,443,45082,0,1358,17
1584616137.5307539,10.10.0.10,173.194.164.186,,,45082,443,0,37,17
1584616137.5377252,173.194.164.186,10.10.0.10,,,443,45082,0,1358,17
1584616137.5470042,173.194.164.186,10.10.0.10,,,443,45082,0,1358,17
1584616137.548614,10.10.0.10,173.194.164.186,,,45082,443,0,37,17
1584616137.5562851,173.194.164.186,10.10.0.10,,,443,45082,0,1358,17
1584616137.565566,173.194.164.186,10.10.0.10,,,443,45082,0,1358,17
1584616137.567249,10.10.0.10,173.194.164.186,,,45082,443,0,37,17
1584616137.574844,173.194.164.186,10.10.0.10,,,443,45082,0,1358,17
1584616137.584127,173.194.164.186,10.10.0.10,,,443,45082,0,1358,17
1584616137.5865011,10.10.0.10,173.194.164.186,,,45082,443,0,37,17
1584616137.593405,173.194.164.186,10.10.0.10,,,443,45082,0,1358,17
1584616137.602689,173.194.164.186,10.10.0.10,,,443,45082,0,1358,17
1584616137.604614,10.10.0.10,173.194.164.186,,,45082,443,0,37,17
1584616137.611967,173.194.164.186,10.10.0.10,,,443,45082,0,1358,17
1584616137.621247,173.194.164.186,10.10.0.10,,,443,45082,0,1358,17
1584616137.6228616,10.10.0.10,173.194.164.186,,,45082,443,0,37,17
1584616137.6305242,173.194.164.186,10.10.0.10,,,443,45082,0,1358,17
1584616137.639804,173.194.164.186,10.10.0.10,,,443,45082,0,1358,17
1584616137.6414812,10.10.0.10,173.194.164.186,,,45082,443,0,37,17
1584616137.6490884,173.194.164.186,10.10.0.10,,,443,45082,0,1358,17
1584616137.658365,173.194.164.186,10.10.0.10,,,443,45082,0,1358,17
1584616137.6601279,10.10.0.10,173.194.164.186,,,45082,443,0,37,17
1584616137.6676445,173.194.164.186,10.10.0.10,,,443,45082,0,1358,17
1584616137.676929,173.194.164.186,10.10.0.10,,,443,45082,0,1358,17
1584616137.6787539,10.10.0.10,173.194.164.186,,,45082,443,0,37,17
1584616137.686214,173.194.164.186,10.10.0.10,,,443,45082,0,1358,17
1584616137.6954858,173.194.164.186,10.10.0.10,,,443,45082,0,1358,17
1584616137.6970842,10.10.0.10,173.194.164.186,,,45082,443,0,37,17
1584616137.704775,173.194.164.186,10.10.0.10,,,443,45082,0,1358,17
1584616137.714047,173.194.164.186,10.10.0.10,,,443,45082,0,1358,17
1584616137.715751,10.10.0.10,173.194.164.186,,,45082,443,0,37,17
1584616137.723336,173.194.164.186,10.10.0.10,,,443,45082,0,1358,17
1584616137.7326062,173.194.164.186,10.10.0.10,,,443,45082,0,1358,17
1584616137.734374,10.10.0.10,173.194.164.186,,,45082,443,0,37,17
1584616137.7419019,173.194.164.186,10.10.0.10,,,443,45082,0,1358,17
1584616137.7511642,173.194.164.186,10.10.0.10,,,443,45082,0,1358,17
1584616137.752977,10.10.0.10,173.194.164.186,,,45082,443,0,37,17
1584616137.76046,173.194.164.186,10.10.0.10,,,443,45082,0,1358,17
1584616137.7697241,173.194.164.186,10.10.0.10,,,443,45082,0,1358,17
1584616137.771344,10.10.0.10,173.194.164.186,,,45082,443,0,37,17
1584616137.779022,173.194.164.186,10.10.0.10,,,443,45082,0,1358,17
1584616137.788285,173.194.164.186,10.10.0.10,,,443,45082,0,1358,17
1584616137.789998,10.10.0.10,173.194.164.186,,,45082,443,0,37,17
1584616137.7975779,173.194.164.186,10.10.0.10,,,443,45082,0,1358,17
1584616137.8068454,173.194.164.186,10.10.0.10,,,443,45082,0,1358,17
1584616137.808752,10.10.0.10,173.194.164.186,,,45082,443,0,50,17
1584616137.8161242,173.194.164.186,10.10.0.10,,,443,45082,0,1358,17
1584616137.8254054,173.194.164.186,10.10.0.10,,,443,45082,0,1358,17
1584616137.8271232,10.10.0.10,173.194.164.186,,,45082,443,0,37,17
1584616137.8346848,173.194.164.186,10.10.0.10,,,443,45082,0,1358,17
1584616137.843965,173.194.164.186,10.10.0.10,,,443,45082,0,1358,17
1584616137.845725,10.10.0.10,173.194.164.186,,,45082,443,0,37,17
1584616137.8532438,173.194.164.186,10.10.0.10,,,443,45082,0,29,17
1584616137.8536658,173.194.164.186,10.10.0.10,,,443,45082,0,1358,17
1584616137.8629582,173.194.164.186,10.10.0.10,,,443,45082,0,1358,17
1584616137.864601,10.10.0.10,173.194.164.186,,,45082,443,0,37,17
1584616137.872226,173.194.164.186,10.10.0.10,,,443,45082,0,1358,17
1584616137.8815038,173.194.164.186,10.10.0.10,,,443,45082,0,1358,17
1584616137.8832474,10.10.0.10,173.194.164.186,,,45082,443,0,37,17
1584616137.890785,173.194.164.186,10.10.0.10,,,443,45082,0,1358,17
1584616137.9000778,173.194.164.186,10.10.0.10,,,443,45082,0,1358,17
1584616137.902619,10.10.0.10,173.194.164.186,,,45082,443,0,37,17
1584616137.909344,173.194.164.186,10.10.0.10,,,443,45082,0,1358,17
1584616137.9186418,173.194.164.186,10.10.0.10,,,443,45082,0,1358,17
1584616137.92035,10.10.0.10,173.194.164.186,,,45082,443,0,37,17
1584616137.9279046,173.194.164.186,10.10.0.10,,,443,45082,0,1358,17
1584616137.937186,173.194.164.186,10.10.0.10,,,443,45082,0,1358,17
1584616137.938995,10.10.0.10,173.194.164.186,,,45082,443,0,37,17
1584616137.946464,173.194.164.186,10.10.0.10,,,443,45082,0,1358,17
1584616137.955766,173.194.164.186,10.10.0.10,,,443,45082,0,1358,17
1584616137.9574919,10.10.0.10,173.194.164.186,,,45082,443,0,37,17
1584616137.965026,173.194.164.186,10.10.0.10,,,443,45082,0,1358,17
1584616137.9743092,173.194.164.186,10.10.0.10,,,443,45082,0,1358,17
1584616137.9759722,10.10.0.10,173.194.164.186,,,45082,443,0,37,17
1584616137.983584,173.194.164.186,10.10.0.10,,,443,45082,0,1358,17
1584616137.9928648,173.194.164.186,10.10.0.10,,,443,45082,0,1358,17
1584616137.994815,10.10.0.10,173.194.164.186,,,45082,443,0,37,17
1584616138.0021439,173.194.164.186,10.10.0.10,,,443,45082,0,1358,17
1584616138.0114202,173.194.164.186,10.10.0.10,,,443,45082,0,1358,17
1584616138.013616,10.10.0.10,173.194.164.186,,,45082,443,0,37,17
1584616138.0206988,173.194.164.186,10.10.0.10,,,443,45082,0,1358,17
1584616138.0299811,173.194.164.186,10.10.0.10,,,443,45082,0,1358,17
1584616138.032202,10.10.0.10,173.194.164.186,,,45082,443,0,37,17
1584616138.0392606,173.194.164.186,10.10.0.10,,,443,45082,0,1358,17
1584616138.04854,173.194.164.186,10.10.0.10,,,443,45082,0,1358,17
1584616138.0501132,10.10.0.10,173.194.164.186,,,45082,443,0,37,17
1584616138.0578241,173.194.164.186,10.10.0.10,,,443,45082,0,1358,17
1584616138.0671036,173.194.164.186,10.10.0.10,,,443,45082,0,1358,17
1584616138.068696,10.10.0.10,173.194.164.186,,,45082,443,0,37,17
1584616138.0763788,173.194.164.186,10.10.0.10,,,443,45082,0,1358,17
1584616138.0856614,173.194.164.186,10.10.0.10,,,443,45082,0,1358,17
1584616138.087337,10.10.0.10,173.194.164.186,,,45082,443,0,37,17
1584616138.0949512,173.194.164.186,10.10.0.10,,,443,45082,0,1358,17
1584616138.1042204,173.194.164.186,10.10.0.10,,,443,45082,0,1358,17
1584616138.10597,10.10.0.10,173.194.164.186,,,45082,443,0,37,17
1584616138.1135118,173.194.164.186,10.10.0.10,,,443,45082,0,1358,17
1584616138.122783,173.194.164.186,10.10.0.10,,,443,45082,0,1358,17
1584616138.1243162,10.10.0.10,173.194.164.186,,,45082,443,0,37,17
1584616138.1320622,173.194.164.186,10.10.0.10,,,443,45082,0,1358,17
1584616138.1413438,173.194.164.186,10.10.0.10,,,443,45082,0,1358,17
1584616138.144692,10.10.0.10,173.194.164.186,,,45082,443,0,37,17
1584616138.1506221,173.194.164.186,10.10.0.10,,,443,45082,0,1358,17
1584616138.1599019,173.194.164.186,10.10.0.10,,,443,45082,0,1358,17
1584616138.16181,10.10.0.10,173.194.164.186,,,45082,443,0,37,17
1584616138.169183,173.194.164.186,10.10.0.10,,,443,45082,0,1358,17
1584616138.1784608,173.194.164.186,10.10.0.10,,,443,45082,0,1358,17
1584616138.180115,10.10.0.10,173.194.164.186,,,45082,443,0,50,17
1584616138.187743,173.194.164.186,10.10.0.10,,,443,45082,0,1358,17
1584616138.197022,173.194.164.186,10.10.0.10,,,443,45082,0,1358,17
1584616138.1989224,10.10.0.10,173.194.164.186,,,45082,443,0,37,17
1584616138.2062988,173.194.164.186,10.10.0.10,,,443,45082,0,1358,17
1584616138.215585,173.194.164.186,10.10.0.10,,,443,45082,0,1358,17
1584616138.217217,10.10.0.10,173.194.164.186,,,45082,443,0,37,17
1584616138.2248812,173.194.164.186,10.10.0.10,,,443,45082,0,29,17
1584616138.225278,173.194.164.186,10.10.0.10,,,443,45082,0,1358,17
1584616138.2345731,173.194.164.186,10.10.0.10,,,443,45082,0,1358,17
1584616138.2363384,10.10.0.10,173.194.164.186,,,45082,443,0,37,17
1584616138.2438452,173.194.164.186,10.10.0.10,,,443,45082,0,1358,17
1584616138.2531366,173.194.164.186,10.10.0.10,,,443,45082,0,1358,17
1584616138.255341,10.10.0.10,173.194.164.186,,,45082,443,0,37,17
1584616138.262406,173.194.164.186,10.10.0.10,,,443,45082,0,1358,17
1584616138.271696,173.194.164.186,10.10.0.10,,,443,45082,0,1358,17
1584616138.273214,10.10.0.10,173.194.164.186,,,45082,443,0,37,17
1584616138.280965,173.194.164.186,10.10.0.10,,,443,45082,0,1358,17
1584616138.290257,173.194.164.186,10.10.0.10,,,443,45082,0,1358,17
1584616138.2918286,10.10.0.10,173.194.164.186,,,45082,443,0,37,17
1584616138.2995238,173.194.164.186,10.10.0.10,,,443,45082,0,1358,17
1584616138.308826,173.194.164.186,10.10.0.10,,,443,45082,0,1358,17
1584616138.310586,10.10.0.10,173.194.164.186,,,45082,443,0,37,17
1584616138.3180852,173.194.164.186,10.10.0.10,,,443,45082,0,1358,17
1584616138.3273811,173.194.164.186,10.10.0.10,,,443,45082,0,1358,17
1584616138.329234,10.10.0.10,173.194.164.186,,,45082,443,0,37,17
1584616138.336644,173.194.164.186,10.10.0.10,,,443,45082,0,1358,17
1584616138.345944,173.194.164.186,10.10.0.10,,,443,45082,0,1358,17
1584616138.349087,10.10.0.10,173.194.164.186,,,45082,443,0,37,17
1584616138.355206,173.194.164.186,10.10.0.10,,,443,45082,0,1358,17
1584616138.364496,173.194.164.186,10.10.0.10,,,443,45082,0,1358,17
1584616138.366591,10.10.0.10,173.194.164.186,,,45082,443,0,37,17
1584616138.3737671,173.194.164.186,10.10.0.10,,,443,45082,0,1358,17
1584616138.3830452,173.194.164.186,10.10.0.10,,,443,45082,0,1358,17
1584616138.3848462,10.10.0.10,173.194.164.186,,,45082,443,0,37,17
1584616138.392328,173.194.164.186,10.10.0.10,,,443,45082,0,1358,17
1584616138.40161,173.194.164.186,10.10.0.10,,,443,45082,0,1358,17
1584616138.403983,10.10.0.10,173.194.164.186,,,45082,443,0,37,17
1584616138.4108849,173.194.164.186,10.10.0.10,,,443,45082,0,1358,17
1584616138.420166,173.194.164.186,10.10.0.10,,,443,45082,0,1358,17
1584616138.421727,10.10.0.10,173.194.164.186,,,45082,443,0,37,17
1584616138.4294472,173.194.164.186,10.10.0.10,,,443,45082,0,1358,17
1584616138.4387262,173.194.164.186,10.10.0.10,,,443,45082,0,1358,17
1584616138.440585,10.10.0.10,173.194.164.186,,,45082,443,0,37,17
1584616138.4480052,173.194.164.186,10.10.0.10,,,443,45082,0,1358,17
1584616138.457286,173.194.164.186,10.10.0.10,,,443,45082,0,1358,17
1584616138.458833,10.10.0.10,173.194.164.186,,,45082,443,0,37,17
1584616138.4665651,173.194.164.186,10.10.0.10,,,443,45082,0,1358,17
1584616138.4758446,173.194.164.186,10.10.0.10,,,443,45082,0,1358,17
1584616138.47733,10.10.0.10,173.194.164.186,,,45082,443,0,37,17
1584616138.485125,173.194.164.186,10.10.0.10,,,443,45082,0,1358,17
1584616138.494406,173.194.164.186,10.10.0.10,,,443,45082,0,1358,17
1584616138.49685,10.10.0.10,173.194.164.186,,,45082,443,0,37,17
1584616138.503681,173.194.164.186,10.10.0.10,,,443,45082,0,1358,17
1584616138.5129638,173.194.164.186,10.10.0.10,,,443,45082,0,1358,17
1584616138.5146,10.10.0.10,173.194.164.186,,,45082,443,0,37,17
1584616138.5222409,173.194.164.186,10.10.0.10,,,443,45082,0,1358,17
1584616138.5315251,173.194.164.186,10.10.0.10,,,443,45082,0,1358,17
1584616138.5408125,173.194.164.186,10.10.0.10,,,443,45082,0,1358,17
1584616138.5500882,173.194.164.186,10.10.0.10,,,443,45082,0,1358,17
1584616138.5505981,10.10.0.10,173.194.164.186,,,45082,443,0,37,17
1584616138.5537012,10.10.0.10,173.194.164.186,,,45082,443,0,50,17
1584616138.559377,173.194.164.186,10.10.0.10,,,443,45082,0,1358,17
1584616138.5686438,173.194.164.186,10.10.0.10,,,443,45082,0,1358,17
1584616138.570224,10.10.0.10,173.194.164.186,,,45082,443,0,37,17
1584616138.577937,173.194.164.186,10.10.0.10,,,443,45082,0,1358,17
1584616138.5872052,173.194.164.186,10.10.0.10,,,443,45082,0,1358,17
1584616138.588856,10.10.0.10,173.194.164.186,,,45082,443,0,37,17
1584616138.5965,173.194.164.186,10.10.0.10,,,443,45082,0,29,17
1584616138.596905,173.194.164.186,10.10.0.10,,,443,45082,0,1358,17
1584616138.6061866,173.194.164.186,10.10.0.10,,,443,45082,0,1358,17
1584616138.6090796,10.10.0.10,173.194.164.186,,,45082,443,0,37,17
1584616138.615466,173.194.164.186,10.10.0.10,,,443,45082,0,1358,17
1584616138.624751,173.194.164.186,10.10.0.10,,,443,45082,0,1358,17
1584616138.6264741,10.10.0.10,173.194.164.186,,,45082,443,0,37,17
1584616138.6340258,173.194.164.186,10.10.0.10,,,443,45082,0,1358,17
1584616138.6433089,173.194.164.186,10.10.0.10,,,443,45082,0,1358,17
1584616138.645096,10.10.0.10,173.194.164.186,,,45082,443,0,37,17
1584616138.652586,173.194.164.186,10.10.0.10,,,443,45082,0,1358,17
1584616138.6618738,173.194.164.186,10.10.0.10,,,443,45082,0,1358,17
1584616138.663576,10.10.0.10,173.194.164.186,,,45082,443,0,37,17
1584616138.6711519,173.194.164.186,10.10.0.10,,,443,45082,0,1358,17
1584616138.680435,173.194.164.186,10.10.0.10,,,443,45082,0,1358,17
1584616138.6822212,10.10.0.10,173.194.164.186,,,45082,443,0,37,17
1584616138.6897054,173.194.164.186,10.10.0.10,,,443,45082,0,1358,17
1584616138.698999,173.194.164.186,10.10.0.10,,,443,45082,0,1358,17
1584616138.700952,10.10.0.10,173.194.164.186,,,45082,443,0,37,17
1584616138.708265,173.194.164.186,10.10.0.10,,,443,45082,0,1358,17
1584616138.7175572,173.194.164.186,10.10.0.10,,,443,45082,0,1358,17
1584616138.7203429,10.10.0.10,173.194.164.186,,,45082,443,0,37,17
1584616138.726827,173.194.164.186,10.10.0.10,,,443,45082,0,1358,17
1584616138.7361069,173.194.164.186,10.10.0.10,,,443,45082,0,1358,17
1584616138.7378438,10.10.0.10,173.194.164.186,,,45082,443,0,37,17
1584616138.7453885,173.194.164.186,10.10.0.10,,,443,45082,0,1358,17
1584616138.7546804,173.194.164.186,10.10.0.10,,,443,45082,0,1358,17
1584616138.756345,10.10.0.10,173.194.164.186,,,45082,443,0,37,17
1584616138.7639458,173.194.164.186,10.10.0.10,,,443,45082,0,1358,17
1584616138.7732446,173.194.164.186,10.10.0.10,,,443,45082,0,1358,17
1584616138.7749481,10.10.0.10,173.194.164.186,,,45082,443,0,37,17
1584616138.782506,173.194.164.186,10.10.0.10,,,443,45082,0,1358,17
1584616138.791785,173.194.164.186,10.10.0.10,,,443,45082,0,1358,17
1584616138.793593,10.10.0.10,173.194.164.186,,,45082,443,0,37,17
1584616138.801066,173.194.164.186,10.10.0.10,,,443,45082,0,1358,17
1584616138.810367,173.194.164.186,10.10.0.10,,,443,45082,0,1358,17
1584616138.812816,10.10.0.10,173.194.164.186,,,45082,443,0,37,17
1584616138.819624,173.194.164.186,10.10.0.10,,,443,45082,0,1358,17
1584616138.828904,173.194.164.186,10.10.0.10,,,443,45082,0,1358,17
1584616138.830592,10.10.0.10,173.194.164.186,,,45082,443,0,37,17
1584616138.838185,173.194.164.186,10.10.0.10,,,443,45082,0,1358,17
1584616138.847465,173.194.164.186,10.10.0.10,,,443,45082,0,1358,17
1584616138.849225,10.10.0.10,173.194.164.186,,,45082,443,0,37,17
1584616138.85675,173.194.164.186,10.10.0.10,,,443,45082,0,1358,17
1584616138.866024,173.194.164.186,10.10.0.10,,,443,45082,0,1358,17
1584616138.8677151,10.10.0.10,173.194.164.186,,,45082,443,0,37,17
1584616138.8753052,173.194.164.186,10.10.0.10,,,443,45082,0,1358,17
1584616138.884585,173.194.164.186,10.10.0.10,,,443,45082,0,1358,17
1584616138.886446,10.10.0.10,173.194.164.186,,,45082,443,0,37,17
1584616138.8938668,173.194.164.186,10.10.0.10,,,443,45082,0,1358,17
1584616138.903144,173.194.164.186,10.10.0.10,,,443,45082,0,1358,17
1584616138.904835,10.10.0.10,173.194.164.186,,,45082,443,0,37,17
1584616138.912428,173.194.164.186,10.10.0.10,,,443,45082,0,1358,17
1584616138.921708,173.194.164.186,10.10.0.10,,,443,45082,0,1358,17
1584616138.923694,10.10.0.10,173.194.164.186,,,45082,443,0,50,17
1584616138.930991,173.194.164.186,10.10.0.10,,,443,45082,0,1358,17
1584616138.9402661,173.194.164.186,10.10.0.10,,,443,45082,0,1358,17
1584616138.9420884,10.10.0.10,173.194.164.186,,,45082,443,0,37,17
1584616138.9495509,173.194.164.186,10.10.0.10,,,443,45082,0,1358,17
1584616138.9588258,173.194.164.186,10.10.0.10,,,443,45082,0,1358,17
1584616138.960466,10.10.0.10,173.194.164.186,,,45082,443,0,37,17
1584616138.9680998,173.194.164.186,10.10.0.10,,,443,45082,0,29,17
1584616138.968517,173.194.164.186,10.10.0.10,,,443,45082,0,1358,17
1584616138.9778054,173.194.164.186,10.10.0.10,,,443,45082,0,1358,17
1584616138.979337,10.10.0.10,173.194.164.186,,,45082,443,0,37,17
1584616138.9870849,173.194.164.186,10.10.0.10,,,443,45082,0,1358,17
1584616138.996364,173.194.164.186,10.10.0.10,,,443,45082,0,1358,17
1584616139.0010364,10.10.0.10,173.194.164.186,,,45082,443,0,37,17
1584616139.005645,173.194.164.186,10.10.0.10,,,443,45082,0,1358,17
1584616139.0149171,173.194.164.186,10.10.0.10,,,443,45082,0,1358,17
1584616139.0173626,10.10.0.10,173.194.164.186,,,45082,443,0,37,17
1584616139.024201,173.194.164.186,10.10.0.10,,,443,45082,0,1358,17
1584616139.0334814,173.194.164.186,10.10.0.10,,,443,45082,0,1358,17
1584616139.035202,10.10.0.10,173.194.164.186,,,45082,443,0,37,17
1584616139.0427608,173.194.164.186,10.10.0.10,,,443,45082,0,1358,17
1584616139.0520446,173.194.164.186,10.10.0.10,,,443,45082,0,1358,17
1584616139.053847,10.10.0.10,173.194.164.186,,,45082,443,0,37,17
1584616139.061326,173.194.164.186,10.10.0.10,,,443,45082,0,1358,17
1584616139.070599,173.194.164.186,10.10.0.10,,,443,45082,0,1358,17
1584616139.072463,10.10.0.10,173.194.164.186,,,45082,443,0,37,17
1584616139.0798864,173.194.164.186,10.10.0.10,,,443,45082,0,1358,17
1584616139.0891721,173.194.164.186,10.10.0.10,,,443,45082,0,1358,17
1584616139.0908358,10.10.0.10,173.194.164.186,,,45082,443,0,37,17
1584616139.0984428,173.194.164.186,10.10.0.10,,,443,45082,0,1358,17
1584616139.107733,173.194.164.186,10.10.0.10,,,443,45082,0,1358,17
1584616139.1094198,10.10.0.10,173.194.164.186,,,45082,443,0,37,17
1584616139.117005,173.194.164.186,10.10.0.10,,,443,45082,0,1358,17
1584616139.12628,173.194.164.186,10.10.0.10,,,443,45082,0,1358,17
1584616139.128433,10.10.0.10,173.194.164.186,,,45082,443,0,37,17
1584616139.135565,173.194.164.186,10.10.0.10,,,443,45082,0,1358,17
1584616139.14484,173.194.164.186,10.10.0.10,,,443,45082,0,1358,17
1584616139.146409,10.10.0.10,173.194.164.186,,,45082,443,0,37,17
1584616139.1541276,173.194.164.186,10.10.0.10,,,443,45082,0,1358,17
1584616139.1634202,173.194.164.186,10.10.0.10,,,443,45082,0,1358,17
1584616139.165187,10.10.0.10,173.194.164.186,,,45082,443,0,37,17
1584616139.1726818,173.194.164.186,10.10.0.10,,,443,45082,0,1358,17
1584616139.181963,173.194.164.186,10.10.0.10,,,443,45082,0,1358,17
1584616139.1835446,10.10.0.10,173.194.164.186,,,45082,443,0,37,17
1584616139.19124,173.194.164.186,10.10.0.10,,,443,45082,0,1358,17
1584616139.20052,173.194.164.186,10.10.0.10,,,443,45082,0,1358,17
1584616139.2022932,10.10.0.10,173.194.164.186,,,45082,443,0,37,17
1584616139.209801,173.194.164.186,10.10.0.10,,,443,45082,0,1358,17
1584616139.219095,173.194.164.186,10.10.0.10,,,443,45082,0,1358,17
1584616139.221782,10.10.0.10,173.194.164.186,,,45082,443,0,37,17
1584616139.22836,173.194.164.186,10.10.0.10,,,443,45082,0,1358,17
1584616139.237647,173.194.164.186,10.10.0.10,,,443,45082,0,1358,17
1584616139.2400372,10.10.0.10,173.194.164.186,,,45082,443,0,37,17
1584616139.246926,173.194.164.186,10.10.0.10,,,443,45082,0,1358,17
1584616139.256203,173.194.164.186,10.10.0.10,,,443,45082,0,1358,17
1584616139.258062,10.10.0.10,173.194.164.186,,,45082,443,0,37,17
1584616139.265484,173.194.164.186,10.10.0.10,,,443,45082,0,519,17
1584616139.2805822,10.10.0.10,173.194.164.186,,,45082,443,0,732,17
1584616139.280609,10.10.0.10,173.194.164.186,,,45082,443,0,48,17
1584616139.2848976,173.194.164.186,10.10.0.10,,,443,45082,0,358,17
1584616139.28493,173.194.164.186,10.10.0.10,,,443,45082,0,1358,17
1584616139.286135,173.194.164.186,10.10.0.10,,,443,45082,0,1358,17
1584616139.2877991,10.10.0.10,173.194.164.186,,,45082,443,0,37,17
1584616139.295416,173.194.164.186,10.10.0.10,,,443,45082,0,1358,17
1584616139.2969332,10.10.0.10,173.194.164.186,,,45082,443,0,37,17
1584616139.304696,173.194.164.186,10.10.0.10,,,443,45082,0,1358,17
1584616139.31398,173.194.164.186,10.10.0.10,,,443,45082,0,1358,17
1584616139.315578,10.10.0.10,173.194.164.186,,,45082,443,0,37,17
1584616139.3232536,173.194.164.186,10.10.0.10,,,443,45082,0,1358,17
1584616139.3325405,173.194.164.186,10.10.0.10,,,443,45082,0,1358,17
1584616139.334197,10.10.0.10,173.194.164.186,,,45082,443,0,37,17
1584616139.341814,173.194.164.186,10.10.0.10,,,443,45082,0,1358,17
1584616139.351104,173.194.164.186,10.10.0.10,,,443,45082,0,1358,17
1584616139.355452,10.10.0.10,173.194.164.186,,,45082,443,0,37,17
1584616139.360374,173.194.164.186,10.10.0.10,,,443,45082,0,1358,17
1584616139.369664,173.194.164.186,10.10.0.10,,,443,45082,0,1358,17
1584616139.37295,10.10.0.10,173.194.164.186,,,45082,443,0,37,17
1584616139.378928,173.194.164.186,10.10.0.10,,,443,45082,0,1358,17
1584616139.3882089,173.194.164.186,10.10.0.10,,,443,45082,0,1358,17
1584616139.3900552,10.10.0.10,173.194.164.186,,,45082,443,0,37,17
1584616139.3974931,173.194.164.186,10.10.0.10,,,443,45082,0,1358,17
1584616139.406788,173.194.164.186,10.10.0.10,,,443,45082,0,1358,17
1584616139.408705,10.10.0.10,173.194.164.186,,,45082,443,0,37,17
1584616139.4160616,173.194.164.186,10.10.0.10,,,443,45082,0,1358,17
1584616139.4253502,173.194.164.186,10.10.0.10,,,443,45082,0,1358,17
1584616139.428057,10.10.0.10,173.194.164.186,,,45082,443,0,37,17
1584616139.4346132,173.194.164.186,10.10.0.10,,,443,45082,0,1358,17
1584616139.4438932,173.194.164.186,10.10.0.10,,,443,45082,0,1358,17
1584616139.445554,10.10.0.10,173.194.164.186,,,45082,443,0,37,17
1584616139.453174,173.194.164.186,10.10.0.10,,,443,45082,0,1358,17
1584616139.462474,173.194.164.186,10.10.0.10,,,443,45082,0,1358,17
1584616139.464199,10.10.0.10,173.194.164.186,,,45082,443,0,37,17
1584616139.471733,173.194.164.186,10.10.0.10,,,443,45082,0,1358,17
1584616139.481016,173.194.164.186,10.10.0.10,,,443,45082,0,1358,17
1584616139.482553,10.10.0.10,173.194.164.186,,,45082,443,0,37,17
1584616139.490295,173.194.164.186,10.10.0.10,,,443,45082,0,1358,17
1584616139.499598,173.194.164.186,10.10.0.10,,,443,45082,0,1358,17
1584616139.501071,10.10.0.10,173.194.164.186,,,45082,443,0,37,17
1584616139.508855,173.194.164.186,10.10.0.10,,,443,45082,0,1358,17
1584616139.5181332,173.194.164.186,10.10.0.10,,,443,45082,0,1358,17
1584616139.5198202,10.10.0.10,173.194.164.186,,,45082,443,0,37,17
1584616139.527415,173.194.164.186,10.10.0.10,,,443,45082,0,1358,17
1584616139.5366971,173.194.164.186,10.10.0.10,,,443,45082,0,1358,17
1584616139.539552,10.10.0.10,173.194.164.186,,,45082,443,0,37,17
1584616139.545974,173.194.164.186,10.10.0.10,,,443,45082,0,1358,17
1584616139.555254,173.194.164.186,10.10.0.10,,,443,45082,0,1358,17
1584616139.556799,10.10.0.10,173.194.164.186,,,45082,443,0,37,17
1584616139.5645342,173.194.164.186,10.10.0.10,,,443,45082,0,1358,17
1584616139.573816,173.194.164.186,10.10.0.10,,,443,45082,0,1358,17
1584616139.575551,10.10.0.10,173.194.164.186,,,45082,443,0,37,17
1584616139.5831,173.194.164.186,10.10.0.10,,,443,45082,0,1358,17
1584616139.592374,173.194.164.186,10.10.0.10,,,443,45082,0,1358,17
1584616139.594051,10.10.0.10,173.194.164.186,,,45082,443,0,37,17
1584616139.601658,173.194.164.186,10.10.0.10,,,443,45082,0,1358,17
1584616139.610935,173.194.164.186,10.10.0.10,,,443,45082,0,1358,17
1584616139.613416,10.10.0.10,173.194.164.186,,,45082,443,0,37,17
1584616139.6202214,173.194.164.186,10.10.0.10,,,443,45082,0,1358,17
1584616139.6294956,173.194.164.186,10.10.0.10,,,443,45082,0,1358,17
1584616139.631903,10.10.0.10,173.194.164.186,,,45082,443,0,50,17
1584616139.63878,173.194.164.186,10.10.0.10,,,443,45082,0,1358,17
1584616139.6480489,173.194.164.186,10.10.0.10,,,443,45082,0,1358,17
1584616139.6499422,10.10.0.10,173.194.164.186,,,45082,443,0,37,17
1584616139.657347,173.194.164.186,10.10.0.10,,,443,45082,0,1358,17
1584616139.666613,173.194.164.186,10.10.0.10,,,443,45082,0,1358,17
1584616139.6685688,10.10.0.10,173.194.164.186,,,45082,443,0,37,17
1584616139.675905,173.194.164.186,10.10.0.10,,,443,45082,0,1358,17
1584616139.685176,173.194.164.186,10.10.0.10,,,443,45082,0,1358,17
1584616139.6869214,10.10.0.10,173.194.164.186,,,45082,443,0,37,17
1584616139.6944695,173.194.164.186,10.10.0.10,,,443,45082,0,1358,17
1584616139.7037332,173.194.164.186,10.10.0.10,,,443,45082,0,1358,17
1584616139.705287,10.10.0.10,173.194.164.186,,,45082,443,0,37,17
1584616139.713017,173.194.164.186,10.10.0.10,,,443,45082,0,1358,17
1584616139.7222931,173.194.164.186,10.10.0.10,,,443,45082,0,1358,17
1584616139.7239141,10.10.0.10,173.194.164.186,,,45082,443,0,37,17
1584616139.73159,173.194.164.186,10.10.0.10,,,443,45082,0,1358,17
1584616139.740855,173.194.164.186,10.10.0.10,,,443,45082,0,1358,17
1584616139.742433,10.10.0.10,173.194.164.186,,,45082,443,0,37,17
1584616139.750135,173.194.164.186,10.10.0.10,,,443,45082,0,1358,17
1584616139.759416,173.194.164.186,10.10.0.10,,,443,45082,0,1358,17
1584616139.7610474,10.10.0.10,173.194.164.186,,,45082,443,0,37,17
1584616139.7687118,173.194.164.186,10.10.0.10,,,443,45082,0,1358,17
1584616139.7779732,173.194.164.186,10.10.0.10,,,443,45082,0,1358,17
1584616139.779696,10.10.0.10,173.194.164.186,,,45082,443,0,37,17
1584616139.7872536,173.194.164.186,10.10.0.10,,,443,45082,0,1358,17
1584616139.796536,173.194.164.186,10.10.0.10,,,443,45082,0,1358,17
1584616139.805814,173.194.164.186,10.10.0.10,,,443,45082,0,1358,17
1584616139.815094,173.194.164.186,10.10.0.10,,,443,45082,0,1358,17
1584616139.823816,10.10.0.10,173.194.164.186,,,45082,443,0,37,17
1584616139.8243742,173.194.164.186,10.10.0.10,,,443,45082,0,1358,17
1584616139.8254151,10.10.0.10,173.194.164.186,,,45082,443,0,37,17
1584616139.833657,173.194.164.186,10.10.0.10,,,443,45082,0,1358,17
1584616139.8364189,10.10.0.10,173.194.164.186,,,45082,443,0,37,17
1584616139.842936,173.194.164.186,10.10.0.10,,,443,45082,0,1358,17
1584616139.852215,173.194.164.186,10.10.0.10,,,443,45082,0,1358,17
1584616139.8539221,10.10.0.10,173.194.164.186,,,45082,443,0,37,17
1584616139.861495,173.194.164.186,10.10.0.10,,,443,45082,0,1358,17
1584616139.870774,173.194.164.186,10.10.0.10,,,443,45082,0,1358,17
1584616139.872417,10.10.0.10,173.194.164.186,,,45082,443,0,37,17
1584616139.880049,173.194.164.186,10.10.0.10,,,443,45082,0,1358,17
1584616139.889339,173.194.164.186,10.10.0.10,,,443,45082,0,1358,17
1584616139.891166,10.10.0.10,173.194.164.186,,,45082,443,0,37,17
1584616139.8986132,173.194.164.186,10.10.0.10,,,443,45082,0,1358,17
1584616139.907898,173.194.164.186,10.10.0.10,,,443,45082,0,1358,17
1584616139.9096851,10.10.0.10,173.194.164.186,,,45082,443,0,37,17
1584616139.917176,173.194.164.186,10.10.0.10,,,443,45082,0,1358,17
1584616139.9264624,173.194.164.186,10.10.0.10,,,443,45082,0,1358,17
1584616139.9284372,10.10.0.10,173.194.164.186,,,45082,443,0,37,17
1584616139.935733,173.194.164.186,10.10.0.10,,,443,45082,0,1358,17
1584616139.945022,173.194.164.186,10.10.0.10,,,443,45082,0,1358,17
1584616139.9471831,10.10.0.10,173.194.164.186,,,45082,443,0,37,17
1584616139.954303,173.194.164.186,10.10.0.10,,,443,45082,0,1358,17
1584616139.9635868,173.194.164.186,10.10.0.10,,,443,45082,0,1358,17
1584616139.965415,10.10.0.10,173.194.164.186,,,45082,443,0,37,17
1584616139.9728534,173.194.164.186,10.10.0.10,,,443,45082,0,1358,17
1584616139.982146,173.194.164.186,10.10.0.10,,,443,45082,0,1358,17
1584616139.9836679,10.10.0.10,173.194.164.186,,,45082,443,0,37,17
1584616139.991414,173.194.164.186,10.10.0.10,,,443,45082,0,1358,17
1584616140.0007071,173.194.164.186,10.10.0.10,,,443,45082,0,1358,17
1584616140.005809,10.10.0.10,173.194.164.186,,,45082,443,0,50,17
1584616140.009974,173.194.164.186,10.10.0.10,,,443,45082,0,1358,17
1584616140.0192518,173.194.164.186,10.10.0.10,,,443,45082,0,1358,17
1584616140.020888,10.10.0.10,173.194.164.186,,,45082,443,0,37,17
1584616140.028529,173.194.164.186,10.10.0.10,,,443,45082,0,1358,17
1584616140.037818,173.194.164.186,10.10.0.10,,,443,45082,0,1358,17
1584616140.040992,10.10.0.10,173.194.164.186,,,45082,443,0,37,17
1584616140.0470908,173.194.164.186,10.10.0.10,,,443,45082,0,1358,17
1584616140.0563679,173.194.164.186,10.10.0.10,,,443,45082,0,1358,17
1584616140.061538,10.10.0.10,173.194.164.186,,,45082,443,0,37,17
1584616140.065651,173.194.164.186,10.10.0.10,,,443,45082,0,1358,17
1584616140.0749571,173.194.164.186,10.10.0.10,,,443,45082,0,1358,17
1584616140.078162,10.10.0.10,173.194.164.186,,,45082,443,0,37,17
1584616140.084209,173.194.164.186,10.10.0.10,,,443,45082,0,1358,17
1584616140.093503,173.194.164.186,10.10.0.10,,,443,45082,0,1358,17
1584616140.0954118,10.10.0.10,173.194.164.186,,,45082,443,0,37,17
1584616140.1027708,173.194.164.186,10.10.0.10,,,443,45082,0,1358,17
1584616140.1120489,173.194.164.186,10.10.0.10,,,443,45082,0,1358,17
1584616140.1145036,10.10.0.10,173.194.164.186,,,45082,443,0,37,17
1584616140.1213286,173.194.164.186,10.10.0.10,,,443,45082,0,1358,17
1584616140.130609,173.194.164.186,10.10.0.10,,,443,45082,0,1358,17
1584616140.1325068,10.10.0.10,173.194.164.186,,,45082,443,0,37,17
1584616140.13989,173.194.164.186,10.10.0.10,,,443,45082,0,1358,17
1584616140.1491878,173.194.164.186,10.10.0.10,,,443,45082,0,1358,17
1584616140.151014,10.10.0.10,173.194.164.186,,,45082,443,0,37,17
1584616140.158447,173.194.164.186,10.10.0.10,,,443,45082,0,1358,17
1584616140.1677349,173.194.164.186,10.10.0.10,,,443,45082,0,1358,17
1584616140.169502,10.10.0.10,173.194.164.186,,,45082,443,0,37,17
1584616140.1770098,173.194.164.186,10.10.0.10,,,443,45082,0,1358,17
1584616140.186291,173.194.164.186,10.10.0.10,,,443,45082,0,1358,17
1584616140.188388,10.10.0.10,173.194.164.186,,,45082,443,0,37,17
1584616140.195577,173.194.164.186,10.10.0.10,,,443,45082,0,1358,17
1584616140.2048528,173.194.164.186,10.10.0.10,,,443,45082,0,1358,17
1584616140.206368,10.10.0.10,173.194.164.186,,,45082,443,0,37,17
1584616140.214144,173.194.164.186,10.10.0.10,,,443,45082,0,1358,17
1584616140.22341,173.194.164.186,10.10.0.10,,,443,45082,0,1358,17
1584616140.227888,10.10.0.10,173.194.164.186,,,45082,443,0,37,17
1584616140.2326908,173.194.164.186,10.10.0.10,,,443,45082,0,1358,17
1584616140.2419732,173.194.164.186,10.10.0.10,,,443,45082,0,1358,17
1584616140.2443078,10.10.0.10,173.194.164.186,,,45082,443,0,37,17
1584616140.2512634,173.194.164.186,10.10.0.10,,,443,45082,0,1358,17
1584616140.2605288,173.194.164.186,10.10.0.10,,,443,45082,0,1358,17
1584616140.2634268,10.10.0.10,173.194.164.186,,,45082,443,0,37,17
1584616140.269827,173.194.164.186,10.10.0.10,,,443,45082,0,1358,17
1584616140.279094,173.194.164.186,10.10.0.10,,,443,45082,0,1358,17
1584616140.2809286,10.10.0.10,173.194.164.186,,,45082,443,0,37,17
1584616140.2883706,173.194.164.186,10.10.0.10,,,443,45082,0,1358,17
1584616140.2976534,173.194.164.186,10.10.0.10,,,443,45082,0,1358,17
1584616140.299424,10.10.0.10,173.194.164.186,,,45082,443,0,37,17
1584616140.306948,173.194.164.186,10.10.0.10,,,443,45082,0,1358,17
1584616140.3162212,173.194.164.186,10.10.0.10,,,443,45082,0,1358,17
1584616140.3179011,10.10.0.10,173.194.164.186,,,45082,443,0,37,17
1584616140.325508,173.194.164.186,10.10.0.10,,,443,45082,0,1358,17
1584616140.334773,173.194.164.186,10.10.0.10,,,443,45082,0,1358,17
1584616140.336549,10.10.0.10,173.194.164.186,,,45082,443,0,37,17
1584616140.3440518,173.194.164.186,10.10.0.10,,,443,45082,0,1358,17
1584616140.3533332,173.194.164.186,10.10.0.10,,,443,45082,0,1358,17
1584616140.355279,10.10.0.10,173.194.164.186,,,45082,443,0,37,17
1584616140.362616,173.194.164.186,10.10.0.10,,,443,45082,0,1358,17
1584616140.3718884,173.194.164.186,10.10.0.10,,,443,45082,0,1358,17
1584616140.3734045,10.10.0.10,173.194.164.186,,,45082,443,0,50,17
1584616140.3811939,173.194.164.186,10.10.0.10,,,443,45082,0,1358,17
1584616140.3904538,173.194.164.186,10.10.0.10,,,443,45082,0,1358,17
1584616140.391997,10.10.0.10,173.194.164.186,,,45082,443,0,37,17
1584616140.399735,173.194.164.186,10.10.0.10,,,443,45082,0,1358,17
1584616140.409014,173.194.164.186,10.10.0.10,,,443,45082,0,1358,17
1584616140.411525,10.10.0.10,173.194.164.186,,,45082,443,0,37,17
1584616140.418297,173.194.164.186,10.10.0.10,,,443,45082,0,1358,17
1584616140.427577,173.194.164.186,10.10.0.10,,,443,45082,0,29,17
1584616140.427989,173.194.164.186,10.10.0.10,,,443,45082,0,1358,17
1584616140.4316704,10.10.0.10,173.194.164.186,,,45082,443,0,37,17
1584616140.4372694,173.194.164.186,10.10.0.10,,,443,45082,0,1358,17
1584616140.446569,173.194.164.186,10.10.0.10,,,443,45082,0,1358,17
1584616140.4481401,10.10.0.10,173.194.164.186,,,45082,443,0,37,17
1584616140.455833,173.194.164.186,10.10.0.10,,,443,45082,0,1358,17
1584616140.4651241,173.194.164.186,10.10.0.10,,,443,45082,0,1358,17
1584616140.46815,10.10.0.10,173.194.164.186,,,45082,443,0,37,17
1584616140.4743938,173.194.164.186,10.10.0.10,,,443,45082,0,1358,17
1584616140.4836931,173.194.164.186,10.10.0.10,,,443,45082,0,1358,17
1584616140.4852734,10.10.0.10,173.194.164.186,,,45082,443,0,37,17
1584616140.492955,173.194.164.186,10.10.0.10,,,443,45082,0,1358,17
1584616140.502234,173.194.164.186,10.10.0.10,,,443,45082,0,1358,17
1584616140.5039182,10.10.0.10,173.194.164.186,,,45082,443,0,37,17
1584616140.511514,173.194.164.186,10.10.0.10,,,443,45082,0,1358,17
1584616140.520792,173.194.164.186,10.10.0.10,,,443,45082,0,1358,17
1584616140.5231528,10.10.0.10,173.194.164.186,,,45082,443,0,37,17
1584616140.530068,173.194.164.186,10.10.0.10,,,443,45082,0,1358,17
1584616140.5393536,173.194.164.186,10.10.0.10,,,443,45082,0,1358,17
1584616140.5412931,10.10.0.10,173.194.164.186,,,45082,443,0,37,17
1584616140.5486329,173.194.164.186,10.10.0.10,,,443,45082,0,1358,17
1584616140.557915,173.194.164.186,10.10.0.10,,,443,45082,0,1358,17
1584616140.5594,10.10.0.10,173.194.164.186,,,45082,443,0,37,17
1584616140.567198,173.194.164.186,10.10.0.10,,,443,45082,0,1358,17
1584616140.576473,173.194.164.186,10.10.0.10,,,443,45082,0,1358,17
1584616140.578166,10.10.0.10,173.194.164.186,,,45082,443,0,37,17
1584616140.585753,173.194.164.186,10.10.0.10,,,443,45082,0,1358,17
1584616140.595034,173.194.164.186,10.10.0.10,,,443,45082,0,1358,17
1584616140.59679,10.10.0.10,173.194.164.186,,,45082,443,0,37,17
1584616140.604318,173.194.164.186,10.10.0.10,,,443,45082,0,1358,17
1584616140.6136,173.194.164.186,10.10.0.10,,,443,45082,0,1358,17
1584616140.615274,10.10.0.10,173.194.164.186,,,45082,443,0,37,17
1584616140.6228776,173.194.164.186,10.10.0.10,,,443,45082,0,1358,17
1584616140.6321552,173.194.164.186,10.10.0.10,,,443,45082,0,1358,17
1584616140.633896,10.10.0.10,173.194.164.186,,,45082,443,0,37,17
1584616140.6414409,173.194.164.186,10.10.0.10,,,443,45082,0,1358,17
1584616140.6507142,173.194.164.186,10.10.0.10,,,443,45082,0,1358,17
1584616140.652386,10.10.0.10,173.194.164.186,,,45082,443,0,37,17
1584616140.65999,173.194.164.186,10.10.0.10,,,443,45082,0,1358,17
1584616140.6692731,173.194.164.186,10.10.0.10,,,443,45082,0,1358,17
1584616140.6718931,10.10.0.10,173.194.164.186,,,45082,443,0,37,17
1584616140.678566,173.194.164.186,10.10.0.10,,,443,45082,0,1358,17
1584616140.687835,173.194.164.186,10.10.0.10,,,443,45082,0,1358,17
1584616140.689789,10.10.0.10,173.194.164.186,,,45082,443,0,37,17
1584616140.6971262,173.194.164.186,10.10.0.10,,,443,45082,0,1358,17
1584616140.706393,173.194.164.186,10.10.0.10,,,443,45082,0,1358,17
1584616140.7082891,10.10.0.10,173.194.164.186,,,45082,443,0,37,17
1584616140.7156901,173.194.164.186,10.10.0.10,,,443,45082,0,1358,17
1584616140.7249546,173.194.164.186,10.10.0.10,,,443,45082,0,1358,17
1584616140.726887,10.10.0.10,173.194.164.186,,,45082,443,0,37,17
1584616140.7342489,173.194.164.186,10.10.0.10,,,443,45082,0,1358,17
1584616140.7435136,173.194.164.186,10.10.0.10,,,443,45082,0,1358,17
1584616140.745538,10.10.0.10,173.194.164.186,,,45082,443,0,50,17
1584616140.752811,173.194.164.186,10.10.0.10,,,443,45082,0,1358,17
1584616140.762073,173.194.164.186,10.10.0.10,,,443,45082,0,1358,17
1584616140.764282,10.10.0.10,173.194.164.186,,,45082,443,0,37,17
1584616140.771353,173.194.164.186,10.10.0.10,,,443,45082,0,1358,17
1584616140.780634,173.194.164.186,10.10.0.10,,,443,45082,0,1358,17
1584616140.782253,10.10.0.10,173.194.164.186,,,45082,443,0,37,17
1584616140.789938,173.194.164.186,10.10.0.10,,,443,45082,0,1358,17
1584616140.7991948,173.194.164.186,10.10.0.10,,,443,45082,0,1358,17
1584616140.800764,10.10.0.10,173.194.164.186,,,45082,443,0,37,17
1584616140.8084724,173.194.164.186,10.10.0.10,,,443,45082,0,1358,17
1584616140.8177528,173.194.164.186,10.10.0.10,,,443,45082,0,1358,17
1584616140.819389,10.10.0.10,173.194.164.186,,,45082,443,0,37,17
1584616140.827034,173.194.164.186,10.10.0.10,,,443,45082,0,1358,17
1584616140.836317,173.194.164.186,10.10.0.10,,,443,45082,0,1358,17
1584616140.8379068,10.10.0.10,173.194.164.186,,,45082,443,0,37,17
1584616140.845594,173.194.164.186,10.10.0.10,,,443,45082,0,1358,17
1584616140.854881,173.194.164.186,10.10.0.10,,,443,45082,0,1358,17
1584616140.8566382,10.10.0.10,173.194.164.186,,,45082,443,0,37,17
1584616140.864149,173.194.164.186,10.10.0.10,,,443,45082,0,1358,17
1584616140.8734374,173.194.164.186,10.10.0.10,,,443,45082,0,1358,17
1584616140.8766382,10.10.0.10,173.194.164.186,,,45082,443,0,37,17
1584616140.8827126,173.194.164.186,10.10.0.10,,,443,45082,0,1358,17
1584616140.891993,173.194.164.186,10.10.0.10,,,443,45082,0,1358,17
1584616140.8936355,10.10.0.10,173.194.164.186,,,45082,443,0,37,17
1584616140.901274,173.194.164.186,10.10.0.10,,,443,45082,0,1358,17
1584616140.910558,173.194.164.186,10.10.0.10,,,443,45082,0,1358,17
1584616140.912286,10.10.0.10,173.194.164.186,,,45082,443,0,37,17
1584616140.9198391,173.194.164.186,10.10.0.10,,,443,45082,0,1358,17
1584616140.9291198,173.194.164.186,10.10.0.10,,,443,45082,0,1358,17
1584616140.931135,10.10.0.10,173.194.164.186,,,45082,443,0,37,17
1584616140.9383938,173.194.164.186,10.10.0.10,,,443,45082,0,1358,17
1584616140.9476829,173.194.164.186,10.10.0.10,,,443,45082,0,1358,17
1584616140.9495304,10.10.0.10,173.194.164.186,,,45082,443,0,37,17
1584616140.956954,173.194.164.186,10.10.0.10,,,443,45082,0,1358,17
1584616140.9662435,173.194.164.186,10.10.0.10,,,443,45082,0,1358,17
1584616140.96803,10.10.0.10,173.194.164.186,,,45082,443,0,37,17
1584616140.9755142,173.194.164.186,10.10.0.10,,,443,45082,0,1358,17
1584616140.984806,173.194.164.186,10.10.0.10,,,443,45082,0,1358,17
1584616140.986528,10.10.0.10,173.194.164.186,,,45082,443,0,37,17
1584616140.9940732,173.194.164.186,10.10.0.10,,,443,45082,0,1358,17
1584616141.003367,173.194.164.186,10.10.0.10,,,443,45082,0,1358,17
1584616141.004998,10.10.0.10,173.194.164.186,,,45082,443,0,37,17
1584616141.0126328,173.194.164.186,10.10.0.10,,,443,45082,0,1358,17
1584616141.0219266,173.194.164.186,10.10.0.10,,,443,45082,0,1358,17
1584616141.0267394,10.10.0.10,173.194.164.186,,,45082,443,0,37,17
1584616141.031194,173.194.164.186,10.10.0.10,,,443,45082,0,1358,17
1584616141.040488,173.194.164.186,10.10.0.10,,,443,45082,0,1358,17
1584616141.041989,10.10.0.10,173.194.164.186,,,45082,443,0,37,17
1584616141.0497491,173.194.164.186,10.10.0.10,,,443,45082,0,1358,17
1584616141.05903,173.194.164.186,10.10.0.10,,,443,45082,0,1358,17
1584616141.0605092,10.10.0.10,173.194.164.186,,,45082,443,0,37,17
1584616141.068308,173.194.164.186,10.10.0.10,,,443,45082,0,1358,17
1584616141.0775928,173.194.164.186,10.10.0.10,,,443,45082,0,1358,17
1584616141.086873,173.194.164.186,10.10.0.10,,,443,45082,0,1358,17
1584616141.0961492,173.194.164.186,10.10.0.10,,,443,45082,0,1358,17
1584616141.1054368,173.194.164.186,10.10.0.10,,,443,45082,0,1358,17
1584616141.1076589,10.10.0.10,173.194.164.186,,,45082,443,0,37,17
1584616141.1095252,10.10.0.10,173.194.164.186,,,45082,443,0,37,17
1584616141.1147132,173.194.164.186,10.10.0.10,,,443,45082,0,1358,17
1584616141.116402,10.10.0.10,173.194.164.186,,,45082,443,0,50,17
1584616141.12399,173.194.164.186,10.10.0.10,,,443,45082,0,1358,17
1584616141.133282,173.194.164.186,10.10.0.10,,,443,45082,0,1358,17
1584616141.134851,10.10.0.10,173.194.164.186,,,45082,443,0,37,17
1584616141.1425538,173.194.164.186,10.10.0.10,,,443,45082,0,29,17
1584616141.142967,173.194.164.186,10.10.0.10,,,443,45082,0,1358,17
1584616141.153367,173.194.164.186,10.10.0.10,,,443,45082,0,1358,17
1584616141.1565082,10.10.0.10,173.194.164.186,,,45082,443,0,37,17
1584616141.162659,173.194.164.186,10.10.0.10,,,443,45082,0,1358,17
1584616141.171929,173.194.164.186,10.10.0.10,,,443,45082,0,1358,17
1584616141.176973,10.10.0.10,173.194.164.186,,,45082,443,0,37,17
1584616141.181205,173.194.164.186,10.10.0.10,,,443,45082,0,1358,17
1584616141.1904821,173.194.164.186,10.10.0.10,,,443,45082,0,1358,17
1584616141.1942544,10.10.0.10,173.194.164.186,,,45082,443,0,37,17
1584616141.199768,173.194.164.186,10.10.0.10,,,443,45082,0,1358,17
1584616141.2090418,173.194.164.186,10.10.0.10,,,443,45082,0,1358,17
1584616141.210754,10.10.0.10,173.194.164.186,,,45082,443,0,37,17
1584616141.2183251,173.194.164.186,10.10.0.10,,,443,45082,0,1358,17
1584616141.227602,173.194.164.186,10.10.0.10,,,443,45082,0,1358,17
1584616141.2292724,10.10.0.10,173.194.164.186,,,45082,443,0,37,17
1584616141.2368882,173.194.164.186,10.10.0.10,,,443,45082,0,1358,17
1584616141.246174,173.194.164.186,10.10.0.10,,,443,45082,0,1358,17
1584616141.248628,10.10.0.10,173.194.164.186,,,45082,443,0,37,17
1584616141.2554438,173.194.164.186,10.10.0.10,,,443,45082,0,1358,17
1584616141.2647223,173.194.164.186,10.10.0.10,,,443,45082,0,1358,17
1584616141.266505,10.10.0.10,173.194.164.186,,,45082,443,0,37,17
1584616141.274007,173.194.164.186,10.10.0.10,,,443,45082,0,1358,17
1584616141.283298,173.194.164.186,10.10.0.10,,,443,45082,0,1358,17
1584616141.287264,10.10.0.10,173.194.164.186,,,45082,443,0,37,17
1584616141.292568,173.194.164.186,10.10.0.10,,,443,45082,0,1358,17
1584616141.301857,173.194.164.186,10.10.0.10,,,443,45082,0,1358,17
1584616141.3035002,10.10.0.10,173.194.164.186,,,45082,443,0,37,17
1584616141.3111286,173.194.164.186,10.10.0.10,,,443,45082,0,1358,17
1584616141.3204062,173.194.164.186,10.10.0.10,,,443,45082,0,1358,17
1584616141.321871,10.10.0.10,173.194.164.186,,,45082,443,0,37,17
1584616141.3296866,173.194.164.186,10.10.0.10,,,443,45082,0,1358,17
1584616141.3389812,173.194.164.186,10.10.0.10,,,443,45082,0,1358,17
1584616141.341249,10.10.0.10,173.194.164.186,,,45082,443,0,37,17
1584616141.348248,173.194.164.186,10.10.0.10,,,443,45082,0,1358,17
1584616141.357543,173.194.164.186,10.10.0.10,,,443,45082,0,1358,17
1584616141.3591251,10.10.0.10,173.194.164.186,,,45082,443,0,37,17
1584616141.366806,173.194.164.186,10.10.0.10,,,443,45082,0,1358,17
1584616141.376106,173.194.164.186,10.10.0.10,,,443,45082,0,1358,17
1584616141.3793929,10.10.0.10,173.194.164.186,,,45082,443,0,37,17
1584616141.385366,173.194.164.186,10.10.0.10,,,443,45082,0,1358,17
1584616141.394648,173.194.164.186,10.10.0.10,,,443,45082,0,1358,17
1584616141.3993812,10.10.0.10,173.194.164.186,,,45082,443,0,37,17
1584616141.4039302,173.194.164.186,10.10.0.10,,,443,45082,0,1358,17
1584616141.413207,173.194.164.186,10.10.0.10,,,443,45082,0,1358,17
1584616141.416266,10.10.0.10,173.194.164.186,,,45082,443,0,37,17
1584616141.422487,173.194.164.186,10.10.0.10,,,443,45082,0,1358,17
1584616141.431765,173.194.164.186,10.10.0.10,,,443,45082,0,1358,17
1584616141.433391,10.10.0.10,173.194.164.186,,,45082,443,0,37,17
1584616141.441047,173.194.164.186,10.10.0.10,,,443,45082,0,1358,17
1584616141.4503276,173.194.164.186,10.10.0.10,,,443,45082,0,1358,17
1584616141.4521186,10.10.0.10,173.194.164.186,,,45082,443,0,37,17
1584616141.4596071,173.194.164.186,10.10.0.10,,,443,45082,0,1358,17
1584616141.46889,173.194.164.186,10.10.0.10,,,443,45082,0,1358,17
1584616141.470524,10.10.0.10,173.194.164.186,,,45082,443,0,37,17
1584616141.478167,173.194.164.186,10.10.0.10,,,443,45082,0,1358,17
1584616141.487446,173.194.164.186,10.10.0.10,,,443,45082,0,1358,17
1584616141.4891381,10.10.0.10,173.194.164.186,,,45082,443,0,50,17
1584616141.4978518,173.194.164.186,10.10.0.10,,,443,45082,0,1358,17
1584616141.5071206,173.194.164.186,10.10.0.10,,,443,45082,0,1358,17
1584616141.508748,10.10.0.10,173.194.164.186,,,45082,443,0,37,17
1584616141.5164142,173.194.164.186,10.10.0.10,,,443,45082,0,1358,17
1584616141.525682,173.194.164.186,10.10.0.10,,,443,45082,0,1358,17
1584616141.527369,10.10.0.10,173.194.164.186,,,45082,443,0,37,17
1584616141.534976,173.194.164.186,10.10.0.10,,,443,45082,0,1358,17
1584616141.54424,173.194.164.186,10.10.0.10,,,443,45082,0,1358,17
1584616141.545992,10.10.0.10,173.194.164.186,,,45082,443,0,37,17
1584616141.553537,173.194.164.186,10.10.0.10,,,443,45082,0,1358,17
1584616141.5628,173.194.164.186,10.10.0.10,,,443,45082,0,1358,17
1584616141.5646374,10.10.0.10,173.194.164.186,,,45082,443,0,37,17
1584616141.5721052,173.194.164.186,10.10.0.10,,,443,45082,0,1358,17
1584616141.581361,173.194.164.186,10.10.0.10,,,443,45082,0,1358,17
1584616141.5829911,10.10.0.10,173.194.164.186,,,45082,443,0,37,17
1584616141.590662,173.194.164.186,10.10.0.10,,,443,45082,0,1358,17
1584616141.59992,173.194.164.186,10.10.0.10,,,443,45082,0,1358,17
1584616141.6017618,10.10.0.10,173.194.164.186,,,45082,443,0,37,17
1584616141.609202,173.194.164.186,10.10.0.10,,,443,45082,0,1358,17
1584616141.618479,173.194.164.186,10.10.0.10,,,443,45082,0,1358,17
1584616141.62024,10.10.0.10,173.194.164.186,,,45082,443,0,37,17
1584616141.627759,173.194.164.186,10.10.0.10,,,443,45082,0,1358,17
1584616141.6370409,173.194.164.186,10.10.0.10,,,443,45082,0,1358,17
1584616141.6388881,10.10.0.10,173.194.164.186,,,45082,443,0,37,17
1584616141.6463196,173.194.164.186,10.10.0.10,,,443,45082,0,1358,17
1584616141.655601,173.194.164.186,10.10.0.10,,,443,45082,0,1358,17
1584616141.6573641,10.10.0.10,173.194.164.186,,,45082,443,0,37,17
1584616141.66488,173.194.164.186,10.10.0.10,,,443,45082,0,1358,17
1584616141.674162,173.194.164.186,10.10.0.10,,,443,45082,0,1358,17
1584616141.6758866,10.10.0.10,173.194.164.186,,,45082,443,0,37,17
1584616141.6834366,173.194.164.186,10.10.0.10,,,443,45082,0,1358,17
1584616141.6927226,173.194.164.186,10.10.0.10,,,443,45082,0,1358,17
1584616141.694362,10.10.0.10,173.194.164.186,,,45082,443,0,37,17
1584616141.702,173.194.164.186,10.10.0.10,,,443,45082,0,1358,17
1584616141.7112858,173.194.164.186,10.10.0.10,,,443,45082,0,1358,17
1584616141.713133,10.10.0.10,173.194.164.186,,,45082,443,0,37,17
1584616141.720561,173.194.164.186,10.10.0.10,,,443,45082,0,1358,17
1584616141.729846,173.194.164.186,10.10.0.10,,,443,45082,0,1358,17
1584616141.7317288,10.10.0.10,173.194.164.186,,,45082,443,0,37,17
1584616141.73912,173.194.164.186,10.10.0.10,,,443,45082,0,1358,17
1584616141.7484,173.194.164.186,10.10.0.10,,,443,45082,0,1358,17
1584616141.750133,10.10.0.10,173.194.164.186,,,45082,443,0,37,17
1584616141.7576811,173.194.164.186,10.10.0.10,,,443,45082,0,1358,17
1584616141.766969,173.194.164.186,10.10.0.10,,,443,45082,0,1358,17
1584616141.768755,10.10.0.10,173.194.164.186,,,45082,443,0,37,17
1584616141.77624,173.194.164.186,10.10.0.10,,,443,45082,0,1358,17
1584616141.785534,173.194.164.186,10.10.0.10,,,443,45082,0,1358,17
1584616141.787455,10.10.0.10,173.194.164.186,,,45082,443,0,37,17
1584616141.7959151,173.194.164.186,10.10.0.10,,,443,45082,0,1358,17
1584616141.805194,173.194.164.186,10.10.0.10,,,443,45082,0,1358,17
1584616141.806864,10.10.0.10,173.194.164.186,,,45082,443,0,37,17
1584616141.814474,173.194.164.186,10.10.0.10,,,443,45082,0,1358,17
1584616141.823752,173.194.164.186,10.10.0.10,,,443,45082,0,1358,17
1584616141.825507,10.10.0.10,173.194.164.186,,,45082,443,0,37,17
1584616141.8330364,173.194.164.186,10.10.0.10,,,443,45082,0,1358,17
1584616141.842313,173.194.164.186,10.10.0.10,,,443,45082,0,1358,17
1584616141.844109,10.10.0.10,173.194.164.186,,,45082,443,0,37,17
1584616141.851594,173.194.164.186,10.10.0.10,,,443,45082,0,1358,17
1584616141.860876,173.194.164.186,10.10.0.10,,,443,45082,0,1358,17
1584616141.8628778,10.10.0.10,173.194.164.186,,,45082,443,0,50,17
1584616141.870157,173.194.164.186,10.10.0.10,,,443,45082,0,1358,17
1584616141.879433,173.194.164.186,10.10.0.10,,,443,45082,0,1358,17
1584616141.881359,10.10.0.10,173.194.164.186,,,45082,443,0,37,17
1584616141.8887162,173.194.164.186,10.10.0.10,,,443,45082,0,1358,17
1584616141.8979962,173.194.164.186,10.10.0.10,,,443,45082,0,1358,17
1584616141.900858,10.10.0.10,173.194.164.186,,,45082,443,0,37,17
1584616141.90728,173.194.164.186,10.10.0.10,,,443,45082,0,1358,17
1584616141.9165561,173.194.164.186,10.10.0.10,,,443,45082,0,1358,17
1584616141.918224,10.10.0.10,173.194.164.186,,,45082,443,0,37,17
1584616141.925839,173.194.164.186,10.10.0.10,,,443,45082,0,1358,17
1584616141.9351149,173.194.164.186,10.10.0.10,,,443,45082,0,1358,17
1584616141.9378614,10.10.0.10,173.194.164.186,,,45082,443,0,37,17
1584616141.944405,173.194.164.186,10.10.0.10,,,443,45082,0,1358,17
1584616141.9536762,173.194.164.186,10.10.0.10,,,443,45082,0,1358,17
1584616141.955376,10.10.0.10,173.194.164.186,,,45082,443,0,37,17
1584616141.9629624,173.194.164.186,10.10.0.10,,,443,45082,0,1358,17
1584616141.972234,173.194.164.186,10.10.0.10,,,443,45082,0,1358,17
1584616141.974,10.10.0.10,173.194.164.186,,,45082,443,0,37,17
1584616141.9815102,173.194.164.186,10.10.0.10,,,443,45082,0,1358,17
1584616141.990793,173.194.164.186,10.10.0.10,,,443,45082,0,1358,17
1584616141.9926329,10.10.0.10,173.194.164.186,,,45082,443,0,37,17
1584616142.0000892,173.194.164.186,10.10.0.10,,,443,45082,0,1358,17
1584616142.009353,173.194.164.186,10.10.0.10,,,443,45082,0,1358,17
1584616142.0111039,10.10.0.10,173.194.164.186,,,45082,443,0,37,17
1584616142.0186481,173.194.164.186,10.10.0.10,,,443,45082,0,1358,17
1584616142.0279126,173.194.164.186,10.10.0.10,,,443,45082,0,1358,17
1584616142.029596,10.10.0.10,173.194.164.186,,,45082,443,0,37,17
1584616142.037195,173.194.164.186,10.10.0.10,,,443,45082,0,1358,17
1584616142.046474,173.194.164.186,10.10.0.10,,,443,45082,0,1358,17
1584616142.0485802,10.10.0.10,173.194.164.186,,,45082,443,0,37,17
1584616142.055774,173.194.164.186,10.10.0.10,,,443,45082,0,1358,17
1584616142.065033,173.194.164.186,10.10.0.10,,,443,45082,0,1358,17
1584616142.066821,10.10.0.10,173.194.164.186,,,45082,443,0,37,17
1584616142.07431,173.194.164.186,10.10.0.10,,,443,45082,0,1358,17
1584616142.083589,173.194.164.186,10.10.0.10,,,443,45082,0,1358,17
1584616142.085502,10.10.0.10,173.194.164.186,,,45082,443,0,37,17
1584616142.092866,173.194.164.186,10.10.0.10,,,443,45082,0,1358,17
1584616142.102155,173.194.164.186,10.10.0.10,,,443,45082,0,1358,17
1584616142.1041012,10.10.0.10,173.194.164.186,,,45082,443,0,37,17
1584616142.1114278,173.194.164.186,10.10.0.10,,,443,45082,0,1358,17
1584616142.12071,173.194.164.186,10.10.0.10,,,443,45082,0,1358,17
1584616142.1222222,10.10.0.10,173.194.164.186,,,45082,443,0,37,17
1584616142.129991,173.194.164.186,10.10.0.10,,,443,45082,0,1358,17
1584616142.139273,173.194.164.186,10.10.0.10,,,443,45082,0,1358,17
1584616142.140855,10.10.0.10,173.194.164.186,,,45082,443,0,37,17
1584616142.14855,173.194.164.186,10.10.0.10,,,443,45082,0,1358,17
1584616142.1578329,173.194.164.186,10.10.0.10,,,443,45082,0,1358,17
1584616142.1594741,10.10.0.10,173.194.164.186,,,45082,443,0,37,17
1584616142.16711,173.194.164.186,10.10.0.10,,,443,45082,0,1358,17
1584616142.1763911,173.194.164.186,10.10.0.10,,,443,45082,0,1358,17
1584616142.17872,10.10.0.10,173.194.164.186,,,45082,443,0,37,17
1584616142.185677,173.194.164.186,10.10.0.10,,,443,45082,0,1358,17
1584616142.194959,173.194.164.186,10.10.0.10,,,443,45082,0,1358,17
1584616142.196599,10.10.0.10,173.194.164.186,,,45082,443,0,37,17
1584616142.2042286,173.194.164.186,10.10.0.10,,,443,45082,0,258,17
1584616142.225729,10.10.0.10,173.194.164.186,,,45082,443,0,733,17
1584616142.2262428,10.10.0.10,173.194.164.186,,,45082,443,0,48,17
1584616142.2302544,173.194.164.186,10.10.0.10,,,443,45082,0,29,17
1584616142.2314491,173.194.164.186,10.10.0.10,,,443,45082,0,1358,17
1584616142.2314842,173.194.164.186,10.10.0.10,,,443,45082,0,1358,17
1584616142.233617,10.10.0.10,173.194.164.186,,,45082,443,0,37,17
1584616142.239348,173.194.164.186,10.10.0.10,,,443,45082,0,1358,17
1584616142.24863,173.194.164.186,10.10.0.10,,,443,45082,0,1358,17
1584616142.2501216,10.10.0.10,173.194.164.186,,,45082,443,0,724,17
1584616142.2511182,10.10.0.10,173.194.164.186,,,45082,443,0,55,17
1584616142.257908,173.194.164.186,10.10.0.10,,,443,45082,0,1358,17
1584616142.2672062,173.194.164.186,10.10.0.10,,,443,45082,0,1358,17
1584616142.268716,10.10.0.10,173.194.164.186,,,45082,443,0,37,17
1584616142.2764692,173.194.164.186,10.10.0.10,,,443,45082,0,1358,17
1584616142.2857661,173.194.164.186,10.10.0.10,,,443,45082,0,1358,17
1584616142.287226,10.10.0.10,173.194.164.186,,,45082,443,0,37,17
1584616142.295035,173.194.164.186,10.10.0.10,,,443,45082,0,1358,17
1584616142.304307,173.194.164.186,10.10.0.10,,,443,45082,0,1358,17
1584616142.30599,10.10.0.10,173.194.164.186,,,45082,443,0,37,17
1584616142.313592,173.194.164.186,10.10.0.10,,,443,45082,0,1358,17
1584616142.322891,173.194.164.186,10.10.0.10,,,443,45082,0,1358,17
1584616142.3244884,10.10.0.10,173.194.164.186,,,45082,443,0,37,17
1584616142.3321538,173.194.164.186,10.10.0.10,,,443,45082,0,29,17
1584616142.332578,173.194.164.186,10.10.0.10,,,443,45082,0,1358,17
1584616142.3418539,173.194.164.186,10.10.0.10,,,443,45082,0,1358,17
1584616142.343614,10.10.0.10,173.194.164.186,,,45082,443,0,37,17
1584616142.3511438,173.194.164.186,10.10.0.10,,,443,45082,0,1358,17
1584616142.360411,173.194.164.186,10.10.0.10,,,443,45082,0,1358,17
1584616142.3697028,173.194.164.186,10.10.0.10,,,443,45082,0,1358,17
1584616142.3789706,173.194.164.186,10.10.0.10,,,443,45082,0,1358,17
1584616142.3874931,10.10.0.10,173.194.164.186,,,45082,443,0,37,17
1584616142.3882651,173.194.164.186,10.10.0.10,,,443,45082,0,1358,17
1584616142.3892212,10.10.0.10,173.194.164.186,,,45082,443,0,37,17
1584616142.3975348,173.194.164.186,10.10.0.10,,,443,45082,0,1358,17
1584616142.399216,10.10.0.10,173.194.164.186,,,45082,443,0,37,17
1584616142.406826,173.194.164.186,10.10.0.10,,,443,45082,0,1358,17
1584616142.4160874,173.194.164.186,10.10.0.10,,,443,45082,0,1358,17
1584616142.417723,10.10.0.10,173.194.164.186,,,45082,443,0,37,17
1584616142.425387,173.194.164.186,10.10.0.10,,,443,45082,0,1358,17
1584616142.4346519,173.194.164.186,10.10.0.10,,,443,45082,0,1358,17
1584616142.4363706,10.10.0.10,173.194.164.186,,,45082,443,0,37,17
1584616142.443954,173.194.164.186,10.10.0.10,,,443,45082,0,1358,17
1584616142.4532108,173.194.164.186,10.10.0.10,,,443,45082,0,1358,17
1584616142.4547162,10.10.0.10,173.194.164.186,,,45082,443,0,37,17
1584616142.462512,173.194.164.186,10.10.0.10,,,443,45082,0,1358,17
1584616142.4717731,173.194.164.186,10.10.0.10,,,443,45082,0,1358,17
1584616142.473206,10.10.0.10,173.194.164.186,,,45082,443,0,37,17
1584616142.4810472,173.194.164.186,10.10.0.10,,,443,45082,0,1358,17
1584616142.490333,173.194.164.186,10.10.0.10,,,443,45082,0,1358,17
1584616142.491987,10.10.0.10,173.194.164.186,,,45082,443,0,37,17
1584616142.499634,173.194.164.186,10.10.0.10,,,443,45082,0,1358,17
1584616142.508892,173.194.164.186,10.10.0.10,,,443,45082,0,1358,17
1584616142.510463,10.10.0.10,173.194.164.186,,,45082,443,0,37,17
1584616142.518167,173.194.164.186,10.10.0.10,,,443,45082,0,1358,17
1584616142.5274522,173.194.164.186,10.10.0.10,,,443,45082,0,1358,17
1584616142.52899,10.10.0.10,173.194.164.186,,,45082,443,0,37,17
1584616142.5367332,173.194.164.186,10.10.0.10,,,443,45082,0,1358,17
1584616142.546013,173.194.164.186,10.10.0.10,,,443,45082,0,1358,17
1584616142.547805,10.10.0.10,173.194.164.186,,,45082,443,0,37,17
1584616142.555292,173.194.164.186,10.10.0.10,,,443,45082,0,1358,17
1584616142.5645714,173.194.164.186,10.10.0.10,,,443,45082,0,1358,17
1584616142.566358,10.10.0.10,173.194.164.186,,,45082,443,0,37,17
1584616142.57385,173.194.164.186,10.10.0.10,,,443,45082,0,1358,17
1584616142.5831351,173.194.164.186,10.10.0.10,,,443,45082,0,1358,17
1584616142.5848384,10.10.0.10,173.194.164.186,,,45082,443,0,37,17
1584616142.5924108,173.194.164.186,10.10.0.10,,,443,45082,0,1358,17
1584616142.6016939,173.194.164.186,10.10.0.10,,,443,45082,0,1358,17
1584616142.603482,10.10.0.10,173.194.164.186,,,45082,443,0,37,17
1584616142.610976,173.194.164.186,10.10.0.10,,,443,45082,0,1358,17
1584616142.6202614,173.194.164.186,10.10.0.10,,,443,45082,0,1358,17
1584616142.6221068,10.10.0.10,173.194.164.186,,,45082,443,0,50,17
1584616142.629533,173.194.164.186,10.10.0.10,,,443,45082,0,1358,17
1584616142.638818,173.194.164.186,10.10.0.10,,,443,45082,0,1358,17
1584616142.6406062,10.10.0.10,173.194.164.186,,,45082,443,0,37,17
1584616142.648101,173.194.164.186,10.10.0.10,,,443,45082,0,1358,17
1584616142.6573882,173.194.164.186,10.10.0.10,,,443,45082,0,1358,17
1584616142.659086,10.10.0.10,173.194.164.186,,,45082,443,0,37,17
1584616142.6666539,173.194.164.186,10.10.0.10,,,443,45082,0,1358,17
1584616142.6759439,173.194.164.186,10.10.0.10,,,443,45082,0,1358,17
1584616142.6775858,10.10.0.10,173.194.164.186,,,45082,443,0,37,17
1584616142.685215,173.194.164.186,10.10.0.10,,,443,45082,0,1358,17
1584616142.6945071,173.194.164.186,10.10.0.10,,,443,45082,0,1358,17
1584616142.696232,10.10.0.10,173.194.164.186,,,45082,443,0,37,17
1584616142.703772,173.194.164.186,10.10.0.10,,,443,45082,0,1358,17
1584616142.713066,173.194.164.186,10.10.0.10,,,443,45082,0,1358,17
1584616142.7147002,10.10.0.10,173.194.164.186,,,45082,443,0,37,17
1584616142.7223306,173.194.164.186,10.10.0.10,,,443,45082,0,1358,17
1584616142.7316284,173.194.164.186,10.10.0.10,,,443,45082,0,1358,17
1584616142.7332108,10.10.0.10,173.194.164.186,,,45082,443,0,37,17
1584616142.7408931,173.194.164.186,10.10.0.10,,,443,45082,0,1358,17
1584616142.7501721,173.194.164.186,10.10.0.10,,,443,45082,0,1358,17
1584616142.751832,10.10.0.10,173.194.164.186,,,45082,443,0,37,17
1584616142.7594519,173.194.164.186,10.10.0.10,,,443,45082,0,1358,17
1584616142.7687528,173.194.164.186,10.10.0.10,,,443,45082,0,1358,17
1584616142.7707012,10.10.0.10,173.194.164.186,,,45082,443,0,37,17
1584616142.7780108,173.194.164.186,10.10.0.10,,,443,45082,0,1358,17
1584616142.7872908,173.194.164.186,10.10.0.10,,,443,45082,0,1358,17
1584616142.7889779,10.10.0.10,173.194.164.186,,,45082,443,0,37,17
1584616142.7965722,173.194.164.186,10.10.0.10,,,443,45082,0,1358,17
1584616142.805851,173.194.164.186,10.10.0.10,,,443,45082,0,1358,17
1584616142.807726,10.10.0.10,173.194.164.186,,,45082,443,0,37,17
1584616142.815133,173.194.164.186,10.10.0.10,,,443,45082,0,1358,17
1584616142.824413,173.194.164.186,10.10.0.10,,,443,45082,0,1358,17
1584616142.82596,10.10.0.10,173.194.164.186,,,45082,443,0,37,17
1584616142.833695,173.194.164.186,10.10.0.10,,,443,45082,0,1358,17
1584616142.8429732,173.194.164.186,10.10.0.10,,,443,45082,0,1358,17
1584616142.8444538,10.10.0.10,173.194.164.186,,,45082,443,0,37,17
1584616142.8522522,173.194.164.186,10.10.0.10,,,443,45082,0,1358,17
1584616142.861535,173.194.164.186,10.10.0.10,,,443,45082,0,1358,17
1584616142.863329,10.10.0.10,173.194.164.186,,,45082,443,0,37,17
1584616142.8708124,173.194.164.186,10.10.0.10,,,443,45082,0,1358,17
1584616142.8800876,173.194.164.186,10.10.0.10,,,443,45082,0,1358,17
1584616142.8821,10.10.0.10,173.194.164.186,,,45082,443,0,37,17
1584616142.889376,173.194.164.186,10.10.0.10,,,443,45082,0,1358,17
1584616142.898651,173.194.164.186,10.10.0.10,,,443,45082,0,1358,17
1584616142.900455,10.10.0.10,173.194.164.186,,,45082,443,0,37,17
1584616142.907944,173.194.164.186,10.10.0.10,,,443,45082,0,1358,17
1584616142.9172108,173.194.164.186,10.10.0.10,,,443,45082,0,1358,17
1584616142.918976,10.10.0.10,173.194.164.186,,,45082,443,0,37,17
1584616142.926501,173.194.164.186,10.10.0.10,,,443,45082,0,1358,17
1584616142.9357722,173.194.164.186,10.10.0.10,,,443,45082,0,1358,17
1584616142.937453,10.10.0.10,173.194.164.186,,,45082,443,0,37,17
1584616142.9450624,173.194.164.186,10.10.0.10,,,443,45082,0,1358,17
1584616142.954332,173.194.164.186,10.10.0.10,,,443,45082,0,1358,17
1584616142.9560974,10.10.0.10,173.194.164.186,,,45082,443,0,37,17
1584616142.963624,173.194.164.186,10.10.0.10,,,443,45082,0,1358,17
1584616142.972892,173.194.164.186,10.10.0.10,,,443,45082,0,1358,17
1584616142.974576,10.10.0.10,173.194.164.186,,,45082,443,0,37,17
1584616142.9821725,173.194.164.186,10.10.0.10,,,443,45082,0,1358,17
1584616142.991454,173.194.164.186,10.10.0.10,,,443,45082,0,1358,17
1584616142.9933262,10.10.0.10,173.194.164.186,,,45082,443,0,50,17
1584616143.0007539,173.194.164.186,10.10.0.10,,,443,45082,0,1358,17
1584616143.010012,173.194.164.186,10.10.0.10,,,443,45082,0,1358,17
1584616143.012222,10.10.0.10,173.194.164.186,,,45082,443,0,37,17
1584616143.019291,173.194.164.186,10.10.0.10,,,443,45082,0,1358,17
1584616143.028572,173.194.164.186,10.10.0.10,,,443,45082,0,1358,17
1584616143.0304642,10.10.0.10,173.194.164.186,,,45082,443,0,37,17
1584616143.0378704,173.194.164.186,10.10.0.10,,,443,45082,0,1358,17
1584616143.0471332,173.194.164.186,10.10.0.10,,,443,45082,0,1358,17
1584616143.0495732,10.10.0.10,173.194.164.186,,,45082,443,0,37,17
1584616143.056417,173.194.164.186,10.10.0.10,,,443,45082,0,1358,17
1584616143.0656884,173.194.164.186,10.10.0.10,,,443,45082,0,1358,17
1584616143.067303,10.10.0.10,173.194.164.186,,,45082,443,0,37,17
1584616143.074973,173.194.164.186,10.10.0.10,,,443,45082,0,1358,17
1584616143.08425,173.194.164.186,10.10.0.10,,,443,45082,0,1358,17
1584616143.085966,10.10.0.10,173.194.164.186,,,45082,443,0,37,17
1584616143.093528,173.194.164.186,10.10.0.10,,,443,45082,0,1358,17
1584616143.102813,173.194.164.186,10.10.0.10,,,443,45082,0,1358,17
1584616143.104451,10.10.0.10,173.194.164.186,,,45082,443,0,37,17
1584616143.1120908,173.194.164.186,10.10.0.10,,,443,45082,0,1358,17
1584616143.1213722,173.194.164.186,10.10.0.10,,,443,45082,0,1358,17
1584616143.123344,10.10.0.10,173.194.164.186,,,45082,443,0,37,17
1584616143.1306536,173.194.164.186,10.10.0.10,,,443,45082,0,1358,17
1584616143.1399472,173.194.164.186,10.10.0.10,,,443,45082,0,1358,17
1584616143.141566,10.10.0.10,173.194.164.186,,,45082,443,0,37,17
1584616143.149212,173.194.164.186,10.10.0.10,,,443,45082,0,1358,17
1584616143.158493,173.194.164.186,10.10.0.10,,,443,45082,0,1358,17
1584616143.162198,10.10.0.10,173.194.164.186,,,45082,443,0,37,17
1584616143.167772,173.194.164.186,10.10.0.10,,,443,45082,0,1358,17
1584616143.1770532,173.194.164.186,10.10.0.10,,,443,45082,0,1358,17
1584616143.178826,10.10.0.10,173.194.164.186,,,45082,443,0,37,17
1584616143.1863332,173.194.164.186,10.10.0.10,,,443,45082,0,1358,17
1584616143.195608,173.194.164.186,10.10.0.10,,,443,45082,0,1358,17
1584616143.1974275,10.10.0.10,173.194.164.186,,,45082,443,0,37,17
1584616143.2048962,173.194.164.186,10.10.0.10,,,443,45082,0,1358,17
1584616143.2141669,173.194.164.186,10.10.0.10,,,443,45082,0,1358,17
1584616143.217594,10.10.0.10,173.194.164.186,,,45082,443,0,37,17
1584616143.2234519,173.194.164.186,10.10.0.10,,,443,45082,0,1358,17
1584616143.232732,173.194.164.186,10.10.0.10,,,443,45082,0,1358,17
1584616143.2344382,10.10.0.10,173.194.164.186,,,45082,443,0,37,17
1584616143.242007,173.194.164.186,10.10.0.10,,,443,45082,0,1358,17
1584616143.251301,173.194.164.186,10.10.0.10,,,443,45082,0,1358,17
1584616143.2528188,10.10.0.10,173.194.164.186,,,45082,443,0,37,17
1584616143.2605708,173.194.164.186,10.10.0.10,,,443,45082,0,1358,17
1584616143.26985,173.194.164.186,10.10.0.10,,,443,45082,0,1358,17
1584616143.271417,10.10.0.10,173.194.164.186,,,45082,443,0,37,17
1584616143.279142,173.194.164.186,10.10.0.10,,,443,45082,0,1358,17
1584616143.28841,173.194.164.186,10.10.0.10,,,443,45082,0,1358,17
1584616143.2903464,10.10.0.10,173.194.164.186,,,45082,443,0,37,17
1584616143.2976909,173.194.164.186,10.10.0.10,,,443,45082,0,1358,17
1584616143.3069725,173.194.164.186,10.10.0.10,,,443,45082,0,1358,17
1584616143.3086908,10.10.0.10,173.194.164.186,,,45082,443,0,37,17
1584616143.316247,173.194.164.186,10.10.0.10,,,443,45082,0,1358,17
1584616143.3255482,173.194.164.186,10.10.0.10,,,443,45082,0,1358,17
1584616143.327069,10.10.0.10,173.194.164.186,,,45082,443,0,37,17
1584616143.334811,173.194.164.186,10.10.0.10,,,443,45082,0,1358,17
1584616143.344111,173.194.164.186,10.10.0.10,,,443,45082,0,1358,17
1584616143.34571,10.10.0.10,173.194.164.186,,,45082,443,0,37,17
1584616143.353372,173.194.164.186,10.10.0.10,,,443,45082,0,1358,17
1584616143.362653,173.194.164.186,10.10.0.10,,,443,45082,0,1358,17
1584616143.3642108,10.10.0.10,173.194.164.186,,,45082,443,0,50,17
1584616143.371939,173.194.164.186,10.10.0.10,,,443,45082,0,1358,17
1584616143.381238,173.194.164.186,10.10.0.10,,,443,45082,0,1358,17
1584616143.382838,10.10.0.10,173.194.164.186,,,45082,443,0,37,17
1584616143.3904939,173.194.164.186,10.10.0.10,,,443,45082,0,1358,17
1584616143.3997734,173.194.164.186,10.10.0.10,,,443,45082,0,1358,17
1584616143.401438,10.10.0.10,173.194.164.186,,,45082,443,0,37,17
1584616143.4090528,173.194.164.186,10.10.0.10,,,443,45082,0,1358,17
1584616143.418332,173.194.164.186,10.10.0.10,,,443,45082,0,1358,17
1584616143.4206884,10.10.0.10,173.194.164.186,,,45082,443,0,37,17
1584616143.427614,173.194.164.186,10.10.0.10,,,443,45082,0,1358,17
1584616143.4368925,173.194.164.186,10.10.0.10,,,443,45082,0,1358,17
1584616143.4390821,10.10.0.10,173.194.164.186,,,45082,443,0,37,17
1584616143.4461708,173.194.164.186,10.10.0.10,,,443,45082,0,1358,17
1584616143.4554536,173.194.164.186,10.10.0.10,,,443,45082,0,1358,17
1584616143.457438,10.10.0.10,173.194.164.186,,,45082,443,0,37,17
1584616143.4647398,173.194.164.186,10.10.0.10,,,443,45082,0,1358,17
1584616143.474013,173.194.164.186,10.10.0.10,,,443,45082,0,1358,17
1584616143.4755642,10.10.0.10,173.194.164.186,,,45082,443,0,37,17
1584616143.483294,173.194.164.186,10.10.0.10,,,443,45082,0,1358,17
1584616143.492575,173.194.164.186,10.10.0.10,,,443,45082,0,1358,17
1584616143.4940612,10.10.0.10,173.194.164.186,,,45082,443,0,37,17
1584616143.501858,173.194.164.186,10.10.0.10,,,443,45082,0,1358,17
1584616143.5111306,173.194.164.186,10.10.0.10,,,443,45082,0,1358,17
1584616143.5127046,10.10.0.10,173.194.164.186,,,45082,443,0,37,17
1584616143.520418,173.194.164.186,10.10.0.10,,,443,45082,0,1358,17
1584616143.5296922,173.194.164.186,10.10.0.10,,,443,45082,0,1358,17
1584616143.5314598,10.10.0.10,173.194.164.186,,,45082,443,0,37,17
1584616143.538983,173.194.164.186,10.10.0.10,,,443,45082,0,1358,17
1584616143.548255,173.194.164.186,10.10.0.10,,,443,45082,0,1358,17
1584616143.549943,10.10.0.10,173.194.164.186,,,45082,443,0,37,17
1584616143.557542,173.194.164.186,10.10.0.10,,,443,45082,0,1358,17
1584616143.5668125,173.194.164.186,10.10.0.10,,,443,45082,0,1358,17
1584616143.568811,10.10.0.10,173.194.164.186,,,45082,443,0,37,17
1584616143.5760882,173.194.164.186,10.10.0.10,,,443,45082,0,1358,17
1584616143.5853708,173.194.164.186,10.10.0.10,,,443,45082,0,1358,17
1584616143.586934,10.10.0.10,173.194.164.186,,,45082,443,0,37,17
1584616143.594666,173.194.164.186,10.10.0.10,,,443,45082,0,1358,17
1584616143.603935,173.194.164.186,10.10.0.10,,,443,45082,0,1358,17
1584616143.6055572,10.10.0.10,173.194.164.186,,,45082,443,0,37,17
1584616143.613227,173.194.164.186,10.10.0.10,,,443,45082,0,1358,17
1584616143.6224911,173.194.164.186,10.10.0.10,,,443,45082,0,1358,17
1584616143.6250508,10.10.0.10,173.194.164.186,,,45082,443,0,37,17
1584616143.6317742,173.194.164.186,10.10.0.10,,,443,45082,0,1358,17
1584616143.6410522,173.194.164.186,10.10.0.10,,,443,45082,0,1358,17
1584616143.650351,173.194.164.186,10.10.0.10,,,443,45082,0,1358,17
1584616143.659614,173.194.164.186,10.10.0.10,,,443,45082,0,1358,17
1584616143.668706,10.10.0.10,173.194.164.186,,,45082,443,0,37,17
1584616143.668888,173.194.164.186,10.10.0.10,,,443,45082,0,1358,17
1584616143.670451,10.10.0.10,173.194.164.186,,,45082,443,0,37,17
1584616143.678172,173.194.164.186,10.10.0.10,,,443,45082,0,1358,17
1584616143.679805,10.10.0.10,173.194.164.186,,,45082,443,0,37,17
1584616143.687474,173.194.164.186,10.10.0.10,,,443,45082,0,1358,17
1584616143.696732,173.194.164.186,10.10.0.10,,,443,45082,0,1358,17
1584616143.69945,10.10.0.10,173.194.164.186,,,45082,443,0,37,17
1584616143.7060122,173.194.164.186,10.10.0.10,,,443,45082,0,1358,17
1584616143.7152908,173.194.164.186,10.10.0.10,,,443,45082,0,1358,17
1584616143.717047,10.10.0.10,173.194.164.186,,,45082,443,0,37,17
1584616143.7245722,173.194.164.186,10.10.0.10,,,443,45082,0,1358,17
1584616143.7338538,173.194.164.186,10.10.0.10,,,443,45082,0,1358,17
1584616143.7360704,10.10.0.10,173.194.164.186,,,45082,443,0,50,17
1584616143.743132,173.194.164.186,10.10.0.10,,,443,45082,0,1358,17
1584616143.752413,173.194.164.186,10.10.0.10,,,443,45082,0,1358,17
1584616143.754447,10.10.0.10,173.194.164.186,,,45082,443,0,37,17
1584616143.761693,173.194.164.186,10.10.0.10,,,443,45082,0,1358,17
1584616143.7709742,173.194.164.186,10.10.0.10,,,443,45082,0,1358,17
1584616143.7729475,10.10.0.10,173.194.164.186,,,45082,443,0,37,17
1584616143.7802508,173.194.164.186,10.10.0.10,,,443,45082,0,1358,17
1584616143.789536,173.194.164.186,10.10.0.10,,,443,45082,0,1358,17
1584616143.791168,10.10.0.10,173.194.164.186,,,45082,443,0,37,17
1584616143.798814,173.194.164.186,10.10.0.10,,,443,45082,0,29,17
1584616143.799233,173.194.164.186,10.10.0.10,,,443,45082,0,1358,17
1584616143.808512,173.194.164.186,10.10.0.10,,,443,45082,0,1358,17
1584616143.8102946,10.10.0.10,173.194.164.186,,,45082,443,0,37,17
1584616143.817793,173.194.164.186,10.10.0.10,,,443,45082,0,1358,17
1584616143.82707,173.194.164.186,10.10.0.10,,,443,45082,0,1358,17
1584616143.8318202,10.10.0.10,173.194.164.186,,,45082,443,0,37,17
1584616143.8363519,173.194.164.186,10.10.0.10,,,443,45082,0,1358,17
1584616143.845635,173.194.164.186,10.10.0.10,,,443,45082,0,1358,17
1584616143.847425,10.10.0.10,173.194.164.186,,,45082,443,0,37,17
1584616143.854917,173.194.164.186,10.10.0.10,,,443,45082,0,1358,17
1584616143.8641946,173.194.164.186,10.10.0.10,,,443,45082,0,1358,17
1584616143.8659458,10.10.0.10,173.194.164.186,,,45082,443,0,37,17
1584616143.8734775,173.194.164.186,10.10.0.10,,,443,45082,0,1358,17
1584616143.882752,173.194.164.186,10.10.0.10,,,443,45082,0,1358,17
1584616143.8849242,10.10.0.10,173.194.164.186,,,45082,443,0,37,17
1584616143.892027,173.194.164.186,10.10.0.10,,,443,45082,0,1358,17
1584616143.901313,173.194.164.186,10.10.0.10,,,443,45082,0,1358,17
1584616143.90307,10.10.0.10,173.194.164.186,,,45082,443,0,37,17
1584616143.910597,173.194.164.186,10.10.0.10,,,443,45082,0,1358,17
1584616143.919873,173.194.164.186,10.10.0.10,,,443,45082,0,1358,17
1584616143.921416,10.10.0.10,173.194.164.186,,,45082,443,0,37,17
1584616143.929157,173.194.164.186,10.10.0.10,,,443,45082,0,1358,17
1584616143.938432,173.194.164.186,10.10.0.10,,,443,45082,0,1358,17
1584616143.940194,10.10.0.10,173.194.164.186,,,45082,443,0,37,17
1584616143.947721,173.194.164.186,10.10.0.10,,,443,45082,0,1358,17
1584616143.956991,173.194.164.186,10.10.0.10,,,443,45082,0,1358,17
1584616143.9602988,10.10.0.10,173.194.164.186,,,45082,443,0,37,17
1584616143.96628,173.194.164.186,10.10.0.10,,,443,45082,0,1358,17
1584616143.975553,173.194.164.186,10.10.0.10,,,443,45082,0,1358,17
1584616143.9775689,10.10.0.10,173.194.164.186,,,45082,443,0,37,17
1584616143.984847,173.194.164.186,10.10.0.10,,,443,45082,0,1358,17
1584616143.9941108,173.194.164.186,10.10.0.10,,,443,45082,0,1358,17
1584616143.995673,10.10.0.10,173.194.164.186,,,45082,443,0,37,17
1584616144.003404,173.194.164.186,10.10.0.10,,,443,45082,0,1358,17
1584616144.0126731,173.194.164.186,10.10.0.10,,,443,45082,0,1358,17
1584616144.01467,10.10.0.10,173.194.164.186,,,45082,443,0,37,17
1584616144.0219688,173.194.164.186,10.10.0.10,,,443,45082,0,1358,17
1584616144.0312312,173.194.164.186,10.10.0.10,,,443,45082,0,1358,17
1584616144.032921,10.10.0.10,173.194.164.186,,,45082,443,0,37,17
1584616144.0405278,173.194.164.186,10.10.0.10,,,443,45082,0,1358,17
1584616144.0497868,173.194.164.186,10.10.0.10,,,443,45082,0,1358,17
1584616144.0534198,10.10.0.10,173.194.164.186,,,45082,443,0,37,17
1584616144.0590901,173.194.164.186,10.10.0.10,,,443,45082,0,1358,17
1584616144.068351,173.194.164.186,10.10.0.10,,,443,45082,0,1358,17
1584616144.0700452,10.10.0.10,173.194.164.186,,,45082,443,0,37,17
1584616144.077628,173.194.164.186,10.10.0.10,,,443,45082,0,1358,17
1584616144.08691,173.194.164.186,10.10.0.10,,,443,45082,0,1358,17
1584616144.088665,10.10.0.10,173.194.164.186,,,45082,443,0,37,17
1584616144.0961866,173.194.164.186,10.10.0.10,,,443,45082,0,1358,17
1584616144.1054714,173.194.164.186,10.10.0.10,,,443,45082,0,1358,17
1584616144.107917,10.10.0.10,173.194.164.186,,,45082,443,0,50,17
1584616144.1147466,173.194.164.186,10.10.0.10,,,443,45082,0,1358,17
1584616144.1240282,173.194.164.186,10.10.0.10,,,443,45082,0,1261,17
1584616144.1256702,10.10.0.10,173.194.164.186,,,45082,443,0,37,17
1584616144.132666,173.194.164.186,10.10.0.10,,,443,45082,0,29,17
1584616144.14092,10.10.0.10,173.194.164.186,,,45082,443,0,725,17
1584616144.1409461,10.10.0.10,173.194.164.186,,,45082,443,0,48,17
1584616144.1450472,173.194.164.186,10.10.0.10,,,443,45082,0,29,17
1584616144.1460602,173.194.164.186,10.10.0.10,,,443,45082,0,1358,17
1584616144.1460931,173.194.164.186,10.10.0.10,,,443,45082,0,1358,17
1584616144.148409,10.10.0.10,173.194.164.186,,,45082,443,0,37,17
1584616144.153964,173.194.164.186,10.10.0.10,,,443,45082,0,1358,17
1584616144.163239,173.194.164.186,10.10.0.10,,,443,45082,0,1358,17
1584616144.1655052,10.10.0.10,173.194.164.186,,,45082,443,0,37,17
1584616144.1725252,173.194.164.186,10.10.0.10,,,443,45082,0,1358,17
1584616144.1818042,173.194.164.186,10.10.0.10,,,443,45082,0,1358,17
1584616144.184314,10.10.0.10,173.194.164.186,,,45082,443,0,37,17
1584616144.1910882,173.194.164.186,10.10.0.10,,,443,45082,0,1358,17
1584616144.200362,173.194.164.186,10.10.0.10,,,443,45082,0,1358,17
1584616144.202032,10.10.0.10,173.194.164.186,,,45082,443,0,37,17
1584616144.2096488,173.194.164.186,10.10.0.10,,,443,45082,0,1358,17
1584616144.218918,173.194.164.186,10.10.0.10,,,443,45082,0,611,17
1584616144.2231386,10.10.0.10,173.194.164.186,,,45082,443,0,37,17
1584616159.2366269,10.10.0.10,173.194.164.186,,,45082,443,0,31,17
1584616159.2424786,173.194.164.186,10.10.0.10,,,443,45082,0,29,17
