timestamp,ipSrc,ipDst,tcpPortSrc,tcpPortDst,udpPortSrc,udpPortDst,tcpLen,udpLen,payloadProtocolNumber
1589249253.7248619,10.10.0.10,173.194.151.108,,,41505,443,0,1358,17
1589249253.730669,173.194.151.108,10.10.0.10,,,443,41505,0,1358,17
1589249253.733237,10.10.0.10,173.194.151.108,,,41505,443,0,1358,17
1589249253.7391572,173.194.151.108,10.10.0.10,,,443,41505,0,1358,17
1589249253.7412338,10.10.0.10,173.194.151.108,,,41505,443,0,36,17
1589249253.741842,10.10.0.10,173.194.151.108,,,41505,443,0,848,17
1589249253.742342,10.10.0.10,173.194.151.108,,,41505,443,0,717,17
1589249253.742369,10.10.0.10,173.194.151.108,,,41505,443,0,48,17
1589249253.742609,10.10.0.10,173.194.151.108,,,41505,443,0,48,17
1589249253.7468688,173.194.151.108,10.10.0.10,,,443,41505,0,28,17
1589249253.7482376,173.194.151.108,10.10.0.10,,,443,41505,0,1358,17
1589249253.7482731,173.194.151.108,10.10.0.10,,,443,41505,0,1358,17
1589249253.7501082,10.10.0.10,173.194.151.108,,,41505,443,0,36,17
1589249253.7553198,173.194.151.108,10.10.0.10,,,443,41505,0,1009,17
1589249253.77408,10.10.0.10,173.194.151.108,,,41505,443,0,726,17
1589249253.774359,10.10.0.10,173.194.151.108,,,41505,443,0,48,17
1589249253.7781222,173.194.151.108,10.10.0.10,,,443,41505,0,28,17
1589249253.7782118,10.10.0.10,173.194.151.108,,,41505,443,0,720,17
1589249253.778238,10.10.0.10,173.194.151.108,,,41505,443,0,48,17
1589249253.7782722,173.194.151.108,10.10.0.10,,,443,41505,0,45,17
1589249253.7785301,173.194.151.108,10.10.0.10,,,443,41505,0,1358,17
1589249253.7785661,173.194.151.108,10.10.0.10,,,443,41505,0,1358,17
1589249253.7813332,10.10.0.10,173.194.151.108,,,41505,443,0,36,17
1589249253.7860491,173.194.151.108,10.10.0.10,,,443,41505,0,1358,17
1589249253.7887142,10.10.0.10,173.194.151.108,,,41505,443,0,36,17
1589249253.7940829,10.10.0.10,173.194.151.108,,,41505,443,0,720,17
1589249253.79436,173.194.151.108,10.10.0.10,,,443,41505,0,1358,17
1589249253.8026972,173.194.151.108,10.10.0.10,,,443,41505,0,1358,17
1589249253.8052301,10.10.0.10,173.194.151.108,,,41505,443,0,36,17
1589249253.810586,10.10.0.10,173.194.151.108,,,41505,443,0,48,17
1589249253.810993,173.194.151.108,10.10.0.10,,,443,41505,0,1358,17
1589249253.819319,173.194.151.108,10.10.0.10,,,443,41505,0,1358,17
1589249253.821105,10.10.0.10,173.194.151.108,,,41505,443,0,36,17
1589249253.827628,173.194.151.108,10.10.0.10,,,443,41505,0,1358,17
1589249253.835953,173.194.151.108,10.10.0.10,,,443,41505,0,1358,17
1589249253.839202,10.10.0.10,173.194.151.108,,,41505,443,0,36,17
1589249253.844262,173.194.151.108,10.10.0.10,,,443,41505,0,1358,17
1589249253.852581,173.194.151.108,10.10.0.10,,,443,41505,0,1358,17
1589249253.854209,10.10.0.10,173.194.151.108,,,41505,443,0,36,17
1589249253.860898,173.194.151.108,10.10.0.10,,,443,41505,0,1358,17
1589249253.869214,173.194.151.108,10.10.0.10,,,443,41505,0,1358,17
1589249253.87195,10.10.0.10,173.194.151.108,,,41505,443,0,36,17
1589249253.877526,173.194.151.108,10.10.0.10,,,443,41505,0,1358,17
1589249253.8858428,173.194.151.108,10.10.0.10,,,443,41505,0,1358,17
1589249253.8878524,10.10.0.10,173.194.151.108,,,41505,443,0,36,17
1589249253.8941634,173.194.151.108,10.10.0.10,,,443,41505,0,1358,17
1589249253.9024801,173.194.151.108,10.10.0.10,,,443,41505,0,1358,17
1589249253.9040508,10.10.0.10,173.194.151.108,,,41505,443,0,36,17
1589249253.910794,173.194.151.108,10.10.0.10,,,443,41505,0,1358,17
1589249253.9191306,173.194.151.108,10.10.0.10,,,443,41505,0,1358,17
1589249253.921088,10.10.0.10,173.194.151.108,,,41505,443,0,36,17
1589249253.92744,173.194.151.108,10.10.0.10,,,443,41505,0,1358,17
1589249253.9357562,173.194.151.108,10.10.0.10,,,443,41505,0,1358,17
1589249253.9372141,10.10.0.10,173.194.151.108,,,41505,443,0,36,17
1589249253.9440649,173.194.151.108,10.10.0.10,,,443,41505,0,1358,17
1589249253.9523768,173.194.151.108,10.10.0.10,,,443,41505,0,1358,17
1589249253.955105,10.10.0.10,173.194.151.108,,,41505,443,0,36,17
1589249253.9607012,173.194.151.108,10.10.0.10,,,443,41505,0,1358,17
1589249253.9690142,173.194.151.108,10.10.0.10,,,443,41505,0,1358,17
1589249253.9706118,10.10.0.10,173.194.151.108,,,41505,443,0,36,17
1589249253.977333,173.194.151.108,10.10.0.10,,,443,41505,0,28,17
1589249253.977695,173.194.151.108,10.10.0.10,,,443,41505,0,1358,17
1589249253.986018,173.194.151.108,10.10.0.10,,,443,41505,0,1358,17
1589249253.98758,10.10.0.10,173.194.151.108,,,41505,443,0,36,17
1589249253.994336,173.194.151.108,10.10.0.10,,,443,41505,0,1358,17
1589249254.00265,173.194.151.108,10.10.0.10,,,443,41505,0,1358,17
1589249254.004225,10.10.0.10,173.194.151.108,,,41505,443,0,36,17
1589249254.010968,173.194.151.108,10.10.0.10,,,443,41505,0,1358,17
1589249254.019288,173.194.151.108,10.10.0.10,,,443,41505,0,1358,17
1589249254.020947,10.10.0.10,173.194.151.108,,,41505,443,0,36,17
1589249254.0275962,173.194.151.108,10.10.0.10,,,443,41505,0,1358,17
1589249254.035917,173.194.151.108,10.10.0.10,,,443,41505,0,1358,17
1589249254.0376,10.10.0.10,173.194.151.108,,,41505,443,0,36,17
1589249254.04425,173.194.151.108,10.10.0.10,,,443,41505,0,1358,17
1589249254.046351,10.10.0.10,173.194.151.108,,,41505,443,0,37,17
1589249254.052562,173.194.151.108,10.10.0.10,,,443,41505,0,1358,17
1589249254.0608768,173.194.151.108,10.10.0.10,,,443,41505,0,1358,17
1589249254.062474,10.10.0.10,173.194.151.108,,,41505,443,0,36,17
1589249254.069187,173.194.151.108,10.10.0.10,,,443,41505,0,1358,17
1589249254.0775044,173.194.151.108,10.10.0.10,,,443,41505,0,1358,17
1589249254.0804536,10.10.0.10,173.194.151.108,,,41505,443,0,36,17
1589249254.085814,173.194.151.108,10.10.0.10,,,443,41505,0,1358,17
1589249254.094135,173.194.151.108,10.10.0.10,,,443,41505,0,1358,17
1589249254.095712,10.10.0.10,173.194.151.108,,,41505,443,0,36,17
1589249254.102448,173.194.151.108,10.10.0.10,,,443,41505,0,1358,17
1589249254.109953,10.10.0.10,173.194.151.108,,,41505,443,0,37,17
1589249254.110768,173.194.151.108,10.10.0.10,,,443,41505,0,1358,17
1589249254.119085,173.194.151.108,10.10.0.10,,,443,41505,0,1358,17
1589249254.121475,10.10.0.10,173.194.151.108,,,41505,443,0,36,17
1589249254.1274009,173.194.151.108,10.10.0.10,,,443,41505,0,1358,17
1589249254.1357179,173.194.151.108,10.10.0.10,,,443,41505,0,1358,17
1589249254.139327,10.10.0.10,173.194.151.108,,,41505,443,0,36,17
1589249254.1440294,173.194.151.108,10.10.0.10,,,443,41505,0,1358,17
1589249254.152359,173.194.151.108,10.10.0.10,,,443,41505,0,1358,17
1589249254.1540966,10.10.0.10,173.194.151.108,,,41505,443,0,36,17
1589249254.160686,173.194.151.108,10.10.0.10,,,443,41505,0,1358,17
1589249254.1690009,173.194.151.108,10.10.0.10,,,443,41505,0,1358,17
1589249254.1709492,10.10.0.10,173.194.151.108,,,41505,443,0,36,17
1589249254.177308,173.194.151.108,10.10.0.10,,,443,41505,0,1358,17
1589249254.185626,173.194.151.108,10.10.0.10,,,443,41505,0,1358,17
1589249254.1877027,10.10.0.10,173.194.151.108,,,41505,443,0,36,17
1589249254.193933,173.194.151.108,10.10.0.10,,,443,41505,0,1358,17
1589249254.20225,173.194.151.108,10.10.0.10,,,443,41505,0,1358,17
1589249254.2037196,10.10.0.10,173.194.151.108,,,41505,443,0,36,17
1589249254.210568,173.194.151.108,10.10.0.10,,,443,41505,0,1358,17
1589249254.2188852,173.194.151.108,10.10.0.10,,,443,41505,0,1358,17
1589249254.220722,10.10.0.10,173.194.151.108,,,41505,443,0,36,17
1589249254.227201,173.194.151.108,10.10.0.10,,,443,41505,0,1358,17
1589249254.235517,173.194.151.108,10.10.0.10,,,443,41505,0,1358,17
1589249254.2373226,10.10.0.10,173.194.151.108,,,41505,443,0,36,17
1589249254.243838,173.194.151.108,10.10.0.10,,,443,41505,0,1358,17
1589249254.252152,173.194.151.108,10.10.0.10,,,443,41505,0,1358,17
1589249254.2542188,10.10.0.10,173.194.151.108,,,41505,443,0,36,17
1589249254.2604678,173.194.151.108,10.10.0.10,,,443,41505,0,1358,17
1589249254.268785,173.194.151.108,10.10.0.10,,,443,41505,0,1358,17
1589249254.277119,173.194.151.108,10.10.0.10,,,443,41505,0,1358,17
1589249254.285419,173.194.151.108,10.10.0.10,,,443,41505,0,1358,17
1589249254.291573,10.10.0.10,173.194.151.108,,,41505,443,0,36,17
1589249254.292842,10.10.0.10,173.194.151.108,,,41505,443,0,36,17
1589249254.2937438,173.194.151.108,10.10.0.10,,,443,41505,0,1358,17
1589249254.30205,173.194.151.108,10.10.0.10,,,443,41505,0,1358,17
1589249254.3049474,10.10.0.10,173.194.151.108,,,41505,443,0,36,17
1589249254.3103626,173.194.151.108,10.10.0.10,,,443,41505,0,1358,17
1589249254.3186898,173.194.151.108,10.10.0.10,,,443,41505,0,1358,17
1589249254.320467,10.10.0.10,173.194.151.108,,,41505,443,0,36,17
1589249254.320823,10.10.0.10,173.194.151.108,,,41505,443,0,31,17
1589249254.3270009,173.194.151.108,10.10.0.10,,,443,41505,0,1358,17
1589249254.3353179,173.194.151.108,10.10.0.10,,,443,41505,0,1358,17
1589249254.3369539,10.10.0.10,173.194.151.108,,,41505,443,0,36,17
1589249254.343634,173.194.151.108,10.10.0.10,,,443,41505,0,1358,17
1589249254.3519561,173.194.151.108,10.10.0.10,,,443,41505,0,1358,17
1589249254.3536954,10.10.0.10,173.194.151.108,,,41505,443,0,36,17
1589249254.360264,173.194.151.108,10.10.0.10,,,443,41505,0,1358,17
1589249254.3685849,173.194.151.108,10.10.0.10,,,443,41505,0,1358,17
1589249254.37034,10.10.0.10,173.194.151.108,,,41505,443,0,36,17
1589249254.3769019,173.194.151.108,10.10.0.10,,,443,41505,0,1358,17
1589249254.38524,173.194.151.108,10.10.0.10,,,443,41505,0,1358,17
1589249254.387839,10.10.0.10,173.194.151.108,,,41505,443,0,36,17
1589249254.3935351,173.194.151.108,10.10.0.10,,,443,41505,0,1358,17
1589249254.401864,173.194.151.108,10.10.0.10,,,443,41505,0,1358,17
1589249254.4034472,10.10.0.10,173.194.151.108,,,41505,443,0,36,17
1589249254.410178,173.194.151.108,10.10.0.10,,,443,41505,0,1358,17
1589249254.41849,173.194.151.108,10.10.0.10,,,443,41505,0,1358,17
1589249254.4221961,10.10.0.10,173.194.151.108,,,41505,443,0,36,17
1589249254.426802,173.194.151.108,10.10.0.10,,,443,41505,0,1358,17
1589249254.4351182,173.194.151.108,10.10.0.10,,,443,41505,0,1358,17
1589249254.43679,10.10.0.10,173.194.151.108,,,41505,443,0,36,17
1589249254.443435,173.194.151.108,10.10.0.10,,,443,41505,0,1358,17
1589249254.451752,173.194.151.108,10.10.0.10,,,443,41505,0,1358,17
1589249254.45332,10.10.0.10,173.194.151.108,,,41505,443,0,36,17
1589249254.4600642,173.194.151.108,10.10.0.10,,,443,41505,0,1358,17
1589249254.4683821,173.194.151.108,10.10.0.10,,,443,41505,0,1358,17
1589249254.470218,10.10.0.10,173.194.151.108,,,41505,443,0,36,17
1589249254.476703,173.194.151.108,10.10.0.10,,,443,41505,0,1358,17
1589249254.485017,173.194.151.108,10.10.0.10,,,443,41505,0,1358,17
1589249254.4865725,10.10.0.10,173.194.151.108,,,41505,443,0,36,17
1589249254.493336,173.194.151.108,10.10.0.10,,,443,41505,0,1358,17
1589249254.50165,173.194.151.108,10.10.0.10,,,443,41505,0,1358,17
1589249254.5032198,10.10.0.10,173.194.151.108,,,41505,443,0,36,17
1589249254.509986,173.194.151.108,10.10.0.10,,,443,41505,0,1358,17
1589249254.5182981,173.194.151.108,10.10.0.10,,,443,41505,0,1358,17
1589249254.520058,10.10.0.10,173.194.151.108,,,41505,443,0,36,17
1589249254.5266132,173.194.151.108,10.10.0.10,,,443,41505,0,1358,17
1589249254.5295582,10.10.0.10,173.194.151.108,,,41505,443,0,37,17
1589249254.5349245,173.194.151.108,10.10.0.10,,,443,41505,0,1358,17
1589249254.543239,173.194.151.108,10.10.0.10,,,443,41505,0,1358,17
1589249254.544961,10.10.0.10,173.194.151.108,,,41505,443,0,36,17
1589249254.551553,173.194.151.108,10.10.0.10,,,443,41505,0,1358,17
1589249254.559869,173.194.151.108,10.10.0.10,,,443,41505,0,1358,17
1589249254.5614438,10.10.0.10,173.194.151.108,,,41505,443,0,36,17
1589249254.842479,173.194.151.108,10.10.0.10,,,443,41505,0,1358,17
1589249254.8507938,173.194.151.108,10.10.0.10,,,443,41505,0,1358,17
1589249254.8525572,10.10.0.10,173.194.151.108,,,41505,443,0,36,17
1589249254.859117,173.194.151.108,10.10.0.10,,,443,41505,0,1358,17
1589249254.8674312,173.194.151.108,10.10.0.10,,,443,41505,0,1358,17
1589249254.869805,10.10.0.10,173.194.151.108,,,41505,443,0,36,17
1589249254.8817868,173.194.151.108,10.10.0.10,,,443,41505,0,1358,17
1589249254.890098,173.194.151.108,10.10.0.10,,,443,41505,0,1358,17
1589249254.8918028,10.10.0.10,173.194.151.108,,,41505,443,0,36,17
1589249254.898417,173.194.151.108,10.10.0.10,,,443,41505,0,1358,17
1589249254.9067302,173.194.151.108,10.10.0.10,,,443,41505,0,1358,17
1589249254.908449,10.10.0.10,173.194.151.108,,,41505,443,0,36,17
1589249254.915046,173.194.151.108,10.10.0.10,,,443,41505,0,1358,17
1589249254.9233592,173.194.151.108,10.10.0.10,,,443,41505,0,1358,17
1589249254.925167,10.10.0.10,173.194.151.108,,,41505,443,0,36,17
1589249254.93168,173.194.151.108,10.10.0.10,,,443,41505,0,1358,17
1589249254.9483068,173.194.151.108,10.10.0.10,,,443,41505,0,1358,17
1589249254.951822,10.10.0.10,173.194.151.108,,,41505,443,0,36,17
1589249254.9566288,173.194.151.108,10.10.0.10,,,443,41505,0,1358,17
1589249254.964948,173.194.151.108,10.10.0.10,,,443,41505,0,1358,17
1589249254.9732618,173.194.151.108,10.10.0.10,,,443,41505,0,1358,17
1589249254.973552,10.10.0.10,173.194.151.108,,,41505,443,0,36,17
1589249254.9815972,173.194.151.108,10.10.0.10,,,443,41505,0,1358,17
1589249254.983552,10.10.0.10,173.194.151.108,,,41505,443,0,36,17
1589249254.98991,173.194.151.108,10.10.0.10,,,443,41505,0,1358,17
1589249254.998207,173.194.151.108,10.10.0.10,,,443,41505,0,1358,17
1589249255.0021696,10.10.0.10,173.194.151.108,,,41505,443,0,36,17
1589249255.006535,173.194.151.108,10.10.0.10,,,443,41505,0,1358,17
1589249255.014849,173.194.151.108,10.10.0.10,,,443,41505,0,1358,17
1589249255.0171962,10.10.0.10,173.194.151.108,,,41505,443,0,36,17
1589249255.03148,173.194.151.108,10.10.0.10,,,443,41505,0,1358,17
1589249255.039795,173.194.151.108,10.10.0.10,,,443,41505,0,1358,17
1589249255.0481071,173.194.151.108,10.10.0.10,,,443,41505,0,1358,17
1589249255.048569,10.10.0.10,173.194.151.108,,,41505,443,0,36,17
1589249255.0564241,173.194.151.108,10.10.0.10,,,443,41505,0,1358,17
1589249255.061943,10.10.0.10,173.194.151.108,,,41505,443,0,36,17
1589249255.064745,173.194.151.108,10.10.0.10,,,443,41505,0,1358,17
1589249255.0730634,173.194.151.108,10.10.0.10,,,443,41505,0,1358,17
1589249255.078569,10.10.0.10,173.194.151.108,,,41505,443,0,36,17
1589249255.081379,173.194.151.108,10.10.0.10,,,443,41505,0,1358,17
1589249255.089694,173.194.151.108,10.10.0.10,,,443,41505,0,1358,17
1589249255.0913188,10.10.0.10,173.194.151.108,,,41505,443,0,36,17
1589249255.0980122,173.194.151.108,10.10.0.10,,,443,41505,0,1358,17
1589249255.106343,173.194.151.108,10.10.0.10,,,443,41505,0,1358,17
1589249255.1084428,10.10.0.10,173.194.151.108,,,41505,443,0,36,17
1589249255.114642,173.194.151.108,10.10.0.10,,,443,41505,0,1358,17
1589249255.1229708,173.194.151.108,10.10.0.10,,,443,41505,0,1358,17
1589249255.126672,10.10.0.10,173.194.151.108,,,41505,443,0,36,17
1589249255.131278,173.194.151.108,10.10.0.10,,,443,41505,0,1358,17
1589249255.1395972,173.194.151.108,10.10.0.10,,,443,41505,0,1358,17
1589249255.1418052,10.10.0.10,173.194.151.108,,,41505,443,0,36,17
1589249255.1479108,173.194.151.108,10.10.0.10,,,443,41505,0,1358,17
1589249255.156229,173.194.151.108,10.10.0.10,,,443,41505,0,1358,17
1589249255.1579485,10.10.0.10,173.194.151.108,,,41505,443,0,49,17
1589249255.164541,173.194.151.108,10.10.0.10,,,443,41505,0,1358,17
1589249255.172863,173.194.151.108,10.10.0.10,,,443,41505,0,1358,17
1589249255.1751919,10.10.0.10,173.194.151.108,,,41505,443,0,36,17
1589249255.1811802,173.194.151.108,10.10.0.10,,,443,41505,0,1358,17
1589249255.1894991,173.194.151.108,10.10.0.10,,,443,41505,0,1358,17
1589249255.190922,10.10.0.10,173.194.151.108,,,41505,443,0,36,17
1589249255.197813,173.194.151.108,10.10.0.10,,,443,41505,0,1358,17
1589249255.206128,173.194.151.108,10.10.0.10,,,443,41505,0,1358,17
1589249255.2081866,10.10.0.10,173.194.151.108,,,41505,443,0,36,17
1589249255.214466,173.194.151.108,10.10.0.10,,,443,41505,0,1358,17
1589249255.2227778,173.194.151.108,10.10.0.10,,,443,41505,0,1358,17
1589249255.224296,10.10.0.10,173.194.151.108,,,41505,443,0,36,17
1589249255.247708,173.194.151.108,10.10.0.10,,,443,41505,0,1358,17
1589249255.256023,173.194.151.108,10.10.0.10,,,443,41505,0,1358,17
1589249255.257536,10.10.0.10,173.194.151.108,,,41505,443,0,36,17
1589249255.264345,173.194.151.108,10.10.0.10,,,443,41505,0,1358,17
1589249255.272665,173.194.151.108,10.10.0.10,,,443,41505,0,1358,17
1589249255.274313,10.10.0.10,173.194.151.108,,,41505,443,0,36,17
1589249255.280979,173.194.151.108,10.10.0.10,,,443,41505,0,1358,17
1589249255.289295,173.194.151.108,10.10.0.10,,,443,41505,0,1358,17
1589249255.2907946,10.10.0.10,173.194.151.108,,,41505,443,0,36,17
1589249255.297611,173.194.151.108,10.10.0.10,,,443,41505,0,1358,17
1589249255.305929,173.194.151.108,10.10.0.10,,,443,41505,0,1358,17
1589249255.307427,10.10.0.10,173.194.151.108,,,41505,443,0,36,17
1589249255.3142462,173.194.151.108,10.10.0.10,,,443,41505,0,1358,17
1589249255.32256,173.194.151.108,10.10.0.10,,,443,41505,0,1358,17
1589249255.3241892,10.10.0.10,173.194.151.108,,,41505,443,0,36,17
1589249255.3308802,173.194.151.108,10.10.0.10,,,443,41505,0,1358,17
1589249255.3392124,173.194.151.108,10.10.0.10,,,443,41505,0,1358,17
1589249255.340792,10.10.0.10,173.194.151.108,,,41505,443,0,36,17
1589249255.3475251,173.194.151.108,10.10.0.10,,,443,41505,0,1358,17
1589249255.35584,173.194.151.108,10.10.0.10,,,443,41505,0,1358,17
1589249255.3574376,10.10.0.10,173.194.151.108,,,41505,443,0,36,17
1589249255.36415,173.194.151.108,10.10.0.10,,,443,41505,0,1358,17
1589249255.372463,173.194.151.108,10.10.0.10,,,443,41505,0,1358,17
1589249255.374168,10.10.0.10,173.194.151.108,,,41505,443,0,36,17
1589249255.381142,173.194.151.108,10.10.0.10,,,443,41505,0,1358,17
1589249255.3894658,173.194.151.108,10.10.0.10,,,443,41505,0,1358,17
1589249255.391041,10.10.0.10,173.194.151.108,,,41505,443,0,36,17
1589249255.397782,173.194.151.108,10.10.0.10,,,443,41505,0,1358,17
1589249255.4060988,173.194.151.108,10.10.0.10,,,443,41505,0,1358,17
1589249255.407655,10.10.0.10,173.194.151.108,,,41505,443,0,36,17
1589249255.4144151,173.194.151.108,10.10.0.10,,,443,41505,0,1358,17
1589249255.422733,173.194.151.108,10.10.0.10,,,443,41505,0,1358,17
1589249255.42431,10.10.0.10,173.194.151.108,,,41505,443,0,36,17
1589249255.431047,173.194.151.108,10.10.0.10,,,443,41505,0,1358,17
1589249255.439367,173.194.151.108,10.10.0.10,,,443,41505,0,1358,17
1589249255.4409158,10.10.0.10,173.194.151.108,,,41505,443,0,36,17
1589249255.4476821,173.194.151.108,10.10.0.10,,,443,41505,0,1358,17
1589249255.4578578,173.194.151.108,10.10.0.10,,,443,41505,0,1358,17
1589249255.4592881,10.10.0.10,173.194.151.108,,,41505,443,0,36,17
1589249255.466175,173.194.151.108,10.10.0.10,,,443,41505,0,1358,17
1589249255.4752321,173.194.151.108,10.10.0.10,,,443,41505,0,1358,17
1589249255.476655,10.10.0.10,173.194.151.108,,,41505,443,0,36,17
1589249255.483549,173.194.151.108,10.10.0.10,,,443,41505,0,1358,17
1589249255.491863,173.194.151.108,10.10.0.10,,,443,41505,0,1358,17
1589249255.493434,10.10.0.10,173.194.151.108,,,41505,443,0,36,17
1589249255.5001822,173.194.151.108,10.10.0.10,,,443,41505,0,1358,17
1589249255.508498,173.194.151.108,10.10.0.10,,,443,41505,0,1358,17
1589249255.5101812,10.10.0.10,173.194.151.108,,,41505,443,0,49,17
1589249255.516832,173.194.151.108,10.10.0.10,,,443,41505,0,1358,17
1589249255.525502,173.194.151.108,10.10.0.10,,,443,41505,0,1358,17
1589249255.527161,10.10.0.10,173.194.151.108,,,41505,443,0,36,17
1589249255.533836,173.194.151.108,10.10.0.10,,,443,41505,0,1358,17
1589249255.542138,173.194.151.108,10.10.0.10,,,443,41505,0,1358,17
1589249255.5504508,173.194.151.108,10.10.0.10,,,443,41505,0,1358,17
1589249255.558769,173.194.151.108,10.10.0.10,,,443,41505,0,1358,17
1589249255.5670831,173.194.151.108,10.10.0.10,,,443,41505,0,1358,17
1589249255.569415,10.10.0.10,173.194.151.108,,,41505,443,0,36,17
1589249255.57216,10.10.0.10,173.194.151.108,,,41505,443,0,36,17
1589249255.575401,173.194.151.108,10.10.0.10,,,443,41505,0,1358,17
1589249255.5772612,10.10.0.10,173.194.151.108,,,41505,443,0,36,17
1589249255.583719,173.194.151.108,10.10.0.10,,,443,41505,0,1358,17
1589249255.5920348,173.194.151.108,10.10.0.10,,,443,41505,0,1358,17
1589249255.5935152,10.10.0.10,173.194.151.108,,,41505,443,0,36,17
1589249255.600351,173.194.151.108,10.10.0.10,,,443,41505,0,1358,17
1589249255.608669,173.194.151.108,10.10.0.10,,,443,41505,0,1358,17
1589249255.6101599,10.10.0.10,173.194.151.108,,,41505,443,0,36,17
1589249255.6169848,173.194.151.108,10.10.0.10,,,443,41505,0,1358,17
1589249255.625318,173.194.151.108,10.10.0.10,,,443,41505,0,1358,17
1589249255.62691,10.10.0.10,173.194.151.108,,,41505,443,0,36,17
1589249255.6336231,173.194.151.108,10.10.0.10,,,443,41505,0,1358,17
1589249255.6423068,173.194.151.108,10.10.0.10,,,443,41505,0,1358,17
1589249255.6437528,10.10.0.10,173.194.151.108,,,41505,443,0,36,17
1589249255.650623,173.194.151.108,10.10.0.10,,,443,41505,0,1358,17
1589249255.65894,173.194.151.108,10.10.0.10,,,443,41505,0,1358,17
1589249255.663657,10.10.0.10,173.194.151.108,,,41505,443,0,36,17
1589249255.667265,173.194.151.108,10.10.0.10,,,443,41505,0,1358,17
1589249255.6755786,173.194.151.108,10.10.0.10,,,443,41505,0,1358,17
1589249255.678157,10.10.0.10,173.194.151.108,,,41505,443,0,36,17
1589249255.6838946,173.194.151.108,10.10.0.10,,,443,41505,0,572,17
1589249255.707185,173.194.151.108,10.10.0.10,,,443,41505,0,29,17
1589249255.7113092,10.10.0.10,173.194.151.108,,,41505,443,0,36,17
1589249255.71455,10.10.0.10,173.194.151.108,,,41505,443,0,720,17
1589249255.7448282,173.194.151.108,10.10.0.10,,,443,41505,0,29,17
1589249255.746289,10.10.0.10,173.194.151.108,,,41505,443,0,760,17
1589249255.767716,173.194.151.108,10.10.0.10,,,443,41505,0,29,17
1589249255.7813358,173.194.151.108,10.10.0.10,,,443,41505,0,115,17
1589249255.7822359,173.194.151.108,10.10.0.10,,,443,41505,0,1358,17
1589249255.7839296,10.10.0.10,173.194.151.108,,,41505,443,0,36,17
1589249255.7905722,173.194.151.108,10.10.0.10,,,443,41505,0,1358,17
1589249255.798877,173.194.151.108,10.10.0.10,,,443,41505,0,1358,17
1589249255.8003948,10.10.0.10,173.194.151.108,,,41505,443,0,36,17
1589249255.8072,173.194.151.108,10.10.0.10,,,443,41505,0,1358,17
1589249255.815511,173.194.151.108,10.10.0.10,,,443,41505,0,1358,17
1589249255.8170292,10.10.0.10,173.194.151.108,,,41505,443,0,36,17
1589249255.8238258,173.194.151.108,10.10.0.10,,,443,41505,0,1358,17
1589249255.8321311,173.194.151.108,10.10.0.10,,,443,41505,0,1358,17
1589249255.833519,10.10.0.10,173.194.151.108,,,41505,443,0,36,17
1589249255.8404489,173.194.151.108,10.10.0.10,,,443,41505,0,1358,17
1589249255.848769,173.194.151.108,10.10.0.10,,,443,41505,0,1358,17
1589249255.850297,10.10.0.10,173.194.151.108,,,41505,443,0,36,17
1589249255.857088,173.194.151.108,10.10.0.10,,,443,41505,0,1358,17
1589249255.865402,173.194.151.108,10.10.0.10,,,443,41505,0,1358,17
1589249255.86692,10.10.0.10,173.194.151.108,,,41505,443,0,36,17
1589249255.873719,173.194.151.108,10.10.0.10,,,443,41505,0,1358,17
1589249255.8820355,173.194.151.108,10.10.0.10,,,443,41505,0,1358,17
1589249255.883671,10.10.0.10,173.194.151.108,,,41505,443,0,36,17
1589249255.890353,173.194.151.108,10.10.0.10,,,443,41505,0,1358,17
1589249255.898668,173.194.151.108,10.10.0.10,,,443,41505,0,1358,17
1589249255.9007652,10.10.0.10,173.194.151.108,,,41505,443,0,36,17
1589249255.906986,173.194.151.108,10.10.0.10,,,443,41505,0,1358,17
1589249255.91532,173.194.151.108,10.10.0.10,,,443,41505,0,1358,17
1589249255.9180448,10.10.0.10,173.194.151.108,,,41505,443,0,36,17
1589249255.923614,173.194.151.108,10.10.0.10,,,443,41505,0,1358,17
1589249255.9319582,173.194.151.108,10.10.0.10,,,443,41505,0,1358,17
1589249255.9334009,10.10.0.10,173.194.151.108,,,41505,443,0,36,17
1589249255.940257,173.194.151.108,10.10.0.10,,,443,41505,0,1358,17
1589249255.948574,173.194.151.108,10.10.0.10,,,443,41505,0,1358,17
1589249255.9500241,10.10.0.10,173.194.151.108,,,41505,443,0,36,17
1589249255.956887,173.194.151.108,10.10.0.10,,,443,41505,0,1358,17
1589249255.9652019,173.194.151.108,10.10.0.10,,,443,41505,0,1358,17
1589249255.966802,10.10.0.10,173.194.151.108,,,41505,443,0,36,17
1589249255.9735188,173.194.151.108,10.10.0.10,,,443,41505,0,1358,17
1589249255.9818368,173.194.151.108,10.10.0.10,,,443,41505,0,1358,17
1589249255.9835432,10.10.0.10,173.194.151.108,,,41505,443,0,36,17
1589249256.0067878,173.194.151.108,10.10.0.10,,,443,41505,0,1358,17
1589249256.015102,173.194.151.108,10.10.0.10,,,443,41505,0,1358,17
1589249256.016922,10.10.0.10,173.194.151.108,,,41505,443,0,36,17
1589249256.0234401,173.194.151.108,10.10.0.10,,,443,41505,0,1358,17
1589249256.0317366,173.194.151.108,10.10.0.10,,,443,41505,0,1358,17
1589249256.033292,10.10.0.10,173.194.151.108,,,41505,443,0,36,17
1589249256.040052,173.194.151.108,10.10.0.10,,,443,41505,0,1358,17
1589249256.0483801,173.194.151.108,10.10.0.10,,,443,41505,0,1358,17
1589249256.049896,10.10.0.10,173.194.151.108,,,41505,443,0,36,17
1589249256.056695,173.194.151.108,10.10.0.10,,,443,41505,0,1358,17
1589249256.0650039,173.194.151.108,10.10.0.10,,,443,41505,0,1358,17
1589249256.066793,10.10.0.10,173.194.151.108,,,41505,443,0,36,17
1589249256.073319,173.194.151.108,10.10.0.10,,,443,41505,0,1358,17
1589249256.0816374,173.194.151.108,10.10.0.10,,,443,41505,0,1358,17
1589249256.083771,10.10.0.10,173.194.151.108,,,41505,443,0,36,17
1589249256.089953,173.194.151.108,10.10.0.10,,,443,41505,0,1358,17
1589249256.0982692,173.194.151.108,10.10.0.10,,,443,41505,0,1358,17
1589249256.0998929,10.10.0.10,173.194.151.108,,,41505,443,0,36,17
1589249256.106586,173.194.151.108,10.10.0.10,,,443,41505,0,1358,17
1589249256.114899,173.194.151.108,10.10.0.10,,,443,41505,0,1358,17
1589249256.116399,10.10.0.10,173.194.151.108,,,41505,443,0,49,17
1589249256.1232195,173.194.151.108,10.10.0.10,,,443,41505,0,1358,17
1589249256.131536,173.194.151.108,10.10.0.10,,,443,41505,0,1358,17
1589249256.133,10.10.0.10,173.194.151.108,,,41505,443,0,36,17
1589249256.139852,173.194.151.108,10.10.0.10,,,443,41505,0,1358,17
1589249256.14817,173.194.151.108,10.10.0.10,,,443,41505,0,1358,17
1589249256.152895,10.10.0.10,173.194.151.108,,,41505,443,0,36,17
1589249256.156486,173.194.151.108,10.10.0.10,,,443,41505,0,1358,17
1589249256.164816,173.194.151.108,10.10.0.10,,,443,41505,0,1358,17
1589249256.166518,10.10.0.10,173.194.151.108,,,41505,443,0,36,17
1589249256.173126,173.194.151.108,10.10.0.10,,,443,41505,0,1358,17
1589249256.18144,173.194.151.108,10.10.0.10,,,443,41505,0,1358,17
1589249256.183039,10.10.0.10,173.194.151.108,,,41505,443,0,36,17
1589249256.1897528,173.194.151.108,10.10.0.10,,,443,41505,0,1358,17
1589249256.1980689,173.194.151.108,10.10.0.10,,,443,41505,0,1358,17
1589249256.1995196,10.10.0.10,173.194.151.108,,,41505,443,0,36,17
1589249256.206385,173.194.151.108,10.10.0.10,,,443,41505,0,1358,17
1589249256.214702,173.194.151.108,10.10.0.10,,,443,41505,0,1358,17
1589249256.216537,10.10.0.10,173.194.151.108,,,41505,443,0,37,17
1589249256.223021,173.194.151.108,10.10.0.10,,,443,41505,0,1358,17
1589249256.2313368,173.194.151.108,10.10.0.10,,,443,41505,0,1358,17
1589249256.233015,10.10.0.10,173.194.151.108,,,41505,443,0,37,17
1589249256.2396538,173.194.151.108,10.10.0.10,,,443,41505,0,1358,17
1589249256.247968,173.194.151.108,10.10.0.10,,,443,41505,0,1358,17
1589249256.249766,10.10.0.10,173.194.151.108,,,41505,443,0,37,17
1589249256.2562964,173.194.151.108,10.10.0.10,,,443,41505,0,1358,17
1589249256.2646039,173.194.151.108,10.10.0.10,,,443,41505,0,1358,17
1589249256.266286,10.10.0.10,173.194.151.108,,,41505,443,0,37,17
1589249256.2729342,173.194.151.108,10.10.0.10,,,443,41505,0,1358,17
1589249256.281248,173.194.151.108,10.10.0.10,,,443,41505,0,1358,17
1589249256.2828894,10.10.0.10,173.194.151.108,,,41505,443,0,37,17
1589249256.2895632,173.194.151.108,10.10.0.10,,,443,41505,0,1358,17
1589249256.297872,173.194.151.108,10.10.0.10,,,443,41505,0,1358,17
1589249256.2996411,10.10.0.10,173.194.151.108,,,41505,443,0,37,17
1589249256.306187,173.194.151.108,10.10.0.10,,,443,41505,0,1358,17
1589249256.314502,173.194.151.108,10.10.0.10,,,443,41505,0,1358,17
1589249256.316138,10.10.0.10,173.194.151.108,,,41505,443,0,37,17
1589249256.322819,173.194.151.108,10.10.0.10,,,443,41505,0,1358,17
1589249256.331136,173.194.151.108,10.10.0.10,,,443,41505,0,1358,17
1589249256.334414,10.10.0.10,173.194.151.108,,,41505,443,0,37,17
1589249256.339458,173.194.151.108,10.10.0.10,,,443,41505,0,1358,17
1589249256.34777,173.194.151.108,10.10.0.10,,,443,41505,0,1358,17
1589249256.349408,10.10.0.10,173.194.151.108,,,41505,443,0,37,17
1589249256.35608,173.194.151.108,10.10.0.10,,,443,41505,0,1358,17
1589249256.3644052,173.194.151.108,10.10.0.10,,,443,41505,0,1358,17
1589249256.366137,10.10.0.10,173.194.151.108,,,41505,443,0,37,17
1589249256.38937,173.194.151.108,10.10.0.10,,,443,41505,0,1358,17
1589249256.397684,173.194.151.108,10.10.0.10,,,443,41505,0,1358,17
1589249256.39925,10.10.0.10,173.194.151.108,,,41505,443,0,37,17
1589249256.405994,173.194.151.108,10.10.0.10,,,443,41505,0,1358,17
1589249256.414309,173.194.151.108,10.10.0.10,,,443,41505,0,1358,17
1589249256.4160118,10.10.0.10,173.194.151.108,,,41505,443,0,37,17
1589249256.422618,173.194.151.108,10.10.0.10,,,443,41505,0,1358,17
1589249256.4309359,173.194.151.108,10.10.0.10,,,443,41505,0,1358,17
1589249256.43251,10.10.0.10,173.194.151.108,,,41505,443,0,37,17
1589249256.4392529,173.194.151.108,10.10.0.10,,,443,41505,0,1358,17
1589249256.447569,173.194.151.108,10.10.0.10,,,443,41505,0,1358,17
1589249256.449143,10.10.0.10,173.194.151.108,,,41505,443,0,37,17
1589249256.455886,173.194.151.108,10.10.0.10,,,443,41505,0,1358,17
1589249256.464203,173.194.151.108,10.10.0.10,,,443,41505,0,1358,17
1589249256.4658859,10.10.0.10,173.194.151.108,,,41505,443,0,50,17
1589249256.4725199,173.194.151.108,10.10.0.10,,,443,41505,0,1358,17
1589249256.4808366,173.194.151.108,10.10.0.10,,,443,41505,0,1358,17
1589249256.4825082,10.10.0.10,173.194.151.108,,,41505,443,0,37,17
1589249256.4891539,173.194.151.108,10.10.0.10,,,443,41505,0,1358,17
1589249256.5141158,173.194.151.108,10.10.0.10,,,443,41505,0,1358,17
1589249256.5157788,10.10.0.10,173.194.151.108,,,41505,443,0,37,17
1589249256.5224302,173.194.151.108,10.10.0.10,,,443,41505,0,1358,17
1589249256.5307386,173.194.151.108,10.10.0.10,,,443,41505,0,1358,17
1589249256.532382,10.10.0.10,173.194.151.108,,,41505,443,0,37,17
1589249256.53905,173.194.151.108,10.10.0.10,,,443,41505,0,1358,17
1589249256.563998,173.194.151.108,10.10.0.10,,,443,41505,0,1358,17
1589249256.565623,10.10.0.10,173.194.151.108,,,41505,443,0,37,17
1589249256.572314,173.194.151.108,10.10.0.10,,,443,41505,0,1358,17
1589249256.5806339,173.194.151.108,10.10.0.10,,,443,41505,0,1358,17
1589249256.582382,10.10.0.10,173.194.151.108,,,41505,443,0,37,17
1589249256.588956,173.194.151.108,10.10.0.10,,,443,41505,0,1358,17
1589249256.597262,173.194.151.108,10.10.0.10,,,443,41505,0,1358,17
1589249256.5988538,10.10.0.10,173.194.151.108,,,41505,443,0,37,17
1589249256.605579,173.194.151.108,10.10.0.10,,,443,41505,0,1358,17
1589249256.6139102,173.194.151.108,10.10.0.10,,,443,41505,0,1358,17
1589249256.61561,10.10.0.10,173.194.151.108,,,41505,443,0,37,17
1589249256.622216,173.194.151.108,10.10.0.10,,,443,41505,0,1358,17
1589249256.6393142,173.194.151.108,10.10.0.10,,,443,41505,0,1358,17
1589249256.641858,10.10.0.10,173.194.151.108,,,41505,443,0,37,17
1589249256.6476278,173.194.151.108,10.10.0.10,,,443,41505,0,1358,17
1589249256.6559432,173.194.151.108,10.10.0.10,,,443,41505,0,1358,17
1589249256.657629,10.10.0.10,173.194.151.108,,,41505,443,0,37,17
1589249256.6642618,173.194.151.108,10.10.0.10,,,443,41505,0,1358,17
1589249256.676686,173.194.151.108,10.10.0.10,,,443,41505,0,1358,17
1589249256.678503,10.10.0.10,173.194.151.108,,,41505,443,0,37,17
1589249256.685008,173.194.151.108,10.10.0.10,,,443,41505,0,1358,17
1589249256.693321,173.194.151.108,10.10.0.10,,,443,41505,0,1358,17
1589249256.695128,10.10.0.10,173.194.151.108,,,41505,443,0,37,17
1589249256.7016392,173.194.151.108,10.10.0.10,,,443,41505,0,1358,17
1589249256.7099671,173.194.151.108,10.10.0.10,,,443,41505,0,1358,17
1589249256.711875,10.10.0.10,173.194.151.108,,,41505,443,0,37,17
1589249256.718284,173.194.151.108,10.10.0.10,,,443,41505,0,1358,17
1589249256.72661,173.194.151.108,10.10.0.10,,,443,41505,0,1358,17
1589249256.7294884,10.10.0.10,173.194.151.108,,,41505,443,0,37,17
1589249256.7349072,173.194.151.108,10.10.0.10,,,443,41505,0,1358,17
1589249256.7436616,173.194.151.108,10.10.0.10,,,443,41505,0,1358,17
1589249256.7476249,10.10.0.10,173.194.151.108,,,41505,443,0,37,17
1589249256.7519784,173.194.151.108,10.10.0.10,,,443,41505,0,1358,17
1589249256.760298,173.194.151.108,10.10.0.10,,,443,41505,0,1358,17
1589249256.761895,10.10.0.10,173.194.151.108,,,41505,443,0,37,17
1589249256.768615,173.194.151.108,10.10.0.10,,,443,41505,0,1358,17
1589249256.7769332,173.194.151.108,10.10.0.10,,,443,41505,0,1358,17
1589249256.778481,10.10.0.10,173.194.151.108,,,41505,443,0,37,17
1589249256.7852569,173.194.151.108,10.10.0.10,,,443,41505,0,1358,17
1589249256.7935698,173.194.151.108,10.10.0.10,,,443,41505,0,1358,17
1589249256.7952714,10.10.0.10,173.194.151.108,,,41505,443,0,37,17
1589249256.8018892,173.194.151.108,10.10.0.10,,,443,41505,0,1358,17
1589249256.8102052,173.194.151.108,10.10.0.10,,,443,41505,0,1358,17
1589249256.811896,10.10.0.10,173.194.151.108,,,41505,443,0,37,17
1589249256.8185182,173.194.151.108,10.10.0.10,,,443,41505,0,1358,17
1589249256.8268359,173.194.151.108,10.10.0.10,,,443,41505,0,1358,17
1589249256.8351688,173.194.151.108,10.10.0.10,,,443,41505,0,1358,17
1589249256.843482,173.194.151.108,10.10.0.10,,,443,41505,0,1358,17
1589249256.8485155,10.10.0.10,173.194.151.108,,,41505,443,0,37,17
1589249256.8492699,10.10.0.10,173.194.151.108,,,41505,443,0,50,17
1589249256.8517964,173.194.151.108,10.10.0.10,,,443,41505,0,1358,17
1589249256.8767366,173.194.151.108,10.10.0.10,,,443,41505,0,1358,17
1589249256.8783731,10.10.0.10,173.194.151.108,,,41505,443,0,37,17
1589249256.8850536,173.194.151.108,10.10.0.10,,,443,41505,0,1358,17
1589249256.89337,173.194.151.108,10.10.0.10,,,443,41505,0,1358,17
1589249256.896402,10.10.0.10,173.194.151.108,,,41505,443,0,37,17
1589249256.9016838,173.194.151.108,10.10.0.10,,,443,41505,0,1358,17
1589249256.910005,173.194.151.108,10.10.0.10,,,443,41505,0,1358,17
1589249256.912627,10.10.0.10,173.194.151.108,,,41505,443,0,37,17
1589249256.9183214,173.194.151.108,10.10.0.10,,,443,41505,0,1358,17
1589249256.926639,173.194.151.108,10.10.0.10,,,443,41505,0,1358,17
1589249256.928873,10.10.0.10,173.194.151.108,,,41505,443,0,37,17
1589249256.934952,173.194.151.108,10.10.0.10,,,443,41505,0,1358,17
1589249256.943738,173.194.151.108,10.10.0.10,,,443,41505,0,1358,17
1589249256.9452348,10.10.0.10,173.194.151.108,,,41505,443,0,37,17
1589249256.9520528,173.194.151.108,10.10.0.10,,,443,41505,0,1358,17
1589249256.9603698,173.194.151.108,10.10.0.10,,,443,41505,0,1358,17
1589249256.962013,10.10.0.10,173.194.151.108,,,41505,443,0,37,17
1589249256.9686859,173.194.151.108,10.10.0.10,,,443,41505,0,1358,17
1589249256.977008,173.194.151.108,10.10.0.10,,,443,41505,0,1358,17
1589249256.9785109,10.10.0.10,173.194.151.108,,,41505,443,0,37,17
1589249256.9853199,173.194.151.108,10.10.0.10,,,443,41505,0,1358,17
1589249256.993636,173.194.151.108,10.10.0.10,,,443,41505,0,1358,17
1589249256.9953885,10.10.0.10,173.194.151.108,,,41505,443,0,37,17
1589249257.0019536,173.194.151.108,10.10.0.10,,,443,41505,0,1358,17
1589249257.010289,173.194.151.108,10.10.0.10,,,443,41505,0,1358,17
1589249257.01189,10.10.0.10,173.194.151.108,,,41505,443,0,37,17
1589249257.018601,173.194.151.108,10.10.0.10,,,443,41505,0,1358,17
1589249257.035666,173.194.151.108,10.10.0.10,,,443,41505,0,1358,17
1589249257.037262,10.10.0.10,173.194.151.108,,,41505,443,0,37,17
1589249257.043979,173.194.151.108,10.10.0.10,,,443,41505,0,1358,17
1589249257.0606108,173.194.151.108,10.10.0.10,,,443,41505,0,1358,17
1589249257.062242,10.10.0.10,173.194.151.108,,,41505,443,0,37,17
1589249257.068928,173.194.151.108,10.10.0.10,,,443,41505,0,1358,17
1589249257.07805,173.194.151.108,10.10.0.10,,,443,41505,0,1358,17
1589249257.079747,10.10.0.10,173.194.151.108,,,41505,443,0,37,17
1589249257.086373,173.194.151.108,10.10.0.10,,,443,41505,0,1358,17
1589249257.10199,173.194.151.108,10.10.0.10,,,443,41505,0,1358,17
1589249257.1035109,10.10.0.10,173.194.151.108,,,41505,443,0,37,17
1589249257.1103141,173.194.151.108,10.10.0.10,,,443,41505,0,1358,17
1589249257.1186314,173.194.151.108,10.10.0.10,,,443,41505,0,1358,17
1589249257.120511,10.10.0.10,173.194.151.108,,,41505,443,0,37,17
1589249257.1269422,173.194.151.108,10.10.0.10,,,443,41505,0,1358,17
1589249257.1352909,173.194.151.108,10.10.0.10,,,443,41505,0,1358,17
1589249257.13676,10.10.0.10,173.194.151.108,,,41505,443,0,37,17
1589249257.1436071,173.194.151.108,10.10.0.10,,,443,41505,0,1358,17
1589249257.151912,173.194.151.108,10.10.0.10,,,443,41505,0,1358,17
1589249257.1536062,10.10.0.10,173.194.151.108,,,41505,443,0,37,17
1589249257.160223,173.194.151.108,10.10.0.10,,,443,41505,0,1358,17
1589249257.168537,173.194.151.108,10.10.0.10,,,443,41505,0,1358,17
1589249257.1703892,10.10.0.10,173.194.151.108,,,41505,443,0,37,17
1589249257.176847,173.194.151.108,10.10.0.10,,,443,41505,0,1358,17
1589249257.1851642,173.194.151.108,10.10.0.10,,,443,41505,0,1358,17
1589249257.186884,10.10.0.10,173.194.151.108,,,41505,443,0,37,17
1589249257.193487,173.194.151.108,10.10.0.10,,,443,41505,0,1358,17
1589249257.201798,173.194.151.108,10.10.0.10,,,443,41505,0,1358,17
1589249257.2033641,10.10.0.10,173.194.151.108,,,41505,443,0,37,17
1589249257.210114,173.194.151.108,10.10.0.10,,,443,41505,0,1358,17
1589249257.218431,173.194.151.108,10.10.0.10,,,443,41505,0,1358,17
1589249257.220258,10.10.0.10,173.194.151.108,,,41505,443,0,50,17
1589249257.2267482,173.194.151.108,10.10.0.10,,,443,41505,0,1358,17
1589249257.235064,173.194.151.108,10.10.0.10,,,443,41505,0,1358,17
1589249257.2366366,10.10.0.10,173.194.151.108,,,41505,443,0,37,17
1589249257.243382,173.194.151.108,10.10.0.10,,,443,41505,0,1358,17
1589249257.251698,173.194.151.108,10.10.0.10,,,443,41505,0,1358,17
1589249257.253257,10.10.0.10,173.194.151.108,,,41505,443,0,37,17
1589249257.260033,173.194.151.108,10.10.0.10,,,443,41505,0,1358,17
1589249257.268344,173.194.151.108,10.10.0.10,,,443,41505,0,1358,17
1589249257.2698598,10.10.0.10,173.194.151.108,,,41505,443,0,37,17
1589249257.2766616,173.194.151.108,10.10.0.10,,,443,41505,0,1358,17
1589249257.285411,173.194.151.108,10.10.0.10,,,443,41505,0,1358,17
1589249257.286985,10.10.0.10,173.194.151.108,,,41505,443,0,37,17
1589249257.293724,173.194.151.108,10.10.0.10,,,443,41505,0,1358,17
1589249257.30204,173.194.151.108,10.10.0.10,,,443,41505,0,1358,17
1589249257.303735,10.10.0.10,173.194.151.108,,,41505,443,0,37,17
1589249257.310357,173.194.151.108,10.10.0.10,,,443,41505,0,1358,17
1589249257.3186748,173.194.151.108,10.10.0.10,,,443,41505,0,1358,17
1589249257.3203802,10.10.0.10,173.194.151.108,,,41505,443,0,37,17
1589249257.3269882,173.194.151.108,10.10.0.10,,,443,41505,0,1358,17
1589249257.3353062,173.194.151.108,10.10.0.10,,,443,41505,0,1358,17
1589249257.33685,10.10.0.10,173.194.151.108,,,41505,443,0,37,17
1589249257.343622,173.194.151.108,10.10.0.10,,,443,41505,0,1358,17
1589249257.352342,173.194.151.108,10.10.0.10,,,443,41505,0,1358,17
1589249257.3539839,10.10.0.10,173.194.151.108,,,41505,443,0,37,17
1589249257.360657,173.194.151.108,10.10.0.10,,,443,41505,0,1358,17
1589249257.387305,173.194.151.108,10.10.0.10,,,443,41505,0,1358,17
1589249257.3893766,10.10.0.10,173.194.151.108,,,41505,443,0,37,17
1589249257.3956199,173.194.151.108,10.10.0.10,,,443,41505,0,1358,17
1589249257.403942,173.194.151.108,10.10.0.10,,,443,41505,0,1358,17
1589249257.4054804,10.10.0.10,173.194.151.108,,,41505,443,0,37,17
1589249257.412251,173.194.151.108,10.10.0.10,,,443,41505,0,1358,17
1589249257.420568,173.194.151.108,10.10.0.10,,,443,41505,0,1358,17
1589249257.422481,10.10.0.10,173.194.151.108,,,41505,443,0,37,17
1589249257.4289038,173.194.151.108,10.10.0.10,,,443,41505,0,1358,17
1589249257.4372141,173.194.151.108,10.10.0.10,,,443,41505,0,1358,17
1589249257.439002,10.10.0.10,173.194.151.108,,,41505,443,0,37,17
1589249257.445529,173.194.151.108,10.10.0.10,,,443,41505,0,1358,17
1589249257.453839,173.194.151.108,10.10.0.10,,,443,41505,0,1358,17
1589249257.4558554,10.10.0.10,173.194.151.108,,,41505,443,0,37,17
1589249257.462153,173.194.151.108,10.10.0.10,,,443,41505,0,1358,17
1589249257.4704678,173.194.151.108,10.10.0.10,,,443,41505,0,1358,17
1589249257.472252,10.10.0.10,173.194.151.108,,,41505,443,0,37,17
1589249257.478786,173.194.151.108,10.10.0.10,,,443,41505,0,1358,17
1589249257.4871054,173.194.151.108,10.10.0.10,,,443,41505,0,1358,17
1589249257.4888544,10.10.0.10,173.194.151.108,,,41505,443,0,37,17
1589249257.4954202,173.194.151.108,10.10.0.10,,,443,41505,0,1358,17
1589249257.503735,173.194.151.108,10.10.0.10,,,443,41505,0,1358,17
1589249257.505502,10.10.0.10,173.194.151.108,,,41505,443,0,37,17
1589249257.512054,173.194.151.108,10.10.0.10,,,443,41505,0,1358,17
1589249257.5203712,173.194.151.108,10.10.0.10,,,443,41505,0,1358,17
1589249257.5220964,10.10.0.10,173.194.151.108,,,41505,443,0,37,17
1589249257.528687,173.194.151.108,10.10.0.10,,,443,41505,0,1358,17
1589249257.537024,173.194.151.108,10.10.0.10,,,443,41505,0,1358,17
1589249257.5387485,10.10.0.10,173.194.151.108,,,41505,443,0,37,17
1589249257.545336,173.194.151.108,10.10.0.10,,,443,41505,0,1358,17
1589249257.5536509,173.194.151.108,10.10.0.10,,,443,41505,0,1358,17
1589249257.556127,10.10.0.10,173.194.151.108,,,41505,443,0,37,17
1589249257.56196,173.194.151.108,10.10.0.10,,,443,41505,0,1358,17
1589249257.5702784,173.194.151.108,10.10.0.10,,,443,41505,0,1358,17
1589249257.5719712,10.10.0.10,173.194.151.108,,,41505,443,0,50,17
1589249257.5785859,173.194.151.108,10.10.0.10,,,443,41505,0,1358,17
1589249257.5869012,173.194.151.108,10.10.0.10,,,443,41505,0,1358,17
1589249257.5885599,10.10.0.10,173.194.151.108,,,41505,443,0,37,17
1589249257.595222,173.194.151.108,10.10.0.10,,,443,41505,0,1358,17
1589249257.603533,173.194.151.108,10.10.0.10,,,443,41505,0,1358,17
1589249257.605074,10.10.0.10,173.194.151.108,,,41505,443,0,37,17
1589249257.6118462,173.194.151.108,10.10.0.10,,,443,41505,0,1358,17
1589249257.6201642,173.194.151.108,10.10.0.10,,,443,41505,0,1358,17
1589249257.62236,10.10.0.10,173.194.151.108,,,41505,443,0,37,17
1589249257.6284811,173.194.151.108,10.10.0.10,,,443,41505,0,1358,17
1589249257.6555238,173.194.151.108,10.10.0.10,,,443,41505,0,1358,17
1589249257.6571972,10.10.0.10,173.194.151.108,,,41505,443,0,37,17
1589249257.663841,173.194.151.108,10.10.0.10,,,443,41505,0,1358,17
1589249257.67215,173.194.151.108,10.10.0.10,,,443,41505,0,1358,17
1589249257.674003,10.10.0.10,173.194.151.108,,,41505,443,0,37,17
1589249257.6804779,173.194.151.108,10.10.0.10,,,443,41505,0,1358,17
1589249257.688793,173.194.151.108,10.10.0.10,,,443,41505,0,1358,17
1589249257.691978,10.10.0.10,173.194.151.108,,,41505,443,0,37,17
1589249257.6971102,173.194.151.108,10.10.0.10,,,443,41505,0,1358,17
1589249257.705424,173.194.151.108,10.10.0.10,,,443,41505,0,1358,17
1589249257.7071052,10.10.0.10,173.194.151.108,,,41505,443,0,37,17
1589249257.7137392,173.194.151.108,10.10.0.10,,,443,41505,0,1358,17
1589249257.7220552,173.194.151.108,10.10.0.10,,,443,41505,0,1358,17
1589249257.7250679,10.10.0.10,173.194.151.108,,,41505,443,0,37,17
1589249257.7303965,173.194.151.108,10.10.0.10,,,443,41505,0,1358,17
1589249257.744416,173.194.151.108,10.10.0.10,,,443,41505,0,1358,17
1589249257.7459972,10.10.0.10,173.194.151.108,,,41505,443,0,37,17
1589249257.752738,173.194.151.108,10.10.0.10,,,443,41505,0,1358,17
1589249257.761063,173.194.151.108,10.10.0.10,,,443,41505,0,1358,17
1589249257.762578,10.10.0.10,173.194.151.108,,,41505,443,0,37,17
1589249257.769368,173.194.151.108,10.10.0.10,,,443,41505,0,1358,17
1589249257.777703,173.194.151.108,10.10.0.10,,,443,41505,0,1358,17
1589249257.779595,10.10.0.10,173.194.151.108,,,41505,443,0,37,17
1589249257.7860081,173.194.151.108,10.10.0.10,,,443,41505,0,1358,17
1589249257.794324,173.194.151.108,10.10.0.10,,,443,41505,0,1358,17
1589249257.7964704,10.10.0.10,173.194.151.108,,,41505,443,0,37,17
1589249257.802635,173.194.151.108,10.10.0.10,,,443,41505,0,1358,17
1589249257.810958,173.194.151.108,10.10.0.10,,,443,41505,0,1358,17
1589249257.8125956,10.10.0.10,173.194.151.108,,,41505,443,0,37,17
1589249257.819275,173.194.151.108,10.10.0.10,,,443,41505,0,1358,17
1589249257.827589,173.194.151.108,10.10.0.10,,,443,41505,0,1358,17
1589249257.829344,10.10.0.10,173.194.151.108,,,41505,443,0,37,17
1589249257.835908,173.194.151.108,10.10.0.10,,,443,41505,0,1358,17
1589249257.844217,173.194.151.108,10.10.0.10,,,443,41505,0,1358,17
1589249257.845865,10.10.0.10,173.194.151.108,,,41505,443,0,37,17
1589249257.8525405,173.194.151.108,10.10.0.10,,,443,41505,0,1358,17
1589249257.860858,173.194.151.108,10.10.0.10,,,443,41505,0,1358,17
1589249257.862344,10.10.0.10,173.194.151.108,,,41505,443,0,37,17
1589249257.8691714,173.194.151.108,10.10.0.10,,,443,41505,0,867,17
1589249257.8745544,173.194.151.108,10.10.0.10,,,443,41505,0,1358,17
1589249257.8763485,10.10.0.10,173.194.151.108,,,41505,443,0,37,17
1589249257.882891,173.194.151.108,10.10.0.10,,,443,41505,0,1358,17
1589249257.8853462,10.10.0.10,173.194.151.108,,,41505,443,0,728,17
1589249257.887487,10.10.0.10,173.194.151.108,,,41505,443,0,48,17
1589249257.891201,173.194.151.108,10.10.0.10,,,443,41505,0,1358,17
1589249257.8995152,173.194.151.108,10.10.0.10,,,443,41505,0,1358,17
1589249257.901237,10.10.0.10,173.194.151.108,,,41505,443,0,37,17
1589249257.907826,173.194.151.108,10.10.0.10,,,443,41505,0,1358,17
1589249257.9161394,173.194.151.108,10.10.0.10,,,443,41505,0,1358,17
1589249257.917707,10.10.0.10,173.194.151.108,,,41505,443,0,37,17
1589249257.9244561,173.194.151.108,10.10.0.10,,,443,41505,0,1358,17
1589249257.9327722,173.194.151.108,10.10.0.10,,,443,41505,0,1358,17
1589249257.935736,10.10.0.10,173.194.151.108,,,41505,443,0,37,17
1589249257.9410908,173.194.151.108,10.10.0.10,,,443,41505,0,1358,17
1589249257.9494052,173.194.151.108,10.10.0.10,,,443,41505,0,1358,17
1589249257.950986,10.10.0.10,173.194.151.108,,,41505,443,0,37,17
1589249257.957721,173.194.151.108,10.10.0.10,,,443,41505,0,1358,17
1589249257.9660358,173.194.151.108,10.10.0.10,,,443,41505,0,1358,17
1589249257.968446,10.10.0.10,173.194.151.108,,,41505,443,0,37,17
1589249257.9801376,173.194.151.108,10.10.0.10,,,443,41505,0,1358,17
1589249257.992623,173.194.151.108,10.10.0.10,,,443,41505,0,1358,17
1589249257.994484,10.10.0.10,173.194.151.108,,,41505,443,0,37,17
1589249258.0050845,173.194.151.108,10.10.0.10,,,443,41505,0,1358,17
1589249258.0175538,173.194.151.108,10.10.0.10,,,443,41505,0,1358,17
1589249258.019089,10.10.0.10,173.194.151.108,,,41505,443,0,37,17
1589249258.0300288,173.194.151.108,10.10.0.10,,,443,41505,0,1358,17
1589249258.042509,173.194.151.108,10.10.0.10,,,443,41505,0,1358,17
1589249258.044234,10.10.0.10,173.194.151.108,,,41505,443,0,37,17
1589249258.054965,173.194.151.108,10.10.0.10,,,443,41505,0,1358,17
1589249258.0674472,173.194.151.108,10.10.0.10,,,443,41505,0,1358,17
1589249258.0692348,10.10.0.10,173.194.151.108,,,41505,443,0,37,17
1589249258.079906,173.194.151.108,10.10.0.10,,,443,41505,0,1358,17
1589249258.092385,173.194.151.108,10.10.0.10,,,443,41505,0,1358,17
1589249258.094107,10.10.0.10,173.194.151.108,,,41505,443,0,37,17
1589249258.1048481,173.194.151.108,10.10.0.10,,,443,41505,0,1358,17
1589249258.117321,173.194.151.108,10.10.0.10,,,443,41505,0,1358,17
1589249258.123461,10.10.0.10,173.194.151.108,,,41505,443,0,37,17
1589249258.129787,173.194.151.108,10.10.0.10,,,443,41505,0,1358,17
1589249258.1422534,173.194.151.108,10.10.0.10,,,443,41505,0,1358,17
1589249258.1438348,10.10.0.10,173.194.151.108,,,41505,443,0,37,17
1589249258.154725,173.194.151.108,10.10.0.10,,,443,41505,0,1358,17
1589249258.1671991,173.194.151.108,10.10.0.10,,,443,41505,0,1358,17
1589249258.1687148,10.10.0.10,173.194.151.108,,,41505,443,0,37,17
1589249258.179668,173.194.151.108,10.10.0.10,,,443,41505,0,1358,17
1589249258.1921391,173.194.151.108,10.10.0.10,,,443,41505,0,1358,17
1589249258.1939778,10.10.0.10,173.194.151.108,,,41505,443,0,37,17
1589249258.204623,173.194.151.108,10.10.0.10,,,443,41505,0,1358,17
1589249258.217079,173.194.151.108,10.10.0.10,,,443,41505,0,1358,17
1589249258.218833,10.10.0.10,173.194.151.108,,,41505,443,0,37,17
1589249258.229566,173.194.151.108,10.10.0.10,,,443,41505,0,1358,17
1589249258.242021,173.194.151.108,10.10.0.10,,,443,41505,0,1358,17
1589249258.243833,10.10.0.10,173.194.151.108,,,41505,443,0,37,17
1589249258.254504,173.194.151.108,10.10.0.10,,,443,41505,0,1358,17
1589249258.2669618,173.194.151.108,10.10.0.10,,,443,41505,0,1358,17
1589249258.268585,10.10.0.10,173.194.151.108,,,41505,443,0,37,17
1589249258.27944,173.194.151.108,10.10.0.10,,,443,41505,0,1358,17
1589249258.291903,173.194.151.108,10.10.0.10,,,443,41505,0,1358,17
1589249258.2937279,10.10.0.10,173.194.151.108,,,41505,443,0,37,17
1589249258.3043811,173.194.151.108,10.10.0.10,,,443,41505,0,1358,17
1589249258.316847,173.194.151.108,10.10.0.10,,,443,41505,0,1358,17
1589249258.319456,10.10.0.10,173.194.151.108,,,41505,443,0,37,17
1589249258.329313,173.194.151.108,10.10.0.10,,,443,41505,0,1358,17
1589249258.341782,173.194.151.108,10.10.0.10,,,443,41505,0,1358,17
1589249258.34385,10.10.0.10,173.194.151.108,,,41505,443,0,50,17
1589249258.362574,173.194.151.108,10.10.0.10,,,443,41505,0,29,17
1589249258.3631349,173.194.151.108,10.10.0.10,,,443,41505,0,1358,17
1589249258.375624,173.194.151.108,10.10.0.10,,,443,41505,0,1358,17
1589249258.37885,10.10.0.10,173.194.151.108,,,41505,443,0,37,17
1589249258.388083,173.194.151.108,10.10.0.10,,,443,41505,0,1358,17
1589249258.4005609,173.194.151.108,10.10.0.10,,,443,41505,0,1358,17
1589249258.4023464,10.10.0.10,173.194.151.108,,,41505,443,0,37,17
1589249258.413023,173.194.151.108,10.10.0.10,,,443,41505,0,1358,17
1589249258.425497,173.194.151.108,10.10.0.10,,,443,41505,0,1358,17
1589249258.4273472,10.10.0.10,173.194.151.108,,,41505,443,0,37,17
1589249258.4379628,173.194.151.108,10.10.0.10,,,443,41505,0,1358,17
1589249258.4504368,173.194.151.108,10.10.0.10,,,443,41505,0,1358,17
1589249258.4522278,10.10.0.10,173.194.151.108,,,41505,443,0,37,17
1589249258.462902,173.194.151.108,10.10.0.10,,,443,41505,0,1358,17
1589249258.475374,173.194.151.108,10.10.0.10,,,443,41505,0,1358,17
1589249258.477096,10.10.0.10,173.194.151.108,,,41505,443,0,37,17
1589249258.4878438,173.194.151.108,10.10.0.10,,,443,41505,0,1358,17
1589249258.500314,173.194.151.108,10.10.0.10,,,443,41505,0,1358,17
1589249258.502066,10.10.0.10,173.194.151.108,,,41505,443,0,37,17
1589249258.512795,173.194.151.108,10.10.0.10,,,443,41505,0,1358,17
1589249258.5252519,173.194.151.108,10.10.0.10,,,443,41505,0,1358,17
1589249258.527097,10.10.0.10,173.194.151.108,,,41505,443,0,37,17
1589249258.537744,173.194.151.108,10.10.0.10,,,443,41505,0,1358,17
1589249258.550194,173.194.151.108,10.10.0.10,,,443,41505,0,1358,17
1589249258.551975,10.10.0.10,173.194.151.108,,,41505,443,0,37,17
1589249258.5626788,173.194.151.108,10.10.0.10,,,443,41505,0,1358,17
1589249258.575136,173.194.151.108,10.10.0.10,,,443,41505,0,1358,17
1589249258.5768428,10.10.0.10,173.194.151.108,,,41505,443,0,37,17
1589249258.5876038,173.194.151.108,10.10.0.10,,,443,41505,0,1358,17
1589249258.6000748,173.194.151.108,10.10.0.10,,,443,41505,0,1358,17
1589249258.601681,10.10.0.10,173.194.151.108,,,41505,443,0,37,17
1589249258.6125429,173.194.151.108,10.10.0.10,,,443,41505,0,1358,17
1589249258.6250188,173.194.151.108,10.10.0.10,,,443,41505,0,1358,17
1589249258.628201,10.10.0.10,173.194.151.108,,,41505,443,0,37,17
1589249258.63749,173.194.151.108,10.10.0.10,,,443,41505,0,1358,17
1589249258.6499536,173.194.151.108,10.10.0.10,,,443,41505,0,1358,17
1589249258.6515732,10.10.0.10,173.194.151.108,,,41505,443,0,37,17
1589249258.66394,173.194.151.108,10.10.0.10,,,443,41505,0,1358,17
1589249258.6763911,173.194.151.108,10.10.0.10,,,443,41505,0,1358,17
1589249258.682842,10.10.0.10,173.194.151.108,,,41505,443,0,37,17
1589249258.688864,173.194.151.108,10.10.0.10,,,443,41505,0,1358,17
1589249258.701332,173.194.151.108,10.10.0.10,,,443,41505,0,1358,17
1589249258.702788,10.10.0.10,173.194.151.108,,,41505,443,0,37,17
1589249258.7138062,173.194.151.108,10.10.0.10,,,443,41505,0,1358,17
1589249258.726275,173.194.151.108,10.10.0.10,,,443,41505,0,1358,17
1589249258.728944,10.10.0.10,173.194.151.108,,,41505,443,0,37,17
1589249258.7387412,173.194.151.108,10.10.0.10,,,443,41505,0,1358,17
1589249258.75121,173.194.151.108,10.10.0.10,,,443,41505,0,1358,17
1589249258.7528198,10.10.0.10,173.194.151.108,,,41505,443,0,37,17
1589249258.763689,173.194.151.108,10.10.0.10,,,443,41505,0,1358,17
1589249258.776151,173.194.151.108,10.10.0.10,,,443,41505,0,1358,17
1589249258.7798178,10.10.0.10,173.194.151.108,,,41505,443,0,37,17
1589249258.788623,173.194.151.108,10.10.0.10,,,443,41505,0,1358,17
1589249258.801094,173.194.151.108,10.10.0.10,,,443,41505,0,1358,17
1589249258.8036852,10.10.0.10,173.194.151.108,,,41505,443,0,37,17
1589249258.8135679,173.194.151.108,10.10.0.10,,,443,41505,0,1358,17
1589249258.8260498,173.194.151.108,10.10.0.10,,,443,41505,0,1358,17
1589249258.8275561,10.10.0.10,173.194.151.108,,,41505,443,0,37,17
1589249258.8385026,173.194.151.108,10.10.0.10,,,443,41505,0,1358,17
1589249258.8509881,173.194.151.108,10.10.0.10,,,443,41505,0,1358,17
1589249258.852941,10.10.0.10,173.194.151.108,,,41505,443,0,50,17
1589249258.8634481,173.194.151.108,10.10.0.10,,,443,41505,0,1358,17
1589249258.875935,173.194.151.108,10.10.0.10,,,443,41505,0,1358,17
1589249258.8833199,10.10.0.10,173.194.151.108,,,41505,443,0,37,17
1589249258.888385,173.194.151.108,10.10.0.10,,,443,41505,0,1358,17
1589249258.900862,173.194.151.108,10.10.0.10,,,443,41505,0,1358,17
1589249258.902584,10.10.0.10,173.194.151.108,,,41505,443,0,37,17
1589249258.913334,173.194.151.108,10.10.0.10,,,443,41505,0,1358,17
1589249258.9258,173.194.151.108,10.10.0.10,,,443,41505,0,1358,17
1589249258.927583,10.10.0.10,173.194.151.108,,,41505,443,0,37,17
1589249258.938272,173.194.151.108,10.10.0.10,,,443,41505,0,1358,17
1589249258.950742,173.194.151.108,10.10.0.10,,,443,41505,0,1358,17
1589249258.952584,10.10.0.10,173.194.151.108,,,41505,443,0,37,17
1589249258.964705,173.194.151.108,10.10.0.10,,,443,41505,0,1358,17
1589249258.977173,173.194.151.108,10.10.0.10,,,443,41505,0,1358,17
1589249258.9788284,10.10.0.10,173.194.151.108,,,41505,443,0,37,17
1589249258.989649,173.194.151.108,10.10.0.10,,,443,41505,0,1358,17
1589249259.0021172,173.194.151.108,10.10.0.10,,,443,41505,0,1358,17
1589249259.005934,10.10.0.10,173.194.151.108,,,41505,443,0,37,17
1589249259.014605,173.194.151.108,10.10.0.10,,,443,41505,0,1358,17
1589249259.0270581,173.194.151.108,10.10.0.10,,,443,41505,0,1358,17
1589249259.0290525,10.10.0.10,173.194.151.108,,,41505,443,0,37,17
1589249259.0395432,173.194.151.108,10.10.0.10,,,443,41505,0,1358,17
1589249259.0519962,173.194.151.108,10.10.0.10,,,443,41505,0,1358,17
1589249259.0538301,10.10.0.10,173.194.151.108,,,41505,443,0,37,17
1589249259.064483,173.194.151.108,10.10.0.10,,,443,41505,0,1358,17
1589249259.07694,173.194.151.108,10.10.0.10,,,443,41505,0,1358,17
1589249259.0788288,10.10.0.10,173.194.151.108,,,41505,443,0,37,17
1589249259.089417,173.194.151.108,10.10.0.10,,,443,41505,0,1358,17
1589249259.101882,173.194.151.108,10.10.0.10,,,443,41505,0,1358,17
1589249259.1034539,10.10.0.10,173.194.151.108,,,41505,443,0,37,17
1589249259.1143546,173.194.151.108,10.10.0.10,,,443,41505,0,1358,17
1589249259.126822,173.194.151.108,10.10.0.10,,,443,41505,0,1358,17
1589249259.129672,10.10.0.10,173.194.151.108,,,41505,443,0,37,17
1589249259.1392908,173.194.151.108,10.10.0.10,,,443,41505,0,1358,17
1589249259.151761,173.194.151.108,10.10.0.10,,,443,41505,0,1358,17
1589249259.153556,10.10.0.10,173.194.151.108,,,41505,443,0,37,17
1589249259.1642268,173.194.151.108,10.10.0.10,,,443,41505,0,1358,17
1589249259.1767228,173.194.151.108,10.10.0.10,,,443,41505,0,1358,17
1589249259.178577,10.10.0.10,173.194.151.108,,,41505,443,0,37,17
1589249259.1891742,173.194.151.108,10.10.0.10,,,443,41505,0,1358,17
1589249259.201642,173.194.151.108,10.10.0.10,,,443,41505,0,1358,17
1589249259.203324,10.10.0.10,173.194.151.108,,,41505,443,0,37,17
1589249259.2141151,173.194.151.108,10.10.0.10,,,443,41505,0,1358,17
1589249259.226599,173.194.151.108,10.10.0.10,,,443,41505,0,1358,17
1589249259.228554,10.10.0.10,173.194.151.108,,,41505,443,0,37,17
1589249259.239056,173.194.151.108,10.10.0.10,,,443,41505,0,1358,17
1589249259.251538,173.194.151.108,10.10.0.10,,,443,41505,0,1358,17
1589249259.2534294,10.10.0.10,173.194.151.108,,,41505,443,0,37,17
1589249259.264,173.194.151.108,10.10.0.10,,,443,41505,0,1358,17
1589249259.276476,173.194.151.108,10.10.0.10,,,443,41505,0,1358,17
1589249259.278305,10.10.0.10,173.194.151.108,,,41505,443,0,37,17
1589249259.290433,173.194.151.108,10.10.0.10,,,443,41505,0,1358,17
1589249259.3029099,173.194.151.108,10.10.0.10,,,443,41505,0,1358,17
1589249259.304696,10.10.0.10,173.194.151.108,,,41505,443,0,37,17
1589249259.3153722,173.194.151.108,10.10.0.10,,,443,41505,0,1358,17
1589249259.327849,173.194.151.108,10.10.0.10,,,443,41505,0,1358,17
1589249259.3295715,10.10.0.10,173.194.151.108,,,41505,443,0,37,17
1589249259.3403132,173.194.151.108,10.10.0.10,,,443,41505,0,1358,17
1589249259.352784,173.194.151.108,10.10.0.10,,,443,41505,0,1358,17
1589249259.3544161,10.10.0.10,173.194.151.108,,,41505,443,0,50,17
1589249259.365258,173.194.151.108,10.10.0.10,,,443,41505,0,1358,17
1589249259.3777242,173.194.151.108,10.10.0.10,,,443,41505,0,1358,17
1589249259.390193,173.194.151.108,10.10.0.10,,,443,41505,0,1358,17
1589249259.402666,173.194.151.108,10.10.0.10,,,443,41505,0,1358,17
1589249259.406799,10.10.0.10,173.194.151.108,,,41505,443,0,37,17
1589249259.4100518,10.10.0.10,173.194.151.108,,,41505,443,0,37,17
1589249259.4151359,173.194.151.108,10.10.0.10,,,443,41505,0,1358,17
1589249259.427607,173.194.151.108,10.10.0.10,,,443,41505,0,1358,17
1589249259.4292989,10.10.0.10,173.194.151.108,,,41505,443,0,37,17
1589249259.4400704,173.194.151.108,10.10.0.10,,,443,41505,0,1358,17
1589249259.4525461,173.194.151.108,10.10.0.10,,,443,41505,0,1358,17
1589249259.454297,10.10.0.10,173.194.151.108,,,41505,443,0,37,17
1589249259.465032,173.194.151.108,10.10.0.10,,,443,41505,0,1358,17
1589249259.477489,173.194.151.108,10.10.0.10,,,443,41505,0,1358,17
1589249259.4791732,10.10.0.10,173.194.151.108,,,41505,443,0,37,17
1589249259.489972,173.194.151.108,10.10.0.10,,,443,41505,0,1358,17
1589249259.5024269,173.194.151.108,10.10.0.10,,,443,41505,0,1358,17
1589249259.504049,10.10.0.10,173.194.151.108,,,41505,443,0,37,17
1589249259.514904,173.194.151.108,10.10.0.10,,,443,41505,0,1358,17
1589249259.527368,173.194.151.108,10.10.0.10,,,443,41505,0,1358,17
1589249259.529193,10.10.0.10,173.194.151.108,,,41505,443,0,37,17
1589249259.5398438,173.194.151.108,10.10.0.10,,,443,41505,0,1358,17
1589249259.552312,173.194.151.108,10.10.0.10,,,443,41505,0,1358,17
1589249259.554065,10.10.0.10,173.194.151.108,,,41505,443,0,37,17
1589249259.5647812,173.194.151.108,10.10.0.10,,,443,41505,0,1358,17
1589249259.577249,173.194.151.108,10.10.0.10,,,443,41505,0,1358,17
1589249259.57892,10.10.0.10,173.194.151.108,,,41505,443,0,37,17
1589249259.5897222,173.194.151.108,10.10.0.10,,,443,41505,0,1358,17
1589249259.602184,173.194.151.108,10.10.0.10,,,443,41505,0,1358,17
1589249259.6038098,10.10.0.10,173.194.151.108,,,41505,443,0,37,17
1589249259.6146612,173.194.151.108,10.10.0.10,,,443,41505,0,1358,17
1589249259.627126,173.194.151.108,10.10.0.10,,,443,41505,0,1358,17
1589249259.628768,10.10.0.10,173.194.151.108,,,41505,443,0,37,17
1589249259.6396,173.194.151.108,10.10.0.10,,,443,41505,0,1358,17
1589249259.652066,173.194.151.108,10.10.0.10,,,443,41505,0,1358,17
1589249259.6537821,10.10.0.10,173.194.151.108,,,41505,443,0,37,17
1589249259.6645432,173.194.151.108,10.10.0.10,,,443,41505,0,1358,17
1589249259.6770248,173.194.151.108,10.10.0.10,,,443,41505,0,1358,17
1589249259.6786704,10.10.0.10,173.194.151.108,,,41505,443,0,37,17
1589249259.6894784,173.194.151.108,10.10.0.10,,,443,41505,0,1358,17
1589249259.701952,173.194.151.108,10.10.0.10,,,443,41505,0,1358,17
1589249259.703812,10.10.0.10,173.194.151.108,,,41505,443,0,37,17
1589249259.7144241,173.194.151.108,10.10.0.10,,,443,41505,0,1358,17
1589249259.7268882,173.194.151.108,10.10.0.10,,,443,41505,0,1358,17
1589249259.72891,10.10.0.10,173.194.151.108,,,41505,443,0,37,17
1589249259.7393591,173.194.151.108,10.10.0.10,,,443,41505,0,1358,17
1589249259.751837,173.194.151.108,10.10.0.10,,,443,41505,0,1358,17
1589249259.753654,10.10.0.10,173.194.151.108,,,41505,443,0,37,17
1589249259.7643,173.194.151.108,10.10.0.10,,,443,41505,0,1358,17
1589249259.7767751,173.194.151.108,10.10.0.10,,,443,41505,0,1358,17
1589249259.778559,10.10.0.10,173.194.151.108,,,41505,443,0,37,17
1589249259.789248,173.194.151.108,10.10.0.10,,,443,41505,0,1358,17
1589249259.8017108,173.194.151.108,10.10.0.10,,,443,41505,0,1358,17
1589249259.8033798,10.10.0.10,173.194.151.108,,,41505,443,0,37,17
1589249259.8141882,173.194.151.108,10.10.0.10,,,443,41505,0,1358,17
1589249259.826656,173.194.151.108,10.10.0.10,,,443,41505,0,1358,17
1589249259.828399,10.10.0.10,173.194.151.108,,,41505,443,0,37,17
1589249259.839127,173.194.151.108,10.10.0.10,,,443,41505,0,1358,17
1589249259.851596,173.194.151.108,10.10.0.10,,,443,41505,0,1358,17
1589249259.854203,10.10.0.10,173.194.151.108,,,41505,443,0,50,17
1589249259.8640606,173.194.151.108,10.10.0.10,,,443,41505,0,1358,17
1589249259.8765366,173.194.151.108,10.10.0.10,,,443,41505,0,1358,17
1589249259.878309,10.10.0.10,173.194.151.108,,,41505,443,0,37,17
1589249259.8890188,173.194.151.108,10.10.0.10,,,443,41505,0,1358,17
1589249259.90148,173.194.151.108,10.10.0.10,,,443,41505,0,1358,17
1589249259.903034,10.10.0.10,173.194.151.108,,,41505,443,0,37,17
1589249259.913959,173.194.151.108,10.10.0.10,,,443,41505,0,1358,17
1589249259.926423,173.194.151.108,10.10.0.10,,,443,41505,0,1358,17
1589249259.930161,10.10.0.10,173.194.151.108,,,41505,443,0,37,17
1589249259.938892,173.194.151.108,10.10.0.10,,,443,41505,0,1358,17
1589249259.95136,173.194.151.108,10.10.0.10,,,443,41505,0,1358,17
1589249259.9530349,10.10.0.10,173.194.151.108,,,41505,443,0,37,17
1589249259.963825,173.194.151.108,10.10.0.10,,,443,41505,0,1358,17
1589249259.9763002,173.194.151.108,10.10.0.10,,,443,41505,0,1358,17
1589249259.9791582,10.10.0.10,173.194.151.108,,,41505,443,0,37,17
1589249259.9887662,173.194.151.108,10.10.0.10,,,443,41505,0,1358,17
1589249260.001239,173.194.151.108,10.10.0.10,,,443,41505,0,1358,17
1589249260.002927,10.10.0.10,173.194.151.108,,,41505,443,0,37,17
1589249260.013707,173.194.151.108,10.10.0.10,,,443,41505,0,1358,17
1589249260.026201,173.194.151.108,10.10.0.10,,,443,41505,0,1358,17
1589249260.029406,10.10.0.10,173.194.151.108,,,41505,443,0,37,17
1589249260.038651,173.194.151.108,10.10.0.10,,,443,41505,0,1358,17
1589249260.051137,173.194.151.108,10.10.0.10,,,443,41505,0,1358,17
1589249260.052649,10.10.0.10,173.194.151.108,,,41505,443,0,37,17
1589249260.063593,173.194.151.108,10.10.0.10,,,443,41505,0,1358,17
1589249260.0760784,173.194.151.108,10.10.0.10,,,443,41505,0,1358,17
1589249260.078177,10.10.0.10,173.194.151.108,,,41505,443,0,37,17
1589249260.0885332,173.194.151.108,10.10.0.10,,,443,41505,0,1358,17
1589249260.1010141,173.194.151.108,10.10.0.10,,,443,41505,0,1358,17
1589249260.102654,10.10.0.10,173.194.151.108,,,41505,443,0,37,17
1589249260.1134741,173.194.151.108,10.10.0.10,,,443,41505,0,1358,17
1589249260.125942,173.194.151.108,10.10.0.10,,,443,41505,0,1358,17
1589249260.1277788,10.10.0.10,173.194.151.108,,,41505,443,0,37,17
1589249260.138416,173.194.151.108,10.10.0.10,,,443,41505,0,1358,17
1589249260.1508858,173.194.151.108,10.10.0.10,,,443,41505,0,1358,17
1589249260.1531742,10.10.0.10,173.194.151.108,,,41505,443,0,37,17
1589249260.163354,173.194.151.108,10.10.0.10,,,443,41505,0,1358,17
1589249260.1758258,173.194.151.108,10.10.0.10,,,443,41505,0,1358,17
1589249260.177527,10.10.0.10,173.194.151.108,,,41505,443,0,37,17
1589249260.188298,173.194.151.108,10.10.0.10,,,443,41505,0,1358,17
1589249260.200766,173.194.151.108,10.10.0.10,,,443,41505,0,1358,17
1589249260.2023964,10.10.0.10,173.194.151.108,,,41505,443,0,37,17
1589249260.2132359,173.194.151.108,10.10.0.10,,,443,41505,0,1358,17
1589249260.225706,173.194.151.108,10.10.0.10,,,443,41505,0,1358,17
1589249260.227275,10.10.0.10,173.194.151.108,,,41505,443,0,37,17
1589249260.2381961,173.194.151.108,10.10.0.10,,,443,41505,0,1358,17
1589249260.250649,173.194.151.108,10.10.0.10,,,443,41505,0,1358,17
1589249260.2521546,10.10.0.10,173.194.151.108,,,41505,443,0,37,17
1589249260.2636971,173.194.151.108,10.10.0.10,,,443,41505,0,1358,17
1589249260.2801461,173.194.151.108,10.10.0.10,,,443,41505,0,1358,17
1589249260.28192,10.10.0.10,173.194.151.108,,,41505,443,0,37,17
1589249260.2931802,173.194.151.108,10.10.0.10,,,443,41505,0,1358,17
1589249260.3096569,173.194.151.108,10.10.0.10,,,443,41505,0,1358,17
1589249260.3117929,10.10.0.10,173.194.151.108,,,41505,443,0,37,17
1589249260.322132,173.194.151.108,10.10.0.10,,,443,41505,0,1358,17
1589249260.334597,173.194.151.108,10.10.0.10,,,443,41505,0,1358,17
1589249260.335992,10.10.0.10,173.194.151.108,,,41505,443,0,37,17
1589249260.34707,173.194.151.108,10.10.0.10,,,443,41505,0,1358,17
1589249260.3595376,173.194.151.108,10.10.0.10,,,443,41505,0,1358,17
1589249260.361292,10.10.0.10,173.194.151.108,,,41505,443,0,50,17
1589249260.372008,173.194.151.108,10.10.0.10,,,443,41505,0,1358,17
1589249260.384481,173.194.151.108,10.10.0.10,,,443,41505,0,1358,17
1589249260.38615,10.10.0.10,173.194.151.108,,,41505,443,0,37,17
1589249260.396949,173.194.151.108,10.10.0.10,,,443,41505,0,1358,17
1589249260.409441,173.194.151.108,10.10.0.10,,,443,41505,0,1358,17
1589249260.411042,10.10.0.10,173.194.151.108,,,41505,443,0,37,17
1589249260.421889,173.194.151.108,10.10.0.10,,,443,41505,0,1358,17
1589249260.434359,173.194.151.108,10.10.0.10,,,443,41505,0,1358,17
1589249260.435895,10.10.0.10,173.194.151.108,,,41505,443,0,37,17
1589249260.44683,173.194.151.108,10.10.0.10,,,443,41505,0,1358,17
1589249260.4593148,173.194.151.108,10.10.0.10,,,443,41505,0,29,17
1589249260.459878,173.194.151.108,10.10.0.10,,,443,41505,0,1358,17
1589249260.4615376,10.10.0.10,173.194.151.108,,,41505,443,0,37,17
1589249260.472336,173.194.151.108,10.10.0.10,,,443,41505,0,1358,17
1589249260.484818,173.194.151.108,10.10.0.10,,,443,41505,0,1358,17
1589249260.4865172,10.10.0.10,173.194.151.108,,,41505,443,0,37,17
1589249260.497277,173.194.151.108,10.10.0.10,,,443,41505,0,1358,17
1589249260.509751,173.194.151.108,10.10.0.10,,,443,41505,0,1358,17
1589249260.511395,10.10.0.10,173.194.151.108,,,41505,443,0,37,17
1589249260.522217,173.194.151.108,10.10.0.10,,,443,41505,0,1358,17
1589249260.534689,173.194.151.108,10.10.0.10,,,443,41505,0,1358,17
1589249260.5371606,10.10.0.10,173.194.151.108,,,41505,443,0,37,17
1589249260.547159,173.194.151.108,10.10.0.10,,,443,41505,0,1358,17
1589249260.5596282,173.194.151.108,10.10.0.10,,,443,41505,0,1358,17
1589249260.5613961,10.10.0.10,173.194.151.108,,,41505,443,0,37,17
1589249260.5721009,173.194.151.108,10.10.0.10,,,443,41505,0,1358,17
1589249260.584569,173.194.151.108,10.10.0.10,,,443,41505,0,1358,17
1589249260.5862648,10.10.0.10,173.194.151.108,,,41505,443,0,37,17
1589249260.5970616,173.194.151.108,10.10.0.10,,,443,41505,0,1358,17
1589249260.6095102,173.194.151.108,10.10.0.10,,,443,41505,0,1358,17
1589249260.611017,10.10.0.10,173.194.151.108,,,41505,443,0,37,17
1589249260.621975,173.194.151.108,10.10.0.10,,,443,41505,0,1358,17
1589249260.634451,173.194.151.108,10.10.0.10,,,443,41505,0,1358,17
1589249260.63639,10.10.0.10,173.194.151.108,,,41505,443,0,37,17
1589249260.646914,173.194.151.108,10.10.0.10,,,443,41505,0,1358,17
1589249260.659386,173.194.151.108,10.10.0.10,,,443,41505,0,1358,17
1589249260.6718712,173.194.151.108,10.10.0.10,,,443,41505,0,1358,17
1589249260.6843278,173.194.151.108,10.10.0.10,,,443,41505,0,1358,17
1589249260.691132,10.10.0.10,173.194.151.108,,,41505,443,0,37,17
1589249260.692612,10.10.0.10,173.194.151.108,,,41505,443,0,37,17
1589249260.6968052,173.194.151.108,10.10.0.10,,,443,41505,0,1358,17
1589249260.7092712,173.194.151.108,10.10.0.10,,,443,41505,0,1358,17
1589249260.711157,10.10.0.10,173.194.151.108,,,41505,443,0,37,17
1589249260.721744,173.194.151.108,10.10.0.10,,,443,41505,0,1358,17
1589249260.735135,173.194.151.108,10.10.0.10,,,443,41505,0,1358,17
1589249260.738382,10.10.0.10,173.194.151.108,,,41505,443,0,37,17
1589249260.747604,173.194.151.108,10.10.0.10,,,443,41505,0,1358,17
1589249260.7600696,173.194.151.108,10.10.0.10,,,443,41505,0,1358,17
1589249260.76176,10.10.0.10,173.194.151.108,,,41505,443,0,37,17
1589249260.772542,173.194.151.108,10.10.0.10,,,443,41505,0,1358,17
1589249260.7850132,173.194.151.108,10.10.0.10,,,443,41505,0,1358,17
1589249260.7867858,10.10.0.10,173.194.151.108,,,41505,443,0,37,17
1589249260.7974918,173.194.151.108,10.10.0.10,,,443,41505,0,1358,17
1589249260.809957,173.194.151.108,10.10.0.10,,,443,41505,0,1358,17
1589249260.8116472,10.10.0.10,173.194.151.108,,,41505,443,0,37,17
1589249260.822425,173.194.151.108,10.10.0.10,,,443,41505,0,1358,17
1589249260.834899,173.194.151.108,10.10.0.10,,,443,41505,0,1358,17
1589249260.8390052,10.10.0.10,173.194.151.108,,,41505,443,0,37,17
1589249260.847363,173.194.151.108,10.10.0.10,,,443,41505,0,1358,17
1589249260.8598368,173.194.151.108,10.10.0.10,,,443,41505,0,1358,17
1589249260.8613868,10.10.0.10,173.194.151.108,,,41505,443,0,50,17
1589249260.8723052,173.194.151.108,10.10.0.10,,,443,41505,0,1358,17
1589249260.8848028,173.194.151.108,10.10.0.10,,,443,41505,0,1358,17
1589249260.8863811,10.10.0.10,173.194.151.108,,,41505,443,0,37,17
1589249260.89725,173.194.151.108,10.10.0.10,,,443,41505,0,1358,17
1589249260.9097226,173.194.151.108,10.10.0.10,,,443,41505,0,1358,17
1589249260.9114,10.10.0.10,173.194.151.108,,,41505,443,0,37,17
1589249260.9221911,173.194.151.108,10.10.0.10,,,443,41505,0,1358,17
1589249260.934675,173.194.151.108,10.10.0.10,,,443,41505,0,1358,17
1589249260.936264,10.10.0.10,173.194.151.108,,,41505,443,0,37,17
1589249260.94713,173.194.151.108,10.10.0.10,,,443,41505,0,1358,17
1589249260.959613,173.194.151.108,10.10.0.10,,,443,41505,0,1358,17
1589249260.96165,10.10.0.10,173.194.151.108,,,41505,443,0,37,17
1589249260.9720712,173.194.151.108,10.10.0.10,,,443,41505,0,1358,17
1589249260.9845412,173.194.151.108,10.10.0.10,,,443,41505,0,1358,17
1589249260.987276,10.10.0.10,173.194.151.108,,,41505,443,0,37,17
1589249260.997012,173.194.151.108,10.10.0.10,,,443,41505,0,1358,17
1589249261.0094864,173.194.151.108,10.10.0.10,,,443,41505,0,1358,17
1589249261.0116222,10.10.0.10,173.194.151.108,,,41505,443,0,37,17
1589249261.0219538,173.194.151.108,10.10.0.10,,,443,41505,0,1358,17
1589249261.034425,173.194.151.108,10.10.0.10,,,443,41505,0,1358,17
1589249261.03591,10.10.0.10,173.194.151.108,,,41505,443,0,37,17
1589249261.046889,173.194.151.108,10.10.0.10,,,443,41505,0,1358,17
1589249261.059362,173.194.151.108,10.10.0.10,,,443,41505,0,1358,17
1589249261.061366,10.10.0.10,173.194.151.108,,,41505,443,0,37,17
1589249261.071833,173.194.151.108,10.10.0.10,,,443,41505,0,1358,17
1589249261.084305,173.194.151.108,10.10.0.10,,,443,41505,0,1358,17
1589249261.085904,10.10.0.10,173.194.151.108,,,41505,443,0,37,17
1589249261.0967948,173.194.151.108,10.10.0.10,,,443,41505,0,1358,17
1589249261.1092439,173.194.151.108,10.10.0.10,,,443,41505,0,1358,17
1589249261.1107512,10.10.0.10,173.194.151.108,,,41505,443,0,37,17
1589249261.121714,173.194.151.108,10.10.0.10,,,443,41505,0,1358,17
1589249261.134187,173.194.151.108,10.10.0.10,,,443,41505,0,1358,17
1589249261.1360009,10.10.0.10,173.194.151.108,,,41505,443,0,37,17
1589249261.1466696,173.194.151.108,10.10.0.10,,,443,41505,0,1358,17
1589249261.1607912,173.194.151.108,10.10.0.10,,,443,41505,0,1358,17
1589249261.1623948,10.10.0.10,173.194.151.108,,,41505,443,0,37,17
1589249261.174766,173.194.151.108,10.10.0.10,,,443,41505,0,1358,17
1589249261.1872392,173.194.151.108,10.10.0.10,,,443,41505,0,1358,17
1589249261.188997,10.10.0.10,173.194.151.108,,,41505,443,0,37,17
1589249261.1997068,173.194.151.108,10.10.0.10,,,443,41505,0,1358,17
1589249261.212179,173.194.151.108,10.10.0.10,,,443,41505,0,1358,17
1589249261.2138634,10.10.0.10,173.194.151.108,,,41505,443,0,37,17
1589249261.2246668,173.194.151.108,10.10.0.10,,,443,41505,0,1358,17
1589249261.237119,173.194.151.108,10.10.0.10,,,443,41505,0,1358,17
1589249261.2387464,10.10.0.10,173.194.151.108,,,41505,443,0,37,17
1589249261.249608,173.194.151.108,10.10.0.10,,,443,41505,0,1358,17
1589249261.2620602,173.194.151.108,10.10.0.10,,,443,41505,0,1358,17
1589249261.26364,10.10.0.10,173.194.151.108,,,41505,443,0,37,17
1589249261.274543,173.194.151.108,10.10.0.10,,,443,41505,0,1358,17
1589249261.2870002,173.194.151.108,10.10.0.10,,,443,41505,0,1358,17
1589249261.2891386,10.10.0.10,173.194.151.108,,,41505,443,0,37,17
1589249261.2994778,173.194.151.108,10.10.0.10,,,443,41505,0,1358,17
1589249261.31194,173.194.151.108,10.10.0.10,,,443,41505,0,1358,17
1589249261.313622,10.10.0.10,173.194.151.108,,,41505,443,0,37,17
1589249261.32441,173.194.151.108,10.10.0.10,,,443,41505,0,1358,17
1589249261.3368812,173.194.151.108,10.10.0.10,,,443,41505,0,1358,17
1589249261.338619,10.10.0.10,173.194.151.108,,,41505,443,0,37,17
1589249261.349351,173.194.151.108,10.10.0.10,,,443,41505,0,1358,17
1589249261.361825,173.194.151.108,10.10.0.10,,,443,41505,0,1358,17
1589249261.363618,10.10.0.10,173.194.151.108,,,41505,443,0,50,17
1589249261.374294,173.194.151.108,10.10.0.10,,,443,41505,0,1358,17
1589249261.3867679,173.194.151.108,10.10.0.10,,,443,41505,0,1358,17
1589249261.388993,10.10.0.10,173.194.151.108,,,41505,443,0,37,17
1589249261.3992348,173.194.151.108,10.10.0.10,,,443,41505,0,1358,17
1589249261.4117038,173.194.151.108,10.10.0.10,,,443,41505,0,1358,17
1589249261.413366,10.10.0.10,173.194.151.108,,,41505,443,0,37,17
1589249261.4241722,173.194.151.108,10.10.0.10,,,443,41505,0,1358,17
1589249261.436661,173.194.151.108,10.10.0.10,,,443,41505,0,1358,17
1589249261.438889,10.10.0.10,173.194.151.108,,,41505,443,0,37,17
1589249261.4491162,173.194.151.108,10.10.0.10,,,443,41505,0,1358,17
1589249261.4616,173.194.151.108,10.10.0.10,,,443,41505,0,1358,17
1589249261.463365,10.10.0.10,173.194.151.108,,,41505,443,0,37,17
1589249261.474055,173.194.151.108,10.10.0.10,,,443,41505,0,1358,17
1589249261.486537,173.194.151.108,10.10.0.10,,,443,41505,0,1358,17
1589249261.488242,10.10.0.10,173.194.151.108,,,41505,443,0,37,17
1589249261.4989939,173.194.151.108,10.10.0.10,,,443,41505,0,1358,17
1589249261.511473,173.194.151.108,10.10.0.10,,,443,41505,0,1358,17
1589249261.5137296,10.10.0.10,173.194.151.108,,,41505,443,0,37,17
1589249261.5239398,173.194.151.108,10.10.0.10,,,443,41505,0,1358,17
1589249261.536403,173.194.151.108,10.10.0.10,,,443,41505,0,1358,17
1589249261.5383732,10.10.0.10,173.194.151.108,,,41505,443,0,37,17
1589249261.548876,173.194.151.108,10.10.0.10,,,443,41505,0,1358,17
1589249261.5613492,173.194.151.108,10.10.0.10,,,443,41505,0,1358,17
1589249261.5629866,10.10.0.10,173.194.151.108,,,41505,443,0,37,17
1589249261.5738132,173.194.151.108,10.10.0.10,,,443,41505,0,1358,17
1589249261.5862901,173.194.151.108,10.10.0.10,,,443,41505,0,1358,17
1589249261.5879948,10.10.0.10,173.194.151.108,,,41505,443,0,37,17
1589249261.598781,173.194.151.108,10.10.0.10,,,443,41505,0,1358,17
1589249261.611225,173.194.151.108,10.10.0.10,,,443,41505,0,1358,17
1589249261.6128561,10.10.0.10,173.194.151.108,,,41505,443,0,37,17
1589249261.623698,173.194.151.108,10.10.0.10,,,443,41505,0,236,17
1589249261.639846,10.10.0.10,173.194.151.108,,,41505,443,0,728,17
1589249261.6421149,10.10.0.10,173.194.151.108,,,41505,443,0,48,17
1589249261.646062,173.194.151.108,10.10.0.10,,,443,41505,0,29,17
1589249261.64609,173.194.151.108,10.10.0.10,,,443,41505,0,108,17
1589249261.646385,173.194.151.108,10.10.0.10,,,443,41505,0,1358,17
1589249261.646417,173.194.151.108,10.10.0.10,,,443,41505,0,1358,17
1589249261.648735,10.10.0.10,173.194.151.108,,,41505,443,0,37,17
1589249261.658513,173.194.151.108,10.10.0.10,,,443,41505,0,1358,17
1589249261.660091,10.10.0.10,173.194.151.108,,,41505,443,0,37,17
1589249261.6709812,173.194.151.108,10.10.0.10,,,443,41505,0,1358,17
1589249261.683466,173.194.151.108,10.10.0.10,,,443,41505,0,1358,17
1589249261.6852539,10.10.0.10,173.194.151.108,,,41505,443,0,37,17
1589249261.695933,173.194.151.108,10.10.0.10,,,443,41505,0,1358,17
1589249261.7083938,173.194.151.108,10.10.0.10,,,443,41505,0,1358,17
1589249261.7101018,10.10.0.10,173.194.151.108,,,41505,443,0,37,17
1589249261.7208679,173.194.151.108,10.10.0.10,,,443,41505,0,1358,17
1589249261.7333438,173.194.151.108,10.10.0.10,,,443,41505,0,1358,17
1589249261.735251,10.10.0.10,173.194.151.108,,,41505,443,0,37,17
1589249261.745809,173.194.151.108,10.10.0.10,,,443,41505,0,1358,17
1589249261.758285,173.194.151.108,10.10.0.10,,,443,41505,0,1358,17
1589249261.761107,10.10.0.10,173.194.151.108,,,41505,443,0,37,17
1589249261.770752,173.194.151.108,10.10.0.10,,,443,41505,0,1358,17
1589249261.783221,173.194.151.108,10.10.0.10,,,443,41505,0,1358,17
1589249261.7849796,10.10.0.10,173.194.151.108,,,41505,443,0,37,17
1589249261.7956898,173.194.151.108,10.10.0.10,,,443,41505,0,1358,17
1589249261.80816,173.194.151.108,10.10.0.10,,,443,41505,0,1358,17
1589249261.81,10.10.0.10,173.194.151.108,,,41505,443,0,37,17
1589249261.820649,173.194.151.108,10.10.0.10,,,443,41505,0,1358,17
1589249261.833102,173.194.151.108,10.10.0.10,,,443,41505,0,1358,17
1589249261.835748,10.10.0.10,173.194.151.108,,,41505,443,0,37,17
1589249261.8455892,173.194.151.108,10.10.0.10,,,443,41505,0,1358,17
1589249261.85804,173.194.151.108,10.10.0.10,,,443,41505,0,1358,17
1589249261.8596249,10.10.0.10,173.194.151.108,,,41505,443,0,37,17
1589249261.870526,173.194.151.108,10.10.0.10,,,443,41505,0,1358,17
1589249261.8829849,173.194.151.108,10.10.0.10,,,443,41505,0,1358,17
1589249261.8858619,10.10.0.10,173.194.151.108,,,41505,443,0,728,17
1589249261.885888,10.10.0.10,173.194.151.108,,,41505,443,0,55,17
1589249261.8954618,173.194.151.108,10.10.0.10,,,443,41505,0,1358,17
1589249261.907927,173.194.151.108,10.10.0.10,,,443,41505,0,1358,17
1589249261.909502,10.10.0.10,173.194.151.108,,,41505,443,0,37,17
1589249261.920399,173.194.151.108,10.10.0.10,,,443,41505,0,1358,17
1589249261.932863,173.194.151.108,10.10.0.10,,,443,41505,0,1358,17
1589249261.934495,10.10.0.10,173.194.151.108,,,41505,443,0,37,17
1589249261.9453359,173.194.151.108,10.10.0.10,,,443,41505,0,1358,17
1589249261.957807,173.194.151.108,10.10.0.10,,,443,41505,0,1358,17
1589249261.9593391,10.10.0.10,173.194.151.108,,,41505,443,0,37,17
1589249261.970274,173.194.151.108,10.10.0.10,,,443,41505,0,1358,17
1589249261.982744,173.194.151.108,10.10.0.10,,,443,41505,0,29,17
1589249261.983309,173.194.151.108,10.10.0.10,,,443,41505,0,1358,17
1589249261.9848418,10.10.0.10,173.194.151.108,,,41505,443,0,37,17
1589249261.9957788,173.194.151.108,10.10.0.10,,,443,41505,0,1358,17
1589249262.0082731,173.194.151.108,10.10.0.10,,,443,41505,0,1358,17
1589249262.009973,10.10.0.10,173.194.151.108,,,41505,443,0,37,17
1589249262.020715,173.194.151.108,10.10.0.10,,,443,41505,0,1358,17
1589249262.033206,173.194.151.108,10.10.0.10,,,443,41505,0,1358,17
1589249262.034994,10.10.0.10,173.194.151.108,,,41505,443,0,37,17
1589249262.045656,173.194.151.108,10.10.0.10,,,443,41505,0,1358,17
1589249262.0581422,173.194.151.108,10.10.0.10,,,443,41505,0,1358,17
1589249262.059742,10.10.0.10,173.194.151.108,,,41505,443,0,37,17
1589249262.070601,173.194.151.108,10.10.0.10,,,443,41505,0,1358,17
1589249262.08308,173.194.151.108,10.10.0.10,,,443,41505,0,1358,17
1589249262.0848658,10.10.0.10,173.194.151.108,,,41505,443,0,37,17
1589249262.095546,173.194.151.108,10.10.0.10,,,443,41505,0,1358,17
1589249262.1080098,173.194.151.108,10.10.0.10,,,443,41505,0,1358,17
1589249262.109864,10.10.0.10,173.194.151.108,,,41505,443,0,37,17
1589249262.120483,173.194.151.108,10.10.0.10,,,443,41505,0,1358,17
1589249262.132954,173.194.151.108,10.10.0.10,,,443,41505,0,1358,17
1589249262.1347196,10.10.0.10,173.194.151.108,,,41505,443,0,37,17
1589249262.145423,173.194.151.108,10.10.0.10,,,443,41505,0,1358,17
1589249262.157898,173.194.151.108,10.10.0.10,,,443,41505,0,1358,17
1589249262.1597242,10.10.0.10,173.194.151.108,,,41505,443,0,37,17
1589249262.170361,173.194.151.108,10.10.0.10,,,443,41505,0,1358,17
1589249262.182833,173.194.151.108,10.10.0.10,,,443,41505,0,1358,17
1589249262.1845946,10.10.0.10,173.194.151.108,,,41505,443,0,37,17
1589249262.195303,173.194.151.108,10.10.0.10,,,443,41505,0,1358,17
1589249262.2077742,173.194.151.108,10.10.0.10,,,443,41505,0,1358,17
1589249262.210863,10.10.0.10,173.194.151.108,,,41505,443,0,37,17
1589249262.220263,173.194.151.108,10.10.0.10,,,443,41505,0,1358,17
1589249262.232718,173.194.151.108,10.10.0.10,,,443,41505,0,1358,17
1589249262.2343652,10.10.0.10,173.194.151.108,,,41505,443,0,37,17
1589249262.245199,173.194.151.108,10.10.0.10,,,443,41505,0,1358,17
1589249262.257656,173.194.151.108,10.10.0.10,,,443,41505,0,1358,17
1589249262.259217,10.10.0.10,173.194.151.108,,,41505,443,0,37,17
1589249262.2701252,173.194.151.108,10.10.0.10,,,443,41505,0,1358,17
1589249262.282596,173.194.151.108,10.10.0.10,,,443,41505,0,1358,17
1589249262.2851124,10.10.0.10,173.194.151.108,,,41505,443,0,37,17
1589249262.295073,173.194.151.108,10.10.0.10,,,443,41505,0,1358,17
1589249262.3075366,173.194.151.108,10.10.0.10,,,443,41505,0,1358,17
1589249262.309342,10.10.0.10,173.194.151.108,,,41505,443,0,37,17
1589249262.3200169,173.194.151.108,10.10.0.10,,,443,41505,0,1358,17
1589249262.332479,173.194.151.108,10.10.0.10,,,443,41505,0,1358,17
1589249262.334236,10.10.0.10,173.194.151.108,,,41505,443,0,37,17
1589249262.3449502,173.194.151.108,10.10.0.10,,,443,41505,0,1358,17
1589249262.3574188,173.194.151.108,10.10.0.10,,,443,41505,0,1358,17
1589249262.3591075,10.10.0.10,173.194.151.108,,,41505,443,0,37,17
1589249262.369891,173.194.151.108,10.10.0.10,,,443,41505,0,1358,17
1589249262.382359,173.194.151.108,10.10.0.10,,,443,41505,0,1358,17
1589249262.383956,10.10.0.10,173.194.151.108,,,41505,443,0,50,17
1589249262.394831,173.194.151.108,10.10.0.10,,,443,41505,0,1358,17
1589249262.4072998,173.194.151.108,10.10.0.10,,,443,41505,0,1358,17
1589249262.408982,10.10.0.10,173.194.151.108,,,41505,443,0,37,17
1589249262.41977,173.194.151.108,10.10.0.10,,,443,41505,0,1358,17
1589249262.432257,173.194.151.108,10.10.0.10,,,443,41505,0,1358,17
1589249262.433983,10.10.0.10,173.194.151.108,,,41505,443,0,37,17
1589249262.444711,173.194.151.108,10.10.0.10,,,443,41505,0,1358,17
1589249262.4571939,173.194.151.108,10.10.0.10,,,443,41505,0,1358,17
1589249262.458979,10.10.0.10,173.194.151.108,,,41505,443,0,37,17
1589249262.46965,173.194.151.108,10.10.0.10,,,443,41505,0,1358,17
1589249262.482135,173.194.151.108,10.10.0.10,,,443,41505,0,1358,17
1589249262.484354,10.10.0.10,173.194.151.108,,,41505,443,0,37,17
1589249262.49459,173.194.151.108,10.10.0.10,,,443,41505,0,1358,17
1589249262.5070686,173.194.151.108,10.10.0.10,,,443,41505,0,1358,17
1589249262.5089798,10.10.0.10,173.194.151.108,,,41505,443,0,37,17
1589249262.5195339,173.194.151.108,10.10.0.10,,,443,41505,0,1358,17
1589249262.532007,173.194.151.108,10.10.0.10,,,443,41505,0,1358,17
1589249262.533585,10.10.0.10,173.194.151.108,,,41505,443,0,37,17
1589249262.544471,173.194.151.108,10.10.0.10,,,443,41505,0,1358,17
1589249262.556944,173.194.151.108,10.10.0.10,,,443,41505,0,1358,17
1589249262.5584614,10.10.0.10,173.194.151.108,,,41505,443,0,37,17
1589249262.569408,173.194.151.108,10.10.0.10,,,443,41505,0,1358,17
1589249262.5818849,173.194.151.108,10.10.0.10,,,443,41505,0,1358,17
1589249262.583461,10.10.0.10,173.194.151.108,,,41505,443,0,37,17
1589249262.5943544,173.194.151.108,10.10.0.10,,,443,41505,0,1358,17
1589249262.6068258,173.194.151.108,10.10.0.10,,,443,41505,0,1358,17
1589249262.6084569,10.10.0.10,173.194.151.108,,,41505,443,0,37,17
1589249262.6192908,173.194.151.108,10.10.0.10,,,443,41505,0,1358,17
1589249262.631766,173.194.151.108,10.10.0.10,,,443,41505,0,1358,17
1589249262.634209,10.10.0.10,173.194.151.108,,,41505,443,0,37,17
1589249262.6442301,173.194.151.108,10.10.0.10,,,443,41505,0,1358,17
1589249262.656702,173.194.151.108,10.10.0.10,,,443,41505,0,1358,17
1589249262.658448,10.10.0.10,173.194.151.108,,,41505,443,0,37,17
1589249262.6691892,173.194.151.108,10.10.0.10,,,443,41505,0,1358,17
1589249262.6816518,173.194.151.108,10.10.0.10,,,443,41505,0,1358,17
1589249262.6853304,10.10.0.10,173.194.151.108,,,41505,443,0,37,17
1589249262.6941268,173.194.151.108,10.10.0.10,,,443,41505,0,1358,17
1589249262.7065892,173.194.151.108,10.10.0.10,,,443,41505,0,1358,17
1589249262.7083228,10.10.0.10,173.194.151.108,,,41505,443,0,37,17
1589249262.7190619,173.194.151.108,10.10.0.10,,,443,41505,0,1358,17
1589249262.731528,173.194.151.108,10.10.0.10,,,443,41505,0,1358,17
1589249262.7330828,10.10.0.10,173.194.151.108,,,41505,443,0,37,17
1589249262.743993,173.194.151.108,10.10.0.10,,,443,41505,0,1358,17
1589249262.756464,173.194.151.108,10.10.0.10,,,443,41505,0,1358,17
1589249262.758446,10.10.0.10,173.194.151.108,,,41505,443,0,37,17
1589249262.7689402,173.194.151.108,10.10.0.10,,,443,41505,0,1358,17
1589249262.78141,173.194.151.108,10.10.0.10,,,443,41505,0,1358,17
1589249262.7830918,10.10.0.10,173.194.151.108,,,41505,443,0,37,17
1589249262.7938864,173.194.151.108,10.10.0.10,,,443,41505,0,1358,17
1589249262.8063688,173.194.151.108,10.10.0.10,,,443,41505,0,1358,17
1589249262.808327,10.10.0.10,173.194.151.108,,,41505,443,0,37,17
1589249262.8188212,173.194.151.108,10.10.0.10,,,443,41505,0,1358,17
1589249262.831289,173.194.151.108,10.10.0.10,,,443,41505,0,1358,17
1589249262.832952,10.10.0.10,173.194.151.108,,,41505,443,0,37,17
1589249262.8437624,173.194.151.108,10.10.0.10,,,443,41505,0,1358,17
1589249262.8562481,173.194.151.108,10.10.0.10,,,443,41505,0,1358,17
1589249262.857949,10.10.0.10,173.194.151.108,,,41505,443,0,37,17
1589249262.8687027,173.194.151.108,10.10.0.10,,,443,41505,0,1358,17
1589249262.8811822,173.194.151.108,10.10.0.10,,,443,41505,0,1358,17
1589249262.8829482,10.10.0.10,173.194.151.108,,,41505,443,0,50,17
1589249262.893643,173.194.151.108,10.10.0.10,,,443,41505,0,1358,17
1589249262.9061232,173.194.151.108,10.10.0.10,,,443,41505,0,1358,17
1589249262.908342,10.10.0.10,173.194.151.108,,,41505,443,0,37,17
1589249262.9185796,173.194.151.108,10.10.0.10,,,443,41505,0,1358,17
1589249262.931055,173.194.151.108,10.10.0.10,,,443,41505,0,1358,17
1589249262.932841,10.10.0.10,173.194.151.108,,,41505,443,0,37,17
1589249262.943523,173.194.151.108,10.10.0.10,,,443,41505,0,1358,17
1589249262.9559894,173.194.151.108,10.10.0.10,,,443,41505,0,29,17
1589249262.9565618,173.194.151.108,10.10.0.10,,,443,41505,0,1358,17
1589249262.95922,10.10.0.10,173.194.151.108,,,41505,443,0,37,17
1589249262.969024,173.194.151.108,10.10.0.10,,,443,41505,0,1358,17
1589249262.9777849,173.194.151.108,10.10.0.10,,,443,41505,0,1358,17
1589249262.979322,10.10.0.10,173.194.151.108,,,41505,443,0,37,17
1589249262.986554,173.194.151.108,10.10.0.10,,,443,41505,0,1358,17
1589249262.995307,173.194.151.108,10.10.0.10,,,443,41505,0,1358,17
1589249262.996839,10.10.0.10,173.194.151.108,,,41505,443,0,37,17
1589249263.004042,173.194.151.108,10.10.0.10,,,443,41505,0,1358,17
1589249263.012799,173.194.151.108,10.10.0.10,,,443,41505,0,1358,17
1589249263.014319,10.10.0.10,173.194.151.108,,,41505,443,0,37,17
1589249263.021557,173.194.151.108,10.10.0.10,,,443,41505,0,1358,17
1589249263.0303118,173.194.151.108,10.10.0.10,,,443,41505,0,1358,17
1589249263.0319812,10.10.0.10,173.194.151.108,,,41505,443,0,37,17
1589249263.0390668,173.194.151.108,10.10.0.10,,,443,41505,0,1358,17
1589249263.047821,173.194.151.108,10.10.0.10,,,443,41505,0,1358,17
1589249263.049838,10.10.0.10,173.194.151.108,,,41505,443,0,37,17
1589249263.056578,173.194.151.108,10.10.0.10,,,443,41505,0,1358,17
1589249263.065335,173.194.151.108,10.10.0.10,,,443,41505,0,1358,17
1589249263.0670679,10.10.0.10,173.194.151.108,,,41505,443,0,37,17
1589249263.0740852,173.194.151.108,10.10.0.10,,,443,41505,0,1358,17
1589249263.0828602,173.194.151.108,10.10.0.10,,,443,41505,0,1358,17
1589249263.08472,10.10.0.10,173.194.151.108,,,41505,443,0,37,17
1589249263.0916119,173.194.151.108,10.10.0.10,,,443,41505,0,1358,17
1589249263.100761,173.194.151.108,10.10.0.10,,,443,41505,0,1358,17
1589249263.102434,10.10.0.10,173.194.151.108,,,41505,443,0,37,17
1589249263.1091151,173.194.151.108,10.10.0.10,,,443,41505,0,1358,17
1589249263.1178641,173.194.151.108,10.10.0.10,,,443,41505,0,1358,17
1589249263.1195672,10.10.0.10,173.194.151.108,,,41505,443,0,37,17
1589249263.126617,173.194.151.108,10.10.0.10,,,443,41505,0,1358,17
1589249263.1353679,173.194.151.108,10.10.0.10,,,443,41505,0,1358,17
1589249263.1370866,10.10.0.10,173.194.151.108,,,41505,443,0,37,17
1589249263.1441221,173.194.151.108,10.10.0.10,,,443,41505,0,1358,17
1589249263.152878,173.194.151.108,10.10.0.10,,,443,41505,0,1358,17
1589249263.1544616,10.10.0.10,173.194.151.108,,,41505,443,0,37,17
1589249263.161631,173.194.151.108,10.10.0.10,,,443,41505,0,1358,17
1589249263.1703868,173.194.151.108,10.10.0.10,,,443,41505,0,1358,17
1589249263.171957,10.10.0.10,173.194.151.108,,,41505,443,0,37,17
1589249263.179141,173.194.151.108,10.10.0.10,,,443,41505,0,1358,17
1589249263.1878989,173.194.151.108,10.10.0.10,,,443,41505,0,1358,17
1589249263.190585,10.10.0.10,173.194.151.108,,,41505,443,0,37,17
1589249263.19665,173.194.151.108,10.10.0.10,,,443,41505,0,1358,17
1589249263.2054205,173.194.151.108,10.10.0.10,,,443,41505,0,1358,17
1589249263.210708,10.10.0.10,173.194.151.108,,,41505,443,0,37,17
1589249263.2141721,173.194.151.108,10.10.0.10,,,443,41505,0,1358,17
1589249263.2229269,173.194.151.108,10.10.0.10,,,443,41505,0,1358,17
1589249263.231672,173.194.151.108,10.10.0.10,,,443,41505,0,1358,17
1589249263.239601,10.10.0.10,173.194.151.108,,,41505,443,0,37,17
1589249263.2404249,173.194.151.108,10.10.0.10,,,443,41505,0,1358,17
1589249263.24918,173.194.151.108,10.10.0.10,,,443,41505,0,1358,17
1589249263.253942,10.10.0.10,173.194.151.108,,,41505,443,0,37,17
1589249263.257935,173.194.151.108,10.10.0.10,,,443,41505,0,1358,17
1589249263.259565,10.10.0.10,173.194.151.108,,,41505,443,0,50,17
1589249263.26669,173.194.151.108,10.10.0.10,,,443,41505,0,1358,17
1589249263.2754428,173.194.151.108,10.10.0.10,,,443,41505,0,1358,17
1589249263.2771866,10.10.0.10,173.194.151.108,,,41505,443,0,37,17
1589249263.2842019,173.194.151.108,10.10.0.10,,,443,41505,0,1358,17
1589249263.292953,173.194.151.108,10.10.0.10,,,443,41505,0,1358,17
1589249263.2947092,10.10.0.10,173.194.151.108,,,41505,443,0,37,17
1589249263.3017054,173.194.151.108,10.10.0.10,,,443,41505,0,1358,17
1589249263.310481,173.194.151.108,10.10.0.10,,,443,41505,0,1358,17
1589249263.312334,10.10.0.10,173.194.151.108,,,41505,443,0,37,17
1589249263.31923,173.194.151.108,10.10.0.10,,,443,41505,0,1358,17
1589249263.327985,173.194.151.108,10.10.0.10,,,443,41505,0,1358,17
1589249263.32958,10.10.0.10,173.194.151.108,,,41505,443,0,37,17
1589249263.336734,173.194.151.108,10.10.0.10,,,443,41505,0,1358,17
1589249263.3454828,173.194.151.108,10.10.0.10,,,443,41505,0,29,17
1589249263.3458776,173.194.151.108,10.10.0.10,,,443,41505,0,1358,17
1589249263.347322,10.10.0.10,173.194.151.108,,,41505,443,0,37,17
1589249263.3546321,173.194.151.108,10.10.0.10,,,443,41505,0,1358,17
1589249263.3633866,173.194.151.108,10.10.0.10,,,443,41505,0,1358,17
1589249263.365826,10.10.0.10,173.194.151.108,,,41505,443,0,37,17
1589249263.3721411,173.194.151.108,10.10.0.10,,,443,41505,0,1358,17
1589249263.380897,173.194.151.108,10.10.0.10,,,443,41505,0,1358,17
1589249263.3824382,10.10.0.10,173.194.151.108,,,41505,443,0,37,17
1589249263.3896668,173.194.151.108,10.10.0.10,,,443,41505,0,1358,17
1589249263.398417,173.194.151.108,10.10.0.10,,,443,41505,0,1358,17
1589249263.400057,10.10.0.10,173.194.151.108,,,41505,443,0,37,17
1589249263.407166,173.194.151.108,10.10.0.10,,,443,41505,0,1358,17
1589249263.4159162,173.194.151.108,10.10.0.10,,,443,41505,0,1358,17
1589249263.417578,10.10.0.10,173.194.151.108,,,41505,443,0,37,17
1589249263.4246724,173.194.151.108,10.10.0.10,,,443,41505,0,1358,17
1589249263.433429,173.194.151.108,10.10.0.10,,,443,41505,0,1358,17
1589249263.4354525,10.10.0.10,173.194.151.108,,,41505,443,0,37,17
1589249263.4421802,173.194.151.108,10.10.0.10,,,443,41505,0,1358,17
1589249263.4509351,173.194.151.108,10.10.0.10,,,443,41505,0,1358,17
1589249263.452583,10.10.0.10,173.194.151.108,,,41505,443,0,37,17
1589249263.4596891,173.194.151.108,10.10.0.10,,,443,41505,0,1358,17
1589249263.468447,173.194.151.108,10.10.0.10,,,443,41505,0,1358,17
1589249263.470187,10.10.0.10,173.194.151.108,,,41505,443,0,37,17
1589249263.4772,173.194.151.108,10.10.0.10,,,443,41505,0,1358,17
1589249263.485977,173.194.151.108,10.10.0.10,,,443,41505,0,1358,17
1589249263.487449,10.10.0.10,173.194.151.108,,,41505,443,0,37,17
1589249263.494731,173.194.151.108,10.10.0.10,,,443,41505,0,1358,17
1589249263.5034778,173.194.151.108,10.10.0.10,,,443,41505,0,1358,17
1589249263.505175,10.10.0.10,173.194.151.108,,,41505,443,0,37,17
1589249263.5122268,173.194.151.108,10.10.0.10,,,443,41505,0,1358,17
1589249263.520978,173.194.151.108,10.10.0.10,,,443,41505,0,1358,17
1589249263.52268,10.10.0.10,173.194.151.108,,,41505,443,0,37,17
1589249263.529727,173.194.151.108,10.10.0.10,,,443,41505,0,1358,17
1589249263.538481,173.194.151.108,10.10.0.10,,,443,41505,0,1358,17
1589249263.5409439,10.10.0.10,173.194.151.108,,,41505,443,0,37,17
1589249263.5472374,173.194.151.108,10.10.0.10,,,443,41505,0,1358,17
1589249263.557042,173.194.151.108,10.10.0.10,,,443,41505,0,1358,17
1589249263.5585492,10.10.0.10,173.194.151.108,,,41505,443,0,37,17
1589249263.5658042,173.194.151.108,10.10.0.10,,,443,41505,0,1358,17
1589249263.574552,173.194.151.108,10.10.0.10,,,443,41505,0,1358,17
1589249263.576304,10.10.0.10,173.194.151.108,,,41505,443,0,37,17
1589249263.5833068,173.194.151.108,10.10.0.10,,,443,41505,0,1358,17
1589249263.592061,173.194.151.108,10.10.0.10,,,443,41505,0,1358,17
1589249263.5939572,10.10.0.10,173.194.151.108,,,41505,443,0,37,17
1589249263.6008232,173.194.151.108,10.10.0.10,,,443,41505,0,1358,17
1589249263.609574,173.194.151.108,10.10.0.10,,,443,41505,0,1358,17
1589249263.6111784,10.10.0.10,173.194.151.108,,,41505,443,0,50,17
1589249263.6183252,173.194.151.108,10.10.0.10,,,443,41505,0,1358,17
1589249263.627079,173.194.151.108,10.10.0.10,,,443,41505,0,1358,17
1589249263.628777,10.10.0.10,173.194.151.108,,,41505,443,0,37,17
1589249263.6358366,173.194.151.108,10.10.0.10,,,443,41505,0,1358,17
1589249263.644593,173.194.151.108,10.10.0.10,,,443,41505,0,1358,17
1589249263.646777,10.10.0.10,173.194.151.108,,,41505,443,0,37,17
1589249263.653352,173.194.151.108,10.10.0.10,,,443,41505,0,1358,17
1589249263.662103,173.194.151.108,10.10.0.10,,,443,41505,0,1358,17
1589249263.663657,10.10.0.10,173.194.151.108,,,41505,443,0,37,17
1589249263.670861,173.194.151.108,10.10.0.10,,,443,41505,0,1358,17
1589249263.679613,173.194.151.108,10.10.0.10,,,443,41505,0,1358,17
1589249263.6814241,10.10.0.10,173.194.151.108,,,41505,443,0,37,17
1589249263.6883645,173.194.151.108,10.10.0.10,,,443,41505,0,1358,17
1589249263.6971238,173.194.151.108,10.10.0.10,,,443,41505,0,29,17
1589249263.6975162,173.194.151.108,10.10.0.10,,,443,41505,0,1358,17
1589249263.698947,10.10.0.10,173.194.151.108,,,41505,443,0,37,17
1589249263.7062712,173.194.151.108,10.10.0.10,,,443,41505,0,1358,17
1589249263.715025,173.194.151.108,10.10.0.10,,,443,41505,0,1358,17
1589249263.72193,10.10.0.10,173.194.151.108,,,41505,443,0,37,17
1589249263.723779,173.194.151.108,10.10.0.10,,,443,41505,0,1358,17
1589249263.732538,173.194.151.108,10.10.0.10,,,443,41505,0,1358,17
1589249263.7343054,10.10.0.10,173.194.151.108,,,41505,443,0,37,17
1589249263.7412891,173.194.151.108,10.10.0.10,,,443,41505,0,1358,17
1589249263.750047,173.194.151.108,10.10.0.10,,,443,41505,0,1358,17
1589249263.756176,10.10.0.10,173.194.151.108,,,41505,443,0,37,17
1589249263.758802,173.194.151.108,10.10.0.10,,,443,41505,0,1358,17
1589249263.767559,173.194.151.108,10.10.0.10,,,443,41505,0,1358,17
1589249263.7693892,10.10.0.10,173.194.151.108,,,41505,443,0,37,17
1589249263.77631,173.194.151.108,10.10.0.10,,,443,41505,0,1358,17
1589249263.7850685,173.194.151.108,10.10.0.10,,,443,41505,0,1358,17
1589249263.787548,10.10.0.10,173.194.151.108,,,41505,443,0,37,17
1589249263.7938151,173.194.151.108,10.10.0.10,,,443,41505,0,1358,17
1589249263.802578,173.194.151.108,10.10.0.10,,,443,41505,0,1358,17
1589249263.804166,10.10.0.10,173.194.151.108,,,41505,443,0,37,17
1589249263.8113296,173.194.151.108,10.10.0.10,,,443,41505,0,1358,17
1589249263.82008,173.194.151.108,10.10.0.10,,,443,41505,0,1358,17
1589249263.8215482,10.10.0.10,173.194.151.108,,,41505,443,0,37,17
1589249263.828845,173.194.151.108,10.10.0.10,,,443,41505,0,1358,17
1589249263.837594,173.194.151.108,10.10.0.10,,,443,41505,0,1358,17
1589249263.839175,10.10.0.10,173.194.151.108,,,41505,443,0,37,17
1589249263.8463519,173.194.151.108,10.10.0.10,,,443,41505,0,1358,17
1589249263.855104,173.194.151.108,10.10.0.10,,,443,41505,0,1358,17
1589249263.857073,10.10.0.10,173.194.151.108,,,41505,443,0,37,17
1589249263.863858,173.194.151.108,10.10.0.10,,,443,41505,0,1358,17
1589249263.8726132,173.194.151.108,10.10.0.10,,,443,41505,0,1358,17
1589249263.8743124,10.10.0.10,173.194.151.108,,,41505,443,0,37,17
1589249263.8813698,173.194.151.108,10.10.0.10,,,443,41505,0,1358,17
1589249263.8901231,173.194.151.108,10.10.0.10,,,443,41505,0,1358,17
1589249263.8929422,10.10.0.10,173.194.151.108,,,41505,443,0,37,17
1589249263.8988779,173.194.151.108,10.10.0.10,,,443,41505,0,1358,17
1589249263.907632,173.194.151.108,10.10.0.10,,,443,41505,0,1358,17
1589249263.909301,10.10.0.10,173.194.151.108,,,41505,443,0,37,17
1589249263.9163866,173.194.151.108,10.10.0.10,,,443,41505,0,1358,17
1589249263.9251509,173.194.151.108,10.10.0.10,,,443,41505,0,1358,17
1589249263.9268134,10.10.0.10,173.194.151.108,,,41505,443,0,37,17
1589249263.9339,173.194.151.108,10.10.0.10,,,443,41505,0,1358,17
1589249263.942655,173.194.151.108,10.10.0.10,,,443,41505,0,1358,17
1589249263.944175,10.10.0.10,173.194.151.108,,,41505,443,0,37,17
1589249263.951406,173.194.151.108,10.10.0.10,,,443,41505,0,1358,17
1589249263.960162,173.194.151.108,10.10.0.10,,,443,41505,0,1358,17
1589249263.963667,10.10.0.10,173.194.151.108,,,41505,443,0,50,17
1589249263.968915,173.194.151.108,10.10.0.10,,,443,41505,0,1358,17
1589249263.9776692,173.194.151.108,10.10.0.10,,,443,41505,0,1358,17
1589249263.979917,10.10.0.10,173.194.151.108,,,41505,443,0,37,17
1589249263.986425,173.194.151.108,10.10.0.10,,,443,41505,0,1358,17
1589249263.995179,173.194.151.108,10.10.0.10,,,443,41505,0,1358,17
1589249263.9967911,10.10.0.10,173.194.151.108,,,41505,443,0,37,17
1589249264.003942,173.194.151.108,10.10.0.10,,,443,41505,0,1358,17
1589249264.0126898,173.194.151.108,10.10.0.10,,,443,41505,0,1358,17
1589249264.0150616,10.10.0.10,173.194.151.108,,,41505,443,0,37,17
1589249264.021446,173.194.151.108,10.10.0.10,,,443,41505,0,1358,17
1589249264.030212,173.194.151.108,10.10.0.10,,,443,41505,0,1358,17
1589249264.0316699,10.10.0.10,173.194.151.108,,,41505,443,0,37,17
1589249264.0389626,173.194.151.108,10.10.0.10,,,443,41505,0,1358,17
1589249264.0477092,173.194.151.108,10.10.0.10,,,443,41505,0,29,17
1589249264.0481026,173.194.151.108,10.10.0.10,,,443,41505,0,1358,17
1589249264.0495412,10.10.0.10,173.194.151.108,,,41505,443,0,37,17
1589249264.0568602,173.194.151.108,10.10.0.10,,,443,41505,0,1358,17
1589249264.0656116,173.194.151.108,10.10.0.10,,,443,41505,0,1358,17
1589249264.0673091,10.10.0.10,173.194.151.108,,,41505,443,0,37,17
1589249264.074367,173.194.151.108,10.10.0.10,,,443,41505,0,1358,17
1589249264.083123,173.194.151.108,10.10.0.10,,,443,41505,0,1358,17
1589249264.084791,10.10.0.10,173.194.151.108,,,41505,443,0,37,17
1589249264.0918796,173.194.151.108,10.10.0.10,,,443,41505,0,1358,17
1589249264.1006482,173.194.151.108,10.10.0.10,,,443,41505,0,1358,17
1589249264.1023078,10.10.0.10,173.194.151.108,,,41505,443,0,37,17
1589249264.1093972,173.194.151.108,10.10.0.10,,,443,41505,0,1358,17
1589249264.1181462,173.194.151.108,10.10.0.10,,,443,41505,0,1358,17
1589249264.1220381,10.10.0.10,173.194.151.108,,,41505,443,0,37,17
1589249264.1268961,173.194.151.108,10.10.0.10,,,443,41505,0,1358,17
1589249264.135646,173.194.151.108,10.10.0.10,,,443,41505,0,1358,17
1589249264.137681,10.10.0.10,173.194.151.108,,,41505,443,0,37,17
1589249264.144406,173.194.151.108,10.10.0.10,,,443,41505,0,1358,17
1589249264.1531599,173.194.151.108,10.10.0.10,,,443,41505,0,1358,17
1589249264.1571882,10.10.0.10,173.194.151.108,,,41505,443,0,37,17
1589249264.161914,173.194.151.108,10.10.0.10,,,443,41505,0,1358,17
1589249264.17067,173.194.151.108,10.10.0.10,,,443,41505,0,1358,17
1589249264.1723206,10.10.0.10,173.194.151.108,,,41505,443,0,37,17
1589249264.179425,173.194.151.108,10.10.0.10,,,443,41505,0,1358,17
1589249264.1881778,173.194.151.108,10.10.0.10,,,443,41505,0,1358,17
1589249264.1896632,10.10.0.10,173.194.151.108,,,41505,443,0,37,17
1589249264.1969562,173.194.151.108,10.10.0.10,,,443,41505,0,1358,17
1589249264.2057061,173.194.151.108,10.10.0.10,,,443,41505,0,1358,17
1589249264.207881,10.10.0.10,173.194.151.108,,,41505,443,0,37,17
1589249264.214458,173.194.151.108,10.10.0.10,,,443,41505,0,1358,17
1589249264.223193,173.194.151.108,10.10.0.10,,,443,41505,0,1358,17
1589249264.225055,10.10.0.10,173.194.151.108,,,41505,443,0,37,17
1589249264.231962,173.194.151.108,10.10.0.10,,,443,41505,0,1358,17
1589249264.240708,173.194.151.108,10.10.0.10,,,443,41505,0,1358,17
1589249264.242432,10.10.0.10,173.194.151.108,,,41505,443,0,37,17
1589249264.249462,173.194.151.108,10.10.0.10,,,443,41505,0,1358,17
1589249264.2582202,173.194.151.108,10.10.0.10,,,443,41505,0,1358,17
1589249264.2599092,10.10.0.10,173.194.151.108,,,41505,443,0,37,17
1589249264.266972,173.194.151.108,10.10.0.10,,,443,41505,0,1358,17
1589249264.275726,173.194.151.108,10.10.0.10,,,443,41505,0,1358,17
1589249264.278554,10.10.0.10,173.194.151.108,,,41505,443,0,37,17
1589249264.284483,173.194.151.108,10.10.0.10,,,443,41505,0,1358,17
1589249264.2932358,173.194.151.108,10.10.0.10,,,443,41505,0,1358,17
1589249264.2954268,10.10.0.10,173.194.151.108,,,41505,443,0,37,17
1589249264.301992,173.194.151.108,10.10.0.10,,,443,41505,0,1358,17
1589249264.310745,173.194.151.108,10.10.0.10,,,443,41505,0,1358,17
1589249264.3127892,10.10.0.10,173.194.151.108,,,41505,443,0,50,17
1589249264.319515,173.194.151.108,10.10.0.10,,,443,41505,0,1358,17
1589249264.3282669,173.194.151.108,10.10.0.10,,,443,41505,0,1358,17
1589249264.329906,10.10.0.10,173.194.151.108,,,41505,443,0,37,17
1589249264.337016,173.194.151.108,10.10.0.10,,,443,41505,0,1358,17
1589249264.3457642,173.194.151.108,10.10.0.10,,,443,41505,0,1358,17
1589249264.349676,10.10.0.10,173.194.151.108,,,41505,443,0,37,17
1589249264.3545198,173.194.151.108,10.10.0.10,,,443,41505,0,1358,17
1589249264.3632748,173.194.151.108,10.10.0.10,,,443,41505,0,29,17
1589249264.363671,173.194.151.108,10.10.0.10,,,443,41505,0,1358,17
1589249264.3651571,10.10.0.10,173.194.151.108,,,41505,443,0,37,17
1589249264.3724241,173.194.151.108,10.10.0.10,,,443,41505,0,1358,17
1589249264.381201,173.194.151.108,10.10.0.10,,,443,41505,0,1358,17
1589249264.383023,10.10.0.10,173.194.151.108,,,41505,443,0,37,17
1589249264.389951,173.194.151.108,10.10.0.10,,,443,41505,0,1358,17
1589249264.3987026,173.194.151.108,10.10.0.10,,,443,41505,0,1358,17
1589249264.40053,10.10.0.10,173.194.151.108,,,41505,443,0,37,17
1589249264.407442,173.194.151.108,10.10.0.10,,,443,41505,0,1358,17
1589249264.416193,173.194.151.108,10.10.0.10,,,443,41505,0,1358,17
1589249264.417655,10.10.0.10,173.194.151.108,,,41505,443,0,37,17
1589249264.4249554,173.194.151.108,10.10.0.10,,,443,41505,0,1358,17
1589249264.4337082,173.194.151.108,10.10.0.10,,,443,41505,0,1358,17
1589249264.4357831,10.10.0.10,173.194.151.108,,,41505,443,0,37,17
1589249264.442462,173.194.151.108,10.10.0.10,,,443,41505,0,1358,17
1589249264.451217,173.194.151.108,10.10.0.10,,,443,41505,0,1358,17
1589249264.4529223,10.10.0.10,173.194.151.108,,,41505,443,0,37,17
1589249264.45997,173.194.151.108,10.10.0.10,,,443,41505,0,1358,17
1589249264.4687278,173.194.151.108,10.10.0.10,,,443,41505,0,1358,17
1589249264.470405,10.10.0.10,173.194.151.108,,,41505,443,0,37,17
1589249264.477476,173.194.151.108,10.10.0.10,,,443,41505,0,1358,17
1589249264.4862368,173.194.151.108,10.10.0.10,,,443,41505,0,1358,17
1589249264.487797,10.10.0.10,173.194.151.108,,,41505,443,0,37,17
1589249264.4949858,173.194.151.108,10.10.0.10,,,443,41505,0,1358,17
1589249264.5037599,173.194.151.108,10.10.0.10,,,443,41505,0,1358,17
1589249264.5125089,173.194.151.108,10.10.0.10,,,443,41505,0,1358,17
1589249264.5212588,173.194.151.108,10.10.0.10,,,443,41505,0,1358,17
1589249264.530009,173.194.151.108,10.10.0.10,,,443,41505,0,1358,17
1589249264.530778,10.10.0.10,173.194.151.108,,,41505,443,0,37,17
1589249264.534048,10.10.0.10,173.194.151.108,,,41505,443,0,37,17
1589249264.5387642,173.194.151.108,10.10.0.10,,,443,41505,0,1358,17
1589249264.5402932,10.10.0.10,173.194.151.108,,,41505,443,0,37,17
1589249264.54752,173.194.151.108,10.10.0.10,,,443,41505,0,1358,17
1589249264.5562696,173.194.151.108,10.10.0.10,,,443,41505,0,1358,17
1589249264.557993,10.10.0.10,173.194.151.108,,,41505,443,0,37,17
1589249264.5650258,173.194.151.108,10.10.0.10,,,443,41505,0,1358,17
1589249264.573783,173.194.151.108,10.10.0.10,,,443,41505,0,1358,17
1589249264.5786722,10.10.0.10,173.194.151.108,,,41505,443,0,37,17
1589249264.582534,173.194.151.108,10.10.0.10,,,443,41505,0,1358,17
1589249264.591292,173.194.151.108,10.10.0.10,,,443,41505,0,1358,17
1589249264.593011,10.10.0.10,173.194.151.108,,,41505,443,0,37,17
1589249264.600042,173.194.151.108,10.10.0.10,,,443,41505,0,1358,17
1589249264.6088178,173.194.151.108,10.10.0.10,,,443,41505,0,1358,17
1589249264.610546,10.10.0.10,173.194.151.108,,,41505,443,0,37,17
1589249264.617554,173.194.151.108,10.10.0.10,,,443,41505,0,1358,17
1589249264.6263056,173.194.151.108,10.10.0.10,,,443,41505,0,1358,17
1589249264.6307948,10.10.0.10,173.194.151.108,,,41505,443,0,37,17
1589249264.6350641,173.194.151.108,10.10.0.10,,,443,41505,0,1358,17
1589249264.643818,173.194.151.108,10.10.0.10,,,443,41505,0,1358,17
1589249264.6453972,10.10.0.10,173.194.151.108,,,41505,443,0,37,17
1589249264.6525722,173.194.151.108,10.10.0.10,,,443,41505,0,1358,17
1589249264.6613252,173.194.151.108,10.10.0.10,,,443,41505,0,1358,17
1589249264.6631582,10.10.0.10,173.194.151.108,,,41505,443,0,50,17
1589249264.6700811,173.194.151.108,10.10.0.10,,,443,41505,0,1358,17
1589249264.678834,173.194.151.108,10.10.0.10,,,443,41505,0,1358,17
1589249264.6810234,10.10.0.10,173.194.151.108,,,41505,443,0,37,17
1589249264.687596,173.194.151.108,10.10.0.10,,,443,41505,0,1358,17
1589249264.6963482,173.194.151.108,10.10.0.10,,,443,41505,0,1358,17
1589249264.6983962,10.10.0.10,173.194.151.108,,,41505,443,0,37,17
1589249264.7051,173.194.151.108,10.10.0.10,,,443,41505,0,29,17
1589249264.7054908,173.194.151.108,10.10.0.10,,,443,41505,0,1358,17
1589249264.7142508,173.194.151.108,10.10.0.10,,,443,41505,0,1358,17
1589249264.717278,10.10.0.10,173.194.151.108,,,41505,443,0,37,17
1589249264.723003,173.194.151.108,10.10.0.10,,,443,41505,0,1358,17
1589249264.7317634,173.194.151.108,10.10.0.10,,,443,41505,0,1358,17
1589249264.733403,10.10.0.10,173.194.151.108,,,41505,443,0,37,17
1589249264.7405179,173.194.151.108,10.10.0.10,,,443,41505,0,1358,17
1589249264.749272,173.194.151.108,10.10.0.10,,,443,41505,0,1358,17
1589249264.750782,10.10.0.10,173.194.151.108,,,41505,443,0,37,17
1589249264.758023,173.194.151.108,10.10.0.10,,,443,41505,0,1358,17
1589249264.766777,173.194.151.108,10.10.0.10,,,443,41505,0,1358,17
1589249264.769638,10.10.0.10,173.194.151.108,,,41505,443,0,37,17
1589249264.775538,173.194.151.108,10.10.0.10,,,443,41505,0,1358,17
1589249264.784287,173.194.151.108,10.10.0.10,,,443,41505,0,1358,17
1589249264.785914,10.10.0.10,173.194.151.108,,,41505,443,0,37,17
1589249264.793062,173.194.151.108,10.10.0.10,,,443,41505,0,1358,17
1589249264.8018205,173.194.151.108,10.10.0.10,,,443,41505,0,1358,17
1589249264.803393,10.10.0.10,173.194.151.108,,,41505,443,0,37,17
1589249264.8105652,173.194.151.108,10.10.0.10,,,443,41505,0,1358,17
1589249264.819316,173.194.151.108,10.10.0.10,,,443,41505,0,1358,17
1589249264.820913,10.10.0.10,173.194.151.108,,,41505,443,0,37,17
1589249264.8280606,173.194.151.108,10.10.0.10,,,443,41505,0,1358,17
1589249264.836816,173.194.151.108,10.10.0.10,,,443,41505,0,1358,17
1589249264.8385148,10.10.0.10,173.194.151.108,,,41505,443,0,37,17
1589249264.845578,173.194.151.108,10.10.0.10,,,443,41505,0,1358,17
1589249264.854327,173.194.151.108,10.10.0.10,,,443,41505,0,1358,17
1589249264.8559911,10.10.0.10,173.194.151.108,,,41505,443,0,37,17
1589249264.863084,173.194.151.108,10.10.0.10,,,443,41505,0,1358,17
1589249264.87184,173.194.151.108,10.10.0.10,,,443,41505,0,1358,17
1589249264.8735054,10.10.0.10,173.194.151.108,,,41505,443,0,37,17
1589249264.8805964,173.194.151.108,10.10.0.10,,,443,41505,0,1358,17
1589249264.8893492,173.194.151.108,10.10.0.10,,,443,41505,0,1358,17
1589249264.891535,10.10.0.10,173.194.151.108,,,41505,443,0,37,17
1589249264.898104,173.194.151.108,10.10.0.10,,,443,41505,0,1358,17
1589249264.906857,173.194.151.108,10.10.0.10,,,443,41505,0,1358,17
1589249264.9087696,10.10.0.10,173.194.151.108,,,41505,443,0,37,17
1589249264.915623,173.194.151.108,10.10.0.10,,,443,41505,0,1358,17
1589249264.924374,173.194.151.108,10.10.0.10,,,443,41505,0,1358,17
1589249264.9265158,10.10.0.10,173.194.151.108,,,41505,443,0,37,17
1589249264.9331238,173.194.151.108,10.10.0.10,,,443,41505,0,1358,17
1589249264.9418778,173.194.151.108,10.10.0.10,,,443,41505,0,1358,17
1589249264.9435148,10.10.0.10,173.194.151.108,,,41505,443,0,37,17
1589249264.9506311,173.194.151.108,10.10.0.10,,,443,41505,0,1358,17
1589249264.9593859,173.194.151.108,10.10.0.10,,,443,41505,0,1358,17
1589249264.9610202,10.10.0.10,173.194.151.108,,,41505,443,0,37,17
1589249264.968144,173.194.151.108,10.10.0.10,,,443,41505,0,1358,17
1589249264.976898,173.194.151.108,10.10.0.10,,,443,41505,0,1358,17
1589249264.9791572,10.10.0.10,173.194.151.108,,,41505,443,0,37,17
1589249264.9856515,173.194.151.108,10.10.0.10,,,443,41505,0,1358,17
1589249264.994405,173.194.151.108,10.10.0.10,,,443,41505,0,1358,17
1589249264.996031,10.10.0.10,173.194.151.108,,,41505,443,0,37,17
1589249265.0031831,173.194.151.108,10.10.0.10,,,443,41505,0,1358,17
1589249265.011933,173.194.151.108,10.10.0.10,,,443,41505,0,1358,17
1589249265.013782,10.10.0.10,173.194.151.108,,,41505,443,0,50,17
1589249265.0206661,173.194.151.108,10.10.0.10,,,443,41505,0,1358,17
1589249265.029435,173.194.151.108,10.10.0.10,,,443,41505,0,1358,17
1589249265.031658,10.10.0.10,173.194.151.108,,,41505,443,0,37,17
1589249265.038179,173.194.151.108,10.10.0.10,,,443,41505,0,1358,17
1589249265.046934,173.194.151.108,10.10.0.10,,,443,41505,0,1358,17
1589249265.048655,10.10.0.10,173.194.151.108,,,41505,443,0,37,17
1589249265.0556884,173.194.151.108,10.10.0.10,,,443,41505,0,29,17
1589249265.0560858,173.194.151.108,10.10.0.10,,,443,41505,0,1358,17
1589249265.06484,173.194.151.108,10.10.0.10,,,443,41505,0,1358,17
1589249265.06652,10.10.0.10,173.194.151.108,,,41505,443,0,37,17
1589249265.0735948,173.194.151.108,10.10.0.10,,,443,41505,0,1358,17
1589249265.082349,173.194.151.108,10.10.0.10,,,443,41505,0,1358,17
1589249265.0842595,10.10.0.10,173.194.151.108,,,41505,443,0,37,17
1589249265.0911179,173.194.151.108,10.10.0.10,,,443,41505,0,1358,17
1589249265.0998669,173.194.151.108,10.10.0.10,,,443,41505,0,1358,17
1589249265.1015306,10.10.0.10,173.194.151.108,,,41505,443,0,37,17
1589249265.108619,173.194.151.108,10.10.0.10,,,443,41505,0,1358,17
1589249265.117366,173.194.151.108,10.10.0.10,,,443,41505,0,1358,17
1589249265.1188748,10.10.0.10,173.194.151.108,,,41505,443,0,37,17
1589249265.126125,173.194.151.108,10.10.0.10,,,443,41505,0,1358,17
1589249265.1348774,173.194.151.108,10.10.0.10,,,443,41505,0,1358,17
1589249265.1364038,10.10.0.10,173.194.151.108,,,41505,443,0,37,17
1589249265.1436439,173.194.151.108,10.10.0.10,,,443,41505,0,1358,17
1589249265.152383,173.194.151.108,10.10.0.10,,,443,41505,0,1358,17
1589249265.1538749,10.10.0.10,173.194.151.108,,,41505,443,0,37,17
1589249265.161142,173.194.151.108,10.10.0.10,,,443,41505,0,1358,17
1589249265.169898,173.194.151.108,10.10.0.10,,,443,41505,0,1358,17
1589249265.171259,10.10.0.10,173.194.151.108,,,41505,443,0,37,17
1589249265.178652,173.194.151.108,10.10.0.10,,,443,41505,0,1358,17
1589249265.187426,173.194.151.108,10.10.0.10,,,443,41505,0,1358,17
1589249265.1893866,10.10.0.10,173.194.151.108,,,41505,443,0,37,17
1589249265.196178,173.194.151.108,10.10.0.10,,,443,41505,0,1358,17
1589249265.2049308,173.194.151.108,10.10.0.10,,,443,41505,0,1358,17
1589249265.206511,10.10.0.10,173.194.151.108,,,41505,443,0,37,17
1589249265.2136786,173.194.151.108,10.10.0.10,,,443,41505,0,1358,17
1589249265.2224288,173.194.151.108,10.10.0.10,,,443,41505,0,1358,17
1589249265.224402,10.10.0.10,173.194.151.108,,,41505,443,0,37,17
1589249265.2311811,173.194.151.108,10.10.0.10,,,443,41505,0,1358,17
1589249265.239935,173.194.151.108,10.10.0.10,,,443,41505,0,1358,17
1589249265.243274,10.10.0.10,173.194.151.108,,,41505,443,0,37,17
1589249265.2486901,173.194.151.108,10.10.0.10,,,443,41505,0,1358,17
1589249265.257443,173.194.151.108,10.10.0.10,,,443,41505,0,1358,17
1589249265.259009,10.10.0.10,173.194.151.108,,,41505,443,0,37,17
1589249265.266199,173.194.151.108,10.10.0.10,,,443,41505,0,1358,17
1589249265.274953,173.194.151.108,10.10.0.10,,,443,41505,0,1358,17
1589249265.2766519,10.10.0.10,173.194.151.108,,,41505,443,0,37,17
1589249265.283708,173.194.151.108,10.10.0.10,,,443,41505,0,1358,17
1589249265.2924619,173.194.151.108,10.10.0.10,,,443,41505,0,1358,17
1589249265.2941492,10.10.0.10,173.194.151.108,,,41505,443,0,37,17
1589249265.301217,173.194.151.108,10.10.0.10,,,443,41505,0,1358,17
1589249265.3099868,173.194.151.108,10.10.0.10,,,443,41505,0,1358,17
1589249265.31176,10.10.0.10,173.194.151.108,,,41505,443,0,37,17
1589249265.318737,173.194.151.108,10.10.0.10,,,443,41505,0,1358,17
1589249265.327486,173.194.151.108,10.10.0.10,,,443,41505,0,1358,17
1589249265.329149,10.10.0.10,173.194.151.108,,,41505,443,0,37,17
1589249265.3362448,173.194.151.108,10.10.0.10,,,443,41505,0,1358,17
1589249265.344992,173.194.151.108,10.10.0.10,,,443,41505,0,1358,17
1589249265.34676,10.10.0.10,173.194.151.108,,,41505,443,0,37,17
1589249265.3537462,173.194.151.108,10.10.0.10,,,443,41505,0,1358,17
1589249265.3625,173.194.151.108,10.10.0.10,,,443,41505,0,1358,17
1589249265.36415,10.10.0.10,173.194.151.108,,,41505,443,0,50,17
1589249265.3712552,173.194.151.108,10.10.0.10,,,443,41505,0,1358,17
1589249265.38001,173.194.151.108,10.10.0.10,,,443,41505,0,1358,17
1589249265.381993,10.10.0.10,173.194.151.108,,,41505,443,0,37,17
1589249265.388767,173.194.151.108,10.10.0.10,,,443,41505,0,1358,17
1589249265.3975186,173.194.151.108,10.10.0.10,,,443,41505,0,1358,17
1589249265.399646,10.10.0.10,173.194.151.108,,,41505,443,0,37,17
1589249265.406296,173.194.151.108,10.10.0.10,,,443,41505,0,1358,17
1589249265.415046,173.194.151.108,10.10.0.10,,,443,41505,0,1358,17
1589249265.416647,10.10.0.10,173.194.151.108,,,41505,443,0,37,17
1589249265.423795,173.194.151.108,10.10.0.10,,,443,41505,0,1358,17
1589249265.4325492,173.194.151.108,10.10.0.10,,,443,41505,0,1358,17
1589249265.43427,10.10.0.10,173.194.151.108,,,41505,443,0,37,17
1589249265.441293,173.194.151.108,10.10.0.10,,,443,41505,0,1358,17
1589249265.45005,173.194.151.108,10.10.0.10,,,443,41505,0,1358,17
1589249265.451777,10.10.0.10,173.194.151.108,,,41505,443,0,37,17
1589249265.458804,173.194.151.108,10.10.0.10,,,443,41505,0,1358,17
1589249265.4675558,173.194.151.108,10.10.0.10,,,443,41505,0,1358,17
1589249265.469394,10.10.0.10,173.194.151.108,,,41505,443,0,37,17
1589249265.4763124,173.194.151.108,10.10.0.10,,,443,41505,0,1358,17
1589249265.485067,173.194.151.108,10.10.0.10,,,443,41505,0,1358,17
1589249265.487894,10.10.0.10,173.194.151.108,,,41505,443,0,37,17
1589249265.493826,173.194.151.108,10.10.0.10,,,443,41505,0,1358,17
1589249265.502577,173.194.151.108,10.10.0.10,,,443,41505,0,1358,17
1589249265.504145,10.10.0.10,173.194.151.108,,,41505,443,0,37,17
1589249265.5113318,173.194.151.108,10.10.0.10,,,443,41505,0,1358,17
1589249265.5200849,173.194.151.108,10.10.0.10,,,443,41505,0,1358,17
1589249265.521872,10.10.0.10,173.194.151.108,,,41505,443,0,37,17
1589249265.528856,173.194.151.108,10.10.0.10,,,443,41505,0,1358,17
1589249265.537606,173.194.151.108,10.10.0.10,,,443,41505,0,1358,17
1589249265.539247,10.10.0.10,173.194.151.108,,,41505,443,0,37,17
1589249265.5463572,173.194.151.108,10.10.0.10,,,443,41505,0,1358,17
1589249265.5551078,173.194.151.108,10.10.0.10,,,443,41505,0,1358,17
1589249265.556863,10.10.0.10,173.194.151.108,,,41505,443,0,37,17
1589249265.5638552,173.194.151.108,10.10.0.10,,,443,41505,0,1358,17
1589249265.57261,173.194.151.108,10.10.0.10,,,443,41505,0,1358,17
1589249265.578768,10.10.0.10,173.194.151.108,,,41505,443,0,37,17
1589249265.5813725,173.194.151.108,10.10.0.10,,,443,41505,0,1358,17
1589249265.5901196,173.194.151.108,10.10.0.10,,,443,41505,0,1358,17
1589249265.5916188,10.10.0.10,173.194.151.108,,,41505,443,0,37,17
1589249265.59887,173.194.151.108,10.10.0.10,,,443,41505,0,1358,17
1589249265.607626,173.194.151.108,10.10.0.10,,,443,41505,0,1358,17
1589249265.6092649,10.10.0.10,173.194.151.108,,,41505,443,0,37,17
1589249265.616395,173.194.151.108,10.10.0.10,,,443,41505,0,1358,17
1589249265.625154,173.194.151.108,10.10.0.10,,,443,41505,0,1358,17
1589249265.627094,10.10.0.10,173.194.151.108,,,41505,443,0,37,17
1589249265.633897,173.194.151.108,10.10.0.10,,,443,41505,0,1358,17
1589249265.6426609,173.194.151.108,10.10.0.10,,,443,41505,0,1358,17
1589249265.6442828,10.10.0.10,173.194.151.108,,,41505,443,0,37,17
1589249265.6514142,173.194.151.108,10.10.0.10,,,443,41505,0,1358,17
1589249265.6601546,173.194.151.108,10.10.0.10,,,443,41505,0,1358,17
1589249265.6618588,10.10.0.10,173.194.151.108,,,41505,443,0,37,17
1589249265.668912,173.194.151.108,10.10.0.10,,,443,41505,0,1358,17
1589249265.677665,173.194.151.108,10.10.0.10,,,443,41505,0,1358,17
1589249265.67935,10.10.0.10,173.194.151.108,,,41505,443,0,37,17
1589249265.686424,173.194.151.108,10.10.0.10,,,443,41505,0,1358,17
1589249265.695179,173.194.151.108,10.10.0.10,,,443,41505,0,1358,17
1589249265.697618,10.10.0.10,173.194.151.108,,,41505,443,0,37,17
1589249265.7039332,173.194.151.108,10.10.0.10,,,443,41505,0,1358,17
1589249265.7126858,173.194.151.108,10.10.0.10,,,443,41505,0,1358,17
1589249265.7142231,10.10.0.10,173.194.151.108,,,41505,443,0,50,17
1589249265.7214382,173.194.151.108,10.10.0.10,,,443,41505,0,1358,17
1589249265.730207,173.194.151.108,10.10.0.10,,,443,41505,0,1358,17
1589249265.7321172,10.10.0.10,173.194.151.108,,,41505,443,0,37,17
1589249265.7389538,173.194.151.108,10.10.0.10,,,443,41505,0,1358,17
1589249265.7477224,173.194.151.108,10.10.0.10,,,443,41505,0,1358,17
1589249265.7495134,10.10.0.10,173.194.151.108,,,41505,443,0,37,17
1589249265.756465,173.194.151.108,10.10.0.10,,,443,41505,0,1358,17
1589249265.7652118,173.194.151.108,10.10.0.10,,,443,41505,0,29,17
1589249265.7656052,173.194.151.108,10.10.0.10,,,443,41505,0,1358,17
1589249265.7681382,10.10.0.10,173.194.151.108,,,41505,443,0,37,17
1589249265.77436,173.194.151.108,10.10.0.10,,,443,41505,0,1358,17
1589249265.7831235,173.194.151.108,10.10.0.10,,,443,41505,0,1358,17
1589249265.7918851,173.194.151.108,10.10.0.10,,,443,41505,0,1358,17
1589249265.7996562,10.10.0.10,173.194.151.108,,,41505,443,0,37,17
1589249265.800648,173.194.151.108,10.10.0.10,,,443,41505,0,1358,17
1589249265.809409,173.194.151.108,10.10.0.10,,,443,41505,0,1358,17
1589249265.815887,10.10.0.10,173.194.151.108,,,41505,443,0,37,17
1589249265.818136,173.194.151.108,10.10.0.10,,,443,41505,0,1358,17
1589249265.819606,10.10.0.10,173.194.151.108,,,41505,443,0,37,17
1589249265.826909,173.194.151.108,10.10.0.10,,,443,41505,0,1358,17
1589249265.835662,173.194.151.108,10.10.0.10,,,443,41505,0,1358,17
1589249265.8371036,10.10.0.10,173.194.151.108,,,41505,443,0,37,17
1589249265.844413,173.194.151.108,10.10.0.10,,,443,41505,0,1358,17
1589249265.8531628,173.194.151.108,10.10.0.10,,,443,41505,0,1358,17
1589249265.854611,10.10.0.10,173.194.151.108,,,41505,443,0,37,17
1589249265.861918,173.194.151.108,10.10.0.10,,,443,41505,0,1358,17
1589249265.8706698,173.194.151.108,10.10.0.10,,,443,41505,0,1358,17
1589249265.872133,10.10.0.10,173.194.151.108,,,41505,443,0,37,17
1589249265.879424,173.194.151.108,10.10.0.10,,,443,41505,0,1358,17
1589249265.888174,173.194.151.108,10.10.0.10,,,443,41505,0,1358,17
1589249265.889737,10.10.0.10,173.194.151.108,,,41505,443,0,37,17
1589249265.896937,173.194.151.108,10.10.0.10,,,443,41505,0,1358,17
1589249265.905689,173.194.151.108,10.10.0.10,,,443,41505,0,1358,17
1589249265.9073632,10.10.0.10,173.194.151.108,,,41505,443,0,37,17
1589249265.9144428,173.194.151.108,10.10.0.10,,,443,41505,0,1358,17
1589249265.923199,173.194.151.108,10.10.0.10,,,443,41505,0,1358,17
1589249265.9250062,10.10.0.10,173.194.151.108,,,41505,443,0,37,17
1589249265.931952,173.194.151.108,10.10.0.10,,,443,41505,0,1358,17
1589249265.9407182,173.194.151.108,10.10.0.10,,,443,41505,0,1358,17
1589249265.942631,10.10.0.10,173.194.151.108,,,41505,443,0,37,17
1589249265.949457,173.194.151.108,10.10.0.10,,,443,41505,0,1358,17
1589249265.9582179,173.194.151.108,10.10.0.10,,,443,41505,0,1358,17
1589249265.9601321,10.10.0.10,173.194.151.108,,,41505,443,0,37,17
1589249265.9669714,173.194.151.108,10.10.0.10,,,443,41505,0,1358,17
1589249265.975728,173.194.151.108,10.10.0.10,,,443,41505,0,1358,17
1589249265.977359,10.10.0.10,173.194.151.108,,,41505,443,0,37,17
1589249265.984477,173.194.151.108,10.10.0.10,,,443,41505,0,1358,17
1589249265.9932392,173.194.151.108,10.10.0.10,,,443,41505,0,1358,17
1589249265.99475,10.10.0.10,173.194.151.108,,,41505,443,0,37,17
1589249266.0019972,173.194.151.108,10.10.0.10,,,443,41505,0,1358,17
1589249266.0107448,173.194.151.108,10.10.0.10,,,443,41505,0,1358,17
1589249266.0122578,10.10.0.10,173.194.151.108,,,41505,443,0,37,17
1589249266.0195005,173.194.151.108,10.10.0.10,,,443,41505,0,1358,17
1589249266.0282528,173.194.151.108,10.10.0.10,,,443,41505,0,1358,17
1589249266.0298774,10.10.0.10,173.194.151.108,,,41505,443,0,37,17
1589249266.037027,173.194.151.108,10.10.0.10,,,443,41505,0,1358,17
1589249266.0457768,173.194.151.108,10.10.0.10,,,443,41505,0,1358,17
1589249266.047232,10.10.0.10,173.194.151.108,,,41505,443,0,37,17
1589249266.0545301,173.194.151.108,10.10.0.10,,,443,41505,0,1358,17
1589249266.06328,173.194.151.108,10.10.0.10,,,443,41505,0,1358,17
1589249266.0657241,10.10.0.10,173.194.151.108,,,41505,443,0,50,17
1589249266.072022,173.194.151.108,10.10.0.10,,,443,41505,0,1358,17
1589249266.0807831,173.194.151.108,10.10.0.10,,,443,41505,0,1358,17
1589249266.0823548,10.10.0.10,173.194.151.108,,,41505,443,0,37,17
1589249266.0895398,173.194.151.108,10.10.0.10,,,443,41505,0,1358,17
1589249266.098294,173.194.151.108,10.10.0.10,,,443,41505,0,1358,17
1589249266.1021204,10.10.0.10,173.194.151.108,,,41505,443,0,37,17
1589249266.1070461,173.194.151.108,10.10.0.10,,,443,41505,0,1358,17
1589249266.1158028,173.194.151.108,10.10.0.10,,,443,41505,0,29,17
1589249266.116213,173.194.151.108,10.10.0.10,,,443,41505,0,1358,17
1589249266.117626,10.10.0.10,173.194.151.108,,,41505,443,0,37,17
1589249266.1249628,173.194.151.108,10.10.0.10,,,443,41505,0,1358,17
1589249266.1337118,173.194.151.108,10.10.0.10,,,443,41505,0,1358,17
1589249266.1353474,10.10.0.10,173.194.151.108,,,41505,443,0,37,17
1589249266.1424642,173.194.151.108,10.10.0.10,,,443,41505,0,1358,17
1589249266.1512198,173.194.151.108,10.10.0.10,,,443,41505,0,1358,17
1589249266.152999,10.10.0.10,173.194.151.108,,,41505,443,0,37,17
1589249266.159975,173.194.151.108,10.10.0.10,,,443,41505,0,1358,17
1589249266.168726,173.194.151.108,10.10.0.10,,,443,41505,0,1358,17
1589249266.170375,10.10.0.10,173.194.151.108,,,41505,443,0,37,17
1589249266.177481,173.194.151.108,10.10.0.10,,,443,41505,0,1358,17
1589249266.186236,173.194.151.108,10.10.0.10,,,443,41505,0,1358,17
1589249266.1878438,10.10.0.10,173.194.151.108,,,41505,443,0,37,17
1589249266.194991,173.194.151.108,10.10.0.10,,,443,41505,0,1358,17
1589249266.2037468,173.194.151.108,10.10.0.10,,,443,41505,0,1358,17
1589249266.2054892,10.10.0.10,173.194.151.108,,,41505,443,0,37,17
1589249266.212497,173.194.151.108,10.10.0.10,,,443,41505,0,1358,17
1589249266.221273,173.194.151.108,10.10.0.10,,,443,41505,0,1358,17
1589249266.222977,10.10.0.10,173.194.151.108,,,41505,443,0,37,17
1589249266.2300222,173.194.151.108,10.10.0.10,,,443,41505,0,1358,17
1589249266.238775,173.194.151.108,10.10.0.10,,,443,41505,0,1358,17
1589249266.2405012,10.10.0.10,173.194.151.108,,,41505,443,0,37,17
1589249266.2475252,173.194.151.108,10.10.0.10,,,443,41505,0,1358,17
1589249266.256275,173.194.151.108,10.10.0.10,,,443,41505,0,1358,17
1589249266.2578409,10.10.0.10,173.194.151.108,,,41505,443,0,37,17
1589249266.265025,173.194.151.108,10.10.0.10,,,443,41505,0,692,17
1589249266.2855036,10.10.0.10,173.194.151.108,,,41505,443,0,728,17
1589249266.2858698,10.10.0.10,173.194.151.108,,,41505,443,0,48,17
1589249266.2900062,173.194.151.108,10.10.0.10,,,443,41505,0,115,17
1589249266.2900374,173.194.151.108,10.10.0.10,,,443,41505,0,1358,17
1589249266.29006,173.194.151.108,10.10.0.10,,,443,41505,0,1358,17
1589249266.291729,10.10.0.10,173.194.151.108,,,41505,443,0,37,17
1589249266.2984,173.194.151.108,10.10.0.10,,,443,41505,0,1358,17
1589249266.300117,10.10.0.10,173.194.151.108,,,41505,443,0,37,17
1589249266.307154,173.194.151.108,10.10.0.10,,,443,41505,0,1358,17
1589249266.315902,173.194.151.108,10.10.0.10,,,443,41505,0,1358,17
1589249266.317728,10.10.0.10,173.194.151.108,,,41505,443,0,37,17
1589249266.324666,173.194.151.108,10.10.0.10,,,443,41505,0,1358,17
1589249266.333417,173.194.151.108,10.10.0.10,,,443,41505,0,1358,17
1589249266.335119,10.10.0.10,173.194.151.108,,,41505,443,0,37,17
1589249266.3421721,173.194.151.108,10.10.0.10,,,443,41505,0,1358,17
1589249266.3509278,173.194.151.108,10.10.0.10,,,443,41505,0,1358,17
1589249266.3526044,10.10.0.10,173.194.151.108,,,41505,443,0,37,17
1589249266.3596818,173.194.151.108,10.10.0.10,,,443,41505,0,1358,17
1589249266.3684368,173.194.151.108,10.10.0.10,,,443,41505,0,1358,17
1589249266.3700998,10.10.0.10,173.194.151.108,,,41505,443,0,37,17
1589249266.377206,173.194.151.108,10.10.0.10,,,443,41505,0,1358,17
1589249266.3859556,173.194.151.108,10.10.0.10,,,443,41505,0,1358,17
1589249266.3876169,10.10.0.10,173.194.151.108,,,41505,443,0,37,17
1589249266.394705,173.194.151.108,10.10.0.10,,,443,41505,0,1358,17
1589249266.403456,173.194.151.108,10.10.0.10,,,443,41505,0,1358,17
1589249266.4052222,10.10.0.10,173.194.151.108,,,41505,443,0,37,17
1589249266.412211,173.194.151.108,10.10.0.10,,,443,41505,0,1358,17
1589249266.420966,173.194.151.108,10.10.0.10,,,443,41505,0,1358,17
1589249266.422617,10.10.0.10,173.194.151.108,,,41505,443,0,37,17
1589249266.42972,173.194.151.108,10.10.0.10,,,443,41505,0,1358,17
1589249266.438478,173.194.151.108,10.10.0.10,,,443,41505,0,1358,17
1589249266.440347,10.10.0.10,173.194.151.108,,,41505,443,0,37,17
1589249266.4472294,173.194.151.108,10.10.0.10,,,443,41505,0,1358,17
1589249266.455981,173.194.151.108,10.10.0.10,,,443,41505,0,1358,17
1589249266.4576151,10.10.0.10,173.194.151.108,,,41505,443,0,37,17
1589249266.4647422,173.194.151.108,10.10.0.10,,,443,41505,0,1358,17
1589249266.4735134,173.194.151.108,10.10.0.10,,,443,41505,0,1358,17
1589249266.47535,10.10.0.10,173.194.151.108,,,41505,443,0,37,17
1589249266.4822679,173.194.151.108,10.10.0.10,,,443,41505,0,1358,17
1589249266.4910169,173.194.151.108,10.10.0.10,,,443,41505,0,1358,17
1589249266.49272,10.10.0.10,173.194.151.108,,,41505,443,0,37,17
1589249266.499766,173.194.151.108,10.10.0.10,,,443,41505,0,1358,17
1589249266.508519,173.194.151.108,10.10.0.10,,,443,41505,0,1358,17
1589249266.510969,10.10.0.10,173.194.151.108,,,41505,443,0,37,17
1589249266.517271,173.194.151.108,10.10.0.10,,,443,41505,0,1358,17
1589249266.526021,173.194.151.108,10.10.0.10,,,443,41505,0,1358,17
1589249266.527738,10.10.0.10,173.194.151.108,,,41505,443,0,37,17
1589249266.5347779,173.194.151.108,10.10.0.10,,,443,41505,0,1358,17
1589249266.543536,173.194.151.108,10.10.0.10,,,443,41505,0,1358,17
1589249266.545365,10.10.0.10,173.194.151.108,,,41505,443,0,37,17
1589249266.5522852,173.194.151.108,10.10.0.10,,,443,41505,0,1358,17
1589249266.5610409,173.194.151.108,10.10.0.10,,,443,41505,0,1358,17
1589249266.5627382,10.10.0.10,173.194.151.108,,,41505,443,0,37,17
1589249266.569791,173.194.151.108,10.10.0.10,,,443,41505,0,1358,17
1589249266.578548,173.194.151.108,10.10.0.10,,,443,41505,0,1358,17
1589249266.5802119,10.10.0.10,173.194.151.108,,,41505,443,0,37,17
1589249266.5873091,173.194.151.108,10.10.0.10,,,443,41505,0,1358,17
1589249266.596052,173.194.151.108,10.10.0.10,,,443,41505,0,1358,17
1589249266.598118,10.10.0.10,173.194.151.108,,,41505,443,0,37,17
1589249266.6048052,173.194.151.108,10.10.0.10,,,443,41505,0,1358,17
1589249266.6135669,173.194.151.108,10.10.0.10,,,443,41505,0,1358,17
1589249266.6171002,10.10.0.10,173.194.151.108,,,41505,443,0,50,17
1589249266.622319,173.194.151.108,10.10.0.10,,,443,41505,0,1358,17
1589249266.631073,173.194.151.108,10.10.0.10,,,443,41505,0,1358,17
1589249266.633745,10.10.0.10,173.194.151.108,,,41505,443,0,37,17
1589249266.6398358,173.194.151.108,10.10.0.10,,,443,41505,0,1358,17
1589249266.648583,173.194.151.108,10.10.0.10,,,443,41505,0,1358,17
1589249266.650716,10.10.0.10,173.194.151.108,,,41505,443,0,37,17
1589249266.65734,173.194.151.108,10.10.0.10,,,443,41505,0,1358,17
1589249266.666098,173.194.151.108,10.10.0.10,,,443,41505,0,1358,17
1589249266.668017,10.10.0.10,173.194.151.108,,,41505,443,0,37,17
1589249266.674849,173.194.151.108,10.10.0.10,,,443,41505,0,1358,17
1589249266.6836028,173.194.151.108,10.10.0.10,,,443,41505,0,1358,17
1589249266.685458,10.10.0.10,173.194.151.108,,,41505,443,0,37,17
1589249266.692357,173.194.151.108,10.10.0.10,,,443,41505,0,1358,17
1589249266.701117,173.194.151.108,10.10.0.10,,,443,41505,0,1358,17
1589249266.704016,10.10.0.10,173.194.151.108,,,41505,443,0,37,17
1589249266.7098699,173.194.151.108,10.10.0.10,,,443,41505,0,1358,17
1589249266.718624,173.194.151.108,10.10.0.10,,,443,41505,0,1358,17
1589249266.7202392,10.10.0.10,173.194.151.108,,,41505,443,0,37,17
1589249266.727375,173.194.151.108,10.10.0.10,,,443,41505,0,1358,17
1589249266.73613,173.194.151.108,10.10.0.10,,,443,41505,0,1358,17
1589249266.737731,10.10.0.10,173.194.151.108,,,41505,443,0,37,17
1589249266.744882,173.194.151.108,10.10.0.10,,,443,41505,0,1358,17
1589249266.753639,173.194.151.108,10.10.0.10,,,443,41505,0,1358,17
1589249266.7560039,10.10.0.10,173.194.151.108,,,41505,443,0,37,17
1589249266.762393,173.194.151.108,10.10.0.10,,,443,41505,0,1358,17
1589249266.771152,173.194.151.108,10.10.0.10,,,443,41505,0,1358,17
1589249266.772845,10.10.0.10,173.194.151.108,,,41505,443,0,37,17
1589249266.7799046,173.194.151.108,10.10.0.10,,,443,41505,0,1358,17
1589249266.788661,173.194.151.108,10.10.0.10,,,443,41505,0,1358,17
1589249266.790608,10.10.0.10,173.194.151.108,,,41505,443,0,37,17
1589249266.797411,173.194.151.108,10.10.0.10,,,443,41505,0,1358,17
1589249266.8061652,173.194.151.108,10.10.0.10,,,443,41505,0,1358,17
1589249266.807703,10.10.0.10,173.194.151.108,,,41505,443,0,37,17
1589249266.814943,173.194.151.108,10.10.0.10,,,443,41505,0,1358,17
1589249266.8236976,173.194.151.108,10.10.0.10,,,443,41505,0,1358,17
1589249266.825335,10.10.0.10,173.194.151.108,,,41505,443,0,37,17
1589249266.8324358,173.194.151.108,10.10.0.10,,,443,41505,0,1358,17
1589249266.841192,173.194.151.108,10.10.0.10,,,443,41505,0,1358,17
1589249266.842855,10.10.0.10,173.194.151.108,,,41505,443,0,37,17
1589249266.8499482,173.194.151.108,10.10.0.10,,,443,41505,0,1358,17
1589249266.8587036,173.194.151.108,10.10.0.10,,,443,41505,0,1358,17
1589249266.860208,10.10.0.10,173.194.151.108,,,41505,443,0,37,17
1589249266.867457,173.194.151.108,10.10.0.10,,,443,41505,0,1358,17
1589249266.8762062,173.194.151.108,10.10.0.10,,,443,41505,0,1358,17
1589249266.876734,10.10.0.10,173.194.151.108,,,41505,443,0,728,17
1589249266.87676,10.10.0.10,173.194.151.108,,,41505,443,0,48,17
1589249266.884966,173.194.151.108,10.10.0.10,,,443,41505,0,1358,17
1589249266.886584,10.10.0.10,173.194.151.108,,,41505,443,0,37,17
1589249266.89372,173.194.151.108,10.10.0.10,,,443,41505,0,1358,17
1589249266.902473,173.194.151.108,10.10.0.10,,,443,41505,0,1358,17
1589249266.9040961,10.10.0.10,173.194.151.108,,,41505,443,0,37,17
1589249266.9112508,173.194.151.108,10.10.0.10,,,443,41505,0,1358,17
1589249266.9199831,173.194.151.108,10.10.0.10,,,443,41505,0,1358,17
1589249266.921709,10.10.0.10,173.194.151.108,,,41505,443,0,37,17
1589249266.928751,173.194.151.108,10.10.0.10,,,443,41505,0,1358,17
1589249266.937505,173.194.151.108,10.10.0.10,,,443,41505,0,1358,17
1589249266.939356,10.10.0.10,173.194.151.108,,,41505,443,0,37,17
1589249266.946254,173.194.151.108,10.10.0.10,,,443,41505,0,1358,17
1589249266.9550042,173.194.151.108,10.10.0.10,,,443,41505,0,1358,17
1589249266.9567056,10.10.0.10,173.194.151.108,,,41505,443,0,37,17
1589249266.963759,173.194.151.108,10.10.0.10,,,443,41505,0,1358,17
1589249266.9725132,173.194.151.108,10.10.0.10,,,443,41505,0,1358,17
1589249266.974231,10.10.0.10,173.194.151.108,,,41505,443,0,37,17
1589249266.981268,173.194.151.108,10.10.0.10,,,443,41505,0,1358,17
1589249266.9900222,173.194.151.108,10.10.0.10,,,443,41505,0,1358,17
1589249266.991584,10.10.0.10,173.194.151.108,,,41505,443,0,37,17
1589249266.998776,173.194.151.108,10.10.0.10,,,443,41505,0,1358,17
1589249267.007534,173.194.151.108,10.10.0.10,,,443,41505,0,1358,17
1589249267.009078,10.10.0.10,173.194.151.108,,,41505,443,0,37,17
1589249267.0162866,173.194.151.108,10.10.0.10,,,443,41505,0,1358,17
1589249267.0250418,173.194.151.108,10.10.0.10,,,443,41505,0,1358,17
1589249267.026598,10.10.0.10,173.194.151.108,,,41505,443,0,37,17
1589249267.0338118,173.194.151.108,10.10.0.10,,,443,41505,0,1358,17
1589249267.042562,173.194.151.108,10.10.0.10,,,443,41505,0,1358,17
1589249267.0440779,10.10.0.10,173.194.151.108,,,41505,443,0,37,17
1589249267.051312,173.194.151.108,10.10.0.10,,,443,41505,0,1358,17
1589249267.0600612,173.194.151.108,10.10.0.10,,,443,41505,0,1358,17
1589249267.068816,173.194.151.108,10.10.0.10,,,443,41505,0,1358,17
1589249267.077569,173.194.151.108,10.10.0.10,,,443,41505,0,1358,17
1589249267.0863235,173.194.151.108,10.10.0.10,,,443,41505,0,1358,17
1589249267.0881011,10.10.0.10,173.194.151.108,,,41505,443,0,37,17
1589249267.09135,10.10.0.10,173.194.151.108,,,41505,443,0,37,17
1589249267.095078,173.194.151.108,10.10.0.10,,,443,41505,0,1358,17
1589249267.0970788,10.10.0.10,173.194.151.108,,,41505,443,0,37,17
1589249267.1038358,173.194.151.108,10.10.0.10,,,443,41505,0,1358,17
1589249267.1125894,173.194.151.108,10.10.0.10,,,443,41505,0,1358,17
1589249267.114079,10.10.0.10,173.194.151.108,,,41505,443,0,37,17
1589249267.1213439,173.194.151.108,10.10.0.10,,,443,41505,0,1358,17
1589249267.13012,173.194.151.108,10.10.0.10,,,443,41505,0,1358,17
1589249267.131721,10.10.0.10,173.194.151.108,,,41505,443,0,37,17
1589249267.1388712,173.194.151.108,10.10.0.10,,,443,41505,0,1358,17
1589249267.1476214,173.194.151.108,10.10.0.10,,,443,41505,0,1358,17
1589249267.1495962,10.10.0.10,173.194.151.108,,,41505,443,0,37,17
1589249267.156375,173.194.151.108,10.10.0.10,,,443,41505,0,1358,17
1589249267.165123,173.194.151.108,10.10.0.10,,,443,41505,0,1358,17
1589249267.1666918,10.10.0.10,173.194.151.108,,,41505,443,0,37,17
1589249267.1738749,173.194.151.108,10.10.0.10,,,443,41505,0,1358,17
1589249267.182628,173.194.151.108,10.10.0.10,,,443,41505,0,1358,17
1589249267.184221,10.10.0.10,173.194.151.108,,,41505,443,0,37,17
1589249267.1913812,173.194.151.108,10.10.0.10,,,443,41505,0,1358,17
1589249267.2001429,173.194.151.108,10.10.0.10,,,443,41505,0,1358,17
1589249267.20195,10.10.0.10,173.194.151.108,,,41505,443,0,37,17
1589249267.208892,173.194.151.108,10.10.0.10,,,443,41505,0,1358,17
1589249267.2176454,173.194.151.108,10.10.0.10,,,443,41505,0,1358,17
1589249267.219593,10.10.0.10,173.194.151.108,,,41505,443,0,50,17
1589249267.226399,173.194.151.108,10.10.0.10,,,443,41505,0,1358,17
1589249267.235154,173.194.151.108,10.10.0.10,,,443,41505,0,1358,17
1589249267.236953,10.10.0.10,173.194.151.108,,,41505,443,0,37,17
1589249267.243911,173.194.151.108,10.10.0.10,,,443,41505,0,1358,17
1589249267.25268,173.194.151.108,10.10.0.10,,,443,41505,0,1358,17
1589249267.254342,10.10.0.10,173.194.151.108,,,41505,443,0,37,17
1589249267.261431,173.194.151.108,10.10.0.10,,,443,41505,0,1358,17
1589249267.27017,173.194.151.108,10.10.0.10,,,443,41505,0,29,17
1589249267.2705722,173.194.151.108,10.10.0.10,,,443,41505,0,1358,17
1589249267.272075,10.10.0.10,173.194.151.108,,,41505,443,0,37,17
1589249267.279325,173.194.151.108,10.10.0.10,,,443,41505,0,1358,17
1589249267.28808,173.194.151.108,10.10.0.10,,,443,41505,0,1358,17
1589249267.2911859,10.10.0.10,173.194.151.108,,,41505,443,0,37,17
1589249267.296836,173.194.151.108,10.10.0.10,,,443,41505,0,1358,17
1589249267.3055878,173.194.151.108,10.10.0.10,,,443,41505,0,1358,17
1589249267.3074481,10.10.0.10,173.194.151.108,,,41505,443,0,37,17
1589249267.3143642,173.194.151.108,10.10.0.10,,,443,41505,0,1358,17
1589249267.3230932,173.194.151.108,10.10.0.10,,,443,41505,0,1358,17
1589249267.3248188,10.10.0.10,173.194.151.108,,,41505,443,0,37,17
1589249267.3318682,173.194.151.108,10.10.0.10,,,443,41505,0,1358,17
1589249267.3406038,173.194.151.108,10.10.0.10,,,443,41505,0,1358,17
1589249267.3422039,10.10.0.10,173.194.151.108,,,41505,443,0,37,17
1589249267.3493679,173.194.151.108,10.10.0.10,,,443,41505,0,1358,17
1589249267.358118,173.194.151.108,10.10.0.10,,,443,41505,0,1358,17
1589249267.3596988,10.10.0.10,173.194.151.108,,,41505,443,0,37,17
1589249267.366871,173.194.151.108,10.10.0.10,,,443,41505,0,1358,17
1589249267.3756258,173.194.151.108,10.10.0.10,,,443,41505,0,1358,17
1589249267.377216,10.10.0.10,173.194.151.108,,,41505,443,0,37,17
1589249267.384381,173.194.151.108,10.10.0.10,,,443,41505,0,1358,17
1589249267.393137,173.194.151.108,10.10.0.10,,,443,41505,0,1358,17
1589249267.39484,10.10.0.10,173.194.151.108,,,41505,443,0,37,17
1589249267.4018898,173.194.151.108,10.10.0.10,,,443,41505,0,1358,17
1589249267.4106438,173.194.151.108,10.10.0.10,,,443,41505,0,1358,17
1589249267.412193,10.10.0.10,173.194.151.108,,,41505,443,0,37,17
1589249267.4194,173.194.151.108,10.10.0.10,,,443,41505,0,1358,17
1589249267.4281552,173.194.151.108,10.10.0.10,,,443,41505,0,1358,17
1589249267.4298382,10.10.0.10,173.194.151.108,,,41505,443,0,37,17
1589249267.4369252,173.194.151.108,10.10.0.10,,,443,41505,0,1358,17
1589249267.445658,173.194.151.108,10.10.0.10,,,443,41505,0,1358,17
1589249267.4474669,10.10.0.10,173.194.151.108,,,41505,443,0,37,17
1589249267.4544249,173.194.151.108,10.10.0.10,,,443,41505,0,1358,17
1589249267.463175,173.194.151.108,10.10.0.10,,,443,41505,0,1358,17
1589249267.46471,10.10.0.10,173.194.151.108,,,41505,443,0,37,17
1589249267.471928,173.194.151.108,10.10.0.10,,,443,41505,0,1358,17
1589249267.4806828,173.194.151.108,10.10.0.10,,,443,41505,0,1358,17
1589249267.484211,10.10.0.10,173.194.151.108,,,41505,443,0,37,17
1589249267.489441,173.194.151.108,10.10.0.10,,,443,41505,0,1358,17
1589249267.498192,173.194.151.108,10.10.0.10,,,443,41505,0,1358,17
1589249267.4999304,10.10.0.10,173.194.151.108,,,41505,443,0,37,17
1589249267.5069478,173.194.151.108,10.10.0.10,,,443,41505,0,1358,17
1589249267.515702,173.194.151.108,10.10.0.10,,,443,41505,0,1358,17
1589249267.517432,10.10.0.10,173.194.151.108,,,41505,443,0,37,17
1589249267.524457,173.194.151.108,10.10.0.10,,,443,41505,0,1358,17
1589249267.5332088,173.194.151.108,10.10.0.10,,,443,41505,0,1358,17
1589249267.5355651,10.10.0.10,173.194.151.108,,,41505,443,0,37,17
1589249267.541984,173.194.151.108,10.10.0.10,,,443,41505,0,1358,17
1589249267.550737,173.194.151.108,10.10.0.10,,,443,41505,0,1358,17
1589249267.55244,10.10.0.10,173.194.151.108,,,41505,443,0,37,17
1589249267.5594866,173.194.151.108,10.10.0.10,,,443,41505,0,1358,17
1589249267.568238,173.194.151.108,10.10.0.10,,,443,41505,0,1358,17
1589249267.5699296,10.10.0.10,173.194.151.108,,,41505,443,0,50,17
1589249267.5769882,173.194.151.108,10.10.0.10,,,443,41505,0,1358,17
1589249267.585742,173.194.151.108,10.10.0.10,,,443,41505,0,1358,17
1589249267.587438,10.10.0.10,173.194.151.108,,,41505,443,0,37,17
1589249267.5944939,173.194.151.108,10.10.0.10,,,443,41505,0,1358,17
1589249267.603266,173.194.151.108,10.10.0.10,,,443,41505,0,1358,17
1589249267.6047778,10.10.0.10,173.194.151.108,,,41505,443,0,37,17
1589249267.611998,173.194.151.108,10.10.0.10,,,443,41505,0,1358,17
1589249267.6207669,173.194.151.108,10.10.0.10,,,443,41505,0,1358,17
1589249267.624152,10.10.0.10,173.194.151.108,,,41505,443,0,37,17
1589249267.6295068,173.194.151.108,10.10.0.10,,,443,41505,0,1358,17
1589249267.6382804,173.194.151.108,10.10.0.10,,,443,41505,0,1358,17
1589249267.6399322,10.10.0.10,173.194.151.108,,,41505,443,0,37,17
1589249267.6470268,173.194.151.108,10.10.0.10,,,443,41505,0,1358,17
1589249267.655794,173.194.151.108,10.10.0.10,,,443,41505,0,1358,17
1589249267.657465,10.10.0.10,173.194.151.108,,,41505,443,0,37,17
1589249267.664528,173.194.151.108,10.10.0.10,,,443,41505,0,1358,17
1589249267.6732829,173.194.151.108,10.10.0.10,,,443,41505,0,1358,17
1589249267.6747742,10.10.0.10,173.194.151.108,,,41505,443,0,37,17
1589249267.68204,173.194.151.108,10.10.0.10,,,443,41505,0,1358,17
1589249267.690798,173.194.151.108,10.10.0.10,,,443,41505,0,1358,17
1589249267.6924329,10.10.0.10,173.194.151.108,,,41505,443,0,37,17
1589249267.6995502,173.194.151.108,10.10.0.10,,,443,41505,0,1358,17
1589249267.7083,173.194.151.108,10.10.0.10,,,443,41505,0,1358,17
1589249267.7103438,10.10.0.10,173.194.151.108,,,41505,443,0,37,17
1589249267.717056,173.194.151.108,10.10.0.10,,,443,41505,0,1358,17
1589249267.7258108,173.194.151.108,10.10.0.10,,,443,41505,0,1358,17
1589249267.727774,10.10.0.10,173.194.151.108,,,41505,443,0,37,17
1589249267.734565,173.194.151.108,10.10.0.10,,,443,41505,0,1358,17
1589249267.743324,173.194.151.108,10.10.0.10,,,443,41505,0,1358,17
1589249267.74533,10.10.0.10,173.194.151.108,,,41505,443,0,37,17
1589249267.752074,173.194.151.108,10.10.0.10,,,443,41505,0,1358,17
1589249267.7608519,173.194.151.108,10.10.0.10,,,443,41505,0,1358,17
1589249267.7624419,10.10.0.10,173.194.151.108,,,41505,443,0,37,17
1589249267.7695858,173.194.151.108,10.10.0.10,,,443,41505,0,1358,17
1589249267.77834,173.194.151.108,10.10.0.10,,,443,41505,0,1358,17
1589249267.780015,10.10.0.10,173.194.151.108,,,41505,443,0,37,17
1589249267.787104,173.194.151.108,10.10.0.10,,,443,41505,0,1358,17
1589249267.7958539,173.194.151.108,10.10.0.10,,,443,41505,0,1358,17
1589249267.798703,10.10.0.10,173.194.151.108,,,41505,443,0,37,17
1589249267.804602,173.194.151.108,10.10.0.10,,,443,41505,0,1358,17
1589249267.813358,173.194.151.108,10.10.0.10,,,443,41505,0,1358,17
1589249267.815272,10.10.0.10,173.194.151.108,,,41505,443,0,37,17
1589249267.8221116,173.194.151.108,10.10.0.10,,,443,41505,0,1358,17
1589249267.830864,173.194.151.108,10.10.0.10,,,443,41505,0,1358,17
1589249267.832459,10.10.0.10,173.194.151.108,,,41505,443,0,37,17
1589249267.8396199,173.194.151.108,10.10.0.10,,,443,41505,0,1358,17
1589249267.848377,173.194.151.108,10.10.0.10,,,443,41505,0,1358,17
1589249267.8503046,10.10.0.10,173.194.151.108,,,41505,443,0,37,17
1589249267.857146,173.194.151.108,10.10.0.10,,,443,41505,0,1358,17
1589249267.865895,173.194.151.108,10.10.0.10,,,443,41505,0,1358,17
1589249267.86743,10.10.0.10,173.194.151.108,,,41505,443,0,37,17
1589249267.874642,173.194.151.108,10.10.0.10,,,443,41505,0,1358,17
1589249267.883412,173.194.151.108,10.10.0.10,,,443,41505,0,1358,17
1589249267.885067,10.10.0.10,173.194.151.108,,,41505,443,0,37,17
1589249267.8921628,173.194.151.108,10.10.0.10,,,443,41505,0,1358,17
1589249267.9009118,173.194.151.108,10.10.0.10,,,443,41505,0,1358,17
1589249267.9024518,10.10.0.10,173.194.151.108,,,41505,443,0,37,17
1589249267.9096649,173.194.151.108,10.10.0.10,,,443,41505,0,1358,17
1589249267.9184198,173.194.151.108,10.10.0.10,,,443,41505,0,1358,17
1589249267.9200554,10.10.0.10,173.194.151.108,,,41505,443,0,50,17
1589249267.927174,173.194.151.108,10.10.0.10,,,443,41505,0,1358,17
1589249267.9359381,173.194.151.108,10.10.0.10,,,443,41505,0,1358,17
1589249267.9375598,10.10.0.10,173.194.151.108,,,41505,443,0,37,17
1589249267.9446845,173.194.151.108,10.10.0.10,,,443,41505,0,1358,17
1589249267.953436,173.194.151.108,10.10.0.10,,,443,41505,0,1358,17
1589249267.955697,10.10.0.10,173.194.151.108,,,41505,443,0,37,17
1589249267.962193,173.194.151.108,10.10.0.10,,,443,41505,0,1358,17
1589249267.9709456,173.194.151.108,10.10.0.10,,,443,41505,0,1358,17
1589249267.9727972,10.10.0.10,173.194.151.108,,,41505,443,0,37,17
1589249267.9821732,173.194.151.108,10.10.0.10,,,443,41505,0,1358,17
1589249267.993408,173.194.151.108,10.10.0.10,,,443,41505,0,1358,17
1589249267.995051,10.10.0.10,173.194.151.108,,,41505,443,0,37,17
1589249268.004626,173.194.151.108,10.10.0.10,,,443,41505,0,1358,17
1589249268.0158508,173.194.151.108,10.10.0.10,,,443,41505,0,1358,17
1589249268.0178142,10.10.0.10,173.194.151.108,,,41505,443,0,37,17
1589249268.0270948,173.194.151.108,10.10.0.10,,,443,41505,0,1358,17
1589249268.0383005,173.194.151.108,10.10.0.10,,,443,41505,0,1358,17
1589249268.0399342,10.10.0.10,173.194.151.108,,,41505,443,0,37,17
1589249268.0495322,173.194.151.108,10.10.0.10,,,443,41505,0,1358,17
1589249268.060752,173.194.151.108,10.10.0.10,,,443,41505,0,1358,17
1589249268.06255,10.10.0.10,173.194.151.108,,,41505,443,0,37,17
1589249268.0719779,173.194.151.108,10.10.0.10,,,443,41505,0,1358,17
1589249268.0832179,173.194.151.108,10.10.0.10,,,443,41505,0,1358,17
1589249268.085075,10.10.0.10,173.194.151.108,,,41505,443,0,37,17
1589249268.0944312,173.194.151.108,10.10.0.10,,,443,41505,0,1358,17
1589249268.1056561,173.194.151.108,10.10.0.10,,,443,41505,0,1358,17
1589249268.107442,10.10.0.10,173.194.151.108,,,41505,443,0,37,17
1589249268.1168828,173.194.151.108,10.10.0.10,,,443,41505,0,1358,17
1589249268.1281085,173.194.151.108,10.10.0.10,,,443,41505,0,1358,17
1589249268.129816,10.10.0.10,173.194.151.108,,,41505,443,0,37,17
1589249268.139341,173.194.151.108,10.10.0.10,,,443,41505,0,1358,17
1589249268.150554,173.194.151.108,10.10.0.10,,,443,41505,0,1358,17
1589249268.1521618,10.10.0.10,173.194.151.108,,,41505,443,0,37,17
1589249268.161784,173.194.151.108,10.10.0.10,,,443,41505,0,1358,17
1589249268.173031,173.194.151.108,10.10.0.10,,,443,41505,0,1358,17
1589249268.174823,10.10.0.10,173.194.151.108,,,41505,443,0,37,17
1589249268.1842391,173.194.151.108,10.10.0.10,,,443,41505,0,1358,17
1589249268.1954696,173.194.151.108,10.10.0.10,,,443,41505,0,1358,17
1589249268.1970658,10.10.0.10,173.194.151.108,,,41505,443,0,37,17
1589249268.2066882,173.194.151.108,10.10.0.10,,,443,41505,0,1358,17
1589249268.217914,173.194.151.108,10.10.0.10,,,443,41505,0,1358,17
1589249268.219425,10.10.0.10,173.194.151.108,,,41505,443,0,37,17
1589249268.229153,173.194.151.108,10.10.0.10,,,443,41505,0,1358,17
1589249268.240365,173.194.151.108,10.10.0.10,,,443,41505,0,1358,17
1589249268.24292,10.10.0.10,173.194.151.108,,,41505,443,0,37,17
1589249268.2515962,173.194.151.108,10.10.0.10,,,443,41505,0,1358,17
1589249268.262839,173.194.151.108,10.10.0.10,,,443,41505,0,1358,17
1589249268.264689,10.10.0.10,173.194.151.108,,,41505,443,0,37,17
1589249268.2740452,173.194.151.108,10.10.0.10,,,443,41505,0,1358,17
1589249268.2852762,173.194.151.108,10.10.0.10,,,443,41505,0,1358,17
1589249268.2870624,10.10.0.10,173.194.151.108,,,41505,443,0,37,17
1589249268.2964964,173.194.151.108,10.10.0.10,,,443,41505,0,1358,17
1589249268.3077214,173.194.151.108,10.10.0.10,,,443,41505,0,1358,17
1589249268.309409,10.10.0.10,173.194.151.108,,,41505,443,0,37,17
1589249268.3189619,173.194.151.108,10.10.0.10,,,443,41505,0,1358,17
1589249268.330174,173.194.151.108,10.10.0.10,,,443,41505,0,1358,17
1589249268.3317802,10.10.0.10,173.194.151.108,,,41505,443,0,37,17
1589249268.3414,173.194.151.108,10.10.0.10,,,443,41505,0,1358,17
1589249268.35262,173.194.151.108,10.10.0.10,,,443,41505,0,1358,17
1589249268.36385,173.194.151.108,10.10.0.10,,,443,41505,0,1358,17
1589249268.37129,10.10.0.10,173.194.151.108,,,41505,443,0,50,17
1589249268.375088,173.194.151.108,10.10.0.10,,,443,41505,0,1358,17
1589249268.37679,10.10.0.10,173.194.151.108,,,41505,443,0,37,17
1589249268.386303,173.194.151.108,10.10.0.10,,,443,41505,0,1358,17
1589249268.397529,173.194.151.108,10.10.0.10,,,443,41505,0,1358,17
1589249268.401418,10.10.0.10,173.194.151.108,,,41505,443,0,37,17
1589249268.4087546,173.194.151.108,10.10.0.10,,,443,41505,0,1358,17
1589249268.419974,173.194.151.108,10.10.0.10,,,443,41505,0,1358,17
1589249268.42181,10.10.0.10,173.194.151.108,,,41505,443,0,37,17
1589249268.4312122,173.194.151.108,10.10.0.10,,,443,41505,0,1358,17
1589249268.442432,173.194.151.108,10.10.0.10,,,443,41505,0,1358,17
1589249268.4441626,10.10.0.10,173.194.151.108,,,41505,443,0,37,17
1589249268.4536572,173.194.151.108,10.10.0.10,,,443,41505,0,1358,17
1589249268.464894,173.194.151.108,10.10.0.10,,,443,41505,0,1358,17
1589249268.4665391,10.10.0.10,173.194.151.108,,,41505,443,0,37,17
1589249268.476108,173.194.151.108,10.10.0.10,,,443,41505,0,1358,17
1589249268.487334,173.194.151.108,10.10.0.10,,,443,41505,0,1358,17
1589249268.489183,10.10.0.10,173.194.151.108,,,41505,443,0,37,17
1589249268.4985821,173.194.151.108,10.10.0.10,,,443,41505,0,1358,17
1589249268.509786,173.194.151.108,10.10.0.10,,,443,41505,0,1358,17
1589249268.511661,10.10.0.10,173.194.151.108,,,41505,443,0,37,17
1589249268.5210204,173.194.151.108,10.10.0.10,,,443,41505,0,1358,17
1589249268.532238,173.194.151.108,10.10.0.10,,,443,41505,0,1358,17
1589249268.533914,10.10.0.10,173.194.151.108,,,41505,443,0,37,17
1589249268.543464,173.194.151.108,10.10.0.10,,,443,41505,0,1358,17
1589249268.5547054,173.194.151.108,10.10.0.10,,,443,41505,0,1358,17
1589249268.5564098,10.10.0.10,173.194.151.108,,,41505,443,0,37,17
1589249268.565918,173.194.151.108,10.10.0.10,,,443,41505,0,1358,17
1589249268.577143,173.194.151.108,10.10.0.10,,,443,41505,0,1358,17
1589249268.579909,10.10.0.10,173.194.151.108,,,41505,443,0,37,17
1589249268.588366,173.194.151.108,10.10.0.10,,,443,41505,0,1358,17
1589249268.599591,173.194.151.108,10.10.0.10,,,443,41505,0,1358,17
1589249268.6023061,10.10.0.10,173.194.151.108,,,41505,443,0,37,17
1589249268.6108372,173.194.151.108,10.10.0.10,,,443,41505,0,1358,17
1589249268.622043,173.194.151.108,10.10.0.10,,,443,41505,0,1358,17
1589249268.6237464,10.10.0.10,173.194.151.108,,,41505,443,0,37,17
1589249268.633271,173.194.151.108,10.10.0.10,,,443,41505,0,1358,17
1589249268.6458418,173.194.151.108,10.10.0.10,,,443,41505,0,1358,17
1589249268.6490312,10.10.0.10,173.194.151.108,,,41505,443,0,37,17
1589249268.657064,173.194.151.108,10.10.0.10,,,443,41505,0,1358,17
1589249268.6682858,173.194.151.108,10.10.0.10,,,443,41505,0,1358,17
1589249268.669915,10.10.0.10,173.194.151.108,,,41505,443,0,37,17
1589249268.67952,173.194.151.108,10.10.0.10,,,443,41505,0,1358,17
1589249268.690744,173.194.151.108,10.10.0.10,,,443,41505,0,1358,17
1589249268.692249,10.10.0.10,173.194.151.108,,,41505,443,0,37,17
1589249268.701966,173.194.151.108,10.10.0.10,,,443,41505,0,1358,17
1589249268.713192,173.194.151.108,10.10.0.10,,,443,41505,0,1358,17
1589249268.7155464,10.10.0.10,173.194.151.108,,,41505,443,0,37,17
1589249268.7244349,173.194.151.108,10.10.0.10,,,443,41505,0,1358,17
1589249268.7356439,173.194.151.108,10.10.0.10,,,443,41505,0,1358,17
1589249268.7372696,10.10.0.10,173.194.151.108,,,41505,443,0,37,17
1589249268.7468722,173.194.151.108,10.10.0.10,,,443,41505,0,1358,17
1589249268.7580998,173.194.151.108,10.10.0.10,,,443,41505,0,1358,17
1589249268.7599044,10.10.0.10,173.194.151.108,,,41505,443,0,37,17
1589249268.7693212,173.194.151.108,10.10.0.10,,,443,41505,0,1358,17
1589249268.7805731,173.194.151.108,10.10.0.10,,,443,41505,0,1358,17
1589249268.7867708,10.10.0.10,173.194.151.108,,,41505,443,0,37,17
1589249268.7917812,173.194.151.108,10.10.0.10,,,443,41505,0,1358,17
1589249268.80301,173.194.151.108,10.10.0.10,,,443,41505,0,1358,17
1589249268.805049,10.10.0.10,173.194.151.108,,,41505,443,0,50,17
1589249268.81423,173.194.151.108,10.10.0.10,,,443,41505,0,1358,17
1589249268.8254519,173.194.151.108,10.10.0.10,,,443,41505,0,1358,17
1589249268.830426,10.10.0.10,173.194.151.108,,,41505,443,0,37,17
1589249268.8367012,173.194.151.108,10.10.0.10,,,443,41505,0,1358,17
1589249268.8479052,173.194.151.108,10.10.0.10,,,443,41505,0,1358,17
1589249268.849797,10.10.0.10,173.194.151.108,,,41505,443,0,37,17
1589249268.8591359,173.194.151.108,10.10.0.10,,,443,41505,0,1358,17
1589249268.870357,173.194.151.108,10.10.0.10,,,443,41505,0,1358,17
1589249268.871992,10.10.0.10,173.194.151.108,,,41505,443,0,37,17
1589249268.8815858,173.194.151.108,10.10.0.10,,,443,41505,0,1358,17
1589249268.892824,173.194.151.108,10.10.0.10,,,443,41505,0,1358,17
1589249268.8944,10.10.0.10,173.194.151.108,,,41505,443,0,37,17
1589249268.9040382,173.194.151.108,10.10.0.10,,,443,41505,0,1358,17
1589249268.915257,173.194.151.108,10.10.0.10,,,443,41505,0,1358,17
1589249268.916919,10.10.0.10,173.194.151.108,,,41505,443,0,37,17
1589249268.926487,173.194.151.108,10.10.0.10,,,443,41505,0,1358,17
1589249268.9377148,173.194.151.108,10.10.0.10,,,443,41505,0,1358,17
1589249268.9394188,10.10.0.10,173.194.151.108,,,41505,443,0,37,17
1589249268.948949,173.194.151.108,10.10.0.10,,,443,41505,0,1358,17
1589249268.960165,173.194.151.108,10.10.0.10,,,443,41505,0,1358,17
1589249268.961766,10.10.0.10,173.194.151.108,,,41505,443,0,37,17
1589249268.972738,173.194.151.108,10.10.0.10,,,443,41505,0,1358,17
1589249268.983969,173.194.151.108,10.10.0.10,,,443,41505,0,1358,17
1589249268.985922,10.10.0.10,173.194.151.108,,,41505,443,0,37,17
1589249268.995196,173.194.151.108,10.10.0.10,,,443,41505,0,1358,17
1589249269.0064132,173.194.151.108,10.10.0.10,,,443,41505,0,1358,17
1589249269.008009,10.10.0.10,173.194.151.108,,,41505,443,0,37,17
1589249269.01764,173.194.151.108,10.10.0.10,,,443,41505,0,1358,17
1589249269.028879,173.194.151.108,10.10.0.10,,,443,41505,0,1358,17
1589249269.0336661,10.10.0.10,173.194.151.108,,,41505,443,0,37,17
1589249269.040094,173.194.151.108,10.10.0.10,,,443,41505,0,1358,17
1589249269.0513182,173.194.151.108,10.10.0.10,,,443,41505,0,1358,17
1589249269.0527608,10.10.0.10,173.194.151.108,,,41505,443,0,37,17
1589249269.062565,173.194.151.108,10.10.0.10,,,443,41505,0,1358,17
1589249269.0737698,173.194.151.108,10.10.0.10,,,443,41505,0,1358,17
1589249269.075542,10.10.0.10,173.194.151.108,,,41505,443,0,37,17
1589249269.0850039,173.194.151.108,10.10.0.10,,,443,41505,0,1358,17
1589249269.0962222,173.194.151.108,10.10.0.10,,,443,41505,0,1358,17
1589249269.09779,10.10.0.10,173.194.151.108,,,41505,443,0,37,17
1589249269.1074462,173.194.151.108,10.10.0.10,,,443,41505,0,1358,17
1589249269.1132581,10.10.0.10,173.194.151.108,,,41505,443,0,729,17
1589249269.113287,10.10.0.10,173.194.151.108,,,41505,443,0,48,17
1589249269.118689,173.194.151.108,10.10.0.10,,,443,41505,0,1358,17
1589249269.129906,173.194.151.108,10.10.0.10,,,443,41505,0,1358,17
1589249269.1315384,10.10.0.10,173.194.151.108,,,41505,443,0,37,17
1589249269.14113,173.194.151.108,10.10.0.10,,,443,41505,0,1358,17
1589249269.152345,173.194.151.108,10.10.0.10,,,443,41505,0,1358,17
1589249269.154165,10.10.0.10,173.194.151.108,,,41505,443,0,37,17
1589249269.163575,173.194.151.108,10.10.0.10,,,443,41505,0,1358,17
1589249269.174815,173.194.151.108,10.10.0.10,,,443,41505,0,1358,17
1589249269.17641,10.10.0.10,173.194.151.108,,,41505,443,0,37,17
1589249269.1860268,173.194.151.108,10.10.0.10,,,443,41505,0,29,17
1589249269.1865342,173.194.151.108,10.10.0.10,,,443,41505,0,1358,17
1589249269.1977608,173.194.151.108,10.10.0.10,,,443,41505,0,1358,17
1589249269.199392,10.10.0.10,173.194.151.108,,,41505,443,0,37,17
1589249269.209,173.194.151.108,10.10.0.10,,,443,41505,0,1358,17
1589249269.220215,173.194.151.108,10.10.0.10,,,443,41505,0,1358,17
1589249269.2218828,10.10.0.10,173.194.151.108,,,41505,443,0,37,17
1589249269.231441,173.194.151.108,10.10.0.10,,,443,41505,0,1358,17
1589249269.24401,173.194.151.108,10.10.0.10,,,443,41505,0,1358,17
1589249269.247282,10.10.0.10,173.194.151.108,,,41505,443,0,37,17
1589249269.255248,173.194.151.108,10.10.0.10,,,443,41505,0,1358,17
1589249269.266464,173.194.151.108,10.10.0.10,,,443,41505,0,1358,17
1589249269.268641,10.10.0.10,173.194.151.108,,,41505,443,0,37,17
1589249269.277692,173.194.151.108,10.10.0.10,,,443,41505,0,1358,17
1589249269.288935,173.194.151.108,10.10.0.10,,,443,41505,0,1358,17
1589249269.2906392,10.10.0.10,173.194.151.108,,,41505,443,0,37,17
1589249269.300142,173.194.151.108,10.10.0.10,,,443,41505,0,1358,17
1589249269.3113732,173.194.151.108,10.10.0.10,,,443,41505,0,1358,17
1589249269.313158,10.10.0.10,173.194.151.108,,,41505,443,0,37,17
1589249269.322594,173.194.151.108,10.10.0.10,,,443,41505,0,1358,17
1589249269.333819,173.194.151.108,10.10.0.10,,,443,41505,0,1358,17
1589249269.335512,10.10.0.10,173.194.151.108,,,41505,443,0,37,17
1589249269.345058,173.194.151.108,10.10.0.10,,,443,41505,0,1358,17
1589249269.356273,173.194.151.108,10.10.0.10,,,443,41505,0,1358,17
1589249269.358252,10.10.0.10,173.194.151.108,,,41505,443,0,37,17
1589249269.3674948,173.194.151.108,10.10.0.10,,,443,41505,0,1358,17
1589249269.378724,173.194.151.108,10.10.0.10,,,443,41505,0,1358,17
1589249269.3803911,10.10.0.10,173.194.151.108,,,41505,443,0,37,17
1589249269.3899481,173.194.151.108,10.10.0.10,,,443,41505,0,1358,17
1589249269.401184,173.194.151.108,10.10.0.10,,,443,41505,0,1358,17
1589249269.402905,10.10.0.10,173.194.151.108,,,41505,443,0,37,17
1589249269.4124,173.194.151.108,10.10.0.10,,,443,41505,0,1358,17
1589249269.423625,173.194.151.108,10.10.0.10,,,443,41505,0,1358,17
1589249269.425405,10.10.0.10,173.194.151.108,,,41505,443,0,37,17
1589249269.434851,173.194.151.108,10.10.0.10,,,443,41505,0,1358,17
1589249269.4460714,173.194.151.108,10.10.0.10,,,443,41505,0,1358,17
1589249269.447779,10.10.0.10,173.194.151.108,,,41505,443,0,37,17
1589249269.4573061,173.194.151.108,10.10.0.10,,,443,41505,0,1358,17
1589249269.468529,173.194.151.108,10.10.0.10,,,443,41505,0,1358,17
1589249269.4722748,10.10.0.10,173.194.151.108,,,41505,443,0,37,17
1589249269.479753,173.194.151.108,10.10.0.10,,,443,41505,0,1358,17
1589249269.490991,173.194.151.108,10.10.0.10,,,443,41505,0,1358,17
1589249269.4927769,10.10.0.10,173.194.151.108,,,41505,443,0,37,17
1589249269.5022042,173.194.151.108,10.10.0.10,,,443,41505,0,1358,17
1589249269.51343,173.194.151.108,10.10.0.10,,,443,41505,0,1358,17
1589249269.5152571,10.10.0.10,173.194.151.108,,,41505,443,0,37,17
1589249269.5246758,173.194.151.108,10.10.0.10,,,443,41505,0,1358,17
1589249269.535886,173.194.151.108,10.10.0.10,,,443,41505,0,1358,17
1589249269.537631,10.10.0.10,173.194.151.108,,,41505,443,0,37,17
1589249269.5471148,173.194.151.108,10.10.0.10,,,443,41505,0,1358,17
1589249269.558335,173.194.151.108,10.10.0.10,,,443,41505,0,1358,17
1589249269.5601509,10.10.0.10,173.194.151.108,,,41505,443,0,50,17
1589249269.56956,173.194.151.108,10.10.0.10,,,443,41505,0,1358,17
1589249269.5808,173.194.151.108,10.10.0.10,,,443,41505,0,1358,17
1589249269.585008,10.10.0.10,173.194.151.108,,,41505,443,0,37,17
1589249269.592009,173.194.151.108,10.10.0.10,,,443,41505,0,1358,17
1589249269.603238,173.194.151.108,10.10.0.10,,,443,41505,0,1358,17
1589249269.604881,10.10.0.10,173.194.151.108,,,41505,443,0,37,17
1589249269.614464,173.194.151.108,10.10.0.10,,,443,41505,0,1358,17
1589249269.62569,173.194.151.108,10.10.0.10,,,443,41505,0,1358,17
1589249269.6280231,10.10.0.10,173.194.151.108,,,41505,443,0,37,17
1589249269.6369116,173.194.151.108,10.10.0.10,,,443,41505,0,1358,17
1589249269.6481366,173.194.151.108,10.10.0.10,,,443,41505,0,1358,17
1589249269.6497474,10.10.0.10,173.194.151.108,,,41505,443,0,37,17
1589249269.6593616,173.194.151.108,10.10.0.10,,,443,41505,0,1358,17
1589249269.670592,173.194.151.108,10.10.0.10,,,443,41505,0,1358,17
1589249269.675513,10.10.0.10,173.194.151.108,,,41505,443,0,37,17
1589249269.681819,173.194.151.108,10.10.0.10,,,443,41505,0,1358,17
1589249269.693052,173.194.151.108,10.10.0.10,,,443,41505,0,1358,17
1589249269.6948721,10.10.0.10,173.194.151.108,,,41505,443,0,37,17
1589249269.7042649,173.194.151.108,10.10.0.10,,,443,41505,0,1358,17
1589249269.715499,173.194.151.108,10.10.0.10,,,443,41505,0,1358,17
1589249269.7171268,10.10.0.10,173.194.151.108,,,41505,443,0,37,17
1589249269.7267332,173.194.151.108,10.10.0.10,,,443,41505,0,1358,17
1589249269.737942,173.194.151.108,10.10.0.10,,,443,41505,0,1358,17
1589249269.7397182,10.10.0.10,173.194.151.108,,,41505,443,0,37,17
1589249269.749175,173.194.151.108,10.10.0.10,,,443,41505,0,1358,17
1589249269.760393,173.194.151.108,10.10.0.10,,,443,41505,0,1358,17
1589249269.762022,10.10.0.10,173.194.151.108,,,41505,443,0,37,17
1589249269.771625,173.194.151.108,10.10.0.10,,,443,41505,0,1358,17
1589249269.7828462,173.194.151.108,10.10.0.10,,,443,41505,0,1358,17
1589249269.7872589,10.10.0.10,173.194.151.108,,,41505,443,0,37,17
1589249269.79407,173.194.151.108,10.10.0.10,,,443,41505,0,1358,17
1589249269.8052974,173.194.151.108,10.10.0.10,,,443,41505,0,1358,17
1589249269.8078446,10.10.0.10,173.194.151.108,,,41505,443,0,37,17
1589249269.8165288,173.194.151.108,10.10.0.10,,,443,41505,0,1358,17
1589249269.8277528,173.194.151.108,10.10.0.10,,,443,41505,0,1358,17
1589249269.829384,10.10.0.10,173.194.151.108,,,41505,443,0,37,17
1589249269.8389795,173.194.151.108,10.10.0.10,,,443,41505,0,1358,17
1589249269.850199,173.194.151.108,10.10.0.10,,,443,41505,0,1358,17
1589249269.8518748,10.10.0.10,173.194.151.108,,,41505,443,0,37,17
1589249269.8614292,173.194.151.108,10.10.0.10,,,443,41505,0,1358,17
1589249269.872652,173.194.151.108,10.10.0.10,,,443,41505,0,1358,17
1589249269.874269,10.10.0.10,173.194.151.108,,,41505,443,0,37,17
1589249269.8838851,173.194.151.108,10.10.0.10,,,443,41505,0,1358,17
1589249269.8951092,173.194.151.108,10.10.0.10,,,443,41505,0,1358,17
1589249269.8967464,10.10.0.10,173.194.151.108,,,41505,443,0,37,17
1589249269.9063332,173.194.151.108,10.10.0.10,,,443,41505,0,1358,17
1589249269.9175582,173.194.151.108,10.10.0.10,,,443,41505,0,1358,17
1589249269.919769,10.10.0.10,173.194.151.108,,,41505,443,0,37,17
1589249269.928794,173.194.151.108,10.10.0.10,,,443,41505,0,1358,17
1589249269.9400089,173.194.151.108,10.10.0.10,,,443,41505,0,1358,17
1589249269.9417722,10.10.0.10,173.194.151.108,,,41505,443,0,37,17
1589249269.9512372,173.194.151.108,10.10.0.10,,,443,41505,0,1358,17
1589249269.9624786,173.194.151.108,10.10.0.10,,,443,41505,0,1358,17
1589249269.9642491,10.10.0.10,173.194.151.108,,,41505,443,0,37,17
1589249269.9736881,173.194.151.108,10.10.0.10,,,443,41505,0,1358,17
1589249269.98491,173.194.151.108,10.10.0.10,,,443,41505,0,1358,17
1589249269.988744,10.10.0.10,173.194.151.108,,,41505,443,0,37,17
1589249269.996135,173.194.151.108,10.10.0.10,,,443,41505,0,1358,17
1589249270.0073662,173.194.151.108,10.10.0.10,,,443,41505,0,1358,17
1589249270.0093708,10.10.0.10,173.194.151.108,,,41505,443,0,50,17
1589249270.0186,173.194.151.108,10.10.0.10,,,443,41505,0,1358,17
1589249270.0298169,173.194.151.108,10.10.0.10,,,443,41505,0,1358,17
1589249270.0317626,10.10.0.10,173.194.151.108,,,41505,443,0,37,17
1589249270.0410438,173.194.151.108,10.10.0.10,,,443,41505,0,1358,17
1589249270.05229,173.194.151.108,10.10.0.10,,,443,41505,0,1358,17
1589249270.056492,10.10.0.10,173.194.151.108,,,41505,443,0,37,17
1589249270.0634954,173.194.151.108,10.10.0.10,,,443,41505,0,1358,17
1589249270.074729,173.194.151.108,10.10.0.10,,,443,41505,0,1358,17
1589249270.076514,10.10.0.10,173.194.151.108,,,41505,443,0,37,17
1589249270.0859468,173.194.151.108,10.10.0.10,,,443,41505,0,1358,17
1589249270.0971732,173.194.151.108,10.10.0.10,,,443,41505,0,1358,17
1589249270.0986161,10.10.0.10,173.194.151.108,,,41505,443,0,37,17
1589249270.1084142,173.194.151.108,10.10.0.10,,,443,41505,0,1358,17
1589249270.1196258,173.194.151.108,10.10.0.10,,,443,41505,0,1358,17
1589249270.1215134,10.10.0.10,173.194.151.108,,,41505,443,0,37,17
1589249270.1308498,173.194.151.108,10.10.0.10,,,443,41505,0,1358,17
1589249270.1420765,173.194.151.108,10.10.0.10,,,443,41505,0,1358,17
1589249270.143858,10.10.0.10,173.194.151.108,,,41505,443,0,37,17
1589249270.1532998,173.194.151.108,10.10.0.10,,,443,41505,0,1358,17
1589249270.164535,173.194.151.108,10.10.0.10,,,443,41505,0,1358,17
1589249270.16623,10.10.0.10,173.194.151.108,,,41505,443,0,37,17
1589249270.1757536,173.194.151.108,10.10.0.10,,,443,41505,0,1358,17
1589249270.1869788,173.194.151.108,10.10.0.10,,,443,41505,0,1358,17
1589249270.188738,10.10.0.10,173.194.151.108,,,41505,443,0,37,17
1589249270.1982205,173.194.151.108,10.10.0.10,,,443,41505,0,1358,17
1589249270.2094321,173.194.151.108,10.10.0.10,,,443,41505,0,1358,17
1589249270.211113,10.10.0.10,173.194.151.108,,,41505,443,0,37,17
1589249270.220663,173.194.151.108,10.10.0.10,,,443,41505,0,1358,17
1589249270.2318802,173.194.151.108,10.10.0.10,,,443,41505,0,1358,17
1589249270.233737,10.10.0.10,173.194.151.108,,,41505,443,0,37,17
1589249270.2431078,173.194.151.108,10.10.0.10,,,443,41505,0,1358,17
1589249270.254345,173.194.151.108,10.10.0.10,,,443,41505,0,1358,17
1589249270.2561312,10.10.0.10,173.194.151.108,,,41505,443,0,37,17
1589249270.265559,173.194.151.108,10.10.0.10,,,443,41505,0,1358,17
1589249270.2767892,173.194.151.108,10.10.0.10,,,443,41505,0,1358,17
1589249270.278485,10.10.0.10,173.194.151.108,,,41505,443,0,37,17
1589249270.2880108,173.194.151.108,10.10.0.10,,,443,41505,0,1358,17
1589249270.2992382,173.194.151.108,10.10.0.10,,,443,41505,0,1358,17
1589249270.301248,10.10.0.10,173.194.151.108,,,41505,443,0,37,17
1589249270.3104668,173.194.151.108,10.10.0.10,,,443,41505,0,1358,17
1589249270.3216894,173.194.151.108,10.10.0.10,,,443,41505,0,1358,17
1589249270.323239,10.10.0.10,173.194.151.108,,,41505,443,0,37,17
1589249270.3329172,173.194.151.108,10.10.0.10,,,443,41505,0,1358,17
1589249270.344153,173.194.151.108,10.10.0.10,,,443,41505,0,1358,17
1589249270.34575,10.10.0.10,173.194.151.108,,,41505,443,0,37,17
1589249270.3553689,173.194.151.108,10.10.0.10,,,443,41505,0,1358,17
1589249270.36659,173.194.151.108,10.10.0.10,,,443,41505,0,1358,17
1589249270.3681085,10.10.0.10,173.194.151.108,,,41505,443,0,37,17
1589249270.377817,173.194.151.108,10.10.0.10,,,443,41505,0,1358,17
1589249270.3890462,173.194.151.108,10.10.0.10,,,443,41505,0,1358,17
1589249270.3906062,10.10.0.10,173.194.151.108,,,41505,443,0,37,17
1589249270.40028,173.194.151.108,10.10.0.10,,,443,41505,0,1358,17
1589249270.4114964,173.194.151.108,10.10.0.10,,,443,41505,0,1358,17
1589249270.4132311,10.10.0.10,173.194.151.108,,,41505,443,0,37,17
1589249270.4227214,173.194.151.108,10.10.0.10,,,443,41505,0,1358,17
1589249270.433953,173.194.151.108,10.10.0.10,,,443,41505,0,1358,17
1589249270.4360988,10.10.0.10,173.194.151.108,,,41505,443,0,37,17
1589249270.4451768,173.194.151.108,10.10.0.10,,,443,41505,0,1358,17
1589249270.4564035,173.194.151.108,10.10.0.10,,,443,41505,0,1358,17
1589249270.458123,10.10.0.10,173.194.151.108,,,41505,443,0,50,17
1589249270.467622,173.194.151.108,10.10.0.10,,,443,41505,0,1358,17
1589249270.478849,173.194.151.108,10.10.0.10,,,443,41505,0,1358,17
1589249270.4808738,10.10.0.10,173.194.151.108,,,41505,443,0,37,17
1589249270.490087,173.194.151.108,10.10.0.10,,,443,41505,0,1358,17
1589249270.5013044,173.194.151.108,10.10.0.10,,,443,41505,0,1358,17
1589249270.5042489,10.10.0.10,173.194.151.108,,,41505,443,0,37,17
1589249270.512522,173.194.151.108,10.10.0.10,,,443,41505,0,1358,17
1589249270.5237722,173.194.151.108,10.10.0.10,,,443,41505,0,1358,17
1589249270.525478,10.10.0.10,173.194.151.108,,,41505,443,0,37,17
1589249270.5349786,173.194.151.108,10.10.0.10,,,443,41505,0,1358,17
1589249270.5462134,173.194.151.108,10.10.0.10,,,443,41505,0,1358,17
1589249270.547978,10.10.0.10,173.194.151.108,,,41505,443,0,37,17
1589249270.5574338,173.194.151.108,10.10.0.10,,,443,41505,0,1358,17
1589249270.568658,173.194.151.108,10.10.0.10,,,443,41505,0,1358,17
1589249270.5703511,10.10.0.10,173.194.151.108,,,41505,443,0,37,17
1589249270.5798972,173.194.151.108,10.10.0.10,,,443,41505,0,1358,17
1589249270.5911078,173.194.151.108,10.10.0.10,,,443,41505,0,1358,17
1589249270.5928528,10.10.0.10,173.194.151.108,,,41505,443,0,37,17
1589249270.602333,173.194.151.108,10.10.0.10,,,443,41505,0,1358,17
1589249270.6135626,173.194.151.108,10.10.0.10,,,443,41505,0,1358,17
1589249270.6153548,10.10.0.10,173.194.151.108,,,41505,443,0,37,17
1589249270.624786,173.194.151.108,10.10.0.10,,,443,41505,0,1358,17
1589249270.636008,173.194.151.108,10.10.0.10,,,443,41505,0,1358,17
1589249270.6377492,10.10.0.10,173.194.151.108,,,41505,443,0,37,17
1589249270.647231,173.194.151.108,10.10.0.10,,,443,41505,0,1358,17
1589249270.658458,173.194.151.108,10.10.0.10,,,443,41505,0,1358,17
1589249270.6602044,10.10.0.10,173.194.151.108,,,41505,443,0,37,17
1589249270.6697085,173.194.151.108,10.10.0.10,,,443,41505,0,1358,17
1589249270.6809142,173.194.151.108,10.10.0.10,,,443,41505,0,1358,17
1589249270.68285,10.10.0.10,173.194.151.108,,,41505,443,0,37,17
1589249270.6921349,173.194.151.108,10.10.0.10,,,443,41505,0,1358,17
1589249270.703365,173.194.151.108,10.10.0.10,,,443,41505,0,1358,17
1589249270.7062418,10.10.0.10,173.194.151.108,,,41505,443,0,37,17
1589249270.714587,173.194.151.108,10.10.0.10,,,443,41505,0,1358,17
1589249270.725833,173.194.151.108,10.10.0.10,,,443,41505,0,1358,17
1589249270.72849,10.10.0.10,173.194.151.108,,,41505,443,0,37,17
1589249270.7370439,173.194.151.108,10.10.0.10,,,443,41505,0,1358,17
1589249270.748267,173.194.151.108,10.10.0.10,,,443,41505,0,1358,17
1589249270.7499974,10.10.0.10,173.194.151.108,,,41505,443,0,37,17
1589249270.7595162,173.194.151.108,10.10.0.10,,,443,41505,0,1358,17
1589249270.770719,173.194.151.108,10.10.0.10,,,443,41505,0,1358,17
1589249270.7729502,10.10.0.10,173.194.151.108,,,41505,443,0,37,17
1589249270.78196,173.194.151.108,10.10.0.10,,,443,41505,0,1358,17
1589249270.7931714,173.194.151.108,10.10.0.10,,,443,41505,0,1358,17
1589249270.795595,10.10.0.10,173.194.151.108,,,41505,443,0,37,17
1589249270.804397,173.194.151.108,10.10.0.10,,,443,41505,0,1358,17
1589249270.81562,173.194.151.108,10.10.0.10,,,443,41505,0,1358,17
1589249270.8174698,10.10.0.10,173.194.151.108,,,41505,443,0,37,17
1589249270.827383,173.194.151.108,10.10.0.10,,,443,41505,0,1358,17
1589249270.838607,173.194.151.108,10.10.0.10,,,443,41505,0,1358,17
1589249270.840976,10.10.0.10,173.194.151.108,,,41505,443,0,37,17
1589249270.8498292,173.194.151.108,10.10.0.10,,,443,41505,0,1358,17
1589249270.8610532,173.194.151.108,10.10.0.10,,,443,41505,0,1358,17
1589249270.8626988,10.10.0.10,173.194.151.108,,,41505,443,0,37,17
1589249270.8722801,173.194.151.108,10.10.0.10,,,443,41505,0,1358,17
1589249270.883516,173.194.151.108,10.10.0.10,,,443,41505,0,1358,17
1589249270.885488,10.10.0.10,173.194.151.108,,,41505,443,0,37,17
1589249270.8947322,173.194.151.108,10.10.0.10,,,443,41505,0,1358,17
1589249270.905962,173.194.151.108,10.10.0.10,,,443,41505,0,1358,17
1589249270.908113,10.10.0.10,173.194.151.108,,,41505,443,0,50,17
1589249270.917201,173.194.151.108,10.10.0.10,,,443,41505,0,1358,17
1589249270.928415,173.194.151.108,10.10.0.10,,,443,41505,0,1358,17
1589249270.930842,10.10.0.10,173.194.151.108,,,41505,443,0,37,17
1589249270.939642,173.194.151.108,10.10.0.10,,,443,41505,0,1358,17
1589249270.950885,173.194.151.108,10.10.0.10,,,443,41505,0,1358,17
1589249270.952466,10.10.0.10,173.194.151.108,,,41505,443,0,37,17
1589249270.9620929,173.194.151.108,10.10.0.10,,,443,41505,0,29,17
1589249270.9626,173.194.151.108,10.10.0.10,,,443,41505,0,1358,17
1589249270.973825,173.194.151.108,10.10.0.10,,,443,41505,0,1358,17
1589249270.976856,10.10.0.10,173.194.151.108,,,41505,443,0,37,17
1589249270.9850519,173.194.151.108,10.10.0.10,,,443,41505,0,1358,17
1589249270.9962769,173.194.151.108,10.10.0.10,,,443,41505,0,1358,17
1589249270.998215,10.10.0.10,173.194.151.108,,,41505,443,0,37,17
1589249271.0075119,173.194.151.108,10.10.0.10,,,443,41505,0,1358,17
1589249271.018729,173.194.151.108,10.10.0.10,,,443,41505,0,1358,17
1589249271.027358,10.10.0.10,173.194.151.108,,,41505,443,0,37,17
1589249271.029952,173.194.151.108,10.10.0.10,,,443,41505,0,1358,17
1589249271.041196,173.194.151.108,10.10.0.10,,,443,41505,0,1358,17
1589249271.042857,10.10.0.10,173.194.151.108,,,41505,443,0,37,17
1589249271.052406,173.194.151.108,10.10.0.10,,,443,41505,0,1358,17
1589249271.0636358,173.194.151.108,10.10.0.10,,,443,41505,0,1358,17
1589249271.067087,10.10.0.10,173.194.151.108,,,41505,443,0,37,17
1589249271.074856,173.194.151.108,10.10.0.10,,,443,41505,0,1358,17
1589249271.08608,173.194.151.108,10.10.0.10,,,443,41505,0,1358,17
1589249271.0875866,10.10.0.10,173.194.151.108,,,41505,443,0,37,17
1589249271.0973196,173.194.151.108,10.10.0.10,,,443,41505,0,1358,17
1589249271.108536,173.194.151.108,10.10.0.10,,,443,41505,0,1358,17
1589249271.110229,10.10.0.10,173.194.151.108,,,41505,443,0,37,17
1589249271.119766,173.194.151.108,10.10.0.10,,,443,41505,0,1358,17
1589249271.131006,173.194.151.108,10.10.0.10,,,443,41505,0,1358,17
1589249271.1326132,10.10.0.10,173.194.151.108,,,41505,443,0,37,17
1589249271.1422188,173.194.151.108,10.10.0.10,,,443,41505,0,1358,17
1589249271.153442,173.194.151.108,10.10.0.10,,,443,41505,0,1358,17
1589249271.15608,10.10.0.10,173.194.151.108,,,41505,443,0,37,17
1589249271.164668,173.194.151.108,10.10.0.10,,,443,41505,0,1358,17
1589249271.1758852,173.194.151.108,10.10.0.10,,,443,41505,0,1358,17
1589249271.1774588,10.10.0.10,173.194.151.108,,,41505,443,0,37,17
1589249271.18713,173.194.151.108,10.10.0.10,,,443,41505,0,1358,17
1589249271.198342,173.194.151.108,10.10.0.10,,,443,41505,0,1358,17
1589249271.1998348,10.10.0.10,173.194.151.108,,,41505,443,0,37,17
1589249271.209566,173.194.151.108,10.10.0.10,,,443,41505,0,1358,17
1589249271.220793,173.194.151.108,10.10.0.10,,,443,41505,0,1358,17
1589249271.2223332,10.10.0.10,173.194.151.108,,,41505,443,0,37,17
1589249271.2320151,173.194.151.108,10.10.0.10,,,443,41505,0,1358,17
1589249271.243256,173.194.151.108,10.10.0.10,,,443,41505,0,1358,17
1589249271.244832,10.10.0.10,173.194.151.108,,,41505,443,0,37,17
1589249271.254472,173.194.151.108,10.10.0.10,,,443,41505,0,1358,17
1589249271.265697,173.194.151.108,10.10.0.10,,,443,41505,0,1358,17
1589249271.2674758,10.10.0.10,173.194.151.108,,,41505,443,0,37,17
1589249271.276936,173.194.151.108,10.10.0.10,,,443,41505,0,1358,17
1589249271.2881482,173.194.151.108,10.10.0.10,,,443,41505,0,1358,17
1589249271.289851,10.10.0.10,173.194.151.108,,,41505,443,0,37,17
1589249271.2993786,173.194.151.108,10.10.0.10,,,443,41505,0,1358,17
1589249271.3105981,173.194.151.108,10.10.0.10,,,443,41505,0,1358,17
1589249271.312607,10.10.0.10,173.194.151.108,,,41505,443,0,37,17
1589249271.321826,173.194.151.108,10.10.0.10,,,443,41505,0,1358,17
1589249271.3330634,173.194.151.108,10.10.0.10,,,443,41505,0,1358,17
1589249271.334954,10.10.0.10,173.194.151.108,,,41505,443,0,37,17
1589249271.3442779,173.194.151.108,10.10.0.10,,,443,41505,0,1358,17
1589249271.3555028,173.194.151.108,10.10.0.10,,,443,41505,0,1358,17
1589249271.3573475,10.10.0.10,173.194.151.108,,,41505,443,0,50,17
1589249271.366748,173.194.151.108,10.10.0.10,,,443,41505,0,1358,17
1589249271.3779528,173.194.151.108,10.10.0.10,,,443,41505,0,1358,17
1589249271.3797224,10.10.0.10,173.194.151.108,,,41505,443,0,37,17
1589249271.3891866,173.194.151.108,10.10.0.10,,,443,41505,0,1358,17
1589249271.400408,173.194.151.108,10.10.0.10,,,443,41505,0,1358,17
1589249271.4020774,10.10.0.10,173.194.151.108,,,41505,443,0,37,17
1589249271.411631,173.194.151.108,10.10.0.10,,,443,41505,0,1358,17
1589249271.422871,173.194.151.108,10.10.0.10,,,443,41505,0,29,17
1589249271.423377,173.194.151.108,10.10.0.10,,,443,41505,0,1358,17
1589249271.4257019,10.10.0.10,173.194.151.108,,,41505,443,0,37,17
1589249271.434592,173.194.151.108,10.10.0.10,,,443,41505,0,1358,17
1589249271.445819,173.194.151.108,10.10.0.10,,,443,41505,0,1358,17
1589249271.4476,10.10.0.10,173.194.151.108,,,41505,443,0,37,17
1589249271.457061,173.194.151.108,10.10.0.10,,,443,41505,0,1358,17
1589249271.4682698,173.194.151.108,10.10.0.10,,,443,41505,0,1358,17
1589249271.470473,10.10.0.10,173.194.151.108,,,41505,443,0,37,17
1589249271.479501,173.194.151.108,10.10.0.10,,,443,41505,0,1358,17
1589249271.4907148,173.194.151.108,10.10.0.10,,,443,41505,0,1358,17
1589249271.492206,10.10.0.10,173.194.151.108,,,41505,443,0,37,17
1589249271.501952,173.194.151.108,10.10.0.10,,,443,41505,0,1358,17
1589249271.513183,173.194.151.108,10.10.0.10,,,443,41505,0,1358,17
1589249271.5148444,10.10.0.10,173.194.151.108,,,41505,443,0,37,17
1589249271.5244,173.194.151.108,10.10.0.10,,,443,41505,0,1358,17
1589249271.535626,173.194.151.108,10.10.0.10,,,443,41505,0,1358,17
1589249271.537345,10.10.0.10,173.194.151.108,,,41505,443,0,37,17
1589249271.546869,173.194.151.108,10.10.0.10,,,443,41505,0,1358,17
1589249271.5580778,173.194.151.108,10.10.0.10,,,443,41505,0,1358,17
1589249271.5602212,10.10.0.10,173.194.151.108,,,41505,443,0,37,17
1589249271.5693061,173.194.151.108,10.10.0.10,,,443,41505,0,1358,17
1589249271.580527,173.194.151.108,10.10.0.10,,,443,41505,0,1358,17
1589249271.5827188,10.10.0.10,173.194.151.108,,,41505,443,0,37,17
1589249271.591752,173.194.151.108,10.10.0.10,,,443,41505,0,1358,17
1589249271.602992,173.194.151.108,10.10.0.10,,,443,41505,0,1358,17
1589249271.604828,10.10.0.10,173.194.151.108,,,41505,443,0,37,17
1589249271.6142054,173.194.151.108,10.10.0.10,,,443,41505,0,1358,17
1589249271.625431,173.194.151.108,10.10.0.10,,,443,41505,0,1358,17
1589249271.6271868,10.10.0.10,173.194.151.108,,,41505,443,0,37,17
1589249271.636658,173.194.151.108,10.10.0.10,,,443,41505,0,1358,17
1589249271.647883,173.194.151.108,10.10.0.10,,,443,41505,0,1358,17
1589249271.6559641,10.10.0.10,173.194.151.108,,,41505,443,0,37,17
1589249271.6591036,173.194.151.108,10.10.0.10,,,443,41505,0,1358,17
1589249271.670328,173.194.151.108,10.10.0.10,,,443,41505,0,1358,17
1589249271.676545,10.10.0.10,173.194.151.108,,,41505,443,0,37,17
1589249271.6815548,173.194.151.108,10.10.0.10,,,443,41505,0,1358,17
1589249271.6928,173.194.151.108,10.10.0.10,,,443,41505,0,1358,17
1589249271.6944606,10.10.0.10,173.194.151.108,,,41505,443,0,37,17
1589249271.7040062,173.194.151.108,10.10.0.10,,,443,41505,0,1358,17
1589249271.7152328,173.194.151.108,10.10.0.10,,,443,41505,0,1358,17
1589249271.716667,10.10.0.10,173.194.151.108,,,41505,443,0,37,17
1589249271.726463,173.194.151.108,10.10.0.10,,,443,41505,0,1358,17
1589249271.7376866,173.194.151.108,10.10.0.10,,,443,41505,0,1358,17
1589249271.7392929,10.10.0.10,173.194.151.108,,,41505,443,0,37,17
1589249271.7489252,173.194.151.108,10.10.0.10,,,443,41505,0,1358,17
1589249271.760135,173.194.151.108,10.10.0.10,,,443,41505,0,1358,17
1589249271.7617881,10.10.0.10,173.194.151.108,,,41505,443,0,37,17
1589249271.771368,173.194.151.108,10.10.0.10,,,443,41505,0,1358,17
1589249271.78261,173.194.151.108,10.10.0.10,,,443,41505,0,1358,17
1589249271.784342,10.10.0.10,173.194.151.108,,,41505,443,0,37,17
1589249271.793817,173.194.151.108,10.10.0.10,,,443,41505,0,1358,17
1589249271.8050392,173.194.151.108,10.10.0.10,,,443,41505,0,1358,17
1589249271.80681,10.10.0.10,173.194.151.108,,,41505,443,0,50,17
1589249271.8162658,173.194.151.108,10.10.0.10,,,443,41505,0,1358,17
1589249271.8274946,173.194.151.108,10.10.0.10,,,443,41505,0,1358,17
1589249271.8290699,10.10.0.10,173.194.151.108,,,41505,443,0,37,17
1589249271.8387172,173.194.151.108,10.10.0.10,,,443,41505,0,1358,17
1589249271.8499439,173.194.151.108,10.10.0.10,,,443,41505,0,1358,17
1589249271.85168,10.10.0.10,173.194.151.108,,,41505,443,0,37,17
1589249271.8611708,173.194.151.108,10.10.0.10,,,443,41505,0,1358,17
1589249271.863193,10.10.0.10,173.194.151.108,,,41505,443,0,721,17
1589249271.863439,10.10.0.10,173.194.151.108,,,41505,443,0,55,17
1589249271.872407,173.194.151.108,10.10.0.10,,,443,41505,0,1358,17
1589249271.8836231,173.194.151.108,10.10.0.10,,,443,41505,0,1358,17
1589249271.8855698,10.10.0.10,173.194.151.108,,,41505,443,0,37,17
1589249271.8948605,173.194.151.108,10.10.0.10,,,443,41505,0,1358,17
1589249271.9060776,173.194.151.108,10.10.0.10,,,443,41505,0,1358,17
1589249271.909312,10.10.0.10,173.194.151.108,,,41505,443,0,37,17
1589249271.917308,173.194.151.108,10.10.0.10,,,443,41505,0,1358,17
1589249271.9285278,173.194.151.108,10.10.0.10,,,443,41505,0,29,17
1589249271.929047,173.194.151.108,10.10.0.10,,,443,41505,0,1358,17
1589249271.930585,10.10.0.10,173.194.151.108,,,41505,443,0,37,17
1589249271.94026,173.194.151.108,10.10.0.10,,,443,41505,0,1358,17
1589249271.951488,173.194.151.108,10.10.0.10,,,443,41505,0,1358,17
1589249271.953553,10.10.0.10,173.194.151.108,,,41505,443,0,37,17
1589249271.962733,173.194.151.108,10.10.0.10,,,443,41505,0,1358,17
1589249271.9739401,173.194.151.108,10.10.0.10,,,443,41505,0,1358,17
1589249271.9756794,10.10.0.10,173.194.151.108,,,41505,443,0,37,17
1589249271.98517,173.194.151.108,10.10.0.10,,,443,41505,0,1358,17
1589249271.9963892,173.194.151.108,10.10.0.10,,,443,41505,0,1358,17
1589249272.0006864,10.10.0.10,173.194.151.108,,,41505,443,0,37,17
1589249272.007616,173.194.151.108,10.10.0.10,,,443,41505,0,1358,17
1589249272.018858,173.194.151.108,10.10.0.10,,,443,41505,0,1358,17
1589249272.023456,10.10.0.10,173.194.151.108,,,41505,443,0,37,17
1589249272.0300634,173.194.151.108,10.10.0.10,,,443,41505,0,1358,17
1589249272.0412931,173.194.151.108,10.10.0.10,,,443,41505,0,1358,17
1589249272.0429332,10.10.0.10,173.194.151.108,,,41505,443,0,37,17
1589249272.0525188,173.194.151.108,10.10.0.10,,,443,41505,0,1358,17
1589249272.063745,173.194.151.108,10.10.0.10,,,443,41505,0,1358,17
1589249272.065308,10.10.0.10,173.194.151.108,,,41505,443,0,37,17
1589249272.0749798,173.194.151.108,10.10.0.10,,,443,41505,0,1358,17
1589249272.0861974,173.194.151.108,10.10.0.10,,,443,41505,0,1358,17
1589249272.087683,10.10.0.10,173.194.151.108,,,41505,443,0,37,17
1589249272.0974214,173.194.151.108,10.10.0.10,,,443,41505,0,1358,17
1589249272.108648,173.194.151.108,10.10.0.10,,,443,41505,0,1358,17
1589249272.1102018,10.10.0.10,173.194.151.108,,,41505,443,0,37,17
1589249272.119876,173.194.151.108,10.10.0.10,,,443,41505,0,1358,17
1589249272.1311052,173.194.151.108,10.10.0.10,,,443,41505,0,1358,17
1589249272.132826,10.10.0.10,173.194.151.108,,,41505,443,0,37,17
1589249272.1423216,173.194.151.108,10.10.0.10,,,443,41505,0,1358,17
1589249272.1535509,173.194.151.108,10.10.0.10,,,443,41505,0,1358,17
1589249272.15595,10.10.0.10,173.194.151.108,,,41505,443,0,37,17
1589249272.1647878,173.194.151.108,10.10.0.10,,,443,41505,0,1358,17
1589249272.175998,173.194.151.108,10.10.0.10,,,443,41505,0,1358,17
1589249272.1872294,173.194.151.108,10.10.0.10,,,443,41505,0,1358,17
1589249272.1882026,10.10.0.10,173.194.151.108,,,41505,443,0,37,17
1589249272.198456,173.194.151.108,10.10.0.10,,,443,41505,0,1358,17
1589249272.199934,10.10.0.10,173.194.151.108,,,41505,443,0,37,17
1589249272.209683,173.194.151.108,10.10.0.10,,,443,41505,0,1358,17
1589249272.220912,173.194.151.108,10.10.0.10,,,443,41505,0,1358,17
1589249272.222554,10.10.0.10,173.194.151.108,,,41505,443,0,37,17
1589249272.2321339,173.194.151.108,10.10.0.10,,,443,41505,0,1358,17
1589249272.243358,173.194.151.108,10.10.0.10,,,443,41505,0,1358,17
1589249272.246182,10.10.0.10,173.194.151.108,,,41505,443,0,37,17
1589249272.254584,173.194.151.108,10.10.0.10,,,443,41505,0,1358,17
1589249272.265808,173.194.151.108,10.10.0.10,,,443,41505,0,1358,17
1589249272.267677,10.10.0.10,173.194.151.108,,,41505,443,0,37,17
1589249272.277035,173.194.151.108,10.10.0.10,,,443,41505,0,1358,17
1589249272.28827,173.194.151.108,10.10.0.10,,,443,41505,0,1358,17
1589249272.2898052,10.10.0.10,173.194.151.108,,,41505,443,0,37,17
1589249272.2994866,173.194.151.108,10.10.0.10,,,443,41505,0,1358,17
1589249272.3107252,173.194.151.108,10.10.0.10,,,443,41505,0,1358,17
1589249272.3125582,10.10.0.10,173.194.151.108,,,41505,443,0,50,17
1589249272.321939,173.194.151.108,10.10.0.10,,,443,41505,0,1358,17
1589249272.3331642,173.194.151.108,10.10.0.10,,,443,41505,0,1358,17
1589249272.334558,10.10.0.10,173.194.151.108,,,41505,443,0,37,17
1589249272.3443892,173.194.151.108,10.10.0.10,,,443,41505,0,1358,17
1589249272.3556151,173.194.151.108,10.10.0.10,,,443,41505,0,1358,17
1589249272.3573012,10.10.0.10,173.194.151.108,,,41505,443,0,37,17
1589249272.366848,173.194.151.108,10.10.0.10,,,443,41505,0,1358,17
1589249272.3780699,173.194.151.108,10.10.0.10,,,443,41505,0,29,17
1589249272.378577,173.194.151.108,10.10.0.10,,,443,41505,0,1358,17
1589249272.383196,10.10.0.10,173.194.151.108,,,41505,443,0,37,17
1589249272.389803,173.194.151.108,10.10.0.10,,,443,41505,0,1358,17
1589249272.4010339,173.194.151.108,10.10.0.10,,,443,41505,0,1358,17
1589249272.4026868,10.10.0.10,173.194.151.108,,,41505,443,0,37,17
1589249272.4122524,173.194.151.108,10.10.0.10,,,443,41505,0,1358,17
1589249272.4234786,173.194.151.108,10.10.0.10,,,443,41505,0,1358,17
1589249272.425198,10.10.0.10,173.194.151.108,,,41505,443,0,37,17
1589249272.434718,173.194.151.108,10.10.0.10,,,443,41505,0,1358,17
1589249272.445933,173.194.151.108,10.10.0.10,,,443,41505,0,1358,17
1589249272.448174,10.10.0.10,173.194.151.108,,,41505,443,0,37,17
1589249272.457158,173.194.151.108,10.10.0.10,,,443,41505,0,1358,17
1589249272.4683802,173.194.151.108,10.10.0.10,,,443,41505,0,1358,17
1589249272.4700668,10.10.0.10,173.194.151.108,,,41505,443,0,37,17
1589249272.479609,173.194.151.108,10.10.0.10,,,443,41505,0,1358,17
1589249272.4908442,173.194.151.108,10.10.0.10,,,443,41505,0,1358,17
1589249272.4930668,10.10.0.10,173.194.151.108,,,41505,443,0,37,17
1589249272.5020602,173.194.151.108,10.10.0.10,,,443,41505,0,1358,17
1589249272.5132859,173.194.151.108,10.10.0.10,,,443,41505,0,1358,17
1589249272.51492,10.10.0.10,173.194.151.108,,,41505,443,0,37,17
1589249272.5245302,173.194.151.108,10.10.0.10,,,443,41505,0,1358,17
1589249272.5357342,173.194.151.108,10.10.0.10,,,443,41505,0,1358,17
1589249272.537318,10.10.0.10,173.194.151.108,,,41505,443,0,37,17
1589249272.546967,173.194.151.108,10.10.0.10,,,443,41505,0,1358,17
1589249272.55819,173.194.151.108,10.10.0.10,,,443,41505,0,1358,17
1589249272.560647,10.10.0.10,173.194.151.108,,,41505,443,0,37,17
1589249272.5694132,173.194.151.108,10.10.0.10,,,443,41505,0,1358,17
1589249272.5806522,173.194.151.108,10.10.0.10,,,443,41505,0,1358,17
1589249272.582668,10.10.0.10,173.194.151.108,,,41505,443,0,37,17
1589249272.5918634,173.194.151.108,10.10.0.10,,,443,41505,0,1358,17
1589249272.603092,173.194.151.108,10.10.0.10,,,443,41505,0,1358,17
1589249272.604813,10.10.0.10,173.194.151.108,,,41505,443,0,37,17
1589249272.6143134,173.194.151.108,10.10.0.10,,,443,41505,0,1358,17
1589249272.6255429,173.194.151.108,10.10.0.10,,,443,41505,0,1358,17
1589249272.6273172,10.10.0.10,173.194.151.108,,,41505,443,0,37,17
1589249272.636775,173.194.151.108,10.10.0.10,,,443,41505,0,1358,17
1589249272.6479962,173.194.151.108,10.10.0.10,,,443,41505,0,1358,17
1589249272.649535,10.10.0.10,173.194.151.108,,,41505,443,0,37,17
1589249272.659216,173.194.151.108,10.10.0.10,,,443,41505,0,1358,17
1589249272.6704614,173.194.151.108,10.10.0.10,,,443,41505,0,1358,17
1589249272.6720269,10.10.0.10,173.194.151.108,,,41505,443,0,37,17
1589249272.6816769,173.194.151.108,10.10.0.10,,,443,41505,0,1358,17
1589249272.6929011,173.194.151.108,10.10.0.10,,,443,41505,0,1358,17
1589249272.694561,10.10.0.10,173.194.151.108,,,41505,443,0,37,17
1589249272.704119,173.194.151.108,10.10.0.10,,,443,41505,0,1358,17
1589249272.715346,173.194.151.108,10.10.0.10,,,443,41505,0,1358,17
1589249272.718568,10.10.0.10,173.194.151.108,,,41505,443,0,37,17
1589249272.7265882,173.194.151.108,10.10.0.10,,,443,41505,0,1358,17
1589249272.737802,173.194.151.108,10.10.0.10,,,443,41505,0,1358,17
1589249272.739436,10.10.0.10,173.194.151.108,,,41505,443,0,37,17
1589249272.7490275,173.194.151.108,10.10.0.10,,,443,41505,0,1358,17
1589249272.760248,173.194.151.108,10.10.0.10,,,443,41505,0,1358,17
1589249272.7617939,10.10.0.10,173.194.151.108,,,41505,443,0,50,17
1589249272.771482,173.194.151.108,10.10.0.10,,,443,41505,0,1358,17
1589249272.7827039,173.194.151.108,10.10.0.10,,,443,41505,0,1358,17
1589249272.7843132,10.10.0.10,173.194.151.108,,,41505,443,0,37,17
1589249272.7939308,173.194.151.108,10.10.0.10,,,443,41505,0,1358,17
1589249272.805158,173.194.151.108,10.10.0.10,,,443,41505,0,1358,17
1589249272.8069134,10.10.0.10,173.194.151.108,,,41505,443,0,37,17
1589249272.8163948,173.194.151.108,10.10.0.10,,,443,41505,0,1358,17
1589249272.827606,173.194.151.108,10.10.0.10,,,443,41505,0,29,17
1589249272.828108,173.194.151.108,10.10.0.10,,,443,41505,0,1358,17
1589249272.8295555,10.10.0.10,173.194.151.108,,,41505,443,0,37,17
1589249272.8393419,173.194.151.108,10.10.0.10,,,443,41505,0,1358,17
1589249272.8505821,173.194.151.108,10.10.0.10,,,443,41505,0,1358,17
1589249272.852432,10.10.0.10,173.194.151.108,,,41505,443,0,37,17
1589249272.861794,173.194.151.108,10.10.0.10,,,443,41505,0,1358,17
1589249272.873523,173.194.151.108,10.10.0.10,,,443,41505,0,1358,17
1589249272.875776,10.10.0.10,173.194.151.108,,,41505,443,0,37,17
1589249272.884745,173.194.151.108,10.10.0.10,,,443,41505,0,1358,17
1589249272.895975,173.194.151.108,10.10.0.10,,,443,41505,0,1358,17
1589249272.8975348,10.10.0.10,173.194.151.108,,,41505,443,0,37,17
1589249272.907206,173.194.151.108,10.10.0.10,,,443,41505,0,1358,17
1589249272.918423,173.194.151.108,10.10.0.10,,,443,41505,0,1358,17
1589249272.92041,10.10.0.10,173.194.151.108,,,41505,443,0,37,17
1589249272.9296508,173.194.151.108,10.10.0.10,,,443,41505,0,1358,17
1589249272.9408898,173.194.151.108,10.10.0.10,,,443,41505,0,1358,17
1589249272.9425552,10.10.0.10,173.194.151.108,,,41505,443,0,37,17
1589249272.9521024,173.194.151.108,10.10.0.10,,,443,41505,0,1358,17
1589249272.963325,173.194.151.108,10.10.0.10,,,443,41505,0,1358,17
1589249272.9648762,10.10.0.10,173.194.151.108,,,41505,443,0,37,17
1589249272.97455,173.194.151.108,10.10.0.10,,,443,41505,0,1358,17
1589249272.98789,173.194.151.108,10.10.0.10,,,443,41505,0,1358,17
1589249272.9899251,10.10.0.10,173.194.151.108,,,41505,443,0,37,17
1589249273.0012195,173.194.151.108,10.10.0.10,,,443,41505,0,1358,17
1589249273.014575,173.194.151.108,10.10.0.10,,,443,41505,0,1358,17
1589249273.016159,10.10.0.10,173.194.151.108,,,41505,443,0,37,17
1589249273.0278974,173.194.151.108,10.10.0.10,,,443,41505,0,1358,17
1589249273.041234,173.194.151.108,10.10.0.10,,,443,41505,0,1358,17
1589249273.0431552,10.10.0.10,173.194.151.108,,,41505,443,0,37,17
1589249273.054567,173.194.151.108,10.10.0.10,,,443,41505,0,1358,17
1589249273.0679116,173.194.151.108,10.10.0.10,,,443,41505,0,1358,17
1589249273.0698,10.10.0.10,173.194.151.108,,,41505,443,0,37,17
1589249273.0812428,173.194.151.108,10.10.0.10,,,443,41505,0,1358,17
1589249273.0945814,173.194.151.108,10.10.0.10,,,443,41505,0,1358,17
1589249273.096146,10.10.0.10,173.194.151.108,,,41505,443,0,37,17
1589249273.107918,173.194.151.108,10.10.0.10,,,443,41505,0,1358,17
1589249273.1212618,173.194.151.108,10.10.0.10,,,443,41505,0,1358,17
1589249273.123425,10.10.0.10,173.194.151.108,,,41505,443,0,37,17
1589249273.1345901,173.194.151.108,10.10.0.10,,,443,41505,0,1358,17
1589249273.1479552,173.194.151.108,10.10.0.10,,,443,41505,0,1358,17
1589249273.1496608,10.10.0.10,173.194.151.108,,,41505,443,0,37,17
1589249273.161266,173.194.151.108,10.10.0.10,,,443,41505,0,1358,17
1589249273.174602,173.194.151.108,10.10.0.10,,,443,41505,0,1358,17
1589249273.176424,10.10.0.10,173.194.151.108,,,41505,443,0,37,17
1589249273.18795,173.194.151.108,10.10.0.10,,,443,41505,0,1358,17
1589249273.201273,173.194.151.108,10.10.0.10,,,443,41505,0,1358,17
1589249273.203044,10.10.0.10,173.194.151.108,,,41505,443,0,37,17
1589249273.214609,173.194.151.108,10.10.0.10,,,443,41505,0,1358,17
1589249273.227944,173.194.151.108,10.10.0.10,,,443,41505,0,1358,17
1589249273.2318988,10.10.0.10,173.194.151.108,,,41505,443,0,37,17
1589249273.241282,173.194.151.108,10.10.0.10,,,443,41505,0,1358,17
1589249273.254632,173.194.151.108,10.10.0.10,,,443,41505,0,1358,17
1589249273.2620268,10.10.0.10,173.194.151.108,,,41505,443,0,50,17
1589249273.2679539,173.194.151.108,10.10.0.10,,,443,41505,0,1358,17
1589249273.2812932,173.194.151.108,10.10.0.10,,,443,41505,0,1358,17
1589249273.283273,10.10.0.10,173.194.151.108,,,41505,443,0,37,17
1589249273.294633,173.194.151.108,10.10.0.10,,,443,41505,0,1358,17
1589249273.307965,173.194.151.108,10.10.0.10,,,443,41505,0,1358,17
1589249273.309647,10.10.0.10,173.194.151.108,,,41505,443,0,37,17
1589249273.321318,173.194.151.108,10.10.0.10,,,443,41505,0,1358,17
1589249273.334641,173.194.151.108,10.10.0.10,,,443,41505,0,1358,17
1589249273.336535,10.10.0.10,173.194.151.108,,,41505,443,0,37,17
1589249273.347973,173.194.151.108,10.10.0.10,,,443,41505,0,1358,17
1589249273.3613179,173.194.151.108,10.10.0.10,,,443,41505,0,1358,17
1589249273.3629172,10.10.0.10,173.194.151.108,,,41505,443,0,37,17
1589249273.3746474,173.194.151.108,10.10.0.10,,,443,41505,0,1358,17
1589249273.3894491,173.194.151.108,10.10.0.10,,,443,41505,0,1358,17
1589249273.397138,10.10.0.10,173.194.151.108,,,41505,443,0,37,17
1589249273.40278,173.194.151.108,10.10.0.10,,,443,41505,0,1358,17
1589249273.4161172,173.194.151.108,10.10.0.10,,,443,41505,0,1358,17
1589249273.417667,10.10.0.10,173.194.151.108,,,41505,443,0,37,17
1589249273.429458,173.194.151.108,10.10.0.10,,,443,41505,0,1358,17
1589249273.4428134,173.194.151.108,10.10.0.10,,,443,41505,0,1358,17
1589249273.444405,10.10.0.10,173.194.151.108,,,41505,443,0,37,17
1589249273.456132,173.194.151.108,10.10.0.10,,,443,41505,0,1358,17
1589249273.4694688,173.194.151.108,10.10.0.10,,,443,41505,0,1358,17
1589249273.483201,173.194.151.108,10.10.0.10,,,443,41505,0,1358,17
1589249273.485733,10.10.0.10,173.194.151.108,,,41505,443,0,37,17
1589249273.4891438,10.10.0.10,173.194.151.108,,,41505,443,0,40,17
1589249273.49654,173.194.151.108,10.10.0.10,,,443,41505,0,1358,17
1589249273.498162,10.10.0.10,173.194.151.108,,,41505,443,0,40,17
1589249273.5098839,173.194.151.108,10.10.0.10,,,443,41505,0,1358,17
1589249273.513634,10.10.0.10,173.194.151.108,,,41505,443,0,40,17
1589249273.523217,173.194.151.108,10.10.0.10,,,443,41505,0,1358,17
1589249273.524911,10.10.0.10,173.194.151.108,,,41505,443,0,40,17
1589249273.536564,173.194.151.108,10.10.0.10,,,443,41505,0,1358,17
1589249273.5498898,173.194.151.108,10.10.0.10,,,443,41505,0,1358,17
1589249273.551768,10.10.0.10,173.194.151.108,,,41505,443,0,40,17
1589249273.564831,173.194.151.108,10.10.0.10,,,443,41505,0,1358,17
1589249273.5781894,173.194.151.108,10.10.0.10,,,443,41505,0,1358,17
1589249273.580517,10.10.0.10,173.194.151.108,,,41505,443,0,40,17
1589249273.591507,173.194.151.108,10.10.0.10,,,443,41505,0,1358,17
1589249273.604846,173.194.151.108,10.10.0.10,,,443,41505,0,1358,17
1589249273.606766,10.10.0.10,173.194.151.108,,,41505,443,0,40,17
1589249273.618186,173.194.151.108,10.10.0.10,,,443,41505,0,1358,17
1589249273.6315148,173.194.151.108,10.10.0.10,,,443,41505,0,1358,17
1589249273.63335,10.10.0.10,173.194.151.108,,,41505,443,0,40,17
1589249273.644871,173.194.151.108,10.10.0.10,,,443,41505,0,1358,17
1589249273.658188,173.194.151.108,10.10.0.10,,,443,41505,0,1358,17
1589249273.6617858,10.10.0.10,173.194.151.108,,,41505,443,0,40,17
1589249273.6715262,173.194.151.108,10.10.0.10,,,443,41505,0,1358,17
1589249273.68487,173.194.151.108,10.10.0.10,,,443,41505,0,1358,17
1589249273.6865172,10.10.0.10,173.194.151.108,,,41505,443,0,40,17
1589249273.6981974,173.194.151.108,10.10.0.10,,,443,41505,0,1358,17
1589249273.711534,173.194.151.108,10.10.0.10,,,443,41505,0,1358,17
1589249273.7131288,10.10.0.10,173.194.151.108,,,41505,443,0,40,17
1589249273.7248762,173.194.151.108,10.10.0.10,,,443,41505,0,1358,17
1589249273.738211,173.194.151.108,10.10.0.10,,,443,41505,0,1358,17
1589249273.739991,10.10.0.10,173.194.151.108,,,41505,443,0,53,17
1589249273.7515626,173.194.151.108,10.10.0.10,,,443,41505,0,1358,17
1589249273.7648828,173.194.151.108,10.10.0.10,,,443,41505,0,1358,17
1589249273.7671301,10.10.0.10,173.194.151.108,,,41505,443,0,40,17
1589249273.778215,173.194.151.108,10.10.0.10,,,443,41505,0,1358,17
1589249273.791558,173.194.151.108,10.10.0.10,,,443,41505,0,1358,17
1589249273.793258,10.10.0.10,173.194.151.108,,,41505,443,0,40,17
1589249273.804897,173.194.151.108,10.10.0.10,,,443,41505,0,29,17
1589249273.8054981,173.194.151.108,10.10.0.10,,,443,41505,0,1358,17
1589249273.8188348,173.194.151.108,10.10.0.10,,,443,41505,0,1358,17
1589249273.820633,10.10.0.10,173.194.151.108,,,41505,443,0,37,17
1589249273.8321779,173.194.151.108,10.10.0.10,,,443,41505,0,1358,17
1589249273.845506,173.194.151.108,10.10.0.10,,,443,41505,0,1358,17
1589249273.8472588,10.10.0.10,173.194.151.108,,,41505,443,0,37,17
1589249273.858844,173.194.151.108,10.10.0.10,,,443,41505,0,1358,17
1589249273.8721821,173.194.151.108,10.10.0.10,,,443,41505,0,1358,17
1589249273.8740258,10.10.0.10,173.194.151.108,,,41505,443,0,37,17
1589249273.8855171,173.194.151.108,10.10.0.10,,,443,41505,0,1358,17
1589249273.898863,173.194.151.108,10.10.0.10,,,443,41505,0,1358,17
1589249273.900506,10.10.0.10,173.194.151.108,,,41505,443,0,37,17
1589249273.9121912,173.194.151.108,10.10.0.10,,,443,41505,0,1358,17
1589249273.925526,173.194.151.108,10.10.0.10,,,443,41505,0,1358,17
1589249273.9286509,10.10.0.10,173.194.151.108,,,41505,443,0,37,17
1589249273.938863,173.194.151.108,10.10.0.10,,,443,41505,0,1358,17
1589249273.9522,173.194.151.108,10.10.0.10,,,443,41505,0,1358,17
1589249273.9538784,10.10.0.10,173.194.151.108,,,41505,443,0,37,17
1589249273.9655502,173.194.151.108,10.10.0.10,,,443,41505,0,1358,17
1589249273.978872,173.194.151.108,10.10.0.10,,,443,41505,0,1358,17
1589249273.980618,10.10.0.10,173.194.151.108,,,41505,443,0,37,17
1589249273.9922204,173.194.151.108,10.10.0.10,,,443,41505,0,1358,17
1589249274.00555,173.194.151.108,10.10.0.10,,,443,41505,0,1358,17
1589249274.007126,10.10.0.10,173.194.151.108,,,41505,443,0,37,17
1589249274.0188801,173.194.151.108,10.10.0.10,,,443,41505,0,1358,17
1589249274.032234,173.194.151.108,10.10.0.10,,,443,41505,0,1358,17
1589249274.0338788,10.10.0.10,173.194.151.108,,,41505,443,0,37,17
1589249274.0455544,173.194.151.108,10.10.0.10,,,443,41505,0,1358,17
1589249274.0588925,173.194.151.108,10.10.0.10,,,443,41505,0,1358,17
1589249274.0608964,10.10.0.10,173.194.151.108,,,41505,443,0,37,17
1589249274.0722241,173.194.151.108,10.10.0.10,,,443,41505,0,1358,17
1589249274.085565,173.194.151.108,10.10.0.10,,,443,41505,0,1358,17
1589249274.0881262,10.10.0.10,173.194.151.108,,,41505,443,0,37,17
1589249274.0989199,173.194.151.108,10.10.0.10,,,443,41505,0,1358,17
1589249274.112233,173.194.151.108,10.10.0.10,,,443,41505,0,1358,17
1589249274.1145196,10.10.0.10,173.194.151.108,,,41505,443,0,37,17
1589249274.125574,173.194.151.108,10.10.0.10,,,443,41505,0,1358,17
1589249274.138929,173.194.151.108,10.10.0.10,,,443,41505,0,1358,17
1589249274.14077,10.10.0.10,173.194.151.108,,,41505,443,0,37,17
1589249274.1522489,173.194.151.108,10.10.0.10,,,443,41505,0,1358,17
1589249274.165586,173.194.151.108,10.10.0.10,,,443,41505,0,1358,17
1589249274.1676428,10.10.0.10,173.194.151.108,,,41505,443,0,37,17
1589249274.1789222,173.194.151.108,10.10.0.10,,,443,41505,0,1358,17
1589249274.1922581,173.194.151.108,10.10.0.10,,,443,41505,0,1358,17
1589249274.1939974,10.10.0.10,173.194.151.108,,,41505,443,0,37,17
1589249274.2056036,173.194.151.108,10.10.0.10,,,443,41505,0,1358,17
1589249274.2189279,173.194.151.108,10.10.0.10,,,443,41505,0,1358,17
1589249274.2206151,10.10.0.10,173.194.151.108,,,41505,443,0,37,17
1589249274.232265,173.194.151.108,10.10.0.10,,,443,41505,0,1358,17
1589249274.2456071,173.194.151.108,10.10.0.10,,,443,41505,0,1358,17
1589249274.2472649,10.10.0.10,173.194.151.108,,,41505,443,0,37,17
1589249274.2589402,173.194.151.108,10.10.0.10,,,443,41505,0,1358,17
1589249274.272275,173.194.151.108,10.10.0.10,,,443,41505,0,1358,17
1589249274.274245,10.10.0.10,173.194.151.108,,,41505,443,0,50,17
1589249274.285613,173.194.151.108,10.10.0.10,,,443,41505,0,1358,17
1589249274.2989476,173.194.151.108,10.10.0.10,,,443,41505,0,1358,17
1589249274.3007634,10.10.0.10,173.194.151.108,,,41505,443,0,37,17
1589249274.312291,173.194.151.108,10.10.0.10,,,443,41505,0,1358,17
1589249274.3256214,173.194.151.108,10.10.0.10,,,443,41505,0,1358,17
1589249274.3273866,10.10.0.10,173.194.151.108,,,41505,443,0,37,17
1589249274.338976,173.194.151.108,10.10.0.10,,,443,41505,0,1358,17
1589249274.352296,173.194.151.108,10.10.0.10,,,443,41505,0,1358,17
1589249274.355744,10.10.0.10,173.194.151.108,,,41505,443,0,37,17
1589249274.365632,173.194.151.108,10.10.0.10,,,443,41505,0,29,17
1589249274.3662348,173.194.151.108,10.10.0.10,,,443,41505,0,1358,17
1589249274.37957,173.194.151.108,10.10.0.10,,,443,41505,0,1358,17
1589249274.382638,10.10.0.10,173.194.151.108,,,41505,443,0,37,17
1589249274.3929148,173.194.151.108,10.10.0.10,,,443,41505,0,1358,17
1589249274.4062462,173.194.151.108,10.10.0.10,,,443,41505,0,1358,17
1589249274.40851,10.10.0.10,173.194.151.108,,,41505,443,0,37,17
1589249274.4195812,173.194.151.108,10.10.0.10,,,443,41505,0,1358,17
1589249274.432919,173.194.151.108,10.10.0.10,,,443,41505,0,1358,17
1589249274.4348838,10.10.0.10,173.194.151.108,,,41505,443,0,37,17
1589249274.4462562,173.194.151.108,10.10.0.10,,,443,41505,0,1358,17
1589249274.459598,173.194.151.108,10.10.0.10,,,443,41505,0,1358,17
1589249274.4613636,10.10.0.10,173.194.151.108,,,41505,443,0,37,17
1589249274.4729269,173.194.151.108,10.10.0.10,,,443,41505,0,1358,17
1589249274.4862845,173.194.151.108,10.10.0.10,,,443,41505,0,1358,17
1589249274.488239,10.10.0.10,173.194.151.108,,,41505,443,0,37,17
1589249274.4996,173.194.151.108,10.10.0.10,,,443,41505,0,1358,17
1589249274.5129368,173.194.151.108,10.10.0.10,,,443,41505,0,1358,17
1589249274.5148818,10.10.0.10,173.194.151.108,,,41505,443,0,37,17
1589249274.5262704,173.194.151.108,10.10.0.10,,,443,41505,0,1358,17
1589249274.539608,173.194.151.108,10.10.0.10,,,443,41505,0,1358,17
1589249274.541382,10.10.0.10,173.194.151.108,,,41505,443,0,37,17
1589249274.552945,173.194.151.108,10.10.0.10,,,443,41505,0,1358,17
1589249274.566279,173.194.151.108,10.10.0.10,,,443,41505,0,1358,17
1589249274.5679634,10.10.0.10,173.194.151.108,,,41505,443,0,37,17
1589249274.57962,173.194.151.108,10.10.0.10,,,443,41505,0,1358,17
1589249274.59295,173.194.151.108,10.10.0.10,,,443,41505,0,1358,17
1589249274.5946019,10.10.0.10,173.194.151.108,,,41505,443,0,37,17
1589249274.6062946,173.194.151.108,10.10.0.10,,,443,41505,0,1358,17
1589249274.619627,173.194.151.108,10.10.0.10,,,443,41505,0,1358,17
1589249274.6212358,10.10.0.10,173.194.151.108,,,41505,443,0,37,17
1589249274.632968,173.194.151.108,10.10.0.10,,,443,41505,0,1358,17
1589249274.646303,173.194.151.108,10.10.0.10,,,443,41505,0,1358,17
1589249274.647839,10.10.0.10,173.194.151.108,,,41505,443,0,37,17
1589249274.659657,173.194.151.108,10.10.0.10,,,443,41505,0,1358,17
1589249274.672974,173.194.151.108,10.10.0.10,,,443,41505,0,1358,17
1589249274.674607,10.10.0.10,173.194.151.108,,,41505,443,0,37,17
1589249274.686307,173.194.151.108,10.10.0.10,,,443,41505,0,1358,17
1589249274.6996539,173.194.151.108,10.10.0.10,,,443,41505,0,1358,17
1589249274.7024536,10.10.0.10,173.194.151.108,,,41505,443,0,37,17
1589249274.712985,173.194.151.108,10.10.0.10,,,443,41505,0,1358,17
1589249274.7263172,173.194.151.108,10.10.0.10,,,443,41505,0,1358,17
1589249274.727979,10.10.0.10,173.194.151.108,,,41505,443,0,37,17
1589249274.739658,173.194.151.108,10.10.0.10,,,443,41505,0,1358,17
1589249274.7529948,173.194.151.108,10.10.0.10,,,443,41505,0,1358,17
1589249274.7663386,173.194.151.108,10.10.0.10,,,443,41505,0,1358,17
1589249274.769975,10.10.0.10,173.194.151.108,,,41505,443,0,37,17
1589249274.779667,173.194.151.108,10.10.0.10,,,443,41505,0,1358,17
1589249274.783208,10.10.0.10,173.194.151.108,,,41505,443,0,37,17
1589249274.7930045,173.194.151.108,10.10.0.10,,,443,41505,0,1358,17
1589249274.8063395,173.194.151.108,10.10.0.10,,,443,41505,0,1358,17
1589249274.807994,10.10.0.10,173.194.151.108,,,41505,443,0,50,17
1589249274.8196769,173.194.151.108,10.10.0.10,,,443,41505,0,1358,17
1589249274.833027,173.194.151.108,10.10.0.10,,,443,41505,0,1358,17
1589249274.834624,10.10.0.10,173.194.151.108,,,41505,443,0,37,17
1589249274.8463511,173.194.151.108,10.10.0.10,,,443,41505,0,1358,17
1589249274.859688,173.194.151.108,10.10.0.10,,,443,41505,0,1358,17
1589249274.861376,10.10.0.10,173.194.151.108,,,41505,443,0,37,17
1589249274.8730268,173.194.151.108,10.10.0.10,,,443,41505,0,29,17
1589249274.873625,173.194.151.108,10.10.0.10,,,443,41505,0,1358,17
1589249274.886966,173.194.151.108,10.10.0.10,,,443,41505,0,1358,17
1589249274.891852,10.10.0.10,173.194.151.108,,,41505,443,0,37,17
1589249274.9003012,173.194.151.108,10.10.0.10,,,443,41505,0,1358,17
1589249274.913651,173.194.151.108,10.10.0.10,,,443,41505,0,1358,17
1589249274.915358,10.10.0.10,173.194.151.108,,,41505,443,0,37,17
1589249274.926974,173.194.151.108,10.10.0.10,,,443,41505,0,1358,17
1589249274.9403136,173.194.151.108,10.10.0.10,,,443,41505,0,1358,17
1589249274.94285,10.10.0.10,173.194.151.108,,,41505,443,0,37,17
1589249274.95364,173.194.151.108,10.10.0.10,,,443,41505,0,1358,17
1589249274.966983,173.194.151.108,10.10.0.10,,,443,41505,0,1358,17
1589249274.970474,10.10.0.10,173.194.151.108,,,41505,443,0,37,17
1589249274.980333,173.194.151.108,10.10.0.10,,,443,41505,0,1358,17
1589249274.9936602,173.194.151.108,10.10.0.10,,,443,41505,0,1358,17
1589249274.9951859,10.10.0.10,173.194.151.108,,,41505,443,0,37,17
1589249275.0069902,173.194.151.108,10.10.0.10,,,443,41505,0,1358,17
1589249275.0203395,173.194.151.108,10.10.0.10,,,443,41505,0,1358,17
1589249275.0220973,10.10.0.10,173.194.151.108,,,41505,443,0,37,17
1589249275.033665,173.194.151.108,10.10.0.10,,,443,41505,0,1358,17
1589249275.047022,173.194.151.108,10.10.0.10,,,443,41505,0,1358,17
1589249275.048743,10.10.0.10,173.194.151.108,,,41505,443,0,37,17
1589249275.060338,173.194.151.108,10.10.0.10,,,443,41505,0,1358,17
1589249275.073674,173.194.151.108,10.10.0.10,,,443,41505,0,1358,17
1589249275.0753481,10.10.0.10,173.194.151.108,,,41505,443,0,37,17
1589249275.087018,173.194.151.108,10.10.0.10,,,443,41505,0,1358,17
1589249275.1003482,173.194.151.108,10.10.0.10,,,443,41505,0,1358,17
1589249275.1020956,10.10.0.10,173.194.151.108,,,41505,443,0,37,17
1589249275.1136868,173.194.151.108,10.10.0.10,,,443,41505,0,1358,17
1589249275.127021,173.194.151.108,10.10.0.10,,,443,41505,0,1358,17
1589249275.128722,10.10.0.10,173.194.151.108,,,41505,443,0,37,17
1589249275.140359,173.194.151.108,10.10.0.10,,,443,41505,0,1358,17
1589249275.1537054,173.194.151.108,10.10.0.10,,,443,41505,0,1358,17
1589249275.155473,10.10.0.10,173.194.151.108,,,41505,443,0,37,17
1589249275.167031,173.194.151.108,10.10.0.10,,,443,41505,0,1358,17
1589249275.180365,173.194.151.108,10.10.0.10,,,443,41505,0,1358,17
1589249275.183594,10.10.0.10,173.194.151.108,,,41505,443,0,37,17
1589249275.193703,173.194.151.108,10.10.0.10,,,443,41505,0,1358,17
1589249275.207039,173.194.151.108,10.10.0.10,,,443,41505,0,1358,17
1589249275.208603,10.10.0.10,173.194.151.108,,,41505,443,0,37,17
1589249275.220378,173.194.151.108,10.10.0.10,,,443,41505,0,1358,17
1589249275.233712,173.194.151.108,10.10.0.10,,,443,41505,0,1358,17
1589249275.235466,10.10.0.10,173.194.151.108,,,41505,443,0,37,17
1589249275.2470498,173.194.151.108,10.10.0.10,,,443,41505,0,1358,17
1589249275.2603881,173.194.151.108,10.10.0.10,,,443,41505,0,1358,17
1589249275.262238,10.10.0.10,173.194.151.108,,,41505,443,0,37,17
1589249275.274327,173.194.151.108,10.10.0.10,,,443,41505,0,1358,17
1589249275.2876608,173.194.151.108,10.10.0.10,,,443,41505,0,1358,17
1589249275.2895892,10.10.0.10,173.194.151.108,,,41505,443,0,37,17
1589249275.300998,173.194.151.108,10.10.0.10,,,443,41505,0,1358,17
1589249275.314337,173.194.151.108,10.10.0.10,,,443,41505,0,1358,17
1589249275.316839,10.10.0.10,173.194.151.108,,,41505,443,0,37,17
1589249275.327671,173.194.151.108,10.10.0.10,,,443,41505,0,1358,17
1589249275.3410132,173.194.151.108,10.10.0.10,,,443,41505,0,1358,17
1589249275.3427124,10.10.0.10,173.194.151.108,,,41505,443,0,50,17
1589249275.354344,173.194.151.108,10.10.0.10,,,443,41505,0,1358,17
1589249275.367696,173.194.151.108,10.10.0.10,,,443,41505,0,1358,17
1589249275.369338,10.10.0.10,173.194.151.108,,,41505,443,0,37,17
1589249275.381018,173.194.151.108,10.10.0.10,,,443,41505,0,1358,17
1589249275.3943582,173.194.151.108,10.10.0.10,,,443,41505,0,1358,17
1589249275.396607,10.10.0.10,173.194.151.108,,,41505,443,0,37,17
1589249275.4076948,173.194.151.108,10.10.0.10,,,443,41505,0,29,17
1589249275.4083061,173.194.151.108,10.10.0.10,,,443,41505,0,1358,17
1589249275.421635,173.194.151.108,10.10.0.10,,,443,41505,0,1358,17
1589249275.423213,10.10.0.10,173.194.151.108,,,41505,443,0,37,17
1589249275.43497,173.194.151.108,10.10.0.10,,,443,41505,0,1358,17
1589249275.448318,173.194.151.108,10.10.0.10,,,443,41505,0,1358,17
1589249275.449856,10.10.0.10,173.194.151.108,,,41505,443,0,37,17
1589249275.461642,173.194.151.108,10.10.0.10,,,443,41505,0,1358,17
1589249275.474976,173.194.151.108,10.10.0.10,,,443,41505,0,1358,17
1589249275.476584,10.10.0.10,173.194.151.108,,,41505,443,0,37,17
1589249275.488318,173.194.151.108,10.10.0.10,,,443,41505,0,1358,17
1589249275.501657,173.194.151.108,10.10.0.10,,,443,41505,0,1358,17
1589249275.503479,10.10.0.10,173.194.151.108,,,41505,443,0,37,17
1589249275.5150044,173.194.151.108,10.10.0.10,,,443,41505,0,1358,17
1589249275.5283198,173.194.151.108,10.10.0.10,,,443,41505,0,1358,17
1589249275.5300848,10.10.0.10,173.194.151.108,,,41505,443,0,37,17
1589249275.54166,173.194.151.108,10.10.0.10,,,443,41505,0,1358,17
1589249275.555007,173.194.151.108,10.10.0.10,,,443,41505,0,1358,17
1589249275.5574632,10.10.0.10,173.194.151.108,,,41505,443,0,37,17
1589249275.5683331,173.194.151.108,10.10.0.10,,,443,41505,0,1358,17
1589249275.581671,173.194.151.108,10.10.0.10,,,443,41505,0,1358,17
1589249275.584808,10.10.0.10,173.194.151.108,,,41505,443,0,37,17
1589249275.5950089,173.194.151.108,10.10.0.10,,,443,41505,0,1358,17
1589249275.608336,173.194.151.108,10.10.0.10,,,443,41505,0,1358,17
1589249275.609936,10.10.0.10,173.194.151.108,,,41505,443,0,37,17
1589249275.6216884,173.194.151.108,10.10.0.10,,,443,41505,0,1358,17
1589249275.635011,173.194.151.108,10.10.0.10,,,443,41505,0,1358,17
1589249275.636583,10.10.0.10,173.194.151.108,,,41505,443,0,37,17
1589249275.648349,173.194.151.108,10.10.0.10,,,443,41505,0,1358,17
1589249275.661708,173.194.151.108,10.10.0.10,,,443,41505,0,1358,17
1589249275.663567,10.10.0.10,173.194.151.108,,,41505,443,0,37,17
1589249275.6750188,173.194.151.108,10.10.0.10,,,443,41505,0,1358,17
1589249275.688358,173.194.151.108,10.10.0.10,,,443,41505,0,1358,17
1589249275.6906786,10.10.0.10,173.194.151.108,,,41505,443,0,37,17
1589249275.7016964,173.194.151.108,10.10.0.10,,,443,41505,0,1358,17
1589249275.715035,173.194.151.108,10.10.0.10,,,443,41505,0,1358,17
1589249275.7167196,10.10.0.10,173.194.151.108,,,41505,443,0,37,17
1589249275.7283714,173.194.151.108,10.10.0.10,,,443,41505,0,1358,17
1589249275.7417061,173.194.151.108,10.10.0.10,,,443,41505,0,1358,17
1589249275.7435448,10.10.0.10,173.194.151.108,,,41505,443,0,37,17
1589249275.7550461,173.194.151.108,10.10.0.10,,,443,41505,0,1358,17
1589249275.768374,173.194.151.108,10.10.0.10,,,443,41505,0,1358,17
1589249275.7699132,10.10.0.10,173.194.151.108,,,41505,443,0,37,17
1589249275.781714,173.194.151.108,10.10.0.10,,,443,41505,0,1358,17
1589249275.795049,173.194.151.108,10.10.0.10,,,443,41505,0,1358,17
1589249275.796709,10.10.0.10,173.194.151.108,,,41505,443,0,37,17
1589249275.8083868,173.194.151.108,10.10.0.10,,,443,41505,0,1358,17
1589249275.821744,173.194.151.108,10.10.0.10,,,443,41505,0,1358,17
1589249275.8239539,10.10.0.10,173.194.151.108,,,41505,443,0,37,17
1589249275.8350668,173.194.151.108,10.10.0.10,,,443,41505,0,1358,17
1589249275.8490348,173.194.151.108,10.10.0.10,,,443,41505,0,1358,17
1589249275.850566,10.10.0.10,173.194.151.108,,,41505,443,0,37,17
1589249275.86237,173.194.151.108,10.10.0.10,,,443,41505,0,1358,17
1589249275.875706,173.194.151.108,10.10.0.10,,,443,41505,0,1358,17
1589249275.8778439,10.10.0.10,173.194.151.108,,,41505,443,0,50,17
1589249275.889057,173.194.151.108,10.10.0.10,,,443,41505,0,1358,17
1589249275.9023802,173.194.151.108,10.10.0.10,,,443,41505,0,1358,17
1589249275.904072,10.10.0.10,173.194.151.108,,,41505,443,0,37,17
1589249275.915715,173.194.151.108,10.10.0.10,,,443,41505,0,1358,17
1589249275.929054,173.194.151.108,10.10.0.10,,,443,41505,0,1358,17
1589249275.9316962,10.10.0.10,173.194.151.108,,,41505,443,0,37,17
1589249275.942392,173.194.151.108,10.10.0.10,,,443,41505,0,29,17
1589249275.94299,173.194.151.108,10.10.0.10,,,443,41505,0,1358,17
1589249275.9563286,173.194.151.108,10.10.0.10,,,443,41505,0,1358,17
1589249275.961591,10.10.0.10,173.194.151.108,,,41505,443,0,37,17
1589249275.9696784,173.194.151.108,10.10.0.10,,,443,41505,0,1358,17
1589249275.983001,173.194.151.108,10.10.0.10,,,443,41505,0,1358,17
1589249275.9845722,10.10.0.10,173.194.151.108,,,41505,443,0,37,17
1589249275.9963384,173.194.151.108,10.10.0.10,,,443,41505,0,1358,17
1589249276.0096776,173.194.151.108,10.10.0.10,,,443,41505,0,1358,17
1589249276.011464,10.10.0.10,173.194.151.108,,,41505,443,0,37,17
1589249276.023009,173.194.151.108,10.10.0.10,,,443,41505,0,1358,17
1589249276.0363634,173.194.151.108,10.10.0.10,,,443,41505,0,1358,17
1589249276.049685,173.194.151.108,10.10.0.10,,,443,41505,0,1358,17
1589249276.053336,10.10.0.10,173.194.151.108,,,41505,443,0,37,17
1589249276.0630212,173.194.151.108,10.10.0.10,,,443,41505,0,1358,17
1589249276.064713,10.10.0.10,173.194.151.108,,,41505,443,0,37,17
1589249276.0763671,173.194.151.108,10.10.0.10,,,443,41505,0,1358,17
1589249276.0896964,173.194.151.108,10.10.0.10,,,443,41505,0,1358,17
1589249276.091434,10.10.0.10,173.194.151.108,,,41505,443,0,37,17
1589249276.103029,173.194.151.108,10.10.0.10,,,443,41505,0,1358,17
1589249276.116369,173.194.151.108,10.10.0.10,,,443,41505,0,1358,17
1589249276.1180658,10.10.0.10,173.194.151.108,,,41505,443,0,37,17
1589249276.129704,173.194.151.108,10.10.0.10,,,443,41505,0,1358,17
1589249276.14305,173.194.151.108,10.10.0.10,,,443,41505,0,1358,17
1589249276.144691,10.10.0.10,173.194.151.108,,,41505,443,0,37,17
1589249276.1563768,173.194.151.108,10.10.0.10,,,443,41505,0,1358,17
1589249276.169735,173.194.151.108,10.10.0.10,,,443,41505,0,1358,17
1589249276.171432,10.10.0.10,173.194.151.108,,,41505,443,0,37,17
1589249276.183049,173.194.151.108,10.10.0.10,,,443,41505,0,1358,17
1589249276.196385,173.194.151.108,10.10.0.10,,,443,41505,0,1358,17
1589249276.1994581,10.10.0.10,173.194.151.108,,,41505,443,0,37,17
1589249276.2097359,173.194.151.108,10.10.0.10,,,443,41505,0,1358,17
1589249276.2230608,173.194.151.108,10.10.0.10,,,443,41505,0,1358,17
1589249276.2248132,10.10.0.10,173.194.151.108,,,41505,443,0,37,17
1589249276.236395,173.194.151.108,10.10.0.10,,,443,41505,0,1358,17
1589249276.2497349,173.194.151.108,10.10.0.10,,,443,41505,0,1358,17
1589249276.251439,10.10.0.10,173.194.151.108,,,41505,443,0,37,17
1589249276.263072,173.194.151.108,10.10.0.10,,,443,41505,0,1358,17
1589249276.2764199,173.194.151.108,10.10.0.10,,,443,41505,0,1358,17
1589249276.2782106,10.10.0.10,173.194.151.108,,,41505,443,0,37,17
1589249276.289742,173.194.151.108,10.10.0.10,,,443,41505,0,1358,17
1589249276.3030775,173.194.151.108,10.10.0.10,,,443,41505,0,1358,17
1589249276.304805,10.10.0.10,173.194.151.108,,,41505,443,0,37,17
1589249276.316418,173.194.151.108,10.10.0.10,,,443,41505,0,1358,17
1589249276.329752,173.194.151.108,10.10.0.10,,,443,41505,0,1358,17
1589249276.337455,10.10.0.10,173.194.151.108,,,41505,443,0,37,17
1589249276.343104,173.194.151.108,10.10.0.10,,,443,41505,0,1358,17
1589249276.356425,173.194.151.108,10.10.0.10,,,443,41505,0,1358,17
1589249276.359161,10.10.0.10,173.194.151.108,,,41505,443,0,37,17
1589249276.369761,173.194.151.108,10.10.0.10,,,443,41505,0,1358,17
1589249276.3830988,173.194.151.108,10.10.0.10,,,443,41505,0,472,17
1589249276.3845232,10.10.0.10,173.194.151.108,,,41505,443,0,37,17
1589249276.4006882,10.10.0.10,173.194.151.108,,,41505,443,0,722,17
1589249276.4007142,10.10.0.10,173.194.151.108,,,41505,443,0,48,17
1589249276.4050698,173.194.151.108,10.10.0.10,,,443,41505,0,29,17
1589249276.406416,173.194.151.108,10.10.0.10,,,443,41505,0,1358,17
1589249276.406446,173.194.151.108,10.10.0.10,,,443,41505,0,1358,17
1589249276.409194,10.10.0.10,173.194.151.108,,,41505,443,0,37,17
1589249276.41777,173.194.151.108,10.10.0.10,,,443,41505,0,1358,17
1589249276.4311068,173.194.151.108,10.10.0.10,,,443,41505,0,1358,17
1589249276.4329536,10.10.0.10,173.194.151.108,,,41505,443,0,37,17
1589249276.444446,173.194.151.108,10.10.0.10,,,443,41505,0,1358,17
1589249276.4577892,173.194.151.108,10.10.0.10,,,443,41505,0,1358,17
1589249276.4594312,10.10.0.10,173.194.151.108,,,41505,443,0,37,17
1589249276.471117,173.194.151.108,10.10.0.10,,,443,41505,0,1358,17
1589249276.4844518,173.194.151.108,10.10.0.10,,,443,41505,0,1358,17
1589249276.4861796,10.10.0.10,173.194.151.108,,,41505,443,0,37,17
1589249276.497792,173.194.151.108,10.10.0.10,,,443,41505,0,1358,17
1589249276.511125,173.194.151.108,10.10.0.10,,,443,41505,0,1358,17
1589249276.5128052,10.10.0.10,173.194.151.108,,,41505,443,0,37,17
1589249276.524458,173.194.151.108,10.10.0.10,,,443,41505,0,1358,17
1589249276.537802,173.194.151.108,10.10.0.10,,,443,41505,0,1358,17
1589249276.5396988,10.10.0.10,173.194.151.108,,,41505,443,0,37,17
1589249276.551135,173.194.151.108,10.10.0.10,,,443,41505,0,1358,17
1589249276.5644765,173.194.151.108,10.10.0.10,,,443,41505,0,1358,17
1589249276.56645,10.10.0.10,173.194.151.108,,,41505,443,0,37,17
1589249276.5778134,173.194.151.108,10.10.0.10,,,443,41505,0,1358,17
1589249276.5911539,173.194.151.108,10.10.0.10,,,443,41505,0,1358,17
1589249276.592767,10.10.0.10,173.194.151.108,,,41505,443,0,37,17
1589249276.6044838,173.194.151.108,10.10.0.10,,,443,41505,0,1358,17
1589249276.617812,173.194.151.108,10.10.0.10,,,443,41505,0,1358,17
1589249276.619402,10.10.0.10,173.194.151.108,,,41505,443,0,37,17
1589249276.6311572,173.194.151.108,10.10.0.10,,,443,41505,0,1358,17
1589249276.644492,173.194.151.108,10.10.0.10,,,443,41505,0,1358,17
1589249276.646183,10.10.0.10,173.194.151.108,,,41505,443,0,37,17
1589249276.6578279,173.194.151.108,10.10.0.10,,,443,41505,0,1358,17
1589249276.6711645,173.194.151.108,10.10.0.10,,,443,41505,0,1358,17
1589249276.672695,10.10.0.10,173.194.151.108,,,41505,443,0,37,17
1589249276.6845012,173.194.151.108,10.10.0.10,,,443,41505,0,1358,17
1589249276.6978366,173.194.151.108,10.10.0.10,,,443,41505,0,1358,17
1589249276.6993911,10.10.0.10,173.194.151.108,,,41505,443,0,37,17
1589249276.711169,173.194.151.108,10.10.0.10,,,443,41505,0,1358,17
1589249276.7245069,173.194.151.108,10.10.0.10,,,443,41505,0,1358,17
1589249276.727184,10.10.0.10,173.194.151.108,,,41505,443,0,37,17
1589249276.7378428,173.194.151.108,10.10.0.10,,,443,41505,0,1358,17
1589249276.7511802,173.194.151.108,10.10.0.10,,,443,41505,0,1358,17
1589249276.752808,10.10.0.10,173.194.151.108,,,41505,443,0,37,17
1589249276.764516,173.194.151.108,10.10.0.10,,,443,41505,0,1358,17
1589249276.7778606,173.194.151.108,10.10.0.10,,,443,41505,0,1358,17
1589249276.779511,10.10.0.10,173.194.151.108,,,41505,443,0,37,17
1589249276.7912052,173.194.151.108,10.10.0.10,,,443,41505,0,1358,17
1589249276.8045242,173.194.151.108,10.10.0.10,,,443,41505,0,1358,17
1589249276.806083,10.10.0.10,173.194.151.108,,,41505,443,0,37,17
1589249276.8178651,173.194.151.108,10.10.0.10,,,443,41505,0,1358,17
1589249276.8312151,173.194.151.108,10.10.0.10,,,443,41505,0,1358,17
1589249276.832798,10.10.0.10,173.194.151.108,,,41505,443,0,37,17
1589249276.844544,173.194.151.108,10.10.0.10,,,443,41505,0,1358,17
1589249276.855319,10.10.0.10,173.194.151.108,,,41505,443,0,728,17
1589249276.8553462,10.10.0.10,173.194.151.108,,,41505,443,0,48,17
1589249276.8578758,173.194.151.108,10.10.0.10,,,443,41505,0,1358,17
1589249276.871218,173.194.151.108,10.10.0.10,,,443,41505,0,1358,17
1589249276.8735485,10.10.0.10,173.194.151.108,,,41505,443,0,37,17
1589249276.884551,173.194.151.108,10.10.0.10,,,443,41505,0,1358,17
1589249276.8979,173.194.151.108,10.10.0.10,,,443,41505,0,1358,17
1589249276.899543,10.10.0.10,173.194.151.108,,,41505,443,0,37,17
1589249276.911223,173.194.151.108,10.10.0.10,,,443,41505,0,1358,17
1589249276.92456,173.194.151.108,10.10.0.10,,,443,41505,0,1358,17
1589249276.9265618,10.10.0.10,173.194.151.108,,,41505,443,0,37,17
1589249276.937901,173.194.151.108,10.10.0.10,,,443,41505,0,1358,17
1589249276.951231,173.194.151.108,10.10.0.10,,,443,41505,0,29,17
1589249276.951833,173.194.151.108,10.10.0.10,,,443,41505,0,1358,17
1589249276.953406,10.10.0.10,173.194.151.108,,,41505,443,0,37,17
1589249276.96517,173.194.151.108,10.10.0.10,,,443,41505,0,1358,17
1589249276.9785204,173.194.151.108,10.10.0.10,,,443,41505,0,1358,17
1589249276.9801662,10.10.0.10,173.194.151.108,,,41505,443,0,37,17
1589249276.991846,173.194.151.108,10.10.0.10,,,443,41505,0,1358,17
1589249277.0051801,173.194.151.108,10.10.0.10,,,443,41505,0,1358,17
1589249277.006814,10.10.0.10,173.194.151.108,,,41505,443,0,37,17
1589249277.018523,173.194.151.108,10.10.0.10,,,443,41505,0,1358,17
1589249277.031856,173.194.151.108,10.10.0.10,,,443,41505,0,1358,17
1589249277.0334358,10.10.0.10,173.194.151.108,,,41505,443,0,37,17
1589249277.045209,173.194.151.108,10.10.0.10,,,443,41505,0,1358,17
1589249277.058525,173.194.151.108,10.10.0.10,,,443,41505,0,1358,17
1589249277.0601652,10.10.0.10,173.194.151.108,,,41505,443,0,37,17
1589249277.0718632,173.194.151.108,10.10.0.10,,,443,41505,0,1358,17
1589249277.085215,173.194.151.108,10.10.0.10,,,443,41505,0,1358,17
1589249277.086906,10.10.0.10,173.194.151.108,,,41505,443,0,37,17
1589249277.0985384,173.194.151.108,10.10.0.10,,,443,41505,0,1358,17
1589249277.1118731,173.194.151.108,10.10.0.10,,,443,41505,0,1358,17
1589249277.113416,10.10.0.10,173.194.151.108,,,41505,443,0,37,17
1589249277.1252122,173.194.151.108,10.10.0.10,,,443,41505,0,1358,17
1589249277.138545,173.194.151.108,10.10.0.10,,,443,41505,0,1358,17
1589249277.140281,10.10.0.10,173.194.151.108,,,41505,443,0,37,17
1589249277.1518939,173.194.151.108,10.10.0.10,,,443,41505,0,1358,17
1589249277.1652234,173.194.151.108,10.10.0.10,,,443,41505,0,1358,17
1589249277.166929,10.10.0.10,173.194.151.108,,,41505,443,0,37,17
1589249277.1785538,173.194.151.108,10.10.0.10,,,443,41505,0,1358,17
1589249277.1918929,173.194.151.108,10.10.0.10,,,443,41505,0,1358,17
1589249277.1936605,10.10.0.10,173.194.151.108,,,41505,443,0,37,17
1589249277.2052288,173.194.151.108,10.10.0.10,,,443,41505,0,1358,17
1589249277.2185812,173.194.151.108,10.10.0.10,,,443,41505,0,1358,17
1589249277.2202852,10.10.0.10,173.194.151.108,,,41505,443,0,37,17
1589249277.2319012,173.194.151.108,10.10.0.10,,,443,41505,0,1358,17
1589249277.2452366,173.194.151.108,10.10.0.10,,,443,41505,0,1358,17
1589249277.24743,10.10.0.10,173.194.151.108,,,41505,443,0,37,17
1589249277.2585812,173.194.151.108,10.10.0.10,,,443,41505,0,1358,17
1589249277.2719116,173.194.151.108,10.10.0.10,,,443,41505,0,1358,17
1589249277.2740624,10.10.0.10,173.194.151.108,,,41505,443,0,37,17
1589249277.28525,173.194.151.108,10.10.0.10,,,443,41505,0,1358,17
1589249277.2985866,173.194.151.108,10.10.0.10,,,443,41505,0,1358,17
1589249277.3119216,173.194.151.108,10.10.0.10,,,443,41505,0,1358,17
1589249277.325264,173.194.151.108,10.10.0.10,,,443,41505,0,1358,17
1589249277.3284268,10.10.0.10,173.194.151.108,,,41505,443,0,37,17
1589249277.329926,10.10.0.10,173.194.151.108,,,41505,443,0,37,17
1589249277.338595,173.194.151.108,10.10.0.10,,,443,41505,0,1358,17
1589249277.3519552,173.194.151.108,10.10.0.10,,,443,41505,0,1358,17
1589249277.353677,10.10.0.10,173.194.151.108,,,41505,443,0,37,17
1589249277.3652678,173.194.151.108,10.10.0.10,,,443,41505,0,1358,17
1589249277.378603,173.194.151.108,10.10.0.10,,,443,41505,0,1358,17
1589249277.380427,10.10.0.10,173.194.151.108,,,41505,443,0,50,17
1589249277.391953,173.194.151.108,10.10.0.10,,,443,41505,0,1358,17
1589249277.405277,173.194.151.108,10.10.0.10,,,443,41505,0,1358,17
1589249277.4072704,10.10.0.10,173.194.151.108,,,41505,443,0,37,17
1589249277.4186141,173.194.151.108,10.10.0.10,,,443,41505,0,1358,17
1589249277.431953,173.194.151.108,10.10.0.10,,,443,41505,0,1358,17
1589249277.433656,10.10.0.10,173.194.151.108,,,41505,443,0,37,17
1589249277.445286,173.194.151.108,10.10.0.10,,,443,41505,0,1358,17
1589249277.458636,173.194.151.108,10.10.0.10,,,443,41505,0,1358,17
1589249277.460402,10.10.0.10,173.194.151.108,,,41505,443,0,37,17
1589249277.4719582,173.194.151.108,10.10.0.10,,,443,41505,0,1358,17
1589249277.485296,173.194.151.108,10.10.0.10,,,443,41505,0,1358,17
1589249277.4870498,10.10.0.10,173.194.151.108,,,41505,443,0,37,17
1589249277.4986362,173.194.151.108,10.10.0.10,,,443,41505,0,1358,17
1589249277.5119722,173.194.151.108,10.10.0.10,,,443,41505,0,1358,17
1589249277.513653,10.10.0.10,173.194.151.108,,,41505,443,0,37,17
1589249277.5253232,173.194.151.108,10.10.0.10,,,443,41505,0,1358,17
1589249277.538641,173.194.151.108,10.10.0.10,,,443,41505,0,1358,17
1589249277.5402956,10.10.0.10,173.194.151.108,,,41505,443,0,37,17
1589249277.551977,173.194.151.108,10.10.0.10,,,443,41505,0,1358,17
1589249277.565324,173.194.151.108,10.10.0.10,,,443,41505,0,1358,17
1589249277.5670452,10.10.0.10,173.194.151.108,,,41505,443,0,37,17
1589249277.578652,173.194.151.108,10.10.0.10,,,443,41505,0,1358,17
1589249277.591984,173.194.151.108,10.10.0.10,,,443,41505,0,1358,17
1589249277.593614,10.10.0.10,173.194.151.108,,,41505,443,0,37,17
1589249277.6053276,173.194.151.108,10.10.0.10,,,443,41505,0,1358,17
1589249277.618664,173.194.151.108,10.10.0.10,,,443,41505,0,1358,17
1589249277.6207368,10.10.0.10,173.194.151.108,,,41505,443,0,37,17
1589249277.631993,173.194.151.108,10.10.0.10,,,443,41505,0,1358,17
1589249277.645335,173.194.151.108,10.10.0.10,,,443,41505,0,1358,17
1589249277.6470542,10.10.0.10,173.194.151.108,,,41505,443,0,37,17
1589249277.658692,173.194.151.108,10.10.0.10,,,443,41505,0,1358,17
1589249277.6720028,173.194.151.108,10.10.0.10,,,443,41505,0,1358,17
1589249277.673611,10.10.0.10,173.194.151.108,,,41505,443,0,37,17
1589249277.6853492,173.194.151.108,10.10.0.10,,,443,41505,0,1358,17
1589249277.698694,173.194.151.108,10.10.0.10,,,443,41505,0,1358,17
1589249277.700423,10.10.0.10,173.194.151.108,,,41505,443,0,37,17
1589249277.71202,173.194.151.108,10.10.0.10,,,443,41505,0,1358,17
1589249277.7253478,173.194.151.108,10.10.0.10,,,443,41505,0,1358,17
1589249277.7268689,10.10.0.10,173.194.151.108,,,41505,443,0,37,17
1589249277.7386901,173.194.151.108,10.10.0.10,,,443,41505,0,1358,17
1589249277.752017,173.194.151.108,10.10.0.10,,,443,41505,0,1358,17
1589249277.7538748,10.10.0.10,173.194.151.108,,,41505,443,0,37,17
1589249277.765358,173.194.151.108,10.10.0.10,,,443,41505,0,1358,17
1589249277.7787054,173.194.151.108,10.10.0.10,,,443,41505,0,1358,17
1589249277.7802699,10.10.0.10,173.194.151.108,,,41505,443,0,37,17
1589249277.792032,173.194.151.108,10.10.0.10,,,443,41505,0,1358,17
1589249277.805369,173.194.151.108,10.10.0.10,,,443,41505,0,1358,17
1589249277.807539,10.10.0.10,173.194.151.108,,,41505,443,0,37,17
1589249277.8187132,173.194.151.108,10.10.0.10,,,443,41505,0,1358,17
1589249277.83204,173.194.151.108,10.10.0.10,,,443,41505,0,1358,17
1589249277.8335161,10.10.0.10,173.194.151.108,,,41505,443,0,37,17
1589249277.845377,173.194.151.108,10.10.0.10,,,443,41505,0,1358,17
1589249277.8587198,173.194.151.108,10.10.0.10,,,443,41505,0,1358,17
1589249277.860898,10.10.0.10,173.194.151.108,,,41505,443,0,37,17
1589249277.872055,173.194.151.108,10.10.0.10,,,443,41505,0,1358,17
1589249277.88539,173.194.151.108,10.10.0.10,,,443,41505,0,1358,17
1589249277.8870132,10.10.0.10,173.194.151.108,,,41505,443,0,37,17
1589249277.8987286,173.194.151.108,10.10.0.10,,,443,41505,0,1358,17
1589249277.912066,173.194.151.108,10.10.0.10,,,443,41505,0,1358,17
1589249277.914014,10.10.0.10,173.194.151.108,,,41505,443,0,50,17
1589249277.925402,173.194.151.108,10.10.0.10,,,443,41505,0,1358,17
1589249277.9387472,173.194.151.108,10.10.0.10,,,443,41505,0,1358,17
1589249277.942631,10.10.0.10,173.194.151.108,,,41505,443,0,37,17
1589249277.9520679,173.194.151.108,10.10.0.10,,,443,41505,0,1358,17
1589249277.965408,173.194.151.108,10.10.0.10,,,443,41505,0,1358,17
1589249277.967349,10.10.0.10,173.194.151.108,,,41505,443,0,37,17
1589249277.9746964,173.194.151.108,10.10.0.10,,,443,41505,0,1358,17
1589249277.9839811,173.194.151.108,10.10.0.10,,,443,41505,0,1358,17
1589249277.986034,10.10.0.10,173.194.151.108,,,41505,443,0,37,17
1589249277.993275,173.194.151.108,10.10.0.10,,,443,41505,0,1358,17
1589249278.0025618,173.194.151.108,10.10.0.10,,,443,41505,0,1358,17
1589249278.004161,10.10.0.10,173.194.151.108,,,41505,443,0,37,17
1589249278.011844,173.194.151.108,10.10.0.10,,,443,41505,0,1358,17
1589249278.0211382,173.194.151.108,10.10.0.10,,,443,41505,0,1358,17
1589249278.0229998,10.10.0.10,173.194.151.108,,,41505,443,0,37,17
1589249278.030434,173.194.151.108,10.10.0.10,,,443,41505,0,1358,17
1589249278.0397134,173.194.151.108,10.10.0.10,,,443,41505,0,1358,17
1589249278.0423858,10.10.0.10,173.194.151.108,,,41505,443,0,37,17
1589249278.049,173.194.151.108,10.10.0.10,,,443,41505,0,1358,17
1589249278.058305,173.194.151.108,10.10.0.10,,,443,41505,0,1358,17
1589249278.0597801,10.10.0.10,173.194.151.108,,,41505,443,0,37,17
1589249278.067575,173.194.151.108,10.10.0.10,,,443,41505,0,1358,17
1589249278.0768602,173.194.151.108,10.10.0.10,,,443,41505,0,1358,17
1589249278.0787814,10.10.0.10,173.194.151.108,,,41505,443,0,37,17
1589249278.0861518,173.194.151.108,10.10.0.10,,,443,41505,0,1358,17
1589249278.0954418,173.194.151.108,10.10.0.10,,,443,41505,0,1358,17
1589249278.0972786,10.10.0.10,173.194.151.108,,,41505,443,0,37,17
1589249278.104741,173.194.151.108,10.10.0.10,,,443,41505,0,1358,17
1589249278.1140099,173.194.151.108,10.10.0.10,,,443,41505,0,1358,17
1589249278.115906,10.10.0.10,173.194.151.108,,,41505,443,0,37,17
1589249278.1233046,173.194.151.108,10.10.0.10,,,443,41505,0,1358,17
1589249278.132589,173.194.151.108,10.10.0.10,,,443,41505,0,1358,17
1589249278.1342769,10.10.0.10,173.194.151.108,,,41505,443,0,37,17
1589249278.1418755,173.194.151.108,10.10.0.10,,,443,41505,0,1358,17
1589249278.15116,173.194.151.108,10.10.0.10,,,443,41505,0,1358,17
1589249278.1529028,10.10.0.10,173.194.151.108,,,41505,443,0,37,17
1589249278.160451,173.194.151.108,10.10.0.10,,,443,41505,0,1358,17
1589249278.1697388,173.194.151.108,10.10.0.10,,,443,41505,0,1358,17
1589249278.1713812,10.10.0.10,173.194.151.108,,,41505,443,0,37,17
1589249278.1790268,173.194.151.108,10.10.0.10,,,443,41505,0,1358,17
1589249278.188316,173.194.151.108,10.10.0.10,,,443,41505,0,1358,17
1589249278.190008,10.10.0.10,173.194.151.108,,,41505,443,0,37,17
1589249278.197613,173.194.151.108,10.10.0.10,,,443,41505,0,1358,17
1589249278.2068925,173.194.151.108,10.10.0.10,,,443,41505,0,1358,17
1589249278.2086508,10.10.0.10,173.194.151.108,,,41505,443,0,37,17
1589249278.216179,173.194.151.108,10.10.0.10,,,443,41505,0,1358,17
1589249278.225467,173.194.151.108,10.10.0.10,,,443,41505,0,1358,17
1589249278.2272818,10.10.0.10,173.194.151.108,,,41505,443,0,37,17
1589249278.2347548,173.194.151.108,10.10.0.10,,,443,41505,0,1358,17
1589249278.244038,173.194.151.108,10.10.0.10,,,443,41505,0,1358,17
1589249278.247255,10.10.0.10,173.194.151.108,,,41505,443,0,37,17
1589249278.2533288,173.194.151.108,10.10.0.10,,,443,41505,0,1358,17
1589249278.2626214,173.194.151.108,10.10.0.10,,,443,41505,0,1358,17
1589249278.2644,10.10.0.10,173.194.151.108,,,41505,443,0,37,17
1589249278.271934,173.194.151.108,10.10.0.10,,,443,41505,0,1358,17
1589249278.281193,173.194.151.108,10.10.0.10,,,443,41505,0,1358,17
1589249278.2829068,10.10.0.10,173.194.151.108,,,41505,443,0,37,17
1589249278.2904868,173.194.151.108,10.10.0.10,,,443,41505,0,1358,17
1589249278.2997699,173.194.151.108,10.10.0.10,,,443,41505,0,1358,17
1589249278.3015301,10.10.0.10,173.194.151.108,,,41505,443,0,50,17
1589249278.309058,173.194.151.108,10.10.0.10,,,443,41505,0,1358,17
1589249278.3183591,173.194.151.108,10.10.0.10,,,443,41505,0,1358,17
1589249278.320226,10.10.0.10,173.194.151.108,,,41505,443,0,37,17
1589249278.327627,173.194.151.108,10.10.0.10,,,443,41505,0,1358,17
1589249278.3369188,173.194.151.108,10.10.0.10,,,443,41505,0,1358,17
1589249278.3386474,10.10.0.10,173.194.151.108,,,41505,443,0,37,17
1589249278.3462071,173.194.151.108,10.10.0.10,,,443,41505,0,1358,17
1589249278.355494,173.194.151.108,10.10.0.10,,,443,41505,0,1358,17
1589249278.357378,10.10.0.10,173.194.151.108,,,41505,443,0,37,17
1589249278.3647964,173.194.151.108,10.10.0.10,,,443,41505,0,1358,17
1589249278.3740716,173.194.151.108,10.10.0.10,,,443,41505,0,1358,17
1589249278.375768,10.10.0.10,173.194.151.108,,,41505,443,0,37,17
1589249278.383358,173.194.151.108,10.10.0.10,,,443,41505,0,1358,17
1589249278.3926456,173.194.151.108,10.10.0.10,,,443,41505,0,29,17
1589249278.393069,173.194.151.108,10.10.0.10,,,443,41505,0,1358,17
1589249278.394367,10.10.0.10,173.194.151.108,,,41505,443,0,37,17
1589249278.402359,173.194.151.108,10.10.0.10,,,443,41505,0,1358,17
1589249278.4116418,173.194.151.108,10.10.0.10,,,443,41505,0,1358,17
1589249278.413377,10.10.0.10,173.194.151.108,,,41505,443,0,37,17
1589249278.4209304,173.194.151.108,10.10.0.10,,,443,41505,0,1358,17
1589249278.430232,173.194.151.108,10.10.0.10,,,443,41505,0,1358,17
1589249278.4319742,10.10.0.10,173.194.151.108,,,41505,443,0,37,17
1589249278.4395044,173.194.151.108,10.10.0.10,,,443,41505,0,1358,17
1589249278.4487972,173.194.151.108,10.10.0.10,,,443,41505,0,1358,17
1589249278.4504998,10.10.0.10,173.194.151.108,,,41505,443,0,37,17
1589249278.4580839,173.194.151.108,10.10.0.10,,,443,41505,0,1358,17
1589249278.46737,173.194.151.108,10.10.0.10,,,443,41505,0,1358,17
1589249278.4707482,10.10.0.10,173.194.151.108,,,41505,443,0,37,17
1589249278.476671,173.194.151.108,10.10.0.10,,,443,41505,0,1358,17
1589249278.485945,173.194.151.108,10.10.0.10,,,443,41505,0,1358,17
1589249278.4877481,10.10.0.10,173.194.151.108,,,41505,443,0,37,17
1589249278.495233,173.194.151.108,10.10.0.10,,,443,41505,0,1358,17
1589249278.5045419,173.194.151.108,10.10.0.10,,,443,41505,0,1358,17
1589249278.513807,173.194.151.108,10.10.0.10,,,443,41505,0,1358,17
1589249278.523104,173.194.151.108,10.10.0.10,,,443,41505,0,1358,17
1589249278.5323849,173.194.151.108,10.10.0.10,,,443,41505,0,1358,17
1589249278.541672,173.194.151.108,10.10.0.10,,,443,41505,0,1358,17
1589249278.5509582,173.194.151.108,10.10.0.10,,,443,41505,0,1358,17
1589249278.560242,173.194.151.108,10.10.0.10,,,443,41505,0,1358,17
1589249278.5695438,173.194.151.108,10.10.0.10,,,443,41505,0,1358,17
1589249278.5745149,10.10.0.10,173.194.151.108,,,41505,443,0,40,17
1589249278.5756214,10.10.0.10,173.194.151.108,,,41505,443,0,40,17
1589249278.5756464,10.10.0.10,173.194.151.108,,,41505,443,0,40,17
1589249278.5788212,173.194.151.108,10.10.0.10,,,443,41505,0,1358,17
1589249278.5881069,173.194.151.108,10.10.0.10,,,443,41505,0,1358,17
1589249278.59851,173.194.151.108,10.10.0.10,,,443,41505,0,1358,17
1589249278.6034932,10.10.0.10,173.194.151.108,,,41505,443,0,40,17
1589249278.6035235,10.10.0.10,173.194.151.108,,,41505,443,0,40,17
1589249278.6066382,10.10.0.10,173.194.151.108,,,41505,443,0,40,17
1589249278.6069958,10.10.0.10,173.194.151.108,,,41505,443,0,40,17
1589249278.607799,173.194.151.108,10.10.0.10,,,443,41505,0,1358,17
1589249278.61087,10.10.0.10,173.194.151.108,,,41505,443,0,40,17
1589249278.6170778,173.194.151.108,10.10.0.10,,,443,41505,0,1358,17
1589249278.626376,173.194.151.108,10.10.0.10,,,443,41505,0,1358,17
1589249278.628144,10.10.0.10,173.194.151.108,,,41505,443,0,40,17
1589249278.6356661,173.194.151.108,10.10.0.10,,,443,41505,0,1358,17
1589249278.6449502,173.194.151.108,10.10.0.10,,,443,41505,0,1358,17
1589249278.646497,10.10.0.10,173.194.151.108,,,41505,443,0,53,17
1589249278.654234,173.194.151.108,10.10.0.10,,,443,41505,0,1358,17
1589249278.663544,173.194.151.108,10.10.0.10,,,443,41505,0,1358,17
1589249278.6685069,10.10.0.10,173.194.151.108,,,41505,443,0,40,17
1589249278.6728122,173.194.151.108,10.10.0.10,,,443,41505,0,1358,17
1589249278.682101,173.194.151.108,10.10.0.10,,,443,41505,0,29,17
1589249278.68252,173.194.151.108,10.10.0.10,,,443,41505,0,1358,17
1589249278.684243,10.10.0.10,173.194.151.108,,,41505,443,0,37,17
1589249278.69181,173.194.151.108,10.10.0.10,,,443,41505,0,1358,17
1589249278.7011,173.194.151.108,10.10.0.10,,,443,41505,0,1358,17
1589249278.702743,10.10.0.10,173.194.151.108,,,41505,443,0,37,17
1589249278.710381,173.194.151.108,10.10.0.10,,,443,41505,0,1358,17
1589249278.7196689,173.194.151.108,10.10.0.10,,,443,41505,0,1358,17
1589249278.7218919,10.10.0.10,173.194.151.108,,,41505,443,0,37,17
1589249278.728976,173.194.151.108,10.10.0.10,,,443,41505,0,1358,17
1589249278.738249,173.194.151.108,10.10.0.10,,,443,41505,0,1358,17
1589249278.739984,10.10.0.10,173.194.151.108,,,41505,443,0,37,17
1589249278.747538,173.194.151.108,10.10.0.10,,,443,41505,0,1358,17
1589249278.7568214,173.194.151.108,10.10.0.10,,,443,41505,0,1358,17
1589249278.759611,10.10.0.10,173.194.151.108,,,41505,443,0,37,17
1589249278.7661052,173.194.151.108,10.10.0.10,,,443,41505,0,1358,17
1589249278.775393,173.194.151.108,10.10.0.10,,,443,41505,0,1358,17
1589249278.776994,10.10.0.10,173.194.151.108,,,41505,443,0,37,17
1589249278.784688,173.194.151.108,10.10.0.10,,,443,41505,0,1358,17
1589249278.793968,173.194.151.108,10.10.0.10,,,443,41505,0,1358,17
1589249278.795599,10.10.0.10,173.194.151.108,,,41505,443,0,37,17
1589249278.803284,173.194.151.108,10.10.0.10,,,443,41505,0,1358,17
1589249278.812551,173.194.151.108,10.10.0.10,,,443,41505,0,1358,17
1589249278.8142614,10.10.0.10,173.194.151.108,,,41505,443,0,37,17
1589249278.8218348,173.194.151.108,10.10.0.10,,,443,41505,0,1358,17
1589249278.831127,173.194.151.108,10.10.0.10,,,443,41505,0,1358,17
1589249278.8330119,10.10.0.10,173.194.151.108,,,41505,443,0,37,17
1589249278.840409,173.194.151.108,10.10.0.10,,,443,41505,0,1358,17
1589249278.8497062,173.194.151.108,10.10.0.10,,,443,41505,0,1358,17
1589249278.8512568,10.10.0.10,173.194.151.108,,,41505,443,0,37,17
1589249278.858988,173.194.151.108,10.10.0.10,,,443,41505,0,1358,17
1589249278.8682852,173.194.151.108,10.10.0.10,,,443,41505,0,1358,17
1589249278.870112,10.10.0.10,173.194.151.108,,,41505,443,0,37,17
1589249278.8775642,173.194.151.108,10.10.0.10,,,443,41505,0,1358,17
1589249278.8868508,173.194.151.108,10.10.0.10,,,443,41505,0,1358,17
1589249278.8887572,10.10.0.10,173.194.151.108,,,41505,443,0,37,17
1589249278.896143,173.194.151.108,10.10.0.10,,,443,41505,0,1358,17
1589249278.905427,173.194.151.108,10.10.0.10,,,443,41505,0,1358,17
1589249278.9071028,10.10.0.10,173.194.151.108,,,41505,443,0,37,17
1589249278.9147189,173.194.151.108,10.10.0.10,,,443,41505,0,1358,17
1589249278.924005,173.194.151.108,10.10.0.10,,,443,41505,0,1358,17
1589249278.9257562,10.10.0.10,173.194.151.108,,,41505,443,0,37,17
1589249278.933295,173.194.151.108,10.10.0.10,,,443,41505,0,1358,17
1589249278.9436932,173.194.151.108,10.10.0.10,,,443,41505,0,1358,17
1589249278.94536,10.10.0.10,173.194.151.108,,,41505,443,0,37,17
1589249278.9529798,173.194.151.108,10.10.0.10,,,443,41505,0,1358,17
1589249278.962282,173.194.151.108,10.10.0.10,,,443,41505,0,1358,17
1589249278.965359,10.10.0.10,173.194.151.108,,,41505,443,0,37,17
1589249278.971556,173.194.151.108,10.10.0.10,,,443,41505,0,1358,17
1589249278.9808419,173.194.151.108,10.10.0.10,,,443,41505,0,1358,17
1589249278.982507,10.10.0.10,173.194.151.108,,,41505,443,0,37,17
1589249278.9901528,173.194.151.108,10.10.0.10,,,443,41505,0,1358,17
1589249278.999422,173.194.151.108,10.10.0.10,,,443,41505,0,1358,17
1589249279.001123,10.10.0.10,173.194.151.108,,,41505,443,0,37,17
1589249279.008716,173.194.151.108,10.10.0.10,,,443,41505,0,1358,17
1589249279.017997,173.194.151.108,10.10.0.10,,,443,41505,0,1358,17
1589249279.0267556,10.10.0.10,173.194.151.108,,,41505,443,0,50,17
1589249279.027284,173.194.151.108,10.10.0.10,,,443,41505,0,1358,17
1589249279.0365698,173.194.151.108,10.10.0.10,,,443,41505,0,1358,17
1589249279.038127,10.10.0.10,173.194.151.108,,,41505,443,0,37,17
1589249279.045858,173.194.151.108,10.10.0.10,,,443,41505,0,1358,17
1589249279.0551548,173.194.151.108,10.10.0.10,,,443,41505,0,1358,17
1589249279.0570002,10.10.0.10,173.194.151.108,,,41505,443,0,37,17
1589249279.0644374,173.194.151.108,10.10.0.10,,,443,41505,0,1358,17
1589249279.07372,173.194.151.108,10.10.0.10,,,443,41505,0,1358,17
1589249279.075625,10.10.0.10,173.194.151.108,,,41505,443,0,37,17
1589249279.083026,173.194.151.108,10.10.0.10,,,443,41505,0,1358,17
1589249279.092295,173.194.151.108,10.10.0.10,,,443,41505,0,29,17
1589249279.092718,173.194.151.108,10.10.0.10,,,443,41505,0,1358,17
1589249279.094109,10.10.0.10,173.194.151.108,,,41505,443,0,37,17
1589249279.102027,173.194.151.108,10.10.0.10,,,443,41505,0,1358,17
1589249279.111292,173.194.151.108,10.10.0.10,,,443,41505,0,1358,17
1589249279.113599,10.10.0.10,173.194.151.108,,,41505,443,0,37,17
1589249279.1205769,173.194.151.108,10.10.0.10,,,443,41505,0,1358,17
1589249279.1298668,173.194.151.108,10.10.0.10,,,443,41505,0,1358,17
1589249279.1316054,10.10.0.10,173.194.151.108,,,41505,443,0,37,17
1589249279.139157,173.194.151.108,10.10.0.10,,,443,41505,0,1358,17
1589249279.1484444,173.194.151.108,10.10.0.10,,,443,41505,0,1358,17
1589249279.1503732,10.10.0.10,173.194.151.108,,,41505,443,0,37,17
1589249279.1577342,173.194.151.108,10.10.0.10,,,443,41505,0,1358,17
1589249279.1670258,173.194.151.108,10.10.0.10,,,443,41505,0,1358,17
1589249279.1699786,10.10.0.10,173.194.151.108,,,41505,443,0,37,17
1589249279.176306,173.194.151.108,10.10.0.10,,,443,41505,0,1358,17
1589249279.1855938,173.194.151.108,10.10.0.10,,,443,41505,0,1358,17
1589249279.18725,10.10.0.10,173.194.151.108,,,41505,443,0,37,17
1589249279.1948998,173.194.151.108,10.10.0.10,,,443,41505,0,1358,17
1589249279.20417,173.194.151.108,10.10.0.10,,,443,41505,0,1358,17
1589249279.2061222,10.10.0.10,173.194.151.108,,,41505,443,0,37,17
1589249279.2134619,173.194.151.108,10.10.0.10,,,443,41505,0,1358,17
1589249279.222745,173.194.151.108,10.10.0.10,,,443,41505,0,1358,17
1589249279.225224,10.10.0.10,173.194.151.108,,,41505,443,0,37,17
1589249279.232034,173.194.151.108,10.10.0.10,,,443,41505,0,1358,17
1589249279.242435,173.194.151.108,10.10.0.10,,,443,41505,0,1358,17
1589249279.244342,10.10.0.10,173.194.151.108,,,41505,443,0,37,17
1589249279.251722,173.194.151.108,10.10.0.10,,,443,41505,0,1358,17
1589249279.2610269,173.194.151.108,10.10.0.10,,,443,41505,0,1358,17
1589249279.2627466,10.10.0.10,173.194.151.108,,,41505,443,0,37,17
1589249279.270298,173.194.151.108,10.10.0.10,,,443,41505,0,1358,17
1589249279.2795875,173.194.151.108,10.10.0.10,,,443,41505,0,1358,17
1589249279.28109,10.10.0.10,173.194.151.108,,,41505,443,0,37,17
1589249279.2888956,173.194.151.108,10.10.0.10,,,443,41505,0,1358,17
1589249279.2981632,173.194.151.108,10.10.0.10,,,443,41505,0,1358,17
1589249279.299601,10.10.0.10,173.194.151.108,,,41505,443,0,37,17
1589249279.307457,173.194.151.108,10.10.0.10,,,443,41505,0,1358,17
1589249279.3167381,173.194.151.108,10.10.0.10,,,443,41505,0,1358,17
1589249279.318354,10.10.0.10,173.194.151.108,,,41505,443,0,37,17
1589249279.326025,173.194.151.108,10.10.0.10,,,443,41505,0,1358,17
1589249279.335312,173.194.151.108,10.10.0.10,,,443,41505,0,1358,17
1589249279.336992,10.10.0.10,173.194.151.108,,,41505,443,0,37,17
1589249279.3446045,173.194.151.108,10.10.0.10,,,443,41505,0,1358,17
1589249279.3538961,173.194.151.108,10.10.0.10,,,443,41505,0,1358,17
1589249279.355741,10.10.0.10,173.194.151.108,,,41505,443,0,37,17
1589249279.363177,173.194.151.108,10.10.0.10,,,443,41505,0,1358,17
1589249279.3724642,173.194.151.108,10.10.0.10,,,443,41505,0,1358,17
1589249279.374597,10.10.0.10,173.194.151.108,,,41505,443,0,37,17
1589249279.381767,173.194.151.108,10.10.0.10,,,443,41505,0,1358,17
1589249279.3910394,173.194.151.108,10.10.0.10,,,443,41505,0,1358,17
1589249279.3925958,10.10.0.10,173.194.151.108,,,41505,443,0,50,17
1589249279.4003284,173.194.151.108,10.10.0.10,,,443,41505,0,1358,17
1589249279.409614,173.194.151.108,10.10.0.10,,,443,41505,0,1358,17
1589249279.4128668,10.10.0.10,173.194.151.108,,,41505,443,0,37,17
1589249279.4189026,173.194.151.108,10.10.0.10,,,443,41505,0,1358,17
1589249279.4282038,173.194.151.108,10.10.0.10,,,443,41505,0,1358,17
1589249279.429847,10.10.0.10,173.194.151.108,,,41505,443,0,37,17
1589249279.43748,173.194.151.108,10.10.0.10,,,443,41505,0,1358,17
1589249279.446769,173.194.151.108,10.10.0.10,,,443,41505,0,1358,17
1589249279.449219,10.10.0.10,173.194.151.108,,,41505,443,0,37,17
1589249279.456047,173.194.151.108,10.10.0.10,,,443,41505,0,1358,17
1589249279.465341,173.194.151.108,10.10.0.10,,,443,41505,0,1358,17
1589249279.467116,10.10.0.10,173.194.151.108,,,41505,443,0,37,17
1589249279.4746268,173.194.151.108,10.10.0.10,,,443,41505,0,1358,17
1589249279.483916,173.194.151.108,10.10.0.10,,,443,41505,0,1358,17
1589249279.485614,10.10.0.10,173.194.151.108,,,41505,443,0,37,17
1589249279.4932039,173.194.151.108,10.10.0.10,,,443,41505,0,1358,17
1589249279.5025141,173.194.151.108,10.10.0.10,,,443,41505,0,1358,17
1589249279.5042222,10.10.0.10,173.194.151.108,,,41505,443,0,37,17
1589249279.5117786,173.194.151.108,10.10.0.10,,,443,41505,0,1358,17
1589249279.5210755,173.194.151.108,10.10.0.10,,,443,41505,0,1358,17
1589249279.5227182,10.10.0.10,173.194.151.108,,,41505,443,0,37,17
1589249279.5303571,173.194.151.108,10.10.0.10,,,443,41505,0,1358,17
1589249279.5396428,173.194.151.108,10.10.0.10,,,443,41505,0,1358,17
1589249279.5410821,10.10.0.10,173.194.151.108,,,41505,443,0,37,17
1589249279.5489302,173.194.151.108,10.10.0.10,,,443,41505,0,1358,17
1589249279.558216,173.194.151.108,10.10.0.10,,,443,41505,0,1358,17
1589249279.559862,10.10.0.10,173.194.151.108,,,41505,443,0,37,17
1589249279.5675151,173.194.151.108,10.10.0.10,,,443,41505,0,1358,17
1589249279.576793,173.194.151.108,10.10.0.10,,,443,41505,0,1358,17
1589249279.579459,10.10.0.10,173.194.151.108,,,41505,443,0,37,17
1589249279.5860796,173.194.151.108,10.10.0.10,,,443,41505,0,1358,17
1589249279.595386,173.194.151.108,10.10.0.10,,,443,41505,0,1358,17
1589249279.59761,10.10.0.10,173.194.151.108,,,41505,443,0,37,17
1589249279.6046536,173.194.151.108,10.10.0.10,,,443,41505,0,1358,17
1589249279.613944,173.194.151.108,10.10.0.10,,,443,41505,0,1358,17
1589249279.6156838,10.10.0.10,173.194.151.108,,,41505,443,0,37,17
1589249279.623226,173.194.151.108,10.10.0.10,,,443,41505,0,1358,17
1589249279.6325116,173.194.151.108,10.10.0.10,,,443,41505,0,1358,17
1589249279.634326,10.10.0.10,173.194.151.108,,,41505,443,0,37,17
1589249279.6418009,173.194.151.108,10.10.0.10,,,443,41505,0,1358,17
1589249279.6510901,173.194.151.108,10.10.0.10,,,443,41505,0,1358,17
1589249279.6527224,10.10.0.10,173.194.151.108,,,41505,443,0,37,17
1589249279.660383,173.194.151.108,10.10.0.10,,,443,41505,0,1358,17
1589249279.6696649,173.194.151.108,10.10.0.10,,,443,41505,0,1358,17
1589249279.671471,10.10.0.10,173.194.151.108,,,41505,443,0,37,17
1589249279.678952,173.194.151.108,10.10.0.10,,,443,41505,0,1358,17
1589249279.68824,173.194.151.108,10.10.0.10,,,443,41505,0,1358,17
1589249279.689842,10.10.0.10,173.194.151.108,,,41505,443,0,37,17
1589249279.6975331,173.194.151.108,10.10.0.10,,,443,41505,0,1358,17
1589249279.7068198,173.194.151.108,10.10.0.10,,,443,41505,0,1358,17
1589249279.7084641,10.10.0.10,173.194.151.108,,,41505,443,0,37,17
1589249279.7161038,173.194.151.108,10.10.0.10,,,443,41505,0,1358,17
1589249279.725392,173.194.151.108,10.10.0.10,,,443,41505,0,1358,17
1589249279.726817,10.10.0.10,173.194.151.108,,,41505,443,0,37,17
1589249279.734679,173.194.151.108,10.10.0.10,,,443,41505,0,1358,17
1589249279.7439651,173.194.151.108,10.10.0.10,,,443,41505,0,1358,17
1589249279.7456062,10.10.0.10,173.194.151.108,,,41505,443,0,37,17
1589249279.7532618,173.194.151.108,10.10.0.10,,,443,41505,0,1358,17
1589249279.762543,173.194.151.108,10.10.0.10,,,443,41505,0,1358,17
1589249279.7640722,10.10.0.10,173.194.151.108,,,41505,443,0,50,17
1589249279.7718391,173.194.151.108,10.10.0.10,,,443,41505,0,1358,17
1589249279.781129,173.194.151.108,10.10.0.10,,,443,41505,0,1358,17
1589249279.7852132,10.10.0.10,173.194.151.108,,,41505,443,0,37,17
1589249279.790406,173.194.151.108,10.10.0.10,,,443,41505,0,1358,17
1589249279.799695,173.194.151.108,10.10.0.10,,,443,41505,0,1358,17
1589249279.801196,10.10.0.10,173.194.151.108,,,41505,443,0,37,17
1589249279.8089812,173.194.151.108,10.10.0.10,,,443,41505,0,1358,17
1589249279.818276,173.194.151.108,10.10.0.10,,,443,41505,0,29,17
1589249279.818686,173.194.151.108,10.10.0.10,,,443,41505,0,1358,17
1589249279.8202045,10.10.0.10,173.194.151.108,,,41505,443,0,37,17
1589249279.827978,173.194.151.108,10.10.0.10,,,443,41505,0,1358,17
1589249279.8372679,173.194.151.108,10.10.0.10,,,443,41505,0,1358,17
1589249279.8388536,10.10.0.10,173.194.151.108,,,41505,443,0,37,17
1589249279.8465672,173.194.151.108,10.10.0.10,,,443,41505,0,1358,17
1589249279.8558464,173.194.151.108,10.10.0.10,,,443,41505,0,1358,17
1589249279.8651366,173.194.151.108,10.10.0.10,,,443,41505,0,1358,17
1589249279.867959,10.10.0.10,173.194.151.108,,,41505,443,0,37,17
1589249279.874424,173.194.151.108,10.10.0.10,,,443,41505,0,1358,17
1589249279.8837082,173.194.151.108,10.10.0.10,,,443,41505,0,1358,17
1589249279.890717,10.10.0.10,173.194.151.108,,,41505,443,0,37,17
1589249279.8930054,173.194.151.108,10.10.0.10,,,443,41505,0,1358,17
1589249279.894449,10.10.0.10,173.194.151.108,,,41505,443,0,37,17
1589249279.902287,173.194.151.108,10.10.0.10,,,443,41505,0,1358,17
1589249279.9115732,173.194.151.108,10.10.0.10,,,443,41505,0,1358,17
1589249279.9140828,10.10.0.10,173.194.151.108,,,41505,443,0,37,17
1589249279.9208784,173.194.151.108,10.10.0.10,,,443,41505,0,1358,17
1589249279.930149,173.194.151.108,10.10.0.10,,,443,41505,0,1358,17
1589249279.9318528,10.10.0.10,173.194.151.108,,,41505,443,0,37,17
1589249279.93944,173.194.151.108,10.10.0.10,,,443,41505,0,1358,17
1589249279.948734,173.194.151.108,10.10.0.10,,,443,41505,0,1358,17
1589249279.950224,10.10.0.10,173.194.151.108,,,41505,443,0,37,17
1589249279.95801,173.194.151.108,10.10.0.10,,,443,41505,0,1358,17
1589249279.967319,173.194.151.108,10.10.0.10,,,443,41505,0,1358,17
1589249279.968974,10.10.0.10,173.194.151.108,,,41505,443,0,37,17
1589249279.9765859,173.194.151.108,10.10.0.10,,,443,41505,0,1358,17
1589249279.9858758,173.194.151.108,10.10.0.10,,,443,41505,0,1358,17
1589249279.9889722,10.10.0.10,173.194.151.108,,,41505,443,0,37,17
1589249279.995161,173.194.151.108,10.10.0.10,,,443,41505,0,1358,17
1589249280.0044491,173.194.151.108,10.10.0.10,,,443,41505,0,1358,17
1589249280.0061011,10.10.0.10,173.194.151.108,,,41505,443,0,37,17
1589249280.013751,173.194.151.108,10.10.0.10,,,443,41505,0,1358,17
1589249280.023025,173.194.151.108,10.10.0.10,,,443,41505,0,1358,17
1589249280.024599,10.10.0.10,173.194.151.108,,,41505,443,0,37,17
1589249280.032312,173.194.151.108,10.10.0.10,,,443,41505,0,1358,17
1589249280.041623,173.194.151.108,10.10.0.10,,,443,41505,0,1358,17
1589249280.0432231,10.10.0.10,173.194.151.108,,,41505,443,0,37,17
1589249280.050888,173.194.151.108,10.10.0.10,,,443,41505,0,1358,17
1589249280.060185,173.194.151.108,10.10.0.10,,,443,41505,0,1358,17
1589249280.0619721,10.10.0.10,173.194.151.108,,,41505,443,0,37,17
1589249280.069465,173.194.151.108,10.10.0.10,,,443,41505,0,1358,17
1589249280.0787554,173.194.151.108,10.10.0.10,,,443,41505,0,1358,17
1589249280.0803502,10.10.0.10,173.194.151.108,,,41505,443,0,37,17
1589249280.088041,173.194.151.108,10.10.0.10,,,443,41505,0,1358,17
1589249280.097328,173.194.151.108,10.10.0.10,,,443,41505,0,1358,17
1589249280.0988188,10.10.0.10,173.194.151.108,,,41505,443,0,37,17
1589249280.1066248,173.194.151.108,10.10.0.10,,,443,41505,0,1358,17
1589249280.1159024,173.194.151.108,10.10.0.10,,,443,41505,0,1358,17
1589249280.117582,10.10.0.10,173.194.151.108,,,41505,443,0,37,17
1589249280.125189,173.194.151.108,10.10.0.10,,,443,41505,0,1358,17
1589249280.1344938,173.194.151.108,10.10.0.10,,,443,41505,0,1358,17
1589249280.1362019,10.10.0.10,173.194.151.108,,,41505,443,0,50,17
1589249280.1437662,173.194.151.108,10.10.0.10,,,443,41505,0,1358,17
1589249280.1530569,173.194.151.108,10.10.0.10,,,443,41505,0,1358,17
1589249280.1556995,10.10.0.10,173.194.151.108,,,41505,443,0,37,17
1589249280.162342,173.194.151.108,10.10.0.10,,,443,41505,0,1358,17
1589249280.1716282,173.194.151.108,10.10.0.10,,,443,41505,0,1358,17
1589249280.1732,10.10.0.10,173.194.151.108,,,41505,443,0,37,17
1589249280.180912,173.194.151.108,10.10.0.10,,,443,41505,0,29,17
1589249280.181336,173.194.151.108,10.10.0.10,,,443,41505,0,1358,17
1589249280.1906278,173.194.151.108,10.10.0.10,,,443,41505,0,1358,17
1589249280.1952221,10.10.0.10,173.194.151.108,,,41505,443,0,37,17
1589249280.199913,173.194.151.108,10.10.0.10,,,443,41505,0,1358,17
1589249280.209199,173.194.151.108,10.10.0.10,,,443,41505,0,1358,17
1589249280.2106981,10.10.0.10,173.194.151.108,,,41505,443,0,37,17
1589249280.218496,173.194.151.108,10.10.0.10,,,443,41505,0,1358,17
1589249280.227775,173.194.151.108,10.10.0.10,,,443,41505,0,1358,17
1589249280.2296,10.10.0.10,173.194.151.108,,,41505,443,0,37,17
1589249280.237062,173.194.151.108,10.10.0.10,,,443,41505,0,1358,17
1589249280.24635,173.194.151.108,10.10.0.10,,,443,41505,0,1358,17
1589249280.2481902,10.10.0.10,173.194.151.108,,,41505,443,0,37,17
1589249280.2556381,173.194.151.108,10.10.0.10,,,443,41505,0,1358,17
1589249280.264935,173.194.151.108,10.10.0.10,,,443,41505,0,1358,17
1589249280.2670908,10.10.0.10,173.194.151.108,,,41505,443,0,37,17
1589249280.2742178,173.194.151.108,10.10.0.10,,,443,41505,0,1358,17
1589249280.2835019,173.194.151.108,10.10.0.10,,,443,41505,0,1358,17
1589249280.2854464,10.10.0.10,173.194.151.108,,,41505,443,0,37,17
1589249280.2928038,173.194.151.108,10.10.0.10,,,443,41505,0,1358,17
1589249280.3020802,173.194.151.108,10.10.0.10,,,443,41505,0,1358,17
1589249280.3038409,10.10.0.10,173.194.151.108,,,41505,443,0,37,17
1589249280.311372,173.194.151.108,10.10.0.10,,,443,41505,0,1358,17
1589249280.3206534,173.194.151.108,10.10.0.10,,,443,41505,0,1358,17
1589249280.322569,10.10.0.10,173.194.151.108,,,41505,443,0,37,17
1589249280.329941,173.194.151.108,10.10.0.10,,,443,41505,0,1358,17
1589249280.3392231,173.194.151.108,10.10.0.10,,,443,41505,0,1358,17
1589249280.3408358,10.10.0.10,173.194.151.108,,,41505,443,0,37,17
1589249280.3485172,173.194.151.108,10.10.0.10,,,443,41505,0,1358,17
1589249280.357805,173.194.151.108,10.10.0.10,,,443,41505,0,1358,17
1589249280.359694,10.10.0.10,173.194.151.108,,,41505,443,0,37,17
1589249280.3671124,173.194.151.108,10.10.0.10,,,443,41505,0,1358,17
1589249280.3763778,173.194.151.108,10.10.0.10,,,443,41505,0,1358,17
1589249280.3782132,10.10.0.10,173.194.151.108,,,41505,443,0,37,17
1589249280.385676,173.194.151.108,10.10.0.10,,,443,41505,0,1358,17
1589249280.394959,173.194.151.108,10.10.0.10,,,443,41505,0,1358,17
1589249280.3978374,10.10.0.10,173.194.151.108,,,41505,443,0,37,17
1589249280.404246,173.194.151.108,10.10.0.10,,,443,41505,0,1358,17
1589249280.4135325,173.194.151.108,10.10.0.10,,,443,41505,0,1358,17
1589249280.4151928,10.10.0.10,173.194.151.108,,,41505,443,0,37,17
1589249280.422818,173.194.151.108,10.10.0.10,,,443,41505,0,1358,17
1589249280.4321172,173.194.151.108,10.10.0.10,,,443,41505,0,1358,17
1589249280.4339619,10.10.0.10,173.194.151.108,,,41505,443,0,37,17
1589249280.4413948,173.194.151.108,10.10.0.10,,,443,41505,0,1358,17
1589249280.4506776,173.194.151.108,10.10.0.10,,,443,41505,0,1358,17
1589249280.4524622,10.10.0.10,173.194.151.108,,,41505,443,0,37,17
1589249280.4599645,173.194.151.108,10.10.0.10,,,443,41505,0,1358,17
1589249280.4692562,173.194.151.108,10.10.0.10,,,443,41505,0,1358,17
1589249280.470807,10.10.0.10,173.194.151.108,,,41505,443,0,37,17
1589249280.4785476,173.194.151.108,10.10.0.10,,,443,41505,0,1358,17
1589249280.487834,173.194.151.108,10.10.0.10,,,443,41505,0,1358,17
1589249280.4896922,10.10.0.10,173.194.151.108,,,41505,443,0,37,17
1589249280.49712,173.194.151.108,10.10.0.10,,,443,41505,0,1358,17
1589249280.506423,173.194.151.108,10.10.0.10,,,443,41505,0,1358,17
1589249280.508183,10.10.0.10,173.194.151.108,,,41505,443,0,50,17
1589249280.5157,173.194.151.108,10.10.0.10,,,443,41505,0,1358,17
1589249280.5249882,173.194.151.108,10.10.0.10,,,443,41505,0,1358,17
1589249280.526835,10.10.0.10,173.194.151.108,,,41505,443,0,37,17
1589249280.534271,173.194.151.108,10.10.0.10,,,443,41505,0,1358,17
1589249280.5435581,173.194.151.108,10.10.0.10,,,443,41505,0,1358,17
1589249280.552842,173.194.151.108,10.10.0.10,,,443,41505,0,29,17
1589249280.5532668,173.194.151.108,10.10.0.10,,,443,41505,0,1358,17
1589249280.5625546,173.194.151.108,10.10.0.10,,,443,41505,0,1358,17
1589249280.571859,173.194.151.108,10.10.0.10,,,443,41505,0,1358,17
1589249280.581134,173.194.151.108,10.10.0.10,,,443,41505,0,1358,17
1589249280.5904212,173.194.151.108,10.10.0.10,,,443,41505,0,1358,17
1589249280.599705,173.194.151.108,10.10.0.10,,,443,41505,0,1358,17
1589249280.613557,10.10.0.10,173.194.151.108,,,41505,443,0,37,17
1589249280.6190028,173.194.151.108,10.10.0.10,,,443,41505,0,1358,17
1589249280.627175,10.10.0.10,173.194.151.108,,,41505,443,0,40,17
1589249280.6278362,10.10.0.10,173.194.151.108,,,41505,443,0,40,17
1589249280.6278946,10.10.0.10,173.194.151.108,,,41505,443,0,40,17
1589249280.628465,10.10.0.10,173.194.151.108,,,41505,443,0,40,17
1589249280.6291866,10.10.0.10,173.194.151.108,,,41505,443,0,40,17
1589249280.6337054,173.194.151.108,10.10.0.10,,,443,41505,0,1358,17
1589249280.644116,173.194.151.108,10.10.0.10,,,443,41505,0,1358,17
1589249280.645791,10.10.0.10,173.194.151.108,,,41505,443,0,40,17
1589249280.650989,173.194.151.108,10.10.0.10,,,443,41505,0,1358,17
1589249280.652041,173.194.151.108,10.10.0.10,,,443,41505,0,1358,17
1589249280.6544428,10.10.0.10,173.194.151.108,,,41505,443,0,40,17
1589249280.661318,173.194.151.108,10.10.0.10,,,443,41505,0,1358,17
1589249280.670597,173.194.151.108,10.10.0.10,,,443,41505,0,1358,17
1589249280.6721554,10.10.0.10,173.194.151.108,,,41505,443,0,40,17
1589249280.6798851,173.194.151.108,10.10.0.10,,,443,41505,0,1358,17
1589249280.6891718,173.194.151.108,10.10.0.10,,,443,41505,0,1358,17
1589249280.6906588,10.10.0.10,173.194.151.108,,,41505,443,0,40,17
1589249280.698479,173.194.151.108,10.10.0.10,,,443,41505,0,1358,17
1589249280.70775,173.194.151.108,10.10.0.10,,,443,41505,0,1358,17
1589249280.7103078,10.10.0.10,173.194.151.108,,,41505,443,0,40,17
1589249280.7110634,10.10.0.10,173.194.151.108,,,41505,443,0,43,17
1589249280.7170362,173.194.151.108,10.10.0.10,,,443,41505,0,1358,17
1589249280.7263286,173.194.151.108,10.10.0.10,,,443,41505,0,1358,17
1589249280.7280602,10.10.0.10,173.194.151.108,,,41505,443,0,40,17
1589249280.735613,173.194.151.108,10.10.0.10,,,443,41505,0,1358,17
1589249280.7449148,173.194.151.108,10.10.0.10,,,443,41505,0,1358,17
1589249280.747326,10.10.0.10,173.194.151.108,,,41505,443,0,40,17
1589249280.7541919,173.194.151.108,10.10.0.10,,,443,41505,0,1358,17
1589249280.763476,173.194.151.108,10.10.0.10,,,443,41505,0,1358,17
1589249280.764953,10.10.0.10,173.194.151.108,,,41505,443,0,40,17
1589249280.7727618,173.194.151.108,10.10.0.10,,,443,41505,0,1358,17
1589249280.782049,173.194.151.108,10.10.0.10,,,443,41505,0,1358,17
1589249280.783682,10.10.0.10,173.194.151.108,,,41505,443,0,40,17
1589249280.791359,173.194.151.108,10.10.0.10,,,443,41505,0,1358,17
1589249280.8006258,173.194.151.108,10.10.0.10,,,443,41505,0,1358,17
1589249280.802438,10.10.0.10,173.194.151.108,,,41505,443,0,37,17
1589249280.8099134,173.194.151.108,10.10.0.10,,,443,41505,0,1358,17
1589249280.8192232,173.194.151.108,10.10.0.10,,,443,41505,0,1358,17
1589249280.8208098,10.10.0.10,173.194.151.108,,,41505,443,0,37,17
1589249280.8284938,173.194.151.108,10.10.0.10,,,443,41505,0,1358,17
1589249280.8377798,173.194.151.108,10.10.0.10,,,443,41505,0,1358,17
1589249280.839575,10.10.0.10,173.194.151.108,,,41505,443,0,37,17
1589249280.847068,173.194.151.108,10.10.0.10,,,443,41505,0,1358,17
1589249280.8563519,173.194.151.108,10.10.0.10,,,443,41505,0,1358,17
1589249280.8579528,10.10.0.10,173.194.151.108,,,41505,443,0,37,17
1589249280.8656445,173.194.151.108,10.10.0.10,,,443,41505,0,1358,17
1589249280.874927,173.194.151.108,10.10.0.10,,,443,41505,0,1358,17
1589249280.876577,10.10.0.10,173.194.151.108,,,41505,443,0,37,17
1589249280.8842278,173.194.151.108,10.10.0.10,,,443,41505,0,1358,17
1589249280.893508,173.194.151.108,10.10.0.10,,,443,41505,0,1358,17
1589249280.895072,10.10.0.10,173.194.151.108,,,41505,443,0,37,17
1589249280.902794,173.194.151.108,10.10.0.10,,,443,41505,0,1358,17
1589249280.912082,173.194.151.108,10.10.0.10,,,443,41505,0,1358,17
1589249280.9138026,10.10.0.10,173.194.151.108,,,41505,443,0,37,17
1589249280.921371,173.194.151.108,10.10.0.10,,,443,41505,0,1358,17
1589249280.9306598,173.194.151.108,10.10.0.10,,,443,41505,0,1358,17
1589249280.932302,10.10.0.10,173.194.151.108,,,41505,443,0,37,17
1589249280.93995,173.194.151.108,10.10.0.10,,,443,41505,0,1358,17
1589249280.949233,173.194.151.108,10.10.0.10,,,443,41505,0,1358,17
1589249280.950946,10.10.0.10,173.194.151.108,,,41505,443,0,37,17
1589249280.958535,173.194.151.108,10.10.0.10,,,443,41505,0,1358,17
1589249280.967809,173.194.151.108,10.10.0.10,,,443,41505,0,1358,17
1589249280.969943,10.10.0.10,173.194.151.108,,,41505,443,0,37,17
1589249280.9771,173.194.151.108,10.10.0.10,,,443,41505,0,1358,17
1589249280.9863858,173.194.151.108,10.10.0.10,,,443,41505,0,1358,17
1589249280.988195,10.10.0.10,173.194.151.108,,,41505,443,0,37,17
1589249280.995673,173.194.151.108,10.10.0.10,,,443,41505,0,1358,17
1589249281.0049589,173.194.151.108,10.10.0.10,,,443,41505,0,1358,17
1589249281.006425,10.10.0.10,173.194.151.108,,,41505,443,0,37,17
1589249281.0142481,173.194.151.108,10.10.0.10,,,443,41505,0,1358,17
1589249281.023537,173.194.151.108,10.10.0.10,,,443,41505,0,1358,17
1589249281.025195,10.10.0.10,173.194.151.108,,,41505,443,0,37,17
1589249281.0328481,173.194.151.108,10.10.0.10,,,443,41505,0,1358,17
1589249281.04211,173.194.151.108,10.10.0.10,,,443,41505,0,1358,17
1589249281.043694,10.10.0.10,173.194.151.108,,,41505,443,0,37,17
1589249281.051399,173.194.151.108,10.10.0.10,,,443,41505,0,1358,17
1589249281.060688,173.194.151.108,10.10.0.10,,,443,41505,0,1358,17
1589249281.062178,10.10.0.10,173.194.151.108,,,41505,443,0,37,17
1589249281.0699751,173.194.151.108,10.10.0.10,,,443,41505,0,1358,17
1589249281.079534,173.194.151.108,10.10.0.10,,,443,41505,0,1358,17
1589249281.0809224,10.10.0.10,173.194.151.108,,,41505,443,0,50,17
1589249281.088844,173.194.151.108,10.10.0.10,,,443,41505,0,1358,17
1589249281.098119,173.194.151.108,10.10.0.10,,,443,41505,0,1358,17
1589249281.099664,10.10.0.10,173.194.151.108,,,41505,443,0,37,17
1589249281.1074042,173.194.151.108,10.10.0.10,,,443,41505,0,1358,17
1589249281.116717,173.194.151.108,10.10.0.10,,,443,41505,0,1358,17
1589249281.11842,10.10.0.10,173.194.151.108,,,41505,443,0,37,17
1589249281.125983,173.194.151.108,10.10.0.10,,,443,41505,0,1358,17
1589249281.135279,173.194.151.108,10.10.0.10,,,443,41505,0,1358,17
1589249281.144553,173.194.151.108,10.10.0.10,,,443,41505,0,1358,17
1589249281.148067,10.10.0.10,173.194.151.108,,,41505,443,0,37,17
1589249281.153848,173.194.151.108,10.10.0.10,,,443,41505,0,1358,17
1589249281.163134,173.194.151.108,10.10.0.10,,,443,41505,0,1358,17
1589249281.1694498,10.10.0.10,173.194.151.108,,,41505,443,0,37,17
1589249281.1724188,173.194.151.108,10.10.0.10,,,443,41505,0,1358,17
1589249281.1739259,10.10.0.10,173.194.151.108,,,41505,443,0,37,17
1589249281.181708,173.194.151.108,10.10.0.10,,,443,41505,0,1358,17
1589249281.1909962,173.194.151.108,10.10.0.10,,,443,41505,0,1358,17
1589249281.1925368,10.10.0.10,173.194.151.108,,,41505,443,0,37,17
1589249281.2002866,173.194.151.108,10.10.0.10,,,443,41505,0,1358,17
1589249281.2095878,173.194.151.108,10.10.0.10,,,443,41505,0,1358,17
1589249281.2115624,10.10.0.10,173.194.151.108,,,41505,443,0,37,17
1589249281.218858,173.194.151.108,10.10.0.10,,,443,41505,0,1358,17
1589249281.2281456,173.194.151.108,10.10.0.10,,,443,41505,0,1358,17
1589249281.22994,10.10.0.10,173.194.151.108,,,41505,443,0,37,17
1589249281.2374382,173.194.151.108,10.10.0.10,,,443,41505,0,1358,17
1589249281.246722,173.194.151.108,10.10.0.10,,,443,41505,0,1358,17
1589249281.2484179,10.10.0.10,173.194.151.108,,,41505,443,0,37,17
1589249281.256018,173.194.151.108,10.10.0.10,,,443,41505,0,1358,17
1589249281.2652972,173.194.151.108,10.10.0.10,,,443,41505,0,1358,17
1589249281.2671876,10.10.0.10,173.194.151.108,,,41505,443,0,37,17
1589249281.274591,173.194.151.108,10.10.0.10,,,443,41505,0,1358,17
1589249281.283874,173.194.151.108,10.10.0.10,,,443,41505,0,1358,17
1589249281.285687,10.10.0.10,173.194.151.108,,,41505,443,0,37,17
1589249281.293161,173.194.151.108,10.10.0.10,,,443,41505,0,1358,17
1589249281.3024619,173.194.151.108,10.10.0.10,,,443,41505,0,1358,17
1589249281.3058188,10.10.0.10,173.194.151.108,,,41505,443,0,37,17
1589249281.3117352,173.194.151.108,10.10.0.10,,,443,41505,0,1358,17
1589249281.321024,173.194.151.108,10.10.0.10,,,443,41505,0,1358,17
1589249281.322668,10.10.0.10,173.194.151.108,,,41505,443,0,37,17
1589249281.3303099,173.194.151.108,10.10.0.10,,,443,41505,0,1358,17
1589249281.339601,173.194.151.108,10.10.0.10,,,443,41505,0,1358,17
1589249281.34131,10.10.0.10,173.194.151.108,,,41505,443,0,37,17
1589249281.348898,173.194.151.108,10.10.0.10,,,443,41505,0,1358,17
1589249281.358175,173.194.151.108,10.10.0.10,,,443,41505,0,1358,17
1589249281.360185,10.10.0.10,173.194.151.108,,,41505,443,0,37,17
1589249281.367465,173.194.151.108,10.10.0.10,,,443,41505,0,1358,17
1589249281.37675,173.194.151.108,10.10.0.10,,,443,41505,0,1358,17
1589249281.3784142,10.10.0.10,173.194.151.108,,,41505,443,0,37,17
1589249281.386038,173.194.151.108,10.10.0.10,,,443,41505,0,1358,17
1589249281.3953366,173.194.151.108,10.10.0.10,,,443,41505,0,1358,17
1589249281.3979142,10.10.0.10,173.194.151.108,,,41505,443,0,37,17
1589249281.404613,173.194.151.108,10.10.0.10,,,443,41505,0,1005,17
1589249281.435558,10.10.0.10,173.194.151.108,,,41505,443,0,37,17
1589249281.437168,10.10.0.10,173.194.151.108,,,41505,443,0,722,17
1589249281.4371939,10.10.0.10,173.194.151.108,,,41505,443,0,48,17
1589249281.441608,173.194.151.108,10.10.0.10,,,443,41505,0,115,17
1589249281.4416401,173.194.151.108,10.10.0.10,,,443,41505,0,1358,17
1589249281.441664,173.194.151.108,10.10.0.10,,,443,41505,0,1358,17
1589249281.4443069,10.10.0.10,173.194.151.108,,,41505,443,0,37,17
1589249281.45052,173.194.151.108,10.10.0.10,,,443,41505,0,1358,17
1589249281.4521544,10.10.0.10,173.194.151.108,,,41505,443,0,37,17
1589249281.459802,173.194.151.108,10.10.0.10,,,443,41505,0,1358,17
1589249281.469091,173.194.151.108,10.10.0.10,,,443,41505,0,1358,17
1589249281.470528,10.10.0.10,173.194.151.108,,,41505,443,0,37,17
1589249281.4783769,173.194.151.108,10.10.0.10,,,443,41505,0,1358,17
1589249281.4876616,173.194.151.108,10.10.0.10,,,443,41505,0,1358,17
1589249281.4892929,10.10.0.10,173.194.151.108,,,41505,443,0,37,17
1589249281.4969618,173.194.151.108,10.10.0.10,,,443,41505,0,1358,17
1589249281.5062392,173.194.151.108,10.10.0.10,,,443,41505,0,1358,17
1589249281.5077882,10.10.0.10,173.194.151.108,,,41505,443,0,37,17
1589249281.515526,173.194.151.108,10.10.0.10,,,443,41505,0,1358,17
1589249281.524833,173.194.151.108,10.10.0.10,,,443,41505,0,1358,17
1589249281.5265546,10.10.0.10,173.194.151.108,,,41505,443,0,37,17
1589249281.534105,173.194.151.108,10.10.0.10,,,443,41505,0,1358,17
1589249281.543392,173.194.151.108,10.10.0.10,,,443,41505,0,1358,17
1589249281.545159,10.10.0.10,173.194.151.108,,,41505,443,0,37,17
1589249281.5526776,173.194.151.108,10.10.0.10,,,443,41505,0,1358,17
1589249281.5619662,173.194.151.108,10.10.0.10,,,443,41505,0,1358,17
1589249281.5645332,10.10.0.10,173.194.151.108,,,41505,443,0,37,17
1589249281.571267,173.194.151.108,10.10.0.10,,,443,41505,0,1358,17
1589249281.580542,173.194.151.108,10.10.0.10,,,443,41505,0,1358,17
1589249281.582304,10.10.0.10,173.194.151.108,,,41505,443,0,37,17
1589249281.589831,173.194.151.108,10.10.0.10,,,443,41505,0,1358,17
1589249281.599117,173.194.151.108,10.10.0.10,,,443,41505,0,1358,17
1589249281.600806,10.10.0.10,173.194.151.108,,,41505,443,0,37,17
1589249281.608404,173.194.151.108,10.10.0.10,,,443,41505,0,1358,17
1589249281.6176894,173.194.151.108,10.10.0.10,,,443,41505,0,1358,17
1589249281.619403,10.10.0.10,173.194.151.108,,,41505,443,0,37,17
1589249281.626974,173.194.151.108,10.10.0.10,,,443,41505,0,1358,17
1589249281.6362624,173.194.151.108,10.10.0.10,,,443,41505,0,1358,17
1589249281.638535,10.10.0.10,173.194.151.108,,,41505,443,0,37,17
1589249281.645549,173.194.151.108,10.10.0.10,,,443,41505,0,1358,17
1589249281.6548376,173.194.151.108,10.10.0.10,,,443,41505,0,1358,17
1589249281.6601858,10.10.0.10,173.194.151.108,,,41505,443,0,37,17
1589249281.6641245,173.194.151.108,10.10.0.10,,,443,41505,0,1358,17
1589249281.6734214,173.194.151.108,10.10.0.10,,,443,41505,0,1358,17
1589249281.675175,10.10.0.10,173.194.151.108,,,41505,443,0,37,17
1589249281.6827068,173.194.151.108,10.10.0.10,,,443,41505,0,1358,17
1589249281.691992,173.194.151.108,10.10.0.10,,,443,41505,0,1358,17
1589249281.694005,10.10.0.10,173.194.151.108,,,41505,443,0,37,17
1589249281.701277,173.194.151.108,10.10.0.10,,,443,41505,0,1358,17
1589249281.710562,173.194.151.108,10.10.0.10,,,443,41505,0,1358,17
1589249281.7154279,10.10.0.10,173.194.151.108,,,41505,443,0,37,17
1589249281.7198534,173.194.151.108,10.10.0.10,,,443,41505,0,1358,17
1589249281.7291439,173.194.151.108,10.10.0.10,,,443,41505,0,1358,17
1589249281.7306569,10.10.0.10,173.194.151.108,,,41505,443,0,37,17
1589249281.7384286,173.194.151.108,10.10.0.10,,,443,41505,0,1358,17
1589249281.7477221,173.194.151.108,10.10.0.10,,,443,41505,0,1358,17
1589249281.7492616,10.10.0.10,173.194.151.108,,,41505,443,0,37,17
1589249281.757012,173.194.151.108,10.10.0.10,,,443,41505,0,1358,17
1589249281.766295,173.194.151.108,10.10.0.10,,,443,41505,0,1358,17
1589249281.7691536,10.10.0.10,173.194.151.108,,,41505,443,0,37,17
1589249281.775578,173.194.151.108,10.10.0.10,,,443,41505,0,1358,17
1589249281.7848852,173.194.151.108,10.10.0.10,,,443,41505,0,1358,17
1589249281.787174,10.10.0.10,173.194.151.108,,,41505,443,0,50,17
1589249281.794157,173.194.151.108,10.10.0.10,,,443,41505,0,1358,17
1589249281.803449,173.194.151.108,10.10.0.10,,,443,41505,0,1358,17
1589249281.805046,10.10.0.10,173.194.151.108,,,41505,443,0,37,17
1589249281.8127332,173.194.151.108,10.10.0.10,,,443,41505,0,1358,17
1589249281.822022,173.194.151.108,10.10.0.10,,,443,41505,0,1358,17
1589249281.8236804,10.10.0.10,173.194.151.108,,,41505,443,0,37,17
1589249281.831321,173.194.151.108,10.10.0.10,,,443,41505,0,1358,17
1589249281.840598,173.194.151.108,10.10.0.10,,,443,41505,0,1358,17
1589249281.8421721,10.10.0.10,173.194.151.108,,,41505,443,0,37,17
1589249281.849406,10.10.0.10,173.194.151.108,,,41505,443,0,722,17
1589249281.849432,10.10.0.10,173.194.151.108,,,41505,443,0,48,17
1589249281.8498821,173.194.151.108,10.10.0.10,,,443,41505,0,29,17
1589249281.850302,173.194.151.108,10.10.0.10,,,443,41505,0,1358,17
1589249281.859589,173.194.151.108,10.10.0.10,,,443,41505,0,1358,17
1589249281.862797,10.10.0.10,173.194.151.108,,,41505,443,0,37,17
1589249281.868882,173.194.151.108,10.10.0.10,,,443,41505,0,1358,17
1589249281.8781679,173.194.151.108,10.10.0.10,,,443,41505,0,1358,17
1589249281.880019,10.10.0.10,173.194.151.108,,,41505,443,0,37,17
1589249281.887456,173.194.151.108,10.10.0.10,,,443,41505,0,1358,17
1589249281.8967571,173.194.151.108,10.10.0.10,,,443,41505,0,1358,17
1589249281.898419,10.10.0.10,173.194.151.108,,,41505,443,0,37,17
1589249281.9060311,173.194.151.108,10.10.0.10,,,443,41505,0,29,17
1589249281.906452,173.194.151.108,10.10.0.10,,,443,41505,0,1358,17
1589249281.915738,173.194.151.108,10.10.0.10,,,443,41505,0,1358,17
1589249281.9186714,10.10.0.10,173.194.151.108,,,41505,443,0,37,17
1589249281.9250278,173.194.151.108,10.10.0.10,,,443,41505,0,1358,17
1589249281.9343214,173.194.151.108,10.10.0.10,,,443,41505,0,1358,17
1589249281.9360259,10.10.0.10,173.194.151.108,,,41505,443,0,37,17
1589249281.9436018,173.194.151.108,10.10.0.10,,,443,41505,0,1358,17
1589249281.952892,173.194.151.108,10.10.0.10,,,443,41505,0,1358,17
1589249281.9545221,10.10.0.10,173.194.151.108,,,41505,443,0,37,17
1589249281.962177,173.194.151.108,10.10.0.10,,,443,41505,0,1358,17
1589249281.9714658,173.194.151.108,10.10.0.10,,,443,41505,0,1358,17
1589249281.9742908,10.10.0.10,173.194.151.108,,,41505,443,0,37,17
1589249281.9807544,173.194.151.108,10.10.0.10,,,443,41505,0,1358,17
1589249281.9900508,173.194.151.108,10.10.0.10,,,443,41505,0,1358,17
1589249281.9916508,10.10.0.10,173.194.151.108,,,41505,443,0,37,17
1589249281.999331,173.194.151.108,10.10.0.10,,,443,41505,0,1358,17
1589249282.0086286,173.194.151.108,10.10.0.10,,,443,41505,0,1358,17
1589249282.0102909,10.10.0.10,173.194.151.108,,,41505,443,0,37,17
1589249282.017906,173.194.151.108,10.10.0.10,,,443,41505,0,1358,17
1589249282.027193,173.194.151.108,10.10.0.10,,,443,41505,0,1358,17
1589249282.0305412,10.10.0.10,173.194.151.108,,,41505,443,0,37,17
1589249282.0364802,173.194.151.108,10.10.0.10,,,443,41505,0,1358,17
1589249282.045769,173.194.151.108,10.10.0.10,,,443,41505,0,1358,17
1589249282.0480132,10.10.0.10,173.194.151.108,,,41505,443,0,37,17
1589249282.0550668,173.194.151.108,10.10.0.10,,,443,41505,0,1358,17
1589249282.064345,173.194.151.108,10.10.0.10,,,443,41505,0,1358,17
1589249282.0658991,10.10.0.10,173.194.151.108,,,41505,443,0,37,17
1589249282.073631,173.194.151.108,10.10.0.10,,,443,41505,0,1358,17
1589249282.0829391,173.194.151.108,10.10.0.10,,,443,41505,0,1358,17
1589249282.0845098,10.10.0.10,173.194.151.108,,,41505,443,0,37,17
1589249282.092207,173.194.151.108,10.10.0.10,,,443,41505,0,1358,17
1589249282.1015027,173.194.151.108,10.10.0.10,,,443,41505,0,1358,17
1589249282.103268,10.10.0.10,173.194.151.108,,,41505,443,0,37,17
1589249282.110783,173.194.151.108,10.10.0.10,,,443,41505,0,1358,17
1589249282.120065,173.194.151.108,10.10.0.10,,,443,41505,0,1358,17
1589249282.1219132,10.10.0.10,173.194.151.108,,,41505,443,0,37,17
1589249282.129376,173.194.151.108,10.10.0.10,,,443,41505,0,1358,17
1589249282.1386454,173.194.151.108,10.10.0.10,,,443,41505,0,1358,17
1589249282.140538,10.10.0.10,173.194.151.108,,,41505,443,0,37,17
1589249282.147941,173.194.151.108,10.10.0.10,,,443,41505,0,1358,17
1589249282.157221,173.194.151.108,10.10.0.10,,,443,41505,0,1358,17
1589249282.1590366,10.10.0.10,173.194.151.108,,,41505,443,0,37,17
1589249282.1665092,173.194.151.108,10.10.0.10,,,443,41505,0,1358,17
1589249282.1758108,173.194.151.108,10.10.0.10,,,443,41505,0,1358,17
1589249282.17876,10.10.0.10,173.194.151.108,,,41505,443,0,37,17
1589249282.1850839,173.194.151.108,10.10.0.10,,,443,41505,0,1358,17
1589249282.194374,173.194.151.108,10.10.0.10,,,443,41505,0,1358,17
1589249282.196286,10.10.0.10,173.194.151.108,,,41505,443,0,37,17
1589249282.2036572,173.194.151.108,10.10.0.10,,,443,41505,0,1358,17
1589249282.2129474,173.194.151.108,10.10.0.10,,,443,41505,0,1358,17
1589249282.2146401,10.10.0.10,173.194.151.108,,,41505,443,0,50,17
1589249282.222249,173.194.151.108,10.10.0.10,,,443,41505,0,1358,17
1589249282.231526,173.194.151.108,10.10.0.10,,,443,41505,0,1358,17
1589249282.2332964,10.10.0.10,173.194.151.108,,,41505,443,0,37,17
1589249282.240816,173.194.151.108,10.10.0.10,,,443,41505,0,1358,17
1589249282.250098,173.194.151.108,10.10.0.10,,,443,41505,0,1358,17
1589249282.2521565,10.10.0.10,173.194.151.108,,,41505,443,0,37,17
1589249282.2593858,173.194.151.108,10.10.0.10,,,443,41505,0,29,17
1589249282.259815,173.194.151.108,10.10.0.10,,,443,41505,0,1358,17
1589249282.269094,173.194.151.108,10.10.0.10,,,443,41505,0,1358,17
1589249282.270658,10.10.0.10,173.194.151.108,,,41505,443,0,37,17
1589249282.278382,173.194.151.108,10.10.0.10,,,443,41505,0,1358,17
1589249282.2876678,173.194.151.108,10.10.0.10,,,443,41505,0,1358,17
1589249282.289407,10.10.0.10,173.194.151.108,,,41505,443,0,37,17
1589249282.296956,173.194.151.108,10.10.0.10,,,443,41505,0,1358,17
1589249282.306246,173.194.151.108,10.10.0.10,,,443,41505,0,1358,17
1589249282.307982,10.10.0.10,173.194.151.108,,,41505,443,0,37,17
1589249282.3155322,173.194.151.108,10.10.0.10,,,443,41505,0,1358,17
1589249282.3248222,173.194.151.108,10.10.0.10,,,443,41505,0,1358,17
1589249282.326514,10.10.0.10,173.194.151.108,,,41505,443,0,37,17
1589249282.334107,173.194.151.108,10.10.0.10,,,443,41505,0,1358,17
1589249282.343398,173.194.151.108,10.10.0.10,,,443,41505,0,1358,17
1589249282.345136,10.10.0.10,173.194.151.108,,,41505,443,0,37,17
1589249282.3526852,173.194.151.108,10.10.0.10,,,443,41505,0,1358,17
1589249282.361974,173.194.151.108,10.10.0.10,,,443,41505,0,1358,17
1589249282.3643868,10.10.0.10,173.194.151.108,,,41505,443,0,37,17
1589249282.371258,173.194.151.108,10.10.0.10,,,443,41505,0,1358,17
1589249282.380559,173.194.151.108,10.10.0.10,,,443,41505,0,1358,17
1589249282.3836358,10.10.0.10,173.194.151.108,,,41505,443,0,37,17
1589249282.3898392,173.194.151.108,10.10.0.10,,,443,41505,0,1358,17
1589249282.399122,173.194.151.108,10.10.0.10,,,443,41505,0,1358,17
1589249282.4007788,10.10.0.10,173.194.151.108,,,41505,443,0,37,17
1589249282.40843,173.194.151.108,10.10.0.10,,,443,41505,0,1358,17
1589249282.4176981,173.194.151.108,10.10.0.10,,,443,41505,0,1358,17
1589249282.426992,173.194.151.108,10.10.0.10,,,443,41505,0,1358,17
1589249282.4362776,173.194.151.108,10.10.0.10,,,443,41505,0,1358,17
1589249282.445561,173.194.151.108,10.10.0.10,,,443,41505,0,1358,17
1589249282.4471571,10.10.0.10,173.194.151.108,,,41505,443,0,37,17
1589249282.44876,10.10.0.10,173.194.151.108,,,41505,443,0,37,17
1589249282.454867,173.194.151.108,10.10.0.10,,,443,41505,0,1358,17
1589249282.456529,10.10.0.10,173.194.151.108,,,41505,443,0,37,17
1589249282.4641411,173.194.151.108,10.10.0.10,,,443,41505,0,1358,17
1589249282.473424,173.194.151.108,10.10.0.10,,,443,41505,0,1358,17
1589249282.4754045,10.10.0.10,173.194.151.108,,,41505,443,0,37,17
1589249282.482712,173.194.151.108,10.10.0.10,,,443,41505,0,1358,17
1589249282.4919982,173.194.151.108,10.10.0.10,,,443,41505,0,1358,17
1589249282.4959052,10.10.0.10,173.194.151.108,,,41505,443,0,37,17
1589249282.501301,173.194.151.108,10.10.0.10,,,443,41505,0,1358,17
1589249282.510574,173.194.151.108,10.10.0.10,,,443,41505,0,1358,17
1589249282.5122788,10.10.0.10,173.194.151.108,,,41505,443,0,37,17
1589249282.519865,173.194.151.108,10.10.0.10,,,443,41505,0,1358,17
1589249282.529149,173.194.151.108,10.10.0.10,,,443,41505,0,1358,17
1589249282.5314019,10.10.0.10,173.194.151.108,,,41505,443,0,37,17
1589249282.538439,173.194.151.108,10.10.0.10,,,443,41505,0,1358,17
1589249282.5477402,173.194.151.108,10.10.0.10,,,443,41505,0,1358,17
1589249282.549526,10.10.0.10,173.194.151.108,,,41505,443,0,37,17
1589249282.5570161,173.194.151.108,10.10.0.10,,,443,41505,0,1358,17
1589249282.5663078,173.194.151.108,10.10.0.10,,,443,41505,0,1358,17
1589249282.568133,10.10.0.10,173.194.151.108,,,41505,443,0,37,17
1589249282.5755901,173.194.151.108,10.10.0.10,,,443,41505,0,1358,17
1589249282.58488,173.194.151.108,10.10.0.10,,,443,41505,0,1358,17
1589249282.5870938,10.10.0.10,173.194.151.108,,,41505,443,0,50,17
1589249282.594176,173.194.151.108,10.10.0.10,,,443,41505,0,1358,17
1589249282.6034539,173.194.151.108,10.10.0.10,,,443,41505,0,1358,17
1589249282.6052544,10.10.0.10,173.194.151.108,,,41505,443,0,37,17
1589249282.6127412,173.194.151.108,10.10.0.10,,,443,41505,0,1358,17
1589249282.622026,173.194.151.108,10.10.0.10,,,443,41505,0,29,17
1589249282.6224446,173.194.151.108,10.10.0.10,,,443,41505,0,1358,17
1589249282.624124,10.10.0.10,173.194.151.108,,,41505,443,0,37,17
1589249282.6317391,173.194.151.108,10.10.0.10,,,443,41505,0,1358,17
1589249282.641026,173.194.151.108,10.10.0.10,,,443,41505,0,1358,17
1589249282.6428866,10.10.0.10,173.194.151.108,,,41505,443,0,37,17
1589249282.650309,173.194.151.108,10.10.0.10,,,443,41505,0,1358,17
1589249282.659614,173.194.151.108,10.10.0.10,,,443,41505,0,1358,17
1589249282.6616292,10.10.0.10,173.194.151.108,,,41505,443,0,37,17
1589249282.6688828,173.194.151.108,10.10.0.10,,,443,41505,0,1358,17
1589249282.678169,173.194.151.108,10.10.0.10,,,443,41505,0,1358,17
1589249282.679989,10.10.0.10,173.194.151.108,,,41505,443,0,37,17
1589249282.6874619,173.194.151.108,10.10.0.10,,,443,41505,0,1358,17
1589249282.6967466,173.194.151.108,10.10.0.10,,,443,41505,0,1358,17
1589249282.698632,10.10.0.10,173.194.151.108,,,41505,443,0,37,17
1589249282.706047,173.194.151.108,10.10.0.10,,,443,41505,0,1358,17
1589249282.7153242,173.194.151.108,10.10.0.10,,,443,41505,0,1358,17
1589249282.7171302,10.10.0.10,173.194.151.108,,,41505,443,0,37,17
1589249282.724615,173.194.151.108,10.10.0.10,,,443,41505,0,1358,17
1589249282.7339196,173.194.151.108,10.10.0.10,,,443,41505,0,1358,17
1589249282.737128,10.10.0.10,173.194.151.108,,,41505,443,0,37,17
1589249282.743189,173.194.151.108,10.10.0.10,,,443,41505,0,1358,17
1589249282.7524748,173.194.151.108,10.10.0.10,,,443,41505,0,1358,17
1589249282.7542439,10.10.0.10,173.194.151.108,,,41505,443,0,37,17
1589249282.761761,173.194.151.108,10.10.0.10,,,443,41505,0,1358,17
1589249282.771047,173.194.151.108,10.10.0.10,,,443,41505,0,1358,17
1589249282.7726269,10.10.0.10,173.194.151.108,,,41505,443,0,37,17
1589249282.780335,173.194.151.108,10.10.0.10,,,443,41505,0,1358,17
1589249282.7896268,173.194.151.108,10.10.0.10,,,443,41505,0,1358,17
1589249282.79209,10.10.0.10,173.194.151.108,,,41505,443,0,37,17
1589249282.798914,173.194.151.108,10.10.0.10,,,443,41505,0,1358,17
1589249282.808198,173.194.151.108,10.10.0.10,,,443,41505,0,1358,17
1589249282.810023,10.10.0.10,173.194.151.108,,,41505,443,0,37,17
1589249282.81749,173.194.151.108,10.10.0.10,,,443,41505,0,1358,17
1589249282.8267732,173.194.151.108,10.10.0.10,,,443,41505,0,1358,17
1589249282.8283432,10.10.0.10,173.194.151.108,,,41505,443,0,37,17
1589249282.8360622,173.194.151.108,10.10.0.10,,,443,41505,0,1358,17
1589249282.8453548,173.194.151.108,10.10.0.10,,,443,41505,0,1358,17
1589249282.848247,10.10.0.10,173.194.151.108,,,41505,443,0,37,17
1589249282.854641,173.194.151.108,10.10.0.10,,,443,41505,0,1358,17
1589249282.863934,173.194.151.108,10.10.0.10,,,443,41505,0,1358,17
1589249282.865492,10.10.0.10,173.194.151.108,,,41505,443,0,37,17
1589249282.8732288,173.194.151.108,10.10.0.10,,,443,41505,0,1358,17
1589249282.8825052,173.194.151.108,10.10.0.10,,,443,41505,0,1358,17
1589249282.8841224,10.10.0.10,173.194.151.108,,,41505,443,0,37,17
1589249282.891799,173.194.151.108,10.10.0.10,,,443,41505,0,1358,17
1589249282.9010842,173.194.151.108,10.10.0.10,,,443,41505,0,1358,17
1589249282.902872,10.10.0.10,173.194.151.108,,,41505,443,0,37,17
1589249282.910367,173.194.151.108,10.10.0.10,,,443,41505,0,1358,17
1589249282.9196675,173.194.151.108,10.10.0.10,,,443,41505,0,1358,17
1589249282.9212446,10.10.0.10,173.194.151.108,,,41505,443,0,37,17
1589249282.9289439,173.194.151.108,10.10.0.10,,,443,41505,0,1358,17
1589249282.938231,173.194.151.108,10.10.0.10,,,443,41505,0,1358,17
1589249282.939889,10.10.0.10,173.194.151.108,,,41505,443,0,37,17
1589249282.947537,173.194.151.108,10.10.0.10,,,443,41505,0,1358,17
1589249282.956808,173.194.151.108,10.10.0.10,,,443,41505,0,1358,17
1589249282.958873,10.10.0.10,173.194.151.108,,,41505,443,0,50,17
1589249282.96609,173.194.151.108,10.10.0.10,,,443,41505,0,1358,17
1589249282.9750042,173.194.151.108,10.10.0.10,,,443,41505,0,1358,17
1589249282.977495,10.10.0.10,173.194.151.108,,,41505,443,0,37,17
1589249282.983916,173.194.151.108,10.10.0.10,,,443,41505,0,1358,17
1589249282.9928231,173.194.151.108,10.10.0.10,,,443,41505,0,1358,17
1589249282.995267,10.10.0.10,173.194.151.108,,,41505,443,0,37,17
1589249283.00173,173.194.151.108,10.10.0.10,,,443,41505,0,1358,17
1589249283.0106616,173.194.151.108,10.10.0.10,,,443,41505,0,29,17
1589249283.011034,173.194.151.108,10.10.0.10,,,443,41505,0,1358,17
1589249283.01339,10.10.0.10,173.194.151.108,,,41505,443,0,37,17
1589249283.0199509,173.194.151.108,10.10.0.10,,,443,41505,0,1358,17
1589249283.028874,173.194.151.108,10.10.0.10,,,443,41505,0,1358,17
1589249283.0312614,10.10.0.10,173.194.151.108,,,41505,443,0,37,17
1589249283.037787,173.194.151.108,10.10.0.10,,,443,41505,0,1358,17
1589249283.046668,173.194.151.108,10.10.0.10,,,443,41505,0,1358,17
1589249283.0487628,10.10.0.10,173.194.151.108,,,41505,443,0,37,17
1589249283.055599,173.194.151.108,10.10.0.10,,,443,41505,0,1358,17
1589249283.0644946,173.194.151.108,10.10.0.10,,,443,41505,0,1358,17
1589249283.066136,10.10.0.10,173.194.151.108,,,41505,443,0,37,17
1589249283.073414,173.194.151.108,10.10.0.10,,,443,41505,0,1358,17
1589249283.0823119,173.194.151.108,10.10.0.10,,,443,41505,0,1358,17
1589249283.08414,10.10.0.10,173.194.151.108,,,41505,443,0,37,17
1589249283.091223,173.194.151.108,10.10.0.10,,,443,41505,0,1358,17
1589249283.1001318,173.194.151.108,10.10.0.10,,,443,41505,0,1358,17
1589249283.101867,10.10.0.10,173.194.151.108,,,41505,443,0,37,17
1589249283.109042,173.194.151.108,10.10.0.10,,,443,41505,0,1358,17
1589249283.1179464,173.194.151.108,10.10.0.10,,,443,41505,0,1358,17
1589249283.1194901,10.10.0.10,173.194.151.108,,,41505,443,0,37,17
1589249283.126856,173.194.151.108,10.10.0.10,,,443,41505,0,1358,17
1589249283.135784,173.194.151.108,10.10.0.10,,,443,41505,0,1358,17
1589249283.1372561,10.10.0.10,173.194.151.108,,,41505,443,0,37,17
1589249283.1446748,173.194.151.108,10.10.0.10,,,443,41505,0,1358,17
1589249283.153595,173.194.151.108,10.10.0.10,,,443,41505,0,1358,17
1589249283.155261,10.10.0.10,173.194.151.108,,,41505,443,0,37,17
1589249283.1624908,173.194.151.108,10.10.0.10,,,443,41505,0,1358,17
1589249283.1714108,173.194.151.108,10.10.0.10,,,443,41505,0,1358,17
1589249283.1729796,10.10.0.10,173.194.151.108,,,41505,443,0,37,17
1589249283.18031,173.194.151.108,10.10.0.10,,,443,41505,0,1358,17
1589249283.189226,173.194.151.108,10.10.0.10,,,443,41505,0,1358,17
1589249283.19101,10.10.0.10,173.194.151.108,,,41505,443,0,37,17
1589249283.198127,173.194.151.108,10.10.0.10,,,443,41505,0,1358,17
1589249283.2070382,173.194.151.108,10.10.0.10,,,443,41505,0,1358,17
1589249283.2088828,10.10.0.10,173.194.151.108,,,41505,443,0,37,17
1589249283.2159472,173.194.151.108,10.10.0.10,,,443,41505,0,1358,17
1589249283.2248578,173.194.151.108,10.10.0.10,,,443,41505,0,1358,17
1589249283.226487,10.10.0.10,173.194.151.108,,,41505,443,0,37,17
1589249283.233781,173.194.151.108,10.10.0.10,,,443,41505,0,1358,17
1589249283.2426698,173.194.151.108,10.10.0.10,,,443,41505,0,1358,17
1589249283.2445061,10.10.0.10,173.194.151.108,,,41505,443,0,37,17
1589249283.2515938,173.194.151.108,10.10.0.10,,,443,41505,0,1358,17
1589249283.2604866,173.194.151.108,10.10.0.10,,,443,41505,0,1358,17
1589249283.2621136,10.10.0.10,173.194.151.108,,,41505,443,0,37,17
1589249283.269408,173.194.151.108,10.10.0.10,,,443,41505,0,1358,17
1589249283.278306,173.194.151.108,10.10.0.10,,,443,41505,0,1358,17
1589249283.2809901,10.10.0.10,173.194.151.108,,,41505,443,0,37,17
1589249283.287217,173.194.151.108,10.10.0.10,,,443,41505,0,1358,17
1589249283.296118,173.194.151.108,10.10.0.10,,,443,41505,0,1358,17
1589249283.297734,10.10.0.10,173.194.151.108,,,41505,443,0,37,17
1589249283.305033,173.194.151.108,10.10.0.10,,,443,41505,0,1358,17
1589249283.3139422,173.194.151.108,10.10.0.10,,,443,41505,0,1358,17
1589249283.315734,10.10.0.10,173.194.151.108,,,41505,443,0,50,17
1589249283.3228528,173.194.151.108,10.10.0.10,,,443,41505,0,1358,17
1589249283.3317778,173.194.151.108,10.10.0.10,,,443,41505,0,1358,17
1589249283.333503,10.10.0.10,173.194.151.108,,,41505,443,0,37,17
1589249283.340672,173.194.151.108,10.10.0.10,,,443,41505,0,1358,17
1589249283.34959,173.194.151.108,10.10.0.10,,,443,41505,0,1358,17
1589249283.351378,10.10.0.10,173.194.151.108,,,41505,443,0,37,17
1589249283.3584852,173.194.151.108,10.10.0.10,,,443,41505,0,29,17
1589249283.358902,173.194.151.108,10.10.0.10,,,443,41505,0,1358,17
1589249283.3677962,173.194.151.108,10.10.0.10,,,443,41505,0,1358,17
1589249283.3694804,10.10.0.10,173.194.151.108,,,41505,443,0,37,17
1589249283.376716,173.194.151.108,10.10.0.10,,,443,41505,0,1358,17
1589249283.385615,173.194.151.108,10.10.0.10,,,443,41505,0,1358,17
1589249283.387232,10.10.0.10,173.194.151.108,,,41505,443,0,37,17
1589249283.3945286,173.194.151.108,10.10.0.10,,,443,41505,0,1358,17
1589249283.4034321,173.194.151.108,10.10.0.10,,,443,41505,0,1358,17
1589249283.4050052,10.10.0.10,173.194.151.108,,,41505,443,0,37,17
1589249283.412342,173.194.151.108,10.10.0.10,,,443,41505,0,1358,17
1589249283.42125,173.194.151.108,10.10.0.10,,,443,41505,0,1358,17
1589249283.422729,10.10.0.10,173.194.151.108,,,41505,443,0,37,17
1589249283.43016,173.194.151.108,10.10.0.10,,,443,41505,0,1358,17
1589249283.439068,173.194.151.108,10.10.0.10,,,443,41505,0,1358,17
1589249283.4407349,10.10.0.10,173.194.151.108,,,41505,443,0,37,17
1589249283.4479704,173.194.151.108,10.10.0.10,,,443,41505,0,1358,17
1589249283.4569,173.194.151.108,10.10.0.10,,,443,41505,0,1358,17
1589249283.4584851,10.10.0.10,173.194.151.108,,,41505,443,0,37,17
1589249283.465799,173.194.151.108,10.10.0.10,,,443,41505,0,1358,17
1589249283.4747062,173.194.151.108,10.10.0.10,,,443,41505,0,1358,17
1589249283.4762292,10.10.0.10,173.194.151.108,,,41505,443,0,37,17
1589249283.483613,173.194.151.108,10.10.0.10,,,443,41505,0,1358,17
1589249283.492527,173.194.151.108,10.10.0.10,,,443,41505,0,1358,17
1589249283.4941301,10.10.0.10,173.194.151.108,,,41505,443,0,37,17
1589249283.501432,173.194.151.108,10.10.0.10,,,443,41505,0,1358,17
1589249283.5114062,173.194.151.108,10.10.0.10,,,443,41505,0,1358,17
1589249283.512855,10.10.0.10,173.194.151.108,,,41505,443,0,37,17
1589249283.5203366,173.194.151.108,10.10.0.10,,,443,41505,0,1358,17
1589249283.529232,173.194.151.108,10.10.0.10,,,443,41505,0,1358,17
1589249283.531873,10.10.0.10,173.194.151.108,,,41505,443,0,37,17
1589249283.538152,173.194.151.108,10.10.0.10,,,443,41505,0,1358,17
1589249283.547048,173.194.151.108,10.10.0.10,,,443,41505,0,1358,17
1589249283.548727,10.10.0.10,173.194.151.108,,,41505,443,0,37,17
1589249283.555957,173.194.151.108,10.10.0.10,,,443,41505,0,1358,17
1589249283.5648668,173.194.151.108,10.10.0.10,,,443,41505,0,1358,17
1589249283.566604,10.10.0.10,173.194.151.108,,,41505,443,0,37,17
1589249283.573776,173.194.151.108,10.10.0.10,,,443,41505,0,1358,17
1589249283.5826821,173.194.151.108,10.10.0.10,,,443,41505,0,1358,17
1589249283.5843706,10.10.0.10,173.194.151.108,,,41505,443,0,37,17
1589249283.5915961,173.194.151.108,10.10.0.10,,,443,41505,0,1358,17
1589249283.600519,173.194.151.108,10.10.0.10,,,443,41505,0,1358,17
1589249283.602349,10.10.0.10,173.194.151.108,,,41505,443,0,37,17
1589249283.6094089,173.194.151.108,10.10.0.10,,,443,41505,0,1358,17
1589249283.618333,173.194.151.108,10.10.0.10,,,443,41505,0,1358,17
1589249283.6201189,10.10.0.10,173.194.151.108,,,41505,443,0,37,17
1589249283.627223,173.194.151.108,10.10.0.10,,,443,41505,0,1358,17
1589249283.6361332,173.194.151.108,10.10.0.10,,,443,41505,0,1358,17
1589249283.6388762,10.10.0.10,173.194.151.108,,,41505,443,0,37,17
1589249283.645058,173.194.151.108,10.10.0.10,,,443,41505,0,1358,17
1589249283.6539464,173.194.151.108,10.10.0.10,,,443,41505,0,1358,17
1589249283.655564,10.10.0.10,173.194.151.108,,,41505,443,0,37,17
1589249283.662858,173.194.151.108,10.10.0.10,,,443,41505,0,1358,17
1589249283.671766,173.194.151.108,10.10.0.10,,,443,41505,0,1358,17
1589249283.6743238,10.10.0.10,173.194.151.108,,,41505,443,0,50,17
1589249283.680678,173.194.151.108,10.10.0.10,,,443,41505,0,1358,17
1589249283.689586,173.194.151.108,10.10.0.10,,,443,41505,0,1358,17
1589249283.6920972,10.10.0.10,173.194.151.108,,,41505,443,0,37,17
1589249283.6984944,173.194.151.108,10.10.0.10,,,443,41505,0,1358,17
1589249283.7074099,173.194.151.108,10.10.0.10,,,443,41505,0,1358,17
1589249283.7163162,173.194.151.108,10.10.0.10,,,443,41505,0,29,17
1589249283.716711,173.194.151.108,10.10.0.10,,,443,41505,0,1358,17
1589249283.725628,173.194.151.108,10.10.0.10,,,443,41505,0,1358,17
1589249283.7276876,10.10.0.10,173.194.151.108,,,41505,443,0,37,17
1589249283.730474,10.10.0.10,173.194.151.108,,,41505,443,0,37,17
1589249283.734536,173.194.151.108,10.10.0.10,,,443,41505,0,1358,17
1589249283.7434409,173.194.151.108,10.10.0.10,,,443,41505,0,1358,17
1589249283.7449722,10.10.0.10,173.194.151.108,,,41505,443,0,37,17
1589249283.75235,173.194.151.108,10.10.0.10,,,443,41505,0,1358,17
1589249283.761272,173.194.151.108,10.10.0.10,,,443,41505,0,1358,17
1589249283.762868,10.10.0.10,173.194.151.108,,,41505,443,0,37,17
1589249283.770176,173.194.151.108,10.10.0.10,,,443,41505,0,1358,17
1589249283.7790852,173.194.151.108,10.10.0.10,,,443,41505,0,1358,17
1589249283.7809892,10.10.0.10,173.194.151.108,,,41505,443,0,37,17
1589249283.7879848,173.194.151.108,10.10.0.10,,,443,41505,0,1358,17
1589249283.7968972,173.194.151.108,10.10.0.10,,,443,41505,0,1358,17
1589249283.798307,10.10.0.10,173.194.151.108,,,41505,443,0,37,17
1589249283.805801,173.194.151.108,10.10.0.10,,,443,41505,0,1358,17
1589249283.8147151,173.194.151.108,10.10.0.10,,,443,41505,0,1358,17
1589249283.817344,10.10.0.10,173.194.151.108,,,41505,443,0,37,17
1589249283.823617,173.194.151.108,10.10.0.10,,,443,41505,0,1358,17
1589249283.8325279,173.194.151.108,10.10.0.10,,,443,41505,0,1358,17
1589249283.834091,10.10.0.10,173.194.151.108,,,41505,443,0,37,17
1589249283.841438,173.194.151.108,10.10.0.10,,,443,41505,0,1358,17
1589249283.850345,173.194.151.108,10.10.0.10,,,443,41505,0,1358,17
1589249283.852082,10.10.0.10,173.194.151.108,,,41505,443,0,37,17
1589249283.8592658,173.194.151.108,10.10.0.10,,,443,41505,0,1358,17
1589249283.8681624,173.194.151.108,10.10.0.10,,,443,41505,0,1358,17
1589249283.8696132,10.10.0.10,173.194.151.108,,,41505,443,0,37,17
1589249283.8770778,173.194.151.108,10.10.0.10,,,443,41505,0,1358,17
1589249283.885984,173.194.151.108,10.10.0.10,,,443,41505,0,1358,17
1589249283.887611,10.10.0.10,173.194.151.108,,,41505,443,0,37,17
1589249283.894896,173.194.151.108,10.10.0.10,,,443,41505,0,1358,17
1589249283.9038038,173.194.151.108,10.10.0.10,,,443,41505,0,1358,17
1589249283.9054868,10.10.0.10,173.194.151.108,,,41505,443,0,37,17
1589249283.912713,173.194.151.108,10.10.0.10,,,443,41505,0,1358,17
1589249283.9216359,173.194.151.108,10.10.0.10,,,443,41505,0,1358,17
1589249283.923234,10.10.0.10,173.194.151.108,,,41505,443,0,37,17
1589249283.9305394,173.194.151.108,10.10.0.10,,,443,41505,0,1358,17
1589249283.939448,173.194.151.108,10.10.0.10,,,443,41505,0,1358,17
1589249283.9409652,10.10.0.10,173.194.151.108,,,41505,443,0,37,17
1589249283.9483502,173.194.151.108,10.10.0.10,,,443,41505,0,1358,17
1589249283.957263,173.194.151.108,10.10.0.10,,,443,41505,0,1358,17
1589249283.9588606,10.10.0.10,173.194.151.108,,,41505,443,0,37,17
1589249283.966165,173.194.151.108,10.10.0.10,,,443,41505,0,1358,17
1589249283.9750721,173.194.151.108,10.10.0.10,,,443,41505,0,1358,17
1589249283.97686,10.10.0.10,173.194.151.108,,,41505,443,0,37,17
1589249283.983978,173.194.151.108,10.10.0.10,,,443,41505,0,1358,17
1589249283.9928946,173.194.151.108,10.10.0.10,,,443,41505,0,1358,17
1589249283.9949539,10.10.0.10,173.194.151.108,,,41505,443,0,37,17
1589249284.0018,173.194.151.108,10.10.0.10,,,443,41505,0,1358,17
1589249284.010709,173.194.151.108,10.10.0.10,,,443,41505,0,1358,17
1589249284.0125868,10.10.0.10,173.194.151.108,,,41505,443,0,37,17
1589249284.019633,173.194.151.108,10.10.0.10,,,443,41505,0,1358,17
1589249284.028526,173.194.151.108,10.10.0.10,,,443,41505,0,1358,17
1589249284.030362,10.10.0.10,173.194.151.108,,,41505,443,0,50,17
1589249284.037446,173.194.151.108,10.10.0.10,,,443,41505,0,1358,17
1589249284.046344,173.194.151.108,10.10.0.10,,,443,41505,0,1358,17
1589249284.0480876,10.10.0.10,173.194.151.108,,,41505,443,0,37,17
1589249284.0552602,173.194.151.108,10.10.0.10,,,443,41505,0,1358,17
1589249284.064162,173.194.151.108,10.10.0.10,,,443,41505,0,1358,17
1589249284.0657132,10.10.0.10,173.194.151.108,,,41505,443,0,37,17
1589249284.073067,173.194.151.108,10.10.0.10,,,443,41505,0,29,17
1589249284.073472,173.194.151.108,10.10.0.10,,,443,41505,0,1358,17
1589249284.0823832,173.194.151.108,10.10.0.10,,,443,41505,0,1358,17
1589249284.085234,10.10.0.10,173.194.151.108,,,41505,443,0,37,17
1589249284.09129,173.194.151.108,10.10.0.10,,,443,41505,0,1358,17
1589249284.100195,173.194.151.108,10.10.0.10,,,443,41505,0,1358,17
1589249284.101855,10.10.0.10,173.194.151.108,,,41505,443,0,37,17
1589249284.1091075,173.194.151.108,10.10.0.10,,,443,41505,0,1358,17
1589249284.118017,173.194.151.108,10.10.0.10,,,443,41505,0,1358,17
1589249284.119859,10.10.0.10,173.194.151.108,,,41505,443,0,37,17
1589249284.1269262,173.194.151.108,10.10.0.10,,,443,41505,0,1358,17
1589249284.135838,173.194.151.108,10.10.0.10,,,443,41505,0,1358,17
1589249284.1374788,10.10.0.10,173.194.151.108,,,41505,443,0,37,17
1589249284.1447554,173.194.151.108,10.10.0.10,,,443,41505,0,1358,17
1589249284.153652,173.194.151.108,10.10.0.10,,,443,41505,0,1358,17
1589249284.155354,10.10.0.10,173.194.151.108,,,41505,443,0,37,17
1589249284.1625671,173.194.151.108,10.10.0.10,,,443,41505,0,1358,17
1589249284.171472,173.194.151.108,10.10.0.10,,,443,41505,0,1358,17
1589249284.1732142,10.10.0.10,173.194.151.108,,,41505,443,0,37,17
1589249284.180381,173.194.151.108,10.10.0.10,,,443,41505,0,1358,17
1589249284.1892884,173.194.151.108,10.10.0.10,,,443,41505,0,1358,17
1589249284.190958,10.10.0.10,173.194.151.108,,,41505,443,0,37,17
1589249284.1981974,173.194.151.108,10.10.0.10,,,443,41505,0,1358,17
1589249284.2071269,173.194.151.108,10.10.0.10,,,443,41505,0,1358,17
1589249284.2087276,10.10.0.10,173.194.151.108,,,41505,443,0,37,17
1589249284.216018,173.194.151.108,10.10.0.10,,,443,41505,0,1358,17
1589249284.224937,173.194.151.108,10.10.0.10,,,443,41505,0,1358,17
1589249284.226852,10.10.0.10,173.194.151.108,,,41505,443,0,37,17
1589249284.2338312,173.194.151.108,10.10.0.10,,,443,41505,0,1358,17
1589249284.242753,173.194.151.108,10.10.0.10,,,443,41505,0,1358,17
1589249284.2447078,10.10.0.10,173.194.151.108,,,41505,443,0,37,17
1589249284.2516491,173.194.151.108,10.10.0.10,,,443,41505,0,1358,17
1589249284.260564,173.194.151.108,10.10.0.10,,,443,41505,0,1358,17
1589249284.262218,10.10.0.10,173.194.151.108,,,41505,443,0,37,17
1589249284.269469,173.194.151.108,10.10.0.10,,,443,41505,0,1358,17
1589249284.278378,173.194.151.108,10.10.0.10,,,443,41505,0,1358,17
1589249284.280086,10.10.0.10,173.194.151.108,,,41505,443,0,37,17
1589249284.287284,173.194.151.108,10.10.0.10,,,443,41505,0,1358,17
1589249284.2961948,173.194.151.108,10.10.0.10,,,443,41505,0,1358,17
1589249284.2977052,10.10.0.10,173.194.151.108,,,41505,443,0,37,17
1589249284.3051012,173.194.151.108,10.10.0.10,,,443,41505,0,1358,17
1589249284.3140152,173.194.151.108,10.10.0.10,,,443,41505,0,1358,17
1589249284.315599,10.10.0.10,173.194.151.108,,,41505,443,0,37,17
1589249284.3229349,173.194.151.108,10.10.0.10,,,443,41505,0,1358,17
1589249284.331831,173.194.151.108,10.10.0.10,,,443,41505,0,1358,17
1589249284.333461,10.10.0.10,173.194.151.108,,,41505,443,0,37,17
1589249284.340752,173.194.151.108,10.10.0.10,,,443,41505,0,1358,17
1589249284.349646,173.194.151.108,10.10.0.10,,,443,41505,0,1358,17
1589249284.351434,10.10.0.10,173.194.151.108,,,41505,443,0,37,17
1589249284.358562,173.194.151.108,10.10.0.10,,,443,41505,0,1358,17
1589249284.367467,173.194.151.108,10.10.0.10,,,443,41505,0,1358,17
1589249284.3692038,10.10.0.10,173.194.151.108,,,41505,443,0,37,17
1589249284.376369,173.194.151.108,10.10.0.10,,,443,41505,0,1358,17
1589249284.3852818,173.194.151.108,10.10.0.10,,,443,41505,0,1358,17
1589249284.3869548,10.10.0.10,173.194.151.108,,,41505,443,0,50,17
1589249284.394191,173.194.151.108,10.10.0.10,,,443,41505,0,1358,17
1589249284.4031231,173.194.151.108,10.10.0.10,,,443,41505,0,1358,17
1589249284.4050946,10.10.0.10,173.194.151.108,,,41505,443,0,37,17
1589249284.41201,173.194.151.108,10.10.0.10,,,443,41505,0,1358,17
1589249284.420919,173.194.151.108,10.10.0.10,,,443,41505,0,1358,17
1589249284.4225788,10.10.0.10,173.194.151.108,,,41505,443,0,37,17
1589249284.4298296,173.194.151.108,10.10.0.10,,,443,41505,0,1358,17
1589249284.43875,173.194.151.108,10.10.0.10,,,443,41505,0,1358,17
1589249284.4404721,10.10.0.10,173.194.151.108,,,41505,443,0,37,17
1589249284.4476461,173.194.151.108,10.10.0.10,,,443,41505,0,1358,17
1589249284.4565609,173.194.151.108,10.10.0.10,,,443,41505,0,1358,17
1589249284.4580922,10.10.0.10,173.194.151.108,,,41505,443,0,37,17
1589249284.465462,173.194.151.108,10.10.0.10,,,443,41505,0,1358,17
1589249284.474364,173.194.151.108,10.10.0.10,,,443,41505,0,1358,17
1589249284.475817,10.10.0.10,173.194.151.108,,,41505,443,0,37,17
1589249284.483274,173.194.151.108,10.10.0.10,,,443,41505,0,1358,17
1589249284.492191,173.194.151.108,10.10.0.10,,,443,41505,0,1358,17
1589249284.494824,10.10.0.10,173.194.151.108,,,41505,443,0,37,17
1589249284.5011172,173.194.151.108,10.10.0.10,,,443,41505,0,1358,17
1589249284.510002,173.194.151.108,10.10.0.10,,,443,41505,0,1358,17
1589249284.512219,10.10.0.10,173.194.151.108,,,41505,443,0,37,17
1589249284.518933,173.194.151.108,10.10.0.10,,,443,41505,0,1358,17
1589249284.527824,173.194.151.108,10.10.0.10,,,443,41505,0,1358,17
1589249284.52945,10.10.0.10,173.194.151.108,,,41505,443,0,37,17
1589249284.53675,173.194.151.108,10.10.0.10,,,443,41505,0,1358,17
1589249284.545641,173.194.151.108,10.10.0.10,,,443,41505,0,1358,17
1589249284.547447,10.10.0.10,173.194.151.108,,,41505,443,0,37,17
1589249284.5545561,173.194.151.108,10.10.0.10,,,443,41505,0,1358,17
1589249284.563458,173.194.151.108,10.10.0.10,,,443,41505,0,1358,17
1589249284.565217,10.10.0.10,173.194.151.108,,,41505,443,0,37,17
1589249284.5723698,173.194.151.108,10.10.0.10,,,443,41505,0,1358,17
1589249284.5812778,173.194.151.108,10.10.0.10,,,443,41505,0,1358,17
1589249284.583716,10.10.0.10,173.194.151.108,,,41505,443,0,37,17
1589249284.5901885,173.194.151.108,10.10.0.10,,,443,41505,0,1358,17
1589249284.5991151,173.194.151.108,10.10.0.10,,,443,41505,0,1358,17
1589249284.601218,10.10.0.10,173.194.151.108,,,41505,443,0,37,17
1589249284.6080039,173.194.151.108,10.10.0.10,,,443,41505,0,1358,17
1589249284.6169276,173.194.151.108,10.10.0.10,,,443,41505,0,1358,17
1589249284.618841,10.10.0.10,173.194.151.108,,,41505,443,0,37,17
1589249284.6258204,173.194.151.108,10.10.0.10,,,443,41505,0,1358,17
1589249284.634726,173.194.151.108,10.10.0.10,,,443,41505,0,1358,17
1589249284.6366699,10.10.0.10,173.194.151.108,,,41505,443,0,37,17
1589249284.6436374,173.194.151.108,10.10.0.10,,,443,41505,0,1358,17
1589249284.6525528,173.194.151.108,10.10.0.10,,,443,41505,0,1358,17
1589249284.654168,10.10.0.10,173.194.151.108,,,41505,443,0,37,17
1589249284.6614509,173.194.151.108,10.10.0.10,,,443,41505,0,1358,17
1589249284.670365,173.194.151.108,10.10.0.10,,,443,41505,0,1358,17
1589249284.672052,10.10.0.10,173.194.151.108,,,41505,443,0,37,17
1589249284.679267,173.194.151.108,10.10.0.10,,,443,41505,0,1358,17
1589249284.688176,173.194.151.108,10.10.0.10,,,443,41505,0,1358,17
1589249284.689713,10.10.0.10,173.194.151.108,,,41505,443,0,37,17
1589249284.697088,173.194.151.108,10.10.0.10,,,443,41505,0,1358,17
1589249284.7059991,173.194.151.108,10.10.0.10,,,443,41505,0,1358,17
1589249284.7077134,10.10.0.10,173.194.151.108,,,41505,443,0,37,17
1589249284.7149081,173.194.151.108,10.10.0.10,,,443,41505,0,1358,17
1589249284.723813,173.194.151.108,10.10.0.10,,,443,41505,0,1358,17
1589249284.7259068,10.10.0.10,173.194.151.108,,,41505,443,0,37,17
1589249284.732723,173.194.151.108,10.10.0.10,,,443,41505,0,1358,17
1589249284.741624,173.194.151.108,10.10.0.10,,,443,41505,0,1358,17
1589249284.7435222,10.10.0.10,173.194.151.108,,,41505,443,0,50,17
1589249284.750549,173.194.151.108,10.10.0.10,,,443,41505,0,1358,17
1589249284.759451,173.194.151.108,10.10.0.10,,,443,41505,0,1358,17
1589249284.761214,10.10.0.10,173.194.151.108,,,41505,443,0,37,17
1589249284.768357,173.194.151.108,10.10.0.10,,,443,41505,0,1358,17
1589249284.777268,173.194.151.108,10.10.0.10,,,443,41505,0,1358,17
1589249284.778906,10.10.0.10,173.194.151.108,,,41505,443,0,37,17
1589249284.786175,173.194.151.108,10.10.0.10,,,443,41505,0,1358,17
1589249284.795082,173.194.151.108,10.10.0.10,,,443,41505,0,29,17
1589249284.795482,173.194.151.108,10.10.0.10,,,443,41505,0,1358,17
1589249284.797319,10.10.0.10,173.194.151.108,,,41505,443,0,37,17
1589249284.804408,173.194.151.108,10.10.0.10,,,443,41505,0,1358,17
1589249284.8133082,173.194.151.108,10.10.0.10,,,443,41505,0,1358,17
1589249284.81509,10.10.0.10,173.194.151.108,,,41505,443,0,37,17
1589249284.8222108,173.194.151.108,10.10.0.10,,,443,41505,0,1358,17
1589249284.83112,173.194.151.108,10.10.0.10,,,443,41505,0,1358,17
1589249284.83317,10.10.0.10,173.194.151.108,,,41505,443,0,37,17
1589249284.8400269,173.194.151.108,10.10.0.10,,,443,41505,0,1358,17
1589249284.848942,173.194.151.108,10.10.0.10,,,443,41505,0,1358,17
1589249284.8507092,10.10.0.10,173.194.151.108,,,41505,443,0,37,17
1589249284.8578491,173.194.151.108,10.10.0.10,,,443,41505,0,1358,17
1589249284.8667555,173.194.151.108,10.10.0.10,,,443,41505,0,1358,17
1589249284.868419,10.10.0.10,173.194.151.108,,,41505,443,0,37,17
1589249284.875664,173.194.151.108,10.10.0.10,,,443,41505,0,1358,17
1589249284.8845801,173.194.151.108,10.10.0.10,,,443,41505,0,1358,17
1589249284.886294,10.10.0.10,173.194.151.108,,,41505,443,0,37,17
1589249284.8934908,173.194.151.108,10.10.0.10,,,443,41505,0,1358,17
1589249284.9023948,173.194.151.108,10.10.0.10,,,443,41505,0,1358,17
1589249284.9044616,10.10.0.10,173.194.151.108,,,41505,443,0,37,17
1589249284.9113052,173.194.151.108,10.10.0.10,,,443,41505,0,1358,17
1589249284.92021,173.194.151.108,10.10.0.10,,,443,41505,0,1358,17
1589249284.921937,10.10.0.10,173.194.151.108,,,41505,443,0,37,17
1589249284.9291232,173.194.151.108,10.10.0.10,,,443,41505,0,1358,17
1589249284.938045,173.194.151.108,10.10.0.10,,,443,41505,0,1358,17
1589249284.9403162,10.10.0.10,173.194.151.108,,,41505,443,0,37,17
1589249284.9469402,173.194.151.108,10.10.0.10,,,443,41505,0,1358,17
1589249284.955858,173.194.151.108,10.10.0.10,,,443,41505,0,1358,17
1589249284.957314,10.10.0.10,173.194.151.108,,,41505,443,0,37,17
1589249284.964752,173.194.151.108,10.10.0.10,,,443,41505,0,1358,17
1589249284.973669,173.194.151.108,10.10.0.10,,,443,41505,0,1358,17
1589249284.975282,10.10.0.10,173.194.151.108,,,41505,443,0,37,17
1589249284.982575,173.194.151.108,10.10.0.10,,,443,41505,0,1358,17
1589249284.99148,173.194.151.108,10.10.0.10,,,443,41505,0,1358,17
1589249285.000387,173.194.151.108,10.10.0.10,,,443,41505,0,1358,17
1589249285.0092998,173.194.151.108,10.10.0.10,,,443,41505,0,1358,17
1589249285.0126884,10.10.0.10,173.194.151.108,,,41505,443,0,37,17
1589249285.0139544,10.10.0.10,173.194.151.108,,,41505,443,0,37,17
1589249285.018208,173.194.151.108,10.10.0.10,,,443,41505,0,1358,17
1589249285.027119,173.194.151.108,10.10.0.10,,,443,41505,0,1358,17
1589249285.028934,10.10.0.10,173.194.151.108,,,41505,443,0,37,17
1589249285.036032,173.194.151.108,10.10.0.10,,,443,41505,0,1358,17
1589249285.044935,173.194.151.108,10.10.0.10,,,443,41505,0,1358,17
1589249285.046558,10.10.0.10,173.194.151.108,,,41505,443,0,37,17
1589249285.0538568,173.194.151.108,10.10.0.10,,,443,41505,0,1358,17
1589249285.062753,173.194.151.108,10.10.0.10,,,443,41505,0,1358,17
1589249285.064457,10.10.0.10,173.194.151.108,,,41505,443,0,37,17
1589249285.071666,173.194.151.108,10.10.0.10,,,443,41505,0,1358,17
1589249285.0805712,173.194.151.108,10.10.0.10,,,443,41505,0,1358,17
1589249285.083558,10.10.0.10,173.194.151.108,,,41505,443,0,37,17
1589249285.0894804,173.194.151.108,10.10.0.10,,,443,41505,0,1358,17
1589249285.09839,173.194.151.108,10.10.0.10,,,443,41505,0,1358,17
1589249285.100586,10.10.0.10,173.194.151.108,,,41505,443,0,50,17
1589249285.1072981,173.194.151.108,10.10.0.10,,,443,41505,0,1358,17
1589249285.116226,173.194.151.108,10.10.0.10,,,443,41505,0,1358,17
1589249285.1179528,10.10.0.10,173.194.151.108,,,41505,443,0,37,17
1589249285.125118,173.194.151.108,10.10.0.10,,,443,41505,0,1358,17
1589249285.13404,173.194.151.108,10.10.0.10,,,443,41505,0,1358,17
1589249285.1358054,10.10.0.10,173.194.151.108,,,41505,443,0,37,17
1589249285.1429422,173.194.151.108,10.10.0.10,,,443,41505,0,1358,17
1589249285.1518538,173.194.151.108,10.10.0.10,,,443,41505,0,1358,17
1589249285.153435,10.10.0.10,173.194.151.108,,,41505,443,0,37,17
1589249285.160752,173.194.151.108,10.10.0.10,,,443,41505,0,1358,17
1589249285.1696641,173.194.151.108,10.10.0.10,,,443,41505,0,1358,17
1589249285.171422,10.10.0.10,173.194.151.108,,,41505,443,0,37,17
1589249285.17857,173.194.151.108,10.10.0.10,,,443,41505,0,1358,17
1589249285.1874769,173.194.151.108,10.10.0.10,,,443,41505,0,1358,17
1589249285.190929,10.10.0.10,173.194.151.108,,,41505,443,0,37,17
1589249285.1963859,173.194.151.108,10.10.0.10,,,443,41505,0,1358,17
1589249285.205296,173.194.151.108,10.10.0.10,,,443,41505,0,1358,17
1589249285.2069476,10.10.0.10,173.194.151.108,,,41505,443,0,37,17
1589249285.2142231,173.194.151.108,10.10.0.10,,,443,41505,0,1358,17
1589249285.2231276,173.194.151.108,10.10.0.10,,,443,41505,0,1358,17
1589249285.2246974,10.10.0.10,173.194.151.108,,,41505,443,0,37,17
1589249285.232019,173.194.151.108,10.10.0.10,,,443,41505,0,1358,17
1589249285.2409296,173.194.151.108,10.10.0.10,,,443,41505,0,1358,17
1589249285.242698,10.10.0.10,173.194.151.108,,,41505,443,0,37,17
1589249285.24984,173.194.151.108,10.10.0.10,,,443,41505,0,1358,17
1589249285.258748,173.194.151.108,10.10.0.10,,,443,41505,0,1358,17
1589249285.260296,10.10.0.10,173.194.151.108,,,41505,443,0,37,17
1589249285.26766,173.194.151.108,10.10.0.10,,,443,41505,0,1358,17
1589249285.276568,173.194.151.108,10.10.0.10,,,443,41505,0,1358,17
1589249285.2783241,10.10.0.10,173.194.151.108,,,41505,443,0,37,17
1589249285.2854748,173.194.151.108,10.10.0.10,,,443,41505,0,1358,17
1589249285.294383,173.194.151.108,10.10.0.10,,,443,41505,0,1358,17
1589249285.2963214,10.10.0.10,173.194.151.108,,,41505,443,0,37,17
1589249285.3032925,173.194.151.108,10.10.0.10,,,443,41505,0,1358,17
1589249285.312223,173.194.151.108,10.10.0.10,,,443,41505,0,1358,17
1589249285.3140712,10.10.0.10,173.194.151.108,,,41505,443,0,37,17
1589249285.321111,173.194.151.108,10.10.0.10,,,443,41505,0,1358,17
1589249285.330033,173.194.151.108,10.10.0.10,,,443,41505,0,1358,17
1589249285.332043,10.10.0.10,173.194.151.108,,,41505,443,0,37,17
1589249285.338926,173.194.151.108,10.10.0.10,,,443,41505,0,1358,17
1589249285.347847,173.194.151.108,10.10.0.10,,,443,41505,0,1358,17
1589249285.3494241,10.10.0.10,173.194.151.108,,,41505,443,0,37,17
1589249285.356745,173.194.151.108,10.10.0.10,,,443,41505,0,1358,17
1589249285.3656569,173.194.151.108,10.10.0.10,,,443,41505,0,1358,17
1589249285.3673189,10.10.0.10,173.194.151.108,,,41505,443,0,37,17
1589249285.3745642,173.194.151.108,10.10.0.10,,,443,41505,0,1358,17
1589249285.3834748,173.194.151.108,10.10.0.10,,,443,41505,0,1358,17
1589249285.385549,10.10.0.10,173.194.151.108,,,41505,443,0,37,17
1589249285.3923802,173.194.151.108,10.10.0.10,,,443,41505,0,1358,17
1589249285.401288,173.194.151.108,10.10.0.10,,,443,41505,0,1358,17
1589249285.4029431,10.10.0.10,173.194.151.108,,,41505,443,0,37,17
1589249285.410216,173.194.151.108,10.10.0.10,,,443,41505,0,1358,17
1589249285.419106,173.194.151.108,10.10.0.10,,,443,41505,0,1358,17
1589249285.421046,10.10.0.10,173.194.151.108,,,41505,443,0,37,17
1589249285.4280198,173.194.151.108,10.10.0.10,,,443,41505,0,1358,17
1589249285.4369252,173.194.151.108,10.10.0.10,,,443,41505,0,1358,17
1589249285.4388,10.10.0.10,173.194.151.108,,,41505,443,0,37,17
1589249285.445844,173.194.151.108,10.10.0.10,,,443,41505,0,1358,17
1589249285.4547448,173.194.151.108,10.10.0.10,,,443,41505,0,1358,17
1589249285.456423,10.10.0.10,173.194.151.108,,,41505,443,0,50,17
1589249285.463655,173.194.151.108,10.10.0.10,,,443,41505,0,1358,17
1589249285.4725618,173.194.151.108,10.10.0.10,,,443,41505,0,1358,17
1589249285.474443,10.10.0.10,173.194.151.108,,,41505,443,0,37,17
1589249285.4814696,173.194.151.108,10.10.0.10,,,443,41505,0,1358,17
1589249285.490375,173.194.151.108,10.10.0.10,,,443,41505,0,1358,17
1589249285.492051,10.10.0.10,173.194.151.108,,,41505,443,0,37,17
1589249285.4992852,173.194.151.108,10.10.0.10,,,443,41505,0,29,17
1589249285.499687,173.194.151.108,10.10.0.10,,,443,41505,0,1358,17
1589249285.508599,173.194.151.108,10.10.0.10,,,443,41505,0,1358,17
1589249285.510256,10.10.0.10,173.194.151.108,,,41505,443,0,37,17
1589249285.5175052,173.194.151.108,10.10.0.10,,,443,41505,0,1358,17
1589249285.526415,173.194.151.108,10.10.0.10,,,443,41505,0,1358,17
1589249285.528192,10.10.0.10,173.194.151.108,,,41505,443,0,37,17
1589249285.53534,173.194.151.108,10.10.0.10,,,443,41505,0,1358,17
1589249285.544234,173.194.151.108,10.10.0.10,,,443,41505,0,1358,17
1589249285.548413,10.10.0.10,173.194.151.108,,,41505,443,0,37,17
1589249285.55314,173.194.151.108,10.10.0.10,,,443,41505,0,1358,17
1589249285.5620446,173.194.151.108,10.10.0.10,,,443,41505,0,1358,17
1589249285.563794,10.10.0.10,173.194.151.108,,,41505,443,0,37,17
1589249285.570949,173.194.151.108,10.10.0.10,,,443,41505,0,1358,17
1589249285.579864,173.194.151.108,10.10.0.10,,,443,41505,0,1358,17
1589249285.582155,10.10.0.10,173.194.151.108,,,41505,443,0,37,17
1589249285.58877,173.194.151.108,10.10.0.10,,,443,41505,0,1358,17
1589249285.597684,173.194.151.108,10.10.0.10,,,443,41505,0,1358,17
1589249285.599306,10.10.0.10,173.194.151.108,,,41505,443,0,37,17
1589249285.6065938,173.194.151.108,10.10.0.10,,,443,41505,0,1358,17
1589249285.6155002,173.194.151.108,10.10.0.10,,,443,41505,0,1358,17
1589249285.618025,10.10.0.10,173.194.151.108,,,41505,443,0,37,17
1589249285.624406,173.194.151.108,10.10.0.10,,,443,41505,0,1358,17
1589249285.633323,173.194.151.108,10.10.0.10,,,443,41505,0,1358,17
1589249285.636534,10.10.0.10,173.194.151.108,,,41505,443,0,37,17
1589249285.6422338,173.194.151.108,10.10.0.10,,,443,41505,0,1358,17
1589249285.6511376,173.194.151.108,10.10.0.10,,,443,41505,0,1358,17
1589249285.6527581,10.10.0.10,173.194.151.108,,,41505,443,0,37,17
1589249285.6600409,173.194.151.108,10.10.0.10,,,443,41505,0,1285,17
1589249285.679438,10.10.0.10,173.194.151.108,,,41505,443,0,729,17
1589249285.679464,10.10.0.10,173.194.151.108,,,41505,443,0,48,17
1589249285.6838286,173.194.151.108,10.10.0.10,,,443,41505,0,29,17
1589249285.685169,173.194.151.108,10.10.0.10,,,443,41505,0,1358,17
1589249285.68521,173.194.151.108,10.10.0.10,,,443,41505,0,1358,17
1589249285.6876588,10.10.0.10,173.194.151.108,,,41505,443,0,37,17
1589249285.692752,173.194.151.108,10.10.0.10,,,443,41505,0,1358,17
1589249285.701657,173.194.151.108,10.10.0.10,,,443,41505,0,1358,17
1589249285.7085464,10.10.0.10,173.194.151.108,,,41505,443,0,37,17
1589249285.710591,173.194.151.108,10.10.0.10,,,443,41505,0,1358,17
1589249285.719481,173.194.151.108,10.10.0.10,,,443,41505,0,1358,17
1589249285.721014,10.10.0.10,173.194.151.108,,,41505,443,0,37,17
1589249285.7283866,173.194.151.108,10.10.0.10,,,443,41505,0,1358,17
1589249285.7373,173.194.151.108,10.10.0.10,,,443,41505,0,1358,17
1589249285.7389052,10.10.0.10,173.194.151.108,,,41505,443,0,37,17
1589249285.7462132,173.194.151.108,10.10.0.10,,,443,41505,0,1358,17
1589249285.7551162,173.194.151.108,10.10.0.10,,,443,41505,0,1358,17
1589249285.756655,10.10.0.10,173.194.151.108,,,41505,443,0,37,17
1589249285.7640214,173.194.151.108,10.10.0.10,,,443,41505,0,1358,17
1589249285.7729561,173.194.151.108,10.10.0.10,,,443,41505,0,1358,17
1589249285.774431,10.10.0.10,173.194.151.108,,,41505,443,0,37,17
1589249285.781842,173.194.151.108,10.10.0.10,,,443,41505,0,1358,17
1589249285.790767,173.194.151.108,10.10.0.10,,,443,41505,0,1358,17
1589249285.792309,10.10.0.10,173.194.151.108,,,41505,443,0,37,17
1589249285.7996619,173.194.151.108,10.10.0.10,,,443,41505,0,1358,17
1589249285.808586,173.194.151.108,10.10.0.10,,,443,41505,0,1358,17
1589249285.81003,10.10.0.10,173.194.151.108,,,41505,443,0,37,17
1589249285.8174784,173.194.151.108,10.10.0.10,,,443,41505,0,1358,17
1589249285.8263972,173.194.151.108,10.10.0.10,,,443,41505,0,1358,17
1589249285.8281412,10.10.0.10,173.194.151.108,,,41505,443,0,37,17
1589249285.8352964,173.194.151.108,10.10.0.10,,,443,41505,0,1358,17
1589249285.844207,173.194.151.108,10.10.0.10,,,443,41505,0,1358,17
1589249285.845791,10.10.0.10,173.194.151.108,,,41505,443,0,37,17
1589249285.8531148,173.194.151.108,10.10.0.10,,,443,41505,0,1358,17
1589249285.862024,173.194.151.108,10.10.0.10,,,443,41505,0,1358,17
1589249285.8644445,10.10.0.10,173.194.151.108,,,41505,443,0,37,17
1589249285.8709538,173.194.151.108,10.10.0.10,,,443,41505,0,1358,17
1589249285.8798409,173.194.151.108,10.10.0.10,,,443,41505,0,1358,17
1589249285.881534,10.10.0.10,173.194.151.108,,,41505,443,0,37,17
1589249285.888746,173.194.151.108,10.10.0.10,,,443,41505,0,1358,17
1589249285.8976588,173.194.151.108,10.10.0.10,,,443,41505,0,1358,17
1589249285.901537,10.10.0.10,173.194.151.108,,,41505,443,0,37,17
1589249285.906582,173.194.151.108,10.10.0.10,,,443,41505,0,1358,17
1589249285.915477,173.194.151.108,10.10.0.10,,,443,41505,0,1358,17
1589249285.918408,10.10.0.10,173.194.151.108,,,41505,443,0,37,17
1589249285.924391,173.194.151.108,10.10.0.10,,,443,41505,0,1358,17
1589249285.933294,173.194.151.108,10.10.0.10,,,443,41505,0,1358,17
1589249285.935056,10.10.0.10,173.194.151.108,,,41505,443,0,37,17
1589249285.9422061,173.194.151.108,10.10.0.10,,,443,41505,0,1358,17
1589249285.951112,173.194.151.108,10.10.0.10,,,443,41505,0,1358,17
1589249285.953311,10.10.0.10,173.194.151.108,,,41505,443,0,37,17
1589249285.960022,173.194.151.108,10.10.0.10,,,443,41505,0,1358,17
1589249285.968953,173.194.151.108,10.10.0.10,,,443,41505,0,1358,17
1589249285.970407,10.10.0.10,173.194.151.108,,,41505,443,0,37,17
1589249285.977838,173.194.151.108,10.10.0.10,,,443,41505,0,1358,17
1589249285.9867651,173.194.151.108,10.10.0.10,,,443,41505,0,1358,17
1589249285.988283,10.10.0.10,173.194.151.108,,,41505,443,0,37,17
1589249285.995656,173.194.151.108,10.10.0.10,,,443,41505,0,1358,17
1589249286.0045798,173.194.151.108,10.10.0.10,,,443,41505,0,1358,17
1589249286.0063012,10.10.0.10,173.194.151.108,,,41505,443,0,37,17
1589249286.013474,173.194.151.108,10.10.0.10,,,443,41505,0,1358,17
1589249286.0223901,173.194.151.108,10.10.0.10,,,443,41505,0,1358,17
1589249286.023905,10.10.0.10,173.194.151.108,,,41505,443,0,50,17
1589249286.0312932,173.194.151.108,10.10.0.10,,,443,41505,0,1358,17
1589249286.0402026,173.194.151.108,10.10.0.10,,,443,41505,0,1358,17
1589249286.0425491,10.10.0.10,173.194.151.108,,,41505,443,0,37,17
1589249286.0491116,173.194.151.108,10.10.0.10,,,443,41505,0,1358,17
1589249286.0580108,173.194.151.108,10.10.0.10,,,443,41505,0,1358,17
1589249286.05953,10.10.0.10,173.194.151.108,,,41505,443,0,37,17
1589249286.066948,173.194.151.108,10.10.0.10,,,443,41505,0,1358,17
1589249286.0758364,173.194.151.108,10.10.0.10,,,443,41505,0,1358,17
1589249286.0774045,10.10.0.10,173.194.151.108,,,41505,443,0,37,17
1589249286.084745,173.194.151.108,10.10.0.10,,,443,41505,0,1358,17
1589249286.0936518,173.194.151.108,10.10.0.10,,,443,41505,0,1358,17
1589249286.095271,10.10.0.10,173.194.151.108,,,41505,443,0,37,17
1589249286.102576,173.194.151.108,10.10.0.10,,,443,41505,0,1358,17
1589249286.11147,173.194.151.108,10.10.0.10,,,443,41505,0,1358,17
1589249286.113297,10.10.0.10,173.194.151.108,,,41505,443,0,37,17
1589249286.1203878,173.194.151.108,10.10.0.10,,,443,41505,0,1358,17
1589249286.1292908,173.194.151.108,10.10.0.10,,,443,41505,0,1358,17
1589249286.132173,10.10.0.10,173.194.151.108,,,41505,443,0,37,17
1589249286.138199,173.194.151.108,10.10.0.10,,,443,41505,0,1358,17
1589249286.147105,173.194.151.108,10.10.0.10,,,443,41505,0,1358,17
1589249286.148921,10.10.0.10,173.194.151.108,,,41505,443,0,37,17
1589249286.15601,173.194.151.108,10.10.0.10,,,443,41505,0,1358,17
1589249286.164922,173.194.151.108,10.10.0.10,,,443,41505,0,1358,17
1589249286.166777,10.10.0.10,173.194.151.108,,,41505,443,0,37,17
1589249286.173832,173.194.151.108,10.10.0.10,,,443,41505,0,1358,17
1589249286.1827419,173.194.151.108,10.10.0.10,,,443,41505,0,1358,17
1589249286.184298,10.10.0.10,173.194.151.108,,,41505,443,0,37,17
1589249286.191649,173.194.151.108,10.10.0.10,,,443,41505,0,1358,17
1589249286.2005725,173.194.151.108,10.10.0.10,,,443,41505,0,1358,17
1589249286.2022948,10.10.0.10,173.194.151.108,,,41505,443,0,37,17
1589249286.209467,173.194.151.108,10.10.0.10,,,443,41505,0,1358,17
1589249286.218383,173.194.151.108,10.10.0.10,,,443,41505,0,1358,17
1589249286.220024,10.10.0.10,173.194.151.108,,,41505,443,0,37,17
1589249286.2272828,173.194.151.108,10.10.0.10,,,443,41505,0,1358,17
1589249286.2361882,173.194.151.108,10.10.0.10,,,443,41505,0,1358,17
1589249286.2379036,10.10.0.10,173.194.151.108,,,41505,443,0,37,17
1589249286.2451026,173.194.151.108,10.10.0.10,,,443,41505,0,1358,17
1589249286.25401,173.194.151.108,10.10.0.10,,,443,41505,0,1358,17
1589249286.2561688,10.10.0.10,173.194.151.108,,,41505,443,0,37,17
1589249286.262918,173.194.151.108,10.10.0.10,,,443,41505,0,1358,17
1589249286.271828,173.194.151.108,10.10.0.10,,,443,41505,0,1358,17
1589249286.280738,173.194.151.108,10.10.0.10,,,443,41505,0,1358,17
1589249286.2896452,173.194.151.108,10.10.0.10,,,443,41505,0,1358,17
1589249286.2936678,10.10.0.10,173.194.151.108,,,41505,443,0,37,17
1589249286.294042,10.10.0.10,173.194.151.108,,,41505,443,0,37,17
1589249286.298567,173.194.151.108,10.10.0.10,,,443,41505,0,1358,17
1589249286.3074632,173.194.151.108,10.10.0.10,,,443,41505,0,1358,17
1589249286.308916,10.10.0.10,173.194.151.108,,,41505,443,0,37,17
1589249286.3163805,173.194.151.108,10.10.0.10,,,443,41505,0,1358,17
1589249286.3252811,173.194.151.108,10.10.0.10,,,443,41505,0,1358,17
1589249286.3269231,10.10.0.10,173.194.151.108,,,41505,443,0,37,17
1589249286.334195,173.194.151.108,10.10.0.10,,,443,41505,0,1358,17
1589249286.3430982,173.194.151.108,10.10.0.10,,,443,41505,0,1358,17
1589249286.344645,10.10.0.10,173.194.151.108,,,41505,443,0,37,17
1589249286.35201,173.194.151.108,10.10.0.10,,,443,41505,0,1358,17
1589249286.360914,173.194.151.108,10.10.0.10,,,443,41505,0,1358,17
1589249286.362674,10.10.0.10,173.194.151.108,,,41505,443,0,37,17
1589249286.369825,173.194.151.108,10.10.0.10,,,443,41505,0,1358,17
1589249286.3787339,173.194.151.108,10.10.0.10,,,443,41505,0,1358,17
1589249286.380395,10.10.0.10,173.194.151.108,,,41505,443,0,50,17
1589249286.387642,173.194.151.108,10.10.0.10,,,443,41505,0,1358,17
1589249286.3965652,173.194.151.108,10.10.0.10,,,443,41505,0,1358,17
1589249286.398646,10.10.0.10,173.194.151.108,,,41505,443,0,37,17
1589249286.40546,173.194.151.108,10.10.0.10,,,443,41505,0,1358,17
1589249286.414377,173.194.151.108,10.10.0.10,,,443,41505,0,1358,17
1589249286.41729,10.10.0.10,173.194.151.108,,,41505,443,0,37,17
1589249286.4232788,173.194.151.108,10.10.0.10,,,443,41505,0,1358,17
1589249286.432185,173.194.151.108,10.10.0.10,,,443,41505,0,1358,17
1589249286.4339151,10.10.0.10,173.194.151.108,,,41505,443,0,37,17
1589249286.4410946,173.194.151.108,10.10.0.10,,,443,41505,0,1358,17
1589249286.450007,173.194.151.108,10.10.0.10,,,443,41505,0,1358,17
1589249286.4518929,10.10.0.10,173.194.151.108,,,41505,443,0,37,17
1589249286.458911,173.194.151.108,10.10.0.10,,,443,41505,0,1358,17
1589249286.467822,173.194.151.108,10.10.0.10,,,443,41505,0,1358,17
1589249286.4695196,10.10.0.10,173.194.151.108,,,41505,443,0,37,17
1589249286.47673,173.194.151.108,10.10.0.10,,,443,41505,0,1358,17
1589249286.48564,173.194.151.108,10.10.0.10,,,443,41505,0,1358,17
1589249286.487276,10.10.0.10,173.194.151.108,,,41505,443,0,37,17
1589249286.4945624,173.194.151.108,10.10.0.10,,,443,41505,0,1358,17
1589249286.503457,173.194.151.108,10.10.0.10,,,443,41505,0,1358,17
1589249286.5051398,10.10.0.10,173.194.151.108,,,41505,443,0,37,17
1589249286.512376,173.194.151.108,10.10.0.10,,,443,41505,0,1358,17
1589249286.5212762,173.194.151.108,10.10.0.10,,,443,41505,0,1358,17
1589249286.523161,10.10.0.10,173.194.151.108,,,41505,443,0,37,17
1589249286.530188,173.194.151.108,10.10.0.10,,,443,41505,0,1358,17
1589249286.539097,173.194.151.108,10.10.0.10,,,443,41505,0,1358,17
1589249286.5416589,10.10.0.10,173.194.151.108,,,41505,443,0,37,17
1589249286.548004,173.194.151.108,10.10.0.10,,,443,41505,0,1358,17
1589249286.556906,173.194.151.108,10.10.0.10,,,443,41505,0,1358,17
1589249286.558365,10.10.0.10,173.194.151.108,,,41505,443,0,37,17
1589249286.565813,173.194.151.108,10.10.0.10,,,443,41505,0,1358,17
1589249286.57472,173.194.151.108,10.10.0.10,,,443,41505,0,1358,17
1589249286.5762372,10.10.0.10,173.194.151.108,,,41505,443,0,37,17
1589249286.58363,173.194.151.108,10.10.0.10,,,443,41505,0,1358,17
1589249286.5925438,173.194.151.108,10.10.0.10,,,443,41505,0,1358,17
1589249286.59412,10.10.0.10,173.194.151.108,,,41505,443,0,37,17
1589249286.6014528,173.194.151.108,10.10.0.10,,,443,41505,0,1358,17
1589249286.610357,173.194.151.108,10.10.0.10,,,443,41505,0,1358,17
1589249286.6118898,10.10.0.10,173.194.151.108,,,41505,443,0,37,17
1589249286.6192696,173.194.151.108,10.10.0.10,,,443,41505,0,1358,17
1589249286.628178,173.194.151.108,10.10.0.10,,,443,41505,0,1358,17
1589249286.63064,10.10.0.10,173.194.151.108,,,41505,443,0,37,17
1589249286.637089,173.194.151.108,10.10.0.10,,,443,41505,0,1358,17
1589249286.645998,173.194.151.108,10.10.0.10,,,443,41505,0,1358,17
1589249286.647635,10.10.0.10,173.194.151.108,,,41505,443,0,37,17
1589249286.654906,173.194.151.108,10.10.0.10,,,443,41505,0,1358,17
1589249286.663815,173.194.151.108,10.10.0.10,,,443,41505,0,1358,17
1589249286.666137,10.10.0.10,173.194.151.108,,,41505,443,0,37,17
1589249286.6727238,173.194.151.108,10.10.0.10,,,443,41505,0,1358,17
1589249286.681633,173.194.151.108,10.10.0.10,,,443,41505,0,1358,17
1589249286.684404,10.10.0.10,173.194.151.108,,,41505,443,0,37,17
1589249286.6905382,173.194.151.108,10.10.0.10,,,443,41505,0,1358,17
1589249286.699451,173.194.151.108,10.10.0.10,,,443,41505,0,1358,17
1589249286.701118,10.10.0.10,173.194.151.108,,,41505,443,0,37,17
1589249286.7083552,173.194.151.108,10.10.0.10,,,443,41505,0,1358,17
1589249286.7172694,173.194.151.108,10.10.0.10,,,443,41505,0,1358,17
1589249286.7188866,10.10.0.10,173.194.151.108,,,41505,443,0,37,17
1589249286.726177,173.194.151.108,10.10.0.10,,,443,41505,0,1358,17
1589249286.735085,173.194.151.108,10.10.0.10,,,443,41505,0,1358,17
1589249286.737241,10.10.0.10,173.194.151.108,,,41505,443,0,50,17
1589249286.743992,173.194.151.108,10.10.0.10,,,443,41505,0,1358,17
1589249286.752903,173.194.151.108,10.10.0.10,,,443,41505,0,1358,17
1589249286.755256,10.10.0.10,173.194.151.108,,,41505,443,0,37,17
1589249286.7618098,173.194.151.108,10.10.0.10,,,443,41505,0,1358,17
1589249286.7707224,173.194.151.108,10.10.0.10,,,443,41505,0,1358,17
1589249286.772134,10.10.0.10,173.194.151.108,,,41505,443,0,37,17
1589249286.7796292,173.194.151.108,10.10.0.10,,,443,41505,0,1358,17
1589249286.7885554,173.194.151.108,10.10.0.10,,,443,41505,0,1358,17
1589249286.7901552,10.10.0.10,173.194.151.108,,,41505,443,0,37,17
1589249286.797447,173.194.151.108,10.10.0.10,,,443,41505,0,1358,17
1589249286.806365,173.194.151.108,10.10.0.10,,,443,41505,0,1358,17
1589249286.8080268,10.10.0.10,173.194.151.108,,,41505,443,0,37,17
1589249286.8152668,173.194.151.108,10.10.0.10,,,443,41505,0,1358,17
1589249286.824177,173.194.151.108,10.10.0.10,,,443,41505,0,1358,17
1589249286.8260288,10.10.0.10,173.194.151.108,,,41505,443,0,37,17
1589249286.8330884,173.194.151.108,10.10.0.10,,,443,41505,0,1358,17
1589249286.841992,173.194.151.108,10.10.0.10,,,443,41505,0,1358,17
1589249286.8435068,10.10.0.10,173.194.151.108,,,41505,443,0,37,17
1589249286.8475325,10.10.0.10,173.194.151.108,,,41505,443,0,722,17
1589249286.847559,10.10.0.10,173.194.151.108,,,41505,443,0,48,17
1589249286.8509011,173.194.151.108,10.10.0.10,,,443,41505,0,1358,17
1589249286.8598099,173.194.151.108,10.10.0.10,,,443,41505,0,1358,17
1589249286.8613696,10.10.0.10,173.194.151.108,,,41505,443,0,37,17
1589249286.8687189,173.194.151.108,10.10.0.10,,,443,41505,0,1358,17
1589249286.877626,173.194.151.108,10.10.0.10,,,443,41505,0,1358,17
1589249286.879256,10.10.0.10,173.194.151.108,,,41505,443,0,37,17
1589249286.8865502,173.194.151.108,10.10.0.10,,,443,41505,0,1358,17
1589249286.8954446,173.194.151.108,10.10.0.10,,,443,41505,0,1358,17
1589249286.897153,10.10.0.10,173.194.151.108,,,41505,443,0,37,17
1589249286.904349,173.194.151.108,10.10.0.10,,,443,41505,0,1358,17
1589249286.913263,173.194.151.108,10.10.0.10,,,443,41505,0,29,17
1589249286.913658,173.194.151.108,10.10.0.10,,,443,41505,0,1358,17
1589249286.915497,10.10.0.10,173.194.151.108,,,41505,443,0,37,17
1589249286.922574,173.194.151.108,10.10.0.10,,,443,41505,0,1358,17
1589249286.931488,173.194.151.108,10.10.0.10,,,443,41505,0,1358,17
1589249286.9330301,10.10.0.10,173.194.151.108,,,41505,443,0,37,17
1589249286.9403868,173.194.151.108,10.10.0.10,,,443,41505,0,1358,17
1589249286.949307,173.194.151.108,10.10.0.10,,,443,41505,0,1358,17
1589249286.952527,10.10.0.10,173.194.151.108,,,41505,443,0,37,17
1589249286.9582052,173.194.151.108,10.10.0.10,,,443,41505,0,1358,17
1589249286.967117,173.194.151.108,10.10.0.10,,,443,41505,0,1358,17
1589249286.968997,10.10.0.10,173.194.151.108,,,41505,443,0,37,17
1589249286.976049,173.194.151.108,10.10.0.10,,,443,41505,0,1358,17
1589249286.984936,173.194.151.108,10.10.0.10,,,443,41505,0,1358,17
1589249286.9865026,10.10.0.10,173.194.151.108,,,41505,443,0,37,17
1589249286.993858,173.194.151.108,10.10.0.10,,,443,41505,0,1358,17
1589249287.002753,173.194.151.108,10.10.0.10,,,443,41505,0,1358,17
1589249287.004376,10.10.0.10,173.194.151.108,,,41505,443,0,37,17
1589249287.011675,173.194.151.108,10.10.0.10,,,443,41505,0,1358,17
1589249287.0205698,173.194.151.108,10.10.0.10,,,443,41505,0,1358,17
1589249287.022124,10.10.0.10,173.194.151.108,,,41505,443,0,37,17
1589249287.0294852,173.194.151.108,10.10.0.10,,,443,41505,0,1358,17
1589249287.038391,173.194.151.108,10.10.0.10,,,443,41505,0,1358,17
1589249287.040129,10.10.0.10,173.194.151.108,,,41505,443,0,37,17
1589249287.047298,173.194.151.108,10.10.0.10,,,443,41505,0,1358,17
1589249287.0562,173.194.151.108,10.10.0.10,,,443,41505,0,1358,17
1589249287.058019,10.10.0.10,173.194.151.108,,,41505,443,0,37,17
1589249287.065114,173.194.151.108,10.10.0.10,,,443,41505,0,1358,17
1589249287.0740454,173.194.151.108,10.10.0.10,,,443,41505,0,1358,17
1589249287.075896,10.10.0.10,173.194.151.108,,,41505,443,0,37,17
1589249287.0829318,173.194.151.108,10.10.0.10,,,443,41505,0,1358,17
1589249287.09184,173.194.151.108,10.10.0.10,,,443,41505,0,1358,17
1589249287.0941231,10.10.0.10,173.194.151.108,,,41505,443,0,37,17
1589249287.100749,173.194.151.108,10.10.0.10,,,443,41505,0,1358,17
1589249287.109672,173.194.151.108,10.10.0.10,,,443,41505,0,1358,17
1589249287.111772,10.10.0.10,173.194.151.108,,,41505,443,0,37,17
1589249287.118568,173.194.151.108,10.10.0.10,,,443,41505,0,1358,17
1589249287.127485,173.194.151.108,10.10.0.10,,,443,41505,0,1358,17
1589249287.129498,10.10.0.10,173.194.151.108,,,41505,443,0,37,17
1589249287.1363866,173.194.151.108,10.10.0.10,,,443,41505,0,1358,17
1589249287.145296,173.194.151.108,10.10.0.10,,,443,41505,0,1358,17
1589249287.1477492,10.10.0.10,173.194.151.108,,,41505,443,0,37,17
1589249287.154203,173.194.151.108,10.10.0.10,,,443,41505,0,1358,17
1589249287.163112,173.194.151.108,10.10.0.10,,,443,41505,0,1358,17
1589249287.1648908,10.10.0.10,173.194.151.108,,,41505,443,0,37,17
1589249287.172035,173.194.151.108,10.10.0.10,,,443,41505,0,1358,17
1589249287.1809301,173.194.151.108,10.10.0.10,,,443,41505,0,1358,17
1589249287.182873,10.10.0.10,173.194.151.108,,,41505,443,0,37,17
1589249287.1898534,173.194.151.108,10.10.0.10,,,443,41505,0,1358,17
1589249287.1987462,173.194.151.108,10.10.0.10,,,443,41505,0,1358,17
1589249287.201132,10.10.0.10,173.194.151.108,,,41505,443,0,50,17
1589249287.2076678,173.194.151.108,10.10.0.10,,,443,41505,0,1358,17
1589249287.216563,173.194.151.108,10.10.0.10,,,443,41505,0,1358,17
1589249287.218266,10.10.0.10,173.194.151.108,,,41505,443,0,37,17
1589249287.2254784,173.194.151.108,10.10.0.10,,,443,41505,0,1358,17
1589249287.2343812,173.194.151.108,10.10.0.10,,,443,41505,0,1358,17
1589249287.2362669,10.10.0.10,173.194.151.108,,,41505,443,0,37,17
1589249287.243293,173.194.151.108,10.10.0.10,,,443,41505,0,1358,17
1589249287.252198,173.194.151.108,10.10.0.10,,,443,41505,0,29,17
1589249287.2526019,173.194.151.108,10.10.0.10,,,443,41505,0,1358,17
1589249287.2541196,10.10.0.10,173.194.151.108,,,41505,443,0,37,17
1589249287.2615118,173.194.151.108,10.10.0.10,,,443,41505,0,1358,17
1589249287.270419,173.194.151.108,10.10.0.10,,,443,41505,0,1358,17
1589249287.272264,10.10.0.10,173.194.151.108,,,41505,443,0,37,17
1589249287.2793279,173.194.151.108,10.10.0.10,,,443,41505,0,1358,17
1589249287.288238,173.194.151.108,10.10.0.10,,,443,41505,0,1358,17
1589249287.2902482,10.10.0.10,173.194.151.108,,,41505,443,0,37,17
1589249287.2971642,173.194.151.108,10.10.0.10,,,443,41505,0,1358,17
1589249287.306057,173.194.151.108,10.10.0.10,,,443,41505,0,1358,17
1589249287.3076372,10.10.0.10,173.194.151.108,,,41505,443,0,37,17
1589249287.314977,173.194.151.108,10.10.0.10,,,443,41505,0,1358,17
1589249287.323873,173.194.151.108,10.10.0.10,,,443,41505,0,1358,17
1589249287.325619,10.10.0.10,173.194.151.108,,,41505,443,0,37,17
1589249287.3327901,173.194.151.108,10.10.0.10,,,443,41505,0,1358,17
1589249287.3416884,173.194.151.108,10.10.0.10,,,443,41505,0,1358,17
1589249287.343367,10.10.0.10,173.194.151.108,,,41505,443,0,37,17
1589249287.350601,173.194.151.108,10.10.0.10,,,443,41505,0,1358,17
1589249287.3595061,173.194.151.108,10.10.0.10,,,443,41505,0,1358,17
1589249287.362139,10.10.0.10,173.194.151.108,,,41505,443,0,37,17
1589249287.36842,173.194.151.108,10.10.0.10,,,443,41505,0,1358,17
1589249287.377326,173.194.151.108,10.10.0.10,,,443,41505,0,1358,17
1589249287.379013,10.10.0.10,173.194.151.108,,,41505,443,0,37,17
1589249287.3862374,173.194.151.108,10.10.0.10,,,443,41505,0,1358,17
1589249287.39516,173.194.151.108,10.10.0.10,,,443,41505,0,1358,17
1589249287.396862,10.10.0.10,173.194.151.108,,,41505,443,0,37,17
1589249287.4040608,173.194.151.108,10.10.0.10,,,443,41505,0,1358,17
1589249287.4129732,173.194.151.108,10.10.0.10,,,443,41505,0,1358,17
1589249287.414607,10.10.0.10,173.194.151.108,,,41505,443,0,37,17
1589249287.4218724,173.194.151.108,10.10.0.10,,,443,41505,0,1358,17
1589249287.4307878,173.194.151.108,10.10.0.10,,,443,41505,0,1358,17
1589249287.4325068,10.10.0.10,173.194.151.108,,,41505,443,0,37,17
1589249287.439688,173.194.151.108,10.10.0.10,,,443,41505,0,1358,17
1589249287.4485981,173.194.151.108,10.10.0.10,,,443,41505,0,1358,17
1589249287.4507391,10.10.0.10,173.194.151.108,,,41505,443,0,37,17
1589249287.457505,173.194.151.108,10.10.0.10,,,443,41505,0,1358,17
1589249287.466417,173.194.151.108,10.10.0.10,,,443,41505,0,1358,17
1589249287.4680119,10.10.0.10,173.194.151.108,,,41505,443,0,37,17
1589249287.4753304,173.194.151.108,10.10.0.10,,,443,41505,0,1358,17
1589249287.48423,173.194.151.108,10.10.0.10,,,443,41505,0,1358,17
1589249287.486635,10.10.0.10,173.194.151.108,,,41505,443,0,37,17
1589249287.493156,173.194.151.108,10.10.0.10,,,443,41505,0,1358,17
1589249287.502053,173.194.151.108,10.10.0.10,,,443,41505,0,1358,17
1589249287.5039892,10.10.0.10,173.194.151.108,,,41505,443,0,37,17
1589249287.5109706,173.194.151.108,10.10.0.10,,,443,41505,0,1358,17
1589249287.519868,173.194.151.108,10.10.0.10,,,443,41505,0,1358,17
1589249287.5217388,10.10.0.10,173.194.151.108,,,41505,443,0,37,17
1589249287.528785,173.194.151.108,10.10.0.10,,,443,41505,0,1358,17
1589249287.5305068,10.10.0.10,173.194.151.108,,,41505,443,0,40,17
1589249287.5376835,173.194.151.108,10.10.0.10,,,443,41505,0,1358,17
1589249287.5465958,173.194.151.108,10.10.0.10,,,443,41505,0,1358,17
1589249287.5555012,173.194.151.108,10.10.0.10,,,443,41505,0,1358,17
1589249287.564408,173.194.151.108,10.10.0.10,,,443,41505,0,1358,17
1589249287.566593,10.10.0.10,173.194.151.108,,,41505,443,0,53,17
1589249287.5708358,10.10.0.10,173.194.151.108,,,41505,443,0,40,17
1589249287.5714679,10.10.0.10,173.194.151.108,,,41505,443,0,40,17
1589249287.5733216,173.194.151.108,10.10.0.10,,,443,41505,0,1358,17
1589249287.5785892,10.10.0.10,173.194.151.108,,,41505,443,0,40,17
1589249287.582232,173.194.151.108,10.10.0.10,,,443,41505,0,1358,17
1589249287.5911546,173.194.151.108,10.10.0.10,,,443,41505,0,1358,17
1589249287.5930948,10.10.0.10,173.194.151.108,,,41505,443,0,37,17
1589249287.60004,173.194.151.108,10.10.0.10,,,443,41505,0,1358,17
1589249287.608952,173.194.151.108,10.10.0.10,,,443,41505,0,1358,17
1589249287.610483,10.10.0.10,173.194.151.108,,,41505,443,0,37,17
1589249287.6178632,173.194.151.108,10.10.0.10,,,443,41505,0,1358,17
1589249287.6267722,173.194.151.108,10.10.0.10,,,443,41505,0,1358,17
1589249287.6283429,10.10.0.10,173.194.151.108,,,41505,443,0,37,17
1589249287.635675,173.194.151.108,10.10.0.10,,,443,41505,0,1358,17
1589249287.644595,173.194.151.108,10.10.0.10,,,443,41505,0,1358,17
1589249287.646609,10.10.0.10,173.194.151.108,,,41505,443,0,37,17
1589249287.653511,173.194.151.108,10.10.0.10,,,443,41505,0,1358,17
1589249287.662402,173.194.151.108,10.10.0.10,,,443,41505,0,1358,17
1589249287.6641269,10.10.0.10,173.194.151.108,,,41505,443,0,37,17
1589249287.6713116,173.194.151.108,10.10.0.10,,,443,41505,0,1358,17
1589249287.680221,173.194.151.108,10.10.0.10,,,443,41505,0,1358,17
1589249287.6819859,10.10.0.10,173.194.151.108,,,41505,443,0,37,17
1589249287.689135,173.194.151.108,10.10.0.10,,,443,41505,0,1358,17
1589249287.698042,173.194.151.108,10.10.0.10,,,443,41505,0,1358,17
1589249287.70175,10.10.0.10,173.194.151.108,,,41505,443,0,37,17
1589249287.7069669,173.194.151.108,10.10.0.10,,,443,41505,0,1358,17
1589249287.715859,173.194.151.108,10.10.0.10,,,443,41505,0,1358,17
1589249287.71735,10.10.0.10,173.194.151.108,,,41505,443,0,37,17
1589249287.7247708,173.194.151.108,10.10.0.10,,,443,41505,0,1358,17
1589249287.7336721,173.194.151.108,10.10.0.10,,,443,41505,0,1358,17
1589249287.7352035,10.10.0.10,173.194.151.108,,,41505,443,0,37,17
1589249287.7425892,173.194.151.108,10.10.0.10,,,443,41505,0,1358,17
1589249287.7514918,173.194.151.108,10.10.0.10,,,443,41505,0,1358,17
1589249287.7530801,10.10.0.10,173.194.151.108,,,41505,443,0,37,17
1589249287.760399,173.194.151.108,10.10.0.10,,,443,41505,0,1358,17
1589249287.7693222,173.194.151.108,10.10.0.10,,,443,41505,0,1358,17
1589249287.771576,10.10.0.10,173.194.151.108,,,41505,443,0,37,17
1589249287.778217,173.194.151.108,10.10.0.10,,,443,41505,0,1358,17
1589249287.7871492,173.194.151.108,10.10.0.10,,,443,41505,0,1358,17
1589249287.788729,10.10.0.10,173.194.151.108,,,41505,443,0,37,17
1589249287.796034,173.194.151.108,10.10.0.10,,,443,41505,0,1358,17
1589249287.804961,173.194.151.108,10.10.0.10,,,443,41505,0,1358,17
1589249287.806625,10.10.0.10,173.194.151.108,,,41505,443,0,37,17
1589249287.813857,173.194.151.108,10.10.0.10,,,443,41505,0,1358,17
1589249287.8227608,173.194.151.108,10.10.0.10,,,443,41505,0,1358,17
1589249287.8244991,10.10.0.10,173.194.151.108,,,41505,443,0,37,17
1589249287.8316748,173.194.151.108,10.10.0.10,,,443,41505,0,1358,17
1589249287.840587,173.194.151.108,10.10.0.10,,,443,41505,0,1358,17
1589249287.842208,10.10.0.10,173.194.151.108,,,41505,443,0,37,17
1589249287.8494918,173.194.151.108,10.10.0.10,,,443,41505,0,1358,17
1589249287.858403,173.194.151.108,10.10.0.10,,,443,41505,0,1358,17
1589249287.8599718,10.10.0.10,173.194.151.108,,,41505,443,0,37,17
1589249287.86731,173.194.151.108,10.10.0.10,,,443,41505,0,1358,17
1589249287.876213,173.194.151.108,10.10.0.10,,,443,41505,0,1358,17
1589249287.8779788,10.10.0.10,173.194.151.108,,,41505,443,0,50,17
1589249287.8851464,173.194.151.108,10.10.0.10,,,443,41505,0,1358,17
1589249287.8940358,173.194.151.108,10.10.0.10,,,443,41505,0,1358,17
1589249287.895998,10.10.0.10,173.194.151.108,,,41505,443,0,37,17
1589249287.9029589,173.194.151.108,10.10.0.10,,,443,41505,0,1358,17
1589249287.9118538,173.194.151.108,10.10.0.10,,,443,41505,0,29,17
1589249287.9122524,173.194.151.108,10.10.0.10,,,443,41505,0,1358,17
1589249287.9152448,10.10.0.10,173.194.151.108,,,41505,443,0,37,17
1589249287.9211652,173.194.151.108,10.10.0.10,,,443,41505,0,1358,17
1589249287.9300828,173.194.151.108,10.10.0.10,,,443,41505,0,1358,17
1589249287.933745,10.10.0.10,173.194.151.108,,,41505,443,0,37,17
1589249287.938979,173.194.151.108,10.10.0.10,,,443,41505,0,1358,17
1589249287.947897,173.194.151.108,10.10.0.10,,,443,41505,0,1358,17
1589249287.9494731,10.10.0.10,173.194.151.108,,,41505,443,0,37,17
1589249287.9568,173.194.151.108,10.10.0.10,,,443,41505,0,1358,17
1589249287.965706,173.194.151.108,10.10.0.10,,,443,41505,0,1358,17
1589249287.9673116,10.10.0.10,173.194.151.108,,,41505,443,0,37,17
1589249287.9744868,173.194.151.108,10.10.0.10,,,443,41505,0,1358,17
1589249287.983276,173.194.151.108,10.10.0.10,,,443,41505,0,1358,17
1589249287.9854758,10.10.0.10,173.194.151.108,,,41505,443,0,37,17
1589249287.992867,173.194.151.108,10.10.0.10,,,443,41505,0,1358,17
1589249288.001647,173.194.151.108,10.10.0.10,,,443,41505,0,1358,17
1589249288.004243,10.10.0.10,173.194.151.108,,,41505,443,0,37,17
1589249288.010419,173.194.151.108,10.10.0.10,,,443,41505,0,1358,17
1589249288.019205,173.194.151.108,10.10.0.10,,,443,41505,0,1358,17
1589249288.0207431,10.10.0.10,173.194.151.108,,,41505,443,0,37,17
1589249288.027969,173.194.151.108,10.10.0.10,,,443,41505,0,1358,17
1589249288.036767,173.194.151.108,10.10.0.10,,,443,41505,0,1358,17
1589249288.038366,10.10.0.10,173.194.151.108,,,41505,443,0,37,17
1589249288.045521,173.194.151.108,10.10.0.10,,,443,41505,0,1358,17
1589249288.054297,173.194.151.108,10.10.0.10,,,443,41505,0,1358,17
1589249288.055849,10.10.0.10,173.194.151.108,,,41505,443,0,37,17
1589249288.06308,173.194.151.108,10.10.0.10,,,443,41505,0,1358,17
1589249288.071846,173.194.151.108,10.10.0.10,,,443,41505,0,1358,17
1589249288.0734918,10.10.0.10,173.194.151.108,,,41505,443,0,37,17
1589249288.0806198,173.194.151.108,10.10.0.10,,,443,41505,0,1358,17
1589249288.0893981,173.194.151.108,10.10.0.10,,,443,41505,0,1358,17
1589249288.0914712,10.10.0.10,173.194.151.108,,,41505,443,0,37,17
1589249288.0981722,173.194.151.108,10.10.0.10,,,443,41505,0,1358,17
1589249288.1069539,173.194.151.108,10.10.0.10,,,443,41505,0,1358,17
1589249288.108597,10.10.0.10,173.194.151.108,,,41505,443,0,37,17
1589249288.115725,173.194.151.108,10.10.0.10,,,443,41505,0,1358,17
1589249288.1244981,173.194.151.108,10.10.0.10,,,443,41505,0,1358,17
1589249288.126344,10.10.0.10,173.194.151.108,,,41505,443,0,37,17
1589249288.1332748,173.194.151.108,10.10.0.10,,,443,41505,0,1358,17
1589249288.1420588,173.194.151.108,10.10.0.10,,,443,41505,0,1358,17
1589249288.143615,10.10.0.10,173.194.151.108,,,41505,443,0,37,17
1589249288.150826,173.194.151.108,10.10.0.10,,,443,41505,0,1358,17
1589249288.159601,173.194.151.108,10.10.0.10,,,443,41505,0,1358,17
1589249288.1612382,10.10.0.10,173.194.151.108,,,41505,443,0,37,17
1589249288.168392,173.194.151.108,10.10.0.10,,,443,41505,0,1358,17
1589249288.177151,173.194.151.108,10.10.0.10,,,443,41505,0,1358,17
1589249288.1802151,10.10.0.10,173.194.151.108,,,41505,443,0,37,17
1589249288.1859279,173.194.151.108,10.10.0.10,,,443,41505,0,1358,17
1589249288.194702,173.194.151.108,10.10.0.10,,,443,41505,0,1358,17
1589249288.196612,10.10.0.10,173.194.151.108,,,41505,443,0,37,17
1589249288.2034779,173.194.151.108,10.10.0.10,,,443,41505,0,1358,17
1589249288.212267,173.194.151.108,10.10.0.10,,,443,41505,0,1358,17
1589249288.21396,10.10.0.10,173.194.151.108,,,41505,443,0,37,17
1589249288.22103,173.194.151.108,10.10.0.10,,,443,41505,0,1358,17
1589249288.2298045,173.194.151.108,10.10.0.10,,,443,41505,0,1358,17
1589249288.231735,10.10.0.10,173.194.151.108,,,41505,443,0,50,17
1589249288.2385798,173.194.151.108,10.10.0.10,,,443,41505,0,1358,17
1589249288.24735,173.194.151.108,10.10.0.10,,,443,41505,0,1358,17
1589249288.249082,10.10.0.10,173.194.151.108,,,41505,443,0,37,17
1589249288.2561412,173.194.151.108,10.10.0.10,,,443,41505,0,1358,17
1589249288.264909,173.194.151.108,10.10.0.10,,,443,41505,0,1358,17
1589249288.266607,10.10.0.10,173.194.151.108,,,41505,443,0,37,17
1589249288.2736962,173.194.151.108,10.10.0.10,,,443,41505,0,1358,17
1589249288.2824578,173.194.151.108,10.10.0.10,,,443,41505,0,1358,17
1589249288.2843325,10.10.0.10,173.194.151.108,,,41505,443,0,37,17
1589249288.291236,173.194.151.108,10.10.0.10,,,443,41505,0,1358,17
1589249288.300014,173.194.151.108,10.10.0.10,,,443,41505,0,1358,17
1589249288.301862,10.10.0.10,173.194.151.108,,,41505,443,0,37,17
1589249288.308786,173.194.151.108,10.10.0.10,,,443,41505,0,1358,17
1589249288.317572,173.194.151.108,10.10.0.10,,,443,41505,0,1358,17
1589249288.3194842,10.10.0.10,173.194.151.108,,,41505,443,0,37,17
1589249288.326333,173.194.151.108,10.10.0.10,,,443,41505,0,1358,17
1589249288.3351068,173.194.151.108,10.10.0.10,,,443,41505,0,1358,17
1589249288.336858,10.10.0.10,173.194.151.108,,,41505,443,0,37,17
1589249288.343886,173.194.151.108,10.10.0.10,,,443,41505,0,1358,17
1589249288.35266,173.194.151.108,10.10.0.10,,,443,41505,0,1358,17
1589249288.3543608,10.10.0.10,173.194.151.108,,,41505,443,0,37,17
1589249288.3614461,173.194.151.108,10.10.0.10,,,443,41505,0,1358,17
1589249288.3702116,173.194.151.108,10.10.0.10,,,443,41505,0,1358,17
1589249288.3721082,10.10.0.10,173.194.151.108,,,41505,443,0,37,17
1589249288.3790061,173.194.151.108,10.10.0.10,,,443,41505,0,1358,17
1589249288.3877606,173.194.151.108,10.10.0.10,,,443,41505,0,1358,17
1589249288.3897119,10.10.0.10,173.194.151.108,,,41505,443,0,37,17
1589249288.396539,173.194.151.108,10.10.0.10,,,443,41505,0,1358,17
1589249288.4053082,173.194.151.108,10.10.0.10,,,443,41505,0,1358,17
1589249288.406961,10.10.0.10,173.194.151.108,,,41505,443,0,37,17
1589249288.4140828,173.194.151.108,10.10.0.10,,,443,41505,0,1358,17
1589249288.4228818,173.194.151.108,10.10.0.10,,,443,41505,0,1358,17
1589249288.425338,10.10.0.10,173.194.151.108,,,41505,443,0,37,17
1589249288.431639,173.194.151.108,10.10.0.10,,,443,41505,0,1358,17
1589249288.440417,173.194.151.108,10.10.0.10,,,443,41505,0,1358,17
1589249288.442106,10.10.0.10,173.194.151.108,,,41505,443,0,37,17
1589249288.449193,173.194.151.108,10.10.0.10,,,443,41505,0,1358,17
1589249288.4579651,173.194.151.108,10.10.0.10,,,443,41505,0,1358,17
1589249288.4597318,10.10.0.10,173.194.151.108,,,41505,443,0,37,17
1589249288.466758,173.194.151.108,10.10.0.10,,,443,41505,0,1358,17
1589249288.475519,173.194.151.108,10.10.0.10,,,443,41505,0,1358,17
1589249288.477335,10.10.0.10,173.194.151.108,,,41505,443,0,37,17
1589249288.4842918,173.194.151.108,10.10.0.10,,,443,41505,0,1358,17
1589249288.4930682,173.194.151.108,10.10.0.10,,,443,41505,0,1358,17
1589249288.4948509,10.10.0.10,173.194.151.108,,,41505,443,0,37,17
1589249288.501842,173.194.151.108,10.10.0.10,,,443,41505,0,1358,17
1589249288.510632,173.194.151.108,10.10.0.10,,,443,41505,0,1358,17
1589249288.512353,10.10.0.10,173.194.151.108,,,41505,443,0,37,17
1589249288.519393,173.194.151.108,10.10.0.10,,,443,41505,0,1358,17
1589249288.528168,173.194.151.108,10.10.0.10,,,443,41505,0,1358,17
1589249288.5302362,10.10.0.10,173.194.151.108,,,41505,443,0,37,17
1589249288.5369458,173.194.151.108,10.10.0.10,,,443,41505,0,1358,17
1589249288.5457199,173.194.151.108,10.10.0.10,,,443,41505,0,1358,17
1589249288.547333,10.10.0.10,173.194.151.108,,,41505,443,0,37,17
1589249288.5545092,173.194.151.108,10.10.0.10,,,443,41505,0,1358,17
1589249288.563267,173.194.151.108,10.10.0.10,,,443,41505,0,1358,17
1589249288.5649412,10.10.0.10,173.194.151.108,,,41505,443,0,37,17
1589249288.57204,173.194.151.108,10.10.0.10,,,443,41505,0,1358,17
1589249288.5808141,173.194.151.108,10.10.0.10,,,443,41505,0,1358,17
1589249288.582728,10.10.0.10,173.194.151.108,,,41505,443,0,50,17
1589249288.58959,173.194.151.108,10.10.0.10,,,443,41505,0,1358,17
1589249288.599421,173.194.151.108,10.10.0.10,,,443,41505,0,1358,17
1589249288.60109,10.10.0.10,173.194.151.108,,,41505,443,0,37,17
1589249288.608191,173.194.151.108,10.10.0.10,,,443,41505,0,1358,17
1589249288.616974,173.194.151.108,10.10.0.10,,,443,41505,0,1358,17
1589249288.619832,10.10.0.10,173.194.151.108,,,41505,443,0,37,17
1589249288.625747,173.194.151.108,10.10.0.10,,,443,41505,0,1358,17
1589249288.634522,173.194.151.108,10.10.0.10,,,443,41505,0,29,17
1589249288.6349142,173.194.151.108,10.10.0.10,,,443,41505,0,1358,17
1589249288.641712,10.10.0.10,173.194.151.108,,,41505,443,0,37,17
1589249288.6436925,173.194.151.108,10.10.0.10,,,443,41505,0,1358,17
1589249288.652484,173.194.151.108,10.10.0.10,,,443,41505,0,1358,17
1589249288.654205,10.10.0.10,173.194.151.108,,,41505,443,0,37,17
1589249288.6612446,173.194.151.108,10.10.0.10,,,443,41505,0,1358,17
1589249288.670021,173.194.151.108,10.10.0.10,,,443,41505,0,1358,17
1589249288.672934,10.10.0.10,173.194.151.108,,,41505,443,0,37,17
1589249288.678794,173.194.151.108,10.10.0.10,,,443,41505,0,1358,17
1589249288.687568,173.194.151.108,10.10.0.10,,,443,41505,0,1358,17
1589249288.691952,10.10.0.10,173.194.151.108,,,41505,443,0,37,17
1589249288.6963458,173.194.151.108,10.10.0.10,,,443,41505,0,1358,17
1589249288.7051241,173.194.151.108,10.10.0.10,,,443,41505,0,1358,17
1589249288.7078028,10.10.0.10,173.194.151.108,,,41505,443,0,37,17
1589249288.713901,173.194.151.108,10.10.0.10,,,443,41505,0,1358,17
1589249288.7226849,173.194.151.108,10.10.0.10,,,443,41505,0,1358,17
1589249288.724351,10.10.0.10,173.194.151.108,,,41505,443,0,37,17
1589249288.7314522,173.194.151.108,10.10.0.10,,,443,41505,0,1358,17
1589249288.7402241,173.194.151.108,10.10.0.10,,,443,41505,0,1358,17
1589249288.7419481,10.10.0.10,173.194.151.108,,,41505,443,0,37,17
1589249288.749003,173.194.151.108,10.10.0.10,,,443,41505,0,1358,17
1589249288.757777,173.194.151.108,10.10.0.10,,,443,41505,0,1358,17
1589249288.7592,10.10.0.10,173.194.151.108,,,41505,443,0,37,17
1589249288.766553,173.194.151.108,10.10.0.10,,,443,41505,0,1358,17
1589249288.7753332,173.194.151.108,10.10.0.10,,,443,41505,0,1358,17
1589249288.7804675,10.10.0.10,173.194.151.108,,,41505,443,0,37,17
1589249288.7840998,173.194.151.108,10.10.0.10,,,443,41505,0,1358,17
1589249288.79288,173.194.151.108,10.10.0.10,,,443,41505,0,1358,17
1589249288.795846,10.10.0.10,173.194.151.108,,,41505,443,0,37,17
1589249288.801657,173.194.151.108,10.10.0.10,,,443,41505,0,1358,17
1589249288.810432,173.194.151.108,10.10.0.10,,,443,41505,0,1358,17
1589249288.8119788,10.10.0.10,173.194.151.108,,,41505,443,0,37,17
1589249288.819206,173.194.151.108,10.10.0.10,,,443,41505,0,1358,17
1589249288.8279812,173.194.151.108,10.10.0.10,,,443,41505,0,1358,17
1589249288.836759,173.194.151.108,10.10.0.10,,,443,41505,0,1358,17
1589249288.845534,173.194.151.108,10.10.0.10,,,443,41505,0,1358,17
1589249288.8469546,10.10.0.10,173.194.151.108,,,41505,443,0,729,17
1589249288.846981,10.10.0.10,173.194.151.108,,,41505,443,0,48,17
1589249288.849593,10.10.0.10,173.194.151.108,,,41505,443,0,37,17
1589249288.854309,173.194.151.108,10.10.0.10,,,443,41505,0,1358,17
1589249288.8562179,10.10.0.10,173.194.151.108,,,41505,443,0,37,17
1589249288.863084,173.194.151.108,10.10.0.10,,,443,41505,0,1358,17
1589249288.871871,173.194.151.108,10.10.0.10,,,443,41505,0,1358,17
1589249288.873573,10.10.0.10,173.194.151.108,,,41505,443,0,37,17
1589249288.8806374,173.194.151.108,10.10.0.10,,,443,41505,0,29,17
1589249288.8810382,173.194.151.108,10.10.0.10,,,443,41505,0,1358,17
1589249288.889807,173.194.151.108,10.10.0.10,,,443,41505,0,1358,17
1589249288.891447,10.10.0.10,173.194.151.108,,,41505,443,0,37,17
1589249288.898582,173.194.151.108,10.10.0.10,,,443,41505,0,1358,17
1589249288.9073699,173.194.151.108,10.10.0.10,,,443,41505,0,1358,17
1589249288.909343,10.10.0.10,173.194.151.108,,,41505,443,0,37,17
1589249288.91614,173.194.151.108,10.10.0.10,,,443,41505,0,1358,17
1589249288.9249082,173.194.151.108,10.10.0.10,,,443,41505,0,1358,17
1589249288.92657,10.10.0.10,173.194.151.108,,,41505,443,0,37,17
1589249288.934744,173.194.151.108,10.10.0.10,,,443,41505,0,1358,17
1589249288.943512,173.194.151.108,10.10.0.10,,,443,41505,0,1358,17
1589249288.945071,10.10.0.10,173.194.151.108,,,41505,443,0,37,17
1589249288.952303,173.194.151.108,10.10.0.10,,,443,41505,0,1358,17
1589249288.9610622,173.194.151.108,10.10.0.10,,,443,41505,0,1358,17
1589249288.9629672,10.10.0.10,173.194.151.108,,,41505,443,0,37,17
1589249288.96984,173.194.151.108,10.10.0.10,,,443,41505,0,1358,17
1589249288.978618,173.194.151.108,10.10.0.10,,,443,41505,0,1358,17
1589249288.980186,10.10.0.10,173.194.151.108,,,41505,443,0,37,17
1589249288.98739,173.194.151.108,10.10.0.10,,,443,41505,0,1358,17
1589249288.996178,173.194.151.108,10.10.0.10,,,443,41505,0,1358,17
1589249288.9994452,10.10.0.10,173.194.151.108,,,41505,443,0,37,17
1589249289.0049405,173.194.151.108,10.10.0.10,,,443,41505,0,1358,17
1589249289.0137134,173.194.151.108,10.10.0.10,,,443,41505,0,1358,17
1589249289.0153186,10.10.0.10,173.194.151.108,,,41505,443,0,37,17
1589249289.0224931,173.194.151.108,10.10.0.10,,,443,41505,0,1358,17
1589249289.031267,173.194.151.108,10.10.0.10,,,443,41505,0,1358,17
1589249289.0329509,10.10.0.10,173.194.151.108,,,41505,443,0,37,17
1589249289.0400536,173.194.151.108,10.10.0.10,,,443,41505,0,1358,17
1589249289.0488212,173.194.151.108,10.10.0.10,,,443,41505,0,1358,17
1589249289.0506918,10.10.0.10,173.194.151.108,,,41505,443,0,37,17
1589249289.0576124,173.194.151.108,10.10.0.10,,,443,41505,0,1358,17
1589249289.066364,173.194.151.108,10.10.0.10,,,443,41505,0,1358,17
1589249289.0681946,10.10.0.10,173.194.151.108,,,41505,443,0,37,17
1589249289.075144,173.194.151.108,10.10.0.10,,,443,41505,0,1358,17
1589249289.083935,173.194.151.108,10.10.0.10,,,443,41505,0,1358,17
1589249289.086442,10.10.0.10,173.194.151.108,,,41505,443,0,37,17
1589249289.092694,173.194.151.108,10.10.0.10,,,443,41505,0,1358,17
1589249289.101487,173.194.151.108,10.10.0.10,,,443,41505,0,1358,17
1589249289.104808,10.10.0.10,173.194.151.108,,,41505,443,0,37,17
1589249289.1102462,173.194.151.108,10.10.0.10,,,443,41505,0,1358,17
1589249289.1190221,173.194.151.108,10.10.0.10,,,443,41505,0,1358,17
1589249289.120585,10.10.0.10,173.194.151.108,,,41505,443,0,37,17
1589249289.127799,173.194.151.108,10.10.0.10,,,443,41505,0,1358,17
1589249289.1365714,173.194.151.108,10.10.0.10,,,443,41505,0,1358,17
1589249289.138192,10.10.0.10,173.194.151.108,,,41505,443,0,37,17
1589249289.145362,173.194.151.108,10.10.0.10,,,443,41505,0,1358,17
1589249289.1541252,173.194.151.108,10.10.0.10,,,443,41505,0,1358,17
1589249289.155816,10.10.0.10,173.194.151.108,,,41505,443,0,37,17
1589249289.1628973,173.194.151.108,10.10.0.10,,,443,41505,0,1358,17
1589249289.171673,173.194.151.108,10.10.0.10,,,443,41505,0,1358,17
1589249289.1734614,10.10.0.10,173.194.151.108,,,41505,443,0,50,17
1589249289.18045,173.194.151.108,10.10.0.10,,,443,41505,0,1358,17
1589249289.1892366,173.194.151.108,10.10.0.10,,,443,41505,0,1358,17
1589249289.190814,10.10.0.10,173.194.151.108,,,41505,443,0,37,17
1589249289.197998,173.194.151.108,10.10.0.10,,,443,41505,0,1358,17
1589249289.206775,173.194.151.108,10.10.0.10,,,443,41505,0,1358,17
1589249289.2087116,10.10.0.10,173.194.151.108,,,41505,443,0,37,17
1589249289.2155492,173.194.151.108,10.10.0.10,,,443,41505,0,1358,17
1589249289.224328,173.194.151.108,10.10.0.10,,,443,41505,0,1358,17
1589249289.2259376,10.10.0.10,173.194.151.108,,,41505,443,0,37,17
1589249289.2331102,173.194.151.108,10.10.0.10,,,443,41505,0,29,17
1589249289.2334974,173.194.151.108,10.10.0.10,,,443,41505,0,1358,17
1589249289.2422738,173.194.151.108,10.10.0.10,,,443,41505,0,1358,17
1589249289.2450619,10.10.0.10,173.194.151.108,,,41505,443,0,37,17
1589249289.2520974,173.194.151.108,10.10.0.10,,,443,41505,0,1358,17
1589249289.2608762,173.194.151.108,10.10.0.10,,,443,41505,0,1358,17
1589249289.2625608,10.10.0.10,173.194.151.108,,,41505,443,0,37,17
1589249289.269667,173.194.151.108,10.10.0.10,,,443,41505,0,1358,17
1589249289.27843,173.194.151.108,10.10.0.10,,,443,41505,0,1358,17
1589249289.280206,10.10.0.10,173.194.151.108,,,41505,443,0,37,17
1589249289.2872062,173.194.151.108,10.10.0.10,,,443,41505,0,1358,17
1589249289.295986,173.194.151.108,10.10.0.10,,,443,41505,0,1358,17
1589249289.2977061,10.10.0.10,173.194.151.108,,,41505,443,0,37,17
1589249289.3047519,173.194.151.108,10.10.0.10,,,443,41505,0,1358,17
1589249289.313543,173.194.151.108,10.10.0.10,,,443,41505,0,1358,17
1589249289.3154366,10.10.0.10,173.194.151.108,,,41505,443,0,37,17
1589249289.322305,173.194.151.108,10.10.0.10,,,443,41505,0,1358,17
1589249289.331079,173.194.151.108,10.10.0.10,,,443,41505,0,1358,17
1589249289.33281,10.10.0.10,173.194.151.108,,,41505,443,0,37,17
1589249289.3398578,173.194.151.108,10.10.0.10,,,443,41505,0,1358,17
1589249289.3486311,173.194.151.108,10.10.0.10,,,443,41505,0,1358,17
1589249289.3501885,10.10.0.10,173.194.151.108,,,41505,443,0,37,17
1589249289.3574178,173.194.151.108,10.10.0.10,,,443,41505,0,1358,17
1589249289.366182,173.194.151.108,10.10.0.10,,,443,41505,0,1358,17
1589249289.3684359,10.10.0.10,173.194.151.108,,,41505,443,0,37,17
1589249289.3749788,173.194.151.108,10.10.0.10,,,443,41505,0,1358,17
1589249289.3837378,173.194.151.108,10.10.0.10,,,443,41505,0,1358,17
1589249289.385434,10.10.0.10,173.194.151.108,,,41505,443,0,37,17
1589249289.3925116,173.194.151.108,10.10.0.10,,,443,41505,0,1358,17
1589249289.401295,173.194.151.108,10.10.0.10,,,443,41505,0,1358,17
1589249289.402953,10.10.0.10,173.194.151.108,,,41505,443,0,37,17
1589249289.410056,173.194.151.108,10.10.0.10,,,443,41505,0,1358,17
1589249289.4188519,173.194.151.108,10.10.0.10,,,443,41505,0,1358,17
1589249289.4204528,10.10.0.10,173.194.151.108,,,41505,443,0,37,17
1589249289.4276118,173.194.151.108,10.10.0.10,,,443,41505,0,1358,17
1589249289.4363859,173.194.151.108,10.10.0.10,,,443,41505,0,1358,17
1589249289.4384608,10.10.0.10,173.194.151.108,,,41505,443,0,37,17
1589249289.4451642,173.194.151.108,10.10.0.10,,,443,41505,0,1358,17
1589249289.453941,173.194.151.108,10.10.0.10,,,443,41505,0,1358,17
1589249289.4556868,10.10.0.10,173.194.151.108,,,41505,443,0,37,17
1589249289.462727,173.194.151.108,10.10.0.10,,,443,41505,0,1358,17
1589249289.471488,173.194.151.108,10.10.0.10,,,443,41505,0,1358,17
1589249289.474173,10.10.0.10,173.194.151.108,,,41505,443,0,37,17
1589249289.480266,173.194.151.108,10.10.0.10,,,443,41505,0,1358,17
1589249289.4890401,173.194.151.108,10.10.0.10,,,443,41505,0,1358,17
1589249289.4907002,10.10.0.10,173.194.151.108,,,41505,443,0,37,17
1589249289.4978132,173.194.151.108,10.10.0.10,,,443,41505,0,1358,17
1589249289.5066018,173.194.151.108,10.10.0.10,,,443,41505,0,1358,17
1589249289.509077,10.10.0.10,173.194.151.108,,,41505,443,0,37,17
1589249289.5153642,173.194.151.108,10.10.0.10,,,443,41505,0,1358,17
1589249289.5241401,173.194.151.108,10.10.0.10,,,443,41505,0,1358,17
1589249289.5259314,10.10.0.10,173.194.151.108,,,41505,443,0,50,17
1589249289.5329158,173.194.151.108,10.10.0.10,,,443,41505,0,1358,17
1589249289.5416932,173.194.151.108,10.10.0.10,,,443,41505,0,1358,17
1589249289.543304,10.10.0.10,173.194.151.108,,,41505,443,0,37,17
1589249289.5504649,173.194.151.108,10.10.0.10,,,443,41505,0,1358,17
1589249289.559242,173.194.151.108,10.10.0.10,,,443,41505,0,1358,17
1589249289.5608122,10.10.0.10,173.194.151.108,,,41505,443,0,37,17
1589249289.568022,173.194.151.108,10.10.0.10,,,443,41505,0,1358,17
1589249289.5767891,173.194.151.108,10.10.0.10,,,443,41505,0,1358,17
1589249289.5786731,10.10.0.10,173.194.151.108,,,41505,443,0,37,17
1589249289.585582,173.194.151.108,10.10.0.10,,,443,41505,0,1358,17
1589249289.5943394,173.194.151.108,10.10.0.10,,,443,41505,0,1358,17
1589249289.596057,10.10.0.10,173.194.151.108,,,41505,443,0,37,17
1589249289.6031165,173.194.151.108,10.10.0.10,,,443,41505,0,1358,17
1589249289.611887,173.194.151.108,10.10.0.10,,,443,41505,0,1358,17
1589249289.6150525,10.10.0.10,173.194.151.108,,,41505,443,0,37,17
1589249289.620662,173.194.151.108,10.10.0.10,,,443,41505,0,1358,17
1589249289.629443,173.194.151.108,10.10.0.10,,,443,41505,0,1358,17
1589249289.6318028,10.10.0.10,173.194.151.108,,,41505,443,0,37,17
1589249289.638228,173.194.151.108,10.10.0.10,,,443,41505,0,1358,17
1589249289.646992,173.194.151.108,10.10.0.10,,,443,41505,0,1358,17
1589249289.6485562,10.10.0.10,173.194.151.108,,,41505,443,0,37,17
1589249289.655767,173.194.151.108,10.10.0.10,,,443,41505,0,1358,17
1589249289.664546,173.194.151.108,10.10.0.10,,,443,41505,0,1358,17
1589249289.6661742,10.10.0.10,173.194.151.108,,,41505,443,0,37,17
1589249289.6733198,173.194.151.108,10.10.0.10,,,443,41505,0,1358,17
1589249289.6820931,173.194.151.108,10.10.0.10,,,443,41505,0,1358,17
1589249289.6836774,10.10.0.10,173.194.151.108,,,41505,443,0,37,17
1589249289.690868,173.194.151.108,10.10.0.10,,,443,41505,0,1358,17
1589249289.699641,173.194.151.108,10.10.0.10,,,443,41505,0,1358,17
1589249289.701442,10.10.0.10,173.194.151.108,,,41505,443,0,37,17
1589249289.708418,173.194.151.108,10.10.0.10,,,443,41505,0,1358,17
1589249289.717217,173.194.151.108,10.10.0.10,,,443,41505,0,1358,17
1589249289.718818,10.10.0.10,173.194.151.108,,,41505,443,0,37,17
1589249289.7259731,173.194.151.108,10.10.0.10,,,443,41505,0,1358,17
1589249289.734751,173.194.151.108,10.10.0.10,,,443,41505,0,1358,17
1589249289.736294,10.10.0.10,173.194.151.108,,,41505,443,0,37,17
1589249289.74353,173.194.151.108,10.10.0.10,,,443,41505,0,1358,17
1589249289.752295,173.194.151.108,10.10.0.10,,,443,41505,0,1358,17
1589249289.7610931,173.194.151.108,10.10.0.10,,,443,41505,0,1358,17
1589249289.7620444,10.10.0.10,173.194.151.108,,,41505,443,0,37,17
1589249289.769848,173.194.151.108,10.10.0.10,,,443,41505,0,1358,17
1589249289.771934,10.10.0.10,173.194.151.108,,,41505,443,0,37,17
1589249289.7786338,173.194.151.108,10.10.0.10,,,443,41505,0,1358,17
1589249289.7874038,173.194.151.108,10.10.0.10,,,443,41505,0,1358,17
1589249289.7894409,10.10.0.10,173.194.151.108,,,41505,443,0,37,17
1589249289.7961721,173.194.151.108,10.10.0.10,,,443,41505,0,1358,17
1589249289.804966,173.194.151.108,10.10.0.10,,,443,41505,0,1358,17
1589249289.8066974,10.10.0.10,173.194.151.108,,,41505,443,0,37,17
1589249289.813724,173.194.151.108,10.10.0.10,,,443,41505,0,1358,17
1589249289.8225029,173.194.151.108,10.10.0.10,,,443,41505,0,1358,17
1589249289.8240569,10.10.0.10,173.194.151.108,,,41505,443,0,37,17
1589249289.8312788,173.194.151.108,10.10.0.10,,,443,41505,0,1358,17
1589249289.840049,173.194.151.108,10.10.0.10,,,443,41505,0,1358,17
1589249289.8416762,10.10.0.10,173.194.151.108,,,41505,443,0,37,17
1589249289.848841,173.194.151.108,10.10.0.10,,,443,41505,0,1358,17
1589249289.8576038,173.194.151.108,10.10.0.10,,,443,41505,0,1358,17
1589249289.859128,10.10.0.10,173.194.151.108,,,41505,443,0,37,17
1589249289.8663802,173.194.151.108,10.10.0.10,,,443,41505,0,1358,17
1589249289.8751512,173.194.151.108,10.10.0.10,,,443,41505,0,1358,17
1589249289.8788,10.10.0.10,173.194.151.108,,,41505,443,0,50,17
1589249289.8839395,173.194.151.108,10.10.0.10,,,443,41505,0,1358,17
1589249289.892719,173.194.151.108,10.10.0.10,,,443,41505,0,1358,17
1589249289.894424,10.10.0.10,173.194.151.108,,,41505,443,0,37,17
1589249289.9014812,173.194.151.108,10.10.0.10,,,443,41505,0,1358,17
1589249289.910264,173.194.151.108,10.10.0.10,,,443,41505,0,1358,17
1589249289.912064,10.10.0.10,173.194.151.108,,,41505,443,0,37,17
1589249289.919032,173.194.151.108,10.10.0.10,,,443,41505,0,1358,17
1589249289.927808,173.194.151.108,10.10.0.10,,,443,41505,0,29,17
1589249289.9281974,173.194.151.108,10.10.0.10,,,443,41505,0,1358,17
1589249289.9296858,10.10.0.10,173.194.151.108,,,41505,443,0,37,17
1589249289.9369812,173.194.151.108,10.10.0.10,,,443,41505,0,1358,17
1589249289.9457548,173.194.151.108,10.10.0.10,,,443,41505,0,1358,17
1589249289.9475448,10.10.0.10,173.194.151.108,,,41505,443,0,37,17
1589249289.9545321,173.194.151.108,10.10.0.10,,,443,41505,0,1358,17
1589249289.963308,173.194.151.108,10.10.0.10,,,443,41505,0,1358,17
1589249289.964922,10.10.0.10,173.194.151.108,,,41505,443,0,37,17
1589249289.9720778,173.194.151.108,10.10.0.10,,,443,41505,0,1358,17
1589249289.9808571,173.194.151.108,10.10.0.10,,,443,41505,0,1358,17
1589249289.983811,10.10.0.10,173.194.151.108,,,41505,443,0,37,17
1589249289.989649,173.194.151.108,10.10.0.10,,,443,41505,0,1358,17
1589249289.998411,173.194.151.108,10.10.0.10,,,443,41505,0,1358,17
1589249290.0000439,10.10.0.10,173.194.151.108,,,41505,443,0,37,17
1589249290.007185,173.194.151.108,10.10.0.10,,,443,41505,0,1358,17
1589249290.01596,173.194.151.108,10.10.0.10,,,443,41505,0,1358,17
1589249290.017534,10.10.0.10,173.194.151.108,,,41505,443,0,37,17
1589249290.024734,173.194.151.108,10.10.0.10,,,443,41505,0,1358,17
1589249290.0335224,173.194.151.108,10.10.0.10,,,443,41505,0,1358,17
1589249290.035914,10.10.0.10,173.194.151.108,,,41505,443,0,37,17
1589249290.0422866,173.194.151.108,10.10.0.10,,,443,41505,0,1358,17
1589249290.051084,173.194.151.108,10.10.0.10,,,443,41505,0,1358,17
1589249290.0525591,10.10.0.10,173.194.151.108,,,41505,443,0,37,17
1589249290.0598366,173.194.151.108,10.10.0.10,,,443,41505,0,1358,17
1589249290.068611,173.194.151.108,10.10.0.10,,,443,41505,0,1358,17
1589249290.0702918,10.10.0.10,173.194.151.108,,,41505,443,0,37,17
1589249290.077395,173.194.151.108,10.10.0.10,,,443,41505,0,1358,17
1589249290.0861638,173.194.151.108,10.10.0.10,,,443,41505,0,1358,17
1589249290.0879052,10.10.0.10,173.194.151.108,,,41505,443,0,37,17
1589249290.094958,173.194.151.108,10.10.0.10,,,443,41505,0,1358,17
1589249290.103714,173.194.151.108,10.10.0.10,,,443,41505,0,1358,17
1589249290.112495,173.194.151.108,10.10.0.10,,,443,41505,0,1358,17
1589249290.1212714,173.194.151.108,10.10.0.10,,,443,41505,0,1358,17
1589249290.13004,173.194.151.108,10.10.0.10,,,443,41505,0,1358,17
1589249290.132287,10.10.0.10,173.194.151.108,,,41505,443,0,37,17
1589249290.133915,10.10.0.10,173.194.151.108,,,41505,443,0,37,17
1589249290.1388285,173.194.151.108,10.10.0.10,,,443,41505,0,1358,17
1589249290.140411,10.10.0.10,173.194.151.108,,,41505,443,0,37,17
1589249290.147592,173.194.151.108,10.10.0.10,,,443,41505,0,1358,17
1589249290.156368,173.194.151.108,10.10.0.10,,,443,41505,0,1358,17
1589249290.1584098,10.10.0.10,173.194.151.108,,,41505,443,0,37,17
1589249290.165143,173.194.151.108,10.10.0.10,,,443,41505,0,1358,17
1589249290.173919,173.194.151.108,10.10.0.10,,,443,41505,0,1358,17
1589249290.175805,10.10.0.10,173.194.151.108,,,41505,443,0,37,17
1589249290.1827052,173.194.151.108,10.10.0.10,,,443,41505,0,1358,17
1589249290.19147,173.194.151.108,10.10.0.10,,,443,41505,0,1358,17
1589249290.193053,10.10.0.10,173.194.151.108,,,41505,443,0,37,17
1589249290.200244,173.194.151.108,10.10.0.10,,,443,41505,0,1358,17
1589249290.20902,173.194.151.108,10.10.0.10,,,443,41505,0,1358,17
1589249290.210783,10.10.0.10,173.194.151.108,,,41505,443,0,37,17
1589249290.217795,173.194.151.108,10.10.0.10,,,443,41505,0,1358,17
1589249290.2265725,173.194.151.108,10.10.0.10,,,443,41505,0,1358,17
1589249290.230434,10.10.0.10,173.194.151.108,,,41505,443,0,50,17
1589249290.2353468,173.194.151.108,10.10.0.10,,,443,41505,0,1358,17
1589249290.244119,173.194.151.108,10.10.0.10,,,443,41505,0,1358,17
1589249290.245785,10.10.0.10,173.194.151.108,,,41505,443,0,37,17
1589249290.2528932,173.194.151.108,10.10.0.10,,,443,41505,0,1358,17
1589249290.261675,173.194.151.108,10.10.0.10,,,443,41505,0,1358,17
1589249290.2632818,10.10.0.10,173.194.151.108,,,41505,443,0,37,17
1589249290.2704554,173.194.151.108,10.10.0.10,,,443,41505,0,1358,17
1589249290.279222,173.194.151.108,10.10.0.10,,,443,41505,0,29,17
1589249290.279622,173.194.151.108,10.10.0.10,,,443,41505,0,1358,17
1589249290.2810595,10.10.0.10,173.194.151.108,,,41505,443,0,37,17
1589249290.2883961,173.194.151.108,10.10.0.10,,,443,41505,0,1358,17
1589249290.2971704,173.194.151.108,10.10.0.10,,,443,41505,0,1358,17
1589249290.298782,10.10.0.10,173.194.151.108,,,41505,443,0,37,17
1589249290.305954,173.194.151.108,10.10.0.10,,,443,41505,0,1358,17
1589249290.31472,173.194.151.108,10.10.0.10,,,443,41505,0,1358,17
1589249290.3164284,10.10.0.10,173.194.151.108,,,41505,443,0,37,17
1589249290.3234956,173.194.151.108,10.10.0.10,,,443,41505,0,1358,17
1589249290.3322682,173.194.151.108,10.10.0.10,,,443,41505,0,1358,17
1589249290.334179,10.10.0.10,173.194.151.108,,,41505,443,0,37,17
1589249290.341049,173.194.151.108,10.10.0.10,,,443,41505,0,1358,17
1589249290.3498278,173.194.151.108,10.10.0.10,,,443,41505,0,1358,17
1589249290.351655,10.10.0.10,173.194.151.108,,,41505,443,0,37,17
1589249290.358599,173.194.151.108,10.10.0.10,,,443,41505,0,1358,17
1589249290.3673882,173.194.151.108,10.10.0.10,,,443,41505,0,1358,17
1589249290.369928,10.10.0.10,173.194.151.108,,,41505,443,0,37,17
1589249290.376143,173.194.151.108,10.10.0.10,,,443,41505,0,1358,17
1589249290.3849242,173.194.151.108,10.10.0.10,,,443,41505,0,1358,17
1589249290.386654,10.10.0.10,173.194.151.108,,,41505,443,0,37,17
1589249290.393702,173.194.151.108,10.10.0.10,,,443,41505,0,1358,17
1589249290.402476,173.194.151.108,10.10.0.10,,,443,41505,0,1358,17
1589249290.40403,10.10.0.10,173.194.151.108,,,41505,443,0,37,17
1589249290.4112618,173.194.151.108,10.10.0.10,,,443,41505,0,1358,17
1589249290.420024,173.194.151.108,10.10.0.10,,,443,41505,0,1358,17
1589249290.422153,10.10.0.10,173.194.151.108,,,41505,443,0,37,17
1589249290.428801,173.194.151.108,10.10.0.10,,,443,41505,0,1358,17
1589249290.437578,173.194.151.108,10.10.0.10,,,443,41505,0,1358,17
1589249290.439152,10.10.0.10,173.194.151.108,,,41505,443,0,37,17
1589249290.446351,173.194.151.108,10.10.0.10,,,443,41505,0,1358,17
1589249290.4551349,173.194.151.108,10.10.0.10,,,443,41505,0,1358,17
1589249290.456901,10.10.0.10,173.194.151.108,,,41505,443,0,37,17
1589249290.463903,173.194.151.108,10.10.0.10,,,443,41505,0,1358,17
1589249290.472697,173.194.151.108,10.10.0.10,,,443,41505,0,1358,17
1589249290.474421,10.10.0.10,173.194.151.108,,,41505,443,0,37,17
1589249290.4814534,173.194.151.108,10.10.0.10,,,443,41505,0,1358,17
1589249290.490232,173.194.151.108,10.10.0.10,,,443,41505,0,1358,17
1589249290.491997,10.10.0.10,173.194.151.108,,,41505,443,0,37,17
1589249290.499008,173.194.151.108,10.10.0.10,,,443,41505,0,1358,17
1589249290.507777,173.194.151.108,10.10.0.10,,,443,41505,0,1358,17
1589249290.510046,10.10.0.10,173.194.151.108,,,41505,443,0,37,17
1589249290.5165722,173.194.151.108,10.10.0.10,,,443,41505,0,1358,17
1589249290.5253308,173.194.151.108,10.10.0.10,,,443,41505,0,1358,17
1589249290.526901,10.10.0.10,173.194.151.108,,,41505,443,0,37,17
1589249290.534134,173.194.151.108,10.10.0.10,,,443,41505,0,1358,17
1589249290.542883,173.194.151.108,10.10.0.10,,,443,41505,0,1358,17
1589249290.544401,10.10.0.10,173.194.151.108,,,41505,443,0,37,17
1589249290.5516589,173.194.151.108,10.10.0.10,,,443,41505,0,1358,17
1589249290.560448,173.194.151.108,10.10.0.10,,,443,41505,0,1358,17
1589249290.5623019,10.10.0.10,173.194.151.108,,,41505,443,0,37,17
1589249290.569207,173.194.151.108,10.10.0.10,,,443,41505,0,1358,17
1589249290.5779822,173.194.151.108,10.10.0.10,,,443,41505,0,1358,17
1589249290.579793,10.10.0.10,173.194.151.108,,,41505,443,0,50,17
1589249290.5867548,173.194.151.108,10.10.0.10,,,443,41505,0,1358,17
1589249290.595537,173.194.151.108,10.10.0.10,,,443,41505,0,1358,17
1589249290.597641,10.10.0.10,173.194.151.108,,,41505,443,0,37,17
1589249290.604308,173.194.151.108,10.10.0.10,,,443,41505,0,1358,17
1589249290.6130786,173.194.151.108,10.10.0.10,,,443,41505,0,1358,17
1589249290.614795,10.10.0.10,173.194.151.108,,,41505,443,0,37,17
1589249290.6218598,173.194.151.108,10.10.0.10,,,443,41505,0,1358,17
1589249290.6306348,173.194.151.108,10.10.0.10,,,443,41505,0,29,17
1589249290.631027,173.194.151.108,10.10.0.10,,,443,41505,0,1358,17
1589249290.632998,10.10.0.10,173.194.151.108,,,41505,443,0,37,17
1589249290.639818,173.194.151.108,10.10.0.10,,,443,41505,0,1358,17
1589249290.648584,173.194.151.108,10.10.0.10,,,443,41505,0,1358,17
1589249290.6501482,10.10.0.10,173.194.151.108,,,41505,443,0,37,17
1589249290.6573591,173.194.151.108,10.10.0.10,,,443,41505,0,1358,17
1589249290.666137,173.194.151.108,10.10.0.10,,,443,41505,0,1358,17
1589249290.667742,10.10.0.10,173.194.151.108,,,41505,443,0,37,17
1589249290.674907,173.194.151.108,10.10.0.10,,,443,41505,0,1358,17
1589249290.68368,173.194.151.108,10.10.0.10,,,443,41505,0,1358,17
1589249290.685267,10.10.0.10,173.194.151.108,,,41505,443,0,37,17
1589249290.692457,173.194.151.108,10.10.0.10,,,443,41505,0,1358,17
1589249290.7012498,173.194.151.108,10.10.0.10,,,443,41505,0,1358,17
1589249290.7048962,10.10.0.10,173.194.151.108,,,41505,443,0,37,17
1589249290.710008,173.194.151.108,10.10.0.10,,,443,41505,0,1358,17
1589249290.718787,173.194.151.108,10.10.0.10,,,443,41505,0,1358,17
1589249290.7202668,10.10.0.10,173.194.151.108,,,41505,443,0,37,17
1589249290.727566,173.194.151.108,10.10.0.10,,,443,41505,0,1358,17
1589249290.7363381,173.194.151.108,10.10.0.10,,,443,41505,0,1358,17
1589249290.7378874,10.10.0.10,173.194.151.108,,,41505,443,0,37,17
1589249290.745126,173.194.151.108,10.10.0.10,,,443,41505,0,1358,17
1589249290.753887,173.194.151.108,10.10.0.10,,,443,41505,0,1358,17
1589249290.7555401,10.10.0.10,173.194.151.108,,,41505,443,0,37,17
1589249290.76267,173.194.151.108,10.10.0.10,,,443,41505,0,1358,17
1589249290.771442,173.194.151.108,10.10.0.10,,,443,41505,0,1358,17
1589249290.773018,10.10.0.10,173.194.151.108,,,41505,443,0,37,17
1589249290.78021,173.194.151.108,10.10.0.10,,,443,41505,0,1358,17
1589249290.788988,173.194.151.108,10.10.0.10,,,443,41505,0,1358,17
1589249290.7906241,10.10.0.10,173.194.151.108,,,41505,443,0,37,17
1589249290.79776,173.194.151.108,10.10.0.10,,,443,41505,0,1358,17
1589249290.806561,173.194.151.108,10.10.0.10,,,443,41505,0,1358,17
1589249290.8084009,10.10.0.10,173.194.151.108,,,41505,443,0,37,17
1589249290.8153124,173.194.151.108,10.10.0.10,,,443,41505,0,1358,17
1589249290.824088,173.194.151.108,10.10.0.10,,,443,41505,0,1358,17
1589249290.8260348,10.10.0.10,173.194.151.108,,,41505,443,0,37,17
1589249290.8328724,173.194.151.108,10.10.0.10,,,443,41505,0,1358,17
1589249290.8416376,173.194.151.108,10.10.0.10,,,443,41505,0,1358,17
1589249290.843641,10.10.0.10,173.194.151.108,,,41505,443,0,37,17
1589249290.8504348,173.194.151.108,10.10.0.10,,,443,41505,0,1358,17
1589249290.8591928,173.194.151.108,10.10.0.10,,,443,41505,0,1358,17
1589249290.8607821,10.10.0.10,173.194.151.108,,,41505,443,0,37,17
1589249290.867968,173.194.151.108,10.10.0.10,,,443,41505,0,1358,17
1589249290.8767395,173.194.151.108,10.10.0.10,,,443,41505,0,1358,17
1589249290.8786616,10.10.0.10,173.194.151.108,,,41505,443,0,37,17
1589249290.88552,173.194.151.108,10.10.0.10,,,443,41505,0,1358,17
1589249290.89431,173.194.151.108,10.10.0.10,,,443,41505,0,1358,17
1589249290.896018,10.10.0.10,173.194.151.108,,,41505,443,0,37,17
1589249290.903073,173.194.151.108,10.10.0.10,,,443,41505,0,1358,17
1589249290.9118452,173.194.151.108,10.10.0.10,,,443,41505,0,1358,17
1589249290.9135141,10.10.0.10,173.194.151.108,,,41505,443,0,37,17
1589249290.9206214,173.194.151.108,10.10.0.10,,,443,41505,0,1358,17
1589249290.929398,173.194.151.108,10.10.0.10,,,443,41505,0,1358,17
1589249290.931909,10.10.0.10,173.194.151.108,,,41505,443,0,50,17
1589249290.938168,173.194.151.108,10.10.0.10,,,443,41505,0,1358,17
1589249290.9469476,173.194.151.108,10.10.0.10,,,443,41505,0,1358,17
1589249290.948637,10.10.0.10,173.194.151.108,,,41505,443,0,37,17
1589249290.9557226,173.194.151.108,10.10.0.10,,,443,41505,0,1358,17
1589249290.964495,173.194.151.108,10.10.0.10,,,443,41505,0,1358,17
1589249290.9662669,10.10.0.10,173.194.151.108,,,41505,443,0,37,17
1589249290.973276,173.194.151.108,10.10.0.10,,,443,41505,0,1358,17
1589249290.9820588,173.194.151.108,10.10.0.10,,,443,41505,0,29,17
1589249290.98244,173.194.151.108,10.10.0.10,,,443,41505,0,1358,17
1589249290.984778,10.10.0.10,173.194.151.108,,,41505,443,0,37,17
1589249290.991225,173.194.151.108,10.10.0.10,,,443,41505,0,1358,17
1589249290.9999962,173.194.151.108,10.10.0.10,,,443,41505,0,1358,17
1589249291.00176,10.10.0.10,173.194.151.108,,,41505,443,0,37,17
1589249291.008773,173.194.151.108,10.10.0.10,,,443,41505,0,1358,17
1589249291.017559,173.194.151.108,10.10.0.10,,,443,41505,0,1358,17
1589249291.019512,10.10.0.10,173.194.151.108,,,41505,443,0,37,17
1589249291.0263276,173.194.151.108,10.10.0.10,,,443,41505,0,1358,17
1589249291.0350988,173.194.151.108,10.10.0.10,,,443,41505,0,1358,17
1589249291.0366561,10.10.0.10,173.194.151.108,,,41505,443,0,37,17
1589249291.043873,173.194.151.108,10.10.0.10,,,443,41505,0,1358,17
1589249291.052652,173.194.151.108,10.10.0.10,,,443,41505,0,1358,17
1589249291.054134,10.10.0.10,173.194.151.108,,,41505,443,0,37,17
1589249291.0614321,173.194.151.108,10.10.0.10,,,443,41505,0,1358,17
1589249291.0702028,173.194.151.108,10.10.0.10,,,443,41505,0,1358,17
1589249291.07176,10.10.0.10,173.194.151.108,,,41505,443,0,37,17
1589249291.078992,173.194.151.108,10.10.0.10,,,443,41505,0,1358,17
1589249291.087754,173.194.151.108,10.10.0.10,,,443,41505,0,1358,17
1589249291.0895288,10.10.0.10,173.194.151.108,,,41505,443,0,37,17
1589249291.096529,173.194.151.108,10.10.0.10,,,443,41505,0,1358,17
1589249291.1053069,173.194.151.108,10.10.0.10,,,443,41505,0,1358,17
1589249291.107393,10.10.0.10,173.194.151.108,,,41505,443,0,37,17
1589249291.114079,173.194.151.108,10.10.0.10,,,443,41505,0,1358,17
1589249291.122865,173.194.151.108,10.10.0.10,,,443,41505,0,1358,17
1589249291.1245296,10.10.0.10,173.194.151.108,,,41505,443,0,37,17
1589249291.1316292,173.194.151.108,10.10.0.10,,,443,41505,0,1358,17
1589249291.1404028,173.194.151.108,10.10.0.10,,,443,41505,0,1358,17
1589249291.142257,10.10.0.10,173.194.151.108,,,41505,443,0,37,17
1589249291.1491802,173.194.151.108,10.10.0.10,,,443,41505,0,1358,17
1589249291.1579552,173.194.151.108,10.10.0.10,,,443,41505,0,1358,17
1589249291.1596339,10.10.0.10,173.194.151.108,,,41505,443,0,37,17
1589249291.166739,173.194.151.108,10.10.0.10,,,443,41505,0,1358,17
1589249291.175506,173.194.151.108,10.10.0.10,,,443,41505,0,1358,17
1589249291.177249,10.10.0.10,173.194.151.108,,,41505,443,0,37,17
1589249291.1843019,173.194.151.108,10.10.0.10,,,443,41505,0,1358,17
1589249291.193057,173.194.151.108,10.10.0.10,,,443,41505,0,1358,17
1589249291.1948998,10.10.0.10,173.194.151.108,,,41505,443,0,37,17
1589249291.201832,173.194.151.108,10.10.0.10,,,443,41505,0,1358,17
1589249291.210613,173.194.151.108,10.10.0.10,,,443,41505,0,1358,17
1589249291.212256,10.10.0.10,173.194.151.108,,,41505,443,0,37,17
1589249291.219382,173.194.151.108,10.10.0.10,,,443,41505,0,1358,17
1589249291.228153,173.194.151.108,10.10.0.10,,,443,41505,0,1358,17
1589249291.229899,10.10.0.10,173.194.151.108,,,41505,443,0,37,17
1589249291.2369332,173.194.151.108,10.10.0.10,,,443,41505,0,1358,17
1589249291.2457082,173.194.151.108,10.10.0.10,,,443,41505,0,1358,17
1589249291.2473712,10.10.0.10,173.194.151.108,,,41505,443,0,37,17
1589249291.2544868,173.194.151.108,10.10.0.10,,,443,41505,0,1358,17
1589249291.263259,173.194.151.108,10.10.0.10,,,443,41505,0,1358,17
1589249291.265003,10.10.0.10,173.194.151.108,,,41505,443,0,37,17
1589249291.272035,173.194.151.108,10.10.0.10,,,443,41505,0,1358,17
1589249291.2808099,173.194.151.108,10.10.0.10,,,443,41505,0,1358,17
1589249291.282505,10.10.0.10,173.194.151.108,,,41505,443,0,50,17
1589249291.2895849,173.194.151.108,10.10.0.10,,,443,41505,0,1358,17
1589249291.298362,173.194.151.108,10.10.0.10,,,443,41505,0,1358,17
1589249291.2999759,10.10.0.10,173.194.151.108,,,41505,443,0,37,17
1589249291.3071446,173.194.151.108,10.10.0.10,,,443,41505,0,1358,17
1589249291.3159251,173.194.151.108,10.10.0.10,,,443,41505,0,1358,17
1589249291.317654,10.10.0.10,173.194.151.108,,,41505,443,0,37,17
1589249291.3246891,173.194.151.108,10.10.0.10,,,443,41505,0,1358,17
1589249291.3334641,173.194.151.108,10.10.0.10,,,443,41505,0,29,17
1589249291.3338542,173.194.151.108,10.10.0.10,,,443,41505,0,1358,17
1589249291.335376,10.10.0.10,173.194.151.108,,,41505,443,0,37,17
1589249291.3426368,173.194.151.108,10.10.0.10,,,443,41505,0,1358,17
1589249291.351423,173.194.151.108,10.10.0.10,,,443,41505,0,1358,17
1589249291.354521,10.10.0.10,173.194.151.108,,,41505,443,0,37,17
1589249291.3601859,173.194.151.108,10.10.0.10,,,443,41505,0,1358,17
1589249291.3689609,173.194.151.108,10.10.0.10,,,443,41505,0,1358,17
1589249291.371149,10.10.0.10,173.194.151.108,,,41505,443,0,37,17
1589249291.3777332,173.194.151.108,10.10.0.10,,,443,41505,0,1358,17
1589249291.386513,173.194.151.108,10.10.0.10,,,443,41505,0,1358,17
1589249291.395298,173.194.151.108,10.10.0.10,,,443,41505,0,1358,17
1589249291.4040658,173.194.151.108,10.10.0.10,,,443,41505,0,1358,17
1589249291.4080212,10.10.0.10,173.194.151.108,,,41505,443,0,37,17
1589249291.408375,10.10.0.10,173.194.151.108,,,41505,443,0,37,17
1589249291.412842,173.194.151.108,10.10.0.10,,,443,41505,0,1358,17
1589249291.4216142,173.194.151.108,10.10.0.10,,,443,41505,0,1358,17
1589249291.425742,10.10.0.10,173.194.151.108,,,41505,443,0,37,17
1589249291.4303901,173.194.151.108,10.10.0.10,,,443,41505,0,1358,17
1589249291.43917,173.194.151.108,10.10.0.10,,,443,41505,0,1358,17
1589249291.4408748,10.10.0.10,173.194.151.108,,,41505,443,0,37,17
1589249291.447941,173.194.151.108,10.10.0.10,,,443,41505,0,1358,17
1589249291.4567325,173.194.151.108,10.10.0.10,,,443,41505,0,1358,17
1589249291.4583642,10.10.0.10,173.194.151.108,,,41505,443,0,37,17
1589249291.4654908,173.194.151.108,10.10.0.10,,,443,41505,0,1358,17
1589249291.4742699,173.194.151.108,10.10.0.10,,,443,41505,0,1358,17
1589249291.4759982,10.10.0.10,173.194.151.108,,,41505,443,0,37,17
1589249291.483046,173.194.151.108,10.10.0.10,,,443,41505,0,1358,17
1589249291.491819,173.194.151.108,10.10.0.10,,,443,41505,0,1358,17
1589249291.4934974,10.10.0.10,173.194.151.108,,,41505,443,0,37,17
1589249291.5006044,173.194.151.108,10.10.0.10,,,443,41505,0,1358,17
1589249291.509369,173.194.151.108,10.10.0.10,,,443,41505,0,1358,17
1589249291.511268,10.10.0.10,173.194.151.108,,,41505,443,0,37,17
1589249291.518167,173.194.151.108,10.10.0.10,,,443,41505,0,1358,17
1589249291.5269198,173.194.151.108,10.10.0.10,,,443,41505,0,1358,17
1589249291.528623,10.10.0.10,173.194.151.108,,,41505,443,0,37,17
1589249291.5356948,173.194.151.108,10.10.0.10,,,443,41505,0,1358,17
1589249291.544481,173.194.151.108,10.10.0.10,,,443,41505,0,1358,17
1589249291.545995,10.10.0.10,173.194.151.108,,,41505,443,0,37,17
1589249291.553246,173.194.151.108,10.10.0.10,,,443,41505,0,1358,17
1589249291.56204,173.194.151.108,10.10.0.10,,,443,41505,0,1358,17
1589249291.5635002,10.10.0.10,173.194.151.108,,,41505,443,0,37,17
1589249291.5707948,173.194.151.108,10.10.0.10,,,443,41505,0,1358,17
1589249291.5795715,173.194.151.108,10.10.0.10,,,443,41505,0,1358,17
1589249291.5811412,10.10.0.10,173.194.151.108,,,41505,443,0,37,17
1589249291.5883546,173.194.151.108,10.10.0.10,,,443,41505,0,1358,17
1589249291.597124,173.194.151.108,10.10.0.10,,,443,41505,0,1358,17
1589249291.5997438,10.10.0.10,173.194.151.108,,,41505,443,0,37,17
1589249291.6059,173.194.151.108,10.10.0.10,,,443,41505,0,1358,17
1589249291.614674,173.194.151.108,10.10.0.10,,,443,41505,0,1358,17
1589249291.616096,10.10.0.10,173.194.151.108,,,41505,443,0,37,17
1589249291.6234524,173.194.151.108,10.10.0.10,,,443,41505,0,1358,17
1589249291.6322205,173.194.151.108,10.10.0.10,,,443,41505,0,1358,17
1589249291.635246,10.10.0.10,173.194.151.108,,,41505,443,0,50,17
1589249291.641,173.194.151.108,10.10.0.10,,,443,41505,0,1358,17
1589249291.649791,173.194.151.108,10.10.0.10,,,443,41505,0,1358,17
1589249291.65188,10.10.0.10,173.194.151.108,,,41505,443,0,37,17
1589249291.65855,173.194.151.108,10.10.0.10,,,443,41505,0,1358,17
1589249291.667326,173.194.151.108,10.10.0.10,,,443,41505,0,1358,17
1589249291.6688302,10.10.0.10,173.194.151.108,,,41505,443,0,37,17
1589249291.6760988,173.194.151.108,10.10.0.10,,,443,41505,0,1358,17
1589249291.6848779,173.194.151.108,10.10.0.10,,,443,41505,0,29,17
1589249291.685268,173.194.151.108,10.10.0.10,,,443,41505,0,1358,17
1589249291.686741,10.10.0.10,173.194.151.108,,,41505,443,0,37,17
1589249291.6940515,173.194.151.108,10.10.0.10,,,443,41505,0,1358,17
1589249291.702824,173.194.151.108,10.10.0.10,,,443,41505,0,1358,17
1589249291.7052348,10.10.0.10,173.194.151.108,,,41505,443,0,37,17
1589249291.7115965,173.194.151.108,10.10.0.10,,,443,41505,0,1358,17
1589249291.7203715,173.194.151.108,10.10.0.10,,,443,41505,0,1358,17
1589249291.7221198,10.10.0.10,173.194.151.108,,,41505,443,0,37,17
1589249291.72916,173.194.151.108,10.10.0.10,,,443,41505,0,1358,17
1589249291.737925,173.194.151.108,10.10.0.10,,,443,41505,0,1358,17
1589249291.7394724,10.10.0.10,173.194.151.108,,,41505,443,0,37,17
1589249291.7466972,173.194.151.108,10.10.0.10,,,443,41505,0,1358,17
1589249291.755471,173.194.151.108,10.10.0.10,,,443,41505,0,1358,17
1589249291.757097,10.10.0.10,173.194.151.108,,,41505,443,0,37,17
1589249291.764245,173.194.151.108,10.10.0.10,,,443,41505,0,1358,17
1589249291.7730205,173.194.151.108,10.10.0.10,,,443,41505,0,1358,17
1589249291.77459,10.10.0.10,173.194.151.108,,,41505,443,0,37,17
1589249291.7818,173.194.151.108,10.10.0.10,,,443,41505,0,1358,17
1589249291.7905939,173.194.151.108,10.10.0.10,,,443,41505,0,1358,17
1589249291.794894,10.10.0.10,173.194.151.108,,,41505,443,0,37,17
1589249291.799349,173.194.151.108,10.10.0.10,,,443,41505,0,1358,17
1589249291.808125,173.194.151.108,10.10.0.10,,,443,41505,0,1358,17
1589249291.809863,10.10.0.10,173.194.151.108,,,41505,443,0,37,17
1589249291.81691,173.194.151.108,10.10.0.10,,,443,41505,0,1358,17
1589249291.825681,173.194.151.108,10.10.0.10,,,443,41505,0,1358,17
1589249291.8272061,10.10.0.10,173.194.151.108,,,41505,443,0,37,17
1589249291.8343859,10.10.0.10,173.194.151.108,,,41505,443,0,722,17
1589249291.834413,10.10.0.10,173.194.151.108,,,41505,443,0,48,17
1589249291.8344624,173.194.151.108,10.10.0.10,,,443,41505,0,1358,17
1589249291.8432329,173.194.151.108,10.10.0.10,,,443,41505,0,1358,17
1589249291.844881,10.10.0.10,173.194.151.108,,,41505,443,0,37,17
1589249291.852008,173.194.151.108,10.10.0.10,,,443,41505,0,1358,17
1589249291.860786,173.194.151.108,10.10.0.10,,,443,41505,0,1358,17
1589249291.8627384,10.10.0.10,173.194.151.108,,,41505,443,0,37,17
1589249291.8695538,173.194.151.108,10.10.0.10,,,443,41505,0,1358,17
1589249291.878344,173.194.151.108,10.10.0.10,,,443,41505,0,29,17
1589249291.878724,173.194.151.108,10.10.0.10,,,443,41505,0,1358,17
1589249291.88036,10.10.0.10,173.194.151.108,,,41505,443,0,37,17
1589249291.8875039,173.194.151.108,10.10.0.10,,,443,41505,0,1358,17
1589249291.8962774,173.194.151.108,10.10.0.10,,,443,41505,0,1358,17
1589249291.897882,10.10.0.10,173.194.151.108,,,41505,443,0,37,17
1589249291.905056,173.194.151.108,10.10.0.10,,,443,41505,0,1358,17
1589249291.913847,173.194.151.108,10.10.0.10,,,443,41505,0,1358,17
1589249291.9155061,10.10.0.10,173.194.151.108,,,41505,443,0,37,17
1589249291.922606,173.194.151.108,10.10.0.10,,,443,41505,0,1358,17
1589249291.931405,173.194.151.108,10.10.0.10,,,443,41505,0,1358,17
1589249291.933003,10.10.0.10,173.194.151.108,,,41505,443,0,37,17
1589249291.940153,173.194.151.108,10.10.0.10,,,443,41505,0,1358,17
1589249291.948932,173.194.151.108,10.10.0.10,,,443,41505,0,1358,17
1589249291.9510028,10.10.0.10,173.194.151.108,,,41505,443,0,37,17
1589249291.9577155,173.194.151.108,10.10.0.10,,,443,41505,0,1358,17
1589249291.9664829,173.194.151.108,10.10.0.10,,,443,41505,0,1358,17
1589249291.969002,10.10.0.10,173.194.151.108,,,41505,443,0,37,17
1589249291.9752786,173.194.151.108,10.10.0.10,,,443,41505,0,1358,17
1589249291.9840472,173.194.151.108,10.10.0.10,,,443,41505,0,1358,17
1589249291.9854784,10.10.0.10,173.194.151.108,,,41505,443,0,37,17
1589249291.992811,173.194.151.108,10.10.0.10,,,443,41505,0,1358,17
1589249292.001591,173.194.151.108,10.10.0.10,,,443,41505,0,1358,17
1589249292.003482,10.10.0.10,173.194.151.108,,,41505,443,0,37,17
1589249292.0103624,173.194.151.108,10.10.0.10,,,443,41505,0,1358,17
1589249292.019151,173.194.151.108,10.10.0.10,,,443,41505,0,1358,17
1589249292.0208561,10.10.0.10,173.194.151.108,,,41505,443,0,37,17
1589249292.027912,173.194.151.108,10.10.0.10,,,443,41505,0,1358,17
1589249292.036688,173.194.151.108,10.10.0.10,,,443,41505,0,1358,17
1589249292.0383492,10.10.0.10,173.194.151.108,,,41505,443,0,37,17
1589249292.045465,173.194.151.108,10.10.0.10,,,443,41505,0,1358,17
1589249292.054239,173.194.151.108,10.10.0.10,,,443,41505,0,1358,17
1589249292.055883,10.10.0.10,173.194.151.108,,,41505,443,0,37,17
1589249292.0630288,173.194.151.108,10.10.0.10,,,443,41505,0,1358,17
1589249292.07179,173.194.151.108,10.10.0.10,,,443,41505,0,1358,17
1589249292.0735009,10.10.0.10,173.194.151.108,,,41505,443,0,37,17
1589249292.0805638,173.194.151.108,10.10.0.10,,,443,41505,0,1358,17
1589249292.0893419,173.194.151.108,10.10.0.10,,,443,41505,0,1358,17
1589249292.091375,10.10.0.10,173.194.151.108,,,41505,443,0,37,17
1589249292.098115,173.194.151.108,10.10.0.10,,,443,41505,0,1358,17
1589249292.1069012,173.194.151.108,10.10.0.10,,,443,41505,0,1358,17
1589249292.108881,10.10.0.10,173.194.151.108,,,41505,443,0,37,17
1589249292.115666,173.194.151.108,10.10.0.10,,,443,41505,0,1358,17
1589249292.124442,173.194.151.108,10.10.0.10,,,443,41505,0,1358,17
1589249292.12625,10.10.0.10,173.194.151.108,,,41505,443,0,37,17
1589249292.1332178,173.194.151.108,10.10.0.10,,,443,41505,0,1358,17
1589249292.141993,173.194.151.108,10.10.0.10,,,443,41505,0,1358,17
1589249292.1435974,10.10.0.10,173.194.151.108,,,41505,443,0,37,17
1589249292.150776,173.194.151.108,10.10.0.10,,,443,41505,0,1358,17
1589249292.159544,173.194.151.108,10.10.0.10,,,443,41505,0,1358,17
1589249292.16123,10.10.0.10,173.194.151.108,,,41505,443,0,37,17
1589249292.1683366,173.194.151.108,10.10.0.10,,,443,41505,0,1358,17
1589249292.1770964,173.194.151.108,10.10.0.10,,,443,41505,0,1358,17
1589249292.1787262,10.10.0.10,173.194.151.108,,,41505,443,0,50,17
1589249292.185879,173.194.151.108,10.10.0.10,,,443,41505,0,1358,17
1589249292.19465,173.194.151.108,10.10.0.10,,,443,41505,0,1358,17
1589249292.1964989,10.10.0.10,173.194.151.108,,,41505,443,0,37,17
1589249292.203421,173.194.151.108,10.10.0.10,,,443,41505,0,1358,17
1589249292.21221,173.194.151.108,10.10.0.10,,,443,41505,0,1358,17
1589249292.214225,10.10.0.10,173.194.151.108,,,41505,443,0,37,17
1589249292.220972,173.194.151.108,10.10.0.10,,,443,41505,0,1358,17
1589249292.229745,173.194.151.108,10.10.0.10,,,443,41505,0,29,17
1589249292.230143,173.194.151.108,10.10.0.10,,,443,41505,0,1358,17
1589249292.2316198,10.10.0.10,173.194.151.108,,,41505,443,0,37,17
1589249292.238919,173.194.151.108,10.10.0.10,,,443,41505,0,1358,17
1589249292.247709,173.194.151.108,10.10.0.10,,,443,41505,0,1358,17
1589249292.2494748,10.10.0.10,173.194.151.108,,,41505,443,0,37,17
1589249292.25647,173.194.151.108,10.10.0.10,,,443,41505,0,1358,17
1589249292.2652452,173.194.151.108,10.10.0.10,,,443,41505,0,1358,17
1589249292.2668538,10.10.0.10,173.194.151.108,,,41505,443,0,37,17
1589249292.274024,173.194.151.108,10.10.0.10,,,443,41505,0,1358,17
1589249292.2827961,173.194.151.108,10.10.0.10,,,443,41505,0,1358,17
1589249292.284368,10.10.0.10,173.194.151.108,,,41505,443,0,37,17
1589249292.291582,173.194.151.108,10.10.0.10,,,443,41505,0,1358,17
1589249292.3003464,173.194.151.108,10.10.0.10,,,443,41505,0,1358,17
1589249292.302223,10.10.0.10,173.194.151.108,,,41505,443,0,37,17
1589249292.3091419,173.194.151.108,10.10.0.10,,,443,41505,0,1358,17
1589249292.317898,173.194.151.108,10.10.0.10,,,443,41505,0,1358,17
1589249292.319473,10.10.0.10,173.194.151.108,,,41505,443,0,37,17
1589249292.326674,173.194.151.108,10.10.0.10,,,443,41505,0,1358,17
1589249292.3354561,173.194.151.108,10.10.0.10,,,443,41505,0,1358,17
1589249292.33709,10.10.0.10,173.194.151.108,,,41505,443,0,37,17
1589249292.3442268,173.194.151.108,10.10.0.10,,,443,41505,0,1358,17
1589249292.3530169,173.194.151.108,10.10.0.10,,,443,41505,0,1358,17
1589249292.354722,10.10.0.10,173.194.151.108,,,41505,443,0,37,17
1589249292.3617759,173.194.151.108,10.10.0.10,,,443,41505,0,1358,17
1589249292.3705509,173.194.151.108,10.10.0.10,,,443,41505,0,1358,17
1589249292.372839,10.10.0.10,173.194.151.108,,,41505,443,0,37,17
1589249292.3793368,173.194.151.108,10.10.0.10,,,443,41505,0,1358,17
1589249292.388103,173.194.151.108,10.10.0.10,,,443,41505,0,1358,17
1589249292.3897245,10.10.0.10,173.194.151.108,,,41505,443,0,37,17
1589249292.3968909,173.194.151.108,10.10.0.10,,,443,41505,0,1358,17
1589249292.4056518,173.194.151.108,10.10.0.10,,,443,41505,0,1358,17
1589249292.407349,10.10.0.10,173.194.151.108,,,41505,443,0,37,17
1589249292.4144258,173.194.151.108,10.10.0.10,,,443,41505,0,1358,17
1589249292.423203,173.194.151.108,10.10.0.10,,,443,41505,0,1358,17
1589249292.424969,10.10.0.10,173.194.151.108,,,41505,443,0,37,17
1589249292.431977,173.194.151.108,10.10.0.10,,,443,41505,0,1358,17
1589249292.440753,173.194.151.108,10.10.0.10,,,443,41505,0,1358,17
1589249292.4423351,10.10.0.10,173.194.151.108,,,41505,443,0,37,17
1589249292.4495332,173.194.151.108,10.10.0.10,,,443,41505,0,1358,17
1589249292.4583,173.194.151.108,10.10.0.10,,,443,41505,0,1358,17
1589249292.459992,10.10.0.10,173.194.151.108,,,41505,443,0,37,17
1589249292.467081,173.194.151.108,10.10.0.10,,,443,41505,0,1358,17
1589249292.475856,173.194.151.108,10.10.0.10,,,443,41505,0,1358,17
1589249292.4774704,10.10.0.10,173.194.151.108,,,41505,443,0,37,17
1589249292.484643,173.194.151.108,10.10.0.10,,,443,41505,0,1358,17
1589249292.493405,173.194.151.108,10.10.0.10,,,443,41505,0,1358,17
1589249292.49786,10.10.0.10,173.194.151.108,,,41505,443,0,37,17
1589249292.502182,173.194.151.108,10.10.0.10,,,443,41505,0,1358,17
1589249292.510957,173.194.151.108,10.10.0.10,,,443,41505,0,1358,17
1589249292.512594,10.10.0.10,173.194.151.108,,,41505,443,0,37,17
1589249292.5197332,173.194.151.108,10.10.0.10,,,443,41505,0,1358,17
1589249292.5285149,173.194.151.108,10.10.0.10,,,443,41505,0,1358,17
1589249292.530234,10.10.0.10,173.194.151.108,,,41505,443,0,50,17
1589249292.53728,173.194.151.108,10.10.0.10,,,443,41505,0,1358,17
1589249292.5460749,173.194.151.108,10.10.0.10,,,443,41505,0,1358,17
1589249292.5478618,10.10.0.10,173.194.151.108,,,41505,443,0,37,17
1589249292.5548372,173.194.151.108,10.10.0.10,,,443,41505,0,1358,17
1589249292.563608,173.194.151.108,10.10.0.10,,,443,41505,0,1358,17
1589249292.565334,10.10.0.10,173.194.151.108,,,41505,443,0,37,17
1589249292.572391,173.194.151.108,10.10.0.10,,,443,41505,0,1358,17
1589249292.581161,173.194.151.108,10.10.0.10,,,443,41505,0,29,17
1589249292.5815752,173.194.151.108,10.10.0.10,,,443,41505,0,1358,17
1589249292.5848632,10.10.0.10,173.194.151.108,,,41505,443,0,37,17
1589249292.5903342,173.194.151.108,10.10.0.10,,,443,41505,0,1358,17
1589249292.5991068,173.194.151.108,10.10.0.10,,,443,41505,0,1358,17
1589249292.600717,10.10.0.10,173.194.151.108,,,41505,443,0,37,17
1589249292.607883,173.194.151.108,10.10.0.10,,,443,41505,0,1358,17
1589249292.6166608,173.194.151.108,10.10.0.10,,,443,41505,0,1358,17
1589249292.6184552,10.10.0.10,173.194.151.108,,,41505,443,0,37,17
1589249292.625433,173.194.151.108,10.10.0.10,,,443,41505,0,1358,17
1589249292.634206,173.194.151.108,10.10.0.10,,,443,41505,0,1358,17
1589249292.635944,10.10.0.10,173.194.151.108,,,41505,443,0,37,17
1589249292.642981,173.194.151.108,10.10.0.10,,,443,41505,0,1358,17
1589249292.651757,173.194.151.108,10.10.0.10,,,443,41505,0,1358,17
1589249292.653589,10.10.0.10,173.194.151.108,,,41505,443,0,37,17
1589249292.6605306,173.194.151.108,10.10.0.10,,,443,41505,0,1358,17
1589249292.6693099,173.194.151.108,10.10.0.10,,,443,41505,0,1358,17
1589249292.678086,173.194.151.108,10.10.0.10,,,443,41505,0,1358,17
1589249292.686882,173.194.151.108,10.10.0.10,,,443,41505,0,1358,17
1589249292.6905901,10.10.0.10,173.194.151.108,,,41505,443,0,37,17
1589249292.691608,10.10.0.10,173.194.151.108,,,41505,443,0,37,17
1589249292.69564,173.194.151.108,10.10.0.10,,,443,41505,0,1358,17
1589249292.704409,173.194.151.108,10.10.0.10,,,443,41505,0,1358,17
1589249292.7059321,10.10.0.10,173.194.151.108,,,41505,443,0,37,17
1589249292.7131972,173.194.151.108,10.10.0.10,,,443,41505,0,1358,17
1589249292.7219641,173.194.151.108,10.10.0.10,,,443,41505,0,1358,17
1589249292.7237318,10.10.0.10,173.194.151.108,,,41505,443,0,37,17
1589249292.7307572,173.194.151.108,10.10.0.10,,,443,41505,0,1358,17
1589249292.739511,173.194.151.108,10.10.0.10,,,443,41505,0,1358,17
1589249292.741085,10.10.0.10,173.194.151.108,,,41505,443,0,37,17
1589249292.748286,173.194.151.108,10.10.0.10,,,443,41505,0,1358,17
1589249292.7570622,173.194.151.108,10.10.0.10,,,443,41505,0,1358,17
1589249292.7589822,10.10.0.10,173.194.151.108,,,41505,443,0,37,17
1589249292.7658362,173.194.151.108,10.10.0.10,,,443,41505,0,1358,17
1589249292.77463,173.194.151.108,10.10.0.10,,,443,41505,0,1358,17
1589249292.7762349,10.10.0.10,173.194.151.108,,,41505,443,0,37,17
1589249292.783387,173.194.151.108,10.10.0.10,,,443,41505,0,1358,17
1589249292.792162,173.194.151.108,10.10.0.10,,,443,41505,0,1358,17
1589249292.7938411,10.10.0.10,173.194.151.108,,,41505,443,0,37,17
1589249292.8009422,173.194.151.108,10.10.0.10,,,443,41505,0,1358,17
1589249292.8097188,173.194.151.108,10.10.0.10,,,443,41505,0,1358,17
1589249292.811359,10.10.0.10,173.194.151.108,,,41505,443,0,37,17
1589249292.818506,173.194.151.108,10.10.0.10,,,443,41505,0,1358,17
1589249292.827265,173.194.151.108,10.10.0.10,,,443,41505,0,1358,17
1589249292.8288536,10.10.0.10,173.194.151.108,,,41505,443,0,37,17
1589249292.83604,173.194.151.108,10.10.0.10,,,443,41505,0,1358,17
1589249292.8448198,173.194.151.108,10.10.0.10,,,443,41505,0,1358,17
1589249292.846334,10.10.0.10,173.194.151.108,,,41505,443,0,37,17
1589249292.853598,173.194.151.108,10.10.0.10,,,443,41505,0,1358,17
1589249292.8623805,173.194.151.108,10.10.0.10,,,443,41505,0,1358,17
1589249292.8639786,10.10.0.10,173.194.151.108,,,41505,443,0,37,17
1589249292.8711472,173.194.151.108,10.10.0.10,,,443,41505,0,1358,17
1589249292.8799322,173.194.151.108,10.10.0.10,,,443,41505,0,1358,17
1589249292.881582,10.10.0.10,173.194.151.108,,,41505,443,0,50,17
1589249292.888698,173.194.151.108,10.10.0.10,,,443,41505,0,1358,17
1589249292.8974721,173.194.151.108,10.10.0.10,,,443,41505,0,1358,17
1589249292.899082,10.10.0.10,173.194.151.108,,,41505,443,0,37,17
1589249292.9062538,173.194.151.108,10.10.0.10,,,443,41505,0,1358,17
1589249292.915023,173.194.151.108,10.10.0.10,,,443,41505,0,1358,17
1589249292.9168508,10.10.0.10,173.194.151.108,,,41505,443,0,37,17
1589249292.923814,173.194.151.108,10.10.0.10,,,443,41505,0,1358,17
1589249292.9325778,173.194.151.108,10.10.0.10,,,443,41505,0,1358,17
1589249292.9344769,10.10.0.10,173.194.151.108,,,41505,443,0,37,17
1589249292.9413474,173.194.151.108,10.10.0.10,,,443,41505,0,1358,17
1589249292.950122,173.194.151.108,10.10.0.10,,,443,41505,0,29,17
1589249292.9505155,173.194.151.108,10.10.0.10,,,443,41505,0,1358,17
1589249292.9520788,10.10.0.10,173.194.151.108,,,41505,443,0,37,17
1589249292.9592922,173.194.151.108,10.10.0.10,,,443,41505,0,1358,17
1589249292.968067,173.194.151.108,10.10.0.10,,,443,41505,0,1358,17
1589249292.970199,10.10.0.10,173.194.151.108,,,41505,443,0,37,17
1589249292.978878,173.194.151.108,10.10.0.10,,,443,41505,0,1358,17
1589249292.9896328,173.194.151.108,10.10.0.10,,,443,41505,0,1358,17
1589249292.9933279,10.10.0.10,173.194.151.108,,,41505,443,0,37,17
1589249293.0004141,173.194.151.108,10.10.0.10,,,443,41505,0,1358,17
1589249293.011195,173.194.151.108,10.10.0.10,,,443,41505,0,1358,17
1589249293.0128498,10.10.0.10,173.194.151.108,,,41505,443,0,37,17
1589249293.0219731,173.194.151.108,10.10.0.10,,,443,41505,0,1358,17
1589249293.03275,173.194.151.108,10.10.0.10,,,443,41505,0,1358,17
1589249293.034473,10.10.0.10,173.194.151.108,,,41505,443,0,37,17
1589249293.043534,173.194.151.108,10.10.0.10,,,443,41505,0,1358,17
1589249293.054316,173.194.151.108,10.10.0.10,,,443,41505,0,1358,17
1589249293.055975,10.10.0.10,173.194.151.108,,,41505,443,0,37,17
1589249293.0650964,173.194.151.108,10.10.0.10,,,443,41505,0,1358,17
1589249293.0758758,173.194.151.108,10.10.0.10,,,443,41505,0,1358,17
1589249293.077595,10.10.0.10,173.194.151.108,,,41505,443,0,37,17
1589249293.086657,173.194.151.108,10.10.0.10,,,443,41505,0,1358,17
1589249293.097435,173.194.151.108,10.10.0.10,,,443,41505,0,1358,17
1589249293.0990891,10.10.0.10,173.194.151.108,,,41505,443,0,37,17
1589249293.108218,173.194.151.108,10.10.0.10,,,443,41505,0,1358,17
1589249293.119,173.194.151.108,10.10.0.10,,,443,41505,0,1358,17
1589249293.120824,10.10.0.10,173.194.151.108,,,41505,443,0,37,17
1589249293.129776,173.194.151.108,10.10.0.10,,,443,41505,0,1358,17
1589249293.1405652,173.194.151.108,10.10.0.10,,,443,41505,0,1358,17
1589249293.142201,10.10.0.10,173.194.151.108,,,41505,443,0,37,17
1589249293.151337,173.194.151.108,10.10.0.10,,,443,41505,0,1358,17
1589249293.162125,173.194.151.108,10.10.0.10,,,443,41505,0,1358,17
1589249293.1638439,10.10.0.10,173.194.151.108,,,41505,443,0,37,17
1589249293.1728964,173.194.151.108,10.10.0.10,,,443,41505,0,1358,17
1589249293.183681,173.194.151.108,10.10.0.10,,,443,41505,0,1358,17
1589249293.185328,10.10.0.10,173.194.151.108,,,41505,443,0,37,17
1589249293.194459,173.194.151.108,10.10.0.10,,,443,41505,0,1358,17
1589249293.205249,173.194.151.108,10.10.0.10,,,443,41505,0,1358,17
1589249293.2076,10.10.0.10,173.194.151.108,,,41505,443,0,37,17
1589249293.216034,173.194.151.108,10.10.0.10,,,443,41505,0,1358,17
1589249293.226807,173.194.151.108,10.10.0.10,,,443,41505,0,1358,17
1589249293.2284696,10.10.0.10,173.194.151.108,,,41505,443,0,37,17
1589249293.237581,173.194.151.108,10.10.0.10,,,443,41505,0,1358,17
1589249293.248356,173.194.151.108,10.10.0.10,,,443,41505,0,1358,17
1589249293.249938,10.10.0.10,173.194.151.108,,,41505,443,0,37,17
1589249293.2591398,173.194.151.108,10.10.0.10,,,443,41505,0,1358,17
1589249293.269928,173.194.151.108,10.10.0.10,,,443,41505,0,1358,17
1589249293.2715788,10.10.0.10,173.194.151.108,,,41505,443,0,37,17
1589249293.2806988,173.194.151.108,10.10.0.10,,,443,41505,0,1358,17
1589249293.2914932,173.194.151.108,10.10.0.10,,,443,41505,0,1358,17
1589249293.2933214,10.10.0.10,173.194.151.108,,,41505,443,0,50,17
1589249293.3022606,173.194.151.108,10.10.0.10,,,443,41505,0,1358,17
1589249293.3130536,173.194.151.108,10.10.0.10,,,443,41505,0,1358,17
1589249293.3151972,10.10.0.10,173.194.151.108,,,41505,443,0,37,17
1589249293.323822,173.194.151.108,10.10.0.10,,,443,41505,0,1358,17
1589249293.334615,173.194.151.108,10.10.0.10,,,443,41505,0,1358,17
1589249293.3363225,10.10.0.10,173.194.151.108,,,41505,443,0,37,17
1589249293.345382,173.194.151.108,10.10.0.10,,,443,41505,0,1358,17
1589249293.356176,173.194.151.108,10.10.0.10,,,443,41505,0,1358,17
1589249293.357943,10.10.0.10,173.194.151.108,,,41505,443,0,37,17
1589249293.3669422,173.194.151.108,10.10.0.10,,,443,41505,0,1358,17
1589249293.377741,173.194.151.108,10.10.0.10,,,443,41505,0,1358,17
1589249293.379319,10.10.0.10,173.194.151.108,,,41505,443,0,37,17
1589249293.3885038,173.194.151.108,10.10.0.10,,,443,41505,0,1358,17
1589249293.399282,173.194.151.108,10.10.0.10,,,443,41505,0,1358,17
1589249293.4025671,10.10.0.10,173.194.151.108,,,41505,443,0,37,17
1589249293.410063,173.194.151.108,10.10.0.10,,,443,41505,0,1358,17
1589249293.420864,173.194.151.108,10.10.0.10,,,443,41505,0,1358,17
1589249293.424058,10.10.0.10,173.194.151.108,,,41505,443,0,37,17
1589249293.431624,173.194.151.108,10.10.0.10,,,443,41505,0,1358,17
1589249293.4424038,173.194.151.108,10.10.0.10,,,443,41505,0,1358,17
1589249293.444087,10.10.0.10,173.194.151.108,,,41505,443,0,37,17
1589249293.453184,173.194.151.108,10.10.0.10,,,443,41505,0,1358,17
1589249293.4639616,173.194.151.108,10.10.0.10,,,443,41505,0,1358,17
1589249293.4655662,10.10.0.10,173.194.151.108,,,41505,443,0,37,17
1589249293.474745,173.194.151.108,10.10.0.10,,,443,41505,0,1358,17
1589249293.4855251,173.194.151.108,10.10.0.10,,,443,41505,0,1358,17
1589249293.48719,10.10.0.10,173.194.151.108,,,41505,443,0,37,17
1589249293.4963071,173.194.151.108,10.10.0.10,,,443,41505,0,1358,17
1589249293.5071068,173.194.151.108,10.10.0.10,,,443,41505,0,1358,17
1589249293.5090704,10.10.0.10,173.194.151.108,,,41505,443,0,37,17
1589249293.5178661,173.194.151.108,10.10.0.10,,,443,41505,0,1358,17
1589249293.5286481,173.194.151.108,10.10.0.10,,,443,41505,0,1358,17
1589249293.530315,10.10.0.10,173.194.151.108,,,41505,443,0,37,17
1589249293.5394258,173.194.151.108,10.10.0.10,,,443,41505,0,1358,17
1589249293.5502071,173.194.151.108,10.10.0.10,,,443,41505,0,1358,17
1589249293.5519538,10.10.0.10,173.194.151.108,,,41505,443,0,37,17
1589249293.56099,173.194.151.108,10.10.0.10,,,443,41505,0,1358,17
1589249293.571767,173.194.151.108,10.10.0.10,,,443,41505,0,1358,17
1589249293.5734382,10.10.0.10,173.194.151.108,,,41505,443,0,37,17
1589249293.5825472,173.194.151.108,10.10.0.10,,,443,41505,0,1358,17
1589249293.593328,173.194.151.108,10.10.0.10,,,443,41505,0,1358,17
1589249293.5950658,10.10.0.10,173.194.151.108,,,41505,443,0,37,17
1589249293.60411,173.194.151.108,10.10.0.10,,,443,41505,0,1358,17
1589249293.6148891,173.194.151.108,10.10.0.10,,,443,41505,0,1358,17
1589249293.6165562,10.10.0.10,173.194.151.108,,,41505,443,0,37,17
1589249293.6256702,173.194.151.108,10.10.0.10,,,443,41505,0,1358,17
1589249293.6364439,173.194.151.108,10.10.0.10,,,443,41505,0,1358,17
1589249293.638533,10.10.0.10,173.194.151.108,,,41505,443,0,37,17
1589249293.647226,173.194.151.108,10.10.0.10,,,443,41505,0,1358,17
1589249293.658008,173.194.151.108,10.10.0.10,,,443,41505,0,1358,17
1589249293.6610682,10.10.0.10,173.194.151.108,,,41505,443,0,37,17
1589249293.668792,173.194.151.108,10.10.0.10,,,443,41505,0,1358,17
1589249293.679567,173.194.151.108,10.10.0.10,,,443,41505,0,1358,17
1589249293.6811779,10.10.0.10,173.194.151.108,,,41505,443,0,37,17
1589249293.6903558,173.194.151.108,10.10.0.10,,,443,41505,0,1358,17
1589249293.701129,173.194.151.108,10.10.0.10,,,443,41505,0,1358,17
1589249293.7028089,10.10.0.10,173.194.151.108,,,41505,443,0,37,17
1589249293.7119162,173.194.151.108,10.10.0.10,,,443,41505,0,1358,17
1589249293.722686,173.194.151.108,10.10.0.10,,,443,41505,0,1358,17
1589249293.724581,10.10.0.10,173.194.151.108,,,41505,443,0,50,17
1589249293.733468,173.194.151.108,10.10.0.10,,,443,41505,0,1358,17
1589249293.744246,173.194.151.108,10.10.0.10,,,443,41505,0,1358,17
1589249293.745936,10.10.0.10,173.194.151.108,,,41505,443,0,37,17
1589249293.75504,173.194.151.108,10.10.0.10,,,443,41505,0,1358,17
1589249293.765809,173.194.151.108,10.10.0.10,,,443,41505,0,1358,17
1589249293.767433,10.10.0.10,173.194.151.108,,,41505,443,0,37,17
1589249293.7765892,173.194.151.108,10.10.0.10,,,443,41505,0,1358,17
1589249293.787372,173.194.151.108,10.10.0.10,,,443,41505,0,1358,17
1589249293.790456,10.10.0.10,173.194.151.108,,,41505,443,0,37,17
1589249293.798166,173.194.151.108,10.10.0.10,,,443,41505,0,1358,17
1589249293.8089318,173.194.151.108,10.10.0.10,,,443,41505,0,1358,17
1589249293.8120296,10.10.0.10,173.194.151.108,,,41505,443,0,37,17
1589249293.819712,173.194.151.108,10.10.0.10,,,443,41505,0,1358,17
1589249293.8304932,173.194.151.108,10.10.0.10,,,443,41505,0,1358,17
1589249293.8320699,10.10.0.10,173.194.151.108,,,41505,443,0,37,17
1589249293.841273,173.194.151.108,10.10.0.10,,,443,41505,0,1358,17
1589249293.8520515,173.194.151.108,10.10.0.10,,,443,41505,0,1358,17
1589249293.853698,10.10.0.10,173.194.151.108,,,41505,443,0,37,17
1589249293.8628519,173.194.151.108,10.10.0.10,,,443,41505,0,1358,17
1589249293.873613,173.194.151.108,10.10.0.10,,,443,41505,0,1358,17
1589249293.875303,10.10.0.10,173.194.151.108,,,41505,443,0,37,17
1589249293.8844,173.194.151.108,10.10.0.10,,,443,41505,0,1358,17
1589249293.895176,173.194.151.108,10.10.0.10,,,443,41505,0,1358,17
1589249293.896822,10.10.0.10,173.194.151.108,,,41505,443,0,37,17
1589249293.9059732,173.194.151.108,10.10.0.10,,,443,41505,0,1358,17
1589249293.9167366,173.194.151.108,10.10.0.10,,,443,41505,0,1358,17
1589249293.9184294,10.10.0.10,173.194.151.108,,,41505,443,0,37,17
1589249293.9275162,173.194.151.108,10.10.0.10,,,443,41505,0,1358,17
1589249293.938296,173.194.151.108,10.10.0.10,,,443,41505,0,1358,17
1589249293.9490962,173.194.151.108,10.10.0.10,,,443,41505,0,1358,17
1589249293.959856,173.194.151.108,10.10.0.10,,,443,41505,0,1358,17
1589249293.966701,10.10.0.10,173.194.151.108,,,41505,443,0,37,17
1589249293.9690108,10.10.0.10,173.194.151.108,,,41505,443,0,37,17
1589249293.9706366,173.194.151.108,10.10.0.10,,,443,41505,0,1358,17
1589249293.981418,173.194.151.108,10.10.0.10,,,443,41505,0,1358,17
1589249293.983043,10.10.0.10,173.194.151.108,,,41505,443,0,37,17
1589249293.992193,173.194.151.108,10.10.0.10,,,443,41505,0,1358,17
1589249294.002973,173.194.151.108,10.10.0.10,,,443,41505,0,1358,17
1589249294.0061948,10.10.0.10,173.194.151.108,,,41505,443,0,37,17
1589249294.0137565,173.194.151.108,10.10.0.10,,,443,41505,0,1358,17
1589249294.0245378,173.194.151.108,10.10.0.10,,,443,41505,0,1358,17
1589249294.026549,10.10.0.10,173.194.151.108,,,41505,443,0,37,17
1589249294.035318,173.194.151.108,10.10.0.10,,,443,41505,0,1358,17
1589249294.046101,173.194.151.108,10.10.0.10,,,443,41505,0,1358,17
1589249294.047674,10.10.0.10,173.194.151.108,,,41505,443,0,37,17
1589249294.0568779,173.194.151.108,10.10.0.10,,,443,41505,0,1358,17
1589249294.067659,173.194.151.108,10.10.0.10,,,443,41505,0,1358,17
1589249294.0691721,10.10.0.10,173.194.151.108,,,41505,443,0,37,17
1589249294.07844,173.194.151.108,10.10.0.10,,,443,41505,0,1358,17
1589249294.0892189,173.194.151.108,10.10.0.10,,,443,41505,0,1358,17
1589249294.0907972,10.10.0.10,173.194.151.108,,,41505,443,0,37,17
1589249294.1,173.194.151.108,10.10.0.10,,,443,41505,0,1358,17
1589249294.1107802,173.194.151.108,10.10.0.10,,,443,41505,0,1358,17
1589249294.1126974,10.10.0.10,173.194.151.108,,,41505,443,0,37,17
1589249294.121561,173.194.151.108,10.10.0.10,,,443,41505,0,1358,17
1589249294.132343,173.194.151.108,10.10.0.10,,,443,41505,0,1358,17
1589249294.1339395,10.10.0.10,173.194.151.108,,,41505,443,0,37,17
1589249294.1431231,173.194.151.108,10.10.0.10,,,443,41505,0,1358,17
1589249294.153904,173.194.151.108,10.10.0.10,,,443,41505,0,1358,17
1589249294.155566,10.10.0.10,173.194.151.108,,,41505,443,0,50,17
1589249294.16468,173.194.151.108,10.10.0.10,,,443,41505,0,1358,17
1589249294.1754668,173.194.151.108,10.10.0.10,,,443,41505,0,1358,17
1589249294.1775439,10.10.0.10,173.194.151.108,,,41505,443,0,37,17
1589249294.1862428,173.194.151.108,10.10.0.10,,,443,41505,0,1358,17
1589249294.197028,173.194.151.108,10.10.0.10,,,443,41505,0,1358,17
1589249294.198816,10.10.0.10,173.194.151.108,,,41505,443,0,37,17
1589249294.2078009,173.194.151.108,10.10.0.10,,,443,41505,0,1358,17
1589249294.218592,173.194.151.108,10.10.0.10,,,443,41505,0,1358,17
1589249294.2218118,10.10.0.10,173.194.151.108,,,41505,443,0,37,17
1589249294.229362,173.194.151.108,10.10.0.10,,,443,41505,0,1358,17
1589249294.2401376,173.194.151.108,10.10.0.10,,,443,41505,0,1358,17
1589249294.241912,10.10.0.10,173.194.151.108,,,41505,443,0,37,17
1589249294.2509232,173.194.151.108,10.10.0.10,,,443,41505,0,1358,17
1589249294.26172,173.194.151.108,10.10.0.10,,,443,41505,0,1358,17
1589249294.2634249,10.10.0.10,173.194.151.108,,,41505,443,0,37,17
1589249294.2724829,173.194.151.108,10.10.0.10,,,443,41505,0,1358,17
1589249294.283274,173.194.151.108,10.10.0.10,,,443,41505,0,1358,17
1589249294.285063,10.10.0.10,173.194.151.108,,,41505,443,0,37,17
1589249294.2940445,173.194.151.108,10.10.0.10,,,443,41505,0,1358,17
1589249294.3048394,173.194.151.108,10.10.0.10,,,443,41505,0,1358,17
1589249294.3065321,10.10.0.10,173.194.151.108,,,41505,443,0,37,17
1589249294.3156052,173.194.151.108,10.10.0.10,,,443,41505,0,1358,17
1589249294.3263981,173.194.151.108,10.10.0.10,,,443,41505,0,1358,17
1589249294.3281689,10.10.0.10,173.194.151.108,,,41505,443,0,37,17
1589249294.337165,173.194.151.108,10.10.0.10,,,443,41505,0,1358,17
1589249294.347944,173.194.151.108,10.10.0.10,,,443,41505,0,1358,17
1589249294.349665,10.10.0.10,173.194.151.108,,,41505,443,0,37,17
1589249294.358725,173.194.151.108,10.10.0.10,,,443,41505,0,1358,17
1589249294.36952,173.194.151.108,10.10.0.10,,,443,41505,0,1358,17
1589249294.3711839,10.10.0.10,173.194.151.108,,,41505,443,0,37,17
1589249294.380286,173.194.151.108,10.10.0.10,,,443,41505,0,1358,17
1589249294.3910842,173.194.151.108,10.10.0.10,,,443,41505,0,1358,17
1589249294.3985386,10.10.0.10,173.194.151.108,,,41505,443,0,37,17
1589249294.401851,173.194.151.108,10.10.0.10,,,443,41505,0,1358,17
1589249294.412628,173.194.151.108,10.10.0.10,,,443,41505,0,1358,17
1589249294.4144132,10.10.0.10,173.194.151.108,,,41505,443,0,37,17
1589249294.4234061,173.194.151.108,10.10.0.10,,,443,41505,0,1358,17
1589249294.4341881,173.194.151.108,10.10.0.10,,,443,41505,0,1358,17
1589249294.435789,10.10.0.10,173.194.151.108,,,41505,443,0,37,17
1589249294.4449725,173.194.151.108,10.10.0.10,,,443,41505,0,1358,17
1589249294.4557474,173.194.151.108,10.10.0.10,,,443,41505,0,1358,17
1589249294.4576619,10.10.0.10,173.194.151.108,,,41505,443,0,37,17
1589249294.4665318,173.194.151.108,10.10.0.10,,,443,41505,0,1358,17
1589249294.477332,173.194.151.108,10.10.0.10,,,443,41505,0,1358,17
1589249294.4789119,10.10.0.10,173.194.151.108,,,41505,443,0,37,17
1589249294.4880881,173.194.151.108,10.10.0.10,,,443,41505,0,1358,17
1589249294.4988694,173.194.151.108,10.10.0.10,,,443,41505,0,1358,17
1589249294.50243,10.10.0.10,173.194.151.108,,,41505,443,0,37,17
1589249294.509649,173.194.151.108,10.10.0.10,,,443,41505,0,1358,17
1589249294.5204296,173.194.151.108,10.10.0.10,,,443,41505,0,1358,17
1589249294.5223038,10.10.0.10,173.194.151.108,,,41505,443,0,37,17
1589249294.5312119,173.194.151.108,10.10.0.10,,,443,41505,0,1358,17
1589249294.541991,173.194.151.108,10.10.0.10,,,443,41505,0,1358,17
1589249294.543659,10.10.0.10,173.194.151.108,,,41505,443,0,37,17
1589249294.5527706,173.194.151.108,10.10.0.10,,,443,41505,0,1358,17
1589249294.563551,173.194.151.108,10.10.0.10,,,443,41505,0,1358,17
1589249294.5651572,10.10.0.10,173.194.151.108,,,41505,443,0,37,17
1589249294.5743306,173.194.151.108,10.10.0.10,,,443,41505,0,1358,17
1589249294.585113,173.194.151.108,10.10.0.10,,,443,41505,0,1358,17
1589249294.58691,10.10.0.10,173.194.151.108,,,41505,443,0,50,17
1589249294.595897,173.194.151.108,10.10.0.10,,,443,41505,0,1358,17
1589249294.606673,173.194.151.108,10.10.0.10,,,443,41505,0,1358,17
1589249294.6085546,10.10.0.10,173.194.151.108,,,41505,443,0,37,17
1589249294.6174538,173.194.151.108,10.10.0.10,,,443,41505,0,1358,17
1589249294.628228,173.194.151.108,10.10.0.10,,,443,41505,0,1358,17
1589249294.6314292,10.10.0.10,173.194.151.108,,,41505,443,0,37,17
1589249294.639015,173.194.151.108,10.10.0.10,,,443,41505,0,1358,17
1589249294.6497881,173.194.151.108,10.10.0.10,,,443,41505,0,1358,17
1589249294.651366,10.10.0.10,173.194.151.108,,,41505,443,0,37,17
1589249294.660568,173.194.151.108,10.10.0.10,,,443,41505,0,1358,17
1589249294.6713474,173.194.151.108,10.10.0.10,,,443,41505,0,29,17
1589249294.671833,173.194.151.108,10.10.0.10,,,443,41505,0,1358,17
1589249294.674304,10.10.0.10,173.194.151.108,,,41505,443,0,37,17
1589249294.6826198,173.194.151.108,10.10.0.10,,,443,41505,0,1358,17
1589249294.693396,173.194.151.108,10.10.0.10,,,443,41505,0,1358,17
1589249294.695033,10.10.0.10,173.194.151.108,,,41505,443,0,37,17
1589249294.704177,173.194.151.108,10.10.0.10,,,443,41505,0,1358,17
1589249294.714961,173.194.151.108,10.10.0.10,,,443,41505,0,1358,17
1589249294.717025,10.10.0.10,173.194.151.108,,,41505,443,0,37,17
1589249294.7257388,173.194.151.108,10.10.0.10,,,443,41505,0,1358,17
1589249294.736526,173.194.151.108,10.10.0.10,,,443,41505,0,1358,17
1589249294.7382839,10.10.0.10,173.194.151.108,,,41505,443,0,37,17
1589249294.747298,173.194.151.108,10.10.0.10,,,443,41505,0,1358,17
1589249294.758082,173.194.151.108,10.10.0.10,,,443,41505,0,1358,17
1589249294.7598839,10.10.0.10,173.194.151.108,,,41505,443,0,37,17
1589249294.768858,173.194.151.108,10.10.0.10,,,443,41505,0,238,17
1589249294.7825232,10.10.0.10,173.194.151.108,,,41505,443,0,730,17
1589249294.783028,10.10.0.10,173.194.151.108,,,41505,443,0,48,17
1589249294.7872188,173.194.151.108,10.10.0.10,,,443,41505,0,29,17
1589249294.787994,173.194.151.108,10.10.0.10,,,443,41505,0,1358,17
1589249294.788023,173.194.151.108,10.10.0.10,,,443,41505,0,1358,17
1589249294.791611,10.10.0.10,173.194.151.108,,,41505,443,0,37,17
1589249294.797167,173.194.151.108,10.10.0.10,,,443,41505,0,1358,17
1589249294.8079548,173.194.151.108,10.10.0.10,,,443,41505,0,1358,17
1589249294.809421,10.10.0.10,173.194.151.108,,,41505,443,0,37,17
1589249294.8187351,173.194.151.108,10.10.0.10,,,443,41505,0,1358,17
1589249294.829514,173.194.151.108,10.10.0.10,,,443,41505,0,1358,17
1589249294.8311718,10.10.0.10,173.194.151.108,,,41505,443,0,37,17
1589249294.8402932,173.194.151.108,10.10.0.10,,,443,41505,0,1358,17
1589249294.851078,173.194.151.108,10.10.0.10,,,443,41505,0,1358,17
1589249294.8526714,10.10.0.10,173.194.151.108,,,41505,443,0,37,17
1589249294.861857,173.194.151.108,10.10.0.10,,,443,41505,0,1358,17
1589249294.8726358,173.194.151.108,10.10.0.10,,,443,41505,0,1358,17
1589249294.8754866,10.10.0.10,173.194.151.108,,,41505,443,0,37,17
1589249294.883415,173.194.151.108,10.10.0.10,,,443,41505,0,1358,17
1589249294.8941958,173.194.151.108,10.10.0.10,,,443,41505,0,1358,17
1589249294.8959188,10.10.0.10,173.194.151.108,,,41505,443,0,37,17
1589249294.9049802,173.194.151.108,10.10.0.10,,,443,41505,0,1358,17
1589249294.9157572,173.194.151.108,10.10.0.10,,,443,41505,0,1358,17
1589249294.917543,10.10.0.10,173.194.151.108,,,41505,443,0,37,17
1589249294.926544,173.194.151.108,10.10.0.10,,,443,41505,0,1358,17
1589249294.937316,173.194.151.108,10.10.0.10,,,443,41505,0,1358,17
1589249294.939991,10.10.0.10,173.194.151.108,,,41505,443,0,37,17
1589249294.948101,173.194.151.108,10.10.0.10,,,443,41505,0,1358,17
1589249294.9588802,173.194.151.108,10.10.0.10,,,443,41505,0,1358,17
1589249294.961023,10.10.0.10,173.194.151.108,,,41505,443,0,37,17
1589249294.9696589,173.194.151.108,10.10.0.10,,,443,41505,0,1358,17
1589249294.980434,173.194.151.108,10.10.0.10,,,443,41505,0,1358,17
1589249294.9820132,10.10.0.10,173.194.151.108,,,41505,443,0,37,17
1589249294.9912179,173.194.151.108,10.10.0.10,,,443,41505,0,1358,17
1589249295.002004,173.194.151.108,10.10.0.10,,,443,41505,0,1358,17
1589249295.00352,10.10.0.10,173.194.151.108,,,41505,443,0,37,17
1589249295.0127778,173.194.151.108,10.10.0.10,,,443,41505,0,1358,17
1589249295.023568,173.194.151.108,10.10.0.10,,,443,41505,0,1358,17
1589249295.025419,10.10.0.10,173.194.151.108,,,41505,443,0,37,17
1589249295.034341,173.194.151.108,10.10.0.10,,,443,41505,0,1358,17
1589249295.0451279,173.194.151.108,10.10.0.10,,,443,41505,0,1358,17
1589249295.0467892,10.10.0.10,173.194.151.108,,,41505,443,0,37,17
1589249295.0559,173.194.151.108,10.10.0.10,,,443,41505,0,1358,17
1589249295.066691,173.194.151.108,10.10.0.10,,,443,41505,0,1358,17
1589249295.068269,10.10.0.10,173.194.151.108,,,41505,443,0,37,17
1589249295.0774622,173.194.151.108,10.10.0.10,,,443,41505,0,1358,17
1589249295.088252,173.194.151.108,10.10.0.10,,,443,41505,0,1358,17
1589249295.090267,10.10.0.10,173.194.151.108,,,41505,443,0,37,17
1589249295.0990222,173.194.151.108,10.10.0.10,,,443,41505,0,1358,17
1589249295.109816,173.194.151.108,10.10.0.10,,,443,41505,0,1358,17
1589249295.111541,10.10.0.10,173.194.151.108,,,41505,443,0,37,17
1589249295.120585,173.194.151.108,10.10.0.10,,,443,41505,0,1358,17
1589249295.131377,173.194.151.108,10.10.0.10,,,443,41505,0,1358,17
1589249295.1329858,10.10.0.10,173.194.151.108,,,41505,443,0,37,17
1589249295.142142,173.194.151.108,10.10.0.10,,,443,41505,0,1358,17
1589249295.1529381,173.194.151.108,10.10.0.10,,,443,41505,0,1358,17
1589249295.154382,10.10.0.10,173.194.151.108,,,41505,443,0,37,17
1589249295.163698,173.194.151.108,10.10.0.10,,,443,41505,0,1358,17
1589249295.1744974,173.194.151.108,10.10.0.10,,,443,41505,0,1358,17
1589249295.176144,10.10.0.10,173.194.151.108,,,41505,443,0,37,17
1589249295.185258,173.194.151.108,10.10.0.10,,,443,41505,0,1358,17
1589249295.196051,173.194.151.108,10.10.0.10,,,443,41505,0,1358,17
1589249295.198036,10.10.0.10,173.194.151.108,,,41505,443,0,50,17
1589249295.206827,173.194.151.108,10.10.0.10,,,443,41505,0,1358,17
1589249295.217623,173.194.151.108,10.10.0.10,,,443,41505,0,1358,17
1589249295.228384,173.194.151.108,10.10.0.10,,,443,41505,0,1358,17
1589249295.2391849,173.194.151.108,10.10.0.10,,,443,41505,0,1358,17
1589249295.247159,10.10.0.10,173.194.151.108,,,41505,443,0,37,17
1589249295.249945,173.194.151.108,10.10.0.10,,,443,41505,0,1358,17
1589249295.250514,10.10.0.10,173.194.151.108,,,41505,443,0,37,17
1589249295.260726,173.194.151.108,10.10.0.10,,,443,41505,0,1358,17
1589249295.262534,10.10.0.10,173.194.151.108,,,41505,443,0,37,17
1589249295.2715054,173.194.151.108,10.10.0.10,,,443,41505,0,1358,17
1589249295.282306,173.194.151.108,10.10.0.10,,,443,41505,0,1358,17
1589249295.2852561,10.10.0.10,173.194.151.108,,,41505,443,0,37,17
1589249295.293071,173.194.151.108,10.10.0.10,,,443,41505,0,1358,17
1589249295.3038461,173.194.151.108,10.10.0.10,,,443,41505,0,1358,17
1589249295.3055322,10.10.0.10,173.194.151.108,,,41505,443,0,37,17
1589249295.314625,173.194.151.108,10.10.0.10,,,443,41505,0,1358,17
1589249295.3254054,173.194.151.108,10.10.0.10,,,443,41505,0,1358,17
1589249295.327159,10.10.0.10,173.194.151.108,,,41505,443,0,37,17
1589249295.336191,173.194.151.108,10.10.0.10,,,443,41505,0,1358,17
1589249295.346975,173.194.151.108,10.10.0.10,,,443,41505,0,1358,17
1589249295.349635,10.10.0.10,173.194.151.108,,,41505,443,0,37,17
1589249295.3577466,173.194.151.108,10.10.0.10,,,443,41505,0,1358,17
1589249295.368527,173.194.151.108,10.10.0.10,,,443,41505,0,1358,17
1589249295.370137,10.10.0.10,173.194.151.108,,,41505,443,0,37,17
1589249295.3793108,173.194.151.108,10.10.0.10,,,443,41505,0,1358,17
1589249295.390089,173.194.151.108,10.10.0.10,,,443,41505,0,1358,17
1589249295.391905,10.10.0.10,173.194.151.108,,,41505,443,0,37,17
1589249295.4008696,173.194.151.108,10.10.0.10,,,443,41505,0,1358,17
1589249295.411649,173.194.151.108,10.10.0.10,,,443,41505,0,1358,17
1589249295.4134042,10.10.0.10,173.194.151.108,,,41505,443,0,37,17
1589249295.422443,173.194.151.108,10.10.0.10,,,443,41505,0,1358,17
1589249295.433209,173.194.151.108,10.10.0.10,,,443,41505,0,1358,17
1589249295.435634,10.10.0.10,173.194.151.108,,,41505,443,0,37,17
1589249295.4439929,173.194.151.108,10.10.0.10,,,443,41505,0,1358,17
1589249295.4547732,173.194.151.108,10.10.0.10,,,443,41505,0,1358,17
1589249295.456769,10.10.0.10,173.194.151.108,,,41505,443,0,37,17
1589249295.4655561,173.194.151.108,10.10.0.10,,,443,41505,0,1358,17
1589249295.476334,173.194.151.108,10.10.0.10,,,443,41505,0,1358,17
1589249295.478029,10.10.0.10,173.194.151.108,,,41505,443,0,37,17
1589249295.4871151,173.194.151.108,10.10.0.10,,,443,41505,0,1358,17
1589249295.497895,173.194.151.108,10.10.0.10,,,443,41505,0,1358,17
1589249295.499507,10.10.0.10,173.194.151.108,,,41505,443,0,37,17
1589249295.508681,173.194.151.108,10.10.0.10,,,443,41505,0,1358,17
1589249295.519454,173.194.151.108,10.10.0.10,,,443,41505,0,1358,17
1589249295.521121,10.10.0.10,173.194.151.108,,,41505,443,0,37,17
1589249295.530239,173.194.151.108,10.10.0.10,,,443,41505,0,1358,17
1589249295.5410109,173.194.151.108,10.10.0.10,,,443,41505,0,1358,17
1589249295.543401,10.10.0.10,173.194.151.108,,,41505,443,0,37,17
1589249295.551791,173.194.151.108,10.10.0.10,,,443,41505,0,1358,17
1589249295.562575,173.194.151.108,10.10.0.10,,,443,41505,0,1358,17
1589249295.564258,10.10.0.10,173.194.151.108,,,41505,443,0,37,17
1589249295.5733626,173.194.151.108,10.10.0.10,,,443,41505,0,1358,17
1589249295.584134,173.194.151.108,10.10.0.10,,,443,41505,0,1358,17
1589249295.5858989,10.10.0.10,173.194.151.108,,,41505,443,0,37,17
1589249295.5949092,173.194.151.108,10.10.0.10,,,443,41505,0,1358,17
1589249295.605694,173.194.151.108,10.10.0.10,,,443,41505,0,1358,17
1589249295.607523,10.10.0.10,173.194.151.108,,,41505,443,0,37,17
1589249295.616487,173.194.151.108,10.10.0.10,,,443,41505,0,1358,17
1589249295.6272528,173.194.151.108,10.10.0.10,,,443,41505,0,1358,17
1589249295.6289706,10.10.0.10,173.194.151.108,,,41505,443,0,50,17
1589249295.6380384,173.194.151.108,10.10.0.10,,,443,41505,0,1358,17
1589249295.648809,173.194.151.108,10.10.0.10,,,443,41505,0,1358,17
1589249295.6503706,10.10.0.10,173.194.151.108,,,41505,443,0,37,17
1589249295.6595938,173.194.151.108,10.10.0.10,,,443,41505,0,1358,17
1589249295.6703708,173.194.151.108,10.10.0.10,,,443,41505,0,1358,17
1589249295.6727538,10.10.0.10,173.194.151.108,,,41505,443,0,37,17
1589249295.6811528,173.194.151.108,10.10.0.10,,,443,41505,0,1358,17
1589249295.6919322,173.194.151.108,10.10.0.10,,,443,41505,0,1358,17
1589249295.694626,10.10.0.10,173.194.151.108,,,41505,443,0,37,17
1589249295.702715,173.194.151.108,10.10.0.10,,,443,41505,0,1358,17
1589249295.7134962,173.194.151.108,10.10.0.10,,,443,41505,0,1358,17
1589249295.715383,10.10.0.10,173.194.151.108,,,41505,443,0,37,17
1589249295.724271,173.194.151.108,10.10.0.10,,,443,41505,0,1358,17
1589249295.7350519,173.194.151.108,10.10.0.10,,,443,41505,0,1358,17
1589249295.7367704,10.10.0.10,173.194.151.108,,,41505,443,0,37,17
1589249295.7458372,173.194.151.108,10.10.0.10,,,443,41505,0,1358,17
1589249295.756615,173.194.151.108,10.10.0.10,,,443,41505,0,1358,17
1589249295.7589972,10.10.0.10,173.194.151.108,,,41505,443,0,37,17
1589249295.7673929,173.194.151.108,10.10.0.10,,,443,41505,0,1358,17
1589249295.7781699,173.194.151.108,10.10.0.10,,,443,41505,0,1358,17
1589249295.7798939,10.10.0.10,173.194.151.108,,,41505,443,0,37,17
1589249295.7889626,173.194.151.108,10.10.0.10,,,443,41505,0,1358,17
1589249295.799736,173.194.151.108,10.10.0.10,,,443,41505,0,1358,17
1589249295.801209,10.10.0.10,173.194.151.108,,,41505,443,0,37,17
1589249295.8105118,173.194.151.108,10.10.0.10,,,443,41505,0,1358,17
1589249295.8212929,173.194.151.108,10.10.0.10,,,443,41505,0,1358,17
1589249295.822999,10.10.0.10,173.194.151.108,,,41505,443,0,37,17
1589249295.832073,173.194.151.108,10.10.0.10,,,443,41505,0,1358,17
1589249295.8428578,173.194.151.108,10.10.0.10,,,443,41505,0,1358,17
1589249295.8445199,10.10.0.10,173.194.151.108,,,41505,443,0,37,17
1589249295.8536382,173.194.151.108,10.10.0.10,,,443,41505,0,1358,17
1589249295.86442,173.194.151.108,10.10.0.10,,,443,41505,0,1358,17
1589249295.8659961,10.10.0.10,173.194.151.108,,,41505,443,0,37,17
1589249295.8752,173.194.151.108,10.10.0.10,,,443,41505,0,1358,17
1589249295.885978,173.194.151.108,10.10.0.10,,,443,41505,0,1358,17
1589249295.887624,10.10.0.10,173.194.151.108,,,41505,443,0,37,17
1589249295.8967626,173.194.151.108,10.10.0.10,,,443,41505,0,1358,17
1589249295.9075398,173.194.151.108,10.10.0.10,,,443,41505,0,1358,17
1589249295.9091196,10.10.0.10,173.194.151.108,,,41505,443,0,37,17
1589249295.918335,173.194.151.108,10.10.0.10,,,443,41505,0,1358,17
1589249295.9291036,173.194.151.108,10.10.0.10,,,443,41505,0,1358,17
1589249295.9307349,10.10.0.10,173.194.151.108,,,41505,443,0,37,17
1589249295.939883,173.194.151.108,10.10.0.10,,,443,41505,0,1358,17
1589249295.950667,173.194.151.108,10.10.0.10,,,443,41505,0,1358,17
1589249295.9523642,10.10.0.10,173.194.151.108,,,41505,443,0,37,17
1589249295.961444,173.194.151.108,10.10.0.10,,,443,41505,0,1358,17
1589249295.9722161,173.194.151.108,10.10.0.10,,,443,41505,0,1358,17
1589249295.973999,10.10.0.10,173.194.151.108,,,41505,443,0,37,17
1589249295.983003,173.194.151.108,10.10.0.10,,,443,41505,0,1358,17
1589249295.993796,173.194.151.108,10.10.0.10,,,443,41505,0,1358,17
1589249295.9953885,10.10.0.10,173.194.151.108,,,41505,443,0,37,17
1589249296.0045652,173.194.151.108,10.10.0.10,,,443,41505,0,1358,17
1589249296.0153491,173.194.151.108,10.10.0.10,,,443,41505,0,1358,17
1589249296.016966,10.10.0.10,173.194.151.108,,,41505,443,0,37,17
1589249296.026117,173.194.151.108,10.10.0.10,,,443,41505,0,1358,17
1589249296.0369134,173.194.151.108,10.10.0.10,,,443,41505,0,1358,17
1589249296.03864,10.10.0.10,173.194.151.108,,,41505,443,0,37,17
1589249296.047684,173.194.151.108,10.10.0.10,,,443,41505,0,1358,17
1589249296.0584724,173.194.151.108,10.10.0.10,,,443,41505,0,1358,17
1589249296.0602598,10.10.0.10,173.194.151.108,,,41505,443,0,50,17
1589249296.069244,173.194.151.108,10.10.0.10,,,443,41505,0,1358,17
1589249296.080029,173.194.151.108,10.10.0.10,,,443,41505,0,1358,17
1589249296.0821402,10.10.0.10,173.194.151.108,,,41505,443,0,37,17
1589249296.090803,173.194.151.108,10.10.0.10,,,443,41505,0,1358,17
1589249296.101596,173.194.151.108,10.10.0.10,,,443,41505,0,1358,17
1589249296.1043642,10.10.0.10,173.194.151.108,,,41505,443,0,37,17
1589249296.112361,173.194.151.108,10.10.0.10,,,443,41505,0,1358,17
1589249296.123158,173.194.151.108,10.10.0.10,,,443,41505,0,1358,17
1589249296.127507,10.10.0.10,173.194.151.108,,,41505,443,0,37,17
1589249296.1339238,173.194.151.108,10.10.0.10,,,443,41505,0,1358,17
1589249296.144722,173.194.151.108,10.10.0.10,,,443,41505,0,1358,17
1589249296.1465151,10.10.0.10,173.194.151.108,,,41505,443,0,37,17
1589249296.1554852,173.194.151.108,10.10.0.10,,,443,41505,0,1358,17
1589249296.166265,173.194.151.108,10.10.0.10,,,443,41505,0,1358,17
1589249296.168863,10.10.0.10,173.194.151.108,,,41505,443,0,37,17
1589249296.177047,173.194.151.108,10.10.0.10,,,443,41505,0,1358,17
1589249296.1878452,173.194.151.108,10.10.0.10,,,443,41505,0,1358,17
1589249296.189986,10.10.0.10,173.194.151.108,,,41505,443,0,37,17
1589249296.198605,173.194.151.108,10.10.0.10,,,443,41505,0,1358,17
1589249296.2094061,173.194.151.108,10.10.0.10,,,443,41505,0,1358,17
1589249296.211132,10.10.0.10,173.194.151.108,,,41505,443,0,37,17
1589249296.220162,173.194.151.108,10.10.0.10,,,443,41505,0,1358,17
1589249296.230951,173.194.151.108,10.10.0.10,,,443,41505,0,1358,17
1589249296.2326221,10.10.0.10,173.194.151.108,,,41505,443,0,37,17
1589249296.24173,173.194.151.108,10.10.0.10,,,443,41505,0,1358,17
1589249296.252529,173.194.151.108,10.10.0.10,,,443,41505,0,1358,17
1589249296.254257,10.10.0.10,173.194.151.108,,,41505,443,0,37,17
1589249296.2632868,173.194.151.108,10.10.0.10,,,443,41505,0,1358,17
1589249296.274071,173.194.151.108,10.10.0.10,,,443,41505,0,1358,17
1589249296.2758794,10.10.0.10,173.194.151.108,,,41505,443,0,37,17
1589249296.284849,173.194.151.108,10.10.0.10,,,443,41505,0,1358,17
1589249296.2956266,173.194.151.108,10.10.0.10,,,443,41505,0,1358,17
1589249296.297504,10.10.0.10,173.194.151.108,,,41505,443,0,37,17
1589249296.3064108,173.194.151.108,10.10.0.10,,,443,41505,0,1358,17
1589249296.3171902,173.194.151.108,10.10.0.10,,,443,41505,0,1358,17
1589249296.318975,10.10.0.10,173.194.151.108,,,41505,443,0,37,17
1589249296.327971,173.194.151.108,10.10.0.10,,,443,41505,0,1358,17
1589249296.33875,173.194.151.108,10.10.0.10,,,443,41505,0,1358,17
1589249296.340733,10.10.0.10,173.194.151.108,,,41505,443,0,37,17
1589249296.3495312,173.194.151.108,10.10.0.10,,,443,41505,0,1358,17
1589249296.360307,173.194.151.108,10.10.0.10,,,443,41505,0,1358,17
1589249296.361982,10.10.0.10,173.194.151.108,,,41505,443,0,37,17
1589249296.371086,173.194.151.108,10.10.0.10,,,443,41505,0,1358,17
1589249296.381871,173.194.151.108,10.10.0.10,,,443,41505,0,1358,17
1589249296.383484,10.10.0.10,173.194.151.108,,,41505,443,0,37,17
1589249296.3926532,173.194.151.108,10.10.0.10,,,443,41505,0,1358,17
1589249296.4034328,173.194.151.108,10.10.0.10,,,443,41505,0,1358,17
1589249296.40523,10.10.0.10,173.194.151.108,,,41505,443,0,37,17
1589249296.4142141,173.194.151.108,10.10.0.10,,,443,41505,0,1358,17
1589249296.424994,173.194.151.108,10.10.0.10,,,443,41505,0,1358,17
1589249296.4275002,10.10.0.10,173.194.151.108,,,41505,443,0,37,17
1589249296.435777,173.194.151.108,10.10.0.10,,,443,41505,0,1358,17
1589249296.446551,173.194.151.108,10.10.0.10,,,443,41505,0,1358,17
1589249296.448335,10.10.0.10,173.194.151.108,,,41505,443,0,37,17
1589249296.457338,173.194.151.108,10.10.0.10,,,443,41505,0,1358,17
1589249296.4681149,173.194.151.108,10.10.0.10,,,443,41505,0,1358,17
1589249296.469607,10.10.0.10,173.194.151.108,,,41505,443,0,37,17
1589249296.4789028,173.194.151.108,10.10.0.10,,,443,41505,0,1358,17
1589249296.4896748,173.194.151.108,10.10.0.10,,,443,41505,0,1358,17
1589249296.4912,10.10.0.10,173.194.151.108,,,41505,443,0,50,17
1589249296.50046,173.194.151.108,10.10.0.10,,,443,41505,0,1358,17
1589249296.5112338,173.194.151.108,10.10.0.10,,,443,41505,0,1358,17
1589249296.5220249,173.194.151.108,10.10.0.10,,,443,41505,0,1358,17
1589249296.529999,10.10.0.10,173.194.151.108,,,41505,443,0,37,17
1589249296.5327961,173.194.151.108,10.10.0.10,,,443,41505,0,1358,17
1589249296.534227,10.10.0.10,173.194.151.108,,,41505,443,0,37,17
1589249296.5435832,173.194.151.108,10.10.0.10,,,443,41505,0,1358,17
1589249296.5543554,173.194.151.108,10.10.0.10,,,443,41505,0,1358,17
1589249296.5559788,10.10.0.10,173.194.151.108,,,41505,443,0,37,17
1589249296.56515,173.194.151.108,10.10.0.10,,,443,41505,0,1358,17
1589249296.575916,173.194.151.108,10.10.0.10,,,443,41505,0,1358,17
1589249296.5780973,10.10.0.10,173.194.151.108,,,41505,443,0,37,17
1589249296.586709,173.194.151.108,10.10.0.10,,,443,41505,0,1358,17
1589249296.5974748,173.194.151.108,10.10.0.10,,,443,41505,0,1358,17
1589249296.599564,10.10.0.10,173.194.151.108,,,41505,443,0,37,17
1589249296.6082542,173.194.151.108,10.10.0.10,,,443,41505,0,1358,17
1589249296.6190364,173.194.151.108,10.10.0.10,,,443,41505,0,1358,17
1589249296.620601,10.10.0.10,173.194.151.108,,,41505,443,0,37,17
1589249296.629833,173.194.151.108,10.10.0.10,,,443,41505,0,1358,17
1589249296.640594,173.194.151.108,10.10.0.10,,,443,41505,0,1358,17
1589249296.6424804,10.10.0.10,173.194.151.108,,,41505,443,0,37,17
1589249296.6513731,173.194.151.108,10.10.0.10,,,443,41505,0,1358,17
1589249296.662153,173.194.151.108,10.10.0.10,,,443,41505,0,1358,17
1589249296.6637099,10.10.0.10,173.194.151.108,,,41505,443,0,37,17
1589249296.6729405,173.194.151.108,10.10.0.10,,,443,41505,0,1358,17
1589249296.6837196,173.194.151.108,10.10.0.10,,,443,41505,0,1358,17
1589249296.688617,10.10.0.10,173.194.151.108,,,41505,443,0,37,17
1589249296.6944964,173.194.151.108,10.10.0.10,,,443,41505,0,1358,17
1589249296.7052748,173.194.151.108,10.10.0.10,,,443,41505,0,1358,17
1589249296.7068481,10.10.0.10,173.194.151.108,,,41505,443,0,37,17
1589249296.716054,173.194.151.108,10.10.0.10,,,443,41505,0,1358,17
1589249296.726839,173.194.151.108,10.10.0.10,,,443,41505,0,1358,17
1589249296.72849,10.10.0.10,173.194.151.108,,,41505,443,0,37,17
1589249296.737615,173.194.151.108,10.10.0.10,,,443,41505,0,1358,17
1589249296.7483964,173.194.151.108,10.10.0.10,,,443,41505,0,1358,17
1589249296.7504518,10.10.0.10,173.194.151.108,,,41505,443,0,37,17
1589249296.759183,173.194.151.108,10.10.0.10,,,443,41505,0,1358,17
1589249296.7699552,173.194.151.108,10.10.0.10,,,443,41505,0,1358,17
1589249296.7715812,10.10.0.10,173.194.151.108,,,41505,443,0,37,17
1589249296.780749,173.194.151.108,10.10.0.10,,,443,41505,0,1358,17
1589249296.7915149,173.194.151.108,10.10.0.10,,,443,41505,0,1358,17
1589249296.7940762,10.10.0.10,173.194.151.108,,,41505,443,0,37,17
1589249296.8023126,173.194.151.108,10.10.0.10,,,443,41505,0,1358,17
1589249296.8130774,173.194.151.108,10.10.0.10,,,443,41505,0,1358,17
1589249296.8148358,10.10.0.10,173.194.151.108,,,41505,443,0,37,17
1589249296.823858,173.194.151.108,10.10.0.10,,,443,41505,0,1358,17
1589249296.825217,10.10.0.10,173.194.151.108,,,41505,443,0,723,17
1589249296.8260932,10.10.0.10,173.194.151.108,,,41505,443,0,55,17
1589249296.8346348,173.194.151.108,10.10.0.10,,,443,41505,0,1358,17
1589249296.8454509,173.194.151.108,10.10.0.10,,,443,41505,0,1358,17
1589249296.847069,10.10.0.10,173.194.151.108,,,41505,443,0,37,17
1589249296.856197,173.194.151.108,10.10.0.10,,,443,41505,0,1358,17
1589249296.866983,173.194.151.108,10.10.0.10,,,443,41505,0,1358,17
1589249296.868718,10.10.0.10,173.194.151.108,,,41505,443,0,37,17
1589249296.8777635,173.194.151.108,10.10.0.10,,,443,41505,0,29,17
1589249296.878243,173.194.151.108,10.10.0.10,,,443,41505,0,1358,17
1589249296.889026,173.194.151.108,10.10.0.10,,,443,41505,0,1358,17
1589249296.890985,10.10.0.10,173.194.151.108,,,41505,443,0,37,17
1589249296.899806,173.194.151.108,10.10.0.10,,,443,41505,0,1358,17
1589249296.910593,173.194.151.108,10.10.0.10,,,443,41505,0,1358,17
1589249296.912215,10.10.0.10,173.194.151.108,,,41505,443,0,37,17
1589249296.921385,173.194.151.108,10.10.0.10,,,443,41505,0,1358,17
1589249296.932152,173.194.151.108,10.10.0.10,,,443,41505,0,1358,17
1589249296.9337242,10.10.0.10,173.194.151.108,,,41505,443,0,37,17
1589249296.942949,173.194.151.108,10.10.0.10,,,443,41505,0,1358,17
1589249296.953712,173.194.151.108,10.10.0.10,,,443,41505,0,1358,17
1589249296.9553661,10.10.0.10,173.194.151.108,,,41505,443,0,37,17
1589249296.964493,173.194.151.108,10.10.0.10,,,443,41505,0,1358,17
1589249296.9755929,173.194.151.108,10.10.0.10,,,443,41505,0,1358,17
1589249296.977234,10.10.0.10,173.194.151.108,,,41505,443,0,37,17
1589249296.9863858,173.194.151.108,10.10.0.10,,,443,41505,0,1358,17
1589249296.997158,173.194.151.108,10.10.0.10,,,443,41505,0,1358,17
1589249296.998704,10.10.0.10,173.194.151.108,,,41505,443,0,37,17
1589249297.007954,173.194.151.108,10.10.0.10,,,443,41505,0,1358,17
1589249297.0187216,173.194.151.108,10.10.0.10,,,443,41505,0,1358,17
1589249297.0203571,10.10.0.10,173.194.151.108,,,41505,443,0,37,17
1589249297.029511,173.194.151.108,10.10.0.10,,,443,41505,0,1358,17
1589249297.04028,173.194.151.108,10.10.0.10,,,443,41505,0,1358,17
1589249297.0421069,10.10.0.10,173.194.151.108,,,41505,443,0,37,17
1589249297.051074,173.194.151.108,10.10.0.10,,,443,41505,0,1358,17
1589249297.0618448,173.194.151.108,10.10.0.10,,,443,41505,0,1358,17
1589249297.0633562,10.10.0.10,173.194.151.108,,,41505,443,0,37,17
1589249297.072635,173.194.151.108,10.10.0.10,,,443,41505,0,1358,17
1589249297.0834,173.194.151.108,10.10.0.10,,,443,41505,0,1358,17
1589249297.0851092,10.10.0.10,173.194.151.108,,,41505,443,0,37,17
1589249297.094193,173.194.151.108,10.10.0.10,,,443,41505,0,1358,17
1589249297.1049626,173.194.151.108,10.10.0.10,,,443,41505,0,1358,17
1589249297.106482,10.10.0.10,173.194.151.108,,,41505,443,0,37,17
1589249297.1157546,173.194.151.108,10.10.0.10,,,443,41505,0,1358,17
1589249297.1265225,173.194.151.108,10.10.0.10,,,443,41505,0,1358,17
1589249297.1292,10.10.0.10,173.194.151.108,,,41505,443,0,37,17
1589249297.1373172,173.194.151.108,10.10.0.10,,,443,41505,0,1358,17
1589249297.148077,173.194.151.108,10.10.0.10,,,443,41505,0,1358,17
1589249297.149838,10.10.0.10,173.194.151.108,,,41505,443,0,37,17
1589249297.1588778,173.194.151.108,10.10.0.10,,,443,41505,0,1358,17
1589249297.169641,173.194.151.108,10.10.0.10,,,443,41505,0,1358,17
1589249297.171458,10.10.0.10,173.194.151.108,,,41505,443,0,37,17
1589249297.180425,173.194.151.108,10.10.0.10,,,443,41505,0,1358,17
1589249297.191206,173.194.151.108,10.10.0.10,,,443,41505,0,1358,17
1589249297.192832,10.10.0.10,173.194.151.108,,,41505,443,0,37,17
1589249297.2020018,173.194.151.108,10.10.0.10,,,443,41505,0,1358,17
1589249297.2127619,173.194.151.108,10.10.0.10,,,443,41505,0,1358,17
1589249297.214351,10.10.0.10,173.194.151.108,,,41505,443,0,37,17
1589249297.2235448,173.194.151.108,10.10.0.10,,,443,41505,0,1358,17
1589249297.2343252,173.194.151.108,10.10.0.10,,,443,41505,0,1358,17
1589249297.2358348,10.10.0.10,173.194.151.108,,,41505,443,0,37,17
1589249297.2451036,173.194.151.108,10.10.0.10,,,443,41505,0,1358,17
1589249297.2558842,173.194.151.108,10.10.0.10,,,443,41505,0,1358,17
1589249297.2574804,10.10.0.10,173.194.151.108,,,41505,443,0,50,17
1589249297.266664,173.194.151.108,10.10.0.10,,,443,41505,0,1358,17
1589249297.277447,173.194.151.108,10.10.0.10,,,443,41505,0,1358,17
1589249297.279071,10.10.0.10,173.194.151.108,,,41505,443,0,37,17
1589249297.288225,173.194.151.108,10.10.0.10,,,443,41505,0,1358,17
1589249297.299007,173.194.151.108,10.10.0.10,,,443,41505,0,1358,17
1589249297.3007061,10.10.0.10,173.194.151.108,,,41505,443,0,37,17
1589249297.3097882,173.194.151.108,10.10.0.10,,,443,41505,0,29,17
1589249297.310273,173.194.151.108,10.10.0.10,,,443,41505,0,1358,17
1589249297.321063,173.194.151.108,10.10.0.10,,,443,41505,0,1358,17
1589249297.322722,10.10.0.10,173.194.151.108,,,41505,443,0,37,17
1589249297.3318348,173.194.151.108,10.10.0.10,,,443,41505,0,1358,17
1589249297.3426268,173.194.151.108,10.10.0.10,,,443,41505,0,1358,17
1589249297.3444762,10.10.0.10,173.194.151.108,,,41505,443,0,37,17
1589249297.353395,173.194.151.108,10.10.0.10,,,443,41505,0,1358,17
1589249297.3641849,173.194.151.108,10.10.0.10,,,443,41505,0,1358,17
1589249297.365826,10.10.0.10,173.194.151.108,,,41505,443,0,37,17
1589249297.3749561,173.194.151.108,10.10.0.10,,,443,41505,0,1358,17
1589249297.385749,173.194.151.108,10.10.0.10,,,443,41505,0,1358,17
1589249297.387593,10.10.0.10,173.194.151.108,,,41505,443,0,37,17
1589249297.396517,173.194.151.108,10.10.0.10,,,443,41505,0,1358,17
1589249297.407311,173.194.151.108,10.10.0.10,,,443,41505,0,1358,17
1589249297.4090948,10.10.0.10,173.194.151.108,,,41505,443,0,37,17
1589249297.4180784,173.194.151.108,10.10.0.10,,,443,41505,0,1358,17
1589249297.4288762,173.194.151.108,10.10.0.10,,,443,41505,0,1358,17
1589249297.4307039,10.10.0.10,173.194.151.108,,,41505,443,0,37,17
1589249297.439639,173.194.151.108,10.10.0.10,,,443,41505,0,1358,17
1589249297.450433,173.194.151.108,10.10.0.10,,,443,41505,0,1358,17
1589249297.451982,10.10.0.10,173.194.151.108,,,41505,443,0,37,17
1589249297.461198,173.194.151.108,10.10.0.10,,,443,41505,0,1358,17
1589249297.471976,173.194.151.108,10.10.0.10,,,443,41505,0,1358,17
1589249297.473448,10.10.0.10,173.194.151.108,,,41505,443,0,37,17
1589249297.482759,173.194.151.108,10.10.0.10,,,443,41505,0,1358,17
1589249297.4935384,173.194.151.108,10.10.0.10,,,443,41505,0,1358,17
1589249297.495066,10.10.0.10,173.194.151.108,,,41505,443,0,37,17
1589249297.50432,173.194.151.108,10.10.0.10,,,443,41505,0,1358,17
1589249297.5151172,173.194.151.108,10.10.0.10,,,443,41505,0,1358,17
1589249297.5167162,10.10.0.10,173.194.151.108,,,41505,443,0,37,17
1589249297.52588,173.194.151.108,10.10.0.10,,,443,41505,0,1358,17
1589249297.5366619,173.194.151.108,10.10.0.10,,,443,41505,0,1358,17
1589249297.5389473,10.10.0.10,173.194.151.108,,,41505,443,0,37,17
1589249297.547441,173.194.151.108,10.10.0.10,,,443,41505,0,1358,17
1589249297.558219,173.194.151.108,10.10.0.10,,,443,41505,0,1358,17
1589249297.559822,10.10.0.10,173.194.151.108,,,41505,443,0,37,17
1589249297.569002,173.194.151.108,10.10.0.10,,,443,41505,0,1358,17
1589249297.57978,173.194.151.108,10.10.0.10,,,443,41505,0,1358,17
1589249297.5813198,10.10.0.10,173.194.151.108,,,41505,443,0,37,17
1589249297.590561,173.194.151.108,10.10.0.10,,,443,41505,0,1358,17
1589249297.6013384,173.194.151.108,10.10.0.10,,,443,41505,0,1358,17
1589249297.602967,10.10.0.10,173.194.151.108,,,41505,443,0,37,17
1589249297.6121204,173.194.151.108,10.10.0.10,,,443,41505,0,1358,17
1589249297.6228998,173.194.151.108,10.10.0.10,,,443,41505,0,1358,17
1589249297.6248188,10.10.0.10,173.194.151.108,,,41505,443,0,37,17
1589249297.633683,173.194.151.108,10.10.0.10,,,443,41505,0,1358,17
1589249297.6444619,173.194.151.108,10.10.0.10,,,443,41505,0,1358,17
1589249297.6462178,10.10.0.10,173.194.151.108,,,41505,443,0,37,17
1589249297.6552384,173.194.151.108,10.10.0.10,,,443,41505,0,1358,17
1589249297.6660151,173.194.151.108,10.10.0.10,,,443,41505,0,1358,17
1589249297.6678221,10.10.0.10,173.194.151.108,,,41505,443,0,37,17
1589249297.6767972,173.194.151.108,10.10.0.10,,,443,41505,0,1358,17
1589249297.68758,173.194.151.108,10.10.0.10,,,443,41505,0,1358,17
1589249297.689302,10.10.0.10,173.194.151.108,,,41505,443,0,50,17
1589249297.698357,173.194.151.108,10.10.0.10,,,443,41505,0,1358,17
1589249297.709143,173.194.151.108,10.10.0.10,,,443,41505,0,1358,17
1589249297.7108169,10.10.0.10,173.194.151.108,,,41505,443,0,37,17
1589249297.71994,173.194.151.108,10.10.0.10,,,443,41505,0,1358,17
1589249297.7306988,173.194.151.108,10.10.0.10,,,443,41505,0,1358,17
1589249297.73228,10.10.0.10,173.194.151.108,,,41505,443,0,37,17
1589249297.741478,173.194.151.108,10.10.0.10,,,443,41505,0,1358,17
1589249297.7522595,173.194.151.108,10.10.0.10,,,443,41505,0,1358,17
1589249297.753809,10.10.0.10,173.194.151.108,,,41505,443,0,37,17
1589249297.7630508,173.194.151.108,10.10.0.10,,,443,41505,0,1358,17
1589249297.773822,173.194.151.108,10.10.0.10,,,443,41505,0,1358,17
1589249297.775949,10.10.0.10,173.194.151.108,,,41505,443,0,37,17
1589249297.784602,173.194.151.108,10.10.0.10,,,443,41505,0,1358,17
1589249297.795379,173.194.151.108,10.10.0.10,,,443,41505,0,1358,17
1589249297.80104,10.10.0.10,173.194.151.108,,,41505,443,0,37,17
1589249297.806161,173.194.151.108,10.10.0.10,,,443,41505,0,1358,17
1589249297.81694,173.194.151.108,10.10.0.10,,,443,41505,0,1358,17
1589249297.8185868,10.10.0.10,173.194.151.108,,,41505,443,0,37,17
1589249297.8277216,173.194.151.108,10.10.0.10,,,443,41505,0,1358,17
1589249297.8385036,173.194.151.108,10.10.0.10,,,443,41505,0,1358,17
1589249297.840033,10.10.0.10,173.194.151.108,,,41505,443,0,37,17
1589249297.8492851,173.194.151.108,10.10.0.10,,,443,41505,0,1358,17
1589249297.8600614,173.194.151.108,10.10.0.10,,,443,41505,0,1358,17
1589249297.8619368,10.10.0.10,173.194.151.108,,,41505,443,0,37,17
1589249297.8708642,173.194.151.108,10.10.0.10,,,443,41505,0,1358,17
1589249297.8816268,173.194.151.108,10.10.0.10,,,443,41505,0,1358,17
1589249297.883181,10.10.0.10,173.194.151.108,,,41505,443,0,37,17
1589249297.892405,173.194.151.108,10.10.0.10,,,443,41505,0,1358,17
1589249297.9031868,173.194.151.108,10.10.0.10,,,443,41505,0,1358,17
1589249297.904956,10.10.0.10,173.194.151.108,,,41505,443,0,37,17
1589249297.913984,173.194.151.108,10.10.0.10,,,443,41505,0,1358,17
1589249297.9247482,173.194.151.108,10.10.0.10,,,443,41505,0,1358,17
1589249297.9267938,10.10.0.10,173.194.151.108,,,41505,443,0,37,17
1589249297.9355311,173.194.151.108,10.10.0.10,,,443,41505,0,1358,17
1589249297.946309,173.194.151.108,10.10.0.10,,,443,41505,0,1358,17
1589249297.948584,10.10.0.10,173.194.151.108,,,41505,443,0,37,17
1589249297.9571052,173.194.151.108,10.10.0.10,,,443,41505,0,1358,17
1589249297.967865,173.194.151.108,10.10.0.10,,,443,41505,0,1358,17
1589249297.96943,10.10.0.10,173.194.151.108,,,41505,443,0,37,17
1589249297.976599,173.194.151.108,10.10.0.10,,,443,41505,0,1358,17
1589249297.985356,173.194.151.108,10.10.0.10,,,443,41505,0,1358,17
1589249297.9870524,10.10.0.10,173.194.151.108,,,41505,443,0,37,17
1589249297.9940732,173.194.151.108,10.10.0.10,,,443,41505,0,1358,17
1589249298.0028062,173.194.151.108,10.10.0.10,,,443,41505,0,1358,17
1589249298.0049562,10.10.0.10,173.194.151.108,,,41505,443,0,37,17
1589249298.011542,173.194.151.108,10.10.0.10,,,443,41505,0,1358,17
1589249298.0202682,173.194.151.108,10.10.0.10,,,443,41505,0,1358,17
1589249298.021934,10.10.0.10,173.194.151.108,,,41505,443,0,37,17
1589249298.0290108,173.194.151.108,10.10.0.10,,,443,41505,0,1358,17
1589249298.0377429,173.194.151.108,10.10.0.10,,,443,41505,0,1358,17
1589249298.0395849,10.10.0.10,173.194.151.108,,,41505,443,0,37,17
1589249298.0464811,173.194.151.108,10.10.0.10,,,443,41505,0,1358,17
1589249298.0552282,173.194.151.108,10.10.0.10,,,443,41505,0,1358,17
1589249298.0568054,10.10.0.10,173.194.151.108,,,41505,443,0,37,17
1589249298.0639482,173.194.151.108,10.10.0.10,,,443,41505,0,1358,17
1589249298.07268,173.194.151.108,10.10.0.10,,,443,41505,0,1358,17
1589249298.074308,10.10.0.10,173.194.151.108,,,41505,443,0,37,17
1589249298.0814161,173.194.151.108,10.10.0.10,,,443,41505,0,1358,17
1589249298.0901468,173.194.151.108,10.10.0.10,,,443,41505,0,1358,17
1589249298.091684,10.10.0.10,173.194.151.108,,,41505,443,0,50,17
1589249298.098881,173.194.151.108,10.10.0.10,,,443,41505,0,1358,17
1589249298.10761,173.194.151.108,10.10.0.10,,,443,41505,0,1358,17
1589249298.1098301,10.10.0.10,173.194.151.108,,,41505,443,0,37,17
1589249298.116357,173.194.151.108,10.10.0.10,,,443,41505,0,29,17
1589249298.116744,173.194.151.108,10.10.0.10,,,443,41505,0,1358,17
1589249298.1254842,173.194.151.108,10.10.0.10,,,443,41505,0,1358,17
1589249298.1304538,10.10.0.10,173.194.151.108,,,41505,443,0,37,17
1589249298.1342258,173.194.151.108,10.10.0.10,,,443,41505,0,1358,17
1589249298.1429632,173.194.151.108,10.10.0.10,,,443,41505,0,1358,17
1589249298.14781,10.10.0.10,173.194.151.108,,,41505,443,0,37,17
1589249298.151681,173.194.151.108,10.10.0.10,,,443,41505,0,1358,17
1589249298.1604118,173.194.151.108,10.10.0.10,,,443,41505,0,1358,17
1589249298.163179,10.10.0.10,173.194.151.108,,,41505,443,0,37,17
1589249298.169163,173.194.151.108,10.10.0.10,,,443,41505,0,1358,17
1589249298.177883,173.194.151.108,10.10.0.10,,,443,41505,0,1358,17
1589249298.1798036,10.10.0.10,173.194.151.108,,,41505,443,0,37,17
1589249298.1866179,173.194.151.108,10.10.0.10,,,443,41505,0,1358,17
1589249298.1953561,173.194.151.108,10.10.0.10,,,443,41505,0,1358,17
1589249298.197073,10.10.0.10,173.194.151.108,,,41505,443,0,37,17
1589249298.2040849,173.194.151.108,10.10.0.10,,,443,41505,0,1358,17
1589249298.212821,173.194.151.108,10.10.0.10,,,443,41505,0,1358,17
1589249298.2155788,10.10.0.10,173.194.151.108,,,41505,443,0,37,17
1589249298.221556,173.194.151.108,10.10.0.10,,,443,41505,0,1358,17
1589249298.230289,173.194.151.108,10.10.0.10,,,443,41505,0,1358,17
1589249298.231935,10.10.0.10,173.194.151.108,,,41505,443,0,37,17
1589249298.2390358,173.194.151.108,10.10.0.10,,,443,41505,0,1358,17
1589249298.247752,173.194.151.108,10.10.0.10,,,443,41505,0,1358,17
1589249298.2495742,10.10.0.10,173.194.151.108,,,41505,443,0,37,17
1589249298.25649,173.194.151.108,10.10.0.10,,,443,41505,0,1358,17
1589249298.265224,173.194.151.108,10.10.0.10,,,443,41505,0,1358,17
1589249298.2669475,10.10.0.10,173.194.151.108,,,41505,443,0,37,17
1589249298.2739706,173.194.151.108,10.10.0.10,,,443,41505,0,1358,17
1589249298.2826931,173.194.151.108,10.10.0.10,,,443,41505,0,1358,17
1589249298.2844481,10.10.0.10,173.194.151.108,,,41505,443,0,37,17
1589249298.291425,173.194.151.108,10.10.0.10,,,443,41505,0,1358,17
1589249298.3001552,173.194.151.108,10.10.0.10,,,443,41505,0,1358,17
1589249298.301926,10.10.0.10,173.194.151.108,,,41505,443,0,37,17
1589249298.3089092,173.194.151.108,10.10.0.10,,,443,41505,0,1358,17
1589249298.3176286,173.194.151.108,10.10.0.10,,,443,41505,0,1358,17
1589249298.319294,10.10.0.10,173.194.151.108,,,41505,443,0,37,17
1589249298.326361,173.194.151.108,10.10.0.10,,,443,41505,0,1358,17
1589249298.3351011,173.194.151.108,10.10.0.10,,,443,41505,0,1358,17
1589249298.337676,10.10.0.10,173.194.151.108,,,41505,443,0,37,17
1589249298.34385,173.194.151.108,10.10.0.10,,,443,41505,0,1358,17
1589249298.352565,173.194.151.108,10.10.0.10,,,443,41505,0,1358,17
1589249298.3543172,10.10.0.10,173.194.151.108,,,41505,443,0,37,17
1589249298.3613012,173.194.151.108,10.10.0.10,,,443,41505,0,1358,17
1589249298.370034,173.194.151.108,10.10.0.10,,,443,41505,0,1358,17
1589249298.3716776,10.10.0.10,173.194.151.108,,,41505,443,0,37,17
1589249298.378782,173.194.151.108,10.10.0.10,,,443,41505,0,1358,17
1589249298.3875036,173.194.151.108,10.10.0.10,,,443,41505,0,1358,17
1589249298.389182,10.10.0.10,173.194.151.108,,,41505,443,0,37,17
1589249298.396231,173.194.151.108,10.10.0.10,,,443,41505,0,1358,17
1589249298.404969,173.194.151.108,10.10.0.10,,,443,41505,0,1358,17
1589249298.4069262,10.10.0.10,173.194.151.108,,,41505,443,0,37,17
1589249298.413718,173.194.151.108,10.10.0.10,,,443,41505,0,1358,17
1589249298.422439,173.194.151.108,10.10.0.10,,,443,41505,0,1358,17
1589249298.424922,10.10.0.10,173.194.151.108,,,41505,443,0,37,17
1589249298.431174,173.194.151.108,10.10.0.10,,,443,41505,0,1358,17
1589249298.4399068,173.194.151.108,10.10.0.10,,,443,41505,0,1358,17
1589249298.441565,10.10.0.10,173.194.151.108,,,41505,443,0,50,17
1589249298.448656,173.194.151.108,10.10.0.10,,,443,41505,0,1358,17
1589249298.457375,173.194.151.108,10.10.0.10,,,443,41505,0,1358,17
1589249298.459914,10.10.0.10,173.194.151.108,,,41505,443,0,37,17
1589249298.46611,173.194.151.108,10.10.0.10,,,443,41505,0,1358,17
1589249298.4748442,173.194.151.108,10.10.0.10,,,443,41505,0,1358,17
1589249298.476419,10.10.0.10,173.194.151.108,,,41505,443,0,37,17
1589249298.4835901,173.194.151.108,10.10.0.10,,,443,41505,0,29,17
1589249298.4839642,173.194.151.108,10.10.0.10,,,443,41505,0,1358,17
1589249298.492702,173.194.151.108,10.10.0.10,,,443,41505,0,1358,17
1589249298.4952948,10.10.0.10,173.194.151.108,,,41505,443,0,37,17
1589249298.501439,173.194.151.108,10.10.0.10,,,443,41505,0,1358,17
1589249298.510176,173.194.151.108,10.10.0.10,,,443,41505,0,1358,17
1589249298.511903,10.10.0.10,173.194.151.108,,,41505,443,0,37,17
1589249298.5189085,173.194.151.108,10.10.0.10,,,443,41505,0,1358,17
1589249298.5276518,173.194.151.108,10.10.0.10,,,443,41505,0,1358,17
1589249298.529288,10.10.0.10,173.194.151.108,,,41505,443,0,37,17
1589249298.5363722,173.194.151.108,10.10.0.10,,,443,41505,0,1358,17
1589249298.5451062,173.194.151.108,10.10.0.10,,,443,41505,0,1358,17
1589249298.5469491,10.10.0.10,173.194.151.108,,,41505,443,0,37,17
1589249298.5538454,173.194.151.108,10.10.0.10,,,443,41505,0,1358,17
1589249298.562577,173.194.151.108,10.10.0.10,,,443,41505,0,1358,17
1589249298.565032,10.10.0.10,173.194.151.108,,,41505,443,0,37,17
1589249298.571311,173.194.151.108,10.10.0.10,,,443,41505,0,1358,17
1589249298.580428,173.194.151.108,10.10.0.10,,,443,41505,0,1358,17
1589249298.5820649,10.10.0.10,173.194.151.108,,,41505,443,0,37,17
1589249298.589174,173.194.151.108,10.10.0.10,,,443,41505,0,1358,17
1589249298.597906,173.194.151.108,10.10.0.10,,,443,41505,0,1358,17
1589249298.5994186,10.10.0.10,173.194.151.108,,,41505,443,0,37,17
1589249298.6076908,173.194.151.108,10.10.0.10,,,443,41505,0,1358,17
1589249298.616415,173.194.151.108,10.10.0.10,,,443,41505,0,1358,17
1589249298.6181881,10.10.0.10,173.194.151.108,,,41505,443,0,37,17
1589249298.6251512,173.194.151.108,10.10.0.10,,,443,41505,0,1358,17
1589249298.633898,173.194.151.108,10.10.0.10,,,443,41505,0,1358,17
1589249298.6364381,10.10.0.10,173.194.151.108,,,41505,443,0,37,17
1589249298.642622,173.194.151.108,10.10.0.10,,,443,41505,0,1358,17
1589249298.651358,173.194.151.108,10.10.0.10,,,443,41505,0,1358,17
1589249298.6529212,10.10.0.10,173.194.151.108,,,41505,443,0,37,17
1589249298.660088,173.194.151.108,10.10.0.10,,,443,41505,0,1358,17
1589249298.6688368,173.194.151.108,10.10.0.10,,,443,41505,0,1358,17
1589249298.672042,10.10.0.10,173.194.151.108,,,41505,443,0,37,17
1589249298.6775742,173.194.151.108,10.10.0.10,,,443,41505,0,1358,17
1589249298.686292,173.194.151.108,10.10.0.10,,,443,41505,0,1358,17
1589249298.6879141,10.10.0.10,173.194.151.108,,,41505,443,0,37,17
1589249298.695022,173.194.151.108,10.10.0.10,,,443,41505,0,1358,17
1589249298.703758,173.194.151.108,10.10.0.10,,,443,41505,0,1358,17
1589249298.7056696,10.10.0.10,173.194.151.108,,,41505,443,0,37,17
1589249298.7125056,173.194.151.108,10.10.0.10,,,443,41505,0,1358,17
1589249298.721231,173.194.151.108,10.10.0.10,,,443,41505,0,1358,17
1589249298.722932,10.10.0.10,173.194.151.108,,,41505,443,0,37,17
1589249298.7299669,173.194.151.108,10.10.0.10,,,443,41505,0,1358,17
1589249298.7386956,173.194.151.108,10.10.0.10,,,443,41505,0,1358,17
1589249298.7402868,10.10.0.10,173.194.151.108,,,41505,443,0,37,17
1589249298.747431,173.194.151.108,10.10.0.10,,,443,41505,0,1358,17
1589249298.756162,173.194.151.108,10.10.0.10,,,443,41505,0,1358,17
1589249298.7576838,10.10.0.10,173.194.151.108,,,41505,443,0,37,17
1589249298.7649012,173.194.151.108,10.10.0.10,,,443,41505,0,1358,17
1589249298.7736454,173.194.151.108,10.10.0.10,,,443,41505,0,1358,17
1589249298.775162,10.10.0.10,173.194.151.108,,,41505,443,0,37,17
1589249298.782368,173.194.151.108,10.10.0.10,,,443,41505,0,1358,17
1589249298.7911036,173.194.151.108,10.10.0.10,,,443,41505,0,1358,17
1589249298.793682,10.10.0.10,173.194.151.108,,,41505,443,0,50,17
1589249298.799839,173.194.151.108,10.10.0.10,,,443,41505,0,1358,17
1589249298.808586,173.194.151.108,10.10.0.10,,,443,41505,0,1358,17
1589249298.8102849,10.10.0.10,173.194.151.108,,,41505,443,0,37,17
1589249298.817304,173.194.151.108,10.10.0.10,,,443,41505,0,1358,17
1589249298.8260438,173.194.151.108,10.10.0.10,,,443,41505,0,1358,17
1589249298.827898,10.10.0.10,173.194.151.108,,,41505,443,0,37,17
1589249298.834776,173.194.151.108,10.10.0.10,,,443,41505,0,1358,17
1589249298.8435102,173.194.151.108,10.10.0.10,,,443,41505,0,29,17
1589249298.843905,173.194.151.108,10.10.0.10,,,443,41505,0,1358,17
1589249298.8456588,10.10.0.10,173.194.151.108,,,41505,443,0,37,17
1589249298.8526418,173.194.151.108,10.10.0.10,,,443,41505,0,1358,17
1589249298.8613722,173.194.151.108,10.10.0.10,,,443,41505,0,1358,17
1589249298.8630571,10.10.0.10,173.194.151.108,,,41505,443,0,37,17
1589249298.8701026,173.194.151.108,10.10.0.10,,,443,41505,0,1358,17
1589249298.878838,173.194.151.108,10.10.0.10,,,443,41505,0,1358,17
1589249298.880554,10.10.0.10,173.194.151.108,,,41505,443,0,37,17
1589249298.8875742,173.194.151.108,10.10.0.10,,,443,41505,0,1358,17
1589249298.8963351,173.194.151.108,10.10.0.10,,,443,41505,0,1358,17
1589249298.8979151,10.10.0.10,173.194.151.108,,,41505,443,0,37,17
1589249298.905042,173.194.151.108,10.10.0.10,,,443,41505,0,1358,17
1589249298.9137769,173.194.151.108,10.10.0.10,,,443,41505,0,1358,17
1589249298.9154286,10.10.0.10,173.194.151.108,,,41505,443,0,37,17
1589249298.9225152,173.194.151.108,10.10.0.10,,,443,41505,0,1358,17
1589249298.931243,173.194.151.108,10.10.0.10,,,443,41505,0,1358,17
1589249298.9334,10.10.0.10,173.194.151.108,,,41505,443,0,37,17
1589249298.941027,173.194.151.108,10.10.0.10,,,443,41505,0,1358,17
1589249298.9497638,173.194.151.108,10.10.0.10,,,443,41505,0,1358,17
1589249298.951784,10.10.0.10,173.194.151.108,,,41505,443,0,37,17
1589249298.9584956,173.194.151.108,10.10.0.10,,,443,41505,0,1358,17
1589249298.9672284,173.194.151.108,10.10.0.10,,,443,41505,0,1358,17
1589249298.971424,10.10.0.10,173.194.151.108,,,41505,443,0,37,17
1589249298.975964,173.194.151.108,10.10.0.10,,,443,41505,0,1358,17
1589249298.984705,173.194.151.108,10.10.0.10,,,443,41505,0,1358,17
1589249298.986425,10.10.0.10,173.194.151.108,,,41505,443,0,37,17
1589249298.9934509,173.194.151.108,10.10.0.10,,,443,41505,0,1358,17
1589249299.002166,173.194.151.108,10.10.0.10,,,443,41505,0,1358,17
1589249299.003925,10.10.0.10,173.194.151.108,,,41505,443,0,37,17
1589249299.010898,173.194.151.108,10.10.0.10,,,443,41505,0,1358,17
1589249299.019638,173.194.151.108,10.10.0.10,,,443,41505,0,1358,17
1589249299.021302,10.10.0.10,173.194.151.108,,,41505,443,0,37,17
1589249299.0283878,173.194.151.108,10.10.0.10,,,443,41505,0,1358,17
1589249299.037101,173.194.151.108,10.10.0.10,,,443,41505,0,1358,17
1589249299.038801,10.10.0.10,173.194.151.108,,,41505,443,0,37,17
1589249299.0458348,173.194.151.108,10.10.0.10,,,443,41505,0,1358,17
1589249299.0545714,173.194.151.108,10.10.0.10,,,443,41505,0,1358,17
1589249299.056279,10.10.0.10,173.194.151.108,,,41505,443,0,37,17
1589249299.0633225,173.194.151.108,10.10.0.10,,,443,41505,0,1358,17
1589249299.0720491,173.194.151.108,10.10.0.10,,,443,41505,0,1358,17
1589249299.0807712,173.194.151.108,10.10.0.10,,,443,41505,0,1358,17
1589249299.0895028,173.194.151.108,10.10.0.10,,,443,41505,0,1358,17
1589249299.0957801,10.10.0.10,173.194.151.108,,,41505,443,0,37,17
1589249299.096045,10.10.0.10,173.194.151.108,,,41505,443,0,37,17
1589249299.098239,173.194.151.108,10.10.0.10,,,443,41505,0,1358,17
1589249299.106975,173.194.151.108,10.10.0.10,,,443,41505,0,1358,17
1589249299.1085384,10.10.0.10,173.194.151.108,,,41505,443,0,37,17
1589249299.115708,173.194.151.108,10.10.0.10,,,443,41505,0,1358,17
1589249299.12445,173.194.151.108,10.10.0.10,,,443,41505,0,1358,17
1589249299.1265461,10.10.0.10,173.194.151.108,,,41505,443,0,37,17
1589249299.133197,173.194.151.108,10.10.0.10,,,443,41505,0,1358,17
1589249299.141912,173.194.151.108,10.10.0.10,,,443,41505,0,1358,17
1589249299.1434028,10.10.0.10,173.194.151.108,,,41505,443,0,50,17
1589249299.150645,173.194.151.108,10.10.0.10,,,443,41505,0,1358,17
1589249299.159383,173.194.151.108,10.10.0.10,,,443,41505,0,1358,17
1589249299.1609216,10.10.0.10,173.194.151.108,,,41505,443,0,37,17
1589249299.1681082,173.194.151.108,10.10.0.10,,,443,41505,0,1358,17
1589249299.1768515,173.194.151.108,10.10.0.10,,,443,41505,0,29,17
1589249299.177258,173.194.151.108,10.10.0.10,,,443,41505,0,1358,17
1589249299.18092,10.10.0.10,173.194.151.108,,,41505,443,0,37,17
1589249299.185978,173.194.151.108,10.10.0.10,,,443,41505,0,1358,17
1589249299.194712,173.194.151.108,10.10.0.10,,,443,41505,0,1358,17
1589249299.1965456,10.10.0.10,173.194.151.108,,,41505,443,0,37,17
1589249299.203447,173.194.151.108,10.10.0.10,,,443,41505,0,1358,17
1589249299.212178,173.194.151.108,10.10.0.10,,,443,41505,0,1358,17
1589249299.214024,10.10.0.10,173.194.151.108,,,41505,443,0,37,17
1589249299.2209148,173.194.151.108,10.10.0.10,,,443,41505,0,1358,17
1589249299.2307005,173.194.151.108,10.10.0.10,,,443,41505,0,1358,17
1589249299.2322989,10.10.0.10,173.194.151.108,,,41505,443,0,37,17
1589249299.2394438,173.194.151.108,10.10.0.10,,,443,41505,0,1358,17
1589249299.248159,173.194.151.108,10.10.0.10,,,443,41505,0,1358,17
1589249299.2498894,10.10.0.10,173.194.151.108,,,41505,443,0,37,17
1589249299.256897,173.194.151.108,10.10.0.10,,,443,41505,0,1358,17
1589249299.265631,173.194.151.108,10.10.0.10,,,443,41505,0,1358,17
1589249299.267551,10.10.0.10,173.194.151.108,,,41505,443,0,37,17
1589249299.2743812,173.194.151.108,10.10.0.10,,,443,41505,0,1358,17
1589249299.283099,173.194.151.108,10.10.0.10,,,443,41505,0,1358,17
1589249299.2847624,10.10.0.10,173.194.151.108,,,41505,443,0,37,17
1589249299.2918394,173.194.151.108,10.10.0.10,,,443,41505,0,1358,17
1589249299.30057,173.194.151.108,10.10.0.10,,,443,41505,0,1358,17
1589249299.3026679,10.10.0.10,173.194.151.108,,,41505,443,0,37,17
1589249299.309319,173.194.151.108,10.10.0.10,,,443,41505,0,1358,17
1589249299.318037,173.194.151.108,10.10.0.10,,,443,41505,0,1358,17
1589249299.3197901,10.10.0.10,173.194.151.108,,,41505,443,0,37,17
1589249299.3267708,173.194.151.108,10.10.0.10,,,443,41505,0,1358,17
1589249299.3355038,173.194.151.108,10.10.0.10,,,443,41505,0,1358,17
1589249299.3372908,10.10.0.10,173.194.151.108,,,41505,443,0,37,17
1589249299.344255,173.194.151.108,10.10.0.10,,,443,41505,0,1358,17
1589249299.3529751,173.194.151.108,10.10.0.10,,,443,41505,0,1358,17
1589249299.355165,10.10.0.10,173.194.151.108,,,41505,443,0,37,17
1589249299.361707,173.194.151.108,10.10.0.10,,,443,41505,0,1358,17
1589249299.370442,173.194.151.108,10.10.0.10,,,443,41505,0,1358,17
1589249299.3725402,10.10.0.10,173.194.151.108,,,41505,443,0,37,17
1589249299.37919,173.194.151.108,10.10.0.10,,,443,41505,0,1358,17
1589249299.38791,173.194.151.108,10.10.0.10,,,443,41505,0,1358,17
1589249299.3896446,10.10.0.10,173.194.151.108,,,41505,443,0,37,17
1589249299.3966448,173.194.151.108,10.10.0.10,,,443,41505,0,1358,17
1589249299.405377,173.194.151.108,10.10.0.10,,,443,41505,0,1358,17
1589249299.407021,10.10.0.10,173.194.151.108,,,41505,443,0,37,17
1589249299.4141278,173.194.151.108,10.10.0.10,,,443,41505,0,1358,17
1589249299.422846,173.194.151.108,10.10.0.10,,,443,41505,0,1358,17
1589249299.424664,10.10.0.10,173.194.151.108,,,41505,443,0,37,17
1589249299.4315784,173.194.151.108,10.10.0.10,,,443,41505,0,1358,17
1589249299.440325,173.194.151.108,10.10.0.10,,,443,41505,0,1358,17
1589249299.4418929,10.10.0.10,173.194.151.108,,,41505,443,0,37,17
1589249299.449065,173.194.151.108,10.10.0.10,,,443,41505,0,1358,17
1589249299.457784,173.194.151.108,10.10.0.10,,,443,41505,0,1358,17
1589249299.4595091,10.10.0.10,173.194.151.108,,,41505,443,0,37,17
1589249299.4665172,173.194.151.108,10.10.0.10,,,443,41505,0,1358,17
1589249299.47525,173.194.151.108,10.10.0.10,,,443,41505,0,1358,17
1589249299.4772902,10.10.0.10,173.194.151.108,,,41505,443,0,37,17
1589249299.483983,173.194.151.108,10.10.0.10,,,443,41505,0,1358,17
1589249299.492718,173.194.151.108,10.10.0.10,,,443,41505,0,1358,17
1589249299.494287,10.10.0.10,173.194.151.108,,,41505,443,0,50,17
1589249299.501457,173.194.151.108,10.10.0.10,,,443,41505,0,1358,17
1589249299.510189,173.194.151.108,10.10.0.10,,,443,41505,0,1358,17
1589249299.51191,10.10.0.10,173.194.151.108,,,41505,443,0,37,17
1589249299.518935,173.194.151.108,10.10.0.10,,,443,41505,0,1358,17
1589249299.527656,173.194.151.108,10.10.0.10,,,443,41505,0,1358,17
1589249299.529142,10.10.0.10,173.194.151.108,,,41505,443,0,37,17
1589249299.536394,173.194.151.108,10.10.0.10,,,443,41505,0,1358,17
1589249299.5451288,173.194.151.108,10.10.0.10,,,443,41505,0,29,17
1589249299.5455182,173.194.151.108,10.10.0.10,,,443,41505,0,712,17
1589249299.5479882,10.10.0.10,173.194.151.108,,,41505,443,0,37,17
1589249299.5631714,10.10.0.10,173.194.151.108,,,41505,443,0,723,17
1589249299.563198,10.10.0.10,173.194.151.108,,,41505,443,0,48,17
1589249299.5675519,173.194.151.108,10.10.0.10,,,443,41505,0,29,17
1589249299.568917,173.194.151.108,10.10.0.10,,,443,41505,0,1358,17
1589249299.5689518,173.194.151.108,10.10.0.10,,,443,41505,0,1358,17
1589249299.5710142,10.10.0.10,173.194.151.108,,,41505,443,0,37,17
1589249299.576352,173.194.151.108,10.10.0.10,,,443,41505,0,1358,17
1589249299.5850868,173.194.151.108,10.10.0.10,,,443,41505,0,1358,17
1589249299.5870008,10.10.0.10,173.194.151.108,,,41505,443,0,37,17
1589249299.5938141,173.194.151.108,10.10.0.10,,,443,41505,0,1358,17
1589249299.602552,173.194.151.108,10.10.0.10,,,443,41505,0,1358,17
1589249299.60411,10.10.0.10,173.194.151.108,,,41505,443,0,37,17
1589249299.611308,173.194.151.108,10.10.0.10,,,443,41505,0,1358,17
1589249299.62002,173.194.151.108,10.10.0.10,,,443,41505,0,1358,17
1589249299.6219196,10.10.0.10,173.194.151.108,,,41505,443,0,37,17
1589249299.6287591,173.194.151.108,10.10.0.10,,,443,41505,0,1358,17
1589249299.637496,173.194.151.108,10.10.0.10,,,443,41505,0,1358,17
1589249299.6391,10.10.0.10,173.194.151.108,,,41505,443,0,37,17
1589249299.646227,173.194.151.108,10.10.0.10,,,443,41505,0,1358,17
1589249299.654958,173.194.151.108,10.10.0.10,,,443,41505,0,1358,17
1589249299.659641,10.10.0.10,173.194.151.108,,,41505,443,0,37,17
1589249299.6636946,173.194.151.108,10.10.0.10,,,443,41505,0,1358,17
1589249299.672428,173.194.151.108,10.10.0.10,,,443,41505,0,1358,17
1589249299.674017,10.10.0.10,173.194.151.108,,,41505,443,0,37,17
1589249299.681159,173.194.151.108,10.10.0.10,,,443,41505,0,1358,17
1589249299.689893,173.194.151.108,10.10.0.10,,,443,41505,0,1358,17
1589249299.691387,10.10.0.10,173.194.151.108,,,41505,443,0,37,17
1589249299.69864,173.194.151.108,10.10.0.10,,,443,41505,0,1358,17
1589249299.707365,173.194.151.108,10.10.0.10,,,443,41505,0,1358,17
1589249299.7088606,10.10.0.10,173.194.151.108,,,41505,443,0,37,17
1589249299.716094,173.194.151.108,10.10.0.10,,,443,41505,0,1358,17
1589249299.7248292,173.194.151.108,10.10.0.10,,,443,41505,0,1358,17
1589249299.726384,10.10.0.10,173.194.151.108,,,41505,443,0,37,17
1589249299.7335632,173.194.151.108,10.10.0.10,,,443,41505,0,1358,17
1589249299.7423027,173.194.151.108,10.10.0.10,,,443,41505,0,1358,17
1589249299.7439961,10.10.0.10,173.194.151.108,,,41505,443,0,37,17
1589249299.751034,173.194.151.108,10.10.0.10,,,443,41505,0,1358,17
1589249299.759772,173.194.151.108,10.10.0.10,,,443,41505,0,1358,17
1589249299.7622788,10.10.0.10,173.194.151.108,,,41505,443,0,37,17
1589249299.768502,173.194.151.108,10.10.0.10,,,443,41505,0,1358,17
1589249299.777241,173.194.151.108,10.10.0.10,,,443,41505,0,1358,17
1589249299.7809026,10.10.0.10,173.194.151.108,,,41505,443,0,37,17
1589249299.785968,173.194.151.108,10.10.0.10,,,443,41505,0,1358,17
1589249299.7947092,173.194.151.108,10.10.0.10,,,443,41505,0,1358,17
1589249299.796404,10.10.0.10,173.194.151.108,,,41505,443,0,37,17
1589249299.803442,173.194.151.108,10.10.0.10,,,443,41505,0,1358,17
1589249299.812176,173.194.151.108,10.10.0.10,,,443,41505,0,1358,17
1589249299.8137784,10.10.0.10,173.194.151.108,,,41505,443,0,37,17
1589249299.8209262,173.194.151.108,10.10.0.10,,,443,41505,0,1358,17
1589249299.8296454,173.194.151.108,10.10.0.10,,,443,41505,0,1358,17
1589249299.831881,10.10.0.10,173.194.151.108,,,41505,443,0,37,17
1589249299.83838,173.194.151.108,10.10.0.10,,,443,41505,0,1358,17
1589249299.8471134,173.194.151.108,10.10.0.10,,,443,41505,0,1358,17
1589249299.848882,10.10.0.10,173.194.151.108,,,41505,443,0,37,17
1589249299.8558614,173.194.151.108,10.10.0.10,,,443,41505,0,1358,17
1589249299.864581,173.194.151.108,10.10.0.10,,,443,41505,0,1358,17
1589249299.8665268,10.10.0.10,173.194.151.108,,,41505,443,0,37,17
1589249299.873317,173.194.151.108,10.10.0.10,,,443,41505,0,1358,17
1589249299.882052,173.194.151.108,10.10.0.10,,,443,41505,0,1358,17
1589249299.8839011,10.10.0.10,173.194.151.108,,,41505,443,0,37,17
1589249299.890799,173.194.151.108,10.10.0.10,,,443,41505,0,1358,17
1589249299.899518,173.194.151.108,10.10.0.10,,,443,41505,0,1358,17
1589249299.901271,10.10.0.10,173.194.151.108,,,41505,443,0,50,17
1589249299.908248,173.194.151.108,10.10.0.10,,,443,41505,0,1358,17
1589249299.916986,173.194.151.108,10.10.0.10,,,443,41505,0,1358,17
1589249299.9186294,10.10.0.10,173.194.151.108,,,41505,443,0,37,17
1589249299.925736,173.194.151.108,10.10.0.10,,,443,41505,0,1358,17
1589249299.93445,173.194.151.108,10.10.0.10,,,443,41505,0,1358,17
1589249299.9362528,10.10.0.10,173.194.151.108,,,41505,443,0,37,17
1589249299.943187,173.194.151.108,10.10.0.10,,,443,41505,0,1358,17
1589249299.9519331,173.194.151.108,10.10.0.10,,,443,41505,0,1358,17
1589249299.9535232,10.10.0.10,173.194.151.108,,,41505,443,0,37,17
1589249299.960669,173.194.151.108,10.10.0.10,,,443,41505,0,1358,17
1589249299.969391,173.194.151.108,10.10.0.10,,,443,41505,0,1358,17
1589249299.9711485,10.10.0.10,173.194.151.108,,,41505,443,0,37,17
1589249299.9781241,173.194.151.108,10.10.0.10,,,443,41505,0,1358,17
1589249299.9868588,173.194.151.108,10.10.0.10,,,443,41505,0,1358,17
1589249299.9883778,10.10.0.10,173.194.151.108,,,41505,443,0,37,17
1589249299.9955919,173.194.151.108,10.10.0.10,,,443,41505,0,1358,17
1589249300.004327,173.194.151.108,10.10.0.10,,,443,41505,0,1358,17
1589249300.005897,10.10.0.10,173.194.151.108,,,41505,443,0,37,17
1589249300.013061,173.194.151.108,10.10.0.10,,,443,41505,0,1358,17
1589249300.021799,173.194.151.108,10.10.0.10,,,443,41505,0,1358,17
1589249300.02352,10.10.0.10,173.194.151.108,,,41505,443,0,37,17
1589249300.030545,173.194.151.108,10.10.0.10,,,443,41505,0,1358,17
1589249300.039263,173.194.151.108,10.10.0.10,,,443,41505,0,1358,17
1589249300.0410259,10.10.0.10,173.194.151.108,,,41505,443,0,37,17
1589249300.0479982,173.194.151.108,10.10.0.10,,,443,41505,0,1358,17
1589249300.056734,173.194.151.108,10.10.0.10,,,443,41505,0,1358,17
1589249300.0597732,10.10.0.10,173.194.151.108,,,41505,443,0,37,17
1589249300.0654829,173.194.151.108,10.10.0.10,,,443,41505,0,1358,17
1589249300.074199,173.194.151.108,10.10.0.10,,,443,41505,0,1358,17
1589249300.0765214,10.10.0.10,173.194.151.108,,,41505,443,0,37,17
1589249300.082934,173.194.151.108,10.10.0.10,,,443,41505,0,1358,17
1589249300.0916722,173.194.151.108,10.10.0.10,,,443,41505,0,1358,17
1589249300.093395,10.10.0.10,173.194.151.108,,,41505,443,0,37,17
1589249300.1004179,173.194.151.108,10.10.0.10,,,443,41505,0,1358,17
1589249300.1091368,173.194.151.108,10.10.0.10,,,443,41505,0,1358,17
1589249300.110898,10.10.0.10,173.194.151.108,,,41505,443,0,37,17
1589249300.1178696,173.194.151.108,10.10.0.10,,,443,41505,0,1358,17
1589249300.126606,173.194.151.108,10.10.0.10,,,443,41505,0,1358,17
1589249300.128752,10.10.0.10,173.194.151.108,,,41505,443,0,37,17
1589249300.1353562,173.194.151.108,10.10.0.10,,,443,41505,0,1358,17
1589249300.144072,173.194.151.108,10.10.0.10,,,443,41505,0,1358,17
1589249300.146017,10.10.0.10,173.194.151.108,,,41505,443,0,37,17
1589249300.152809,173.194.151.108,10.10.0.10,,,443,41505,0,1358,17
1589249300.161545,173.194.151.108,10.10.0.10,,,443,41505,0,1358,17
1589249300.163267,10.10.0.10,173.194.151.108,,,41505,443,0,37,17
1589249300.170275,173.194.151.108,10.10.0.10,,,443,41505,0,1358,17
1589249300.17901,173.194.151.108,10.10.0.10,,,443,41505,0,1358,17
1589249300.180768,10.10.0.10,173.194.151.108,,,41505,443,0,37,17
1589249300.187743,173.194.151.108,10.10.0.10,,,443,41505,0,1358,17
1589249300.196481,173.194.151.108,10.10.0.10,,,443,41505,0,1358,17
1589249300.1982381,10.10.0.10,173.194.151.108,,,41505,443,0,37,17
1589249300.2052279,173.194.151.108,10.10.0.10,,,443,41505,0,1358,17
1589249300.213946,173.194.151.108,10.10.0.10,,,443,41505,0,1358,17
1589249300.215639,10.10.0.10,173.194.151.108,,,41505,443,0,37,17
1589249300.22268,173.194.151.108,10.10.0.10,,,443,41505,0,1358,17
1589249300.231418,173.194.151.108,10.10.0.10,,,443,41505,0,1358,17
1589249300.2331398,10.10.0.10,173.194.151.108,,,41505,443,0,37,17
1589249300.2401671,173.194.151.108,10.10.0.10,,,443,41505,0,1358,17
1589249300.2488804,173.194.151.108,10.10.0.10,,,443,41505,0,1358,17
1589249300.2508292,10.10.0.10,173.194.151.108,,,41505,443,0,50,17
1589249300.257615,173.194.151.108,10.10.0.10,,,443,41505,0,1358,17
1589249300.266352,173.194.151.108,10.10.0.10,,,443,41505,0,1358,17
1589249300.268148,10.10.0.10,173.194.151.108,,,41505,443,0,37,17
1589249300.2751012,173.194.151.108,10.10.0.10,,,443,41505,0,1358,17
1589249300.283819,173.194.151.108,10.10.0.10,,,443,41505,0,1358,17
1589249300.2854931,10.10.0.10,173.194.151.108,,,41505,443,0,37,17
1589249300.292552,173.194.151.108,10.10.0.10,,,443,41505,0,1358,17
1589249300.3012938,173.194.151.108,10.10.0.10,,,443,41505,0,1358,17
1589249300.30389,10.10.0.10,173.194.151.108,,,41505,443,0,37,17
1589249300.3100376,173.194.151.108,10.10.0.10,,,443,41505,0,1358,17
1589249300.3187554,173.194.151.108,10.10.0.10,,,443,41505,0,1358,17
1589249300.3204925,10.10.0.10,173.194.151.108,,,41505,443,0,37,17
1589249300.3274894,173.194.151.108,10.10.0.10,,,443,41505,0,1358,17
1589249300.336225,173.194.151.108,10.10.0.10,,,443,41505,0,1358,17
1589249300.3449721,173.194.151.108,10.10.0.10,,,443,41505,0,1358,17
1589249300.3536954,173.194.151.108,10.10.0.10,,,443,41505,0,1358,17
1589249300.362427,173.194.151.108,10.10.0.10,,,443,41505,0,1358,17
1589249300.363394,10.10.0.10,173.194.151.108,,,41505,443,0,37,17
1589249300.366011,10.10.0.10,173.194.151.108,,,41505,443,0,37,17
1589249300.371164,173.194.151.108,10.10.0.10,,,443,41505,0,1358,17
1589249300.3727412,10.10.0.10,173.194.151.108,,,41505,443,0,37,17
1589249300.379911,173.194.151.108,10.10.0.10,,,443,41505,0,1358,17
1589249300.3886292,173.194.151.108,10.10.0.10,,,443,41505,0,1358,17
1589249300.392011,10.10.0.10,173.194.151.108,,,41505,443,0,37,17
1589249300.3973632,173.194.151.108,10.10.0.10,,,443,41505,0,1358,17
1589249300.4060972,173.194.151.108,10.10.0.10,,,443,41505,0,1358,17
1589249300.407886,10.10.0.10,173.194.151.108,,,41505,443,0,37,17
1589249300.41483,173.194.151.108,10.10.0.10,,,443,41505,0,1358,17
1589249300.4235651,173.194.151.108,10.10.0.10,,,443,41505,0,1358,17
1589249300.425239,10.10.0.10,173.194.151.108,,,41505,443,0,37,17
1589249300.432301,173.194.151.108,10.10.0.10,,,443,41505,0,1358,17
1589249300.4410374,173.194.151.108,10.10.0.10,,,443,41505,0,1358,17
1589249300.442758,10.10.0.10,173.194.151.108,,,41505,443,0,37,17
1589249300.449784,173.194.151.108,10.10.0.10,,,443,41505,0,1358,17
1589249300.4585054,173.194.151.108,10.10.0.10,,,443,41505,0,1358,17
1589249300.460384,10.10.0.10,173.194.151.108,,,41505,443,0,37,17
1589249300.4672358,173.194.151.108,10.10.0.10,,,443,41505,0,1358,17
1589249300.475966,173.194.151.108,10.10.0.10,,,443,41505,0,1358,17
1589249300.4775002,10.10.0.10,173.194.151.108,,,41505,443,0,37,17
1589249300.4847028,173.194.151.108,10.10.0.10,,,443,41505,0,1358,17
1589249300.493438,173.194.151.108,10.10.0.10,,,443,41505,0,1358,17
1589249300.49499,10.10.0.10,173.194.151.108,,,41505,443,0,37,17
1589249300.5021696,173.194.151.108,10.10.0.10,,,443,41505,0,1358,17
1589249300.5109134,173.194.151.108,10.10.0.10,,,443,41505,0,1358,17
1589249300.516359,10.10.0.10,173.194.151.108,,,41505,443,0,37,17
1589249300.519655,173.194.151.108,10.10.0.10,,,443,41505,0,1358,17
1589249300.528368,173.194.151.108,10.10.0.10,,,443,41505,0,1358,17
1589249300.5301304,10.10.0.10,173.194.151.108,,,41505,443,0,37,17
1589249300.5371099,173.194.151.108,10.10.0.10,,,443,41505,0,1358,17
1589249300.545838,173.194.151.108,10.10.0.10,,,443,41505,0,1358,17
1589249300.547503,10.10.0.10,173.194.151.108,,,41505,443,0,37,17
1589249300.554575,173.194.151.108,10.10.0.10,,,443,41505,0,1358,17
1589249300.563306,173.194.151.108,10.10.0.10,,,443,41505,0,1358,17
1589249300.5652552,10.10.0.10,173.194.151.108,,,41505,443,0,37,17
1589249300.572047,173.194.151.108,10.10.0.10,,,443,41505,0,1358,17
1589249300.580776,173.194.151.108,10.10.0.10,,,443,41505,0,1358,17
1589249300.582606,10.10.0.10,173.194.151.108,,,41505,443,0,37,17
1589249300.589513,173.194.151.108,10.10.0.10,,,443,41505,0,1358,17
1589249300.5982509,173.194.151.108,10.10.0.10,,,443,41505,0,1358,17
1589249300.6004796,10.10.0.10,173.194.151.108,,,41505,443,0,50,17
1589249300.606975,173.194.151.108,10.10.0.10,,,443,41505,0,1358,17
1589249300.615712,173.194.151.108,10.10.0.10,,,443,41505,0,1358,17
1589249300.6244562,173.194.151.108,10.10.0.10,,,443,41505,0,1358,17
1589249300.6283462,10.10.0.10,173.194.151.108,,,41505,443,0,37,17
1589249300.6331868,173.194.151.108,10.10.0.10,,,443,41505,0,1358,17
1589249300.6348786,10.10.0.10,173.194.151.108,,,41505,443,0,37,17
1589249300.6419182,173.194.151.108,10.10.0.10,,,443,41505,0,1358,17
1589249300.650648,173.194.151.108,10.10.0.10,,,443,41505,0,29,17
1589249300.651044,173.194.151.108,10.10.0.10,,,443,41505,0,1358,17
1589249300.65357,10.10.0.10,173.194.151.108,,,41505,443,0,37,17
1589249300.659777,173.194.151.108,10.10.0.10,,,443,41505,0,1358,17
1589249300.6685116,173.194.151.108,10.10.0.10,,,443,41505,0,1358,17
1589249300.670232,10.10.0.10,173.194.151.108,,,41505,443,0,37,17
1589249300.677249,173.194.151.108,10.10.0.10,,,443,41505,0,1358,17
1589249300.6866374,173.194.151.108,10.10.0.10,,,443,41505,0,1358,17
1589249300.6886294,10.10.0.10,173.194.151.108,,,41505,443,0,37,17
1589249300.69536,173.194.151.108,10.10.0.10,,,443,41505,0,1358,17
1589249300.704119,173.194.151.108,10.10.0.10,,,443,41505,0,1358,17
1589249300.705591,10.10.0.10,173.194.151.108,,,41505,443,0,37,17
1589249300.712842,173.194.151.108,10.10.0.10,,,443,41505,0,1358,17
1589249300.72156,173.194.151.108,10.10.0.10,,,443,41505,0,1358,17
1589249300.7232199,10.10.0.10,173.194.151.108,,,41505,443,0,37,17
1589249300.7303019,173.194.151.108,10.10.0.10,,,443,41505,0,1358,17
1589249300.739033,173.194.151.108,10.10.0.10,,,443,41505,0,1358,17
1589249300.7413304,10.10.0.10,173.194.151.108,,,41505,443,0,37,17
1589249300.747765,173.194.151.108,10.10.0.10,,,443,41505,0,1358,17
1589249300.75651,173.194.151.108,10.10.0.10,,,443,41505,0,1358,17
1589249300.7582278,10.10.0.10,173.194.151.108,,,41505,443,0,37,17
1589249300.7652302,173.194.151.108,10.10.0.10,,,443,41505,0,1358,17
1589249300.773969,173.194.151.108,10.10.0.10,,,443,41505,0,1358,17
1589249300.777703,10.10.0.10,173.194.151.108,,,41505,443,0,37,17
1589249300.782701,173.194.151.108,10.10.0.10,,,443,41505,0,1358,17
1589249300.791439,173.194.151.108,10.10.0.10,,,443,41505,0,1358,17
1589249300.793475,10.10.0.10,173.194.151.108,,,41505,443,0,37,17
1589249300.800168,173.194.151.108,10.10.0.10,,,443,41505,0,1358,17
1589249300.808902,173.194.151.108,10.10.0.10,,,443,41505,0,1358,17
1589249300.810603,10.10.0.10,173.194.151.108,,,41505,443,0,37,17
1589249300.8176508,173.194.151.108,10.10.0.10,,,443,41505,0,1358,17
1589249300.8264,173.194.151.108,10.10.0.10,,,443,41505,0,1358,17
1589249300.827846,10.10.0.10,173.194.151.108,,,41505,443,0,37,17
1589249300.8351092,173.194.151.108,10.10.0.10,,,443,41505,0,1358,17
1589249300.843843,173.194.151.108,10.10.0.10,,,443,41505,0,1358,17
1589249300.846377,10.10.0.10,173.194.151.108,,,41505,443,0,37,17
1589249300.852586,173.194.151.108,10.10.0.10,,,443,41505,0,1358,17
1589249300.861312,173.194.151.108,10.10.0.10,,,443,41505,0,1358,17
1589249300.862851,10.10.0.10,173.194.151.108,,,41505,443,0,37,17
1589249300.8700454,173.194.151.108,10.10.0.10,,,443,41505,0,1358,17
1589249300.878781,173.194.151.108,10.10.0.10,,,443,41505,0,1358,17
1589249300.880631,10.10.0.10,173.194.151.108,,,41505,443,0,37,17
1589249300.8875134,173.194.151.108,10.10.0.10,,,443,41505,0,1358,17
1589249300.896271,173.194.151.108,10.10.0.10,,,443,41505,0,1358,17
1589249300.8979962,10.10.0.10,173.194.151.108,,,41505,443,0,37,17
1589249300.9049811,173.194.151.108,10.10.0.10,,,443,41505,0,1358,17
1589249300.913717,173.194.151.108,10.10.0.10,,,443,41505,0,1358,17
1589249300.916977,10.10.0.10,173.194.151.108,,,41505,443,0,37,17
1589249300.922457,173.194.151.108,10.10.0.10,,,443,41505,0,1358,17
1589249300.931185,173.194.151.108,10.10.0.10,,,443,41505,0,1358,17
1589249300.933225,10.10.0.10,173.194.151.108,,,41505,443,0,37,17
1589249300.939919,173.194.151.108,10.10.0.10,,,443,41505,0,1358,17
1589249300.948649,173.194.151.108,10.10.0.10,,,443,41505,0,1358,17
1589249300.950349,10.10.0.10,173.194.151.108,,,41505,443,0,50,17
1589249300.9574,173.194.151.108,10.10.0.10,,,443,41505,0,1358,17
1589249300.9661438,173.194.151.108,10.10.0.10,,,443,41505,0,1358,17
1589249300.9676108,10.10.0.10,173.194.151.108,,,41505,443,0,37,17
1589249300.974854,173.194.151.108,10.10.0.10,,,443,41505,0,1358,17
1589249300.9835892,173.194.151.108,10.10.0.10,,,443,41505,0,1358,17
1589249300.9850988,10.10.0.10,173.194.151.108,,,41505,443,0,37,17
1589249300.9923296,173.194.151.108,10.10.0.10,,,443,41505,0,1358,17
1589249301.0010571,173.194.151.108,10.10.0.10,,,443,41505,0,29,17
1589249301.001455,173.194.151.108,10.10.0.10,,,443,41505,0,1358,17
1589249301.0029721,10.10.0.10,173.194.151.108,,,41505,443,0,37,17
1589249301.010186,173.194.151.108,10.10.0.10,,,443,41505,0,1358,17
1589249301.0189252,173.194.151.108,10.10.0.10,,,443,41505,0,1358,17
1589249301.02049,10.10.0.10,173.194.151.108,,,41505,443,0,37,17
1589249301.0276554,173.194.151.108,10.10.0.10,,,443,41505,0,1358,17
1589249301.036385,173.194.151.108,10.10.0.10,,,443,41505,0,1358,17
1589249301.037961,10.10.0.10,173.194.151.108,,,41505,443,0,37,17
1589249301.0451398,173.194.151.108,10.10.0.10,,,443,41505,0,1358,17
1589249301.053853,173.194.151.108,10.10.0.10,,,443,41505,0,1358,17
1589249301.055368,10.10.0.10,173.194.151.108,,,41505,443,0,37,17
1589249301.062592,173.194.151.108,10.10.0.10,,,443,41505,0,1358,17
1589249301.0713284,173.194.151.108,10.10.0.10,,,443,41505,0,1358,17
1589249301.0728528,10.10.0.10,173.194.151.108,,,41505,443,0,37,17
1589249301.0800614,173.194.151.108,10.10.0.10,,,443,41505,0,1358,17
1589249301.088793,173.194.151.108,10.10.0.10,,,443,41505,0,1358,17
1589249301.090462,10.10.0.10,173.194.151.108,,,41505,443,0,37,17
1589249301.097529,173.194.151.108,10.10.0.10,,,443,41505,0,1358,17
1589249301.106267,173.194.151.108,10.10.0.10,,,443,41505,0,1358,17
1589249301.108114,10.10.0.10,173.194.151.108,,,41505,443,0,37,17
1589249301.115014,173.194.151.108,10.10.0.10,,,443,41505,0,1358,17
1589249301.123732,173.194.151.108,10.10.0.10,,,443,41505,0,1358,17
1589249301.1254866,10.10.0.10,173.194.151.108,,,41505,443,0,37,17
1589249301.1324668,173.194.151.108,10.10.0.10,,,443,41505,0,1358,17
1589249301.1412098,173.194.151.108,10.10.0.10,,,443,41505,0,1358,17
1589249301.142834,10.10.0.10,173.194.151.108,,,41505,443,0,37,17
1589249301.149934,173.194.151.108,10.10.0.10,,,443,41505,0,1358,17
1589249301.1586668,173.194.151.108,10.10.0.10,,,443,41505,0,1358,17
1589249301.1616132,10.10.0.10,173.194.151.108,,,41505,443,0,37,17
1589249301.1674,173.194.151.108,10.10.0.10,,,443,41505,0,1358,17
1589249301.1761448,173.194.151.108,10.10.0.10,,,443,41505,0,1358,17
1589249301.1778429,10.10.0.10,173.194.151.108,,,41505,443,0,37,17
1589249301.1848881,173.194.151.108,10.10.0.10,,,443,41505,0,1358,17
1589249301.1936028,173.194.151.108,10.10.0.10,,,443,41505,0,1358,17
1589249301.195341,10.10.0.10,173.194.151.108,,,41505,443,0,37,17
1589249301.202338,173.194.151.108,10.10.0.10,,,443,41505,0,1358,17
1589249301.211074,173.194.151.108,10.10.0.10,,,443,41505,0,1358,17
1589249301.213488,10.10.0.10,173.194.151.108,,,41505,443,0,37,17
1589249301.2198062,173.194.151.108,10.10.0.10,,,443,41505,0,1358,17
1589249301.228539,173.194.151.108,10.10.0.10,,,443,41505,0,1358,17
1589249301.2303472,10.10.0.10,173.194.151.108,,,41505,443,0,37,17
1589249301.237277,173.194.151.108,10.10.0.10,,,443,41505,0,1358,17
1589249301.2460132,173.194.151.108,10.10.0.10,,,443,41505,0,1358,17
1589249301.2477071,10.10.0.10,173.194.151.108,,,41505,443,0,37,17
1589249301.254759,173.194.151.108,10.10.0.10,,,443,41505,0,1358,17
1589249301.263478,173.194.151.108,10.10.0.10,,,443,41505,0,1358,17
1589249301.265351,10.10.0.10,173.194.151.108,,,41505,443,0,37,17
1589249301.2722118,173.194.151.108,10.10.0.10,,,443,41505,0,1358,17
1589249301.2809482,173.194.151.108,10.10.0.10,,,443,41505,0,1358,17
1589249301.2827132,10.10.0.10,173.194.151.108,,,41505,443,0,37,17
1589249301.2896788,173.194.151.108,10.10.0.10,,,443,41505,0,1358,17
1589249301.298416,173.194.151.108,10.10.0.10,,,443,41505,0,1358,17
1589249301.3004658,10.10.0.10,173.194.151.108,,,41505,443,0,50,17
1589249301.3071456,173.194.151.108,10.10.0.10,,,443,41505,0,1358,17
1589249301.315886,173.194.151.108,10.10.0.10,,,443,41505,0,1358,17
1589249301.317457,10.10.0.10,173.194.151.108,,,41505,443,0,37,17
1589249301.3246338,173.194.151.108,10.10.0.10,,,443,41505,0,1358,17
1589249301.3333502,173.194.151.108,10.10.0.10,,,443,41505,0,1358,17
1589249301.335712,10.10.0.10,173.194.151.108,,,41505,443,0,37,17
1589249301.342083,173.194.151.108,10.10.0.10,,,443,41505,0,1358,17
1589249301.350821,173.194.151.108,10.10.0.10,,,443,41505,0,1358,17
1589249301.3523388,10.10.0.10,173.194.151.108,,,41505,443,0,37,17
1589249301.3595548,173.194.151.108,10.10.0.10,,,443,41505,0,1358,17
1589249301.368286,173.194.151.108,10.10.0.10,,,443,41505,0,1358,17
1589249301.3698552,10.10.0.10,173.194.151.108,,,41505,443,0,37,17
1589249301.37702,173.194.151.108,10.10.0.10,,,443,41505,0,1358,17
1589249301.3857589,173.194.151.108,10.10.0.10,,,443,41505,0,1358,17
1589249301.387365,10.10.0.10,173.194.151.108,,,41505,443,0,37,17
1589249301.394507,173.194.151.108,10.10.0.10,,,443,41505,0,1358,17
1589249301.403225,173.194.151.108,10.10.0.10,,,443,41505,0,1358,17
1589249301.40497,10.10.0.10,173.194.151.108,,,41505,443,0,37,17
1589249301.4119554,173.194.151.108,10.10.0.10,,,443,41505,0,1358,17
1589249301.4206948,173.194.151.108,10.10.0.10,,,443,41505,0,1358,17
1589249301.42246,10.10.0.10,173.194.151.108,,,41505,443,0,37,17
1589249301.429425,173.194.151.108,10.10.0.10,,,443,41505,0,1358,17
1589249301.43816,173.194.151.108,10.10.0.10,,,443,41505,0,1358,17
1589249301.439825,10.10.0.10,173.194.151.108,,,41505,443,0,37,17
1589249301.4468932,173.194.151.108,10.10.0.10,,,443,41505,0,1358,17
1589249301.455632,173.194.151.108,10.10.0.10,,,443,41505,0,1358,17
1589249301.4572089,10.10.0.10,173.194.151.108,,,41505,443,0,37,17
1589249301.4643786,173.194.151.108,10.10.0.10,,,443,41505,0,1358,17
1589249301.4730976,173.194.151.108,10.10.0.10,,,443,41505,0,1358,17
1589249301.474985,10.10.0.10,173.194.151.108,,,41505,443,0,37,17
1589249301.4818294,173.194.151.108,10.10.0.10,,,443,41505,0,1358,17
1589249301.490566,173.194.151.108,10.10.0.10,,,443,41505,0,1358,17
1589249301.4934769,10.10.0.10,173.194.151.108,,,41505,443,0,37,17
1589249301.499298,173.194.151.108,10.10.0.10,,,443,41505,0,1358,17
1589249301.508026,173.194.151.108,10.10.0.10,,,443,41505,0,1358,17
1589249301.509957,10.10.0.10,173.194.151.108,,,41505,443,0,37,17
1589249301.516766,173.194.151.108,10.10.0.10,,,443,41505,0,1358,17
1589249301.525505,173.194.151.108,10.10.0.10,,,443,41505,0,1358,17
1589249301.5270748,10.10.0.10,173.194.151.108,,,41505,443,0,37,17
1589249301.5342526,173.194.151.108,10.10.0.10,,,443,41505,0,1358,17
1589249301.5429714,173.194.151.108,10.10.0.10,,,443,41505,0,1358,17
1589249301.544602,10.10.0.10,173.194.151.108,,,41505,443,0,37,17
1589249301.551702,173.194.151.108,10.10.0.10,,,443,41505,0,1358,17
1589249301.56044,173.194.151.108,10.10.0.10,,,443,41505,0,1358,17
1589249301.56235,10.10.0.10,173.194.151.108,,,41505,443,0,37,17
1589249301.5691712,173.194.151.108,10.10.0.10,,,443,41505,0,1358,17
1589249301.5779052,173.194.151.108,10.10.0.10,,,443,41505,0,1358,17
1589249301.57959,10.10.0.10,173.194.151.108,,,41505,443,0,37,17
1589249301.586638,173.194.151.108,10.10.0.10,,,443,41505,0,1358,17
1589249301.5953698,173.194.151.108,10.10.0.10,,,443,41505,0,1358,17
1589249301.59768,10.10.0.10,173.194.151.108,,,41505,443,0,37,17
1589249301.604102,173.194.151.108,10.10.0.10,,,443,41505,0,1358,17
1589249301.61284,173.194.151.108,10.10.0.10,,,443,41505,0,1358,17
1589249301.614572,10.10.0.10,173.194.151.108,,,41505,443,0,37,17
1589249301.6215801,173.194.151.108,10.10.0.10,,,443,41505,0,1358,17
1589249301.630305,173.194.151.108,10.10.0.10,,,443,41505,0,1358,17
1589249301.6390634,173.194.151.108,10.10.0.10,,,443,41505,0,1358,17
1589249301.647779,173.194.151.108,10.10.0.10,,,443,41505,0,1358,17
1589249301.651958,10.10.0.10,173.194.151.108,,,41505,443,0,37,17
1589249301.6528518,10.10.0.10,173.194.151.108,,,41505,443,0,50,17
1589249301.6565099,173.194.151.108,10.10.0.10,,,443,41505,0,1358,17
1589249301.6652498,173.194.151.108,10.10.0.10,,,443,41505,0,1358,17
1589249301.6670668,10.10.0.10,173.194.151.108,,,41505,443,0,37,17
1589249301.673977,173.194.151.108,10.10.0.10,,,443,41505,0,1358,17
1589249301.6827092,173.194.151.108,10.10.0.10,,,443,41505,0,1358,17
1589249301.687453,10.10.0.10,173.194.151.108,,,41505,443,0,37,17
1589249301.691442,173.194.151.108,10.10.0.10,,,443,41505,0,1358,17
1589249301.7001796,173.194.151.108,10.10.0.10,,,443,41505,0,1358,17
1589249301.701825,10.10.0.10,173.194.151.108,,,41505,443,0,37,17
1589249301.70891,173.194.151.108,10.10.0.10,,,443,41505,0,1358,17
1589249301.717648,173.194.151.108,10.10.0.10,,,443,41505,0,1358,17
1589249301.719324,10.10.0.10,173.194.151.108,,,41505,443,0,37,17
1589249301.726384,173.194.151.108,10.10.0.10,,,443,41505,0,1358,17
1589249301.735112,173.194.151.108,10.10.0.10,,,443,41505,0,1358,17
1589249301.737175,10.10.0.10,173.194.151.108,,,41505,443,0,37,17
1589249301.743848,173.194.151.108,10.10.0.10,,,443,41505,0,1358,17
1589249301.752584,173.194.151.108,10.10.0.10,,,443,41505,0,1358,17
1589249301.754456,10.10.0.10,173.194.151.108,,,41505,443,0,37,17
1589249301.7613158,173.194.151.108,10.10.0.10,,,443,41505,0,1358,17
1589249301.7700498,173.194.151.108,10.10.0.10,,,443,41505,0,1358,17
1589249301.771554,10.10.0.10,173.194.151.108,,,41505,443,0,37,17
1589249301.778785,173.194.151.108,10.10.0.10,,,443,41505,0,1358,17
1589249301.787526,173.194.151.108,10.10.0.10,,,443,41505,0,1358,17
1589249301.7891972,10.10.0.10,173.194.151.108,,,41505,443,0,37,17
1589249301.7962525,173.194.151.108,10.10.0.10,,,443,41505,0,1358,17
1589249301.804991,173.194.151.108,10.10.0.10,,,443,41505,0,1358,17
1589249301.806567,10.10.0.10,173.194.151.108,,,41505,443,0,37,17
1589249301.8137438,173.194.151.108,10.10.0.10,,,443,41505,0,1358,17
1589249301.817455,10.10.0.10,173.194.151.108,,,41505,443,0,729,17
1589249301.817481,10.10.0.10,173.194.151.108,,,41505,443,0,48,17
1589249301.8224616,173.194.151.108,10.10.0.10,,,443,41505,0,1358,17
1589249301.831193,173.194.151.108,10.10.0.10,,,443,41505,0,1358,17
1589249301.832823,10.10.0.10,173.194.151.108,,,41505,443,0,37,17
1589249301.839941,173.194.151.108,10.10.0.10,,,443,41505,0,1358,17
1589249301.848662,173.194.151.108,10.10.0.10,,,443,41505,0,1358,17
1589249301.850312,10.10.0.10,173.194.151.108,,,41505,443,0,37,17
1589249301.857397,173.194.151.108,10.10.0.10,,,443,41505,0,29,17
1589249301.857806,173.194.151.108,10.10.0.10,,,443,41505,0,1358,17
1589249301.866526,173.194.151.108,10.10.0.10,,,443,41505,0,1358,17
1589249301.868217,10.10.0.10,173.194.151.108,,,41505,443,0,37,17
1589249301.875259,173.194.151.108,10.10.0.10,,,443,41505,0,1358,17
1589249301.883992,173.194.151.108,10.10.0.10,,,443,41505,0,1358,17
1589249301.885456,10.10.0.10,173.194.151.108,,,41505,443,0,37,17
1589249301.8927422,173.194.151.108,10.10.0.10,,,443,41505,0,1358,17
1589249301.9014692,173.194.151.108,10.10.0.10,,,443,41505,0,1358,17
1589249301.903217,10.10.0.10,173.194.151.108,,,41505,443,0,37,17
1589249301.9101956,173.194.151.108,10.10.0.10,,,443,41505,0,1358,17
1589249301.9189296,173.194.151.108,10.10.0.10,,,443,41505,0,1358,17
1589249301.9208472,10.10.0.10,173.194.151.108,,,41505,443,0,37,17
1589249301.927687,173.194.151.108,10.10.0.10,,,443,41505,0,1358,17
1589249301.9364,173.194.151.108,10.10.0.10,,,443,41505,0,1358,17
1589249301.9380774,10.10.0.10,173.194.151.108,,,41505,443,0,37,17
1589249301.9451332,173.194.151.108,10.10.0.10,,,443,41505,0,1358,17
1589249301.9538689,173.194.151.108,10.10.0.10,,,443,41505,0,1358,17
1589249301.955842,10.10.0.10,173.194.151.108,,,41505,443,0,37,17
1589249301.962614,173.194.151.108,10.10.0.10,,,443,41505,0,1358,17
1589249301.971336,173.194.151.108,10.10.0.10,,,443,41505,0,1358,17
1589249301.9728212,10.10.0.10,173.194.151.108,,,41505,443,0,37,17
1589249301.980074,173.194.151.108,10.10.0.10,,,443,41505,0,1358,17
1589249301.988803,173.194.151.108,10.10.0.10,,,443,41505,0,1358,17
1589249301.9905686,10.10.0.10,173.194.151.108,,,41505,443,0,37,17
1589249301.997551,173.194.151.108,10.10.0.10,,,443,41505,0,1358,17
1589249302.006273,173.194.151.108,10.10.0.10,,,443,41505,0,1358,17
1589249302.007838,10.10.0.10,173.194.151.108,,,41505,443,0,37,17
1589249302.015006,173.194.151.108,10.10.0.10,,,443,41505,0,1358,17
1589249302.02374,173.194.151.108,10.10.0.10,,,443,41505,0,1358,17
1589249302.027334,10.10.0.10,173.194.151.108,,,41505,443,0,37,17
1589249302.032488,173.194.151.108,10.10.0.10,,,443,41505,0,1358,17
1589249302.04121,173.194.151.108,10.10.0.10,,,443,41505,0,1358,17
1589249302.043818,10.10.0.10,173.194.151.108,,,41505,443,0,37,17
1589249302.049941,173.194.151.108,10.10.0.10,,,443,41505,0,1358,17
1589249302.0586774,173.194.151.108,10.10.0.10,,,443,41505,0,1358,17
1589249302.0604515,10.10.0.10,173.194.151.108,,,41505,443,0,37,17
1589249302.067425,173.194.151.108,10.10.0.10,,,443,41505,0,1358,17
1589249302.0761466,173.194.151.108,10.10.0.10,,,443,41505,0,1358,17
1589249302.0778365,10.10.0.10,173.194.151.108,,,41505,443,0,37,17
1589249302.084879,173.194.151.108,10.10.0.10,,,443,41505,0,1358,17
1589249302.093608,173.194.151.108,10.10.0.10,,,443,41505,0,1358,17
1589249302.0953012,10.10.0.10,173.194.151.108,,,41505,443,0,37,17
1589249302.102342,173.194.151.108,10.10.0.10,,,443,41505,0,1358,17
1589249302.1110818,173.194.151.108,10.10.0.10,,,443,41505,0,1358,17
1589249302.11269,10.10.0.10,173.194.151.108,,,41505,443,0,37,17
1589249302.119815,173.194.151.108,10.10.0.10,,,443,41505,0,1358,17
1589249302.128549,173.194.151.108,10.10.0.10,,,443,41505,0,1358,17
1589249302.131569,10.10.0.10,173.194.151.108,,,41505,443,0,37,17
1589249302.137298,173.194.151.108,10.10.0.10,,,443,41505,0,1358,17
1589249302.146019,173.194.151.108,10.10.0.10,,,443,41505,0,1358,17
1589249302.147706,10.10.0.10,173.194.151.108,,,41505,443,0,37,17
1589249302.154752,173.194.151.108,10.10.0.10,,,443,41505,0,1358,17
1589249302.163487,173.194.151.108,10.10.0.10,,,443,41505,0,1358,17
1589249302.165336,10.10.0.10,173.194.151.108,,,41505,443,0,50,17
1589249302.172242,173.194.151.108,10.10.0.10,,,443,41505,0,1358,17
1589249302.1809552,173.194.151.108,10.10.0.10,,,443,41505,0,1358,17
1589249302.1826804,10.10.0.10,173.194.151.108,,,41505,443,0,37,17
1589249302.189699,173.194.151.108,10.10.0.10,,,443,41505,0,1358,17
1589249302.198424,173.194.151.108,10.10.0.10,,,443,41505,0,1358,17
1589249302.20003,10.10.0.10,173.194.151.108,,,41505,443,0,37,17
1589249302.2071712,173.194.151.108,10.10.0.10,,,443,41505,0,1358,17
1589249302.2158911,173.194.151.108,10.10.0.10,,,443,41505,0,1358,17
1589249302.2177136,10.10.0.10,173.194.151.108,,,41505,443,0,37,17
1589249302.2246258,173.194.151.108,10.10.0.10,,,443,41505,0,1358,17
1589249302.23336,173.194.151.108,10.10.0.10,,,443,41505,0,1358,17
1589249302.235207,10.10.0.10,173.194.151.108,,,41505,443,0,37,17
1589249302.242106,173.194.151.108,10.10.0.10,,,443,41505,0,1358,17
1589249302.250826,173.194.151.108,10.10.0.10,,,443,41505,0,1358,17
1589249302.252817,10.10.0.10,173.194.151.108,,,41505,443,0,37,17
1589249302.2595642,173.194.151.108,10.10.0.10,,,443,41505,0,1358,17
1589249302.268296,173.194.151.108,10.10.0.10,,,443,41505,0,1358,17
1589249302.270185,10.10.0.10,173.194.151.108,,,41505,443,0,37,17
1589249302.2770438,173.194.151.108,10.10.0.10,,,443,41505,0,1358,17
1589249302.2857618,173.194.151.108,10.10.0.10,,,443,41505,0,1358,17
1589249302.2879422,10.10.0.10,173.194.151.108,,,41505,443,0,37,17
1589249302.294498,173.194.151.108,10.10.0.10,,,443,41505,0,1358,17
1589249302.303232,173.194.151.108,10.10.0.10,,,443,41505,0,1358,17
1589249302.3049562,10.10.0.10,173.194.151.108,,,41505,443,0,37,17
1589249302.3119645,173.194.151.108,10.10.0.10,,,443,41505,0,1358,17
1589249302.3207018,173.194.151.108,10.10.0.10,,,443,41505,0,1358,17
1589249302.3224552,10.10.0.10,173.194.151.108,,,41505,443,0,37,17
1589249302.329432,173.194.151.108,10.10.0.10,,,443,41505,0,1358,17
1589249302.338168,173.194.151.108,10.10.0.10,,,443,41505,0,1358,17
1589249302.339809,10.10.0.10,173.194.151.108,,,41505,443,0,37,17
1589249302.3469172,173.194.151.108,10.10.0.10,,,443,41505,0,1358,17
1589249302.3556368,173.194.151.108,10.10.0.10,,,443,41505,0,1358,17
1589249302.3574526,10.10.0.10,173.194.151.108,,,41505,443,0,37,17
1589249302.364366,173.194.151.108,10.10.0.10,,,443,41505,0,1358,17
1589249302.373107,173.194.151.108,10.10.0.10,,,443,41505,0,1358,17
1589249302.374808,10.10.0.10,173.194.151.108,,,41505,443,0,37,17
1589249302.381855,173.194.151.108,10.10.0.10,,,443,41505,0,1358,17
1589249302.390574,173.194.151.108,10.10.0.10,,,443,41505,0,1358,17
1589249302.392454,10.10.0.10,173.194.151.108,,,41505,443,0,37,17
1589249302.3993082,173.194.151.108,10.10.0.10,,,443,41505,0,1358,17
1589249302.40804,173.194.151.108,10.10.0.10,,,443,41505,0,1358,17
1589249302.409576,10.10.0.10,173.194.151.108,,,41505,443,0,37,17
1589249302.416789,173.194.151.108,10.10.0.10,,,443,41505,0,1358,17
1589249302.4255102,173.194.151.108,10.10.0.10,,,443,41505,0,1358,17
1589249302.427186,10.10.0.10,173.194.151.108,,,41505,443,0,37,17
1589249302.434244,173.194.151.108,10.10.0.10,,,443,41505,0,1358,17
1589249302.4429786,173.194.151.108,10.10.0.10,,,443,41505,0,1358,17
1589249302.4447012,10.10.0.10,173.194.151.108,,,41505,443,0,37,17
1589249302.451731,173.194.151.108,10.10.0.10,,,443,41505,0,1358,17
1589249302.460448,173.194.151.108,10.10.0.10,,,443,41505,0,1358,17
1589249302.4620569,10.10.0.10,173.194.151.108,,,41505,443,0,37,17
1589249302.469181,173.194.151.108,10.10.0.10,,,443,41505,0,1358,17
1589249302.477914,173.194.151.108,10.10.0.10,,,443,41505,0,1358,17
1589249302.479825,10.10.0.10,173.194.151.108,,,41505,443,0,37,17
1589249302.486662,173.194.151.108,10.10.0.10,,,443,41505,0,1358,17
1589249302.495378,173.194.151.108,10.10.0.10,,,443,41505,0,1358,17
1589249302.4970481,10.10.0.10,173.194.151.108,,,41505,443,0,37,17
1589249302.5041082,173.194.151.108,10.10.0.10,,,443,41505,0,1358,17
1589249302.512842,173.194.151.108,10.10.0.10,,,443,41505,0,1358,17
1589249302.516055,10.10.0.10,173.194.151.108,,,41505,443,0,50,17
1589249302.521598,173.194.151.108,10.10.0.10,,,443,41505,0,1358,17
1589249302.53032,173.194.151.108,10.10.0.10,,,443,41505,0,1358,17
1589249302.5325742,10.10.0.10,173.194.151.108,,,41505,443,0,37,17
1589249302.5390522,173.194.151.108,10.10.0.10,,,443,41505,0,1358,17
1589249302.547786,173.194.151.108,10.10.0.10,,,443,41505,0,1358,17
1589249302.5496829,10.10.0.10,173.194.151.108,,,41505,443,0,37,17
1589249302.556537,173.194.151.108,10.10.0.10,,,443,41505,0,1358,17
1589249302.565258,173.194.151.108,10.10.0.10,,,443,41505,0,1358,17
1589249302.5670788,10.10.0.10,173.194.151.108,,,41505,443,0,37,17
1589249302.5739892,173.194.151.108,10.10.0.10,,,443,41505,0,1358,17
1589249302.582724,173.194.151.108,10.10.0.10,,,443,41505,0,1358,17
1589249302.5844312,10.10.0.10,173.194.151.108,,,41505,443,0,37,17
1589249302.5914712,173.194.151.108,10.10.0.10,,,443,41505,0,1358,17
1589249302.6001885,173.194.151.108,10.10.0.10,,,443,41505,0,1358,17
1589249302.602046,10.10.0.10,173.194.151.108,,,41505,443,0,37,17
1589249302.608926,173.194.151.108,10.10.0.10,,,443,41505,0,1358,17
1589249302.617655,173.194.151.108,10.10.0.10,,,443,41505,0,1358,17
1589249302.6199071,10.10.0.10,173.194.151.108,,,41505,443,0,37,17
1589249302.626392,173.194.151.108,10.10.0.10,,,443,41505,0,1358,17
1589249302.6351235,173.194.151.108,10.10.0.10,,,443,41505,0,1358,17
1589249302.637052,10.10.0.10,173.194.151.108,,,41505,443,0,37,17
1589249302.6438632,173.194.151.108,10.10.0.10,,,443,41505,0,1358,17
1589249302.652591,173.194.151.108,10.10.0.10,,,443,41505,0,1358,17
1589249302.6541958,10.10.0.10,173.194.151.108,,,41505,443,0,37,17
1589249302.6613252,173.194.151.108,10.10.0.10,,,443,41505,0,1358,17
1589249302.670065,173.194.151.108,10.10.0.10,,,443,41505,0,1358,17
1589249302.6735358,10.10.0.10,173.194.151.108,,,41505,443,0,37,17
1589249302.6787992,173.194.151.108,10.10.0.10,,,443,41505,0,1358,17
1589249302.6875331,173.194.151.108,10.10.0.10,,,443,41505,0,1358,17
1589249302.689196,10.10.0.10,173.194.151.108,,,41505,443,0,37,17
1589249302.696264,173.194.151.108,10.10.0.10,,,443,41505,0,1358,17
1589249302.704994,173.194.151.108,10.10.0.10,,,443,41505,0,1358,17
1589249302.706552,10.10.0.10,173.194.151.108,,,41505,443,0,37,17
1589249302.713737,173.194.151.108,10.10.0.10,,,443,41505,0,1358,17
1589249302.722465,173.194.151.108,10.10.0.10,,,443,41505,0,1358,17
1589249302.7242668,10.10.0.10,173.194.151.108,,,41505,443,0,37,17
1589249302.731199,173.194.151.108,10.10.0.10,,,443,41505,0,1358,17
1589249302.7399368,173.194.151.108,10.10.0.10,,,443,41505,0,1358,17
1589249302.741549,10.10.0.10,173.194.151.108,,,41505,443,0,37,17
1589249302.7486658,173.194.151.108,10.10.0.10,,,443,41505,0,1358,17
1589249302.7574134,173.194.151.108,10.10.0.10,,,443,41505,0,1358,17
1589249302.7602804,10.10.0.10,173.194.151.108,,,41505,443,0,37,17
1589249302.766136,173.194.151.108,10.10.0.10,,,443,41505,0,1358,17
1589249302.774874,173.194.151.108,10.10.0.10,,,443,41505,0,1358,17
1589249302.7764,10.10.0.10,173.194.151.108,,,41505,443,0,37,17
1589249302.783609,173.194.151.108,10.10.0.10,,,443,41505,0,1358,17
1589249302.792337,173.194.151.108,10.10.0.10,,,443,41505,0,1358,17
1589249302.795567,10.10.0.10,173.194.151.108,,,41505,443,0,37,17
1589249302.801089,173.194.151.108,10.10.0.10,,,443,41505,0,1358,17
1589249302.8098118,173.194.151.108,10.10.0.10,,,443,41505,0,1358,17
1589249302.81144,10.10.0.10,173.194.151.108,,,41505,443,0,37,17
1589249302.818543,173.194.151.108,10.10.0.10,,,443,41505,0,1358,17
1589249302.8272786,173.194.151.108,10.10.0.10,,,443,41505,0,1358,17
1589249302.828671,10.10.0.10,173.194.151.108,,,41505,443,0,37,17
1589249302.836011,173.194.151.108,10.10.0.10,,,443,41505,0,1358,17
1589249302.8447466,173.194.151.108,10.10.0.10,,,443,41505,0,1358,17
1589249302.846296,10.10.0.10,173.194.151.108,,,41505,443,0,37,17
1589249302.853481,173.194.151.108,10.10.0.10,,,443,41505,0,1358,17
1589249302.862218,173.194.151.108,10.10.0.10,,,443,41505,0,1358,17
1589249302.8637948,10.10.0.10,173.194.151.108,,,41505,443,0,50,17
1589249302.8709679,173.194.151.108,10.10.0.10,,,443,41505,0,1358,17
1589249302.879679,173.194.151.108,10.10.0.10,,,443,41505,0,1358,17
1589249302.8828125,10.10.0.10,173.194.151.108,,,41505,443,0,37,17
1589249302.888418,173.194.151.108,10.10.0.10,,,443,41505,0,1358,17
1589249302.897152,173.194.151.108,10.10.0.10,,,443,41505,0,1358,17
1589249302.9059012,173.194.151.108,10.10.0.10,,,443,41505,0,1358,17
1589249302.914619,173.194.151.108,10.10.0.10,,,443,41505,0,29,17
1589249302.915025,173.194.151.108,10.10.0.10,,,443,41505,0,1358,17
1589249302.9237492,173.194.151.108,10.10.0.10,,,443,41505,0,1358,17
1589249302.9258108,10.10.0.10,173.194.151.108,,,41505,443,0,37,17
1589249302.928039,10.10.0.10,173.194.151.108,,,41505,443,0,37,17
1589249302.932483,173.194.151.108,10.10.0.10,,,443,41505,0,1358,17
1589249302.934187,10.10.0.10,173.194.151.108,,,41505,443,0,37,17
1589249302.9412198,173.194.151.108,10.10.0.10,,,443,41505,0,1358,17
1589249302.949964,173.194.151.108,10.10.0.10,,,443,41505,0,1358,17
1589249302.9519172,10.10.0.10,173.194.151.108,,,41505,443,0,37,17
1589249302.9586842,173.194.151.108,10.10.0.10,,,443,41505,0,1358,17
1589249302.967417,173.194.151.108,10.10.0.10,,,443,41505,0,1358,17
1589249302.9690418,10.10.0.10,173.194.151.108,,,41505,443,0,37,17
1589249302.975538,173.194.151.108,10.10.0.10,,,443,41505,0,1358,17
1589249302.9836519,173.194.151.108,10.10.0.10,,,443,41505,0,1358,17
1589249302.9851592,10.10.0.10,173.194.151.108,,,41505,443,0,37,17
1589249302.9917722,173.194.151.108,10.10.0.10,,,443,41505,0,1358,17
1589249302.999898,173.194.151.108,10.10.0.10,,,443,41505,0,1358,17
1589249303.001789,10.10.0.10,173.194.151.108,,,41505,443,0,37,17
1589249303.008007,173.194.151.108,10.10.0.10,,,443,41505,0,1358,17
1589249303.0161214,173.194.151.108,10.10.0.10,,,443,41505,0,1358,17
1589249303.0178108,10.10.0.10,173.194.151.108,,,41505,443,0,37,17
1589249303.024245,173.194.151.108,10.10.0.10,,,443,41505,0,1358,17
1589249303.032353,173.194.151.108,10.10.0.10,,,443,41505,0,1358,17
1589249303.0339189,10.10.0.10,173.194.151.108,,,41505,443,0,37,17
1589249303.04047,173.194.151.108,10.10.0.10,,,443,41505,0,1358,17
1589249303.0485866,173.194.151.108,10.10.0.10,,,443,41505,0,1358,17
1589249303.050807,10.10.0.10,173.194.151.108,,,41505,443,0,37,17
1589249303.056711,173.194.151.108,10.10.0.10,,,443,41505,0,1358,17
1589249303.0648348,173.194.151.108,10.10.0.10,,,443,41505,0,1358,17
1589249303.0674062,10.10.0.10,173.194.151.108,,,41505,443,0,37,17
1589249303.072958,173.194.151.108,10.10.0.10,,,443,41505,0,1358,17
1589249303.081052,173.194.151.108,10.10.0.10,,,443,41505,0,1358,17
1589249303.0829134,10.10.0.10,173.194.151.108,,,41505,443,0,37,17
1589249303.0891645,173.194.151.108,10.10.0.10,,,443,41505,0,1358,17
1589249303.097286,173.194.151.108,10.10.0.10,,,443,41505,0,1358,17
1589249303.099434,10.10.0.10,173.194.151.108,,,41505,443,0,37,17
1589249303.105404,173.194.151.108,10.10.0.10,,,443,41505,0,1358,17
1589249303.113519,173.194.151.108,10.10.0.10,,,443,41505,0,1358,17
1589249303.1155412,10.10.0.10,173.194.151.108,,,41505,443,0,37,17
1589249303.1216445,173.194.151.108,10.10.0.10,,,443,41505,0,1358,17
1589249303.129768,173.194.151.108,10.10.0.10,,,443,41505,0,1358,17
1589249303.132932,10.10.0.10,173.194.151.108,,,41505,443,0,37,17
1589249303.1378696,173.194.151.108,10.10.0.10,,,443,41505,0,1358,17
1589249303.145984,173.194.151.108,10.10.0.10,,,443,41505,0,1358,17
1589249303.1476624,10.10.0.10,173.194.151.108,,,41505,443,0,37,17
1589249303.154104,173.194.151.108,10.10.0.10,,,443,41505,0,1358,17
1589249303.1622179,173.194.151.108,10.10.0.10,,,443,41505,0,1358,17
1589249303.1639,10.10.0.10,173.194.151.108,,,41505,443,0,37,17
1589249303.170336,173.194.151.108,10.10.0.10,,,443,41505,0,1358,17
1589249303.178458,173.194.151.108,10.10.0.10,,,443,41505,0,1358,17
1589249303.180527,10.10.0.10,173.194.151.108,,,41505,443,0,37,17
1589249303.186582,173.194.151.108,10.10.0.10,,,443,41505,0,1358,17
1589249303.194702,173.194.151.108,10.10.0.10,,,443,41505,0,1358,17
1589249303.196432,10.10.0.10,173.194.151.108,,,41505,443,0,50,17
1589249303.202806,173.194.151.108,10.10.0.10,,,443,41505,0,1358,17
1589249303.2109199,173.194.151.108,10.10.0.10,,,443,41505,0,1358,17
1589249303.2125368,10.10.0.10,173.194.151.108,,,41505,443,0,37,17
1589249303.219034,173.194.151.108,10.10.0.10,,,443,41505,0,1358,17
1589249303.2271512,173.194.151.108,10.10.0.10,,,443,41505,0,1358,17
1589249303.228784,10.10.0.10,173.194.151.108,,,41505,443,0,37,17
1589249303.235267,173.194.151.108,10.10.0.10,,,443,41505,0,1358,17
1589249303.2433796,173.194.151.108,10.10.0.10,,,443,41505,0,1358,17
1589249303.245033,10.10.0.10,173.194.151.108,,,41505,443,0,37,17
1589249303.2515,173.194.151.108,10.10.0.10,,,443,41505,0,1358,17
1589249303.259619,173.194.151.108,10.10.0.10,,,443,41505,0,1358,17
1589249303.261409,10.10.0.10,173.194.151.108,,,41505,443,0,37,17
1589249303.267735,173.194.151.108,10.10.0.10,,,443,41505,0,1358,17
1589249303.2758539,173.194.151.108,10.10.0.10,,,443,41505,0,1358,17
1589249303.277678,10.10.0.10,173.194.151.108,,,41505,443,0,37,17
1589249303.283976,173.194.151.108,10.10.0.10,,,443,41505,0,1358,17
1589249303.2920852,173.194.151.108,10.10.0.10,,,443,41505,0,1358,17
1589249303.293648,10.10.0.10,173.194.151.108,,,41505,443,0,37,17
1589249303.3002045,173.194.151.108,10.10.0.10,,,443,41505,0,1358,17
1589249303.3083286,173.194.151.108,10.10.0.10,,,443,41505,0,1358,17
1589249303.31016,10.10.0.10,173.194.151.108,,,41505,443,0,37,17
1589249303.3164358,173.194.151.108,10.10.0.10,,,443,41505,0,1358,17
1589249303.3245509,173.194.151.108,10.10.0.10,,,443,41505,0,1358,17
1589249303.3263009,10.10.0.10,173.194.151.108,,,41505,443,0,37,17
1589249303.332669,173.194.151.108,10.10.0.10,,,443,41505,0,1358,17
1589249303.340787,173.194.151.108,10.10.0.10,,,443,41505,0,1358,17
1589249303.3425412,10.10.0.10,173.194.151.108,,,41505,443,0,37,17
1589249303.348901,173.194.151.108,10.10.0.10,,,443,41505,0,1358,17
1589249303.357019,173.194.151.108,10.10.0.10,,,443,41505,0,1358,17
1589249303.3586738,10.10.0.10,173.194.151.108,,,41505,443,0,37,17
1589249303.3651376,173.194.151.108,10.10.0.10,,,443,41505,0,1358,17
1589249303.3732634,173.194.151.108,10.10.0.10,,,443,41505,0,1358,17
1589249303.3757708,10.10.0.10,173.194.151.108,,,41505,443,0,37,17
1589249303.381367,173.194.151.108,10.10.0.10,,,443,41505,0,1358,17
1589249303.3894842,173.194.151.108,10.10.0.10,,,443,41505,0,1358,17
1589249303.391145,10.10.0.10,173.194.151.108,,,41505,443,0,37,17
1589249303.397601,173.194.151.108,10.10.0.10,,,443,41505,0,1358,17
1589249303.405716,173.194.151.108,10.10.0.10,,,443,41505,0,1358,17
1589249303.407403,10.10.0.10,173.194.151.108,,,41505,443,0,37,17
1589249303.413834,173.194.151.108,10.10.0.10,,,443,41505,0,1358,17
1589249303.421951,173.194.151.108,10.10.0.10,,,443,41505,0,1358,17
1589249303.4237974,10.10.0.10,173.194.151.108,,,41505,443,0,37,17
1589249303.4300668,173.194.151.108,10.10.0.10,,,443,41505,0,1358,17
1589249303.438202,173.194.151.108,10.10.0.10,,,443,41505,0,1358,17
1589249303.4397798,10.10.0.10,173.194.151.108,,,41505,443,0,37,17
1589249303.446321,173.194.151.108,10.10.0.10,,,443,41505,0,1358,17
1589249303.454418,173.194.151.108,10.10.0.10,,,443,41505,0,1358,17
1589249303.456023,10.10.0.10,173.194.151.108,,,41505,443,0,37,17
1589249303.4625342,173.194.151.108,10.10.0.10,,,443,41505,0,1358,17
1589249303.47065,173.194.151.108,10.10.0.10,,,443,41505,0,1358,17
1589249303.472424,10.10.0.10,173.194.151.108,,,41505,443,0,37,17
1589249303.4787672,173.194.151.108,10.10.0.10,,,443,41505,0,1358,17
1589249303.4868839,173.194.151.108,10.10.0.10,,,443,41505,0,1358,17
1589249303.4887981,10.10.0.10,173.194.151.108,,,41505,443,0,37,17
1589249303.495009,173.194.151.108,10.10.0.10,,,443,41505,0,1358,17
1589249303.50313,173.194.151.108,10.10.0.10,,,443,41505,0,1358,17
1589249303.504902,10.10.0.10,173.194.151.108,,,41505,443,0,37,17
1589249303.5112329,173.194.151.108,10.10.0.10,,,443,41505,0,1358,17
1589249303.51935,173.194.151.108,10.10.0.10,,,443,41505,0,1358,17
1589249303.521151,10.10.0.10,173.194.151.108,,,41505,443,0,50,17
1589249303.5274699,173.194.151.108,10.10.0.10,,,443,41505,0,1358,17
1589249303.535583,173.194.151.108,10.10.0.10,,,443,41505,0,1358,17
1589249303.5371492,10.10.0.10,173.194.151.108,,,41505,443,0,37,17
1589249303.5437071,173.194.151.108,10.10.0.10,,,443,41505,0,1358,17
1589249303.5518231,173.194.151.108,10.10.0.10,,,443,41505,0,1358,17
1589249303.55365,10.10.0.10,173.194.151.108,,,41505,443,0,37,17
1589249303.5599482,173.194.151.108,10.10.0.10,,,443,41505,0,1358,17
1589249303.568048,173.194.151.108,10.10.0.10,,,443,41505,0,1358,17
1589249303.5696678,10.10.0.10,173.194.151.108,,,41505,443,0,37,17
1589249303.5761652,173.194.151.108,10.10.0.10,,,443,41505,0,1358,17
1589249303.584284,173.194.151.108,10.10.0.10,,,443,41505,0,1358,17
1589249303.586042,10.10.0.10,173.194.151.108,,,41505,443,0,37,17
1589249303.5923982,173.194.151.108,10.10.0.10,,,443,41505,0,1358,17
1589249303.6005158,173.194.151.108,10.10.0.10,,,443,41505,0,1358,17
1589249303.6020062,10.10.0.10,173.194.151.108,,,41505,443,0,37,17
1589249303.608636,173.194.151.108,10.10.0.10,,,443,41505,0,1358,17
1589249303.616744,173.194.151.108,10.10.0.10,,,443,41505,0,1358,17
1589249303.619117,10.10.0.10,173.194.151.108,,,41505,443,0,37,17
1589249303.62488,173.194.151.108,10.10.0.10,,,443,41505,0,1358,17
1589249303.632983,173.194.151.108,10.10.0.10,,,443,41505,0,1358,17
1589249303.63525,10.10.0.10,173.194.151.108,,,41505,443,0,37,17
1589249303.6411002,173.194.151.108,10.10.0.10,,,443,41505,0,1358,17
1589249303.6492198,173.194.151.108,10.10.0.10,,,443,41505,0,1358,17
1589249303.6529858,10.10.0.10,173.194.151.108,,,41505,443,0,37,17
1589249303.6573286,173.194.151.108,10.10.0.10,,,443,41505,0,1358,17
1589249303.665444,173.194.151.108,10.10.0.10,,,443,41505,0,1358,17
1589249303.667002,10.10.0.10,173.194.151.108,,,41505,443,0,37,17
1589249303.673566,173.194.151.108,10.10.0.10,,,443,41505,0,1358,17
1589249303.6816769,173.194.151.108,10.10.0.10,,,443,41505,0,1358,17
1589249303.68325,10.10.0.10,173.194.151.108,,,41505,443,0,37,17
1589249303.689798,173.194.151.108,10.10.0.10,,,443,41505,0,1358,17
1589249303.6979172,173.194.151.108,10.10.0.10,,,443,41505,0,1358,17
1589249303.699646,10.10.0.10,173.194.151.108,,,41505,443,0,37,17
1589249303.7060282,173.194.151.108,10.10.0.10,,,443,41505,0,1358,17
1589249303.7141461,173.194.151.108,10.10.0.10,,,443,41505,0,1358,17
1589249303.716124,10.10.0.10,173.194.151.108,,,41505,443,0,37,17
1589249303.7222598,173.194.151.108,10.10.0.10,,,443,41505,0,1358,17
1589249303.730378,173.194.151.108,10.10.0.10,,,443,41505,0,1358,17
1589249303.731992,10.10.0.10,173.194.151.108,,,41505,443,0,37,17
1589249303.738502,173.194.151.108,10.10.0.10,,,443,41505,0,1358,17
1589249303.7466106,173.194.151.108,10.10.0.10,,,443,41505,0,1358,17
1589249303.7482438,10.10.0.10,173.194.151.108,,,41505,443,0,37,17
1589249303.754733,173.194.151.108,10.10.0.10,,,443,41505,0,1358,17
1589249303.7628481,173.194.151.108,10.10.0.10,,,443,41505,0,1358,17
1589249303.766635,10.10.0.10,173.194.151.108,,,41505,443,0,37,17
1589249303.770962,173.194.151.108,10.10.0.10,,,443,41505,0,1358,17
1589249303.7790818,173.194.151.108,10.10.0.10,,,443,41505,0,1358,17
1589249303.7809136,10.10.0.10,173.194.151.108,,,41505,443,0,37,17
1589249303.787198,173.194.151.108,10.10.0.10,,,443,41505,0,1358,17
1589249303.7953148,173.194.151.108,10.10.0.10,,,443,41505,0,1358,17
1589249303.7970061,10.10.0.10,173.194.151.108,,,41505,443,0,37,17
1589249303.80344,173.194.151.108,10.10.0.10,,,443,41505,0,1358,17
1589249303.811567,173.194.151.108,10.10.0.10,,,443,41505,0,1358,17
1589249303.813161,10.10.0.10,173.194.151.108,,,41505,443,0,37,17
1589249303.8196864,173.194.151.108,10.10.0.10,,,443,41505,0,1358,17
1589249303.827785,173.194.151.108,10.10.0.10,,,443,41505,0,1358,17
1589249303.829537,10.10.0.10,173.194.151.108,,,41505,443,0,37,17
1589249303.8359,173.194.151.108,10.10.0.10,,,443,41505,0,1358,17
1589249303.8440132,173.194.151.108,10.10.0.10,,,443,41505,0,1358,17
1589249303.8457859,10.10.0.10,173.194.151.108,,,41505,443,0,50,17
1589249303.852126,173.194.151.108,10.10.0.10,,,443,41505,0,1358,17
1589249303.860248,173.194.151.108,10.10.0.10,,,443,41505,0,1358,17
1589249303.86188,10.10.0.10,173.194.151.108,,,41505,443,0,37,17
1589249303.8683732,173.194.151.108,10.10.0.10,,,443,41505,0,1358,17
1589249303.876498,173.194.151.108,10.10.0.10,,,443,41505,0,1358,17
1589249303.878286,10.10.0.10,173.194.151.108,,,41505,443,0,37,17
1589249303.884597,173.194.151.108,10.10.0.10,,,443,41505,0,1358,17
1589249303.892714,173.194.151.108,10.10.0.10,,,443,41505,0,1358,17
1589249303.894639,10.10.0.10,173.194.151.108,,,41505,443,0,37,17
1589249303.90083,173.194.151.108,10.10.0.10,,,443,41505,0,618,17
1589249303.954657,10.10.0.10,173.194.151.108,,,41505,443,0,37,17
1589249304.29889,10.10.0.10,173.194.151.108,,,41505,443,0,722,17
1589249304.298918,10.10.0.10,173.194.151.108,,,41505,443,0,48,17
1589249304.303281,173.194.151.108,10.10.0.10,,,443,41505,0,115,17
1589249304.303315,173.194.151.108,10.10.0.10,,,443,41505,0,1358,17
1589249304.3033378,173.194.151.108,10.10.0.10,,,443,41505,0,1358,17
1589249304.306376,10.10.0.10,173.194.151.108,,,41505,443,0,37,17
1589249304.311066,173.194.151.108,10.10.0.10,,,443,41505,0,1358,17
1589249304.3127718,10.10.0.10,173.194.151.108,,,41505,443,0,37,17
1589249304.3191812,173.194.151.108,10.10.0.10,,,443,41505,0,1358,17
1589249304.3272922,173.194.151.108,10.10.0.10,,,443,41505,0,1358,17
1589249304.329024,10.10.0.10,173.194.151.108,,,41505,443,0,37,17
1589249304.335424,173.194.151.108,10.10.0.10,,,443,41505,0,1358,17
1589249304.3435464,173.194.151.108,10.10.0.10,,,443,41505,0,1358,17
1589249304.3452508,10.10.0.10,173.194.151.108,,,41505,443,0,37,17
1589249304.3516462,173.194.151.108,10.10.0.10,,,443,41505,0,1358,17
1589249304.359764,173.194.151.108,10.10.0.10,,,443,41505,0,1358,17
1589249304.3612561,10.10.0.10,173.194.151.108,,,41505,443,0,37,17
1589249304.367881,173.194.151.108,10.10.0.10,,,443,41505,0,1358,17
1589249304.375995,173.194.151.108,10.10.0.10,,,443,41505,0,1358,17
1589249304.377381,10.10.0.10,173.194.151.108,,,41505,443,0,37,17
1589249304.384114,173.194.151.108,10.10.0.10,,,443,41505,0,1358,17
1589249304.3922338,173.194.151.108,10.10.0.10,,,443,41505,0,1358,17
1589249304.3937502,10.10.0.10,173.194.151.108,,,41505,443,0,37,17
1589249304.400344,173.194.151.108,10.10.0.10,,,443,41505,0,1358,17
1589249304.408464,173.194.151.108,10.10.0.10,,,443,41505,0,1358,17
1589249304.410507,10.10.0.10,173.194.151.108,,,41505,443,0,37,17
1589249304.4165788,173.194.151.108,10.10.0.10,,,443,41505,0,1358,17
1589249304.4246972,173.194.151.108,10.10.0.10,,,443,41505,0,1358,17
1589249304.4263752,10.10.0.10,173.194.151.108,,,41505,443,0,37,17
1589249304.4328122,173.194.151.108,10.10.0.10,,,443,41505,0,1358,17
1589249304.440929,173.194.151.108,10.10.0.10,,,443,41505,0,1358,17
1589249304.4435182,10.10.0.10,173.194.151.108,,,41505,443,0,37,17
1589249304.4490619,173.194.151.108,10.10.0.10,,,443,41505,0,1358,17
1589249304.4571712,173.194.151.108,10.10.0.10,,,443,41505,0,1358,17
1589249304.458895,10.10.0.10,173.194.151.108,,,41505,443,0,37,17
1589249304.4652922,173.194.151.108,10.10.0.10,,,443,41505,0,1358,17
1589249304.473394,173.194.151.108,10.10.0.10,,,443,41505,0,1358,17
1589249304.475122,10.10.0.10,173.194.151.108,,,41505,443,0,37,17
1589249304.481513,173.194.151.108,10.10.0.10,,,443,41505,0,1358,17
1589249304.48963,173.194.151.108,10.10.0.10,,,443,41505,0,1358,17
1589249304.4912732,10.10.0.10,173.194.151.108,,,41505,443,0,37,17
1589249304.497745,173.194.151.108,10.10.0.10,,,443,41505,0,1358,17
1589249304.505862,173.194.151.108,10.10.0.10,,,443,41505,0,1358,17
1589249304.5076444,10.10.0.10,173.194.151.108,,,41505,443,0,37,17
1589249304.5139804,173.194.151.108,10.10.0.10,,,443,41505,0,1358,17
1589249304.5221028,173.194.151.108,10.10.0.10,,,443,41505,0,1358,17
1589249304.523727,10.10.0.10,173.194.151.108,,,41505,443,0,37,17
1589249304.530227,173.194.151.108,10.10.0.10,,,443,41505,0,1358,17
1589249304.538328,173.194.151.108,10.10.0.10,,,443,41505,0,1358,17
1589249304.540096,10.10.0.10,173.194.151.108,,,41505,443,0,37,17
1589249304.5464456,173.194.151.108,10.10.0.10,,,443,41505,0,1358,17
1589249304.5545619,173.194.151.108,10.10.0.10,,,443,41505,0,1358,17
1589249304.5561411,10.10.0.10,173.194.151.108,,,41505,443,0,37,17
1589249304.5626779,173.194.151.108,10.10.0.10,,,443,41505,0,1358,17
1589249304.5707982,173.194.151.108,10.10.0.10,,,443,41505,0,1358,17
1589249304.5734642,10.10.0.10,173.194.151.108,,,41505,443,0,37,17
1589249304.578918,173.194.151.108,10.10.0.10,,,443,41505,0,1358,17
1589249304.587042,173.194.151.108,10.10.0.10,,,443,41505,0,1358,17
1589249304.588625,10.10.0.10,173.194.151.108,,,41505,443,0,37,17
1589249304.595164,173.194.151.108,10.10.0.10,,,443,41505,0,1358,17
1589249304.6032622,173.194.151.108,10.10.0.10,,,443,41505,0,1358,17
1589249304.6051376,10.10.0.10,173.194.151.108,,,41505,443,0,50,17
1589249304.611377,173.194.151.108,10.10.0.10,,,443,41505,0,1358,17
1589249304.619494,173.194.151.108,10.10.0.10,,,443,41505,0,1358,17
1589249304.6212268,10.10.0.10,173.194.151.108,,,41505,443,0,37,17
1589249304.627611,173.194.151.108,10.10.0.10,,,443,41505,0,1358,17
1589249304.635724,173.194.151.108,10.10.0.10,,,443,41505,0,1358,17
1589249304.6373308,10.10.0.10,173.194.151.108,,,41505,443,0,37,17
1589249304.643842,173.194.151.108,10.10.0.10,,,443,41505,0,1358,17
1589249304.651981,173.194.151.108,10.10.0.10,,,443,41505,0,1358,17
1589249304.6536071,10.10.0.10,173.194.151.108,,,41505,443,0,37,17
1589249304.660073,173.194.151.108,10.10.0.10,,,443,41505,0,1358,17
1589249304.668189,173.194.151.108,10.10.0.10,,,443,41505,0,1358,17
1589249304.6698682,10.10.0.10,173.194.151.108,,,41505,443,0,37,17
1589249304.676306,173.194.151.108,10.10.0.10,,,443,41505,0,1358,17
1589249304.684423,173.194.151.108,10.10.0.10,,,443,41505,0,1358,17
1589249304.690885,10.10.0.10,173.194.151.108,,,41505,443,0,37,17
1589249304.6925402,173.194.151.108,10.10.0.10,,,443,41505,0,1358,17
1589249304.700665,173.194.151.108,10.10.0.10,,,443,41505,0,1358,17
1589249304.702366,10.10.0.10,173.194.151.108,,,41505,443,0,37,17
1589249304.708789,173.194.151.108,10.10.0.10,,,443,41505,0,1358,17
1589249304.71689,173.194.151.108,10.10.0.10,,,443,41505,0,1358,17
1589249304.7184658,10.10.0.10,173.194.151.108,,,41505,443,0,37,17
1589249304.7250028,173.194.151.108,10.10.0.10,,,443,41505,0,1358,17
1589249304.733122,173.194.151.108,10.10.0.10,,,443,41505,0,1358,17
1589249304.7353468,10.10.0.10,173.194.151.108,,,41505,443,0,37,17
1589249304.741239,173.194.151.108,10.10.0.10,,,443,41505,0,1358,17
1589249304.7493572,173.194.151.108,10.10.0.10,,,443,41505,0,1358,17
1589249304.7509706,10.10.0.10,173.194.151.108,,,41505,443,0,37,17
1589249304.757472,173.194.151.108,10.10.0.10,,,443,41505,0,1358,17
1589249304.7655878,173.194.151.108,10.10.0.10,,,443,41505,0,1358,17
1589249304.7670918,10.10.0.10,173.194.151.108,,,41505,443,0,37,17
1589249304.7737038,173.194.151.108,10.10.0.10,,,443,41505,0,1358,17
1589249304.781822,173.194.151.108,10.10.0.10,,,443,41505,0,1358,17
1589249304.786862,10.10.0.10,173.194.151.108,,,41505,443,0,37,17
1589249304.789954,173.194.151.108,10.10.0.10,,,443,41505,0,1358,17
1589249304.7980602,173.194.151.108,10.10.0.10,,,443,41505,0,1358,17
1589249304.8001142,10.10.0.10,173.194.151.108,,,41505,443,0,37,17
1589249304.8061779,173.194.151.108,10.10.0.10,,,443,41505,0,1358,17
1589249304.8142884,173.194.151.108,10.10.0.10,,,443,41505,0,1358,17
1589249304.816364,10.10.0.10,173.194.151.108,,,41505,443,0,37,17
1589249304.8224132,173.194.151.108,10.10.0.10,,,443,41505,0,1358,17
1589249304.830535,173.194.151.108,10.10.0.10,,,443,41505,0,1358,17
1589249304.8321116,10.10.0.10,173.194.151.108,,,41505,443,0,37,17
1589249304.8386571,173.194.151.108,10.10.0.10,,,443,41505,0,1358,17
1589249304.846781,173.194.151.108,10.10.0.10,,,443,41505,0,1358,17
1589249304.8486106,10.10.0.10,173.194.151.108,,,41505,443,0,37,17
1589249304.854876,173.194.151.108,10.10.0.10,,,443,41505,0,1358,17
1589249304.862993,173.194.151.108,10.10.0.10,,,443,41505,0,1358,17
1589249304.864507,10.10.0.10,173.194.151.108,,,41505,443,0,37,17
1589249304.8711078,173.194.151.108,10.10.0.10,,,443,41505,0,1358,17
1589249304.879227,173.194.151.108,10.10.0.10,,,443,41505,0,1358,17
1589249304.8808599,10.10.0.10,173.194.151.108,,,41505,443,0,37,17
1589249304.887344,173.194.151.108,10.10.0.10,,,443,41505,0,1358,17
1589249304.8954694,173.194.151.108,10.10.0.10,,,443,41505,0,1358,17
1589249304.896985,10.10.0.10,173.194.151.108,,,41505,443,0,37,17
1589249304.903592,173.194.151.108,10.10.0.10,,,443,41505,0,1358,17
1589249304.911694,173.194.151.108,10.10.0.10,,,443,41505,0,1358,17
1589249304.913235,10.10.0.10,173.194.151.108,,,41505,443,0,37,17
1589249304.9198098,173.194.151.108,10.10.0.10,,,443,41505,0,1358,17
1589249304.9279325,173.194.151.108,10.10.0.10,,,443,41505,0,1358,17
1589249304.9308786,10.10.0.10,173.194.151.108,,,41505,443,0,50,17
1589249304.936038,173.194.151.108,10.10.0.10,,,443,41505,0,1358,17
1589249304.9441671,173.194.151.108,10.10.0.10,,,443,41505,0,1358,17
1589249304.945878,10.10.0.10,173.194.151.108,,,41505,443,0,37,17
1589249304.952271,173.194.151.108,10.10.0.10,,,443,41505,0,1358,17
1589249304.9603894,173.194.151.108,10.10.0.10,,,443,41505,0,1358,17
1589249304.962127,10.10.0.10,173.194.151.108,,,41505,443,0,37,17
1589249304.9685268,173.194.151.108,10.10.0.10,,,443,41505,0,1358,17
1589249304.976629,173.194.151.108,10.10.0.10,,,443,41505,0,1358,17
1589249304.9783769,10.10.0.10,173.194.151.108,,,41505,443,0,37,17
1589249304.9847412,173.194.151.108,10.10.0.10,,,443,41505,0,1358,17
1589249304.992859,173.194.151.108,10.10.0.10,,,443,41505,0,1358,17
1589249304.9944818,10.10.0.10,173.194.151.108,,,41505,443,0,37,17
1589249305.0009751,173.194.151.108,10.10.0.10,,,443,41505,0,1358,17
1589249305.009094,173.194.151.108,10.10.0.10,,,443,41505,0,1358,17
1589249305.0107384,10.10.0.10,173.194.151.108,,,41505,443,0,37,17
1589249305.017215,173.194.151.108,10.10.0.10,,,443,41505,0,1358,17
1589249305.02534,173.194.151.108,10.10.0.10,,,443,41505,0,1358,17
1589249305.0268762,10.10.0.10,173.194.151.108,,,41505,443,0,37,17
1589249305.033442,173.194.151.108,10.10.0.10,,,443,41505,0,1358,17
1589249305.041558,173.194.151.108,10.10.0.10,,,443,41505,0,1358,17
1589249305.043127,10.10.0.10,173.194.151.108,,,41505,443,0,37,17
1589249305.0496762,173.194.151.108,10.10.0.10,,,443,41505,0,1358,17
1589249305.057792,173.194.151.108,10.10.0.10,,,443,41505,0,1358,17
1589249305.0594988,10.10.0.10,173.194.151.108,,,41505,443,0,37,17
1589249305.065912,173.194.151.108,10.10.0.10,,,443,41505,0,1358,17
1589249305.074025,173.194.151.108,10.10.0.10,,,443,41505,0,1358,17
1589249305.077375,10.10.0.10,173.194.151.108,,,41505,443,0,37,17
1589249305.0821419,173.194.151.108,10.10.0.10,,,443,41505,0,1358,17
1589249305.0902748,173.194.151.108,10.10.0.10,,,443,41505,0,1358,17
1589249305.092128,10.10.0.10,173.194.151.108,,,41505,443,0,37,17
1589249305.0983732,173.194.151.108,10.10.0.10,,,443,41505,0,1358,17
1589249305.106492,173.194.151.108,10.10.0.10,,,443,41505,0,1358,17
1589249305.1091044,10.10.0.10,173.194.151.108,,,41505,443,0,37,17
1589249305.114608,173.194.151.108,10.10.0.10,,,443,41505,0,1358,17
1589249305.122725,173.194.151.108,10.10.0.10,,,443,41505,0,1358,17
1589249305.124248,10.10.0.10,173.194.151.108,,,41505,443,0,37,17
1589249305.1308384,173.194.151.108,10.10.0.10,,,443,41505,0,1358,17
1589249305.13896,173.194.151.108,10.10.0.10,,,443,41505,0,1358,17
1589249305.1405704,10.10.0.10,173.194.151.108,,,41505,443,0,37,17
1589249305.147086,173.194.151.108,10.10.0.10,,,443,41505,0,1358,17
1589249305.1551929,173.194.151.108,10.10.0.10,,,443,41505,0,1358,17
1589249305.1567268,10.10.0.10,173.194.151.108,,,41505,443,0,37,17
1589249305.16331,173.194.151.108,10.10.0.10,,,443,41505,0,1358,17
1589249305.1714249,173.194.151.108,10.10.0.10,,,443,41505,0,1358,17
1589249305.173233,10.10.0.10,173.194.151.108,,,41505,443,0,37,17
1589249305.1795402,173.194.151.108,10.10.0.10,,,443,41505,0,1358,17
1589249305.1876569,173.194.151.108,10.10.0.10,,,443,41505,0,1358,17
1589249305.189373,10.10.0.10,173.194.151.108,,,41505,443,0,37,17
1589249305.195774,173.194.151.108,10.10.0.10,,,443,41505,0,1358,17
1589249305.203896,173.194.151.108,10.10.0.10,,,443,41505,0,1358,17
1589249305.205601,10.10.0.10,173.194.151.108,,,41505,443,0,37,17
1589249305.212006,173.194.151.108,10.10.0.10,,,443,41505,0,1358,17
1589249305.2201474,173.194.151.108,10.10.0.10,,,443,41505,0,1358,17
1589249305.221735,10.10.0.10,173.194.151.108,,,41505,443,0,37,17
1589249305.228242,173.194.151.108,10.10.0.10,,,443,41505,0,1358,17
1589249305.2363539,173.194.151.108,10.10.0.10,,,443,41505,0,1358,17
1589249305.238101,10.10.0.10,173.194.151.108,,,41505,443,0,37,17
1589249305.244475,173.194.151.108,10.10.0.10,,,443,41505,0,1358,17
1589249305.2525892,173.194.151.108,10.10.0.10,,,443,41505,0,1358,17
1589249305.254343,10.10.0.10,173.194.151.108,,,41505,443,0,50,17
1589249305.260708,173.194.151.108,10.10.0.10,,,443,41505,0,1358,17
1589249305.268832,173.194.151.108,10.10.0.10,,,443,41505,0,1358,17
1589249305.27085,10.10.0.10,173.194.151.108,,,41505,443,0,37,17
1589249305.276954,173.194.151.108,10.10.0.10,,,443,41505,0,1358,17
1589249305.285058,173.194.151.108,10.10.0.10,,,443,41505,0,1358,17
1589249305.286849,10.10.0.10,173.194.151.108,,,41505,443,0,37,17
1589249305.293175,173.194.151.108,10.10.0.10,,,443,41505,0,1358,17
1589249305.301291,173.194.151.108,10.10.0.10,,,443,41505,0,29,17
1589249305.3016508,173.194.151.108,10.10.0.10,,,443,41505,0,1358,17
1589249305.303118,10.10.0.10,173.194.151.108,,,41505,443,0,37,17
1589249305.309775,173.194.151.108,10.10.0.10,,,443,41505,0,1358,17
1589249305.3178961,173.194.151.108,10.10.0.10,,,443,41505,0,1358,17
1589249305.3205981,10.10.0.10,173.194.151.108,,,41505,443,0,37,17
1589249305.3260212,173.194.151.108,10.10.0.10,,,443,41505,0,1358,17
1589249305.334143,173.194.151.108,10.10.0.10,,,443,41505,0,1358,17
1589249305.335744,10.10.0.10,173.194.151.108,,,41505,443,0,37,17
1589249305.342241,173.194.151.108,10.10.0.10,,,443,41505,0,1358,17
1589249305.350358,173.194.151.108,10.10.0.10,,,443,41505,0,1358,17
1589249305.352746,10.10.0.10,173.194.151.108,,,41505,443,0,37,17
1589249305.3584766,173.194.151.108,10.10.0.10,,,443,41505,0,1358,17
1589249305.36659,173.194.151.108,10.10.0.10,,,443,41505,0,1358,17
1589249305.3682199,10.10.0.10,173.194.151.108,,,41505,443,0,37,17
1589249305.374708,173.194.151.108,10.10.0.10,,,443,41505,0,1358,17
1589249305.3828292,173.194.151.108,10.10.0.10,,,443,41505,0,1358,17
1589249305.38473,10.10.0.10,173.194.151.108,,,41505,443,0,37,17
1589249305.390954,173.194.151.108,10.10.0.10,,,443,41505,0,1358,17
1589249305.399058,173.194.151.108,10.10.0.10,,,443,41505,0,1358,17
1589249305.40099,10.10.0.10,173.194.151.108,,,41505,443,0,37,17
1589249305.407174,173.194.151.108,10.10.0.10,,,443,41505,0,1358,17
1589249305.4152908,173.194.151.108,10.10.0.10,,,443,41505,0,1358,17
1589249305.416975,10.10.0.10,173.194.151.108,,,41505,443,0,37,17
1589249305.423407,173.194.151.108,10.10.0.10,,,443,41505,0,1358,17
1589249305.4315238,173.194.151.108,10.10.0.10,,,443,41505,0,1358,17
1589249305.435614,10.10.0.10,173.194.151.108,,,41505,443,0,37,17
1589249305.439642,173.194.151.108,10.10.0.10,,,443,41505,0,1358,17
1589249305.447768,173.194.151.108,10.10.0.10,,,443,41505,0,1358,17
1589249305.449223,10.10.0.10,173.194.151.108,,,41505,443,0,37,17
1589249305.455889,173.194.151.108,10.10.0.10,,,443,41505,0,1358,17
1589249305.463986,173.194.151.108,10.10.0.10,,,443,41505,0,1358,17
1589249305.472107,173.194.151.108,10.10.0.10,,,443,41505,0,1358,17
1589249305.478843,10.10.0.10,173.194.151.108,,,41505,443,0,37,17
1589249305.4802248,173.194.151.108,10.10.0.10,,,443,41505,0,1358,17
1589249305.488342,173.194.151.108,10.10.0.10,,,443,41505,0,1358,17
1589249305.494342,10.10.0.10,173.194.151.108,,,41505,443,0,37,17
1589249305.4964552,173.194.151.108,10.10.0.10,,,443,41505,0,1358,17
1589249305.498112,10.10.0.10,173.194.151.108,,,41505,443,0,37,17
1589249305.504575,173.194.151.108,10.10.0.10,,,443,41505,0,1358,17
1589249305.512701,173.194.151.108,10.10.0.10,,,443,41505,0,1358,17
1589249305.514482,10.10.0.10,173.194.151.108,,,41505,443,0,40,17
1589249305.5208268,173.194.151.108,10.10.0.10,,,443,41505,0,1358,17
1589249305.5225892,10.10.0.10,173.194.151.108,,,41505,443,0,40,17
1589249305.5289242,173.194.151.108,10.10.0.10,,,443,41505,0,1358,17
1589249305.530488,10.10.0.10,173.194.151.108,,,41505,443,0,40,17
1589249305.537041,173.194.151.108,10.10.0.10,,,443,41505,0,1358,17
1589249305.5385902,10.10.0.10,173.194.151.108,,,41505,443,0,40,17
1589249305.545158,173.194.151.108,10.10.0.10,,,443,41505,0,1358,17
1589249305.553273,173.194.151.108,10.10.0.10,,,443,41505,0,1358,17
1589249305.555091,10.10.0.10,173.194.151.108,,,41505,443,0,53,17
1589249305.5613902,173.194.151.108,10.10.0.10,,,443,41505,0,1358,17
1589249305.569514,173.194.151.108,10.10.0.10,,,443,41505,0,1358,17
1589249305.5710812,10.10.0.10,173.194.151.108,,,41505,443,0,40,17
1589249305.5776381,173.194.151.108,10.10.0.10,,,443,41505,0,1358,17
1589249305.5857348,173.194.151.108,10.10.0.10,,,443,41505,0,1358,17
1589249305.588217,10.10.0.10,173.194.151.108,,,41505,443,0,37,17
1589249305.5938542,173.194.151.108,10.10.0.10,,,443,41505,0,1358,17
1589249305.601973,173.194.151.108,10.10.0.10,,,443,41505,0,1358,17
1589249305.603704,10.10.0.10,173.194.151.108,,,41505,443,0,37,17
1589249305.610086,173.194.151.108,10.10.0.10,,,443,41505,0,1358,17
1589249305.618207,173.194.151.108,10.10.0.10,,,443,41505,0,1358,17
1589249305.619978,10.10.0.10,173.194.151.108,,,41505,443,0,37,17
1589249305.626318,173.194.151.108,10.10.0.10,,,443,41505,0,1358,17
1589249305.6344366,173.194.151.108,10.10.0.10,,,443,41505,0,1358,17
1589249305.636427,10.10.0.10,173.194.151.108,,,41505,443,0,37,17
1589249305.642551,173.194.151.108,10.10.0.10,,,443,41505,0,1358,17
1589249305.650668,173.194.151.108,10.10.0.10,,,443,41505,0,1358,17
1589249305.6521661,10.10.0.10,173.194.151.108,,,41505,443,0,37,17
1589249305.6587892,173.194.151.108,10.10.0.10,,,443,41505,0,1358,17
1589249305.6669009,173.194.151.108,10.10.0.10,,,443,41505,0,1358,17
1589249305.668575,10.10.0.10,173.194.151.108,,,41505,443,0,37,17
1589249305.6750188,173.194.151.108,10.10.0.10,,,443,41505,0,1358,17
1589249305.6831331,173.194.151.108,10.10.0.10,,,443,41505,0,1358,17
1589249305.685071,10.10.0.10,173.194.151.108,,,41505,443,0,37,17
1589249305.6912632,173.194.151.108,10.10.0.10,,,443,41505,0,1358,17
1589249305.699384,173.194.151.108,10.10.0.10,,,443,41505,0,1358,17
1589249305.7032428,10.10.0.10,173.194.151.108,,,41505,443,0,37,17
1589249305.7074866,173.194.151.108,10.10.0.10,,,443,41505,0,1358,17
1589249305.715614,173.194.151.108,10.10.0.10,,,443,41505,0,1358,17
1589249305.718193,10.10.0.10,173.194.151.108,,,41505,443,0,37,17
1589249305.7237196,173.194.151.108,10.10.0.10,,,443,41505,0,1358,17
1589249305.7318401,173.194.151.108,10.10.0.10,,,443,41505,0,1358,17
1589249305.733615,10.10.0.10,173.194.151.108,,,41505,443,0,37,17
1589249305.7399492,173.194.151.108,10.10.0.10,,,443,41505,0,1358,17
1589249305.748067,173.194.151.108,10.10.0.10,,,443,41505,0,1358,17
1589249305.7530842,10.10.0.10,173.194.151.108,,,41505,443,0,37,17
1589249305.756181,173.194.151.108,10.10.0.10,,,443,41505,0,1358,17
1589249305.7643,173.194.151.108,10.10.0.10,,,443,41505,0,1358,17
1589249305.7664292,10.10.0.10,173.194.151.108,,,41505,443,0,37,17
1589249305.772418,173.194.151.108,10.10.0.10,,,443,41505,0,1358,17
1589249305.780535,173.194.151.108,10.10.0.10,,,443,41505,0,1358,17
1589249305.7821062,10.10.0.10,173.194.151.108,,,41505,443,0,37,17
1589249305.78865,173.194.151.108,10.10.0.10,,,443,41505,0,1358,17
1589249305.796769,173.194.151.108,10.10.0.10,,,443,41505,0,1358,17
1589249305.798825,10.10.0.10,173.194.151.108,,,41505,443,0,37,17
1589249305.8048851,173.194.151.108,10.10.0.10,,,443,41505,0,1358,17
1589249305.8130062,173.194.151.108,10.10.0.10,,,443,41505,0,1358,17
1589249305.814584,10.10.0.10,173.194.151.108,,,41505,443,0,37,17
1589249305.82112,173.194.151.108,10.10.0.10,,,443,41505,0,1358,17
1589249305.8292518,173.194.151.108,10.10.0.10,,,443,41505,0,1358,17
1589249305.832201,10.10.0.10,173.194.151.108,,,41505,443,0,37,17
1589249305.8373759,173.194.151.108,10.10.0.10,,,443,41505,0,1358,17
1589249305.845472,173.194.151.108,10.10.0.10,,,443,41505,0,1358,17
1589249305.8473318,10.10.0.10,173.194.151.108,,,41505,443,0,37,17
1589249305.853592,173.194.151.108,10.10.0.10,,,443,41505,0,1358,17
1589249305.8617039,173.194.151.108,10.10.0.10,,,443,41505,0,1358,17
1589249305.8634784,10.10.0.10,173.194.151.108,,,41505,443,0,37,17
1589249305.869821,173.194.151.108,10.10.0.10,,,443,41505,0,1358,17
1589249305.877939,173.194.151.108,10.10.0.10,,,443,41505,0,1358,17
1589249305.879584,10.10.0.10,173.194.151.108,,,41505,443,0,50,17
1589249305.886051,173.194.151.108,10.10.0.10,,,443,41505,0,1358,17
1589249305.8941708,173.194.151.108,10.10.0.10,,,443,41505,0,1358,17
1589249305.8967311,10.10.0.10,173.194.151.108,,,41505,443,0,37,17
1589249305.9022882,173.194.151.108,10.10.0.10,,,443,41505,0,1358,17
1589249305.9104035,173.194.151.108,10.10.0.10,,,443,41505,0,29,17
1589249305.910767,173.194.151.108,10.10.0.10,,,443,41505,0,1358,17
1589249305.912209,10.10.0.10,173.194.151.108,,,41505,443,0,37,17
1589249305.9188876,173.194.151.108,10.10.0.10,,,443,41505,0,1358,17
1589249305.927006,173.194.151.108,10.10.0.10,,,443,41505,0,1358,17
1589249305.9289582,10.10.0.10,173.194.151.108,,,41505,443,0,37,17
1589249305.935128,173.194.151.108,10.10.0.10,,,443,41505,0,1358,17
1589249305.9432518,173.194.151.108,10.10.0.10,,,443,41505,0,1358,17
1589249305.9448311,10.10.0.10,173.194.151.108,,,41505,443,0,37,17
1589249305.9513779,173.194.151.108,10.10.0.10,,,443,41505,0,1358,17
1589249305.959467,173.194.151.108,10.10.0.10,,,443,41505,0,1358,17
1589249305.961081,10.10.0.10,173.194.151.108,,,41505,443,0,37,17
1589249305.967587,173.194.151.108,10.10.0.10,,,443,41505,0,1358,17
1589249305.975703,173.194.151.108,10.10.0.10,,,443,41505,0,1358,17
1589249305.977206,10.10.0.10,173.194.151.108,,,41505,443,0,37,17
1589249305.983826,173.194.151.108,10.10.0.10,,,443,41505,0,1358,17
1589249305.991951,173.194.151.108,10.10.0.10,,,443,41505,0,1358,17
1589249305.993452,10.10.0.10,173.194.151.108,,,41505,443,0,37,17
1589249306.0000489,173.194.151.108,10.10.0.10,,,443,41505,0,1358,17
1589249306.008166,173.194.151.108,10.10.0.10,,,443,41505,0,1358,17
1589249306.0096948,10.10.0.10,173.194.151.108,,,41505,443,0,37,17
1589249306.0162866,173.194.151.108,10.10.0.10,,,443,41505,0,1358,17
1589249306.0244,173.194.151.108,10.10.0.10,,,443,41505,0,1358,17
1589249306.025974,10.10.0.10,173.194.151.108,,,41505,443,0,37,17
1589249306.0325232,173.194.151.108,10.10.0.10,,,443,41505,0,1358,17
1589249306.040637,173.194.151.108,10.10.0.10,,,443,41505,0,1358,17
1589249306.0422199,10.10.0.10,173.194.151.108,,,41505,443,0,37,17
1589249306.048754,173.194.151.108,10.10.0.10,,,443,41505,0,1358,17
1589249306.0568724,173.194.151.108,10.10.0.10,,,443,41505,0,1358,17
1589249306.058597,10.10.0.10,173.194.151.108,,,41505,443,0,37,17
1589249306.064999,173.194.151.108,10.10.0.10,,,443,41505,0,1358,17
1589249306.073121,173.194.151.108,10.10.0.10,,,443,41505,0,1358,17
1589249306.075221,10.10.0.10,173.194.151.108,,,41505,443,0,37,17
1589249306.081219,173.194.151.108,10.10.0.10,,,443,41505,0,1358,17
1589249306.0893388,173.194.151.108,10.10.0.10,,,443,41505,0,1358,17
1589249306.0910692,10.10.0.10,173.194.151.108,,,41505,443,0,37,17
1589249306.0974536,173.194.151.108,10.10.0.10,,,443,41505,0,1358,17
1589249306.1055698,173.194.151.108,10.10.0.10,,,443,41505,0,1358,17
1589249306.1072216,10.10.0.10,173.194.151.108,,,41505,443,0,37,17
1589249306.1136858,173.194.151.108,10.10.0.10,,,443,41505,0,1358,17
1589249306.121808,173.194.151.108,10.10.0.10,,,443,41505,0,1358,17
1589249306.123326,10.10.0.10,173.194.151.108,,,41505,443,0,37,17
1589249306.129936,173.194.151.108,10.10.0.10,,,443,41505,0,1358,17
1589249306.1380358,173.194.151.108,10.10.0.10,,,443,41505,0,1358,17
1589249306.1407,10.10.0.10,173.194.151.108,,,41505,443,0,37,17
1589249306.146154,173.194.151.108,10.10.0.10,,,443,41505,0,1358,17
1589249306.154272,173.194.151.108,10.10.0.10,,,443,41505,0,1358,17
1589249306.155969,10.10.0.10,173.194.151.108,,,41505,443,0,37,17
1589249306.162387,173.194.151.108,10.10.0.10,,,443,41505,0,1358,17
1589249306.1705036,173.194.151.108,10.10.0.10,,,443,41505,0,1358,17
1589249306.1723492,10.10.0.10,173.194.151.108,,,41505,443,0,37,17
1589249306.178621,173.194.151.108,10.10.0.10,,,443,41505,0,1358,17
1589249306.1867461,173.194.151.108,10.10.0.10,,,443,41505,0,1358,17
1589249306.1885958,10.10.0.10,173.194.151.108,,,41505,443,0,37,17
1589249306.1948528,173.194.151.108,10.10.0.10,,,443,41505,0,1358,17
1589249306.202992,173.194.151.108,10.10.0.10,,,443,41505,0,1358,17
1589249306.204967,10.10.0.10,173.194.151.108,,,41505,443,0,50,17
1589249306.211081,173.194.151.108,10.10.0.10,,,443,41505,0,1358,17
1589249306.219203,173.194.151.108,10.10.0.10,,,443,41505,0,1358,17
1589249306.220937,10.10.0.10,173.194.151.108,,,41505,443,0,37,17
1589249306.227319,173.194.151.108,10.10.0.10,,,443,41505,0,1358,17
1589249306.2354438,173.194.151.108,10.10.0.10,,,443,41505,0,1358,17
1589249306.2373214,10.10.0.10,173.194.151.108,,,41505,443,0,37,17
1589249306.2435539,173.194.151.108,10.10.0.10,,,443,41505,0,29,17
1589249306.2439132,173.194.151.108,10.10.0.10,,,443,41505,0,1358,17
1589249306.252032,173.194.151.108,10.10.0.10,,,443,41505,0,1358,17
1589249306.2555642,10.10.0.10,173.194.151.108,,,41505,443,0,37,17
1589249306.260149,173.194.151.108,10.10.0.10,,,443,41505,0,1358,17
1589249306.268266,173.194.151.108,10.10.0.10,,,443,41505,0,1358,17
1589249306.269968,10.10.0.10,173.194.151.108,,,41505,443,0,37,17
1589249306.2763882,173.194.151.108,10.10.0.10,,,443,41505,0,1358,17
1589249306.284502,173.194.151.108,10.10.0.10,,,443,41505,0,1358,17
1589249306.286216,10.10.0.10,173.194.151.108,,,41505,443,0,37,17
1589249306.2926204,173.194.151.108,10.10.0.10,,,443,41505,0,1358,17
1589249306.3007429,173.194.151.108,10.10.0.10,,,443,41505,0,1358,17
1589249306.302595,10.10.0.10,173.194.151.108,,,41505,443,0,37,17
1589249306.308867,173.194.151.108,10.10.0.10,,,443,41505,0,1358,17
1589249306.3169892,173.194.151.108,10.10.0.10,,,443,41505,0,1358,17
1589249306.3187196,10.10.0.10,173.194.151.108,,,41505,443,0,37,17
1589249306.3250868,173.194.151.108,10.10.0.10,,,443,41505,0,1358,17
1589249306.333202,173.194.151.108,10.10.0.10,,,443,41505,0,1358,17
1589249306.3349636,10.10.0.10,173.194.151.108,,,41505,443,0,37,17
1589249306.341321,173.194.151.108,10.10.0.10,,,443,41505,0,1358,17
1589249306.349436,173.194.151.108,10.10.0.10,,,443,41505,0,1358,17
1589249306.351839,10.10.0.10,173.194.151.108,,,41505,443,0,37,17
1589249306.3575554,173.194.151.108,10.10.0.10,,,443,41505,0,1358,17
1589249306.3656762,173.194.151.108,10.10.0.10,,,443,41505,0,1358,17
1589249306.367337,10.10.0.10,173.194.151.108,,,41505,443,0,37,17
1589249306.373801,173.194.151.108,10.10.0.10,,,443,41505,0,1358,17
1589249306.381903,173.194.151.108,10.10.0.10,,,443,41505,0,1358,17
1589249306.3850682,10.10.0.10,173.194.151.108,,,41505,443,0,37,17
1589249306.39002,173.194.151.108,10.10.0.10,,,443,41505,0,1358,17
1589249306.3981378,173.194.151.108,10.10.0.10,,,443,41505,0,1358,17
1589249306.399693,10.10.0.10,173.194.151.108,,,41505,443,0,37,17
1589249306.406251,173.194.151.108,10.10.0.10,,,443,41505,0,1358,17
1589249306.4143689,173.194.151.108,10.10.0.10,,,443,41505,0,1358,17
1589249306.416066,10.10.0.10,173.194.151.108,,,41505,443,0,37,17
1589249306.4224858,173.194.151.108,10.10.0.10,,,443,41505,0,1358,17
1589249306.430609,173.194.151.108,10.10.0.10,,,443,41505,0,1358,17
1589249306.43221,10.10.0.10,173.194.151.108,,,41505,443,0,37,17
1589249306.438735,173.194.151.108,10.10.0.10,,,443,41505,0,1358,17
1589249306.446833,173.194.151.108,10.10.0.10,,,443,41505,0,1358,17
1589249306.448461,10.10.0.10,173.194.151.108,,,41505,443,0,37,17
1589249306.454956,173.194.151.108,10.10.0.10,,,443,41505,0,1358,17
1589249306.4630694,173.194.151.108,10.10.0.10,,,443,41505,0,1358,17
1589249306.464691,10.10.0.10,173.194.151.108,,,41505,443,0,37,17
1589249306.471186,173.194.151.108,10.10.0.10,,,443,41505,0,1358,17
1589249306.4793036,173.194.151.108,10.10.0.10,,,443,41505,0,1358,17
1589249306.4810526,10.10.0.10,173.194.151.108,,,41505,443,0,37,17
1589249306.487423,173.194.151.108,10.10.0.10,,,443,41505,0,1358,17
1589249306.4955509,173.194.151.108,10.10.0.10,,,443,41505,0,1358,17
1589249306.5030632,10.10.0.10,173.194.151.108,,,41505,443,0,37,17
1589249306.5036578,173.194.151.108,10.10.0.10,,,443,41505,0,1358,17
1589249306.511769,173.194.151.108,10.10.0.10,,,443,41505,0,1358,17
1589249306.5134606,10.10.0.10,173.194.151.108,,,41505,443,0,37,17
1589249306.519887,173.194.151.108,10.10.0.10,,,443,41505,0,1358,17
1589249306.528004,173.194.151.108,10.10.0.10,,,443,41505,0,1358,17
1589249306.5296881,10.10.0.10,173.194.151.108,,,41505,443,0,50,17
1589249306.536135,173.194.151.108,10.10.0.10,,,443,41505,0,1358,17
1589249306.544239,173.194.151.108,10.10.0.10,,,443,41505,0,1358,17
1589249306.5459359,10.10.0.10,173.194.151.108,,,41505,443,0,37,17
1589249306.552366,173.194.151.108,10.10.0.10,,,443,41505,0,1358,17
1589249306.560482,173.194.151.108,10.10.0.10,,,443,41505,0,1358,17
1589249306.562177,10.10.0.10,173.194.151.108,,,41505,443,0,37,17
1589249306.5686061,173.194.151.108,10.10.0.10,,,443,41505,0,29,17
1589249306.568945,173.194.151.108,10.10.0.10,,,443,41505,0,1358,17
1589249306.577069,173.194.151.108,10.10.0.10,,,443,41505,0,1358,17
1589249306.578551,10.10.0.10,173.194.151.108,,,41505,443,0,37,17
1589249306.585185,173.194.151.108,10.10.0.10,,,443,41505,0,1358,17
1589249306.593304,173.194.151.108,10.10.0.10,,,443,41505,0,1358,17
1589249306.595186,10.10.0.10,173.194.151.108,,,41505,443,0,37,17
1589249306.601419,173.194.151.108,10.10.0.10,,,443,41505,0,1358,17
1589249306.609544,173.194.151.108,10.10.0.10,,,443,41505,0,1358,17
1589249306.612189,10.10.0.10,173.194.151.108,,,41505,443,0,37,17
1589249306.617667,173.194.151.108,10.10.0.10,,,443,41505,0,1358,17
1589249306.625765,173.194.151.108,10.10.0.10,,,443,41505,0,1358,17
1589249306.6272838,10.10.0.10,173.194.151.108,,,41505,443,0,37,17
1589249306.6338801,173.194.151.108,10.10.0.10,,,443,41505,0,1358,17
1589249306.641997,173.194.151.108,10.10.0.10,,,443,41505,0,1358,17
1589249306.643559,10.10.0.10,173.194.151.108,,,41505,443,0,37,17
1589249306.6501124,173.194.151.108,10.10.0.10,,,443,41505,0,1358,17
1589249306.6582286,173.194.151.108,10.10.0.10,,,443,41505,0,1358,17
1589249306.6626868,10.10.0.10,173.194.151.108,,,41505,443,0,37,17
1589249306.6663456,173.194.151.108,10.10.0.10,,,443,41505,0,1358,17
1589249306.6744838,173.194.151.108,10.10.0.10,,,443,41505,0,1358,17
1589249306.67943,10.10.0.10,173.194.151.108,,,41505,443,0,37,17
1589249306.682603,173.194.151.108,10.10.0.10,,,443,41505,0,1358,17
1589249306.690696,173.194.151.108,10.10.0.10,,,443,41505,0,1358,17
1589249306.692302,10.10.0.10,173.194.151.108,,,41505,443,0,37,17
1589249306.698815,173.194.151.108,10.10.0.10,,,443,41505,0,1358,17
1589249306.706929,173.194.151.108,10.10.0.10,,,443,41505,0,1358,17
1589249306.70856,10.10.0.10,173.194.151.108,,,41505,443,0,37,17
1589249306.715048,173.194.151.108,10.10.0.10,,,443,41505,0,1358,17
1589249306.7231688,173.194.151.108,10.10.0.10,,,443,41505,0,1358,17
1589249306.7259526,10.10.0.10,173.194.151.108,,,41505,443,0,37,17
1589249306.73128,173.194.151.108,10.10.0.10,,,443,41505,0,1358,17
1589249306.739395,173.194.151.108,10.10.0.10,,,443,41505,0,1358,17
1589249306.747518,173.194.151.108,10.10.0.10,,,443,41505,0,1358,17
1589249306.7556472,173.194.151.108,10.10.0.10,,,443,41505,0,1358,17
1589249306.763751,173.194.151.108,10.10.0.10,,,443,41505,0,1358,17
1589249306.767065,10.10.0.10,173.194.151.108,,,41505,443,0,37,17
1589249306.769419,10.10.0.10,173.194.151.108,,,41505,443,0,37,17
1589249306.7718642,173.194.151.108,10.10.0.10,,,443,41505,0,1358,17
1589249306.773293,10.10.0.10,173.194.151.108,,,41505,443,0,37,17
1589249306.779979,173.194.151.108,10.10.0.10,,,443,41505,0,1358,17
1589249306.7880929,173.194.151.108,10.10.0.10,,,443,41505,0,1358,17
1589249306.789681,10.10.0.10,173.194.151.108,,,41505,443,0,37,17
1589249306.796212,173.194.151.108,10.10.0.10,,,443,41505,0,1358,17
1589249306.804329,173.194.151.108,10.10.0.10,,,443,41505,0,1358,17
1589249306.805953,10.10.0.10,173.194.151.108,,,41505,443,0,37,17
1589249306.812446,173.194.151.108,10.10.0.10,,,443,41505,0,1358,17
1589249306.813678,10.10.0.10,173.194.151.108,,,41505,443,0,722,17
1589249306.814048,10.10.0.10,173.194.151.108,,,41505,443,0,55,17
1589249306.8205626,173.194.151.108,10.10.0.10,,,443,41505,0,1358,17
1589249306.8286786,173.194.151.108,10.10.0.10,,,443,41505,0,1358,17
1589249306.830324,10.10.0.10,173.194.151.108,,,41505,443,0,37,17
1589249306.8368,173.194.151.108,10.10.0.10,,,443,41505,0,1358,17
1589249306.844919,173.194.151.108,10.10.0.10,,,443,41505,0,1358,17
1589249306.8467002,10.10.0.10,173.194.151.108,,,41505,443,0,37,17
1589249306.85303,173.194.151.108,10.10.0.10,,,443,41505,0,29,17
1589249306.853395,173.194.151.108,10.10.0.10,,,443,41505,0,1358,17
1589249306.8615172,173.194.151.108,10.10.0.10,,,443,41505,0,1358,17
1589249306.863197,10.10.0.10,173.194.151.108,,,41505,443,0,37,17
1589249306.8696349,173.194.151.108,10.10.0.10,,,443,41505,0,1358,17
1589249306.8777509,173.194.151.108,10.10.0.10,,,443,41505,0,1358,17
1589249306.879698,10.10.0.10,173.194.151.108,,,41505,443,0,37,17
1589249306.8858669,173.194.151.108,10.10.0.10,,,443,41505,0,1358,17
1589249306.893989,173.194.151.108,10.10.0.10,,,443,41505,0,1358,17
1589249306.895551,10.10.0.10,173.194.151.108,,,41505,443,0,37,17
1589249306.9020991,173.194.151.108,10.10.0.10,,,443,41505,0,1358,17
1589249306.910224,173.194.151.108,10.10.0.10,,,443,41505,0,1358,17
1589249306.9122,10.10.0.10,173.194.151.108,,,41505,443,0,37,17
1589249306.918333,173.194.151.108,10.10.0.10,,,443,41505,0,1358,17
1589249306.9264698,173.194.151.108,10.10.0.10,,,443,41505,0,1358,17
1589249306.928198,10.10.0.10,173.194.151.108,,,41505,443,0,37,17
1589249306.934567,173.194.151.108,10.10.0.10,,,443,41505,0,1358,17
1589249306.9426851,173.194.151.108,10.10.0.10,,,443,41505,0,1358,17
1589249306.9443312,10.10.0.10,173.194.151.108,,,41505,443,0,37,17
1589249306.9508028,173.194.151.108,10.10.0.10,,,443,41505,0,1358,17
1589249306.958916,173.194.151.108,10.10.0.10,,,443,41505,0,1358,17
1589249306.9605482,10.10.0.10,173.194.151.108,,,41505,443,0,37,17
1589249306.967031,173.194.151.108,10.10.0.10,,,443,41505,0,1358,17
1589249306.975158,173.194.151.108,10.10.0.10,,,443,41505,0,1358,17
1589249306.9768198,10.10.0.10,173.194.151.108,,,41505,443,0,37,17
1589249306.9832828,173.194.151.108,10.10.0.10,,,443,41505,0,1358,17
1589249306.9913929,173.194.151.108,10.10.0.10,,,443,41505,0,1358,17
1589249306.9929242,10.10.0.10,173.194.151.108,,,41505,443,0,37,17
1589249306.999506,173.194.151.108,10.10.0.10,,,443,41505,0,1358,17
1589249307.007616,173.194.151.108,10.10.0.10,,,443,41505,0,1358,17
1589249307.0092,10.10.0.10,173.194.151.108,,,41505,443,0,37,17
1589249307.0157318,173.194.151.108,10.10.0.10,,,443,41505,0,1358,17
1589249307.0238519,173.194.151.108,10.10.0.10,,,443,41505,0,1358,17
1589249307.025425,10.10.0.10,173.194.151.108,,,41505,443,0,37,17
1589249307.031966,173.194.151.108,10.10.0.10,,,443,41505,0,1358,17
1589249307.0400784,173.194.151.108,10.10.0.10,,,443,41505,0,1358,17
1589249307.0415401,10.10.0.10,173.194.151.108,,,41505,443,0,37,17
1589249307.048195,173.194.151.108,10.10.0.10,,,443,41505,0,1358,17
1589249307.0563278,173.194.151.108,10.10.0.10,,,443,41505,0,1358,17
1589249307.0579422,10.10.0.10,173.194.151.108,,,41505,443,0,37,17
1589249307.064438,173.194.151.108,10.10.0.10,,,443,41505,0,1358,17
1589249307.07255,173.194.151.108,10.10.0.10,,,443,41505,0,1358,17
1589249307.074065,10.10.0.10,173.194.151.108,,,41505,443,0,37,17
1589249307.0806668,173.194.151.108,10.10.0.10,,,443,41505,0,1358,17
1589249307.088783,173.194.151.108,10.10.0.10,,,443,41505,0,1358,17
1589249307.090696,10.10.0.10,173.194.151.108,,,41505,443,0,37,17
1589249307.096905,173.194.151.108,10.10.0.10,,,443,41505,0,1358,17
1589249307.1050286,173.194.151.108,10.10.0.10,,,443,41505,0,1358,17
1589249307.1066618,10.10.0.10,173.194.151.108,,,41505,443,0,37,17
1589249307.113134,173.194.151.108,10.10.0.10,,,443,41505,0,1358,17
1589249307.12125,173.194.151.108,10.10.0.10,,,443,41505,0,1358,17
1589249307.124441,10.10.0.10,173.194.151.108,,,41505,443,0,37,17
1589249307.1293662,173.194.151.108,10.10.0.10,,,443,41505,0,1358,17
1589249307.137485,173.194.151.108,10.10.0.10,,,443,41505,0,1358,17
1589249307.1390462,10.10.0.10,173.194.151.108,,,41505,443,0,50,17
1589249307.1456,173.194.151.108,10.10.0.10,,,443,41505,0,1358,17
1589249307.153713,173.194.151.108,10.10.0.10,,,443,41505,0,1358,17
1589249307.1553,10.10.0.10,173.194.151.108,,,41505,443,0,37,17
1589249307.161842,173.194.151.108,10.10.0.10,,,443,41505,0,1358,17
1589249307.169965,173.194.151.108,10.10.0.10,,,443,41505,0,1358,17
1589249307.171669,10.10.0.10,173.194.151.108,,,41505,443,0,37,17
1589249307.17809,173.194.151.108,10.10.0.10,,,443,41505,0,1358,17
1589249307.186184,173.194.151.108,10.10.0.10,,,443,41505,0,1358,17
1589249307.187926,10.10.0.10,173.194.151.108,,,41505,443,0,37,17
1589249307.194299,173.194.151.108,10.10.0.10,,,443,41505,0,29,17
1589249307.19466,173.194.151.108,10.10.0.10,,,443,41505,0,1358,17
1589249307.2027822,173.194.151.108,10.10.0.10,,,443,41505,0,1358,17
1589249307.204418,10.10.0.10,173.194.151.108,,,41505,443,0,37,17
1589249307.2108998,173.194.151.108,10.10.0.10,,,443,41505,0,1358,17
1589249307.2190278,173.194.151.108,10.10.0.10,,,443,41505,0,1358,17
1589249307.2206578,10.10.0.10,173.194.151.108,,,41505,443,0,37,17
1589249307.227133,173.194.151.108,10.10.0.10,,,443,41505,0,1358,17
1589249307.235249,173.194.151.108,10.10.0.10,,,443,41505,0,1358,17
1589249307.237173,10.10.0.10,173.194.151.108,,,41505,443,0,37,17
1589249307.243366,173.194.151.108,10.10.0.10,,,443,41505,0,1358,17
1589249307.251483,173.194.151.108,10.10.0.10,,,443,41505,0,1358,17
1589249307.253174,10.10.0.10,173.194.151.108,,,41505,443,0,37,17
1589249307.259598,173.194.151.108,10.10.0.10,,,443,41505,0,1358,17
1589249307.267716,173.194.151.108,10.10.0.10,,,443,41505,0,1358,17
1589249307.269541,10.10.0.10,173.194.151.108,,,41505,443,0,37,17
1589249307.2758374,173.194.151.108,10.10.0.10,,,443,41505,0,1358,17
1589249307.2839642,173.194.151.108,10.10.0.10,,,443,41505,0,1358,17
1589249307.2856581,10.10.0.10,173.194.151.108,,,41505,443,0,37,17
1589249307.2920835,173.194.151.108,10.10.0.10,,,443,41505,0,1358,17
1589249307.3001812,173.194.151.108,10.10.0.10,,,443,41505,0,1358,17
1589249307.302042,10.10.0.10,173.194.151.108,,,41505,443,0,37,17
1589249307.308295,173.194.151.108,10.10.0.10,,,443,41505,0,1358,17
1589249307.3164108,173.194.151.108,10.10.0.10,,,443,41505,0,1358,17
1589249307.318166,10.10.0.10,173.194.151.108,,,41505,443,0,37,17
1589249307.3245342,173.194.151.108,10.10.0.10,,,443,41505,0,1358,17
1589249307.33265,173.194.151.108,10.10.0.10,,,443,41505,0,1358,17
1589249307.334436,10.10.0.10,173.194.151.108,,,41505,443,0,37,17
1589249307.340774,173.194.151.108,10.10.0.10,,,443,41505,0,1358,17
1589249307.348897,173.194.151.108,10.10.0.10,,,443,41505,0,1358,17
1589249307.3506649,10.10.0.10,173.194.151.108,,,41505,443,0,37,17
1589249307.357001,173.194.151.108,10.10.0.10,,,443,41505,0,1358,17
1589249307.365118,173.194.151.108,10.10.0.10,,,443,41505,0,1358,17
1589249307.3681571,10.10.0.10,173.194.151.108,,,41505,443,0,37,17
1589249307.3732328,173.194.151.108,10.10.0.10,,,443,41505,0,1358,17
1589249307.38135,173.194.151.108,10.10.0.10,,,443,41505,0,1358,17
1589249307.3834338,10.10.0.10,173.194.151.108,,,41505,443,0,37,17
1589249307.3894649,173.194.151.108,10.10.0.10,,,443,41505,0,1358,17
1589249307.397591,173.194.151.108,10.10.0.10,,,443,41505,0,1358,17
1589249307.399184,10.10.0.10,173.194.151.108,,,41505,443,0,37,17
1589249307.40571,173.194.151.108,10.10.0.10,,,443,41505,0,1358,17
1589249307.4138362,173.194.151.108,10.10.0.10,,,443,41505,0,1358,17
1589249307.4163089,10.10.0.10,173.194.151.108,,,41505,443,0,37,17
1589249307.421926,173.194.151.108,10.10.0.10,,,443,41505,0,1358,17
1589249307.430049,173.194.151.108,10.10.0.10,,,443,41505,0,1358,17
1589249307.432528,10.10.0.10,173.194.151.108,,,41505,443,0,37,17
1589249307.438169,173.194.151.108,10.10.0.10,,,443,41505,0,1358,17
1589249307.4462821,173.194.151.108,10.10.0.10,,,443,41505,0,1358,17
1589249307.448411,10.10.0.10,173.194.151.108,,,41505,443,0,37,17
1589249307.4543948,173.194.151.108,10.10.0.10,,,443,41505,0,1358,17
1589249307.462518,173.194.151.108,10.10.0.10,,,443,41505,0,1358,17
1589249307.4641821,10.10.0.10,173.194.151.108,,,41505,443,0,50,17
1589249307.4706314,173.194.151.108,10.10.0.10,,,443,41505,0,1358,17
1589249307.4787538,173.194.151.108,10.10.0.10,,,443,41505,0,1358,17
1589249307.4804099,10.10.0.10,173.194.151.108,,,41505,443,0,37,17
1589249307.486865,173.194.151.108,10.10.0.10,,,443,41505,0,1358,17
1589249307.494981,173.194.151.108,10.10.0.10,,,443,41505,0,1358,17
1589249307.496663,10.10.0.10,173.194.151.108,,,41505,443,0,37,17
1589249307.503097,173.194.151.108,10.10.0.10,,,443,41505,0,1358,17
1589249307.5112329,173.194.151.108,10.10.0.10,,,443,41505,0,1358,17
1589249307.5129092,10.10.0.10,173.194.151.108,,,41505,443,0,37,17
1589249307.519334,173.194.151.108,10.10.0.10,,,443,41505,0,29,17
1589249307.5196922,173.194.151.108,10.10.0.10,,,443,41505,0,1358,17
1589249307.5278294,173.194.151.108,10.10.0.10,,,443,41505,0,1358,17
1589249307.5295546,10.10.0.10,173.194.151.108,,,41505,443,0,37,17
1589249307.5359561,173.194.151.108,10.10.0.10,,,443,41505,0,1358,17
1589249307.544052,173.194.151.108,10.10.0.10,,,443,41505,0,1358,17
1589249307.5458028,10.10.0.10,173.194.151.108,,,41505,443,0,37,17
1589249307.552165,173.194.151.108,10.10.0.10,,,443,41505,0,1358,17
1589249307.5602784,173.194.151.108,10.10.0.10,,,443,41505,0,1358,17
1589249307.5620544,10.10.0.10,173.194.151.108,,,41505,443,0,37,17
1589249307.568399,173.194.151.108,10.10.0.10,,,443,41505,0,1358,17
1589249307.576517,173.194.151.108,10.10.0.10,,,443,41505,0,1358,17
1589249307.578553,10.10.0.10,173.194.151.108,,,41505,443,0,37,17
1589249307.584641,173.194.151.108,10.10.0.10,,,443,41505,0,1358,17
1589249307.592765,173.194.151.108,10.10.0.10,,,443,41505,0,1358,17
1589249307.5945318,10.10.0.10,173.194.151.108,,,41505,443,0,37,17
1589249307.6008658,173.194.151.108,10.10.0.10,,,443,41505,0,1358,17
1589249307.6089768,173.194.151.108,10.10.0.10,,,443,41505,0,1358,17
1589249307.6105304,10.10.0.10,173.194.151.108,,,41505,443,0,37,17
1589249307.6171002,173.194.151.108,10.10.0.10,,,443,41505,0,1358,17
1589249307.625215,173.194.151.108,10.10.0.10,,,443,41505,0,1358,17
1589249307.6269,10.10.0.10,173.194.151.108,,,41505,443,0,37,17
1589249307.633327,173.194.151.108,10.10.0.10,,,443,41505,0,1358,17
1589249307.641454,173.194.151.108,10.10.0.10,,,443,41505,0,1358,17
1589249307.6432898,10.10.0.10,173.194.151.108,,,41505,443,0,37,17
1589249307.64956,173.194.151.108,10.10.0.10,,,443,41505,0,1358,17
1589249307.6576748,173.194.151.108,10.10.0.10,,,443,41505,0,1358,17
1589249307.659428,10.10.0.10,173.194.151.108,,,41505,443,0,37,17
1589249307.6657991,173.194.151.108,10.10.0.10,,,443,41505,0,1358,17
1589249307.6739151,173.194.151.108,10.10.0.10,,,443,41505,0,1358,17
1589249307.676787,10.10.0.10,173.194.151.108,,,41505,443,0,37,17
1589249307.6820269,173.194.151.108,10.10.0.10,,,443,41505,0,1358,17
1589249307.690148,173.194.151.108,10.10.0.10,,,443,41505,0,1358,17
1589249307.6917892,10.10.0.10,173.194.151.108,,,41505,443,0,37,17
1589249307.6982589,173.194.151.108,10.10.0.10,,,443,41505,0,1358,17
1589249307.7063751,173.194.151.108,10.10.0.10,,,443,41505,0,1358,17
1589249307.708299,10.10.0.10,173.194.151.108,,,41505,443,0,37,17
1589249307.714495,173.194.151.108,10.10.0.10,,,443,41505,0,1358,17
1589249307.722615,173.194.151.108,10.10.0.10,,,443,41505,0,1358,17
1589249307.7245278,10.10.0.10,173.194.151.108,,,41505,443,0,37,17
1589249307.7307286,173.194.151.108,10.10.0.10,,,443,41505,0,1358,17
1589249307.7388446,173.194.151.108,10.10.0.10,,,443,41505,0,1358,17
1589249307.740906,10.10.0.10,173.194.151.108,,,41505,443,0,37,17
1589249307.746957,173.194.151.108,10.10.0.10,,,443,41505,0,1358,17
1589249307.755075,173.194.151.108,10.10.0.10,,,443,41505,0,1358,17
1589249307.756779,10.10.0.10,173.194.151.108,,,41505,443,0,37,17
1589249307.7632,173.194.151.108,10.10.0.10,,,443,41505,0,1358,17
1589249307.7713099,173.194.151.108,10.10.0.10,,,443,41505,0,1358,17
1589249307.772769,10.10.0.10,173.194.151.108,,,41505,443,0,37,17
1589249307.7794278,173.194.151.108,10.10.0.10,,,443,41505,0,1358,17
1589249307.7875571,173.194.151.108,10.10.0.10,,,443,41505,0,1358,17
1589249307.7919226,10.10.0.10,173.194.151.108,,,41505,443,0,50,17
1589249307.795658,173.194.151.108,10.10.0.10,,,443,41505,0,1358,17
1589249307.803778,173.194.151.108,10.10.0.10,,,443,41505,0,1358,17
1589249307.8055005,10.10.0.10,173.194.151.108,,,41505,443,0,37,17
1589249307.8118956,173.194.151.108,10.10.0.10,,,443,41505,0,1358,17
1589249307.820008,173.194.151.108,10.10.0.10,,,443,41505,0,1358,17
1589249307.8219225,10.10.0.10,173.194.151.108,,,41505,443,0,37,17
1589249307.8281276,173.194.151.108,10.10.0.10,,,443,41505,0,1358,17
1589249307.836241,173.194.151.108,10.10.0.10,,,443,41505,0,1358,17
1589249307.8384,10.10.0.10,173.194.151.108,,,41505,443,0,37,17
1589249307.844359,173.194.151.108,10.10.0.10,,,443,41505,0,29,17
1589249307.844721,173.194.151.108,10.10.0.10,,,443,41505,0,1358,17
1589249307.852848,173.194.151.108,10.10.0.10,,,443,41505,0,1358,17
1589249307.8544161,10.10.0.10,173.194.151.108,,,41505,443,0,37,17
1589249307.8609636,173.194.151.108,10.10.0.10,,,443,41505,0,1358,17
1589249307.8690758,173.194.151.108,10.10.0.10,,,443,41505,0,1358,17
1589249307.870543,10.10.0.10,173.194.151.108,,,41505,443,0,37,17
1589249307.877199,173.194.151.108,10.10.0.10,,,443,41505,0,1358,17
1589249307.8853092,173.194.151.108,10.10.0.10,,,443,41505,0,1358,17
1589249307.88692,10.10.0.10,173.194.151.108,,,41505,443,0,37,17
1589249307.8934438,173.194.151.108,10.10.0.10,,,443,41505,0,1358,17
1589249307.901568,173.194.151.108,10.10.0.10,,,443,41505,0,1358,17
1589249307.9032738,10.10.0.10,173.194.151.108,,,41505,443,0,37,17
1589249307.9096632,173.194.151.108,10.10.0.10,,,443,41505,0,1358,17
1589249307.917782,173.194.151.108,10.10.0.10,,,443,41505,0,1358,17
1589249307.919543,10.10.0.10,173.194.151.108,,,41505,443,0,37,17
1589249307.9258964,173.194.151.108,10.10.0.10,,,443,41505,0,1358,17
1589249307.934014,173.194.151.108,10.10.0.10,,,443,41505,0,1358,17
1589249307.937044,10.10.0.10,173.194.151.108,,,41505,443,0,37,17
1589249307.9421349,173.194.151.108,10.10.0.10,,,443,41505,0,1358,17
1589249307.950256,173.194.151.108,10.10.0.10,,,443,41505,0,1358,17
1589249307.951912,10.10.0.10,173.194.151.108,,,41505,443,0,37,17
1589249307.9583778,173.194.151.108,10.10.0.10,,,443,41505,0,1358,17
1589249307.96648,173.194.151.108,10.10.0.10,,,443,41505,0,1358,17
1589249307.96839,10.10.0.10,173.194.151.108,,,41505,443,0,37,17
1589249307.974011,173.194.151.108,10.10.0.10,,,443,41505,0,1358,17
1589249307.9815464,173.194.151.108,10.10.0.10,,,443,41505,0,1358,17
1589249307.9857929,10.10.0.10,173.194.151.108,,,41505,443,0,37,17
1589249307.989078,173.194.151.108,10.10.0.10,,,443,41505,0,1358,17
1589249307.996615,173.194.151.108,10.10.0.10,,,443,41505,0,1358,17
1589249307.9983964,10.10.0.10,173.194.151.108,,,41505,443,0,37,17
1589249308.0041478,173.194.151.108,10.10.0.10,,,443,41505,0,1358,17
1589249308.0116944,173.194.151.108,10.10.0.10,,,443,41505,0,1358,17
1589249308.01339,10.10.0.10,173.194.151.108,,,41505,443,0,37,17
1589249308.019222,173.194.151.108,10.10.0.10,,,443,41505,0,1358,17
1589249308.0267556,173.194.151.108,10.10.0.10,,,443,41505,0,1358,17
1589249308.034316,173.194.151.108,10.10.0.10,,,443,41505,0,1358,17
1589249308.041827,173.194.151.108,10.10.0.10,,,443,41505,0,1358,17
1589249308.049382,173.194.151.108,10.10.0.10,,,443,41505,0,1358,17
1589249308.0493946,10.10.0.10,173.194.151.108,,,41505,443,0,37,17
1589249308.05067,10.10.0.10,173.194.151.108,,,41505,443,0,37,17
1589249308.056894,173.194.151.108,10.10.0.10,,,443,41505,0,1358,17
1589249308.0585382,10.10.0.10,173.194.151.108,,,41505,443,0,37,17
1589249308.064441,173.194.151.108,10.10.0.10,,,443,41505,0,1358,17
1589249308.0719626,173.194.151.108,10.10.0.10,,,443,41505,0,1358,17
1589249308.073519,10.10.0.10,173.194.151.108,,,41505,443,0,37,17
1589249308.0795012,173.194.151.108,10.10.0.10,,,443,41505,0,1358,17
1589249308.087034,173.194.151.108,10.10.0.10,,,443,41505,0,1358,17
1589249308.088665,10.10.0.10,173.194.151.108,,,41505,443,0,37,17
1589249308.094573,173.194.151.108,10.10.0.10,,,443,41505,0,1358,17
1589249308.102102,173.194.151.108,10.10.0.10,,,443,41505,0,1358,17
1589249308.104165,10.10.0.10,173.194.151.108,,,41505,443,0,50,17
1589249308.109638,173.194.151.108,10.10.0.10,,,443,41505,0,1358,17
1589249308.1171858,173.194.151.108,10.10.0.10,,,443,41505,0,1358,17
1589249308.119267,10.10.0.10,173.194.151.108,,,41505,443,0,37,17
1589249308.124712,173.194.151.108,10.10.0.10,,,443,41505,0,1358,17
1589249308.1322498,173.194.151.108,10.10.0.10,,,443,41505,0,29,17
1589249308.1325731,173.194.151.108,10.10.0.10,,,443,41505,0,1358,17
1589249308.134134,10.10.0.10,173.194.151.108,,,41505,443,0,37,17
1589249308.140124,173.194.151.108,10.10.0.10,,,443,41505,0,1358,17
1589249308.1476588,173.194.151.108,10.10.0.10,,,443,41505,0,1358,17
1589249308.149411,10.10.0.10,173.194.151.108,,,41505,443,0,37,17
1589249308.155183,173.194.151.108,10.10.0.10,,,443,41505,0,1358,17
1589249308.162718,173.194.151.108,10.10.0.10,,,443,41505,0,1358,17
1589249308.164409,10.10.0.10,173.194.151.108,,,41505,443,0,37,17
1589249308.1702518,173.194.151.108,10.10.0.10,,,443,41505,0,1358,17
1589249308.17781,173.194.151.108,10.10.0.10,,,443,41505,0,1358,17
1589249308.1795151,10.10.0.10,173.194.151.108,,,41505,443,0,37,17
1589249308.1853206,173.194.151.108,10.10.0.10,,,443,41505,0,1358,17
1589249308.1928554,173.194.151.108,10.10.0.10,,,443,41505,0,1358,17
1589249308.1945412,10.10.0.10,173.194.151.108,,,41505,443,0,37,17
1589249308.200391,173.194.151.108,10.10.0.10,,,443,41505,0,1358,17
1589249308.207925,173.194.151.108,10.10.0.10,,,443,41505,0,1358,17
1589249308.209642,10.10.0.10,173.194.151.108,,,41505,443,0,37,17
1589249308.215461,173.194.151.108,10.10.0.10,,,443,41505,0,1358,17
1589249308.2229981,173.194.151.108,10.10.0.10,,,443,41505,0,1358,17
1589249308.224659,10.10.0.10,173.194.151.108,,,41505,443,0,37,17
1589249308.230527,173.194.151.108,10.10.0.10,,,443,41505,0,1358,17
1589249308.238062,173.194.151.108,10.10.0.10,,,443,41505,0,1358,17
1589249308.2397635,10.10.0.10,173.194.151.108,,,41505,443,0,37,17
1589249308.2455974,173.194.151.108,10.10.0.10,,,443,41505,0,1358,17
1589249308.253133,173.194.151.108,10.10.0.10,,,443,41505,0,1358,17
1589249308.2547526,10.10.0.10,173.194.151.108,,,41505,443,0,37,17
1589249308.2606828,173.194.151.108,10.10.0.10,,,443,41505,0,1358,17
1589249308.2682009,173.194.151.108,10.10.0.10,,,443,41505,0,1358,17
1589249308.270159,10.10.0.10,173.194.151.108,,,41505,443,0,37,17
1589249308.275746,173.194.151.108,10.10.0.10,,,443,41505,0,1358,17
1589249308.283271,173.194.151.108,10.10.0.10,,,443,41505,0,1358,17
1589249308.285038,10.10.0.10,173.194.151.108,,,41505,443,0,37,17
1589249308.2908099,173.194.151.108,10.10.0.10,,,443,41505,0,1358,17
1589249308.2983398,173.194.151.108,10.10.0.10,,,443,41505,0,1358,17
1589249308.3002632,10.10.0.10,173.194.151.108,,,41505,443,0,37,17
1589249308.3058732,173.194.151.108,10.10.0.10,,,443,41505,0,1358,17
1589249308.313431,173.194.151.108,10.10.0.10,,,443,41505,0,1358,17
1589249308.315137,10.10.0.10,173.194.151.108,,,41505,443,0,37,17
1589249308.3209429,173.194.151.108,10.10.0.10,,,443,41505,0,1358,17
1589249308.3284929,173.194.151.108,10.10.0.10,,,443,41505,0,1358,17
1589249308.3301358,10.10.0.10,173.194.151.108,,,41505,443,0,37,17
1589249308.336008,173.194.151.108,10.10.0.10,,,443,41505,0,1358,17
1589249308.343558,173.194.151.108,10.10.0.10,,,443,41505,0,1358,17
1589249308.345417,10.10.0.10,173.194.151.108,,,41505,443,0,37,17
1589249308.3510802,173.194.151.108,10.10.0.10,,,443,41505,0,1358,17
1589249308.358622,173.194.151.108,10.10.0.10,,,443,41505,0,1358,17
1589249308.3602614,10.10.0.10,173.194.151.108,,,41505,443,0,37,17
1589249308.3661478,173.194.151.108,10.10.0.10,,,443,41505,0,1358,17
1589249308.373683,173.194.151.108,10.10.0.10,,,443,41505,0,1358,17
1589249308.3752608,10.10.0.10,173.194.151.108,,,41505,443,0,37,17
1589249308.381219,173.194.151.108,10.10.0.10,,,443,41505,0,1358,17
1589249308.388753,173.194.151.108,10.10.0.10,,,443,41505,0,1358,17
1589249308.3910089,10.10.0.10,173.194.151.108,,,41505,443,0,37,17
1589249308.3962884,173.194.151.108,10.10.0.10,,,443,41505,0,1358,17
1589249308.403827,173.194.151.108,10.10.0.10,,,443,41505,0,1358,17
1589249308.405494,10.10.0.10,173.194.151.108,,,41505,443,0,50,17
1589249308.411367,173.194.151.108,10.10.0.10,,,443,41505,0,1358,17
1589249308.41889,173.194.151.108,10.10.0.10,,,443,41505,0,1358,17
1589249308.420634,10.10.0.10,173.194.151.108,,,41505,443,0,37,17
1589249308.4264288,173.194.151.108,10.10.0.10,,,443,41505,0,749,17
1589249308.4306786,173.194.151.108,10.10.0.10,,,443,41505,0,29,17
1589249308.455744,10.10.0.10,173.194.151.108,,,41505,443,0,37,17
1589249309.645874,10.10.0.10,173.194.151.108,,,41505,443,0,723,17
1589249309.64591,10.10.0.10,173.194.151.108,,,41505,443,0,48,17
1589249309.65031,173.194.151.108,10.10.0.10,,,443,41505,0,29,17
1589249309.651665,173.194.151.108,10.10.0.10,,,443,41505,0,1358,17
1589249309.6517012,173.194.151.108,10.10.0.10,,,443,41505,0,1358,17
1589249309.653494,10.10.0.10,173.194.151.108,,,41505,443,0,37,17
1589249309.658088,173.194.151.108,10.10.0.10,,,443,41505,0,1358,17
1589249309.665617,173.194.151.108,10.10.0.10,,,443,41505,0,1358,17
1589249309.6675801,10.10.0.10,173.194.151.108,,,41505,443,0,37,17
1589249309.673149,173.194.151.108,10.10.0.10,,,443,41505,0,1358,17
1589249309.680702,173.194.151.108,10.10.0.10,,,443,41505,0,1358,17
1589249309.6843472,10.10.0.10,173.194.151.108,,,41505,443,0,37,17
1589249309.688217,173.194.151.108,10.10.0.10,,,443,41505,0,1358,17
1589249309.695771,173.194.151.108,10.10.0.10,,,443,41505,0,1358,17
1589249309.697473,10.10.0.10,173.194.151.108,,,41505,443,0,37,17
1589249309.7032864,173.194.151.108,10.10.0.10,,,443,41505,0,1358,17
1589249309.710829,173.194.151.108,10.10.0.10,,,443,41505,0,1358,17
1589249309.7123482,10.10.0.10,173.194.151.108,,,41505,443,0,37,17
1589249309.71836,173.194.151.108,10.10.0.10,,,443,41505,0,1358,17
1589249309.725893,173.194.151.108,10.10.0.10,,,443,41505,0,1358,17
1589249309.727472,10.10.0.10,173.194.151.108,,,41505,443,0,37,17
1589249309.733432,173.194.151.108,10.10.0.10,,,443,41505,0,1358,17
1589249309.740963,173.194.151.108,10.10.0.10,,,443,41505,0,1358,17
1589249309.7424908,10.10.0.10,173.194.151.108,,,41505,443,0,37,17
1589249309.748496,173.194.151.108,10.10.0.10,,,443,41505,0,1358,17
1589249309.756042,173.194.151.108,10.10.0.10,,,443,41505,0,1358,17
1589249309.7577405,10.10.0.10,173.194.151.108,,,41505,443,0,37,17
1589249309.763578,173.194.151.108,10.10.0.10,,,443,41505,0,1358,17
1589249309.7711,173.194.151.108,10.10.0.10,,,443,41505,0,1358,17
1589249309.77297,10.10.0.10,173.194.151.108,,,41505,443,0,37,17
1589249309.7786338,173.194.151.108,10.10.0.10,,,443,41505,0,1358,17
1589249309.78617,173.194.151.108,10.10.0.10,,,443,41505,0,1358,17
1589249309.7881124,10.10.0.10,173.194.151.108,,,41505,443,0,37,17
1589249309.7936995,173.194.151.108,10.10.0.10,,,443,41505,0,1358,17
1589249309.801238,173.194.151.108,10.10.0.10,,,443,41505,0,1358,17
1589249309.8047106,10.10.0.10,173.194.151.108,,,41505,443,0,37,17
1589249309.808774,173.194.151.108,10.10.0.10,,,443,41505,0,1358,17
1589249309.8163078,173.194.151.108,10.10.0.10,,,443,41505,0,1358,17
1589249309.8184679,10.10.0.10,173.194.151.108,,,41505,443,0,37,17
1589249309.823839,173.194.151.108,10.10.0.10,,,443,41505,0,1358,17
1589249309.831376,173.194.151.108,10.10.0.10,,,443,41505,0,1358,17
1589249309.8332438,10.10.0.10,173.194.151.108,,,41505,443,0,37,17
1589249309.8389132,173.194.151.108,10.10.0.10,,,443,41505,0,1358,17
1589249309.84645,173.194.151.108,10.10.0.10,,,443,41505,0,1358,17
1589249309.8482368,10.10.0.10,173.194.151.108,,,41505,443,0,37,17
1589249309.853976,173.194.151.108,10.10.0.10,,,443,41505,0,1358,17
1589249309.8615148,173.194.151.108,10.10.0.10,,,443,41505,0,1358,17
1589249309.863866,10.10.0.10,173.194.151.108,,,41505,443,0,37,17
1589249309.869045,173.194.151.108,10.10.0.10,,,443,41505,0,1358,17
1589249309.876584,173.194.151.108,10.10.0.10,,,443,41505,0,1358,17
1589249309.8780909,10.10.0.10,173.194.151.108,,,41505,443,0,37,17
1589249309.884119,173.194.151.108,10.10.0.10,,,443,41505,0,1358,17
1589249309.8916528,173.194.151.108,10.10.0.10,,,443,41505,0,1358,17
1589249309.893235,10.10.0.10,173.194.151.108,,,41505,443,0,37,17
1589249309.899198,173.194.151.108,10.10.0.10,,,443,41505,0,1358,17
1589249309.906726,173.194.151.108,10.10.0.10,,,443,41505,0,1358,17
1589249309.9083462,10.10.0.10,173.194.151.108,,,41505,443,0,37,17
1589249309.9142618,173.194.151.108,10.10.0.10,,,443,41505,0,1358,17
1589249309.921792,173.194.151.108,10.10.0.10,,,443,41505,0,1358,17
1589249309.923465,10.10.0.10,173.194.151.108,,,41505,443,0,37,17
1589249309.9293306,173.194.151.108,10.10.0.10,,,443,41505,0,1358,17
1589249309.936859,173.194.151.108,10.10.0.10,,,443,41505,0,1358,17
1589249309.939109,10.10.0.10,173.194.151.108,,,41505,443,0,50,17
1589249309.944401,173.194.151.108,10.10.0.10,,,443,41505,0,1358,17
1589249309.951952,173.194.151.108,10.10.0.10,,,443,41505,0,1358,17
1589249309.9537172,10.10.0.10,173.194.151.108,,,41505,443,0,37,17
1589249309.959464,173.194.151.108,10.10.0.10,,,443,41505,0,1358,17
1589249309.967012,173.194.151.108,10.10.0.10,,,443,41505,0,1358,17
1589249309.968733,10.10.0.10,173.194.151.108,,,41505,443,0,37,17
1589249309.974533,173.194.151.108,10.10.0.10,,,443,41505,0,1358,17
1589249309.982075,173.194.151.108,10.10.0.10,,,443,41505,0,1358,17
1589249309.983824,10.10.0.10,173.194.151.108,,,41505,443,0,37,17
1589249309.9896019,173.194.151.108,10.10.0.10,,,443,41505,0,1358,17
1589249309.9971359,173.194.151.108,10.10.0.10,,,443,41505,0,1358,17
1589249309.998589,10.10.0.10,173.194.151.108,,,41505,443,0,37,17
1589249310.004671,173.194.151.108,10.10.0.10,,,443,41505,0,1358,17
1589249310.0122054,173.194.151.108,10.10.0.10,,,443,41505,0,1358,17
1589249310.013673,10.10.0.10,173.194.151.108,,,41505,443,0,37,17
1589249310.019743,173.194.151.108,10.10.0.10,,,443,41505,0,1358,17
1589249310.0272748,173.194.151.108,10.10.0.10,,,443,41505,0,1358,17
1589249310.02871,10.10.0.10,173.194.151.108,,,41505,443,0,37,17
1589249310.0348198,173.194.151.108,10.10.0.10,,,443,41505,0,1358,17
1589249310.0423448,173.194.151.108,10.10.0.10,,,443,41505,0,1358,17
1589249310.0438302,10.10.0.10,173.194.151.108,,,41505,443,0,37,17
1589249310.0498738,173.194.151.108,10.10.0.10,,,443,41505,0,1358,17
1589249310.057411,173.194.151.108,10.10.0.10,,,443,41505,0,1358,17
1589249310.0589228,10.10.0.10,173.194.151.108,,,41505,443,0,37,17
1589249310.064949,173.194.151.108,10.10.0.10,,,443,41505,0,1358,17
1589249310.07248,173.194.151.108,10.10.0.10,,,443,41505,0,1358,17
1589249310.0740874,10.10.0.10,173.194.151.108,,,41505,443,0,37,17
1589249310.080011,173.194.151.108,10.10.0.10,,,443,41505,0,1358,17
1589249310.087568,173.194.151.108,10.10.0.10,,,443,41505,0,1358,17
1589249310.0890849,10.10.0.10,173.194.151.108,,,41505,443,0,37,17
1589249310.0950851,173.194.151.108,10.10.0.10,,,443,41505,0,1358,17
1589249310.102631,173.194.151.108,10.10.0.10,,,443,41505,0,1358,17
1589249310.105709,10.10.0.10,173.194.151.108,,,41505,443,0,37,17
1589249310.110154,173.194.151.108,10.10.0.10,,,443,41505,0,1358,17
1589249310.1176922,173.194.151.108,10.10.0.10,,,443,41505,0,1358,17
1589249310.119336,10.10.0.10,173.194.151.108,,,41505,443,0,37,17
1589249310.125226,173.194.151.108,10.10.0.10,,,443,41505,0,1358,17
1589249310.13276,173.194.151.108,10.10.0.10,,,443,41505,0,1358,17
1589249310.1343539,10.10.0.10,173.194.151.108,,,41505,443,0,37,17
1589249310.140295,173.194.151.108,10.10.0.10,,,443,41505,0,1358,17
1589249310.1478279,173.194.151.108,10.10.0.10,,,443,41505,0,1358,17
1589249310.149358,10.10.0.10,173.194.151.108,,,41505,443,0,37,17
1589249310.15536,173.194.151.108,10.10.0.10,,,443,41505,0,1358,17
1589249310.1628995,173.194.151.108,10.10.0.10,,,443,41505,0,1358,17
1589249310.164459,10.10.0.10,173.194.151.108,,,41505,443,0,37,17
1589249310.17044,173.194.151.108,10.10.0.10,,,443,41505,0,1358,17
1589249310.1779642,173.194.151.108,10.10.0.10,,,443,41505,0,1358,17
1589249310.1797068,10.10.0.10,173.194.151.108,,,41505,443,0,37,17
1589249310.185498,173.194.151.108,10.10.0.10,,,443,41505,0,1358,17
1589249310.193032,173.194.151.108,10.10.0.10,,,443,41505,0,1358,17
1589249310.194706,10.10.0.10,173.194.151.108,,,41505,443,0,37,17
1589249310.200568,173.194.151.108,10.10.0.10,,,443,41505,0,1358,17
1589249310.208098,173.194.151.108,10.10.0.10,,,443,41505,0,1358,17
1589249310.209832,10.10.0.10,173.194.151.108,,,41505,443,0,37,17
1589249310.2156491,173.194.151.108,10.10.0.10,,,443,41505,0,1358,17
1589249310.223171,173.194.151.108,10.10.0.10,,,443,41505,0,1358,17
1589249310.224975,10.10.0.10,173.194.151.108,,,41505,443,0,37,17
1589249310.230705,173.194.151.108,10.10.0.10,,,443,41505,0,1358,17
1589249310.23824,173.194.151.108,10.10.0.10,,,443,41505,0,1358,17
1589249310.2457054,10.10.0.10,173.194.151.108,,,41505,443,0,50,17
1589249310.245774,173.194.151.108,10.10.0.10,,,443,41505,0,1358,17
1589249310.253314,173.194.151.108,10.10.0.10,,,443,41505,0,1358,17
1589249310.255072,10.10.0.10,173.194.151.108,,,41505,443,0,37,17
1589249310.2608442,173.194.151.108,10.10.0.10,,,443,41505,0,1358,17
1589249310.2683752,173.194.151.108,10.10.0.10,,,443,41505,0,1358,17
1589249310.270081,10.10.0.10,173.194.151.108,,,41505,443,0,37,17
1589249310.2759118,173.194.151.108,10.10.0.10,,,443,41505,0,1358,17
1589249310.283448,173.194.151.108,10.10.0.10,,,443,41505,0,1358,17
1589249310.2854464,10.10.0.10,173.194.151.108,,,41505,443,0,37,17
1589249310.290981,173.194.151.108,10.10.0.10,,,443,41505,0,1358,17
1589249310.2985158,173.194.151.108,10.10.0.10,,,443,41505,0,1358,17
1589249310.300232,10.10.0.10,173.194.151.108,,,41505,443,0,37,17
1589249310.3060498,173.194.151.108,10.10.0.10,,,443,41505,0,1358,17
1589249310.313589,173.194.151.108,10.10.0.10,,,443,41505,0,1358,17
1589249310.31532,10.10.0.10,173.194.151.108,,,41505,443,0,37,17
1589249310.3211188,173.194.151.108,10.10.0.10,,,443,41505,0,1358,17
1589249310.3286538,173.194.151.108,10.10.0.10,,,443,41505,0,1358,17
1589249310.330328,10.10.0.10,173.194.151.108,,,41505,443,0,37,17
1589249310.336191,173.194.151.108,10.10.0.10,,,443,41505,0,1358,17
1589249310.3437223,173.194.151.108,10.10.0.10,,,443,41505,0,1358,17
1589249310.345472,10.10.0.10,173.194.151.108,,,41505,443,0,37,17
1589249310.3512769,173.194.151.108,10.10.0.10,,,443,41505,0,1358,17
1589249310.358798,173.194.151.108,10.10.0.10,,,443,41505,0,1358,17
1589249310.360455,10.10.0.10,173.194.151.108,,,41505,443,0,37,17
1589249310.366327,173.194.151.108,10.10.0.10,,,443,41505,0,1358,17
1589249310.37386,173.194.151.108,10.10.0.10,,,443,41505,0,1358,17
1589249310.3755972,10.10.0.10,173.194.151.108,,,41505,443,0,37,17
1589249310.381398,173.194.151.108,10.10.0.10,,,443,41505,0,1358,17
1589249310.3889349,173.194.151.108,10.10.0.10,,,443,41505,0,1358,17
1589249310.392317,10.10.0.10,173.194.151.108,,,41505,443,0,37,17
1589249310.396462,173.194.151.108,10.10.0.10,,,443,41505,0,1358,17
1589249310.4039981,173.194.151.108,10.10.0.10,,,443,41505,0,1358,17
1589249310.4056995,10.10.0.10,173.194.151.108,,,41505,443,0,37,17
1589249310.411534,173.194.151.108,10.10.0.10,,,443,41505,0,1358,17
1589249310.419069,173.194.151.108,10.10.0.10,,,443,41505,0,1358,17
1589249310.4207,10.10.0.10,173.194.151.108,,,41505,443,0,37,17
1589249310.4266202,173.194.151.108,10.10.0.10,,,443,41505,0,1358,17
1589249310.4341388,173.194.151.108,10.10.0.10,,,443,41505,0,1358,17
1589249310.4358456,10.10.0.10,173.194.151.108,,,41505,443,0,37,17
1589249310.4416828,173.194.151.108,10.10.0.10,,,443,41505,0,1358,17
1589249310.449206,173.194.151.108,10.10.0.10,,,443,41505,0,1358,17
1589249310.450845,10.10.0.10,173.194.151.108,,,41505,443,0,37,17
1589249310.4567401,173.194.151.108,10.10.0.10,,,443,41505,0,1358,17
1589249310.464274,173.194.151.108,10.10.0.10,,,443,41505,0,1358,17
1589249310.465968,10.10.0.10,173.194.151.108,,,41505,443,0,37,17
1589249310.4718099,173.194.151.108,10.10.0.10,,,443,41505,0,1358,17
1589249310.479344,173.194.151.108,10.10.0.10,,,443,41505,0,1358,17
1589249310.4810774,10.10.0.10,173.194.151.108,,,41505,443,0,37,17
1589249310.4868946,173.194.151.108,10.10.0.10,,,443,41505,0,1358,17
1589249310.494431,173.194.151.108,10.10.0.10,,,443,41505,0,1358,17
1589249310.496349,10.10.0.10,173.194.151.108,,,41505,443,0,37,17
1589249310.501951,173.194.151.108,10.10.0.10,,,443,41505,0,1358,17
1589249310.5094788,173.194.151.108,10.10.0.10,,,443,41505,0,1358,17
1589249310.511199,10.10.0.10,173.194.151.108,,,41505,443,0,37,17
1589249310.517017,173.194.151.108,10.10.0.10,,,443,41505,0,1358,17
1589249310.5245562,173.194.151.108,10.10.0.10,,,443,41505,0,1358,17
1589249310.5263224,10.10.0.10,173.194.151.108,,,41505,443,0,37,17
1589249310.532088,173.194.151.108,10.10.0.10,,,443,41505,0,1358,17
1589249310.539621,173.194.151.108,10.10.0.10,,,443,41505,0,1358,17
1589249310.541197,10.10.0.10,173.194.151.108,,,41505,443,0,50,17
1589249310.547157,173.194.151.108,10.10.0.10,,,443,41505,0,1358,17
1589249310.5546858,173.194.151.108,10.10.0.10,,,443,41505,0,1358,17
1589249310.5566704,10.10.0.10,173.194.151.108,,,41505,443,0,37,17
1589249310.5622199,173.194.151.108,10.10.0.10,,,443,41505,0,1358,17
1589249310.569753,173.194.151.108,10.10.0.10,,,443,41505,0,1358,17
1589249310.5729196,10.10.0.10,173.194.151.108,,,41505,443,0,37,17
1589249310.5772884,173.194.151.108,10.10.0.10,,,443,41505,0,1358,17
1589249310.5848222,173.194.151.108,10.10.0.10,,,443,41505,0,1358,17
1589249310.5923555,173.194.151.108,10.10.0.10,,,443,41505,0,1358,17
1589249310.599898,173.194.151.108,10.10.0.10,,,443,41505,0,1358,17
1589249310.6074328,173.194.151.108,10.10.0.10,,,443,41505,0,1358,17
1589249310.611436,10.10.0.10,173.194.151.108,,,41505,443,0,37,17
1589249310.611655,10.10.0.10,173.194.151.108,,,41505,443,0,37,17
1589249310.6149626,173.194.151.108,10.10.0.10,,,443,41505,0,1358,17
1589249310.6175456,10.10.0.10,173.194.151.108,,,41505,443,0,37,17
1589249310.622498,173.194.151.108,10.10.0.10,,,443,41505,0,1358,17
1589249310.6300282,173.194.151.108,10.10.0.10,,,443,41505,0,1358,17
1589249310.633575,10.10.0.10,173.194.151.108,,,41505,443,0,37,17
1589249310.637563,173.194.151.108,10.10.0.10,,,443,41505,0,1358,17
1589249310.6451068,173.194.151.108,10.10.0.10,,,443,41505,0,1358,17
1589249310.646816,10.10.0.10,173.194.151.108,,,41505,443,0,37,17
1589249310.652634,173.194.151.108,10.10.0.10,,,443,41505,0,1358,17
1589249310.660166,173.194.151.108,10.10.0.10,,,443,41505,0,1358,17
1589249310.661825,10.10.0.10,173.194.151.108,,,41505,443,0,37,17
1589249310.667701,173.194.151.108,10.10.0.10,,,443,41505,0,1358,17
1589249310.6752338,173.194.151.108,10.10.0.10,,,443,41505,0,1358,17
1589249310.676842,10.10.0.10,173.194.151.108,,,41505,443,0,37,17
1589249310.682773,173.194.151.108,10.10.0.10,,,443,41505,0,1358,17
1589249310.690305,173.194.151.108,10.10.0.10,,,443,41505,0,1358,17
1589249310.6943078,10.10.0.10,173.194.151.108,,,41505,443,0,37,17
1589249310.6978366,173.194.151.108,10.10.0.10,,,443,41505,0,1358,17
1589249310.705374,173.194.151.108,10.10.0.10,,,443,41505,0,1358,17
1589249310.7083151,10.10.0.10,173.194.151.108,,,41505,443,0,37,17
1589249310.7129092,173.194.151.108,10.10.0.10,,,443,41505,0,1358,17
1589249310.7204454,173.194.151.108,10.10.0.10,,,443,41505,0,1358,17
1589249310.7221699,10.10.0.10,173.194.151.108,,,41505,443,0,37,17
1589249310.727976,173.194.151.108,10.10.0.10,,,443,41505,0,1358,17
1589249310.7355108,173.194.151.108,10.10.0.10,,,443,41505,0,1358,17
1589249310.7385662,10.10.0.10,173.194.151.108,,,41505,443,0,37,17
1589249310.7430534,173.194.151.108,10.10.0.10,,,443,41505,0,1358,17
1589249310.750586,173.194.151.108,10.10.0.10,,,443,41505,0,1358,17
1589249310.7523162,10.10.0.10,173.194.151.108,,,41505,443,0,37,17
1589249310.7581198,173.194.151.108,10.10.0.10,,,443,41505,0,1358,17
1589249310.765658,173.194.151.108,10.10.0.10,,,443,41505,0,1358,17
1589249310.7673151,10.10.0.10,173.194.151.108,,,41505,443,0,37,17
1589249310.77319,173.194.151.108,10.10.0.10,,,443,41505,0,1358,17
1589249310.780738,173.194.151.108,10.10.0.10,,,443,41505,0,1358,17
1589249310.782336,10.10.0.10,173.194.151.108,,,41505,443,0,37,17
1589249310.788282,173.194.151.108,10.10.0.10,,,443,41505,0,1358,17
1589249310.795798,173.194.151.108,10.10.0.10,,,443,41505,0,1358,17
1589249310.7974598,10.10.0.10,173.194.151.108,,,41505,443,0,37,17
1589249310.8033268,173.194.151.108,10.10.0.10,,,443,41505,0,1358,17
1589249310.810858,173.194.151.108,10.10.0.10,,,443,41505,0,1358,17
1589249310.8125582,10.10.0.10,173.194.151.108,,,41505,443,0,37,17
1589249310.8184009,173.194.151.108,10.10.0.10,,,443,41505,0,1358,17
1589249310.8259304,173.194.151.108,10.10.0.10,,,443,41505,0,1358,17
1589249310.8277082,10.10.0.10,173.194.151.108,,,41505,443,0,37,17
1589249310.8334649,173.194.151.108,10.10.0.10,,,443,41505,0,1358,17
1589249310.841001,173.194.151.108,10.10.0.10,,,443,41505,0,1358,17
1589249310.84269,10.10.0.10,173.194.151.108,,,41505,443,0,50,17
1589249310.8487554,173.194.151.108,10.10.0.10,,,443,41505,0,1358,17
1589249310.856297,173.194.151.108,10.10.0.10,,,443,41505,0,1358,17
1589249310.8580818,10.10.0.10,173.194.151.108,,,41505,443,0,37,17
1589249310.863832,173.194.151.108,10.10.0.10,,,443,41505,0,1358,17
1589249310.871366,173.194.151.108,10.10.0.10,,,443,41505,0,1358,17
1589249310.8730679,10.10.0.10,173.194.151.108,,,41505,443,0,37,17
1589249310.8788998,173.194.151.108,10.10.0.10,,,443,41505,0,1358,17
1589249310.886432,173.194.151.108,10.10.0.10,,,443,41505,0,1358,17
1589249310.888314,10.10.0.10,173.194.151.108,,,41505,443,0,37,17
1589249310.8939679,173.194.151.108,10.10.0.10,,,443,41505,0,1358,17
1589249310.901509,173.194.151.108,10.10.0.10,,,443,41505,0,1358,17
1589249310.9033134,10.10.0.10,173.194.151.108,,,41505,443,0,37,17
1589249310.9090462,173.194.151.108,10.10.0.10,,,443,41505,0,1358,17
1589249310.916576,173.194.151.108,10.10.0.10,,,443,41505,0,1358,17
1589249310.9183311,10.10.0.10,173.194.151.108,,,41505,443,0,37,17
1589249310.9241061,173.194.151.108,10.10.0.10,,,443,41505,0,1358,17
1589249310.9316428,173.194.151.108,10.10.0.10,,,443,41505,0,1358,17
1589249310.9332054,10.10.0.10,173.194.151.108,,,41505,443,0,37,17
1589249310.939177,173.194.151.108,10.10.0.10,,,443,41505,0,1358,17
1589249310.9467099,173.194.151.108,10.10.0.10,,,443,41505,0,1358,17
1589249310.948455,10.10.0.10,173.194.151.108,,,41505,443,0,37,17
1589249310.9542446,173.194.151.108,10.10.0.10,,,443,41505,0,1358,17
1589249310.9617796,173.194.151.108,10.10.0.10,,,443,41505,0,1358,17
1589249310.963331,10.10.0.10,173.194.151.108,,,41505,443,0,37,17
1589249310.9693158,173.194.151.108,10.10.0.10,,,443,41505,0,1358,17
1589249310.976846,173.194.151.108,10.10.0.10,,,443,41505,0,1358,17
1589249310.9785788,10.10.0.10,173.194.151.108,,,41505,443,0,37,17
1589249310.984385,173.194.151.108,10.10.0.10,,,443,41505,0,1358,17
1589249310.991919,173.194.151.108,10.10.0.10,,,443,41505,0,1358,17
1589249310.993579,10.10.0.10,173.194.151.108,,,41505,443,0,37,17
1589249310.9994519,173.194.151.108,10.10.0.10,,,443,41505,0,1358,17
1589249311.0069902,173.194.151.108,10.10.0.10,,,443,41505,0,1358,17
1589249311.008704,10.10.0.10,173.194.151.108,,,41505,443,0,37,17
1589249311.0145216,173.194.151.108,10.10.0.10,,,443,41505,0,1358,17
1589249311.022057,173.194.151.108,10.10.0.10,,,443,41505,0,1358,17
1589249311.023833,10.10.0.10,173.194.151.108,,,41505,443,0,37,17
1589249311.029606,173.194.151.108,10.10.0.10,,,443,41505,0,1358,17
1589249311.0371304,173.194.151.108,10.10.0.10,,,443,41505,0,1358,17
1589249311.038827,10.10.0.10,173.194.151.108,,,41505,443,0,37,17
1589249311.0446658,173.194.151.108,10.10.0.10,,,443,41505,0,1358,17
1589249311.052193,173.194.151.108,10.10.0.10,,,443,41505,0,1358,17
1589249311.0547,10.10.0.10,173.194.151.108,,,41505,443,0,37,17
1589249311.0597296,173.194.151.108,10.10.0.10,,,443,41505,0,1358,17
1589249311.067266,173.194.151.108,10.10.0.10,,,443,41505,0,1358,17
1589249311.068826,10.10.0.10,173.194.151.108,,,41505,443,0,37,17
1589249311.0748,173.194.151.108,10.10.0.10,,,443,41505,0,1358,17
1589249311.0823321,173.194.151.108,10.10.0.10,,,443,41505,0,1358,17
1589249311.084328,10.10.0.10,173.194.151.108,,,41505,443,0,37,17
1589249311.089874,173.194.151.108,10.10.0.10,,,443,41505,0,1358,17
1589249311.097415,173.194.151.108,10.10.0.10,,,443,41505,0,1358,17
1589249311.0989318,10.10.0.10,173.194.151.108,,,41505,443,0,37,17
1589249311.104936,173.194.151.108,10.10.0.10,,,443,41505,0,1358,17
1589249311.112478,173.194.151.108,10.10.0.10,,,443,41505,0,1358,17
1589249311.1143222,10.10.0.10,173.194.151.108,,,41505,443,0,37,17
1589249311.120006,173.194.151.108,10.10.0.10,,,443,41505,0,1358,17
1589249311.12754,173.194.151.108,10.10.0.10,,,443,41505,0,1358,17
1589249311.129173,10.10.0.10,173.194.151.108,,,41505,443,0,37,17
1589249311.135073,173.194.151.108,10.10.0.10,,,443,41505,0,1358,17
1589249311.142607,173.194.151.108,10.10.0.10,,,443,41505,0,1358,17
1589249311.1442974,10.10.0.10,173.194.151.108,,,41505,443,0,50,17
1589249311.1501384,173.194.151.108,10.10.0.10,,,443,41505,0,1358,17
1589249311.157678,173.194.151.108,10.10.0.10,,,443,41505,0,1358,17
1589249311.1596801,10.10.0.10,173.194.151.108,,,41505,443,0,37,17
1589249311.165227,173.194.151.108,10.10.0.10,,,443,41505,0,1358,17
1589249311.1727474,173.194.151.108,10.10.0.10,,,443,41505,0,1358,17
1589249311.1743238,10.10.0.10,173.194.151.108,,,41505,443,0,37,17
1589249311.1802812,173.194.151.108,10.10.0.10,,,443,41505,0,1358,17
1589249311.187815,173.194.151.108,10.10.0.10,,,443,41505,0,1358,17
1589249311.189949,10.10.0.10,173.194.151.108,,,41505,443,0,37,17
1589249311.1953492,173.194.151.108,10.10.0.10,,,443,41505,0,29,17
1589249311.1957068,173.194.151.108,10.10.0.10,,,443,41505,0,1358,17
1589249311.203226,173.194.151.108,10.10.0.10,,,443,41505,0,1358,17
1589249311.204948,10.10.0.10,173.194.151.108,,,41505,443,0,37,17
1589249311.2107608,173.194.151.108,10.10.0.10,,,443,41505,0,1358,17
1589249311.2182946,173.194.151.108,10.10.0.10,,,443,41505,0,1358,17
1589249311.2228036,10.10.0.10,173.194.151.108,,,41505,443,0,37,17
1589249311.2258508,173.194.151.108,10.10.0.10,,,443,41505,0,1358,17
1589249311.233364,173.194.151.108,10.10.0.10,,,443,41505,0,1358,17
1589249311.2350519,10.10.0.10,173.194.151.108,,,41505,443,0,37,17
1589249311.240912,173.194.151.108,10.10.0.10,,,443,41505,0,1358,17
1589249311.248432,173.194.151.108,10.10.0.10,,,443,41505,0,1358,17
1589249311.2503214,10.10.0.10,173.194.151.108,,,41505,443,0,37,17
1589249311.255962,173.194.151.108,10.10.0.10,,,443,41505,0,1358,17
1589249311.2635028,173.194.151.108,10.10.0.10,,,443,41505,0,1358,17
1589249311.2653012,10.10.0.10,173.194.151.108,,,41505,443,0,37,17
1589249311.2710366,173.194.151.108,10.10.0.10,,,443,41505,0,1358,17
1589249311.278569,173.194.151.108,10.10.0.10,,,443,41505,0,1358,17
1589249311.280202,10.10.0.10,173.194.151.108,,,41505,443,0,37,17
1589249311.286104,173.194.151.108,10.10.0.10,,,443,41505,0,1358,17
1589249311.293659,173.194.151.108,10.10.0.10,,,443,41505,0,1358,17
1589249311.295043,10.10.0.10,173.194.151.108,,,41505,443,0,37,17
1589249311.3011742,173.194.151.108,10.10.0.10,,,443,41505,0,1358,17
1589249311.3087091,173.194.151.108,10.10.0.10,,,443,41505,0,1358,17
1589249311.3103206,10.10.0.10,173.194.151.108,,,41505,443,0,37,17
1589249311.316246,173.194.151.108,10.10.0.10,,,443,41505,0,1358,17
1589249311.3237882,173.194.151.108,10.10.0.10,,,443,41505,0,1358,17
1589249311.3254428,10.10.0.10,173.194.151.108,,,41505,443,0,37,17
1589249311.3313134,173.194.151.108,10.10.0.10,,,443,41505,0,1358,17
1589249311.338849,173.194.151.108,10.10.0.10,,,443,41505,0,1358,17
1589249311.340569,10.10.0.10,173.194.151.108,,,41505,443,0,37,17
1589249311.3463812,173.194.151.108,10.10.0.10,,,443,41505,0,1358,17
1589249311.3539171,173.194.151.108,10.10.0.10,,,443,41505,0,1358,17
1589249311.3560462,10.10.0.10,173.194.151.108,,,41505,443,0,37,17
1589249311.3614519,173.194.151.108,10.10.0.10,,,443,41505,0,1358,17
1589249311.368986,173.194.151.108,10.10.0.10,,,443,41505,0,1358,17
1589249311.3707,10.10.0.10,173.194.151.108,,,41505,443,0,37,17
1589249311.3765314,173.194.151.108,10.10.0.10,,,443,41505,0,1358,17
1589249311.3840532,173.194.151.108,10.10.0.10,,,443,41505,0,1358,17
1589249311.3859448,10.10.0.10,173.194.151.108,,,41505,443,0,37,17
1589249311.3915875,173.194.151.108,10.10.0.10,,,443,41505,0,1358,17
1589249311.399126,173.194.151.108,10.10.0.10,,,443,41505,0,1358,17
1589249311.4006932,10.10.0.10,173.194.151.108,,,41505,443,0,37,17
1589249311.4066598,173.194.151.108,10.10.0.10,,,443,41505,0,1358,17
1589249311.41419,173.194.151.108,10.10.0.10,,,443,41505,0,1358,17
1589249311.41605,10.10.0.10,173.194.151.108,,,41505,443,0,37,17
1589249311.421727,173.194.151.108,10.10.0.10,,,443,41505,0,1358,17
1589249311.42928,173.194.151.108,10.10.0.10,,,443,41505,0,1358,17
1589249311.4309402,10.10.0.10,173.194.151.108,,,41505,443,0,37,17
1589249311.4367974,173.194.151.108,10.10.0.10,,,443,41505,0,1358,17
1589249311.4443462,173.194.151.108,10.10.0.10,,,443,41505,0,1358,17
1589249311.445806,10.10.0.10,173.194.151.108,,,41505,443,0,50,17
1589249311.45186,173.194.151.108,10.10.0.10,,,443,41505,0,1358,17
1589249311.4594028,173.194.151.108,10.10.0.10,,,443,41505,0,1358,17
1589249311.4609196,10.10.0.10,173.194.151.108,,,41505,443,0,37,17
1589249311.4669318,173.194.151.108,10.10.0.10,,,443,41505,0,1358,17
1589249311.4744668,173.194.151.108,10.10.0.10,,,443,41505,0,1358,17
1589249311.4760349,10.10.0.10,173.194.151.108,,,41505,443,0,37,17
1589249311.482002,173.194.151.108,10.10.0.10,,,443,41505,0,1358,17
1589249311.489536,173.194.151.108,10.10.0.10,,,443,41505,0,1358,17
1589249311.4913,10.10.0.10,173.194.151.108,,,41505,443,0,37,17
1589249311.4970698,173.194.151.108,10.10.0.10,,,443,41505,0,1358,17
1589249311.504605,173.194.151.108,10.10.0.10,,,443,41505,0,29,17
1589249311.5049472,173.194.151.108,10.10.0.10,,,443,41505,0,1358,17
1589249311.5065641,10.10.0.10,173.194.151.108,,,41505,443,0,37,17
1589249311.512481,173.194.151.108,10.10.0.10,,,443,41505,0,1358,17
1589249311.520011,173.194.151.108,10.10.0.10,,,443,41505,0,1358,17
1589249311.522534,10.10.0.10,173.194.151.108,,,41505,443,0,37,17
1589249311.52755,173.194.151.108,10.10.0.10,,,443,41505,0,1358,17
1589249311.5350919,173.194.151.108,10.10.0.10,,,443,41505,0,1358,17
1589249311.536692,10.10.0.10,173.194.151.108,,,41505,443,0,37,17
1589249311.5426161,173.194.151.108,10.10.0.10,,,443,41505,0,1358,17
1589249311.550158,173.194.151.108,10.10.0.10,,,443,41505,0,1358,17
1589249311.5561619,10.10.0.10,173.194.151.108,,,41505,443,0,37,17
1589249311.5576851,173.194.151.108,10.10.0.10,,,443,41505,0,1358,17
1589249311.565219,173.194.151.108,10.10.0.10,,,443,41505,0,1358,17
1589249311.568774,10.10.0.10,173.194.151.108,,,41505,443,0,37,17
1589249311.5727582,173.194.151.108,10.10.0.10,,,443,41505,0,1358,17
1589249311.5802894,173.194.151.108,10.10.0.10,,,443,41505,0,1358,17
1589249311.581773,10.10.0.10,173.194.151.108,,,41505,443,0,40,17
1589249311.587828,173.194.151.108,10.10.0.10,,,443,41505,0,1358,17
1589249311.5896618,10.10.0.10,173.194.151.108,,,41505,443,0,40,17
1589249311.595353,173.194.151.108,10.10.0.10,,,443,41505,0,1358,17
1589249311.597038,10.10.0.10,173.194.151.108,,,41505,443,0,40,17
1589249311.60289,173.194.151.108,10.10.0.10,,,443,41505,0,1358,17
1589249311.6045609,10.10.0.10,173.194.151.108,,,41505,443,0,40,17
1589249311.610426,173.194.151.108,10.10.0.10,,,443,41505,0,1358,17
1589249311.617959,173.194.151.108,10.10.0.10,,,443,41505,0,1358,17
1589249311.6201599,10.10.0.10,173.194.151.108,,,41505,443,0,40,17
1589249311.6255062,173.194.151.108,10.10.0.10,,,443,41505,0,1358,17
1589249311.6330268,173.194.151.108,10.10.0.10,,,443,41505,0,1358,17
1589249311.634649,10.10.0.10,173.194.151.108,,,41505,443,0,40,17
1589249311.640567,173.194.151.108,10.10.0.10,,,443,41505,0,1358,17
1589249311.648097,173.194.151.108,10.10.0.10,,,443,41505,0,1358,17
1589249311.6498108,10.10.0.10,173.194.151.108,,,41505,443,0,40,17
1589249311.655634,173.194.151.108,10.10.0.10,,,443,41505,0,1358,17
1589249311.663169,173.194.151.108,10.10.0.10,,,443,41505,0,1358,17
1589249311.6646268,10.10.0.10,173.194.151.108,,,41505,443,0,40,17
1589249311.6707046,173.194.151.108,10.10.0.10,,,443,41505,0,1358,17
1589249311.6782372,173.194.151.108,10.10.0.10,,,443,41505,0,1358,17
1589249311.6798818,10.10.0.10,173.194.151.108,,,41505,443,0,40,17
1589249311.685771,173.194.151.108,10.10.0.10,,,443,41505,0,1358,17
1589249311.6933026,173.194.151.108,10.10.0.10,,,443,41505,0,322,17
1589249311.6946461,10.10.0.10,173.194.151.108,,,41505,443,0,40,17
1589249311.806062,10.10.0.10,173.194.151.108,,,41505,443,0,723,17
1589249311.806432,10.10.0.10,173.194.151.108,,,41505,443,0,48,17
1589249311.81141,173.194.151.108,10.10.0.10,,,443,41505,0,29,17
1589249311.8114452,173.194.151.108,10.10.0.10,,,443,41505,0,1358,17
1589249311.811467,173.194.151.108,10.10.0.10,,,443,41505,0,1358,17
1589249311.814042,10.10.0.10,173.194.151.108,,,41505,443,0,37,17
1589249311.8181732,173.194.151.108,10.10.0.10,,,443,41505,0,1358,17
1589249311.8257036,173.194.151.108,10.10.0.10,,,443,41505,0,1358,17
1589249311.829534,10.10.0.10,173.194.151.108,,,41505,443,0,37,17
1589249311.8332374,173.194.151.108,10.10.0.10,,,443,41505,0,1358,17
1589249311.840774,173.194.151.108,10.10.0.10,,,443,41505,0,1358,17
1589249311.84229,10.10.0.10,173.194.151.108,,,41505,443,0,37,17
1589249311.8483288,173.194.151.108,10.10.0.10,,,443,41505,0,1358,17
1589249311.8558419,173.194.151.108,10.10.0.10,,,443,41505,0,1358,17
1589249311.8633919,173.194.151.108,10.10.0.10,,,443,41505,0,1358,17
1589249311.870914,173.194.151.108,10.10.0.10,,,443,41505,0,1358,17
1589249311.878448,173.194.151.108,10.10.0.10,,,443,41505,0,1358,17
1589249311.885995,173.194.151.108,10.10.0.10,,,443,41505,0,1358,17
1589249311.890651,10.10.0.10,173.194.151.108,,,41505,443,0,37,17
1589249311.8935149,173.194.151.108,10.10.0.10,,,443,41505,0,1358,17
1589249311.893667,10.10.0.10,173.194.151.108,,,41505,443,0,37,17
1589249311.8945332,10.10.0.10,173.194.151.108,,,41505,443,0,37,17
1589249311.90105,173.194.151.108,10.10.0.10,,,443,41505,0,1358,17
1589249311.903034,10.10.0.10,173.194.151.108,,,41505,443,0,37,17
1589249311.908582,173.194.151.108,10.10.0.10,,,443,41505,0,1358,17
1589249311.9161134,173.194.151.108,10.10.0.10,,,443,41505,0,1358,17
1589249311.918052,10.10.0.10,173.194.151.108,,,41505,443,0,37,17
1589249311.923652,173.194.151.108,10.10.0.10,,,443,41505,0,1358,17
1589249311.931202,173.194.151.108,10.10.0.10,,,443,41505,0,1358,17
1589249311.9326758,10.10.0.10,173.194.151.108,,,41505,443,0,37,17
1589249311.9387221,173.194.151.108,10.10.0.10,,,443,41505,0,1358,17
1589249311.946265,173.194.151.108,10.10.0.10,,,443,41505,0,1358,17
1589249311.947669,10.10.0.10,173.194.151.108,,,41505,443,0,37,17
1589249311.9537902,173.194.151.108,10.10.0.10,,,443,41505,0,1358,17
1589249311.961329,173.194.151.108,10.10.0.10,,,443,41505,0,1358,17
1589249311.9629061,10.10.0.10,173.194.151.108,,,41505,443,0,37,17
1589249311.96886,173.194.151.108,10.10.0.10,,,443,41505,0,1358,17
1589249311.976395,173.194.151.108,10.10.0.10,,,443,41505,0,1358,17
1589249311.977921,10.10.0.10,173.194.151.108,,,41505,443,0,37,17
1589249311.983952,173.194.151.108,10.10.0.10,,,443,41505,0,1358,17
1589249311.9914641,173.194.151.108,10.10.0.10,,,443,41505,0,1358,17
1589249311.99303,10.10.0.10,173.194.151.108,,,41505,443,0,37,17
1589249311.9990132,173.194.151.108,10.10.0.10,,,443,41505,0,1358,17
1589249312.006534,173.194.151.108,10.10.0.10,,,443,41505,0,1358,17
1589249312.008156,10.10.0.10,173.194.151.108,,,41505,443,0,37,17
1589249312.0140688,173.194.151.108,10.10.0.10,,,443,41505,0,1358,17
1589249312.021602,173.194.151.108,10.10.0.10,,,443,41505,0,1358,17
1589249312.023432,10.10.0.10,173.194.151.108,,,41505,443,0,37,17
1589249312.029135,173.194.151.108,10.10.0.10,,,443,41505,0,1358,17
1589249312.0366714,173.194.151.108,10.10.0.10,,,443,41505,0,1358,17
1589249312.0395286,10.10.0.10,173.194.151.108,,,41505,443,0,37,17
1589249312.0442052,173.194.151.108,10.10.0.10,,,443,41505,0,1358,17
1589249312.051738,173.194.151.108,10.10.0.10,,,443,41505,0,1358,17
1589249312.0532956,10.10.0.10,173.194.151.108,,,41505,443,0,37,17
1589249312.059275,173.194.151.108,10.10.0.10,,,443,41505,0,1358,17
1589249312.066807,173.194.151.108,10.10.0.10,,,443,41505,0,1358,17
1589249312.068394,10.10.0.10,173.194.151.108,,,41505,443,0,37,17
1589249312.0743468,173.194.151.108,10.10.0.10,,,443,41505,0,1358,17
1589249312.081872,173.194.151.108,10.10.0.10,,,443,41505,0,1358,17
1589249312.0835161,10.10.0.10,173.194.151.108,,,41505,443,0,37,17
1589249312.0894141,173.194.151.108,10.10.0.10,,,443,41505,0,1358,17
1589249312.09695,173.194.151.108,10.10.0.10,,,443,41505,0,1358,17
1589249312.098777,10.10.0.10,173.194.151.108,,,41505,443,0,50,17
1589249312.104482,173.194.151.108,10.10.0.10,,,443,41505,0,1358,17
1589249312.11201,173.194.151.108,10.10.0.10,,,443,41505,0,1358,17
1589249312.1137972,10.10.0.10,173.194.151.108,,,41505,443,0,37,17
1589249312.119548,173.194.151.108,10.10.0.10,,,443,41505,0,1358,17
1589249312.1270962,173.194.151.108,10.10.0.10,,,443,41505,0,1358,17
1589249312.128769,10.10.0.10,173.194.151.108,,,41505,443,0,37,17
1589249312.1346366,173.194.151.108,10.10.0.10,,,443,41505,0,1358,17
1589249312.142152,173.194.151.108,10.10.0.10,,,443,41505,0,1358,17
1589249312.146919,10.10.0.10,173.194.151.108,,,41505,443,0,37,17
1589249312.1497,173.194.151.108,10.10.0.10,,,443,41505,0,1358,17
1589249312.157222,173.194.151.108,10.10.0.10,,,443,41505,0,1358,17
1589249312.15865,10.10.0.10,173.194.151.108,,,41505,443,0,37,17
1589249312.1647592,173.194.151.108,10.10.0.10,,,443,41505,0,1358,17
1589249312.1722918,173.194.151.108,10.10.0.10,,,443,41505,0,1358,17
1589249312.173776,10.10.0.10,173.194.151.108,,,41505,443,0,37,17
1589249312.179827,173.194.151.108,10.10.0.10,,,443,41505,0,1358,17
1589249312.18736,173.194.151.108,10.10.0.10,,,443,41505,0,1358,17
1589249312.19003,10.10.0.10,173.194.151.108,,,41505,443,0,37,17
1589249312.1949039,173.194.151.108,10.10.0.10,,,443,41505,0,1358,17
1589249312.2024279,173.194.151.108,10.10.0.10,,,443,41505,0,1358,17
1589249312.204173,10.10.0.10,173.194.151.108,,,41505,443,0,37,17
1589249312.2099645,173.194.151.108,10.10.0.10,,,443,41505,0,1358,17
1589249312.2175062,173.194.151.108,10.10.0.10,,,443,41505,0,1358,17
1589249312.219023,10.10.0.10,173.194.151.108,,,41505,443,0,37,17
1589249312.225034,173.194.151.108,10.10.0.10,,,443,41505,0,1358,17
1589249312.232573,173.194.151.108,10.10.0.10,,,443,41505,0,1358,17
1589249312.234169,10.10.0.10,173.194.151.108,,,41505,443,0,37,17
1589249312.240102,173.194.151.108,10.10.0.10,,,443,41505,0,1358,17
1589249312.2476358,173.194.151.108,10.10.0.10,,,443,41505,0,1358,17
1589249312.249149,10.10.0.10,173.194.151.108,,,41505,443,0,37,17
1589249312.255192,173.194.151.108,10.10.0.10,,,443,41505,0,1358,17
1589249312.2627046,173.194.151.108,10.10.0.10,,,443,41505,0,1358,17
1589249312.2645464,10.10.0.10,173.194.151.108,,,41505,443,0,37,17
1589249312.270239,173.194.151.108,10.10.0.10,,,443,41505,0,1358,17
1589249312.277774,173.194.151.108,10.10.0.10,,,443,41505,0,1358,17
1589249312.2793958,10.10.0.10,173.194.151.108,,,41505,443,0,37,17
1589249312.285311,173.194.151.108,10.10.0.10,,,443,41505,0,1358,17
1589249312.292842,173.194.151.108,10.10.0.10,,,443,41505,0,1358,17
1589249312.2945228,10.10.0.10,173.194.151.108,,,41505,443,0,37,17
1589249312.300374,173.194.151.108,10.10.0.10,,,443,41505,0,1358,17
1589249312.3079116,173.194.151.108,10.10.0.10,,,443,41505,0,1358,17
1589249312.3095126,10.10.0.10,173.194.151.108,,,41505,443,0,37,17
1589249312.31545,173.194.151.108,10.10.0.10,,,443,41505,0,1358,17
1589249312.322982,173.194.151.108,10.10.0.10,,,443,41505,0,1358,17
1589249312.324798,10.10.0.10,173.194.151.108,,,41505,443,0,37,17
1589249312.3305151,173.194.151.108,10.10.0.10,,,443,41505,0,1358,17
1589249312.338049,173.194.151.108,10.10.0.10,,,443,41505,0,1358,17
1589249312.3396678,10.10.0.10,173.194.151.108,,,41505,443,0,37,17
1589249312.345583,173.194.151.108,10.10.0.10,,,443,41505,0,1358,17
1589249312.353127,173.194.151.108,10.10.0.10,,,443,41505,0,1358,17
1589249312.354886,10.10.0.10,173.194.151.108,,,41505,443,0,37,17
1589249312.3606539,173.194.151.108,10.10.0.10,,,443,41505,0,1358,17
1589249312.3681881,173.194.151.108,10.10.0.10,,,443,41505,0,1358,17
1589249312.369791,10.10.0.10,173.194.151.108,,,41505,443,0,37,17
1589249312.3757231,173.194.151.108,10.10.0.10,,,443,41505,0,1358,17
1589249312.383258,173.194.151.108,10.10.0.10,,,443,41505,0,1358,17
1589249312.3858929,10.10.0.10,173.194.151.108,,,41505,443,0,37,17
1589249312.390792,173.194.151.108,10.10.0.10,,,443,41505,0,1358,17
1589249312.3983395,173.194.151.108,10.10.0.10,,,443,41505,0,1358,17
1589249312.400274,10.10.0.10,173.194.151.108,,,41505,443,0,50,17
1589249312.405875,173.194.151.108,10.10.0.10,,,443,41505,0,1358,17
1589249312.413398,173.194.151.108,10.10.0.10,,,443,41505,0,1358,17
1589249312.4171634,10.10.0.10,173.194.151.108,,,41505,443,0,37,17
1589249312.4209402,173.194.151.108,10.10.0.10,,,443,41505,0,1358,17
1589249312.4284668,173.194.151.108,10.10.0.10,,,443,41505,0,1358,17
1589249312.430145,10.10.0.10,173.194.151.108,,,41505,443,0,37,17
1589249312.436002,173.194.151.108,10.10.0.10,,,443,41505,0,1358,17
1589249312.443537,173.194.151.108,10.10.0.10,,,443,41505,0,1358,17
1589249312.445287,10.10.0.10,173.194.151.108,,,41505,443,0,37,17
1589249312.451067,173.194.151.108,10.10.0.10,,,443,41505,0,1358,17
1589249312.458603,173.194.151.108,10.10.0.10,,,443,41505,0,1358,17
1589249312.460158,10.10.0.10,173.194.151.108,,,41505,443,0,37,17
1589249312.4661381,173.194.151.108,10.10.0.10,,,443,41505,0,1358,17
1589249312.473685,173.194.151.108,10.10.0.10,,,443,41505,0,1358,17
1589249312.475783,10.10.0.10,173.194.151.108,,,41505,443,0,37,17
1589249312.481201,173.194.151.108,10.10.0.10,,,443,41505,0,1358,17
1589249312.488748,173.194.151.108,10.10.0.10,,,443,41505,0,1358,17
1589249312.4911401,10.10.0.10,173.194.151.108,,,41505,443,0,37,17
1589249312.491418,10.10.0.10,173.194.151.108,,,41505,443,0,43,17
1589249312.4962714,173.194.151.108,10.10.0.10,,,443,41505,0,1358,17
1589249312.503808,173.194.151.108,10.10.0.10,,,443,41505,0,1358,17
1589249312.50566,10.10.0.10,173.194.151.108,,,41505,443,0,37,17
1589249312.511344,173.194.151.108,10.10.0.10,,,443,41505,0,1358,17
1589249312.518879,173.194.151.108,10.10.0.10,,,443,41505,0,1358,17
1589249312.520518,10.10.0.10,173.194.151.108,,,41505,443,0,37,17
1589249312.526435,173.194.151.108,10.10.0.10,,,443,41505,0,1358,17
1589249312.5339482,173.194.151.108,10.10.0.10,,,443,41505,0,1358,17
1589249312.535543,10.10.0.10,173.194.151.108,,,41505,443,0,37,17
1589249312.541497,173.194.151.108,10.10.0.10,,,443,41505,0,1358,17
1589249312.549018,173.194.151.108,10.10.0.10,,,443,41505,0,1358,17
1589249312.5515196,10.10.0.10,173.194.151.108,,,41505,443,0,37,17
1589249312.556565,173.194.151.108,10.10.0.10,,,443,41505,0,1358,17
1589249312.564081,173.194.151.108,10.10.0.10,,,443,41505,0,1358,17
1589249312.565786,10.10.0.10,173.194.151.108,,,41505,443,0,37,17
1589249312.5716221,173.194.151.108,10.10.0.10,,,443,41505,0,1358,17
1589249312.5791512,173.194.151.108,10.10.0.10,,,443,41505,0,1358,17
1589249312.5808818,10.10.0.10,173.194.151.108,,,41505,443,0,37,17
1589249312.586688,173.194.151.108,10.10.0.10,,,443,41505,0,1358,17
1589249312.594216,173.194.151.108,10.10.0.10,,,443,41505,0,1358,17
1589249312.595856,10.10.0.10,173.194.151.108,,,41505,443,0,37,17
1589249312.60176,173.194.151.108,10.10.0.10,,,443,41505,0,1358,17
1589249312.6093068,173.194.151.108,10.10.0.10,,,443,41505,0,1358,17
1589249312.6111536,10.10.0.10,173.194.151.108,,,41505,443,0,37,17
1589249312.616821,173.194.151.108,10.10.0.10,,,443,41505,0,1358,17
1589249312.6243572,173.194.151.108,10.10.0.10,,,443,41505,0,1358,17
1589249312.6268668,10.10.0.10,173.194.151.108,,,41505,443,0,37,17
1589249312.631896,173.194.151.108,10.10.0.10,,,443,41505,0,1358,17
1589249312.639433,173.194.151.108,10.10.0.10,,,443,41505,0,1358,17
1589249312.641144,10.10.0.10,173.194.151.108,,,41505,443,0,37,17
1589249312.646966,173.194.151.108,10.10.0.10,,,443,41505,0,1358,17
1589249312.6544971,173.194.151.108,10.10.0.10,,,443,41505,0,1358,17
1589249312.656111,10.10.0.10,173.194.151.108,,,41505,443,0,37,17
1589249312.662045,173.194.151.108,10.10.0.10,,,443,41505,0,1358,17
1589249312.669569,173.194.151.108,10.10.0.10,,,443,41505,0,1358,17
1589249312.672608,10.10.0.10,173.194.151.108,,,41505,443,0,37,17
1589249312.677118,173.194.151.108,10.10.0.10,,,443,41505,0,1358,17
1589249312.6846368,173.194.151.108,10.10.0.10,,,443,41505,0,1358,17
1589249312.68629,10.10.0.10,173.194.151.108,,,41505,443,0,37,17
1589249312.692169,173.194.151.108,10.10.0.10,,,443,41505,0,1358,17
1589249312.699704,173.194.151.108,10.10.0.10,,,443,41505,0,1358,17
1589249312.7012358,10.10.0.10,173.194.151.108,,,41505,443,0,37,17
1589249312.707237,173.194.151.108,10.10.0.10,,,443,41505,0,1358,17
1589249312.714775,173.194.151.108,10.10.0.10,,,443,41505,0,651,17
1589249312.716614,10.10.0.10,173.194.151.108,,,41505,443,0,37,17
1589249314.562466,10.10.0.10,173.194.151.108,,,41505,443,0,723,17
1589249314.562712,10.10.0.10,173.194.151.108,,,41505,443,0,48,17
1589249314.5669026,173.194.151.108,10.10.0.10,,,443,41505,0,29,17
1589249314.568201,173.194.151.108,10.10.0.10,,,443,41505,0,1358,17
1589249314.5682368,173.194.151.108,10.10.0.10,,,443,41505,0,1358,17
1589249314.570447,10.10.0.10,173.194.151.108,,,41505,443,0,37,17
1589249314.574024,173.194.151.108,10.10.0.10,,,443,41505,0,1358,17
1589249314.5808759,173.194.151.108,10.10.0.10,,,443,41505,0,1358,17
1589249314.582599,10.10.0.10,173.194.151.108,,,41505,443,0,37,17
1589249314.587682,173.194.151.108,10.10.0.10,,,443,41505,0,1358,17
1589249314.5945182,173.194.151.108,10.10.0.10,,,443,41505,0,1358,17
1589249314.5964348,10.10.0.10,173.194.151.108,,,41505,443,0,37,17
1589249314.601346,173.194.151.108,10.10.0.10,,,443,41505,0,1358,17
1589249314.608177,173.194.151.108,10.10.0.10,,,443,41505,0,1358,17
1589249314.609832,10.10.0.10,173.194.151.108,,,41505,443,0,37,17
1589249314.615009,173.194.151.108,10.10.0.10,,,443,41505,0,1358,17
1589249314.6218376,173.194.151.108,10.10.0.10,,,443,41505,0,1358,17
1589249314.623541,10.10.0.10,173.194.151.108,,,41505,443,0,37,17
1589249314.6286721,173.194.151.108,10.10.0.10,,,443,41505,0,1358,17
1589249314.63551,173.194.151.108,10.10.0.10,,,443,41505,0,1358,17
1589249314.637088,10.10.0.10,173.194.151.108,,,41505,443,0,37,17
1589249314.6423366,173.194.151.108,10.10.0.10,,,443,41505,0,1358,17
1589249314.649186,173.194.151.108,10.10.0.10,,,443,41505,0,1358,17
1589249314.650702,10.10.0.10,173.194.151.108,,,41505,443,0,37,17
1589249314.656,173.194.151.108,10.10.0.10,,,443,41505,0,1358,17
1589249314.6628358,173.194.151.108,10.10.0.10,,,443,41505,0,1358,17
1589249314.6645732,10.10.0.10,173.194.151.108,,,41505,443,0,37,17
1589249314.6696649,173.194.151.108,10.10.0.10,,,443,41505,0,1358,17
1589249314.6764998,173.194.151.108,10.10.0.10,,,443,41505,0,1358,17
1589249314.6790972,10.10.0.10,173.194.151.108,,,41505,443,0,37,17
1589249314.6833339,173.194.151.108,10.10.0.10,,,443,41505,0,1358,17
1589249314.6901698,173.194.151.108,10.10.0.10,,,443,41505,0,1358,17
1589249314.6922908,10.10.0.10,173.194.151.108,,,41505,443,0,37,17
1589249314.6969981,173.194.151.108,10.10.0.10,,,443,41505,0,1358,17
1589249314.70383,173.194.151.108,10.10.0.10,,,443,41505,0,1358,17
1589249314.705849,10.10.0.10,173.194.151.108,,,41505,443,0,37,17
1589249314.7106614,173.194.151.108,10.10.0.10,,,443,41505,0,1358,17
1589249314.7175002,173.194.151.108,10.10.0.10,,,443,41505,0,1358,17
1589249314.720792,10.10.0.10,173.194.151.108,,,41505,443,0,37,17
1589249314.7243226,173.194.151.108,10.10.0.10,,,443,41505,0,1358,17
1589249314.7311552,173.194.151.108,10.10.0.10,,,443,41505,0,1358,17
1589249314.734068,10.10.0.10,173.194.151.108,,,41505,443,0,37,17
1589249314.7380009,173.194.151.108,10.10.0.10,,,443,41505,0,1358,17
1589249314.744825,173.194.151.108,10.10.0.10,,,443,41505,0,1358,17
1589249314.7464588,10.10.0.10,173.194.151.108,,,41505,443,0,37,17
1589249314.7516446,173.194.151.108,10.10.0.10,,,443,41505,0,1358,17
1589249314.758481,173.194.151.108,10.10.0.10,,,443,41505,0,1358,17
1589249314.760578,10.10.0.10,173.194.151.108,,,41505,443,0,37,17
1589249314.7653158,173.194.151.108,10.10.0.10,,,443,41505,0,1358,17
1589249314.7721438,173.194.151.108,10.10.0.10,,,443,41505,0,1358,17
1589249314.774086,10.10.0.10,173.194.151.108,,,41505,443,0,37,17
1589249314.7789958,173.194.151.108,10.10.0.10,,,443,41505,0,1358,17
1589249314.785815,173.194.151.108,10.10.0.10,,,443,41505,0,1358,17
1589249314.787574,10.10.0.10,173.194.151.108,,,41505,443,0,37,17
1589249314.792651,173.194.151.108,10.10.0.10,,,443,41505,0,1358,17
1589249314.7994974,173.194.151.108,10.10.0.10,,,443,41505,0,1358,17
1589249314.801094,10.10.0.10,173.194.151.108,,,41505,443,0,37,17
1589249314.806302,173.194.151.108,10.10.0.10,,,443,41505,0,1358,17
1589249314.813139,173.194.151.108,10.10.0.10,,,443,41505,0,1358,17
1589249314.8146696,10.10.0.10,173.194.151.108,,,41505,443,0,37,17
1589249314.8199651,173.194.151.108,10.10.0.10,,,443,41505,0,1358,17
1589249314.826802,173.194.151.108,10.10.0.10,,,443,41505,0,1358,17
1589249314.828346,10.10.0.10,173.194.151.108,,,41505,443,0,50,17
1589249314.83363,173.194.151.108,10.10.0.10,,,443,41505,0,1358,17
1589249314.840467,173.194.151.108,10.10.0.10,,,443,41505,0,1358,17
1589249314.8434696,10.10.0.10,173.194.151.108,,,41505,443,0,37,17
1589249314.847306,173.194.151.108,10.10.0.10,,,443,41505,0,1358,17
1589249314.854131,173.194.151.108,10.10.0.10,,,443,41505,0,1358,17
1589249314.8558452,10.10.0.10,173.194.151.108,,,41505,443,0,37,17
1589249314.8609624,173.194.151.108,10.10.0.10,,,443,41505,0,1358,17
1589249314.867805,173.194.151.108,10.10.0.10,,,443,41505,0,1358,17
1589249314.8697171,10.10.0.10,173.194.151.108,,,41505,443,0,37,17
1589249314.8746214,173.194.151.108,10.10.0.10,,,443,41505,0,1358,17
1589249314.881459,173.194.151.108,10.10.0.10,,,443,41505,0,1358,17
1589249314.883322,10.10.0.10,173.194.151.108,,,41505,443,0,37,17
1589249314.8883052,173.194.151.108,10.10.0.10,,,443,41505,0,1358,17
1589249314.895124,173.194.151.108,10.10.0.10,,,443,41505,0,1358,17
1589249314.896821,10.10.0.10,173.194.151.108,,,41505,443,0,37,17
1589249314.9019492,173.194.151.108,10.10.0.10,,,443,41505,0,1358,17
1589249314.908804,173.194.151.108,10.10.0.10,,,443,41505,0,1358,17
1589249314.910718,10.10.0.10,173.194.151.108,,,41505,443,0,37,17
1589249314.9156132,173.194.151.108,10.10.0.10,,,443,41505,0,1358,17
1589249314.922446,173.194.151.108,10.10.0.10,,,443,41505,0,1358,17
1589249314.9248269,10.10.0.10,173.194.151.108,,,41505,443,0,37,17
1589249314.9292774,173.194.151.108,10.10.0.10,,,443,41505,0,1358,17
1589249314.936108,173.194.151.108,10.10.0.10,,,443,41505,0,1358,17
1589249314.9378188,10.10.0.10,173.194.151.108,,,41505,443,0,37,17
1589249314.9429402,173.194.151.108,10.10.0.10,,,443,41505,0,1358,17
1589249314.9497788,173.194.151.108,10.10.0.10,,,443,41505,0,1358,17
1589249314.951436,10.10.0.10,173.194.151.108,,,41505,443,0,37,17
1589249314.9566042,173.194.151.108,10.10.0.10,,,443,41505,0,1358,17
1589249314.963439,173.194.151.108,10.10.0.10,,,443,41505,0,1358,17
1589249314.964961,10.10.0.10,173.194.151.108,,,41505,443,0,37,17
1589249314.9702682,173.194.151.108,10.10.0.10,,,443,41505,0,1358,17
1589249314.97712,173.194.151.108,10.10.0.10,,,443,41505,0,1358,17
1589249314.978693,10.10.0.10,173.194.151.108,,,41505,443,0,37,17
1589249314.9839325,173.194.151.108,10.10.0.10,,,443,41505,0,1358,17
1589249314.9907732,173.194.151.108,10.10.0.10,,,443,41505,0,1358,17
1589249314.992595,10.10.0.10,173.194.151.108,,,41505,443,0,37,17
1589249314.9976141,173.194.151.108,10.10.0.10,,,443,41505,0,1358,17
1589249315.004433,173.194.151.108,10.10.0.10,,,443,41505,0,1358,17
1589249315.005935,10.10.0.10,173.194.151.108,,,41505,443,0,37,17
1589249315.0112588,173.194.151.108,10.10.0.10,,,443,41505,0,1358,17
1589249315.018112,173.194.151.108,10.10.0.10,,,443,41505,0,1358,17
1589249315.019712,10.10.0.10,173.194.151.108,,,41505,443,0,37,17
1589249315.0249245,173.194.151.108,10.10.0.10,,,443,41505,0,1358,17
1589249315.031762,173.194.151.108,10.10.0.10,,,443,41505,0,1358,17
1589249315.033319,10.10.0.10,173.194.151.108,,,41505,443,0,37,17
1589249315.0386028,173.194.151.108,10.10.0.10,,,443,41505,0,1358,17
1589249315.045425,173.194.151.108,10.10.0.10,,,443,41505,0,1358,17
1589249315.048165,10.10.0.10,173.194.151.108,,,41505,443,0,37,17
1589249315.052254,173.194.151.108,10.10.0.10,,,443,41505,0,1358,17
1589249315.0590858,173.194.151.108,10.10.0.10,,,443,41505,0,1358,17
1589249315.0609422,10.10.0.10,173.194.151.108,,,41505,443,0,37,17
1589249315.065927,173.194.151.108,10.10.0.10,,,443,41505,0,1358,17
1589249315.072751,173.194.151.108,10.10.0.10,,,443,41505,0,1358,17
1589249315.074195,10.10.0.10,173.194.151.108,,,41505,443,0,37,17
1589249315.0795972,173.194.151.108,10.10.0.10,,,443,41505,0,1358,17
1589249315.0864122,173.194.151.108,10.10.0.10,,,443,41505,0,1358,17
1589249315.0880668,10.10.0.10,173.194.151.108,,,41505,443,0,37,17
1589249315.0932472,173.194.151.108,10.10.0.10,,,443,41505,0,1358,17
1589249315.1000788,173.194.151.108,10.10.0.10,,,443,41505,0,1358,17
1589249315.102463,10.10.0.10,173.194.151.108,,,41505,443,0,50,17
1589249315.1069224,173.194.151.108,10.10.0.10,,,443,41505,0,1358,17
1589249315.113743,173.194.151.108,10.10.0.10,,,443,41505,0,1358,17
1589249315.11546,10.10.0.10,173.194.151.108,,,41505,443,0,37,17
1589249315.120575,173.194.151.108,10.10.0.10,,,443,41505,0,1358,17
1589249315.127426,173.194.151.108,10.10.0.10,,,443,41505,0,1358,17
1589249315.1290839,10.10.0.10,173.194.151.108,,,41505,443,0,37,17
1589249315.134233,173.194.151.108,10.10.0.10,,,443,41505,0,1358,17
1589249315.14107,173.194.151.108,10.10.0.10,,,443,41505,0,29,17
1589249315.1413732,173.194.151.108,10.10.0.10,,,443,41505,0,1358,17
1589249315.1430821,10.10.0.10,173.194.151.108,,,41505,443,0,37,17
1589249315.148215,173.194.151.108,10.10.0.10,,,443,41505,0,1358,17
1589249315.1550472,173.194.151.108,10.10.0.10,,,443,41505,0,1358,17
1589249315.156591,10.10.0.10,173.194.151.108,,,41505,443,0,37,17
1589249315.1618712,173.194.151.108,10.10.0.10,,,443,41505,0,1358,17
1589249315.168706,173.194.151.108,10.10.0.10,,,443,41505,0,1358,17
1589249315.1703331,10.10.0.10,173.194.151.108,,,41505,443,0,37,17
1589249315.1755474,173.194.151.108,10.10.0.10,,,443,41505,0,1358,17
1589249315.18237,173.194.151.108,10.10.0.10,,,443,41505,0,1358,17
1589249315.1839519,10.10.0.10,173.194.151.108,,,41505,443,0,37,17
1589249315.1892178,173.194.151.108,10.10.0.10,,,443,41505,0,1358,17
1589249315.196047,173.194.151.108,10.10.0.10,,,443,41505,0,1358,17
1589249315.197832,10.10.0.10,173.194.151.108,,,41505,443,0,37,17
1589249315.2028668,173.194.151.108,10.10.0.10,,,443,41505,0,1358,17
1589249315.209704,173.194.151.108,10.10.0.10,,,443,41505,0,1358,17
1589249315.2114286,10.10.0.10,173.194.151.108,,,41505,443,0,37,17
1589249315.216525,173.194.151.108,10.10.0.10,,,443,41505,0,1358,17
1589249315.223364,173.194.151.108,10.10.0.10,,,443,41505,0,1358,17
1589249315.2250519,10.10.0.10,173.194.151.108,,,41505,443,0,37,17
1589249315.230193,173.194.151.108,10.10.0.10,,,443,41505,0,1358,17
1589249315.237026,173.194.151.108,10.10.0.10,,,443,41505,0,1358,17
1589249315.2385812,10.10.0.10,173.194.151.108,,,41505,443,0,37,17
1589249315.2438538,173.194.151.108,10.10.0.10,,,443,41505,0,1358,17
1589249315.250693,173.194.151.108,10.10.0.10,,,443,41505,0,1358,17
1589249315.2532241,10.10.0.10,173.194.151.108,,,41505,443,0,37,17
1589249315.257522,173.194.151.108,10.10.0.10,,,443,41505,0,1358,17
1589249315.2643502,173.194.151.108,10.10.0.10,,,443,41505,0,1358,17
1589249315.2661786,10.10.0.10,173.194.151.108,,,41505,443,0,37,17
1589249315.2711868,173.194.151.108,10.10.0.10,,,443,41505,0,1358,17
1589249315.2780292,173.194.151.108,10.10.0.10,,,443,41505,0,1358,17
1589249315.27981,10.10.0.10,173.194.151.108,,,41505,443,0,37,17
1589249315.2848618,173.194.151.108,10.10.0.10,,,443,41505,0,1358,17
1589249315.291681,173.194.151.108,10.10.0.10,,,443,41505,0,1358,17
1589249315.293302,10.10.0.10,173.194.151.108,,,41505,443,0,37,17
1589249315.2985091,173.194.151.108,10.10.0.10,,,443,41505,0,1358,17
1589249315.3053572,173.194.151.108,10.10.0.10,,,443,41505,0,1358,17
1589249315.3070598,10.10.0.10,173.194.151.108,,,41505,443,0,37,17
1589249315.3121722,173.194.151.108,10.10.0.10,,,443,41505,0,1358,17
1589249315.3190038,173.194.151.108,10.10.0.10,,,443,41505,0,1358,17
1589249315.3206828,10.10.0.10,173.194.151.108,,,41505,443,0,37,17
1589249315.325857,173.194.151.108,10.10.0.10,,,443,41505,0,1358,17
1589249315.332673,173.194.151.108,10.10.0.10,,,443,41505,0,1358,17
1589249315.3343186,10.10.0.10,173.194.151.108,,,41505,443,0,37,17
1589249315.3395002,173.194.151.108,10.10.0.10,,,443,41505,0,1358,17
1589249315.3463528,173.194.151.108,10.10.0.10,,,443,41505,0,1358,17
1589249315.348204,10.10.0.10,173.194.151.108,,,41505,443,0,37,17
1589249315.353168,173.194.151.108,10.10.0.10,,,443,41505,0,1358,17
1589249315.359999,173.194.151.108,10.10.0.10,,,443,41505,0,1358,17
1589249315.361808,10.10.0.10,173.194.151.108,,,41505,443,0,37,17
1589249315.366856,173.194.151.108,10.10.0.10,,,443,41505,0,1358,17
1589249315.3736649,173.194.151.108,10.10.0.10,,,443,41505,0,1358,17
1589249315.3753278,10.10.0.10,173.194.151.108,,,41505,443,0,50,17
1589249315.380497,173.194.151.108,10.10.0.10,,,443,41505,0,1358,17
1589249315.387351,173.194.151.108,10.10.0.10,,,443,41505,0,1358,17
1589249315.390328,10.10.0.10,173.194.151.108,,,41505,443,0,37,17
1589249315.3941562,173.194.151.108,10.10.0.10,,,443,41505,0,1358,17
1589249315.4009955,173.194.151.108,10.10.0.10,,,443,41505,0,1358,17
1589249315.4027011,10.10.0.10,173.194.151.108,,,41505,443,0,37,17
1589249315.4078188,173.194.151.108,10.10.0.10,,,443,41505,0,1358,17
1589249315.414665,173.194.151.108,10.10.0.10,,,443,41505,0,29,17
1589249315.414958,173.194.151.108,10.10.0.10,,,443,41505,0,1358,17
1589249315.416431,10.10.0.10,173.194.151.108,,,41505,443,0,37,17
1589249315.421797,173.194.151.108,10.10.0.10,,,443,41505,0,1358,17
1589249315.4286275,173.194.151.108,10.10.0.10,,,443,41505,0,1358,17
1589249315.430306,10.10.0.10,173.194.151.108,,,41505,443,0,37,17
1589249315.435455,173.194.151.108,10.10.0.10,,,443,41505,0,1358,17
1589249315.442287,173.194.151.108,10.10.0.10,,,443,41505,0,1358,17
1589249315.443823,10.10.0.10,173.194.151.108,,,41505,443,0,37,17
1589249315.449121,173.194.151.108,10.10.0.10,,,443,41505,0,1358,17
1589249315.455952,173.194.151.108,10.10.0.10,,,443,41505,0,1358,17
1589249315.45831,10.10.0.10,173.194.151.108,,,41505,443,0,37,17
1589249315.462789,173.194.151.108,10.10.0.10,,,443,41505,0,1358,17
1589249315.4696198,173.194.151.108,10.10.0.10,,,443,41505,0,1358,17
1589249315.4710588,10.10.0.10,173.194.151.108,,,41505,443,0,37,17
1589249315.4764712,173.194.151.108,10.10.0.10,,,443,41505,0,1358,17
1589249315.483288,173.194.151.108,10.10.0.10,,,443,41505,0,1358,17
1589249315.485179,10.10.0.10,173.194.151.108,,,41505,443,0,37,17
1589249315.490117,173.194.151.108,10.10.0.10,,,443,41505,0,1358,17
1589249315.496946,173.194.151.108,10.10.0.10,,,443,41505,0,1358,17
1589249315.498553,10.10.0.10,173.194.151.108,,,41505,443,0,37,17
1589249315.5037868,173.194.151.108,10.10.0.10,,,443,41505,0,1358,17
1589249315.5106099,173.194.151.108,10.10.0.10,,,443,41505,0,1358,17
1589249315.512178,10.10.0.10,173.194.151.108,,,41505,443,0,37,17
1589249315.5174382,173.194.151.108,10.10.0.10,,,443,41505,0,1358,17
1589249315.524272,173.194.151.108,10.10.0.10,,,443,41505,0,1358,17
1589249315.527303,10.10.0.10,173.194.151.108,,,41505,443,0,37,17
1589249315.531107,173.194.151.108,10.10.0.10,,,443,41505,0,1358,17
1589249315.5379398,173.194.151.108,10.10.0.10,,,443,41505,0,1358,17
1589249315.5394278,10.10.0.10,173.194.151.108,,,41505,443,0,37,17
1589249315.544786,173.194.151.108,10.10.0.10,,,443,41505,0,1358,17
1589249315.5516052,173.194.151.108,10.10.0.10,,,443,41505,0,1358,17
1589249315.55317,10.10.0.10,173.194.151.108,,,41505,443,0,37,17
1589249315.5584302,173.194.151.108,10.10.0.10,,,443,41505,0,1358,17
1589249315.5652661,173.194.151.108,10.10.0.10,,,443,41505,0,1358,17
1589249315.566802,10.10.0.10,173.194.151.108,,,41505,443,0,37,17
1589249315.572093,173.194.151.108,10.10.0.10,,,443,41505,0,1358,17
1589249315.5789304,173.194.151.108,10.10.0.10,,,443,41505,0,1358,17
1589249315.5805511,10.10.0.10,173.194.151.108,,,41505,443,0,37,17
1589249315.585762,173.194.151.108,10.10.0.10,,,443,41505,0,1358,17
1589249315.5925992,173.194.151.108,10.10.0.10,,,443,41505,0,1358,17
1589249315.59418,10.10.0.10,173.194.151.108,,,41505,443,0,37,17
1589249315.599423,173.194.151.108,10.10.0.10,,,443,41505,0,1358,17
1589249315.606256,173.194.151.108,10.10.0.10,,,443,41505,0,1358,17
1589249315.6078901,10.10.0.10,173.194.151.108,,,41505,443,0,37,17
1589249315.6130831,173.194.151.108,10.10.0.10,,,443,41505,0,1358,17
1589249315.6199286,173.194.151.108,10.10.0.10,,,443,41505,0,1358,17
1589249315.6216948,10.10.0.10,173.194.151.108,,,41505,443,0,37,17
1589249315.6267474,173.194.151.108,10.10.0.10,,,443,41505,0,1358,17
1589249315.6335802,173.194.151.108,10.10.0.10,,,443,41505,0,1358,17
1589249315.635709,10.10.0.10,173.194.151.108,,,41505,443,0,37,17
1589249315.640411,173.194.151.108,10.10.0.10,,,443,41505,0,1358,17
1589249315.6472418,173.194.151.108,10.10.0.10,,,443,41505,0,1358,17
1589249315.6490598,10.10.0.10,173.194.151.108,,,41505,443,0,50,17
1589249315.654078,173.194.151.108,10.10.0.10,,,443,41505,0,1358,17
1589249315.6609082,173.194.151.108,10.10.0.10,,,443,41505,0,1358,17
1589249315.6637619,10.10.0.10,173.194.151.108,,,41505,443,0,37,17
1589249315.6677382,173.194.151.108,10.10.0.10,,,443,41505,0,1358,17
1589249315.674569,173.194.151.108,10.10.0.10,,,443,41505,0,1358,17
1589249315.6761742,10.10.0.10,173.194.151.108,,,41505,443,0,37,17
1589249315.681401,173.194.151.108,10.10.0.10,,,443,41505,0,1358,17
1589249315.6882348,173.194.151.108,10.10.0.10,,,443,41505,0,29,17
1589249315.6885402,173.194.151.108,10.10.0.10,,,443,41505,0,1358,17
1589249315.691567,10.10.0.10,173.194.151.108,,,41505,443,0,37,17
1589249315.6953778,173.194.151.108,10.10.0.10,,,443,41505,0,1358,17
1589249315.70221,173.194.151.108,10.10.0.10,,,443,41505,0,1358,17
1589249315.7090418,173.194.151.108,10.10.0.10,,,443,41505,0,1358,17
1589249315.715874,173.194.151.108,10.10.0.10,,,443,41505,0,1358,17
1589249315.72272,173.194.151.108,10.10.0.10,,,443,41505,0,1358,17
1589249315.729541,173.194.151.108,10.10.0.10,,,443,41505,0,1358,17
1589249315.731427,10.10.0.10,173.194.151.108,,,41505,443,0,37,17
1589249315.7329473,10.10.0.10,173.194.151.108,,,41505,443,0,37,17
1589249315.733565,10.10.0.10,173.194.151.108,,,41505,443,0,37,17
1589249315.736369,173.194.151.108,10.10.0.10,,,443,41505,0,1358,17
1589249315.743218,173.194.151.108,10.10.0.10,,,443,41505,0,1358,17
1589249315.744791,10.10.0.10,173.194.151.108,,,41505,443,0,37,17
1589249315.750032,173.194.151.108,10.10.0.10,,,443,41505,0,1358,17
1589249315.756863,173.194.151.108,10.10.0.10,,,443,41505,0,1358,17
1589249315.758799,10.10.0.10,173.194.151.108,,,41505,443,0,37,17
1589249315.7636998,173.194.151.108,10.10.0.10,,,443,41505,0,1358,17
1589249315.766032,10.10.0.10,173.194.151.108,,,41505,443,0,40,17
1589249315.770533,173.194.151.108,10.10.0.10,,,443,41505,0,1358,17
1589249315.772049,10.10.0.10,173.194.151.108,,,41505,443,0,37,17
1589249315.777368,173.194.151.108,10.10.0.10,,,443,41505,0,1358,17
1589249315.7841911,173.194.151.108,10.10.0.10,,,443,41505,0,1358,17
1589249315.78579,10.10.0.10,173.194.151.108,,,41505,443,0,37,17
1589249315.791025,173.194.151.108,10.10.0.10,,,443,41505,0,1358,17
1589249315.797857,173.194.151.108,10.10.0.10,,,443,41505,0,1358,17
1589249315.7994275,10.10.0.10,173.194.151.108,,,41505,443,0,37,17
1589249315.804702,173.194.151.108,10.10.0.10,,,443,41505,0,1358,17
1589249315.811528,173.194.151.108,10.10.0.10,,,443,41505,0,1358,17
1589249315.8130438,10.10.0.10,173.194.151.108,,,41505,443,0,37,17
1589249315.818352,173.194.151.108,10.10.0.10,,,443,41505,0,1358,17
1589249315.825186,173.194.151.108,10.10.0.10,,,443,41505,0,1358,17
1589249315.828439,10.10.0.10,173.194.151.108,,,41505,443,0,37,17
1589249315.832015,173.194.151.108,10.10.0.10,,,443,41505,0,1358,17
1589249315.8388536,173.194.151.108,10.10.0.10,,,443,41505,0,1358,17
1589249315.8404179,10.10.0.10,173.194.151.108,,,41505,443,0,37,17
1589249315.8456829,173.194.151.108,10.10.0.10,,,443,41505,0,1358,17
1589249315.8525262,173.194.151.108,10.10.0.10,,,443,41505,0,1358,17
1589249315.854057,10.10.0.10,173.194.151.108,,,41505,443,0,37,17
1589249315.8593473,173.194.151.108,10.10.0.10,,,443,41505,0,1358,17
1589249315.8661811,173.194.151.108,10.10.0.10,,,443,41505,0,1358,17
1589249315.868438,10.10.0.10,173.194.151.108,,,41505,443,0,37,17
1589249315.873026,173.194.151.108,10.10.0.10,,,443,41505,0,1358,17
1589249315.879844,173.194.151.108,10.10.0.10,,,443,41505,0,1358,17
1589249315.8816366,10.10.0.10,173.194.151.108,,,41505,443,0,37,17
1589249315.8866758,173.194.151.108,10.10.0.10,,,443,41505,0,1358,17
1589249315.8935068,173.194.151.108,10.10.0.10,,,443,41505,0,1358,17
1589249315.8950362,10.10.0.10,173.194.151.108,,,41505,443,0,37,17
1589249315.9003398,173.194.151.108,10.10.0.10,,,443,41505,0,1358,17
1589249315.907174,173.194.151.108,10.10.0.10,,,443,41505,0,1358,17
1589249315.9087849,10.10.0.10,173.194.151.108,,,41505,443,0,50,17
1589249315.914002,173.194.151.108,10.10.0.10,,,443,41505,0,1358,17
1589249315.920839,173.194.151.108,10.10.0.10,,,443,41505,0,1358,17
1589249315.922417,10.10.0.10,173.194.151.108,,,41505,443,0,37,17
1589249315.927667,173.194.151.108,10.10.0.10,,,443,41505,0,1358,17
1589249315.9344974,173.194.151.108,10.10.0.10,,,443,41505,0,1358,17
1589249315.936169,10.10.0.10,173.194.151.108,,,41505,443,0,37,17
1589249315.9413388,173.194.151.108,10.10.0.10,,,443,41505,0,1358,17
1589249315.948157,173.194.151.108,10.10.0.10,,,443,41505,0,1358,17
1589249315.949791,10.10.0.10,173.194.151.108,,,41505,443,0,37,17
1589249315.954998,173.194.151.108,10.10.0.10,,,443,41505,0,29,17
1589249315.9552946,173.194.151.108,10.10.0.10,,,443,41505,0,1358,17
1589249315.962148,173.194.151.108,10.10.0.10,,,443,41505,0,1358,17
1589249315.963813,10.10.0.10,173.194.151.108,,,41505,443,0,37,17
1589249315.9689634,173.194.151.108,10.10.0.10,,,443,41505,0,1358,17
1589249315.9758,173.194.151.108,10.10.0.10,,,443,41505,0,1358,17
1589249315.977415,10.10.0.10,173.194.151.108,,,41505,443,0,37,17
1589249315.9826481,173.194.151.108,10.10.0.10,,,443,41505,0,1358,17
1589249315.989465,173.194.151.108,10.10.0.10,,,443,41505,0,1358,17
1589249315.99531,10.10.0.10,173.194.151.108,,,41505,443,0,37,17
1589249315.996294,173.194.151.108,10.10.0.10,,,443,41505,0,1358,17
1589249316.003122,173.194.151.108,10.10.0.10,,,443,41505,0,1358,17
1589249316.004809,10.10.0.10,173.194.151.108,,,41505,443,0,37,17
1589249316.009961,173.194.151.108,10.10.0.10,,,443,41505,0,1358,17
1589249316.0167892,173.194.151.108,10.10.0.10,,,443,41505,0,1358,17
1589249316.018407,10.10.0.10,173.194.151.108,,,41505,443,0,37,17
1589249316.023623,173.194.151.108,10.10.0.10,,,443,41505,0,1358,17
1589249316.030462,173.194.151.108,10.10.0.10,,,443,41505,0,1358,17
1589249316.033184,10.10.0.10,173.194.151.108,,,41505,443,0,37,17
1589249316.037286,173.194.151.108,10.10.0.10,,,443,41505,0,1358,17
1589249316.0441196,173.194.151.108,10.10.0.10,,,443,41505,0,1358,17
1589249316.045668,10.10.0.10,173.194.151.108,,,41505,443,0,37,17
1589249316.05096,173.194.151.108,10.10.0.10,,,443,41505,0,1358,17
1589249316.0577822,173.194.151.108,10.10.0.10,,,443,41505,0,1358,17
1589249316.0594118,10.10.0.10,173.194.151.108,,,41505,443,0,37,17
1589249316.064612,173.194.151.108,10.10.0.10,,,443,41505,0,1358,17
1589249316.0714588,173.194.151.108,10.10.0.10,,,443,41505,0,1358,17
1589249316.073517,10.10.0.10,173.194.151.108,,,41505,443,0,37,17
1589249316.07828,173.194.151.108,10.10.0.10,,,443,41505,0,1358,17
1589249316.0851102,173.194.151.108,10.10.0.10,,,443,41505,0,1358,17
1589249316.086688,10.10.0.10,173.194.151.108,,,41505,443,0,37,17
1589249316.0919368,173.194.151.108,10.10.0.10,,,443,41505,0,1358,17
1589249316.0987742,173.194.151.108,10.10.0.10,,,443,41505,0,1358,17
1589249316.100661,10.10.0.10,173.194.151.108,,,41505,443,0,37,17
1589249316.1056054,173.194.151.108,10.10.0.10,,,443,41505,0,1358,17
1589249316.112457,173.194.151.108,10.10.0.10,,,443,41505,0,1358,17
1589249316.1140301,10.10.0.10,173.194.151.108,,,41505,443,0,37,17
1589249316.1192641,173.194.151.108,10.10.0.10,,,443,41505,0,1358,17
1589249316.126096,173.194.151.108,10.10.0.10,,,443,41505,0,1358,17
1589249316.1276624,10.10.0.10,173.194.151.108,,,41505,443,0,37,17
1589249316.132928,173.194.151.108,10.10.0.10,,,443,41505,0,1358,17
1589249316.1397688,173.194.151.108,10.10.0.10,,,443,41505,0,1358,17
1589249316.141305,10.10.0.10,173.194.151.108,,,41505,443,0,37,17
1589249316.1465971,173.194.151.108,10.10.0.10,,,443,41505,0,1358,17
1589249316.153427,173.194.151.108,10.10.0.10,,,443,41505,0,1358,17
1589249316.1553054,10.10.0.10,173.194.151.108,,,41505,443,0,37,17
1589249316.160268,173.194.151.108,10.10.0.10,,,443,41505,0,1358,17
1589249316.1670918,173.194.151.108,10.10.0.10,,,443,41505,0,1358,17
1589249316.168649,10.10.0.10,173.194.151.108,,,41505,443,0,37,17
1589249316.173919,173.194.151.108,10.10.0.10,,,443,41505,0,1358,17
1589249316.180767,173.194.151.108,10.10.0.10,,,443,41505,0,1358,17
1589249316.1824038,10.10.0.10,173.194.151.108,,,41505,443,0,50,17
1589249316.1875875,173.194.151.108,10.10.0.10,,,443,41505,0,1358,17
1589249316.194421,173.194.151.108,10.10.0.10,,,443,41505,0,1358,17
1589249316.196553,10.10.0.10,173.194.151.108,,,41505,443,0,37,17
1589249316.2012668,173.194.151.108,10.10.0.10,,,443,41505,0,1358,17
1589249316.2080839,173.194.151.108,10.10.0.10,,,443,41505,0,1358,17
1589249316.209785,10.10.0.10,173.194.151.108,,,41505,443,0,37,17
1589249316.214926,173.194.151.108,10.10.0.10,,,443,41505,0,1358,17
1589249316.221766,173.194.151.108,10.10.0.10,,,443,41505,0,1358,17
1589249316.223409,10.10.0.10,173.194.151.108,,,41505,443,0,37,17
1589249316.228575,173.194.151.108,10.10.0.10,,,443,41505,0,1358,17
1589249316.23541,173.194.151.108,10.10.0.10,,,443,41505,0,1358,17
1589249316.238025,10.10.0.10,173.194.151.108,,,41505,443,0,37,17
1589249316.2422464,173.194.151.108,10.10.0.10,,,443,41505,0,1358,17
1589249316.2490768,173.194.151.108,10.10.0.10,,,443,41505,0,1358,17
1589249316.250937,10.10.0.10,173.194.151.108,,,41505,443,0,37,17
1589249316.2559078,173.194.151.108,10.10.0.10,,,443,41505,0,1358,17
1589249316.2627392,173.194.151.108,10.10.0.10,,,443,41505,0,1358,17
1589249316.2649071,10.10.0.10,173.194.151.108,,,41505,443,0,37,17
1589249316.2695706,173.194.151.108,10.10.0.10,,,443,41505,0,1358,17
1589249316.276403,173.194.151.108,10.10.0.10,,,443,41505,0,1358,17
1589249316.278801,10.10.0.10,173.194.151.108,,,41505,443,0,37,17
1589249316.283234,173.194.151.108,10.10.0.10,,,443,41505,0,1358,17
1589249316.290067,173.194.151.108,10.10.0.10,,,443,41505,0,1358,17
1589249316.291806,10.10.0.10,173.194.151.108,,,41505,443,0,37,17
1589249316.2968938,173.194.151.108,10.10.0.10,,,443,41505,0,1358,17
1589249316.3037288,173.194.151.108,10.10.0.10,,,443,41505,0,1358,17
1589249316.305425,10.10.0.10,173.194.151.108,,,41505,443,0,37,17
1589249316.3105571,173.194.151.108,10.10.0.10,,,443,41505,0,1358,17
1589249316.317394,173.194.151.108,10.10.0.10,,,443,41505,0,1358,17
1589249316.319055,10.10.0.10,173.194.151.108,,,41505,443,0,37,17
1589249316.324226,173.194.151.108,10.10.0.10,,,443,41505,0,1358,17
1589249316.331075,173.194.151.108,10.10.0.10,,,443,41505,0,1358,17
1589249316.332809,10.10.0.10,173.194.151.108,,,41505,443,0,37,17
1589249316.3378851,173.194.151.108,10.10.0.10,,,443,41505,0,1358,17
1589249316.344722,173.194.151.108,10.10.0.10,,,443,41505,0,1358,17
1589249316.3463054,10.10.0.10,173.194.151.108,,,41505,443,0,37,17
1589249316.3515742,173.194.151.108,10.10.0.10,,,443,41505,0,1358,17
1589249316.358387,173.194.151.108,10.10.0.10,,,443,41505,0,1358,17
1589249316.361527,10.10.0.10,173.194.151.108,,,41505,443,0,37,17
1589249316.3652186,173.194.151.108,10.10.0.10,,,443,41505,0,1358,17
1589249316.3720489,173.194.151.108,10.10.0.10,,,443,41505,0,1358,17
1589249316.3736534,10.10.0.10,173.194.151.108,,,41505,443,0,37,17
1589249316.378886,173.194.151.108,10.10.0.10,,,443,41505,0,1358,17
1589249316.3857124,173.194.151.108,10.10.0.10,,,443,41505,0,1358,17
1589249316.3873012,10.10.0.10,173.194.151.108,,,41505,443,0,37,17
1589249316.3925402,173.194.151.108,10.10.0.10,,,443,41505,0,1358,17
1589249316.399386,173.194.151.108,10.10.0.10,,,443,41505,0,1358,17
1589249316.400904,10.10.0.10,173.194.151.108,,,41505,443,0,37,17
1589249316.4062042,173.194.151.108,10.10.0.10,,,443,41505,0,1358,17
1589249316.413039,173.194.151.108,10.10.0.10,,,443,41505,0,1358,17
1589249316.4146569,10.10.0.10,173.194.151.108,,,41505,443,0,37,17
1589249316.4198682,173.194.151.108,10.10.0.10,,,443,41505,0,1358,17
1589249316.4267,173.194.151.108,10.10.0.10,,,443,41505,0,1358,17
1589249316.4283962,10.10.0.10,173.194.151.108,,,41505,443,0,37,17
1589249316.433542,173.194.151.108,10.10.0.10,,,443,41505,0,1358,17
1589249316.4403698,173.194.151.108,10.10.0.10,,,443,41505,0,1358,17
1589249316.4430268,10.10.0.10,173.194.151.108,,,41505,443,0,37,17
1589249316.447199,173.194.151.108,10.10.0.10,,,443,41505,0,1358,17
1589249316.454032,173.194.151.108,10.10.0.10,,,443,41505,0,1358,17
1589249316.4560199,10.10.0.10,173.194.151.108,,,41505,443,0,50,17
1589249316.460864,173.194.151.108,10.10.0.10,,,443,41505,0,1358,17
1589249316.467698,173.194.151.108,10.10.0.10,,,443,41505,0,1358,17
1589249316.4692678,10.10.0.10,173.194.151.108,,,41505,443,0,37,17
1589249316.4745224,173.194.151.108,10.10.0.10,,,443,41505,0,1358,17
1589249316.48136,173.194.151.108,10.10.0.10,,,443,41505,0,1358,17
1589249316.4834,10.10.0.10,173.194.151.108,,,41505,443,0,37,17
1589249316.4881961,173.194.151.108,10.10.0.10,,,443,41505,0,1358,17
1589249316.495023,173.194.151.108,10.10.0.10,,,443,41505,0,1358,17
1589249316.496795,10.10.0.10,173.194.151.108,,,41505,443,0,37,17
1589249316.5018554,173.194.151.108,10.10.0.10,,,443,41505,0,1358,17
1589249316.508697,173.194.151.108,10.10.0.10,,,443,41505,0,1358,17
1589249316.510407,10.10.0.10,173.194.151.108,,,41505,443,0,37,17
1589249316.5155141,173.194.151.108,10.10.0.10,,,443,41505,0,1358,17
1589249316.522352,173.194.151.108,10.10.0.10,,,443,41505,0,1358,17
1589249316.523992,10.10.0.10,173.194.151.108,,,41505,443,0,37,17
1589249316.5291965,173.194.151.108,10.10.0.10,,,443,41505,0,1358,17
1589249316.53601,173.194.151.108,10.10.0.10,,,443,41505,0,1358,17
1589249316.537675,10.10.0.10,173.194.151.108,,,41505,443,0,37,17
1589249316.542848,173.194.151.108,10.10.0.10,,,443,41505,0,1358,17
1589249316.549694,173.194.151.108,10.10.0.10,,,443,41505,0,1358,17
1589249316.551542,10.10.0.10,173.194.151.108,,,41505,443,0,37,17
1589249316.55651,173.194.151.108,10.10.0.10,,,443,41505,0,1358,17
1589249316.563343,173.194.151.108,10.10.0.10,,,443,41505,0,1358,17
1589249316.5654,10.10.0.10,173.194.151.108,,,41505,443,0,37,17
1589249316.570193,173.194.151.108,10.10.0.10,,,443,41505,0,1358,17
1589249316.577006,173.194.151.108,10.10.0.10,,,443,41505,0,1358,17
1589249316.5785232,10.10.0.10,173.194.151.108,,,41505,443,0,37,17
1589249316.583838,173.194.151.108,10.10.0.10,,,443,41505,0,1358,17
1589249316.5906932,173.194.151.108,10.10.0.10,,,443,41505,0,1358,17
1589249316.592417,10.10.0.10,173.194.151.108,,,41505,443,0,37,17
1589249316.5975056,173.194.151.108,10.10.0.10,,,443,41505,0,1358,17
1589249316.6043322,173.194.151.108,10.10.0.10,,,443,41505,0,1358,17
1589249316.6061606,10.10.0.10,173.194.151.108,,,41505,443,0,37,17
1589249316.611165,173.194.151.108,10.10.0.10,,,443,41505,0,1358,17
1589249316.6179998,173.194.151.108,10.10.0.10,,,443,41505,0,1358,17
1589249316.6196196,10.10.0.10,173.194.151.108,,,41505,443,0,37,17
1589249316.624824,173.194.151.108,10.10.0.10,,,443,41505,0,1358,17
1589249316.6316571,173.194.151.108,10.10.0.10,,,443,41505,0,1358,17
1589249316.635998,10.10.0.10,173.194.151.108,,,41505,443,0,37,17
1589249316.638486,173.194.151.108,10.10.0.10,,,443,41505,0,1358,17
1589249316.645319,173.194.151.108,10.10.0.10,,,443,41505,0,1358,17
1589249316.648005,10.10.0.10,173.194.151.108,,,41505,443,0,37,17
1589249316.6521492,173.194.151.108,10.10.0.10,,,443,41505,0,1358,17
1589249316.6589868,173.194.151.108,10.10.0.10,,,443,41505,0,1358,17
1589249316.6603599,10.10.0.10,173.194.151.108,,,41505,443,0,37,17
1589249316.665817,173.194.151.108,10.10.0.10,,,443,41505,0,1358,17
1589249316.672646,173.194.151.108,10.10.0.10,,,443,41505,0,1358,17
1589249316.6743882,10.10.0.10,173.194.151.108,,,41505,443,0,37,17
1589249316.679484,173.194.151.108,10.10.0.10,,,443,41505,0,1358,17
1589249316.686312,173.194.151.108,10.10.0.10,,,443,41505,0,1358,17
1589249316.6885402,10.10.0.10,173.194.151.108,,,41505,443,0,37,17
1589249316.693149,173.194.151.108,10.10.0.10,,,443,41505,0,1358,17
1589249316.699976,173.194.151.108,10.10.0.10,,,443,41505,0,1358,17
1589249316.7014852,10.10.0.10,173.194.151.108,,,41505,443,0,37,17
1589249316.706809,173.194.151.108,10.10.0.10,,,443,41505,0,1358,17
1589249316.7136366,173.194.151.108,10.10.0.10,,,443,41505,0,1358,17
1589249316.715298,10.10.0.10,173.194.151.108,,,41505,443,0,37,17
1589249316.7204838,173.194.151.108,10.10.0.10,,,443,41505,0,1358,17
1589249316.7273,173.194.151.108,10.10.0.10,,,443,41505,0,1358,17
1589249316.7299821,10.10.0.10,173.194.151.108,,,41505,443,0,50,17
1589249316.7341368,173.194.151.108,10.10.0.10,,,443,41505,0,1358,17
1589249316.7409892,173.194.151.108,10.10.0.10,,,443,41505,0,1358,17
1589249316.7425196,10.10.0.10,173.194.151.108,,,41505,443,0,37,17
1589249316.747797,173.194.151.108,10.10.0.10,,,443,41505,0,1358,17
1589249316.7546382,173.194.151.108,10.10.0.10,,,443,41505,0,1358,17
1589249316.7564151,10.10.0.10,173.194.151.108,,,41505,443,0,37,17
1589249316.761464,173.194.151.108,10.10.0.10,,,443,41505,0,1358,17
1589249316.7682948,173.194.151.108,10.10.0.10,,,443,41505,0,29,17
1589249316.768599,173.194.151.108,10.10.0.10,,,443,41505,0,1358,17
1589249316.771393,10.10.0.10,173.194.151.108,,,41505,443,0,37,17
1589249316.775433,173.194.151.108,10.10.0.10,,,443,41505,0,1358,17
1589249316.782268,173.194.151.108,10.10.0.10,,,443,41505,0,1358,17
1589249316.7842689,10.10.0.10,173.194.151.108,,,41505,443,0,37,17
1589249316.7891078,173.194.151.108,10.10.0.10,,,443,41505,0,1358,17
1589249316.7925382,10.10.0.10,173.194.151.108,,,41505,443,0,730,17
1589249316.7947652,10.10.0.10,173.194.151.108,,,41505,443,0,48,17
1589249316.7959552,173.194.151.108,10.10.0.10,,,443,41505,0,1358,17
1589249316.802769,173.194.151.108,10.10.0.10,,,443,41505,0,1358,17
1589249316.8042624,10.10.0.10,173.194.151.108,,,41505,443,0,37,17
1589249316.8095946,173.194.151.108,10.10.0.10,,,443,41505,0,1358,17
1589249316.816426,173.194.151.108,10.10.0.10,,,443,41505,0,1358,17
1589249316.8178911,10.10.0.10,173.194.151.108,,,41505,443,0,37,17
1589249316.823265,173.194.151.108,10.10.0.10,,,443,41505,0,1358,17
1589249316.8300908,173.194.151.108,10.10.0.10,,,443,41505,0,29,17
1589249316.830395,173.194.151.108,10.10.0.10,,,443,41505,0,1358,17
1589249316.831775,10.10.0.10,173.194.151.108,,,41505,443,0,37,17
1589249316.837249,173.194.151.108,10.10.0.10,,,443,41505,0,1358,17
1589249316.8440762,173.194.151.108,10.10.0.10,,,443,41505,0,1358,17
1589249316.845785,10.10.0.10,173.194.151.108,,,41505,443,0,37,17
1589249316.8509011,173.194.151.108,10.10.0.10,,,443,41505,0,1358,17
1589249316.8577466,173.194.151.108,10.10.0.10,,,443,41505,0,1358,17
1589249316.8595223,10.10.0.10,173.194.151.108,,,41505,443,0,37,17
1589249316.8645802,173.194.151.108,10.10.0.10,,,443,41505,0,1358,17
1589249316.8713956,173.194.151.108,10.10.0.10,,,443,41505,0,1358,17
1589249316.873015,10.10.0.10,173.194.151.108,,,41505,443,0,37,17
1589249316.878247,173.194.151.108,10.10.0.10,,,443,41505,0,1358,17
1589249316.8850632,173.194.151.108,10.10.0.10,,,443,41505,0,1358,17
1589249316.886514,10.10.0.10,173.194.151.108,,,41505,443,0,37,17
1589249316.891897,173.194.151.108,10.10.0.10,,,443,41505,0,1358,17
1589249316.898726,173.194.151.108,10.10.0.10,,,443,41505,0,1358,17
1589249316.9005349,10.10.0.10,173.194.151.108,,,41505,443,0,37,17
1589249316.905561,173.194.151.108,10.10.0.10,,,443,41505,0,1358,17
1589249316.9123876,173.194.151.108,10.10.0.10,,,443,41505,0,1358,17
1589249316.9142818,10.10.0.10,173.194.151.108,,,41505,443,0,37,17
1589249316.919215,173.194.151.108,10.10.0.10,,,443,41505,0,1358,17
1589249316.926047,173.194.151.108,10.10.0.10,,,443,41505,0,1358,17
1589249316.929409,10.10.0.10,173.194.151.108,,,41505,443,0,37,17
1589249316.932886,173.194.151.108,10.10.0.10,,,443,41505,0,1358,17
1589249316.939716,173.194.151.108,10.10.0.10,,,443,41505,0,1358,17
1589249316.941283,10.10.0.10,173.194.151.108,,,41505,443,0,37,17
1589249316.946542,173.194.151.108,10.10.0.10,,,443,41505,0,1358,17
1589249316.953375,173.194.151.108,10.10.0.10,,,443,41505,0,1358,17
1589249316.9557822,10.10.0.10,173.194.151.108,,,41505,443,0,37,17
1589249316.9602098,173.194.151.108,10.10.0.10,,,443,41505,0,1358,17
1589249316.967042,173.194.151.108,10.10.0.10,,,443,41505,0,1358,17
1589249316.9685106,10.10.0.10,173.194.151.108,,,41505,443,0,37,17
1589249316.973874,173.194.151.108,10.10.0.10,,,443,41505,0,1358,17
1589249316.980709,173.194.151.108,10.10.0.10,,,443,41505,0,1358,17
1589249316.9875555,173.194.151.108,10.10.0.10,,,443,41505,0,1358,17
1589249316.9943712,173.194.151.108,10.10.0.10,,,443,41505,0,1358,17
1589249317.0012038,173.194.151.108,10.10.0.10,,,443,41505,0,1358,17
1589249317.0080562,173.194.151.108,10.10.0.10,,,443,41505,0,1358,17
1589249317.009253,10.10.0.10,173.194.151.108,,,41505,443,0,37,17
1589249317.01114,10.10.0.10,173.194.151.108,,,41505,443,0,37,17
1589249317.0117636,10.10.0.10,173.194.151.108,,,41505,443,0,37,17
1589249317.0148678,173.194.151.108,10.10.0.10,,,443,41505,0,1358,17
1589249317.0216944,173.194.151.108,10.10.0.10,,,443,41505,0,1358,17
1589249317.023256,10.10.0.10,173.194.151.108,,,41505,443,0,37,17
1589249317.028527,173.194.151.108,10.10.0.10,,,443,41505,0,1358,17
1589249317.035367,173.194.151.108,10.10.0.10,,,443,41505,0,1358,17
1589249317.0371342,10.10.0.10,173.194.151.108,,,41505,443,0,37,17
1589249317.0421948,173.194.151.108,10.10.0.10,,,443,41505,0,1358,17
1589249317.049028,173.194.151.108,10.10.0.10,,,443,41505,0,1358,17
1589249317.0505092,10.10.0.10,173.194.151.108,,,41505,443,0,37,17
1589249317.0558536,173.194.151.108,10.10.0.10,,,443,41505,0,1358,17
1589249317.0627005,173.194.151.108,10.10.0.10,,,443,41505,0,1358,17
1589249317.0644028,10.10.0.10,173.194.151.108,,,41505,443,0,50,17
1589249317.0695262,173.194.151.108,10.10.0.10,,,443,41505,0,1358,17
1589249317.0763671,173.194.151.108,10.10.0.10,,,443,41505,0,1358,17
1589249317.0779068,10.10.0.10,173.194.151.108,,,41505,443,0,37,17
1589249317.083186,173.194.151.108,10.10.0.10,,,443,41505,0,1358,17
1589249317.090019,173.194.151.108,10.10.0.10,,,443,41505,0,1358,17
1589249317.0919068,10.10.0.10,173.194.151.108,,,41505,443,0,37,17
1589249317.0968668,173.194.151.108,10.10.0.10,,,443,41505,0,29,17
1589249317.097152,173.194.151.108,10.10.0.10,,,443,41505,0,1358,17
1589249317.103991,173.194.151.108,10.10.0.10,,,443,41505,0,1358,17
1589249317.105778,10.10.0.10,173.194.151.108,,,41505,443,0,37,17
1589249317.110826,173.194.151.108,10.10.0.10,,,443,41505,0,1358,17
1589249317.117652,173.194.151.108,10.10.0.10,,,443,41505,0,1358,17
1589249317.1193821,10.10.0.10,173.194.151.108,,,41505,443,0,37,17
1589249317.12449,173.194.151.108,10.10.0.10,,,443,41505,0,1358,17
1589249317.1313179,173.194.151.108,10.10.0.10,,,443,41505,0,1358,17
1589249317.1328838,10.10.0.10,173.194.151.108,,,41505,443,0,37,17
1589249317.13815,173.194.151.108,10.10.0.10,,,443,41505,0,1358,17
1589249317.144993,173.194.151.108,10.10.0.10,,,443,41505,0,1358,17
1589249317.1467562,10.10.0.10,173.194.151.108,,,41505,443,0,37,17
1589249317.151813,173.194.151.108,10.10.0.10,,,443,41505,0,1358,17
1589249317.1586409,173.194.151.108,10.10.0.10,,,443,41505,0,1358,17
1589249317.1606321,10.10.0.10,173.194.151.108,,,41505,443,0,37,17
1589249317.165489,173.194.151.108,10.10.0.10,,,443,41505,0,1358,17
1589249317.1723044,173.194.151.108,10.10.0.10,,,443,41505,0,1358,17
1589249317.173902,10.10.0.10,173.194.151.108,,,41505,443,0,37,17
1589249317.179142,173.194.151.108,10.10.0.10,,,443,41505,0,1358,17
1589249317.18599,173.194.151.108,10.10.0.10,,,443,41505,0,1358,17
1589249317.1877742,10.10.0.10,173.194.151.108,,,41505,443,0,37,17
1589249317.192808,173.194.151.108,10.10.0.10,,,443,41505,0,1358,17
1589249317.1996355,173.194.151.108,10.10.0.10,,,443,41505,0,1358,17
1589249317.2011304,10.10.0.10,173.194.151.108,,,41505,443,0,37,17
1589249317.2064712,173.194.151.108,10.10.0.10,,,443,41505,0,1358,17
1589249317.213302,173.194.151.108,10.10.0.10,,,443,41505,0,1358,17
1589249317.215399,10.10.0.10,173.194.151.108,,,41505,443,0,37,17
1589249317.2201278,173.194.151.108,10.10.0.10,,,443,41505,0,1358,17
1589249317.2269638,173.194.151.108,10.10.0.10,,,443,41505,0,1358,17
1589249317.2287624,10.10.0.10,173.194.151.108,,,41505,443,0,37,17
1589249317.2338018,173.194.151.108,10.10.0.10,,,443,41505,0,1358,17
1589249317.2406268,173.194.151.108,10.10.0.10,,,443,41505,0,1358,17
1589249317.2422588,10.10.0.10,173.194.151.108,,,41505,443,0,37,17
1589249317.2474608,173.194.151.108,10.10.0.10,,,443,41505,0,1358,17
1589249317.2542946,173.194.151.108,10.10.0.10,,,443,41505,0,1358,17
1589249317.2558699,10.10.0.10,173.194.151.108,,,41505,443,0,37,17
1589249317.261123,173.194.151.108,10.10.0.10,,,443,41505,0,1358,17
1589249317.2679589,173.194.151.108,10.10.0.10,,,443,41505,0,1358,17
1589249317.26962,10.10.0.10,173.194.151.108,,,41505,443,0,37,17
1589249317.2748,173.194.151.108,10.10.0.10,,,443,41505,0,1358,17
1589249317.281625,173.194.151.108,10.10.0.10,,,443,41505,0,1358,17
1589249317.283273,10.10.0.10,173.194.151.108,,,41505,443,0,37,17
1589249317.288448,173.194.151.108,10.10.0.10,,,443,41505,0,1358,17
1589249317.2953012,173.194.151.108,10.10.0.10,,,443,41505,0,1358,17
1589249317.297025,10.10.0.10,173.194.151.108,,,41505,443,0,37,17
1589249317.302116,173.194.151.108,10.10.0.10,,,443,41505,0,1358,17
1589249317.3089464,173.194.151.108,10.10.0.10,,,443,41505,0,1358,17
1589249317.310646,10.10.0.10,173.194.151.108,,,41505,443,0,37,17
1589249317.315798,173.194.151.108,10.10.0.10,,,443,41505,0,1358,17
1589249317.32261,173.194.151.108,10.10.0.10,,,443,41505,0,1358,17
1589249317.3242428,10.10.0.10,173.194.151.108,,,41505,443,0,37,17
1589249317.3294456,173.194.151.108,10.10.0.10,,,443,41505,0,1358,17
1589249317.336296,173.194.151.108,10.10.0.10,,,443,41505,0,1358,17
1589249317.3380241,10.10.0.10,173.194.151.108,,,41505,443,0,50,17
1589249317.3431091,173.194.151.108,10.10.0.10,,,443,41505,0,1358,17
1589249317.3499384,173.194.151.108,10.10.0.10,,,443,41505,0,1358,17
1589249317.351773,10.10.0.10,173.194.151.108,,,41505,443,0,37,17
1589249317.356766,173.194.151.108,10.10.0.10,,,443,41505,0,1358,17
1589249317.363607,173.194.151.108,10.10.0.10,,,443,41505,0,1358,17
1589249317.36549,10.10.0.10,173.194.151.108,,,41505,443,0,37,17
1589249317.37043,173.194.151.108,10.10.0.10,,,443,41505,0,29,17
1589249317.370738,173.194.151.108,10.10.0.10,,,443,41505,0,1358,17
1589249317.377577,173.194.151.108,10.10.0.10,,,443,41505,0,1358,17
1589249317.380241,10.10.0.10,173.194.151.108,,,41505,443,0,37,17
1589249317.384423,173.194.151.108,10.10.0.10,,,443,41505,0,1358,17
1589249317.391238,173.194.151.108,10.10.0.10,,,443,41505,0,1358,17
1589249317.392875,10.10.0.10,173.194.151.108,,,41505,443,0,37,17
1589249317.398072,173.194.151.108,10.10.0.10,,,443,41505,0,1358,17
1589249317.4049196,173.194.151.108,10.10.0.10,,,443,41505,0,1358,17
1589249317.406373,10.10.0.10,173.194.151.108,,,41505,443,0,37,17
1589249317.4117384,173.194.151.108,10.10.0.10,,,443,41505,0,1358,17
1589249317.418562,173.194.151.108,10.10.0.10,,,443,41505,0,1358,17
1589249317.419879,10.10.0.10,173.194.151.108,,,41505,443,0,37,17
1589249317.425418,173.194.151.108,10.10.0.10,,,443,41505,0,1358,17
1589249317.432231,173.194.151.108,10.10.0.10,,,443,41505,0,1358,17
1589249317.433613,10.10.0.10,173.194.151.108,,,41505,443,0,37,17
1589249317.439063,173.194.151.108,10.10.0.10,,,443,41505,0,1358,17
1589249317.4459162,173.194.151.108,10.10.0.10,,,443,41505,0,1358,17
1589249317.447622,10.10.0.10,173.194.151.108,,,41505,443,0,37,17
1589249317.4527311,173.194.151.108,10.10.0.10,,,443,41505,0,1358,17
1589249317.45956,173.194.151.108,10.10.0.10,,,443,41505,0,1358,17
1589249317.461123,10.10.0.10,173.194.151.108,,,41505,443,0,37,17
1589249317.466391,173.194.151.108,10.10.0.10,,,443,41505,0,1358,17
1589249317.4732301,173.194.151.108,10.10.0.10,,,443,41505,0,1358,17
1589249317.474872,10.10.0.10,173.194.151.108,,,41505,443,0,37,17
1589249317.480056,173.194.151.108,10.10.0.10,,,443,41505,0,1358,17
1589249317.4868882,173.194.151.108,10.10.0.10,,,443,41505,0,1358,17
1589249317.489019,10.10.0.10,173.194.151.108,,,41505,443,0,37,17
1589249317.4937296,173.194.151.108,10.10.0.10,,,443,41505,0,1358,17
1589249317.5005572,173.194.151.108,10.10.0.10,,,443,41505,0,1358,17
1589249317.5073822,173.194.151.108,10.10.0.10,,,443,41505,0,1358,17
1589249317.508989,10.10.0.10,173.194.151.108,,,41505,443,0,37,17
1589249317.5142279,173.194.151.108,10.10.0.10,,,443,41505,0,1358,17
1589249317.515745,10.10.0.10,173.194.151.108,,,41505,443,0,37,17
1589249317.5210464,173.194.151.108,10.10.0.10,,,443,41505,0,1358,17
1589249317.5278769,173.194.151.108,10.10.0.10,,,443,41505,0,1358,17
1589249317.529639,10.10.0.10,173.194.151.108,,,41505,443,0,37,17
1589249317.5347278,173.194.151.108,10.10.0.10,,,443,41505,0,1358,17
1589249317.541544,173.194.151.108,10.10.0.10,,,443,41505,0,1358,17
1589249317.543138,10.10.0.10,173.194.151.108,,,41505,443,0,37,17
1589249317.5483751,173.194.151.108,10.10.0.10,,,443,41505,0,1358,17
1589249317.555205,173.194.151.108,10.10.0.10,,,443,41505,0,1358,17
1589249317.5568712,10.10.0.10,173.194.151.108,,,41505,443,0,37,17
1589249317.5620358,173.194.151.108,10.10.0.10,,,443,41505,0,1358,17
1589249317.5688698,173.194.151.108,10.10.0.10,,,443,41505,0,1358,17
1589249317.5706189,10.10.0.10,173.194.151.108,,,41505,443,0,37,17
1589249317.575696,173.194.151.108,10.10.0.10,,,443,41505,0,1358,17
1589249317.5825412,173.194.151.108,10.10.0.10,,,443,41505,0,1358,17
1589249317.584265,10.10.0.10,173.194.151.108,,,41505,443,0,37,17
1589249317.5893662,173.194.151.108,10.10.0.10,,,443,41505,0,1358,17
1589249317.5961962,173.194.151.108,10.10.0.10,,,443,41505,0,1358,17
1589249317.5979948,10.10.0.10,173.194.151.108,,,41505,443,0,37,17
1589249317.6030438,173.194.151.108,10.10.0.10,,,443,41505,0,1358,17
1589249317.609859,173.194.151.108,10.10.0.10,,,443,41505,0,1358,17
1589249317.611849,10.10.0.10,173.194.151.108,,,41505,443,0,50,17
1589249317.616688,173.194.151.108,10.10.0.10,,,443,41505,0,1358,17
1589249317.62352,173.194.151.108,10.10.0.10,,,443,41505,0,1358,17
1589249317.626137,10.10.0.10,173.194.151.108,,,41505,443,0,37,17
1589249317.6303492,173.194.151.108,10.10.0.10,,,443,41505,0,1358,17
1589249317.637182,173.194.151.108,10.10.0.10,,,443,41505,0,1358,17
1589249317.6388302,10.10.0.10,173.194.151.108,,,41505,443,0,37,17
1589249317.644016,173.194.151.108,10.10.0.10,,,443,41505,0,1358,17
1589249317.6508508,173.194.151.108,10.10.0.10,,,443,41505,0,1358,17
1589249317.657685,173.194.151.108,10.10.0.10,,,443,41505,0,29,17
1589249317.657986,173.194.151.108,10.10.0.10,,,443,41505,0,1358,17
1589249317.664825,173.194.151.108,10.10.0.10,,,443,41505,0,1358,17
1589249317.665992,10.10.0.10,173.194.151.108,,,41505,443,0,37,17
1589249317.667138,10.10.0.10,173.194.151.108,,,41505,443,0,37,17
1589249317.671664,173.194.151.108,10.10.0.10,,,443,41505,0,1358,17
1589249317.678489,173.194.151.108,10.10.0.10,,,443,41505,0,1358,17
1589249317.682112,10.10.0.10,173.194.151.108,,,41505,443,0,37,17
1589249317.6853158,173.194.151.108,10.10.0.10,,,443,41505,0,1358,17
1589249317.6921468,173.194.151.108,10.10.0.10,,,443,41505,0,1358,17
1589249317.6965148,10.10.0.10,173.194.151.108,,,41505,443,0,37,17
1589249317.698992,173.194.151.108,10.10.0.10,,,443,41505,0,1358,17
1589249317.705816,173.194.151.108,10.10.0.10,,,443,41505,0,1358,17
1589249317.7073634,10.10.0.10,173.194.151.108,,,41505,443,0,37,17
1589249317.712646,173.194.151.108,10.10.0.10,,,443,41505,0,1358,17
1589249317.71948,173.194.151.108,10.10.0.10,,,443,41505,0,1358,17
1589249317.721373,10.10.0.10,173.194.151.108,,,41505,443,0,37,17
1589249317.726312,173.194.151.108,10.10.0.10,,,443,41505,0,1358,17
1589249317.73316,173.194.151.108,10.10.0.10,,,443,41505,0,1358,17
1589249317.735107,10.10.0.10,173.194.151.108,,,41505,443,0,37,17
1589249317.73997,173.194.151.108,10.10.0.10,,,443,41505,0,1358,17
1589249317.746811,173.194.151.108,10.10.0.10,,,443,41505,0,1358,17
1589249317.7484536,10.10.0.10,173.194.151.108,,,41505,443,0,37,17
1589249317.7536428,173.194.151.108,10.10.0.10,,,443,41505,0,1358,17
1589249317.760466,173.194.151.108,10.10.0.10,,,443,41505,0,1358,17
1589249317.762134,10.10.0.10,173.194.151.108,,,41505,443,0,37,17
1589249317.767302,173.194.151.108,10.10.0.10,,,443,41505,0,1358,17
1589249317.7741318,173.194.151.108,10.10.0.10,,,443,41505,0,1358,17
1589249317.778329,10.10.0.10,173.194.151.108,,,41505,443,0,37,17
1589249317.7809641,173.194.151.108,10.10.0.10,,,443,41505,0,1358,17
1589249317.787793,173.194.151.108,10.10.0.10,,,443,41505,0,1358,17
1589249317.789608,10.10.0.10,173.194.151.108,,,41505,443,0,37,17
1589249317.794624,173.194.151.108,10.10.0.10,,,443,41505,0,1358,17
1589249317.801455,173.194.151.108,10.10.0.10,,,443,41505,0,1358,17
1589249317.803262,10.10.0.10,173.194.151.108,,,41505,443,0,37,17
1589249317.808289,173.194.151.108,10.10.0.10,,,443,41505,0,1358,17
1589249317.8151224,173.194.151.108,10.10.0.10,,,443,41505,0,1358,17
1589249317.816954,10.10.0.10,173.194.151.108,,,41505,443,0,37,17
1589249317.821948,173.194.151.108,10.10.0.10,,,443,41505,0,1358,17
1589249317.828783,173.194.151.108,10.10.0.10,,,443,41505,0,1358,17
1589249317.8322554,10.10.0.10,173.194.151.108,,,41505,443,0,37,17
1589249317.8356152,173.194.151.108,10.10.0.10,,,443,41505,0,1358,17
1589249317.8424695,173.194.151.108,10.10.0.10,,,443,41505,0,1358,17
1589249317.8463511,10.10.0.10,173.194.151.108,,,41505,443,0,37,17
1589249317.8492858,173.194.151.108,10.10.0.10,,,443,41505,0,1358,17
1589249317.8561132,173.194.151.108,10.10.0.10,,,443,41505,0,1358,17
1589249317.85763,10.10.0.10,173.194.151.108,,,41505,443,0,37,17
1589249317.862951,173.194.151.108,10.10.0.10,,,443,41505,0,1358,17
1589249317.869783,173.194.151.108,10.10.0.10,,,443,41505,0,1358,17
1589249317.8721302,10.10.0.10,173.194.151.108,,,41505,443,0,37,17
1589249317.876611,173.194.151.108,10.10.0.10,,,443,41505,0,1358,17
1589249317.8834438,173.194.151.108,10.10.0.10,,,443,41505,0,1358,17
1589249317.8853786,10.10.0.10,173.194.151.108,,,41505,443,0,50,17
1589249317.890281,173.194.151.108,10.10.0.10,,,443,41505,0,1358,17
1589249317.8971078,173.194.151.108,10.10.0.10,,,443,41505,0,1358,17
1589249317.898728,10.10.0.10,173.194.151.108,,,41505,443,0,37,17
1589249317.903942,173.194.151.108,10.10.0.10,,,443,41505,0,1358,17
1589249317.910782,173.194.151.108,10.10.0.10,,,443,41505,0,1358,17
1589249317.9123802,10.10.0.10,173.194.151.108,,,41505,443,0,37,17
1589249317.9176052,173.194.151.108,10.10.0.10,,,443,41505,0,1358,17
1589249317.924433,173.194.151.108,10.10.0.10,,,443,41505,0,1358,17
1589249317.9258618,10.10.0.10,173.194.151.108,,,41505,443,0,37,17
1589249317.9312804,173.194.151.108,10.10.0.10,,,443,41505,0,1358,17
1589249317.938102,173.194.151.108,10.10.0.10,,,443,41505,0,29,17
1589249317.938403,173.194.151.108,10.10.0.10,,,443,41505,0,1358,17
1589249317.9398818,10.10.0.10,173.194.151.108,,,41505,443,0,37,17
1589249317.945242,173.194.151.108,10.10.0.10,,,443,41505,0,1358,17
1589249317.95209,173.194.151.108,10.10.0.10,,,443,41505,0,1358,17
1589249317.954224,10.10.0.10,173.194.151.108,,,41505,443,0,37,17
1589249317.9589038,173.194.151.108,10.10.0.10,,,443,41505,0,1358,17
1589249317.9657366,173.194.151.108,10.10.0.10,,,443,41505,0,1358,17
1589249317.968602,10.10.0.10,173.194.151.108,,,41505,443,0,37,17
1589249317.9724689,173.194.151.108,10.10.0.10,,,443,41505,0,1358,17
1589249317.9792151,173.194.151.108,10.10.0.10,,,443,41505,0,1358,17
1589249317.9809868,10.10.0.10,173.194.151.108,,,41505,443,0,37,17
1589249317.985936,173.194.151.108,10.10.0.10,,,443,41505,0,1358,17
1589249317.9926682,173.194.151.108,10.10.0.10,,,443,41505,0,1358,17
1589249317.994982,10.10.0.10,173.194.151.108,,,41505,443,0,37,17
1589249317.9994042,173.194.151.108,10.10.0.10,,,443,41505,0,1358,17
1589249318.006151,173.194.151.108,10.10.0.10,,,443,41505,0,1358,17
1589249318.007733,10.10.0.10,173.194.151.108,,,41505,443,0,37,17
1589249318.012862,173.194.151.108,10.10.0.10,,,443,41505,0,1358,17
1589249318.019599,173.194.151.108,10.10.0.10,,,443,41505,0,1358,17
1589249318.0211241,10.10.0.10,173.194.151.108,,,41505,443,0,37,17
1589249318.0263278,173.194.151.108,10.10.0.10,,,443,41505,0,1358,17
1589249318.0330648,173.194.151.108,10.10.0.10,,,443,41505,0,1358,17
1589249318.03448,10.10.0.10,173.194.151.108,,,41505,443,0,37,17
1589249318.039795,173.194.151.108,10.10.0.10,,,443,41505,0,1358,17
1589249318.046531,173.194.151.108,10.10.0.10,,,443,41505,0,1358,17
1589249318.048106,10.10.0.10,173.194.151.108,,,41505,443,0,37,17
1589249318.0532699,173.194.151.108,10.10.0.10,,,443,41505,0,1358,17
1589249318.060001,173.194.151.108,10.10.0.10,,,443,41505,0,1358,17
1589249318.063127,10.10.0.10,173.194.151.108,,,41505,443,0,37,17
1589249318.0667286,173.194.151.108,10.10.0.10,,,443,41505,0,1358,17
1589249318.0734649,173.194.151.108,10.10.0.10,,,443,41505,0,1358,17
1589249318.075003,10.10.0.10,173.194.151.108,,,41505,443,0,37,17
1589249318.080197,173.194.151.108,10.10.0.10,,,443,41505,0,1358,17
1589249318.086926,173.194.151.108,10.10.0.10,,,443,41505,0,1358,17
1589249318.0884988,10.10.0.10,173.194.151.108,,,41505,443,0,37,17
1589249318.093656,173.194.151.108,10.10.0.10,,,443,41505,0,1358,17
1589249318.100392,173.194.151.108,10.10.0.10,,,443,41505,0,1358,17
1589249318.103107,10.10.0.10,173.194.151.108,,,41505,443,0,37,17
1589249318.107128,173.194.151.108,10.10.0.10,,,443,41505,0,1358,17
1589249318.113859,173.194.151.108,10.10.0.10,,,443,41505,0,1358,17
1589249318.115608,10.10.0.10,173.194.151.108,,,41505,443,0,37,17
1589249318.120613,173.194.151.108,10.10.0.10,,,443,41505,0,1358,17
1589249318.127336,173.194.151.108,10.10.0.10,,,443,41505,0,1358,17
1589249318.128985,10.10.0.10,173.194.151.108,,,41505,443,0,37,17
1589249318.1340532,173.194.151.108,10.10.0.10,,,443,41505,0,1358,17
1589249318.140789,173.194.151.108,10.10.0.10,,,443,41505,0,1358,17
1589249318.142478,10.10.0.10,173.194.151.108,,,41505,443,0,37,17
1589249318.147529,173.194.151.108,10.10.0.10,,,443,41505,0,1358,17
1589249318.1542716,173.194.151.108,10.10.0.10,,,443,41505,0,1358,17
1589249318.156498,10.10.0.10,173.194.151.108,,,41505,443,0,50,17
1589249318.160987,173.194.151.108,10.10.0.10,,,443,41505,0,1358,17
1589249318.167721,173.194.151.108,10.10.0.10,,,443,41505,0,1358,17
1589249318.170351,10.10.0.10,173.194.151.108,,,41505,443,0,37,17
1589249318.1744602,173.194.151.108,10.10.0.10,,,443,41505,0,1358,17
1589249318.181186,173.194.151.108,10.10.0.10,,,443,41505,0,1358,17
1589249318.183746,10.10.0.10,173.194.151.108,,,41505,443,0,37,17
1589249318.1879165,173.194.151.108,10.10.0.10,,,443,41505,0,1358,17
1589249318.194653,173.194.151.108,10.10.0.10,,,443,41505,0,1358,17
1589249318.1963599,10.10.0.10,173.194.151.108,,,41505,443,0,37,17
1589249318.2014,173.194.151.108,10.10.0.10,,,443,41505,0,1358,17
1589249318.208118,173.194.151.108,10.10.0.10,,,443,41505,0,1358,17
1589249318.209727,10.10.0.10,173.194.151.108,,,41505,443,0,37,17
1589249318.21489,173.194.151.108,10.10.0.10,,,443,41505,0,1358,17
1589249318.221578,173.194.151.108,10.10.0.10,,,443,41505,0,1358,17
1589249318.225974,10.10.0.10,173.194.151.108,,,41505,443,0,37,17
1589249318.2283332,173.194.151.108,10.10.0.10,,,443,41505,0,1358,17
1589249318.235049,173.194.151.108,10.10.0.10,,,443,41505,0,1358,17
1589249318.2368689,10.10.0.10,173.194.151.108,,,41505,443,0,37,17
1589249318.2417812,173.194.151.108,10.10.0.10,,,443,41505,0,1358,17
1589249318.2485216,173.194.151.108,10.10.0.10,,,443,41505,0,1358,17
1589249318.250244,10.10.0.10,173.194.151.108,,,41505,443,0,37,17
1589249318.2552679,173.194.151.108,10.10.0.10,,,443,41505,0,1358,17
1589249318.26198,173.194.151.108,10.10.0.10,,,443,41505,0,1358,17
1589249318.2687078,173.194.151.108,10.10.0.10,,,443,41505,0,1358,17
1589249318.2754571,173.194.151.108,10.10.0.10,,,443,41505,0,1358,17
1589249318.282178,173.194.151.108,10.10.0.10,,,443,41505,0,1358,17
1589249318.2889118,173.194.151.108,10.10.0.10,,,443,41505,0,1358,17
1589249318.2897446,10.10.0.10,173.194.151.108,,,41505,443,0,37,17
1589249318.293369,10.10.0.10,173.194.151.108,,,41505,443,0,37,17
1589249318.294367,10.10.0.10,173.194.151.108,,,41505,443,0,37,17
1589249318.2956462,173.194.151.108,10.10.0.10,,,443,41505,0,1358,17
1589249318.302393,173.194.151.108,10.10.0.10,,,443,41505,0,1358,17
1589249318.30411,10.10.0.10,173.194.151.108,,,41505,443,0,37,17
1589249318.3091102,173.194.151.108,10.10.0.10,,,443,41505,0,1358,17
1589249318.3158429,173.194.151.108,10.10.0.10,,,443,41505,0,1358,17
1589249318.3174748,10.10.0.10,173.194.151.108,,,41505,443,0,37,17
1589249318.322569,173.194.151.108,10.10.0.10,,,443,41505,0,1358,17
1589249318.3293085,173.194.151.108,10.10.0.10,,,443,41505,0,1358,17
1589249318.330856,10.10.0.10,173.194.151.108,,,41505,443,0,37,17
1589249318.33604,173.194.151.108,10.10.0.10,,,443,41505,0,1358,17
1589249318.342778,173.194.151.108,10.10.0.10,,,443,41505,0,1358,17
1589249318.344222,10.10.0.10,173.194.151.108,,,41505,443,0,37,17
1589249318.34952,173.194.151.108,10.10.0.10,,,443,41505,0,1358,17
1589249318.356242,173.194.151.108,10.10.0.10,,,443,41505,0,1358,17
1589249318.357993,10.10.0.10,173.194.151.108,,,41505,443,0,37,17
1589249318.3629706,173.194.151.108,10.10.0.10,,,443,41505,0,1358,17
1589249318.369705,173.194.151.108,10.10.0.10,,,443,41505,0,1358,17
1589249318.371839,10.10.0.10,173.194.151.108,,,41505,443,0,37,17
1589249318.3764508,173.194.151.108,10.10.0.10,,,443,41505,0,1358,17
1589249318.383169,173.194.151.108,10.10.0.10,,,443,41505,0,1358,17
1589249318.384726,10.10.0.10,173.194.151.108,,,41505,443,0,37,17
1589249318.3899019,173.194.151.108,10.10.0.10,,,443,41505,0,1358,17
1589249318.396643,173.194.151.108,10.10.0.10,,,443,41505,0,1358,17
1589249318.398345,10.10.0.10,173.194.151.108,,,41505,443,0,37,17
1589249318.4033902,173.194.151.108,10.10.0.10,,,443,41505,0,1358,17
1589249318.4100995,173.194.151.108,10.10.0.10,,,443,41505,0,1358,17
1589249318.411864,10.10.0.10,173.194.151.108,,,41505,443,0,37,17
1589249318.4168339,173.194.151.108,10.10.0.10,,,443,41505,0,1358,17
1589249318.423577,173.194.151.108,10.10.0.10,,,443,41505,0,1358,17
1589249318.427615,10.10.0.10,173.194.151.108,,,41505,443,0,50,17
1589249318.430312,173.194.151.108,10.10.0.10,,,443,41505,0,1358,17
1589249318.437026,173.194.151.108,10.10.0.10,,,443,41505,0,1358,17
1589249318.4387171,10.10.0.10,173.194.151.108,,,41505,443,0,37,17
1589249318.443766,173.194.151.108,10.10.0.10,,,443,41505,0,1358,17
1589249318.4505134,173.194.151.108,10.10.0.10,,,443,41505,0,1358,17
1589249318.4521182,10.10.0.10,173.194.151.108,,,41505,443,0,37,17
1589249318.457233,173.194.151.108,10.10.0.10,,,443,41505,0,29,17
1589249318.457527,173.194.151.108,10.10.0.10,,,443,41505,0,1358,17
1589249318.464262,173.194.151.108,10.10.0.10,,,443,41505,0,1358,17
1589249318.465975,10.10.0.10,173.194.151.108,,,41505,443,0,37,17
1589249318.471015,173.194.151.108,10.10.0.10,,,443,41505,0,1358,17
1589249318.477728,173.194.151.108,10.10.0.10,,,443,41505,0,463,17
1589249318.479613,10.10.0.10,173.194.151.108,,,41505,443,0,37,17
1589249318.4801311,173.194.151.108,10.10.0.10,,,443,41505,0,1358,17
1589249318.4868882,173.194.151.108,10.10.0.10,,,443,41505,0,1358,17
1589249318.488462,10.10.0.10,173.194.151.108,,,41505,443,0,37,17
1589249318.493604,173.194.151.108,10.10.0.10,,,443,41505,0,1358,17
1589249318.500337,173.194.151.108,10.10.0.10,,,443,41505,0,1358,17
1589249318.502112,10.10.0.10,173.194.151.108,,,41505,443,0,37,17
1589249318.5070748,173.194.151.108,10.10.0.10,,,443,41505,0,1358,17
1589249318.5138018,173.194.151.108,10.10.0.10,,,443,41505,0,1358,17
1589249318.515611,10.10.0.10,173.194.151.108,,,41505,443,0,37,17
1589249318.520535,173.194.151.108,10.10.0.10,,,443,41505,0,1358,17
1589249318.527267,173.194.151.108,10.10.0.10,,,443,41505,0,1358,17
1589249318.5300848,10.10.0.10,173.194.151.108,,,41505,443,0,37,17
1589249318.534015,173.194.151.108,10.10.0.10,,,443,41505,0,1358,17
1589249318.540734,173.194.151.108,10.10.0.10,,,443,41505,0,1358,17
1589249318.542367,10.10.0.10,173.194.151.108,,,41505,443,0,37,17
1589249318.5474641,173.194.151.108,10.10.0.10,,,443,41505,0,1358,17
1589249318.554199,173.194.151.108,10.10.0.10,,,443,41505,0,1358,17
1589249318.5559561,10.10.0.10,173.194.151.108,,,41505,443,0,37,17
1589249318.56093,173.194.151.108,10.10.0.10,,,443,41505,0,1358,17
1589249318.567662,173.194.151.108,10.10.0.10,,,443,41505,0,1358,17
1589249318.569215,10.10.0.10,173.194.151.108,,,41505,443,0,37,17
1589249318.574397,173.194.151.108,10.10.0.10,,,443,41505,0,1358,17
1589249318.5811381,173.194.151.108,10.10.0.10,,,443,41505,0,1358,17
1589249318.5827148,10.10.0.10,173.194.151.108,,,41505,443,0,37,17
1589249318.588669,173.194.151.108,10.10.0.10,,,443,41505,0,1358,17
1589249318.595402,173.194.151.108,10.10.0.10,,,443,41505,0,1358,17
1589249318.5969849,10.10.0.10,173.194.151.108,,,41505,443,0,37,17
1589249318.6021366,173.194.151.108,10.10.0.10,,,443,41505,0,1358,17
1589249318.608883,173.194.151.108,10.10.0.10,,,443,41505,0,1358,17
1589249318.610611,10.10.0.10,173.194.151.108,,,41505,443,0,37,17
1589249318.6155992,173.194.151.108,10.10.0.10,,,443,41505,0,1358,17
1589249318.622326,173.194.151.108,10.10.0.10,,,443,41505,0,1358,17
1589249318.6238391,10.10.0.10,173.194.151.108,,,41505,443,0,37,17
1589249318.6290598,173.194.151.108,10.10.0.10,,,443,41505,0,1358,17
1589249318.635798,173.194.151.108,10.10.0.10,,,443,41505,0,1358,17
1589249318.637352,10.10.0.10,173.194.151.108,,,41505,443,0,37,17
1589249318.642529,173.194.151.108,10.10.0.10,,,443,41505,0,1358,17
1589249318.64926,173.194.151.108,10.10.0.10,,,443,41505,0,1358,17
1589249318.655992,173.194.151.108,10.10.0.10,,,443,41505,0,1358,17
1589249318.656474,10.10.0.10,173.194.151.108,,,41505,443,0,37,17
1589249318.6627266,173.194.151.108,10.10.0.10,,,443,41505,0,1358,17
1589249318.6643438,10.10.0.10,173.194.151.108,,,41505,443,0,37,17
1589249318.6694682,173.194.151.108,10.10.0.10,,,443,41505,0,1358,17
1589249318.6761901,173.194.151.108,10.10.0.10,,,443,41505,0,1358,17
1589249318.6778052,10.10.0.10,173.194.151.108,,,41505,443,0,37,17
1589249318.6829276,173.194.151.108,10.10.0.10,,,443,41505,0,1358,17
1589249318.6896534,173.194.151.108,10.10.0.10,,,443,41505,0,1358,17
1589249318.6912036,10.10.0.10,173.194.151.108,,,41505,443,0,50,17
1589249318.6963868,173.194.151.108,10.10.0.10,,,443,41505,0,1358,17
1589249318.70312,173.194.151.108,10.10.0.10,,,443,41505,0,1358,17
1589249318.705338,10.10.0.10,173.194.151.108,,,41505,443,0,37,17
1589249318.7098842,173.194.151.108,10.10.0.10,,,443,41505,0,1358,17
1589249318.7165885,173.194.151.108,10.10.0.10,,,443,41505,0,1358,17
1589249318.718049,10.10.0.10,173.194.151.108,,,41505,443,0,37,17
1589249318.72332,173.194.151.108,10.10.0.10,,,443,41505,0,1358,17
1589249318.7300518,173.194.151.108,10.10.0.10,,,443,41505,0,1358,17
1589249318.731844,10.10.0.10,173.194.151.108,,,41505,443,0,37,17
1589249318.7368019,173.194.151.108,10.10.0.10,,,443,41505,0,1358,17
1589249318.7435238,173.194.151.108,10.10.0.10,,,443,41505,0,1358,17
1589249318.7452028,10.10.0.10,173.194.151.108,,,41505,443,0,37,17
1589249318.750258,173.194.151.108,10.10.0.10,,,443,41505,0,1358,17
1589249318.756983,173.194.151.108,10.10.0.10,,,443,41505,0,1358,17
1589249318.7585778,10.10.0.10,173.194.151.108,,,41505,443,0,37,17
1589249318.7637155,173.194.151.108,10.10.0.10,,,443,41505,0,1183,17
1589249318.813615,10.10.0.10,173.194.151.108,,,41505,443,0,37,17
1589249320.05268,10.10.0.10,173.194.151.108,,,41505,443,0,723,17
1589249320.052714,10.10.0.10,173.194.151.108,,,41505,443,0,48,17
1589249320.057244,173.194.151.108,10.10.0.10,,,443,41505,0,29,17
1589249320.058434,173.194.151.108,10.10.0.10,,,443,41505,0,1358,17
1589249320.058469,173.194.151.108,10.10.0.10,,,443,41505,0,1358,17
1589249320.060673,10.10.0.10,173.194.151.108,,,41505,443,0,37,17
1589249320.064165,173.194.151.108,10.10.0.10,,,443,41505,0,1358,17
1589249320.070905,173.194.151.108,10.10.0.10,,,443,41505,0,1358,17
1589249320.0726972,10.10.0.10,173.194.151.108,,,41505,443,0,37,17
1589249320.0776358,173.194.151.108,10.10.0.10,,,443,41505,0,1358,17
1589249320.0843706,173.194.151.108,10.10.0.10,,,443,41505,0,1358,17
1589249320.0859199,10.10.0.10,173.194.151.108,,,41505,443,0,37,17
1589249320.0910964,173.194.151.108,10.10.0.10,,,443,41505,0,1358,17
1589249320.097841,173.194.151.108,10.10.0.10,,,443,41505,0,1358,17
1589249320.099675,10.10.0.10,173.194.151.108,,,41505,443,0,37,17
1589249320.1045618,173.194.151.108,10.10.0.10,,,443,41505,0,1358,17
1589249320.1112998,173.194.151.108,10.10.0.10,,,443,41505,0,1358,17
1589249320.1145458,10.10.0.10,173.194.151.108,,,41505,443,0,37,17
1589249320.118031,173.194.151.108,10.10.0.10,,,443,41505,0,1358,17
1589249320.1247606,173.194.151.108,10.10.0.10,,,443,41505,0,1358,17
1589249320.126294,10.10.0.10,173.194.151.108,,,41505,443,0,37,17
1589249320.131498,173.194.151.108,10.10.0.10,,,443,41505,0,1358,17
1589249320.138232,173.194.151.108,10.10.0.10,,,443,41505,0,1358,17
1589249320.1398141,10.10.0.10,173.194.151.108,,,41505,443,0,37,17
1589249320.144959,173.194.151.108,10.10.0.10,,,443,41505,0,1358,17
1589249320.1517148,173.194.151.108,10.10.0.10,,,443,41505,0,1358,17
1589249320.153296,10.10.0.10,173.194.151.108,,,41505,443,0,37,17
1589249320.1584241,173.194.151.108,10.10.0.10,,,443,41505,0,1358,17
1589249320.1651642,173.194.151.108,10.10.0.10,,,443,41505,0,1358,17
1589249320.168434,10.10.0.10,173.194.151.108,,,41505,443,0,37,17
1589249320.1719027,173.194.151.108,10.10.0.10,,,443,41505,0,1358,17
1589249320.1786275,173.194.151.108,10.10.0.10,,,443,41505,0,1358,17
1589249320.180418,10.10.0.10,173.194.151.108,,,41505,443,0,37,17
1589249320.18537,173.194.151.108,10.10.0.10,,,443,41505,0,1358,17
1589249320.1920948,173.194.151.108,10.10.0.10,,,443,41505,0,1358,17
1589249320.193799,10.10.0.10,173.194.151.108,,,41505,443,0,37,17
1589249320.198838,173.194.151.108,10.10.0.10,,,443,41505,0,1358,17
1589249320.205558,173.194.151.108,10.10.0.10,,,443,41505,0,1358,17
1589249320.207042,10.10.0.10,173.194.151.108,,,41505,443,0,37,17
1589249320.212287,173.194.151.108,10.10.0.10,,,443,41505,0,1358,17
1589249320.219025,173.194.151.108,10.10.0.10,,,443,41505,0,1358,17
1589249320.220794,10.10.0.10,173.194.151.108,,,41505,443,0,37,17
1589249320.225775,173.194.151.108,10.10.0.10,,,443,41505,0,1358,17
1589249320.2324922,173.194.151.108,10.10.0.10,,,443,41505,0,1358,17
1589249320.2340348,10.10.0.10,173.194.151.108,,,41505,443,0,37,17
1589249320.239218,173.194.151.108,10.10.0.10,,,443,41505,0,1358,17
1589249320.245965,173.194.151.108,10.10.0.10,,,443,41505,0,1358,17
1589249320.247416,10.10.0.10,173.194.151.108,,,41505,443,0,37,17
1589249320.2527,173.194.151.108,10.10.0.10,,,443,41505,0,1358,17
1589249320.259423,173.194.151.108,10.10.0.10,,,443,41505,0,1358,17
1589249320.261062,10.10.0.10,173.194.151.108,,,41505,443,0,37,17
1589249320.266149,173.194.151.108,10.10.0.10,,,443,41505,0,1358,17
1589249320.2728848,173.194.151.108,10.10.0.10,,,443,41505,0,1358,17
1589249320.2746868,10.10.0.10,173.194.151.108,,,41505,443,0,37,17
1589249320.279618,173.194.151.108,10.10.0.10,,,443,41505,0,1358,17
1589249320.286352,173.194.151.108,10.10.0.10,,,443,41505,0,1358,17
1589249320.287915,10.10.0.10,173.194.151.108,,,41505,443,0,37,17
1589249320.293081,173.194.151.108,10.10.0.10,,,443,41505,0,1358,17
1589249320.299834,173.194.151.108,10.10.0.10,,,443,41505,0,1358,17
1589249320.301541,10.10.0.10,173.194.151.108,,,41505,443,0,37,17
1589249320.3065536,173.194.151.108,10.10.0.10,,,443,41505,0,1358,17
1589249320.313282,173.194.151.108,10.10.0.10,,,443,41505,0,1358,17
1589249320.315063,10.10.0.10,173.194.151.108,,,41505,443,0,50,17
1589249320.320024,173.194.151.108,10.10.0.10,,,443,41505,0,1358,17
1589249320.3267481,173.194.151.108,10.10.0.10,,,443,41505,0,1358,17
1589249320.328559,10.10.0.10,173.194.151.108,,,41505,443,0,37,17
1589249320.333482,173.194.151.108,10.10.0.10,,,443,41505,0,1358,17
1589249320.340214,173.194.151.108,10.10.0.10,,,443,41505,0,1358,17
1589249320.3419151,10.10.0.10,173.194.151.108,,,41505,443,0,37,17
1589249320.346961,173.194.151.108,10.10.0.10,,,443,41505,0,1358,17
1589249320.3536801,173.194.151.108,10.10.0.10,,,443,41505,0,1358,17
1589249320.355537,10.10.0.10,173.194.151.108,,,41505,443,0,37,17
1589249320.360412,173.194.151.108,10.10.0.10,,,443,41505,0,1358,17
1589249320.3671448,173.194.151.108,10.10.0.10,,,443,41505,0,1358,17
1589249320.3687608,10.10.0.10,173.194.151.108,,,41505,443,0,37,17
1589249320.3738804,173.194.151.108,10.10.0.10,,,443,41505,0,1358,17
1589249320.380611,173.194.151.108,10.10.0.10,,,443,41505,0,1358,17
1589249320.3821619,10.10.0.10,173.194.151.108,,,41505,443,0,37,17
1589249320.3873384,173.194.151.108,10.10.0.10,,,443,41505,0,1358,17
1589249320.394086,173.194.151.108,10.10.0.10,,,443,41505,0,1358,17
1589249320.3956811,10.10.0.10,173.194.151.108,,,41505,443,0,37,17
1589249320.4008038,173.194.151.108,10.10.0.10,,,443,41505,0,1358,17
1589249320.407541,173.194.151.108,10.10.0.10,,,443,41505,0,1358,17
1589249320.409182,10.10.0.10,173.194.151.108,,,41505,443,0,37,17
1589249320.4142704,173.194.151.108,10.10.0.10,,,443,41505,0,1358,17
1589249320.4210188,173.194.151.108,10.10.0.10,,,443,41505,0,1358,17
1589249320.4226818,10.10.0.10,173.194.151.108,,,41505,443,0,37,17
1589249320.4277458,173.194.151.108,10.10.0.10,,,443,41505,0,1358,17
1589249320.434473,173.194.151.108,10.10.0.10,,,443,41505,0,1358,17
1589249320.437785,10.10.0.10,173.194.151.108,,,41505,443,0,37,17
1589249320.441209,173.194.151.108,10.10.0.10,,,443,41505,0,1358,17
1589249320.447937,173.194.151.108,10.10.0.10,,,443,41505,0,1358,17
1589249320.449666,10.10.0.10,173.194.151.108,,,41505,443,0,37,17
1589249320.454672,173.194.151.108,10.10.0.10,,,443,41505,0,1358,17
1589249320.4614036,173.194.151.108,10.10.0.10,,,443,41505,0,1358,17
1589249320.4630294,10.10.0.10,173.194.151.108,,,41505,443,0,37,17
1589249320.4681318,173.194.151.108,10.10.0.10,,,443,41505,0,1358,17
1589249320.474869,173.194.151.108,10.10.0.10,,,443,41505,0,1358,17
1589249320.4768028,10.10.0.10,173.194.151.108,,,41505,443,0,37,17
1589249320.4816039,173.194.151.108,10.10.0.10,,,443,41505,0,1358,17
1589249320.4883368,173.194.151.108,10.10.0.10,,,443,41505,0,1358,17
1589249320.4901788,10.10.0.10,173.194.151.108,,,41505,443,0,37,17
1589249320.495081,173.194.151.108,10.10.0.10,,,443,41505,0,1358,17
1589249320.501801,173.194.151.108,10.10.0.10,,,443,41505,0,1358,17
1589249320.5036602,10.10.0.10,173.194.151.108,,,41505,443,0,37,17
1589249320.5085351,173.194.151.108,10.10.0.10,,,443,41505,0,1358,17
1589249320.515267,173.194.151.108,10.10.0.10,,,443,41505,0,1358,17
1589249320.5169132,10.10.0.10,173.194.151.108,,,41505,443,0,37,17
1589249320.5219939,173.194.151.108,10.10.0.10,,,443,41505,0,1358,17
1589249320.528732,173.194.151.108,10.10.0.10,,,443,41505,0,1358,17
1589249320.531681,10.10.0.10,173.194.151.108,,,41505,443,0,37,17
1589249320.535466,173.194.151.108,10.10.0.10,,,443,41505,0,1358,17
1589249320.542206,173.194.151.108,10.10.0.10,,,443,41505,0,1358,17
1589249320.543908,10.10.0.10,173.194.151.108,,,41505,443,0,37,17
1589249320.5489511,173.194.151.108,10.10.0.10,,,443,41505,0,1358,17
1589249320.555664,173.194.151.108,10.10.0.10,,,443,41505,0,1358,17
1589249320.5574071,10.10.0.10,173.194.151.108,,,41505,443,0,37,17
1589249320.562392,173.194.151.108,10.10.0.10,,,443,41505,0,1358,17
1589249320.56914,173.194.151.108,10.10.0.10,,,443,41505,0,1358,17
1589249320.5709262,10.10.0.10,173.194.151.108,,,41505,443,0,37,17
1589249320.5758748,173.194.151.108,10.10.0.10,,,443,41505,0,1358,17
1589249320.582593,173.194.151.108,10.10.0.10,,,443,41505,0,1358,17
1589249320.584408,10.10.0.10,173.194.151.108,,,41505,443,0,50,17
1589249320.589322,173.194.151.108,10.10.0.10,,,443,41505,0,1358,17
1589249320.5960588,173.194.151.108,10.10.0.10,,,443,41505,0,1358,17
1589249320.5977812,10.10.0.10,173.194.151.108,,,41505,443,0,37,17
1589249320.602792,173.194.151.108,10.10.0.10,,,443,41505,0,1358,17
1589249320.6095252,173.194.151.108,10.10.0.10,,,443,41505,0,1358,17
1589249320.6111548,10.10.0.10,173.194.151.108,,,41505,443,0,37,17
1589249320.6162524,173.194.151.108,10.10.0.10,,,443,41505,0,1358,17
1589249320.6229901,173.194.151.108,10.10.0.10,,,443,41505,0,1358,17
1589249320.624615,10.10.0.10,173.194.151.108,,,41505,443,0,37,17
1589249320.6297169,173.194.151.108,10.10.0.10,,,443,41505,0,1358,17
1589249320.636455,173.194.151.108,10.10.0.10,,,443,41505,0,1358,17
1589249320.638492,10.10.0.10,173.194.151.108,,,41505,443,0,37,17
1589249320.643182,173.194.151.108,10.10.0.10,,,443,41505,0,1358,17
1589249320.649935,173.194.151.108,10.10.0.10,,,443,41505,0,1358,17
1589249320.653135,10.10.0.10,173.194.151.108,,,41505,443,0,37,17
1589249320.6566482,173.194.151.108,10.10.0.10,,,443,41505,0,1358,17
1589249320.663381,173.194.151.108,10.10.0.10,,,443,41505,0,1358,17
1589249320.6655366,10.10.0.10,173.194.151.108,,,41505,443,0,37,17
1589249320.670137,173.194.151.108,10.10.0.10,,,443,41505,0,1358,17
1589249320.6768515,173.194.151.108,10.10.0.10,,,443,41505,0,1358,17
1589249320.681905,10.10.0.10,173.194.151.108,,,41505,443,0,37,17
1589249320.683581,173.194.151.108,10.10.0.10,,,443,41505,0,1358,17
1589249320.690312,173.194.151.108,10.10.0.10,,,443,41505,0,1358,17
1589249320.691994,10.10.0.10,173.194.151.108,,,41505,443,0,37,17
1589249320.697046,173.194.151.108,10.10.0.10,,,443,41505,0,1358,17
1589249320.704273,173.194.151.108,10.10.0.10,,,443,41505,0,1358,17
1589249320.7059262,10.10.0.10,173.194.151.108,,,41505,443,0,37,17
1589249320.711017,173.194.151.108,10.10.0.10,,,443,41505,0,1358,17
1589249320.7177598,173.194.151.108,10.10.0.10,,,443,41505,0,1358,17
1589249320.719435,10.10.0.10,173.194.151.108,,,41505,443,0,37,17
1589249320.724474,173.194.151.108,10.10.0.10,,,443,41505,0,1358,17
1589249320.731209,173.194.151.108,10.10.0.10,,,443,41505,0,1358,17
1589249320.7329,10.10.0.10,173.194.151.108,,,41505,443,0,37,17
1589249320.737942,173.194.151.108,10.10.0.10,,,443,41505,0,1358,17
1589249320.744679,173.194.151.108,10.10.0.10,,,443,41505,0,1358,17
1589249320.74631,10.10.0.10,173.194.151.108,,,41505,443,0,37,17
1589249320.7514052,173.194.151.108,10.10.0.10,,,443,41505,0,1358,17
1589249320.758141,173.194.151.108,10.10.0.10,,,443,41505,0,1358,17
1589249320.759743,10.10.0.10,173.194.151.108,,,41505,443,0,37,17
1589249320.764872,173.194.151.108,10.10.0.10,,,443,41505,0,1358,17
1589249320.7716038,173.194.151.108,10.10.0.10,,,443,41505,0,1358,17
1589249320.773158,10.10.0.10,173.194.151.108,,,41505,443,0,37,17
1589249320.778337,173.194.151.108,10.10.0.10,,,443,41505,0,1358,17
1589249320.785076,173.194.151.108,10.10.0.10,,,443,41505,0,1358,17
1589249320.787286,10.10.0.10,173.194.151.108,,,41505,443,0,37,17
1589249320.791803,173.194.151.108,10.10.0.10,,,443,41505,0,1358,17
1589249320.7985358,173.194.151.108,10.10.0.10,,,443,41505,0,1358,17
1589249320.8001769,10.10.0.10,173.194.151.108,,,41505,443,0,37,17
1589249320.8052669,173.194.151.108,10.10.0.10,,,443,41505,0,1358,17
1589249320.8120089,173.194.151.108,10.10.0.10,,,443,41505,0,1358,17
1589249320.813927,10.10.0.10,173.194.151.108,,,41505,443,0,37,17
1589249320.818741,173.194.151.108,10.10.0.10,,,443,41505,0,1358,17
1589249320.8254669,173.194.151.108,10.10.0.10,,,443,41505,0,1358,17
1589249320.832199,173.194.151.108,10.10.0.10,,,443,41505,0,1358,17
1589249320.8389359,173.194.151.108,10.10.0.10,,,443,41505,0,1358,17
1589249320.8456712,173.194.151.108,10.10.0.10,,,443,41505,0,1358,17
1589249320.8487759,10.10.0.10,173.194.151.108,,,41505,443,0,37,17
1589249320.8505242,10.10.0.10,173.194.151.108,,,41505,443,0,37,17
1589249320.852415,173.194.151.108,10.10.0.10,,,443,41505,0,1358,17
1589249320.853774,10.10.0.10,173.194.151.108,,,41505,443,0,50,17
1589249320.8591359,173.194.151.108,10.10.0.10,,,443,41505,0,1358,17
1589249320.865881,173.194.151.108,10.10.0.10,,,443,41505,0,1358,17
1589249320.867543,10.10.0.10,173.194.151.108,,,41505,443,0,37,17
1589249320.8726,173.194.151.108,10.10.0.10,,,443,41505,0,1358,17
1589249320.879334,173.194.151.108,10.10.0.10,,,443,41505,0,1358,17
1589249320.880919,10.10.0.10,173.194.151.108,,,41505,443,0,37,17
1589249320.8860712,173.194.151.108,10.10.0.10,,,443,41505,0,1358,17
1589249320.892817,173.194.151.108,10.10.0.10,,,443,41505,0,1358,17
1589249320.894402,10.10.0.10,173.194.151.108,,,41505,443,0,37,17
1589249320.8995314,173.194.151.108,10.10.0.10,,,443,41505,0,1358,17
1589249320.906266,173.194.151.108,10.10.0.10,,,443,41505,0,29,17
1589249320.9065619,173.194.151.108,10.10.0.10,,,443,41505,0,1358,17
1589249320.908169,10.10.0.10,173.194.151.108,,,41505,443,0,37,17
1589249320.9133182,173.194.151.108,10.10.0.10,,,443,41505,0,1358,17
1589249320.920047,173.194.151.108,10.10.0.10,,,443,41505,0,1358,17
1589249320.9217708,10.10.0.10,173.194.151.108,,,41505,443,0,37,17
1589249320.926768,173.194.151.108,10.10.0.10,,,443,41505,0,1358,17
1589249320.933505,173.194.151.108,10.10.0.10,,,443,41505,0,1358,17
1589249320.9351466,10.10.0.10,173.194.151.108,,,41505,443,0,37,17
1589249320.9402275,173.194.151.108,10.10.0.10,,,443,41505,0,1358,17
1589249320.946976,173.194.151.108,10.10.0.10,,,443,41505,0,1358,17
1589249320.950174,10.10.0.10,173.194.151.108,,,41505,443,0,37,17
1589249320.953701,173.194.151.108,10.10.0.10,,,443,41505,0,1358,17
1589249320.9604428,173.194.151.108,10.10.0.10,,,443,41505,0,1358,17
1589249320.962271,10.10.0.10,173.194.151.108,,,41505,443,0,37,17
1589249320.9671671,173.194.151.108,10.10.0.10,,,443,41505,0,1358,17
1589249320.9738991,173.194.151.108,10.10.0.10,,,443,41505,0,1358,17
1589249320.975917,10.10.0.10,173.194.151.108,,,41505,443,0,37,17
1589249320.980633,173.194.151.108,10.10.0.10,,,443,41505,0,1358,17
1589249320.987378,173.194.151.108,10.10.0.10,,,443,41505,0,1358,17
1589249320.988895,10.10.0.10,173.194.151.108,,,41505,443,0,37,17
1589249320.994096,173.194.151.108,10.10.0.10,,,443,41505,0,1358,17
1589249321.0008268,173.194.151.108,10.10.0.10,,,443,41505,0,1358,17
1589249321.0024018,10.10.0.10,173.194.151.108,,,41505,443,0,37,17
1589249321.007568,173.194.151.108,10.10.0.10,,,443,41505,0,1358,17
1589249321.014313,173.194.151.108,10.10.0.10,,,443,41505,0,1358,17
1589249321.015774,10.10.0.10,173.194.151.108,,,41505,443,0,37,17
1589249321.0210278,173.194.151.108,10.10.0.10,,,443,41505,0,1358,17
1589249321.02776,173.194.151.108,10.10.0.10,,,443,41505,0,1358,17
1589249321.029647,10.10.0.10,173.194.151.108,,,41505,443,0,37,17
1589249321.034502,173.194.151.108,10.10.0.10,,,443,41505,0,1358,17
1589249321.041224,173.194.151.108,10.10.0.10,,,443,41505,0,1358,17
1589249321.047974,173.194.151.108,10.10.0.10,,,443,41505,0,1358,17
1589249321.048897,10.10.0.10,173.194.151.108,,,41505,443,0,37,17
1589249321.0546908,173.194.151.108,10.10.0.10,,,443,41505,0,1358,17
1589249321.0562682,10.10.0.10,173.194.151.108,,,41505,443,0,37,17
1589249321.061438,173.194.151.108,10.10.0.10,,,443,41505,0,1358,17
1589249321.068158,173.194.151.108,10.10.0.10,,,443,41505,0,1358,17
1589249321.0696669,10.10.0.10,173.194.151.108,,,41505,443,0,37,17
1589249321.074889,173.194.151.108,10.10.0.10,,,443,41505,0,1358,17
1589249321.081625,173.194.151.108,10.10.0.10,,,443,41505,0,1358,17
1589249321.0831618,10.10.0.10,173.194.151.108,,,41505,443,0,37,17
1589249321.0883546,173.194.151.108,10.10.0.10,,,443,41505,0,1358,17
1589249321.0950868,173.194.151.108,10.10.0.10,,,443,41505,0,1358,17
1589249321.096515,10.10.0.10,173.194.151.108,,,41505,443,0,37,17
1589249321.101823,173.194.151.108,10.10.0.10,,,443,41505,0,1358,17
1589249321.108567,173.194.151.108,10.10.0.10,,,443,41505,0,1358,17
1589249321.115148,10.10.0.10,173.194.151.108,,,41505,443,0,37,17
1589249321.1152835,173.194.151.108,10.10.0.10,,,443,41505,0,1358,17
1589249321.1220198,173.194.151.108,10.10.0.10,,,443,41505,0,1358,17
1589249321.123913,10.10.0.10,173.194.151.108,,,41505,443,0,50,17
1589249321.128746,173.194.151.108,10.10.0.10,,,443,41505,0,1358,17
1589249321.1355011,173.194.151.108,10.10.0.10,,,443,41505,0,1358,17
1589249321.137038,10.10.0.10,173.194.151.108,,,41505,443,0,37,17
1589249321.1422179,173.194.151.108,10.10.0.10,,,443,41505,0,1358,17
1589249321.148953,173.194.151.108,10.10.0.10,,,443,41505,0,1358,17
1589249321.150537,10.10.0.10,173.194.151.108,,,41505,443,0,37,17
1589249321.155689,173.194.151.108,10.10.0.10,,,443,41505,0,1358,17
1589249321.162434,173.194.151.108,10.10.0.10,,,443,41505,0,1358,17
1589249321.1638944,10.10.0.10,173.194.151.108,,,41505,443,0,37,17
1589249321.16915,173.194.151.108,10.10.0.10,,,443,41505,0,1358,17
1589249321.1758811,173.194.151.108,10.10.0.10,,,443,41505,0,29,17
1589249321.176178,173.194.151.108,10.10.0.10,,,443,41505,0,1358,17
1589249321.1775134,10.10.0.10,173.194.151.108,,,41505,443,0,37,17
1589249321.182935,173.194.151.108,10.10.0.10,,,443,41505,0,1358,17
1589249321.1896515,173.194.151.108,10.10.0.10,,,443,41505,0,1358,17
1589249321.1923046,10.10.0.10,173.194.151.108,,,41505,443,0,37,17
1589249321.196385,173.194.151.108,10.10.0.10,,,443,41505,0,1358,17
1589249321.2031221,173.194.151.108,10.10.0.10,,,443,41505,0,1358,17
1589249321.2047708,10.10.0.10,173.194.151.108,,,41505,443,0,37,17
1589249321.2098498,173.194.151.108,10.10.0.10,,,443,41505,0,1358,17
1589249321.216583,173.194.151.108,10.10.0.10,,,443,41505,0,1358,17
1589249321.218389,10.10.0.10,173.194.151.108,,,41505,443,0,37,17
1589249321.2233126,173.194.151.108,10.10.0.10,,,443,41505,0,1358,17
1589249321.230062,173.194.151.108,10.10.0.10,,,443,41505,0,1358,17
1589249321.232264,10.10.0.10,173.194.151.108,,,41505,443,0,37,17
1589249321.2367814,173.194.151.108,10.10.0.10,,,443,41505,0,1358,17
1589249321.243512,173.194.151.108,10.10.0.10,,,443,41505,0,1358,17
1589249321.245409,10.10.0.10,173.194.151.108,,,41505,443,0,37,17
1589249321.250246,173.194.151.108,10.10.0.10,,,443,41505,0,1358,17
1589249321.256994,173.194.151.108,10.10.0.10,,,443,41505,0,1358,17
1589249321.258658,10.10.0.10,173.194.151.108,,,41505,443,0,37,17
1589249321.2637134,173.194.151.108,10.10.0.10,,,443,41505,0,1358,17
1589249321.2704446,173.194.151.108,10.10.0.10,,,443,41505,0,1358,17
1589249321.2721572,10.10.0.10,173.194.151.108,,,41505,443,0,37,17
1589249321.277184,173.194.151.108,10.10.0.10,,,443,41505,0,1358,17
1589249321.2839491,173.194.151.108,10.10.0.10,,,443,41505,0,1358,17
1589249321.285657,10.10.0.10,173.194.151.108,,,41505,443,0,37,17
1589249321.290642,173.194.151.108,10.10.0.10,,,443,41505,0,1358,17
1589249321.297375,173.194.151.108,10.10.0.10,,,443,41505,0,1358,17
1589249321.298904,10.10.0.10,173.194.151.108,,,41505,443,0,37,17
1589249321.3041186,173.194.151.108,10.10.0.10,,,443,41505,0,1358,17
1589249321.310842,173.194.151.108,10.10.0.10,,,443,41505,0,1358,17
1589249321.3130288,10.10.0.10,173.194.151.108,,,41505,443,0,37,17
1589249321.317575,173.194.151.108,10.10.0.10,,,443,41505,0,1358,17
1589249321.32431,173.194.151.108,10.10.0.10,,,443,41505,0,1358,17
1589249321.325885,10.10.0.10,173.194.151.108,,,41505,443,0,37,17
1589249321.3310552,173.194.151.108,10.10.0.10,,,443,41505,0,1358,17
1589249321.3377721,173.194.151.108,10.10.0.10,,,443,41505,0,1358,17
1589249321.3392518,10.10.0.10,173.194.151.108,,,41505,443,0,37,17
1589249321.344507,173.194.151.108,10.10.0.10,,,443,41505,0,1358,17
1589249321.351246,173.194.151.108,10.10.0.10,,,443,41505,0,1358,17
1589249321.3527868,10.10.0.10,173.194.151.108,,,41505,443,0,37,17
1589249321.3579712,173.194.151.108,10.10.0.10,,,443,41505,0,1358,17
1589249321.364698,173.194.151.108,10.10.0.10,,,443,41505,0,1358,17
1589249321.366385,10.10.0.10,173.194.151.108,,,41505,443,0,37,17
1589249321.371435,173.194.151.108,10.10.0.10,,,443,41505,0,1358,17
1589249321.3781812,173.194.151.108,10.10.0.10,,,443,41505,0,1358,17
1589249321.3799038,10.10.0.10,173.194.151.108,,,41505,443,0,37,17
1589249321.384903,173.194.151.108,10.10.0.10,,,443,41505,0,1358,17
1589249321.391633,173.194.151.108,10.10.0.10,,,443,41505,0,1358,17
1589249321.393383,10.10.0.10,173.194.151.108,,,41505,443,0,50,17
1589249321.398367,173.194.151.108,10.10.0.10,,,443,41505,0,1358,17
1589249321.405116,173.194.151.108,10.10.0.10,,,443,41505,0,1358,17
1589249321.406777,10.10.0.10,173.194.151.108,,,41505,443,0,37,17
1589249321.411834,173.194.151.108,10.10.0.10,,,443,41505,0,1358,17
1589249321.418568,173.194.151.108,10.10.0.10,,,443,41505,0,1358,17
1589249321.4202788,10.10.0.10,173.194.151.108,,,41505,443,0,37,17
1589249321.4253068,173.194.151.108,10.10.0.10,,,443,41505,0,1358,17
1589249321.432025,173.194.151.108,10.10.0.10,,,443,41505,0,1358,17
1589249321.4341538,10.10.0.10,173.194.151.108,,,41505,443,0,37,17
1589249321.4387634,173.194.151.108,10.10.0.10,,,443,41505,0,1358,17
1589249321.4454956,173.194.151.108,10.10.0.10,,,443,41505,0,29,17
1589249321.445793,173.194.151.108,10.10.0.10,,,443,41505,0,1358,17
1589249321.447401,10.10.0.10,173.194.151.108,,,41505,443,0,37,17
1589249321.4525318,173.194.151.108,10.10.0.10,,,443,41505,0,1358,17
1589249321.4592679,173.194.151.108,10.10.0.10,,,443,41505,0,1358,17
1589249321.4617562,10.10.0.10,173.194.151.108,,,41505,443,0,37,17
1589249321.466,173.194.151.108,10.10.0.10,,,443,41505,0,1358,17
1589249321.472739,173.194.151.108,10.10.0.10,,,443,41505,0,1358,17
1589249321.474498,10.10.0.10,173.194.151.108,,,41505,443,0,37,17
1589249321.479464,173.194.151.108,10.10.0.10,,,443,41505,0,1358,17
1589249321.4861982,173.194.151.108,10.10.0.10,,,443,41505,0,1358,17
1589249321.487999,10.10.0.10,173.194.151.108,,,41505,443,0,37,17
1589249321.4929314,173.194.151.108,10.10.0.10,,,443,41505,0,1358,17
1589249321.4996614,173.194.151.108,10.10.0.10,,,443,41505,0,1358,17
1589249321.5014,10.10.0.10,173.194.151.108,,,41505,443,0,37,17
1589249321.506398,173.194.151.108,10.10.0.10,,,443,41505,0,1358,17
1589249321.513129,173.194.151.108,10.10.0.10,,,443,41505,0,1358,17
1589249321.5148818,10.10.0.10,173.194.151.108,,,41505,443,0,37,17
1589249321.5198634,173.194.151.108,10.10.0.10,,,443,41505,0,1358,17
1589249321.526594,173.194.151.108,10.10.0.10,,,443,41505,0,1358,17
1589249321.528256,10.10.0.10,173.194.151.108,,,41505,443,0,37,17
1589249321.533329,173.194.151.108,10.10.0.10,,,443,41505,0,1358,17
1589249321.5400612,173.194.151.108,10.10.0.10,,,443,41505,0,1358,17
1589249321.541745,10.10.0.10,173.194.151.108,,,41505,443,0,37,17
1589249321.546804,173.194.151.108,10.10.0.10,,,443,41505,0,1358,17
1589249321.5535223,173.194.151.108,10.10.0.10,,,443,41505,0,1358,17
1589249321.555282,10.10.0.10,173.194.151.108,,,41505,443,0,37,17
1589249321.5602589,173.194.151.108,10.10.0.10,,,443,41505,0,1358,17
1589249321.5669901,173.194.151.108,10.10.0.10,,,443,41505,0,1358,17
1589249321.56863,10.10.0.10,173.194.151.108,,,41505,443,0,37,17
1589249321.573736,173.194.151.108,10.10.0.10,,,443,41505,0,1358,17
1589249321.580455,173.194.151.108,10.10.0.10,,,443,41505,0,1358,17
1589249321.582274,10.10.0.10,173.194.151.108,,,41505,443,0,37,17
1589249321.5871892,173.194.151.108,10.10.0.10,,,443,41505,0,1358,17
1589249321.5939288,173.194.151.108,10.10.0.10,,,443,41505,0,1358,17
1589249321.595742,10.10.0.10,173.194.151.108,,,41505,443,0,37,17
1589249321.600673,173.194.151.108,10.10.0.10,,,443,41505,0,1358,17
1589249321.6073885,173.194.151.108,10.10.0.10,,,443,41505,0,1358,17
1589249321.609013,10.10.0.10,173.194.151.108,,,41505,443,0,37,17
1589249321.61412,173.194.151.108,10.10.0.10,,,443,41505,0,1358,17
1589249321.6208599,173.194.151.108,10.10.0.10,,,443,41505,0,1358,17
1589249321.6225214,10.10.0.10,173.194.151.108,,,41505,443,0,37,17
1589249321.6275814,173.194.151.108,10.10.0.10,,,443,41505,0,1358,17
1589249321.6343162,173.194.151.108,10.10.0.10,,,443,41505,0,1358,17
1589249321.6357172,10.10.0.10,173.194.151.108,,,41505,443,0,37,17
1589249321.641043,173.194.151.108,10.10.0.10,,,443,41505,0,1358,17
1589249321.647782,173.194.151.108,10.10.0.10,,,443,41505,0,1358,17
1589249321.6493332,10.10.0.10,173.194.151.108,,,41505,443,0,37,17
1589249321.654527,173.194.151.108,10.10.0.10,,,443,41505,0,1358,17
1589249321.661242,173.194.151.108,10.10.0.10,,,443,41505,0,1358,17
1589249321.663147,10.10.0.10,173.194.151.108,,,41505,443,0,50,17
1589249321.667976,173.194.151.108,10.10.0.10,,,443,41505,0,1358,17
1589249321.674722,173.194.151.108,10.10.0.10,,,443,41505,0,1358,17
1589249321.6762571,10.10.0.10,173.194.151.108,,,41505,443,0,37,17
1589249321.681446,173.194.151.108,10.10.0.10,,,443,41505,0,1358,17
1589249321.688176,173.194.151.108,10.10.0.10,,,443,41505,0,1358,17
1589249321.689743,10.10.0.10,173.194.151.108,,,41505,443,0,37,17
1589249321.694907,173.194.151.108,10.10.0.10,,,443,41505,0,1358,17
1589249321.7016408,173.194.151.108,10.10.0.10,,,443,41505,0,1358,17
1589249321.7042522,10.10.0.10,173.194.151.108,,,41505,443,0,37,17
1589249321.7083778,173.194.151.108,10.10.0.10,,,443,41505,0,1358,17
1589249321.715106,173.194.151.108,10.10.0.10,,,443,41505,0,1358,17
1589249321.7167149,10.10.0.10,173.194.151.108,,,41505,443,0,37,17
1589249321.721844,173.194.151.108,10.10.0.10,,,443,41505,0,1358,17
1589249321.728575,173.194.151.108,10.10.0.10,,,443,41505,0,1358,17
1589249321.731243,10.10.0.10,173.194.151.108,,,41505,443,0,37,17
1589249321.7353091,173.194.151.108,10.10.0.10,,,443,41505,0,1358,17
1589249321.742038,173.194.151.108,10.10.0.10,,,443,41505,0,1358,17
1589249321.74365,10.10.0.10,173.194.151.108,,,41505,443,0,37,17
1589249321.748793,173.194.151.108,10.10.0.10,,,443,41505,0,1358,17
1589249321.755504,173.194.151.108,10.10.0.10,,,443,41505,0,1358,17
1589249321.7570882,10.10.0.10,173.194.151.108,,,41505,443,0,37,17
1589249321.7622368,173.194.151.108,10.10.0.10,,,443,41505,0,1358,17
1589249321.76897,173.194.151.108,10.10.0.10,,,443,41505,0,1358,17
1589249321.77052,10.10.0.10,173.194.151.108,,,41505,443,0,37,17
1589249321.775701,173.194.151.108,10.10.0.10,,,443,41505,0,1358,17
1589249321.782442,173.194.151.108,10.10.0.10,,,443,41505,0,1358,17
1589249321.7838829,10.10.0.10,173.194.151.108,,,41505,443,0,37,17
1589249321.7869608,10.10.0.10,173.194.151.108,,,41505,443,0,723,17
1589249321.786981,10.10.0.10,173.194.151.108,,,41505,443,0,48,17
1589249321.7891688,173.194.151.108,10.10.0.10,,,443,41505,0,1358,17
1589249321.7959301,173.194.151.108,10.10.0.10,,,443,41505,0,1358,17
1589249321.797504,10.10.0.10,173.194.151.108,,,41505,443,0,37,17
1589249321.802635,173.194.151.108,10.10.0.10,,,443,41505,0,1358,17
1589249321.809376,173.194.151.108,10.10.0.10,,,443,41505,0,1358,17
1589249321.810891,10.10.0.10,173.194.151.108,,,41505,443,0,37,17
1589249321.816098,173.194.151.108,10.10.0.10,,,443,41505,0,1358,17
1589249321.822839,173.194.151.108,10.10.0.10,,,443,41505,0,1358,17
1589249321.8243961,10.10.0.10,173.194.151.108,,,41505,443,0,37,17
1589249321.829574,173.194.151.108,10.10.0.10,,,443,41505,0,29,17
1589249321.829865,173.194.151.108,10.10.0.10,,,443,41505,0,1358,17
1589249321.8366098,173.194.151.108,10.10.0.10,,,443,41505,0,1358,17
1589249321.8382661,10.10.0.10,173.194.151.108,,,41505,443,0,37,17
1589249321.843333,173.194.151.108,10.10.0.10,,,443,41505,0,1358,17
1589249321.8500712,173.194.151.108,10.10.0.10,,,443,41505,0,1358,17
1589249321.851625,10.10.0.10,173.194.151.108,,,41505,443,0,37,17
1589249321.856805,173.194.151.108,10.10.0.10,,,443,41505,0,1358,17
1589249321.863534,173.194.151.108,10.10.0.10,,,443,41505,0,1358,17
1589249321.8651216,10.10.0.10,173.194.151.108,,,41505,443,0,37,17
1589249321.8702898,173.194.151.108,10.10.0.10,,,443,41505,0,1358,17
1589249321.877004,173.194.151.108,10.10.0.10,,,443,41505,0,1358,17
1589249321.8786428,10.10.0.10,173.194.151.108,,,41505,443,0,37,17
1589249321.8837302,173.194.151.108,10.10.0.10,,,443,41505,0,1358,17
1589249321.8904777,173.194.151.108,10.10.0.10,,,443,41505,0,1358,17
1589249321.891867,10.10.0.10,173.194.151.108,,,41505,443,0,37,17
1589249321.897205,173.194.151.108,10.10.0.10,,,443,41505,0,1358,17
1589249321.9039376,173.194.151.108,10.10.0.10,,,443,41505,0,1358,17
1589249321.9056401,10.10.0.10,173.194.151.108,,,41505,443,0,37,17
1589249321.910668,173.194.151.108,10.10.0.10,,,443,41505,0,1358,17
1589249321.9174142,173.194.151.108,10.10.0.10,,,443,41505,0,1358,17
1589249321.9192634,10.10.0.10,173.194.151.108,,,41505,443,0,37,17
1589249321.924132,173.194.151.108,10.10.0.10,,,443,41505,0,1358,17
1589249321.930864,173.194.151.108,10.10.0.10,,,443,41505,0,1358,17
1589249321.9328609,10.10.0.10,173.194.151.108,,,41505,443,0,37,17
1589249321.9376009,173.194.151.108,10.10.0.10,,,443,41505,0,1358,17
1589249321.9443321,173.194.151.108,10.10.0.10,,,443,41505,0,1358,17
1589249321.9461172,10.10.0.10,173.194.151.108,,,41505,443,0,37,17
1589249321.951064,173.194.151.108,10.10.0.10,,,443,41505,0,1358,17
1589249321.957795,173.194.151.108,10.10.0.10,,,443,41505,0,1358,17
1589249321.959359,10.10.0.10,173.194.151.108,,,41505,443,0,37,17
1589249321.9645245,173.194.151.108,10.10.0.10,,,443,41505,0,1358,17
1589249321.971261,173.194.151.108,10.10.0.10,,,443,41505,0,1358,17
1589249321.973636,10.10.0.10,173.194.151.108,,,41505,443,0,37,17
1589249321.977991,173.194.151.108,10.10.0.10,,,443,41505,0,1358,17
1589249321.9847322,173.194.151.108,10.10.0.10,,,443,41505,0,1358,17
1589249321.9866474,10.10.0.10,173.194.151.108,,,41505,443,0,37,17
1589249321.991474,173.194.151.108,10.10.0.10,,,443,41505,0,1358,17
1589249321.9981868,173.194.151.108,10.10.0.10,,,443,41505,0,1358,17
1589249322.000259,10.10.0.10,173.194.151.108,,,41505,443,0,37,17
1589249322.0049279,173.194.151.108,10.10.0.10,,,443,41505,0,1358,17
1589249322.011661,173.194.151.108,10.10.0.10,,,443,41505,0,1358,17
1589249322.0132391,10.10.0.10,173.194.151.108,,,41505,443,0,37,17
1589249322.018409,173.194.151.108,10.10.0.10,,,443,41505,0,1358,17
1589249322.0251238,173.194.151.108,10.10.0.10,,,443,41505,0,1358,17
1589249322.026761,10.10.0.10,173.194.151.108,,,41505,443,0,37,17
1589249322.0318508,173.194.151.108,10.10.0.10,,,443,41505,0,1358,17
1589249322.038597,173.194.151.108,10.10.0.10,,,443,41505,0,1358,17
1589249322.0401142,10.10.0.10,173.194.151.108,,,41505,443,0,37,17
1589249322.045321,173.194.151.108,10.10.0.10,,,443,41505,0,1358,17
1589249322.0520554,173.194.151.108,10.10.0.10,,,443,41505,0,1358,17
1589249322.053489,10.10.0.10,173.194.151.108,,,41505,443,0,50,17
1589249322.058782,173.194.151.108,10.10.0.10,,,443,41505,0,1358,17
1589249322.0655198,173.194.151.108,10.10.0.10,,,443,41505,0,1358,17
1589249322.067266,10.10.0.10,173.194.151.108,,,41505,443,0,37,17
1589249322.072248,173.194.151.108,10.10.0.10,,,443,41505,0,1358,17
1589249322.078988,173.194.151.108,10.10.0.10,,,443,41505,0,1358,17
1589249322.0807388,10.10.0.10,173.194.151.108,,,41505,443,0,37,17
1589249322.0857148,173.194.151.108,10.10.0.10,,,443,41505,0,1358,17
1589249322.0924509,173.194.151.108,10.10.0.10,,,443,41505,0,1358,17
1589249322.0941124,10.10.0.10,173.194.151.108,,,41505,443,0,37,17
1589249322.0991802,173.194.151.108,10.10.0.10,,,443,41505,0,1358,17
1589249322.1059165,173.194.151.108,10.10.0.10,,,443,41505,0,1358,17
1589249322.1126456,173.194.151.108,10.10.0.10,,,443,41505,0,1358,17
1589249322.1193821,173.194.151.108,10.10.0.10,,,443,41505,0,1358,17
1589249322.1261182,173.194.151.108,10.10.0.10,,,443,41505,0,1358,17
1589249322.1297412,10.10.0.10,173.194.151.108,,,41505,443,0,37,17
1589249322.130882,10.10.0.10,173.194.151.108,,,41505,443,0,37,17
1589249322.132848,173.194.151.108,10.10.0.10,,,443,41505,0,1358,17
1589249322.134362,10.10.0.10,173.194.151.108,,,41505,443,0,37,17
1589249322.1395948,173.194.151.108,10.10.0.10,,,443,41505,0,1358,17
1589249322.146312,173.194.151.108,10.10.0.10,,,443,41505,0,1358,17
1589249322.147969,10.10.0.10,173.194.151.108,,,41505,443,0,37,17
1589249322.1530461,173.194.151.108,10.10.0.10,,,443,41505,0,1358,17
1589249322.159784,173.194.151.108,10.10.0.10,,,443,41505,0,1358,17
1589249322.161603,10.10.0.10,173.194.151.108,,,41505,443,0,37,17
1589249322.1665332,173.194.151.108,10.10.0.10,,,443,41505,0,1358,17
1589249322.17325,173.194.151.108,10.10.0.10,,,443,41505,0,1358,17
1589249322.174862,10.10.0.10,173.194.151.108,,,41505,443,0,37,17
1589249322.1799722,173.194.151.108,10.10.0.10,,,443,41505,0,1358,17
1589249322.186719,173.194.151.108,10.10.0.10,,,443,41505,0,1358,17
1589249322.188373,10.10.0.10,173.194.151.108,,,41505,443,0,37,17
1589249322.1934438,173.194.151.108,10.10.0.10,,,443,41505,0,1358,17
1589249322.2001698,173.194.151.108,10.10.0.10,,,443,41505,0,1358,17
1589249322.201859,10.10.0.10,173.194.151.108,,,41505,443,0,37,17
1589249322.2069054,173.194.151.108,10.10.0.10,,,443,41505,0,1358,17
1589249322.2136538,173.194.151.108,10.10.0.10,,,443,41505,0,1358,17
1589249322.2164779,10.10.0.10,173.194.151.108,,,41505,443,0,37,17
1589249322.2203715,173.194.151.108,10.10.0.10,,,443,41505,0,1358,17
1589249322.2271068,173.194.151.108,10.10.0.10,,,443,41505,0,1358,17
1589249322.2291331,10.10.0.10,173.194.151.108,,,41505,443,0,37,17
1589249322.233842,173.194.151.108,10.10.0.10,,,443,41505,0,1358,17
1589249322.2405708,173.194.151.108,10.10.0.10,,,443,41505,0,1358,17
1589249322.2422528,10.10.0.10,173.194.151.108,,,41505,443,0,37,17
1589249322.247319,173.194.151.108,10.10.0.10,,,443,41505,0,1358,17
1589249322.254036,173.194.151.108,10.10.0.10,,,443,41505,0,1358,17
1589249322.255631,10.10.0.10,173.194.151.108,,,41505,443,0,37,17
1589249322.260765,173.194.151.108,10.10.0.10,,,443,41505,0,1358,17
1589249322.2675061,173.194.151.108,10.10.0.10,,,443,41505,0,1358,17
1589249322.269506,10.10.0.10,173.194.151.108,,,41505,443,0,37,17
1589249322.2742348,173.194.151.108,10.10.0.10,,,443,41505,0,1358,17
1589249322.2809699,173.194.151.108,10.10.0.10,,,443,41505,0,1358,17
1589249322.282633,10.10.0.10,173.194.151.108,,,41505,443,0,37,17
1589249322.287716,173.194.151.108,10.10.0.10,,,443,41505,0,1358,17
1589249322.2944329,173.194.151.108,10.10.0.10,,,443,41505,0,1358,17
1589249322.295976,10.10.0.10,173.194.151.108,,,41505,443,0,37,17
1589249322.301166,173.194.151.108,10.10.0.10,,,443,41505,0,1358,17
1589249322.3079052,173.194.151.108,10.10.0.10,,,443,41505,0,1358,17
1589249322.30961,10.10.0.10,173.194.151.108,,,41505,443,0,37,17
1589249322.314656,173.194.151.108,10.10.0.10,,,443,41505,0,1358,17
1589249322.321365,173.194.151.108,10.10.0.10,,,443,41505,0,1358,17
1589249322.323126,10.10.0.10,173.194.151.108,,,41505,443,0,50,17
1589249322.328108,173.194.151.108,10.10.0.10,,,443,41505,0,1358,17
1589249322.334839,173.194.151.108,10.10.0.10,,,443,41505,0,1358,17
1589249322.3364804,10.10.0.10,173.194.151.108,,,41505,443,0,37,17
1589249322.34157,173.194.151.108,10.10.0.10,,,443,41505,0,1358,17
1589249322.348295,173.194.151.108,10.10.0.10,,,443,41505,0,1358,17
1589249322.350105,10.10.0.10,173.194.151.108,,,41505,443,0,37,17
1589249322.3550286,173.194.151.108,10.10.0.10,,,443,41505,0,29,17
1589249322.3553276,173.194.151.108,10.10.0.10,,,443,41505,0,1358,17
1589249322.362068,173.194.151.108,10.10.0.10,,,443,41505,0,1358,17
1589249322.3638608,10.10.0.10,173.194.151.108,,,41505,443,0,37,17
1589249322.368799,173.194.151.108,10.10.0.10,,,443,41505,0,1358,17
1589249322.375534,173.194.151.108,10.10.0.10,,,443,41505,0,1358,17
1589249322.3773544,10.10.0.10,173.194.151.108,,,41505,443,0,37,17
1589249322.3822649,173.194.151.108,10.10.0.10,,,443,41505,0,1358,17
1589249322.389,173.194.151.108,10.10.0.10,,,443,41505,0,1358,17
1589249322.3907351,10.10.0.10,173.194.151.108,,,41505,443,0,37,17
1589249322.395731,173.194.151.108,10.10.0.10,,,443,41505,0,1358,17
1589249322.402462,173.194.151.108,10.10.0.10,,,443,41505,0,1358,17
1589249322.4042199,10.10.0.10,173.194.151.108,,,41505,443,0,37,17
1589249322.4092119,173.194.151.108,10.10.0.10,,,443,41505,0,1358,17
1589249322.415928,173.194.151.108,10.10.0.10,,,443,41505,0,1358,17
1589249322.417753,10.10.0.10,173.194.151.108,,,41505,443,0,37,17
1589249322.4226599,173.194.151.108,10.10.0.10,,,443,41505,0,1358,17
1589249322.429401,173.194.151.108,10.10.0.10,,,443,41505,0,1358,17
1589249322.4309788,10.10.0.10,173.194.151.108,,,41505,443,0,37,17
1589249322.436126,173.194.151.108,10.10.0.10,,,443,41505,0,1358,17
1589249322.44286,173.194.151.108,10.10.0.10,,,443,41505,0,1358,17
1589249322.444624,10.10.0.10,173.194.151.108,,,41505,443,0,37,17
1589249322.4495919,173.194.151.108,10.10.0.10,,,443,41505,0,1358,17
1589249322.456321,173.194.151.108,10.10.0.10,,,443,41505,0,1358,17
1589249322.458107,10.10.0.10,173.194.151.108,,,41505,443,0,37,17
1589249322.463057,173.194.151.108,10.10.0.10,,,443,41505,0,1358,17
1589249322.46979,173.194.151.108,10.10.0.10,,,443,41505,0,1358,17
1589249322.471497,10.10.0.10,173.194.151.108,,,41505,443,0,37,17
1589249322.476522,173.194.151.108,10.10.0.10,,,443,41505,0,1358,17
1589249322.483256,173.194.151.108,10.10.0.10,,,443,41505,0,1358,17
1589249322.4855769,10.10.0.10,173.194.151.108,,,41505,443,0,37,17
1589249322.489987,173.194.151.108,10.10.0.10,,,443,41505,0,1358,17
1589249322.496725,173.194.151.108,10.10.0.10,,,443,41505,0,1358,17
1589249322.4998536,10.10.0.10,173.194.151.108,,,41505,443,0,37,17
1589249322.503459,173.194.151.108,10.10.0.10,,,443,41505,0,1358,17
1589249322.510185,173.194.151.108,10.10.0.10,,,443,41505,0,1358,17
1589249322.5117269,10.10.0.10,173.194.151.108,,,41505,443,0,37,17
1589249322.516922,173.194.151.108,10.10.0.10,,,443,41505,0,1358,17
1589249322.523651,173.194.151.108,10.10.0.10,,,443,41505,0,1358,17
1589249322.52535,10.10.0.10,173.194.151.108,,,41505,443,0,37,17
1589249322.530392,173.194.151.108,10.10.0.10,,,443,41505,0,1358,17
1589249322.5371325,173.194.151.108,10.10.0.10,,,443,41505,0,1358,17
1589249322.5391011,10.10.0.10,173.194.151.108,,,41505,443,0,37,17
1589249322.5438461,173.194.151.108,10.10.0.10,,,443,41505,0,1358,17
1589249322.5505812,173.194.151.108,10.10.0.10,,,443,41505,0,1358,17
1589249322.5524971,10.10.0.10,173.194.151.108,,,41505,443,0,37,17
1589249322.5573149,173.194.151.108,10.10.0.10,,,443,41505,0,1358,17
1589249322.5640454,173.194.151.108,10.10.0.10,,,443,41505,0,1358,17
1589249322.565741,10.10.0.10,173.194.151.108,,,41505,443,0,37,17
1589249322.5707822,173.194.151.108,10.10.0.10,,,443,41505,0,1358,17
1589249322.5775099,173.194.151.108,10.10.0.10,,,443,41505,0,1358,17
1589249322.5792232,10.10.0.10,173.194.151.108,,,41505,443,0,37,17
1589249322.584242,173.194.151.108,10.10.0.10,,,443,41505,0,1358,17
1589249322.590975,173.194.151.108,10.10.0.10,,,443,41505,0,1358,17
1589249322.5937252,10.10.0.10,173.194.151.108,,,41505,443,0,50,17
1589249322.5977068,173.194.151.108,10.10.0.10,,,443,41505,0,1358,17
1589249322.604439,173.194.151.108,10.10.0.10,,,443,41505,0,1358,17
1589249322.606103,10.10.0.10,173.194.151.108,,,41505,443,0,37,17
1589249322.611182,173.194.151.108,10.10.0.10,,,443,41505,0,1358,17
1589249322.6179225,173.194.151.108,10.10.0.10,,,443,41505,0,1358,17
1589249322.6194649,10.10.0.10,173.194.151.108,,,41505,443,0,37,17
1589249322.624638,173.194.151.108,10.10.0.10,,,443,41505,0,29,17
1589249322.6249402,173.194.151.108,10.10.0.10,,,443,41505,0,1358,17
1589249322.631688,173.194.151.108,10.10.0.10,,,443,41505,0,1358,17
1589249322.6334932,10.10.0.10,173.194.151.108,,,41505,443,0,37,17
1589249322.638408,173.194.151.108,10.10.0.10,,,443,41505,0,1358,17
1589249322.6451411,173.194.151.108,10.10.0.10,,,443,41505,0,1358,17
1589249322.6472125,10.10.0.10,173.194.151.108,,,41505,443,0,37,17
1589249322.6518738,173.194.151.108,10.10.0.10,,,443,41505,0,1358,17
1589249322.658621,173.194.151.108,10.10.0.10,,,443,41505,0,1358,17
1589249322.6604614,10.10.0.10,173.194.151.108,,,41505,443,0,37,17
1589249322.665342,173.194.151.108,10.10.0.10,,,443,41505,0,1358,17
1589249322.672071,173.194.151.108,10.10.0.10,,,443,41505,0,1358,17
1589249322.673597,10.10.0.10,173.194.151.108,,,41505,443,0,37,17
1589249322.678808,173.194.151.108,10.10.0.10,,,443,41505,0,1358,17
1589249322.6855464,173.194.151.108,10.10.0.10,,,443,41505,0,1358,17
1589249322.687189,10.10.0.10,173.194.151.108,,,41505,443,0,37,17
1589249322.6922722,173.194.151.108,10.10.0.10,,,443,41505,0,1358,17
1589249322.699019,173.194.151.108,10.10.0.10,,,443,41505,0,1358,17
1589249322.700596,10.10.0.10,173.194.151.108,,,41505,443,0,37,17
1589249322.7057366,173.194.151.108,10.10.0.10,,,443,41505,0,1358,17
1589249322.712471,173.194.151.108,10.10.0.10,,,443,41505,0,1358,17
1589249322.7141216,10.10.0.10,173.194.151.108,,,41505,443,0,37,17
1589249322.719203,173.194.151.108,10.10.0.10,,,443,41505,0,1358,17
1589249322.725952,173.194.151.108,10.10.0.10,,,443,41505,0,1358,17
1589249322.7284641,10.10.0.10,173.194.151.108,,,41505,443,0,37,17
1589249322.7326741,173.194.151.108,10.10.0.10,,,443,41505,0,1358,17
1589249322.739408,173.194.151.108,10.10.0.10,,,443,41505,0,1358,17
1589249322.740864,10.10.0.10,173.194.151.108,,,41505,443,0,37,17
1589249322.7461429,173.194.151.108,10.10.0.10,,,443,41505,0,1358,17
1589249322.75289,173.194.151.108,10.10.0.10,,,443,41505,0,1358,17
1589249322.754476,10.10.0.10,173.194.151.108,,,41505,443,0,37,17
1589249322.759608,173.194.151.108,10.10.0.10,,,443,41505,0,1358,17
1589249322.766338,173.194.151.108,10.10.0.10,,,443,41505,0,1358,17
1589249322.7681158,10.10.0.10,173.194.151.108,,,41505,443,0,37,17
1589249322.773077,173.194.151.108,10.10.0.10,,,443,41505,0,1358,17
1589249322.7798028,173.194.151.108,10.10.0.10,,,443,41505,0,1358,17
1589249322.7828438,10.10.0.10,173.194.151.108,,,41505,443,0,37,17
1589249322.786536,173.194.151.108,10.10.0.10,,,443,41505,0,1358,17
1589249322.793271,173.194.151.108,10.10.0.10,,,443,41505,0,1358,17
1589249322.7958634,10.10.0.10,173.194.151.108,,,41505,443,0,37,17
1589249322.8000169,173.194.151.108,10.10.0.10,,,443,41505,0,1358,17
1589249322.806735,173.194.151.108,10.10.0.10,,,443,41505,0,1358,17
1589249322.808343,10.10.0.10,173.194.151.108,,,41505,443,0,37,17
1589249322.8134668,173.194.151.108,10.10.0.10,,,443,41505,0,1358,17
1589249322.820194,173.194.151.108,10.10.0.10,,,443,41505,0,1358,17
1589249322.821842,10.10.0.10,173.194.151.108,,,41505,443,0,37,17
1589249322.826932,173.194.151.108,10.10.0.10,,,443,41505,0,1358,17
1589249322.8336678,173.194.151.108,10.10.0.10,,,443,41505,0,1358,17
1589249322.836471,10.10.0.10,173.194.151.108,,,41505,443,0,37,17
1589249322.840394,173.194.151.108,10.10.0.10,,,443,41505,0,1358,17
1589249322.8471382,173.194.151.108,10.10.0.10,,,443,41505,0,1358,17
1589249322.850111,10.10.0.10,173.194.151.108,,,41505,443,0,37,17
1589249322.8538828,173.194.151.108,10.10.0.10,,,443,41505,0,1358,17
1589249322.8605974,173.194.151.108,10.10.0.10,,,443,41505,0,1358,17
1589249322.8623624,10.10.0.10,173.194.151.108,,,41505,443,0,50,17
1589249322.8673296,173.194.151.108,10.10.0.10,,,443,41505,0,1358,17
1589249322.874075,173.194.151.108,10.10.0.10,,,443,41505,0,1358,17
1589249322.875862,10.10.0.10,173.194.151.108,,,41505,443,0,37,17
1589249322.8807948,173.194.151.108,10.10.0.10,,,443,41505,0,1358,17
1589249322.887527,173.194.151.108,10.10.0.10,,,443,41505,0,1358,17
1589249322.8890908,10.10.0.10,173.194.151.108,,,41505,443,0,37,17
1589249322.89426,173.194.151.108,10.10.0.10,,,443,41505,0,29,17
1589249322.8945572,173.194.151.108,10.10.0.10,,,443,41505,0,1358,17
1589249322.9012961,173.194.151.108,10.10.0.10,,,443,41505,0,1358,17
1589249322.902839,10.10.0.10,173.194.151.108,,,41505,443,0,37,17
1589249322.9080286,173.194.151.108,10.10.0.10,,,443,41505,0,1358,17
1589249322.9147651,173.194.151.108,10.10.0.10,,,443,41505,0,1358,17
1589249322.9169636,10.10.0.10,173.194.151.108,,,41505,443,0,37,17
1589249322.921509,173.194.151.108,10.10.0.10,,,443,41505,0,1358,17
1589249322.928227,173.194.151.108,10.10.0.10,,,443,41505,0,1358,17
1589249322.929859,10.10.0.10,173.194.151.108,,,41505,443,0,37,17
1589249322.9349651,173.194.151.108,10.10.0.10,,,443,41505,0,1358,17
1589249322.9416964,173.194.151.108,10.10.0.10,,,443,41505,0,1358,17
1589249322.944115,10.10.0.10,173.194.151.108,,,41505,443,0,37,17
1589249322.948426,173.194.151.108,10.10.0.10,,,443,41505,0,1358,17
1589249322.9551554,173.194.151.108,10.10.0.10,,,443,41505,0,1358,17
1589249322.9567149,10.10.0.10,173.194.151.108,,,41505,443,0,37,17
1589249322.961888,173.194.151.108,10.10.0.10,,,443,41505,0,1358,17
1589249322.969954,173.194.151.108,10.10.0.10,,,443,41505,0,1358,17
1589249322.971607,10.10.0.10,173.194.151.108,,,41505,443,0,37,17
1589249322.978011,173.194.151.108,10.10.0.10,,,443,41505,0,1358,17
1589249322.9860651,173.194.151.108,10.10.0.10,,,443,41505,0,1358,17
1589249322.987734,10.10.0.10,173.194.151.108,,,41505,443,0,37,17
1589249322.9941351,173.194.151.108,10.10.0.10,,,443,41505,0,1358,17
1589249323.002199,173.194.151.108,10.10.0.10,,,443,41505,0,1358,17
1589249323.0039802,10.10.0.10,173.194.151.108,,,41505,443,0,37,17
1589249323.010257,173.194.151.108,10.10.0.10,,,443,41505,0,1358,17
1589249323.018297,173.194.151.108,10.10.0.10,,,443,41505,0,1358,17
1589249323.019839,10.10.0.10,173.194.151.108,,,41505,443,0,37,17
1589249323.0263536,173.194.151.108,10.10.0.10,,,443,41505,0,1358,17
1589249323.034415,173.194.151.108,10.10.0.10,,,443,41505,0,1358,17
1589249323.036855,10.10.0.10,173.194.151.108,,,41505,443,0,37,17
1589249323.0424721,173.194.151.108,10.10.0.10,,,443,41505,0,1358,17
1589249323.050529,173.194.151.108,10.10.0.10,,,443,41505,0,1358,17
1589249323.052337,10.10.0.10,173.194.151.108,,,41505,443,0,37,17
1589249323.0585802,173.194.151.108,10.10.0.10,,,443,41505,0,1358,17
1589249323.066644,173.194.151.108,10.10.0.10,,,443,41505,0,1358,17
1589249323.068462,10.10.0.10,173.194.151.108,,,41505,443,0,37,17
1589249323.074704,173.194.151.108,10.10.0.10,,,443,41505,0,1358,17
1589249323.0827632,173.194.151.108,10.10.0.10,,,443,41505,0,1358,17
1589249323.0844588,10.10.0.10,173.194.151.108,,,41505,443,0,37,17
1589249323.090819,173.194.151.108,10.10.0.10,,,443,41505,0,1358,17
1589249323.098881,173.194.151.108,10.10.0.10,,,443,41505,0,1358,17
1589249323.1005766,10.10.0.10,173.194.151.108,,,41505,443,0,37,17
1589249323.1069412,173.194.151.108,10.10.0.10,,,443,41505,0,1358,17
1589249323.115009,173.194.151.108,10.10.0.10,,,443,41505,0,1358,17
1589249323.1167278,10.10.0.10,173.194.151.108,,,41505,443,0,37,17
1589249323.123064,173.194.151.108,10.10.0.10,,,443,41505,0,1358,17
1589249323.1311092,173.194.151.108,10.10.0.10,,,443,41505,0,1358,17
1589249323.1331036,10.10.0.10,173.194.151.108,,,41505,443,0,37,17
1589249323.139166,173.194.151.108,10.10.0.10,,,443,41505,0,1358,17
1589249323.147225,173.194.151.108,10.10.0.10,,,443,41505,0,1358,17
1589249323.148824,10.10.0.10,173.194.151.108,,,41505,443,0,37,17
1589249323.15528,173.194.151.108,10.10.0.10,,,443,41505,0,1358,17
1589249323.1633394,173.194.151.108,10.10.0.10,,,443,41505,0,1358,17
1589249323.165209,10.10.0.10,173.194.151.108,,,41505,443,0,50,17
1589249323.1713972,173.194.151.108,10.10.0.10,,,443,41505,0,1358,17
1589249323.1794536,173.194.151.108,10.10.0.10,,,443,41505,0,1358,17
1589249323.181102,10.10.0.10,173.194.151.108,,,41505,443,0,37,17
1589249323.1875188,173.194.151.108,10.10.0.10,,,443,41505,0,1358,17
1589249323.195568,173.194.151.108,10.10.0.10,,,443,41505,0,1358,17
1589249323.197208,10.10.0.10,173.194.151.108,,,41505,443,0,37,17
1589249323.203629,173.194.151.108,10.10.0.10,,,443,41505,0,1358,17
1589249323.211689,173.194.151.108,10.10.0.10,,,443,41505,0,1358,17
1589249323.2130818,10.10.0.10,173.194.151.108,,,41505,443,0,37,17
1589249323.219753,173.194.151.108,10.10.0.10,,,443,41505,0,1358,17
1589249323.2278008,173.194.151.108,10.10.0.10,,,443,41505,0,1358,17
1589249323.2330801,10.10.0.10,173.194.151.108,,,41505,443,0,37,17
1589249323.235875,173.194.151.108,10.10.0.10,,,443,41505,0,1358,17
1589249323.2439196,173.194.151.108,10.10.0.10,,,443,41505,0,1358,17
1589249323.2454598,10.10.0.10,173.194.151.108,,,41505,443,0,37,17
1589249323.2519708,173.194.151.108,10.10.0.10,,,443,41505,0,1358,17
1589249323.2600286,173.194.151.108,10.10.0.10,,,443,41505,0,1358,17
1589249323.261726,10.10.0.10,173.194.151.108,,,41505,443,0,37,17
1589249323.2680922,173.194.151.108,10.10.0.10,,,443,41505,0,1358,17
1589249323.276151,173.194.151.108,10.10.0.10,,,443,41505,0,1358,17
1589249323.2776976,10.10.0.10,173.194.151.108,,,41505,443,0,37,17
1589249323.284207,173.194.151.108,10.10.0.10,,,443,41505,0,1358,17
1589249323.2922616,173.194.151.108,10.10.0.10,,,443,41505,0,1358,17
1589249323.2939742,10.10.0.10,173.194.151.108,,,41505,443,0,37,17
1589249323.30032,173.194.151.108,10.10.0.10,,,443,41505,0,1358,17
1589249323.308377,173.194.151.108,10.10.0.10,,,443,41505,0,1358,17
1589249323.309953,10.10.0.10,173.194.151.108,,,41505,443,0,37,17
1589249323.3164392,173.194.151.108,10.10.0.10,,,443,41505,0,1358,17
1589249323.3244922,173.194.151.108,10.10.0.10,,,443,41505,0,1358,17
1589249323.3262222,10.10.0.10,173.194.151.108,,,41505,443,0,37,17
1589249323.332561,173.194.151.108,10.10.0.10,,,443,41505,0,1358,17
1589249323.340625,173.194.151.108,10.10.0.10,,,443,41505,0,1358,17
1589249323.343071,10.10.0.10,173.194.151.108,,,41505,443,0,37,17
1589249323.348666,173.194.151.108,10.10.0.10,,,443,41505,0,1358,17
1589249323.3567472,173.194.151.108,10.10.0.10,,,443,41505,0,1358,17
1589249323.3644738,10.10.0.10,173.194.151.108,,,41505,443,0,37,17
1589249323.3647964,173.194.151.108,10.10.0.10,,,443,41505,0,1358,17
1589249323.3728454,173.194.151.108,10.10.0.10,,,443,41505,0,1358,17
1589249323.374576,10.10.0.10,173.194.151.108,,,41505,443,0,37,17
1589249323.380902,173.194.151.108,10.10.0.10,,,443,41505,0,1358,17
1589249323.388963,173.194.151.108,10.10.0.10,,,443,41505,0,1358,17
1589249323.397018,173.194.151.108,10.10.0.10,,,443,41505,0,1358,17
1589249323.4050758,173.194.151.108,10.10.0.10,,,443,41505,0,1358,17
1589249323.41191,10.10.0.10,173.194.151.108,,,41505,443,0,37,17
1589249323.4122,10.10.0.10,173.194.151.108,,,41505,443,0,37,17
1589249323.413137,173.194.151.108,10.10.0.10,,,443,41505,0,1358,17
1589249323.421193,173.194.151.108,10.10.0.10,,,443,41505,0,1358,17
1589249323.423095,10.10.0.10,173.194.151.108,,,41505,443,0,37,17
1589249323.429251,173.194.151.108,10.10.0.10,,,443,41505,0,1358,17
1589249323.4373071,173.194.151.108,10.10.0.10,,,443,41505,0,1358,17
1589249323.4390988,10.10.0.10,173.194.151.108,,,41505,443,0,37,17
1589249323.44537,173.194.151.108,10.10.0.10,,,443,41505,0,1358,17
1589249323.4534314,173.194.151.108,10.10.0.10,,,443,41505,0,1358,17
1589249323.455841,10.10.0.10,173.194.151.108,,,41505,443,0,37,17
1589249323.461497,173.194.151.108,10.10.0.10,,,443,41505,0,1358,17
1589249323.469538,173.194.151.108,10.10.0.10,,,443,41505,0,1358,17
1589249323.471202,10.10.0.10,173.194.151.108,,,41505,443,0,37,17
1589249323.477618,173.194.151.108,10.10.0.10,,,443,41505,0,1358,17
1589249323.485655,173.194.151.108,10.10.0.10,,,443,41505,0,1358,17
1589249323.487342,10.10.0.10,173.194.151.108,,,41505,443,0,50,17
1589249323.4937148,173.194.151.108,10.10.0.10,,,443,41505,0,1358,17
1589249323.5017712,173.194.151.108,10.10.0.10,,,443,41505,0,1358,17
1589249323.5033262,10.10.0.10,173.194.151.108,,,41505,443,0,37,17
1589249323.509827,173.194.151.108,10.10.0.10,,,443,41505,0,1358,17
1589249323.517888,173.194.151.108,10.10.0.10,,,443,41505,0,1358,17
1589249323.5197172,10.10.0.10,173.194.151.108,,,41505,443,0,37,17
1589249323.525944,173.194.151.108,10.10.0.10,,,443,41505,0,1358,17
1589249323.534009,173.194.151.108,10.10.0.10,,,443,41505,0,29,17
1589249323.53436,173.194.151.108,10.10.0.10,,,443,41505,0,1358,17
1589249323.5359519,10.10.0.10,173.194.151.108,,,41505,443,0,37,17
1589249323.5424302,173.194.151.108,10.10.0.10,,,443,41505,0,1358,17
1589249323.550482,173.194.151.108,10.10.0.10,,,443,41505,0,1358,17
1589249323.55206,10.10.0.10,173.194.151.108,,,41505,443,0,37,17
1589249323.558537,173.194.151.108,10.10.0.10,,,443,41505,0,1358,17
1589249323.566602,173.194.151.108,10.10.0.10,,,443,41505,0,1358,17
1589249323.5687964,10.10.0.10,173.194.151.108,,,41505,443,0,37,17
1589249323.5746508,173.194.151.108,10.10.0.10,,,443,41505,0,1358,17
1589249323.582724,173.194.151.108,10.10.0.10,,,443,41505,0,1358,17
1589249323.584574,10.10.0.10,173.194.151.108,,,41505,443,0,37,17
1589249323.5907722,173.194.151.108,10.10.0.10,,,443,41505,0,1358,17
1589249323.598826,173.194.151.108,10.10.0.10,,,443,41505,0,1358,17
1589249323.601187,10.10.0.10,173.194.151.108,,,41505,443,0,37,17
1589249323.6068866,173.194.151.108,10.10.0.10,,,443,41505,0,1358,17
1589249323.614943,173.194.151.108,10.10.0.10,,,443,41505,0,1358,17
1589249323.617683,10.10.0.10,173.194.151.108,,,41505,443,0,37,17
1589249323.623007,173.194.151.108,10.10.0.10,,,443,41505,0,1358,17
1589249323.631062,173.194.151.108,10.10.0.10,,,443,41505,0,1358,17
1589249323.632589,10.10.0.10,173.194.151.108,,,41505,443,0,37,17
1589249323.6391199,173.194.151.108,10.10.0.10,,,443,41505,0,1358,17
1589249323.6471741,173.194.151.108,10.10.0.10,,,443,41505,0,1358,17
1589249323.6500692,10.10.0.10,173.194.151.108,,,41505,443,0,37,17
1589249323.6552286,173.194.151.108,10.10.0.10,,,443,41505,0,1358,17
1589249323.6633012,173.194.151.108,10.10.0.10,,,443,41505,0,1358,17
1589249323.6651928,10.10.0.10,173.194.151.108,,,41505,443,0,37,17
1589249323.6713474,173.194.151.108,10.10.0.10,,,443,41505,0,1358,17
1589249323.6794062,173.194.151.108,10.10.0.10,,,443,41505,0,1358,17
1589249323.680944,10.10.0.10,173.194.151.108,,,41505,443,0,37,17
1589249323.68746,173.194.151.108,10.10.0.10,,,443,41505,0,1358,17
1589249323.695518,173.194.151.108,10.10.0.10,,,443,41505,0,1358,17
1589249323.697054,10.10.0.10,173.194.151.108,,,41505,443,0,37,17
1589249323.703581,173.194.151.108,10.10.0.10,,,443,41505,0,1358,17
1589249323.7116392,173.194.151.108,10.10.0.10,,,443,41505,0,1358,17
1589249323.714278,10.10.0.10,173.194.151.108,,,41505,443,0,37,17
1589249323.7196908,173.194.151.108,10.10.0.10,,,443,41505,0,1358,17
1589249323.727751,173.194.151.108,10.10.0.10,,,443,41505,0,1358,17
1589249323.72944,10.10.0.10,173.194.151.108,,,41505,443,0,37,17
1589249323.735816,173.194.151.108,10.10.0.10,,,443,41505,0,1358,17
1589249323.7438748,173.194.151.108,10.10.0.10,,,443,41505,0,1358,17
1589249323.746691,10.10.0.10,173.194.151.108,,,41505,443,0,37,17
1589249323.751945,173.194.151.108,10.10.0.10,,,443,41505,0,1358,17
1589249323.759983,173.194.151.108,10.10.0.10,,,443,41505,0,1358,17
1589249323.7617116,10.10.0.10,173.194.151.108,,,41505,443,0,37,17
1589249323.768047,173.194.151.108,10.10.0.10,,,443,41505,0,1358,17
1589249323.776113,173.194.151.108,10.10.0.10,,,443,41505,0,1358,17
1589249323.7776964,10.10.0.10,173.194.151.108,,,41505,443,0,37,17
1589249323.784173,173.194.151.108,10.10.0.10,,,443,41505,0,1358,17
1589249323.7922418,173.194.151.108,10.10.0.10,,,443,41505,0,1358,17
1589249323.793816,10.10.0.10,173.194.151.108,,,41505,443,0,37,17
1589249323.8002772,173.194.151.108,10.10.0.10,,,443,41505,0,1358,17
1589249323.808335,173.194.151.108,10.10.0.10,,,443,41505,0,1358,17
1589249323.8099618,10.10.0.10,173.194.151.108,,,41505,443,0,50,17
1589249323.816393,173.194.151.108,10.10.0.10,,,443,41505,0,1358,17
1589249323.8244526,173.194.151.108,10.10.0.10,,,443,41505,0,1358,17
1589249323.8261812,10.10.0.10,173.194.151.108,,,41505,443,0,37,17
1589249323.832505,173.194.151.108,10.10.0.10,,,443,41505,0,1358,17
1589249323.8405669,173.194.151.108,10.10.0.10,,,443,41505,0,1358,17
1589249323.8422089,10.10.0.10,173.194.151.108,,,41505,443,0,37,17
1589249323.848624,173.194.151.108,10.10.0.10,,,443,41505,0,1358,17
1589249323.8566804,173.194.151.108,10.10.0.10,,,443,41505,0,1358,17
1589249323.8581884,10.10.0.10,173.194.151.108,,,41505,443,0,37,17
1589249323.8647401,173.194.151.108,10.10.0.10,,,443,41505,0,29,17
1589249323.865099,173.194.151.108,10.10.0.10,,,443,41505,0,1358,17
1589249323.873158,173.194.151.108,10.10.0.10,,,443,41505,0,1358,17
1589249323.874958,10.10.0.10,173.194.151.108,,,41505,443,0,37,17
1589249323.881233,173.194.151.108,10.10.0.10,,,443,41505,0,1358,17
1589249323.8892932,173.194.151.108,10.10.0.10,,,443,41505,0,1358,17
1589249323.8910804,10.10.0.10,173.194.151.108,,,41505,443,0,37,17
1589249323.8973565,173.194.151.108,10.10.0.10,,,443,41505,0,1358,17
1589249323.9053938,173.194.151.108,10.10.0.10,,,443,41505,0,1358,17
1589249323.907059,10.10.0.10,173.194.151.108,,,41505,443,0,37,17
1589249323.9134538,173.194.151.108,10.10.0.10,,,443,41505,0,1358,17
1589249323.9215071,173.194.151.108,10.10.0.10,,,443,41505,0,318,17
1589249323.9229562,10.10.0.10,173.194.151.108,,,41505,443,0,37,17
1589249325.3220446,10.10.0.10,173.194.151.108,,,41505,443,0,723,17
1589249325.3220801,10.10.0.10,173.194.151.108,,,41505,443,0,48,17
1589249325.327999,173.194.151.108,10.10.0.10,,,443,41505,0,29,17
1589249325.328032,173.194.151.108,10.10.0.10,,,443,41505,0,1358,17
1589249325.3280554,173.194.151.108,10.10.0.10,,,443,41505,0,1358,17
1589249325.3305204,10.10.0.10,173.194.151.108,,,41505,443,0,37,17
1589249325.3352294,173.194.151.108,10.10.0.10,,,443,41505,0,1358,17
1589249325.343281,173.194.151.108,10.10.0.10,,,443,41505,0,1358,17
1589249325.344914,10.10.0.10,173.194.151.108,,,41505,443,0,37,17
1589249325.351347,173.194.151.108,10.10.0.10,,,443,41505,0,1358,17
1589249325.3594036,173.194.151.108,10.10.0.10,,,443,41505,0,1358,17
1589249325.36104,10.10.0.10,173.194.151.108,,,41505,443,0,37,17
1589249325.3674598,173.194.151.108,10.10.0.10,,,443,41505,0,1358,17
1589249325.375519,173.194.151.108,10.10.0.10,,,443,41505,0,1358,17
1589249325.377038,10.10.0.10,173.194.151.108,,,41505,443,0,37,17
1589249325.383575,173.194.151.108,10.10.0.10,,,443,41505,0,1358,17
1589249325.391633,173.194.151.108,10.10.0.10,,,443,41505,0,1358,17
1589249325.3932762,10.10.0.10,173.194.151.108,,,41505,443,0,37,17
1589249325.3996909,173.194.151.108,10.10.0.10,,,443,41505,0,1358,17
1589249325.407751,173.194.151.108,10.10.0.10,,,443,41505,0,1358,17
1589249325.4095068,10.10.0.10,173.194.151.108,,,41505,443,0,37,17
1589249325.415815,173.194.151.108,10.10.0.10,,,443,41505,0,1358,17
1589249325.42388,173.194.151.108,10.10.0.10,,,443,41505,0,1358,17
1589249325.425664,10.10.0.10,173.194.151.108,,,41505,443,0,37,17
1589249325.4319382,173.194.151.108,10.10.0.10,,,443,41505,0,1358,17
1589249325.4399786,173.194.151.108,10.10.0.10,,,443,41505,0,1358,17
1589249325.4434106,10.10.0.10,173.194.151.108,,,41505,443,0,37,17
1589249325.448039,173.194.151.108,10.10.0.10,,,443,41505,0,1358,17
1589249325.4560962,173.194.151.108,10.10.0.10,,,443,41505,0,1358,17
1589249325.457912,10.10.0.10,173.194.151.108,,,41505,443,0,37,17
1589249325.4641552,173.194.151.108,10.10.0.10,,,443,41505,0,1358,17
1589249325.4722269,173.194.151.108,10.10.0.10,,,443,41505,0,1358,17
1589249325.4740355,10.10.0.10,173.194.151.108,,,41505,443,0,37,17
1589249325.480266,173.194.151.108,10.10.0.10,,,443,41505,0,1358,17
1589249325.488324,173.194.151.108,10.10.0.10,,,443,41505,0,1358,17
1589249325.4900348,10.10.0.10,173.194.151.108,,,41505,443,0,37,17
1589249325.49638,173.194.151.108,10.10.0.10,,,443,41505,0,1358,17
1589249325.504447,173.194.151.108,10.10.0.10,,,443,41505,0,1358,17
1589249325.50616,10.10.0.10,173.194.151.108,,,41505,443,0,37,17
1589249325.512496,173.194.151.108,10.10.0.10,,,443,41505,0,1358,17
1589249325.520562,173.194.151.108,10.10.0.10,,,443,41505,0,1358,17
1589249325.523274,10.10.0.10,173.194.151.108,,,41505,443,0,37,17
1589249325.528614,173.194.151.108,10.10.0.10,,,443,41505,0,1358,17
1589249325.5366864,173.194.151.108,10.10.0.10,,,443,41505,0,1358,17
1589249325.5383878,10.10.0.10,173.194.151.108,,,41505,443,0,37,17
1589249325.544748,173.194.151.108,10.10.0.10,,,443,41505,0,1358,17
1589249325.552807,173.194.151.108,10.10.0.10,,,443,41505,0,1358,17
1589249325.5543892,10.10.0.10,173.194.151.108,,,41505,443,0,37,17
1589249325.560849,173.194.151.108,10.10.0.10,,,443,41505,0,1358,17
1589249325.568903,173.194.151.108,10.10.0.10,,,443,41505,0,1358,17
1589249325.570501,10.10.0.10,173.194.151.108,,,41505,443,0,37,17
1589249325.576962,173.194.151.108,10.10.0.10,,,443,41505,0,1358,17
1589249325.585016,173.194.151.108,10.10.0.10,,,443,41505,0,1358,17
1589249325.5867386,10.10.0.10,173.194.151.108,,,41505,443,0,37,17
1589249325.5930731,173.194.151.108,10.10.0.10,,,443,41505,0,1358,17
1589249325.601131,173.194.151.108,10.10.0.10,,,443,41505,0,1358,17
1589249325.6027539,10.10.0.10,173.194.151.108,,,41505,443,0,37,17
1589249325.60919,173.194.151.108,10.10.0.10,,,443,41505,0,1358,17
1589249325.6172578,173.194.151.108,10.10.0.10,,,443,41505,0,1358,17
1589249325.6190188,10.10.0.10,173.194.151.108,,,41505,443,0,37,17
1589249325.6253085,173.194.151.108,10.10.0.10,,,443,41505,0,1358,17
1589249325.6333635,173.194.151.108,10.10.0.10,,,443,41505,0,1358,17
1589249325.635133,10.10.0.10,173.194.151.108,,,41505,443,0,50,17
1589249325.641434,173.194.151.108,10.10.0.10,,,443,41505,0,1358,17
1589249325.649481,173.194.151.108,10.10.0.10,,,443,41505,0,1358,17
1589249325.651008,10.10.0.10,173.194.151.108,,,41505,443,0,37,17
1589249325.6575382,173.194.151.108,10.10.0.10,,,443,41505,0,1358,17
1589249325.665602,173.194.151.108,10.10.0.10,,,443,41505,0,1358,17
1589249325.669602,10.10.0.10,173.194.151.108,,,41505,443,0,37,17
1589249325.6736786,173.194.151.108,10.10.0.10,,,443,41505,0,1358,17
1589249325.6817179,173.194.151.108,10.10.0.10,,,443,41505,0,1358,17
1589249325.6832292,10.10.0.10,173.194.151.108,,,41505,443,0,37,17
1589249325.689769,173.194.151.108,10.10.0.10,,,443,41505,0,1358,17
1589249325.6978269,173.194.151.108,10.10.0.10,,,443,41505,0,1358,17
1589249325.699508,10.10.0.10,173.194.151.108,,,41505,443,0,37,17
1589249325.7058852,173.194.151.108,10.10.0.10,,,443,41505,0,1358,17
1589249325.713942,173.194.151.108,10.10.0.10,,,443,41505,0,1358,17
1589249325.715481,10.10.0.10,173.194.151.108,,,41505,443,0,37,17
1589249325.722001,173.194.151.108,10.10.0.10,,,443,41505,0,1358,17
1589249325.730059,173.194.151.108,10.10.0.10,,,443,41505,0,1358,17
1589249325.7317276,10.10.0.10,173.194.151.108,,,41505,443,0,37,17
1589249325.738122,173.194.151.108,10.10.0.10,,,443,41505,0,1358,17
1589249325.7461796,173.194.151.108,10.10.0.10,,,443,41505,0,1358,17
1589249325.747777,10.10.0.10,173.194.151.108,,,41505,443,0,37,17
1589249325.7542338,173.194.151.108,10.10.0.10,,,443,41505,0,1358,17
1589249325.762305,173.194.151.108,10.10.0.10,,,443,41505,0,1358,17
1589249325.7639036,10.10.0.10,173.194.151.108,,,41505,443,0,37,17
1589249325.7703652,173.194.151.108,10.10.0.10,,,443,41505,0,1358,17
1589249325.7784061,173.194.151.108,10.10.0.10,,,443,41505,0,1358,17
1589249325.7798898,10.10.0.10,173.194.151.108,,,41505,443,0,37,17
1589249325.7864704,173.194.151.108,10.10.0.10,,,443,41505,0,1358,17
1589249325.7945259,173.194.151.108,10.10.0.10,,,443,41505,0,1358,17
1589249325.796256,10.10.0.10,173.194.151.108,,,41505,443,0,37,17
1589249325.802585,173.194.151.108,10.10.0.10,,,443,41505,0,1358,17
1589249325.810644,173.194.151.108,10.10.0.10,,,443,41505,0,1358,17
1589249325.8122768,10.10.0.10,173.194.151.108,,,41505,443,0,37,17
1589249325.818702,173.194.151.108,10.10.0.10,,,443,41505,0,1358,17
1589249325.82676,173.194.151.108,10.10.0.10,,,443,41505,0,1358,17
1589249325.828382,10.10.0.10,173.194.151.108,,,41505,443,0,37,17
1589249325.834817,173.194.151.108,10.10.0.10,,,443,41505,0,1358,17
1589249325.8428748,173.194.151.108,10.10.0.10,,,443,41505,0,1358,17
1589249325.8444989,10.10.0.10,173.194.151.108,,,41505,443,0,37,17
1589249325.8509321,173.194.151.108,10.10.0.10,,,443,41505,0,1358,17
1589249325.8589911,173.194.151.108,10.10.0.10,,,443,41505,0,1358,17
1589249325.860879,10.10.0.10,173.194.151.108,,,41505,443,0,37,17
1589249325.8670518,173.194.151.108,10.10.0.10,,,443,41505,0,1358,17
1589249325.875103,173.194.151.108,10.10.0.10,,,443,41505,0,1358,17
1589249325.8767722,10.10.0.10,173.194.151.108,,,41505,443,0,37,17
1589249325.883159,173.194.151.108,10.10.0.10,,,443,41505,0,1358,17
1589249325.891237,173.194.151.108,10.10.0.10,,,443,41505,0,1358,17
1589249325.8931491,10.10.0.10,173.194.151.108,,,41505,443,0,37,17
1589249325.899298,173.194.151.108,10.10.0.10,,,443,41505,0,1358,17
1589249325.9073331,173.194.151.108,10.10.0.10,,,443,41505,0,1358,17
1589249325.9093974,10.10.0.10,173.194.151.108,,,41505,443,0,37,17
1589249325.915399,173.194.151.108,10.10.0.10,,,443,41505,0,1358,17
1589249325.923452,173.194.151.108,10.10.0.10,,,443,41505,0,1358,17
1589249325.9250221,10.10.0.10,173.194.151.108,,,41505,443,0,37,17
1589249325.9315119,173.194.151.108,10.10.0.10,,,443,41505,0,1358,17
1589249325.939576,173.194.151.108,10.10.0.10,,,443,41505,0,1358,17
1589249325.9476268,173.194.151.108,10.10.0.10,,,443,41505,0,1358,17
1589249325.955684,173.194.151.108,10.10.0.10,,,443,41505,0,1358,17
1589249325.963744,173.194.151.108,10.10.0.10,,,443,41505,0,1358,17
1589249325.9683962,10.10.0.10,173.194.151.108,,,41505,443,0,37,17
1589249325.9701474,10.10.0.10,173.194.151.108,,,41505,443,0,50,17
1589249325.971804,173.194.151.108,10.10.0.10,,,443,41505,0,1358,17
1589249325.973381,10.10.0.10,173.194.151.108,,,41505,443,0,37,17
1589249325.9798589,173.194.151.108,10.10.0.10,,,443,41505,0,1358,17
1589249325.987921,173.194.151.108,10.10.0.10,,,443,41505,0,1358,17
1589249325.98975,10.10.0.10,173.194.151.108,,,41505,443,0,37,17
1589249325.99597,173.194.151.108,10.10.0.10,,,443,41505,0,1358,17
1589249326.0040338,173.194.151.108,10.10.0.10,,,443,41505,0,1358,17
1589249326.0070179,10.10.0.10,173.194.151.108,,,41505,443,0,37,17
1589249326.012091,173.194.151.108,10.10.0.10,,,443,41505,0,29,17
1589249326.012448,173.194.151.108,10.10.0.10,,,443,41505,0,1358,17
1589249326.020516,173.194.151.108,10.10.0.10,,,443,41505,0,1358,17
1589249326.0222418,10.10.0.10,173.194.151.108,,,41505,443,0,37,17
1589249326.0285714,173.194.151.108,10.10.0.10,,,443,41505,0,1358,17
1589249326.0366304,173.194.151.108,10.10.0.10,,,443,41505,0,1358,17
1589249326.038394,10.10.0.10,173.194.151.108,,,41505,443,0,37,17
1589249326.044687,173.194.151.108,10.10.0.10,,,443,41505,0,1358,17
1589249326.0527446,173.194.151.108,10.10.0.10,,,443,41505,0,1358,17
1589249326.054374,10.10.0.10,173.194.151.108,,,41505,443,0,37,17
1589249326.060804,173.194.151.108,10.10.0.10,,,443,41505,0,1358,17
1589249326.068862,173.194.151.108,10.10.0.10,,,443,41505,0,1358,17
1589249326.0715,10.10.0.10,173.194.151.108,,,41505,443,0,37,17
1589249326.076921,173.194.151.108,10.10.0.10,,,443,41505,0,1358,17
1589249326.0849798,173.194.151.108,10.10.0.10,,,443,41505,0,1358,17
1589249326.086624,10.10.0.10,173.194.151.108,,,41505,443,0,37,17
1589249326.0930474,173.194.151.108,10.10.0.10,,,443,41505,0,1358,17
1589249326.1011062,173.194.151.108,10.10.0.10,,,443,41505,0,1358,17
1589249326.102752,10.10.0.10,173.194.151.108,,,41505,443,0,37,17
1589249326.109168,173.194.151.108,10.10.0.10,,,443,41505,0,1358,17
1589249326.117207,173.194.151.108,10.10.0.10,,,443,41505,0,1358,17
1589249326.119374,10.10.0.10,173.194.151.108,,,41505,443,0,37,17
1589249326.1252675,173.194.151.108,10.10.0.10,,,443,41505,0,1358,17
1589249326.133325,173.194.151.108,10.10.0.10,,,443,41505,0,1358,17
1589249326.134871,10.10.0.10,173.194.151.108,,,41505,443,0,37,17
1589249326.141382,173.194.151.108,10.10.0.10,,,443,41505,0,1358,17
1589249326.149439,173.194.151.108,10.10.0.10,,,443,41505,0,1358,17
1589249326.1511214,10.10.0.10,173.194.151.108,,,41505,443,0,37,17
1589249326.1574972,173.194.151.108,10.10.0.10,,,443,41505,0,1358,17
1589249326.1655548,173.194.151.108,10.10.0.10,,,443,41505,0,1358,17
1589249326.167113,10.10.0.10,173.194.151.108,,,41505,443,0,37,17
1589249326.173614,173.194.151.108,10.10.0.10,,,443,41505,0,1358,17
1589249326.181674,173.194.151.108,10.10.0.10,,,443,41505,0,1358,17
1589249326.1833892,10.10.0.10,173.194.151.108,,,41505,443,0,37,17
1589249326.189728,173.194.151.108,10.10.0.10,,,443,41505,0,1358,17
1589249326.197792,173.194.151.108,10.10.0.10,,,443,41505,0,1358,17
1589249326.199369,10.10.0.10,173.194.151.108,,,41505,443,0,37,17
1589249326.205857,173.194.151.108,10.10.0.10,,,443,41505,0,1358,17
1589249326.213917,173.194.151.108,10.10.0.10,,,443,41505,0,1358,17
1589249326.215514,10.10.0.10,173.194.151.108,,,41505,443,0,37,17
1589249326.221975,173.194.151.108,10.10.0.10,,,443,41505,0,1358,17
1589249326.2300394,173.194.151.108,10.10.0.10,,,443,41505,0,1358,17
1589249326.2316198,10.10.0.10,173.194.151.108,,,41505,443,0,37,17
1589249326.2380762,173.194.151.108,10.10.0.10,,,443,41505,0,1358,17
1589249326.246135,173.194.151.108,10.10.0.10,,,443,41505,0,1358,17
1589249326.247968,10.10.0.10,173.194.151.108,,,41505,443,0,37,17
1589249326.254193,173.194.151.108,10.10.0.10,,,443,41505,0,1358,17
1589249326.262251,173.194.151.108,10.10.0.10,,,443,41505,0,1358,17
1589249326.263867,10.10.0.10,173.194.151.108,,,41505,443,0,37,17
1589249326.2703078,173.194.151.108,10.10.0.10,,,443,41505,0,1358,17
1589249326.2783651,173.194.151.108,10.10.0.10,,,443,41505,0,1358,17
1589249326.2799714,10.10.0.10,173.194.151.108,,,41505,443,0,50,17
1589249326.286423,173.194.151.108,10.10.0.10,,,443,41505,0,1358,17
1589249326.294481,173.194.151.108,10.10.0.10,,,443,41505,0,1358,17
1589249326.2962608,10.10.0.10,173.194.151.108,,,41505,443,0,37,17
1589249326.302542,173.194.151.108,10.10.0.10,,,443,41505,0,1358,17
1589249326.3106,173.194.151.108,10.10.0.10,,,443,41505,0,1358,17
1589249326.3137572,10.10.0.10,173.194.151.108,,,41505,443,0,37,17
1589249326.318664,173.194.151.108,10.10.0.10,,,443,41505,0,1358,17
1589249326.3267238,173.194.151.108,10.10.0.10,,,443,41505,0,1358,17
1589249326.32876,10.10.0.10,173.194.151.108,,,41505,443,0,37,17
1589249326.334769,173.194.151.108,10.10.0.10,,,443,41505,0,1358,17
1589249326.3428285,173.194.151.108,10.10.0.10,,,443,41505,0,1358,17
1589249326.344368,10.10.0.10,173.194.151.108,,,41505,443,0,37,17
1589249326.3508852,173.194.151.108,10.10.0.10,,,443,41505,0,1358,17
1589249326.3589456,173.194.151.108,10.10.0.10,,,443,41505,0,1358,17
1589249326.360624,10.10.0.10,173.194.151.108,,,41505,443,0,37,17
1589249326.367005,173.194.151.108,10.10.0.10,,,443,41505,0,1358,17
1589249326.3750598,173.194.151.108,10.10.0.10,,,443,41505,0,1358,17
1589249326.3769894,10.10.0.10,173.194.151.108,,,41505,443,0,37,17
1589249326.3831198,173.194.151.108,10.10.0.10,,,443,41505,0,1358,17
1589249326.391176,173.194.151.108,10.10.0.10,,,443,41505,0,1358,17
1589249326.392758,10.10.0.10,173.194.151.108,,,41505,443,0,37,17
1589249326.3992338,173.194.151.108,10.10.0.10,,,443,41505,0,1358,17
1589249326.407292,173.194.151.108,10.10.0.10,,,443,41505,0,1358,17
1589249326.409008,10.10.0.10,173.194.151.108,,,41505,443,0,37,17
1589249326.4153502,173.194.151.108,10.10.0.10,,,443,41505,0,1358,17
1589249326.4234061,173.194.151.108,10.10.0.10,,,443,41505,0,1358,17
1589249326.425009,10.10.0.10,173.194.151.108,,,41505,443,0,37,17
1589249326.4314704,173.194.151.108,10.10.0.10,,,443,41505,0,1358,17
1589249326.4395351,173.194.151.108,10.10.0.10,,,443,41505,0,1358,17
1589249326.441135,10.10.0.10,173.194.151.108,,,41505,443,0,37,17
1589249326.447596,173.194.151.108,10.10.0.10,,,443,41505,0,1358,17
1589249326.455657,173.194.151.108,10.10.0.10,,,443,41505,0,1358,17
1589249326.4574866,10.10.0.10,173.194.151.108,,,41505,443,0,37,17
1589249326.4636981,173.194.151.108,10.10.0.10,,,443,41505,0,1358,17
1589249326.4717536,173.194.151.108,10.10.0.10,,,443,41505,0,1358,17
1589249326.4734852,10.10.0.10,173.194.151.108,,,41505,443,0,37,17
1589249326.479813,173.194.151.108,10.10.0.10,,,443,41505,0,1358,17
1589249326.4878712,173.194.151.108,10.10.0.10,,,443,41505,0,1358,17
1589249326.489611,10.10.0.10,173.194.151.108,,,41505,443,0,37,17
1589249326.495936,173.194.151.108,10.10.0.10,,,443,41505,0,1358,17
1589249326.503985,173.194.151.108,10.10.0.10,,,443,41505,0,1358,17
1589249326.509006,10.10.0.10,173.194.151.108,,,41505,443,0,37,17
1589249326.5120518,173.194.151.108,10.10.0.10,,,443,41505,0,1358,17
1589249326.520104,173.194.151.108,10.10.0.10,,,443,41505,0,1358,17
1589249326.5218694,10.10.0.10,173.194.151.108,,,41505,443,0,37,17
1589249326.5281544,173.194.151.108,10.10.0.10,,,443,41505,0,1358,17
1589249326.536218,173.194.151.108,10.10.0.10,,,443,41505,0,1358,17
1589249326.5378618,10.10.0.10,173.194.151.108,,,41505,443,0,37,17
1589249326.5442774,173.194.151.108,10.10.0.10,,,443,41505,0,1358,17
1589249326.5523431,173.194.151.108,10.10.0.10,,,443,41505,0,1358,17
1589249326.555827,10.10.0.10,173.194.151.108,,,41505,443,0,37,17
1589249326.56039,173.194.151.108,10.10.0.10,,,443,41505,0,1358,17
1589249326.56845,173.194.151.108,10.10.0.10,,,443,41505,0,1358,17
1589249326.5702374,10.10.0.10,173.194.151.108,,,41505,443,0,37,17
1589249326.5765,173.194.151.108,10.10.0.10,,,443,41505,0,1358,17
1589249326.584567,173.194.151.108,10.10.0.10,,,443,41505,0,1358,17
1589249326.586715,10.10.0.10,173.194.151.108,,,41505,443,0,37,17
1589249326.592624,173.194.151.108,10.10.0.10,,,443,41505,0,1358,17
1589249326.600682,173.194.151.108,10.10.0.10,,,443,41505,0,1358,17
1589249326.6022372,10.10.0.10,173.194.151.108,,,41505,443,0,50,17
1589249326.60874,173.194.151.108,10.10.0.10,,,443,41505,0,1358,17
1589249326.6167939,173.194.151.108,10.10.0.10,,,443,41505,0,1358,17
1589249326.6197069,10.10.0.10,173.194.151.108,,,41505,443,0,37,17
1589249326.624857,173.194.151.108,10.10.0.10,,,443,41505,0,1358,17
1589249326.6329124,173.194.151.108,10.10.0.10,,,443,41505,0,1358,17
1589249326.634481,10.10.0.10,173.194.151.108,,,41505,443,0,37,17
1589249326.64097,173.194.151.108,10.10.0.10,,,443,41505,0,1358,17
1589249326.649032,173.194.151.108,10.10.0.10,,,443,41505,0,1358,17
1589249326.650607,10.10.0.10,173.194.151.108,,,41505,443,0,37,17
1589249326.6570866,173.194.151.108,10.10.0.10,,,443,41505,0,1358,17
1589249326.665139,173.194.151.108,10.10.0.10,,,443,41505,0,1358,17
1589249326.6667228,10.10.0.10,173.194.151.108,,,41505,443,0,37,17
1589249326.673198,173.194.151.108,10.10.0.10,,,443,41505,0,1358,17
1589249326.681276,173.194.151.108,10.10.0.10,,,443,41505,0,1358,17
1589249326.684102,10.10.0.10,173.194.151.108,,,41505,443,0,37,17
1589249326.6893132,173.194.151.108,10.10.0.10,,,443,41505,0,1358,17
1589249326.6973732,173.194.151.108,10.10.0.10,,,443,41505,0,1358,17
1589249326.7019598,10.10.0.10,173.194.151.108,,,41505,443,0,37,17
1589249326.705433,173.194.151.108,10.10.0.10,,,443,41505,0,1358,17
1589249326.7134929,173.194.151.108,10.10.0.10,,,443,41505,0,1358,17
1589249326.715752,10.10.0.10,173.194.151.108,,,41505,443,0,37,17
1589249326.721548,173.194.151.108,10.10.0.10,,,443,41505,0,1358,17
1589249326.7296062,173.194.151.108,10.10.0.10,,,443,41505,0,1358,17
1589249326.731074,10.10.0.10,173.194.151.108,,,41505,443,0,37,17
1589249326.737659,173.194.151.108,10.10.0.10,,,443,41505,0,1358,17
1589249326.7457151,173.194.151.108,10.10.0.10,,,443,41505,0,1358,17
1589249326.7508738,10.10.0.10,173.194.151.108,,,41505,443,0,37,17
1589249326.7537801,173.194.151.108,10.10.0.10,,,443,41505,0,1358,17
1589249326.7618392,173.194.151.108,10.10.0.10,,,443,41505,0,1358,17
1589249326.763478,10.10.0.10,173.194.151.108,,,41505,443,0,37,17
1589249326.7699,173.194.151.108,10.10.0.10,,,443,41505,0,1358,17
1589249326.777962,173.194.151.108,10.10.0.10,,,443,41505,0,1358,17
1589249326.779498,10.10.0.10,173.194.151.108,,,41505,443,0,37,17
1589249326.7831259,10.10.0.10,173.194.151.108,,,41505,443,0,723,17
1589249326.7831519,10.10.0.10,173.194.151.108,,,41505,443,0,48,17
1589249326.786025,173.194.151.108,10.10.0.10,,,443,41505,0,1358,17
1589249326.794065,173.194.151.108,10.10.0.10,,,443,41505,0,1358,17
1589249326.7957492,10.10.0.10,173.194.151.108,,,41505,443,0,37,17
1589249326.8021276,173.194.151.108,10.10.0.10,,,443,41505,0,1358,17
1589249326.810186,173.194.151.108,10.10.0.10,,,443,41505,0,1358,17
1589249326.811872,10.10.0.10,173.194.151.108,,,41505,443,0,37,17
1589249326.8182428,173.194.151.108,10.10.0.10,,,443,41505,0,1358,17
1589249326.826302,173.194.151.108,10.10.0.10,,,443,41505,0,29,17
1589249326.82666,173.194.151.108,10.10.0.10,,,443,41505,0,1358,17
1589249326.8282428,10.10.0.10,173.194.151.108,,,41505,443,0,37,17
1589249326.834727,173.194.151.108,10.10.0.10,,,443,41505,0,1358,17
1589249326.842783,173.194.151.108,10.10.0.10,,,443,41505,0,1358,17
1589249326.8444948,10.10.0.10,173.194.151.108,,,41505,443,0,37,17
1589249326.850842,173.194.151.108,10.10.0.10,,,443,41505,0,1358,17
1589249326.858897,173.194.151.108,10.10.0.10,,,443,41505,0,1358,17
1589249326.860624,10.10.0.10,173.194.151.108,,,41505,443,0,37,17
1589249326.8669572,173.194.151.108,10.10.0.10,,,443,41505,0,1358,17
1589249326.875009,173.194.151.108,10.10.0.10,,,443,41505,0,1358,17
1589249326.8766,10.10.0.10,173.194.151.108,,,41505,443,0,37,17
1589249326.8830829,173.194.151.108,10.10.0.10,,,443,41505,0,1358,17
1589249326.8911252,173.194.151.108,10.10.0.10,,,443,41505,0,1358,17
1589249326.895479,10.10.0.10,173.194.151.108,,,41505,443,0,37,17
1589249326.8991866,173.194.151.108,10.10.0.10,,,443,41505,0,1358,17
1589249326.9072418,173.194.151.108,10.10.0.10,,,443,41505,0,1358,17
1589249326.908851,10.10.0.10,173.194.151.108,,,41505,443,0,37,17
1589249326.915303,173.194.151.108,10.10.0.10,,,443,41505,0,1358,17
1589249326.9233608,173.194.151.108,10.10.0.10,,,443,41505,0,1358,17
1589249326.924993,10.10.0.10,173.194.151.108,,,41505,443,0,37,17
1589249326.931419,173.194.151.108,10.10.0.10,,,443,41505,0,1358,17
1589249326.9394774,173.194.151.108,10.10.0.10,,,443,41505,0,1358,17
1589249326.94112,10.10.0.10,173.194.151.108,,,41505,443,0,37,17
1589249326.947535,173.194.151.108,10.10.0.10,,,443,41505,0,1358,17
1589249326.955592,173.194.151.108,10.10.0.10,,,443,41505,0,1358,17
1589249326.957222,10.10.0.10,173.194.151.108,,,41505,443,0,37,17
1589249326.963652,173.194.151.108,10.10.0.10,,,443,41505,0,1358,17
1589249326.971709,173.194.151.108,10.10.0.10,,,443,41505,0,1358,17
1589249326.973367,10.10.0.10,173.194.151.108,,,41505,443,0,37,17
1589249326.979769,173.194.151.108,10.10.0.10,,,443,41505,0,1358,17
1589249326.987833,173.194.151.108,10.10.0.10,,,443,41505,0,1358,17
1589249326.9904408,10.10.0.10,173.194.151.108,,,41505,443,0,37,17
1589249326.995879,173.194.151.108,10.10.0.10,,,443,41505,0,1358,17
1589249327.0039392,173.194.151.108,10.10.0.10,,,443,41505,0,1358,17
1589249327.005616,10.10.0.10,173.194.151.108,,,41505,443,0,37,17
1589249327.012015,173.194.151.108,10.10.0.10,,,443,41505,0,1358,17
1589249327.0200508,173.194.151.108,10.10.0.10,,,443,41505,0,1358,17
1589249327.0215971,10.10.0.10,173.194.151.108,,,41505,443,0,37,17
1589249327.0281172,173.194.151.108,10.10.0.10,,,443,41505,0,1358,17
1589249327.0361662,173.194.151.108,10.10.0.10,,,443,41505,0,1358,17
1589249327.043472,10.10.0.10,173.194.151.108,,,41505,443,0,37,17
1589249327.044223,173.194.151.108,10.10.0.10,,,443,41505,0,1358,17
1589249327.052288,173.194.151.108,10.10.0.10,,,443,41505,0,1358,17
1589249327.0539699,10.10.0.10,173.194.151.108,,,41505,443,0,37,17
1589249327.060344,173.194.151.108,10.10.0.10,,,443,41505,0,1358,17
1589249327.068399,173.194.151.108,10.10.0.10,,,443,41505,0,1358,17
1589249327.0702178,10.10.0.10,173.194.151.108,,,41505,443,0,37,17
1589249327.076457,173.194.151.108,10.10.0.10,,,443,41505,0,1358,17
1589249327.0845199,173.194.151.108,10.10.0.10,,,443,41505,0,1358,17
1589249327.0860932,10.10.0.10,173.194.151.108,,,41505,443,0,37,17
1589249327.092577,173.194.151.108,10.10.0.10,,,443,41505,0,1358,17
1589249327.100646,173.194.151.108,10.10.0.10,,,443,41505,0,1358,17
1589249327.1024678,10.10.0.10,173.194.151.108,,,41505,443,0,50,17
1589249327.1087012,173.194.151.108,10.10.0.10,,,443,41505,0,1358,17
1589249327.1167624,173.194.151.108,10.10.0.10,,,443,41505,0,1358,17
1589249327.119208,10.10.0.10,173.194.151.108,,,41505,443,0,37,17
1589249327.1248038,173.194.151.108,10.10.0.10,,,443,41505,0,1358,17
1589249327.132888,173.194.151.108,10.10.0.10,,,443,41505,0,1358,17
1589249327.1346116,10.10.0.10,173.194.151.108,,,41505,443,0,37,17
1589249327.1409242,173.194.151.108,10.10.0.10,,,443,41505,0,29,17
1589249327.1412818,173.194.151.108,10.10.0.10,,,443,41505,0,1358,17
1589249327.149346,173.194.151.108,10.10.0.10,,,443,41505,0,1358,17
1589249327.1509671,10.10.0.10,173.194.151.108,,,41505,443,0,37,17
1589249327.157407,173.194.151.108,10.10.0.10,,,443,41505,0,1358,17
1589249327.165462,173.194.151.108,10.10.0.10,,,443,41505,0,1358,17
1589249327.1672359,10.10.0.10,173.194.151.108,,,41505,443,0,37,17
1589249327.1735241,173.194.151.108,10.10.0.10,,,443,41505,0,1358,17
1589249327.181581,173.194.151.108,10.10.0.10,,,443,41505,0,1358,17
1589249327.1832442,10.10.0.10,173.194.151.108,,,41505,443,0,37,17
1589249327.189642,173.194.151.108,10.10.0.10,,,443,41505,0,1358,17
1589249327.1976988,173.194.151.108,10.10.0.10,,,443,41505,0,1358,17
1589249327.19936,10.10.0.10,173.194.151.108,,,41505,443,0,37,17
1589249327.205762,173.194.151.108,10.10.0.10,,,443,41505,0,1358,17
1589249327.2138221,173.194.151.108,10.10.0.10,,,443,41505,0,1358,17
1589249327.215486,10.10.0.10,173.194.151.108,,,41505,443,0,37,17
1589249327.2218866,173.194.151.108,10.10.0.10,,,443,41505,0,1358,17
1589249327.2299259,173.194.151.108,10.10.0.10,,,443,41505,0,1358,17
1589249327.237981,173.194.151.108,10.10.0.10,,,443,41505,0,1358,17
1589249327.246043,173.194.151.108,10.10.0.10,,,443,41505,0,1358,17
1589249327.251214,10.10.0.10,173.194.151.108,,,41505,443,0,37,17
1589249327.252478,10.10.0.10,173.194.151.108,,,41505,443,0,37,17
1589249327.254094,173.194.151.108,10.10.0.10,,,443,41505,0,1358,17
1589249327.2621572,173.194.151.108,10.10.0.10,,,443,41505,0,1358,17
1589249327.2637331,10.10.0.10,173.194.151.108,,,41505,443,0,37,17
1589249327.270214,173.194.151.108,10.10.0.10,,,443,41505,0,1358,17
1589249327.2782722,173.194.151.108,10.10.0.10,,,443,41505,0,1358,17
1589249327.2800589,10.10.0.10,173.194.151.108,,,41505,443,0,37,17
1589249327.28633,173.194.151.108,10.10.0.10,,,443,41505,0,1358,17
1589249327.294389,173.194.151.108,10.10.0.10,,,443,41505,0,1358,17
1589249327.297357,10.10.0.10,173.194.151.108,,,41505,443,0,37,17
1589249327.3024418,173.194.151.108,10.10.0.10,,,443,41505,0,1358,17
1589249327.3105054,173.194.151.108,10.10.0.10,,,443,41505,0,1358,17
1589249327.3120868,10.10.0.10,173.194.151.108,,,41505,443,0,37,17
1589249327.31857,173.194.151.108,10.10.0.10,,,443,41505,0,1358,17
1589249327.326634,173.194.151.108,10.10.0.10,,,443,41505,0,1358,17
1589249327.328481,10.10.0.10,173.194.151.108,,,41505,443,0,37,17
1589249327.3346775,173.194.151.108,10.10.0.10,,,443,41505,0,1358,17
1589249327.3427546,173.194.151.108,10.10.0.10,,,443,41505,0,1358,17
1589249327.3444614,10.10.0.10,173.194.151.108,,,41505,443,0,37,17
1589249327.3507972,173.194.151.108,10.10.0.10,,,443,41505,0,1358,17
1589249327.358852,173.194.151.108,10.10.0.10,,,443,41505,0,1358,17
1589249327.36071,10.10.0.10,173.194.151.108,,,41505,443,0,37,17
1589249327.366911,173.194.151.108,10.10.0.10,,,443,41505,0,1358,17
1589249327.37497,173.194.151.108,10.10.0.10,,,443,41505,0,1358,17
1589249327.3767116,10.10.0.10,173.194.151.108,,,41505,443,0,37,17
1589249327.383025,173.194.151.108,10.10.0.10,,,443,41505,0,1358,17
1589249327.3910828,173.194.151.108,10.10.0.10,,,443,41505,0,1358,17
1589249327.3928561,10.10.0.10,173.194.151.108,,,41505,443,0,37,17
1589249327.3991401,173.194.151.108,10.10.0.10,,,443,41505,0,1358,17
1589249327.4071991,173.194.151.108,10.10.0.10,,,443,41505,0,1358,17
1589249327.408979,10.10.0.10,173.194.151.108,,,41505,443,0,37,17
1589249327.415258,173.194.151.108,10.10.0.10,,,443,41505,0,1358,17
1589249327.4233172,173.194.151.108,10.10.0.10,,,443,41505,0,1358,17
1589249327.424952,10.10.0.10,173.194.151.108,,,41505,443,0,50,17
1589249327.4313822,173.194.151.108,10.10.0.10,,,443,41505,0,1358,17
1589249327.439442,173.194.151.108,10.10.0.10,,,443,41505,0,1358,17
1589249327.441458,10.10.0.10,173.194.151.108,,,41505,443,0,37,17
1589249327.4475029,173.194.151.108,10.10.0.10,,,443,41505,0,1358,17
1589249327.4555461,173.194.151.108,10.10.0.10,,,443,41505,0,1358,17
1589249327.4572198,10.10.0.10,173.194.151.108,,,41505,443,0,37,17
1589249327.4636035,173.194.151.108,10.10.0.10,,,443,41505,0,1358,17
1589249327.4716618,173.194.151.108,10.10.0.10,,,443,41505,0,29,17
1589249327.472021,173.194.151.108,10.10.0.10,,,443,41505,0,1358,17
1589249327.4738526,10.10.0.10,173.194.151.108,,,41505,443,0,37,17
1589249327.4800851,173.194.151.108,10.10.0.10,,,443,41505,0,1358,17
1589249327.4881456,173.194.151.108,10.10.0.10,,,443,41505,0,1358,17
1589249327.489861,10.10.0.10,173.194.151.108,,,41505,443,0,37,17
1589249327.496201,173.194.151.108,10.10.0.10,,,443,41505,0,1358,17
1589249327.5042598,173.194.151.108,10.10.0.10,,,443,41505,0,1358,17
1589249327.506207,10.10.0.10,173.194.151.108,,,41505,443,0,37,17
1589249327.5123172,173.194.151.108,10.10.0.10,,,443,41505,0,1358,17
1589249327.520369,173.194.151.108,10.10.0.10,,,443,41505,0,1358,17
1589249327.5222268,10.10.0.10,173.194.151.108,,,41505,443,0,37,17
1589249327.528439,173.194.151.108,10.10.0.10,,,443,41505,0,1358,17
1589249327.536505,173.194.151.108,10.10.0.10,,,443,41505,0,1358,17
1589249327.5382292,10.10.0.10,173.194.151.108,,,41505,443,0,37,17
1589249327.5445638,173.194.151.108,10.10.0.10,,,443,41505,0,1358,17
1589249327.552626,173.194.151.108,10.10.0.10,,,443,41505,0,1358,17
1589249327.55435,10.10.0.10,173.194.151.108,,,41505,443,0,37,17
1589249327.5606651,173.194.151.108,10.10.0.10,,,443,41505,0,1358,17
1589249327.5687196,173.194.151.108,10.10.0.10,,,443,41505,0,1358,17
1589249327.5705473,10.10.0.10,173.194.151.108,,,41505,443,0,37,17
1589249327.57678,173.194.151.108,10.10.0.10,,,443,41505,0,1358,17
1589249327.58484,173.194.151.108,10.10.0.10,,,443,41505,0,1358,17
1589249327.5873241,10.10.0.10,173.194.151.108,,,41505,443,0,37,17
1589249327.5928931,173.194.151.108,10.10.0.10,,,443,41505,0,1358,17
1589249327.6009462,173.194.151.108,10.10.0.10,,,443,41505,0,1358,17
1589249327.602727,10.10.0.10,173.194.151.108,,,41505,443,0,37,17
1589249327.609011,173.194.151.108,10.10.0.10,,,443,41505,0,1358,17
1589249327.617064,173.194.151.108,10.10.0.10,,,443,41505,0,1358,17
1589249327.6200788,10.10.0.10,173.194.151.108,,,41505,443,0,37,17
1589249327.625128,173.194.151.108,10.10.0.10,,,443,41505,0,1358,17
1589249327.6331801,173.194.151.108,10.10.0.10,,,443,41505,0,1358,17
1589249327.634683,10.10.0.10,173.194.151.108,,,41505,443,0,37,17
1589249327.6412358,173.194.151.108,10.10.0.10,,,443,41505,0,1358,17
1589249327.6493108,173.194.151.108,10.10.0.10,,,443,41505,0,1358,17
1589249327.650957,10.10.0.10,173.194.151.108,,,41505,443,0,37,17
1589249327.6573732,173.194.151.108,10.10.0.10,,,443,41505,0,1358,17
1589249327.665416,173.194.151.108,10.10.0.10,,,443,41505,0,1358,17
1589249327.667219,10.10.0.10,173.194.151.108,,,41505,443,0,37,17
1589249327.6734734,173.194.151.108,10.10.0.10,,,443,41505,0,1358,17
1589249327.6815429,173.194.151.108,10.10.0.10,,,443,41505,0,1358,17
1589249327.683222,10.10.0.10,173.194.151.108,,,41505,443,0,37,17
1589249327.689583,173.194.151.108,10.10.0.10,,,443,41505,0,1358,17
1589249327.6976411,173.194.151.108,10.10.0.10,,,443,41505,0,1358,17
1589249327.6995802,10.10.0.10,173.194.151.108,,,41505,443,0,37,17
1589249327.7057116,173.194.151.108,10.10.0.10,,,443,41505,0,1358,17
1589249327.713758,173.194.151.108,10.10.0.10,,,443,41505,0,1358,17
1589249327.7153141,10.10.0.10,173.194.151.108,,,41505,443,0,37,17
1589249327.721815,173.194.151.108,10.10.0.10,,,443,41505,0,1358,17
1589249327.729881,173.194.151.108,10.10.0.10,,,443,41505,0,1358,17
1589249327.7317102,10.10.0.10,173.194.151.108,,,41505,443,0,37,17
1589249327.7379322,173.194.151.108,10.10.0.10,,,443,41505,0,1358,17
1589249327.74599,173.194.151.108,10.10.0.10,,,443,41505,0,1358,17
1589249327.749584,10.10.0.10,173.194.151.108,,,41505,443,0,50,17
1589249327.7540472,173.194.151.108,10.10.0.10,,,443,41505,0,1358,17
1589249327.7621222,173.194.151.108,10.10.0.10,,,443,41505,0,1358,17
1589249327.763577,10.10.0.10,173.194.151.108,,,41505,443,0,37,17
1589249327.7701821,173.194.151.108,10.10.0.10,,,443,41505,0,1358,17
1589249327.7782438,173.194.151.108,10.10.0.10,,,443,41505,0,1358,17
1589249327.7798474,10.10.0.10,173.194.151.108,,,41505,443,0,37,17
1589249327.7862842,173.194.151.108,10.10.0.10,,,443,41505,0,1358,17
1589249327.794346,173.194.151.108,10.10.0.10,,,443,41505,0,29,17
1589249327.794698,173.194.151.108,10.10.0.10,,,443,41505,0,1358,17
1589249327.799218,10.10.0.10,173.194.151.108,,,41505,443,0,37,17
1589249327.802766,173.194.151.108,10.10.0.10,,,443,41505,0,1358,17
1589249327.810824,173.194.151.108,10.10.0.10,,,443,41505,0,1358,17
1589249327.812453,10.10.0.10,173.194.151.108,,,41505,443,0,37,17
1589249327.818883,173.194.151.108,10.10.0.10,,,443,41505,0,1358,17
1589249327.8269439,173.194.151.108,10.10.0.10,,,443,41505,0,1358,17
1589249327.8285725,10.10.0.10,173.194.151.108,,,41505,443,0,37,17
1589249327.8349948,173.194.151.108,10.10.0.10,,,443,41505,0,1358,17
1589249327.84305,173.194.151.108,10.10.0.10,,,443,41505,0,1358,17
1589249327.844576,10.10.0.10,173.194.151.108,,,41505,443,0,37,17
1589249327.85112,173.194.151.108,10.10.0.10,,,443,41505,0,1358,17
1589249327.8591788,173.194.151.108,10.10.0.10,,,443,41505,0,1358,17
1589249327.860966,10.10.0.10,173.194.151.108,,,41505,443,0,37,17
1589249327.867241,173.194.151.108,10.10.0.10,,,443,41505,0,1358,17
1589249327.8752804,173.194.151.108,10.10.0.10,,,443,41505,0,1358,17
1589249327.877073,10.10.0.10,173.194.151.108,,,41505,443,0,37,17
1589249327.8833635,173.194.151.108,10.10.0.10,,,443,41505,0,1358,17
1589249327.891403,173.194.151.108,10.10.0.10,,,443,41505,0,1358,17
1589249327.89309,10.10.0.10,173.194.151.108,,,41505,443,0,37,17
1589249327.899459,173.194.151.108,10.10.0.10,,,443,41505,0,1358,17
1589249327.9075172,173.194.151.108,10.10.0.10,,,443,41505,0,1358,17
1589249327.9095712,10.10.0.10,173.194.151.108,,,41505,443,0,37,17
1589249327.915575,173.194.151.108,10.10.0.10,,,443,41505,0,1358,17
1589249327.9236288,173.194.151.108,10.10.0.10,,,443,41505,0,1358,17
1589249327.925195,10.10.0.10,173.194.151.108,,,41505,443,0,37,17
1589249327.931691,173.194.151.108,10.10.0.10,,,443,41505,0,1358,17
1589249327.9397502,173.194.151.108,10.10.0.10,,,443,41505,0,1358,17
1589249327.9413402,10.10.0.10,173.194.151.108,,,41505,443,0,37,17
1589249327.947808,173.194.151.108,10.10.0.10,,,443,41505,0,1358,17
1589249327.9558609,173.194.151.108,10.10.0.10,,,443,41505,0,1358,17
1589249327.957338,10.10.0.10,173.194.151.108,,,41505,443,0,37,17
1589249327.963928,173.194.151.108,10.10.0.10,,,443,41505,0,1358,17
1589249327.9748828,173.194.151.108,10.10.0.10,,,443,41505,0,1358,17
1589249327.9764366,10.10.0.10,173.194.151.108,,,41505,443,0,37,17
1589249327.985863,173.194.151.108,10.10.0.10,,,443,41505,0,1358,17
1589249327.99681,173.194.151.108,10.10.0.10,,,443,41505,0,1358,17
1589249327.9983182,10.10.0.10,173.194.151.108,,,41505,443,0,37,17
1589249328.007765,173.194.151.108,10.10.0.10,,,443,41505,0,1358,17
1589249328.01874,173.194.151.108,10.10.0.10,,,443,41505,0,1358,17
1589249328.020205,10.10.0.10,173.194.151.108,,,41505,443,0,37,17
1589249328.029687,173.194.151.108,10.10.0.10,,,443,41505,0,1358,17
1589249328.040648,173.194.151.108,10.10.0.10,,,443,41505,0,1358,17
1589249328.0425901,10.10.0.10,173.194.151.108,,,41505,443,0,37,17
1589249328.051614,173.194.151.108,10.10.0.10,,,443,41505,0,1358,17
1589249328.062569,173.194.151.108,10.10.0.10,,,443,41505,0,1358,17
1589249328.064307,10.10.0.10,173.194.151.108,,,41505,443,0,37,17
1589249328.073532,173.194.151.108,10.10.0.10,,,443,41505,0,1358,17
1589249328.0844939,173.194.151.108,10.10.0.10,,,443,41505,0,1358,17
1589249328.08721,10.10.0.10,173.194.151.108,,,41505,443,0,37,17
1589249328.0954454,173.194.151.108,10.10.0.10,,,443,41505,0,1358,17
1589249328.1064231,173.194.151.108,10.10.0.10,,,443,41505,0,1358,17
1589249328.107958,10.10.0.10,173.194.151.108,,,41505,443,0,50,17
1589249328.11737,173.194.151.108,10.10.0.10,,,443,41505,0,1358,17
1589249328.1283321,173.194.151.108,10.10.0.10,,,443,41505,0,1358,17
1589249328.1299384,10.10.0.10,173.194.151.108,,,41505,443,0,37,17
1589249328.139297,173.194.151.108,10.10.0.10,,,443,41505,0,1358,17
1589249328.150264,173.194.151.108,10.10.0.10,,,443,41505,0,1358,17
1589249328.151942,10.10.0.10,173.194.151.108,,,41505,443,0,37,17
1589249328.1612296,173.194.151.108,10.10.0.10,,,443,41505,0,1358,17
1589249328.172169,173.194.151.108,10.10.0.10,,,443,41505,0,1358,17
1589249328.174186,10.10.0.10,173.194.151.108,,,41505,443,0,37,17
1589249328.183135,173.194.151.108,10.10.0.10,,,443,41505,0,1358,17
1589249328.1941092,173.194.151.108,10.10.0.10,,,443,41505,0,1358,17
1589249328.1958132,10.10.0.10,173.194.151.108,,,41505,443,0,37,17
1589249328.205058,173.194.151.108,10.10.0.10,,,443,41505,0,1358,17
1589249328.216018,173.194.151.108,10.10.0.10,,,443,41505,0,1358,17
1589249328.219208,10.10.0.10,173.194.151.108,,,41505,443,0,37,17
1589249328.226984,173.194.151.108,10.10.0.10,,,443,41505,0,1358,17
1589249328.2379394,173.194.151.108,10.10.0.10,,,443,41505,0,1358,17
1589249328.23983,10.10.0.10,173.194.151.108,,,41505,443,0,37,17
1589249328.2489011,173.194.151.108,10.10.0.10,,,443,41505,0,1358,17
1589249328.2598624,173.194.151.108,10.10.0.10,,,443,41505,0,1358,17
1589249328.2616851,10.10.0.10,173.194.151.108,,,41505,443,0,37,17
1589249328.270822,173.194.151.108,10.10.0.10,,,443,41505,0,1358,17
1589249328.281776,173.194.151.108,10.10.0.10,,,443,41505,0,1358,17
1589249328.28344,10.10.0.10,173.194.151.108,,,41505,443,0,37,17
1589249328.29274,173.194.151.108,10.10.0.10,,,443,41505,0,1358,17
1589249328.3037028,173.194.151.108,10.10.0.10,,,443,41505,0,1358,17
1589249328.3054528,10.10.0.10,173.194.151.108,,,41505,443,0,37,17
1589249328.314666,173.194.151.108,10.10.0.10,,,443,41505,0,1358,17
1589249328.325622,173.194.151.108,10.10.0.10,,,443,41505,0,1358,17
1589249328.3274329,10.10.0.10,173.194.151.108,,,41505,443,0,37,17
1589249328.336603,173.194.151.108,10.10.0.10,,,443,41505,0,1358,17
1589249328.3475502,173.194.151.108,10.10.0.10,,,443,41505,0,1358,17
1589249328.3491929,10.10.0.10,173.194.151.108,,,41505,443,0,37,17
1589249328.3585038,173.194.151.108,10.10.0.10,,,443,41505,0,1358,17
1589249328.3694804,173.194.151.108,10.10.0.10,,,443,41505,0,1358,17
1589249328.372206,10.10.0.10,173.194.151.108,,,41505,443,0,37,17
1589249328.380422,173.194.151.108,10.10.0.10,,,443,41505,0,1358,17
1589249328.391387,173.194.151.108,10.10.0.10,,,443,41505,0,1358,17
1589249328.3931859,10.10.0.10,173.194.151.108,,,41505,443,0,37,17
1589249328.402354,173.194.151.108,10.10.0.10,,,443,41505,0,1358,17
1589249328.413309,173.194.151.108,10.10.0.10,,,443,41505,0,1358,17
1589249328.415057,10.10.0.10,173.194.151.108,,,41505,443,0,37,17
1589249328.424273,173.194.151.108,10.10.0.10,,,443,41505,0,1358,17
1589249328.43523,173.194.151.108,10.10.0.10,,,443,41505,0,1358,17
1589249328.4373071,10.10.0.10,173.194.151.108,,,41505,443,0,37,17
1589249328.446191,173.194.151.108,10.10.0.10,,,443,41505,0,1358,17
1589249328.457162,173.194.151.108,10.10.0.10,,,443,41505,0,1358,17
1589249328.458953,10.10.0.10,173.194.151.108,,,41505,443,0,37,17
1589249328.468106,173.194.151.108,10.10.0.10,,,443,41505,0,1358,17
1589249328.4790704,173.194.151.108,10.10.0.10,,,443,41505,0,1358,17
1589249328.4808311,10.10.0.10,173.194.151.108,,,41505,443,0,37,17
1589249328.4900358,173.194.151.108,10.10.0.10,,,443,41505,0,1358,17
1589249328.500994,173.194.151.108,10.10.0.10,,,443,41505,0,1358,17
1589249328.511974,173.194.151.108,10.10.0.10,,,443,41505,0,1358,17
1589249328.5229158,173.194.151.108,10.10.0.10,,,443,41505,0,1358,17
1589249328.529793,10.10.0.10,173.194.151.108,,,41505,443,0,37,17
1589249328.53157,10.10.0.10,173.194.151.108,,,41505,443,0,37,17
1589249328.533875,173.194.151.108,10.10.0.10,,,443,41505,0,1358,17
1589249328.544848,173.194.151.108,10.10.0.10,,,443,41505,0,1358,17
1589249328.546553,10.10.0.10,173.194.151.108,,,41505,443,0,50,17
1589249328.5557961,173.194.151.108,10.10.0.10,,,443,41505,0,1358,17
1589249328.5667582,173.194.151.108,10.10.0.10,,,443,41505,0,1358,17
1589249328.568554,10.10.0.10,173.194.151.108,,,41505,443,0,37,17
1589249328.577713,173.194.151.108,10.10.0.10,,,443,41505,0,1358,17
1589249328.5886786,173.194.151.108,10.10.0.10,,,443,41505,0,1358,17
1589249328.5904288,10.10.0.10,173.194.151.108,,,41505,443,0,37,17
1589249328.5996392,173.194.151.108,10.10.0.10,,,443,41505,0,29,17
1589249328.600127,173.194.151.108,10.10.0.10,,,443,41505,0,1358,17
1589249328.612406,173.194.151.108,10.10.0.10,,,443,41505,0,1358,17
1589249328.614559,10.10.0.10,173.194.151.108,,,41505,443,0,37,17
1589249328.623368,173.194.151.108,10.10.0.10,,,443,41505,0,1358,17
1589249328.6343439,173.194.151.108,10.10.0.10,,,443,41505,0,1358,17
1589249328.639672,10.10.0.10,173.194.151.108,,,41505,443,0,37,17
1589249328.6452909,173.194.151.108,10.10.0.10,,,443,41505,0,1358,17
1589249328.656248,173.194.151.108,10.10.0.10,,,443,41505,0,1358,17
1589249328.6580784,10.10.0.10,173.194.151.108,,,41505,443,0,37,17
1589249328.667207,173.194.151.108,10.10.0.10,,,443,41505,0,1358,17
1589249328.678176,173.194.151.108,10.10.0.10,,,443,41505,0,1358,17
1589249328.680042,10.10.0.10,173.194.151.108,,,41505,443,0,37,17
1589249328.6891308,173.194.151.108,10.10.0.10,,,443,41505,0,1358,17
1589249328.700094,173.194.151.108,10.10.0.10,,,443,41505,0,1358,17
1589249328.701806,10.10.0.10,173.194.151.108,,,41505,443,0,37,17
1589249328.711058,173.194.151.108,10.10.0.10,,,443,41505,0,1358,17
1589249328.7220292,173.194.151.108,10.10.0.10,,,443,41505,0,1358,17
1589249328.724159,10.10.0.10,173.194.151.108,,,41505,443,0,37,17
1589249328.7329798,173.194.151.108,10.10.0.10,,,443,41505,0,1358,17
1589249328.7439456,173.194.151.108,10.10.0.10,,,443,41505,0,1358,17
1589249328.747318,10.10.0.10,173.194.151.108,,,41505,443,0,37,17
1589249328.7549038,173.194.151.108,10.10.0.10,,,443,41505,0,1358,17
1589249328.765857,173.194.151.108,10.10.0.10,,,443,41505,0,1358,17
1589249328.767398,10.10.0.10,173.194.151.108,,,41505,443,0,37,17
1589249328.776839,173.194.151.108,10.10.0.10,,,443,41505,0,1358,17
1589249328.7877822,173.194.151.108,10.10.0.10,,,443,41505,0,1358,17
1589249328.789439,10.10.0.10,173.194.151.108,,,41505,443,0,37,17
1589249328.7987359,173.194.151.108,10.10.0.10,,,443,41505,0,1358,17
1589249328.8097172,173.194.151.108,10.10.0.10,,,443,41505,0,1358,17
1589249328.811176,10.10.0.10,173.194.151.108,,,41505,443,0,37,17
1589249328.8206642,173.194.151.108,10.10.0.10,,,443,41505,0,1358,17
1589249328.831624,173.194.151.108,10.10.0.10,,,443,41505,0,1358,17
1589249328.8345652,10.10.0.10,173.194.151.108,,,41505,443,0,37,17
1589249328.84259,173.194.151.108,10.10.0.10,,,443,41505,0,1358,17
1589249328.8535461,173.194.151.108,10.10.0.10,,,443,41505,0,1358,17
1589249328.855295,10.10.0.10,173.194.151.108,,,41505,443,0,37,17
1589249328.8645039,173.194.151.108,10.10.0.10,,,443,41505,0,1358,17
1589249328.875466,173.194.151.108,10.10.0.10,,,443,41505,0,1358,17
1589249328.877318,10.10.0.10,173.194.151.108,,,41505,443,0,37,17
1589249328.886425,173.194.151.108,10.10.0.10,,,443,41505,0,1358,17
1589249328.8974,173.194.151.108,10.10.0.10,,,443,41505,0,1358,17
1589249328.8989182,10.10.0.10,173.194.151.108,,,41505,443,0,37,17
1589249328.908349,173.194.151.108,10.10.0.10,,,443,41505,0,1358,17
1589249328.9193132,173.194.151.108,10.10.0.10,,,443,41505,0,1358,17
1589249328.921187,10.10.0.10,173.194.151.108,,,41505,443,0,37,17
1589249328.930264,173.194.151.108,10.10.0.10,,,443,41505,0,1358,17
1589249328.941225,173.194.151.108,10.10.0.10,,,443,41505,0,1358,17
1589249328.94279,10.10.0.10,173.194.151.108,,,41505,443,0,37,17
1589249328.952211,173.194.151.108,10.10.0.10,,,443,41505,0,1358,17
1589249328.963151,173.194.151.108,10.10.0.10,,,443,41505,0,1358,17
1589249328.9651642,10.10.0.10,173.194.151.108,,,41505,443,0,37,17
1589249328.975427,173.194.151.108,10.10.0.10,,,443,41505,0,1358,17
1589249328.986398,173.194.151.108,10.10.0.10,,,443,41505,0,1358,17
1589249328.988308,10.10.0.10,173.194.151.108,,,41505,443,0,50,17
1589249328.9973474,173.194.151.108,10.10.0.10,,,443,41505,0,1358,17
1589249329.008307,173.194.151.108,10.10.0.10,,,443,41505,0,1358,17
1589249329.0099351,10.10.0.10,173.194.151.108,,,41505,443,0,37,17
1589249329.0192714,173.194.151.108,10.10.0.10,,,443,41505,0,1358,17
1589249329.030228,173.194.151.108,10.10.0.10,,,443,41505,0,1358,17
1589249329.0319116,10.10.0.10,173.194.151.108,,,41505,443,0,37,17
1589249329.0412116,173.194.151.108,10.10.0.10,,,443,41505,0,1358,17
1589249329.052151,173.194.151.108,10.10.0.10,,,443,41505,0,1358,17
1589249329.053931,10.10.0.10,173.194.151.108,,,41505,443,0,37,17
1589249329.0631099,173.194.151.108,10.10.0.10,,,443,41505,0,1358,17
1589249329.0740852,173.194.151.108,10.10.0.10,,,443,41505,0,1358,17
1589249329.077286,10.10.0.10,173.194.151.108,,,41505,443,0,37,17
1589249329.085032,173.194.151.108,10.10.0.10,,,443,41505,0,1358,17
1589249329.0959878,173.194.151.108,10.10.0.10,,,443,41505,0,1358,17
1589249329.0975351,10.10.0.10,173.194.151.108,,,41505,443,0,37,17
1589249329.1069582,173.194.151.108,10.10.0.10,,,443,41505,0,1358,17
1589249329.1179152,173.194.151.108,10.10.0.10,,,443,41505,0,1358,17
1589249329.120809,10.10.0.10,173.194.151.108,,,41505,443,0,37,17
1589249329.1288922,173.194.151.108,10.10.0.10,,,443,41505,0,1358,17
1589249329.1398358,173.194.151.108,10.10.0.10,,,443,41505,0,1358,17
1589249329.142159,10.10.0.10,173.194.151.108,,,41505,443,0,37,17
1589249329.1507974,173.194.151.108,10.10.0.10,,,443,41505,0,1358,17
1589249329.161766,173.194.151.108,10.10.0.10,,,443,41505,0,1358,17
1589249329.1635554,10.10.0.10,173.194.151.108,,,41505,443,0,37,17
1589249329.172719,173.194.151.108,10.10.0.10,,,443,41505,0,1358,17
1589249329.1836762,173.194.151.108,10.10.0.10,,,443,41505,0,1358,17
1589249329.185407,10.10.0.10,173.194.151.108,,,41505,443,0,37,17
1589249329.1946409,173.194.151.108,10.10.0.10,,,443,41505,0,1358,17
1589249329.205599,173.194.151.108,10.10.0.10,,,443,41505,0,1358,17
1589249329.2074268,10.10.0.10,173.194.151.108,,,41505,443,0,37,17
1589249329.216577,173.194.151.108,10.10.0.10,,,443,41505,0,852,17
1589249329.282018,10.10.0.10,173.194.151.108,,,41505,443,0,37,17
1589249330.736249,10.10.0.10,173.194.151.108,,,41505,443,0,722,17
1589249330.7362845,10.10.0.10,173.194.151.108,,,41505,443,0,48,17
1589249330.740675,173.194.151.108,10.10.0.10,,,443,41505,0,29,17
1589249330.740832,173.194.151.108,10.10.0.10,,,443,41505,0,1358,17
1589249330.7408588,173.194.151.108,10.10.0.10,,,443,41505,0,1358,17
1589249330.747081,10.10.0.10,173.194.151.108,,,41505,443,0,37,17
1589249330.7505224,173.194.151.108,10.10.0.10,,,443,41505,0,1358,17
1589249330.7614598,173.194.151.108,10.10.0.10,,,443,41505,0,1358,17
1589249330.76299,10.10.0.10,173.194.151.108,,,41505,443,0,37,17
1589249330.772426,173.194.151.108,10.10.0.10,,,443,41505,0,1358,17
1589249330.7834098,173.194.151.108,10.10.0.10,,,443,41505,0,1358,17
1589249330.785004,10.10.0.10,173.194.151.108,,,41505,443,0,37,17
1589249330.794346,173.194.151.108,10.10.0.10,,,443,41505,0,1358,17
1589249330.805306,173.194.151.108,10.10.0.10,,,443,41505,0,1358,17
1589249330.8068838,10.10.0.10,173.194.151.108,,,41505,443,0,37,17
1589249330.816282,173.194.151.108,10.10.0.10,,,443,41505,0,1358,17
1589249330.8272278,173.194.151.108,10.10.0.10,,,443,41505,0,1358,17
1589249330.828728,10.10.0.10,173.194.151.108,,,41505,443,0,37,17
1589249330.8381894,173.194.151.108,10.10.0.10,,,443,41505,0,1358,17
1589249330.8491552,173.194.151.108,10.10.0.10,,,443,41505,0,1358,17
1589249330.8507562,10.10.0.10,173.194.151.108,,,41505,443,0,37,17
1589249330.860109,173.194.151.108,10.10.0.10,,,443,41505,0,1358,17
1589249330.871074,173.194.151.108,10.10.0.10,,,443,41505,0,1358,17
1589249330.8737626,10.10.0.10,173.194.151.108,,,41505,443,0,37,17
1589249330.88203,173.194.151.108,10.10.0.10,,,443,41505,0,1358,17
1589249330.892993,173.194.151.108,10.10.0.10,,,443,41505,0,1358,17
1589249330.894609,10.10.0.10,173.194.151.108,,,41505,443,0,37,17
1589249330.903955,173.194.151.108,10.10.0.10,,,443,41505,0,1358,17
1589249330.9149141,173.194.151.108,10.10.0.10,,,443,41505,0,1358,17
1589249330.916503,10.10.0.10,173.194.151.108,,,41505,443,0,37,17
1589249330.9258769,173.194.151.108,10.10.0.10,,,443,41505,0,1358,17
1589249330.936842,173.194.151.108,10.10.0.10,,,443,41505,0,1358,17
1589249330.940232,10.10.0.10,173.194.151.108,,,41505,443,0,37,17
1589249330.947795,173.194.151.108,10.10.0.10,,,443,41505,0,1358,17
1589249330.958777,173.194.151.108,10.10.0.10,,,443,41505,0,1358,17
1589249330.9603548,10.10.0.10,173.194.151.108,,,41505,443,0,37,17
1589249330.9697142,173.194.151.108,10.10.0.10,,,443,41505,0,1358,17
1589249330.980676,173.194.151.108,10.10.0.10,,,443,41505,0,1358,17
1589249330.983598,10.10.0.10,173.194.151.108,,,41505,443,0,37,17
1589249330.9916518,173.194.151.108,10.10.0.10,,,443,41505,0,1358,17
1589249331.002599,173.194.151.108,10.10.0.10,,,443,41505,0,1358,17
1589249331.0042508,10.10.0.10,173.194.151.108,,,41505,443,0,37,17
1589249331.0135558,173.194.151.108,10.10.0.10,,,443,41505,0,1358,17
1589249331.024529,173.194.151.108,10.10.0.10,,,443,41505,0,1358,17
1589249331.0262198,10.10.0.10,173.194.151.108,,,41505,443,0,37,17
1589249331.0354779,173.194.151.108,10.10.0.10,,,443,41505,0,1358,17
1589249331.046441,173.194.151.108,10.10.0.10,,,443,41505,0,1358,17
1589249331.048354,10.10.0.10,173.194.151.108,,,41505,443,0,37,17
1589249331.057402,173.194.151.108,10.10.0.10,,,443,41505,0,1358,17
1589249331.068366,173.194.151.108,10.10.0.10,,,443,41505,0,1358,17
1589249331.079337,173.194.151.108,10.10.0.10,,,443,41505,0,1358,17
1589249331.088998,10.10.0.10,173.194.151.108,,,41505,443,0,37,17
1589249331.090283,173.194.151.108,10.10.0.10,,,443,41505,0,1358,17
1589249331.092221,10.10.0.10,173.194.151.108,,,41505,443,0,37,17
1589249331.1012454,173.194.151.108,10.10.0.10,,,443,41505,0,1358,17
1589249331.11221,173.194.151.108,10.10.0.10,,,443,41505,0,1358,17
1589249331.1138525,10.10.0.10,173.194.151.108,,,41505,443,0,37,17
1589249331.1231651,173.194.151.108,10.10.0.10,,,443,41505,0,1358,17
1589249331.1341472,173.194.151.108,10.10.0.10,,,443,41505,0,1358,17
1589249331.1357431,10.10.0.10,173.194.151.108,,,41505,443,0,37,17
1589249331.1450849,173.194.151.108,10.10.0.10,,,443,41505,0,1358,17
1589249331.156047,173.194.151.108,10.10.0.10,,,443,41505,0,1358,17
1589249331.157976,10.10.0.10,173.194.151.108,,,41505,443,0,50,17
1589249331.167021,173.194.151.108,10.10.0.10,,,443,41505,0,1358,17
1589249331.177966,173.194.151.108,10.10.0.10,,,443,41505,0,1358,17
1589249331.1797252,10.10.0.10,173.194.151.108,,,41505,443,0,37,17
1589249331.188928,173.194.151.108,10.10.0.10,,,443,41505,0,1358,17
1589249331.199898,173.194.151.108,10.10.0.10,,,443,41505,0,1358,17
1589249331.201601,10.10.0.10,173.194.151.108,,,41505,443,0,37,17
1589249331.210851,173.194.151.108,10.10.0.10,,,443,41505,0,1358,17
1589249331.221809,173.194.151.108,10.10.0.10,,,443,41505,0,1358,17
1589249331.223474,10.10.0.10,173.194.151.108,,,41505,443,0,37,17
1589249331.232776,173.194.151.108,10.10.0.10,,,443,41505,0,1358,17
1589249331.2437284,173.194.151.108,10.10.0.10,,,443,41505,0,1358,17
1589249331.2457242,10.10.0.10,173.194.151.108,,,41505,443,0,37,17
1589249331.2547061,173.194.151.108,10.10.0.10,,,443,41505,0,1358,17
1589249331.2656536,173.194.151.108,10.10.0.10,,,443,41505,0,1358,17
1589249331.2673476,10.10.0.10,173.194.151.108,,,41505,443,0,37,17
1589249331.2766151,173.194.151.108,10.10.0.10,,,443,41505,0,1358,17
1589249331.2875812,173.194.151.108,10.10.0.10,,,443,41505,0,1358,17
1589249331.291121,10.10.0.10,173.194.151.108,,,41505,443,0,37,17
1589249331.2985349,173.194.151.108,10.10.0.10,,,443,41505,0,1358,17
1589249331.3095171,173.194.151.108,10.10.0.10,,,443,41505,0,1358,17
1589249331.3112428,10.10.0.10,173.194.151.108,,,41505,443,0,37,17
1589249331.320455,173.194.151.108,10.10.0.10,,,443,41505,0,1358,17
1589249331.3314161,173.194.151.108,10.10.0.10,,,443,41505,0,1358,17
1589249331.3334901,10.10.0.10,173.194.151.108,,,41505,443,0,37,17
1589249331.342393,173.194.151.108,10.10.0.10,,,443,41505,0,1358,17
1589249331.3533368,173.194.151.108,10.10.0.10,,,443,41505,0,1358,17
1589249331.355351,10.10.0.10,173.194.151.108,,,41505,443,0,37,17
1589249331.364298,173.194.151.108,10.10.0.10,,,443,41505,0,1358,17
1589249331.37527,173.194.151.108,10.10.0.10,,,443,41505,0,1358,17
1589249331.3769698,10.10.0.10,173.194.151.108,,,41505,443,0,37,17
1589249331.386225,173.194.151.108,10.10.0.10,,,443,41505,0,1358,17
1589249331.397182,173.194.151.108,10.10.0.10,,,443,41505,0,1358,17
1589249331.400094,10.10.0.10,173.194.151.108,,,41505,443,0,37,17
1589249331.408143,173.194.151.108,10.10.0.10,,,443,41505,0,1358,17
1589249331.4191024,173.194.151.108,10.10.0.10,,,443,41505,0,1358,17
1589249331.420717,10.10.0.10,173.194.151.108,,,41505,443,0,37,17
1589249331.4300768,173.194.151.108,10.10.0.10,,,443,41505,0,1358,17
1589249331.441023,173.194.151.108,10.10.0.10,,,443,41505,0,1358,17
1589249331.4425948,10.10.0.10,173.194.151.108,,,41505,443,0,37,17
1589249331.451978,173.194.151.108,10.10.0.10,,,443,41505,0,1358,17
1589249331.46295,173.194.151.108,10.10.0.10,,,443,41505,0,1358,17
1589249331.4647381,10.10.0.10,173.194.151.108,,,41505,443,0,37,17
1589249331.4739046,173.194.151.108,10.10.0.10,,,443,41505,0,1358,17
1589249331.484865,173.194.151.108,10.10.0.10,,,443,41505,0,1358,17
1589249331.486611,10.10.0.10,173.194.151.108,,,41505,443,0,37,17
1589249331.495825,173.194.151.108,10.10.0.10,,,443,41505,0,1358,17
1589249331.5067892,173.194.151.108,10.10.0.10,,,443,41505,0,1358,17
1589249331.5088642,10.10.0.10,173.194.151.108,,,41505,443,0,37,17
1589249331.5177634,173.194.151.108,10.10.0.10,,,443,41505,0,1358,17
1589249331.5287092,173.194.151.108,10.10.0.10,,,443,41505,0,1358,17
1589249331.530361,10.10.0.10,173.194.151.108,,,41505,443,0,37,17
1589249331.539669,173.194.151.108,10.10.0.10,,,443,41505,0,1358,17
1589249331.550637,173.194.151.108,10.10.0.10,,,443,41505,0,1358,17
1589249331.552215,10.10.0.10,173.194.151.108,,,41505,443,0,37,17
1589249331.5615878,173.194.151.108,10.10.0.10,,,443,41505,0,1358,17
1589249331.572552,173.194.151.108,10.10.0.10,,,443,41505,0,1358,17
1589249331.574234,10.10.0.10,173.194.151.108,,,41505,443,0,37,17
1589249331.5835161,173.194.151.108,10.10.0.10,,,443,41505,0,1358,17
1589249331.594467,173.194.151.108,10.10.0.10,,,443,41505,0,1358,17
1589249331.598072,10.10.0.10,173.194.151.108,,,41505,443,0,50,17
1589249331.605432,173.194.151.108,10.10.0.10,,,443,41505,0,1358,17
1589249331.616392,173.194.151.108,10.10.0.10,,,443,41505,0,1358,17
1589249331.625593,10.10.0.10,173.194.151.108,,,41505,443,0,37,17
1589249331.627352,173.194.151.108,10.10.0.10,,,443,41505,0,1358,17
1589249331.6383276,173.194.151.108,10.10.0.10,,,443,41505,0,1358,17
1589249331.643734,10.10.0.10,173.194.151.108,,,41505,443,0,37,17
1589249331.6492698,173.194.151.108,10.10.0.10,,,443,41505,0,1358,17
1589249331.6602278,173.194.151.108,10.10.0.10,,,443,41505,0,1358,17
1589249331.6638381,10.10.0.10,173.194.151.108,,,41505,443,0,37,17
1589249331.67119,173.194.151.108,10.10.0.10,,,443,41505,0,1358,17
1589249331.682156,173.194.151.108,10.10.0.10,,,443,41505,0,1358,17
1589249331.6839619,10.10.0.10,173.194.151.108,,,41505,443,0,37,17
1589249331.693115,173.194.151.108,10.10.0.10,,,443,41505,0,1358,17
1589249331.7040699,173.194.151.108,10.10.0.10,,,443,41505,0,1358,17
1589249331.7063172,10.10.0.10,173.194.151.108,,,41505,443,0,37,17
1589249331.715034,173.194.151.108,10.10.0.10,,,443,41505,0,1358,17
1589249331.7259965,173.194.151.108,10.10.0.10,,,443,41505,0,1358,17
1589249331.727604,10.10.0.10,173.194.151.108,,,41505,443,0,37,17
1589249331.736954,173.194.151.108,10.10.0.10,,,443,41505,0,1358,17
1589249331.747912,173.194.151.108,10.10.0.10,,,443,41505,0,1358,17
1589249331.749582,10.10.0.10,173.194.151.108,,,41505,443,0,37,17
1589249331.7588818,173.194.151.108,10.10.0.10,,,443,41505,0,1358,17
1589249331.769842,173.194.151.108,10.10.0.10,,,443,41505,0,1358,17
1589249331.771554,10.10.0.10,173.194.151.108,,,41505,443,0,37,17
1589249331.775242,10.10.0.10,173.194.151.108,,,41505,443,0,722,17
1589249331.775269,10.10.0.10,173.194.151.108,,,41505,443,0,48,17
1589249331.780816,173.194.151.108,10.10.0.10,,,443,41505,0,1358,17
1589249331.79176,173.194.151.108,10.10.0.10,,,443,41505,0,1358,17
1589249331.7939591,10.10.0.10,173.194.151.108,,,41505,443,0,37,17
1589249331.802726,173.194.151.108,10.10.0.10,,,443,41505,0,1358,17
1589249331.813691,173.194.151.108,10.10.0.10,,,443,41505,0,1358,17
1589249331.815074,10.10.0.10,173.194.151.108,,,41505,443,0,37,17
1589249331.824643,173.194.151.108,10.10.0.10,,,443,41505,0,1358,17
1589249331.8356268,173.194.151.108,10.10.0.10,,,443,41505,0,1358,17
1589249331.837352,10.10.0.10,173.194.151.108,,,41505,443,0,37,17
1589249331.8465636,173.194.151.108,10.10.0.10,,,443,41505,0,1358,17
1589249331.857528,173.194.151.108,10.10.0.10,,,443,41505,0,29,17
1589249331.858023,173.194.151.108,10.10.0.10,,,443,41505,0,1358,17
1589249331.8595822,10.10.0.10,173.194.151.108,,,41505,443,0,37,17
1589249331.869001,173.194.151.108,10.10.0.10,,,443,41505,0,1358,17
1589249331.879945,173.194.151.108,10.10.0.10,,,443,41505,0,1358,17
1589249331.881581,10.10.0.10,173.194.151.108,,,41505,443,0,37,17
1589249331.890904,173.194.151.108,10.10.0.10,,,443,41505,0,1358,17
1589249331.9018786,173.194.151.108,10.10.0.10,,,443,41505,0,1358,17
1589249331.903579,10.10.0.10,173.194.151.108,,,41505,443,0,37,17
1589249331.9128282,173.194.151.108,10.10.0.10,,,443,41505,0,1358,17
1589249331.923786,173.194.151.108,10.10.0.10,,,443,41505,0,1358,17
1589249331.9255786,10.10.0.10,173.194.151.108,,,41505,443,0,37,17
1589249331.934752,173.194.151.108,10.10.0.10,,,443,41505,0,1358,17
1589249331.945713,173.194.151.108,10.10.0.10,,,443,41505,0,1358,17
1589249331.9475708,10.10.0.10,173.194.151.108,,,41505,443,0,37,17
1589249331.956668,173.194.151.108,10.10.0.10,,,443,41505,0,1358,17
1589249331.967631,173.194.151.108,10.10.0.10,,,443,41505,0,1358,17
1589249331.969204,10.10.0.10,173.194.151.108,,,41505,443,0,37,17
1589249331.97859,173.194.151.108,10.10.0.10,,,443,41505,0,1358,17
1589249331.9895618,173.194.151.108,10.10.0.10,,,443,41505,0,1358,17
1589249331.9910758,10.10.0.10,173.194.151.108,,,41505,443,0,37,17
1589249332.0005062,173.194.151.108,10.10.0.10,,,443,41505,0,1358,17
1589249332.011472,173.194.151.108,10.10.0.10,,,443,41505,0,1358,17
1589249332.0129411,10.10.0.10,173.194.151.108,,,41505,443,0,37,17
1589249332.022435,173.194.151.108,10.10.0.10,,,443,41505,0,1358,17
1589249332.0333958,173.194.151.108,10.10.0.10,,,443,41505,0,1358,17
1589249332.035076,10.10.0.10,173.194.151.108,,,41505,443,0,37,17
1589249332.044358,173.194.151.108,10.10.0.10,,,443,41505,0,1358,17
1589249332.0553136,173.194.151.108,10.10.0.10,,,443,41505,0,1358,17
1589249332.0570738,10.10.0.10,173.194.151.108,,,41505,443,0,37,17
1589249332.066274,173.194.151.108,10.10.0.10,,,443,41505,0,1358,17
1589249332.0772462,173.194.151.108,10.10.0.10,,,443,41505,0,1358,17
1589249332.0790749,10.10.0.10,173.194.151.108,,,41505,443,0,37,17
1589249332.08819,173.194.151.108,10.10.0.10,,,443,41505,0,1358,17
1589249332.0991518,173.194.151.108,10.10.0.10,,,443,41505,0,1358,17
1589249332.100842,10.10.0.10,173.194.151.108,,,41505,443,0,37,17
1589249332.110112,173.194.151.108,10.10.0.10,,,443,41505,0,1358,17
1589249332.1210759,173.194.151.108,10.10.0.10,,,443,41505,0,1358,17
1589249332.122969,10.10.0.10,173.194.151.108,,,41505,443,0,37,17
1589249332.132058,173.194.151.108,10.10.0.10,,,443,41505,0,1358,17
1589249332.1430008,173.194.151.108,10.10.0.10,,,443,41505,0,1358,17
1589249332.144852,10.10.0.10,173.194.151.108,,,41505,443,0,37,17
1589249332.15396,173.194.151.108,10.10.0.10,,,443,41505,0,1358,17
1589249332.1649318,173.194.151.108,10.10.0.10,,,443,41505,0,1358,17
1589249332.166719,10.10.0.10,173.194.151.108,,,41505,443,0,37,17
1589249332.1758828,173.194.151.108,10.10.0.10,,,443,41505,0,1358,17
1589249332.186843,173.194.151.108,10.10.0.10,,,443,41505,0,1358,17
1589249332.188951,10.10.0.10,173.194.151.108,,,41505,443,0,37,17
1589249332.1978042,173.194.151.108,10.10.0.10,,,443,41505,0,1358,17
1589249332.2087722,173.194.151.108,10.10.0.10,,,443,41505,0,1358,17
1589249332.2105708,10.10.0.10,173.194.151.108,,,41505,443,0,50,17
1589249332.219742,173.194.151.108,10.10.0.10,,,443,41505,0,1358,17
1589249332.230684,173.194.151.108,10.10.0.10,,,443,41505,0,1358,17
1589249332.232448,10.10.0.10,173.194.151.108,,,41505,443,0,37,17
1589249332.241646,173.194.151.108,10.10.0.10,,,443,41505,0,1358,17
1589249332.252601,173.194.151.108,10.10.0.10,,,443,41505,0,1358,17
1589249332.2543411,10.10.0.10,173.194.151.108,,,41505,443,0,37,17
1589249332.263565,173.194.151.108,10.10.0.10,,,443,41505,0,1358,17
1589249332.274526,173.194.151.108,10.10.0.10,,,443,41505,0,1358,17
1589249332.276344,10.10.0.10,173.194.151.108,,,41505,443,0,37,17
1589249332.2854931,173.194.151.108,10.10.0.10,,,443,41505,0,1358,17
1589249332.296447,173.194.151.108,10.10.0.10,,,443,41505,0,1358,17
1589249332.2985885,10.10.0.10,173.194.151.108,,,41505,443,0,37,17
1589249332.3074071,173.194.151.108,10.10.0.10,,,443,41505,0,1358,17
1589249332.318384,173.194.151.108,10.10.0.10,,,443,41505,0,1358,17
1589249332.3200688,10.10.0.10,173.194.151.108,,,41505,443,0,37,17
1589249332.3293312,173.194.151.108,10.10.0.10,,,443,41505,0,1358,17
1589249332.340304,173.194.151.108,10.10.0.10,,,443,41505,0,1358,17
1589249332.351251,173.194.151.108,10.10.0.10,,,443,41505,0,1358,17
1589249332.36221,173.194.151.108,10.10.0.10,,,443,41505,0,1358,17
1589249332.3679461,10.10.0.10,173.194.151.108,,,41505,443,0,37,17
1589249332.370584,10.10.0.10,173.194.151.108,,,41505,443,0,37,17
1589249332.3731759,173.194.151.108,10.10.0.10,,,443,41505,0,1358,17
1589249332.384138,173.194.151.108,10.10.0.10,,,443,41505,0,1358,17
1589249332.3858366,10.10.0.10,173.194.151.108,,,41505,443,0,37,17
1589249332.3951108,173.194.151.108,10.10.0.10,,,443,41505,0,1358,17
1589249332.406054,173.194.151.108,10.10.0.10,,,443,41505,0,1358,17
1589249332.407972,10.10.0.10,173.194.151.108,,,41505,443,0,37,17
1589249332.4170132,173.194.151.108,10.10.0.10,,,443,41505,0,1358,17
1589249332.4279714,173.194.151.108,10.10.0.10,,,443,41505,0,1358,17
1589249332.429817,10.10.0.10,173.194.151.108,,,41505,443,0,37,17
1589249332.438936,173.194.151.108,10.10.0.10,,,443,41505,0,1358,17
1589249332.4498956,173.194.151.108,10.10.0.10,,,443,41505,0,1358,17
1589249332.451709,10.10.0.10,173.194.151.108,,,41505,443,0,37,17
1589249332.460863,173.194.151.108,10.10.0.10,,,443,41505,0,1358,17
1589249332.471816,173.194.151.108,10.10.0.10,,,443,41505,0,1358,17
1589249332.473584,10.10.0.10,173.194.151.108,,,41505,443,0,37,17
1589249332.4827974,173.194.151.108,10.10.0.10,,,443,41505,0,1358,17
1589249332.49374,173.194.151.108,10.10.0.10,,,443,41505,0,1358,17
1589249332.4955552,10.10.0.10,173.194.151.108,,,41505,443,0,37,17
1589249332.5047011,173.194.151.108,10.10.0.10,,,443,41505,0,1358,17
1589249332.5156698,173.194.151.108,10.10.0.10,,,443,41505,0,1358,17
1589249332.517189,10.10.0.10,173.194.151.108,,,41505,443,0,37,17
1589249332.526624,173.194.151.108,10.10.0.10,,,443,41505,0,1358,17
1589249332.5375805,173.194.151.108,10.10.0.10,,,443,41505,0,1358,17
1589249332.5393019,10.10.0.10,173.194.151.108,,,41505,443,0,37,17
1589249332.5485456,173.194.151.108,10.10.0.10,,,443,41505,0,1358,17
1589249332.5595038,173.194.151.108,10.10.0.10,,,443,41505,0,1358,17
1589249332.5614364,10.10.0.10,173.194.151.108,,,41505,443,0,37,17
1589249332.570484,173.194.151.108,10.10.0.10,,,443,41505,0,1358,17
1589249332.581425,173.194.151.108,10.10.0.10,,,443,41505,0,1358,17
1589249332.583556,10.10.0.10,173.194.151.108,,,41505,443,0,37,17
1589249332.5923822,173.194.151.108,10.10.0.10,,,443,41505,0,1358,17
1589249332.603341,173.194.151.108,10.10.0.10,,,443,41505,0,1358,17
1589249332.6052868,10.10.0.10,173.194.151.108,,,41505,443,0,37,17
1589249332.6143026,173.194.151.108,10.10.0.10,,,443,41505,0,1358,17
1589249332.625262,173.194.151.108,10.10.0.10,,,443,41505,0,1358,17
1589249332.6275456,10.10.0.10,173.194.151.108,,,41505,443,0,37,17
1589249332.636223,173.194.151.108,10.10.0.10,,,443,41505,0,1358,17
1589249332.647181,173.194.151.108,10.10.0.10,,,443,41505,0,1358,17
1589249332.6486561,10.10.0.10,173.194.151.108,,,41505,443,0,50,17
1589249332.6581476,173.194.151.108,10.10.0.10,,,443,41505,0,1358,17
1589249332.669106,173.194.151.108,10.10.0.10,,,443,41505,0,1358,17
1589249332.670665,10.10.0.10,173.194.151.108,,,41505,443,0,37,17
1589249332.6800618,173.194.151.108,10.10.0.10,,,443,41505,0,1358,17
1589249332.6910286,173.194.151.108,10.10.0.10,,,443,41505,0,1358,17
1589249332.692657,10.10.0.10,173.194.151.108,,,41505,443,0,37,17
1589249332.701984,173.194.151.108,10.10.0.10,,,443,41505,0,1358,17
1589249332.7129538,173.194.151.108,10.10.0.10,,,443,41505,0,29,17
1589249332.7134578,173.194.151.108,10.10.0.10,,,443,41505,0,1358,17
1589249332.714936,10.10.0.10,173.194.151.108,,,41505,443,0,37,17
1589249332.7244039,173.194.151.108,10.10.0.10,,,443,41505,0,1358,17
1589249332.7353652,173.194.151.108,10.10.0.10,,,443,41505,0,1358,17
1589249332.7370362,10.10.0.10,173.194.151.108,,,41505,443,0,37,17
1589249332.7463238,173.194.151.108,10.10.0.10,,,443,41505,0,1358,17
1589249332.7572908,173.194.151.108,10.10.0.10,,,443,41505,0,1358,17
1589249332.7595394,10.10.0.10,173.194.151.108,,,41505,443,0,37,17
1589249332.76825,173.194.151.108,10.10.0.10,,,443,41505,0,1358,17
1589249332.779224,173.194.151.108,10.10.0.10,,,443,41505,0,1358,17
1589249332.781076,10.10.0.10,173.194.151.108,,,41505,443,0,37,17
1589249332.790172,173.194.151.108,10.10.0.10,,,443,41505,0,1358,17
1589249332.801135,173.194.151.108,10.10.0.10,,,443,41505,0,1358,17
1589249332.8026981,10.10.0.10,173.194.151.108,,,41505,443,0,37,17
1589249332.812103,173.194.151.108,10.10.0.10,,,443,41505,0,1358,17
1589249332.8230536,173.194.151.108,10.10.0.10,,,443,41505,0,1358,17
1589249332.82468,10.10.0.10,173.194.151.108,,,41505,443,0,37,17
1589249332.8340151,173.194.151.108,10.10.0.10,,,443,41505,0,1358,17
1589249332.844977,173.194.151.108,10.10.0.10,,,443,41505,0,1358,17
1589249332.8466964,10.10.0.10,173.194.151.108,,,41505,443,0,37,17
1589249332.8559391,173.194.151.108,10.10.0.10,,,443,41505,0,1358,17
1589249332.86691,173.194.151.108,10.10.0.10,,,443,41505,0,1358,17
1589249332.868688,10.10.0.10,173.194.151.108,,,41505,443,0,37,17
1589249332.877856,173.194.151.108,10.10.0.10,,,443,41505,0,1358,17
1589249332.888817,173.194.151.108,10.10.0.10,,,443,41505,0,1358,17
1589249332.8906775,10.10.0.10,173.194.151.108,,,41505,443,0,37,17
1589249332.899784,173.194.151.108,10.10.0.10,,,443,41505,0,1358,17
1589249332.910739,173.194.151.108,10.10.0.10,,,443,41505,0,1358,17
1589249332.91307,10.10.0.10,173.194.151.108,,,41505,443,0,37,17
1589249332.921721,173.194.151.108,10.10.0.10,,,443,41505,0,1358,17
1589249332.932662,173.194.151.108,10.10.0.10,,,443,41505,0,1358,17
1589249332.9341788,10.10.0.10,173.194.151.108,,,41505,443,0,37,17
1589249332.9436214,173.194.151.108,10.10.0.10,,,443,41505,0,1358,17
1589249332.9545972,173.194.151.108,10.10.0.10,,,443,41505,0,1358,17
1589249332.957293,10.10.0.10,173.194.151.108,,,41505,443,0,37,17
1589249332.9655411,173.194.151.108,10.10.0.10,,,443,41505,0,1358,17
1589249332.9826741,173.194.151.108,10.10.0.10,,,443,41505,0,1358,17
1589249332.984299,10.10.0.10,173.194.151.108,,,41505,443,0,37,17
1589249332.9998071,173.194.151.108,10.10.0.10,,,443,41505,0,1358,17
1589249333.0169392,173.194.151.108,10.10.0.10,,,443,41505,0,1358,17
1589249333.0186946,10.10.0.10,173.194.151.108,,,41505,443,0,37,17
1589249333.0340931,173.194.151.108,10.10.0.10,,,443,41505,0,1358,17
1589249333.051217,173.194.151.108,10.10.0.10,,,443,41505,0,1358,17
1589249333.053066,10.10.0.10,173.194.151.108,,,41505,443,0,37,17
1589249333.0683439,173.194.151.108,10.10.0.10,,,443,41505,0,1358,17
1589249333.08547,173.194.151.108,10.10.0.10,,,443,41505,0,1358,17
1589249333.087192,10.10.0.10,173.194.151.108,,,41505,443,0,37,17
1589249333.102607,173.194.151.108,10.10.0.10,,,443,41505,0,1358,17
1589249333.1197321,173.194.151.108,10.10.0.10,,,443,41505,0,1358,17
1589249333.1238,10.10.0.10,173.194.151.108,,,41505,443,0,37,17
1589249333.1368608,173.194.151.108,10.10.0.10,,,443,41505,0,1358,17
1589249333.153999,173.194.151.108,10.10.0.10,,,443,41505,0,1358,17
1589249333.1556704,10.10.0.10,173.194.151.108,,,41505,443,0,50,17
1589249333.171129,173.194.151.108,10.10.0.10,,,443,41505,0,1358,17
1589249333.1882758,173.194.151.108,10.10.0.10,,,443,41505,0,1358,17
1589249333.1899092,10.10.0.10,173.194.151.108,,,41505,443,0,37,17
1589249333.205401,173.194.151.108,10.10.0.10,,,443,41505,0,1358,17
1589249333.222526,173.194.151.108,10.10.0.10,,,443,41505,0,1358,17
1589249333.224315,10.10.0.10,173.194.151.108,,,41505,443,0,37,17
1589249333.2396605,173.194.151.108,10.10.0.10,,,443,41505,0,1358,17
1589249333.256794,173.194.151.108,10.10.0.10,,,443,41505,0,1358,17
1589249333.258667,10.10.0.10,173.194.151.108,,,41505,443,0,37,17
1589249333.273924,173.194.151.108,10.10.0.10,,,443,41505,0,1358,17
1589249333.2910562,173.194.151.108,10.10.0.10,,,443,41505,0,1358,17
1589249333.2948098,10.10.0.10,173.194.151.108,,,41505,443,0,37,17
1589249333.308209,173.194.151.108,10.10.0.10,,,443,41505,0,1358,17
1589249333.325336,173.194.151.108,10.10.0.10,,,443,41505,0,1358,17
1589249333.327184,10.10.0.10,173.194.151.108,,,41505,443,0,37,17
1589249333.342448,173.194.151.108,10.10.0.10,,,443,41505,0,1358,17
1589249333.359585,173.194.151.108,10.10.0.10,,,443,41505,0,1358,17
1589249333.3615582,10.10.0.10,173.194.151.108,,,41505,443,0,37,17
1589249333.376719,173.194.151.108,10.10.0.10,,,443,41505,0,1358,17
1589249333.3938508,173.194.151.108,10.10.0.10,,,443,41505,0,1358,17
1589249333.3956838,10.10.0.10,173.194.151.108,,,41505,443,0,37,17
1589249333.4109821,173.194.151.108,10.10.0.10,,,443,41505,0,1358,17
1589249333.428117,173.194.151.108,10.10.0.10,,,443,41505,0,1358,17
1589249333.42993,10.10.0.10,173.194.151.108,,,41505,443,0,37,17
1589249333.445246,173.194.151.108,10.10.0.10,,,443,41505,0,1358,17
1589249333.462393,173.194.151.108,10.10.0.10,,,443,41505,0,1358,17
1589249333.4641812,10.10.0.10,173.194.151.108,,,41505,443,0,37,17
1589249333.4795165,173.194.151.108,10.10.0.10,,,443,41505,0,1358,17
1589249333.496641,173.194.151.108,10.10.0.10,,,443,41505,0,1358,17
1589249333.4985352,10.10.0.10,173.194.151.108,,,41505,443,0,37,17
1589249333.513777,173.194.151.108,10.10.0.10,,,443,41505,0,1358,17
1589249333.530908,173.194.151.108,10.10.0.10,,,443,41505,0,1358,17
1589249333.532678,10.10.0.10,173.194.151.108,,,41505,443,0,37,17
1589249333.548047,173.194.151.108,10.10.0.10,,,443,41505,0,1358,17
1589249333.565176,173.194.151.108,10.10.0.10,,,443,41505,0,1358,17
1589249333.5668988,10.10.0.10,173.194.151.108,,,41505,443,0,37,17
1589249333.5823276,173.194.151.108,10.10.0.10,,,443,41505,0,1358,17
1589249333.59945,173.194.151.108,10.10.0.10,,,443,41505,0,1358,17
1589249333.601649,10.10.0.10,173.194.151.108,,,41505,443,0,37,17
1589249333.6165662,173.194.151.108,10.10.0.10,,,443,41505,0,1358,17
1589249333.633698,173.194.151.108,10.10.0.10,,,443,41505,0,1358,17
1589249333.646158,10.10.0.10,173.194.151.108,,,41505,443,0,37,17
1589249333.6508374,173.194.151.108,10.10.0.10,,,443,41505,0,1358,17
1589249333.6679618,173.194.151.108,10.10.0.10,,,443,41505,0,1358,17
1589249333.669761,10.10.0.10,173.194.151.108,,,41505,443,0,37,17
1589249333.6851,173.194.151.108,10.10.0.10,,,443,41505,0,1358,17
1589249333.7022266,173.194.151.108,10.10.0.10,,,443,41505,0,1358,17
1589249333.703885,10.10.0.10,173.194.151.108,,,41505,443,0,37,17
1589249333.7193642,173.194.151.108,10.10.0.10,,,443,41505,0,1358,17
1589249333.7364988,173.194.151.108,10.10.0.10,,,443,41505,0,1358,17
1589249333.73813,10.10.0.10,173.194.151.108,,,41505,443,0,37,17
1589249333.753635,173.194.151.108,10.10.0.10,,,443,41505,0,1358,17
1589249333.770761,173.194.151.108,10.10.0.10,,,443,41505,0,1358,17
1589249333.7752988,10.10.0.10,173.194.151.108,,,41505,443,0,37,17
1589249333.78789,173.194.151.108,10.10.0.10,,,443,41505,0,1358,17
1589249333.8050275,173.194.151.108,10.10.0.10,,,443,41505,0,1358,17
1589249333.8070529,10.10.0.10,173.194.151.108,,,41505,443,0,37,17
1589249333.822158,173.194.151.108,10.10.0.10,,,443,41505,0,1358,17
1589249333.839284,173.194.151.108,10.10.0.10,,,443,41505,0,1358,17
1589249333.84165,10.10.0.10,173.194.151.108,,,41505,443,0,50,17
1589249333.856444,173.194.151.108,10.10.0.10,,,443,41505,0,1358,17
1589249333.873573,173.194.151.108,10.10.0.10,,,443,41505,0,1358,17
1589249333.875278,10.10.0.10,173.194.151.108,,,41505,443,0,37,17
1589249333.890694,173.194.151.108,10.10.0.10,,,443,41505,0,1358,17
1589249333.9078202,173.194.151.108,10.10.0.10,,,443,41505,0,1358,17
1589249333.9099169,10.10.0.10,173.194.151.108,,,41505,443,0,37,17
1589249333.924951,173.194.151.108,10.10.0.10,,,443,41505,0,1358,17
1589249333.9420831,173.194.151.108,10.10.0.10,,,443,41505,0,1358,17
1589249333.944272,10.10.0.10,173.194.151.108,,,41505,443,0,37,17
1589249333.959216,173.194.151.108,10.10.0.10,,,443,41505,0,1358,17
1589249333.9763432,173.194.151.108,10.10.0.10,,,443,41505,0,1358,17
1589249333.977886,10.10.0.10,173.194.151.108,,,41505,443,0,37,17
1589249333.993479,173.194.151.108,10.10.0.10,,,443,41505,0,1358,17
1589249334.0106275,173.194.151.108,10.10.0.10,,,443,41505,0,1358,17
1589249334.01227,10.10.0.10,173.194.151.108,,,41505,443,0,37,17
1589249334.027752,173.194.151.108,10.10.0.10,,,443,41505,0,1358,17
1589249334.044879,173.194.151.108,10.10.0.10,,,443,41505,0,1358,17
1589249334.0463831,10.10.0.10,173.194.151.108,,,41505,443,0,37,17
1589249334.0620122,173.194.151.108,10.10.0.10,,,443,41505,0,1358,17
1589249334.07914,173.194.151.108,10.10.0.10,,,443,41505,0,1358,17
1589249334.08092,10.10.0.10,173.194.151.108,,,41505,443,0,37,17
1589249334.0962758,173.194.151.108,10.10.0.10,,,443,41505,0,1358,17
1589249334.1134052,173.194.151.108,10.10.0.10,,,443,41505,0,1358,17
1589249334.1152852,10.10.0.10,173.194.151.108,,,41505,443,0,37,17
1589249334.13056,173.194.151.108,10.10.0.10,,,443,41505,0,1358,17
1589249334.147685,173.194.151.108,10.10.0.10,,,443,41505,0,1358,17
1589249334.14991,10.10.0.10,173.194.151.108,,,41505,443,0,37,17
1589249334.164813,173.194.151.108,10.10.0.10,,,443,41505,0,1358,17
1589249334.181937,173.194.151.108,10.10.0.10,,,443,41505,0,1358,17
1589249334.183988,10.10.0.10,173.194.151.108,,,41505,443,0,37,17
1589249334.199068,173.194.151.108,10.10.0.10,,,443,41505,0,1358,17
1589249334.216201,173.194.151.108,10.10.0.10,,,443,41505,0,1358,17
1589249334.217766,10.10.0.10,173.194.151.108,,,41505,443,0,37,17
1589249334.233335,173.194.151.108,10.10.0.10,,,443,41505,0,1358,17
1589249334.2504652,173.194.151.108,10.10.0.10,,,443,41505,0,1358,17
1589249334.25216,10.10.0.10,173.194.151.108,,,41505,443,0,37,17
1589249334.2676,173.194.151.108,10.10.0.10,,,443,41505,0,1358,17
1589249334.284744,173.194.151.108,10.10.0.10,,,443,41505,0,1358,17
1589249334.286406,10.10.0.10,173.194.151.108,,,41505,443,0,37,17
1589249334.3018668,173.194.151.108,10.10.0.10,,,443,41505,0,1358,17
1589249334.3189929,173.194.151.108,10.10.0.10,,,443,41505,0,1358,17
1589249334.3207805,10.10.0.10,173.194.151.108,,,41505,443,0,37,17
1589249334.336126,173.194.151.108,10.10.0.10,,,443,41505,0,1358,17
1589249334.3532612,173.194.151.108,10.10.0.10,,,443,41505,0,1358,17
1589249334.35517,10.10.0.10,173.194.151.108,,,41505,443,0,37,17
1589249334.370394,173.194.151.108,10.10.0.10,,,443,41505,0,1358,17
1589249334.387523,173.194.151.108,10.10.0.10,,,443,41505,0,1358,17
1589249334.389153,10.10.0.10,173.194.151.108,,,41505,443,0,37,17
1589249334.4046779,173.194.151.108,10.10.0.10,,,443,41505,0,1358,17
1589249334.4218042,173.194.151.108,10.10.0.10,,,443,41505,0,1358,17
1589249334.4234009,10.10.0.10,173.194.151.108,,,41505,443,0,37,17
1589249334.438931,173.194.151.108,10.10.0.10,,,443,41505,0,1358,17
1589249334.456056,173.194.151.108,10.10.0.10,,,443,41505,0,1358,17
1589249334.4583802,10.10.0.10,173.194.151.108,,,41505,443,0,37,17
1589249334.473186,173.194.151.108,10.10.0.10,,,443,41505,0,1358,17
1589249334.490319,173.194.151.108,10.10.0.10,,,443,41505,0,1358,17
1589249334.492132,10.10.0.10,173.194.151.108,,,41505,443,0,37,17
1589249334.507448,173.194.151.108,10.10.0.10,,,443,41505,0,1358,17
1589249334.5245812,173.194.151.108,10.10.0.10,,,443,41505,0,1358,17
1589249334.526136,10.10.0.10,173.194.151.108,,,41505,443,0,50,17
1589249334.541714,173.194.151.108,10.10.0.10,,,443,41505,0,1358,17
1589249334.558862,173.194.151.108,10.10.0.10,,,443,41505,0,1358,17
1589249334.5606525,10.10.0.10,173.194.151.108,,,41505,443,0,37,17
1589249334.5759866,173.194.151.108,10.10.0.10,,,443,41505,0,1358,17
1589249334.593112,173.194.151.108,10.10.0.10,,,443,41505,0,1358,17
1589249334.594753,10.10.0.10,173.194.151.108,,,41505,443,0,37,17
1589249334.61024,173.194.151.108,10.10.0.10,,,443,41505,0,1358,17
1589249334.6273706,173.194.151.108,10.10.0.10,,,443,41505,0,29,17
1589249334.628143,173.194.151.108,10.10.0.10,,,443,41505,0,1358,17
1589249334.6295981,10.10.0.10,173.194.151.108,,,41505,443,0,37,17
1589249334.6452801,173.194.151.108,10.10.0.10,,,443,41505,0,1358,17
1589249334.6624124,173.194.151.108,10.10.0.10,,,443,41505,0,1358,17
1589249334.663987,10.10.0.10,173.194.151.108,,,41505,443,0,37,17
1589249334.679553,173.194.151.108,10.10.0.10,,,443,41505,0,1358,17
1589249334.6966758,173.194.151.108,10.10.0.10,,,443,41505,0,1358,17
1589249334.698593,10.10.0.10,173.194.151.108,,,41505,443,0,37,17
1589249334.713809,173.194.151.108,10.10.0.10,,,443,41505,0,1358,17
1589249334.7309446,173.194.151.108,10.10.0.10,,,443,41505,0,1358,17
1589249334.7324998,10.10.0.10,173.194.151.108,,,41505,443,0,37,17
1589249334.7480724,173.194.151.108,10.10.0.10,,,443,41505,0,1358,17
1589249334.7652106,173.194.151.108,10.10.0.10,,,443,41505,0,1358,17
1589249334.7672482,10.10.0.10,173.194.151.108,,,41505,443,0,37,17
1589249334.7823381,173.194.151.108,10.10.0.10,,,443,41505,0,1358,17
1589249334.799479,173.194.151.108,10.10.0.10,,,443,41505,0,1358,17
1589249334.801124,10.10.0.10,173.194.151.108,,,41505,443,0,37,17
1589249334.8166099,173.194.151.108,10.10.0.10,,,443,41505,0,1358,17
1589249334.8337386,173.194.151.108,10.10.0.10,,,443,41505,0,1358,17
1589249334.8353698,10.10.0.10,173.194.151.108,,,41505,443,0,37,17
1589249334.850871,173.194.151.108,10.10.0.10,,,443,41505,0,1358,17
1589249334.868006,173.194.151.108,10.10.0.10,,,443,41505,0,1358,17
1589249334.869767,10.10.0.10,173.194.151.108,,,41505,443,0,37,17
1589249334.885136,173.194.151.108,10.10.0.10,,,443,41505,0,1358,17
1589249334.9022882,173.194.151.108,10.10.0.10,,,443,41505,0,1358,17
1589249334.919414,173.194.151.108,10.10.0.10,,,443,41505,0,1358,17
1589249334.929873,10.10.0.10,173.194.151.108,,,41505,443,0,37,17
1589249334.9365318,173.194.151.108,10.10.0.10,,,443,41505,0,1358,17
1589249334.938387,10.10.0.10,173.194.151.108,,,41505,443,0,37,17
1589249334.953665,173.194.151.108,10.10.0.10,,,443,41505,0,1358,17
1589249334.970796,173.194.151.108,10.10.0.10,,,443,41505,0,1358,17
1589249334.9724908,10.10.0.10,173.194.151.108,,,41505,443,0,37,17
1589249334.9879339,173.194.151.108,10.10.0.10,,,443,41505,0,1358,17
1589249335.0050616,173.194.151.108,10.10.0.10,,,443,41505,0,1358,17
1589249335.006759,10.10.0.10,173.194.151.108,,,41505,443,0,37,17
1589249335.0221946,173.194.151.108,10.10.0.10,,,443,41505,0,1358,17
1589249335.0393279,173.194.151.108,10.10.0.10,,,443,41505,0,1358,17
1589249335.04098,10.10.0.10,173.194.151.108,,,41505,443,0,37,17
1589249335.056472,173.194.151.108,10.10.0.10,,,443,41505,0,1358,17
1589249335.0735962,173.194.151.108,10.10.0.10,,,443,41505,0,1358,17
1589249335.075737,10.10.0.10,173.194.151.108,,,41505,443,0,37,17
1589249335.0907226,173.194.151.108,10.10.0.10,,,443,41505,0,1358,17
1589249335.1078632,173.194.151.108,10.10.0.10,,,443,41505,0,1358,17
1589249335.109631,10.10.0.10,173.194.151.108,,,41505,443,0,37,17
1589249335.124988,173.194.151.108,10.10.0.10,,,443,41505,0,1358,17
1589249335.14212,173.194.151.108,10.10.0.10,,,443,41505,0,1358,17
1589249335.144007,10.10.0.10,173.194.151.108,,,41505,443,0,37,17
1589249335.1592536,173.194.151.108,10.10.0.10,,,443,41505,0,1358,17
1589249335.1764061,173.194.151.108,10.10.0.10,,,443,41505,0,1358,17
1589249335.1786294,10.10.0.10,173.194.151.108,,,41505,443,0,37,17
1589249335.1935322,173.194.151.108,10.10.0.10,,,443,41505,0,1358,17
1589249335.2106588,173.194.151.108,10.10.0.10,,,443,41505,0,1358,17
1589249335.212235,10.10.0.10,173.194.151.108,,,41505,443,0,50,17
1589249335.227782,173.194.151.108,10.10.0.10,,,443,41505,0,1358,17
1589249335.2449136,173.194.151.108,10.10.0.10,,,443,41505,0,1358,17
1589249335.246701,10.10.0.10,173.194.151.108,,,41505,443,0,37,17
1589249335.262047,173.194.151.108,10.10.0.10,,,443,41505,0,1358,17
1589249335.2791786,173.194.151.108,10.10.0.10,,,443,41505,0,1358,17
1589249335.2810018,10.10.0.10,173.194.151.108,,,41505,443,0,37,17
1589249335.2963078,173.194.151.108,10.10.0.10,,,443,41505,0,29,17
1589249335.2970898,173.194.151.108,10.10.0.10,,,443,41505,0,1358,17
1589249335.314238,173.194.151.108,10.10.0.10,,,443,41505,0,1358,17
1589249335.315956,10.10.0.10,173.194.151.108,,,41505,443,0,37,17
1589249335.331346,173.194.151.108,10.10.0.10,,,443,41505,0,1358,17
1589249335.3484838,173.194.151.108,10.10.0.10,,,443,41505,0,1358,17
1589249335.350235,10.10.0.10,173.194.151.108,,,41505,443,0,37,17
1589249335.36561,173.194.151.108,10.10.0.10,,,443,41505,0,1358,17
1589249335.3827481,173.194.151.108,10.10.0.10,,,443,41505,0,1358,17
1589249335.3845012,10.10.0.10,173.194.151.108,,,41505,443,0,37,17
1589249335.3998988,173.194.151.108,10.10.0.10,,,443,41505,0,1358,17
1589249335.4170294,173.194.151.108,10.10.0.10,,,443,41505,0,1358,17
1589249335.4187558,10.10.0.10,173.194.151.108,,,41505,443,0,37,17
1589249335.434151,173.194.151.108,10.10.0.10,,,443,41505,0,1358,17
1589249335.45128,173.194.151.108,10.10.0.10,,,443,41505,0,1358,17
1589249335.452872,10.10.0.10,173.194.151.108,,,41505,443,0,37,17
1589249335.468409,173.194.151.108,10.10.0.10,,,443,41505,0,1358,17
1589249335.485543,173.194.151.108,10.10.0.10,,,443,41505,0,1358,17
1589249335.4896214,10.10.0.10,173.194.151.108,,,41505,443,0,37,17
1589249335.5026748,173.194.151.108,10.10.0.10,,,443,41505,0,1358,17
1589249335.519807,173.194.151.108,10.10.0.10,,,443,41505,0,1358,17
1589249335.521628,10.10.0.10,173.194.151.108,,,41505,443,0,37,17
1589249335.5369382,173.194.151.108,10.10.0.10,,,443,41505,0,1358,17
1589249335.554082,173.194.151.108,10.10.0.10,,,443,41505,0,1358,17
1589249335.5557332,10.10.0.10,173.194.151.108,,,41505,443,0,37,17
1589249335.571207,173.194.151.108,10.10.0.10,,,443,41505,0,1358,17
1589249335.588335,173.194.151.108,10.10.0.10,,,443,41505,0,1358,17
1589249335.591725,10.10.0.10,173.194.151.108,,,41505,443,0,37,17
1589249335.6054668,173.194.151.108,10.10.0.10,,,443,41505,0,1358,17
1589249335.6226,173.194.151.108,10.10.0.10,,,443,41505,0,1358,17
1589249335.62524,10.10.0.10,173.194.151.108,,,41505,443,0,37,17
1589249335.6397278,173.194.151.108,10.10.0.10,,,443,41505,0,1358,17
1589249335.6568608,173.194.151.108,10.10.0.10,,,443,41505,0,1358,17
1589249335.6592178,10.10.0.10,173.194.151.108,,,41505,443,0,37,17
1589249335.6739962,173.194.151.108,10.10.0.10,,,443,41505,0,1358,17
1589249335.6911304,173.194.151.108,10.10.0.10,,,443,41505,0,1358,17
1589249335.694609,10.10.0.10,173.194.151.108,,,41505,443,0,37,17
1589249335.708257,173.194.151.108,10.10.0.10,,,443,41505,0,1358,17
1589249335.7253902,173.194.151.108,10.10.0.10,,,443,41505,0,1358,17
1589249335.726961,10.10.0.10,173.194.151.108,,,41505,443,0,37,17
1589249335.742525,173.194.151.108,10.10.0.10,,,443,41505,0,1358,17
1589249335.7596538,173.194.151.108,10.10.0.10,,,443,41505,0,1358,17
1589249335.761345,10.10.0.10,173.194.151.108,,,41505,443,0,37,17
1589249335.7767859,173.194.151.108,10.10.0.10,,,443,41505,0,1358,17
1589249335.793924,173.194.151.108,10.10.0.10,,,443,41505,0,1358,17
1589249335.796616,10.10.0.10,173.194.151.108,,,41505,443,0,37,17
1589249335.8110569,173.194.151.108,10.10.0.10,,,443,41505,0,1358,17
1589249335.828186,173.194.151.108,10.10.0.10,,,443,41505,0,1358,17
1589249335.8308668,10.10.0.10,173.194.151.108,,,41505,443,0,37,17
1589249335.8453245,173.194.151.108,10.10.0.10,,,443,41505,0,1358,17
1589249335.8624518,173.194.151.108,10.10.0.10,,,443,41505,0,1358,17
1589249335.8641136,10.10.0.10,173.194.151.108,,,41505,443,0,37,17
1589249335.8795805,173.194.151.108,10.10.0.10,,,443,41505,0,1358,17
1589249335.896717,173.194.151.108,10.10.0.10,,,443,41505,0,1358,17
1589249335.900235,10.10.0.10,173.194.151.108,,,41505,443,0,50,17
1589249335.9138489,173.194.151.108,10.10.0.10,,,443,41505,0,1358,17
1589249335.930982,173.194.151.108,10.10.0.10,,,443,41505,0,1358,17
1589249335.93311,10.10.0.10,173.194.151.108,,,41505,443,0,37,17
1589249335.9481091,173.194.151.108,10.10.0.10,,,443,41505,0,1358,17
1589249335.9652634,173.194.151.108,10.10.0.10,,,443,41505,0,1358,17
1589249335.9670892,10.10.0.10,173.194.151.108,,,41505,443,0,37,17
1589249335.982385,173.194.151.108,10.10.0.10,,,443,41505,0,29,17
1589249335.9831548,173.194.151.108,10.10.0.10,,,443,41505,0,1358,17
1589249336.000289,173.194.151.108,10.10.0.10,,,443,41505,0,1358,17
1589249336.002482,10.10.0.10,173.194.151.108,,,41505,443,0,37,17
1589249336.017421,173.194.151.108,10.10.0.10,,,443,41505,0,1358,17
1589249336.034568,173.194.151.108,10.10.0.10,,,443,41505,0,1358,17
1589249336.0360851,10.10.0.10,173.194.151.108,,,41505,443,0,37,17
1589249336.0516932,173.194.151.108,10.10.0.10,,,443,41505,0,1358,17
1589249336.0688179,173.194.151.108,10.10.0.10,,,443,41505,0,1358,17
1589249336.070606,10.10.0.10,173.194.151.108,,,41505,443,0,37,17
1589249336.0859482,173.194.151.108,10.10.0.10,,,443,41505,0,1358,17
1589249336.103082,173.194.151.108,10.10.0.10,,,443,41505,0,1358,17
1589249336.10523,10.10.0.10,173.194.151.108,,,41505,443,0,37,17
1589249336.120209,173.194.151.108,10.10.0.10,,,443,41505,0,1358,17
1589249336.137346,173.194.151.108,10.10.0.10,,,443,41505,0,1358,17
1589249336.139103,10.10.0.10,173.194.151.108,,,41505,443,0,37,17
1589249336.154475,173.194.151.108,10.10.0.10,,,443,41505,0,1358,17
1589249336.1716268,173.194.151.108,10.10.0.10,,,443,41505,0,1358,17
1589249336.1733305,10.10.0.10,173.194.151.108,,,41505,443,0,37,17
1589249336.1887548,173.194.151.108,10.10.0.10,,,443,41505,0,1358,17
1589249336.205878,173.194.151.108,10.10.0.10,,,443,41505,0,1358,17
1589249336.207602,10.10.0.10,173.194.151.108,,,41505,443,0,37,17
1589249336.223007,173.194.151.108,10.10.0.10,,,443,41505,0,1358,17
1589249336.2401388,173.194.151.108,10.10.0.10,,,443,41505,0,1358,17
1589249336.242203,10.10.0.10,173.194.151.108,,,41505,443,0,37,17
1589249336.257272,173.194.151.108,10.10.0.10,,,443,41505,0,1358,17
1589249336.274402,173.194.151.108,10.10.0.10,,,443,41505,0,1358,17
1589249336.275977,10.10.0.10,173.194.151.108,,,41505,443,0,37,17
1589249336.2915351,173.194.151.108,10.10.0.10,,,443,41505,0,1358,17
1589249336.308683,173.194.151.108,10.10.0.10,,,443,41505,0,1358,17
1589249336.310225,10.10.0.10,173.194.151.108,,,41505,443,0,37,17
1589249336.3258119,173.194.151.108,10.10.0.10,,,443,41505,0,1358,17
1589249336.3429348,173.194.151.108,10.10.0.10,,,443,41505,0,1358,17
1589249336.3458312,10.10.0.10,173.194.151.108,,,41505,443,0,37,17
1589249336.3600602,173.194.151.108,10.10.0.10,,,443,41505,0,1358,17
1589249336.377197,173.194.151.108,10.10.0.10,,,443,41505,0,1358,17
1589249336.3792038,10.10.0.10,173.194.151.108,,,41505,443,0,37,17
1589249336.394331,173.194.151.108,10.10.0.10,,,443,41505,0,1358,17
1589249336.411463,173.194.151.108,10.10.0.10,,,443,41505,0,1358,17
1589249336.413324,10.10.0.10,173.194.151.108,,,41505,443,0,37,17
1589249336.4285939,173.194.151.108,10.10.0.10,,,443,41505,0,1358,17
1589249336.445743,173.194.151.108,10.10.0.10,,,443,41505,0,1358,17
1589249336.447448,10.10.0.10,173.194.151.108,,,41505,443,0,37,17
1589249336.462873,173.194.151.108,10.10.0.10,,,443,41505,0,1358,17
1589249336.47999,173.194.151.108,10.10.0.10,,,443,41505,0,1358,17
1589249336.48169,10.10.0.10,173.194.151.108,,,41505,443,0,37,17
1589249336.4971228,173.194.151.108,10.10.0.10,,,443,41505,0,1358,17
1589249336.514255,173.194.151.108,10.10.0.10,,,443,41505,0,1358,17
1589249336.515968,10.10.0.10,173.194.151.108,,,41505,443,0,37,17
1589249336.531388,173.194.151.108,10.10.0.10,,,443,41505,0,1358,17
1589249336.5485196,173.194.151.108,10.10.0.10,,,443,41505,0,1358,17
1589249336.550338,10.10.0.10,173.194.151.108,,,41505,443,0,37,17
1589249336.5656538,173.194.151.108,10.10.0.10,,,443,41505,0,1358,17
1589249336.582785,173.194.151.108,10.10.0.10,,,443,41505,0,1358,17
1589249336.5848231,10.10.0.10,173.194.151.108,,,41505,443,0,50,17
1589249336.5999322,173.194.151.108,10.10.0.10,,,443,41505,0,1358,17
1589249336.6170454,173.194.151.108,10.10.0.10,,,443,41505,0,1358,17
1589249336.6186929,10.10.0.10,173.194.151.108,,,41505,443,0,37,17
1589249336.634178,173.194.151.108,10.10.0.10,,,443,41505,0,1358,17
1589249336.651308,173.194.151.108,10.10.0.10,,,443,41505,0,1358,17
1589249336.6548266,10.10.0.10,173.194.151.108,,,41505,443,0,37,17
1589249336.668443,173.194.151.108,10.10.0.10,,,443,41505,0,1358,17
1589249336.6855812,173.194.151.108,10.10.0.10,,,443,41505,0,1358,17
1589249336.6876829,10.10.0.10,173.194.151.108,,,41505,443,0,37,17
1589249336.7027216,173.194.151.108,10.10.0.10,,,443,41505,0,1358,17
1589249336.719857,173.194.151.108,10.10.0.10,,,443,41505,0,1358,17
1589249336.7217119,10.10.0.10,173.194.151.108,,,41505,443,0,37,17
1589249336.7369769,173.194.151.108,10.10.0.10,,,443,41505,0,1358,17
1589249336.7540998,173.194.151.108,10.10.0.10,,,443,41505,0,1358,17
1589249336.75571,10.10.0.10,173.194.151.108,,,41505,443,0,37,17
1589249336.771234,173.194.151.108,10.10.0.10,,,443,41505,0,1358,17
1589249336.788369,173.194.151.108,10.10.0.10,,,443,41505,0,1358,17
1589249336.789929,10.10.0.10,173.194.151.108,,,41505,443,0,37,17
1589249336.8055005,173.194.151.108,10.10.0.10,,,443,41505,0,1358,17
1589249336.822639,173.194.151.108,10.10.0.10,,,443,41505,0,1358,17
1589249336.826335,10.10.0.10,173.194.151.108,,,41505,443,0,37,17
1589249336.8397698,173.194.151.108,10.10.0.10,,,443,41505,0,1358,17
1589249336.856902,173.194.151.108,10.10.0.10,,,443,41505,0,1358,17
1589249336.8598118,10.10.0.10,173.194.151.108,,,41505,443,0,37,17
1589249336.8740444,173.194.151.108,10.10.0.10,,,443,41505,0,1358,17
1589249336.89117,173.194.151.108,10.10.0.10,,,443,41505,0,1358,17
1589249336.893081,10.10.0.10,173.194.151.108,,,41505,443,0,37,17
1589249336.908299,173.194.151.108,10.10.0.10,,,443,41505,0,1358,17
1589249336.925431,173.194.151.108,10.10.0.10,,,443,41505,0,1358,17
1589249336.927331,10.10.0.10,173.194.151.108,,,41505,443,0,37,17
1589249336.9425652,173.194.151.108,10.10.0.10,,,443,41505,0,1358,17
1589249336.959697,173.194.151.108,10.10.0.10,,,443,41505,0,1358,17
1589249336.96331,10.10.0.10,173.194.151.108,,,41505,443,0,37,17
1589249336.9768279,173.194.151.108,10.10.0.10,,,443,41505,0,1358,17
1589249336.993977,173.194.151.108,10.10.0.10,,,443,41505,0,1358,17
1589249336.995559,10.10.0.10,173.194.151.108,,,41505,443,0,37,17
1589249337.011105,173.194.151.108,10.10.0.10,,,443,41505,0,1358,17
1589249337.0282269,173.194.151.108,10.10.0.10,,,443,41505,0,1358,17
1589249337.0299466,10.10.0.10,173.194.151.108,,,41505,443,0,37,17
1589249337.0453591,173.194.151.108,10.10.0.10,,,443,41505,0,1358,17
1589249337.062491,173.194.151.108,10.10.0.10,,,443,41505,0,1358,17
1589249337.064893,10.10.0.10,173.194.151.108,,,41505,443,0,37,17
1589249337.079624,173.194.151.108,10.10.0.10,,,443,41505,0,1358,17
1589249337.0967548,173.194.151.108,10.10.0.10,,,443,41505,0,1358,17
1589249337.098554,10.10.0.10,173.194.151.108,,,41505,443,0,37,17
1589249337.1138859,173.194.151.108,10.10.0.10,,,443,41505,0,1358,17
1589249337.1310186,173.194.151.108,10.10.0.10,,,443,41505,0,1358,17
1589249337.1326768,10.10.0.10,173.194.151.108,,,41505,443,0,37,17
1589249337.1481464,173.194.151.108,10.10.0.10,,,443,41505,0,1358,17
1589249337.1652858,173.194.151.108,10.10.0.10,,,443,41505,0,1358,17
1589249337.168052,10.10.0.10,173.194.151.108,,,41505,443,0,37,17
1589249337.182416,173.194.151.108,10.10.0.10,,,443,41505,0,1358,17
1589249337.1995482,173.194.151.108,10.10.0.10,,,443,41505,0,1358,17
1589249337.201302,10.10.0.10,173.194.151.108,,,41505,443,0,37,17
1589249337.21668,173.194.151.108,10.10.0.10,,,443,41505,0,1358,17
1589249337.2338119,173.194.151.108,10.10.0.10,,,443,41505,0,1358,17
1589249337.2356749,10.10.0.10,173.194.151.108,,,41505,443,0,37,17
1589249337.250943,173.194.151.108,10.10.0.10,,,443,41505,0,1358,17
1589249337.268088,173.194.151.108,10.10.0.10,,,443,41505,0,1358,17
1589249337.2707028,10.10.0.10,173.194.151.108,,,41505,443,0,50,17
1589249337.2852268,173.194.151.108,10.10.0.10,,,443,41505,0,1358,17
1589249337.3023472,173.194.151.108,10.10.0.10,,,443,41505,0,1358,17
1589249337.303927,10.10.0.10,173.194.151.108,,,41505,443,0,37,17
1589249337.319475,173.194.151.108,10.10.0.10,,,443,41505,0,1358,17
1589249337.336609,173.194.151.108,10.10.0.10,,,443,41505,0,1358,17
1589249337.3383148,10.10.0.10,173.194.151.108,,,41505,443,0,37,17
1589249337.3537376,173.194.151.108,10.10.0.10,,,443,41505,0,1358,17
1589249337.370871,173.194.151.108,10.10.0.10,,,443,41505,0,1358,17
1589249337.3729384,10.10.0.10,173.194.151.108,,,41505,443,0,37,17
1589249337.3880038,173.194.151.108,10.10.0.10,,,443,41505,0,1358,17
1589249337.4051368,173.194.151.108,10.10.0.10,,,443,41505,0,1358,17
1589249337.4069226,10.10.0.10,173.194.151.108,,,41505,443,0,37,17
1589249337.4222796,173.194.151.108,10.10.0.10,,,443,41505,0,1358,17
1589249337.4394052,173.194.151.108,10.10.0.10,,,443,41505,0,1358,17
1589249337.441189,10.10.0.10,173.194.151.108,,,41505,443,0,37,17
1589249337.4565349,173.194.151.108,10.10.0.10,,,443,41505,0,1358,17
1589249337.4736679,173.194.151.108,10.10.0.10,,,443,41505,0,1358,17
1589249337.4870641,10.10.0.10,173.194.151.108,,,41505,443,0,37,17
1589249337.490798,173.194.151.108,10.10.0.10,,,443,41505,0,1358,17
1589249337.5079331,173.194.151.108,10.10.0.10,,,443,41505,0,1358,17
1589249337.509542,10.10.0.10,173.194.151.108,,,41505,443,0,37,17
1589249337.525064,173.194.151.108,10.10.0.10,,,443,41505,0,1358,17
1589249337.5422132,173.194.151.108,10.10.0.10,,,443,41505,0,1358,17
1589249337.5439188,10.10.0.10,173.194.151.108,,,41505,443,0,37,17
1589249337.5593386,173.194.151.108,10.10.0.10,,,443,41505,0,1358,17
1589249337.576459,173.194.151.108,10.10.0.10,,,443,41505,0,1358,17
1589249337.5780606,10.10.0.10,173.194.151.108,,,41505,443,0,37,17
1589249337.593593,173.194.151.108,10.10.0.10,,,443,41505,0,1358,17
1589249337.6107235,173.194.151.108,10.10.0.10,,,443,41505,0,1358,17
1589249337.6125402,10.10.0.10,173.194.151.108,,,41505,443,0,37,17
1589249337.627861,173.194.151.108,10.10.0.10,,,443,41505,0,1358,17
1589249337.644986,173.194.151.108,10.10.0.10,,,443,41505,0,1358,17
1589249337.6467812,10.10.0.10,173.194.151.108,,,41505,443,0,37,17
1589249337.6621158,173.194.151.108,10.10.0.10,,,443,41505,0,1358,17
1589249337.679252,173.194.151.108,10.10.0.10,,,443,41505,0,1358,17
1589249337.682558,10.10.0.10,173.194.151.108,,,41505,443,0,37,17
1589249337.696384,173.194.151.108,10.10.0.10,,,443,41505,0,1358,17
1589249337.713512,173.194.151.108,10.10.0.10,,,443,41505,0,1358,17
1589249337.715545,10.10.0.10,173.194.151.108,,,41505,443,0,37,17
1589249337.7306454,173.194.151.108,10.10.0.10,,,443,41505,0,1358,17
1589249337.747777,173.194.151.108,10.10.0.10,,,443,41505,0,1358,17
1589249337.7492821,10.10.0.10,173.194.151.108,,,41505,443,0,37,17
1589249337.764911,173.194.151.108,10.10.0.10,,,443,41505,0,1358,17
1589249337.782041,173.194.151.108,10.10.0.10,,,443,41505,0,1358,17
1589249337.78617,10.10.0.10,173.194.151.108,,,41505,443,0,37,17
1589249337.7991812,173.194.151.108,10.10.0.10,,,443,41505,0,1358,17
1589249337.816306,173.194.151.108,10.10.0.10,,,443,41505,0,1358,17
1589249337.81793,10.10.0.10,173.194.151.108,,,41505,443,0,37,17
1589249337.833459,173.194.151.108,10.10.0.10,,,443,41505,0,1358,17
1589249337.8505812,173.194.151.108,10.10.0.10,,,443,41505,0,1358,17
1589249337.852537,10.10.0.10,173.194.151.108,,,41505,443,0,37,17
1589249337.8677092,173.194.151.108,10.10.0.10,,,443,41505,0,1358,17
1589249337.8848348,173.194.151.108,10.10.0.10,,,443,41505,0,1358,17
1589249337.8865552,10.10.0.10,173.194.151.108,,,41505,443,0,37,17
1589249337.9019716,173.194.151.108,10.10.0.10,,,443,41505,0,1358,17
1589249337.919105,173.194.151.108,10.10.0.10,,,443,41505,0,1358,17
1589249337.9208028,10.10.0.10,173.194.151.108,,,41505,443,0,37,17
1589249337.936236,173.194.151.108,10.10.0.10,,,443,41505,0,1358,17
1589249337.9533641,173.194.151.108,10.10.0.10,,,443,41505,0,1358,17
1589249337.9553,10.10.0.10,173.194.151.108,,,41505,443,0,50,17
1589249337.9705124,173.194.151.108,10.10.0.10,,,443,41505,0,1358,17
1589249337.987387,173.194.151.108,10.10.0.10,,,443,41505,0,1358,17
1589249337.9890301,10.10.0.10,173.194.151.108,,,41505,443,0,37,17
1589249338.004242,173.194.151.108,10.10.0.10,,,443,41505,0,1358,17
1589249338.021134,173.194.151.108,10.10.0.10,,,443,41505,0,1358,17
1589249338.023404,10.10.0.10,173.194.151.108,,,41505,443,0,37,17
1589249338.037992,173.194.151.108,10.10.0.10,,,443,41505,0,29,17
1589249338.038761,173.194.151.108,10.10.0.10,,,443,41505,0,1358,17
1589249338.055634,173.194.151.108,10.10.0.10,,,443,41505,0,1358,17
1589249338.057152,10.10.0.10,173.194.151.108,,,41505,443,0,37,17
1589249338.07251,173.194.151.108,10.10.0.10,,,443,41505,0,1358,17
1589249338.089384,173.194.151.108,10.10.0.10,,,443,41505,0,1358,17
1589249338.0911438,10.10.0.10,173.194.151.108,,,41505,443,0,37,17
1589249338.106258,173.194.151.108,10.10.0.10,,,443,41505,0,1358,17
1589249338.1231332,173.194.151.108,10.10.0.10,,,443,41505,0,1358,17
1589249338.124901,10.10.0.10,173.194.151.108,,,41505,443,0,37,17
1589249338.1399882,173.194.151.108,10.10.0.10,,,443,41505,0,1358,17
1589249338.1568804,173.194.151.108,10.10.0.10,,,443,41505,0,1358,17
1589249338.1592762,10.10.0.10,173.194.151.108,,,41505,443,0,37,17
1589249338.173738,173.194.151.108,10.10.0.10,,,443,41505,0,1358,17
1589249338.190613,173.194.151.108,10.10.0.10,,,443,41505,0,1358,17
1589249338.192397,10.10.0.10,173.194.151.108,,,41505,443,0,37,17
1589249338.2074828,173.194.151.108,10.10.0.10,,,443,41505,0,1358,17
1589249338.224358,173.194.151.108,10.10.0.10,,,443,41505,0,1358,17
1589249338.226023,10.10.0.10,173.194.151.108,,,41505,443,0,37,17
1589249338.2412288,173.194.151.108,10.10.0.10,,,443,41505,0,1358,17
1589249338.2581027,173.194.151.108,10.10.0.10,,,443,41505,0,1358,17
1589249338.2597704,10.10.0.10,173.194.151.108,,,41505,443,0,37,17
1589249338.274975,173.194.151.108,10.10.0.10,,,443,41505,0,1358,17
1589249338.291848,173.194.151.108,10.10.0.10,,,443,41505,0,1358,17
1589249338.297895,10.10.0.10,173.194.151.108,,,41505,443,0,37,17
1589249338.3087196,173.194.151.108,10.10.0.10,,,443,41505,0,294,17
1589249338.337775,10.10.0.10,173.194.151.108,,,41505,443,0,37,17
1589249338.3387642,10.10.0.10,173.194.151.108,,,41505,443,0,723,17
1589249338.3387902,10.10.0.10,173.194.151.108,,,41505,443,0,48,17
1589249338.3431716,173.194.151.108,10.10.0.10,,,443,41505,0,29,17
1589249338.344556,173.194.151.108,10.10.0.10,,,443,41505,0,1358,17
1589249338.3445911,173.194.151.108,10.10.0.10,,,443,41505,0,1358,17
1589249338.347789,10.10.0.10,173.194.151.108,,,41505,443,0,37,17
1589249338.353024,10.10.0.10,173.194.151.108,,,41505,443,0,722,17
1589249338.35305,10.10.0.10,173.194.151.108,,,41505,443,0,48,17
1589249338.358937,173.194.151.108,10.10.0.10,,,443,41505,0,1358,17
1589249338.375813,173.194.151.108,10.10.0.10,,,443,41505,0,1358,17
1589249338.377644,10.10.0.10,173.194.151.108,,,41505,443,0,37,17
1589249338.3926609,173.194.151.108,10.10.0.10,,,443,41505,0,1358,17
1589249338.409534,173.194.151.108,10.10.0.10,,,443,41505,0,1358,17
1589249338.411416,10.10.0.10,173.194.151.108,,,41505,443,0,37,17
1589249338.426409,173.194.151.108,10.10.0.10,,,443,41505,0,1358,17
1589249338.4432821,173.194.151.108,10.10.0.10,,,443,41505,0,29,17
1589249338.44404,173.194.151.108,10.10.0.10,,,443,41505,0,1358,17
1589249338.446641,10.10.0.10,173.194.151.108,,,41505,443,0,37,17
1589249338.4609349,173.194.151.108,10.10.0.10,,,443,41505,0,1358,17
1589249338.47781,173.194.151.108,10.10.0.10,,,443,41505,0,1358,17
1589249338.480017,10.10.0.10,173.194.151.108,,,41505,443,0,37,17
1589249338.4946842,173.194.151.108,10.10.0.10,,,443,41505,0,1358,17
1589249338.511559,173.194.151.108,10.10.0.10,,,443,41505,0,1358,17
1589249338.514283,10.10.0.10,173.194.151.108,,,41505,443,0,37,17
1589249338.528408,173.194.151.108,10.10.0.10,,,443,41505,0,1358,17
1589249338.5452812,173.194.151.108,10.10.0.10,,,443,41505,0,1358,17
1589249338.5492609,10.10.0.10,173.194.151.108,,,41505,443,0,37,17
1589249338.5621562,173.194.151.108,10.10.0.10,,,443,41505,0,1358,17
1589249338.57903,173.194.151.108,10.10.0.10,,,443,41505,0,1358,17
1589249338.580764,10.10.0.10,173.194.151.108,,,41505,443,0,37,17
1589249338.595902,173.194.151.108,10.10.0.10,,,443,41505,0,1358,17
1589249338.6127708,173.194.151.108,10.10.0.10,,,443,41505,0,1358,17
1589249338.6149054,10.10.0.10,173.194.151.108,,,41505,443,0,37,17
1589249338.6296446,173.194.151.108,10.10.0.10,,,443,41505,0,1358,17
1589249338.6465206,173.194.151.108,10.10.0.10,,,443,41505,0,1358,17
1589249338.6512544,10.10.0.10,173.194.151.108,,,41505,443,0,37,17
1589249338.665432,173.194.151.108,10.10.0.10,,,443,41505,0,1358,17
1589249338.682282,173.194.151.108,10.10.0.10,,,443,41505,0,1358,17
1589249338.6866052,10.10.0.10,173.194.151.108,,,41505,443,0,37,17
1589249338.6991544,173.194.151.108,10.10.0.10,,,443,41505,0,1358,17
1589249338.7160282,173.194.151.108,10.10.0.10,,,443,41505,0,1358,17
1589249338.718125,10.10.0.10,173.194.151.108,,,41505,443,0,37,17
1589249338.7329054,173.194.151.108,10.10.0.10,,,443,41505,0,1358,17
1589249338.749779,173.194.151.108,10.10.0.10,,,443,41505,0,1358,17
1589249338.7648852,10.10.0.10,173.194.151.108,,,41505,443,0,37,17
1589249338.76665,173.194.151.108,10.10.0.10,,,443,41505,0,1358,17
1589249338.7835279,173.194.151.108,10.10.0.10,,,443,41505,0,1358,17
1589249338.7909868,10.10.0.10,173.194.151.108,,,41505,443,0,37,17
1589249338.8003962,173.194.151.108,10.10.0.10,,,443,41505,0,1358,17
1589249338.8172722,173.194.151.108,10.10.0.10,,,443,41505,0,1358,17
1589249338.8193831,10.10.0.10,173.194.151.108,,,41505,443,0,37,17
1589249338.834142,173.194.151.108,10.10.0.10,,,443,41505,0,1358,17
1589249338.851016,173.194.151.108,10.10.0.10,,,443,41505,0,1358,17
1589249338.8526292,10.10.0.10,173.194.151.108,,,41505,443,0,37,17
1589249338.8678946,173.194.151.108,10.10.0.10,,,443,41505,0,1358,17
1589249338.8847618,173.194.151.108,10.10.0.10,,,443,41505,0,1358,17
1589249338.8865092,10.10.0.10,173.194.151.108,,,41505,443,0,37,17
1589249338.901633,173.194.151.108,10.10.0.10,,,443,41505,0,1358,17
1589249338.9185052,173.194.151.108,10.10.0.10,,,443,41505,0,1358,17
1589249338.9204009,10.10.0.10,173.194.151.108,,,41505,443,0,37,17
1589249338.9353795,173.194.151.108,10.10.0.10,,,443,41505,0,1358,17
1589249338.95225,173.194.151.108,10.10.0.10,,,443,41505,0,1358,17
1589249338.953991,10.10.0.10,173.194.151.108,,,41505,443,0,37,17
1589249338.96912,173.194.151.108,10.10.0.10,,,443,41505,0,1358,17
1589249338.98802,173.194.151.108,10.10.0.10,,,443,41505,0,1358,17
1589249338.99,10.10.0.10,173.194.151.108,,,41505,443,0,37,17
1589249339.004892,173.194.151.108,10.10.0.10,,,443,41505,0,1358,17
1589249339.022294,173.194.151.108,10.10.0.10,,,443,41505,0,1358,17
1589249339.0239718,10.10.0.10,173.194.151.108,,,41505,443,0,50,17
1589249339.0391688,173.194.151.108,10.10.0.10,,,443,41505,0,1358,17
1589249339.056015,173.194.151.108,10.10.0.10,,,443,41505,0,1358,17
1589249339.057518,10.10.0.10,173.194.151.108,,,41505,443,0,37,17
1589249339.0728922,173.194.151.108,10.10.0.10,,,443,41505,0,1358,17
1589249339.089765,173.194.151.108,10.10.0.10,,,443,41505,0,1358,17
1589249339.091496,10.10.0.10,173.194.151.108,,,41505,443,0,37,17
1589249339.1066391,173.194.151.108,10.10.0.10,,,443,41505,0,1358,17
1589249339.1235151,173.194.151.108,10.10.0.10,,,443,41505,0,1358,17
1589249339.1252518,10.10.0.10,173.194.151.108,,,41505,443,0,37,17
1589249339.140381,173.194.151.108,10.10.0.10,,,443,41505,0,1358,17
1589249339.157258,173.194.151.108,10.10.0.10,,,443,41505,0,1358,17
1589249339.158994,10.10.0.10,173.194.151.108,,,41505,443,0,37,17
1589249339.174133,173.194.151.108,10.10.0.10,,,443,41505,0,1358,17
1589249339.1910045,173.194.151.108,10.10.0.10,,,443,41505,0,1358,17
1589249339.1927626,10.10.0.10,173.194.151.108,,,41505,443,0,37,17
1589249339.2078738,173.194.151.108,10.10.0.10,,,443,41505,0,1358,17
1589249339.22475,173.194.151.108,10.10.0.10,,,443,41505,0,1358,17
1589249339.2264922,10.10.0.10,173.194.151.108,,,41505,443,0,37,17
1589249339.241624,173.194.151.108,10.10.0.10,,,443,41505,0,1358,17
1589249339.2584932,173.194.151.108,10.10.0.10,,,443,41505,0,1358,17
1589249339.2602649,10.10.0.10,173.194.151.108,,,41505,443,0,37,17
1589249339.275367,173.194.151.108,10.10.0.10,,,443,41505,0,1358,17
1589249339.292238,173.194.151.108,10.10.0.10,,,443,41505,0,1358,17
1589249339.2938588,10.10.0.10,173.194.151.108,,,41505,443,0,37,17
1589249339.311134,173.194.151.108,10.10.0.10,,,443,41505,0,1358,17
1589249339.328009,173.194.151.108,10.10.0.10,,,443,41505,0,1358,17
1589249339.3297591,10.10.0.10,173.194.151.108,,,41505,443,0,37,17
1589249339.344883,173.194.151.108,10.10.0.10,,,443,41505,0,1358,17
1589249339.361757,173.194.151.108,10.10.0.10,,,443,41505,0,1358,17
1589249339.3635092,10.10.0.10,173.194.151.108,,,41505,443,0,37,17
1589249339.3786268,173.194.151.108,10.10.0.10,,,443,41505,0,1358,17
1589249339.3955002,173.194.151.108,10.10.0.10,,,443,41505,0,1358,17
1589249339.3972578,10.10.0.10,173.194.151.108,,,41505,443,0,37,17
1589249339.412374,173.194.151.108,10.10.0.10,,,443,41505,0,1358,17
1589249339.4292452,173.194.151.108,10.10.0.10,,,443,41505,0,1358,17
1589249339.430986,10.10.0.10,173.194.151.108,,,41505,443,0,37,17
1589249339.4461148,173.194.151.108,10.10.0.10,,,443,41505,0,1358,17
1589249339.462989,173.194.151.108,10.10.0.10,,,443,41505,0,1358,17
1589249339.464615,10.10.0.10,173.194.151.108,,,41505,443,0,37,17
1589249339.4798641,173.194.151.108,10.10.0.10,,,443,41505,0,1358,17
1589249339.496736,173.194.151.108,10.10.0.10,,,443,41505,0,1358,17
1589249339.498486,10.10.0.10,173.194.151.108,,,41505,443,0,37,17
1589249339.513609,173.194.151.108,10.10.0.10,,,443,41505,0,1358,17
1589249339.5304828,173.194.151.108,10.10.0.10,,,443,41505,0,1358,17
1589249339.53213,10.10.0.10,173.194.151.108,,,41505,443,0,37,17
1589249339.547353,173.194.151.108,10.10.0.10,,,443,41505,0,1358,17
1589249339.56423,173.194.151.108,10.10.0.10,,,443,41505,0,1358,17
1589249339.5665052,10.10.0.10,173.194.151.108,,,41505,443,0,37,17
1589249339.5811002,173.194.151.108,10.10.0.10,,,443,41505,0,1358,17
1589249339.597973,173.194.151.108,10.10.0.10,,,443,41505,0,1358,17
1589249339.59986,10.10.0.10,173.194.151.108,,,41505,443,0,37,17
1589249339.6148472,173.194.151.108,10.10.0.10,,,443,41505,0,1358,17
1589249339.6317186,173.194.151.108,10.10.0.10,,,443,41505,0,1358,17
1589249339.6333342,10.10.0.10,173.194.151.108,,,41505,443,0,37,17
1589249339.648587,173.194.151.108,10.10.0.10,,,443,41505,0,1358,17
1589249339.6654608,173.194.151.108,10.10.0.10,,,443,41505,0,1358,17
1589249339.6679769,10.10.0.10,173.194.151.108,,,41505,443,0,37,17
1589249339.682338,173.194.151.108,10.10.0.10,,,443,41505,0,1358,17
1589249339.699208,173.194.151.108,10.10.0.10,,,443,41505,0,1358,17
1589249339.7009606,10.10.0.10,173.194.151.108,,,41505,443,0,50,17
1589249339.7160769,173.194.151.108,10.10.0.10,,,443,41505,0,1358,17
1589249339.73295,173.194.151.108,10.10.0.10,,,443,41505,0,1358,17
1589249339.734459,10.10.0.10,173.194.151.108,,,41505,443,0,37,17
1589249339.7498364,173.194.151.108,10.10.0.10,,,443,41505,0,1358,17
1589249339.766696,173.194.151.108,10.10.0.10,,,443,41505,0,1358,17
1589249339.7682204,10.10.0.10,173.194.151.108,,,41505,443,0,37,17
1589249339.7835689,173.194.151.108,10.10.0.10,,,443,41505,0,1358,17
1589249339.800442,173.194.151.108,10.10.0.10,,,443,41505,0,29,17
1589249339.80121,173.194.151.108,10.10.0.10,,,443,41505,0,1358,17
1589249339.802978,10.10.0.10,173.194.151.108,,,41505,443,0,37,17
1589249339.8180838,173.194.151.108,10.10.0.10,,,443,41505,0,1358,17
1589249339.834959,173.194.151.108,10.10.0.10,,,443,41505,0,1358,17
1589249339.8387182,10.10.0.10,173.194.151.108,,,41505,443,0,37,17
1589249339.851832,173.194.151.108,10.10.0.10,,,443,41505,0,1358,17
1589249339.868707,173.194.151.108,10.10.0.10,,,443,41505,0,1358,17
1589249339.870366,10.10.0.10,173.194.151.108,,,41505,443,0,37,17
1589249339.885576,173.194.151.108,10.10.0.10,,,443,41505,0,1358,17
1589249339.902457,173.194.151.108,10.10.0.10,,,443,41505,0,1358,17
1589249339.904119,10.10.0.10,173.194.151.108,,,41505,443,0,37,17
1589249339.9193304,173.194.151.108,10.10.0.10,,,443,41505,0,1358,17
1589249339.936208,173.194.151.108,10.10.0.10,,,443,41505,0,1358,17
1589249339.937993,10.10.0.10,173.194.151.108,,,41505,443,0,37,17
1589249339.9530811,173.194.151.108,10.10.0.10,,,443,41505,0,1358,17
1589249339.969935,173.194.151.108,10.10.0.10,,,443,41505,0,1358,17
1589249339.9718668,10.10.0.10,173.194.151.108,,,41505,443,0,37,17
1589249339.986808,173.194.151.108,10.10.0.10,,,443,41505,0,1358,17
1589249340.00368,173.194.151.108,10.10.0.10,,,443,41505,0,1358,17
1589249340.005594,10.10.0.10,173.194.151.108,,,41505,443,0,37,17
1589249340.0205562,173.194.151.108,10.10.0.10,,,443,41505,0,1358,17
1589249340.03743,173.194.151.108,10.10.0.10,,,443,41505,0,1358,17
1589249340.0501149,10.10.0.10,173.194.151.108,,,41505,443,0,37,17
1589249340.054303,173.194.151.108,10.10.0.10,,,443,41505,0,1358,17
1589249340.0711708,173.194.151.108,10.10.0.10,,,443,41505,0,1358,17
1589249340.072863,10.10.0.10,173.194.151.108,,,41505,443,0,37,17
1589249340.08804,173.194.151.108,10.10.0.10,,,443,41505,0,1358,17
1589249340.104917,173.194.151.108,10.10.0.10,,,443,41505,0,1358,17
1589249340.1069868,10.10.0.10,173.194.151.108,,,41505,443,0,37,17
1589249340.1217911,173.194.151.108,10.10.0.10,,,443,41505,0,1358,17
1589249340.138663,173.194.151.108,10.10.0.10,,,443,41505,0,1358,17
1589249340.140363,10.10.0.10,173.194.151.108,,,41505,443,0,37,17
1589249340.155537,173.194.151.108,10.10.0.10,,,443,41505,0,1358,17
1589249340.172405,173.194.151.108,10.10.0.10,,,443,41505,0,1358,17
1589249340.1743412,10.10.0.10,173.194.151.108,,,41505,443,0,37,17
1589249340.189281,173.194.151.108,10.10.0.10,,,443,41505,0,1358,17
1589249340.2061539,173.194.151.108,10.10.0.10,,,443,41505,0,1358,17
1589249340.2079868,10.10.0.10,173.194.151.108,,,41505,443,0,37,17
1589249340.2230294,173.194.151.108,10.10.0.10,,,443,41505,0,1358,17
1589249340.239898,173.194.151.108,10.10.0.10,,,443,41505,0,1358,17
1589249340.2419572,10.10.0.10,173.194.151.108,,,41505,443,0,37,17
1589249340.256777,173.194.151.108,10.10.0.10,,,443,41505,0,1358,17
1589249340.2736444,173.194.151.108,10.10.0.10,,,443,41505,0,1358,17
1589249340.275855,10.10.0.10,173.194.151.108,,,41505,443,0,37,17
1589249340.290517,173.194.151.108,10.10.0.10,,,443,41505,0,1358,17
1589249340.30739,173.194.151.108,10.10.0.10,,,443,41505,0,1358,17
1589249340.3090858,10.10.0.10,173.194.151.108,,,41505,443,0,37,17
1589249340.324266,173.194.151.108,10.10.0.10,,,443,41505,0,1358,17
1589249340.3411398,173.194.151.108,10.10.0.10,,,443,41505,0,1358,17
1589249340.343107,10.10.0.10,173.194.151.108,,,41505,443,0,37,17
1589249340.358005,173.194.151.108,10.10.0.10,,,443,41505,0,1358,17
1589249340.3748848,173.194.151.108,10.10.0.10,,,443,41505,0,1358,17
1589249340.3766036,10.10.0.10,173.194.151.108,,,41505,443,0,50,17
1589249340.391757,173.194.151.108,10.10.0.10,,,443,41505,0,1358,17
1589249340.408632,173.194.151.108,10.10.0.10,,,443,41505,0,1358,17
1589249340.410352,10.10.0.10,173.194.151.108,,,41505,443,0,37,17
1589249340.4255078,173.194.151.108,10.10.0.10,,,443,41505,0,1358,17
1589249340.442384,173.194.151.108,10.10.0.10,,,443,41505,0,1358,17
1589249340.444979,10.10.0.10,173.194.151.108,,,41505,443,0,37,17
1589249340.4592562,173.194.151.108,10.10.0.10,,,443,41505,0,29,17
1589249340.460003,173.194.151.108,10.10.0.10,,,443,41505,0,1358,17
1589249340.4768775,173.194.151.108,10.10.0.10,,,443,41505,0,1358,17
1589249340.4790866,10.10.0.10,173.194.151.108,,,41505,443,0,37,17
1589249340.493754,173.194.151.108,10.10.0.10,,,443,41505,0,1358,17
1589249340.510631,173.194.151.108,10.10.0.10,,,443,41505,0,1358,17
1589249340.512191,10.10.0.10,173.194.151.108,,,41505,443,0,37,17
1589249340.527503,173.194.151.108,10.10.0.10,,,443,41505,0,1358,17
1589249340.5443714,173.194.151.108,10.10.0.10,,,443,41505,0,1358,17
1589249340.547455,10.10.0.10,173.194.151.108,,,41505,443,0,37,17
1589249340.56125,173.194.151.108,10.10.0.10,,,443,41505,0,1358,17
1589249340.578116,173.194.151.108,10.10.0.10,,,443,41505,0,1358,17
1589249340.579962,10.10.0.10,173.194.151.108,,,41505,443,0,37,17
1589249340.594987,173.194.151.108,10.10.0.10,,,443,41505,0,1358,17
1589249340.6118624,173.194.151.108,10.10.0.10,,,443,41505,0,1358,17
1589249340.613455,10.10.0.10,173.194.151.108,,,41505,443,0,37,17
1589249340.6287339,173.194.151.108,10.10.0.10,,,443,41505,0,1358,17
1589249340.6456249,173.194.151.108,10.10.0.10,,,443,41505,0,1358,17
1589249340.648576,10.10.0.10,173.194.151.108,,,41505,443,0,37,17
1589249340.662496,173.194.151.108,10.10.0.10,,,443,41505,0,1358,17
1589249340.6793704,173.194.151.108,10.10.0.10,,,443,41505,0,1358,17
1589249340.681222,10.10.0.10,173.194.151.108,,,41505,443,0,37,17
1589249340.6962461,173.194.151.108,10.10.0.10,,,443,41505,0,1358,17
1589249340.713119,173.194.151.108,10.10.0.10,,,443,41505,0,1358,17
1589249340.7150948,10.10.0.10,173.194.151.108,,,41505,443,0,37,17
1589249340.7312188,173.194.151.108,10.10.0.10,,,443,41505,0,1358,17
1589249340.7480931,173.194.151.108,10.10.0.10,,,443,41505,0,1358,17
1589249340.749584,10.10.0.10,173.194.151.108,,,41505,443,0,37,17
1589249340.7649686,173.194.151.108,10.10.0.10,,,443,41505,0,1358,17
1589249340.78184,173.194.151.108,10.10.0.10,,,443,41505,0,1358,17
1589249340.783594,10.10.0.10,173.194.151.108,,,41505,443,0,37,17
1589249340.7987092,173.194.151.108,10.10.0.10,,,443,41505,0,1358,17
1589249340.815585,173.194.151.108,10.10.0.10,,,443,41505,0,1358,17
1589249340.817091,10.10.0.10,173.194.151.108,,,41505,443,0,37,17
1589249340.832453,173.194.151.108,10.10.0.10,,,443,41505,0,1358,17
1589249340.849333,173.194.151.108,10.10.0.10,,,443,41505,0,1358,17
1589249340.8508232,10.10.0.10,173.194.151.108,,,41505,443,0,37,17
1589249340.8662052,173.194.151.108,10.10.0.10,,,443,41505,0,1358,17
1589249340.883076,173.194.151.108,10.10.0.10,,,443,41505,0,1358,17
1589249340.8849652,10.10.0.10,173.194.151.108,,,41505,443,0,37,17
1589249340.899951,173.194.151.108,10.10.0.10,,,443,41505,0,1358,17
1589249340.9168198,173.194.151.108,10.10.0.10,,,443,41505,0,1358,17
1589249340.9194634,10.10.0.10,173.194.151.108,,,41505,443,0,37,17
1589249340.9336932,173.194.151.108,10.10.0.10,,,443,41505,0,1358,17
1589249340.950565,173.194.151.108,10.10.0.10,,,443,41505,0,1358,17
1589249340.9523182,10.10.0.10,173.194.151.108,,,41505,443,0,37,17
1589249340.967442,173.194.151.108,10.10.0.10,,,443,41505,0,1358,17
1589249340.984314,173.194.151.108,10.10.0.10,,,443,41505,0,1358,17
1589249340.9864442,10.10.0.10,173.194.151.108,,,41505,443,0,37,17
1589249341.001183,173.194.151.108,10.10.0.10,,,443,41505,0,1358,17
1589249341.0180569,173.194.151.108,10.10.0.10,,,443,41505,0,1358,17
1589249341.020589,10.10.0.10,173.194.151.108,,,41505,443,0,37,17
1589249341.0349278,173.194.151.108,10.10.0.10,,,443,41505,0,1358,17
1589249341.051805,173.194.151.108,10.10.0.10,,,443,41505,0,1358,17
1589249341.053565,10.10.0.10,173.194.151.108,,,41505,443,0,50,17
1589249341.068678,173.194.151.108,10.10.0.10,,,443,41505,0,1358,17
1589249341.0855439,173.194.151.108,10.10.0.10,,,443,41505,0,1358,17
1589249341.0874634,10.10.0.10,173.194.151.108,,,41505,443,0,37,17
1589249341.102422,173.194.151.108,10.10.0.10,,,443,41505,0,1358,17
1589249341.119297,173.194.151.108,10.10.0.10,,,443,41505,0,1358,17
1589249341.122689,10.10.0.10,173.194.151.108,,,41505,443,0,37,17
1589249341.136172,173.194.151.108,10.10.0.10,,,443,41505,0,1358,17
1589249341.1530454,173.194.151.108,10.10.0.10,,,443,41505,0,1358,17
1589249341.154957,10.10.0.10,173.194.151.108,,,41505,443,0,37,17
1589249341.1699214,173.194.151.108,10.10.0.10,,,443,41505,0,1358,17
1589249341.186795,173.194.151.108,10.10.0.10,,,443,41505,0,1358,17
1589249341.188559,10.10.0.10,173.194.151.108,,,41505,443,0,37,17
1589249341.2036679,173.194.151.108,10.10.0.10,,,443,41505,0,1358,17
1589249341.2205431,173.194.151.108,10.10.0.10,,,443,41505,0,1358,17
1589249341.222207,10.10.0.10,173.194.151.108,,,41505,443,0,37,17
1589249341.237418,173.194.151.108,10.10.0.10,,,443,41505,0,1358,17
1589249341.2542946,173.194.151.108,10.10.0.10,,,443,41505,0,1358,17
1589249341.256077,10.10.0.10,173.194.151.108,,,41505,443,0,37,17
1589249341.2711492,173.194.151.108,10.10.0.10,,,443,41505,0,1358,17
1589249341.288032,173.194.151.108,10.10.0.10,,,443,41505,0,1358,17
1589249341.289813,10.10.0.10,173.194.151.108,,,41505,443,0,37,17
1589249341.304893,173.194.151.108,10.10.0.10,,,443,41505,0,1358,17
1589249341.321766,173.194.151.108,10.10.0.10,,,443,41505,0,1358,17
1589249341.324684,10.10.0.10,173.194.151.108,,,41505,443,0,37,17
1589249341.338639,173.194.151.108,10.10.0.10,,,443,41505,0,1358,17
1589249341.3555148,173.194.151.108,10.10.0.10,,,443,41505,0,1358,17
1589249341.357306,10.10.0.10,173.194.151.108,,,41505,443,0,37,17
1589249341.372387,173.194.151.108,10.10.0.10,,,443,41505,0,1358,17
1589249341.3892589,173.194.151.108,10.10.0.10,,,443,41505,0,1358,17
1589249341.3909378,10.10.0.10,173.194.151.108,,,41505,443,0,37,17
1589249341.406129,173.194.151.108,10.10.0.10,,,443,41505,0,1358,17
1589249341.423003,173.194.151.108,10.10.0.10,,,443,41505,0,1358,17
1589249341.4246724,10.10.0.10,173.194.151.108,,,41505,443,0,37,17
1589249341.439878,173.194.151.108,10.10.0.10,,,443,41505,0,1358,17
1589249341.4567482,173.194.151.108,10.10.0.10,,,443,41505,0,1358,17
1589249341.458695,10.10.0.10,173.194.151.108,,,41505,443,0,37,17
1589249341.473622,173.194.151.108,10.10.0.10,,,443,41505,0,1358,17
1589249341.490494,173.194.151.108,10.10.0.10,,,443,41505,0,1358,17
1589249341.494052,10.10.0.10,173.194.151.108,,,41505,443,0,37,17
1589249341.5073662,173.194.151.108,10.10.0.10,,,443,41505,0,1358,17
1589249341.52424,173.194.151.108,10.10.0.10,,,443,41505,0,1358,17
1589249341.525792,10.10.0.10,173.194.151.108,,,41505,443,0,37,17
1589249341.54111,173.194.151.108,10.10.0.10,,,443,41505,0,1358,17
1589249341.557978,173.194.151.108,10.10.0.10,,,443,41505,0,1358,17
1589249341.5596714,10.10.0.10,173.194.151.108,,,41505,443,0,37,17
1589249341.5748518,173.194.151.108,10.10.0.10,,,443,41505,0,1358,17
1589249341.59173,173.194.151.108,10.10.0.10,,,443,41505,0,1358,17
1589249341.594795,10.10.0.10,173.194.151.108,,,41505,443,0,37,17
1589249341.6086009,173.194.151.108,10.10.0.10,,,443,41505,0,1358,17
1589249341.625474,173.194.151.108,10.10.0.10,,,443,41505,0,1358,17
1589249341.627197,10.10.0.10,173.194.151.108,,,41505,443,0,37,17
1589249341.642344,173.194.151.108,10.10.0.10,,,443,41505,0,1358,17
1589249341.6592212,173.194.151.108,10.10.0.10,,,443,41505,0,1358,17
1589249341.6611948,10.10.0.10,173.194.151.108,,,41505,443,0,37,17
1589249341.67609,173.194.151.108,10.10.0.10,,,443,41505,0,1358,17
1589249341.6929688,173.194.151.108,10.10.0.10,,,443,41505,0,1358,17
1589249341.6959224,10.10.0.10,173.194.151.108,,,41505,443,0,37,17
1589249341.7098362,173.194.151.108,10.10.0.10,,,443,41505,0,1358,17
1589249341.726707,173.194.151.108,10.10.0.10,,,443,41505,0,1358,17
1589249341.7283251,10.10.0.10,173.194.151.108,,,41505,443,0,50,17
1589249341.743594,173.194.151.108,10.10.0.10,,,443,41505,0,1358,17
1589249341.7604532,173.194.151.108,10.10.0.10,,,443,41505,0,1358,17
1589249341.762065,10.10.0.10,173.194.151.108,,,41505,443,0,37,17
1589249341.777342,173.194.151.108,10.10.0.10,,,443,41505,0,1358,17
1589249341.7942169,173.194.151.108,10.10.0.10,,,443,41505,0,1358,17
1589249341.795816,10.10.0.10,173.194.151.108,,,41505,443,0,37,17
1589249341.811088,173.194.151.108,10.10.0.10,,,443,41505,0,29,17
1589249341.8118372,173.194.151.108,10.10.0.10,,,443,41505,0,1358,17
1589249341.8287172,173.194.151.108,10.10.0.10,,,443,41505,0,1358,17
1589249341.8305476,10.10.0.10,173.194.151.108,,,41505,443,0,37,17
1589249341.8455892,173.194.151.108,10.10.0.10,,,443,41505,0,1358,17
1589249341.8624651,173.194.151.108,10.10.0.10,,,443,41505,0,1358,17
1589249341.8664358,10.10.0.10,173.194.151.108,,,41505,443,0,37,17
1589249341.8793242,173.194.151.108,10.10.0.10,,,443,41505,0,1358,17
1589249341.896215,173.194.151.108,10.10.0.10,,,443,41505,0,1358,17
1589249341.897916,10.10.0.10,173.194.151.108,,,41505,443,0,37,17
1589249341.913088,173.194.151.108,10.10.0.10,,,443,41505,0,1358,17
1589249341.929962,173.194.151.108,10.10.0.10,,,443,41505,0,1358,17
1589249341.9315422,10.10.0.10,173.194.151.108,,,41505,443,0,37,17
1589249341.9468348,173.194.151.108,10.10.0.10,,,443,41505,0,1358,17
1589249341.9637082,173.194.151.108,10.10.0.10,,,443,41505,0,1358,17
1589249341.965561,10.10.0.10,173.194.151.108,,,41505,443,0,37,17
1589249341.980567,173.194.151.108,10.10.0.10,,,443,41505,0,1358,17
1589249341.997458,173.194.151.108,10.10.0.10,,,443,41505,0,1358,17
1589249341.999038,10.10.0.10,173.194.151.108,,,41505,443,0,37,17
1589249342.014332,173.194.151.108,10.10.0.10,,,443,41505,0,1358,17
1589249342.0312061,173.194.151.108,10.10.0.10,,,443,41505,0,1358,17
1589249342.032942,10.10.0.10,173.194.151.108,,,41505,443,0,37,17
1589249342.048053,173.194.151.108,10.10.0.10,,,443,41505,0,1358,17
1589249342.0649278,173.194.151.108,10.10.0.10,,,443,41505,0,1358,17
1589249342.067179,10.10.0.10,173.194.151.108,,,41505,443,0,37,17
1589249342.0818045,173.194.151.108,10.10.0.10,,,443,41505,0,1358,17
1589249342.0986748,173.194.151.108,10.10.0.10,,,443,41505,0,1358,17
1589249342.100438,10.10.0.10,173.194.151.108,,,41505,443,0,37,17
1589249342.11555,173.194.151.108,10.10.0.10,,,443,41505,0,1358,17
1589249342.132417,173.194.151.108,10.10.0.10,,,443,41505,0,1358,17
1589249342.1341784,10.10.0.10,173.194.151.108,,,41505,443,0,37,17
1589249342.149294,173.194.151.108,10.10.0.10,,,443,41505,0,1358,17
1589249342.166169,173.194.151.108,10.10.0.10,,,443,41505,0,1358,17
1589249342.1677868,10.10.0.10,173.194.151.108,,,41505,443,0,37,17
1589249342.183039,173.194.151.108,10.10.0.10,,,443,41505,0,1358,17
1589249342.1999118,173.194.151.108,10.10.0.10,,,443,41505,0,1358,17
1589249342.201647,10.10.0.10,173.194.151.108,,,41505,443,0,37,17
1589249342.216795,173.194.151.108,10.10.0.10,,,443,41505,0,1358,17
1589249342.2336578,173.194.151.108,10.10.0.10,,,443,41505,0,1358,17
1589249342.235413,10.10.0.10,173.194.151.108,,,41505,443,0,37,17
1589249342.2505288,173.194.151.108,10.10.0.10,,,443,41505,0,1358,17
1589249342.2674036,173.194.151.108,10.10.0.10,,,443,41505,0,1358,17
1589249342.268991,10.10.0.10,173.194.151.108,,,41505,443,0,37,17
1589249342.284274,173.194.151.108,10.10.0.10,,,443,41505,0,1358,17
1589249342.301147,173.194.151.108,10.10.0.10,,,443,41505,0,1358,17
1589249342.302664,10.10.0.10,173.194.151.108,,,41505,443,0,37,17
1589249342.3180199,173.194.151.108,10.10.0.10,,,443,41505,0,1358,17
1589249342.3348932,173.194.151.108,10.10.0.10,,,443,41505,0,1358,17
1589249342.336647,10.10.0.10,173.194.151.108,,,41505,443,0,37,17
1589249342.351766,173.194.151.108,10.10.0.10,,,443,41505,0,1358,17
1589249342.368641,173.194.151.108,10.10.0.10,,,443,41505,0,1358,17
1589249342.3704019,10.10.0.10,173.194.151.108,,,41505,443,0,37,17
1589249342.3855171,173.194.151.108,10.10.0.10,,,443,41505,0,1358,17
1589249342.402383,173.194.151.108,10.10.0.10,,,443,41505,0,1358,17
1589249342.404152,10.10.0.10,173.194.151.108,,,41505,443,0,50,17
1589249342.4192588,173.194.151.108,10.10.0.10,,,443,41505,0,1358,17
1589249342.436125,173.194.151.108,10.10.0.10,,,443,41505,0,1358,17
1589249342.437642,10.10.0.10,173.194.151.108,,,41505,443,0,37,17
1589249342.453008,173.194.151.108,10.10.0.10,,,443,41505,0,1358,17
1589249342.469883,173.194.151.108,10.10.0.10,,,443,41505,0,1358,17
1589249342.471544,10.10.0.10,173.194.151.108,,,41505,443,0,37,17
1589249342.486757,173.194.151.108,10.10.0.10,,,443,41505,0,1358,17
1589249342.503632,173.194.151.108,10.10.0.10,,,443,41505,0,1358,17
1589249342.5059009,10.10.0.10,173.194.151.108,,,41505,443,0,37,17
1589249342.521006,173.194.151.108,10.10.0.10,,,443,41505,0,1358,17
1589249342.537882,173.194.151.108,10.10.0.10,,,443,41505,0,1358,17
1589249342.539639,10.10.0.10,173.194.151.108,,,41505,443,0,37,17
1589249342.554748,173.194.151.108,10.10.0.10,,,443,41505,0,1358,17
1589249342.5716178,173.194.151.108,10.10.0.10,,,443,41505,0,1358,17
1589249342.573418,10.10.0.10,173.194.151.108,,,41505,443,0,37,17
1589249342.588489,173.194.151.108,10.10.0.10,,,443,41505,0,1358,17
1589249342.605365,173.194.151.108,10.10.0.10,,,443,41505,0,1358,17
1589249342.6068606,10.10.0.10,173.194.151.108,,,41505,443,0,37,17
1589249342.6222534,173.194.151.108,10.10.0.10,,,443,41505,0,1358,17
1589249342.639128,173.194.151.108,10.10.0.10,,,443,41505,0,1358,17
1589249342.640772,10.10.0.10,173.194.151.108,,,41505,443,0,37,17
1589249342.655983,173.194.151.108,10.10.0.10,,,443,41505,0,1358,17
1589249342.6728532,173.194.151.108,10.10.0.10,,,443,41505,0,1358,17
1589249342.674489,10.10.0.10,173.194.151.108,,,41505,443,0,37,17
1589249342.6897259,173.194.151.108,10.10.0.10,,,443,41505,0,1358,17
1589249342.706598,173.194.151.108,10.10.0.10,,,443,41505,0,1358,17
1589249342.708623,10.10.0.10,173.194.151.108,,,41505,443,0,37,17
1589249342.723475,173.194.151.108,10.10.0.10,,,443,41505,0,1358,17
1589249342.740358,173.194.151.108,10.10.0.10,,,443,41505,0,1358,17
1589249342.741893,10.10.0.10,173.194.151.108,,,41505,443,0,37,17
1589249342.7572198,173.194.151.108,10.10.0.10,,,443,41505,0,1358,17
1589249342.7740939,173.194.151.108,10.10.0.10,,,443,41505,0,1358,17
1589249342.775664,10.10.0.10,173.194.151.108,,,41505,443,0,37,17
1589249342.790967,173.194.151.108,10.10.0.10,,,443,41505,0,1358,17
1589249342.8078382,173.194.151.108,10.10.0.10,,,443,41505,0,1358,17
1589249342.8151221,10.10.0.10,173.194.151.108,,,41505,443,0,37,17
1589249342.8247118,173.194.151.108,10.10.0.10,,,443,41505,0,1358,17
1589249342.841585,173.194.151.108,10.10.0.10,,,443,41505,0,1358,17
1589249342.843388,10.10.0.10,173.194.151.108,,,41505,443,0,37,17
1589249342.8584561,173.194.151.108,10.10.0.10,,,443,41505,0,1358,17
1589249342.8753262,173.194.151.108,10.10.0.10,,,443,41505,0,1358,17
1589249342.8770409,10.10.0.10,173.194.151.108,,,41505,443,0,37,17
1589249342.8922038,173.194.151.108,10.10.0.10,,,443,41505,0,1358,17
1589249342.9090724,173.194.151.108,10.10.0.10,,,443,41505,0,1358,17
1589249342.911387,10.10.0.10,173.194.151.108,,,41505,443,0,37,17
1589249342.92595,173.194.151.108,10.10.0.10,,,443,41505,0,1358,17
1589249342.942821,173.194.151.108,10.10.0.10,,,443,41505,0,1358,17
1589249342.944516,10.10.0.10,173.194.151.108,,,41505,443,0,37,17
1589249342.9596908,173.194.151.108,10.10.0.10,,,443,41505,0,1358,17
1589249342.978631,173.194.151.108,10.10.0.10,,,443,41505,0,1358,17
1589249342.980376,10.10.0.10,173.194.151.108,,,41505,443,0,37,17
1589249342.99757,173.194.151.108,10.10.0.10,,,443,41505,0,1358,17
1589249343.016509,173.194.151.108,10.10.0.10,,,443,41505,0,1358,17
1589249343.0190089,10.10.0.10,173.194.151.108,,,41505,443,0,37,17
1589249343.035449,173.194.151.108,10.10.0.10,,,443,41505,0,1358,17
1589249343.0543866,173.194.151.108,10.10.0.10,,,443,41505,0,1358,17
1589249343.0561528,10.10.0.10,173.194.151.108,,,41505,443,0,37,17
1589249343.0733252,173.194.151.108,10.10.0.10,,,443,41505,0,1358,17
1589249343.0922694,173.194.151.108,10.10.0.10,,,443,41505,0,1358,17
1589249343.094026,10.10.0.10,173.194.151.108,,,41505,443,0,50,17
1589249343.111204,173.194.151.108,10.10.0.10,,,443,41505,0,1358,17
1589249343.130144,173.194.151.108,10.10.0.10,,,443,41505,0,1358,17
1589249343.13188,10.10.0.10,173.194.151.108,,,41505,443,0,37,17
1589249343.14908,173.194.151.108,10.10.0.10,,,443,41505,0,1358,17
1589249343.1680212,173.194.151.108,10.10.0.10,,,443,41505,0,1358,17
1589249343.17063,10.10.0.10,173.194.151.108,,,41505,443,0,37,17
1589249343.1869571,173.194.151.108,10.10.0.10,,,443,41505,0,1358,17
1589249343.2058961,173.194.151.108,10.10.0.10,,,443,41505,0,29,17
1589249343.206759,173.194.151.108,10.10.0.10,,,443,41505,0,1358,17
1589249343.2089958,10.10.0.10,173.194.151.108,,,41505,443,0,37,17
1589249343.2256932,173.194.151.108,10.10.0.10,,,443,41505,0,1358,17
1589249343.244633,173.194.151.108,10.10.0.10,,,443,41505,0,1358,17
1589249343.2462802,10.10.0.10,173.194.151.108,,,41505,443,0,37,17
1589249343.2635732,173.194.151.108,10.10.0.10,,,443,41505,0,1358,17
1589249343.282511,173.194.151.108,10.10.0.10,,,443,41505,0,1358,17
1589249343.2842758,10.10.0.10,173.194.151.108,,,41505,443,0,37,17
1589249343.3014438,173.194.151.108,10.10.0.10,,,443,41505,0,1358,17
1589249343.320391,173.194.151.108,10.10.0.10,,,443,41505,0,1358,17
1589249343.32225,10.10.0.10,173.194.151.108,,,41505,443,0,37,17
1589249343.339326,173.194.151.108,10.10.0.10,,,443,41505,0,1358,17
1589249343.358266,173.194.151.108,10.10.0.10,,,443,41505,0,1358,17
1589249343.3600008,10.10.0.10,173.194.151.108,,,41505,443,0,37,17
1589249343.377207,173.194.151.108,10.10.0.10,,,443,41505,0,1358,17
1589249343.396142,173.194.151.108,10.10.0.10,,,443,41505,0,1358,17
1589249343.397865,10.10.0.10,173.194.151.108,,,41505,443,0,37,17
1589249343.415081,173.194.151.108,10.10.0.10,,,443,41505,0,1358,17
1589249343.434041,173.194.151.108,10.10.0.10,,,443,41505,0,1358,17
1589249343.4357634,10.10.0.10,173.194.151.108,,,41505,443,0,37,17
1589249343.4529572,173.194.151.108,10.10.0.10,,,443,41505,0,1358,17
1589249343.4719148,173.194.151.108,10.10.0.10,,,443,41505,0,1358,17
1589249343.4735134,10.10.0.10,173.194.151.108,,,41505,443,0,37,17
1589249343.49085,173.194.151.108,10.10.0.10,,,443,41505,0,1358,17
1589249343.5097885,173.194.151.108,10.10.0.10,,,443,41505,0,1358,17
1589249343.511513,10.10.0.10,173.194.151.108,,,41505,443,0,37,17
1589249343.5287259,173.194.151.108,10.10.0.10,,,443,41505,0,1358,17
1589249343.5476544,173.194.151.108,10.10.0.10,,,443,41505,0,1358,17
1589249343.5494866,10.10.0.10,173.194.151.108,,,41505,443,0,37,17
1589249343.5665882,173.194.151.108,10.10.0.10,,,443,41505,0,1358,17
1589249343.585527,173.194.151.108,10.10.0.10,,,443,41505,0,1358,17
1589249343.5876489,10.10.0.10,173.194.151.108,,,41505,443,0,37,17
1589249343.604465,173.194.151.108,10.10.0.10,,,443,41505,0,1358,17
1589249343.6234028,173.194.151.108,10.10.0.10,,,443,41505,0,1358,17
1589249343.6252642,10.10.0.10,173.194.151.108,,,41505,443,0,37,17
1589249343.642348,173.194.151.108,10.10.0.10,,,443,41505,0,1358,17
1589249343.6612828,173.194.151.108,10.10.0.10,,,443,41505,0,1358,17
1589249343.662991,10.10.0.10,173.194.151.108,,,41505,443,0,37,17
1589249343.6802268,173.194.151.108,10.10.0.10,,,443,41505,0,1358,17
1589249343.6991599,173.194.151.108,10.10.0.10,,,443,41505,0,1358,17
1589249343.70099,10.10.0.10,173.194.151.108,,,41505,443,0,37,17
1589249343.718097,173.194.151.108,10.10.0.10,,,443,41505,0,1358,17
1589249343.73704,173.194.151.108,10.10.0.10,,,443,41505,0,1358,17
1589249343.7387679,10.10.0.10,173.194.151.108,,,41505,443,0,37,17
1589249343.755983,173.194.151.108,10.10.0.10,,,443,41505,0,1358,17
1589249343.7749171,173.194.151.108,10.10.0.10,,,443,41505,0,1358,17
1589249343.7764866,10.10.0.10,173.194.151.108,,,41505,443,0,37,17
1589249343.7938569,173.194.151.108,10.10.0.10,,,443,41505,0,1358,17
1589249343.812795,173.194.151.108,10.10.0.10,,,443,41505,0,1358,17
1589249343.8145044,10.10.0.10,173.194.151.108,,,41505,443,0,37,17
1589249343.8317318,173.194.151.108,10.10.0.10,,,443,41505,0,1358,17
1589249343.850671,173.194.151.108,10.10.0.10,,,443,41505,0,1358,17
1589249343.852736,10.10.0.10,173.194.151.108,,,41505,443,0,50,17
1589249343.8696108,173.194.151.108,10.10.0.10,,,443,41505,0,1358,17
1589249343.88855,173.194.151.108,10.10.0.10,,,443,41505,0,1358,17
1589249343.890108,10.10.0.10,173.194.151.108,,,41505,443,0,37,17
1589249343.90749,173.194.151.108,10.10.0.10,,,443,41505,0,1358,17
1589249343.926427,173.194.151.108,10.10.0.10,,,443,41505,0,1358,17
1589249343.9281054,10.10.0.10,173.194.151.108,,,41505,443,0,37,17
1589249343.945367,173.194.151.108,10.10.0.10,,,443,41505,0,1358,17
1589249343.964302,173.194.151.108,10.10.0.10,,,443,41505,0,29,17
1589249343.9651642,173.194.151.108,10.10.0.10,,,443,41505,0,1358,17
1589249343.967129,10.10.0.10,173.194.151.108,,,41505,443,0,37,17
1589249343.984103,173.194.151.108,10.10.0.10,,,443,41505,0,1358,17
1589249344.0030394,173.194.151.108,10.10.0.10,,,443,41505,0,1358,17
1589249344.004605,10.10.0.10,173.194.151.108,,,41505,443,0,37,17
1589249344.021978,173.194.151.108,10.10.0.10,,,443,41505,0,1358,17
1589249344.0409179,173.194.151.108,10.10.0.10,,,443,41505,0,1358,17
1589249344.042874,10.10.0.10,173.194.151.108,,,41505,443,0,37,17
1589249344.0598571,173.194.151.108,10.10.0.10,,,443,41505,0,1358,17
1589249344.078795,173.194.151.108,10.10.0.10,,,443,41505,0,1358,17
1589249344.08063,10.10.0.10,173.194.151.108,,,41505,443,0,37,17
1589249344.097735,173.194.151.108,10.10.0.10,,,443,41505,0,1358,17
1589249344.116673,173.194.151.108,10.10.0.10,,,443,41505,0,1358,17
1589249344.1186042,10.10.0.10,173.194.151.108,,,41505,443,0,37,17
1589249344.1356108,173.194.151.108,10.10.0.10,,,443,41505,0,1358,17
1589249344.154552,173.194.151.108,10.10.0.10,,,443,41505,0,1358,17
1589249344.15635,10.10.0.10,173.194.151.108,,,41505,443,0,37,17
1589249344.1734884,173.194.151.108,10.10.0.10,,,443,41505,0,1358,17
1589249344.1924279,173.194.151.108,10.10.0.10,,,443,41505,0,1358,17
1589249344.19485,10.10.0.10,173.194.151.108,,,41505,443,0,37,17
1589249344.2113671,173.194.151.108,10.10.0.10,,,443,41505,0,1358,17
1589249344.2303052,173.194.151.108,10.10.0.10,,,443,41505,0,1358,17
1589249344.232809,10.10.0.10,173.194.151.108,,,41505,443,0,37,17
1589249344.2492428,173.194.151.108,10.10.0.10,,,443,41505,0,1358,17
1589249344.268183,173.194.151.108,10.10.0.10,,,443,41505,0,1358,17
1589249344.27197,10.10.0.10,173.194.151.108,,,41505,443,0,37,17
1589249344.287122,173.194.151.108,10.10.0.10,,,443,41505,0,1358,17
1589249344.3060648,173.194.151.108,10.10.0.10,,,443,41505,0,1358,17
1589249344.307848,10.10.0.10,173.194.151.108,,,41505,443,0,37,17
1589249344.325016,173.194.151.108,10.10.0.10,,,443,41505,0,1358,17
1589249344.343937,173.194.151.108,10.10.0.10,,,443,41505,0,1358,17
1589249344.34574,10.10.0.10,173.194.151.108,,,41505,443,0,37,17
1589249344.36289,173.194.151.108,10.10.0.10,,,443,41505,0,1358,17
1589249344.3818266,173.194.151.108,10.10.0.10,,,443,41505,0,1358,17
1589249344.3837378,10.10.0.10,173.194.151.108,,,41505,443,0,37,17
1589249344.400767,173.194.151.108,10.10.0.10,,,443,41505,0,1358,17
1589249344.419702,173.194.151.108,10.10.0.10,,,443,41505,0,1358,17
1589249344.4222178,10.10.0.10,173.194.151.108,,,41505,443,0,37,17
1589249344.438641,173.194.151.108,10.10.0.10,,,443,41505,0,1358,17
1589249344.457575,173.194.151.108,10.10.0.10,,,443,41505,0,1358,17
1589249344.4594884,10.10.0.10,173.194.151.108,,,41505,443,0,37,17
1589249344.4765148,173.194.151.108,10.10.0.10,,,443,41505,0,1358,17
1589249344.495449,173.194.151.108,10.10.0.10,,,443,41505,0,1358,17
1589249344.49711,10.10.0.10,173.194.151.108,,,41505,443,0,37,17
1589249344.5143821,173.194.151.108,10.10.0.10,,,443,41505,0,1358,17
1589249344.5333269,173.194.151.108,10.10.0.10,,,443,41505,0,1358,17
1589249344.5350802,10.10.0.10,173.194.151.108,,,41505,443,0,37,17
1589249344.5522685,173.194.151.108,10.10.0.10,,,443,41505,0,1358,17
1589249344.5712054,173.194.151.108,10.10.0.10,,,443,41505,0,1358,17
1589249344.5731108,10.10.0.10,173.194.151.108,,,41505,443,0,37,17
1589249344.5901456,173.194.151.108,10.10.0.10,,,443,41505,0,1358,17
1589249344.609083,173.194.151.108,10.10.0.10,,,443,41505,0,1358,17
1589249344.6108608,10.10.0.10,173.194.151.108,,,41505,443,0,50,17
1589249344.6280222,173.194.151.108,10.10.0.10,,,443,41505,0,1358,17
1589249344.646959,173.194.151.108,10.10.0.10,,,443,41505,0,1358,17
1589249344.648616,10.10.0.10,173.194.151.108,,,41505,443,0,37,17
1589249344.665895,173.194.151.108,10.10.0.10,,,443,41505,0,1358,17
1589249344.684836,173.194.151.108,10.10.0.10,,,443,41505,0,1358,17
1589249344.6864605,10.10.0.10,173.194.151.108,,,41505,443,0,37,17
1589249344.703776,173.194.151.108,10.10.0.10,,,443,41505,0,1358,17
1589249344.7227118,173.194.151.108,10.10.0.10,,,443,41505,0,1358,17
1589249344.725606,10.10.0.10,173.194.151.108,,,41505,443,0,37,17
1589249344.741648,173.194.151.108,10.10.0.10,,,443,41505,0,1358,17
1589249344.760592,173.194.151.108,10.10.0.10,,,443,41505,0,1358,17
1589249344.7622142,10.10.0.10,173.194.151.108,,,41505,443,0,37,17
1589249344.7795286,173.194.151.108,10.10.0.10,,,443,41505,0,1358,17
1589249344.798464,173.194.151.108,10.10.0.10,,,443,41505,0,1358,17
1589249344.800733,10.10.0.10,173.194.151.108,,,41505,443,0,37,17
1589249344.8174062,173.194.151.108,10.10.0.10,,,443,41505,0,1358,17
1589249344.836358,173.194.151.108,10.10.0.10,,,443,41505,0,1358,17
1589249344.838205,10.10.0.10,173.194.151.108,,,41505,443,0,37,17
1589249344.8552835,173.194.151.108,10.10.0.10,,,443,41505,0,1358,17
1589249344.8742301,173.194.151.108,10.10.0.10,,,443,41505,0,1358,17
1589249344.87597,10.10.0.10,173.194.151.108,,,41505,443,0,37,17
1589249344.893169,173.194.151.108,10.10.0.10,,,443,41505,0,1358,17
1589249344.912096,173.194.151.108,10.10.0.10,,,443,41505,0,1358,17
1589249344.913955,10.10.0.10,173.194.151.108,,,41505,443,0,37,17
1589249344.93104,173.194.151.108,10.10.0.10,,,443,41505,0,1358,17
1589249344.9499972,173.194.151.108,10.10.0.10,,,443,41505,0,1358,17
1589249344.9517221,10.10.0.10,173.194.151.108,,,41505,443,0,37,17
1589249344.968918,173.194.151.108,10.10.0.10,,,443,41505,0,1358,17
1589249344.9878721,173.194.151.108,10.10.0.10,,,443,41505,0,1358,17
1589249344.9896,10.10.0.10,173.194.151.108,,,41505,443,0,37,17
1589249345.006808,173.194.151.108,10.10.0.10,,,443,41505,0,1358,17
1589249345.0257492,173.194.151.108,10.10.0.10,,,443,41505,0,1358,17
1589249345.0274508,10.10.0.10,173.194.151.108,,,41505,443,0,37,17
1589249345.0446842,173.194.151.108,10.10.0.10,,,443,41505,0,1358,17
1589249345.063622,173.194.151.108,10.10.0.10,,,443,41505,0,1358,17
1589249345.065219,10.10.0.10,173.194.151.108,,,41505,443,0,37,17
1589249345.0825572,173.194.151.108,10.10.0.10,,,443,41505,0,1358,17
1589249345.101484,173.194.151.108,10.10.0.10,,,443,41505,0,1358,17
1589249345.1033502,10.10.0.10,173.194.151.108,,,41505,443,0,37,17
1589249345.120431,173.194.151.108,10.10.0.10,,,443,41505,0,1358,17
1589249345.13937,173.194.151.108,10.10.0.10,,,443,41505,0,1358,17
1589249345.1583052,173.194.151.108,10.10.0.10,,,443,41505,0,1358,17
1589249345.166327,10.10.0.10,173.194.151.108,,,41505,443,0,37,17
1589249345.1772456,173.194.151.108,10.10.0.10,,,443,41505,0,1358,17
1589249345.178946,10.10.0.10,173.194.151.108,,,41505,443,0,37,17
1589249345.196183,173.194.151.108,10.10.0.10,,,443,41505,0,1358,17
1589249345.2151482,173.194.151.108,10.10.0.10,,,443,41505,0,1358,17
1589249345.2199366,10.10.0.10,173.194.151.108,,,41505,443,0,37,17
1589249345.234061,173.194.151.108,10.10.0.10,,,443,41505,0,1358,17
1589249345.253002,173.194.151.108,10.10.0.10,,,443,41505,0,1358,17
1589249345.254713,10.10.0.10,173.194.151.108,,,41505,443,0,37,17
1589249345.271942,173.194.151.108,10.10.0.10,,,443,41505,0,1358,17
1589249345.2908769,173.194.151.108,10.10.0.10,,,443,41505,0,1358,17
1589249345.2924442,10.10.0.10,173.194.151.108,,,41505,443,0,37,17
1589249345.3098161,173.194.151.108,10.10.0.10,,,443,41505,0,1358,17
1589249345.328754,173.194.151.108,10.10.0.10,,,443,41505,0,1358,17
1589249345.3305671,10.10.0.10,173.194.151.108,,,41505,443,0,37,17
1589249345.3476925,173.194.151.108,10.10.0.10,,,443,41505,0,1358,17
1589249345.366633,173.194.151.108,10.10.0.10,,,443,41505,0,1358,17
1589249345.368337,10.10.0.10,173.194.151.108,,,41505,443,0,50,17
1589249345.385574,173.194.151.108,10.10.0.10,,,443,41505,0,1358,17
1589249345.40451,173.194.151.108,10.10.0.10,,,443,41505,0,1358,17
1589249345.4062119,10.10.0.10,173.194.151.108,,,41505,443,0,37,17
1589249345.4234526,173.194.151.108,10.10.0.10,,,443,41505,0,1358,17
1589249345.4423866,173.194.151.108,10.10.0.10,,,443,41505,0,1358,17
1589249345.446583,10.10.0.10,173.194.151.108,,,41505,443,0,37,17
1589249345.461333,173.194.151.108,10.10.0.10,,,443,41505,0,29,17
1589249345.462183,173.194.151.108,10.10.0.10,,,443,41505,0,1358,17
1589249345.481122,173.194.151.108,10.10.0.10,,,443,41505,0,1358,17
1589249345.4830694,10.10.0.10,173.194.151.108,,,41505,443,0,37,17
1589249345.500056,173.194.151.108,10.10.0.10,,,443,41505,0,1358,17
1589249345.518999,173.194.151.108,10.10.0.10,,,443,41505,0,1358,17
1589249345.5211544,10.10.0.10,173.194.151.108,,,41505,443,0,37,17
1589249345.5379386,173.194.151.108,10.10.0.10,,,443,41505,0,1358,17
1589249345.5568712,173.194.151.108,10.10.0.10,,,443,41505,0,1358,17
1589249345.5598052,10.10.0.10,173.194.151.108,,,41505,443,0,37,17
1589249345.5758119,173.194.151.108,10.10.0.10,,,443,41505,0,1358,17
1589249345.594757,173.194.151.108,10.10.0.10,,,443,41505,0,1358,17
1589249345.5967062,10.10.0.10,173.194.151.108,,,41505,443,0,37,17
1589249345.6136944,173.194.151.108,10.10.0.10,,,443,41505,0,1358,17
1589249345.6326275,173.194.151.108,10.10.0.10,,,443,41505,0,1358,17
1589249345.636035,10.10.0.10,173.194.151.108,,,41505,443,0,37,17
1589249345.6515708,173.194.151.108,10.10.0.10,,,443,41505,0,1358,17
1589249345.670512,173.194.151.108,10.10.0.10,,,443,41505,0,1358,17
1589249345.678552,10.10.0.10,173.194.151.108,,,41505,443,0,37,17
1589249345.689449,173.194.151.108,10.10.0.10,,,443,41505,0,1358,17
1589249345.7083972,173.194.151.108,10.10.0.10,,,443,41505,0,1358,17
1589249345.7100801,10.10.0.10,173.194.151.108,,,41505,443,0,37,17
1589249345.727322,173.194.151.108,10.10.0.10,,,443,41505,0,1358,17
1589249345.7462661,173.194.151.108,10.10.0.10,,,443,41505,0,1358,17
1589249345.748067,10.10.0.10,173.194.151.108,,,41505,443,0,37,17
1589249345.765224,173.194.151.108,10.10.0.10,,,443,41505,0,1358,17
1589249345.784137,173.194.151.108,10.10.0.10,,,443,41505,0,1358,17
1589249345.788025,10.10.0.10,173.194.151.108,,,41505,443,0,37,17
1589249345.803102,173.194.151.108,10.10.0.10,,,443,41505,0,1358,17
1589249345.8220358,173.194.151.108,10.10.0.10,,,443,41505,0,1358,17
1589249345.823822,10.10.0.10,173.194.151.108,,,41505,443,0,37,17
1589249345.8409731,173.194.151.108,10.10.0.10,,,443,41505,0,1358,17
1589249345.85991,173.194.151.108,10.10.0.10,,,443,41505,0,1358,17
1589249345.8616762,10.10.0.10,173.194.151.108,,,41505,443,0,37,17
1589249345.878849,173.194.151.108,10.10.0.10,,,443,41505,0,1358,17
1589249345.897782,173.194.151.108,10.10.0.10,,,443,41505,0,1358,17
1589249345.89932,10.10.0.10,173.194.151.108,,,41505,443,0,37,17
1589249345.916717,173.194.151.108,10.10.0.10,,,443,41505,0,1358,17
1589249345.935657,173.194.151.108,10.10.0.10,,,443,41505,0,1358,17
1589249345.937567,10.10.0.10,173.194.151.108,,,41505,443,0,37,17
1589249345.95459,173.194.151.108,10.10.0.10,,,443,41505,0,1358,17
1589249345.9735308,173.194.151.108,10.10.0.10,,,443,41505,0,1358,17
1589249345.97505,10.10.0.10,173.194.151.108,,,41505,443,0,37,17
1589249345.9924688,173.194.151.108,10.10.0.10,,,443,41505,0,1358,17
1589249346.0114071,173.194.151.108,10.10.0.10,,,443,41505,0,1358,17
1589249346.0130658,10.10.0.10,173.194.151.108,,,41505,443,0,37,17
1589249346.030348,173.194.151.108,10.10.0.10,,,443,41505,0,1358,17
1589249346.0492835,173.194.151.108,10.10.0.10,,,443,41505,0,1358,17
1589249346.0510454,10.10.0.10,173.194.151.108,,,41505,443,0,37,17
1589249346.068224,173.194.151.108,10.10.0.10,,,443,41505,0,1358,17
1589249346.087169,173.194.151.108,10.10.0.10,,,443,41505,0,1358,17
1589249346.088943,10.10.0.10,173.194.151.108,,,41505,443,0,37,17
1589249346.106104,173.194.151.108,10.10.0.10,,,443,41505,0,1358,17
1589249346.12504,173.194.151.108,10.10.0.10,,,443,41505,0,1358,17
1589249346.1267939,10.10.0.10,173.194.151.108,,,41505,443,0,50,17
1589249346.1439805,173.194.151.108,10.10.0.10,,,443,41505,0,1358,17
1589249346.1629171,173.194.151.108,10.10.0.10,,,443,41505,0,1358,17
1589249346.164798,10.10.0.10,173.194.151.108,,,41505,443,0,37,17
1589249346.1818569,173.194.151.108,10.10.0.10,,,443,41505,0,1358,17
1589249346.2007902,173.194.151.108,10.10.0.10,,,443,41505,0,1358,17
1589249346.2024348,10.10.0.10,173.194.151.108,,,41505,443,0,37,17
1589249346.2197342,173.194.151.108,10.10.0.10,,,443,41505,0,29,17
1589249346.220592,173.194.151.108,10.10.0.10,,,443,41505,0,1358,17
1589249346.2395296,173.194.151.108,10.10.0.10,,,443,41505,0,1358,17
1589249346.2442892,10.10.0.10,173.194.151.108,,,41505,443,0,37,17
1589249346.2584689,173.194.151.108,10.10.0.10,,,443,41505,0,1358,17
1589249346.277409,173.194.151.108,10.10.0.10,,,443,41505,0,1358,17
1589249346.279058,10.10.0.10,173.194.151.108,,,41505,443,0,37,17
1589249346.296349,173.194.151.108,10.10.0.10,,,443,41505,0,1358,17
1589249346.3152866,173.194.151.108,10.10.0.10,,,443,41505,0,1358,17
1589249346.3175519,10.10.0.10,173.194.151.108,,,41505,443,0,37,17
1589249346.334223,173.194.151.108,10.10.0.10,,,443,41505,0,1358,17
1589249346.3531642,173.194.151.108,10.10.0.10,,,443,41505,0,1358,17
1589249346.354913,10.10.0.10,173.194.151.108,,,41505,443,0,37,17
1589249346.372103,173.194.151.108,10.10.0.10,,,443,41505,0,1358,17
1589249346.39104,173.194.151.108,10.10.0.10,,,443,41505,0,1358,17
1589249346.3929124,10.10.0.10,173.194.151.108,,,41505,443,0,37,17
1589249346.4099786,173.194.151.108,10.10.0.10,,,443,41505,0,1358,17
1589249346.428918,173.194.151.108,10.10.0.10,,,443,41505,0,1358,17
1589249346.443932,10.10.0.10,173.194.151.108,,,41505,443,0,37,17
1589249346.447856,173.194.151.108,10.10.0.10,,,443,41505,0,1358,17
1589249346.466799,173.194.151.108,10.10.0.10,,,443,41505,0,1358,17
1589249346.468911,10.10.0.10,173.194.151.108,,,41505,443,0,37,17
1589249346.4857366,173.194.151.108,10.10.0.10,,,443,41505,0,1358,17
1589249346.504674,173.194.151.108,10.10.0.10,,,443,41505,0,1358,17
1589249346.506554,10.10.0.10,173.194.151.108,,,41505,443,0,37,17
1589249346.5236125,173.194.151.108,10.10.0.10,,,443,41505,0,1358,17
1589249346.542551,173.194.151.108,10.10.0.10,,,443,41505,0,1358,17
1589249346.54555,10.10.0.10,173.194.151.108,,,41505,443,0,37,17
1589249346.5615091,173.194.151.108,10.10.0.10,,,443,41505,0,1358,17
1589249346.580441,173.194.151.108,10.10.0.10,,,443,41505,0,1358,17
1589249346.582406,10.10.0.10,173.194.151.108,,,41505,443,0,37,17
1589249346.5993671,173.194.151.108,10.10.0.10,,,443,41505,0,1358,17
1589249346.6183252,173.194.151.108,10.10.0.10,,,443,41505,0,1358,17
1589249346.620152,10.10.0.10,173.194.151.108,,,41505,443,0,37,17
1589249346.6372602,173.194.151.108,10.10.0.10,,,443,41505,0,1358,17
1589249346.656184,173.194.151.108,10.10.0.10,,,443,41505,0,1358,17
1589249346.6580038,10.10.0.10,173.194.151.108,,,41505,443,0,37,17
1589249346.6751368,173.194.151.108,10.10.0.10,,,443,41505,0,1358,17
1589249346.694077,173.194.151.108,10.10.0.10,,,443,41505,0,1358,17
1589249346.695646,10.10.0.10,173.194.151.108,,,41505,443,0,37,17
1589249346.7130098,173.194.151.108,10.10.0.10,,,443,41505,0,1358,17
1589249346.7319381,173.194.151.108,10.10.0.10,,,443,41505,0,1358,17
1589249346.7333958,10.10.0.10,173.194.151.108,,,41505,443,0,37,17
1589249346.7508829,173.194.151.108,10.10.0.10,,,443,41505,0,1358,17
1589249346.7698221,173.194.151.108,10.10.0.10,,,443,41505,0,1358,17
1589249346.771402,10.10.0.10,173.194.151.108,,,41505,443,0,37,17
1589249346.788758,173.194.151.108,10.10.0.10,,,443,41505,0,1358,17
1589249346.807696,173.194.151.108,10.10.0.10,,,443,41505,0,1358,17
1589249346.8094199,10.10.0.10,173.194.151.108,,,41505,443,0,37,17
1589249346.826634,173.194.151.108,10.10.0.10,,,443,41505,0,1358,17
1589249346.8455696,173.194.151.108,10.10.0.10,,,443,41505,0,1358,17
1589249346.8471482,10.10.0.10,173.194.151.108,,,41505,443,0,37,17
1589249346.8645089,173.194.151.108,10.10.0.10,,,443,41505,0,1358,17
1589249346.8834472,173.194.151.108,10.10.0.10,,,443,41505,0,1358,17
1589249346.885418,10.10.0.10,173.194.151.108,,,41505,443,0,50,17
1589249346.902387,173.194.151.108,10.10.0.10,,,443,41505,0,1358,17
1589249346.9213269,173.194.151.108,10.10.0.10,,,443,41505,0,1358,17
1589249346.923049,10.10.0.10,173.194.151.108,,,41505,443,0,37,17
1589249346.9402668,173.194.151.108,10.10.0.10,,,443,41505,0,1358,17
1589249346.9592009,173.194.151.108,10.10.0.10,,,443,41505,0,1358,17
1589249346.9607892,10.10.0.10,173.194.151.108,,,41505,443,0,37,17
1589249346.978141,173.194.151.108,10.10.0.10,,,443,41505,0,29,17
1589249346.979003,173.194.151.108,10.10.0.10,,,443,41505,0,1358,17
1589249346.997946,173.194.151.108,10.10.0.10,,,443,41505,0,1358,17
1589249346.9996462,10.10.0.10,173.194.151.108,,,41505,443,0,37,17
1589249347.016878,173.194.151.108,10.10.0.10,,,443,41505,0,1358,17
1589249347.035816,173.194.151.108,10.10.0.10,,,443,41505,0,1358,17
1589249347.0375092,10.10.0.10,173.194.151.108,,,41505,443,0,37,17
1589249347.054754,173.194.151.108,10.10.0.10,,,443,41505,0,1358,17
1589249347.073692,173.194.151.108,10.10.0.10,,,443,41505,0,1358,17
1589249347.075391,10.10.0.10,173.194.151.108,,,41505,443,0,37,17
1589249347.092635,173.194.151.108,10.10.0.10,,,443,41505,0,1358,17
1589249347.11157,173.194.151.108,10.10.0.10,,,443,41505,0,1358,17
1589249347.1132689,10.10.0.10,173.194.151.108,,,41505,443,0,37,17
1589249347.1305091,173.194.151.108,10.10.0.10,,,443,41505,0,1358,17
1589249347.1494489,173.194.151.108,10.10.0.10,,,443,41505,0,1358,17
1589249347.151162,10.10.0.10,173.194.151.108,,,41505,443,0,37,17
1589249347.168392,173.194.151.108,10.10.0.10,,,443,41505,0,1358,17
1589249347.1873262,173.194.151.108,10.10.0.10,,,443,41505,0,1358,17
1589249347.18888,10.10.0.10,173.194.151.108,,,41505,443,0,37,17
1589249347.206265,173.194.151.108,10.10.0.10,,,443,41505,0,1358,17
1589249347.2252018,173.194.151.108,10.10.0.10,,,443,41505,0,1358,17
1589249347.2269056,10.10.0.10,173.194.151.108,,,41505,443,0,37,17
1589249347.244143,173.194.151.108,10.10.0.10,,,443,41505,0,1358,17
1589249347.263081,173.194.151.108,10.10.0.10,,,443,41505,0,1358,17
1589249347.2657812,10.10.0.10,173.194.151.108,,,41505,443,0,37,17
1589249347.282018,173.194.151.108,10.10.0.10,,,443,41505,0,1358,17
1589249347.30096,173.194.151.108,10.10.0.10,,,443,41505,0,1358,17
1589249347.3032598,10.10.0.10,173.194.151.108,,,41505,443,0,37,17
1589249347.3198988,173.194.151.108,10.10.0.10,,,443,41505,0,1358,17
1589249347.338836,173.194.151.108,10.10.0.10,,,443,41505,0,1358,17
1589249347.3406339,10.10.0.10,173.194.151.108,,,41505,443,0,37,17
1589249347.3577778,173.194.151.108,10.10.0.10,,,443,41505,0,1358,17
1589249347.376714,173.194.151.108,10.10.0.10,,,443,41505,0,1358,17
1589249347.3782852,10.10.0.10,173.194.151.108,,,41505,443,0,37,17
1589249347.395675,173.194.151.108,10.10.0.10,,,443,41505,0,1358,17
1589249347.414592,173.194.151.108,10.10.0.10,,,443,41505,0,1358,17
1589249347.416258,10.10.0.10,173.194.151.108,,,41505,443,0,37,17
1589249347.433552,173.194.151.108,10.10.0.10,,,443,41505,0,1358,17
1589249347.452467,173.194.151.108,10.10.0.10,,,443,41505,0,1358,17
1589249347.454159,10.10.0.10,173.194.151.108,,,41505,443,0,37,17
1589249347.471424,173.194.151.108,10.10.0.10,,,443,41505,0,1358,17
1589249347.4903634,173.194.151.108,10.10.0.10,,,443,41505,0,1358,17
1589249347.492006,10.10.0.10,173.194.151.108,,,41505,443,0,37,17
1589249347.5092828,173.194.151.108,10.10.0.10,,,443,41505,0,1358,17
1589249347.528238,173.194.151.108,10.10.0.10,,,443,41505,0,1358,17
1589249347.5300052,10.10.0.10,173.194.151.108,,,41505,443,0,37,17
1589249347.547175,173.194.151.108,10.10.0.10,,,443,41505,0,1358,17
1589249347.56611,173.194.151.108,10.10.0.10,,,443,41505,0,1358,17
1589249347.5687554,10.10.0.10,173.194.151.108,,,41505,443,0,37,17
1589249347.585047,173.194.151.108,10.10.0.10,,,443,41505,0,1358,17
1589249347.6039786,173.194.151.108,10.10.0.10,,,443,41505,0,1358,17
1589249347.60588,10.10.0.10,173.194.151.108,,,41505,443,0,37,17
1589249347.6229172,173.194.151.108,10.10.0.10,,,443,41505,0,1358,17
1589249347.641858,173.194.151.108,10.10.0.10,,,443,41505,0,1358,17
1589249347.643496,10.10.0.10,173.194.151.108,,,41505,443,0,50,17
1589249347.6607964,173.194.151.108,10.10.0.10,,,443,41505,0,1358,17
1589249347.679735,173.194.151.108,10.10.0.10,,,443,41505,0,1358,17
1589249347.681475,10.10.0.10,173.194.151.108,,,41505,443,0,37,17
1589249347.698675,173.194.151.108,10.10.0.10,,,443,41505,0,1358,17
1589249347.7176142,173.194.151.108,10.10.0.10,,,443,41505,0,1358,17
1589249347.728644,10.10.0.10,173.194.151.108,,,41505,443,0,37,17
1589249347.7365491,173.194.151.108,10.10.0.10,,,443,41505,0,1358,17
1589249347.7554898,173.194.151.108,10.10.0.10,,,443,41505,0,1358,17
1589249347.7583911,10.10.0.10,173.194.151.108,,,41505,443,0,37,17
1589249347.774428,173.194.151.108,10.10.0.10,,,443,41505,0,1358,17
1589249347.7933671,173.194.151.108,10.10.0.10,,,443,41505,0,1358,17
1589249347.794894,10.10.0.10,173.194.151.108,,,41505,443,0,37,17
1589249347.812305,173.194.151.108,10.10.0.10,,,443,41505,0,1358,17
1589249347.8312428,173.194.151.108,10.10.0.10,,,443,41505,0,1358,17
1589249347.8328614,10.10.0.10,173.194.151.108,,,41505,443,0,37,17
1589249347.850183,173.194.151.108,10.10.0.10,,,443,41505,0,1358,17
1589249347.869122,173.194.151.108,10.10.0.10,,,443,41505,0,1358,17
1589249347.8708675,10.10.0.10,173.194.151.108,,,41505,443,0,37,17
1589249347.8880632,173.194.151.108,10.10.0.10,,,443,41505,0,1358,17
1589249347.907002,173.194.151.108,10.10.0.10,,,443,41505,0,1358,17
1589249347.908617,10.10.0.10,173.194.151.108,,,41505,443,0,37,17
1589249347.9259331,173.194.151.108,10.10.0.10,,,443,41505,0,1358,17
1589249347.9448779,173.194.151.108,10.10.0.10,,,443,41505,0,1358,17
1589249347.946616,10.10.0.10,173.194.151.108,,,41505,443,0,37,17
1589249347.963811,173.194.151.108,10.10.0.10,,,443,41505,0,1358,17
1589249347.9808948,173.194.151.108,10.10.0.10,,,443,41505,0,1358,17
1589249347.983641,10.10.0.10,173.194.151.108,,,41505,443,0,37,17
1589249347.997975,173.194.151.108,10.10.0.10,,,443,41505,0,1358,17
1589249348.0150568,173.194.151.108,10.10.0.10,,,443,41505,0,1358,17
1589249348.016616,10.10.0.10,173.194.151.108,,,41505,443,0,37,17
1589249348.032137,173.194.151.108,10.10.0.10,,,443,41505,0,1358,17
1589249348.049221,173.194.151.108,10.10.0.10,,,443,41505,0,1358,17
1589249348.0508618,10.10.0.10,173.194.151.108,,,41505,443,0,37,17
1589249348.066296,173.194.151.108,10.10.0.10,,,443,41505,0,1358,17
1589249348.083373,173.194.151.108,10.10.0.10,,,443,41505,0,1358,17
1589249348.0862381,10.10.0.10,173.194.151.108,,,41505,443,0,37,17
1589249348.1004698,173.194.151.108,10.10.0.10,,,443,41505,0,1005,17
1589249348.116242,10.10.0.10,173.194.151.108,,,41505,443,0,729,17
1589249348.1162686,10.10.0.10,173.194.151.108,,,41505,443,0,48,17
1589249348.1206794,173.194.151.108,10.10.0.10,,,443,41505,0,29,17
1589249348.1208222,173.194.151.108,10.10.0.10,,,443,41505,0,1358,17
1589249348.1310544,173.194.151.108,10.10.0.10,,,443,41505,0,1358,17
1589249348.132478,10.10.0.10,173.194.151.108,,,41505,443,0,37,17
1589249348.1481636,173.194.151.108,10.10.0.10,,,443,41505,0,1358,17
1589249348.1484818,10.10.0.10,173.194.151.108,,,41505,443,0,722,17
1589249348.14851,10.10.0.10,173.194.151.108,,,41505,443,0,48,17
1589249348.1652179,173.194.151.108,10.10.0.10,,,443,41505,0,1358,17
1589249348.166735,10.10.0.10,173.194.151.108,,,41505,443,0,37,17
1589249348.182294,173.194.151.108,10.10.0.10,,,443,41505,0,1358,17
1589249348.1993759,173.194.151.108,10.10.0.10,,,443,41505,0,1358,17
1589249348.2010062,10.10.0.10,173.194.151.108,,,41505,443,0,37,17
1589249348.216466,173.194.151.108,10.10.0.10,,,443,41505,0,1358,17
1589249348.233534,173.194.151.108,10.10.0.10,,,443,41505,0,1358,17
1589249348.235252,10.10.0.10,173.194.151.108,,,41505,443,0,37,17
1589249348.2506142,173.194.151.108,10.10.0.10,,,443,41505,0,1358,17
1589249348.267693,173.194.151.108,10.10.0.10,,,443,41505,0,1358,17
1589249348.269629,10.10.0.10,173.194.151.108,,,41505,443,0,37,17
1589249348.2847786,173.194.151.108,10.10.0.10,,,443,41505,0,1358,17
1589249348.301854,173.194.151.108,10.10.0.10,,,443,41505,0,1358,17
1589249348.303875,10.10.0.10,173.194.151.108,,,41505,443,0,37,17
1589249348.3189359,173.194.151.108,10.10.0.10,,,443,41505,0,1358,17
1589249348.33601,173.194.151.108,10.10.0.10,,,443,41505,0,1358,17
1589249348.337735,10.10.0.10,173.194.151.108,,,41505,443,0,37,17
1589249348.3530931,173.194.151.108,10.10.0.10,,,443,41505,0,1358,17
1589249348.3701725,173.194.151.108,10.10.0.10,,,443,41505,0,1358,17
1589249348.371734,10.10.0.10,173.194.151.108,,,41505,443,0,37,17
1589249348.3872461,173.194.151.108,10.10.0.10,,,443,41505,0,1358,17
1589249348.4043381,173.194.151.108,10.10.0.10,,,443,41505,0,1358,17
1589249348.4058435,10.10.0.10,173.194.151.108,,,41505,443,0,37,17
1589249348.4214108,173.194.151.108,10.10.0.10,,,443,41505,0,1358,17
1589249348.438492,173.194.151.108,10.10.0.10,,,443,41505,0,1358,17
1589249348.4401019,10.10.0.10,173.194.151.108,,,41505,443,0,37,17
1589249348.455586,173.194.151.108,10.10.0.10,,,443,41505,0,1358,17
1589249348.4726524,173.194.151.108,10.10.0.10,,,443,41505,0,1358,17
1589249348.4742286,10.10.0.10,173.194.151.108,,,41505,443,0,37,17
1589249348.4897304,173.194.151.108,10.10.0.10,,,443,41505,0,1358,17
1589249348.507618,173.194.151.108,10.10.0.10,,,443,41505,0,1358,17
1589249348.5093539,10.10.0.10,173.194.151.108,,,41505,443,0,37,17
1589249348.5247092,173.194.151.108,10.10.0.10,,,443,41505,0,1358,17
1589249348.5417778,173.194.151.108,10.10.0.10,,,443,41505,0,1358,17
1589249348.543618,10.10.0.10,173.194.151.108,,,41505,443,0,37,17
1589249348.55886,173.194.151.108,10.10.0.10,,,443,41505,0,1358,17
1589249348.5759358,173.194.151.108,10.10.0.10,,,443,41505,0,1358,17
1589249348.593014,173.194.151.108,10.10.0.10,,,443,41505,0,1358,17
1589249348.604088,10.10.0.10,173.194.151.108,,,41505,443,0,37,17
1589249348.6100998,173.194.151.108,10.10.0.10,,,443,41505,0,1358,17
1589249348.6179645,10.10.0.10,173.194.151.108,,,41505,443,0,40,17
1589249348.61799,10.10.0.10,173.194.151.108,,,41505,443,0,40,17
1589249348.6271732,173.194.151.108,10.10.0.10,,,443,41505,0,1358,17
1589249348.6286972,10.10.0.10,173.194.151.108,,,41505,443,0,40,17
1589249348.646306,173.194.151.108,10.10.0.10,,,443,41505,0,1358,17
1589249348.650617,10.10.0.10,173.194.151.108,,,41505,443,0,40,17
1589249348.663383,173.194.151.108,10.10.0.10,,,443,41505,0,1358,17
1589249348.6804678,173.194.151.108,10.10.0.10,,,443,41505,0,1358,17
1589249348.682245,10.10.0.10,173.194.151.108,,,41505,443,0,40,17
1589249348.6975422,173.194.151.108,10.10.0.10,,,443,41505,0,1358,17
1589249348.7146428,173.194.151.108,10.10.0.10,,,443,41505,0,1358,17
1589249348.731704,173.194.151.108,10.10.0.10,,,443,41505,0,1358,17
1589249348.748786,173.194.151.108,10.10.0.10,,,443,41505,0,1358,17
1589249348.7658849,173.194.151.108,10.10.0.10,,,443,41505,0,1358,17
1589249348.7771142,10.10.0.10,173.194.151.108,,,41505,443,0,40,17
1589249348.779365,10.10.0.10,173.194.151.108,,,41505,443,0,53,17
1589249348.7829502,173.194.151.108,10.10.0.10,,,443,41505,0,1358,17
1589249348.78472,10.10.0.10,173.194.151.108,,,41505,443,0,40,17
1589249348.8000188,173.194.151.108,10.10.0.10,,,443,41505,0,1358,17
1589249348.817105,173.194.151.108,10.10.0.10,,,443,41505,0,29,17
1589249348.8178759,173.194.151.108,10.10.0.10,,,443,41505,0,1358,17
1589249348.8192348,10.10.0.10,173.194.151.108,,,41505,443,0,37,17
1589249348.8349562,173.194.151.108,10.10.0.10,,,443,41505,0,1358,17
1589249348.852039,173.194.151.108,10.10.0.10,,,443,41505,0,1358,17
1589249348.8537242,10.10.0.10,173.194.151.108,,,41505,443,0,37,17
1589249348.8691351,173.194.151.108,10.10.0.10,,,443,41505,0,1358,17
1589249348.886197,173.194.151.108,10.10.0.10,,,443,41505,0,1358,17
1589249348.8878634,10.10.0.10,173.194.151.108,,,41505,443,0,37,17
1589249348.9032762,173.194.151.108,10.10.0.10,,,443,41505,0,1358,17
1589249348.920368,173.194.151.108,10.10.0.10,,,443,41505,0,1358,17
1589249348.925482,10.10.0.10,173.194.151.108,,,41505,443,0,37,17
1589249348.937446,173.194.151.108,10.10.0.10,,,443,41505,0,1358,17
1589249348.954516,173.194.151.108,10.10.0.10,,,443,41505,0,1358,17
1589249348.9575868,10.10.0.10,173.194.151.108,,,41505,443,0,37,17
1589249348.9715962,173.194.151.108,10.10.0.10,,,443,41505,0,1358,17
1589249348.990725,173.194.151.108,10.10.0.10,,,443,41505,0,1358,17
1589249349.005608,10.10.0.10,173.194.151.108,,,41505,443,0,37,17
1589249349.007819,173.194.151.108,10.10.0.10,,,443,41505,0,1358,17
1589249349.0248852,173.194.151.108,10.10.0.10,,,443,41505,0,1358,17
1589249349.0419624,173.194.151.108,10.10.0.10,,,443,41505,0,1358,17
1589249349.059043,173.194.151.108,10.10.0.10,,,443,41505,0,1358,17
1589249349.076117,173.194.151.108,10.10.0.10,,,443,41505,0,1358,17
1589249349.0932028,173.194.151.108,10.10.0.10,,,443,41505,0,1358,17
1589249349.110282,173.194.151.108,10.10.0.10,,,443,41505,0,1358,17
1589249349.1123571,10.10.0.10,173.194.151.108,,,41505,443,0,37,17
1589249349.113352,10.10.0.10,173.194.151.108,,,41505,443,0,40,17
1589249349.1133778,10.10.0.10,173.194.151.108,,,41505,443,0,40,17
1589249349.1147091,10.10.0.10,173.194.151.108,,,41505,443,0,40,17
1589249349.119209,10.10.0.10,173.194.151.108,,,41505,443,0,40,17
1589249349.127377,173.194.151.108,10.10.0.10,,,443,41505,0,1358,17
1589249349.1444411,173.194.151.108,10.10.0.10,,,443,41505,0,1358,17
1589249349.146225,10.10.0.10,173.194.151.108,,,41505,443,0,40,17
1589249349.1615212,173.194.151.108,10.10.0.10,,,443,41505,0,1358,17
1589249349.1786,173.194.151.108,10.10.0.10,,,443,41505,0,1358,17
1589249349.180475,10.10.0.10,173.194.151.108,,,41505,443,0,40,17
1589249349.195689,173.194.151.108,10.10.0.10,,,443,41505,0,1358,17
1589249349.212761,173.194.151.108,10.10.0.10,,,443,41505,0,1358,17
1589249349.214329,10.10.0.10,173.194.151.108,,,41505,443,0,40,17
1589249349.229842,173.194.151.108,10.10.0.10,,,443,41505,0,1358,17
1589249349.246938,173.194.151.108,10.10.0.10,,,443,41505,0,1358,17
1589249349.249598,10.10.0.10,173.194.151.108,,,41505,443,0,40,17
1589249349.263999,173.194.151.108,10.10.0.10,,,443,41505,0,1358,17
1589249349.2810829,173.194.151.108,10.10.0.10,,,443,41505,0,1358,17
1589249349.282827,10.10.0.10,173.194.151.108,,,41505,443,0,40,17
1589249349.298162,173.194.151.108,10.10.0.10,,,443,41505,0,1358,17
1589249349.3172922,173.194.151.108,10.10.0.10,,,443,41505,0,1358,17
1589249349.320831,10.10.0.10,173.194.151.108,,,41505,443,0,40,17
1589249349.3343742,173.194.151.108,10.10.0.10,,,443,41505,0,1358,17
1589249349.351448,173.194.151.108,10.10.0.10,,,443,41505,0,1358,17
1589249349.354079,10.10.0.10,173.194.151.108,,,41505,443,0,40,17
1589249349.368528,173.194.151.108,10.10.0.10,,,443,41505,0,1358,17
1589249349.385622,173.194.151.108,10.10.0.10,,,443,41505,0,1358,17
1589249349.38722,10.10.0.10,173.194.151.108,,,41505,443,0,53,17
1589249349.4026818,173.194.151.108,10.10.0.10,,,443,41505,0,1358,17
1589249349.4197662,173.194.151.108,10.10.0.10,,,443,41505,0,1358,17
1589249349.433843,10.10.0.10,173.194.151.108,,,41505,443,0,40,17
1589249349.4368699,173.194.151.108,10.10.0.10,,,443,41505,0,1358,17
1589249349.4539304,173.194.151.108,10.10.0.10,,,443,41505,0,1358,17
1589249349.456074,10.10.0.10,173.194.151.108,,,41505,443,0,40,17
1589249349.4710062,173.194.151.108,10.10.0.10,,,443,41505,0,1358,17
1589249349.488087,173.194.151.108,10.10.0.10,,,443,41505,0,1358,17
1589249349.490076,10.10.0.10,173.194.151.108,,,41505,443,0,40,17
1589249349.505181,173.194.151.108,10.10.0.10,,,443,41505,0,1358,17
1589249349.5222454,173.194.151.108,10.10.0.10,,,443,41505,0,1358,17
1589249349.5240738,10.10.0.10,173.194.151.108,,,41505,443,0,40,17
1589249349.5393262,173.194.151.108,10.10.0.10,,,443,41505,0,29,17
1589249349.540113,173.194.151.108,10.10.0.10,,,443,41505,0,1358,17
1589249349.557183,173.194.151.108,10.10.0.10,,,443,41505,0,1358,17
1589249349.560698,10.10.0.10,173.194.151.108,,,41505,443,0,37,17
1589249349.574256,173.194.151.108,10.10.0.10,,,443,41505,0,1358,17
1589249349.5913384,173.194.151.108,10.10.0.10,,,443,41505,0,1358,17
1589249349.5930722,10.10.0.10,173.194.151.108,,,41505,443,0,37,17
1589249349.6084142,173.194.151.108,10.10.0.10,,,443,41505,0,1358,17
1589249349.625493,173.194.151.108,10.10.0.10,,,443,41505,0,1358,17
1589249349.627222,10.10.0.10,173.194.151.108,,,41505,443,0,37,17
1589249349.642573,173.194.151.108,10.10.0.10,,,443,41505,0,1358,17
1589249349.6596508,173.194.151.108,10.10.0.10,,,443,41505,0,1358,17
1589249349.6623352,10.10.0.10,173.194.151.108,,,41505,443,0,37,17
1589249349.676732,173.194.151.108,10.10.0.10,,,443,41505,0,1358,17
1589249349.693815,173.194.151.108,10.10.0.10,,,443,41505,0,1358,17
1589249349.696341,10.10.0.10,173.194.151.108,,,41505,443,0,37,17
1589249349.7108922,173.194.151.108,10.10.0.10,,,443,41505,0,1358,17
1589249349.727969,173.194.151.108,10.10.0.10,,,443,41505,0,1358,17
1589249349.74505,173.194.151.108,10.10.0.10,,,443,41505,0,1358,17
1589249349.7621288,173.194.151.108,10.10.0.10,,,443,41505,0,1358,17
1589249349.779232,173.194.151.108,10.10.0.10,,,443,41505,0,1358,17
1589249349.796289,173.194.151.108,10.10.0.10,,,443,41505,0,1358,17
1589249349.813376,173.194.151.108,10.10.0.10,,,443,41505,0,1358,17
1589249349.8304498,173.194.151.108,10.10.0.10,,,443,41505,0,1358,17
1589249349.8374784,10.10.0.10,173.194.151.108,,,41505,443,0,40,17
1589249349.838557,10.10.0.10,173.194.151.108,,,41505,443,0,40,17
1589249349.839456,10.10.0.10,173.194.151.108,,,41505,443,0,40,17
1589249349.845834,10.10.0.10,173.194.151.108,,,41505,443,0,40,17
1589249349.847544,173.194.151.108,10.10.0.10,,,443,41505,0,1358,17
1589249349.8507054,10.10.0.10,173.194.151.108,,,41505,443,0,40,17
1589249349.8646119,173.194.151.108,10.10.0.10,,,443,41505,0,1358,17
1589249349.8816938,173.194.151.108,10.10.0.10,,,443,41505,0,1358,17
1589249349.8838286,10.10.0.10,173.194.151.108,,,41505,443,0,40,17
1589249349.898775,173.194.151.108,10.10.0.10,,,443,41505,0,1358,17
1589249349.915857,173.194.151.108,10.10.0.10,,,443,41505,0,1358,17
1589249349.9175591,10.10.0.10,173.194.151.108,,,41505,443,0,40,17
1589249349.932935,173.194.151.108,10.10.0.10,,,443,41505,0,1358,17
1589249349.9500122,173.194.151.108,10.10.0.10,,,443,41505,0,1358,17
1589249349.95156,10.10.0.10,173.194.151.108,,,41505,443,0,40,17
1589249349.9671078,173.194.151.108,10.10.0.10,,,443,41505,0,1358,17
1589249349.984172,173.194.151.108,10.10.0.10,,,443,41505,0,1358,17
1589249349.985799,10.10.0.10,173.194.151.108,,,41505,443,0,40,17
1589249350.001252,173.194.151.108,10.10.0.10,,,443,41505,0,1358,17
1589249350.018351,173.194.151.108,10.10.0.10,,,443,41505,0,1358,17
1589249350.020058,10.10.0.10,173.194.151.108,,,41505,443,0,40,17
1589249350.035414,173.194.151.108,10.10.0.10,,,443,41505,0,1358,17
1589249350.052491,173.194.151.108,10.10.0.10,,,443,41505,0,1358,17
1589249350.0541859,10.10.0.10,173.194.151.108,,,41505,443,0,53,17
1589249350.0695686,173.194.151.108,10.10.0.10,,,443,41505,0,1358,17
1589249350.0866618,173.194.151.108,10.10.0.10,,,443,41505,0,1358,17
1589249350.088435,10.10.0.10,173.194.151.108,,,41505,443,0,40,17
1589249350.103732,173.194.151.108,10.10.0.10,,,443,41505,0,1358,17
1589249350.120809,173.194.151.108,10.10.0.10,,,443,41505,0,1358,17
1589249350.1224284,10.10.0.10,173.194.151.108,,,41505,443,0,37,17
1589249350.13789,173.194.151.108,10.10.0.10,,,443,41505,0,1358,17
1589249350.1549768,173.194.151.108,10.10.0.10,,,443,41505,0,1358,17
1589249350.158822,10.10.0.10,173.194.151.108,,,41505,443,0,37,17
1589249350.1720428,173.194.151.108,10.10.0.10,,,443,41505,0,1358,17
1589249350.1891322,173.194.151.108,10.10.0.10,,,443,41505,0,1358,17
1589249350.1910536,10.10.0.10,173.194.151.108,,,41505,443,0,37,17
1589249350.206221,173.194.151.108,10.10.0.10,,,443,41505,0,1358,17
1589249350.223289,173.194.151.108,10.10.0.10,,,443,41505,0,1358,17
1589249350.225177,10.10.0.10,173.194.151.108,,,41505,443,0,37,17
1589249350.240368,173.194.151.108,10.10.0.10,,,443,41505,0,1358,17
1589249350.257471,173.194.151.108,10.10.0.10,,,443,41505,0,1358,17
1589249350.2745318,173.194.151.108,10.10.0.10,,,443,41505,0,1358,17
1589249350.2867002,10.10.0.10,173.194.151.108,,,41505,443,0,37,17
1589249350.2916071,173.194.151.108,10.10.0.10,,,443,41505,0,1358,17
1589249350.2932,10.10.0.10,173.194.151.108,,,41505,443,0,37,17
1589249350.308686,173.194.151.108,10.10.0.10,,,443,41505,0,1358,17
1589249350.3257804,173.194.151.108,10.10.0.10,,,443,41505,0,1358,17
1589249350.3275466,10.10.0.10,173.194.151.108,,,41505,443,0,37,17
1589249350.342847,173.194.151.108,10.10.0.10,,,443,41505,0,1358,17
1589249350.359935,173.194.151.108,10.10.0.10,,,443,41505,0,1358,17
1589249350.361815,10.10.0.10,173.194.151.108,,,41505,443,0,37,17
1589249350.377006,173.194.151.108,10.10.0.10,,,443,41505,0,1358,17
1589249350.394095,173.194.151.108,10.10.0.10,,,443,41505,0,1358,17
1589249350.3957958,10.10.0.10,173.194.151.108,,,41505,443,0,37,17
1589249350.4111652,173.194.151.108,10.10.0.10,,,443,41505,0,1358,17
1589249350.42824,173.194.151.108,10.10.0.10,,,443,41505,0,1358,17
1589249350.4300444,10.10.0.10,173.194.151.108,,,41505,443,0,37,17
1589249350.445346,173.194.151.108,10.10.0.10,,,443,41505,0,1358,17
1589249350.4624062,173.194.151.108,10.10.0.10,,,443,41505,0,1358,17
1589249350.463945,10.10.0.10,173.194.151.108,,,41505,443,0,37,17
1589249350.479484,173.194.151.108,10.10.0.10,,,443,41505,0,1358,17
1589249350.4965858,173.194.151.108,10.10.0.10,,,443,41505,0,1358,17
1589249350.4984438,10.10.0.10,173.194.151.108,,,41505,443,0,37,17
1589249350.513649,173.194.151.108,10.10.0.10,,,443,41505,0,1358,17
1589249350.530725,173.194.151.108,10.10.0.10,,,443,41505,0,1358,17
1589249350.532417,10.10.0.10,173.194.151.108,,,41505,443,0,37,17
1589249350.547806,173.194.151.108,10.10.0.10,,,443,41505,0,1358,17
1589249350.564899,173.194.151.108,10.10.0.10,,,443,41505,0,1358,17
1589249350.566657,10.10.0.10,173.194.151.108,,,41505,443,0,37,17
1589249350.5819626,173.194.151.108,10.10.0.10,,,443,41505,0,1358,17
1589249350.5990374,173.194.151.108,10.10.0.10,,,443,41505,0,1358,17
1589249350.600785,10.10.0.10,173.194.151.108,,,41505,443,0,37,17
1589249350.6161172,173.194.151.108,10.10.0.10,,,443,41505,0,1358,17
1589249350.633211,173.194.151.108,10.10.0.10,,,443,41505,0,1358,17
1589249350.635432,10.10.0.10,173.194.151.108,,,41505,443,0,37,17
1589249350.65028,173.194.151.108,10.10.0.10,,,443,41505,0,1358,17
1589249350.667361,173.194.151.108,10.10.0.10,,,443,41505,0,1358,17
1589249350.66904,10.10.0.10,173.194.151.108,,,41505,443,0,37,17
1589249350.684439,173.194.151.108,10.10.0.10,,,443,41505,0,1358,17
1589249350.701522,173.194.151.108,10.10.0.10,,,443,41505,0,1358,17
1589249350.703289,10.10.0.10,173.194.151.108,,,41505,443,0,37,17
1589249350.7186,173.194.151.108,10.10.0.10,,,443,41505,0,1358,17
1589249350.73569,173.194.151.108,10.10.0.10,,,443,41505,0,1358,17
1589249350.737159,10.10.0.10,173.194.151.108,,,41505,443,0,50,17
1589249350.7527552,173.194.151.108,10.10.0.10,,,443,41505,0,1358,17
1589249350.769835,173.194.151.108,10.10.0.10,,,443,41505,0,1358,17
1589249350.7714062,10.10.0.10,173.194.151.108,,,41505,443,0,37,17
1589249350.7869198,173.194.151.108,10.10.0.10,,,443,41505,0,1358,17
1589249350.803998,173.194.151.108,10.10.0.10,,,443,41505,0,29,17
1589249350.804773,173.194.151.108,10.10.0.10,,,443,41505,0,1358,17
1589249350.807179,10.10.0.10,173.194.151.108,,,41505,443,0,37,17
1589249350.8218524,173.194.151.108,10.10.0.10,,,443,41505,0,1358,17
1589249350.838953,173.194.151.108,10.10.0.10,,,443,41505,0,1358,17
1589249350.8409288,10.10.0.10,173.194.151.108,,,41505,443,0,37,17
1589249350.85601,173.194.151.108,10.10.0.10,,,443,41505,0,1358,17
1589249350.8730931,173.194.151.108,10.10.0.10,,,443,41505,0,1358,17
1589249350.874774,10.10.0.10,173.194.151.108,,,41505,443,0,37,17
1589249350.8901708,173.194.151.108,10.10.0.10,,,443,41505,0,1358,17
1589249350.907264,173.194.151.108,10.10.0.10,,,443,41505,0,1358,17
1589249350.9093,10.10.0.10,173.194.151.108,,,41505,443,0,37,17
1589249350.924331,173.194.151.108,10.10.0.10,,,443,41505,0,1358,17
1589249350.9414108,173.194.151.108,10.10.0.10,,,443,41505,0,1358,17
1589249350.9430509,10.10.0.10,173.194.151.108,,,41505,443,0,37,17
1589249350.9584925,173.194.151.108,10.10.0.10,,,443,41505,0,1358,17
1589249350.975576,173.194.151.108,10.10.0.10,,,443,41505,0,1358,17
1589249350.977033,10.10.0.10,173.194.151.108,,,41505,443,0,37,17
1589249350.992655,173.194.151.108,10.10.0.10,,,443,41505,0,1358,17
1589249351.0097475,173.194.151.108,10.10.0.10,,,443,41505,0,1358,17
1589249351.0115464,10.10.0.10,173.194.151.108,,,41505,443,0,37,17
1589249351.026826,173.194.151.108,10.10.0.10,,,443,41505,0,1358,17
1589249351.043891,173.194.151.108,10.10.0.10,,,443,41505,0,1358,17
1589249351.045668,10.10.0.10,173.194.151.108,,,41505,443,0,37,17
1589249351.0609698,173.194.151.108,10.10.0.10,,,443,41505,0,1358,17
1589249351.078071,173.194.151.108,10.10.0.10,,,443,41505,0,1358,17
1589249351.079775,10.10.0.10,173.194.151.108,,,41505,443,0,37,17
1589249351.095134,173.194.151.108,10.10.0.10,,,443,41505,0,1358,17
1589249351.1122134,173.194.151.108,10.10.0.10,,,443,41505,0,1358,17
1589249351.1140444,10.10.0.10,173.194.151.108,,,41505,443,0,37,17
1589249351.1292892,173.194.151.108,10.10.0.10,,,443,41505,0,1358,17
1589249351.146382,173.194.151.108,10.10.0.10,,,443,41505,0,1358,17
1589249351.148275,10.10.0.10,173.194.151.108,,,41505,443,0,37,17
1589249351.163449,173.194.151.108,10.10.0.10,,,443,41505,0,1358,17
1589249351.1805296,173.194.151.108,10.10.0.10,,,443,41505,0,1358,17
1589249351.1822932,10.10.0.10,173.194.151.108,,,41505,443,0,37,17
1589249351.197607,173.194.151.108,10.10.0.10,,,443,41505,0,1358,17
1589249351.214695,173.194.151.108,10.10.0.10,,,443,41505,0,1358,17
1589249351.2163901,10.10.0.10,173.194.151.108,,,41505,443,0,37,17
1589249351.231766,173.194.151.108,10.10.0.10,,,443,41505,0,1358,17
1589249351.248846,173.194.151.108,10.10.0.10,,,443,41505,0,1358,17
1589249351.2505221,10.10.0.10,173.194.151.108,,,41505,443,0,37,17
1589249351.265942,173.194.151.108,10.10.0.10,,,443,41505,0,1358,17
1589249351.283008,173.194.151.108,10.10.0.10,,,443,41505,0,1358,17
1589249351.284894,10.10.0.10,173.194.151.108,,,41505,443,0,37,17
1589249351.3000894,173.194.151.108,10.10.0.10,,,443,41505,0,1358,17
1589249351.3171642,173.194.151.108,10.10.0.10,,,443,41505,0,1358,17
1589249351.3190384,10.10.0.10,173.194.151.108,,,41505,443,0,37,17
1589249351.334251,173.194.151.108,10.10.0.10,,,443,41505,0,1358,17
1589249351.351327,173.194.151.108,10.10.0.10,,,443,41505,0,1358,17
1589249351.3531628,10.10.0.10,173.194.151.108,,,41505,443,0,37,17
1589249351.368403,173.194.151.108,10.10.0.10,,,443,41505,0,1358,17
1589249351.3855011,173.194.151.108,10.10.0.10,,,443,41505,0,1358,17
1589249351.3875172,10.10.0.10,173.194.151.108,,,41505,443,0,37,17
1589249351.4025636,173.194.151.108,10.10.0.10,,,443,41505,0,1358,17
1589249351.4196439,173.194.151.108,10.10.0.10,,,443,41505,0,1358,17
1589249351.421534,10.10.0.10,173.194.151.108,,,41505,443,0,50,17
1589249351.4367251,173.194.151.108,10.10.0.10,,,443,41505,0,1358,17
1589249351.453814,173.194.151.108,10.10.0.10,,,443,41505,0,1358,17
1589249351.4555151,10.10.0.10,173.194.151.108,,,41505,443,0,37,17
1589249351.470883,173.194.151.108,10.10.0.10,,,443,41505,0,1358,17
1589249351.4879642,173.194.151.108,10.10.0.10,,,443,41505,0,1358,17
1589249351.489514,10.10.0.10,173.194.151.108,,,41505,443,0,37,17
1589249351.5050588,173.194.151.108,10.10.0.10,,,443,41505,0,1358,17
1589249351.522125,173.194.151.108,10.10.0.10,,,443,41505,0,1358,17
1589249351.5251412,10.10.0.10,173.194.151.108,,,41505,443,0,37,17
1589249351.539209,173.194.151.108,10.10.0.10,,,443,41505,0,1358,17
1589249351.5562818,173.194.151.108,10.10.0.10,,,443,41505,0,1358,17
1589249351.570157,10.10.0.10,173.194.151.108,,,41505,443,0,37,17
1589249351.5733712,173.194.151.108,10.10.0.10,,,443,41505,0,1358,17
1589249351.590442,173.194.151.108,10.10.0.10,,,443,41505,0,1358,17
1589249351.592256,10.10.0.10,173.194.151.108,,,41505,443,0,37,17
1589249351.607517,173.194.151.108,10.10.0.10,,,443,41505,0,1358,17
1589249351.6246028,173.194.151.108,10.10.0.10,,,443,41505,0,1358,17
1589249351.6262786,10.10.0.10,173.194.151.108,,,41505,443,0,37,17
1589249351.6416788,173.194.151.108,10.10.0.10,,,443,41505,0,1358,17
1589249351.65876,173.194.151.108,10.10.0.10,,,443,41505,0,1358,17
1589249351.6605306,10.10.0.10,173.194.151.108,,,41505,443,0,37,17
1589249351.675838,173.194.151.108,10.10.0.10,,,443,41505,0,1358,17
1589249351.692918,173.194.151.108,10.10.0.10,,,443,41505,0,1358,17
1589249351.6946578,10.10.0.10,173.194.151.108,,,41505,443,0,37,17
1589249351.7099981,173.194.151.108,10.10.0.10,,,443,41505,0,1358,17
1589249351.727074,173.194.151.108,10.10.0.10,,,443,41505,0,1358,17
1589249351.7286339,10.10.0.10,173.194.151.108,,,41505,443,0,37,17
1589249351.744157,173.194.151.108,10.10.0.10,,,443,41505,0,1358,17
1589249351.761235,173.194.151.108,10.10.0.10,,,443,41505,0,1358,17
1589249351.7628849,10.10.0.10,173.194.151.108,,,41505,443,0,37,17
1589249351.7783198,173.194.151.108,10.10.0.10,,,443,41505,0,1358,17
1589249351.795399,173.194.151.108,10.10.0.10,,,443,41505,0,1358,17
1589249351.797402,10.10.0.10,173.194.151.108,,,41505,443,0,37,17
1589249351.8124769,173.194.151.108,10.10.0.10,,,443,41505,0,1358,17
1589249351.8295555,173.194.151.108,10.10.0.10,,,443,41505,0,1358,17
1589249351.8312762,10.10.0.10,173.194.151.108,,,41505,443,0,37,17
1589249351.8466392,173.194.151.108,10.10.0.10,,,443,41505,0,1358,17
1589249351.863718,173.194.151.108,10.10.0.10,,,443,41505,0,1358,17
1589249351.865258,10.10.0.10,173.194.151.108,,,41505,443,0,37,17
1589249351.880799,173.194.151.108,10.10.0.10,,,443,41505,0,1358,17
1589249351.89788,173.194.151.108,10.10.0.10,,,443,41505,0,1358,17
1589249351.8995225,10.10.0.10,173.194.151.108,,,41505,443,0,37,17
1589249351.914959,173.194.151.108,10.10.0.10,,,443,41505,0,1358,17
1589249351.9320312,173.194.151.108,10.10.0.10,,,443,41505,0,1358,17
1589249351.9337509,10.10.0.10,173.194.151.108,,,41505,443,0,37,17
1589249351.949118,173.194.151.108,10.10.0.10,,,443,41505,0,1358,17
1589249351.9661958,173.194.151.108,10.10.0.10,,,443,41505,0,1358,17
1589249351.9680188,10.10.0.10,173.194.151.108,,,41505,443,0,37,17
1589249351.983294,173.194.151.108,10.10.0.10,,,443,41505,0,1358,17
1589249352.0003572,173.194.151.108,10.10.0.10,,,443,41505,0,1358,17
1589249352.002018,10.10.0.10,173.194.151.108,,,41505,443,0,37,17
1589249352.0174348,173.194.151.108,10.10.0.10,,,443,41505,0,1358,17
1589249352.034518,173.194.151.108,10.10.0.10,,,443,41505,0,1358,17
1589249352.035992,10.10.0.10,173.194.151.108,,,41505,443,0,37,17
1589249352.0516062,173.194.151.108,10.10.0.10,,,443,41505,0,1358,17
1589249352.06868,173.194.151.108,10.10.0.10,,,443,41505,0,1358,17
1589249352.070518,10.10.0.10,173.194.151.108,,,41505,443,0,37,17
1589249352.085756,173.194.151.108,10.10.0.10,,,443,41505,0,1358,17
1589249352.102834,173.194.151.108,10.10.0.10,,,443,41505,0,1358,17
1589249352.1043599,10.10.0.10,173.194.151.108,,,41505,443,0,50,17
1589249352.1199179,173.194.151.108,10.10.0.10,,,443,41505,0,1358,17
1589249352.136994,173.194.151.108,10.10.0.10,,,443,41505,0,1358,17
1589249352.138985,10.10.0.10,173.194.151.108,,,41505,443,0,37,17
1589249352.154074,173.194.151.108,10.10.0.10,,,443,41505,0,1358,17
1589249352.1711671,173.194.151.108,10.10.0.10,,,443,41505,0,1358,17
1589249352.1728694,10.10.0.10,173.194.151.108,,,41505,443,0,37,17
1589249352.188228,173.194.151.108,10.10.0.10,,,443,41505,0,29,17
1589249352.18901,173.194.151.108,10.10.0.10,,,443,41505,0,1358,17
1589249352.2061028,173.194.151.108,10.10.0.10,,,443,41505,0,1358,17
1589249352.207887,10.10.0.10,173.194.151.108,,,41505,443,0,37,17
1589249352.223175,173.194.151.108,10.10.0.10,,,443,41505,0,1358,17
1589249352.240244,173.194.151.108,10.10.0.10,,,443,41505,0,1358,17
1589249352.2418668,10.10.0.10,173.194.151.108,,,41505,443,0,37,17
1589249352.257326,173.194.151.108,10.10.0.10,,,443,41505,0,1358,17
1589249352.274415,173.194.151.108,10.10.0.10,,,443,41505,0,1358,17
1589249352.276855,10.10.0.10,173.194.151.108,,,41505,443,0,37,17
1589249352.2914839,173.194.151.108,10.10.0.10,,,443,41505,0,1358,17
1589249352.308564,173.194.151.108,10.10.0.10,,,443,41505,0,1358,17
1589249352.310384,10.10.0.10,173.194.151.108,,,41505,443,0,37,17
1589249352.3256588,173.194.151.108,10.10.0.10,,,443,41505,0,1358,17
1589249352.3427231,173.194.151.108,10.10.0.10,,,443,41505,0,1358,17
1589249352.34526,10.10.0.10,173.194.151.108,,,41505,443,0,37,17
1589249352.359803,173.194.151.108,10.10.0.10,,,443,41505,0,1358,17
1589249352.3768814,173.194.151.108,10.10.0.10,,,443,41505,0,1358,17
1589249352.3786118,10.10.0.10,173.194.151.108,,,41505,443,0,37,17
1589249352.3939712,173.194.151.108,10.10.0.10,,,443,41505,0,1358,17
1589249352.411043,173.194.151.108,10.10.0.10,,,443,41505,0,1358,17
1589249352.412759,10.10.0.10,173.194.151.108,,,41505,443,0,37,17
1589249352.428117,173.194.151.108,10.10.0.10,,,443,41505,0,1358,17
1589249352.4452198,173.194.151.108,10.10.0.10,,,443,41505,0,1358,17
1589249352.4467552,10.10.0.10,173.194.151.108,,,41505,443,0,37,17
1589249352.4622881,173.194.151.108,10.10.0.10,,,443,41505,0,1358,17
1589249352.4793608,173.194.151.108,10.10.0.10,,,443,41505,0,1358,17
1589249352.4812355,10.10.0.10,173.194.151.108,,,41505,443,0,37,17
1589249352.4964418,173.194.151.108,10.10.0.10,,,443,41505,0,1358,17
1589249352.513533,173.194.151.108,10.10.0.10,,,443,41505,0,1358,17
1589249352.515359,10.10.0.10,173.194.151.108,,,41505,443,0,37,17
1589249352.530601,173.194.151.108,10.10.0.10,,,443,41505,0,1358,17
1589249352.5476804,173.194.151.108,10.10.0.10,,,443,41505,0,1358,17
1589249352.5493634,10.10.0.10,173.194.151.108,,,41505,443,0,37,17
1589249352.5647779,173.194.151.108,10.10.0.10,,,443,41505,0,1358,17
1589249352.581841,173.194.151.108,10.10.0.10,,,443,41505,0,1358,17
1589249352.5835054,10.10.0.10,173.194.151.108,,,41505,443,0,37,17
1589249352.5989158,173.194.151.108,10.10.0.10,,,443,41505,0,1358,17
1589249352.615995,173.194.151.108,10.10.0.10,,,443,41505,0,1358,17
1589249352.617733,10.10.0.10,173.194.151.108,,,41505,443,0,37,17
1589249352.63309,173.194.151.108,10.10.0.10,,,443,41505,0,1358,17
1589249352.6501546,173.194.151.108,10.10.0.10,,,443,41505,0,1358,17
1589249352.651849,10.10.0.10,173.194.151.108,,,41505,443,0,37,17
1589249352.667233,173.194.151.108,10.10.0.10,,,443,41505,0,1358,17
1589249352.684314,173.194.151.108,10.10.0.10,,,443,41505,0,1358,17
1589249352.686001,10.10.0.10,173.194.151.108,,,41505,443,0,37,17
1589249352.7013948,173.194.151.108,10.10.0.10,,,443,41505,0,1358,17
1589249352.718476,173.194.151.108,10.10.0.10,,,443,41505,0,1358,17
1589249352.720102,10.10.0.10,173.194.151.108,,,41505,443,0,37,17
1589249352.735559,173.194.151.108,10.10.0.10,,,443,41505,0,1358,17
1589249352.7526348,173.194.151.108,10.10.0.10,,,443,41505,0,1358,17
1589249352.754066,10.10.0.10,173.194.151.108,,,41505,443,0,37,17
1589249352.769721,173.194.151.108,10.10.0.10,,,443,41505,0,1358,17
1589249352.786797,173.194.151.108,10.10.0.10,,,443,41505,0,1358,17
1589249352.788486,10.10.0.10,173.194.151.108,,,41505,443,0,50,17
1589249352.803895,173.194.151.108,10.10.0.10,,,443,41505,0,1358,17
1589249352.82096,173.194.151.108,10.10.0.10,,,443,41505,0,1358,17
1589249352.838038,173.194.151.108,10.10.0.10,,,443,41505,0,1358,17
1589249352.8494759,10.10.0.10,173.194.151.108,,,41505,443,0,37,17
1589249352.8551214,173.194.151.108,10.10.0.10,,,443,41505,0,1358,17
1589249352.8568509,10.10.0.10,173.194.151.108,,,41505,443,0,37,17
1589249352.872208,173.194.151.108,10.10.0.10,,,443,41505,0,29,17
1589249352.8729708,173.194.151.108,10.10.0.10,,,443,41505,0,1358,17
1589249352.890051,173.194.151.108,10.10.0.10,,,443,41505,0,1358,17
1589249352.892686,10.10.0.10,173.194.151.108,,,41505,443,0,37,17
1589249352.9071429,173.194.151.108,10.10.0.10,,,443,41505,0,1358,17
1589249352.9242039,173.194.151.108,10.10.0.10,,,443,41505,0,1358,17
1589249352.925847,10.10.0.10,173.194.151.108,,,41505,443,0,37,17
1589249352.9412909,173.194.151.108,10.10.0.10,,,443,41505,0,1358,17
1589249352.9591012,173.194.151.108,10.10.0.10,,,443,41505,0,1358,17
1589249352.9607148,10.10.0.10,173.194.151.108,,,41505,443,0,37,17
1589249352.9837036,173.194.151.108,10.10.0.10,,,443,41505,0,1358,17
1589249353.0082748,173.194.151.108,10.10.0.10,,,443,41505,0,1358,17
1589249353.010344,10.10.0.10,173.194.151.108,,,41505,443,0,37,17
1589249353.0328605,173.194.151.108,10.10.0.10,,,443,41505,0,1358,17
1589249353.0574498,173.194.151.108,10.10.0.10,,,443,41505,0,1358,17
1589249353.060189,10.10.0.10,173.194.151.108,,,41505,443,0,37,17
1589249353.0820222,173.194.151.108,10.10.0.10,,,443,41505,0,1358,17
1589249353.106601,173.194.151.108,10.10.0.10,,,443,41505,0,1358,17
1589249353.108616,10.10.0.10,173.194.151.108,,,41505,443,0,37,17
1589249353.1311991,173.194.151.108,10.10.0.10,,,443,41505,0,1358,17
1589249353.1557708,173.194.151.108,10.10.0.10,,,443,41505,0,1358,17
1589249353.157467,10.10.0.10,173.194.151.108,,,41505,443,0,37,17
1589249353.18035,173.194.151.108,10.10.0.10,,,443,41505,0,1358,17
1589249353.204947,173.194.151.108,10.10.0.10,,,443,41505,0,1358,17
1589249353.2065885,10.10.0.10,173.194.151.108,,,41505,443,0,37,17
1589249353.2295196,173.194.151.108,10.10.0.10,,,443,41505,0,1358,17
1589249353.2541082,173.194.151.108,10.10.0.10,,,443,41505,0,1358,17
1589249353.255857,10.10.0.10,173.194.151.108,,,41505,443,0,37,17
1589249353.278681,173.194.151.108,10.10.0.10,,,443,41505,0,1358,17
1589249353.3032696,173.194.151.108,10.10.0.10,,,443,41505,0,1358,17
1589249353.3048348,10.10.0.10,173.194.151.108,,,41505,443,0,37,17
1589249353.3278508,173.194.151.108,10.10.0.10,,,443,41505,0,1358,17
1589249353.3524456,173.194.151.108,10.10.0.10,,,443,41505,0,1358,17
1589249353.354231,10.10.0.10,173.194.151.108,,,41505,443,0,37,17
1589249353.3770118,173.194.151.108,10.10.0.10,,,443,41505,0,1358,17
1589249353.401601,173.194.151.108,10.10.0.10,,,443,41505,0,1358,17
1589249353.403334,10.10.0.10,173.194.151.108,,,41505,443,0,37,17
1589249353.426191,173.194.151.108,10.10.0.10,,,443,41505,0,1358,17
1589249353.4507651,173.194.151.108,10.10.0.10,,,443,41505,0,1358,17
1589249353.453582,10.10.0.10,173.194.151.108,,,41505,443,0,37,17
1589249353.4753478,173.194.151.108,10.10.0.10,,,443,41505,0,1358,17
1589249353.499943,173.194.151.108,10.10.0.10,,,443,41505,0,1358,17
1589249353.506833,10.10.0.10,173.194.151.108,,,41505,443,0,37,17
1589249353.524514,173.194.151.108,10.10.0.10,,,443,41505,0,1358,17
1589249353.52708,10.10.0.10,173.194.151.108,,,41505,443,0,37,17
1589249353.549098,173.194.151.108,10.10.0.10,,,443,41505,0,1358,17
1589249353.573688,173.194.151.108,10.10.0.10,,,443,41505,0,1358,17
1589249353.5753279,10.10.0.10,173.194.151.108,,,41505,443,0,37,17
1589249353.59826,173.194.151.108,10.10.0.10,,,443,41505,0,1358,17
1589249353.6228428,173.194.151.108,10.10.0.10,,,443,41505,0,1358,17
1589249353.62454,10.10.0.10,173.194.151.108,,,41505,443,0,37,17
1589249353.647435,173.194.151.108,10.10.0.10,,,443,41505,0,1358,17
1589249353.672008,173.194.151.108,10.10.0.10,,,443,41505,0,1358,17
1589249353.673684,10.10.0.10,173.194.151.108,,,41505,443,0,50,17
1589249353.696595,173.194.151.108,10.10.0.10,,,443,41505,0,1358,17
1589249353.721173,173.194.151.108,10.10.0.10,,,443,41505,0,1358,17
1589249353.722846,10.10.0.10,173.194.151.108,,,41505,443,0,37,17
1589249353.745757,173.194.151.108,10.10.0.10,,,443,41505,0,1358,17
1589249353.770336,173.194.151.108,10.10.0.10,,,443,41505,0,1358,17
1589249353.7719278,10.10.0.10,173.194.151.108,,,41505,443,0,37,17
1589249353.794919,173.194.151.108,10.10.0.10,,,443,41505,0,1358,17
1589249353.8195071,173.194.151.108,10.10.0.10,,,443,41505,0,1358,17
1589249353.821092,10.10.0.10,173.194.151.108,,,41505,443,0,37,17
1589249353.844089,173.194.151.108,10.10.0.10,,,443,41505,0,1358,17
1589249353.8686779,173.194.151.108,10.10.0.10,,,443,41505,0,1358,17
1589249353.8705919,10.10.0.10,173.194.151.108,,,41505,443,0,37,17
1589249353.8932614,173.194.151.108,10.10.0.10,,,443,41505,0,1358,17
1589249353.91784,173.194.151.108,10.10.0.10,,,443,41505,0,1358,17
1589249353.9196944,10.10.0.10,173.194.151.108,,,41505,443,0,37,17
1589249353.94243,173.194.151.108,10.10.0.10,,,443,41505,0,1358,17
1589249353.9670026,173.194.151.108,10.10.0.10,,,443,41505,0,1358,17
1589249353.9684358,10.10.0.10,173.194.151.108,,,41505,443,0,37,17
1589249353.991605,173.194.151.108,10.10.0.10,,,443,41505,0,1358,17
1589249354.016174,173.194.151.108,10.10.0.10,,,443,41505,0,1358,17
1589249354.017694,10.10.0.10,173.194.151.108,,,41505,443,0,37,17
1589249354.040752,173.194.151.108,10.10.0.10,,,443,41505,0,1358,17
1589249354.065332,173.194.151.108,10.10.0.10,,,443,41505,0,1358,17
1589249354.0670538,10.10.0.10,173.194.151.108,,,41505,443,0,37,17
1589249354.089921,173.194.151.108,10.10.0.10,,,443,41505,0,1358,17
1589249354.1145012,173.194.151.108,10.10.0.10,,,443,41505,0,1358,17
1589249354.1297116,10.10.0.10,173.194.151.108,,,41505,443,0,37,17
1589249354.139081,173.194.151.108,10.10.0.10,,,443,41505,0,1358,17
1589249354.1636686,173.194.151.108,10.10.0.10,,,443,41505,0,1358,17
1589249354.167209,10.10.0.10,173.194.151.108,,,41505,443,0,37,17
1589249354.1882489,173.194.151.108,10.10.0.10,,,443,41505,0,1358,17
1589249354.21283,173.194.151.108,10.10.0.10,,,443,41505,0,1358,17
1589249354.214576,10.10.0.10,173.194.151.108,,,41505,443,0,37,17
1589249354.237417,173.194.151.108,10.10.0.10,,,443,41505,0,1358,17
1589249354.2619965,173.194.151.108,10.10.0.10,,,443,41505,0,1358,17
1589249354.2638292,10.10.0.10,173.194.151.108,,,41505,443,0,37,17
1589249354.286603,173.194.151.108,10.10.0.10,,,443,41505,0,1358,17
1589249354.311161,173.194.151.108,10.10.0.10,,,443,41505,0,1358,17
1589249354.312952,10.10.0.10,173.194.151.108,,,41505,443,0,37,17
1589249354.3357446,173.194.151.108,10.10.0.10,,,443,41505,0,1358,17
1589249354.3603482,173.194.151.108,10.10.0.10,,,443,41505,0,1358,17
1589249354.3620481,10.10.0.10,173.194.151.108,,,41505,443,0,37,17
1589249354.3849149,173.194.151.108,10.10.0.10,,,443,41505,0,1358,17
1589249354.4094946,173.194.151.108,10.10.0.10,,,443,41505,0,1358,17
1589249354.4113019,10.10.0.10,173.194.151.108,,,41505,443,0,37,17
1589249354.4340749,173.194.151.108,10.10.0.10,,,443,41505,0,1358,17
1589249354.458662,173.194.151.108,10.10.0.10,,,443,41505,0,1358,17
1589249354.4603019,10.10.0.10,173.194.151.108,,,41505,443,0,37,17
1589249354.4832408,173.194.151.108,10.10.0.10,,,443,41505,0,1358,17
1589249354.507847,173.194.151.108,10.10.0.10,,,443,41505,0,1358,17
1589249354.509697,10.10.0.10,173.194.151.108,,,41505,443,0,37,17
1589249354.53241,173.194.151.108,10.10.0.10,,,443,41505,0,1358,17
1589249354.556992,173.194.151.108,10.10.0.10,,,443,41505,0,1358,17
1589249354.5588198,10.10.0.10,173.194.151.108,,,41505,443,0,37,17
1589249354.581594,173.194.151.108,10.10.0.10,,,443,41505,0,1358,17
1589249354.60616,173.194.151.108,10.10.0.10,,,443,41505,0,1358,17
1589249354.607801,10.10.0.10,173.194.151.108,,,41505,443,0,37,17
1589249354.630733,173.194.151.108,10.10.0.10,,,443,41505,0,1358,17
1589249354.655342,173.194.151.108,10.10.0.10,,,443,41505,0,1358,17
1589249354.6570694,10.10.0.10,173.194.151.108,,,41505,443,0,50,17
1589249354.6799052,173.194.151.108,10.10.0.10,,,443,41505,0,1358,17
1589249354.7044814,173.194.151.108,10.10.0.10,,,443,41505,0,1358,17
1589249354.7060454,10.10.0.10,173.194.151.108,,,41505,443,0,37,17
1589249354.729068,173.194.151.108,10.10.0.10,,,443,41505,0,1358,17
1589249354.7536552,173.194.151.108,10.10.0.10,,,443,41505,0,1358,17
1589249354.7554438,10.10.0.10,173.194.151.108,,,41505,443,0,37,17
1589249354.778248,173.194.151.108,10.10.0.10,,,443,41505,0,1358,17
1589249354.8028376,173.194.151.108,10.10.0.10,,,443,41505,0,1358,17
1589249354.8046908,10.10.0.10,173.194.151.108,,,41505,443,0,37,17
1589249354.8274,173.194.151.108,10.10.0.10,,,443,41505,0,1358,17
1589249354.8519788,173.194.151.108,10.10.0.10,,,443,41505,0,1358,17
1589249354.8540704,10.10.0.10,173.194.151.108,,,41505,443,0,37,17
1589249354.8765712,173.194.151.108,10.10.0.10,,,443,41505,0,1358,17
1589249354.901148,173.194.151.108,10.10.0.10,,,443,41505,0,1358,17
1589249354.9029381,10.10.0.10,173.194.151.108,,,41505,443,0,37,17
1589249354.925731,173.194.151.108,10.10.0.10,,,443,41505,0,1358,17
1589249354.950333,173.194.151.108,10.10.0.10,,,443,41505,0,1358,17
1589249354.9519162,10.10.0.10,173.194.151.108,,,41505,443,0,37,17
1589249354.9748974,173.194.151.108,10.10.0.10,,,443,41505,0,1358,17
1589249354.9994788,173.194.151.108,10.10.0.10,,,443,41505,0,1358,17
1589249355.0010462,10.10.0.10,173.194.151.108,,,41505,443,0,37,17
1589249355.024082,173.194.151.108,10.10.0.10,,,443,41505,0,1358,17
1589249355.048645,173.194.151.108,10.10.0.10,,,443,41505,0,1358,17
1589249355.050167,10.10.0.10,173.194.151.108,,,41505,443,0,37,17
1589249355.0732286,173.194.151.108,10.10.0.10,,,443,41505,0,1358,17
1589249355.09783,173.194.151.108,10.10.0.10,,,443,41505,0,1358,17
1589249355.099909,10.10.0.10,173.194.151.108,,,41505,443,0,37,17
1589249355.1223938,173.194.151.108,10.10.0.10,,,443,41505,0,1358,17
1589249355.146977,173.194.151.108,10.10.0.10,,,443,41505,0,1358,17
1589249355.1502724,10.10.0.10,173.194.151.108,,,41505,443,0,37,17
1589249355.171578,173.194.151.108,10.10.0.10,,,443,41505,0,1358,17
1589249355.1961439,173.194.151.108,10.10.0.10,,,443,41505,0,1358,17
1589249355.197906,10.10.0.10,173.194.151.108,,,41505,443,0,37,17
1589249355.220725,173.194.151.108,10.10.0.10,,,443,41505,0,1358,17
1589249355.245306,173.194.151.108,10.10.0.10,,,443,41505,0,1358,17
1589249355.24703,10.10.0.10,173.194.151.108,,,41505,443,0,37,17
1589249355.2698932,173.194.151.108,10.10.0.10,,,443,41505,0,1358,17
1589249355.2944765,173.194.151.108,10.10.0.10,,,443,41505,0,1358,17
1589249355.296144,10.10.0.10,173.194.151.108,,,41505,443,0,37,17
1589249355.319072,173.194.151.108,10.10.0.10,,,443,41505,0,1358,17
1589249355.343634,173.194.151.108,10.10.0.10,,,443,41505,0,1358,17
1589249355.345402,10.10.0.10,173.194.151.108,,,41505,443,0,37,17
1589249355.368222,173.194.151.108,10.10.0.10,,,443,41505,0,1358,17
1589249355.392822,173.194.151.108,10.10.0.10,,,443,41505,0,1358,17
1589249355.40905,10.10.0.10,173.194.151.108,,,41505,443,0,37,17
1589249355.4173882,173.194.151.108,10.10.0.10,,,443,41505,0,1358,17
1589249355.4419732,173.194.151.108,10.10.0.10,,,443,41505,0,1358,17
1589249355.445304,10.10.0.10,173.194.151.108,,,41505,443,0,37,17
1589249355.46657,173.194.151.108,10.10.0.10,,,443,41505,0,1358,17
1589249355.4911392,173.194.151.108,10.10.0.10,,,443,41505,0,1358,17
1589249355.4926689,10.10.0.10,173.194.151.108,,,41505,443,0,37,17
1589249355.515718,173.194.151.108,10.10.0.10,,,443,41505,0,1358,17
1589249355.540317,173.194.151.108,10.10.0.10,,,443,41505,0,1358,17
1589249355.542165,10.10.0.10,173.194.151.108,,,41505,443,0,37,17
1589249355.5648868,173.194.151.108,10.10.0.10,,,443,41505,0,1358,17
1589249355.5894694,173.194.151.108,10.10.0.10,,,443,41505,0,1358,17
1589249355.59129,10.10.0.10,173.194.151.108,,,41505,443,0,37,17
1589249355.6140692,173.194.151.108,10.10.0.10,,,443,41505,0,1358,17
1589249355.638633,173.194.151.108,10.10.0.10,,,443,41505,0,1358,17
1589249355.6405456,10.10.0.10,173.194.151.108,,,41505,443,0,50,17
1589249355.6632106,173.194.151.108,10.10.0.10,,,443,41505,0,1358,17
1589249355.687813,173.194.151.108,10.10.0.10,,,443,41505,0,1358,17
1589249355.689413,10.10.0.10,173.194.151.108,,,41505,443,0,37,17
1589249355.712378,173.194.151.108,10.10.0.10,,,443,41505,0,1358,17
1589249355.7369616,173.194.151.108,10.10.0.10,,,443,41505,0,1358,17
1589249355.738607,10.10.0.10,173.194.151.108,,,41505,443,0,37,17
1589249355.761542,173.194.151.108,10.10.0.10,,,443,41505,0,1358,17
1589249355.786132,173.194.151.108,10.10.0.10,,,443,41505,0,29,17
1589249355.7872472,173.194.151.108,10.10.0.10,,,443,41505,0,1358,17
1589249355.7891412,10.10.0.10,173.194.151.108,,,41505,443,0,37,17
1589249355.811824,173.194.151.108,10.10.0.10,,,443,41505,0,1358,17
1589249355.836418,173.194.151.108,10.10.0.10,,,443,41505,0,1358,17
1589249355.838037,10.10.0.10,173.194.151.108,,,41505,443,0,37,17
1589249355.8609972,173.194.151.108,10.10.0.10,,,443,41505,0,1358,17
1589249355.8855731,173.194.151.108,10.10.0.10,,,443,41505,0,1358,17
1589249355.8872616,10.10.0.10,173.194.151.108,,,41505,443,0,37,17
1589249355.9101589,173.194.151.108,10.10.0.10,,,443,41505,0,1358,17
1589249355.934743,173.194.151.108,10.10.0.10,,,443,41505,0,1358,17
1589249355.9362776,10.10.0.10,173.194.151.108,,,41505,443,0,37,17
1589249355.959323,173.194.151.108,10.10.0.10,,,443,41505,0,1358,17
1589249355.983902,173.194.151.108,10.10.0.10,,,443,41505,0,1358,17
1589249355.985528,10.10.0.10,173.194.151.108,,,41505,443,0,37,17
1589249356.0084932,173.194.151.108,10.10.0.10,,,443,41505,0,1358,17
1589249356.0330696,173.194.151.108,10.10.0.10,,,443,41505,0,1358,17
1589249356.0350258,10.10.0.10,173.194.151.108,,,41505,443,0,37,17
1589249356.05765,173.194.151.108,10.10.0.10,,,443,41505,0,1358,17
1589249356.08224,173.194.151.108,10.10.0.10,,,443,41505,0,1358,17
1589249356.0839028,10.10.0.10,173.194.151.108,,,41505,443,0,37,17
1589249356.1068132,173.194.151.108,10.10.0.10,,,443,41505,0,1358,17
1589249356.1313958,173.194.151.108,10.10.0.10,,,443,41505,0,1358,17
1589249356.13315,10.10.0.10,173.194.151.108,,,41505,443,0,37,17
1589249356.155982,173.194.151.108,10.10.0.10,,,443,41505,0,1358,17
1589249356.180569,173.194.151.108,10.10.0.10,,,443,41505,0,1358,17
1589249356.182774,10.10.0.10,173.194.151.108,,,41505,443,0,37,17
1589249356.205173,173.194.151.108,10.10.0.10,,,443,41505,0,1358,17
1589249356.2297359,173.194.151.108,10.10.0.10,,,443,41505,0,1358,17
1589249356.2315214,10.10.0.10,173.194.151.108,,,41505,443,0,37,17
1589249356.2543151,173.194.151.108,10.10.0.10,,,443,41505,0,1358,17
1589249356.2789214,173.194.151.108,10.10.0.10,,,443,41505,0,1358,17
1589249356.2807686,10.10.0.10,173.194.151.108,,,41505,443,0,37,17
1589249356.3034852,173.194.151.108,10.10.0.10,,,443,41505,0,1358,17
1589249356.328058,173.194.151.108,10.10.0.10,,,443,41505,0,1358,17
1589249356.329751,10.10.0.10,173.194.151.108,,,41505,443,0,37,17
1589249356.352668,173.194.151.108,10.10.0.10,,,443,41505,0,1358,17
1589249356.377232,173.194.151.108,10.10.0.10,,,443,41505,0,1358,17
1589249356.3803332,10.10.0.10,173.194.151.108,,,41505,443,0,37,17
1589249356.401813,173.194.151.108,10.10.0.10,,,443,41505,0,1358,17
1589249356.426416,173.194.151.108,10.10.0.10,,,443,41505,0,1358,17
1589249356.428113,10.10.0.10,173.194.151.108,,,41505,443,0,37,17
1589249356.4509778,173.194.151.108,10.10.0.10,,,443,41505,0,1358,17
1589249356.475558,173.194.151.108,10.10.0.10,,,443,41505,0,399,17
1589249356.477119,10.10.0.10,173.194.151.108,,,41505,443,0,37,17
1589249356.4919708,10.10.0.10,173.194.151.108,,,41505,443,0,722,17
1589249356.4921231,10.10.0.10,173.194.151.108,,,41505,443,0,48,17
1589249356.496396,173.194.151.108,10.10.0.10,,,443,41505,0,29,17
1589249356.4977708,173.194.151.108,10.10.0.10,,,443,41505,0,1358,17
1589249356.508917,173.194.151.108,10.10.0.10,,,443,41505,0,1358,17
1589249356.5104988,10.10.0.10,173.194.151.108,,,41505,443,0,37,17
1589249356.5139961,10.10.0.10,173.194.151.108,,,41505,443,0,723,17
1589249356.514022,10.10.0.10,173.194.151.108,,,41505,443,0,48,17
1589249356.5334866,173.194.151.108,10.10.0.10,,,443,41505,0,1358,17
1589249356.5580692,173.194.151.108,10.10.0.10,,,443,41505,0,1358,17
1589249356.559887,10.10.0.10,173.194.151.108,,,41505,443,0,37,17
1589249356.582651,173.194.151.108,10.10.0.10,,,443,41505,0,1358,17
1589249356.6072292,173.194.151.108,10.10.0.10,,,443,41505,0,1358,17
1589249356.6088982,10.10.0.10,173.194.151.108,,,41505,443,0,37,17
1589249356.631811,173.194.151.108,10.10.0.10,,,443,41505,0,1358,17
1589249356.656395,173.194.151.108,10.10.0.10,,,443,41505,0,29,17
1589249356.6575332,173.194.151.108,10.10.0.10,,,443,41505,0,1358,17
1589249356.6820982,173.194.151.108,10.10.0.10,,,443,41505,0,1358,17
1589249356.69101,10.10.0.10,173.194.151.108,,,41505,443,0,37,17
1589249356.706674,173.194.151.108,10.10.0.10,,,443,41505,0,1358,17
1589249356.7082374,10.10.0.10,173.194.151.108,,,41505,443,0,37,17
1589249356.7312589,173.194.151.108,10.10.0.10,,,443,41505,0,1358,17
1589249356.7558448,173.194.151.108,10.10.0.10,,,443,41505,0,1358,17
1589249356.7573636,10.10.0.10,173.194.151.108,,,41505,443,0,37,17
1589249356.780422,173.194.151.108,10.10.0.10,,,443,41505,0,1358,17
1589249356.805032,173.194.151.108,10.10.0.10,,,443,41505,0,1358,17
1589249356.8066108,10.10.0.10,173.194.151.108,,,41505,443,0,37,17
1589249356.829593,173.194.151.108,10.10.0.10,,,443,41505,0,1358,17
1589249356.8541741,173.194.151.108,10.10.0.10,,,443,41505,0,1358,17
1589249356.8633502,10.10.0.10,173.194.151.108,,,41505,443,0,37,17
1589249356.878754,173.194.151.108,10.10.0.10,,,443,41505,0,1358,17
1589249356.903341,173.194.151.108,10.10.0.10,,,443,41505,0,1358,17
1589249356.905132,10.10.0.10,173.194.151.108,,,41505,443,0,37,17
1589249356.927916,173.194.151.108,10.10.0.10,,,443,41505,0,1358,17
1589249356.952527,173.194.151.108,10.10.0.10,,,443,41505,0,1358,17
1589249356.954232,10.10.0.10,173.194.151.108,,,41505,443,0,37,17
1589249356.9770901,173.194.151.108,10.10.0.10,,,443,41505,0,1358,17
1589249357.001671,173.194.151.108,10.10.0.10,,,443,41505,0,1358,17
1589249357.00325,10.10.0.10,173.194.151.108,,,41505,443,0,37,17
1589249357.026275,173.194.151.108,10.10.0.10,,,443,41505,0,1358,17
1589249357.0508358,173.194.151.108,10.10.0.10,,,443,41505,0,1358,17
1589249357.0524821,10.10.0.10,173.194.151.108,,,41505,443,0,37,17
1589249357.075421,173.194.151.108,10.10.0.10,,,443,41505,0,1358,17
1589249357.10002,173.194.151.108,10.10.0.10,,,443,41505,0,1358,17
1589249357.103624,10.10.0.10,173.194.151.108,,,41505,443,0,37,17
1589249357.124584,173.194.151.108,10.10.0.10,,,443,41505,0,1358,17
1589249357.149167,173.194.151.108,10.10.0.10,,,443,41505,0,1358,17
1589249357.150975,10.10.0.10,173.194.151.108,,,41505,443,0,37,17
1589249357.173772,173.194.151.108,10.10.0.10,,,443,41505,0,1358,17
1589249357.198332,173.194.151.108,10.10.0.10,,,443,41505,0,1358,17
1589249357.1998491,10.10.0.10,173.194.151.108,,,41505,443,0,37,17
1589249357.222918,173.194.151.108,10.10.0.10,,,443,41505,0,1358,17
1589249357.247518,173.194.151.108,10.10.0.10,,,443,41505,0,1358,17
1589249357.249248,10.10.0.10,173.194.151.108,,,41505,443,0,37,17
1589249357.2720811,173.194.151.108,10.10.0.10,,,443,41505,0,1358,17
1589249357.296665,173.194.151.108,10.10.0.10,,,443,41505,0,1358,17
1589249357.298366,10.10.0.10,173.194.151.108,,,41505,443,0,37,17
1589249357.321266,173.194.151.108,10.10.0.10,,,443,41505,0,1358,17
1589249357.345829,173.194.151.108,10.10.0.10,,,443,41505,0,1358,17
1589249357.348725,10.10.0.10,173.194.151.108,,,41505,443,0,37,17
1589249357.3704119,173.194.151.108,10.10.0.10,,,443,41505,0,1358,17
1589249357.395015,173.194.151.108,10.10.0.10,,,443,41505,0,1358,17
1589249357.39749,10.10.0.10,173.194.151.108,,,41505,443,0,37,17
1589249357.419576,173.194.151.108,10.10.0.10,,,443,41505,0,1358,17
1589249357.444155,173.194.151.108,10.10.0.10,,,443,41505,0,1358,17
1589249357.4464688,10.10.0.10,173.194.151.108,,,41505,443,0,37,17
1589249357.4687624,173.194.151.108,10.10.0.10,,,443,41505,0,1358,17
1589249357.4933276,173.194.151.108,10.10.0.10,,,443,41505,0,1358,17
1589249357.4950829,10.10.0.10,173.194.151.108,,,41505,443,0,50,17
1589249357.517909,173.194.151.108,10.10.0.10,,,443,41505,0,1358,17
1589249357.54251,173.194.151.108,10.10.0.10,,,443,41505,0,1358,17
1589249357.545082,10.10.0.10,173.194.151.108,,,41505,443,0,37,17
1589249357.5670755,173.194.151.108,10.10.0.10,,,443,41505,0,1358,17
1589249357.591657,173.194.151.108,10.10.0.10,,,443,41505,0,1358,17
1589249357.594481,10.10.0.10,173.194.151.108,,,41505,443,0,37,17
1589249357.6162362,173.194.151.108,10.10.0.10,,,443,41505,0,1358,17
1589249357.6408222,173.194.151.108,10.10.0.10,,,443,41505,0,1358,17
1589249357.6424446,10.10.0.10,173.194.151.108,,,41505,443,0,37,17
1589249357.665406,173.194.151.108,10.10.0.10,,,443,41505,0,1358,17
1589249357.689991,173.194.151.108,10.10.0.10,,,443,41505,0,1358,17
1589249357.6916995,10.10.0.10,173.194.151.108,,,41505,443,0,37,17
1589249357.714568,173.194.151.108,10.10.0.10,,,443,41505,0,1358,17
1589249357.7391558,173.194.151.108,10.10.0.10,,,443,41505,0,1358,17
1589249357.740838,10.10.0.10,173.194.151.108,,,41505,443,0,37,17
1589249357.7637331,173.194.151.108,10.10.0.10,,,443,41505,0,1358,17
1589249357.788314,173.194.151.108,10.10.0.10,,,443,41505,0,1358,17
1589249357.790084,10.10.0.10,173.194.151.108,,,41505,443,0,37,17
1589249357.812901,173.194.151.108,10.10.0.10,,,443,41505,0,1358,17
1589249357.8374991,173.194.151.108,10.10.0.10,,,443,41505,0,1358,17
1589249357.8400939,10.10.0.10,173.194.151.108,,,41505,443,0,37,17
1589249357.862071,173.194.151.108,10.10.0.10,,,443,41505,0,1358,17
1589249357.8866498,173.194.151.108,10.10.0.10,,,443,41505,0,1358,17
1589249357.888597,10.10.0.10,173.194.151.108,,,41505,443,0,37,17
1589249357.911248,173.194.151.108,10.10.0.10,,,443,41505,0,1358,17
1589249357.935818,173.194.151.108,10.10.0.10,,,443,41505,0,1358,17
1589249357.9603992,173.194.151.108,10.10.0.10,,,443,41505,0,1358,17
1589249357.9640741,10.10.0.10,173.194.151.108,,,41505,443,0,37,17
1589249357.98032,173.194.151.108,10.10.0.10,,,443,41505,0,1358,17
1589249357.982452,10.10.0.10,173.194.151.108,,,41505,443,0,37,17
1589249358.0002394,173.194.151.108,10.10.0.10,,,443,41505,0,1358,17
1589249358.020158,173.194.151.108,10.10.0.10,,,443,41505,0,1358,17
1589249358.021702,10.10.0.10,173.194.151.108,,,41505,443,0,37,17
1589249358.040083,173.194.151.108,10.10.0.10,,,443,41505,0,1358,17
1589249358.060025,173.194.151.108,10.10.0.10,,,443,41505,0,1358,17
1589249358.0624678,10.10.0.10,173.194.151.108,,,41505,443,0,37,17
1589249358.079922,173.194.151.108,10.10.0.10,,,443,41505,0,1358,17
1589249358.099866,173.194.151.108,10.10.0.10,,,443,41505,0,1358,17
1589249358.101448,10.10.0.10,173.194.151.108,,,41505,443,0,37,17
1589249358.119768,173.194.151.108,10.10.0.10,,,443,41505,0,1358,17
1589249358.139692,173.194.151.108,10.10.0.10,,,443,41505,0,1358,17
1589249358.141324,10.10.0.10,173.194.151.108,,,41505,443,0,37,17
1589249358.1596189,173.194.151.108,10.10.0.10,,,443,41505,0,1358,17
1589249358.179533,173.194.151.108,10.10.0.10,,,443,41505,0,1358,17
1589249358.181342,10.10.0.10,173.194.151.108,,,41505,443,0,37,17
1589249358.1994526,173.194.151.108,10.10.0.10,,,443,41505,0,1358,17
1589249358.219376,173.194.151.108,10.10.0.10,,,443,41505,0,1358,17
1589249358.2210689,10.10.0.10,173.194.151.108,,,41505,443,0,37,17
1589249358.2393012,173.194.151.108,10.10.0.10,,,443,41505,0,1358,17
1589249358.259238,173.194.151.108,10.10.0.10,,,443,41505,0,1358,17
1589249358.263463,10.10.0.10,173.194.151.108,,,41505,443,0,37,17
1589249358.2791376,173.194.151.108,10.10.0.10,,,443,41505,0,1358,17
1589249358.2990599,173.194.151.108,10.10.0.10,,,443,41505,0,1358,17
1589249358.300816,10.10.0.10,173.194.151.108,,,41505,443,0,37,17
1589249358.318988,173.194.151.108,10.10.0.10,,,443,41505,0,1358,17
1589249358.338903,173.194.151.108,10.10.0.10,,,443,41505,0,1358,17
1589249358.340443,10.10.0.10,173.194.151.108,,,41505,443,0,37,17
1589249358.358826,173.194.151.108,10.10.0.10,,,443,41505,0,1358,17
1589249358.378746,173.194.151.108,10.10.0.10,,,443,41505,0,1358,17
1589249358.380557,10.10.0.10,173.194.151.108,,,41505,443,0,50,17
1589249358.398672,173.194.151.108,10.10.0.10,,,443,41505,0,1358,17
1589249358.418608,173.194.151.108,10.10.0.10,,,443,41505,0,1358,17
1589249358.4202151,10.10.0.10,173.194.151.108,,,41505,443,0,37,17
1589249358.4385102,173.194.151.108,10.10.0.10,,,443,41505,0,1358,17
1589249358.45843,173.194.151.108,10.10.0.10,,,443,41505,0,1358,17
1589249358.4604578,10.10.0.10,173.194.151.108,,,41505,443,0,37,17
1589249358.4783492,173.194.151.108,10.10.0.10,,,443,41505,0,1358,17
1589249358.4982738,173.194.151.108,10.10.0.10,,,443,41505,0,29,17
1589249358.499175,173.194.151.108,10.10.0.10,,,443,41505,0,1358,17
1589249358.5006876,10.10.0.10,173.194.151.108,,,41505,443,0,37,17
1589249358.5191119,173.194.151.108,10.10.0.10,,,443,41505,0,1358,17
1589249358.539017,173.194.151.108,10.10.0.10,,,443,41505,0,1358,17
1589249358.5407062,10.10.0.10,173.194.151.108,,,41505,443,0,37,17
1589249358.558942,173.194.151.108,10.10.0.10,,,443,41505,0,1358,17
1589249358.5788612,173.194.151.108,10.10.0.10,,,443,41505,0,1358,17
1589249358.5804348,10.10.0.10,173.194.151.108,,,41505,443,0,37,17
1589249358.5987902,173.194.151.108,10.10.0.10,,,443,41505,0,1358,17
1589249358.6186988,173.194.151.108,10.10.0.10,,,443,41505,0,1358,17
1589249358.620302,10.10.0.10,173.194.151.108,,,41505,443,0,37,17
1589249358.63862,173.194.151.108,10.10.0.10,,,443,41505,0,1358,17
1589249358.6609359,173.194.151.108,10.10.0.10,,,443,41505,0,1358,17
1589249358.6625788,10.10.0.10,173.194.151.108,,,41505,443,0,37,17
1589249358.6808589,173.194.151.108,10.10.0.10,,,443,41505,0,1358,17
1589249358.7007868,173.194.151.108,10.10.0.10,,,443,41505,0,1358,17
1589249358.702312,10.10.0.10,173.194.151.108,,,41505,443,0,37,17
1589249358.720698,173.194.151.108,10.10.0.10,,,443,41505,0,1358,17
1589249358.740618,173.194.151.108,10.10.0.10,,,443,41505,0,1358,17
1589249358.7421868,10.10.0.10,173.194.151.108,,,41505,443,0,37,17
1589249358.760538,173.194.151.108,10.10.0.10,,,443,41505,0,1358,17
1589249358.780462,173.194.151.108,10.10.0.10,,,443,41505,0,1358,17
1589249358.7820554,10.10.0.10,173.194.151.108,,,41505,443,0,37,17
1589249358.8003788,173.194.151.108,10.10.0.10,,,443,41505,0,1358,17
1589249358.8203,173.194.151.108,10.10.0.10,,,443,41505,0,1358,17
1589249358.822025,10.10.0.10,173.194.151.108,,,41505,443,0,37,17
1589249358.840227,173.194.151.108,10.10.0.10,,,443,41505,0,1358,17
1589249358.8601592,173.194.151.108,10.10.0.10,,,443,41505,0,1358,17
1589249358.861927,10.10.0.10,173.194.151.108,,,41505,443,0,37,17
1589249358.880064,173.194.151.108,10.10.0.10,,,443,41505,0,1358,17
1589249358.899991,173.194.151.108,10.10.0.10,,,443,41505,0,1358,17
1589249358.9018009,10.10.0.10,173.194.151.108,,,41505,443,0,37,17
1589249358.9199119,173.194.151.108,10.10.0.10,,,443,41505,0,1358,17
1589249358.939846,173.194.151.108,10.10.0.10,,,443,41505,0,1358,17
1589249358.941799,10.10.0.10,173.194.151.108,,,41505,443,0,37,17
1589249358.9621544,173.194.151.108,10.10.0.10,,,443,41505,0,1358,17
1589249358.982064,173.194.151.108,10.10.0.10,,,443,41505,0,1358,17
1589249358.9838169,10.10.0.10,173.194.151.108,,,41505,443,0,37,17
1589249359.001985,173.194.151.108,10.10.0.10,,,443,41505,0,1358,17
1589249359.0219116,173.194.151.108,10.10.0.10,,,443,41505,0,1358,17
1589249359.023421,10.10.0.10,173.194.151.108,,,41505,443,0,37,17
1589249359.041843,173.194.151.108,10.10.0.10,,,443,41505,0,1358,17
1589249359.0617502,173.194.151.108,10.10.0.10,,,443,41505,0,1358,17
1589249359.063571,10.10.0.10,173.194.151.108,,,41505,443,0,37,17
1589249359.081671,173.194.151.108,10.10.0.10,,,443,41505,0,1358,17
1589249359.101595,173.194.151.108,10.10.0.10,,,443,41505,0,1358,17
1589249359.1033142,10.10.0.10,173.194.151.108,,,41505,443,0,37,17
1589249359.121526,173.194.151.108,10.10.0.10,,,443,41505,0,1358,17
1589249359.141438,173.194.151.108,10.10.0.10,,,443,41505,0,1358,17
1589249359.1441894,10.10.0.10,173.194.151.108,,,41505,443,0,37,17
1589249359.1613572,173.194.151.108,10.10.0.10,,,443,41505,0,1358,17
1589249359.1812801,173.194.151.108,10.10.0.10,,,443,41505,0,1358,17
1589249359.1850624,10.10.0.10,173.194.151.108,,,41505,443,0,50,17
1589249359.201214,173.194.151.108,10.10.0.10,,,443,41505,0,1358,17
1589249359.221121,173.194.151.108,10.10.0.10,,,443,41505,0,1358,17
1589249359.2410429,173.194.151.108,10.10.0.10,,,443,41505,0,1358,17
1589249359.250041,10.10.0.10,173.194.151.108,,,41505,443,0,37,17
1589249359.2633538,173.194.151.108,10.10.0.10,,,443,41505,0,1358,17
1589249359.265038,10.10.0.10,173.194.151.108,,,41505,443,0,37,17
1589249359.283277,173.194.151.108,10.10.0.10,,,443,41505,0,29,17
1589249359.284181,173.194.151.108,10.10.0.10,,,443,41505,0,1358,17
1589249359.3040988,173.194.151.108,10.10.0.10,,,443,41505,0,1358,17
1589249359.3057802,10.10.0.10,173.194.151.108,,,41505,443,0,37,17
1589249359.3240151,173.194.151.108,10.10.0.10,,,443,41505,0,1358,17
1589249359.3439386,173.194.151.108,10.10.0.10,,,443,41505,0,1358,17
1589249359.3458061,10.10.0.10,173.194.151.108,,,41505,443,0,37,17
1589249359.363863,173.194.151.108,10.10.0.10,,,443,41505,0,1358,17
1589249359.383785,173.194.151.108,10.10.0.10,,,443,41505,0,1358,17
1589249359.38568,10.10.0.10,173.194.151.108,,,41505,443,0,37,17
1589249359.4037054,173.194.151.108,10.10.0.10,,,443,41505,0,1358,17
1589249359.42364,173.194.151.108,10.10.0.10,,,443,41505,0,1358,17
1589249359.4256651,10.10.0.10,173.194.151.108,,,41505,443,0,37,17
1589249359.44355,173.194.151.108,10.10.0.10,,,443,41505,0,1358,17
1589249359.463468,173.194.151.108,10.10.0.10,,,443,41505,0,1358,17
1589249359.465158,10.10.0.10,173.194.151.108,,,41505,443,0,37,17
1589249359.48339,173.194.151.108,10.10.0.10,,,443,41505,0,1358,17
1589249359.5033276,173.194.151.108,10.10.0.10,,,443,41505,0,1358,17
1589249359.5051491,10.10.0.10,173.194.151.108,,,41505,443,0,37,17
1589249359.5232358,173.194.151.108,10.10.0.10,,,443,41505,0,1358,17
1589249359.5431561,173.194.151.108,10.10.0.10,,,443,41505,0,1358,17
1589249359.5450509,10.10.0.10,173.194.151.108,,,41505,443,0,37,17
1589249359.5630786,173.194.151.108,10.10.0.10,,,443,41505,0,1358,17
1589249359.583011,173.194.151.108,10.10.0.10,,,443,41505,0,1358,17
1589249359.58503,10.10.0.10,173.194.151.108,,,41505,443,0,37,17
1589249359.6029189,173.194.151.108,10.10.0.10,,,443,41505,0,1358,17
1589249359.62284,173.194.151.108,10.10.0.10,,,443,41505,0,1358,17
1589249359.6244106,10.10.0.10,173.194.151.108,,,41505,443,0,37,17
1589249359.642764,173.194.151.108,10.10.0.10,,,443,41505,0,1358,17
1589249359.662698,173.194.151.108,10.10.0.10,,,443,41505,0,1358,17
1589249359.6642802,10.10.0.10,173.194.151.108,,,41505,443,0,37,17
1589249359.682601,173.194.151.108,10.10.0.10,,,443,41505,0,1358,17
1589249359.7025251,173.194.151.108,10.10.0.10,,,443,41505,0,1358,17
1589249359.7069206,10.10.0.10,173.194.151.108,,,41505,443,0,37,17
1589249359.722448,173.194.151.108,10.10.0.10,,,443,41505,0,1358,17
1589249359.742381,173.194.151.108,10.10.0.10,,,443,41505,0,1358,17
1589249359.74955,10.10.0.10,173.194.151.108,,,41505,443,0,37,17
1589249359.7622876,173.194.151.108,10.10.0.10,,,443,41505,0,1358,17
1589249359.782208,173.194.151.108,10.10.0.10,,,443,41505,0,1358,17
1589249359.7845519,10.10.0.10,173.194.151.108,,,41505,443,0,37,17
1589249359.80213,173.194.151.108,10.10.0.10,,,443,41505,0,1358,17
1589249359.822046,173.194.151.108,10.10.0.10,,,443,41505,0,1358,17
1589249359.825649,10.10.0.10,173.194.151.108,,,41505,443,0,37,17
1589249359.841974,173.194.151.108,10.10.0.10,,,443,41505,0,1358,17
1589249359.8618932,173.194.151.108,10.10.0.10,,,443,41505,0,1358,17
1589249359.8636382,10.10.0.10,173.194.151.108,,,41505,443,0,37,17
1589249359.8818188,173.194.151.108,10.10.0.10,,,443,41505,0,1358,17
1589249359.901751,173.194.151.108,10.10.0.10,,,443,41505,0,1358,17
1589249359.903645,10.10.0.10,173.194.151.108,,,41505,443,0,37,17
1589249359.921659,173.194.151.108,10.10.0.10,,,443,41505,0,1358,17
1589249359.94158,173.194.151.108,10.10.0.10,,,443,41505,0,1358,17
1589249359.943919,10.10.0.10,173.194.151.108,,,41505,443,0,37,17
1589249359.9615052,173.194.151.108,10.10.0.10,,,443,41505,0,1358,17
1589249359.98144,173.194.151.108,10.10.0.10,,,443,41505,0,1358,17
1589249359.984042,10.10.0.10,173.194.151.108,,,41505,443,0,50,17
1589249360.001344,173.194.151.108,10.10.0.10,,,443,41505,0,1358,17
1589249360.021265,173.194.151.108,10.10.0.10,,,443,41505,0,1358,17
1589249360.0228932,10.10.0.10,173.194.151.108,,,41505,443,0,37,17
1589249360.0411878,173.194.151.108,10.10.0.10,,,443,41505,0,1358,17
1589249360.0611188,173.194.151.108,10.10.0.10,,,443,41505,0,1358,17
1589249360.062784,10.10.0.10,173.194.151.108,,,41505,443,0,37,17
1589249360.0810294,173.194.151.108,10.10.0.10,,,443,41505,0,1358,17
1589249360.100949,173.194.151.108,10.10.0.10,,,443,41505,0,29,17
1589249360.101857,173.194.151.108,10.10.0.10,,,443,41505,0,1358,17
1589249360.104639,10.10.0.10,173.194.151.108,,,41505,443,0,37,17
1589249360.121768,173.194.151.108,10.10.0.10,,,443,41505,0,1358,17
1589249360.1416929,173.194.151.108,10.10.0.10,,,443,41505,0,1358,17
1589249360.143263,10.10.0.10,173.194.151.108,,,41505,443,0,37,17
1589249360.16162,173.194.151.108,10.10.0.10,,,443,41505,0,1358,17
1589249360.1815572,173.194.151.108,10.10.0.10,,,443,41505,0,1358,17
1589249360.1834118,10.10.0.10,173.194.151.108,,,41505,443,0,37,17
1589249360.201457,173.194.151.108,10.10.0.10,,,443,41505,0,1358,17
1589249360.2213798,173.194.151.108,10.10.0.10,,,443,41505,0,1358,17
1589249360.2231555,10.10.0.10,173.194.151.108,,,41505,443,0,37,17
1589249360.2413092,173.194.151.108,10.10.0.10,,,443,41505,0,1358,17
1589249360.2612221,173.194.151.108,10.10.0.10,,,443,41505,0,1358,17
1589249360.26301,10.10.0.10,173.194.151.108,,,41505,443,0,37,17
1589249360.281143,173.194.151.108,10.10.0.10,,,443,41505,0,1358,17
1589249360.301066,173.194.151.108,10.10.0.10,,,443,41505,0,1358,17
1589249360.3027751,10.10.0.10,173.194.151.108,,,41505,443,0,37,17
1589249360.320992,173.194.151.108,10.10.0.10,,,443,41505,0,1358,17
1589249360.3409252,173.194.151.108,10.10.0.10,,,443,41505,0,1358,17
1589249360.342638,10.10.0.10,173.194.151.108,,,41505,443,0,37,17
1589249360.360827,173.194.151.108,10.10.0.10,,,443,41505,0,1358,17
1589249360.3807502,173.194.151.108,10.10.0.10,,,443,41505,0,1358,17
1589249360.382392,10.10.0.10,173.194.151.108,,,41505,443,0,37,17
1589249360.4006786,173.194.151.108,10.10.0.10,,,443,41505,0,1358,17
1589249360.420593,173.194.151.108,10.10.0.10,,,443,41505,0,1358,17
1589249360.4223802,10.10.0.10,173.194.151.108,,,41505,443,0,37,17
1589249360.4405134,173.194.151.108,10.10.0.10,,,443,41505,0,1358,17
1589249360.460438,173.194.151.108,10.10.0.10,,,443,41505,0,1358,17
1589249360.462151,10.10.0.10,173.194.151.108,,,41505,443,0,37,17
1589249360.4803634,173.194.151.108,10.10.0.10,,,443,41505,0,1358,17
1589249360.500299,173.194.151.108,10.10.0.10,,,443,41505,0,1358,17
1589249360.5201972,173.194.151.108,10.10.0.10,,,443,41505,0,1358,17
1589249360.527526,10.10.0.10,173.194.151.108,,,41505,443,0,37,17
1589249360.540119,173.194.151.108,10.10.0.10,,,443,41505,0,1358,17
1589249360.541906,10.10.0.10,173.194.151.108,,,41505,443,0,37,17
1589249360.56005,173.194.151.108,10.10.0.10,,,443,41505,0,1358,17
1589249360.579957,173.194.151.108,10.10.0.10,,,443,41505,0,1358,17
1589249360.5817509,10.10.0.10,173.194.151.108,,,41505,443,0,37,17
1589249360.5998864,173.194.151.108,10.10.0.10,,,443,41505,0,1358,17
1589249360.619804,173.194.151.108,10.10.0.10,,,443,41505,0,1358,17
1589249360.621871,10.10.0.10,173.194.151.108,,,41505,443,0,37,17
1589249360.639734,173.194.151.108,10.10.0.10,,,443,41505,0,1358,17
1589249360.6596675,173.194.151.108,10.10.0.10,,,443,41505,0,1358,17
1589249360.661781,10.10.0.10,173.194.151.108,,,41505,443,0,37,17
1589249360.6795642,173.194.151.108,10.10.0.10,,,443,41505,0,1358,17
1589249360.699486,173.194.151.108,10.10.0.10,,,443,41505,0,1358,17
1589249360.701518,10.10.0.10,173.194.151.108,,,41505,443,0,37,17
1589249360.719408,173.194.151.108,10.10.0.10,,,443,41505,0,1358,17
1589249360.7393286,173.194.151.108,10.10.0.10,,,443,41505,0,1358,17
1589249360.741097,10.10.0.10,173.194.151.108,,,41505,443,0,37,17
1589249360.7607286,173.194.151.108,10.10.0.10,,,443,41505,0,1358,17
1589249360.7806532,173.194.151.108,10.10.0.10,,,443,41505,0,1358,17
1589249360.7843714,10.10.0.10,173.194.151.108,,,41505,443,0,50,17
1589249360.80057,173.194.151.108,10.10.0.10,,,443,41505,0,1358,17
1589249360.820488,173.194.151.108,10.10.0.10,,,443,41505,0,1358,17
1589249360.82287,10.10.0.10,173.194.151.108,,,41505,443,0,37,17
1589249360.840409,173.194.151.108,10.10.0.10,,,443,41505,0,1358,17
1589249360.860351,173.194.151.108,10.10.0.10,,,443,41505,0,1358,17
1589249360.861868,10.10.0.10,173.194.151.108,,,41505,443,0,37,17
1589249360.88025,173.194.151.108,10.10.0.10,,,443,41505,0,1358,17
1589249360.90018,173.194.151.108,10.10.0.10,,,443,41505,0,1358,17
1589249360.901992,10.10.0.10,173.194.151.108,,,41505,443,0,37,17
1589249360.9200995,173.194.151.108,10.10.0.10,,,443,41505,0,1358,17
1589249360.9400358,173.194.151.108,10.10.0.10,,,443,41505,0,1358,17
1589249360.9421318,10.10.0.10,173.194.151.108,,,41505,443,0,37,17
1589249360.9599464,173.194.151.108,10.10.0.10,,,443,41505,0,1358,17
1589249360.9798589,173.194.151.108,10.10.0.10,,,443,41505,0,1358,17
1589249360.982858,10.10.0.10,173.194.151.108,,,41505,443,0,37,17
1589249360.9997892,173.194.151.108,10.10.0.10,,,443,41505,0,1358,17
1589249361.0197182,173.194.151.108,10.10.0.10,,,443,41505,0,1358,17
1589249361.021369,10.10.0.10,173.194.151.108,,,41505,443,0,37,17
1589249361.0396268,173.194.151.108,10.10.0.10,,,443,41505,0,1358,17
1589249361.0595481,173.194.151.108,10.10.0.10,,,443,41505,0,1358,17
1589249361.061112,10.10.0.10,173.194.151.108,,,41505,443,0,37,17
1589249361.0794704,173.194.151.108,10.10.0.10,,,443,41505,0,1358,17
1589249361.099407,173.194.151.108,10.10.0.10,,,443,41505,0,1358,17
1589249361.1012552,10.10.0.10,173.194.151.108,,,41505,443,0,37,17
1589249361.1193109,173.194.151.108,10.10.0.10,,,443,41505,0,1358,17
1589249361.139231,173.194.151.108,10.10.0.10,,,443,41505,0,1358,17
1589249361.1411312,10.10.0.10,173.194.151.108,,,41505,443,0,37,17
1589249361.159157,173.194.151.108,10.10.0.10,,,443,41505,0,1358,17
1589249361.179091,173.194.151.108,10.10.0.10,,,443,41505,0,1358,17
1589249361.180984,10.10.0.10,173.194.151.108,,,41505,443,0,37,17
1589249361.198999,173.194.151.108,10.10.0.10,,,443,41505,0,1358,17
1589249361.218916,173.194.151.108,10.10.0.10,,,443,41505,0,1358,17
1589249361.220734,10.10.0.10,173.194.151.108,,,41505,443,0,37,17
1589249361.238842,173.194.151.108,10.10.0.10,,,443,41505,0,1358,17
1589249361.258776,173.194.151.108,10.10.0.10,,,443,41505,0,1358,17
1589249361.2606118,10.10.0.10,173.194.151.108,,,41505,443,0,37,17
1589249361.27868,173.194.151.108,10.10.0.10,,,443,41505,0,1358,17
1589249361.2986028,173.194.151.108,10.10.0.10,,,443,41505,0,1358,17
1589249361.300605,10.10.0.10,173.194.151.108,,,41505,443,0,37,17
1589249361.318527,173.194.151.108,10.10.0.10,,,443,41505,0,1358,17
1589249361.3384588,173.194.151.108,10.10.0.10,,,443,41505,0,1358,17
1589249361.340223,10.10.0.10,173.194.151.108,,,41505,443,0,37,17
1589249361.358367,173.194.151.108,10.10.0.10,,,443,41505,0,1358,17
1589249361.378288,173.194.151.108,10.10.0.10,,,443,41505,0,1358,17
1589249361.3799732,10.10.0.10,173.194.151.108,,,41505,443,0,37,17
1589249361.3982098,173.194.151.108,10.10.0.10,,,443,41505,0,1358,17
1589249361.4181461,173.194.151.108,10.10.0.10,,,443,41505,0,1358,17
1589249361.4198508,10.10.0.10,173.194.151.108,,,41505,443,0,37,17
1589249361.438051,173.194.151.108,10.10.0.10,,,443,41505,0,1358,17
1589249361.4579716,173.194.151.108,10.10.0.10,,,443,41505,0,1358,17
1589249361.4598498,10.10.0.10,173.194.151.108,,,41505,443,0,37,17
1589249361.4779012,173.194.151.108,10.10.0.10,,,443,41505,0,1358,17
1589249361.4978132,173.194.151.108,10.10.0.10,,,443,41505,0,1358,17
1589249361.5004988,10.10.0.10,173.194.151.108,,,41505,443,0,37,17
1589249361.517735,173.194.151.108,10.10.0.10,,,443,41505,0,1358,17
1589249361.5376518,173.194.151.108,10.10.0.10,,,443,41505,0,1358,17
1589249361.539494,10.10.0.10,173.194.151.108,,,41505,443,0,37,17
1589249361.5575812,173.194.151.108,10.10.0.10,,,443,41505,0,1358,17
1589249361.577516,173.194.151.108,10.10.0.10,,,443,41505,0,1358,17
1589249361.579221,10.10.0.10,173.194.151.108,,,41505,443,0,50,17
1589249361.5974221,173.194.151.108,10.10.0.10,,,443,41505,0,1358,17
1589249361.617344,173.194.151.108,10.10.0.10,,,443,41505,0,1358,17
1589249361.6189902,10.10.0.10,173.194.151.108,,,41505,443,0,37,17
1589249361.637264,173.194.151.108,10.10.0.10,,,443,41505,0,1358,17
1589249361.657184,173.194.151.108,10.10.0.10,,,443,41505,0,1358,17
1589249361.659846,10.10.0.10,173.194.151.108,,,41505,443,0,37,17
1589249361.677113,173.194.151.108,10.10.0.10,,,443,41505,0,1358,17
1589249361.697034,173.194.151.108,10.10.0.10,,,443,41505,0,1358,17
1589249361.698952,10.10.0.10,173.194.151.108,,,41505,443,0,37,17
1589249361.7169492,173.194.151.108,10.10.0.10,,,443,41505,0,29,17
1589249361.7178452,173.194.151.108,10.10.0.10,,,443,41505,0,1358,17
1589249361.7377722,173.194.151.108,10.10.0.10,,,443,41505,0,1358,17
1589249361.739594,10.10.0.10,173.194.151.108,,,41505,443,0,37,17
1589249361.757691,173.194.151.108,10.10.0.10,,,443,41505,0,1358,17
1589249361.777614,173.194.151.108,10.10.0.10,,,443,41505,0,1358,17
1589249361.797536,173.194.151.108,10.10.0.10,,,443,41505,0,1358,17
1589249361.806488,10.10.0.10,173.194.151.108,,,41505,443,0,37,17
1589249361.8174589,173.194.151.108,10.10.0.10,,,443,41505,0,1358,17
1589249361.8190901,10.10.0.10,173.194.151.108,,,41505,443,0,37,17
1589249361.8373902,173.194.151.108,10.10.0.10,,,443,41505,0,1358,17
1589249361.8573012,173.194.151.108,10.10.0.10,,,443,41505,0,1358,17
1589249361.8591108,10.10.0.10,173.194.151.108,,,41505,443,0,37,17
1589249361.877222,173.194.151.108,10.10.0.10,,,443,41505,0,1358,17
1589249361.8971431,173.194.151.108,10.10.0.10,,,443,41505,0,1358,17
1589249361.899483,10.10.0.10,173.194.151.108,,,41505,443,0,37,17
1589249361.9170704,173.194.151.108,10.10.0.10,,,443,41505,0,1358,17
1589249361.937008,173.194.151.108,10.10.0.10,,,443,41505,0,1358,17
1589249361.938587,10.10.0.10,173.194.151.108,,,41505,443,0,37,17
1589249361.9569082,173.194.151.108,10.10.0.10,,,443,41505,0,1358,17
1589249361.97683,173.194.151.108,10.10.0.10,,,443,41505,0,1358,17
1589249361.9787102,10.10.0.10,173.194.151.108,,,41505,443,0,37,17
1589249361.99675,173.194.151.108,10.10.0.10,,,443,41505,0,1358,17
1589249362.0166724,173.194.151.108,10.10.0.10,,,443,41505,0,1358,17
1589249362.0182161,10.10.0.10,173.194.151.108,,,41505,443,0,37,17
1589249362.036592,173.194.151.108,10.10.0.10,,,443,41505,0,1358,17
1589249362.056514,173.194.151.108,10.10.0.10,,,443,41505,0,1358,17
1589249362.058353,10.10.0.10,173.194.151.108,,,41505,443,0,37,17
1589249362.076442,173.194.151.108,10.10.0.10,,,443,41505,0,1358,17
1589249362.096368,173.194.151.108,10.10.0.10,,,443,41505,0,1358,17
1589249362.0982275,10.10.0.10,173.194.151.108,,,41505,443,0,37,17
1589249362.1162796,173.194.151.108,10.10.0.10,,,443,41505,0,1358,17
1589249362.136201,173.194.151.108,10.10.0.10,,,443,41505,0,1358,17
1589249362.138082,10.10.0.10,173.194.151.108,,,41505,443,0,37,17
1589249362.1561306,173.194.151.108,10.10.0.10,,,443,41505,0,1358,17
1589249362.1760588,173.194.151.108,10.10.0.10,,,443,41505,0,1358,17
1589249362.17785,10.10.0.10,173.194.151.108,,,41505,443,0,37,17
1589249362.195959,173.194.151.108,10.10.0.10,,,443,41505,0,1358,17
1589249362.215888,173.194.151.108,10.10.0.10,,,443,41505,0,1358,17
1589249362.217584,10.10.0.10,173.194.151.108,,,41505,443,0,37,17
1589249362.235812,173.194.151.108,10.10.0.10,,,443,41505,0,1358,17
1589249362.2557206,173.194.151.108,10.10.0.10,,,443,41505,0,1358,17
1589249362.257473,10.10.0.10,173.194.151.108,,,41505,443,0,37,17
1589249362.2756472,173.194.151.108,10.10.0.10,,,443,41505,0,1358,17
1589249362.295569,173.194.151.108,10.10.0.10,,,443,41505,0,1358,17
1589249362.2973502,10.10.0.10,173.194.151.108,,,41505,443,0,37,17
1589249362.3155005,173.194.151.108,10.10.0.10,,,443,41505,0,1358,17
1589249362.3354108,173.194.151.108,10.10.0.10,,,443,41505,0,1358,17
1589249362.336951,10.10.0.10,173.194.151.108,,,41505,443,0,37,17
1589249362.355333,173.194.151.108,10.10.0.10,,,443,41505,0,1358,17
1589249362.3752534,173.194.151.108,10.10.0.10,,,443,41505,0,1358,17
1589249362.3778439,10.10.0.10,173.194.151.108,,,41505,443,0,50,17
1589249362.3951812,173.194.151.108,10.10.0.10,,,443,41505,0,1358,17
1589249362.415118,173.194.151.108,10.10.0.10,,,443,41505,0,1358,17
1589249362.416844,10.10.0.10,173.194.151.108,,,41505,443,0,37,17
1589249362.435016,173.194.151.108,10.10.0.10,,,443,41505,0,1358,17
1589249362.4549394,173.194.151.108,10.10.0.10,,,443,41505,0,1358,17
1589249362.456592,10.10.0.10,173.194.151.108,,,41505,443,0,37,17
1589249362.474869,173.194.151.108,10.10.0.10,,,443,41505,0,1358,17
1589249362.494781,173.194.151.108,10.10.0.10,,,443,41505,0,1358,17
1589249362.496439,10.10.0.10,173.194.151.108,,,41505,443,0,37,17
1589249362.514703,173.194.151.108,10.10.0.10,,,443,41505,0,1358,17
1589249362.5346231,173.194.151.108,10.10.0.10,,,443,41505,0,29,17
1589249362.535526,173.194.151.108,10.10.0.10,,,443,41505,0,1358,17
1589249362.5370884,10.10.0.10,173.194.151.108,,,41505,443,0,37,17
1589249362.555447,173.194.151.108,10.10.0.10,,,443,41505,0,1358,17
1589249362.575368,173.194.151.108,10.10.0.10,,,443,41505,0,1358,17
1589249362.578946,10.10.0.10,173.194.151.108,,,41505,443,0,37,17
1589249362.5952866,173.194.151.108,10.10.0.10,,,443,41505,0,1358,17
1589249362.6152108,173.194.151.108,10.10.0.10,,,443,41505,0,1358,17
1589249362.61709,10.10.0.10,173.194.151.108,,,41505,443,0,37,17
1589249362.635128,173.194.151.108,10.10.0.10,,,443,41505,0,1358,17
1589249362.655055,173.194.151.108,10.10.0.10,,,443,41505,0,1358,17
1589249362.6567106,10.10.0.10,173.194.151.108,,,41505,443,0,37,17
1589249362.6749706,173.194.151.108,10.10.0.10,,,443,41505,0,1358,17
1589249362.6948938,173.194.151.108,10.10.0.10,,,443,41505,0,1358,17
1589249362.696559,10.10.0.10,173.194.151.108,,,41505,443,0,37,17
1589249362.714819,173.194.151.108,10.10.0.10,,,443,41505,0,1358,17
1589249362.734735,173.194.151.108,10.10.0.10,,,443,41505,0,1358,17
1589249362.736441,10.10.0.10,173.194.151.108,,,41505,443,0,37,17
1589249362.754671,173.194.151.108,10.10.0.10,,,443,41505,0,1358,17
1589249362.774577,173.194.151.108,10.10.0.10,,,443,41505,0,1358,17
1589249362.776208,10.10.0.10,173.194.151.108,,,41505,443,0,37,17
1589249362.794498,173.194.151.108,10.10.0.10,,,443,41505,0,1358,17
1589249362.814425,173.194.151.108,10.10.0.10,,,443,41505,0,1358,17
1589249362.816207,10.10.0.10,173.194.151.108,,,41505,443,0,37,17
1589249362.83435,173.194.151.108,10.10.0.10,,,443,41505,0,1358,17
1589249362.854267,173.194.151.108,10.10.0.10,,,443,41505,0,1358,17
1589249362.8560605,10.10.0.10,173.194.151.108,,,41505,443,0,37,17
1589249362.874187,173.194.151.108,10.10.0.10,,,443,41505,0,1358,17
1589249362.894115,173.194.151.108,10.10.0.10,,,443,41505,0,1358,17
1589249362.8957038,10.10.0.10,173.194.151.108,,,41505,443,0,37,17
1589249362.914042,173.194.151.108,10.10.0.10,,,443,41505,0,1358,17
1589249362.9339464,173.194.151.108,10.10.0.10,,,443,41505,0,1358,17
1589249362.935434,10.10.0.10,173.194.151.108,,,41505,443,0,37,17
1589249362.9538682,173.194.151.108,10.10.0.10,,,443,41505,0,1358,17
1589249362.973793,173.194.151.108,10.10.0.10,,,443,41505,0,1358,17
1589249362.9755368,10.10.0.10,173.194.151.108,,,41505,443,0,37,17
1589249362.986663,173.194.151.108,10.10.0.10,,,443,41505,0,1358,17
1589249362.9995134,173.194.151.108,10.10.0.10,,,443,41505,0,1358,17
1589249363.001182,10.10.0.10,173.194.151.108,,,41505,443,0,37,17
1589249363.012367,173.194.151.108,10.10.0.10,,,443,41505,0,1358,17
1589249363.025232,173.194.151.108,10.10.0.10,,,443,41505,0,1358,17
1589249363.0275805,10.10.0.10,173.194.151.108,,,41505,443,0,37,17
1589249363.038106,173.194.151.108,10.10.0.10,,,443,41505,0,1358,17
1589249363.050949,173.194.151.108,10.10.0.10,,,443,41505,0,1358,17
1589249363.052681,10.10.0.10,173.194.151.108,,,41505,443,0,37,17
1589249363.063809,173.194.151.108,10.10.0.10,,,443,41505,0,1358,17
1589249363.0766685,173.194.151.108,10.10.0.10,,,443,41505,0,1358,17
1589249363.078576,10.10.0.10,173.194.151.108,,,41505,443,0,37,17
1589249363.089536,173.194.151.108,10.10.0.10,,,443,41505,0,1358,17
1589249363.102386,173.194.151.108,10.10.0.10,,,443,41505,0,1358,17
1589249363.10445,10.10.0.10,173.194.151.108,,,41505,443,0,50,17
1589249363.1152446,173.194.151.108,10.10.0.10,,,443,41505,0,1358,17
1589249363.1281052,173.194.151.108,10.10.0.10,,,443,41505,0,1358,17
1589249363.129822,10.10.0.10,173.194.151.108,,,41505,443,0,37,17
1589249363.140976,173.194.151.108,10.10.0.10,,,443,41505,0,1358,17
1589249363.1538212,173.194.151.108,10.10.0.10,,,443,41505,0,29,17
1589249363.1544142,173.194.151.108,10.10.0.10,,,443,41505,0,1358,17
1589249363.1559331,10.10.0.10,173.194.151.108,,,41505,443,0,37,17
1589249363.167264,173.194.151.108,10.10.0.10,,,443,41505,0,1358,17
1589249363.1801224,173.194.151.108,10.10.0.10,,,443,41505,0,1358,17
1589249363.181802,10.10.0.10,173.194.151.108,,,41505,443,0,37,17
1589249363.1929822,173.194.151.108,10.10.0.10,,,443,41505,0,1358,17
1589249363.20585,173.194.151.108,10.10.0.10,,,443,41505,0,1358,17
1589249363.207695,10.10.0.10,173.194.151.108,,,41505,443,0,37,17
1589249363.21872,173.194.151.108,10.10.0.10,,,443,41505,0,1358,17
1589249363.2315571,173.194.151.108,10.10.0.10,,,443,41505,0,1358,17
1589249363.2341928,10.10.0.10,173.194.151.108,,,41505,443,0,37,17
1589249363.244417,173.194.151.108,10.10.0.10,,,443,41505,0,1358,17
1589249363.257282,173.194.151.108,10.10.0.10,,,443,41505,0,1358,17
1589249363.2589262,10.10.0.10,173.194.151.108,,,41505,443,0,37,17
1589249363.2701359,173.194.151.108,10.10.0.10,,,443,41505,0,1358,17
1589249363.282994,173.194.151.108,10.10.0.10,,,443,41505,0,1358,17
1589249363.2858202,10.10.0.10,173.194.151.108,,,41505,443,0,37,17
1589249363.29585,173.194.151.108,10.10.0.10,,,443,41505,0,1358,17
1589249363.308722,173.194.151.108,10.10.0.10,,,443,41505,0,1358,17
1589249363.3102891,10.10.0.10,173.194.151.108,,,41505,443,0,37,17
1589249363.3215911,173.194.151.108,10.10.0.10,,,443,41505,0,1358,17
1589249363.3344321,173.194.151.108,10.10.0.10,,,443,41505,0,1358,17
1589249363.336192,10.10.0.10,173.194.151.108,,,41505,443,0,37,17
1589249363.3472922,173.194.151.108,10.10.0.10,,,443,41505,0,1358,17
1589249363.360154,173.194.151.108,10.10.0.10,,,443,41505,0,1358,17
1589249363.361921,10.10.0.10,173.194.151.108,,,41505,443,0,37,17
1589249363.3730106,173.194.151.108,10.10.0.10,,,443,41505,0,1358,17
1589249363.385869,173.194.151.108,10.10.0.10,,,443,41505,0,1358,17
1589249363.3875642,10.10.0.10,173.194.151.108,,,41505,443,0,37,17
1589249363.398727,173.194.151.108,10.10.0.10,,,443,41505,0,1358,17
1589249363.411594,173.194.151.108,10.10.0.10,,,443,41505,0,1358,17
1589249363.413438,10.10.0.10,173.194.151.108,,,41505,443,0,37,17
1589249363.424449,173.194.151.108,10.10.0.10,,,443,41505,0,1358,17
1589249363.4373028,173.194.151.108,10.10.0.10,,,443,41505,0,1358,17
1589249363.4390619,10.10.0.10,173.194.151.108,,,41505,443,0,37,17
1589249363.4501634,173.194.151.108,10.10.0.10,,,443,41505,0,1358,17
1589249363.4630258,173.194.151.108,10.10.0.10,,,443,41505,0,1358,17
1589249363.4650578,10.10.0.10,173.194.151.108,,,41505,443,0,37,17
1589249363.475898,173.194.151.108,10.10.0.10,,,443,41505,0,1358,17
1589249363.4887395,173.194.151.108,10.10.0.10,,,443,41505,0,1358,17
1589249363.490437,10.10.0.10,173.194.151.108,,,41505,443,0,37,17
1589249363.501599,173.194.151.108,10.10.0.10,,,443,41505,0,1358,17
1589249363.5144649,173.194.151.108,10.10.0.10,,,443,41505,0,1358,17
1589249363.516166,10.10.0.10,173.194.151.108,,,41505,443,0,37,17
1589249363.5273368,173.194.151.108,10.10.0.10,,,443,41505,0,1358,17
1589249363.5401769,173.194.151.108,10.10.0.10,,,443,41505,0,1358,17
1589249363.54206,10.10.0.10,173.194.151.108,,,41505,443,0,37,17
1589249363.5530362,173.194.151.108,10.10.0.10,,,443,41505,0,1358,17
1589249363.5658882,173.194.151.108,10.10.0.10,,,443,41505,0,1358,17
1589249363.56891,10.10.0.10,173.194.151.108,,,41505,443,0,37,17
1589249363.578753,173.194.151.108,10.10.0.10,,,443,41505,0,1358,17
1589249363.591614,173.194.151.108,10.10.0.10,,,443,41505,0,1358,17
1589249363.5936818,10.10.0.10,173.194.151.108,,,41505,443,0,37,17
1589249363.60447,173.194.151.108,10.10.0.10,,,443,41505,0,1358,17
1589249363.617329,173.194.151.108,10.10.0.10,,,443,41505,0,1358,17
1589249363.6192925,10.10.0.10,173.194.151.108,,,41505,443,0,50,17
1589249363.630208,173.194.151.108,10.10.0.10,,,443,41505,0,1358,17
1589249363.643049,173.194.151.108,10.10.0.10,,,443,41505,0,1358,17
1589249363.6446474,10.10.0.10,173.194.151.108,,,41505,443,0,37,17
1589249363.655918,173.194.151.108,10.10.0.10,,,443,41505,0,1358,17
1589249363.668764,173.194.151.108,10.10.0.10,,,443,41505,0,1358,17
1589249363.6704998,10.10.0.10,173.194.151.108,,,41505,443,0,37,17
1589249363.681631,173.194.151.108,10.10.0.10,,,443,41505,0,1358,17
1589249363.694486,173.194.151.108,10.10.0.10,,,443,41505,0,1358,17
1589249363.6961641,10.10.0.10,173.194.151.108,,,41505,443,0,37,17
1589249363.707342,173.194.151.108,10.10.0.10,,,443,41505,0,1358,17
1589249363.7201982,173.194.151.108,10.10.0.10,,,443,41505,0,1358,17
1589249363.721786,10.10.0.10,173.194.151.108,,,41505,443,0,37,17
1589249363.733079,173.194.151.108,10.10.0.10,,,443,41505,0,1358,17
1589249363.745929,173.194.151.108,10.10.0.10,,,443,41505,0,1358,17
1589249363.747399,10.10.0.10,173.194.151.108,,,41505,443,0,37,17
1589249363.7587812,173.194.151.108,10.10.0.10,,,443,41505,0,29,17
1589249363.7593699,173.194.151.108,10.10.0.10,,,443,41505,0,1358,17
1589249363.772222,173.194.151.108,10.10.0.10,,,443,41505,0,1358,17
1589249363.773909,10.10.0.10,173.194.151.108,,,41505,443,0,37,17
1589249363.785082,173.194.151.108,10.10.0.10,,,443,41505,0,1358,17
1589249363.7979558,173.194.151.108,10.10.0.10,,,443,41505,0,1358,17
1589249363.7995331,10.10.0.10,173.194.151.108,,,41505,443,0,37,17
1589249363.810807,173.194.151.108,10.10.0.10,,,443,41505,0,1358,17
1589249363.8236618,173.194.151.108,10.10.0.10,,,443,41505,0,1358,17
1589249363.825409,10.10.0.10,173.194.151.108,,,41505,443,0,37,17
1589249363.836518,173.194.151.108,10.10.0.10,,,443,41505,0,1358,17
1589249363.8493881,173.194.151.108,10.10.0.10,,,443,41505,0,312,17
1589249363.8513012,10.10.0.10,173.194.151.108,,,41505,443,0,37,17
1589249363.8697839,10.10.0.10,173.194.151.108,,,41505,443,0,722,17
1589249363.870425,10.10.0.10,173.194.151.108,,,41505,443,0,48,17
1589249363.874558,173.194.151.108,10.10.0.10,,,443,41505,0,29,17
1589249363.8760116,173.194.151.108,10.10.0.10,,,443,41505,0,1358,17
1589249363.876048,173.194.151.108,10.10.0.10,,,443,41505,0,1358,17
1589249363.8815491,10.10.0.10,173.194.151.108,,,41505,443,0,37,17
1589249363.886961,173.194.151.108,10.10.0.10,,,443,41505,0,1358,17
1589249363.8965251,10.10.0.10,173.194.151.108,,,41505,443,0,730,17
1589249363.896908,10.10.0.10,173.194.151.108,,,41505,443,0,48,17
1589249363.8998141,173.194.151.108,10.10.0.10,,,443,41505,0,1358,17
1589249363.912699,173.194.151.108,10.10.0.10,,,443,41505,0,1358,17
1589249363.914655,10.10.0.10,173.194.151.108,,,41505,443,0,37,17
1589249363.9255366,173.194.151.108,10.10.0.10,,,443,41505,0,1358,17
1589249363.9383972,173.194.151.108,10.10.0.10,,,443,41505,0,1358,17
1589249363.940031,10.10.0.10,173.194.151.108,,,41505,443,0,37,17
1589249363.9512599,173.194.151.108,10.10.0.10,,,443,41505,0,1358,17
1589249363.964117,173.194.151.108,10.10.0.10,,,443,41505,0,1358,17
1589249363.965672,10.10.0.10,173.194.151.108,,,41505,443,0,37,17
1589249363.976976,173.194.151.108,10.10.0.10,,,443,41505,0,1358,17
1589249363.9898329,173.194.151.108,10.10.0.10,,,443,41505,0,1358,17
1589249363.991778,10.10.0.10,173.194.151.108,,,41505,443,0,37,17
1589249364.002701,173.194.151.108,10.10.0.10,,,443,41505,0,1358,17
1589249364.0155716,173.194.151.108,10.10.0.10,,,443,41505,0,1358,17
1589249364.0172932,10.10.0.10,173.194.151.108,,,41505,443,0,37,17
1589249364.028411,173.194.151.108,10.10.0.10,,,443,41505,0,1358,17
1589249364.041269,173.194.151.108,10.10.0.10,,,443,41505,0,29,17
1589249364.0418522,173.194.151.108,10.10.0.10,,,443,41505,0,1358,17
1589249364.0434198,10.10.0.10,173.194.151.108,,,41505,443,0,37,17
1589249364.0547106,173.194.151.108,10.10.0.10,,,443,41505,0,1358,17
1589249364.067572,173.194.151.108,10.10.0.10,,,443,41505,0,1358,17
1589249364.069905,10.10.0.10,173.194.151.108,,,41505,443,0,37,17
1589249364.0804498,173.194.151.108,10.10.0.10,,,443,41505,0,1358,17
1589249364.09329,173.194.151.108,10.10.0.10,,,443,41505,0,1358,17
1589249364.095044,10.10.0.10,173.194.151.108,,,41505,443,0,37,17
1589249364.1061466,173.194.151.108,10.10.0.10,,,443,41505,0,1358,17
1589249364.119007,173.194.151.108,10.10.0.10,,,443,41505,0,1358,17
1589249364.12092,10.10.0.10,173.194.151.108,,,41505,443,0,37,17
1589249364.13188,173.194.151.108,10.10.0.10,,,443,41505,0,1358,17
1589249364.144725,173.194.151.108,10.10.0.10,,,443,41505,0,1358,17
1589249364.146417,10.10.0.10,173.194.151.108,,,41505,443,0,37,17
1589249364.1575868,173.194.151.108,10.10.0.10,,,443,41505,0,1358,17
1589249364.1704452,173.194.151.108,10.10.0.10,,,443,41505,0,1358,17
1589249364.172141,10.10.0.10,173.194.151.108,,,41505,443,0,37,17
1589249364.183318,173.194.151.108,10.10.0.10,,,443,41505,0,1358,17
1589249364.1961632,173.194.151.108,10.10.0.10,,,443,41505,0,1358,17
1589249364.1979165,10.10.0.10,173.194.151.108,,,41505,443,0,37,17
1589249364.209021,173.194.151.108,10.10.0.10,,,443,41505,0,1358,17
1589249364.22188,173.194.151.108,10.10.0.10,,,443,41505,0,1358,17
1589249364.2236464,10.10.0.10,173.194.151.108,,,41505,443,0,37,17
1589249364.2347548,173.194.151.108,10.10.0.10,,,443,41505,0,1358,17
1589249364.247601,173.194.151.108,10.10.0.10,,,443,41505,0,1358,17
1589249364.249145,10.10.0.10,173.194.151.108,,,41505,443,0,37,17
1589249364.260456,173.194.151.108,10.10.0.10,,,443,41505,0,1358,17
1589249364.273317,173.194.151.108,10.10.0.10,,,443,41505,0,1358,17
1589249364.2750278,10.10.0.10,173.194.151.108,,,41505,443,0,37,17
1589249364.286187,173.194.151.108,10.10.0.10,,,443,41505,0,1358,17
1589249364.299033,173.194.151.108,10.10.0.10,,,443,41505,0,1358,17
1589249364.3006668,10.10.0.10,173.194.151.108,,,41505,443,0,37,17
1589249364.311896,173.194.151.108,10.10.0.10,,,443,41505,0,1358,17
1589249364.3247519,173.194.151.108,10.10.0.10,,,443,41505,0,1358,17
1589249364.3262668,10.10.0.10,173.194.151.108,,,41505,443,0,37,17
1589249364.337625,173.194.151.108,10.10.0.10,,,443,41505,0,1358,17
1589249364.3504698,173.194.151.108,10.10.0.10,,,443,41505,0,1358,17
1589249364.363328,173.194.151.108,10.10.0.10,,,443,41505,0,1358,17
1589249364.3681624,10.10.0.10,173.194.151.108,,,41505,443,0,37,17
1589249364.3761911,173.194.151.108,10.10.0.10,,,443,41505,0,1358,17
1589249364.377786,10.10.0.10,173.194.151.108,,,41505,443,0,37,17
1589249364.3890612,173.194.151.108,10.10.0.10,,,443,41505,0,1358,17
1589249364.401908,173.194.151.108,10.10.0.10,,,443,41505,0,1358,17
1589249364.403658,10.10.0.10,173.194.151.108,,,41505,443,0,50,17
1589249364.414769,173.194.151.108,10.10.0.10,,,443,41505,0,1358,17
1589249364.427625,173.194.151.108,10.10.0.10,,,443,41505,0,1358,17
1589249364.43036,10.10.0.10,173.194.151.108,,,41505,443,0,37,17
1589249364.440498,173.194.151.108,10.10.0.10,,,443,41505,0,1358,17
1589249364.4533432,173.194.151.108,10.10.0.10,,,443,41505,0,1358,17
1589249364.455035,10.10.0.10,173.194.151.108,,,41505,443,0,37,17
1589249364.4662044,173.194.151.108,10.10.0.10,,,443,41505,0,1358,17
1589249364.4790616,173.194.151.108,10.10.0.10,,,443,41505,0,1358,17
1589249364.480505,10.10.0.10,173.194.151.108,,,41505,443,0,37,17
1589249364.4919398,173.194.151.108,10.10.0.10,,,443,41505,0,1358,17
1589249364.504781,173.194.151.108,10.10.0.10,,,443,41505,0,1358,17
1589249364.506541,10.10.0.10,173.194.151.108,,,41505,443,0,37,17
1589249364.517638,173.194.151.108,10.10.0.10,,,443,41505,0,1358,17
1589249364.530498,173.194.151.108,10.10.0.10,,,443,41505,0,1358,17
1589249364.5322669,10.10.0.10,173.194.151.108,,,41505,443,0,37,17
1589249364.5433679,173.194.151.108,10.10.0.10,,,443,41505,0,1358,17
1589249364.556211,173.194.151.108,10.10.0.10,,,443,41505,0,1358,17
1589249364.5578802,10.10.0.10,173.194.151.108,,,41505,443,0,37,17
1589249364.569073,173.194.151.108,10.10.0.10,,,443,41505,0,1358,17
1589249364.581928,173.194.151.108,10.10.0.10,,,443,41505,0,1358,17
1589249364.583483,10.10.0.10,173.194.151.108,,,41505,443,0,37,17
1589249364.594789,173.194.151.108,10.10.0.10,,,443,41505,0,1358,17
1589249364.6076536,173.194.151.108,10.10.0.10,,,443,41505,0,1358,17
1589249364.6102722,10.10.0.10,173.194.151.108,,,41505,443,0,37,17
1589249364.6205068,173.194.151.108,10.10.0.10,,,443,41505,0,1358,17
1589249364.63337,173.194.151.108,10.10.0.10,,,443,41505,0,1358,17
1589249364.635009,10.10.0.10,173.194.151.108,,,41505,443,0,37,17
1589249364.646227,173.194.151.108,10.10.0.10,,,443,41505,0,1358,17
1589249364.659097,173.194.151.108,10.10.0.10,,,443,41505,0,1358,17
1589249364.660743,10.10.0.10,173.194.151.108,,,41505,443,0,37,17
1589249364.671942,173.194.151.108,10.10.0.10,,,443,41505,0,1358,17
1589249364.6848028,173.194.151.108,10.10.0.10,,,443,41505,0,1358,17
1589249364.686359,10.10.0.10,173.194.151.108,,,41505,443,0,37,17
1589249364.6976619,173.194.151.108,10.10.0.10,,,443,41505,0,1358,17
1589249364.710521,173.194.151.108,10.10.0.10,,,443,41505,0,1358,17
1589249364.7141054,10.10.0.10,173.194.151.108,,,41505,443,0,37,17
1589249364.723381,173.194.151.108,10.10.0.10,,,443,41505,0,1358,17
1589249364.736239,173.194.151.108,10.10.0.10,,,443,41505,0,1358,17
1589249364.737907,10.10.0.10,173.194.151.108,,,41505,443,0,37,17
1589249364.7491126,173.194.151.108,10.10.0.10,,,443,41505,0,1358,17
1589249364.761962,173.194.151.108,10.10.0.10,,,443,41505,0,1358,17
1589249364.764752,10.10.0.10,173.194.151.108,,,41505,443,0,37,17
1589249364.774816,173.194.151.108,10.10.0.10,,,443,41505,0,1358,17
1589249364.7876804,173.194.151.108,10.10.0.10,,,443,41505,0,1358,17
1589249364.789274,10.10.0.10,173.194.151.108,,,41505,443,0,37,17
1589249364.800536,173.194.151.108,10.10.0.10,,,443,41505,0,1358,17
1589249364.8133972,173.194.151.108,10.10.0.10,,,443,41505,0,1358,17
1589249364.8163805,10.10.0.10,173.194.151.108,,,41505,443,0,37,17
1589249364.826259,173.194.151.108,10.10.0.10,,,443,41505,0,1358,17
1589249364.8391151,173.194.151.108,10.10.0.10,,,443,41505,0,1358,17
1589249364.8408804,10.10.0.10,173.194.151.108,,,41505,443,0,37,17
1589249364.8519714,173.194.151.108,10.10.0.10,,,443,41505,0,1358,17
1589249364.8648355,173.194.151.108,10.10.0.10,,,443,41505,0,1358,17
1589249364.8667526,10.10.0.10,173.194.151.108,,,41505,443,0,37,17
1589249364.877694,173.194.151.108,10.10.0.10,,,443,41505,0,1358,17
1589249364.8905554,173.194.151.108,10.10.0.10,,,443,41505,0,1358,17
1589249364.892127,10.10.0.10,173.194.151.108,,,41505,443,0,37,17
1589249364.903407,173.194.151.108,10.10.0.10,,,443,41505,0,1358,17
1589249364.916267,173.194.151.108,10.10.0.10,,,443,41505,0,1358,17
1589249364.9190009,10.10.0.10,173.194.151.108,,,41505,443,0,50,17
1589249364.9291296,173.194.151.108,10.10.0.10,,,443,41505,0,1358,17
1589249364.941993,173.194.151.108,10.10.0.10,,,443,41505,0,1358,17
1589249364.943624,10.10.0.10,173.194.151.108,,,41505,443,0,37,17
1589249364.9548578,173.194.151.108,10.10.0.10,,,443,41505,0,1358,17
1589249364.96771,173.194.151.108,10.10.0.10,,,443,41505,0,1358,17
1589249364.9749901,10.10.0.10,173.194.151.108,,,41505,443,0,37,17
1589249364.980566,173.194.151.108,10.10.0.10,,,443,41505,0,1358,17
1589249364.9934292,173.194.151.108,10.10.0.10,,,443,41505,0,1358,17
1589249364.995106,10.10.0.10,173.194.151.108,,,41505,443,0,37,17
1589249365.0062988,173.194.151.108,10.10.0.10,,,443,41505,0,1358,17
1589249365.019165,173.194.151.108,10.10.0.10,,,443,41505,0,1358,17
1589249365.021143,10.10.0.10,173.194.151.108,,,41505,443,0,37,17
1589249365.032005,173.194.151.108,10.10.0.10,,,443,41505,0,1358,17
1589249365.044863,173.194.151.108,10.10.0.10,,,443,41505,0,1358,17
1589249365.0464964,10.10.0.10,173.194.151.108,,,41505,443,0,37,17
1589249365.057729,173.194.151.108,10.10.0.10,,,443,41505,0,1358,17
1589249365.0705798,173.194.151.108,10.10.0.10,,,443,41505,0,1358,17
1589249365.0724974,10.10.0.10,173.194.151.108,,,41505,443,0,37,17
1589249365.0834372,173.194.151.108,10.10.0.10,,,443,41505,0,1358,17
1589249365.096299,173.194.151.108,10.10.0.10,,,443,41505,0,1358,17
1589249365.09812,10.10.0.10,173.194.151.108,,,41505,443,0,37,17
1589249365.10917,173.194.151.108,10.10.0.10,,,443,41505,0,1358,17
1589249365.12204,173.194.151.108,10.10.0.10,,,443,41505,0,1358,17
1589249365.1239786,10.10.0.10,173.194.151.108,,,41505,443,0,37,17
1589249365.1348784,173.194.151.108,10.10.0.10,,,443,41505,0,1358,17
1589249365.1477358,173.194.151.108,10.10.0.10,,,443,41505,0,1358,17
1589249365.1492438,10.10.0.10,173.194.151.108,,,41505,443,0,37,17
1589249365.1606019,173.194.151.108,10.10.0.10,,,443,41505,0,1358,17
1589249365.173456,173.194.151.108,10.10.0.10,,,443,41505,0,1358,17
1589249365.175143,10.10.0.10,173.194.151.108,,,41505,443,0,37,17
1589249365.186311,173.194.151.108,10.10.0.10,,,443,41505,0,1358,17
1589249365.1991718,173.194.151.108,10.10.0.10,,,443,41505,0,1358,17
1589249365.200868,10.10.0.10,173.194.151.108,,,41505,443,0,37,17
1589249365.2120428,173.194.151.108,10.10.0.10,,,443,41505,0,1358,17
1589249365.2249134,173.194.151.108,10.10.0.10,,,443,41505,0,1358,17
1589249365.227616,10.10.0.10,173.194.151.108,,,41505,443,0,37,17
1589249365.23775,173.194.151.108,10.10.0.10,,,443,41505,0,1358,17
1589249365.250608,173.194.151.108,10.10.0.10,,,443,41505,0,1358,17
1589249365.252753,10.10.0.10,173.194.151.108,,,41505,443,0,37,17
1589249365.263475,173.194.151.108,10.10.0.10,,,443,41505,0,1358,17
1589249365.2763288,173.194.151.108,10.10.0.10,,,443,41505,0,1358,17
1589249365.278266,10.10.0.10,173.194.151.108,,,41505,443,0,37,17
1589249365.289186,173.194.151.108,10.10.0.10,,,443,41505,0,1358,17
1589249365.3020446,173.194.151.108,10.10.0.10,,,443,41505,0,1358,17
1589249365.303616,10.10.0.10,173.194.151.108,,,41505,443,0,37,17
1589249365.314913,173.194.151.108,10.10.0.10,,,443,41505,0,1358,17
1589249365.327784,173.194.151.108,10.10.0.10,,,443,41505,0,1358,17
1589249365.3294818,10.10.0.10,173.194.151.108,,,41505,443,0,37,17
1589249365.3406212,173.194.151.108,10.10.0.10,,,443,41505,0,1358,17
1589249365.353482,173.194.151.108,10.10.0.10,,,443,41505,0,1358,17
1589249365.3559716,10.10.0.10,173.194.151.108,,,41505,443,0,37,17
1589249365.3663461,173.194.151.108,10.10.0.10,,,443,41505,0,1358,17
1589249365.379201,173.194.151.108,10.10.0.10,,,443,41505,0,1358,17
1589249365.381008,10.10.0.10,173.194.151.108,,,41505,443,0,37,17
1589249365.3920612,173.194.151.108,10.10.0.10,,,443,41505,0,1358,17
1589249365.4049196,173.194.151.108,10.10.0.10,,,443,41505,0,1358,17
1589249365.406611,10.10.0.10,173.194.151.108,,,41505,443,0,37,17
1589249365.417784,173.194.151.108,10.10.0.10,,,443,41505,0,1358,17
1589249365.430656,173.194.151.108,10.10.0.10,,,443,41505,0,1358,17
1589249365.432382,10.10.0.10,173.194.151.108,,,41505,443,0,50,17
1589249365.443496,173.194.151.108,10.10.0.10,,,443,41505,0,1358,17
1589249365.456351,173.194.151.108,10.10.0.10,,,443,41505,0,1358,17
1589249365.4581099,10.10.0.10,173.194.151.108,,,41505,443,0,37,17
1589249365.46922,173.194.151.108,10.10.0.10,,,443,41505,0,1358,17
1589249365.482074,173.194.151.108,10.10.0.10,,,443,41505,0,1358,17
1589249365.483734,10.10.0.10,173.194.151.108,,,41505,443,0,37,17
1589249365.4949331,173.194.151.108,10.10.0.10,,,443,41505,0,1358,17
1589249365.507792,173.194.151.108,10.10.0.10,,,443,41505,0,1358,17
1589249365.5097618,10.10.0.10,173.194.151.108,,,41505,443,0,37,17
1589249365.520646,173.194.151.108,10.10.0.10,,,443,41505,0,1358,17
1589249365.5335288,173.194.151.108,10.10.0.10,,,443,41505,0,1358,17
1589249365.5351071,10.10.0.10,173.194.151.108,,,41505,443,0,37,17
1589249365.546371,173.194.151.108,10.10.0.10,,,443,41505,0,1358,17
1589249365.559226,173.194.151.108,10.10.0.10,,,443,41505,0,1358,17
1589249365.56108,10.10.0.10,173.194.151.108,,,41505,443,0,37,17
1589249365.572083,173.194.151.108,10.10.0.10,,,443,41505,0,1358,17
1589249365.584945,173.194.151.108,10.10.0.10,,,443,41505,0,1358,17
1589249365.5867002,10.10.0.10,173.194.151.108,,,41505,443,0,37,17
1589249365.597806,173.194.151.108,10.10.0.10,,,443,41505,0,1358,17
1589249365.610661,173.194.151.108,10.10.0.10,,,443,41505,0,1358,17
1589249365.612731,10.10.0.10,173.194.151.108,,,41505,443,0,37,17
1589249365.623519,173.194.151.108,10.10.0.10,,,443,41505,0,1358,17
1589249365.6363788,173.194.151.108,10.10.0.10,,,443,41505,0,1358,17
1589249365.638835,10.10.0.10,173.194.151.108,,,41505,443,0,37,17
1589249365.6492355,173.194.151.108,10.10.0.10,,,443,41505,0,1358,17
1589249365.6620948,173.194.151.108,10.10.0.10,,,443,41505,0,1358,17
1589249365.663878,10.10.0.10,173.194.151.108,,,41505,443,0,37,17
1589249365.674956,173.194.151.108,10.10.0.10,,,443,41505,0,1358,17
1589249365.6878428,173.194.151.108,10.10.0.10,,,443,41505,0,1358,17
1589249365.68948,10.10.0.10,173.194.151.108,,,41505,443,0,37,17
1589249365.7006779,173.194.151.108,10.10.0.10,,,443,41505,0,1358,17
1589249365.7135339,173.194.151.108,10.10.0.10,,,443,41505,0,1358,17
1589249365.715209,10.10.0.10,173.194.151.108,,,41505,443,0,37,17
1589249365.726391,173.194.151.108,10.10.0.10,,,443,41505,0,1358,17
1589249365.739248,173.194.151.108,10.10.0.10,,,443,41505,0,1358,17
1589249365.740851,10.10.0.10,173.194.151.108,,,41505,443,0,37,17
1589249365.752109,173.194.151.108,10.10.0.10,,,443,41505,0,1358,17
1589249365.7649686,173.194.151.108,10.10.0.10,,,443,41505,0,1358,17
1589249365.7668722,10.10.0.10,173.194.151.108,,,41505,443,0,37,17
1589249365.777833,173.194.151.108,10.10.0.10,,,443,41505,0,1358,17
1589249365.7907062,173.194.151.108,10.10.0.10,,,443,41505,0,1358,17
1589249365.7922428,10.10.0.10,173.194.151.108,,,41505,443,0,37,17
1589249365.80355,173.194.151.108,10.10.0.10,,,443,41505,0,1358,17
1589249365.8164108,173.194.151.108,10.10.0.10,,,443,41505,0,1358,17
1589249365.8178694,10.10.0.10,173.194.151.108,,,41505,443,0,37,17
1589249365.829273,173.194.151.108,10.10.0.10,,,443,41505,0,1358,17
1589249365.8421464,173.194.151.108,10.10.0.10,,,443,41505,0,1358,17
1589249365.843996,10.10.0.10,173.194.151.108,,,41505,443,0,37,17
1589249365.85499,173.194.151.108,10.10.0.10,,,443,41505,0,1358,17
1589249365.867846,173.194.151.108,10.10.0.10,,,443,41505,0,1358,17
1589249365.86959,10.10.0.10,173.194.151.108,,,41505,443,0,37,17
1589249365.8807054,173.194.151.108,10.10.0.10,,,443,41505,0,1358,17
1589249365.893582,173.194.151.108,10.10.0.10,,,443,41505,0,1358,17
1589249365.89635,10.10.0.10,173.194.151.108,,,41505,443,0,37,17
1589249365.906424,173.194.151.108,10.10.0.10,,,443,41505,0,1358,17
1589249365.9192839,173.194.151.108,10.10.0.10,,,443,41505,0,1358,17
1589249365.921867,10.10.0.10,173.194.151.108,,,41505,443,0,40,17
1589249365.932142,173.194.151.108,10.10.0.10,,,443,41505,0,1358,17
1589249365.933742,10.10.0.10,173.194.151.108,,,41505,443,0,53,17
1589249365.945016,173.194.151.108,10.10.0.10,,,443,41505,0,1358,17
1589249365.946713,10.10.0.10,173.194.151.108,,,41505,443,0,40,17
1589249365.9578588,173.194.151.108,10.10.0.10,,,443,41505,0,1358,17
1589249365.9596188,10.10.0.10,173.194.151.108,,,41505,443,0,40,17
1589249365.9707198,173.194.151.108,10.10.0.10,,,443,41505,0,1358,17
1589249365.983578,173.194.151.108,10.10.0.10,,,443,41505,0,1358,17
1589249365.9851148,10.10.0.10,173.194.151.108,,,41505,443,0,37,17
1589249365.996454,173.194.151.108,10.10.0.10,,,443,41505,0,1358,17
1589249366.0092974,173.194.151.108,10.10.0.10,,,443,41505,0,1358,17
1589249366.0112195,10.10.0.10,173.194.151.108,,,41505,443,0,37,17
1589249366.0221562,173.194.151.108,10.10.0.10,,,443,41505,0,1358,17
1589249366.035016,173.194.151.108,10.10.0.10,,,443,41505,0,1358,17
1589249366.0369868,10.10.0.10,173.194.151.108,,,41505,443,0,37,17
1589249366.047888,173.194.151.108,10.10.0.10,,,443,41505,0,1358,17
1589249366.060734,173.194.151.108,10.10.0.10,,,443,41505,0,1358,17
1589249366.0629866,10.10.0.10,173.194.151.108,,,41505,443,0,37,17
1589249366.073589,173.194.151.108,10.10.0.10,,,443,41505,0,1358,17
1589249366.0864508,173.194.151.108,10.10.0.10,,,443,41505,0,1358,17
1589249366.088239,10.10.0.10,173.194.151.108,,,41505,443,0,37,17
1589249366.099326,173.194.151.108,10.10.0.10,,,443,41505,0,1358,17
1589249366.11217,173.194.151.108,10.10.0.10,,,443,41505,0,1358,17
1589249366.114235,10.10.0.10,173.194.151.108,,,41505,443,0,37,17
1589249366.1250286,173.194.151.108,10.10.0.10,,,443,41505,0,1358,17
1589249366.1378908,173.194.151.108,10.10.0.10,,,443,41505,0,1358,17
1589249366.1396098,10.10.0.10,173.194.151.108,,,41505,443,0,37,17
1589249366.150742,173.194.151.108,10.10.0.10,,,443,41505,0,1358,17
1589249366.1636052,173.194.151.108,10.10.0.10,,,443,41505,0,1358,17
1589249366.165215,10.10.0.10,173.194.151.108,,,41505,443,0,37,17
1589249366.176467,173.194.151.108,10.10.0.10,,,443,41505,0,1358,17
1589249366.189325,173.194.151.108,10.10.0.10,,,443,41505,0,1358,17
1589249366.1908581,10.10.0.10,173.194.151.108,,,41505,443,0,37,17
1589249366.202201,173.194.151.108,10.10.0.10,,,443,41505,0,1358,17
1589249366.2150464,173.194.151.108,10.10.0.10,,,443,41505,0,1358,17
1589249366.216858,10.10.0.10,173.194.151.108,,,41505,443,0,37,17
1589249366.2279036,173.194.151.108,10.10.0.10,,,443,41505,0,1358,17
1589249366.240761,173.194.151.108,10.10.0.10,,,443,41505,0,1358,17
1589249366.2424624,10.10.0.10,173.194.151.108,,,41505,443,0,37,17
1589249366.25362,173.194.151.108,10.10.0.10,,,443,41505,0,1358,17
1589249366.2664812,173.194.151.108,10.10.0.10,,,443,41505,0,1358,17
1589249366.2682178,10.10.0.10,173.194.151.108,,,41505,443,0,37,17
1589249366.2793384,173.194.151.108,10.10.0.10,,,443,41505,0,1358,17
1589249366.2921972,173.194.151.108,10.10.0.10,,,443,41505,0,1358,17
1589249366.2939599,10.10.0.10,173.194.151.108,,,41505,443,0,37,17
1589249366.305063,173.194.151.108,10.10.0.10,,,443,41505,0,1358,17
1589249366.3179162,173.194.151.108,10.10.0.10,,,443,41505,0,1358,17
1589249366.319731,10.10.0.10,173.194.151.108,,,41505,443,0,37,17
1589249366.330774,173.194.151.108,10.10.0.10,,,443,41505,0,1358,17
1589249366.3436348,173.194.151.108,10.10.0.10,,,443,41505,0,1358,17
1589249366.345336,10.10.0.10,173.194.151.108,,,41505,443,0,37,17
1589249366.3565106,173.194.151.108,10.10.0.10,,,443,41505,0,1358,17
1589249366.369354,173.194.151.108,10.10.0.10,,,443,41505,0,1358,17
1589249366.372832,10.10.0.10,173.194.151.108,,,41505,443,0,37,17
1589249366.382211,173.194.151.108,10.10.0.10,,,443,41505,0,1358,17
1589249366.395071,173.194.151.108,10.10.0.10,,,443,41505,0,1358,17
1589249366.3968544,10.10.0.10,173.194.151.108,,,41505,443,0,37,17
1589249366.4079485,173.194.151.108,10.10.0.10,,,443,41505,0,1358,17
1589249366.420784,173.194.151.108,10.10.0.10,,,443,41505,0,1358,17
1589249366.4224489,10.10.0.10,173.194.151.108,,,41505,443,0,50,17
1589249366.433651,173.194.151.108,10.10.0.10,,,443,41505,0,1358,17
1589249366.446507,173.194.151.108,10.10.0.10,,,443,41505,0,1358,17
1589249366.448223,10.10.0.10,173.194.151.108,,,41505,443,0,37,17
1589249366.459381,173.194.151.108,10.10.0.10,,,443,41505,0,1358,17
1589249366.472224,173.194.151.108,10.10.0.10,,,443,41505,0,1358,17
1589249366.4739552,10.10.0.10,173.194.151.108,,,41505,443,0,37,17
1589249366.485084,173.194.151.108,10.10.0.10,,,443,41505,0,1358,17
1589249366.497943,173.194.151.108,10.10.0.10,,,443,41505,0,1358,17
1589249366.499724,10.10.0.10,173.194.151.108,,,41505,443,0,37,17
1589249366.5108132,173.194.151.108,10.10.0.10,,,443,41505,0,1358,17
1589249366.5236619,173.194.151.108,10.10.0.10,,,443,41505,0,1358,17
1589249366.52535,10.10.0.10,173.194.151.108,,,41505,443,0,37,17
1589249366.5365224,173.194.151.108,10.10.0.10,,,443,41505,0,1358,17
1589249366.549382,173.194.151.108,10.10.0.10,,,443,41505,0,1358,17
1589249366.5510788,10.10.0.10,173.194.151.108,,,41505,443,0,37,17
1589249366.5622509,173.194.151.108,10.10.0.10,,,443,41505,0,1358,17
1589249366.5750961,173.194.151.108,10.10.0.10,,,443,41505,0,1358,17
1589249366.576824,10.10.0.10,173.194.151.108,,,41505,443,0,37,17
1589249366.587952,173.194.151.108,10.10.0.10,,,443,41505,0,1358,17
1589249366.600818,173.194.151.108,10.10.0.10,,,443,41505,0,1358,17
1589249366.6025946,10.10.0.10,173.194.151.108,,,41505,443,0,37,17
1589249366.6136851,173.194.151.108,10.10.0.10,,,443,41505,0,1358,17
1589249366.6265318,173.194.151.108,10.10.0.10,,,443,41505,0,1358,17
1589249366.6283011,10.10.0.10,173.194.151.108,,,41505,443,0,37,17
1589249366.63939,173.194.151.108,10.10.0.10,,,443,41505,0,1358,17
1589249366.6522489,173.194.151.108,10.10.0.10,,,443,41505,0,1358,17
1589249366.6548266,10.10.0.10,173.194.151.108,,,41505,443,0,37,17
1589249366.6651075,173.194.151.108,10.10.0.10,,,443,41505,0,1358,17
1589249366.6779811,173.194.151.108,10.10.0.10,,,443,41505,0,1358,17
1589249366.679595,10.10.0.10,173.194.151.108,,,41505,443,0,37,17
1589249366.690825,173.194.151.108,10.10.0.10,,,443,41505,0,1358,17
1589249366.7036898,173.194.151.108,10.10.0.10,,,443,41505,0,1358,17
1589249366.7054524,10.10.0.10,173.194.151.108,,,41505,443,0,37,17
1589249366.716543,173.194.151.108,10.10.0.10,,,443,41505,0,1358,17
1589249366.729409,173.194.151.108,10.10.0.10,,,443,41505,0,1358,17
1589249366.730943,10.10.0.10,173.194.151.108,,,41505,443,0,37,17
1589249366.742263,173.194.151.108,10.10.0.10,,,443,41505,0,1358,17
1589249366.755125,173.194.151.108,10.10.0.10,,,443,41505,0,1358,17
1589249366.756844,10.10.0.10,173.194.151.108,,,41505,443,0,37,17
1589249366.767984,173.194.151.108,10.10.0.10,,,443,41505,0,1358,17
1589249366.7808669,173.194.151.108,10.10.0.10,,,443,41505,0,1358,17
1589249366.782966,10.10.0.10,173.194.151.108,,,41505,443,0,37,17
1589249366.793705,173.194.151.108,10.10.0.10,,,443,41505,0,1358,17
1589249366.8065634,173.194.151.108,10.10.0.10,,,443,41505,0,1358,17
1589249366.8084464,10.10.0.10,173.194.151.108,,,41505,443,0,37,17
1589249366.8194294,173.194.151.108,10.10.0.10,,,443,41505,0,1358,17
1589249366.8322759,173.194.151.108,10.10.0.10,,,443,41505,0,1358,17
1589249366.833937,10.10.0.10,173.194.151.108,,,41505,443,0,37,17
1589249366.8451395,173.194.151.108,10.10.0.10,,,443,41505,0,1358,17
1589249366.8579998,173.194.151.108,10.10.0.10,,,443,41505,0,1358,17
1589249366.859694,10.10.0.10,173.194.151.108,,,41505,443,0,37,17
1589249366.871246,173.194.151.108,10.10.0.10,,,443,41505,0,1358,17
1589249366.884105,173.194.151.108,10.10.0.10,,,443,41505,0,1358,17
1589249366.8860881,10.10.0.10,173.194.151.108,,,41505,443,0,37,17
1589249366.8969634,173.194.151.108,10.10.0.10,,,443,41505,0,1358,17
1589249366.909827,173.194.151.108,10.10.0.10,,,443,41505,0,1358,17
1589249366.9226828,173.194.151.108,10.10.0.10,,,443,41505,0,1358,17
1589249366.926569,10.10.0.10,173.194.151.108,,,41505,443,0,37,17
1589249366.935551,173.194.151.108,10.10.0.10,,,443,41505,0,1358,17
1589249366.9385881,10.10.0.10,173.194.151.108,,,41505,443,0,50,17
1589249366.948399,173.194.151.108,10.10.0.10,,,443,41505,0,1358,17
1589249366.961262,173.194.151.108,10.10.0.10,,,443,41505,0,1358,17
1589249366.9628372,10.10.0.10,173.194.151.108,,,41505,443,0,37,17
1589249366.97412,173.194.151.108,10.10.0.10,,,443,41505,0,1358,17
1589249366.986989,173.194.151.108,10.10.0.10,,,443,41505,0,1358,17
1589249366.9887102,10.10.0.10,173.194.151.108,,,41505,443,0,37,17
1589249366.9998589,173.194.151.108,10.10.0.10,,,443,41505,0,29,17
1589249367.0004249,173.194.151.108,10.10.0.10,,,443,41505,0,1358,17
1589249367.013279,173.194.151.108,10.10.0.10,,,443,41505,0,1358,17
1589249367.0148199,10.10.0.10,173.194.151.108,,,41505,443,0,37,17
1589249367.0261366,173.194.151.108,10.10.0.10,,,443,41505,0,1358,17
1589249367.0389972,173.194.151.108,10.10.0.10,,,443,41505,0,1358,17
1589249367.040711,10.10.0.10,173.194.151.108,,,41505,443,0,37,17
1589249367.0518534,173.194.151.108,10.10.0.10,,,443,41505,0,1358,17
1589249367.064734,173.194.151.108,10.10.0.10,,,443,41505,0,1358,17
1589249367.068063,10.10.0.10,173.194.151.108,,,41505,443,0,37,17
1589249367.077575,173.194.151.108,10.10.0.10,,,443,41505,0,1358,17
1589249367.0904331,173.194.151.108,10.10.0.10,,,443,41505,0,1358,17
1589249367.0921881,10.10.0.10,173.194.151.108,,,41505,443,0,37,17
1589249367.1032946,173.194.151.108,10.10.0.10,,,443,41505,0,1358,17
1589249367.1161714,173.194.151.108,10.10.0.10,,,443,41505,0,1358,17
1589249367.117834,10.10.0.10,173.194.151.108,,,41505,443,0,37,17
1589249367.1290119,173.194.151.108,10.10.0.10,,,443,41505,0,1358,17
1589249367.141871,173.194.151.108,10.10.0.10,,,443,41505,0,1358,17
1589249367.143585,10.10.0.10,173.194.151.108,,,41505,443,0,37,17
1589249367.1547332,173.194.151.108,10.10.0.10,,,443,41505,0,1358,17
1589249367.167606,173.194.151.108,10.10.0.10,,,443,41505,0,1358,17
1589249367.17035,10.10.0.10,173.194.151.108,,,41505,443,0,37,17
1589249367.180449,173.194.151.108,10.10.0.10,,,443,41505,0,1358,17
1589249367.19331,173.194.151.108,10.10.0.10,,,443,41505,0,1358,17
1589249367.194934,10.10.0.10,173.194.151.108,,,41505,443,0,37,17
1589249367.206166,173.194.151.108,10.10.0.10,,,443,41505,0,1358,17
1589249367.2190268,173.194.151.108,10.10.0.10,,,443,41505,0,1358,17
1589249367.220829,10.10.0.10,173.194.151.108,,,41505,443,0,37,17
1589249367.2318852,173.194.151.108,10.10.0.10,,,443,41505,0,1358,17
1589249367.2447422,173.194.151.108,10.10.0.10,,,443,41505,0,1358,17
1589249367.2464561,10.10.0.10,173.194.151.108,,,41505,443,0,37,17
1589249367.257606,173.194.151.108,10.10.0.10,,,443,41505,0,1358,17
1589249367.2704804,173.194.151.108,10.10.0.10,,,443,41505,0,1358,17
1589249367.272722,10.10.0.10,173.194.151.108,,,41505,443,0,37,17
1589249367.2833214,173.194.151.108,10.10.0.10,,,443,41505,0,1358,17
1589249367.2961798,173.194.151.108,10.10.0.10,,,443,41505,0,1358,17
1589249367.297951,10.10.0.10,173.194.151.108,,,41505,443,0,37,17
1589249367.309041,173.194.151.108,10.10.0.10,,,443,41505,0,1358,17
1589249367.321914,173.194.151.108,10.10.0.10,,,443,41505,0,1358,17
1589249367.324586,10.10.0.10,173.194.151.108,,,41505,443,0,37,17
1589249367.334757,173.194.151.108,10.10.0.10,,,443,41505,0,1358,17
1589249367.347615,173.194.151.108,10.10.0.10,,,443,41505,0,1358,17
1589249367.3494508,10.10.0.10,173.194.151.108,,,41505,443,0,37,17
1589249367.3604786,173.194.151.108,10.10.0.10,,,443,41505,0,1358,17
1589249367.37335,173.194.151.108,10.10.0.10,,,443,41505,0,1358,17
1589249367.3761802,10.10.0.10,173.194.151.108,,,41505,443,0,37,17
1589249367.386194,173.194.151.108,10.10.0.10,,,443,41505,0,1358,17
1589249367.399052,173.194.151.108,10.10.0.10,,,443,41505,0,1358,17
1589249367.40068,10.10.0.10,173.194.151.108,,,41505,443,0,37,17
1589249367.411912,173.194.151.108,10.10.0.10,,,443,41505,0,1358,17
1589249367.4247878,173.194.151.108,10.10.0.10,,,443,41505,0,1358,17
1589249367.426575,10.10.0.10,173.194.151.108,,,41505,443,0,37,17
1589249367.4376292,173.194.151.108,10.10.0.10,,,443,41505,0,1358,17
1589249367.450491,173.194.151.108,10.10.0.10,,,443,41505,0,1358,17
1589249367.452143,10.10.0.10,173.194.151.108,,,41505,443,0,50,17
1589249367.46335,173.194.151.108,10.10.0.10,,,443,41505,0,1358,17
1589249367.476225,173.194.151.108,10.10.0.10,,,443,41505,0,1358,17
1589249367.478677,10.10.0.10,173.194.151.108,,,41505,443,0,37,17
1589249367.4890661,173.194.151.108,10.10.0.10,,,443,41505,0,1358,17
1589249367.5019262,173.194.151.108,10.10.0.10,,,443,41505,0,1358,17
1589249367.5036778,10.10.0.10,173.194.151.108,,,41505,443,0,37,17
1589249367.514785,173.194.151.108,10.10.0.10,,,443,41505,0,1358,17
1589249367.52766,173.194.151.108,10.10.0.10,,,443,41505,0,1358,17
1589249367.5295708,10.10.0.10,173.194.151.108,,,41505,443,0,37,17
1589249367.540504,173.194.151.108,10.10.0.10,,,443,41505,0,1358,17
1589249367.5533626,173.194.151.108,10.10.0.10,,,443,41505,0,1358,17
1589249367.555201,10.10.0.10,173.194.151.108,,,41505,443,0,37,17
1589249367.566224,173.194.151.108,10.10.0.10,,,443,41505,0,1358,17
1589249367.5790784,173.194.151.108,10.10.0.10,,,443,41505,0,1358,17
1589249367.5808039,10.10.0.10,173.194.151.108,,,41505,443,0,37,17
1589249367.5919492,173.194.151.108,10.10.0.10,,,443,41505,0,1358,17
1589249367.604801,173.194.151.108,10.10.0.10,,,443,41505,0,1358,17
1589249367.606818,10.10.0.10,173.194.151.108,,,41505,443,0,37,17
1589249367.617658,173.194.151.108,10.10.0.10,,,443,41505,0,1358,17
1589249367.6305158,173.194.151.108,10.10.0.10,,,443,41505,0,1358,17
1589249367.632017,10.10.0.10,173.194.151.108,,,41505,443,0,37,17
1589249367.6433704,173.194.151.108,10.10.0.10,,,443,41505,0,1358,17
1589249367.65623,173.194.151.108,10.10.0.10,,,443,41505,0,1358,17
1589249367.6577628,10.10.0.10,173.194.151.108,,,41505,443,0,37,17
1589249367.669092,173.194.151.108,10.10.0.10,,,443,41505,0,1358,17
1589249367.681957,173.194.151.108,10.10.0.10,,,443,41505,0,1358,17
1589249367.683664,10.10.0.10,173.194.151.108,,,41505,443,0,37,17
1589249367.6948118,173.194.151.108,10.10.0.10,,,443,41505,0,1358,17
1589249367.7076714,173.194.151.108,10.10.0.10,,,443,41505,0,1358,17
1589249367.709422,10.10.0.10,173.194.151.108,,,41505,443,0,37,17
1589249367.720535,173.194.151.108,10.10.0.10,,,443,41505,0,1358,17
1589249367.7333848,173.194.151.108,10.10.0.10,,,443,41505,0,1358,17
1589249367.735163,10.10.0.10,173.194.151.108,,,41505,443,0,37,17
1589249367.7462428,173.194.151.108,10.10.0.10,,,443,41505,0,1358,17
1589249367.7591062,173.194.151.108,10.10.0.10,,,443,41505,0,1358,17
1589249367.760796,10.10.0.10,173.194.151.108,,,41505,443,0,37,17
1589249367.7719722,173.194.151.108,10.10.0.10,,,443,41505,0,1358,17
1589249367.7848241,173.194.151.108,10.10.0.10,,,443,41505,0,1358,17
1589249367.787286,10.10.0.10,173.194.151.108,,,41505,443,0,37,17
1589249367.7976851,173.194.151.108,10.10.0.10,,,443,41505,0,1358,17
1589249367.810543,173.194.151.108,10.10.0.10,,,443,41505,0,1358,17
1589249367.812311,10.10.0.10,173.194.151.108,,,41505,443,0,37,17
1589249367.823403,173.194.151.108,10.10.0.10,,,443,41505,0,1358,17
1589249367.836257,173.194.151.108,10.10.0.10,,,443,41505,0,1358,17
1589249367.8380456,10.10.0.10,173.194.151.108,,,41505,443,0,37,17
1589249367.8491206,173.194.151.108,10.10.0.10,,,443,41505,0,1358,17
1589249367.861982,173.194.151.108,10.10.0.10,,,443,41505,0,1358,17
1589249367.8636699,10.10.0.10,173.194.151.108,,,41505,443,0,37,17
1589249367.8748355,173.194.151.108,10.10.0.10,,,443,41505,0,1358,17
1589249367.8877132,173.194.151.108,10.10.0.10,,,443,41505,0,1358,17
1589249367.889433,10.10.0.10,173.194.151.108,,,41505,443,0,37,17
1589249367.900558,173.194.151.108,10.10.0.10,,,443,41505,0,1358,17
1589249367.9134169,173.194.151.108,10.10.0.10,,,443,41505,0,1358,17
1589249367.9153092,10.10.0.10,173.194.151.108,,,41505,443,0,37,17
1589249367.9262776,173.194.151.108,10.10.0.10,,,443,41505,0,1358,17
1589249367.939147,173.194.151.108,10.10.0.10,,,443,41505,0,1358,17
1589249367.940807,10.10.0.10,173.194.151.108,,,41505,443,0,37,17
1589249367.951997,173.194.151.108,10.10.0.10,,,443,41505,0,1358,17
1589249367.964853,173.194.151.108,10.10.0.10,,,443,41505,0,1358,17
1589249367.966407,10.10.0.10,173.194.151.108,,,41505,443,0,50,17
1589249367.981334,173.194.151.108,10.10.0.10,,,443,41505,0,1358,17
1589249367.997801,173.194.151.108,10.10.0.10,,,443,41505,0,1358,17
1589249367.999665,10.10.0.10,173.194.151.108,,,41505,443,0,37,17
1589249368.0142741,173.194.151.108,10.10.0.10,,,443,41505,0,1358,17
1589249368.030746,173.194.151.108,10.10.0.10,,,443,41505,0,1358,17
1589249368.0325544,10.10.0.10,173.194.151.108,,,41505,443,0,37,17
1589249368.0472198,173.194.151.108,10.10.0.10,,,443,41505,0,29,17
1589249368.047961,173.194.151.108,10.10.0.10,,,443,41505,0,1358,17
1589249368.064458,173.194.151.108,10.10.0.10,,,443,41505,0,1358,17
1589249368.0661619,10.10.0.10,173.194.151.108,,,41505,443,0,37,17
1589249368.080914,173.194.151.108,10.10.0.10,,,443,41505,0,1358,17
1589249368.097394,173.194.151.108,10.10.0.10,,,443,41505,0,1358,17
1589249368.0991778,10.10.0.10,173.194.151.108,,,41505,443,0,37,17
1589249368.11386,173.194.151.108,10.10.0.10,,,443,41505,0,1358,17
1589249368.1303349,173.194.151.108,10.10.0.10,,,443,41505,0,1358,17
1589249368.131907,10.10.0.10,173.194.151.108,,,41505,443,0,37,17
1589249368.1468358,173.194.151.108,10.10.0.10,,,443,41505,0,1358,17
1589249368.1632788,173.194.151.108,10.10.0.10,,,443,41505,0,1358,17
1589249368.1650329,10.10.0.10,173.194.151.108,,,41505,443,0,37,17
1589249368.1797662,173.194.151.108,10.10.0.10,,,443,41505,0,1358,17
1589249368.196225,173.194.151.108,10.10.0.10,,,443,41505,0,1358,17
1589249368.21005,10.10.0.10,173.194.151.108,,,41505,443,0,37,17
1589249368.212704,173.194.151.108,10.10.0.10,,,443,41505,0,705,17
1589249368.2289276,10.10.0.10,173.194.151.108,,,41505,443,0,729,17
1589249368.228953,10.10.0.10,173.194.151.108,,,41505,443,0,48,17
1589249368.2346532,173.194.151.108,10.10.0.10,,,443,41505,0,29,17
1589249368.2347028,173.194.151.108,10.10.0.10,,,443,41505,0,1358,17
1589249368.2386658,173.194.151.108,10.10.0.10,,,443,41505,0,1358,17
1589249368.2436738,10.10.0.10,173.194.151.108,,,41505,443,0,37,17
1589249368.244677,10.10.0.10,173.194.151.108,,,41505,443,0,723,17
1589249368.2447028,10.10.0.10,173.194.151.108,,,41505,443,0,48,17
1589249368.255137,173.194.151.108,10.10.0.10,,,443,41505,0,1358,17
1589249368.2577796,10.10.0.10,173.194.151.108,,,41505,443,0,40,17
1589249368.2716124,173.194.151.108,10.10.0.10,,,443,41505,0,1358,17
1589249368.2734249,10.10.0.10,173.194.151.108,,,41505,443,0,40,17
1589249368.2880838,173.194.151.108,10.10.0.10,,,443,41505,0,1358,17
1589249368.2896562,10.10.0.10,173.194.151.108,,,41505,443,0,40,17
1589249368.304572,173.194.151.108,10.10.0.10,,,443,41505,0,1358,17
1589249368.306158,10.10.0.10,173.194.151.108,,,41505,443,0,42,17
1589249368.321034,173.194.151.108,10.10.0.10,,,443,41505,0,1358,17
1589249368.322905,10.10.0.10,173.194.151.108,,,41505,443,0,42,17
1589249368.3375099,173.194.151.108,10.10.0.10,,,443,41505,0,1358,17
1589249368.3411539,10.10.0.10,173.194.151.108,,,41505,443,0,42,17
1589249368.353974,173.194.151.108,10.10.0.10,,,443,41505,0,1358,17
1589249368.355796,10.10.0.10,173.194.151.108,,,41505,443,0,42,17
1589249368.370452,173.194.151.108,10.10.0.10,,,443,41505,0,1358,17
1589249368.3869472,173.194.151.108,10.10.0.10,,,443,41505,0,1358,17
1589249368.3889186,10.10.0.10,173.194.151.108,,,41505,443,0,42,17
1589249368.403397,173.194.151.108,10.10.0.10,,,443,41505,0,1358,17
1589249368.4198804,173.194.151.108,10.10.0.10,,,443,41505,0,1358,17
1589249368.4220474,10.10.0.10,173.194.151.108,,,41505,443,0,42,17
1589249368.436343,173.194.151.108,10.10.0.10,,,443,41505,0,1358,17
1589249368.452826,173.194.151.108,10.10.0.10,,,443,41505,0,1358,17
1589249368.4546669,10.10.0.10,173.194.151.108,,,41505,443,0,42,17
1589249368.4692938,173.194.151.108,10.10.0.10,,,443,41505,0,1358,17
1589249368.4857662,173.194.151.108,10.10.0.10,,,443,41505,0,1358,17
1589249368.4874961,10.10.0.10,173.194.151.108,,,41505,443,0,42,17
1589249368.5022519,173.194.151.108,10.10.0.10,,,443,41505,0,1358,17
1589249368.518713,173.194.151.108,10.10.0.10,,,443,41505,0,1358,17
1589249368.520421,10.10.0.10,173.194.151.108,,,41505,443,0,42,17
1589249368.535194,173.194.151.108,10.10.0.10,,,443,41505,0,1358,17
1589249368.55166,173.194.151.108,10.10.0.10,,,443,41505,0,1358,17
1589249368.5534198,10.10.0.10,173.194.151.108,,,41505,443,0,42,17
1589249368.568126,173.194.151.108,10.10.0.10,,,443,41505,0,1358,17
1589249368.5846028,173.194.151.108,10.10.0.10,,,443,41505,0,1358,17
1589249368.5864189,10.10.0.10,173.194.151.108,,,41505,443,0,42,17
1589249368.601072,173.194.151.108,10.10.0.10,,,443,41505,0,1358,17
1589249368.617566,173.194.151.108,10.10.0.10,,,443,41505,0,1358,17
1589249368.619011,10.10.0.10,173.194.151.108,,,41505,443,0,42,17
1589249368.634023,173.194.151.108,10.10.0.10,,,443,41505,0,1358,17
1589249368.6504948,173.194.151.108,10.10.0.10,,,443,41505,0,1358,17
1589249368.6521635,10.10.0.10,173.194.151.108,,,41505,443,0,42,17
1589249368.668943,173.194.151.108,10.10.0.10,,,443,41505,0,1358,17
1589249368.685424,173.194.151.108,10.10.0.10,,,443,41505,0,1358,17
1589249368.6871624,10.10.0.10,173.194.151.108,,,41505,443,0,42,17
1589249368.70189,173.194.151.108,10.10.0.10,,,443,41505,0,1358,17
1589249368.718366,173.194.151.108,10.10.0.10,,,443,41505,0,1358,17
1589249368.719901,10.10.0.10,173.194.151.108,,,41505,443,0,42,17
1589249368.734839,173.194.151.108,10.10.0.10,,,443,41505,0,1358,17
1589249368.751317,173.194.151.108,10.10.0.10,,,443,41505,0,1358,17
1589249368.754894,10.10.0.10,173.194.151.108,,,41505,443,0,42,17
1589249368.767782,173.194.151.108,10.10.0.10,,,443,41505,0,1358,17
1589249368.784257,173.194.151.108,10.10.0.10,,,443,41505,0,1358,17
1589249368.785913,10.10.0.10,173.194.151.108,,,41505,443,0,55,17
1589249368.8007321,173.194.151.108,10.10.0.10,,,443,41505,0,1358,17
1589249368.817208,173.194.151.108,10.10.0.10,,,443,41505,0,1358,17
1589249368.8187642,10.10.0.10,173.194.151.108,,,41505,443,0,42,17
1589249368.8336835,173.194.151.108,10.10.0.10,,,443,41505,0,1358,17
1589249368.850157,173.194.151.108,10.10.0.10,,,443,41505,0,1358,17
1589249368.8517628,10.10.0.10,173.194.151.108,,,41505,443,0,42,17
1589249368.866628,173.194.151.108,10.10.0.10,,,443,41505,0,1358,17
1589249368.8831198,173.194.151.108,10.10.0.10,,,443,41505,0,1358,17
1589249368.8849056,10.10.0.10,173.194.151.108,,,41505,443,0,37,17
1589249368.899575,173.194.151.108,10.10.0.10,,,443,41505,0,1358,17
1589249368.9160428,173.194.151.108,10.10.0.10,,,443,41505,0,1358,17
1589249368.917636,10.10.0.10,173.194.151.108,,,41505,443,0,37,17
1589249368.9325228,173.194.151.108,10.10.0.10,,,443,41505,0,1358,17
1589249368.948997,173.194.151.108,10.10.0.10,,,443,41505,0,1358,17
1589249368.9507608,10.10.0.10,173.194.151.108,,,41505,443,0,37,17
1589249368.9654682,173.194.151.108,10.10.0.10,,,443,41505,0,1358,17
1589249368.9839172,173.194.151.108,10.10.0.10,,,443,41505,0,1358,17
1589249368.9855075,10.10.0.10,173.194.151.108,,,41505,443,0,37,17
1589249369.000393,173.194.151.108,10.10.0.10,,,443,41505,0,1358,17
1589249369.016865,173.194.151.108,10.10.0.10,,,443,41505,0,1358,17
1589249369.0185068,10.10.0.10,173.194.151.108,,,41505,443,0,37,17
1589249369.0333388,173.194.151.108,10.10.0.10,,,443,41505,0,1358,17
1589249369.0498116,173.194.151.108,10.10.0.10,,,443,41505,0,1358,17
1589249369.0515056,10.10.0.10,173.194.151.108,,,41505,443,0,37,17
1589249369.0663002,173.194.151.108,10.10.0.10,,,443,41505,0,1358,17
1589249369.0827591,173.194.151.108,10.10.0.10,,,443,41505,0,1358,17
1589249369.0843801,10.10.0.10,173.194.151.108,,,41505,443,0,37,17
1589249369.0992384,173.194.151.108,10.10.0.10,,,443,41505,0,1358,17
1589249369.115708,173.194.151.108,10.10.0.10,,,443,41505,0,1358,17
1589249369.117379,10.10.0.10,173.194.151.108,,,41505,443,0,37,17
1589249369.1321795,173.194.151.108,10.10.0.10,,,443,41505,0,1358,17
1589249369.148673,173.194.151.108,10.10.0.10,,,443,41505,0,1358,17
1589249369.150399,10.10.0.10,173.194.151.108,,,41505,443,0,37,17
1589249369.1651251,173.194.151.108,10.10.0.10,,,443,41505,0,1358,17
1589249369.1816099,173.194.151.108,10.10.0.10,,,443,41505,0,1358,17
1589249369.183378,10.10.0.10,173.194.151.108,,,41505,443,0,37,17
1589249369.198071,173.194.151.108,10.10.0.10,,,443,41505,0,1358,17
1589249369.214549,173.194.151.108,10.10.0.10,,,443,41505,0,1358,17
1589249369.21626,10.10.0.10,173.194.151.108,,,41505,443,0,37,17
1589249369.2310202,173.194.151.108,10.10.0.10,,,443,41505,0,1358,17
1589249369.247494,173.194.151.108,10.10.0.10,,,443,41505,0,1358,17
1589249369.24925,10.10.0.10,173.194.151.108,,,41505,443,0,37,17
1589249369.263984,173.194.151.108,10.10.0.10,,,443,41505,0,1358,17
1589249369.282422,173.194.151.108,10.10.0.10,,,443,41505,0,1358,17
1589249369.283996,10.10.0.10,173.194.151.108,,,41505,443,0,40,17
1589249369.2988892,173.194.151.108,10.10.0.10,,,443,41505,0,1358,17
1589249369.300522,10.10.0.10,173.194.151.108,,,41505,443,0,40,17
1589249369.315361,173.194.151.108,10.10.0.10,,,443,41505,0,1358,17
1589249369.317022,10.10.0.10,173.194.151.108,,,41505,443,0,40,17
1589249369.3318362,173.194.151.108,10.10.0.10,,,443,41505,0,1358,17
1589249369.333641,10.10.0.10,173.194.151.108,,,41505,443,0,40,17
1589249369.3483078,173.194.151.108,10.10.0.10,,,443,41505,0,1358,17
1589249369.3647964,173.194.151.108,10.10.0.10,,,443,41505,0,1358,17
1589249369.366497,10.10.0.10,173.194.151.108,,,41505,443,0,40,17
1589249369.381259,173.194.151.108,10.10.0.10,,,443,41505,0,1358,17
1589249369.397729,173.194.151.108,10.10.0.10,,,443,41505,0,1358,17
1589249369.399391,10.10.0.10,173.194.151.108,,,41505,443,0,53,17
1589249369.414202,173.194.151.108,10.10.0.10,,,443,41505,0,1358,17
1589249369.4306748,173.194.151.108,10.10.0.10,,,443,41505,0,1358,17
1589249369.4323962,10.10.0.10,173.194.151.108,,,41505,443,0,40,17
1589249369.447165,173.194.151.108,10.10.0.10,,,443,41505,0,1358,17
1589249369.463623,173.194.151.108,10.10.0.10,,,443,41505,0,1358,17
1589249369.478618,10.10.0.10,173.194.151.108,,,41505,443,0,40,17
1589249369.480102,173.194.151.108,10.10.0.10,,,443,41505,0,1358,17
1589249369.4965732,173.194.151.108,10.10.0.10,,,443,41505,0,1358,17
1589249369.4984932,10.10.0.10,173.194.151.108,,,41505,443,0,37,17
1589249369.5130448,173.194.151.108,10.10.0.10,,,443,41505,0,1358,17
1589249369.5295384,173.194.151.108,10.10.0.10,,,443,41505,0,1358,17
1589249369.5313866,10.10.0.10,173.194.151.108,,,41505,443,0,37,17
1589249369.54599,173.194.151.108,10.10.0.10,,,443,41505,0,1358,17
1589249369.5624762,173.194.151.108,10.10.0.10,,,443,41505,0,1358,17
1589249369.5642614,10.10.0.10,173.194.151.108,,,41505,443,0,37,17
1589249369.5789318,173.194.151.108,10.10.0.10,,,443,41505,0,1358,17
1589249369.5954142,173.194.151.108,10.10.0.10,,,443,41505,0,1358,17
1589249369.597263,10.10.0.10,173.194.151.108,,,41505,443,0,37,17
1589249369.6118839,173.194.151.108,10.10.0.10,,,443,41505,0,1358,17
1589249369.628352,173.194.151.108,10.10.0.10,,,443,41505,0,1358,17
1589249369.63197,10.10.0.10,173.194.151.108,,,41505,443,0,37,17
1589249369.644848,173.194.151.108,10.10.0.10,,,443,41505,0,1358,17
1589249369.661303,173.194.151.108,10.10.0.10,,,443,41505,0,1358,17
1589249369.664241,10.10.0.10,173.194.151.108,,,41505,443,0,37,17
1589249369.6777751,173.194.151.108,10.10.0.10,,,443,41505,0,1358,17
1589249369.6942508,173.194.151.108,10.10.0.10,,,443,41505,0,1358,17
1589249369.695982,10.10.0.10,173.194.151.108,,,41505,443,0,37,17
1589249369.710726,173.194.151.108,10.10.0.10,,,443,41505,0,1358,17
1589249369.727208,173.194.151.108,10.10.0.10,,,443,41505,0,1358,17
1589249369.7288818,10.10.0.10,173.194.151.108,,,41505,443,0,37,17
1589249369.7436724,173.194.151.108,10.10.0.10,,,443,41505,0,1358,17
1589249369.760145,173.194.151.108,10.10.0.10,,,443,41505,0,1358,17
1589249369.761982,10.10.0.10,173.194.151.108,,,41505,443,0,37,17
1589249369.776618,173.194.151.108,10.10.0.10,,,443,41505,0,1358,17
1589249369.7930932,173.194.151.108,10.10.0.10,,,443,41505,0,1358,17
1589249369.794863,10.10.0.10,173.194.151.108,,,41505,443,0,37,17
1589249369.809564,173.194.151.108,10.10.0.10,,,443,41505,0,1358,17
1589249369.8260381,173.194.151.108,10.10.0.10,,,443,41505,0,1358,17
1589249369.827726,10.10.0.10,173.194.151.108,,,41505,443,0,37,17
1589249369.8425279,173.194.151.108,10.10.0.10,,,443,41505,0,1358,17
1589249369.858983,173.194.151.108,10.10.0.10,,,443,41505,0,1358,17
1589249369.860736,10.10.0.10,173.194.151.108,,,41505,443,0,37,17
1589249369.875464,173.194.151.108,10.10.0.10,,,443,41505,0,1358,17
1589249369.89193,173.194.151.108,10.10.0.10,,,443,41505,0,1358,17
1589249369.893608,10.10.0.10,173.194.151.108,,,41505,443,0,37,17
1589249369.9084,173.194.151.108,10.10.0.10,,,443,41505,0,1358,17
1589249369.9248776,173.194.151.108,10.10.0.10,,,443,41505,0,1358,17
1589249369.92648,10.10.0.10,173.194.151.108,,,41505,443,0,37,17
1589249369.941351,173.194.151.108,10.10.0.10,,,443,41505,0,1358,17
1589249369.957838,173.194.151.108,10.10.0.10,,,443,41505,0,1358,17
1589249369.95948,10.10.0.10,173.194.151.108,,,41505,443,0,37,17
1589249369.974297,173.194.151.108,10.10.0.10,,,443,41505,0,1358,17
1589249369.9907708,173.194.151.108,10.10.0.10,,,443,41505,0,1358,17
1589249369.9944801,10.10.0.10,173.194.151.108,,,41505,443,0,37,17
1589249370.0072439,173.194.151.108,10.10.0.10,,,443,41505,0,1358,17
1589249370.02372,173.194.151.108,10.10.0.10,,,443,41505,0,1358,17
1589249370.0252285,10.10.0.10,173.194.151.108,,,41505,443,0,37,17
1589249370.040191,173.194.151.108,10.10.0.10,,,443,41505,0,1358,17
1589249370.056659,173.194.151.108,10.10.0.10,,,443,41505,0,1358,17
1589249370.0584776,10.10.0.10,173.194.151.108,,,41505,443,0,50,17
1589249370.073152,173.194.151.108,10.10.0.10,,,443,41505,0,1358,17
1589249370.0896108,173.194.151.108,10.10.0.10,,,443,41505,0,1358,17
1589249370.0914755,10.10.0.10,173.194.151.108,,,41505,443,0,37,17
1589249370.106083,173.194.151.108,10.10.0.10,,,443,41505,0,1358,17
1589249370.122558,173.194.151.108,10.10.0.10,,,443,41505,0,1358,17
1589249370.125601,10.10.0.10,173.194.151.108,,,41505,443,0,37,17
1589249370.1390321,173.194.151.108,10.10.0.10,,,443,41505,0,1358,17
1589249370.155519,173.194.151.108,10.10.0.10,,,443,41505,0,1358,17
1589249370.1571062,10.10.0.10,173.194.151.108,,,41505,443,0,37,17
1589249370.171994,173.194.151.108,10.10.0.10,,,443,41505,0,1358,17
1589249370.188457,173.194.151.108,10.10.0.10,,,443,41505,0,1358,17
1589249370.1902428,10.10.0.10,173.194.151.108,,,41505,443,0,37,17
1589249370.204925,173.194.151.108,10.10.0.10,,,443,41505,0,1358,17
1589249370.2214,173.194.151.108,10.10.0.10,,,443,41505,0,1358,17
1589249370.2230964,10.10.0.10,173.194.151.108,,,41505,443,0,37,17
1589249370.23787,173.194.151.108,10.10.0.10,,,443,41505,0,1358,17
1589249370.2543461,173.194.151.108,10.10.0.10,,,443,41505,0,1358,17
1589249370.256116,10.10.0.10,173.194.151.108,,,41505,443,0,37,17
1589249370.2708302,173.194.151.108,10.10.0.10,,,443,41505,0,1358,17
1589249370.2872922,173.194.151.108,10.10.0.10,,,443,41505,0,1358,17
1589249370.288959,10.10.0.10,173.194.151.108,,,41505,443,0,37,17
1589249370.303768,173.194.151.108,10.10.0.10,,,443,41505,0,1358,17
1589249370.32024,173.194.151.108,10.10.0.10,,,443,41505,0,1358,17
1589249370.321969,10.10.0.10,173.194.151.108,,,41505,443,0,37,17
1589249370.336713,173.194.151.108,10.10.0.10,,,443,41505,0,1358,17
1589249370.353198,173.194.151.108,10.10.0.10,,,443,41505,0,1358,17
1589249370.354985,10.10.0.10,173.194.151.108,,,41505,443,0,37,17
1589249370.369658,173.194.151.108,10.10.0.10,,,443,41505,0,1358,17
1589249370.386134,173.194.151.108,10.10.0.10,,,443,41505,0,1358,17
1589249370.3877196,10.10.0.10,173.194.151.108,,,41505,443,0,37,17
1589249370.402607,173.194.151.108,10.10.0.10,,,443,41505,0,1358,17
1589249370.4190779,173.194.151.108,10.10.0.10,,,443,41505,0,1358,17
1589249370.420864,10.10.0.10,173.194.151.108,,,41505,443,0,37,17
1589249370.4355538,173.194.151.108,10.10.0.10,,,443,41505,0,1358,17
1589249370.4520452,173.194.151.108,10.10.0.10,,,443,41505,0,1358,17
1589249370.4538598,10.10.0.10,173.194.151.108,,,41505,443,0,37,17
1589249370.4685118,173.194.151.108,10.10.0.10,,,443,41505,0,1358,17
1589249370.4849732,173.194.151.108,10.10.0.10,,,443,41505,0,1358,17
1589249370.4867172,10.10.0.10,173.194.151.108,,,41505,443,0,37,17
1589249370.501447,173.194.151.108,10.10.0.10,,,443,41505,0,1358,17
1589249370.5179179,173.194.151.108,10.10.0.10,,,443,41505,0,1358,17
1589249370.519736,10.10.0.10,173.194.151.108,,,41505,443,0,37,17
1589249370.53439,173.194.151.108,10.10.0.10,,,443,41505,0,1358,17
1589249370.5508828,173.194.151.108,10.10.0.10,,,443,41505,0,1358,17
1589249370.5524616,10.10.0.10,173.194.151.108,,,41505,443,0,37,17
1589249370.567339,173.194.151.108,10.10.0.10,,,443,41505,0,1358,17
1589249370.5838132,173.194.151.108,10.10.0.10,,,443,41505,0,1358,17
1589249370.5854845,10.10.0.10,173.194.151.108,,,41505,443,0,37,17
1589249370.600281,173.194.151.108,10.10.0.10,,,443,41505,0,1358,17
1589249370.6167572,173.194.151.108,10.10.0.10,,,443,41505,0,1358,17
1589249370.618616,10.10.0.10,173.194.151.108,,,41505,443,0,37,17
1589249370.633256,173.194.151.108,10.10.0.10,,,443,41505,0,1358,17
1589249370.6497009,173.194.151.108,10.10.0.10,,,443,41505,0,1358,17
1589249370.659354,10.10.0.10,173.194.151.108,,,41505,443,0,37,17
1589249370.666193,173.194.151.108,10.10.0.10,,,443,41505,0,1358,17
1589249370.682648,173.194.151.108,10.10.0.10,,,443,41505,0,1358,17
1589249370.68423,10.10.0.10,173.194.151.108,,,41505,443,0,37,17
1589249370.699126,173.194.151.108,10.10.0.10,,,443,41505,0,1358,17
1589249370.715598,173.194.151.108,10.10.0.10,,,443,41505,0,1358,17
1589249370.7172348,10.10.0.10,173.194.151.108,,,41505,443,0,50,17
1589249370.7320678,173.194.151.108,10.10.0.10,,,443,41505,0,1358,17
1589249370.7485466,173.194.151.108,10.10.0.10,,,443,41505,0,1358,17
1589249370.7640908,10.10.0.10,173.194.151.108,,,41505,443,0,37,17
1589249370.76502,173.194.151.108,10.10.0.10,,,443,41505,0,1358,17
1589249370.781502,173.194.151.108,10.10.0.10,,,443,41505,0,1358,17
1589249370.784081,10.10.0.10,173.194.151.108,,,41505,443,0,37,17
1589249370.797967,173.194.151.108,10.10.0.10,,,443,41505,0,1358,17
1589249370.814441,173.194.151.108,10.10.0.10,,,443,41505,0,29,17
1589249370.815187,173.194.151.108,10.10.0.10,,,443,41505,0,1358,17
1589249370.8180802,10.10.0.10,173.194.151.108,,,41505,443,0,37,17
1589249370.8316536,173.194.151.108,10.10.0.10,,,443,41505,0,1358,17
1589249370.848134,173.194.151.108,10.10.0.10,,,443,41505,0,1358,17
1589249370.850208,10.10.0.10,173.194.151.108,,,41505,443,0,37,17
1589249370.864625,173.194.151.108,10.10.0.10,,,443,41505,0,1358,17
1589249370.881078,173.194.151.108,10.10.0.10,,,443,41505,0,1358,17
1589249370.8829722,10.10.0.10,173.194.151.108,,,41505,443,0,37,17
1589249370.8975608,173.194.151.108,10.10.0.10,,,443,41505,0,1358,17
1589249370.914025,173.194.151.108,10.10.0.10,,,443,41505,0,1358,17
1589249370.9155786,10.10.0.10,173.194.151.108,,,41505,443,0,37,17
1589249370.9304998,173.194.151.108,10.10.0.10,,,443,41505,0,1358,17
1589249370.9469712,173.194.151.108,10.10.0.10,,,443,41505,0,1358,17
1589249370.9485981,10.10.0.10,173.194.151.108,,,41505,443,0,37,17
1589249370.9634454,173.194.151.108,10.10.0.10,,,443,41505,0,1358,17
1589249370.97994,173.194.151.108,10.10.0.10,,,443,41505,0,1358,17
1589249370.981576,10.10.0.10,173.194.151.108,,,41505,443,0,37,17
1589249370.996392,173.194.151.108,10.10.0.10,,,443,41505,0,1358,17
1589249371.012867,173.194.151.108,10.10.0.10,,,443,41505,0,1358,17
1589249371.0144699,10.10.0.10,173.194.151.108,,,41505,443,0,37,17
1589249371.0293384,173.194.151.108,10.10.0.10,,,443,41505,0,1358,17
1589249371.045812,173.194.151.108,10.10.0.10,,,443,41505,0,1358,17
1589249371.0474482,10.10.0.10,173.194.151.108,,,41505,443,0,37,17
1589249371.062286,173.194.151.108,10.10.0.10,,,443,41505,0,1358,17
1589249371.078758,173.194.151.108,10.10.0.10,,,443,41505,0,1358,17
1589249371.080323,10.10.0.10,173.194.151.108,,,41505,443,0,37,17
1589249371.0952456,173.194.151.108,10.10.0.10,,,443,41505,0,1358,17
1589249371.111705,173.194.151.108,10.10.0.10,,,443,41505,0,1358,17
1589249371.1135714,10.10.0.10,173.194.151.108,,,41505,443,0,37,17
1589249371.1281786,173.194.151.108,10.10.0.10,,,443,41505,0,1358,17
1589249371.144652,173.194.151.108,10.10.0.10,,,443,41505,0,1358,17
1589249371.1468198,10.10.0.10,173.194.151.108,,,41505,443,0,37,17
1589249371.1611252,173.194.151.108,10.10.0.10,,,443,41505,0,1358,17
1589249371.177615,173.194.151.108,10.10.0.10,,,443,41505,0,1358,17
1589249371.179344,10.10.0.10,173.194.151.108,,,41505,443,0,37,17
1589249371.194073,173.194.151.108,10.10.0.10,,,443,41505,0,1358,17
1589249371.210552,173.194.151.108,10.10.0.10,,,443,41505,0,1358,17
1589249371.212321,10.10.0.10,173.194.151.108,,,41505,443,0,37,17
1589249371.2270179,173.194.151.108,10.10.0.10,,,443,41505,0,1358,17
1589249371.243494,173.194.151.108,10.10.0.10,,,443,41505,0,1358,17
1589249371.245466,10.10.0.10,173.194.151.108,,,41505,443,0,37,17
1589249371.259961,173.194.151.108,10.10.0.10,,,443,41505,0,1358,17
1589249371.2764359,173.194.151.108,10.10.0.10,,,443,41505,0,1358,17
1589249371.278962,10.10.0.10,173.194.151.108,,,41505,443,0,37,17
1589249371.292926,173.194.151.108,10.10.0.10,,,443,41505,0,1358,17
1589249371.3093884,173.194.151.108,10.10.0.10,,,443,41505,0,1358,17
1589249371.310961,10.10.0.10,173.194.151.108,,,41505,443,0,37,17
1589249371.325864,173.194.151.108,10.10.0.10,,,443,41505,0,1358,17
1589249371.342333,173.194.151.108,10.10.0.10,,,443,41505,0,1358,17
1589249371.344192,10.10.0.10,173.194.151.108,,,41505,443,0,37,17
1589249371.358801,173.194.151.108,10.10.0.10,,,443,41505,0,1358,17
1589249371.375279,173.194.151.108,10.10.0.10,,,443,41505,0,1358,17
1589249371.377336,10.10.0.10,173.194.151.108,,,41505,443,0,50,17
1589249371.3917544,173.194.151.108,10.10.0.10,,,443,41505,0,1358,17
1589249371.408221,173.194.151.108,10.10.0.10,,,443,41505,0,1358,17
1589249371.4098132,10.10.0.10,173.194.151.108,,,41505,443,0,37,17
1589249371.4246988,173.194.151.108,10.10.0.10,,,443,41505,0,1358,17
1589249371.441174,173.194.151.108,10.10.0.10,,,443,41505,0,1358,17
1589249371.4428122,10.10.0.10,173.194.151.108,,,41505,443,0,37,17
1589249371.457647,173.194.151.108,10.10.0.10,,,443,41505,0,1358,17
1589249371.474118,173.194.151.108,10.10.0.10,,,443,41505,0,29,17
1589249371.474866,173.194.151.108,10.10.0.10,,,443,41505,0,1358,17
1589249371.476309,10.10.0.10,173.194.151.108,,,41505,443,0,37,17
1589249371.4913561,173.194.151.108,10.10.0.10,,,443,41505,0,1358,17
1589249371.5078108,173.194.151.108,10.10.0.10,,,443,41505,0,1358,17
1589249371.5095801,10.10.0.10,173.194.151.108,,,41505,443,0,37,17
1589249371.524281,173.194.151.108,10.10.0.10,,,443,41505,0,1358,17
1589249371.540758,173.194.151.108,10.10.0.10,,,443,41505,0,1358,17
1589249371.5439556,10.10.0.10,173.194.151.108,,,41505,443,0,37,17
1589249371.5572321,173.194.151.108,10.10.0.10,,,443,41505,0,1358,17
1589249371.5737028,173.194.151.108,10.10.0.10,,,443,41505,0,1358,17
1589249371.575433,10.10.0.10,173.194.151.108,,,41505,443,0,37,17
1589249371.5901742,173.194.151.108,10.10.0.10,,,443,41505,0,1358,17
1589249371.6066658,173.194.151.108,10.10.0.10,,,443,41505,0,1358,17
1589249371.608582,10.10.0.10,173.194.151.108,,,41505,443,0,37,17
1589249371.623128,173.194.151.108,10.10.0.10,,,443,41505,0,1358,17
1589249371.6396039,173.194.151.108,10.10.0.10,,,443,41505,0,1358,17
1589249371.6412976,10.10.0.10,173.194.151.108,,,41505,443,0,37,17
1589249371.656069,173.194.151.108,10.10.0.10,,,443,41505,0,1358,17
1589249371.672543,173.194.151.108,10.10.0.10,,,443,41505,0,1358,17
1589249371.674059,10.10.0.10,173.194.151.108,,,41505,443,0,37,17
1589249371.689018,173.194.151.108,10.10.0.10,,,443,41505,0,1358,17
1589249371.7054946,173.194.151.108,10.10.0.10,,,443,41505,0,1358,17
1589249371.7073069,10.10.0.10,173.194.151.108,,,41505,443,0,37,17
1589249371.721977,173.194.151.108,10.10.0.10,,,443,41505,0,1358,17
1589249371.7384348,173.194.151.108,10.10.0.10,,,443,41505,0,1358,17
1589249371.7402651,10.10.0.10,173.194.151.108,,,41505,443,0,37,17
1589249371.7549126,173.194.151.108,10.10.0.10,,,443,41505,0,1358,17
1589249371.771383,173.194.151.108,10.10.0.10,,,443,41505,0,1358,17
1589249371.772894,10.10.0.10,173.194.151.108,,,41505,443,0,37,17
1589249371.78786,173.194.151.108,10.10.0.10,,,443,41505,0,1358,17
1589249371.804327,173.194.151.108,10.10.0.10,,,443,41505,0,1358,17
1589249371.8058045,10.10.0.10,173.194.151.108,,,41505,443,0,37,17
1589249371.820806,173.194.151.108,10.10.0.10,,,443,41505,0,1358,17
1589249371.837283,173.194.151.108,10.10.0.10,,,443,41505,0,1358,17
1589249371.838945,10.10.0.10,173.194.151.108,,,41505,443,0,37,17
1589249371.853755,173.194.151.108,10.10.0.10,,,443,41505,0,1358,17
1589249371.870226,173.194.151.108,10.10.0.10,,,443,41505,0,1358,17
1589249371.871801,10.10.0.10,173.194.151.108,,,41505,443,0,37,17
1589249371.886718,173.194.151.108,10.10.0.10,,,443,41505,0,1358,17
1589249371.9031732,173.194.151.108,10.10.0.10,,,443,41505,0,1358,17
1589249371.904929,10.10.0.10,173.194.151.108,,,41505,443,0,37,17
1589249371.919658,173.194.151.108,10.10.0.10,,,443,41505,0,1358,17
1589249371.9361148,173.194.151.108,10.10.0.10,,,443,41505,0,1358,17
1589249371.938039,10.10.0.10,173.194.151.108,,,41505,443,0,37,17
1589249371.952595,173.194.151.108,10.10.0.10,,,443,41505,0,1358,17
1589249371.969065,173.194.151.108,10.10.0.10,,,443,41505,0,1358,17
1589249371.970691,10.10.0.10,173.194.151.108,,,41505,443,0,37,17
1589249371.9855402,173.194.151.108,10.10.0.10,,,443,41505,0,1358,17
1589249372.0020292,173.194.151.108,10.10.0.10,,,443,41505,0,1358,17
1589249372.0036929,10.10.0.10,173.194.151.108,,,41505,443,0,37,17
1589249372.018487,173.194.151.108,10.10.0.10,,,443,41505,0,1358,17
1589249372.0349548,173.194.151.108,10.10.0.10,,,443,41505,0,1358,17
1589249372.0489402,10.10.0.10,173.194.151.108,,,41505,443,0,50,17
1589249372.0514338,173.194.151.108,10.10.0.10,,,443,41505,0,1358,17
1589249372.0679061,173.194.151.108,10.10.0.10,,,443,41505,0,1358,17
1589249372.0694408,10.10.0.10,173.194.151.108,,,41505,443,0,37,17
1589249372.084383,173.194.151.108,10.10.0.10,,,443,41505,0,1358,17
1589249372.1008518,173.194.151.108,10.10.0.10,,,443,41505,0,1358,17
1589249372.102689,10.10.0.10,173.194.151.108,,,41505,443,0,37,17
1589249372.11734,173.194.151.108,10.10.0.10,,,443,41505,0,1358,17
1589249372.133802,173.194.151.108,10.10.0.10,,,443,41505,0,1358,17
1589249372.135688,10.10.0.10,173.194.151.108,,,41505,443,0,37,17
1589249372.150275,173.194.151.108,10.10.0.10,,,443,41505,0,1358,17
1589249372.1667464,173.194.151.108,10.10.0.10,,,443,41505,0,1358,17
1589249372.1682918,10.10.0.10,173.194.151.108,,,41505,443,0,37,17
1589249372.183221,173.194.151.108,10.10.0.10,,,443,41505,0,1358,17
1589249372.1997118,173.194.151.108,10.10.0.10,,,443,41505,0,1358,17
1589249372.2013102,10.10.0.10,173.194.151.108,,,41505,443,0,37,17
1589249372.216167,173.194.151.108,10.10.0.10,,,443,41505,0,1358,17
1589249372.2326488,173.194.151.108,10.10.0.10,,,443,41505,0,1358,17
1589249372.2345624,10.10.0.10,173.194.151.108,,,41505,443,0,37,17
1589249372.249115,173.194.151.108,10.10.0.10,,,443,41505,0,1358,17
1589249372.2655866,173.194.151.108,10.10.0.10,,,443,41505,0,1358,17
1589249372.267433,10.10.0.10,173.194.151.108,,,41505,443,0,37,17
1589249372.2820814,173.194.151.108,10.10.0.10,,,443,41505,0,1358,17
1589249372.2985349,173.194.151.108,10.10.0.10,,,443,41505,0,1358,17
1589249372.3003092,10.10.0.10,173.194.151.108,,,41505,443,0,37,17
1589249372.315021,173.194.151.108,10.10.0.10,,,443,41505,0,1358,17
1589249372.331482,173.194.151.108,10.10.0.10,,,443,41505,0,1358,17
1589249372.333173,10.10.0.10,173.194.151.108,,,41505,443,0,37,17
1589249372.347964,173.194.151.108,10.10.0.10,,,443,41505,0,1358,17
1589249372.3644269,173.194.151.108,10.10.0.10,,,443,41505,0,1358,17
1589249372.36631,10.10.0.10,173.194.151.108,,,41505,443,0,37,17
1589249372.380902,173.194.151.108,10.10.0.10,,,443,41505,0,1358,17
1589249372.397375,173.194.151.108,10.10.0.10,,,443,41505,0,1358,17
1589249372.3990538,10.10.0.10,173.194.151.108,,,41505,443,0,37,17
1589249372.413847,173.194.151.108,10.10.0.10,,,443,41505,0,1358,17
1589249372.43033,173.194.151.108,10.10.0.10,,,443,41505,0,1358,17
1589249372.431909,10.10.0.10,173.194.151.108,,,41505,443,0,37,17
1589249372.4467962,173.194.151.108,10.10.0.10,,,443,41505,0,1358,17
1589249372.4632668,173.194.151.108,10.10.0.10,,,443,41505,0,1358,17
1589249372.465052,10.10.0.10,173.194.151.108,,,41505,443,0,37,17
1589249372.479742,173.194.151.108,10.10.0.10,,,443,41505,0,1358,17
1589249372.496216,173.194.151.108,10.10.0.10,,,443,41505,0,1358,17
1589249372.497908,10.10.0.10,173.194.151.108,,,41505,443,0,37,17
1589249372.512686,173.194.151.108,10.10.0.10,,,443,41505,0,1358,17
1589249372.529165,173.194.151.108,10.10.0.10,,,443,41505,0,1358,17
1589249372.531049,10.10.0.10,173.194.151.108,,,41505,443,0,37,17
1589249372.54564,173.194.151.108,10.10.0.10,,,443,41505,0,1358,17
1589249372.5621068,173.194.151.108,10.10.0.10,,,443,41505,0,1358,17
1589249372.563926,10.10.0.10,173.194.151.108,,,41505,443,0,37,17
1589249372.578582,173.194.151.108,10.10.0.10,,,443,41505,0,1358,17
1589249372.595075,173.194.151.108,10.10.0.10,,,443,41505,0,1358,17
1589249372.5986292,10.10.0.10,173.194.151.108,,,41505,443,0,37,17
1589249372.6115296,173.194.151.108,10.10.0.10,,,443,41505,0,1358,17
1589249372.628026,173.194.151.108,10.10.0.10,,,443,41505,0,1358,17
1589249372.630242,10.10.0.10,173.194.151.108,,,41505,443,0,37,17
1589249372.6444762,173.194.151.108,10.10.0.10,,,443,41505,0,1358,17
1589249372.660944,173.194.151.108,10.10.0.10,,,443,41505,0,1358,17
1589249372.6626544,10.10.0.10,173.194.151.108,,,41505,443,0,37,17
1589249372.67742,173.194.151.108,10.10.0.10,,,443,41505,0,1358,17
1589249372.6938946,173.194.151.108,10.10.0.10,,,443,41505,0,1358,17
1589249372.69552,10.10.0.10,173.194.151.108,,,41505,443,0,50,17
1589249372.7103848,173.194.151.108,10.10.0.10,,,443,41505,0,1358,17
1589249372.711895,10.10.0.10,173.194.151.108,,,41505,443,0,40,17
1589249372.7268429,173.194.151.108,10.10.0.10,,,443,41505,0,1358,17
1589249372.728542,10.10.0.10,173.194.151.108,,,41505,443,0,40,17
1589249372.743313,173.194.151.108,10.10.0.10,,,443,41505,0,1358,17
1589249372.745,10.10.0.10,173.194.151.108,,,41505,443,0,40,17
1589249372.759786,173.194.151.108,10.10.0.10,,,443,41505,0,29,17
1589249372.7605276,173.194.151.108,10.10.0.10,,,443,41505,0,1358,17
1589249372.7770028,173.194.151.108,10.10.0.10,,,443,41505,0,1358,17
1589249372.7784991,10.10.0.10,173.194.151.108,,,41505,443,0,40,17
1589249372.7934804,173.194.151.108,10.10.0.10,,,443,41505,0,1358,17
1589249372.8099554,173.194.151.108,10.10.0.10,,,443,41505,0,1358,17
1589249372.8116472,10.10.0.10,173.194.151.108,,,41505,443,0,40,17
1589249372.826422,173.194.151.108,10.10.0.10,,,443,41505,0,1358,17
1589249372.8428998,173.194.151.108,10.10.0.10,,,443,41505,0,1358,17
1589249372.844666,10.10.0.10,173.194.151.108,,,41505,443,0,40,17
1589249372.859385,173.194.151.108,10.10.0.10,,,443,41505,0,1358,17
1589249372.8758461,173.194.151.108,10.10.0.10,,,443,41505,0,1358,17
1589249372.8787718,10.10.0.10,173.194.151.108,,,41505,443,0,40,17
1589249372.8923151,173.194.151.108,10.10.0.10,,,443,41505,0,1358,17
1589249372.9088151,173.194.151.108,10.10.0.10,,,443,41505,0,1358,17
1589249372.9118938,10.10.0.10,173.194.151.108,,,41505,443,0,40,17
1589249372.9252698,173.194.151.108,10.10.0.10,,,443,41505,0,1358,17
1589249372.941752,173.194.151.108,10.10.0.10,,,443,41505,0,1358,17
1589249372.943987,10.10.0.10,173.194.151.108,,,41505,443,0,40,17
1589249372.958209,173.194.151.108,10.10.0.10,,,443,41505,0,1358,17
1589249372.971599,173.194.151.108,10.10.0.10,,,443,41505,0,1358,17
1589249372.9732704,10.10.0.10,173.194.151.108,,,41505,443,0,40,17
1589249372.984998,173.194.151.108,10.10.0.10,,,443,41505,0,1358,17
1589249372.998375,173.194.151.108,10.10.0.10,,,443,41505,0,1358,17
1589249372.999989,10.10.0.10,173.194.151.108,,,41505,443,0,40,17
1589249373.0117528,173.194.151.108,10.10.0.10,,,443,41505,0,1358,17
1589249373.025137,173.194.151.108,10.10.0.10,,,443,41505,0,1358,17
1589249373.026911,10.10.0.10,173.194.151.108,,,41505,443,0,40,17
1589249373.038522,173.194.151.108,10.10.0.10,,,443,41505,0,1358,17
1589249373.051906,173.194.151.108,10.10.0.10,,,443,41505,0,1358,17
1589249373.0535238,10.10.0.10,173.194.151.108,,,41505,443,0,40,17
1589249373.065311,173.194.151.108,10.10.0.10,,,443,41505,0,1358,17
1589249373.0786881,173.194.151.108,10.10.0.10,,,443,41505,0,1358,17
1589249373.080145,10.10.0.10,173.194.151.108,,,41505,443,0,40,17
1589249373.092058,173.194.151.108,10.10.0.10,,,443,41505,0,1358,17
1589249373.105446,173.194.151.108,10.10.0.10,,,443,41505,0,1358,17
1589249373.1070132,10.10.0.10,173.194.151.108,,,41505,443,0,40,17
1589249373.118833,173.194.151.108,10.10.0.10,,,443,41505,0,1358,17
1589249373.132215,173.194.151.108,10.10.0.10,,,443,41505,0,1358,17
1589249373.134033,10.10.0.10,173.194.151.108,,,41505,443,0,40,17
1589249373.1455991,173.194.151.108,10.10.0.10,,,443,41505,0,1358,17
1589249373.158995,173.194.151.108,10.10.0.10,,,443,41505,0,1358,17
1589249373.162283,10.10.0.10,173.194.151.108,,,41505,443,0,40,17
1589249373.1727734,173.194.151.108,10.10.0.10,,,443,41505,0,1358,17
1589249373.1861546,173.194.151.108,10.10.0.10,,,443,41505,0,1358,17
1589249373.187769,10.10.0.10,173.194.151.108,,,41505,443,0,40,17
1589249373.199556,173.194.151.108,10.10.0.10,,,443,41505,0,1358,17
1589249373.212934,173.194.151.108,10.10.0.10,,,443,41505,0,1358,17
1589249373.2146552,10.10.0.10,173.194.151.108,,,41505,443,0,40,17
1589249373.226311,173.194.151.108,10.10.0.10,,,443,41505,0,1358,17
1589249373.2396948,173.194.151.108,10.10.0.10,,,443,41505,0,1358,17
1589249373.241386,10.10.0.10,173.194.151.108,,,41505,443,0,53,17
1589249373.253082,173.194.151.108,10.10.0.10,,,443,41505,0,1358,17
1589249373.266464,173.194.151.108,10.10.0.10,,,443,41505,0,1358,17
1589249373.268282,10.10.0.10,173.194.151.108,,,41505,443,0,37,17
1589249373.279867,173.194.151.108,10.10.0.10,,,443,41505,0,1358,17
1589249373.293242,173.194.151.108,10.10.0.10,,,443,41505,0,1358,17
1589249373.295153,10.10.0.10,173.194.151.108,,,41505,443,0,37,17
1589249373.306619,173.194.151.108,10.10.0.10,,,443,41505,0,1358,17
1589249373.320007,173.194.151.108,10.10.0.10,,,443,41505,0,1358,17
1589249373.3217795,10.10.0.10,173.194.151.108,,,41505,443,0,37,17
1589249373.333388,173.194.151.108,10.10.0.10,,,443,41505,0,1358,17
1589249373.346772,173.194.151.108,10.10.0.10,,,443,41505,0,1358,17
1589249373.3485081,10.10.0.10,173.194.151.108,,,41505,443,0,37,17
1589249373.360181,173.194.151.108,10.10.0.10,,,443,41505,0,1358,17
1589249373.373557,173.194.151.108,10.10.0.10,,,443,41505,0,1358,17
1589249373.3755078,10.10.0.10,173.194.151.108,,,41505,443,0,37,17
1589249373.3869288,173.194.151.108,10.10.0.10,,,443,41505,0,1358,17
1589249373.40031,173.194.151.108,10.10.0.10,,,443,41505,0,1358,17
1589249373.4038668,10.10.0.10,173.194.151.108,,,41505,443,0,37,17
1589249373.413694,173.194.151.108,10.10.0.10,,,443,41505,0,1358,17
1589249373.427075,173.194.151.108,10.10.0.10,,,443,41505,0,1358,17
1589249373.4289026,10.10.0.10,173.194.151.108,,,41505,443,0,37,17
1589249373.440465,173.194.151.108,10.10.0.10,,,443,41505,0,1358,17
1589249373.4538612,173.194.151.108,10.10.0.10,,,443,41505,0,1358,17
1589249373.4558976,10.10.0.10,173.194.151.108,,,41505,443,0,37,17
1589249373.4672372,173.194.151.108,10.10.0.10,,,443,41505,0,1358,17
1589249373.480617,173.194.151.108,10.10.0.10,,,443,41505,0,1358,17
1589249373.4824,10.10.0.10,173.194.151.108,,,41505,443,0,37,17
1589249373.4940028,173.194.151.108,10.10.0.10,,,443,41505,0,1358,17
1589249373.507387,173.194.151.108,10.10.0.10,,,443,41505,0,1358,17
1589249373.5091276,10.10.0.10,173.194.151.108,,,41505,443,0,37,17
1589249373.5207732,173.194.151.108,10.10.0.10,,,443,41505,0,1358,17
1589249373.534172,173.194.151.108,10.10.0.10,,,443,41505,0,1358,17
1589249373.5360222,10.10.0.10,173.194.151.108,,,41505,443,0,37,17
1589249373.547549,173.194.151.108,10.10.0.10,,,443,41505,0,1358,17
1589249373.5609276,173.194.151.108,10.10.0.10,,,443,41505,0,1358,17
1589249373.5624998,10.10.0.10,173.194.151.108,,,41505,443,0,37,17
1589249373.574312,173.194.151.108,10.10.0.10,,,443,41505,0,1358,17
1589249373.587696,173.194.151.108,10.10.0.10,,,443,41505,0,1358,17
1589249373.589374,10.10.0.10,173.194.151.108,,,41505,443,0,37,17
1589249373.6010811,173.194.151.108,10.10.0.10,,,443,41505,0,1358,17
1589249373.614462,173.194.151.108,10.10.0.10,,,443,41505,0,1358,17
1589249373.616102,10.10.0.10,173.194.151.108,,,41505,443,0,37,17
1589249373.627857,173.194.151.108,10.10.0.10,,,443,41505,0,1358,17
1589249373.6412358,173.194.151.108,10.10.0.10,,,443,41505,0,1358,17
1589249373.643233,10.10.0.10,173.194.151.108,,,41505,443,0,37,17
1589249373.654618,173.194.151.108,10.10.0.10,,,443,41505,0,1358,17
1589249373.667995,173.194.151.108,10.10.0.10,,,443,41505,0,1358,17
1589249373.6694849,10.10.0.10,173.194.151.108,,,41505,443,0,37,17
1589249373.681387,173.194.151.108,10.10.0.10,,,443,41505,0,1358,17
1589249373.694767,173.194.151.108,10.10.0.10,,,443,41505,0,1358,17
1589249373.6973708,10.10.0.10,173.194.151.108,,,41505,443,0,37,17
1589249373.708154,173.194.151.108,10.10.0.10,,,443,41505,0,1358,17
1589249373.7215474,173.194.151.108,10.10.0.10,,,443,41505,0,1358,17
1589249373.726375,10.10.0.10,173.194.151.108,,,41505,443,0,37,17
1589249373.734928,173.194.151.108,10.10.0.10,,,443,41505,0,1358,17
1589249373.748306,173.194.151.108,10.10.0.10,,,443,41505,0,1358,17
1589249373.7498364,10.10.0.10,173.194.151.108,,,41505,443,0,37,17
1589249373.761698,173.194.151.108,10.10.0.10,,,443,41505,0,1358,17
1589249373.775076,173.194.151.108,10.10.0.10,,,443,41505,0,1358,17
1589249373.776619,10.10.0.10,173.194.151.108,,,41505,443,0,50,17
1589249373.788464,173.194.151.108,10.10.0.10,,,443,41505,0,1358,17
1589249373.8018522,173.194.151.108,10.10.0.10,,,443,41505,0,1358,17
1589249373.80337,10.10.0.10,173.194.151.108,,,41505,443,0,37,17
1589249373.815233,173.194.151.108,10.10.0.10,,,443,41505,0,1358,17
1589249373.8286178,173.194.151.108,10.10.0.10,,,443,41505,0,29,17
1589249373.829231,173.194.151.108,10.10.0.10,,,443,41505,0,1358,17
1589249373.8315196,10.10.0.10,173.194.151.108,,,41505,443,0,37,17
1589249373.842607,173.194.151.108,10.10.0.10,,,443,41505,0,1358,17
1589249373.855994,173.194.151.108,10.10.0.10,,,443,41505,0,1358,17
1589249373.8577619,10.10.0.10,173.194.151.108,,,41505,443,0,37,17
1589249373.8693788,173.194.151.108,10.10.0.10,,,443,41505,0,1358,17
1589249373.882762,173.194.151.108,10.10.0.10,,,443,41505,0,1358,17
1589249373.884514,10.10.0.10,173.194.151.108,,,41505,443,0,37,17
1589249373.896162,173.194.151.108,10.10.0.10,,,443,41505,0,1358,17
1589249373.909538,173.194.151.108,10.10.0.10,,,443,41505,0,1358,17
1589249373.911491,10.10.0.10,173.194.151.108,,,41505,443,0,37,17
1589249373.9229171,173.194.151.108,10.10.0.10,,,443,41505,0,1358,17
1589249373.9362972,173.194.151.108,10.10.0.10,,,443,41505,0,1358,17
1589249373.937866,10.10.0.10,173.194.151.108,,,41505,443,0,37,17
1589249373.949686,173.194.151.108,10.10.0.10,,,443,41505,0,1358,17
1589249373.963072,173.194.151.108,10.10.0.10,,,443,41505,0,1358,17
1589249373.9667392,10.10.0.10,173.194.151.108,,,41505,443,0,37,17
1589249373.976469,173.194.151.108,10.10.0.10,,,443,41505,0,1358,17
1589249373.9898481,173.194.151.108,10.10.0.10,,,443,41505,0,1358,17
1589249373.9926364,10.10.0.10,173.194.151.108,,,41505,443,0,37,17
1589249374.0032248,173.194.151.108,10.10.0.10,,,443,41505,0,1358,17
1589249374.01661,173.194.151.108,10.10.0.10,,,443,41505,0,1358,17
1589249374.018238,10.10.0.10,173.194.151.108,,,41505,443,0,37,17
1589249374.029994,173.194.151.108,10.10.0.10,,,443,41505,0,1358,17
1589249374.0433779,173.194.151.108,10.10.0.10,,,443,41505,0,1358,17
1589249374.0461366,10.10.0.10,173.194.151.108,,,41505,443,0,37,17
1589249374.056782,173.194.151.108,10.10.0.10,,,443,41505,0,1358,17
1589249374.07016,173.194.151.108,10.10.0.10,,,443,41505,0,1358,17
1589249374.0729866,10.10.0.10,173.194.151.108,,,41505,443,0,37,17
1589249374.083535,173.194.151.108,10.10.0.10,,,443,41505,0,1358,17
1589249374.0969172,173.194.151.108,10.10.0.10,,,443,41505,0,1358,17
1589249374.100238,10.10.0.10,173.194.151.108,,,41505,443,0,37,17
1589249374.110297,173.194.151.108,10.10.0.10,,,443,41505,0,1358,17
1589249374.1236851,173.194.151.108,10.10.0.10,,,443,41505,0,1358,17
1589249374.125359,10.10.0.10,173.194.151.108,,,41505,443,0,37,17
1589249374.1370704,173.194.151.108,10.10.0.10,,,443,41505,0,1358,17
1589249374.150467,173.194.151.108,10.10.0.10,,,443,41505,0,1358,17
1589249374.152992,10.10.0.10,173.194.151.108,,,41505,443,0,37,17
1589249374.163847,173.194.151.108,10.10.0.10,,,443,41505,0,1358,17
1589249374.177224,173.194.151.108,10.10.0.10,,,443,41505,0,1358,17
1589249374.179006,10.10.0.10,173.194.151.108,,,41505,443,0,37,17
1589249374.190607,173.194.151.108,10.10.0.10,,,443,41505,0,1358,17
1589249374.203998,173.194.151.108,10.10.0.10,,,443,41505,0,1358,17
1589249374.206001,10.10.0.10,173.194.151.108,,,41505,443,0,37,17
1589249374.217377,173.194.151.108,10.10.0.10,,,443,41505,0,1358,17
1589249374.230777,173.194.151.108,10.10.0.10,,,443,41505,0,1358,17
1589249374.233625,10.10.0.10,173.194.151.108,,,41505,443,0,37,17
1589249374.2441561,173.194.151.108,10.10.0.10,,,443,41505,0,1358,17
1589249374.257536,173.194.151.108,10.10.0.10,,,443,41505,0,1358,17
1589249374.259225,10.10.0.10,173.194.151.108,,,41505,443,0,37,17
1589249374.2709155,173.194.151.108,10.10.0.10,,,443,41505,0,1358,17
1589249374.284304,173.194.151.108,10.10.0.10,,,443,41505,0,1358,17
1589249374.286096,10.10.0.10,173.194.151.108,,,41505,443,0,37,17
1589249374.2976859,173.194.151.108,10.10.0.10,,,443,41505,0,1358,17
1589249374.3110852,173.194.151.108,10.10.0.10,,,443,41505,0,1358,17
1589249374.3127198,10.10.0.10,173.194.151.108,,,41505,443,0,50,17
1589249374.324464,173.194.151.108,10.10.0.10,,,443,41505,0,1358,17
1589249374.337842,173.194.151.108,10.10.0.10,,,443,41505,0,1358,17
1589249374.3393474,10.10.0.10,173.194.151.108,,,41505,443,0,37,17
1589249374.351224,173.194.151.108,10.10.0.10,,,443,41505,0,1358,17
1589249374.364609,173.194.151.108,10.10.0.10,,,443,41505,0,1358,17
1589249374.366481,10.10.0.10,173.194.151.108,,,41505,443,0,37,17
1589249374.3779938,173.194.151.108,10.10.0.10,,,443,41505,0,1358,17
1589249374.3913972,173.194.151.108,10.10.0.10,,,443,41505,0,1358,17
1589249374.3931012,10.10.0.10,173.194.151.108,,,41505,443,0,37,17
1589249374.4047742,173.194.151.108,10.10.0.10,,,443,41505,0,1358,17
1589249374.4181492,173.194.151.108,10.10.0.10,,,443,41505,0,1358,17
1589249374.419872,10.10.0.10,173.194.151.108,,,41505,443,0,37,17
1589249374.431534,173.194.151.108,10.10.0.10,,,443,41505,0,1358,17
1589249374.4449182,173.194.151.108,10.10.0.10,,,443,41505,0,1358,17
1589249374.4467466,10.10.0.10,173.194.151.108,,,41505,443,0,37,17
1589249374.458302,173.194.151.108,10.10.0.10,,,443,41505,0,1358,17
1589249374.4716852,173.194.151.108,10.10.0.10,,,443,41505,0,1358,17
1589249374.473474,10.10.0.10,173.194.151.108,,,41505,443,0,37,17
1589249374.4850829,173.194.151.108,10.10.0.10,,,443,41505,0,1358,17
1589249374.498457,173.194.151.108,10.10.0.10,,,443,41505,0,1358,17
1589249374.500224,10.10.0.10,173.194.151.108,,,41505,443,0,37,17
1589249374.5118392,173.194.151.108,10.10.0.10,,,443,41505,0,1358,17
1589249374.525222,173.194.151.108,10.10.0.10,,,443,41505,0,1358,17
1589249374.527098,10.10.0.10,173.194.151.108,,,41505,443,0,37,17
1589249374.538611,173.194.151.108,10.10.0.10,,,443,41505,0,1358,17
1589249374.551991,173.194.151.108,10.10.0.10,,,443,41505,0,1358,17
1589249374.5569725,10.10.0.10,173.194.151.108,,,41505,443,0,37,17
1589249374.565392,173.194.151.108,10.10.0.10,,,443,41505,0,1358,17
1589249374.578769,173.194.151.108,10.10.0.10,,,443,41505,0,1358,17
1589249374.5921464,173.194.151.108,10.10.0.10,,,443,41505,0,1358,17
1589249374.6055331,173.194.151.108,10.10.0.10,,,443,41505,0,1358,17
1589249374.6073391,10.10.0.10,173.194.151.108,,,41505,443,0,37,17
1589249374.609118,10.10.0.10,173.194.151.108,,,41505,443,0,37,17
1589249374.6189132,173.194.151.108,10.10.0.10,,,443,41505,0,1358,17
1589249374.6322956,173.194.151.108,10.10.0.10,,,443,41505,0,1358,17
1589249374.6457038,173.194.151.108,10.10.0.10,,,443,41505,0,1358,17
1589249374.6463964,10.10.0.10,173.194.151.108,,,41505,443,0,37,17
1589249374.6590776,173.194.151.108,10.10.0.10,,,443,41505,0,1358,17
1589249374.6608696,10.10.0.10,173.194.151.108,,,41505,443,0,37,17
1589249374.6724498,173.194.151.108,10.10.0.10,,,443,41505,0,1358,17
1589249374.6858408,173.194.151.108,10.10.0.10,,,443,41505,0,1358,17
1589249374.687492,10.10.0.10,173.194.151.108,,,41505,443,0,37,17
1589249374.699223,173.194.151.108,10.10.0.10,,,443,41505,0,1358,17
1589249374.7126071,173.194.151.108,10.10.0.10,,,443,41505,0,1358,17
1589249374.7140882,10.10.0.10,173.194.151.108,,,41505,443,0,37,17
1589249374.7260141,173.194.151.108,10.10.0.10,,,443,41505,0,1358,17
1589249374.7393732,173.194.151.108,10.10.0.10,,,443,41505,0,1358,17
1589249374.741086,10.10.0.10,173.194.151.108,,,41505,443,0,37,17
1589249374.7527628,173.194.151.108,10.10.0.10,,,443,41505,0,1358,17
1589249374.7661474,173.194.151.108,10.10.0.10,,,443,41505,0,1358,17
1589249374.7679718,10.10.0.10,173.194.151.108,,,41505,443,0,40,17
1589249374.7795322,173.194.151.108,10.10.0.10,,,443,41505,0,1358,17
1589249374.781179,10.10.0.10,173.194.151.108,,,41505,443,0,40,17
1589249374.7929158,173.194.151.108,10.10.0.10,,,443,41505,0,1358,17
1589249374.7943325,10.10.0.10,173.194.151.108,,,41505,443,0,40,17
1589249374.8063002,173.194.151.108,10.10.0.10,,,443,41505,0,1358,17
1589249374.807863,10.10.0.10,173.194.151.108,,,41505,443,0,53,17
1589249374.8196974,173.194.151.108,10.10.0.10,,,443,41505,0,1358,17
1589249374.8330722,173.194.151.108,10.10.0.10,,,443,41505,0,1358,17
1589249374.834608,10.10.0.10,173.194.151.108,,,41505,443,0,40,17
1589249374.846456,173.194.151.108,10.10.0.10,,,443,41505,0,1358,17
1589249374.859839,173.194.151.108,10.10.0.10,,,443,41505,0,1358,17
1589249374.861468,10.10.0.10,173.194.151.108,,,41505,443,0,40,17
1589249374.873226,173.194.151.108,10.10.0.10,,,443,41505,0,29,17
1589249374.873831,173.194.151.108,10.10.0.10,,,443,41505,0,1358,17
1589249374.887216,173.194.151.108,10.10.0.10,,,443,41505,0,1358,17
1589249374.888982,10.10.0.10,173.194.151.108,,,41505,443,0,37,17
1589249374.900601,173.194.151.108,10.10.0.10,,,443,41505,0,1358,17
1589249374.9139822,173.194.151.108,10.10.0.10,,,443,41505,0,1358,17
1589249374.9155881,10.10.0.10,173.194.151.108,,,41505,443,0,37,17
1589249374.927381,173.194.151.108,10.10.0.10,,,443,41505,0,1358,17
1589249374.940758,173.194.151.108,10.10.0.10,,,443,41505,0,255,17
1589249374.942105,10.10.0.10,173.194.151.108,,,41505,443,0,37,17
1589249374.9777124,10.10.0.10,173.194.151.108,,,41505,443,0,722,17
1589249374.983956,173.194.151.108,10.10.0.10,,,443,41505,0,29,17
1589249374.984098,10.10.0.10,173.194.151.108,,,41505,443,0,48,17
1589249374.9883304,173.194.151.108,10.10.0.10,,,443,41505,0,115,17
1589249374.9883618,173.194.151.108,10.10.0.10,,,443,41505,0,1358,17
1589249374.988386,173.194.151.108,10.10.0.10,,,443,41505,0,1358,17
1589249374.99548,10.10.0.10,173.194.151.108,,,41505,443,0,37,17
1589249374.997359,10.10.0.10,173.194.151.108,,,41505,443,0,730,17
1589249374.998601,10.10.0.10,173.194.151.108,,,41505,443,0,48,17
1589249375.001158,173.194.151.108,10.10.0.10,,,443,41505,0,1358,17
1589249375.014543,173.194.151.108,10.10.0.10,,,443,41505,0,1358,17
1589249375.017354,10.10.0.10,173.194.151.108,,,41505,443,0,37,17
1589249375.0279422,173.194.151.108,10.10.0.10,,,443,41505,0,1358,17
1589249375.0413158,173.194.151.108,10.10.0.10,,,443,41505,0,1358,17
1589249375.043102,10.10.0.10,173.194.151.108,,,41505,443,0,37,17
1589249375.054696,173.194.151.108,10.10.0.10,,,443,41505,0,1358,17
1589249375.0680802,173.194.151.108,10.10.0.10,,,443,41505,0,1358,17
1589249375.069712,10.10.0.10,173.194.151.108,,,41505,443,0,37,17
1589249375.0814614,173.194.151.108,10.10.0.10,,,443,41505,0,1358,17
1589249375.0948489,173.194.151.108,10.10.0.10,,,443,41505,0,1358,17
1589249375.096458,10.10.0.10,173.194.151.108,,,41505,443,0,37,17
1589249375.108253,173.194.151.108,10.10.0.10,,,443,41505,0,1358,17
1589249375.1216292,173.194.151.108,10.10.0.10,,,443,41505,0,1358,17
1589249375.123456,10.10.0.10,173.194.151.108,,,41505,443,0,37,17
1589249375.1350062,173.194.151.108,10.10.0.10,,,443,41505,0,1358,17
1589249375.148393,173.194.151.108,10.10.0.10,,,443,41505,0,1358,17
1589249375.150088,10.10.0.10,173.194.151.108,,,41505,443,0,37,17
1589249375.1617708,173.194.151.108,10.10.0.10,,,443,41505,0,1358,17
1589249375.175158,173.194.151.108,10.10.0.10,,,443,41505,0,1358,17
1589249375.1768286,10.10.0.10,173.194.151.108,,,41505,443,0,37,17
1589249375.188545,173.194.151.108,10.10.0.10,,,443,41505,0,1358,17
1589249375.201937,173.194.151.108,10.10.0.10,,,443,41505,0,1358,17
1589249375.2036932,10.10.0.10,173.194.151.108,,,41505,443,0,37,17
1589249375.2153141,173.194.151.108,10.10.0.10,,,443,41505,0,1358,17
1589249375.228697,173.194.151.108,10.10.0.10,,,443,41505,0,1358,17
1589249375.2304518,10.10.0.10,173.194.151.108,,,41505,443,0,37,17
1589249375.2420828,173.194.151.108,10.10.0.10,,,443,41505,0,1358,17
1589249375.255468,173.194.151.108,10.10.0.10,,,443,41505,0,1358,17
1589249375.2572026,10.10.0.10,173.194.151.108,,,41505,443,0,37,17
1589249375.268872,173.194.151.108,10.10.0.10,,,443,41505,0,1358,17
1589249375.282249,173.194.151.108,10.10.0.10,,,443,41505,0,1358,17
1589249375.283953,10.10.0.10,173.194.151.108,,,41505,443,0,37,17
1589249375.295615,173.194.151.108,10.10.0.10,,,443,41505,0,1358,17
1589249375.309006,173.194.151.108,10.10.0.10,,,443,41505,0,1358,17
1589249375.311576,10.10.0.10,173.194.151.108,,,41505,443,0,37,17
1589249375.32239,173.194.151.108,10.10.0.10,,,443,41505,0,1358,17
1589249375.3357751,173.194.151.108,10.10.0.10,,,443,41505,0,1358,17
1589249375.3375962,10.10.0.10,173.194.151.108,,,41505,443,0,37,17
1589249375.34916,173.194.151.108,10.10.0.10,,,443,41505,0,1358,17
1589249375.3625572,173.194.151.108,10.10.0.10,,,443,41505,0,1358,17
1589249375.364325,10.10.0.10,173.194.151.108,,,41505,443,0,37,17
1589249375.375928,173.194.151.108,10.10.0.10,,,443,41505,0,1358,17
1589249375.3893142,173.194.151.108,10.10.0.10,,,443,41505,0,1358,17
1589249375.391313,10.10.0.10,173.194.151.108,,,41505,443,0,37,17
1589249375.402699,173.194.151.108,10.10.0.10,,,443,41505,0,1358,17
1589249375.4160821,173.194.151.108,10.10.0.10,,,443,41505,0,1358,17
1589249375.41796,10.10.0.10,173.194.151.108,,,41505,443,0,37,17
1589249375.429465,173.194.151.108,10.10.0.10,,,443,41505,0,1358,17
1589249375.442871,173.194.151.108,10.10.0.10,,,443,41505,0,1358,17
1589249375.4447148,10.10.0.10,173.194.151.108,,,41505,443,0,37,17
1589249375.4562454,173.194.151.108,10.10.0.10,,,443,41505,0,1358,17
1589249375.4696221,173.194.151.108,10.10.0.10,,,443,41505,0,1358,17
1589249375.472327,10.10.0.10,173.194.151.108,,,41505,443,0,37,17
1589249375.483007,173.194.151.108,10.10.0.10,,,443,41505,0,1358,17
1589249375.4963858,173.194.151.108,10.10.0.10,,,443,41505,0,1358,17
1589249375.4980614,10.10.0.10,173.194.151.108,,,41505,443,0,37,17
1589249375.5097759,173.194.151.108,10.10.0.10,,,443,41505,0,1358,17
1589249375.523177,173.194.151.108,10.10.0.10,,,443,41505,0,1358,17
1589249375.5249429,10.10.0.10,173.194.151.108,,,41505,443,0,50,17
1589249375.536553,173.194.151.108,10.10.0.10,,,443,41505,0,1358,17
1589249375.549928,173.194.151.108,10.10.0.10,,,443,41505,0,1358,17
1589249375.5517118,10.10.0.10,173.194.151.108,,,41505,443,0,37,17
1589249375.563314,173.194.151.108,10.10.0.10,,,443,41505,0,1358,17
1589249375.5767002,173.194.151.108,10.10.0.10,,,443,41505,0,1358,17
1589249375.578567,10.10.0.10,173.194.151.108,,,41505,443,0,37,17
1589249375.5900831,173.194.151.108,10.10.0.10,,,443,41505,0,1358,17
1589249375.603487,173.194.151.108,10.10.0.10,,,443,41505,0,1358,17
1589249375.605217,10.10.0.10,173.194.151.108,,,41505,443,0,37,17
1589249375.616848,173.194.151.108,10.10.0.10,,,443,41505,0,1358,17
1589249375.630239,173.194.151.108,10.10.0.10,,,443,41505,0,1358,17
1589249375.637057,10.10.0.10,173.194.151.108,,,41505,443,0,37,17
1589249375.643616,173.194.151.108,10.10.0.10,,,443,41505,0,1358,17
1589249375.657001,173.194.151.108,10.10.0.10,,,443,41505,0,1358,17
1589249375.658692,10.10.0.10,173.194.151.108,,,41505,443,0,37,17
1589249375.6703858,173.194.151.108,10.10.0.10,,,443,41505,0,1358,17
1589249375.683776,173.194.151.108,10.10.0.10,,,443,41505,0,1358,17
1589249375.685442,10.10.0.10,173.194.151.108,,,41505,443,0,37,17
1589249375.697176,173.194.151.108,10.10.0.10,,,443,41505,0,1358,17
1589249375.71054,173.194.151.108,10.10.0.10,,,443,41505,0,1358,17
1589249375.712308,10.10.0.10,173.194.151.108,,,41505,443,0,37,17
1589249375.7239301,173.194.151.108,10.10.0.10,,,443,41505,0,1358,17
1589249375.737313,173.194.151.108,10.10.0.10,,,443,41505,0,1358,17
1589249375.739063,10.10.0.10,173.194.151.108,,,41505,443,0,37,17
1589249375.7506974,173.194.151.108,10.10.0.10,,,443,41505,0,1358,17
1589249375.7640774,173.194.151.108,10.10.0.10,,,443,41505,0,1358,17
1589249375.766833,10.10.0.10,173.194.151.108,,,41505,443,0,37,17
1589249375.7774696,173.194.151.108,10.10.0.10,,,443,41505,0,1358,17
1589249375.790859,173.194.151.108,10.10.0.10,,,443,41505,0,1358,17
1589249375.792811,10.10.0.10,173.194.151.108,,,41505,443,0,37,17
1589249375.8042321,173.194.151.108,10.10.0.10,,,443,41505,0,1358,17
1589249375.817627,173.194.151.108,10.10.0.10,,,443,41505,0,1358,17
1589249375.819456,10.10.0.10,173.194.151.108,,,41505,443,0,37,17
1589249375.831005,173.194.151.108,10.10.0.10,,,443,41505,0,1358,17
1589249375.8444028,173.194.151.108,10.10.0.10,,,443,41505,0,1358,17
1589249375.8460786,10.10.0.10,173.194.151.108,,,41505,443,0,37,17
1589249375.857775,173.194.151.108,10.10.0.10,,,443,41505,0,1358,17
1589249375.871167,173.194.151.108,10.10.0.10,,,443,41505,0,1358,17
1589249375.884544,173.194.151.108,10.10.0.10,,,443,41505,0,1358,17
1589249375.8874598,10.10.0.10,173.194.151.108,,,41505,443,0,37,17
1589249375.897928,173.194.151.108,10.10.0.10,,,443,41505,0,1358,17
1589249375.899574,10.10.0.10,173.194.151.108,,,41505,443,0,37,17
1589249375.911313,173.194.151.108,10.10.0.10,,,443,41505,0,1358,17
1589249375.9246988,173.194.151.108,10.10.0.10,,,443,41505,0,1358,17
1589249375.9262018,10.10.0.10,173.194.151.108,,,41505,443,0,37,17
1589249375.938101,173.194.151.108,10.10.0.10,,,443,41505,0,1358,17
1589249375.951479,173.194.151.108,10.10.0.10,,,443,41505,0,1358,17
1589249375.953191,10.10.0.10,173.194.151.108,,,41505,443,0,37,17
1589249375.96485,173.194.151.108,10.10.0.10,,,443,41505,0,1358,17
1589249375.978239,173.194.151.108,10.10.0.10,,,443,41505,0,1358,17
1589249375.9798062,10.10.0.10,173.194.151.108,,,41505,443,0,37,17
1589249375.991621,173.194.151.108,10.10.0.10,,,443,41505,0,1358,17
1589249376.0050054,173.194.151.108,10.10.0.10,,,443,41505,0,1358,17
1589249376.006547,10.10.0.10,173.194.151.108,,,41505,443,0,37,17
1589249376.0183892,173.194.151.108,10.10.0.10,,,443,41505,0,1358,17
1589249376.031789,173.194.151.108,10.10.0.10,,,443,41505,0,1358,17
1589249376.0334294,10.10.0.10,173.194.151.108,,,41505,443,0,37,17
1589249376.045162,173.194.151.108,10.10.0.10,,,443,41505,0,1358,17
1589249376.0585446,173.194.151.108,10.10.0.10,,,443,41505,0,1358,17
1589249376.0600588,10.10.0.10,173.194.151.108,,,41505,443,0,50,17
1589249376.0719302,173.194.151.108,10.10.0.10,,,443,41505,0,1358,17
1589249376.085314,173.194.151.108,10.10.0.10,,,443,41505,0,1358,17
1589249376.08795,10.10.0.10,173.194.151.108,,,41505,443,0,37,17
1589249376.0986972,173.194.151.108,10.10.0.10,,,443,41505,0,1358,17
1589249376.112083,173.194.151.108,10.10.0.10,,,443,41505,0,1358,17
1589249376.113802,10.10.0.10,173.194.151.108,,,41505,443,0,37,17
1589249376.1254814,173.194.151.108,10.10.0.10,,,443,41505,0,1358,17
1589249376.138855,173.194.151.108,10.10.0.10,,,443,41505,0,1358,17
1589249376.140574,10.10.0.10,173.194.151.108,,,41505,443,0,37,17
1589249376.1522374,173.194.151.108,10.10.0.10,,,443,41505,0,1358,17
1589249376.1656199,173.194.151.108,10.10.0.10,,,443,41505,0,1358,17
1589249376.16732,10.10.0.10,173.194.151.108,,,41505,443,0,37,17
1589249376.179006,173.194.151.108,10.10.0.10,,,443,41505,0,1358,17
1589249376.1923912,173.194.151.108,10.10.0.10,,,443,41505,0,1358,17
1589249376.194076,10.10.0.10,173.194.151.108,,,41505,443,0,37,17
1589249376.205784,173.194.151.108,10.10.0.10,,,443,41505,0,1358,17
1589249376.2191582,173.194.151.108,10.10.0.10,,,443,41505,0,1358,17
1589249376.221693,10.10.0.10,173.194.151.108,,,41505,443,0,37,17
1589249376.232545,173.194.151.108,10.10.0.10,,,443,41505,0,1358,17
1589249376.245929,173.194.151.108,10.10.0.10,,,443,41505,0,1358,17
1589249376.248425,10.10.0.10,173.194.151.108,,,41505,443,0,37,17
1589249376.2593136,173.194.151.108,10.10.0.10,,,443,41505,0,1358,17
1589249376.2727182,173.194.151.108,10.10.0.10,,,443,41505,0,1358,17
1589249376.274316,10.10.0.10,173.194.151.108,,,41505,443,0,37,17
1589249376.2860956,173.194.151.108,10.10.0.10,,,443,41505,0,1358,17
1589249376.2994692,173.194.151.108,10.10.0.10,,,443,41505,0,1358,17
1589249376.3010561,10.10.0.10,173.194.151.108,,,41505,443,0,37,17
1589249376.3128526,173.194.151.108,10.10.0.10,,,443,41505,0,1358,17
1589249376.3262348,173.194.151.108,10.10.0.10,,,443,41505,0,1358,17
1589249376.3281732,10.10.0.10,173.194.151.108,,,41505,443,0,37,17
1589249376.339618,173.194.151.108,10.10.0.10,,,443,41505,0,1358,17
1589249376.3530061,173.194.151.108,10.10.0.10,,,443,41505,0,1358,17
1589249376.3545456,10.10.0.10,173.194.151.108,,,41505,443,0,37,17
1589249376.3664026,173.194.151.108,10.10.0.10,,,443,41505,0,1358,17
1589249376.379776,173.194.151.108,10.10.0.10,,,443,41505,0,1358,17
1589249376.381685,10.10.0.10,173.194.151.108,,,41505,443,0,37,17
1589249376.3931599,173.194.151.108,10.10.0.10,,,443,41505,0,1358,17
1589249376.406545,173.194.151.108,10.10.0.10,,,443,41505,0,1358,17
1589249376.408298,10.10.0.10,173.194.151.108,,,41505,443,0,37,17
1589249376.4199321,173.194.151.108,10.10.0.10,,,443,41505,0,1358,17
1589249376.433311,173.194.151.108,10.10.0.10,,,443,41505,0,1358,17
1589249376.435192,10.10.0.10,173.194.151.108,,,41505,443,0,37,17
1589249376.446712,173.194.151.108,10.10.0.10,,,443,41505,0,1358,17
1589249376.46009,173.194.151.108,10.10.0.10,,,443,41505,0,1358,17
1589249376.4616866,10.10.0.10,173.194.151.108,,,41505,443,0,37,17
1589249376.473468,173.194.151.108,10.10.0.10,,,443,41505,0,1358,17
1589249376.48685,173.194.151.108,10.10.0.10,,,443,41505,0,1358,17
1589249376.4903162,10.10.0.10,173.194.151.108,,,41505,443,0,37,17
1589249376.5002372,173.194.151.108,10.10.0.10,,,443,41505,0,1358,17
1589249376.51362,173.194.151.108,10.10.0.10,,,443,41505,0,1358,17
1589249376.5153134,10.10.0.10,173.194.151.108,,,41505,443,0,37,17
1589249376.527007,173.194.151.108,10.10.0.10,,,443,41505,0,1358,17
1589249376.540402,173.194.151.108,10.10.0.10,,,443,41505,0,1358,17
1589249376.5420132,10.10.0.10,173.194.151.108,,,41505,443,0,37,17
1589249376.5537686,173.194.151.108,10.10.0.10,,,443,41505,0,1358,17
1589249376.567157,173.194.151.108,10.10.0.10,,,443,41505,0,1358,17
1589249376.568789,10.10.0.10,173.194.151.108,,,41505,443,0,37,17
1589249376.580544,173.194.151.108,10.10.0.10,,,443,41505,0,1358,17
1589249376.5939262,173.194.151.108,10.10.0.10,,,443,41505,0,1358,17
1589249376.595808,10.10.0.10,173.194.151.108,,,41505,443,0,50,17
1589249376.6073332,173.194.151.108,10.10.0.10,,,443,41505,0,1358,17
1589249376.6206946,173.194.151.108,10.10.0.10,,,443,41505,0,1358,17
1589249376.6222932,10.10.0.10,173.194.151.108,,,41505,443,0,37,17
1589249376.6340852,173.194.151.108,10.10.0.10,,,443,41505,0,1358,17
1589249376.647463,173.194.151.108,10.10.0.10,,,443,41505,0,1358,17
1589249376.6491628,10.10.0.10,173.194.151.108,,,41505,443,0,37,17
1589249376.660852,173.194.151.108,10.10.0.10,,,443,41505,0,29,17
1589249376.6614552,173.194.151.108,10.10.0.10,,,443,41505,0,1358,17
1589249376.674839,173.194.151.108,10.10.0.10,,,443,41505,0,1358,17
1589249376.6763892,10.10.0.10,173.194.151.108,,,41505,443,0,37,17
1589249376.688224,173.194.151.108,10.10.0.10,,,443,41505,0,1358,17
1589249376.7016098,173.194.151.108,10.10.0.10,,,443,41505,0,1358,17
1589249376.7066634,10.10.0.10,173.194.151.108,,,41505,443,0,37,17
1589249376.714995,173.194.151.108,10.10.0.10,,,443,41505,0,1358,17
1589249376.7283778,173.194.151.108,10.10.0.10,,,443,41505,0,1358,17
1589249376.730161,10.10.0.10,173.194.151.108,,,41505,443,0,37,17
1589249376.741767,173.194.151.108,10.10.0.10,,,443,41505,0,1358,17
1589249376.755147,173.194.151.108,10.10.0.10,,,443,41505,0,1358,17
1589249376.758134,10.10.0.10,173.194.151.108,,,41505,443,0,37,17
1589249376.7685301,173.194.151.108,10.10.0.10,,,443,41505,0,1358,17
1589249376.781916,173.194.151.108,10.10.0.10,,,443,41505,0,1358,17
1589249376.7835069,10.10.0.10,173.194.151.108,,,41505,443,0,37,17
1589249376.7953038,173.194.151.108,10.10.0.10,,,443,41505,0,1358,17
1589249376.808702,173.194.151.108,10.10.0.10,,,443,41505,0,1358,17
1589249376.810283,10.10.0.10,173.194.151.108,,,41505,443,0,37,17
1589249376.822079,173.194.151.108,10.10.0.10,,,443,41505,0,1358,17
1589249376.8354578,173.194.151.108,10.10.0.10,,,443,41505,0,1358,17
1589249376.8370519,10.10.0.10,173.194.151.108,,,41505,443,0,37,17
1589249376.848842,173.194.151.108,10.10.0.10,,,443,41505,0,1358,17
1589249376.862226,173.194.151.108,10.10.0.10,,,443,41505,0,1358,17
1589249376.863801,10.10.0.10,173.194.151.108,,,41505,443,0,37,17
1589249376.8756125,173.194.151.108,10.10.0.10,,,443,41505,0,1358,17
1589249376.889013,173.194.151.108,10.10.0.10,,,443,41505,0,1358,17
1589249376.8906748,10.10.0.10,173.194.151.108,,,41505,443,0,37,17
1589249376.902387,173.194.151.108,10.10.0.10,,,443,41505,0,1358,17
1589249376.915766,173.194.151.108,10.10.0.10,,,443,41505,0,1358,17
1589249376.9177706,10.10.0.10,173.194.151.108,,,41505,443,0,37,17
1589249376.92915,173.194.151.108,10.10.0.10,,,443,41505,0,1358,17
1589249376.942533,173.194.151.108,10.10.0.10,,,443,41505,0,1358,17
1589249376.944277,10.10.0.10,173.194.151.108,,,41505,443,0,37,17
1589249376.9559171,173.194.151.108,10.10.0.10,,,443,41505,0,1358,17
1589249376.969324,173.194.151.108,10.10.0.10,,,443,41505,0,1358,17
1589249376.9710279,10.10.0.10,173.194.151.108,,,41505,443,0,37,17
1589249376.982702,173.194.151.108,10.10.0.10,,,443,41505,0,1358,17
1589249376.996075,173.194.151.108,10.10.0.10,,,443,41505,0,1358,17
1589249376.9976509,10.10.0.10,173.194.151.108,,,41505,443,0,37,17
1589249377.0094588,173.194.151.108,10.10.0.10,,,443,41505,0,1358,17
1589249377.022843,173.194.151.108,10.10.0.10,,,443,41505,0,1358,17
1589249377.024526,10.10.0.10,173.194.151.108,,,41505,443,0,37,17
1589249377.036227,173.194.151.108,10.10.0.10,,,443,41505,0,1358,17
1589249377.04961,173.194.151.108,10.10.0.10,,,443,41505,0,1358,17
1589249377.0511544,10.10.0.10,173.194.151.108,,,41505,443,0,37,17
1589249377.063008,173.194.151.108,10.10.0.10,,,443,41505,0,1358,17
1589249377.0763822,173.194.151.108,10.10.0.10,,,443,41505,0,1358,17
1589249377.078032,10.10.0.10,173.194.151.108,,,41505,443,0,37,17
1589249377.089764,173.194.151.108,10.10.0.10,,,443,41505,0,1358,17
1589249377.1031468,173.194.151.108,10.10.0.10,,,443,41505,0,1358,17
1589249377.104898,10.10.0.10,173.194.151.108,,,41505,443,0,37,17
1589249377.116529,173.194.151.108,10.10.0.10,,,443,41505,0,1358,17
1589249377.12992,173.194.151.108,10.10.0.10,,,443,41505,0,1358,17
1589249377.1327732,10.10.0.10,173.194.151.108,,,41505,443,0,50,17
1589249377.1433182,173.194.151.108,10.10.0.10,,,443,41505,0,1358,17
1589249377.156696,173.194.151.108,10.10.0.10,,,443,41505,0,1358,17
1589249377.1585212,10.10.0.10,173.194.151.108,,,41505,443,0,37,17
1589249377.170074,173.194.151.108,10.10.0.10,,,443,41505,0,1358,17
1589249377.1834571,173.194.151.108,10.10.0.10,,,443,41505,0,1358,17
1589249377.1852908,10.10.0.10,173.194.151.108,,,41505,443,0,37,17
1589249377.1968439,173.194.151.108,10.10.0.10,,,443,41505,0,1358,17
1589249377.2102275,173.194.151.108,10.10.0.10,,,443,41505,0,29,17
1589249377.21083,173.194.151.108,10.10.0.10,,,443,41505,0,1358,17
1589249377.2122908,10.10.0.10,173.194.151.108,,,41505,443,0,37,17
1589249377.224212,173.194.151.108,10.10.0.10,,,443,41505,0,1358,17
1589249377.237602,173.194.151.108,10.10.0.10,,,443,41505,0,1358,17
1589249377.239916,10.10.0.10,173.194.151.108,,,41505,443,0,37,17
1589249377.2510018,173.194.151.108,10.10.0.10,,,443,41505,0,1358,17
1589249377.2643788,173.194.151.108,10.10.0.10,,,443,41505,0,1358,17
1589249377.267268,10.10.0.10,173.194.151.108,,,41505,443,0,37,17
1589249377.2777572,173.194.151.108,10.10.0.10,,,443,41505,0,1358,17
1589249377.291141,173.194.151.108,10.10.0.10,,,443,41505,0,1358,17
1589249377.2930188,10.10.0.10,173.194.151.108,,,41505,443,0,37,17
1589249377.3045251,173.194.151.108,10.10.0.10,,,443,41505,0,1358,17
1589249377.3179116,173.194.151.108,10.10.0.10,,,443,41505,0,1358,17
1589249377.32004,10.10.0.10,173.194.151.108,,,41505,443,0,37,17
1589249377.331312,173.194.151.108,10.10.0.10,,,443,41505,0,1358,17
1589249377.3446786,173.194.151.108,10.10.0.10,,,443,41505,0,1358,17
1589249377.3464124,10.10.0.10,173.194.151.108,,,41505,443,0,37,17
1589249377.3580642,173.194.151.108,10.10.0.10,,,443,41505,0,1358,17
1589249377.371447,173.194.151.108,10.10.0.10,,,443,41505,0,1358,17
1589249377.37314,10.10.0.10,173.194.151.108,,,41505,443,0,37,17
1589249377.3848348,173.194.151.108,10.10.0.10,,,443,41505,0,1358,17
1589249377.398217,173.194.151.108,10.10.0.10,,,443,41505,0,1358,17
1589249377.402016,10.10.0.10,173.194.151.108,,,41505,443,0,37,17
1589249377.411602,173.194.151.108,10.10.0.10,,,443,41505,0,1358,17
1589249377.424999,173.194.151.108,10.10.0.10,,,443,41505,0,1358,17
1589249377.4269106,10.10.0.10,173.194.151.108,,,41505,443,0,37,17
1589249377.43837,173.194.151.108,10.10.0.10,,,443,41505,0,1358,17
1589249377.451762,173.194.151.108,10.10.0.10,,,443,41505,0,1358,17
1589249377.4535398,10.10.0.10,173.194.151.108,,,41505,443,0,37,17
1589249377.46514,173.194.151.108,10.10.0.10,,,443,41505,0,1358,17
1589249377.478529,173.194.151.108,10.10.0.10,,,443,41505,0,1358,17
1589249377.4802842,10.10.0.10,173.194.151.108,,,41505,443,0,37,17
1589249377.491934,173.194.151.108,10.10.0.10,,,443,41505,0,1358,17
1589249377.505307,173.194.151.108,10.10.0.10,,,443,41505,0,1358,17
1589249377.507013,10.10.0.10,173.194.151.108,,,41505,443,0,37,17
1589249377.5186849,173.194.151.108,10.10.0.10,,,443,41505,0,1358,17
1589249377.5320618,173.194.151.108,10.10.0.10,,,443,41505,0,1358,17
1589249377.533791,10.10.0.10,173.194.151.108,,,41505,443,0,37,17
1589249377.5454464,173.194.151.108,10.10.0.10,,,443,41505,0,1358,17
1589249377.558832,173.194.151.108,10.10.0.10,,,443,41505,0,1358,17
1589249377.560411,10.10.0.10,173.194.151.108,,,41505,443,0,37,17
1589249377.572217,173.194.151.108,10.10.0.10,,,443,41505,0,1358,17
1589249377.58562,173.194.151.108,10.10.0.10,,,443,41505,0,1358,17
1589249377.587282,10.10.0.10,173.194.151.108,,,41505,443,0,37,17
1589249377.598994,173.194.151.108,10.10.0.10,,,443,41505,0,1358,17
1589249377.61237,173.194.151.108,10.10.0.10,,,443,41505,0,1358,17
1589249377.6163876,10.10.0.10,173.194.151.108,,,41505,443,0,37,17
1589249377.625751,173.194.151.108,10.10.0.10,,,443,41505,0,1358,17
1589249377.6391325,173.194.151.108,10.10.0.10,,,443,41505,0,1358,17
1589249377.640873,10.10.0.10,173.194.151.108,,,41505,443,0,37,17
1589249377.652535,173.194.151.108,10.10.0.10,,,443,41505,0,1358,17
1589249377.665927,173.194.151.108,10.10.0.10,,,443,41505,0,1358,17
1589249377.668535,10.10.0.10,173.194.151.108,,,41505,443,0,50,17
1589249377.6792898,173.194.151.108,10.10.0.10,,,443,41505,0,1358,17
1589249377.692671,173.194.151.108,10.10.0.10,,,443,41505,0,1358,17
1589249377.6943526,10.10.0.10,173.194.151.108,,,41505,443,0,37,17
1589249377.706054,173.194.151.108,10.10.0.10,,,443,41505,0,1358,17
1589249377.7194452,173.194.151.108,10.10.0.10,,,443,41505,0,1358,17
1589249377.721,10.10.0.10,173.194.151.108,,,41505,443,0,37,17
1589249377.732834,173.194.151.108,10.10.0.10,,,443,41505,0,1358,17
1589249377.746217,173.194.151.108,10.10.0.10,,,443,41505,0,1358,17
1589249377.74913,10.10.0.10,173.194.151.108,,,41505,443,0,37,17
1589249377.7596009,173.194.151.108,10.10.0.10,,,443,41505,0,1358,17
1589249377.772987,173.194.151.108,10.10.0.10,,,443,41505,0,1358,17
1589249377.7746198,10.10.0.10,173.194.151.108,,,41505,443,0,37,17
1589249377.786374,173.194.151.108,10.10.0.10,,,443,41505,0,1358,17
1589249377.7997544,173.194.151.108,10.10.0.10,,,443,41505,0,1358,17
1589249377.801487,10.10.0.10,173.194.151.108,,,41505,443,0,37,17
1589249377.8131368,173.194.151.108,10.10.0.10,,,443,41505,0,1358,17
1589249377.8265462,173.194.151.108,10.10.0.10,,,443,41505,0,1358,17
1589249377.828151,10.10.0.10,173.194.151.108,,,41505,443,0,37,17
1589249377.8399322,173.194.151.108,10.10.0.10,,,443,41505,0,1358,17
1589249377.8532991,173.194.151.108,10.10.0.10,,,443,41505,0,1358,17
1589249377.8548784,10.10.0.10,173.194.151.108,,,41505,443,0,37,17
1589249377.866678,173.194.151.108,10.10.0.10,,,443,41505,0,1358,17
1589249377.8800569,173.194.151.108,10.10.0.10,,,443,41505,0,1358,17
1589249377.8835206,10.10.0.10,173.194.151.108,,,41505,443,0,37,17
1589249377.893449,173.194.151.108,10.10.0.10,,,443,41505,0,1358,17
1589249377.906834,173.194.151.108,10.10.0.10,,,443,41505,0,1358,17
1589249377.9085011,10.10.0.10,173.194.151.108,,,41505,443,0,37,17
1589249377.920234,173.194.151.108,10.10.0.10,,,443,41505,0,1358,17
1589249377.933608,173.194.151.108,10.10.0.10,,,443,41505,0,1358,17
1589249377.935268,10.10.0.10,173.194.151.108,,,41505,443,0,37,17
1589249377.946986,173.194.151.108,10.10.0.10,,,443,41505,0,1358,17
1589249377.960366,173.194.151.108,10.10.0.10,,,443,41505,0,1358,17
1589249377.962378,10.10.0.10,173.194.151.108,,,41505,443,0,37,17
1589249377.9791172,173.194.151.108,10.10.0.10,,,443,41505,0,1358,17
1589249377.997866,173.194.151.108,10.10.0.10,,,443,41505,0,1358,17
1589249377.9994988,10.10.0.10,173.194.151.108,,,41505,443,0,37,17
1589249378.0166142,173.194.151.108,10.10.0.10,,,443,41505,0,1358,17
1589249378.035361,173.194.151.108,10.10.0.10,,,443,41505,0,1358,17
1589249378.037015,10.10.0.10,173.194.151.108,,,41505,443,0,37,17
1589249378.0541036,173.194.151.108,10.10.0.10,,,443,41505,0,1358,17
1589249378.072855,173.194.151.108,10.10.0.10,,,443,41505,0,1358,17
1589249378.074501,10.10.0.10,173.194.151.108,,,41505,443,0,37,17
1589249378.0916028,173.194.151.108,10.10.0.10,,,443,41505,0,1358,17
1589249378.110352,173.194.151.108,10.10.0.10,,,443,41505,0,1358,17
1589249378.111995,10.10.0.10,173.194.151.108,,,41505,443,0,37,17
1589249378.129101,173.194.151.108,10.10.0.10,,,443,41505,0,1358,17
1589249378.1478598,173.194.151.108,10.10.0.10,,,443,41505,0,1358,17
1589249378.149514,10.10.0.10,173.194.151.108,,,41505,443,0,37,17
1589249378.166601,173.194.151.108,10.10.0.10,,,443,41505,0,1358,17
1589249378.1853511,173.194.151.108,10.10.0.10,,,443,41505,0,1358,17
1589249378.186872,10.10.0.10,173.194.151.108,,,41505,443,0,37,17
1589249378.204102,173.194.151.108,10.10.0.10,,,443,41505,0,1358,17
1589249378.2228491,173.194.151.108,10.10.0.10,,,443,41505,0,1358,17
1589249378.224492,10.10.0.10,173.194.151.108,,,41505,443,0,37,17
1589249378.2415948,173.194.151.108,10.10.0.10,,,443,41505,0,1358,17
1589249378.260349,173.194.151.108,10.10.0.10,,,443,41505,0,1358,17
1589249378.262009,10.10.0.10,173.194.151.108,,,41505,443,0,37,17
1589249378.279077,173.194.151.108,10.10.0.10,,,443,41505,0,1358,17
1589249378.2978249,173.194.151.108,10.10.0.10,,,443,41505,0,1358,17
1589249378.30099,10.10.0.10,173.194.151.108,,,41505,443,0,50,17
1589249378.3165731,173.194.151.108,10.10.0.10,,,443,41505,0,1358,17
1589249378.33532,173.194.151.108,10.10.0.10,,,443,41505,0,1358,17
1589249378.3369892,10.10.0.10,173.194.151.108,,,41505,443,0,37,17
1589249378.354063,173.194.151.108,10.10.0.10,,,443,41505,0,1358,17
1589249378.372816,173.194.151.108,10.10.0.10,,,443,41505,0,1358,17
1589249378.37449,10.10.0.10,173.194.151.108,,,41505,443,0,37,17
1589249378.391562,173.194.151.108,10.10.0.10,,,443,41505,0,1358,17
1589249378.410309,173.194.151.108,10.10.0.10,,,443,41505,0,1358,17
1589249378.41213,10.10.0.10,173.194.151.108,,,41505,443,0,37,17
1589249378.4290578,173.194.151.108,10.10.0.10,,,443,41505,0,1358,17
1589249378.4478052,173.194.151.108,10.10.0.10,,,443,41505,0,1358,17
1589249378.44963,10.10.0.10,173.194.151.108,,,41505,443,0,37,17
1589249378.466552,173.194.151.108,10.10.0.10,,,443,41505,0,1358,17
1589249378.4852998,173.194.151.108,10.10.0.10,,,443,41505,0,1358,17
1589249378.486984,10.10.0.10,173.194.151.108,,,41505,443,0,37,17
1589249378.504051,173.194.151.108,10.10.0.10,,,443,41505,0,1358,17
1589249378.522795,173.194.151.108,10.10.0.10,,,443,41505,0,1358,17
1589249378.524878,10.10.0.10,173.194.151.108,,,41505,443,0,37,17
1589249378.541543,173.194.151.108,10.10.0.10,,,443,41505,0,1358,17
1589249378.56029,173.194.151.108,10.10.0.10,,,443,41505,0,1358,17
1589249378.561874,10.10.0.10,173.194.151.108,,,41505,443,0,37,17
1589249378.5790372,173.194.151.108,10.10.0.10,,,443,41505,0,1358,17
1589249378.597784,173.194.151.108,10.10.0.10,,,443,41505,0,1358,17
1589249378.600624,10.10.0.10,173.194.151.108,,,41505,443,0,37,17
1589249378.6165311,173.194.151.108,10.10.0.10,,,443,41505,0,1358,17
1589249378.6352818,173.194.151.108,10.10.0.10,,,443,41505,0,1358,17
1589249378.637353,10.10.0.10,173.194.151.108,,,41505,443,0,37,17
1589249378.654022,173.194.151.108,10.10.0.10,,,443,41505,0,1358,17
1589249378.6750178,173.194.151.108,10.10.0.10,,,443,41505,0,1358,17
1589249378.676464,10.10.0.10,173.194.151.108,,,41505,443,0,37,17
1589249378.693776,173.194.151.108,10.10.0.10,,,443,41505,0,1358,17
1589249378.7093349,10.10.0.10,173.194.151.108,,,41505,443,0,729,17
1589249378.7098231,10.10.0.10,173.194.151.108,,,41505,443,0,48,17
1589249378.7125142,173.194.151.108,10.10.0.10,,,443,41505,0,1358,17
1589249378.7312784,173.194.151.108,10.10.0.10,,,443,41505,0,1358,17
1589249378.7329779,10.10.0.10,173.194.151.108,,,41505,443,0,37,17
1589249378.750015,173.194.151.108,10.10.0.10,,,443,41505,0,1358,17
1589249378.768757,173.194.151.108,10.10.0.10,,,443,41505,0,1358,17
1589249378.770215,10.10.0.10,173.194.151.108,,,41505,443,0,37,17
1589249378.787506,173.194.151.108,10.10.0.10,,,443,41505,0,1358,17
1589249378.8062682,173.194.151.108,10.10.0.10,,,443,41505,0,1358,17
1589249378.808342,10.10.0.10,173.194.151.108,,,41505,443,0,37,17
1589249378.825019,173.194.151.108,10.10.0.10,,,443,41505,0,29,17
1589249378.8258526,173.194.151.108,10.10.0.10,,,443,41505,0,1358,17
1589249378.844599,173.194.151.108,10.10.0.10,,,443,41505,0,1358,17
1589249378.848119,10.10.0.10,173.194.151.108,,,41505,443,0,37,17
1589249378.863346,173.194.151.108,10.10.0.10,,,443,41505,0,1358,17
1589249378.882094,173.194.151.108,10.10.0.10,,,443,41505,0,1358,17
1589249378.883965,10.10.0.10,173.194.151.108,,,41505,443,0,37,17
1589249378.90084,173.194.151.108,10.10.0.10,,,443,41505,0,1358,17
1589249378.91959,173.194.151.108,10.10.0.10,,,443,41505,0,1358,17
1589249378.92337,10.10.0.10,173.194.151.108,,,41505,443,0,37,17
1589249378.9383366,173.194.151.108,10.10.0.10,,,443,41505,0,1358,17
1589249378.957082,173.194.151.108,10.10.0.10,,,443,41505,0,1358,17
1589249378.958864,10.10.0.10,173.194.151.108,,,41505,443,0,37,17
1589249378.97583,173.194.151.108,10.10.0.10,,,443,41505,0,1358,17
1589249378.9945786,173.194.151.108,10.10.0.10,,,443,41505,0,1358,17
1589249378.996239,10.10.0.10,173.194.151.108,,,41505,443,0,37,17
1589249379.015575,173.194.151.108,10.10.0.10,,,443,41505,0,1358,17
1589249379.034327,173.194.151.108,10.10.0.10,,,443,41505,0,1358,17
1589249379.036079,10.10.0.10,173.194.151.108,,,41505,443,0,37,17
1589249379.0530748,173.194.151.108,10.10.0.10,,,443,41505,0,1358,17
1589249379.071815,173.194.151.108,10.10.0.10,,,443,41505,0,1358,17
1589249379.073616,10.10.0.10,173.194.151.108,,,41505,443,0,37,17
1589249379.090573,173.194.151.108,10.10.0.10,,,443,41505,0,1358,17
1589249379.1093252,173.194.151.108,10.10.0.10,,,443,41505,0,1358,17
1589249379.112216,10.10.0.10,173.194.151.108,,,41505,443,0,37,17
1589249379.128055,173.194.151.108,10.10.0.10,,,443,41505,0,1358,17
1589249379.1468284,173.194.151.108,10.10.0.10,,,443,41505,0,1358,17
1589249379.148609,10.10.0.10,173.194.151.108,,,41505,443,0,37,17
1589249379.1655722,173.194.151.108,10.10.0.10,,,443,41505,0,1358,17
1589249379.184304,173.194.151.108,10.10.0.10,,,443,41505,0,1358,17
1589249379.1859634,10.10.0.10,173.194.151.108,,,41505,443,0,37,17
1589249379.20305,173.194.151.108,10.10.0.10,,,443,41505,0,1358,17
1589249379.221793,173.194.151.108,10.10.0.10,,,443,41505,0,1358,17
1589249379.223856,10.10.0.10,173.194.151.108,,,41505,443,0,37,17
1589249379.240546,173.194.151.108,10.10.0.10,,,443,41505,0,1358,17
1589249379.259292,173.194.151.108,10.10.0.10,,,443,41505,0,1358,17
1589249379.260962,10.10.0.10,173.194.151.108,,,41505,443,0,37,17
1589249379.27804,173.194.151.108,10.10.0.10,,,443,41505,0,1358,17
1589249379.2967858,173.194.151.108,10.10.0.10,,,443,41505,0,1358,17
1589249379.2985892,10.10.0.10,173.194.151.108,,,41505,443,0,37,17
1589249379.317783,173.194.151.108,10.10.0.10,,,443,41505,0,1358,17
1589249379.3365269,173.194.151.108,10.10.0.10,,,443,41505,0,1358,17
1589249379.3383331,10.10.0.10,173.194.151.108,,,41505,443,0,37,17
1589249379.355274,173.194.151.108,10.10.0.10,,,443,41505,0,1358,17
1589249379.3740268,173.194.151.108,10.10.0.10,,,443,41505,0,1358,17
1589249379.375979,10.10.0.10,173.194.151.108,,,41505,443,0,37,17
1589249379.392776,173.194.151.108,10.10.0.10,,,443,41505,0,1358,17
1589249379.4115222,173.194.151.108,10.10.0.10,,,443,41505,0,1358,17
1589249379.413198,10.10.0.10,173.194.151.108,,,41505,443,0,37,17
1589249379.430268,173.194.151.108,10.10.0.10,,,443,41505,0,1358,17
1589249379.449018,173.194.151.108,10.10.0.10,,,443,41505,0,1358,17
1589249379.450851,10.10.0.10,173.194.151.108,,,41505,443,0,50,17
1589249379.4677641,173.194.151.108,10.10.0.10,,,443,41505,0,1358,17
1589249379.486511,173.194.151.108,10.10.0.10,,,443,41505,0,1358,17
1589249379.4883401,10.10.0.10,173.194.151.108,,,41505,443,0,37,17
1589249379.5052588,173.194.151.108,10.10.0.10,,,443,41505,0,1358,17
1589249379.524001,173.194.151.108,10.10.0.10,,,443,41505,0,1358,17
1589249379.525577,10.10.0.10,173.194.151.108,,,41505,443,0,37,17
1589249379.542753,173.194.151.108,10.10.0.10,,,443,41505,0,1358,17
1589249379.561503,173.194.151.108,10.10.0.10,,,443,41505,0,29,17
1589249379.5623481,173.194.151.108,10.10.0.10,,,443,41505,0,1358,17
1589249379.5639718,10.10.0.10,173.194.151.108,,,41505,443,0,37,17
1589249379.5811012,173.194.151.108,10.10.0.10,,,443,41505,0,1358,17
1589249379.5998428,173.194.151.108,10.10.0.10,,,443,41505,0,1358,17
1589249379.6019714,10.10.0.10,173.194.151.108,,,41505,443,0,37,17
1589249379.618593,173.194.151.108,10.10.0.10,,,443,41505,0,1358,17
1589249379.637341,173.194.151.108,10.10.0.10,,,443,41505,0,1358,17
1589249379.63921,10.10.0.10,173.194.151.108,,,41505,443,0,37,17
1589249379.6560838,173.194.151.108,10.10.0.10,,,443,41505,0,1358,17
1589249379.674835,173.194.151.108,10.10.0.10,,,443,41505,0,1358,17
1589249379.676593,10.10.0.10,173.194.151.108,,,41505,443,0,37,17
1589249379.693578,173.194.151.108,10.10.0.10,,,443,41505,0,1358,17
1589249379.712326,173.194.151.108,10.10.0.10,,,443,41505,0,1358,17
1589249379.7289548,10.10.0.10,173.194.151.108,,,41505,443,0,37,17
1589249379.731074,173.194.151.108,10.10.0.10,,,443,41505,0,1358,17
1589249379.749824,173.194.151.108,10.10.0.10,,,443,41505,0,1358,17
1589249379.752072,10.10.0.10,173.194.151.108,,,41505,443,0,37,17
1589249379.768574,173.194.151.108,10.10.0.10,,,443,41505,0,1358,17
1589249379.7873304,173.194.151.108,10.10.0.10,,,443,41505,0,1358,17
1589249379.7894099,10.10.0.10,173.194.151.108,,,41505,443,0,37,17
1589249379.8060648,173.194.151.108,10.10.0.10,,,443,41505,0,1358,17
1589249379.824816,173.194.151.108,10.10.0.10,,,443,41505,0,1358,17
1589249379.8264651,10.10.0.10,173.194.151.108,,,41505,443,0,37,17
1589249379.8435626,173.194.151.108,10.10.0.10,,,443,41505,0,1358,17
1589249379.8623102,173.194.151.108,10.10.0.10,,,443,41505,0,1358,17
1589249379.8637972,10.10.0.10,173.194.151.108,,,41505,443,0,37,17
1589249379.8810525,173.194.151.108,10.10.0.10,,,443,41505,0,1358,17
1589249379.899806,173.194.151.108,10.10.0.10,,,443,41505,0,1358,17
1589249379.90159,10.10.0.10,173.194.151.108,,,41505,443,0,37,17
1589249379.9185526,173.194.151.108,10.10.0.10,,,443,41505,0,1358,17
1589249379.9373012,173.194.151.108,10.10.0.10,,,443,41505,0,1358,17
1589249379.939182,10.10.0.10,173.194.151.108,,,41505,443,0,37,17
1589249379.9560418,173.194.151.108,10.10.0.10,,,443,41505,0,1358,17
1589249379.9747992,173.194.151.108,10.10.0.10,,,443,41505,0,1358,17
1589249379.9764614,10.10.0.10,173.194.151.108,,,41505,443,0,37,17
1589249379.9935482,173.194.151.108,10.10.0.10,,,443,41505,0,1358,17
1589249380.012298,173.194.151.108,10.10.0.10,,,443,41505,0,1358,17
1589249380.013814,10.10.0.10,173.194.151.108,,,41505,443,0,37,17
1589249380.031047,173.194.151.108,10.10.0.10,,,443,41505,0,1358,17
1589249380.049797,173.194.151.108,10.10.0.10,,,443,41505,0,1358,17
1589249380.051942,10.10.0.10,173.194.151.108,,,41505,443,0,37,17
1589249380.0685458,173.194.151.108,10.10.0.10,,,443,41505,0,1358,17
1589249380.0872948,173.194.151.108,10.10.0.10,,,443,41505,0,1358,17
1589249380.08908,10.10.0.10,173.194.151.108,,,41505,443,0,37,17
1589249380.106027,173.194.151.108,10.10.0.10,,,443,41505,0,1358,17
1589249380.124775,173.194.151.108,10.10.0.10,,,443,41505,0,1358,17
1589249380.126561,10.10.0.10,173.194.151.108,,,41505,443,0,37,17
1589249380.1435251,173.194.151.108,10.10.0.10,,,443,41505,0,1358,17
1589249380.1622698,173.194.151.108,10.10.0.10,,,443,41505,0,1358,17
1589249380.163811,10.10.0.10,173.194.151.108,,,41505,443,0,37,17
1589249380.181016,173.194.151.108,10.10.0.10,,,443,41505,0,1358,17
1589249380.1997638,173.194.151.108,10.10.0.10,,,443,41505,0,1358,17
1589249380.201558,10.10.0.10,173.194.151.108,,,41505,443,0,50,17
1589249380.2185118,173.194.151.108,10.10.0.10,,,443,41505,0,1358,17
1589249380.2372599,173.194.151.108,10.10.0.10,,,443,41505,0,1358,17
1589249380.239954,10.10.0.10,173.194.151.108,,,41505,443,0,37,17
1589249380.256007,173.194.151.108,10.10.0.10,,,443,41505,0,1358,17
1589249380.2747571,173.194.151.108,10.10.0.10,,,443,41505,0,1358,17
1589249380.2775939,10.10.0.10,173.194.151.108,,,41505,443,0,37,17
1589249380.2935019,173.194.151.108,10.10.0.10,,,443,41505,0,1358,17
1589249380.312249,173.194.151.108,10.10.0.10,,,443,41505,0,29,17
1589249380.3131056,173.194.151.108,10.10.0.10,,,443,41505,0,1358,17
1589249380.3145552,10.10.0.10,173.194.151.108,,,41505,443,0,37,17
1589249380.331857,173.194.151.108,10.10.0.10,,,443,41505,0,1358,17
1589249380.3506026,173.194.151.108,10.10.0.10,,,443,41505,0,1358,17
1589249380.352449,10.10.0.10,173.194.151.108,,,41505,443,0,37,17
1589249380.369358,173.194.151.108,10.10.0.10,,,443,41505,0,1358,17
1589249380.388103,173.194.151.108,10.10.0.10,,,443,41505,0,1358,17
1589249380.38995,10.10.0.10,173.194.151.108,,,41505,443,0,37,17
1589249380.406848,173.194.151.108,10.10.0.10,,,443,41505,0,1358,17
1589249380.4255972,173.194.151.108,10.10.0.10,,,443,41505,0,1358,17
1589249380.4274461,10.10.0.10,173.194.151.108,,,41505,443,0,37,17
1589249380.44433,173.194.151.108,10.10.0.10,,,443,41505,0,1358,17
1589249380.463077,173.194.151.108,10.10.0.10,,,443,41505,0,1358,17
1589249380.464946,10.10.0.10,173.194.151.108,,,41505,443,0,37,17
1589249380.481847,173.194.151.108,10.10.0.10,,,443,41505,0,1358,17
1589249380.500584,173.194.151.108,10.10.0.10,,,443,41505,0,1358,17
1589249380.5034359,10.10.0.10,173.194.151.108,,,41505,443,0,37,17
1589249380.5187054,10.10.0.10,173.194.151.108,,,41505,443,0,723,17
1589249380.51933,173.194.151.108,10.10.0.10,,,443,41505,0,1358,17
1589249380.525945,10.10.0.10,173.194.151.108,,,41505,443,0,55,17
1589249380.5380669,173.194.151.108,10.10.0.10,,,443,41505,0,1358,17
1589249380.5568292,173.194.151.108,10.10.0.10,,,443,41505,0,1358,17
1589249380.5591938,10.10.0.10,173.194.151.108,,,41505,443,0,37,17
1589249380.575562,173.194.151.108,10.10.0.10,,,443,41505,0,1358,17
1589249380.594307,173.194.151.108,10.10.0.10,,,443,41505,0,1358,17
1589249380.596023,10.10.0.10,173.194.151.108,,,41505,443,0,37,17
1589249380.613052,173.194.151.108,10.10.0.10,,,443,41505,0,29,17
1589249380.6139061,173.194.151.108,10.10.0.10,,,443,41505,0,1358,17
1589249380.6326554,173.194.151.108,10.10.0.10,,,443,41505,0,29,17
1589249380.633501,173.194.151.108,10.10.0.10,,,443,41505,0,1358,17
1589249380.635807,10.10.0.10,173.194.151.108,,,41505,443,0,37,17
1589249380.6522448,173.194.151.108,10.10.0.10,,,443,41505,0,1358,17
1589249380.670992,173.194.151.108,10.10.0.10,,,443,41505,0,1358,17
1589249380.673795,10.10.0.10,173.194.151.108,,,41505,443,0,37,17
1589249380.689742,173.194.151.108,10.10.0.10,,,443,41505,0,1358,17
1589249380.7084932,173.194.151.108,10.10.0.10,,,443,41505,0,1358,17
1589249380.711313,10.10.0.10,173.194.151.108,,,41505,443,0,37,17
1589249380.7272394,173.194.151.108,10.10.0.10,,,443,41505,0,1358,17
1589249380.747369,173.194.151.108,10.10.0.10,,,443,41505,0,1358,17
1589249380.7489386,10.10.0.10,173.194.151.108,,,41505,443,0,37,17
1589249380.76612,173.194.151.108,10.10.0.10,,,443,41505,0,1358,17
1589249380.78487,173.194.151.108,10.10.0.10,,,443,41505,0,1358,17
1589249380.786784,10.10.0.10,173.194.151.108,,,41505,443,0,37,17
1589249380.803616,173.194.151.108,10.10.0.10,,,443,41505,0,1358,17
1589249380.822923,173.194.151.108,10.10.0.10,,,443,41505,0,1358,17
1589249380.830416,10.10.0.10,173.194.151.108,,,41505,443,0,37,17
1589249380.841678,173.194.151.108,10.10.0.10,,,443,41505,0,1358,17
1589249380.8604221,173.194.151.108,10.10.0.10,,,443,41505,0,1358,17
1589249380.8620589,10.10.0.10,173.194.151.108,,,41505,443,0,37,17
1589249380.879173,173.194.151.108,10.10.0.10,,,443,41505,0,1358,17
1589249380.897918,173.194.151.108,10.10.0.10,,,443,41505,0,1358,17
1589249380.89956,10.10.0.10,173.194.151.108,,,41505,443,0,37,17
1589249380.916667,173.194.151.108,10.10.0.10,,,443,41505,0,1358,17
1589249380.935414,173.194.151.108,10.10.0.10,,,443,41505,0,1358,17
1589249380.937164,10.10.0.10,173.194.151.108,,,41505,443,0,37,17
1589249380.9541652,173.194.151.108,10.10.0.10,,,443,41505,0,1358,17
1589249380.972914,173.194.151.108,10.10.0.10,,,443,41505,0,1358,17
1589249380.974806,10.10.0.10,173.194.151.108,,,41505,443,0,37,17
1589249380.991657,173.194.151.108,10.10.0.10,,,443,41505,0,1358,17
1589249381.0104039,173.194.151.108,10.10.0.10,,,443,41505,0,1358,17
1589249381.012432,10.10.0.10,173.194.151.108,,,41505,443,0,37,17
1589249381.029151,173.194.151.108,10.10.0.10,,,443,41505,0,1358,17
1589249381.0478988,173.194.151.108,10.10.0.10,,,443,41505,0,1358,17
1589249381.0496588,10.10.0.10,173.194.151.108,,,41505,443,0,37,17
1589249381.066647,173.194.151.108,10.10.0.10,,,443,41505,0,1358,17
1589249381.085394,173.194.151.108,10.10.0.10,,,443,41505,0,1358,17
1589249381.086909,10.10.0.10,173.194.151.108,,,41505,443,0,37,17
1589249381.1041412,173.194.151.108,10.10.0.10,,,443,41505,0,1358,17
1589249381.12289,173.194.151.108,10.10.0.10,,,443,41505,0,1358,17
1589249381.124554,10.10.0.10,173.194.151.108,,,41505,443,0,37,17
1589249381.14164,173.194.151.108,10.10.0.10,,,443,41505,0,1358,17
1589249381.1603901,173.194.151.108,10.10.0.10,,,443,41505,0,1358,17
1589249381.162157,10.10.0.10,173.194.151.108,,,41505,443,0,37,17
1589249381.1791394,173.194.151.108,10.10.0.10,,,443,41505,0,1358,17
1589249381.1978881,173.194.151.108,10.10.0.10,,,443,41505,0,1358,17
1589249381.2006755,10.10.0.10,173.194.151.108,,,41505,443,0,37,17
1589249381.216638,173.194.151.108,10.10.0.10,,,443,41505,0,1358,17
1589249381.2353866,173.194.151.108,10.10.0.10,,,443,41505,0,1358,17
1589249381.237279,10.10.0.10,173.194.151.108,,,41505,443,0,37,17
1589249381.2541358,173.194.151.108,10.10.0.10,,,443,41505,0,1358,17
1589249381.2728698,173.194.151.108,10.10.0.10,,,443,41505,0,1358,17
1589249381.274673,10.10.0.10,173.194.151.108,,,41505,443,0,50,17
1589249381.291616,173.194.151.108,10.10.0.10,,,443,41505,0,1358,17
1589249381.3103652,173.194.151.108,10.10.0.10,,,443,41505,0,1358,17
1589249381.312171,10.10.0.10,173.194.151.108,,,41505,443,0,37,17
1589249381.3291109,173.194.151.108,10.10.0.10,,,443,41505,0,1358,17
1589249381.347858,173.194.151.108,10.10.0.10,,,443,41505,0,1358,17
1589249381.34952,10.10.0.10,173.194.151.108,,,41505,443,0,37,17
1589249381.366606,173.194.151.108,10.10.0.10,,,443,41505,0,29,17
1589249381.367455,173.194.151.108,10.10.0.10,,,443,41505,0,1358,17
1589249381.3862062,173.194.151.108,10.10.0.10,,,443,41505,0,1358,17
1589249381.3881562,10.10.0.10,173.194.151.108,,,41505,443,0,37,17
1589249381.404954,173.194.151.108,10.10.0.10,,,443,41505,0,1358,17
1589249381.423696,173.194.151.108,10.10.0.10,,,443,41505,0,1358,17
1589249381.425392,10.10.0.10,173.194.151.108,,,41505,443,0,37,17
1589249381.442445,173.194.151.108,10.10.0.10,,,443,41505,0,1358,17
1589249381.461195,173.194.151.108,10.10.0.10,,,443,41505,0,1358,17
1589249381.4631462,10.10.0.10,173.194.151.108,,,41505,443,0,37,17
1589249381.4799464,173.194.151.108,10.10.0.10,,,443,41505,0,1358,17
1589249381.498697,173.194.151.108,10.10.0.10,,,443,41505,0,1358,17
1589249381.50027,10.10.0.10,173.194.151.108,,,41505,443,0,37,17
1589249381.517444,173.194.151.108,10.10.0.10,,,443,41505,0,1358,17
1589249381.5361948,173.194.151.108,10.10.0.10,,,443,41505,0,1358,17
1589249381.537895,10.10.0.10,173.194.151.108,,,41505,443,0,37,17
1589249381.554943,173.194.151.108,10.10.0.10,,,443,41505,0,1358,17
1589249381.5736804,173.194.151.108,10.10.0.10,,,443,41505,0,1358,17
1589249381.5754142,10.10.0.10,173.194.151.108,,,41505,443,0,37,17
1589249381.5924249,173.194.151.108,10.10.0.10,,,443,41505,0,1358,17
1589249381.611187,173.194.151.108,10.10.0.10,,,443,41505,0,1358,17
1589249381.6129026,10.10.0.10,173.194.151.108,,,41505,443,0,37,17
1589249381.6299162,173.194.151.108,10.10.0.10,,,443,41505,0,1358,17
1589249381.648664,173.194.151.108,10.10.0.10,,,443,41505,0,1358,17
1589249381.6505241,10.10.0.10,173.194.151.108,,,41505,443,0,37,17
1589249381.6674118,173.194.151.108,10.10.0.10,,,443,41505,0,1358,17
1589249381.6861632,173.194.151.108,10.10.0.10,,,443,41505,0,1358,17
1589249381.6878939,10.10.0.10,173.194.151.108,,,41505,443,0,37,17
1589249381.704912,173.194.151.108,10.10.0.10,,,443,41505,0,1358,17
1589249381.7236588,173.194.151.108,10.10.0.10,,,443,41505,0,1358,17
1589249381.725287,10.10.0.10,173.194.151.108,,,41505,443,0,37,17
1589249381.7424,173.194.151.108,10.10.0.10,,,443,41505,0,1358,17
1589249381.761154,173.194.151.108,10.10.0.10,,,443,41505,0,1358,17
1589249381.762898,10.10.0.10,173.194.151.108,,,41505,443,0,37,17
1589249381.7798991,173.194.151.108,10.10.0.10,,,443,41505,0,1358,17
1589249381.798645,173.194.151.108,10.10.0.10,,,443,41505,0,1358,17
1589249381.800261,10.10.0.10,173.194.151.108,,,41505,443,0,37,17
1589249381.817393,173.194.151.108,10.10.0.10,,,443,41505,0,1358,17
1589249381.8361359,173.194.151.108,10.10.0.10,,,443,41505,0,1358,17
1589249381.838137,10.10.0.10,173.194.151.108,,,41505,443,0,37,17
1589249381.8548882,173.194.151.108,10.10.0.10,,,443,41505,0,1358,17
1589249381.8736372,173.194.151.108,10.10.0.10,,,443,41505,0,1358,17
1589249381.875402,10.10.0.10,173.194.151.108,,,41505,443,0,37,17
1589249381.892384,173.194.151.108,10.10.0.10,,,443,41505,0,1358,17
1589249381.9111302,173.194.151.108,10.10.0.10,,,443,41505,0,1358,17
1589249381.9128838,10.10.0.10,173.194.151.108,,,41505,443,0,37,17
1589249381.929877,173.194.151.108,10.10.0.10,,,443,41505,0,1358,17
1589249381.948627,173.194.151.108,10.10.0.10,,,443,41505,0,1358,17
1589249381.9501429,10.10.0.10,173.194.151.108,,,41505,443,0,37,17
1589249381.9673731,173.194.151.108,10.10.0.10,,,443,41505,0,1358,17
1589249381.9861224,173.194.151.108,10.10.0.10,,,443,41505,0,1358,17
1589249381.987779,10.10.0.10,173.194.151.108,,,41505,443,0,37,17
1589249382.0048692,173.194.151.108,10.10.0.10,,,443,41505,0,1358,17
1589249382.023616,173.194.151.108,10.10.0.10,,,443,41505,0,1358,17
1589249382.0255039,10.10.0.10,173.194.151.108,,,41505,443,0,50,17
1589249382.0423632,173.194.151.108,10.10.0.10,,,443,41505,0,1358,17
1589249382.061112,173.194.151.108,10.10.0.10,,,443,41505,0,1358,17
1589249382.062901,10.10.0.10,173.194.151.108,,,41505,443,0,37,17
1589249382.079863,173.194.151.108,10.10.0.10,,,443,41505,0,1358,17
1589249382.0986106,173.194.151.108,10.10.0.10,,,443,41505,0,1358,17
1589249382.1002738,10.10.0.10,173.194.151.108,,,41505,443,0,37,17
1589249382.117362,173.194.151.108,10.10.0.10,,,443,41505,0,1358,17
1589249382.1361132,173.194.151.108,10.10.0.10,,,443,41505,0,29,17
1589249382.136952,173.194.151.108,10.10.0.10,,,443,41505,0,1358,17
1589249382.138648,10.10.0.10,173.194.151.108,,,41505,443,0,37,17
1589249382.1556964,173.194.151.108,10.10.0.10,,,443,41505,0,1358,17
1589249382.17445,173.194.151.108,10.10.0.10,,,443,41505,0,1358,17
1589249382.176146,10.10.0.10,173.194.151.108,,,41505,443,0,37,17
1589249382.193194,173.194.151.108,10.10.0.10,,,443,41505,0,1358,17
1589249382.2119384,173.194.151.108,10.10.0.10,,,443,41505,0,1358,17
1589249382.213626,10.10.0.10,173.194.151.108,,,41505,443,0,37,17
1589249382.230688,173.194.151.108,10.10.0.10,,,443,41505,0,1358,17
1589249382.249442,173.194.151.108,10.10.0.10,,,443,41505,0,1358,17
1589249382.2512698,10.10.0.10,173.194.151.108,,,41505,443,0,37,17
1589249382.268183,173.194.151.108,10.10.0.10,,,443,41505,0,1358,17
1589249382.286928,173.194.151.108,10.10.0.10,,,443,41505,0,1358,17
1589249382.2893732,10.10.0.10,173.194.151.108,,,41505,443,0,37,17
1589249382.305678,173.194.151.108,10.10.0.10,,,443,41505,0,1358,17
1589249382.324424,173.194.151.108,10.10.0.10,,,443,41505,0,1358,17
1589249382.3267481,10.10.0.10,173.194.151.108,,,41505,443,0,37,17
1589249382.343173,173.194.151.108,10.10.0.10,,,443,41505,0,1358,17
1589249382.361919,173.194.151.108,10.10.0.10,,,443,41505,0,1358,17
1589249382.363642,10.10.0.10,173.194.151.108,,,41505,443,0,37,17
1589249382.380671,173.194.151.108,10.10.0.10,,,443,41505,0,1358,17
1589249382.399417,173.194.151.108,10.10.0.10,,,443,41505,0,1358,17
1589249382.400987,10.10.0.10,173.194.151.108,,,41505,443,0,37,17
1589249382.418168,173.194.151.108,10.10.0.10,,,443,41505,0,1358,17
1589249382.436917,173.194.151.108,10.10.0.10,,,443,41505,0,1358,17
1589249382.438764,10.10.0.10,173.194.151.108,,,41505,443,0,37,17
1589249382.455671,173.194.151.108,10.10.0.10,,,443,41505,0,1358,17
1589249382.474416,173.194.151.108,10.10.0.10,,,443,41505,0,1358,17
1589249382.477768,10.10.0.10,173.194.151.108,,,41505,443,0,37,17
1589249382.493165,173.194.151.108,10.10.0.10,,,443,41505,0,1358,17
1589249382.5119119,173.194.151.108,10.10.0.10,,,443,41505,0,1358,17
1589249382.513493,10.10.0.10,173.194.151.108,,,41505,443,0,37,17
1589249382.5306618,173.194.151.108,10.10.0.10,,,443,41505,0,1358,17
1589249382.549409,173.194.151.108,10.10.0.10,,,443,41505,0,1358,17
1589249382.551136,10.10.0.10,173.194.151.108,,,41505,443,0,37,17
1589249382.5681381,173.194.151.108,10.10.0.10,,,443,41505,0,1358,17
1589249382.586893,173.194.151.108,10.10.0.10,,,443,41505,0,1358,17
1589249382.588394,10.10.0.10,173.194.151.108,,,41505,443,0,37,17
1589249382.6056569,173.194.151.108,10.10.0.10,,,443,41505,0,1358,17
1589249382.624394,173.194.151.108,10.10.0.10,,,443,41505,0,1358,17
1589249382.6261141,10.10.0.10,173.194.151.108,,,41505,443,0,37,17
1589249382.643125,173.194.151.108,10.10.0.10,,,443,41505,0,1358,17
1589249382.6618776,173.194.151.108,10.10.0.10,,,443,41505,0,1358,17
1589249382.663597,10.10.0.10,173.194.151.108,,,41505,443,0,37,17
1589249382.6806278,173.194.151.108,10.10.0.10,,,443,41505,0,1358,17
1589249382.699369,173.194.151.108,10.10.0.10,,,443,41505,0,1358,17
1589249382.7009866,10.10.0.10,173.194.151.108,,,41505,443,0,37,17
1589249382.7181141,173.194.151.108,10.10.0.10,,,443,41505,0,1358,17
1589249382.736865,173.194.151.108,10.10.0.10,,,443,41505,0,1358,17
1589249382.738612,10.10.0.10,173.194.151.108,,,41505,443,0,37,17
1589249382.755616,173.194.151.108,10.10.0.10,,,443,41505,0,1358,17
1589249382.774369,173.194.151.108,10.10.0.10,,,443,41505,0,1358,17
1589249382.7759778,10.10.0.10,173.194.151.108,,,41505,443,0,50,17
1589249382.7931118,173.194.151.108,10.10.0.10,,,443,41505,0,1358,17
1589249382.811858,173.194.151.108,10.10.0.10,,,443,41505,0,1358,17
1589249382.8134868,10.10.0.10,173.194.151.108,,,41505,443,0,37,17
1589249382.830605,173.194.151.108,10.10.0.10,,,443,41505,0,1358,17
1589249382.8493538,173.194.151.108,10.10.0.10,,,443,41505,0,1358,17
1589249382.851001,10.10.0.10,173.194.151.108,,,41505,443,0,37,17
1589249382.8681018,173.194.151.108,10.10.0.10,,,443,41505,0,29,17
1589249382.8689651,173.194.151.108,10.10.0.10,,,443,41505,0,1358,17
1589249382.8877132,173.194.151.108,10.10.0.10,,,443,41505,0,1358,17
1589249382.88975,10.10.0.10,173.194.151.108,,,41505,443,0,37,17
1589249382.9064429,173.194.151.108,10.10.0.10,,,443,41505,0,1358,17
1589249382.9251919,173.194.151.108,10.10.0.10,,,443,41505,0,1358,17
1589249382.9267492,10.10.0.10,173.194.151.108,,,41505,443,0,37,17
1589249382.943941,173.194.151.108,10.10.0.10,,,443,41505,0,1358,17
1589249382.9626842,173.194.151.108,10.10.0.10,,,443,41505,0,1358,17
1589249382.9645019,10.10.0.10,173.194.151.108,,,41505,443,0,37,17
1589249382.981776,173.194.151.108,10.10.0.10,,,443,41505,0,1358,17
1589249383.000836,173.194.151.108,10.10.0.10,,,443,41505,0,1358,17
1589249383.003482,10.10.0.10,173.194.151.108,,,41505,443,0,37,17
1589249383.0199,173.194.151.108,10.10.0.10,,,443,41505,0,1358,17
1589249383.03896,173.194.151.108,10.10.0.10,,,443,41505,0,1358,17
1589249383.0407438,10.10.0.10,173.194.151.108,,,41505,443,0,37,17
1589249383.0580301,173.194.151.108,10.10.0.10,,,443,41505,0,1358,17
1589249383.077096,173.194.151.108,10.10.0.10,,,443,41505,0,1358,17
1589249383.079099,10.10.0.10,173.194.151.108,,,41505,443,0,37,17
1589249383.096167,173.194.151.108,10.10.0.10,,,443,41505,0,1358,17
1589249383.1152358,173.194.151.108,10.10.0.10,,,443,41505,0,1358,17
1589249383.116976,10.10.0.10,173.194.151.108,,,41505,443,0,37,17
1589249383.1343012,173.194.151.108,10.10.0.10,,,443,41505,0,1358,17
1589249383.15337,173.194.151.108,10.10.0.10,,,443,41505,0,1358,17
1589249383.1552231,10.10.0.10,173.194.151.108,,,41505,443,0,37,17
1589249383.172457,173.194.151.108,10.10.0.10,,,443,41505,0,1358,17
1589249383.19152,173.194.151.108,10.10.0.10,,,443,41505,0,1358,17
1589249383.1932151,10.10.0.10,173.194.151.108,,,41505,443,0,37,17
1589249383.210579,173.194.151.108,10.10.0.10,,,443,41505,0,1358,17
1589249383.2296462,173.194.151.108,10.10.0.10,,,443,41505,0,1358,17
1589249383.2314599,10.10.0.10,173.194.151.108,,,41505,443,0,37,17
1589249383.248716,173.194.151.108,10.10.0.10,,,443,41505,0,1358,17
1589249383.267783,173.194.151.108,10.10.0.10,,,443,41505,0,1358,17
1589249383.269614,10.10.0.10,173.194.151.108,,,41505,443,0,37,17
1589249383.286851,173.194.151.108,10.10.0.10,,,443,41505,0,1358,17
1589249383.30592,173.194.151.108,10.10.0.10,,,443,41505,0,1358,17
1589249383.307584,10.10.0.10,173.194.151.108,,,41505,443,0,37,17
1589249383.324986,173.194.151.108,10.10.0.10,,,443,41505,0,1358,17
1589249383.344051,173.194.151.108,10.10.0.10,,,443,41505,0,1358,17
1589249383.3458428,10.10.0.10,173.194.151.108,,,41505,443,0,37,17
1589249383.3631382,173.194.151.108,10.10.0.10,,,443,41505,0,1358,17
1589249383.382205,173.194.151.108,10.10.0.10,,,443,41505,0,1358,17
1589249383.3838608,10.10.0.10,173.194.151.108,,,41505,443,0,37,17
1589249383.401264,173.194.151.108,10.10.0.10,,,443,41505,0,1358,17
1589249383.4203308,173.194.151.108,10.10.0.10,,,443,41505,0,1358,17
1589249383.422359,10.10.0.10,173.194.151.108,,,41505,443,0,37,17
1589249383.439397,173.194.151.108,10.10.0.10,,,443,41505,0,1358,17
1589249383.4584668,173.194.151.108,10.10.0.10,,,443,41505,0,1358,17
1589249383.4602141,10.10.0.10,173.194.151.108,,,41505,443,0,37,17
1589249383.477536,173.194.151.108,10.10.0.10,,,443,41505,0,1358,17
1589249383.4966042,173.194.151.108,10.10.0.10,,,443,41505,0,1358,17
1589249383.4982328,10.10.0.10,173.194.151.108,,,41505,443,0,37,17
1589249383.515671,173.194.151.108,10.10.0.10,,,443,41505,0,1358,17
1589249383.534758,173.194.151.108,10.10.0.10,,,443,41505,0,1358,17
1589249383.5472338,10.10.0.10,173.194.151.108,,,41505,443,0,50,17
1589249383.553819,173.194.151.108,10.10.0.10,,,443,41505,0,1358,17
1589249383.5728786,173.194.151.108,10.10.0.10,,,443,41505,0,1358,17
1589249383.574687,10.10.0.10,173.194.151.108,,,41505,443,0,37,17
1589249383.591957,173.194.151.108,10.10.0.10,,,443,41505,0,1358,17
1589249383.6110141,173.194.151.108,10.10.0.10,,,443,41505,0,1358,17
1589249383.6128588,10.10.0.10,173.194.151.108,,,41505,443,0,37,17
1589249383.630081,173.194.151.108,10.10.0.10,,,443,41505,0,1358,17
1589249383.6491468,173.194.151.108,10.10.0.10,,,443,41505,0,29,17
1589249383.650019,173.194.151.108,10.10.0.10,,,443,41505,0,1358,17
1589249383.653703,10.10.0.10,173.194.151.108,,,41505,443,0,37,17
1589249383.66908,173.194.151.108,10.10.0.10,,,443,41505,0,1358,17
1589249383.6881466,173.194.151.108,10.10.0.10,,,443,41505,0,1358,17
1589249383.689825,10.10.0.10,173.194.151.108,,,41505,443,0,37,17
1589249383.707222,173.194.151.108,10.10.0.10,,,443,41505,0,1358,17
1589249383.7263026,173.194.151.108,10.10.0.10,,,443,41505,0,1358,17
1589249383.727862,10.10.0.10,173.194.151.108,,,41505,443,0,37,17
1589249383.74536,173.194.151.108,10.10.0.10,,,443,41505,0,1358,17
1589249383.764427,173.194.151.108,10.10.0.10,,,443,41505,0,1358,17
1589249383.765948,10.10.0.10,173.194.151.108,,,41505,443,0,37,17
1589249383.7835011,173.194.151.108,10.10.0.10,,,443,41505,0,1358,17
1589249383.8025641,173.194.151.108,10.10.0.10,,,443,41505,0,1358,17
1589249383.805204,10.10.0.10,173.194.151.108,,,41505,443,0,37,17
1589249383.8216374,173.194.151.108,10.10.0.10,,,443,41505,0,1358,17
1589249383.840704,173.194.151.108,10.10.0.10,,,443,41505,0,1358,17
1589249383.842453,10.10.0.10,173.194.151.108,,,41505,443,0,37,17
1589249383.8597708,173.194.151.108,10.10.0.10,,,443,41505,0,1358,17
1589249383.878836,173.194.151.108,10.10.0.10,,,443,41505,0,1358,17
1589249383.880597,10.10.0.10,173.194.151.108,,,41505,443,0,37,17
1589249383.8979053,173.194.151.108,10.10.0.10,,,443,41505,0,1358,17
1589249383.9169822,173.194.151.108,10.10.0.10,,,443,41505,0,1358,17
1589249383.919345,10.10.0.10,173.194.151.108,,,41505,443,0,37,17
1589249383.936048,173.194.151.108,10.10.0.10,,,443,41505,0,1358,17
1589249383.955123,173.194.151.108,10.10.0.10,,,443,41505,0,1358,17
1589249383.956974,10.10.0.10,173.194.151.108,,,41505,443,0,37,17
1589249383.974184,173.194.151.108,10.10.0.10,,,443,41505,0,1358,17
1589249383.99325,173.194.151.108,10.10.0.10,,,443,41505,0,1358,17
1589249383.9949741,10.10.0.10,173.194.151.108,,,41505,443,0,37,17
1589249384.012318,173.194.151.108,10.10.0.10,,,443,41505,0,1358,17
1589249384.031384,173.194.151.108,10.10.0.10,,,443,41505,0,1358,17
1589249384.032966,10.10.0.10,173.194.151.108,,,41505,443,0,37,17
1589249384.050454,173.194.151.108,10.10.0.10,,,443,41505,0,1358,17
1589249384.0695288,173.194.151.108,10.10.0.10,,,443,41505,0,1358,17
1589249384.071327,10.10.0.10,173.194.151.108,,,41505,443,0,37,17
1589249384.0885901,173.194.151.108,10.10.0.10,,,443,41505,0,1358,17
1589249384.107658,173.194.151.108,10.10.0.10,,,443,41505,0,1358,17
1589249384.10935,10.10.0.10,173.194.151.108,,,41505,443,0,37,17
1589249384.1267238,173.194.151.108,10.10.0.10,,,443,41505,0,1358,17
1589249384.145803,173.194.151.108,10.10.0.10,,,443,41505,0,1358,17
1589249384.147841,10.10.0.10,173.194.151.108,,,41505,443,0,37,17
1589249384.164867,173.194.151.108,10.10.0.10,,,443,41505,0,1358,17
1589249384.183932,173.194.151.108,10.10.0.10,,,443,41505,0,1358,17
1589249384.185713,10.10.0.10,173.194.151.108,,,41505,443,0,37,17
1589249384.203001,173.194.151.108,10.10.0.10,,,443,41505,0,1358,17
1589249384.2220712,173.194.151.108,10.10.0.10,,,443,41505,0,1358,17
1589249384.223945,10.10.0.10,173.194.151.108,,,41505,443,0,37,17
1589249384.241141,173.194.151.108,10.10.0.10,,,443,41505,0,1358,17
1589249384.26021,173.194.151.108,10.10.0.10,,,443,41505,0,1358,17
1589249384.261816,10.10.0.10,173.194.151.108,,,41505,443,0,37,17
1589249384.279275,173.194.151.108,10.10.0.10,,,443,41505,0,1358,17
1589249384.2983599,173.194.151.108,10.10.0.10,,,443,41505,0,1358,17
1589249384.300335,10.10.0.10,173.194.151.108,,,41505,443,0,50,17
1589249384.317408,173.194.151.108,10.10.0.10,,,443,41505,0,1358,17
1589249384.336489,173.194.151.108,10.10.0.10,,,443,41505,0,1358,17
1589249384.339336,10.10.0.10,173.194.151.108,,,41505,443,0,37,17
1589249384.35555,173.194.151.108,10.10.0.10,,,443,41505,0,1358,17
1589249384.3746178,173.194.151.108,10.10.0.10,,,443,41505,0,1358,17
1589249384.37646,10.10.0.10,173.194.151.108,,,41505,443,0,37,17
1589249384.3936849,173.194.151.108,10.10.0.10,,,443,41505,0,1358,17
1589249384.4127555,173.194.151.108,10.10.0.10,,,443,41505,0,1358,17
1589249384.4144368,10.10.0.10,173.194.151.108,,,41505,443,0,37,17
1589249384.431823,173.194.151.108,10.10.0.10,,,443,41505,0,1358,17
1589249384.4508922,173.194.151.108,10.10.0.10,,,443,41505,0,1358,17
1589249384.452561,10.10.0.10,173.194.151.108,,,41505,443,0,37,17
1589249384.4699812,173.194.151.108,10.10.0.10,,,443,41505,0,1358,17
1589249384.4890418,173.194.151.108,10.10.0.10,,,443,41505,0,1358,17
1589249384.490809,10.10.0.10,173.194.151.108,,,41505,443,0,37,17
1589249384.5080929,173.194.151.108,10.10.0.10,,,443,41505,0,1358,17
1589249384.527167,173.194.151.108,10.10.0.10,,,443,41505,0,1358,17
1589249384.5309331,10.10.0.10,173.194.151.108,,,41505,443,0,37,17
1589249384.5462394,173.194.151.108,10.10.0.10,,,443,41505,0,1358,17
1589249384.5653028,173.194.151.108,10.10.0.10,,,443,41505,0,1358,17
1589249384.567084,10.10.0.10,173.194.151.108,,,41505,443,0,37,17
1589249384.584369,173.194.151.108,10.10.0.10,,,443,41505,0,1358,17
1589249384.6034374,173.194.151.108,10.10.0.10,,,443,41505,0,1358,17
1589249384.605018,10.10.0.10,173.194.151.108,,,41505,443,0,37,17
1589249384.6225069,173.194.151.108,10.10.0.10,,,443,41505,0,1358,17
1589249384.637418,10.10.0.10,173.194.151.108,,,41505,443,0,729,17
1589249384.638579,10.10.0.10,173.194.151.108,,,41505,443,0,48,17
1589249384.6415732,173.194.151.108,10.10.0.10,,,443,41505,0,1358,17
1589249384.6606588,173.194.151.108,10.10.0.10,,,443,41505,0,1358,17
1589249384.6623054,10.10.0.10,173.194.151.108,,,41505,443,0,37,17
1589249384.679713,173.194.151.108,10.10.0.10,,,443,41505,0,1358,17
1589249384.69878,173.194.151.108,10.10.0.10,,,443,41505,0,1358,17
1589249384.701805,10.10.0.10,173.194.151.108,,,41505,443,0,37,17
1589249384.717848,173.194.151.108,10.10.0.10,,,443,41505,0,1358,17
1589249384.736917,173.194.151.108,10.10.0.10,,,443,41505,0,29,17
1589249384.7377868,173.194.151.108,10.10.0.10,,,443,41505,0,1358,17
1589249384.739671,10.10.0.10,173.194.151.108,,,41505,443,0,37,17
1589249384.7568462,173.194.151.108,10.10.0.10,,,443,41505,0,1358,17
1589249384.775927,173.194.151.108,10.10.0.10,,,443,41505,0,1358,17
1589249384.777678,10.10.0.10,173.194.151.108,,,41505,443,0,37,17
1589249384.7949884,173.194.151.108,10.10.0.10,,,443,41505,0,1358,17
1589249384.8140578,173.194.151.108,10.10.0.10,,,443,41505,0,1358,17
1589249384.8156748,10.10.0.10,173.194.151.108,,,41505,443,0,37,17
1589249384.833124,173.194.151.108,10.10.0.10,,,443,41505,0,1358,17
1589249384.8521938,173.194.151.108,10.10.0.10,,,443,41505,0,1358,17
1589249384.853945,10.10.0.10,173.194.151.108,,,41505,443,0,37,17
1589249384.8712616,173.194.151.108,10.10.0.10,,,443,41505,0,1358,17
1589249384.890343,173.194.151.108,10.10.0.10,,,443,41505,0,1358,17
1589249384.892058,10.10.0.10,173.194.151.108,,,41505,443,0,37,17
1589249384.9094052,173.194.151.108,10.10.0.10,,,443,41505,0,1358,17
1589249384.928474,173.194.151.108,10.10.0.10,,,443,41505,0,1358,17
1589249384.93032,10.10.0.10,173.194.151.108,,,41505,443,0,37,17
1589249384.947535,173.194.151.108,10.10.0.10,,,443,41505,0,1358,17
1589249384.9666052,173.194.151.108,10.10.0.10,,,443,41505,0,1358,17
1589249384.968296,10.10.0.10,173.194.151.108,,,41505,443,0,37,17
1589249384.985673,173.194.151.108,10.10.0.10,,,443,41505,0,1358,17
1589249385.0047398,173.194.151.108,10.10.0.10,,,443,41505,0,1358,17
1589249385.006922,10.10.0.10,173.194.151.108,,,41505,443,0,37,17
1589249385.0238106,173.194.151.108,10.10.0.10,,,443,41505,0,1358,17
1589249385.0428786,173.194.151.108,10.10.0.10,,,443,41505,0,1358,17
1589249385.044442,10.10.0.10,173.194.151.108,,,41505,443,0,37,17
1589249385.0619652,173.194.151.108,10.10.0.10,,,443,41505,0,1358,17
1589249385.081025,173.194.151.108,10.10.0.10,,,443,41505,0,1358,17
1589249385.083035,10.10.0.10,173.194.151.108,,,41505,443,0,37,17
1589249385.1000838,173.194.151.108,10.10.0.10,,,443,41505,0,1358,17
1589249385.119154,173.194.151.108,10.10.0.10,,,443,41505,0,1358,17
1589249385.120792,10.10.0.10,173.194.151.108,,,41505,443,0,37,17
1589249385.138221,173.194.151.108,10.10.0.10,,,443,41505,0,1358,17
1589249385.157289,173.194.151.108,10.10.0.10,,,443,41505,0,1358,17
1589249385.1589158,10.10.0.10,173.194.151.108,,,41505,443,0,37,17
1589249385.176359,173.194.151.108,10.10.0.10,,,443,41505,0,1358,17
1589249385.195426,173.194.151.108,10.10.0.10,,,443,41505,0,1358,17
1589249385.19731,10.10.0.10,173.194.151.108,,,41505,443,0,37,17
1589249385.214493,173.194.151.108,10.10.0.10,,,443,41505,0,1358,17
1589249385.233582,173.194.151.108,10.10.0.10,,,443,41505,0,1358,17
1589249385.235163,10.10.0.10,173.194.151.108,,,41505,443,0,37,17
1589249385.252648,173.194.151.108,10.10.0.10,,,443,41505,0,1358,17
1589249385.2717102,173.194.151.108,10.10.0.10,,,443,41505,0,1358,17
1589249385.273288,10.10.0.10,173.194.151.108,,,41505,443,0,37,17
1589249385.2907689,173.194.151.108,10.10.0.10,,,443,41505,0,1358,17
1589249385.309839,173.194.151.108,10.10.0.10,,,443,41505,0,1358,17
1589249385.311666,10.10.0.10,173.194.151.108,,,41505,443,0,37,17
1589249385.3289068,173.194.151.108,10.10.0.10,,,443,41505,0,1358,17
1589249385.347977,173.194.151.108,10.10.0.10,,,443,41505,0,1358,17
1589249385.3501801,10.10.0.10,173.194.151.108,,,41505,443,0,37,17
1589249385.367047,173.194.151.108,10.10.0.10,,,443,41505,0,1358,17
1589249385.386112,173.194.151.108,10.10.0.10,,,443,41505,0,1358,17
1589249385.3878062,10.10.0.10,173.194.151.108,,,41505,443,0,50,17
1589249385.4051821,173.194.151.108,10.10.0.10,,,443,41505,0,1358,17
1589249385.4242704,173.194.151.108,10.10.0.10,,,443,41505,0,1358,17
1589249385.426051,10.10.0.10,173.194.151.108,,,41505,443,0,37,17
1589249385.4433308,173.194.151.108,10.10.0.10,,,443,41505,0,1358,17
1589249385.4623902,173.194.151.108,10.10.0.10,,,443,41505,0,1358,17
1589249385.465783,10.10.0.10,173.194.151.108,,,41505,443,0,37,17
1589249385.481455,173.194.151.108,10.10.0.10,,,443,41505,0,1358,17
1589249385.5005221,173.194.151.108,10.10.0.10,,,443,41505,0,1358,17
1589249385.50228,10.10.0.10,173.194.151.108,,,41505,443,0,37,17
1589249385.519592,173.194.151.108,10.10.0.10,,,443,41505,0,1358,17
1589249385.5386589,173.194.151.108,10.10.0.10,,,443,41505,0,1358,17
1589249385.5404284,10.10.0.10,173.194.151.108,,,41505,443,0,37,17
1589249385.557726,173.194.151.108,10.10.0.10,,,443,41505,0,1358,17
1589249385.576792,173.194.151.108,10.10.0.10,,,443,41505,0,1358,17
1589249385.578648,10.10.0.10,173.194.151.108,,,41505,443,0,37,17
1589249385.5958598,173.194.151.108,10.10.0.10,,,443,41505,0,1358,17
1589249385.6149318,173.194.151.108,10.10.0.10,,,443,41505,0,1358,17
1589249385.6171448,10.10.0.10,173.194.151.108,,,41505,443,0,37,17
1589249385.6339972,173.194.151.108,10.10.0.10,,,443,41505,0,1358,17
1589249385.653068,173.194.151.108,10.10.0.10,,,443,41505,0,1358,17
1589249385.6546571,10.10.0.10,173.194.151.108,,,41505,443,0,37,17
1589249385.6721332,173.194.151.108,10.10.0.10,,,443,41505,0,1358,17
1589249385.6912026,173.194.151.108,10.10.0.10,,,443,41505,0,1358,17
1589249385.692803,10.10.0.10,173.194.151.108,,,41505,443,0,37,17
1589249385.710275,173.194.151.108,10.10.0.10,,,443,41505,0,1358,17
1589249385.729343,173.194.151.108,10.10.0.10,,,443,41505,0,1358,17
1589249385.7308948,10.10.0.10,173.194.151.108,,,41505,443,0,37,17
1589249385.748409,173.194.151.108,10.10.0.10,,,443,41505,0,1358,17
1589249385.767498,173.194.151.108,10.10.0.10,,,443,41505,0,1358,17
1589249385.7696428,10.10.0.10,173.194.151.108,,,41505,443,0,37,17
1589249385.786551,173.194.151.108,10.10.0.10,,,443,41505,0,1358,17
1589249385.805625,173.194.151.108,10.10.0.10,,,443,41505,0,1358,17
1589249385.808649,10.10.0.10,173.194.151.108,,,41505,443,0,37,17
1589249385.824686,173.194.151.108,10.10.0.10,,,443,41505,0,1358,17
1589249385.8437548,173.194.151.108,10.10.0.10,,,443,41505,0,1358,17
1589249385.8455439,10.10.0.10,173.194.151.108,,,41505,443,0,37,17
1589249385.862819,173.194.151.108,10.10.0.10,,,443,41505,0,1358,17
1589249385.8818939,173.194.151.108,10.10.0.10,,,443,41505,0,1358,17
1589249385.883667,10.10.0.10,173.194.151.108,,,41505,443,0,37,17
1589249385.9009619,173.194.151.108,10.10.0.10,,,443,41505,0,1358,17
1589249385.92003,173.194.151.108,10.10.0.10,,,443,41505,0,1358,17
1589249385.921914,10.10.0.10,173.194.151.108,,,41505,443,0,37,17
1589249385.9390972,173.194.151.108,10.10.0.10,,,443,41505,0,1358,17
1589249385.958186,173.194.151.108,10.10.0.10,,,443,41505,0,1358,17
1589249385.9610188,10.10.0.10,173.194.151.108,,,41505,443,0,37,17
1589249385.977249,173.194.151.108,10.10.0.10,,,443,41505,0,1358,17
1589249385.9963148,173.194.151.108,10.10.0.10,,,443,41505,0,1358,17
1589249385.99841,10.10.0.10,173.194.151.108,,,41505,443,0,37,17
1589249386.0153751,173.194.151.108,10.10.0.10,,,443,41505,0,1358,17
1589249386.034441,173.194.151.108,10.10.0.10,,,443,41505,0,1358,17
1589249386.0360358,10.10.0.10,173.194.151.108,,,41505,443,0,37,17
1589249386.0535092,173.194.151.108,10.10.0.10,,,443,41505,0,1358,17
1589249386.072578,173.194.151.108,10.10.0.10,,,443,41505,0,1358,17
1589249386.0756445,10.10.0.10,173.194.151.108,,,41505,443,0,37,17
1589249386.091642,173.194.151.108,10.10.0.10,,,443,41505,0,1358,17
1589249386.110718,173.194.151.108,10.10.0.10,,,443,41505,0,1358,17
1589249386.1256368,10.10.0.10,173.194.151.108,,,41505,443,0,37,17
1589249386.129781,173.194.151.108,10.10.0.10,,,443,41505,0,1358,17
1589249386.14885,173.194.151.108,10.10.0.10,,,443,41505,0,1358,17
1589249386.150502,10.10.0.10,173.194.151.108,,,41505,443,0,50,17
1589249386.1679351,173.194.151.108,10.10.0.10,,,443,41505,0,1358,17
1589249386.1869938,173.194.151.108,10.10.0.10,,,443,41505,0,1358,17
1589249386.188646,10.10.0.10,173.194.151.108,,,41505,443,0,37,17
1589249386.2060552,173.194.151.108,10.10.0.10,,,443,41505,0,1358,17
1589249386.225126,173.194.151.108,10.10.0.10,,,443,41505,0,1358,17
1589249386.2326539,10.10.0.10,173.194.151.108,,,41505,443,0,37,17
1589249386.244193,173.194.151.108,10.10.0.10,,,443,41505,0,29,17
1589249386.2450595,173.194.151.108,10.10.0.10,,,443,41505,0,1358,17
1589249386.264129,173.194.151.108,10.10.0.10,,,443,41505,0,1358,17
1589249386.2657714,10.10.0.10,173.194.151.108,,,41505,443,0,37,17
1589249386.2831929,173.194.151.108,10.10.0.10,,,443,41505,0,1358,17
1589249386.302265,173.194.151.108,10.10.0.10,,,443,41505,0,1358,17
1589249386.3040292,10.10.0.10,173.194.151.108,,,41505,443,0,37,17
1589249386.3213315,173.194.151.108,10.10.0.10,,,443,41505,0,1358,17
1589249386.340402,173.194.151.108,10.10.0.10,,,443,41505,0,1358,17
1589249386.3421311,10.10.0.10,173.194.151.108,,,41505,443,0,37,17
1589249386.3594694,173.194.151.108,10.10.0.10,,,443,41505,0,1358,17
1589249386.37855,173.194.151.108,10.10.0.10,,,443,41505,0,1358,17
1589249386.3802571,10.10.0.10,173.194.151.108,,,41505,443,0,37,17
1589249386.397613,173.194.151.108,10.10.0.10,,,443,41505,0,1358,17
1589249386.4166784,173.194.151.108,10.10.0.10,,,443,41505,0,1358,17
1589249386.418255,10.10.0.10,173.194.151.108,,,41505,443,0,37,17
1589249386.435742,173.194.151.108,10.10.0.10,,,443,41505,0,1358,17
1589249386.454808,173.194.151.108,10.10.0.10,,,443,41505,0,1358,17
1589249386.4565024,10.10.0.10,173.194.151.108,,,41505,443,0,37,17
1589249386.4738774,173.194.151.108,10.10.0.10,,,443,41505,0,1358,17
1589249386.4929464,173.194.151.108,10.10.0.10,,,443,41505,0,1358,17
1589249386.494776,10.10.0.10,173.194.151.108,,,41505,443,0,37,17
1589249386.512016,173.194.151.108,10.10.0.10,,,443,41505,0,1358,17
1589249386.531082,173.194.151.108,10.10.0.10,,,443,41505,0,1358,17
1589249386.532777,10.10.0.10,173.194.151.108,,,41505,443,0,37,17
1589249386.5501714,173.194.151.108,10.10.0.10,,,443,41505,0,1358,17
1589249386.569233,173.194.151.108,10.10.0.10,,,443,41505,0,1358,17
1589249386.571019,10.10.0.10,173.194.151.108,,,41505,443,0,37,17
1589249386.5882866,173.194.151.108,10.10.0.10,,,443,41505,0,1358,17
1589249386.607358,173.194.151.108,10.10.0.10,,,443,41505,0,1358,17
1589249386.609102,10.10.0.10,173.194.151.108,,,41505,443,0,37,17
1589249386.6264222,173.194.151.108,10.10.0.10,,,443,41505,0,1358,17
1589249386.64549,173.194.151.108,10.10.0.10,,,443,41505,0,1358,17
1589249386.647383,10.10.0.10,173.194.151.108,,,41505,443,0,37,17
1589249386.664565,173.194.151.108,10.10.0.10,,,443,41505,0,1358,17
1589249386.683635,173.194.151.108,10.10.0.10,,,443,41505,0,1358,17
1589249386.685658,10.10.0.10,173.194.151.108,,,41505,443,0,37,17
1589249386.702697,173.194.151.108,10.10.0.10,,,443,41505,0,1358,17
1589249386.72179,173.194.151.108,10.10.0.10,,,443,41505,0,1358,17
1589249386.7237468,10.10.0.10,173.194.151.108,,,41505,443,0,37,17
1589249386.740839,173.194.151.108,10.10.0.10,,,443,41505,0,1358,17
1589249386.759917,173.194.151.108,10.10.0.10,,,443,41505,0,1358,17
1589249386.761606,10.10.0.10,173.194.151.108,,,41505,443,0,37,17
1589249386.77897,173.194.151.108,10.10.0.10,,,443,41505,0,1358,17
1589249386.798038,173.194.151.108,10.10.0.10,,,443,41505,0,1358,17
1589249386.7996268,10.10.0.10,173.194.151.108,,,41505,443,0,37,17
1589249386.817114,173.194.151.108,10.10.0.10,,,443,41505,0,1358,17
1589249386.836174,173.194.151.108,10.10.0.10,,,443,41505,0,1358,17
1589249386.8378668,10.10.0.10,173.194.151.108,,,41505,443,0,37,17
1589249386.85525,173.194.151.108,10.10.0.10,,,443,41505,0,1358,17
1589249386.8743172,173.194.151.108,10.10.0.10,,,443,41505,0,1358,17
1589249386.876008,10.10.0.10,173.194.151.108,,,41505,443,0,37,17
1589249386.893385,173.194.151.108,10.10.0.10,,,443,41505,0,1358,17
1589249386.912455,173.194.151.108,10.10.0.10,,,443,41505,0,1358,17
1589249386.914493,10.10.0.10,173.194.151.108,,,41505,443,0,50,17
1589249386.931538,173.194.151.108,10.10.0.10,,,443,41505,0,1358,17
1589249386.950597,173.194.151.108,10.10.0.10,,,443,41505,0,1358,17
1589249386.952366,10.10.0.10,173.194.151.108,,,41505,443,0,37,17
1589249386.9696612,173.194.151.108,10.10.0.10,,,443,41505,0,1358,17
1589249386.9887269,173.194.151.108,10.10.0.10,,,443,41505,0,1358,17
1589249386.995239,10.10.0.10,173.194.151.108,,,41505,443,0,37,17
1589249387.0077958,173.194.151.108,10.10.0.10,,,443,41505,0,1358,17
1589249387.026866,173.194.151.108,10.10.0.10,,,443,41505,0,1358,17
1589249387.0285046,10.10.0.10,173.194.151.108,,,41505,443,0,37,17
1589249387.045933,173.194.151.108,10.10.0.10,,,443,41505,0,29,17
1589249387.046797,173.194.151.108,10.10.0.10,,,443,41505,0,1358,17
1589249387.065864,173.194.151.108,10.10.0.10,,,443,41505,0,1358,17
1589249387.0674849,10.10.0.10,173.194.151.108,,,41505,443,0,37,17
1589249387.084934,173.194.151.108,10.10.0.10,,,443,41505,0,1358,17
1589249387.104007,173.194.151.108,10.10.0.10,,,443,41505,0,1358,17
1589249387.1057544,10.10.0.10,173.194.151.108,,,41505,443,0,37,17
1589249387.1230724,173.194.151.108,10.10.0.10,,,443,41505,0,1358,17
1589249387.142154,173.194.151.108,10.10.0.10,,,443,41505,0,1358,17
1589249387.1439822,10.10.0.10,173.194.151.108,,,41505,443,0,37,17
1589249387.161215,173.194.151.108,10.10.0.10,,,443,41505,0,1358,17
1589249387.180282,173.194.151.108,10.10.0.10,,,443,41505,0,1358,17
1589249387.18197,10.10.0.10,173.194.151.108,,,41505,443,0,37,17
1589249387.1993446,173.194.151.108,10.10.0.10,,,443,41505,0,1358,17
1589249387.218414,173.194.151.108,10.10.0.10,,,443,41505,0,1358,17
1589249387.2201226,10.10.0.10,173.194.151.108,,,41505,443,0,37,17
1589249387.2374818,173.194.151.108,10.10.0.10,,,443,41505,0,1358,17
1589249387.256552,173.194.151.108,10.10.0.10,,,443,41505,0,1358,17
1589249387.2587302,10.10.0.10,173.194.151.108,,,41505,443,0,37,17
1589249387.2756188,173.194.151.108,10.10.0.10,,,443,41505,0,1358,17
1589249387.294681,173.194.151.108,10.10.0.10,,,443,41505,0,1358,17
1589249387.2966142,10.10.0.10,173.194.151.108,,,41505,443,0,37,17
1589249387.3137708,173.194.151.108,10.10.0.10,,,443,41505,0,1358,17
1589249387.332835,173.194.151.108,10.10.0.10,,,443,41505,0,1358,17
1589249387.3346221,10.10.0.10,173.194.151.108,,,41505,443,0,37,17
1589249387.3519,173.194.151.108,10.10.0.10,,,443,41505,0,1358,17
1589249387.370961,173.194.151.108,10.10.0.10,,,443,41505,0,1358,17
1589249387.3725939,10.10.0.10,173.194.151.108,,,41505,443,0,37,17
1589249387.3900292,173.194.151.108,10.10.0.10,,,443,41505,0,1358,17
1589249387.409097,173.194.151.108,10.10.0.10,,,443,41505,0,1358,17
1589249387.410843,10.10.0.10,173.194.151.108,,,41505,443,0,37,17
1589249387.428161,173.194.151.108,10.10.0.10,,,443,41505,0,1358,17
1589249387.4472349,173.194.151.108,10.10.0.10,,,443,41505,0,1358,17
1589249387.4489741,10.10.0.10,173.194.151.108,,,41505,443,0,37,17
1589249387.466305,173.194.151.108,10.10.0.10,,,443,41505,0,1358,17
1589249387.485392,173.194.151.108,10.10.0.10,,,443,41505,0,1358,17
1589249387.487119,10.10.0.10,173.194.151.108,,,41505,443,0,37,17
1589249387.504456,173.194.151.108,10.10.0.10,,,443,41505,0,1358,17
1589249387.52352,173.194.151.108,10.10.0.10,,,443,41505,0,1358,17
1589249387.525492,10.10.0.10,173.194.151.108,,,41505,443,0,37,17
1589249387.5425801,173.194.151.108,10.10.0.10,,,443,41505,0,1358,17
1589249387.5616472,173.194.151.108,10.10.0.10,,,443,41505,0,1358,17
1589249387.5633461,10.10.0.10,173.194.151.108,,,41505,443,0,37,17
1589249387.580713,173.194.151.108,10.10.0.10,,,443,41505,0,1358,17
1589249387.599783,173.194.151.108,10.10.0.10,,,443,41505,0,1358,17
1589249387.601463,10.10.0.10,173.194.151.108,,,41505,443,0,37,17
1589249387.618849,173.194.151.108,10.10.0.10,,,443,41505,0,1358,17
1589249387.637919,173.194.151.108,10.10.0.10,,,443,41505,0,1358,17
1589249387.639591,10.10.0.10,173.194.151.108,,,41505,443,0,37,17
1589249387.657,173.194.151.108,10.10.0.10,,,443,41505,0,1358,17
1589249387.6760561,173.194.151.108,10.10.0.10,,,443,41505,0,1358,17
1589249387.6777186,10.10.0.10,173.194.151.108,,,41505,443,0,50,17
1589249387.6951199,173.194.151.108,10.10.0.10,,,443,41505,0,1358,17
1589249387.714192,173.194.151.108,10.10.0.10,,,443,41505,0,1358,17
1589249387.7160866,10.10.0.10,173.194.151.108,,,41505,443,0,37,17
1589249387.7332602,173.194.151.108,10.10.0.10,,,443,41505,0,1358,17
1589249387.7523446,173.194.151.108,10.10.0.10,,,443,41505,0,1358,17
1589249387.754071,10.10.0.10,173.194.151.108,,,41505,443,0,37,17
1589249387.7713964,173.194.151.108,10.10.0.10,,,443,41505,0,1358,17
1589249387.7904696,173.194.151.108,10.10.0.10,,,443,41505,0,1358,17
1589249387.791966,10.10.0.10,173.194.151.108,,,41505,443,0,37,17
1589249387.8095384,173.194.151.108,10.10.0.10,,,443,41505,0,1358,17
1589249387.8286052,173.194.151.108,10.10.0.10,,,443,41505,0,1358,17
1589249387.830361,10.10.0.10,173.194.151.108,,,41505,443,0,37,17
1589249387.8476741,173.194.151.108,10.10.0.10,,,443,41505,0,29,17
1589249387.848536,173.194.151.108,10.10.0.10,,,443,41505,0,1358,17
1589249387.8676052,173.194.151.108,10.10.0.10,,,443,41505,0,1358,17
1589249387.8693366,10.10.0.10,173.194.151.108,,,41505,443,0,37,17
1589249387.886675,173.194.151.108,10.10.0.10,,,443,41505,0,1358,17
1589249387.9057562,173.194.151.108,10.10.0.10,,,443,41505,0,1358,17
1589249387.90923,10.10.0.10,173.194.151.108,,,41505,443,0,37,17
1589249387.9248035,173.194.151.108,10.10.0.10,,,443,41505,0,1358,17
1589249387.943886,173.194.151.108,10.10.0.10,,,443,41505,0,1358,17
1589249387.9454598,10.10.0.10,173.194.151.108,,,41505,443,0,37,17
1589249387.9629474,173.194.151.108,10.10.0.10,,,443,41505,0,1358,17
1589249387.9754028,173.194.151.108,10.10.0.10,,,443,41505,0,1358,17
1589249387.9771078,10.10.0.10,173.194.151.108,,,41505,443,0,37,17
1589249387.9878778,173.194.151.108,10.10.0.10,,,443,41505,0,1358,17
1589249388.000319,173.194.151.108,10.10.0.10,,,443,41505,0,1358,17
1589249388.00235,10.10.0.10,173.194.151.108,,,41505,443,0,37,17
1589249388.012774,173.194.151.108,10.10.0.10,,,443,41505,0,1358,17
1589249388.0252285,173.194.151.108,10.10.0.10,,,443,41505,0,1358,17
1589249388.0268528,10.10.0.10,173.194.151.108,,,41505,443,0,37,17
1589249388.0376909,173.194.151.108,10.10.0.10,,,443,41505,0,1358,17
1589249388.050145,173.194.151.108,10.10.0.10,,,443,41505,0,1358,17
1589249388.05184,10.10.0.10,173.194.151.108,,,41505,443,0,37,17
1589249388.0626042,173.194.151.108,10.10.0.10,,,443,41505,0,1358,17
1589249388.0750651,173.194.151.108,10.10.0.10,,,443,41505,0,1358,17
1589249388.0768301,10.10.0.10,173.194.151.108,,,41505,443,0,37,17
1589249388.0875099,173.194.151.108,10.10.0.10,,,443,41505,0,1358,17
1589249388.099962,173.194.151.108,10.10.0.10,,,443,41505,0,1358,17
1589249388.101705,10.10.0.10,173.194.151.108,,,41505,443,0,37,17
1589249388.1124382,173.194.151.108,10.10.0.10,,,443,41505,0,1358,17
1589249388.12488,173.194.151.108,10.10.0.10,,,443,41505,0,1358,17
1589249388.1265798,10.10.0.10,173.194.151.108,,,41505,443,0,37,17
1589249388.137336,173.194.151.108,10.10.0.10,,,443,41505,0,1358,17
1589249388.149801,173.194.151.108,10.10.0.10,,,443,41505,0,1358,17
1589249388.151726,10.10.0.10,173.194.151.108,,,41505,443,0,37,17
1589249388.1622498,173.194.151.108,10.10.0.10,,,443,41505,0,1358,17
1589249388.174705,173.194.151.108,10.10.0.10,,,443,41505,0,1358,17
1589249388.176724,10.10.0.10,173.194.151.108,,,41505,443,0,37,17
1589249388.187161,173.194.151.108,10.10.0.10,,,443,41505,0,1358,17
1589249388.199627,173.194.151.108,10.10.0.10,,,443,41505,0,1358,17
1589249388.201201,10.10.0.10,173.194.151.108,,,41505,443,0,37,17
1589249388.212075,173.194.151.108,10.10.0.10,,,443,41505,0,1358,17
1589249388.2245312,173.194.151.108,10.10.0.10,,,443,41505,0,1358,17
1589249388.227728,10.10.0.10,173.194.151.108,,,41505,443,0,37,17
1589249388.236986,173.194.151.108,10.10.0.10,,,443,41505,0,1358,17
1589249388.249442,173.194.151.108,10.10.0.10,,,443,41505,0,1358,17
1589249388.2510748,10.10.0.10,173.194.151.108,,,41505,443,0,37,17
1589249388.2619011,173.194.151.108,10.10.0.10,,,443,41505,0,1358,17
1589249388.274372,173.194.151.108,10.10.0.10,,,443,41505,0,1358,17
1589249388.276075,10.10.0.10,173.194.151.108,,,41505,443,0,50,17
1589249388.2868214,173.194.151.108,10.10.0.10,,,443,41505,0,1358,17
1589249388.2992678,173.194.151.108,10.10.0.10,,,443,41505,0,1358,17
1589249388.301095,10.10.0.10,173.194.151.108,,,41505,443,0,37,17
1589249388.311743,173.194.151.108,10.10.0.10,,,443,41505,0,29,17
1589249388.3122842,173.194.151.108,10.10.0.10,,,443,41505,0,1358,17
1589249388.3247492,173.194.151.108,10.10.0.10,,,443,41505,0,1358,17
1589249388.326316,10.10.0.10,173.194.151.108,,,41505,443,0,37,17
1589249388.3372,173.194.151.108,10.10.0.10,,,443,41505,0,1358,17
1589249388.349658,173.194.151.108,10.10.0.10,,,443,41505,0,1358,17
1589249388.3517182,10.10.0.10,173.194.151.108,,,41505,443,0,37,17
1589249388.36212,173.194.151.108,10.10.0.10,,,443,41505,0,1358,17
1589249388.3745725,173.194.151.108,10.10.0.10,,,443,41505,0,1358,17
1589249388.376345,10.10.0.10,173.194.151.108,,,41505,443,0,37,17
1589249388.3870268,173.194.151.108,10.10.0.10,,,443,41505,0,1358,17
1589249388.3994956,173.194.151.108,10.10.0.10,,,443,41505,0,1358,17
1589249388.40132,10.10.0.10,173.194.151.108,,,41505,443,0,37,17
1589249388.4119468,173.194.151.108,10.10.0.10,,,443,41505,0,1358,17
1589249388.4243972,173.194.151.108,10.10.0.10,,,443,41505,0,1358,17
1589249388.426698,10.10.0.10,173.194.151.108,,,41505,443,0,37,17
1589249388.4368508,173.194.151.108,10.10.0.10,,,443,41505,0,1358,17
1589249388.44931,173.194.151.108,10.10.0.10,,,443,41505,0,1358,17
1589249388.4510598,10.10.0.10,173.194.151.108,,,41505,443,0,37,17
1589249388.461765,173.194.151.108,10.10.0.10,,,443,41505,0,1358,17
1589249388.474242,173.194.151.108,10.10.0.10,,,443,41505,0,1358,17
1589249388.47595,10.10.0.10,173.194.151.108,,,41505,443,0,37,17
1589249388.486678,173.194.151.108,10.10.0.10,,,443,41505,0,1358,17
1589249388.499135,173.194.151.108,10.10.0.10,,,443,41505,0,1358,17
1589249388.5006962,10.10.0.10,173.194.151.108,,,41505,443,0,37,17
1589249388.5116134,173.194.151.108,10.10.0.10,,,443,41505,0,1358,17
1589249388.524051,173.194.151.108,10.10.0.10,,,443,41505,0,1358,17
1589249388.5256932,10.10.0.10,173.194.151.108,,,41505,443,0,37,17
1589249388.5365038,173.194.151.108,10.10.0.10,,,443,41505,0,1358,17
1589249388.548961,173.194.151.108,10.10.0.10,,,443,41505,0,1358,17
1589249388.550962,10.10.0.10,173.194.151.108,,,41505,443,0,37,17
1589249388.561426,173.194.151.108,10.10.0.10,,,443,41505,0,1358,17
1589249388.573874,173.194.151.108,10.10.0.10,,,443,41505,0,1358,17
1589249388.5756931,10.10.0.10,173.194.151.108,,,41505,443,0,37,17
1589249388.5863314,173.194.151.108,10.10.0.10,,,443,41505,0,1358,17
1589249388.5987859,173.194.151.108,10.10.0.10,,,443,41505,0,1358,17
1589249388.600569,10.10.0.10,173.194.151.108,,,41505,443,0,37,17
1589249388.6112401,173.194.151.108,10.10.0.10,,,443,41505,0,1358,17
1589249388.6237,173.194.151.108,10.10.0.10,,,443,41505,0,1358,17
1589249388.6262882,10.10.0.10,173.194.151.108,,,41505,443,0,37,17
1589249388.63615,173.194.151.108,10.10.0.10,,,443,41505,0,1358,17
1589249388.6486132,173.194.151.108,10.10.0.10,,,443,41505,0,1358,17
1589249388.650308,10.10.0.10,173.194.151.108,,,41505,443,0,37,17
1589249388.6610649,173.194.151.108,10.10.0.10,,,443,41505,0,1358,17
1589249388.673525,173.194.151.108,10.10.0.10,,,443,41505,0,1358,17
1589249388.6874864,173.194.151.108,10.10.0.10,,,443,41505,0,1358,17
1589249388.693399,10.10.0.10,173.194.151.108,,,41505,443,0,37,17
1589249388.6999395,173.194.151.108,10.10.0.10,,,443,41505,0,1358,17
1589249388.704691,10.10.0.10,173.194.151.108,,,41505,443,0,37,17
1589249388.712384,173.194.151.108,10.10.0.10,,,443,41505,0,1358,17
1589249388.7248428,173.194.151.108,10.10.0.10,,,443,41505,0,1358,17
1589249388.7277732,10.10.0.10,173.194.151.108,,,41505,443,0,37,17
1589249388.737298,173.194.151.108,10.10.0.10,,,443,41505,0,1358,17
1589249388.749756,173.194.151.108,10.10.0.10,,,443,41505,0,1358,17
1589249388.751561,10.10.0.10,173.194.151.108,,,41505,443,0,37,17
1589249388.76221,173.194.151.108,10.10.0.10,,,443,41505,0,1358,17
1589249388.774671,173.194.151.108,10.10.0.10,,,443,41505,0,1358,17
1589249388.7769468,10.10.0.10,173.194.151.108,,,41505,443,0,50,17
1589249388.787125,173.194.151.108,10.10.0.10,,,443,41505,0,1358,17
1589249388.799602,173.194.151.108,10.10.0.10,,,443,41505,0,1358,17
1589249388.801209,10.10.0.10,173.194.151.108,,,41505,443,0,37,17
1589249388.812049,173.194.151.108,10.10.0.10,,,443,41505,0,1358,17
1589249388.824496,173.194.151.108,10.10.0.10,,,443,41505,0,1358,17
1589249388.82608,10.10.0.10,173.194.151.108,,,41505,443,0,37,17
1589249388.8369539,173.194.151.108,10.10.0.10,,,443,41505,0,1358,17
1589249388.849417,173.194.151.108,10.10.0.10,,,443,41505,0,1358,17
1589249388.851059,10.10.0.10,173.194.151.108,,,41505,443,0,37,17
1589249388.861864,173.194.151.108,10.10.0.10,,,443,41505,0,1358,17
1589249388.8743222,173.194.151.108,10.10.0.10,,,443,41505,0,1358,17
1589249388.876328,10.10.0.10,173.194.151.108,,,41505,443,0,37,17
1589249388.88679,173.194.151.108,10.10.0.10,,,443,41505,0,1358,17
1589249388.8992355,173.194.151.108,10.10.0.10,,,443,41505,0,29,17
1589249388.899799,173.194.151.108,10.10.0.10,,,443,41505,0,1358,17
1589249388.9025571,10.10.0.10,173.194.151.108,,,41505,443,0,37,17
1589249388.9122536,173.194.151.108,10.10.0.10,,,443,41505,0,1358,17
1589249388.9247286,173.194.151.108,10.10.0.10,,,443,41505,0,1358,17
1589249388.929683,10.10.0.10,173.194.151.108,,,41505,443,0,37,17
1589249388.937168,173.194.151.108,10.10.0.10,,,443,41505,0,1358,17
1589249388.9496222,173.194.151.108,10.10.0.10,,,443,41505,0,1358,17
1589249388.9511821,10.10.0.10,173.194.151.108,,,41505,443,0,37,17
1589249388.9621012,173.194.151.108,10.10.0.10,,,443,41505,0,1358,17
1589249388.9745386,173.194.151.108,10.10.0.10,,,443,41505,0,1358,17
1589249388.976451,10.10.0.10,173.194.151.108,,,41505,443,0,37,17
1589249388.986991,173.194.151.108,10.10.0.10,,,443,41505,0,1358,17
1589249388.999451,173.194.151.108,10.10.0.10,,,443,41505,0,1358,17
1589249389.0010538,10.10.0.10,173.194.151.108,,,41505,443,0,37,17
1589249389.011913,173.194.151.108,10.10.0.10,,,443,41505,0,1358,17
1589249389.025855,173.194.151.108,10.10.0.10,,,443,41505,0,1358,17
1589249389.0274491,10.10.0.10,173.194.151.108,,,41505,443,0,37,17
1589249389.0383172,173.194.151.108,10.10.0.10,,,443,41505,0,1358,17
1589249389.05079,173.194.151.108,10.10.0.10,,,443,41505,0,1358,17
1589249389.052325,10.10.0.10,173.194.151.108,,,41505,443,0,37,17
1589249389.0632188,173.194.151.108,10.10.0.10,,,443,41505,0,1358,17
1589249389.07568,173.194.151.108,10.10.0.10,,,443,41505,0,1358,17
1589249389.0771961,10.10.0.10,173.194.151.108,,,41505,443,0,37,17
1589249389.088137,173.194.151.108,10.10.0.10,,,443,41505,0,1358,17
1589249389.100599,173.194.151.108,10.10.0.10,,,443,41505,0,1358,17
1589249389.102202,10.10.0.10,173.194.151.108,,,41505,443,0,37,17
1589249389.113049,173.194.151.108,10.10.0.10,,,443,41505,0,1358,17
1589249389.1255078,173.194.151.108,10.10.0.10,,,443,41505,0,1358,17
1589249389.12729,10.10.0.10,173.194.151.108,,,41505,443,0,37,17
1589249389.137972,173.194.151.108,10.10.0.10,,,443,41505,0,1358,17
1589249389.150419,173.194.151.108,10.10.0.10,,,443,41505,0,1358,17
1589249389.152167,10.10.0.10,173.194.151.108,,,41505,443,0,37,17
1589249389.162878,173.194.151.108,10.10.0.10,,,443,41505,0,1358,17
1589249389.175344,173.194.151.108,10.10.0.10,,,443,41505,0,1358,17
1589249389.177916,10.10.0.10,173.194.151.108,,,41505,443,0,37,17
1589249389.187784,173.194.151.108,10.10.0.10,,,443,41505,0,1358,17
1589249389.200244,173.194.151.108,10.10.0.10,,,443,41505,0,1358,17
1589249389.201946,10.10.0.10,173.194.151.108,,,41505,443,0,37,17
1589249389.2127235,173.194.151.108,10.10.0.10,,,443,41505,0,1358,17
1589249389.2251544,173.194.151.108,10.10.0.10,,,443,41505,0,1358,17
1589249389.228323,10.10.0.10,173.194.151.108,,,41505,443,0,37,17
1589249389.2376122,173.194.151.108,10.10.0.10,,,443,41505,0,1358,17
1589249389.250096,173.194.151.108,10.10.0.10,,,443,41505,0,1358,17
1589249389.25193,10.10.0.10,173.194.151.108,,,41505,443,0,37,17
1589249389.262523,173.194.151.108,10.10.0.10,,,443,41505,0,1358,17
1589249389.274984,173.194.151.108,10.10.0.10,,,443,41505,0,1358,17
1589249389.276547,10.10.0.10,173.194.151.108,,,41505,443,0,50,17
1589249389.28744,173.194.151.108,10.10.0.10,,,443,41505,0,1358,17
1589249389.2999039,173.194.151.108,10.10.0.10,,,443,41505,0,1358,17
1589249389.3017948,10.10.0.10,173.194.151.108,,,41505,443,0,37,17
1589249389.312351,173.194.151.108,10.10.0.10,,,443,41505,0,1358,17
1589249389.326304,173.194.151.108,10.10.0.10,,,443,41505,0,1358,17
1589249389.3281732,10.10.0.10,173.194.151.108,,,41505,443,0,37,17
1589249389.338758,173.194.151.108,10.10.0.10,,,443,41505,0,1358,17
1589249389.3512151,173.194.151.108,10.10.0.10,,,443,41505,0,1358,17
1589249389.353688,10.10.0.10,173.194.151.108,,,41505,443,0,37,17
1589249389.363672,173.194.151.108,10.10.0.10,,,443,41505,0,1358,17
1589249389.3761318,173.194.151.108,10.10.0.10,,,443,41505,0,1358,17
1589249389.378192,10.10.0.10,173.194.151.108,,,41505,443,0,37,17
1589249389.388591,173.194.151.108,10.10.0.10,,,443,41505,0,1358,17
1589249389.401042,173.194.151.108,10.10.0.10,,,443,41505,0,1358,17
1589249389.402816,10.10.0.10,173.194.151.108,,,41505,443,0,37,17
1589249389.413497,173.194.151.108,10.10.0.10,,,443,41505,0,29,17
1589249389.4140599,173.194.151.108,10.10.0.10,,,443,41505,0,1358,17
1589249389.426525,173.194.151.108,10.10.0.10,,,443,41505,0,1358,17
1589249389.428793,10.10.0.10,173.194.151.108,,,41505,443,0,37,17
1589249389.438975,173.194.151.108,10.10.0.10,,,443,41505,0,1358,17
1589249389.451431,173.194.151.108,10.10.0.10,,,443,41505,0,1358,17
1589249389.453178,10.10.0.10,173.194.151.108,,,41505,443,0,37,17
1589249389.4638991,173.194.151.108,10.10.0.10,,,443,41505,0,1358,17
1589249389.476347,173.194.151.108,10.10.0.10,,,443,41505,0,1358,17
1589249389.478935,10.10.0.10,173.194.151.108,,,41505,443,0,37,17
1589249389.488799,173.194.151.108,10.10.0.10,,,443,41505,0,1358,17
1589249389.501271,173.194.151.108,10.10.0.10,,,443,41505,0,1358,17
1589249389.50279,10.10.0.10,173.194.151.108,,,41505,443,0,37,17
1589249389.5137155,173.194.151.108,10.10.0.10,,,443,41505,0,1358,17
1589249389.5261679,173.194.151.108,10.10.0.10,,,443,41505,0,1358,17
1589249389.5278108,10.10.0.10,173.194.151.108,,,41505,443,0,37,17
1589249389.538625,173.194.151.108,10.10.0.10,,,443,41505,0,1358,17
1589249389.5510876,173.194.151.108,10.10.0.10,,,443,41505,0,1358,17
1589249389.5527804,10.10.0.10,173.194.151.108,,,41505,443,0,37,17
1589249389.5635376,173.194.151.108,10.10.0.10,,,443,41505,0,1358,17
1589249389.5759964,173.194.151.108,10.10.0.10,,,443,41505,0,1358,17
1589249389.5776632,10.10.0.10,173.194.151.108,,,41505,443,0,37,17
1589249389.588451,173.194.151.108,10.10.0.10,,,443,41505,0,1358,17
1589249389.6009061,173.194.151.108,10.10.0.10,,,443,41505,0,1358,17
1589249389.602762,10.10.0.10,173.194.151.108,,,41505,443,0,37,17
1589249389.6133661,173.194.151.108,10.10.0.10,,,443,41505,0,1358,17
1589249389.625816,173.194.151.108,10.10.0.10,,,443,41505,0,1358,17
1589249389.633815,10.10.0.10,173.194.151.108,,,41505,443,0,37,17
1589249389.638273,173.194.151.108,10.10.0.10,,,443,41505,0,1358,17
1589249389.650726,173.194.151.108,10.10.0.10,,,443,41505,0,1358,17
1589249389.652778,10.10.0.10,173.194.151.108,,,41505,443,0,37,17
1589249389.663185,173.194.151.108,10.10.0.10,,,443,41505,0,1358,17
1589249389.6756446,173.194.151.108,10.10.0.10,,,443,41505,0,1358,17
1589249389.677416,10.10.0.10,173.194.151.108,,,41505,443,0,37,17
1589249389.688099,173.194.151.108,10.10.0.10,,,443,41505,0,1358,17
1589249389.7005801,173.194.151.108,10.10.0.10,,,443,41505,0,1358,17
1589249389.702153,10.10.0.10,173.194.151.108,,,41505,443,0,37,17
1589249389.7130108,173.194.151.108,10.10.0.10,,,443,41505,0,1358,17
1589249389.725474,173.194.151.108,10.10.0.10,,,443,41505,0,1358,17
1589249389.7276602,10.10.0.10,173.194.151.108,,,41505,443,0,37,17
1589249389.7379339,173.194.151.108,10.10.0.10,,,443,41505,0,1358,17
1589249389.7503805,173.194.151.108,10.10.0.10,,,443,41505,0,1358,17
1589249389.752152,10.10.0.10,173.194.151.108,,,41505,443,0,37,17
1589249389.762841,173.194.151.108,10.10.0.10,,,443,41505,0,1358,17
1589249389.775291,173.194.151.108,10.10.0.10,,,443,41505,0,1358,17
1589249389.777026,10.10.0.10,173.194.151.108,,,41505,443,0,50,17
1589249389.787749,173.194.151.108,10.10.0.10,,,443,41505,0,1358,17
1589249389.8002028,173.194.151.108,10.10.0.10,,,443,41505,0,1358,17
1589249389.801928,10.10.0.10,173.194.151.108,,,41505,443,0,37,17
1589249389.812663,173.194.151.108,10.10.0.10,,,443,41505,0,1358,17
1589249389.8251214,173.194.151.108,10.10.0.10,,,443,41505,0,1358,17
1589249389.8266554,10.10.0.10,173.194.151.108,,,41505,443,0,37,17
1589249389.8375802,173.194.151.108,10.10.0.10,,,443,41505,0,1358,17
1589249389.850033,173.194.151.108,10.10.0.10,,,443,41505,0,1358,17
1589249389.851779,10.10.0.10,173.194.151.108,,,41505,443,0,37,17
1589249389.862489,173.194.151.108,10.10.0.10,,,443,41505,0,1358,17
1589249389.874943,173.194.151.108,10.10.0.10,,,443,41505,0,1358,17
1589249389.876654,10.10.0.10,173.194.151.108,,,41505,443,0,37,17
1589249389.8874028,173.194.151.108,10.10.0.10,,,443,41505,0,1358,17
1589249389.899858,173.194.151.108,10.10.0.10,,,443,41505,0,1358,17
1589249389.9016721,10.10.0.10,173.194.151.108,,,41505,443,0,37,17
1589249389.912327,173.194.151.108,10.10.0.10,,,443,41505,0,1358,17
1589249389.9247706,173.194.151.108,10.10.0.10,,,443,41505,0,1358,17
1589249389.928777,10.10.0.10,173.194.151.108,,,41505,443,0,37,17
1589249389.93723,173.194.151.108,10.10.0.10,,,443,41505,0,1358,17
1589249389.949697,173.194.151.108,10.10.0.10,,,443,41505,0,1358,17
1589249389.962142,173.194.151.108,10.10.0.10,,,443,41505,0,1358,17
1589249389.966903,10.10.0.10,173.194.151.108,,,41505,443,0,37,17
1589249389.9745972,173.194.151.108,10.10.0.10,,,443,41505,0,1358,17
1589249389.976548,10.10.0.10,173.194.151.108,,,41505,443,0,37,17
1589249389.987072,173.194.151.108,10.10.0.10,,,443,41505,0,1358,17
1589249389.999514,173.194.151.108,10.10.0.10,,,443,41505,0,1358,17
1589249390.001169,10.10.0.10,173.194.151.108,,,41505,443,0,37,17
1589249390.011966,173.194.151.108,10.10.0.10,,,443,41505,0,1358,17
1589249390.0244448,173.194.151.108,10.10.0.10,,,443,41505,0,1358,17
1589249390.0261722,10.10.0.10,173.194.151.108,,,41505,443,0,37,17
1589249390.0368829,173.194.151.108,10.10.0.10,,,443,41505,0,1358,17
1589249390.049336,173.194.151.108,10.10.0.10,,,443,41505,0,1358,17
1589249390.0511699,10.10.0.10,173.194.151.108,,,41505,443,0,37,17
1589249390.061798,173.194.151.108,10.10.0.10,,,443,41505,0,1358,17
1589249390.074258,173.194.151.108,10.10.0.10,,,443,41505,0,1358,17
1589249390.0762901,10.10.0.10,173.194.151.108,,,41505,443,0,37,17
1589249390.0867069,173.194.151.108,10.10.0.10,,,443,41505,0,1358,17
1589249390.0991626,173.194.151.108,10.10.0.10,,,443,41505,0,1358,17
1589249390.1009092,10.10.0.10,173.194.151.108,,,41505,443,0,37,17
1589249390.11163,173.194.151.108,10.10.0.10,,,443,41505,0,1358,17
1589249390.124075,173.194.151.108,10.10.0.10,,,443,41505,0,1358,17
1589249390.125783,10.10.0.10,173.194.151.108,,,41505,443,0,37,17
1589249390.1365304,173.194.151.108,10.10.0.10,,,443,41505,0,1358,17
1589249390.149001,173.194.151.108,10.10.0.10,,,443,41505,0,1358,17
1589249390.151166,10.10.0.10,173.194.151.108,,,41505,443,0,37,17
1589249390.161444,173.194.151.108,10.10.0.10,,,443,41505,0,1358,17
1589249390.173902,173.194.151.108,10.10.0.10,,,443,41505,0,1358,17
1589249390.1755388,10.10.0.10,173.194.151.108,,,41505,443,0,37,17
1589249390.1863554,173.194.151.108,10.10.0.10,,,443,41505,0,1358,17
1589249390.198818,173.194.151.108,10.10.0.10,,,443,41505,0,1358,17
1589249390.200541,10.10.0.10,173.194.151.108,,,41505,443,0,37,17
1589249390.211271,173.194.151.108,10.10.0.10,,,443,41505,0,1358,17
1589249390.223727,173.194.151.108,10.10.0.10,,,443,41505,0,1358,17
1589249390.225386,10.10.0.10,173.194.151.108,,,41505,443,0,37,17
1589249390.236192,173.194.151.108,10.10.0.10,,,443,41505,0,1358,17
1589249390.2486372,173.194.151.108,10.10.0.10,,,443,41505,0,1358,17
1589249390.252913,10.10.0.10,173.194.151.108,,,41505,443,0,37,17
1589249390.2610989,173.194.151.108,10.10.0.10,,,443,41505,0,1358,17
1589249390.273566,173.194.151.108,10.10.0.10,,,443,41505,0,1358,17
1589249390.275288,10.10.0.10,173.194.151.108,,,41505,443,0,50,17
1589249390.286009,173.194.151.108,10.10.0.10,,,443,41505,0,1358,17
1589249390.2984624,173.194.151.108,10.10.0.10,,,443,41505,0,1358,17
1589249390.299986,10.10.0.10,173.194.151.108,,,41505,443,0,37,17
1589249390.310937,173.194.151.108,10.10.0.10,,,443,41505,0,1358,17
1589249390.3233778,173.194.151.108,10.10.0.10,,,443,41505,0,1358,17
1589249390.325145,10.10.0.10,173.194.151.108,,,41505,443,0,37,17
1589249390.335834,173.194.151.108,10.10.0.10,,,443,41505,0,1358,17
1589249390.34831,173.194.151.108,10.10.0.10,,,443,41505,0,1358,17
1589249390.350032,10.10.0.10,173.194.151.108,,,41505,443,0,37,17
1589249390.360744,173.194.151.108,10.10.0.10,,,443,41505,0,29,17
1589249390.3613071,173.194.151.108,10.10.0.10,,,443,41505,0,1358,17
1589249390.3737662,173.194.151.108,10.10.0.10,,,443,41505,0,1358,17
1589249390.376411,10.10.0.10,173.194.151.108,,,41505,443,0,37,17
1589249390.386223,173.194.151.108,10.10.0.10,,,443,41505,0,1358,17
1589249390.3986864,173.194.151.108,10.10.0.10,,,443,41505,0,1358,17
1589249390.400264,10.10.0.10,173.194.151.108,,,41505,443,0,37,17
1589249390.411134,173.194.151.108,10.10.0.10,,,443,41505,0,1358,17
1589249390.423592,173.194.151.108,10.10.0.10,,,443,41505,0,1358,17
1589249390.425142,10.10.0.10,173.194.151.108,,,41505,443,0,37,17
1589249390.436049,173.194.151.108,10.10.0.10,,,443,41505,0,1358,17
1589249390.448504,173.194.151.108,10.10.0.10,,,443,41505,0,1358,17
1589249390.450379,10.10.0.10,173.194.151.108,,,41505,443,0,37,17
1589249390.4609635,173.194.151.108,10.10.0.10,,,443,41505,0,1358,17
1589249390.473433,173.194.151.108,10.10.0.10,,,443,41505,0,1358,17
1589249390.4753866,10.10.0.10,173.194.151.108,,,41505,443,0,37,17
1589249390.485875,173.194.151.108,10.10.0.10,,,443,41505,0,1358,17
1589249390.498328,173.194.151.108,10.10.0.10,,,443,41505,0,1358,17
1589249390.5000124,10.10.0.10,173.194.151.108,,,41505,443,0,37,17
1589249390.510797,173.194.151.108,10.10.0.10,,,443,41505,0,1358,17
1589249390.523243,173.194.151.108,10.10.0.10,,,443,41505,0,1358,17
1589249390.5250301,10.10.0.10,173.194.151.108,,,41505,443,0,37,17
1589249390.535698,173.194.151.108,10.10.0.10,,,443,41505,0,1358,17
1589249390.548153,173.194.151.108,10.10.0.10,,,443,41505,0,1358,17
1589249390.549907,10.10.0.10,173.194.151.108,,,41505,443,0,37,17
1589249390.560618,173.194.151.108,10.10.0.10,,,443,41505,0,1358,17
1589249390.573068,173.194.151.108,10.10.0.10,,,443,41505,0,1358,17
1589249390.5749052,10.10.0.10,173.194.151.108,,,41505,443,0,37,17
1589249390.585526,173.194.151.108,10.10.0.10,,,443,41505,0,1358,17
1589249390.5979779,173.194.151.108,10.10.0.10,,,443,41505,0,1358,17
1589249390.5998578,10.10.0.10,173.194.151.108,,,41505,443,0,37,17
1589249390.6104321,173.194.151.108,10.10.0.10,,,443,41505,0,1358,17
1589249390.6228988,173.194.151.108,10.10.0.10,,,443,41505,0,1358,17
1589249390.6244938,10.10.0.10,173.194.151.108,,,41505,443,0,37,17
1589249390.635345,173.194.151.108,10.10.0.10,,,443,41505,0,1358,17
1589249390.6478028,173.194.151.108,10.10.0.10,,,443,41505,0,1358,17
1589249390.649516,10.10.0.10,173.194.151.108,,,41505,443,0,37,17
1589249390.6602595,173.194.151.108,10.10.0.10,,,443,41505,0,1358,17
1589249390.672718,173.194.151.108,10.10.0.10,,,443,41505,0,1358,17
1589249390.6768858,10.10.0.10,173.194.151.108,,,41505,443,0,37,17
1589249390.6851802,173.194.151.108,10.10.0.10,,,443,41505,0,138,17
1589249390.700642,10.10.0.10,173.194.151.108,,,41505,443,0,730,17
1589249390.700857,10.10.0.10,173.194.151.108,,,41505,443,0,48,17
1589249390.7050724,173.194.151.108,10.10.0.10,,,443,41505,0,138,17
1589249390.705106,173.194.151.108,10.10.0.10,,,443,41505,0,1358,17
1589249390.705129,173.194.151.108,10.10.0.10,,,443,41505,0,1358,17
1589249390.7068498,10.10.0.10,173.194.151.108,,,41505,443,0,37,17
1589249390.7172186,173.194.151.108,10.10.0.10,,,443,41505,0,1358,17
1589249390.719857,10.10.0.10,173.194.151.108,,,41505,443,0,37,17
1589249390.729671,173.194.151.108,10.10.0.10,,,443,41505,0,1358,17
1589249390.742136,173.194.151.108,10.10.0.10,,,443,41505,0,1358,17
1589249390.743736,10.10.0.10,173.194.151.108,,,41505,443,0,37,17
1589249390.7545822,173.194.151.108,10.10.0.10,,,443,41505,0,1358,17
1589249390.7670481,173.194.151.108,10.10.0.10,,,443,41505,0,1358,17
1589249390.768874,10.10.0.10,173.194.151.108,,,41505,443,0,37,17
1589249390.7795002,173.194.151.108,10.10.0.10,,,443,41505,0,1358,17
1589249390.7919786,173.194.151.108,10.10.0.10,,,443,41505,0,1358,17
1589249390.7937732,10.10.0.10,173.194.151.108,,,41505,443,0,37,17
1589249390.8044062,173.194.151.108,10.10.0.10,,,443,41505,0,1358,17
1589249390.81687,173.194.151.108,10.10.0.10,,,443,41505,0,1358,17
1589249390.818378,10.10.0.10,173.194.151.108,,,41505,443,0,37,17
1589249390.8293262,173.194.151.108,10.10.0.10,,,443,41505,0,1358,17
1589249390.8417964,173.194.151.108,10.10.0.10,,,443,41505,0,1358,17
1589249390.843399,10.10.0.10,173.194.151.108,,,41505,443,0,37,17
1589249390.854239,173.194.151.108,10.10.0.10,,,443,41505,0,1358,17
1589249390.866693,173.194.151.108,10.10.0.10,,,443,41505,0,1358,17
1589249390.8684974,10.10.0.10,173.194.151.108,,,41505,443,0,37,17
1589249390.8791628,173.194.151.108,10.10.0.10,,,443,41505,0,1358,17
1589249390.891607,173.194.151.108,10.10.0.10,,,443,41505,0,1358,17
1589249390.893378,10.10.0.10,173.194.151.108,,,41505,443,0,37,17
1589249390.904063,173.194.151.108,10.10.0.10,,,443,41505,0,1358,17
1589249390.916519,173.194.151.108,10.10.0.10,,,443,41505,0,1358,17
1589249390.9182696,10.10.0.10,173.194.151.108,,,41505,443,0,37,17
1589249390.928981,173.194.151.108,10.10.0.10,,,443,41505,0,1358,17
1589249390.941432,173.194.151.108,10.10.0.10,,,443,41505,0,1358,17
1589249390.9445171,10.10.0.10,173.194.151.108,,,41505,443,0,37,17
1589249390.9538894,173.194.151.108,10.10.0.10,,,443,41505,0,1358,17
1589249390.9663439,173.194.151.108,10.10.0.10,,,443,41505,0,1358,17
1589249390.9678931,10.10.0.10,173.194.151.108,,,41505,443,0,37,17
1589249390.9788,173.194.151.108,10.10.0.10,,,443,41505,0,1358,17
1589249390.991258,173.194.151.108,10.10.0.10,,,443,41505,0,1358,17
1589249390.993246,10.10.0.10,173.194.151.108,,,41505,443,0,37,17
1589249391.0037296,173.194.151.108,10.10.0.10,,,443,41505,0,1358,17
1589249391.0161722,173.194.151.108,10.10.0.10,,,443,41505,0,1358,17
1589249391.0177689,10.10.0.10,173.194.151.108,,,41505,443,0,37,17
1589249391.028625,173.194.151.108,10.10.0.10,,,443,41505,0,1358,17
1589249391.0410821,173.194.151.108,10.10.0.10,,,443,41505,0,1358,17
1589249391.042766,10.10.0.10,173.194.151.108,,,41505,443,0,37,17
1589249391.0535429,173.194.151.108,10.10.0.10,,,443,41505,0,1358,17
1589249391.0659962,173.194.151.108,10.10.0.10,,,443,41505,0,1358,17
1589249391.0677652,10.10.0.10,173.194.151.108,,,41505,443,0,37,17
1589249391.078454,173.194.151.108,10.10.0.10,,,443,41505,0,1358,17
1589249391.090919,173.194.151.108,10.10.0.10,,,443,41505,0,1358,17
1589249391.0946178,10.10.0.10,173.194.151.108,,,41505,443,0,37,17
1589249391.1033652,173.194.151.108,10.10.0.10,,,443,41505,0,1358,17
1589249391.1158204,173.194.151.108,10.10.0.10,,,443,41505,0,1358,17
1589249391.117368,10.10.0.10,173.194.151.108,,,41505,443,0,37,17
1589249391.1282918,173.194.151.108,10.10.0.10,,,443,41505,0,1358,17
1589249391.1407342,173.194.151.108,10.10.0.10,,,443,41505,0,1358,17
1589249391.142388,10.10.0.10,173.194.151.108,,,41505,443,0,37,17
1589249391.153191,173.194.151.108,10.10.0.10,,,443,41505,0,1358,17
1589249391.1656609,173.194.151.108,10.10.0.10,,,443,41505,0,1358,17
1589249391.167367,10.10.0.10,173.194.151.108,,,41505,443,0,50,17
1589249391.1781044,173.194.151.108,10.10.0.10,,,443,41505,0,1358,17
1589249391.1905591,173.194.151.108,10.10.0.10,,,443,41505,0,1358,17
1589249391.19224,10.10.0.10,173.194.151.108,,,41505,443,0,37,17
1589249391.2030358,173.194.151.108,10.10.0.10,,,443,41505,0,1358,17
1589249391.2154741,173.194.151.108,10.10.0.10,,,443,41505,0,1358,17
1589249391.227934,173.194.151.108,10.10.0.10,,,443,41505,0,1358,17
1589249391.240384,173.194.151.108,10.10.0.10,,,443,41505,0,1358,17
1589249391.2447412,10.10.0.10,173.194.151.108,,,41505,443,0,37,17
1589249391.247449,10.10.0.10,173.194.151.108,,,41505,443,0,37,17
1589249391.2528481,173.194.151.108,10.10.0.10,,,443,41505,0,1358,17
1589249391.2652981,173.194.151.108,10.10.0.10,,,443,41505,0,1358,17
1589249391.2674901,10.10.0.10,173.194.151.108,,,41505,443,0,37,17
1589249391.2777562,173.194.151.108,10.10.0.10,,,443,41505,0,1358,17
1589249391.290209,173.194.151.108,10.10.0.10,,,443,41505,0,1358,17
1589249391.2918842,10.10.0.10,173.194.151.108,,,41505,443,0,37,17
1589249391.302662,173.194.151.108,10.10.0.10,,,443,41505,0,1358,17
1589249391.3151238,173.194.151.108,10.10.0.10,,,443,41505,0,1358,17
1589249391.3167558,10.10.0.10,173.194.151.108,,,41505,443,0,37,17
1589249391.3275962,173.194.151.108,10.10.0.10,,,443,41505,0,1358,17
1589249391.340038,173.194.151.108,10.10.0.10,,,443,41505,0,1358,17
1589249391.34236,10.10.0.10,173.194.151.108,,,41505,443,0,37,17
1589249391.352493,173.194.151.108,10.10.0.10,,,443,41505,0,1358,17
1589249391.3649476,173.194.151.108,10.10.0.10,,,443,41505,0,1358,17
1589249391.3667572,10.10.0.10,173.194.151.108,,,41505,443,0,37,17
1589249391.377409,173.194.151.108,10.10.0.10,,,443,41505,0,1358,17
1589249391.3898606,173.194.151.108,10.10.0.10,,,443,41505,0,1358,17
1589249391.3919642,10.10.0.10,173.194.151.108,,,41505,443,0,37,17
1589249391.402318,173.194.151.108,10.10.0.10,,,443,41505,0,1358,17
1589249391.41477,173.194.151.108,10.10.0.10,,,443,41505,0,1358,17
1589249391.416378,10.10.0.10,173.194.151.108,,,41505,443,0,37,17
1589249391.427234,173.194.151.108,10.10.0.10,,,443,41505,0,1358,17
1589249391.4396858,173.194.151.108,10.10.0.10,,,443,41505,0,1358,17
1589249391.4413798,10.10.0.10,173.194.151.108,,,41505,443,0,37,17
1589249391.4521382,173.194.151.108,10.10.0.10,,,443,41505,0,1358,17
1589249391.4646,173.194.151.108,10.10.0.10,,,443,41505,0,1358,17
1589249391.466234,10.10.0.10,173.194.151.108,,,41505,443,0,37,17
1589249391.477056,173.194.151.108,10.10.0.10,,,443,41505,0,1358,17
1589249391.4895306,173.194.151.108,10.10.0.10,,,443,41505,0,1358,17
1589249391.4911342,10.10.0.10,173.194.151.108,,,41505,443,0,37,17
1589249391.5019698,173.194.151.108,10.10.0.10,,,443,41505,0,1358,17
1589249391.514425,173.194.151.108,10.10.0.10,,,443,41505,0,1358,17
1589249391.51597,10.10.0.10,173.194.151.108,,,41505,443,0,37,17
1589249391.5269036,173.194.151.108,10.10.0.10,,,443,41505,0,1358,17
1589249391.539337,173.194.151.108,10.10.0.10,,,443,41505,0,1358,17
1589249391.5418758,10.10.0.10,173.194.151.108,,,41505,443,0,37,17
1589249391.5517938,173.194.151.108,10.10.0.10,,,443,41505,0,1358,17
1589249391.564251,173.194.151.108,10.10.0.10,,,443,41505,0,1358,17
1589249391.5659802,10.10.0.10,173.194.151.108,,,41505,443,0,37,17
1589249391.5767019,173.194.151.108,10.10.0.10,,,443,41505,0,1358,17
1589249391.5891626,173.194.151.108,10.10.0.10,,,443,41505,0,1358,17
1589249391.5908446,10.10.0.10,173.194.151.108,,,41505,443,0,37,17
1589249391.60162,173.194.151.108,10.10.0.10,,,443,41505,0,1358,17
1589249391.6140769,173.194.151.108,10.10.0.10,,,443,41505,0,1358,17
1589249391.619087,10.10.0.10,173.194.151.108,,,41505,443,0,37,17
1589249391.626527,173.194.151.108,10.10.0.10,,,443,41505,0,1358,17
1589249391.638991,173.194.151.108,10.10.0.10,,,443,41505,0,1358,17
1589249391.642342,10.10.0.10,173.194.151.108,,,41505,443,0,37,17
1589249391.6514616,173.194.151.108,10.10.0.10,,,443,41505,0,1358,17
1589249391.663904,173.194.151.108,10.10.0.10,,,443,41505,0,1358,17
1589249391.6655052,10.10.0.10,173.194.151.108,,,41505,443,0,50,17
1589249391.676354,173.194.151.108,10.10.0.10,,,443,41505,0,1358,17
1589249391.688815,173.194.151.108,10.10.0.10,,,443,41505,0,1358,17
1589249391.690727,10.10.0.10,173.194.151.108,,,41505,443,0,37,17
1589249391.701274,173.194.151.108,10.10.0.10,,,443,41505,0,1358,17
1589249391.713722,173.194.151.108,10.10.0.10,,,443,41505,0,1358,17
1589249391.715312,10.10.0.10,173.194.151.108,,,41505,443,0,37,17
1589249391.726184,173.194.151.108,10.10.0.10,,,443,41505,0,1358,17
1589249391.7386491,173.194.151.108,10.10.0.10,,,443,41505,0,1358,17
1589249391.740218,10.10.0.10,173.194.151.108,,,41505,443,0,37,17
1589249391.7510939,173.194.151.108,10.10.0.10,,,443,41505,0,1358,17
1589249391.7635546,173.194.151.108,10.10.0.10,,,443,41505,0,1358,17
1589249391.765207,10.10.0.10,173.194.151.108,,,41505,443,0,37,17
1589249391.7760036,173.194.151.108,10.10.0.10,,,443,41505,0,1358,17
1589249391.7884624,173.194.151.108,10.10.0.10,,,443,41505,0,1358,17
1589249391.790067,10.10.0.10,173.194.151.108,,,41505,443,0,37,17
1589249391.8009224,173.194.151.108,10.10.0.10,,,443,41505,0,1358,17
1589249391.8133788,173.194.151.108,10.10.0.10,,,443,41505,0,1358,17
1589249391.8149529,10.10.0.10,173.194.151.108,,,41505,443,0,37,17
1589249391.8258364,173.194.151.108,10.10.0.10,,,443,41505,0,1358,17
1589249391.838292,173.194.151.108,10.10.0.10,,,443,41505,0,1358,17
1589249391.839847,10.10.0.10,173.194.151.108,,,41505,443,0,37,17
1589249391.8507671,173.194.151.108,10.10.0.10,,,443,41505,0,1358,17
1589249391.863207,173.194.151.108,10.10.0.10,,,443,41505,0,1358,17
1589249391.8646932,10.10.0.10,173.194.151.108,,,41505,443,0,37,17
1589249391.875663,173.194.151.108,10.10.0.10,,,443,41505,0,1358,17
1589249391.888115,173.194.151.108,10.10.0.10,,,443,41505,0,1358,17
1589249391.889722,10.10.0.10,173.194.151.108,,,41505,443,0,37,17
1589249391.900579,173.194.151.108,10.10.0.10,,,443,41505,0,1358,17
1589249391.913032,173.194.151.108,10.10.0.10,,,443,41505,0,1358,17
1589249391.91487,10.10.0.10,173.194.151.108,,,41505,443,0,37,17
1589249391.925489,173.194.151.108,10.10.0.10,,,443,41505,0,1358,17
1589249391.937952,173.194.151.108,10.10.0.10,,,443,41505,0,1358,17
1589249391.939719,10.10.0.10,173.194.151.108,,,41505,443,0,37,17
1589249391.950397,173.194.151.108,10.10.0.10,,,443,41505,0,1358,17
1589249391.962858,173.194.151.108,10.10.0.10,,,443,41505,0,1358,17
1589249391.9649725,10.10.0.10,173.194.151.108,,,41505,443,0,37,17
1589249391.975327,173.194.151.108,10.10.0.10,,,443,41505,0,1358,17
1589249391.987767,173.194.151.108,10.10.0.10,,,443,41505,0,1358,17
1589249391.989686,10.10.0.10,173.194.151.108,,,41505,443,0,37,17
1589249392.000226,173.194.151.108,10.10.0.10,,,443,41505,0,1358,17
1589249392.0126786,173.194.151.108,10.10.0.10,,,443,41505,0,1358,17
1589249392.0158448,10.10.0.10,173.194.151.108,,,41505,443,0,37,17
1589249392.0251439,173.194.151.108,10.10.0.10,,,443,41505,0,1358,17
1589249392.0375948,173.194.151.108,10.10.0.10,,,443,41505,0,1358,17
1589249392.0391116,10.10.0.10,173.194.151.108,,,41505,443,0,37,17
1589249392.0500462,173.194.151.108,10.10.0.10,,,443,41505,0,1358,17
1589249392.0625124,173.194.151.108,10.10.0.10,,,443,41505,0,1358,17
1589249392.064736,10.10.0.10,173.194.151.108,,,41505,443,0,37,17
1589249392.0749626,173.194.151.108,10.10.0.10,,,443,41505,0,1358,17
1589249392.0874188,173.194.151.108,10.10.0.10,,,443,41505,0,1358,17
1589249392.094841,10.10.0.10,173.194.151.108,,,41505,443,0,37,17
1589249392.099888,173.194.151.108,10.10.0.10,,,443,41505,0,1358,17
1589249392.112332,173.194.151.108,10.10.0.10,,,443,41505,0,1358,17
1589249392.114106,10.10.0.10,173.194.151.108,,,41505,443,0,37,17
1589249392.1247878,173.194.151.108,10.10.0.10,,,443,41505,0,1358,17
1589249392.1372616,173.194.151.108,10.10.0.10,,,443,41505,0,1358,17
1589249392.138983,10.10.0.10,173.194.151.108,,,41505,443,0,37,17
1589249392.149702,173.194.151.108,10.10.0.10,,,443,41505,0,1358,17
1589249392.162157,173.194.151.108,10.10.0.10,,,443,41505,0,1358,17
1589249392.163857,10.10.0.10,173.194.151.108,,,41505,443,0,50,17
1589249392.174633,173.194.151.108,10.10.0.10,,,443,41505,0,1358,17
1589249392.187072,173.194.151.108,10.10.0.10,,,443,41505,0,1358,17
1589249392.188858,10.10.0.10,173.194.151.108,,,41505,443,0,37,17
1589249392.199526,173.194.151.108,10.10.0.10,,,443,41505,0,1358,17
1589249392.211981,173.194.151.108,10.10.0.10,,,443,41505,0,1358,17
1589249392.214836,10.10.0.10,173.194.151.108,,,41505,443,0,37,17
1589249392.2244446,173.194.151.108,10.10.0.10,,,443,41505,0,1358,17
1589249392.236894,173.194.151.108,10.10.0.10,,,443,41505,0,32,17
1589249392.2374852,173.194.151.108,10.10.0.10,,,443,41505,0,1358,17
1589249392.2390852,10.10.0.10,173.194.151.108,,,41505,443,0,37,17
1589249392.2499518,173.194.151.108,10.10.0.10,,,443,41505,0,1358,17
1589249392.262398,173.194.151.108,10.10.0.10,,,443,41505,0,1358,17
1589249392.264085,10.10.0.10,173.194.151.108,,,41505,443,0,37,17
1589249392.2748532,173.194.151.108,10.10.0.10,,,443,41505,0,1358,17
1589249392.287319,173.194.151.108,10.10.0.10,,,443,41505,0,1358,17
1589249392.2888358,10.10.0.10,173.194.151.108,,,41505,443,0,37,17
1589249392.299767,173.194.151.108,10.10.0.10,,,443,41505,0,1358,17
1589249392.3122268,173.194.151.108,10.10.0.10,,,443,41505,0,1358,17
1589249392.314211,10.10.0.10,173.194.151.108,,,41505,443,0,37,17
1589249392.3246918,173.194.151.108,10.10.0.10,,,443,41505,0,1358,17
1589249392.337137,173.194.151.108,10.10.0.10,,,443,41505,0,1358,17
1589249392.3388338,10.10.0.10,173.194.151.108,,,41505,443,0,37,17
1589249392.3495939,173.194.151.108,10.10.0.10,,,443,41505,0,1358,17
1589249392.362066,173.194.151.108,10.10.0.10,,,443,41505,0,1358,17
1589249392.363952,10.10.0.10,173.194.151.108,,,41505,443,0,37,17
1589249392.374506,173.194.151.108,10.10.0.10,,,443,41505,0,1358,17
1589249392.386967,173.194.151.108,10.10.0.10,,,443,41505,0,1358,17
1589249392.388728,10.10.0.10,173.194.151.108,,,41505,443,0,37,17
1589249392.3994205,173.194.151.108,10.10.0.10,,,443,41505,0,1358,17
1589249392.41188,173.194.151.108,10.10.0.10,,,443,41505,0,1358,17
1589249392.4135714,10.10.0.10,173.194.151.108,,,41505,443,0,37,17
1589249392.4243262,173.194.151.108,10.10.0.10,,,443,41505,0,1358,17
1589249392.4367876,173.194.151.108,10.10.0.10,,,443,41505,0,1358,17
1589249392.4386,10.10.0.10,173.194.151.108,,,41505,443,0,37,17
1589249392.4492528,173.194.151.108,10.10.0.10,,,443,41505,0,1358,17
1589249392.4616995,173.194.151.108,10.10.0.10,,,443,41505,0,1358,17
1589249392.464706,10.10.0.10,173.194.151.108,,,41505,443,0,37,17
1589249392.474157,173.194.151.108,10.10.0.10,,,443,41505,0,1358,17
1589249392.486629,173.194.151.108,10.10.0.10,,,443,41505,0,1358,17
1589249392.488346,10.10.0.10,173.194.151.108,,,41505,443,0,37,17
1589249392.4990716,173.194.151.108,10.10.0.10,,,443,41505,0,1358,17
1589249392.5115252,173.194.151.108,10.10.0.10,,,443,41505,0,1358,17
1589249392.523999,173.194.151.108,10.10.0.10,,,443,41505,0,1358,17
1589249392.529203,10.10.0.10,173.194.151.108,,,41505,443,0,37,17
1589249392.5364392,173.194.151.108,10.10.0.10,,,443,41505,0,1358,17
1589249392.5380778,10.10.0.10,173.194.151.108,,,41505,443,0,37,17
1589249392.5488956,173.194.151.108,10.10.0.10,,,443,41505,0,1358,17
1589249392.5613732,173.194.151.108,10.10.0.10,,,443,41505,0,1358,17
1589249392.565576,10.10.0.10,173.194.151.108,,,41505,443,0,37,17
1589249392.5738099,173.194.151.108,10.10.0.10,,,443,41505,0,1358,17
1589249392.5862658,173.194.151.108,10.10.0.10,,,443,41505,0,1358,17
1589249392.587942,10.10.0.10,173.194.151.108,,,41505,443,0,37,17
1589249392.5987196,173.194.151.108,10.10.0.10,,,443,41505,0,1358,17
1589249392.611183,173.194.151.108,10.10.0.10,,,443,41505,0,1358,17
1589249392.6148438,10.10.0.10,173.194.151.108,,,41505,443,0,37,17
1589249392.623631,173.194.151.108,10.10.0.10,,,443,41505,0,1358,17
1589249392.636082,173.194.151.108,10.10.0.10,,,443,41505,0,1358,17
1589249392.6380892,10.10.0.10,173.194.151.108,,,41505,443,0,37,17
1589249392.648552,173.194.151.108,10.10.0.10,,,443,41505,0,1358,17
1589249392.661002,173.194.151.108,10.10.0.10,,,443,41505,0,1358,17
1589249392.662833,10.10.0.10,173.194.151.108,,,41505,443,0,50,17
1589249392.6734614,173.194.151.108,10.10.0.10,,,443,41505,0,1358,17
1589249392.685912,173.194.151.108,10.10.0.10,,,443,41505,0,1358,17
1589249392.6874428,10.10.0.10,173.194.151.108,,,41505,443,0,37,17
1589249392.698373,173.194.151.108,10.10.0.10,,,443,41505,0,1358,17
1589249392.7108278,173.194.151.108,10.10.0.10,,,443,41505,0,1358,17
1589249392.713037,10.10.0.10,173.194.151.108,,,41505,443,0,37,17
1589249392.7232919,173.194.151.108,10.10.0.10,,,443,41505,0,29,17
1589249392.723841,173.194.151.108,10.10.0.10,,,443,41505,0,1358,17
1589249392.7362974,173.194.151.108,10.10.0.10,,,443,41505,0,1358,17
1589249392.737946,10.10.0.10,173.194.151.108,,,41505,443,0,37,17
1589249392.7487645,173.194.151.108,10.10.0.10,,,443,41505,0,1358,17
1589249392.7612188,173.194.151.108,10.10.0.10,,,443,41505,0,1358,17
1589249392.763193,10.10.0.10,173.194.151.108,,,41505,443,0,37,17
1589249392.7736778,173.194.151.108,10.10.0.10,,,443,41505,0,1358,17
1589249392.7861252,173.194.151.108,10.10.0.10,,,443,41505,0,1358,17
1589249392.787784,10.10.0.10,173.194.151.108,,,41505,443,0,37,17
1589249392.7985814,173.194.151.108,10.10.0.10,,,443,41505,0,1358,17
1589249392.8110518,173.194.151.108,10.10.0.10,,,443,41505,0,1358,17
1589249392.813224,10.10.0.10,173.194.151.108,,,41505,443,0,37,17
1589249392.823499,173.194.151.108,10.10.0.10,,,443,41505,0,1358,17
1589249392.835953,173.194.151.108,10.10.0.10,,,443,41505,0,1358,17
1589249392.838591,10.10.0.10,173.194.151.108,,,41505,443,0,37,17
1589249392.8484108,173.194.151.108,10.10.0.10,,,443,41505,0,1358,17
1589249392.86087,173.194.151.108,10.10.0.10,,,443,41505,0,1358,17
1589249392.862443,10.10.0.10,173.194.151.108,,,41505,443,0,37,17
1589249392.8733242,173.194.151.108,10.10.0.10,,,443,41505,0,1358,17
1589249392.8857858,173.194.151.108,10.10.0.10,,,443,41505,0,1358,17
1589249392.887463,10.10.0.10,173.194.151.108,,,41505,443,0,37,17
1589249392.898242,173.194.151.108,10.10.0.10,,,443,41505,0,1358,17
1589249392.910697,173.194.151.108,10.10.0.10,,,443,41505,0,1358,17
1589249392.912717,10.10.0.10,173.194.151.108,,,41505,443,0,37,17
1589249392.9231539,173.194.151.108,10.10.0.10,,,443,41505,0,1358,17
1589249392.9356134,173.194.151.108,10.10.0.10,,,443,41505,0,1358,17
1589249392.937941,10.10.0.10,173.194.151.108,,,41505,443,0,37,17
1589249392.948066,173.194.151.108,10.10.0.10,,,443,41505,0,1358,17
1589249392.9605155,173.194.151.108,10.10.0.10,,,443,41505,0,1358,17
1589249392.9643161,10.10.0.10,173.194.151.108,,,41505,443,0,37,17
1589249392.9778588,173.194.151.108,10.10.0.10,,,443,41505,0,1358,17
1589249392.9951718,173.194.151.108,10.10.0.10,,,443,41505,0,1358,17
1589249392.99696,10.10.0.10,173.194.151.108,,,41505,443,0,37,17
1589249393.012486,173.194.151.108,10.10.0.10,,,443,41505,0,1358,17
1589249393.029797,173.194.151.108,10.10.0.10,,,443,41505,0,1358,17
1589249393.032687,10.10.0.10,173.194.151.108,,,41505,443,0,37,17
1589249393.0471148,173.194.151.108,10.10.0.10,,,443,41505,0,1358,17
1589249393.0644329,173.194.151.108,10.10.0.10,,,443,41505,0,1358,17
1589249393.066189,10.10.0.10,173.194.151.108,,,41505,443,0,37,17
1589249393.0817502,173.194.151.108,10.10.0.10,,,443,41505,0,1358,17
1589249393.0990748,173.194.151.108,10.10.0.10,,,443,41505,0,1358,17
1589249393.100831,10.10.0.10,173.194.151.108,,,41505,443,0,37,17
1589249393.116385,173.194.151.108,10.10.0.10,,,443,41505,0,1358,17
1589249393.133702,173.194.151.108,10.10.0.10,,,443,41505,0,1358,17
1589249393.135329,10.10.0.10,173.194.151.108,,,41505,443,0,37,17
1589249393.151042,173.194.151.108,10.10.0.10,,,443,41505,0,1358,17
1589249393.1683571,173.194.151.108,10.10.0.10,,,443,41505,0,1358,17
1589249393.1700602,10.10.0.10,173.194.151.108,,,41505,443,0,37,17
1589249393.1856658,173.194.151.108,10.10.0.10,,,443,41505,0,1358,17
1589249393.2029831,173.194.151.108,10.10.0.10,,,443,41505,0,1358,17
1589249393.204558,10.10.0.10,173.194.151.108,,,41505,443,0,37,17
1589249393.2203028,173.194.151.108,10.10.0.10,,,443,41505,0,1358,17
1589249393.237619,173.194.151.108,10.10.0.10,,,443,41505,0,1358,17
1589249393.2394311,10.10.0.10,173.194.151.108,,,41505,443,0,50,17
1589249393.2549405,173.194.151.108,10.10.0.10,,,443,41505,0,1358,17
1589249393.2722616,173.194.151.108,10.10.0.10,,,443,41505,0,1358,17
1589249393.2739296,10.10.0.10,173.194.151.108,,,41505,443,0,37,17
1589249393.289575,173.194.151.108,10.10.0.10,,,443,41505,0,1358,17
1589249393.30691,173.194.151.108,10.10.0.10,,,443,41505,0,1358,17
1589249393.3089511,10.10.0.10,173.194.151.108,,,41505,443,0,37,17
1589249393.3242278,173.194.151.108,10.10.0.10,,,443,41505,0,1358,17
1589249393.341537,173.194.151.108,10.10.0.10,,,443,41505,0,1358,17
1589249393.343304,10.10.0.10,173.194.151.108,,,41505,443,0,37,17
1589249393.358852,173.194.151.108,10.10.0.10,,,443,41505,0,1358,17
1589249393.3761759,173.194.151.108,10.10.0.10,,,443,41505,0,1358,17
1589249393.3778038,10.10.0.10,173.194.151.108,,,41505,443,0,37,17
1589249393.3934894,173.194.151.108,10.10.0.10,,,443,41505,0,1206,17
1589249393.459934,10.10.0.10,173.194.151.108,,,41505,443,0,37,17
1589249394.7000134,10.10.0.10,173.194.151.108,,,41505,443,0,722,17
1589249394.700265,10.10.0.10,173.194.151.108,,,41505,443,0,48,17
1589249394.704423,173.194.151.108,10.10.0.10,,,443,41505,0,29,17
1589249394.705745,173.194.151.108,10.10.0.10,,,443,41505,0,1358,17
1589249394.705777,173.194.151.108,10.10.0.10,,,443,41505,0,1358,17
1589249394.7077448,10.10.0.10,173.194.151.108,,,41505,443,0,37,17
1589249394.7204828,173.194.151.108,10.10.0.10,,,443,41505,0,1358,17
1589249394.737802,173.194.151.108,10.10.0.10,,,443,41505,0,1358,17
1589249394.740408,10.10.0.10,173.194.151.108,,,41505,443,0,37,17
1589249394.7551222,173.194.151.108,10.10.0.10,,,443,41505,0,1358,17
1589249394.772439,173.194.151.108,10.10.0.10,,,443,41505,0,1358,17
1589249394.774007,10.10.0.10,173.194.151.108,,,41505,443,0,37,17
1589249394.789762,173.194.151.108,10.10.0.10,,,443,41505,0,1358,17
1589249394.80708,173.194.151.108,10.10.0.10,,,443,41505,0,1358,17
1589249394.8086321,10.10.0.10,173.194.151.108,,,41505,443,0,37,17
1589249394.824399,173.194.151.108,10.10.0.10,,,443,41505,0,1358,17
1589249394.8417196,173.194.151.108,10.10.0.10,,,443,41505,0,1358,17
1589249394.843388,10.10.0.10,173.194.151.108,,,41505,443,0,37,17
1589249394.859056,173.194.151.108,10.10.0.10,,,443,41505,0,1358,17
1589249394.876353,173.194.151.108,10.10.0.10,,,443,41505,0,1358,17
1589249394.8781538,10.10.0.10,173.194.151.108,,,41505,443,0,37,17
1589249394.893683,173.194.151.108,10.10.0.10,,,443,41505,0,1358,17
1589249394.9109929,173.194.151.108,10.10.0.10,,,443,41505,0,1358,17
1589249394.9125009,10.10.0.10,173.194.151.108,,,41505,443,0,37,17
1589249394.9283118,173.194.151.108,10.10.0.10,,,443,41505,0,1358,17
1589249394.94563,173.194.151.108,10.10.0.10,,,443,41505,0,1358,17
1589249394.947525,10.10.0.10,173.194.151.108,,,41505,443,0,37,17
1589249394.962951,173.194.151.108,10.10.0.10,,,443,41505,0,1358,17
1589249394.9802651,173.194.151.108,10.10.0.10,,,443,41505,0,1358,17
1589249394.9845262,10.10.0.10,173.194.151.108,,,41505,443,0,37,17
1589249394.997586,173.194.151.108,10.10.0.10,,,443,41505,0,1358,17
1589249395.0149062,173.194.151.108,10.10.0.10,,,443,41505,0,1358,17
1589249395.0170279,10.10.0.10,173.194.151.108,,,41505,443,0,37,17
1589249395.032238,173.194.151.108,10.10.0.10,,,443,41505,0,1358,17
1589249395.049552,173.194.151.108,10.10.0.10,,,443,41505,0,1358,17
1589249395.051144,10.10.0.10,173.194.151.108,,,41505,443,0,37,17
1589249395.066863,173.194.151.108,10.10.0.10,,,443,41505,0,1358,17
1589249395.084182,173.194.151.108,10.10.0.10,,,443,41505,0,1358,17
1589249395.08688,10.10.0.10,173.194.151.108,,,41505,443,0,37,17
1589249395.1015012,173.194.151.108,10.10.0.10,,,443,41505,0,1358,17
1589249395.11882,173.194.151.108,10.10.0.10,,,443,41505,0,1358,17
1589249395.120494,10.10.0.10,173.194.151.108,,,41505,443,0,37,17
1589249395.1361382,173.194.151.108,10.10.0.10,,,443,41505,0,1358,17
1589249395.153457,173.194.151.108,10.10.0.10,,,443,41505,0,1358,17
1589249395.155271,10.10.0.10,173.194.151.108,,,41505,443,0,37,17
1589249395.170798,173.194.151.108,10.10.0.10,,,443,41505,0,1358,17
1589249395.1881099,173.194.151.108,10.10.0.10,,,443,41505,0,1358,17
1589249395.190396,10.10.0.10,173.194.151.108,,,41505,443,0,37,17
1589249395.205424,173.194.151.108,10.10.0.10,,,443,41505,0,1358,17
1589249395.222733,173.194.151.108,10.10.0.10,,,443,41505,0,1358,17
1589249395.2245214,10.10.0.10,173.194.151.108,,,41505,443,0,37,17
1589249395.240055,173.194.151.108,10.10.0.10,,,443,41505,0,1358,17
1589249395.25737,173.194.151.108,10.10.0.10,,,443,41505,0,1358,17
1589249395.2591422,10.10.0.10,173.194.151.108,,,41505,443,0,37,17
1589249395.274689,173.194.151.108,10.10.0.10,,,443,41505,0,1358,17
1589249395.292008,173.194.151.108,10.10.0.10,,,443,41505,0,1358,17
1589249395.2936282,10.10.0.10,173.194.151.108,,,41505,443,0,37,17
1589249395.3093262,173.194.151.108,10.10.0.10,,,443,41505,0,1358,17
1589249395.3256311,10.10.0.10,173.194.151.108,,,41505,443,0,730,17
1589249395.3256571,10.10.0.10,173.194.151.108,,,41505,443,0,48,17
1589249395.3266668,173.194.151.108,10.10.0.10,,,443,41505,0,1358,17
1589249395.3439634,173.194.151.108,10.10.0.10,,,443,41505,0,1358,17
1589249395.345622,10.10.0.10,173.194.151.108,,,41505,443,0,37,17
1589249395.361295,173.194.151.108,10.10.0.10,,,443,41505,0,1358,17
1589249395.3786054,173.194.151.108,10.10.0.10,,,443,41505,0,1358,17
1589249395.380234,10.10.0.10,173.194.151.108,,,41505,443,0,37,17
1589249395.395924,173.194.151.108,10.10.0.10,,,443,41505,0,1358,17
1589249395.413241,173.194.151.108,10.10.0.10,,,443,41505,0,1358,17
1589249395.414994,10.10.0.10,173.194.151.108,,,41505,443,0,37,17
1589249395.4305592,173.194.151.108,10.10.0.10,,,443,41505,0,1358,17
1589249395.447878,173.194.151.108,10.10.0.10,,,443,41505,0,1358,17
1589249395.4494932,10.10.0.10,173.194.151.108,,,41505,443,0,37,17
1589249395.465198,173.194.151.108,10.10.0.10,,,443,41505,0,29,17
1589249395.4659786,173.194.151.108,10.10.0.10,,,443,41505,0,1358,17
1589249395.4832988,173.194.151.108,10.10.0.10,,,443,41505,0,1358,17
1589249395.485136,10.10.0.10,173.194.151.108,,,41505,443,0,37,17
1589249395.500618,173.194.151.108,10.10.0.10,,,443,41505,0,1358,17
1589249395.517937,173.194.151.108,10.10.0.10,,,443,41505,0,1358,17
1589249395.5197608,10.10.0.10,173.194.151.108,,,41505,443,0,37,17
1589249395.5352561,173.194.151.108,10.10.0.10,,,443,41505,0,1358,17
1589249395.552575,173.194.151.108,10.10.0.10,,,443,41505,0,1358,17
1589249395.5567331,10.10.0.10,173.194.151.108,,,41505,443,0,37,17
1589249395.569896,173.194.151.108,10.10.0.10,,,443,41505,0,1358,17
1589249395.587208,173.194.151.108,10.10.0.10,,,443,41505,0,1358,17
1589249395.588867,10.10.0.10,173.194.151.108,,,41505,443,0,37,17
1589249395.604526,173.194.151.108,10.10.0.10,,,443,41505,0,1358,17
1589249395.6218462,173.194.151.108,10.10.0.10,,,443,41505,0,1358,17
1589249395.623614,10.10.0.10,173.194.151.108,,,41505,443,0,37,17
1589249395.639175,173.194.151.108,10.10.0.10,,,443,41505,0,1358,17
1589249395.656483,173.194.151.108,10.10.0.10,,,443,41505,0,1358,17
1589249395.6582522,10.10.0.10,173.194.151.108,,,41505,443,0,37,17
1589249395.673809,173.194.151.108,10.10.0.10,,,443,41505,0,1358,17
1589249395.6911216,173.194.151.108,10.10.0.10,,,443,41505,0,1358,17
1589249395.693489,10.10.0.10,173.194.151.108,,,41505,443,0,37,17
1589249395.7084372,173.194.151.108,10.10.0.10,,,443,41505,0,1358,17
1589249395.7257822,173.194.151.108,10.10.0.10,,,443,41505,0,1358,17
1589249395.727384,10.10.0.10,173.194.151.108,,,41505,443,0,37,17
1589249395.7430758,173.194.151.108,10.10.0.10,,,443,41505,0,1358,17
1589249395.7603981,173.194.151.108,10.10.0.10,,,443,41505,0,1358,17
1589249395.761878,10.10.0.10,173.194.151.108,,,41505,443,0,37,17
1589249395.777718,173.194.151.108,10.10.0.10,,,443,41505,0,1358,17
1589249395.795037,173.194.151.108,10.10.0.10,,,443,41505,0,1358,17
1589249395.796864,10.10.0.10,173.194.151.108,,,41505,443,0,37,17
1589249395.812358,173.194.151.108,10.10.0.10,,,443,41505,0,1358,17
1589249395.829679,173.194.151.108,10.10.0.10,,,443,41505,0,1358,17
1589249395.831347,10.10.0.10,173.194.151.108,,,41505,443,0,37,17
1589249395.8469946,173.194.151.108,10.10.0.10,,,443,41505,0,1358,17
1589249395.8643148,173.194.151.108,10.10.0.10,,,443,41505,0,1358,17
1589249395.8681052,10.10.0.10,173.194.151.108,,,41505,443,0,37,17
1589249395.881626,173.194.151.108,10.10.0.10,,,443,41505,0,1358,17
1589249395.898968,173.194.151.108,10.10.0.10,,,443,41505,0,1358,17
1589249395.901882,10.10.0.10,173.194.151.108,,,41505,443,0,37,17
1589249395.916278,173.194.151.108,10.10.0.10,,,443,41505,0,1358,17
1589249395.9335868,173.194.151.108,10.10.0.10,,,443,41505,0,1358,17
1589249395.935623,10.10.0.10,173.194.151.108,,,41505,443,0,37,17
1589249395.950906,173.194.151.108,10.10.0.10,,,443,41505,0,1358,17
1589249395.968226,173.194.151.108,10.10.0.10,,,443,41505,0,1358,17
1589249395.969977,10.10.0.10,173.194.151.108,,,41505,443,0,37,17
1589249395.985544,173.194.151.108,10.10.0.10,,,443,41505,0,1358,17
1589249396.0028641,173.194.151.108,10.10.0.10,,,443,41505,0,1358,17
1589249396.004876,10.10.0.10,173.194.151.108,,,41505,443,0,50,17
1589249396.0201821,173.194.151.108,10.10.0.10,,,443,41505,0,1358,17
1589249396.0375214,173.194.151.108,10.10.0.10,,,443,41505,0,1358,17
1589249396.039352,10.10.0.10,173.194.151.108,,,41505,443,0,37,17
1589249396.054834,173.194.151.108,10.10.0.10,,,443,41505,0,1358,17
1589249396.072149,173.194.151.108,10.10.0.10,,,443,41505,0,1358,17
1589249396.0738509,10.10.0.10,173.194.151.108,,,41505,443,0,37,17
1589249396.089457,173.194.151.108,10.10.0.10,,,443,41505,0,1358,17
1589249396.106778,173.194.151.108,10.10.0.10,,,443,41505,0,1358,17
1589249396.109101,10.10.0.10,173.194.151.108,,,41505,443,0,37,17
1589249396.1240964,173.194.151.108,10.10.0.10,,,443,41505,0,1358,17
1589249396.1414142,173.194.151.108,10.10.0.10,,,443,41505,0,1358,17
1589249396.1431189,10.10.0.10,173.194.151.108,,,41505,443,0,37,17
1589249396.1587331,173.194.151.108,10.10.0.10,,,443,41505,0,1358,17
1589249396.1760519,173.194.151.108,10.10.0.10,,,443,41505,0,1358,17
1589249396.177838,10.10.0.10,173.194.151.108,,,41505,443,0,37,17
1589249396.193397,173.194.151.108,10.10.0.10,,,443,41505,0,1358,17
1589249396.2107036,173.194.151.108,10.10.0.10,,,443,41505,0,1358,17
1589249396.213367,10.10.0.10,173.194.151.108,,,41505,443,0,37,17
1589249396.2280018,173.194.151.108,10.10.0.10,,,443,41505,0,1358,17
1589249396.245328,173.194.151.108,10.10.0.10,,,443,41505,0,1358,17
1589249396.24697,10.10.0.10,173.194.151.108,,,41505,443,0,37,17
1589249396.262648,173.194.151.108,10.10.0.10,,,443,41505,0,1358,17
1589249396.2799652,173.194.151.108,10.10.0.10,,,443,41505,0,1358,17
1589249396.281863,10.10.0.10,173.194.151.108,,,41505,443,0,37,17
1589249396.297283,173.194.151.108,10.10.0.10,,,443,41505,0,1358,17
1589249396.3146038,173.194.151.108,10.10.0.10,,,443,41505,0,1358,17
1589249396.317343,10.10.0.10,173.194.151.108,,,41505,443,0,37,17
1589249396.33192,173.194.151.108,10.10.0.10,,,443,41505,0,1358,17
1589249396.3492599,173.194.151.108,10.10.0.10,,,443,41505,0,1358,17
1589249396.364843,10.10.0.10,173.194.151.108,,,41505,443,0,37,17
1589249396.366574,173.194.151.108,10.10.0.10,,,443,41505,0,1358,17
1589249396.3838902,173.194.151.108,10.10.0.10,,,443,41505,0,1358,17
1589249396.385486,10.10.0.10,173.194.151.108,,,41505,443,0,37,17
1589249396.401199,173.194.151.108,10.10.0.10,,,443,41505,0,1358,17
1589249396.418516,173.194.151.108,10.10.0.10,,,443,41505,0,1358,17
1589249396.420365,10.10.0.10,173.194.151.108,,,41505,443,0,37,17
1589249396.435835,173.194.151.108,10.10.0.10,,,443,41505,0,1358,17
1589249396.4531536,173.194.151.108,10.10.0.10,,,443,41505,0,1358,17
1589249396.454963,10.10.0.10,173.194.151.108,,,41505,443,0,37,17
1589249396.4704714,173.194.151.108,10.10.0.10,,,443,41505,0,1358,17
1589249396.487793,173.194.151.108,10.10.0.10,,,443,41505,0,1358,17
1589249396.4893572,10.10.0.10,173.194.151.108,,,41505,443,0,37,17
1589249396.505107,173.194.151.108,10.10.0.10,,,443,41505,0,1358,17
1589249396.5224452,173.194.151.108,10.10.0.10,,,443,41505,0,1358,17
1589249396.523963,10.10.0.10,173.194.151.108,,,41505,443,0,37,17
1589249396.5397608,173.194.151.108,10.10.0.10,,,443,41505,0,1358,17
1589249396.557069,173.194.151.108,10.10.0.10,,,443,41505,0,1358,17
1589249396.559424,10.10.0.10,173.194.151.108,,,41505,443,0,37,17
1589249396.574385,173.194.151.108,10.10.0.10,,,443,41505,0,1358,17
1589249396.591697,173.194.151.108,10.10.0.10,,,443,41505,0,1358,17
1589249396.593482,10.10.0.10,173.194.151.108,,,41505,443,0,37,17
1589249396.609016,173.194.151.108,10.10.0.10,,,443,41505,0,1358,17
1589249396.6263359,173.194.151.108,10.10.0.10,,,443,41505,0,1358,17
1589249396.62823,10.10.0.10,173.194.151.108,,,41505,443,0,37,17
1589249396.64366,173.194.151.108,10.10.0.10,,,443,41505,0,1358,17
1589249396.660989,173.194.151.108,10.10.0.10,,,443,41505,0,1358,17
1589249396.663102,10.10.0.10,173.194.151.108,,,41505,443,0,37,17
1589249396.6782944,173.194.151.108,10.10.0.10,,,443,41505,0,1358,17
1589249396.695615,173.194.151.108,10.10.0.10,,,443,41505,0,1358,17
1589249396.69746,10.10.0.10,173.194.151.108,,,41505,443,0,50,17
1589249396.7129474,173.194.151.108,10.10.0.10,,,443,41505,0,1358,17
1589249396.730256,173.194.151.108,10.10.0.10,,,443,41505,0,1358,17
1589249396.7320828,10.10.0.10,173.194.151.108,,,41505,443,0,37,17
1589249396.747576,173.194.151.108,10.10.0.10,,,443,41505,0,1358,17
1589249396.764891,173.194.151.108,10.10.0.10,,,443,41505,0,1358,17
1589249396.766724,10.10.0.10,173.194.151.108,,,41505,443,0,37,17
1589249396.782218,173.194.151.108,10.10.0.10,,,443,41505,0,1358,17
1589249396.799531,173.194.151.108,10.10.0.10,,,443,41505,0,1358,17
1589249396.8013475,10.10.0.10,173.194.151.108,,,41505,443,0,37,17
1589249396.816848,173.194.151.108,10.10.0.10,,,443,41505,0,29,17
1589249396.817631,173.194.151.108,10.10.0.10,,,443,41505,0,1358,17
1589249396.834949,173.194.151.108,10.10.0.10,,,443,41505,0,1358,17
1589249396.8367221,10.10.0.10,173.194.151.108,,,41505,443,0,37,17
1589249396.8522642,173.194.151.108,10.10.0.10,,,443,41505,0,1358,17
1589249396.869587,173.194.151.108,10.10.0.10,,,443,41505,0,1358,17
1589249396.871595,10.10.0.10,173.194.151.108,,,41505,443,0,37,17
1589249396.88691,173.194.151.108,10.10.0.10,,,443,41505,0,1358,17
1589249396.904247,173.194.151.108,10.10.0.10,,,443,41505,0,1358,17
1589249396.9058454,10.10.0.10,173.194.151.108,,,41505,443,0,37,17
1589249396.921559,173.194.151.108,10.10.0.10,,,443,41505,0,1358,17
1589249396.938874,173.194.151.108,10.10.0.10,,,443,41505,0,1358,17
1589249396.940469,10.10.0.10,173.194.151.108,,,41505,443,0,37,17
1589249396.956176,173.194.151.108,10.10.0.10,,,443,41505,0,1358,17
1589249396.9735012,173.194.151.108,10.10.0.10,,,443,41505,0,1358,17
1589249396.9752188,10.10.0.10,173.194.151.108,,,41505,443,0,37,17
1589249396.990819,173.194.151.108,10.10.0.10,,,443,41505,0,1358,17
1589249397.008144,173.194.151.108,10.10.0.10,,,443,41505,0,1358,17
1589249397.009823,10.10.0.10,173.194.151.108,,,41505,443,0,37,17
1589249397.025456,173.194.151.108,10.10.0.10,,,443,41505,0,1358,17
1589249397.0427759,173.194.151.108,10.10.0.10,,,443,41505,0,1358,17
1589249397.044465,10.10.0.10,173.194.151.108,,,41505,443,0,37,17
1589249397.060117,173.194.151.108,10.10.0.10,,,443,41505,0,1358,17
1589249397.0774279,173.194.151.108,10.10.0.10,,,443,41505,0,1358,17
1589249397.084841,10.10.0.10,173.194.151.108,,,41505,443,0,37,17
1589249397.094745,173.194.151.108,10.10.0.10,,,443,41505,0,1358,17
1589249397.1120536,173.194.151.108,10.10.0.10,,,443,41505,0,1358,17
1589249397.1136956,10.10.0.10,173.194.151.108,,,41505,443,0,37,17
1589249397.1293714,173.194.151.108,10.10.0.10,,,443,41505,0,1358,17
1589249397.1466908,173.194.151.108,10.10.0.10,,,443,41505,0,1358,17
1589249397.148464,10.10.0.10,173.194.151.108,,,41505,443,0,37,17
1589249397.1640089,173.194.151.108,10.10.0.10,,,443,41505,0,1358,17
1589249397.1813278,173.194.151.108,10.10.0.10,,,443,41505,0,1358,17
1589249397.1838374,10.10.0.10,173.194.151.108,,,41505,443,0,37,17
1589249397.198647,173.194.151.108,10.10.0.10,,,443,41505,0,1358,17
1589249397.215987,173.194.151.108,10.10.0.10,,,443,41505,0,1358,17
1589249397.2177172,10.10.0.10,173.194.151.108,,,41505,443,0,37,17
1589249397.233282,173.194.151.108,10.10.0.10,,,443,41505,0,1358,17
1589249397.2506142,173.194.151.108,10.10.0.10,,,443,41505,0,1358,17
1589249397.2525651,10.10.0.10,173.194.151.108,,,41505,443,0,37,17
1589249397.2679238,173.194.151.108,10.10.0.10,,,443,41505,0,1358,17
1589249397.2852411,173.194.151.108,10.10.0.10,,,443,41505,0,1358,17
1589249397.28721,10.10.0.10,173.194.151.108,,,41505,443,0,37,17
1589249397.3025582,173.194.151.108,10.10.0.10,,,443,41505,0,1358,17
1589249397.31988,173.194.151.108,10.10.0.10,,,443,41505,0,1358,17
1589249397.321554,10.10.0.10,173.194.151.108,,,41505,443,0,37,17
1589249397.337196,173.194.151.108,10.10.0.10,,,443,41505,0,1358,17
1589249397.3545158,173.194.151.108,10.10.0.10,,,443,41505,0,1358,17
1589249397.3561912,10.10.0.10,173.194.151.108,,,41505,443,0,37,17
1589249397.3718321,173.194.151.108,10.10.0.10,,,443,41505,0,1358,17
1589249397.389152,173.194.151.108,10.10.0.10,,,443,41505,0,1358,17
1589249397.390957,10.10.0.10,173.194.151.108,,,41505,443,0,50,17
1589249397.406487,173.194.151.108,10.10.0.10,,,443,41505,0,1358,17
1589249397.423794,173.194.151.108,10.10.0.10,,,443,41505,0,1358,17
1589249397.42733,10.10.0.10,173.194.151.108,,,41505,443,0,37,17
1589249397.4411108,173.194.151.108,10.10.0.10,,,443,41505,0,1358,17
1589249397.458428,173.194.151.108,10.10.0.10,,,443,41505,0,1358,17
1589249397.4600835,10.10.0.10,173.194.151.108,,,41505,443,0,37,17
1589249397.4757464,173.194.151.108,10.10.0.10,,,443,41505,0,1358,17
1589249397.4930649,173.194.151.108,10.10.0.10,,,443,41505,0,29,17
1589249397.493848,173.194.151.108,10.10.0.10,,,443,41505,0,1358,17
1589249397.4954329,10.10.0.10,173.194.151.108,,,41505,443,0,37,17
1589249397.511167,173.194.151.108,10.10.0.10,,,443,41505,0,1358,17
1589249397.528487,173.194.151.108,10.10.0.10,,,443,41505,0,1358,17
1589249397.530191,10.10.0.10,173.194.151.108,,,41505,443,0,37,17
1589249397.5458062,173.194.151.108,10.10.0.10,,,443,41505,0,1358,17
1589249397.5631251,173.194.151.108,10.10.0.10,,,443,41505,0,1358,17
1589249397.5650508,10.10.0.10,173.194.151.108,,,41505,443,0,37,17
1589249397.580442,173.194.151.108,10.10.0.10,,,443,41505,0,1358,17
1589249397.5977626,173.194.151.108,10.10.0.10,,,443,41505,0,1358,17
1589249397.599664,10.10.0.10,173.194.151.108,,,41505,443,0,37,17
1589249397.61508,173.194.151.108,10.10.0.10,,,443,41505,0,1358,17
1589249397.632399,173.194.151.108,10.10.0.10,,,443,41505,0,1358,17
1589249397.6475382,10.10.0.10,173.194.151.108,,,41505,443,0,37,17
1589249397.649715,173.194.151.108,10.10.0.10,,,443,41505,0,1358,17
1589249397.667032,173.194.151.108,10.10.0.10,,,443,41505,0,1358,17
1589249397.6686811,10.10.0.10,173.194.151.108,,,41505,443,0,37,17
1589249397.6843538,173.194.151.108,10.10.0.10,,,443,41505,0,1358,17
1589249397.701675,173.194.151.108,10.10.0.10,,,443,41505,0,1358,17
1589249397.7033038,10.10.0.10,173.194.151.108,,,41505,443,0,37,17
1589249397.71899,173.194.151.108,10.10.0.10,,,443,41505,0,1358,17
1589249397.736308,173.194.151.108,10.10.0.10,,,443,41505,0,1358,17
1589249397.7379296,10.10.0.10,173.194.151.108,,,41505,443,0,37,17
1589249397.753631,173.194.151.108,10.10.0.10,,,443,41505,0,1358,17
1589249397.7709742,173.194.151.108,10.10.0.10,,,443,41505,0,1358,17
1589249397.7725706,10.10.0.10,173.194.151.108,,,41505,443,0,37,17
1589249397.788284,173.194.151.108,10.10.0.10,,,443,41505,0,1358,17
1589249397.805597,173.194.151.108,10.10.0.10,,,443,41505,0,1358,17
1589249397.807201,10.10.0.10,173.194.151.108,,,41505,443,0,37,17
1589249397.8229082,173.194.151.108,10.10.0.10,,,443,41505,0,1358,17
1589249397.8402288,173.194.151.108,10.10.0.10,,,443,41505,0,1358,17
1589249397.841924,10.10.0.10,173.194.151.108,,,41505,443,0,37,17
1589249397.857544,173.194.151.108,10.10.0.10,,,443,41505,0,1358,17
1589249397.87486,173.194.151.108,10.10.0.10,,,443,41505,0,1358,17
1589249397.8769245,10.10.0.10,173.194.151.108,,,41505,443,0,37,17
1589249397.892183,173.194.151.108,10.10.0.10,,,443,41505,0,1358,17
1589249397.9095,173.194.151.108,10.10.0.10,,,443,41505,0,1358,17
1589249397.911192,10.10.0.10,173.194.151.108,,,41505,443,0,37,17
1589249397.926842,173.194.151.108,10.10.0.10,,,443,41505,0,1358,17
1589249397.9441571,173.194.151.108,10.10.0.10,,,443,41505,0,1358,17
1589249397.9456902,10.10.0.10,173.194.151.108,,,41505,443,0,37,17
1589249397.9614522,173.194.151.108,10.10.0.10,,,443,41505,0,1358,17
1589249398.0095491,10.10.0.10,173.194.151.108,,,41505,443,0,37,17
1589249398.016592,173.194.151.108,10.10.0.10,,,443,41505,0,1358,17
1589249398.071717,173.194.151.108,10.10.0.10,,,443,41505,0,1358,17
1589249398.0734372,10.10.0.10,173.194.151.108,,,41505,443,0,37,17
1589249398.1268456,173.194.151.108,10.10.0.10,,,443,41505,0,1358,17
1589249398.1749158,10.10.0.10,173.194.151.108,,,41505,443,0,37,17
1589249398.18197,173.194.151.108,10.10.0.10,,,443,41505,0,1358,17
1589249398.22931,10.10.0.10,173.194.151.108,,,41505,443,0,50,17
1589249398.237101,173.194.151.108,10.10.0.10,,,443,41505,0,1358,17
1589249398.292231,173.194.151.108,10.10.0.10,,,443,41505,0,1358,17
1589249398.2939296,10.10.0.10,173.194.151.108,,,41505,443,0,37,17
1589249398.347357,173.194.151.108,10.10.0.10,,,443,41505,0,1358,17
1589249398.4024868,173.194.151.108,10.10.0.10,,,443,41505,0,1358,17
1589249398.4054296,10.10.0.10,173.194.151.108,,,41505,443,0,37,17
1589249398.457616,173.194.151.108,10.10.0.10,,,443,41505,0,1358,17
1589249398.512744,173.194.151.108,10.10.0.10,,,443,41505,0,1358,17
1589249398.514532,10.10.0.10,173.194.151.108,,,41505,443,0,37,17
1589249398.5152779,10.10.0.10,173.194.151.108,,,41505,443,0,43,17
1589249398.5678852,173.194.151.108,10.10.0.10,,,443,41505,0,1358,17
1589249398.61288,10.10.0.10,173.194.151.108,,,41505,443,0,37,17
1589249398.62301,173.194.151.108,10.10.0.10,,,443,41505,0,1358,17
1589249398.6781359,173.194.151.108,10.10.0.10,,,443,41505,0,1358,17
1589249398.6799011,10.10.0.10,173.194.151.108,,,41505,443,0,37,17
1589249398.7332606,173.194.151.108,10.10.0.10,,,443,41505,0,1358,17
1589249398.7842908,10.10.0.10,173.194.151.108,,,41505,443,0,37,17
1589249398.7883859,173.194.151.108,10.10.0.10,,,443,41505,0,1358,17
1589249398.8327901,10.10.0.10,173.194.151.108,,,41505,443,0,37,17
1589249398.843519,173.194.151.108,10.10.0.10,,,443,41505,0,1358,17
1589249398.898647,173.194.151.108,10.10.0.10,,,443,41505,0,1358,17
1589249398.927312,10.10.0.10,173.194.151.108,,,41505,443,0,37,17
1589249398.953773,173.194.151.108,10.10.0.10,,,443,41505,0,1358,17
1589249399.0155182,173.194.151.108,10.10.0.10,,,443,41505,0,1358,17
1589249399.0185368,10.10.0.10,173.194.151.108,,,41505,443,0,37,17
1589249399.0706446,173.194.151.108,10.10.0.10,,,443,41505,0,1358,17
1589249399.125776,173.194.151.108,10.10.0.10,,,443,41505,0,1358,17
1589249399.1277616,10.10.0.10,173.194.151.108,,,41505,443,0,37,17
1589249399.180902,173.194.151.108,10.10.0.10,,,443,41505,0,1358,17
1589249399.2360542,173.194.151.108,10.10.0.10,,,443,41505,0,1358,17
1589249399.237633,10.10.0.10,173.194.151.108,,,41505,443,0,37,17
1589249399.297774,173.194.151.108,10.10.0.10,,,443,41505,0,1358,17
1589249399.2987561,10.10.0.10,173.194.151.108,,,41505,443,0,37,17
1589249399.348886,10.10.0.10,173.194.151.108,,,41505,443,0,37,17
1589249399.3529012,173.194.151.108,10.10.0.10,,,443,41505,0,1358,17
1589249399.408026,173.194.151.108,10.10.0.10,,,443,41505,0,1358,17
1589249399.4097538,10.10.0.10,173.194.151.108,,,41505,443,0,37,17
1589249399.463172,173.194.151.108,10.10.0.10,,,443,41505,0,1358,17
1589249399.5182981,173.194.151.108,10.10.0.10,,,443,41505,0,1358,17
1589249399.5216448,10.10.0.10,173.194.151.108,,,41505,443,0,37,17
1589249399.5734231,173.194.151.108,10.10.0.10,,,443,41505,0,1358,17
1589249399.635161,173.194.151.108,10.10.0.10,,,443,41505,0,1358,17
1589249399.6368678,10.10.0.10,173.194.151.108,,,41505,443,0,37,17
1589249399.6902852,173.194.151.108,10.10.0.10,,,443,41505,0,1358,17
1589249399.7454221,173.194.151.108,10.10.0.10,,,443,41505,0,1358,17
1589249399.7472658,10.10.0.10,173.194.151.108,,,41505,443,0,37,17
1589249399.800543,173.194.151.108,10.10.0.10,,,443,41505,0,1358,17
1589249399.8361561,10.10.0.10,173.194.151.108,,,41505,443,0,37,17
1589249399.8556762,173.194.151.108,10.10.0.10,,,443,41505,0,1358,17
1589249399.9108062,173.194.151.108,10.10.0.10,,,443,41505,0,1358,17
1589249399.913989,10.10.0.10,173.194.151.108,,,41505,443,0,37,17
1589249399.965936,173.194.151.108,10.10.0.10,,,443,41505,0,1358,17
1589249400.019134,10.10.0.10,173.194.151.108,,,41505,443,0,37,17
1589249400.021062,173.194.151.108,10.10.0.10,,,443,41505,0,1358,17
1589249400.076191,173.194.151.108,10.10.0.10,,,443,41505,0,1358,17
1589249400.077856,10.10.0.10,173.194.151.108,,,41505,443,0,37,17
1589249400.1313179,173.194.151.108,10.10.0.10,,,443,41505,0,1358,17
1589249400.186449,173.194.151.108,10.10.0.10,,,443,41505,0,1358,17
1589249400.198377,10.10.0.10,173.194.151.108,,,41505,443,0,37,17
1589249400.241574,173.194.151.108,10.10.0.10,,,443,41505,0,1358,17
1589249400.296711,173.194.151.108,10.10.0.10,,,443,41505,0,1358,17
1589249400.298482,10.10.0.10,173.194.151.108,,,41505,443,0,50,17
1589249400.3518348,173.194.151.108,10.10.0.10,,,443,41505,0,1358,17
1589249400.38585,10.10.0.10,173.194.151.108,,,41505,443,0,37,17
1589249400.406962,173.194.151.108,10.10.0.10,,,443,41505,0,1358,17
1589249400.462095,173.194.151.108,10.10.0.10,,,443,41505,0,1358,17
1589249400.4635878,10.10.0.10,173.194.151.108,,,41505,443,0,37,17
1589249400.5172188,173.194.151.108,10.10.0.10,,,443,41505,0,1358,17
1589249400.57235,173.194.151.108,10.10.0.10,,,443,41505,0,1358,17
1589249400.5742419,10.10.0.10,173.194.151.108,,,41505,443,0,37,17
1589249400.6274755,173.194.151.108,10.10.0.10,,,443,41505,0,1358,17
1589249400.68261,173.194.151.108,10.10.0.10,,,443,41505,0,1358,17
1589249400.684221,10.10.0.10,173.194.151.108,,,41505,443,0,37,17
1589249400.7377381,173.194.151.108,10.10.0.10,,,443,41505,0,1358,17
1589249400.792887,173.194.151.108,10.10.0.10,,,443,41505,0,1358,17
1589249400.79472,10.10.0.10,173.194.151.108,,,41505,443,0,37,17
1589249400.848007,173.194.151.108,10.10.0.10,,,443,41505,0,1358,17
1589249400.903135,173.194.151.108,10.10.0.10,,,443,41505,0,1358,17
1589249400.9036052,10.10.0.10,173.194.151.108,,,41505,443,0,37,17
1589249400.958256,173.194.151.108,10.10.0.10,,,443,41505,0,1358,17
1589249400.9599822,10.10.0.10,173.194.151.108,,,41505,443,0,37,17
1589249401.0133796,173.194.151.108,10.10.0.10,,,443,41505,0,1358,17
1589249401.0479558,10.10.0.10,173.194.151.108,,,41505,443,0,37,17
1589249401.0725868,173.194.151.108,10.10.0.10,,,443,41505,0,1358,17
1589249401.1277158,173.194.151.108,10.10.0.10,,,443,41505,0,1358,17
1589249401.131331,10.10.0.10,173.194.151.108,,,41505,443,0,37,17
1589249401.182843,173.194.151.108,10.10.0.10,,,443,41505,0,1358,17
1589249401.2379718,173.194.151.108,10.10.0.10,,,443,41505,0,1358,17
1589249401.2398472,10.10.0.10,173.194.151.108,,,41505,443,0,37,17
1589249401.2931206,173.194.151.108,10.10.0.10,,,443,41505,0,1358,17
1589249401.348244,173.194.151.108,10.10.0.10,,,443,41505,0,1358,17
1589249401.350095,10.10.0.10,173.194.151.108,,,41505,443,0,37,17
1589249401.403369,173.194.151.108,10.10.0.10,,,443,41505,0,1358,17
1589249401.4584925,173.194.151.108,10.10.0.10,,,443,41505,0,1358,17
1589249401.485848,10.10.0.10,173.194.151.108,,,41505,443,0,37,17
1589249401.513618,173.194.151.108,10.10.0.10,,,443,41505,0,1358,17
1589249401.568745,173.194.151.108,10.10.0.10,,,443,41505,0,1358,17
1589249401.5695708,10.10.0.10,173.194.151.108,,,41505,443,0,37,17
1589249401.623876,173.194.151.108,10.10.0.10,,,443,41505,0,1358,17
1589249401.6257155,10.10.0.10,173.194.151.108,,,41505,443,0,37,17
1589249401.6790028,173.194.151.108,10.10.0.10,,,443,41505,0,1358,17
1589249401.680584,10.10.0.10,173.194.151.108,,,41505,443,0,40,17
1589249401.7341304,173.194.151.108,10.10.0.10,,,443,41505,0,1358,17
1589249401.742958,10.10.0.10,173.194.151.108,,,41505,443,0,40,17
1589249401.7892618,173.194.151.108,10.10.0.10,,,443,41505,0,1358,17
1589249401.790936,10.10.0.10,173.194.151.108,,,41505,443,0,40,17
1589249401.8443878,173.194.151.108,10.10.0.10,,,443,41505,0,1358,17
1589249401.846559,10.10.0.10,173.194.151.108,,,41505,443,0,40,17
1589249401.899514,173.194.151.108,10.10.0.10,,,443,41505,0,1358,17
1589249401.954649,173.194.151.108,10.10.0.10,,,443,41505,0,1358,17
1589249401.956577,10.10.0.10,173.194.151.108,,,41505,443,0,40,17
1589249402.0097866,173.194.151.108,10.10.0.10,,,443,41505,0,1358,17
1589249402.0649102,173.194.151.108,10.10.0.10,,,443,41505,0,1358,17
1589249402.066802,10.10.0.10,173.194.151.108,,,41505,443,0,53,17
1589249402.120035,173.194.151.108,10.10.0.10,,,443,41505,0,1358,17
1589249402.155935,10.10.0.10,173.194.151.108,,,41505,443,0,40,17
1589249402.1751628,173.194.151.108,10.10.0.10,,,443,41505,0,1358,17
1589249402.23029,173.194.151.108,10.10.0.10,,,443,41505,0,1358,17
1589249402.2320678,10.10.0.10,173.194.151.108,,,41505,443,0,40,17
1589249402.285419,173.194.151.108,10.10.0.10,,,443,41505,0,1358,17
1589249402.3405461,173.194.151.108,10.10.0.10,,,443,41505,0,1358,17
1589249402.342294,10.10.0.10,173.194.151.108,,,41505,443,0,40,17
1589249402.395675,173.194.151.108,10.10.0.10,,,443,41505,0,1358,17
1589249402.435439,10.10.0.10,173.194.151.108,,,41505,443,0,40,17
1589249402.4508061,173.194.151.108,10.10.0.10,,,443,41505,0,1358,17
1589249402.4667642,10.10.0.10,173.194.151.108,,,41505,443,0,53,17
1589249402.505934,173.194.151.108,10.10.0.10,,,443,41505,0,1358,17
1589249402.5610828,173.194.151.108,10.10.0.10,,,443,41505,0,1358,17
1589249402.563537,10.10.0.10,173.194.151.108,,,41505,443,0,40,17
1589249402.616189,173.194.151.108,10.10.0.10,,,443,41505,0,1358,17
1589249402.671318,173.194.151.108,10.10.0.10,,,443,41505,0,1358,17
1589249402.672916,10.10.0.10,173.194.151.108,,,41505,443,0,40,17
1589249402.7264464,173.194.151.108,10.10.0.10,,,443,41505,0,1358,17
1589249402.7815802,173.194.151.108,10.10.0.10,,,443,41505,0,1358,17
1589249402.783389,10.10.0.10,173.194.151.108,,,41505,443,0,40,17
1589249402.836705,173.194.151.108,10.10.0.10,,,443,41505,0,1358,17
1589249402.891835,173.194.151.108,10.10.0.10,,,443,41505,0,1358,17
1589249402.8935466,10.10.0.10,173.194.151.108,,,41505,443,0,40,17
1589249402.894049,10.10.0.10,173.194.151.108,,,41505,443,0,43,17
1589249402.946961,173.194.151.108,10.10.0.10,,,443,41505,0,1358,17
1589249402.998154,10.10.0.10,173.194.151.108,,,41505,443,0,40,17
1589249403.0020866,173.194.151.108,10.10.0.10,,,443,41505,0,1358,17
1589249403.0500908,173.194.151.108,10.10.0.10,,,443,41505,0,1358,17
1589249403.051773,10.10.0.10,173.194.151.108,,,41505,443,0,40,17
1589249403.098088,173.194.151.108,10.10.0.10,,,443,41505,0,1358,17
1589249403.138417,10.10.0.10,173.194.151.108,,,41505,443,0,37,17
1589249403.146091,173.194.151.108,10.10.0.10,,,443,41505,0,1358,17
1589249403.19054,10.10.0.10,173.194.151.108,,,41505,443,0,37,17
1589249403.1940925,173.194.151.108,10.10.0.10,,,443,41505,0,1358,17
1589249403.242092,173.194.151.108,10.10.0.10,,,443,41505,0,1358,17
1589249403.243768,10.10.0.10,173.194.151.108,,,41505,443,0,37,17
1589249403.2900908,173.194.151.108,10.10.0.10,,,443,41505,0,1358,17
1589249403.338091,173.194.151.108,10.10.0.10,,,443,41505,0,1358,17
1589249403.3399868,10.10.0.10,173.194.151.108,,,41505,443,0,37,17
1589249403.3860898,173.194.151.108,10.10.0.10,,,443,41505,0,1358,17
1589249403.431138,10.10.0.10,173.194.151.108,,,41505,443,0,37,17
1589249403.4340851,173.194.151.108,10.10.0.10,,,443,41505,0,1358,17
1589249403.4639044,10.10.0.10,173.194.151.108,,,41505,443,0,37,17
1589249403.482092,173.194.151.108,10.10.0.10,,,443,41505,0,1358,17
1589249403.53009,173.194.151.108,10.10.0.10,,,443,41505,0,1358,17
1589249403.5318859,10.10.0.10,173.194.151.108,,,41505,443,0,37,17
1589249403.578092,173.194.151.108,10.10.0.10,,,443,41505,0,1358,17
1589249403.6260881,173.194.151.108,10.10.0.10,,,443,41505,0,1358,17
1589249403.627857,10.10.0.10,173.194.151.108,,,41505,443,0,37,17
1589249403.6740954,173.194.151.108,10.10.0.10,,,443,41505,0,1358,17
1589249403.7220922,173.194.151.108,10.10.0.10,,,443,41505,0,1358,17
1589249403.7238932,10.10.0.10,173.194.151.108,,,41505,443,0,37,17
1589249403.7700908,173.194.151.108,10.10.0.10,,,443,41505,0,1358,17
1589249403.81809,173.194.151.108,10.10.0.10,,,443,41505,0,29,17
1589249403.8198788,10.10.0.10,173.194.151.108,,,41505,443,0,37,17
1589249403.820258,173.194.151.108,10.10.0.10,,,443,41505,0,1358,17
1589249403.868258,173.194.151.108,10.10.0.10,,,443,41505,0,1358,17
1589249403.8698974,10.10.0.10,173.194.151.108,,,41505,443,0,37,17
1589249403.916264,173.194.151.108,10.10.0.10,,,443,41505,0,1358,17
1589249403.958748,10.10.0.10,173.194.151.108,,,41505,443,0,37,17
1589249403.9642632,173.194.151.108,10.10.0.10,,,443,41505,0,1358,17
1589249404.008239,10.10.0.10,173.194.151.108,,,41505,443,0,37,17
1589249404.012264,173.194.151.108,10.10.0.10,,,443,41505,0,1358,17
1589249404.0602634,173.194.151.108,10.10.0.10,,,443,41505,0,1358,17
1589249404.061861,10.10.0.10,173.194.151.108,,,41505,443,0,37,17
1589249404.1082618,173.194.151.108,10.10.0.10,,,443,41505,0,1358,17
1589249404.151609,10.10.0.10,173.194.151.108,,,41505,443,0,37,17
1589249404.156286,173.194.151.108,10.10.0.10,,,443,41505,0,1358,17
1589249404.2018569,10.10.0.10,173.194.151.108,,,41505,443,0,37,17
1589249404.2042859,173.194.151.108,10.10.0.10,,,443,41505,0,1358,17
1589249404.252263,173.194.151.108,10.10.0.10,,,443,41505,0,1358,17
1589249404.254738,10.10.0.10,173.194.151.108,,,41505,443,0,37,17
1589249404.300284,173.194.151.108,10.10.0.10,,,443,41505,0,1358,17
1589249404.349719,173.194.151.108,10.10.0.10,,,443,41505,0,1358,17
1589249404.3521106,10.10.0.10,173.194.151.108,,,41505,443,0,50,17
1589249404.397723,173.194.151.108,10.10.0.10,,,443,41505,0,1358,17
1589249404.430259,10.10.0.10,173.194.151.108,,,41505,443,0,37,17
1589249404.44572,173.194.151.108,10.10.0.10,,,443,41505,0,1358,17
1589249404.4935038,10.10.0.10,173.194.151.108,,,41505,443,0,37,17
1589249404.493706,173.194.151.108,10.10.0.10,,,443,41505,0,1358,17
1589249404.541713,173.194.151.108,10.10.0.10,,,443,41505,0,1358,17
1589249404.5435002,10.10.0.10,173.194.151.108,,,41505,443,0,37,17
1589249404.5897124,173.194.151.108,10.10.0.10,,,443,41505,0,1358,17
1589249404.611607,10.10.0.10,173.194.151.108,,,41505,443,0,729,17
1589249404.611634,10.10.0.10,173.194.151.108,,,41505,443,0,48,17
1589249404.6377132,173.194.151.108,10.10.0.10,,,443,41505,0,1358,17
1589249404.685719,173.194.151.108,10.10.0.10,,,443,41505,0,1358,17
1589249404.685735,10.10.0.10,173.194.151.108,,,41505,443,0,37,17
1589249404.7296221,10.10.0.10,173.194.151.108,,,41505,443,0,37,17
1589249404.733714,173.194.151.108,10.10.0.10,,,443,41505,0,1358,17
1589249404.781713,173.194.151.108,10.10.0.10,,,443,41505,0,29,17
1589249404.7830946,10.10.0.10,173.194.151.108,,,41505,443,0,37,17
1589249404.7838788,173.194.151.108,10.10.0.10,,,443,41505,0,1358,17
1589249404.8318946,173.194.151.108,10.10.0.10,,,443,41505,0,1358,17
1589249404.8335679,10.10.0.10,173.194.151.108,,,41505,443,0,37,17
1589249404.879894,173.194.151.108,10.10.0.10,,,443,41505,0,1358,17
1589249404.9278939,173.194.151.108,10.10.0.10,,,443,41505,0,1358,17
1589249404.929595,10.10.0.10,173.194.151.108,,,41505,443,0,37,17
1589249404.9758918,173.194.151.108,10.10.0.10,,,443,41505,0,1358,17
1589249405.019614,10.10.0.10,173.194.151.108,,,41505,443,0,37,17
1589249405.023888,173.194.151.108,10.10.0.10,,,443,41505,0,29,17
1589249405.026056,173.194.151.108,10.10.0.10,,,443,41505,0,1358,17
1589249405.0740714,173.194.151.108,10.10.0.10,,,443,41505,0,1358,17
1589249405.074218,10.10.0.10,173.194.151.108,,,41505,443,0,37,17
1589249405.122071,173.194.151.108,10.10.0.10,,,443,41505,0,1358,17
1589249405.12384,10.10.0.10,173.194.151.108,,,41505,443,0,37,17
1589249405.1700704,173.194.151.108,10.10.0.10,,,443,41505,0,1358,17
1589249405.214609,10.10.0.10,173.194.151.108,,,41505,443,0,37,17
1589249405.218068,173.194.151.108,10.10.0.10,,,443,41505,0,1358,17
1589249405.25548,10.10.0.10,173.194.151.108,,,41505,443,0,37,17
1589249405.2660675,173.194.151.108,10.10.0.10,,,443,41505,0,1358,17
1589249405.307105,10.10.0.10,173.194.151.108,,,41505,443,0,37,17
1589249405.314065,173.194.151.108,10.10.0.10,,,443,41505,0,1358,17
1589249405.362067,173.194.151.108,10.10.0.10,,,443,41505,0,1358,17
1589249405.3639572,10.10.0.10,173.194.151.108,,,41505,443,0,37,17
1589249405.410063,173.194.151.108,10.10.0.10,,,443,41505,0,1358,17
1589249405.446478,10.10.0.10,173.194.151.108,,,41505,443,0,37,17
1589249405.4580624,173.194.151.108,10.10.0.10,,,443,41505,0,1358,17
1589249405.5060608,173.194.151.108,10.10.0.10,,,443,41505,0,1358,17
1589249405.5078292,10.10.0.10,173.194.151.108,,,41505,443,0,37,17
1589249405.5540614,173.194.151.108,10.10.0.10,,,443,41505,0,1358,17
1589249405.59835,10.10.0.10,173.194.151.108,,,41505,443,0,37,17
1589249405.602059,173.194.151.108,10.10.0.10,,,443,41505,0,1358,17
1589249405.648352,10.10.0.10,173.194.151.108,,,41505,443,0,37,17
1589249405.6500552,173.194.151.108,10.10.0.10,,,443,41505,0,1358,17
1589249405.698057,173.194.151.108,10.10.0.10,,,443,41505,0,1358,17
1589249405.699568,10.10.0.10,173.194.151.108,,,41505,443,0,37,17
1589249405.7460544,173.194.151.108,10.10.0.10,,,443,41505,0,1358,17
1589249405.7921958,10.10.0.10,173.194.151.108,,,41505,443,0,37,17
1589249405.794055,173.194.151.108,10.10.0.10,,,443,41505,0,1358,17
1589249405.842061,173.194.151.108,10.10.0.10,,,443,41505,0,1358,17
1589249405.8438401,10.10.0.10,173.194.151.108,,,41505,443,0,37,17
1589249405.890059,173.194.151.108,10.10.0.10,,,443,41505,0,1358,17
1589249405.938056,173.194.151.108,10.10.0.10,,,443,41505,0,1358,17
1589249405.939574,10.10.0.10,173.194.151.108,,,41505,443,0,50,17
1589249405.986056,173.194.151.108,10.10.0.10,,,443,41505,0,1358,17
1589249406.033333,10.10.0.10,173.194.151.108,,,41505,443,0,37,17
1589249406.034051,173.194.151.108,10.10.0.10,,,443,41505,0,1358,17
1589249406.0654366,10.10.0.10,173.194.151.108,,,41505,443,0,37,17
1589249406.082057,173.194.151.108,10.10.0.10,,,443,41505,0,1358,17
1589249406.1297061,10.10.0.10,173.194.151.108,,,41505,443,0,37,17
1589249406.1300519,173.194.151.108,10.10.0.10,,,443,41505,0,1358,17
1589249406.173578,10.10.0.10,173.194.151.108,,,41505,443,0,37,17
1589249406.1780539,173.194.151.108,10.10.0.10,,,443,41505,0,1358,17
1589249406.226057,173.194.151.108,10.10.0.10,,,443,41505,0,1358,17
1589249406.227806,10.10.0.10,173.194.151.108,,,41505,443,0,37,17
1589249406.274056,173.194.151.108,10.10.0.10,,,443,41505,0,1358,17
1589249406.3185742,10.10.0.10,173.194.151.108,,,41505,443,0,37,17
1589249406.3220599,173.194.151.108,10.10.0.10,,,443,41505,0,29,17
1589249406.324229,173.194.151.108,10.10.0.10,,,443,41505,0,1358,17
1589249406.354824,10.10.0.10,173.194.151.108,,,41505,443,0,37,17
1589249406.3722339,173.194.151.108,10.10.0.10,,,443,41505,0,1358,17
1589249406.4202292,173.194.151.108,10.10.0.10,,,443,41505,0,1358,17
1589249406.4220731,10.10.0.10,173.194.151.108,,,41505,443,0,37,17
1589249406.468223,173.194.151.108,10.10.0.10,,,443,41505,0,1358,17
1589249406.5162275,173.194.151.108,10.10.0.10,,,443,41505,0,1358,17
1589249406.5177982,10.10.0.10,173.194.151.108,,,41505,443,0,37,17
1589249406.564226,173.194.151.108,10.10.0.10,,,443,41505,0,1358,17
1589249406.6084428,10.10.0.10,173.194.151.108,,,41505,443,0,37,17
1589249406.612226,173.194.151.108,10.10.0.10,,,443,41505,0,1358,17
1589249406.658297,10.10.0.10,173.194.151.108,,,41505,443,0,37,17
1589249406.6602268,173.194.151.108,10.10.0.10,,,443,41505,0,1358,17
1589249406.6900249,10.10.0.10,173.194.151.108,,,41505,443,0,37,17
1589249406.708224,173.194.151.108,10.10.0.10,,,443,41505,0,1358,17
1589249406.756231,173.194.151.108,10.10.0.10,,,443,41505,0,1358,17
1589249406.7578132,10.10.0.10,173.194.151.108,,,41505,443,0,37,17
1589249406.804229,173.194.151.108,10.10.0.10,,,443,41505,0,1358,17
1589249406.8522232,173.194.151.108,10.10.0.10,,,443,41505,0,1358,17
1589249406.8541641,10.10.0.10,173.194.151.108,,,41505,443,0,37,17
1589249406.9002302,173.194.151.108,10.10.0.10,,,443,41505,0,1358,17
1589249406.94823,173.194.151.108,10.10.0.10,,,443,41505,0,1358,17
1589249406.949783,10.10.0.10,173.194.151.108,,,41505,443,0,37,17
1589249406.9962294,173.194.151.108,10.10.0.10,,,443,41505,0,1358,17
1589249407.0388026,10.10.0.10,173.194.151.108,,,41505,443,0,37,17
1589249407.0442278,173.194.151.108,10.10.0.10,,,443,41505,0,1358,17
1589249407.092231,173.194.151.108,10.10.0.10,,,443,41505,0,1358,17
1589249407.0939279,10.10.0.10,173.194.151.108,,,41505,443,0,37,17
1589249407.1402292,173.194.151.108,10.10.0.10,,,443,41505,0,1358,17
1589249407.1865478,10.10.0.10,173.194.151.108,,,41505,443,0,37,17
1589249407.1882231,173.194.151.108,10.10.0.10,,,443,41505,0,1358,17
1589249407.236232,173.194.151.108,10.10.0.10,,,443,41505,0,1358,17
1589249407.2379026,10.10.0.10,173.194.151.108,,,41505,443,0,37,17
1589249407.28423,173.194.151.108,10.10.0.10,,,443,41505,0,1358,17
1589249407.326017,10.10.0.10,173.194.151.108,,,41505,443,0,50,17
1589249407.332228,173.194.151.108,10.10.0.10,,,443,41505,0,1358,17
1589249407.3802292,173.194.151.108,10.10.0.10,,,443,41505,0,1358,17
1589249407.382246,10.10.0.10,173.194.151.108,,,41505,443,0,37,17
1589249407.42823,173.194.151.108,10.10.0.10,,,443,41505,0,1358,17
1589249407.4762268,173.194.151.108,10.10.0.10,,,443,41505,0,1358,17
1589249407.478414,10.10.0.10,173.194.151.108,,,41505,443,0,37,17
1589249407.52423,173.194.151.108,10.10.0.10,,,443,41505,0,1358,17
1589249407.565795,10.10.0.10,173.194.151.108,,,41505,443,0,37,17
1589249407.572241,173.194.151.108,10.10.0.10,,,443,41505,0,1358,17
1589249407.620225,173.194.151.108,10.10.0.10,,,443,41505,0,1358,17
1589249407.621993,10.10.0.10,173.194.151.108,,,41505,443,0,37,17
1589249407.668225,173.194.151.108,10.10.0.10,,,443,41505,0,1358,17
1589249407.7162259,173.194.151.108,10.10.0.10,,,443,41505,0,29,17
1589249407.717638,10.10.0.10,173.194.151.108,,,41505,443,0,37,17
1589249407.718401,173.194.151.108,10.10.0.10,,,443,41505,0,1358,17
1589249407.762534,10.10.0.10,173.194.151.108,,,41505,443,0,37,17
1589249407.766402,173.194.151.108,10.10.0.10,,,443,41505,0,1358,17
1589249407.8144,173.194.151.108,10.10.0.10,,,443,41505,0,1358,17
1589249407.816031,10.10.0.10,173.194.151.108,,,41505,443,0,37,17
1589249407.862402,173.194.151.108,10.10.0.10,,,443,41505,0,1358,17
1589249407.905905,10.10.0.10,173.194.151.108,,,41505,443,0,37,17
1589249407.9104018,173.194.151.108,10.10.0.10,,,443,41505,0,1358,17
1589249407.958402,173.194.151.108,10.10.0.10,,,443,41505,0,1358,17
1589249407.959878,10.10.0.10,173.194.151.108,,,41505,443,0,37,17
1589249407.9770222,173.194.151.108,10.10.0.10,,,443,41505,0,1358,17
1589249407.995646,173.194.151.108,10.10.0.10,,,443,41505,0,1358,17
1589249407.9975214,10.10.0.10,173.194.151.108,,,41505,443,0,37,17
1589249408.014271,173.194.151.108,10.10.0.10,,,443,41505,0,1358,17
1589249408.0328922,173.194.151.108,10.10.0.10,,,443,41505,0,1358,17
1589249408.034631,10.10.0.10,173.194.151.108,,,41505,443,0,37,17
1589249408.0515132,173.194.151.108,10.10.0.10,,,443,41505,0,1358,17
1589249408.0701358,173.194.151.108,10.10.0.10,,,443,41505,0,1358,17
1589249408.0719712,10.10.0.10,173.194.151.108,,,41505,443,0,37,17
1589249408.0887554,173.194.151.108,10.10.0.10,,,443,41505,0,1358,17
1589249408.107377,173.194.151.108,10.10.0.10,,,443,41505,0,1358,17
1589249408.108878,10.10.0.10,173.194.151.108,,,41505,443,0,37,17
1589249408.125999,173.194.151.108,10.10.0.10,,,443,41505,0,1358,17
1589249408.1446302,173.194.151.108,10.10.0.10,,,443,41505,0,1358,17
1589249408.14627,10.10.0.10,173.194.151.108,,,41505,443,0,37,17
1589249408.163247,173.194.151.108,10.10.0.10,,,443,41505,0,1358,17
1589249408.181866,173.194.151.108,10.10.0.10,,,443,41505,0,1358,17
1589249408.18377,10.10.0.10,173.194.151.108,,,41505,443,0,37,17
1589249408.200489,173.194.151.108,10.10.0.10,,,443,41505,0,1358,17
1589249408.219111,173.194.151.108,10.10.0.10,,,443,41505,0,1358,17
1589249408.220769,10.10.0.10,173.194.151.108,,,41505,443,0,37,17
1589249408.237731,173.194.151.108,10.10.0.10,,,443,41505,0,1358,17
1589249408.2563558,173.194.151.108,10.10.0.10,,,443,41505,0,1358,17
1589249408.258142,10.10.0.10,173.194.151.108,,,41505,443,0,37,17
1589249408.274986,173.194.151.108,10.10.0.10,,,443,41505,0,1358,17
1589249408.293607,173.194.151.108,10.10.0.10,,,443,41505,0,1358,17
1589249408.2975268,10.10.0.10,173.194.151.108,,,41505,443,0,37,17
1589249408.31223,173.194.151.108,10.10.0.10,,,443,41505,0,1358,17
1589249408.3308532,173.194.151.108,10.10.0.10,,,443,41505,0,1358,17
1589249408.3324974,10.10.0.10,173.194.151.108,,,41505,443,0,37,17
1589249408.349477,173.194.151.108,10.10.0.10,,,443,41505,0,1358,17
1589249408.3681,173.194.151.108,10.10.0.10,,,443,41505,0,1358,17
1589249408.369744,10.10.0.10,173.194.151.108,,,41505,443,0,50,17
1589249408.3867118,173.194.151.108,10.10.0.10,,,443,41505,0,1358,17
1589249408.4053302,173.194.151.108,10.10.0.10,,,443,41505,0,1358,17
1589249408.4068675,10.10.0.10,173.194.151.108,,,41505,443,0,37,17
1589249408.4239528,173.194.151.108,10.10.0.10,,,443,41505,0,1358,17
1589249408.442574,173.194.151.108,10.10.0.10,,,443,41505,0,1358,17
1589249408.4462588,10.10.0.10,173.194.151.108,,,41505,443,0,37,17
1589249408.4611962,173.194.151.108,10.10.0.10,,,443,41505,0,1358,17
1589249408.4798188,173.194.151.108,10.10.0.10,,,443,41505,0,1358,17
1589249408.483382,10.10.0.10,173.194.151.108,,,41505,443,0,37,17
1589249408.498442,173.194.151.108,10.10.0.10,,,443,41505,0,1358,17
1589249408.5170634,173.194.151.108,10.10.0.10,,,443,41505,0,1358,17
1589249408.518841,10.10.0.10,173.194.151.108,,,41505,443,0,37,17
1589249408.5356839,173.194.151.108,10.10.0.10,,,443,41505,0,1358,17
1589249408.554306,173.194.151.108,10.10.0.10,,,443,41505,0,1358,17
1589249408.556117,10.10.0.10,173.194.151.108,,,41505,443,0,37,17
1589249408.572929,173.194.151.108,10.10.0.10,,,443,41505,0,1358,17
1589249408.59155,173.194.151.108,10.10.0.10,,,443,41505,0,1358,17
1589249408.5937412,10.10.0.10,173.194.151.108,,,41505,443,0,37,17
1589249408.610176,173.194.151.108,10.10.0.10,,,443,41505,0,1358,17
1589249408.6287901,173.194.151.108,10.10.0.10,,,443,41505,0,1358,17
1589249408.6305082,10.10.0.10,173.194.151.108,,,41505,443,0,37,17
1589249408.647415,173.194.151.108,10.10.0.10,,,443,41505,0,1358,17
1589249408.666039,173.194.151.108,10.10.0.10,,,443,41505,0,1358,17
1589249408.668508,10.10.0.10,173.194.151.108,,,41505,443,0,37,17
1589249408.68466,173.194.151.108,10.10.0.10,,,443,41505,0,1358,17
1589249408.7032812,173.194.151.108,10.10.0.10,,,443,41505,0,1358,17
1589249408.706076,10.10.0.10,173.194.151.108,,,41505,443,0,37,17
1589249408.7219028,173.194.151.108,10.10.0.10,,,443,41505,0,1358,17
1589249408.740526,173.194.151.108,10.10.0.10,,,443,41505,0,1358,17
1589249408.74211,10.10.0.10,173.194.151.108,,,41505,443,0,37,17
1589249408.7613866,173.194.151.108,10.10.0.10,,,443,41505,0,1358,17
1589249408.7800052,173.194.151.108,10.10.0.10,,,443,41505,0,1358,17
1589249408.781754,10.10.0.10,173.194.151.108,,,41505,443,0,37,17
1589249408.7986279,173.194.151.108,10.10.0.10,,,443,41505,0,1358,17
1589249408.817249,173.194.151.108,10.10.0.10,,,443,41505,0,1358,17
1589249408.8189812,10.10.0.10,173.194.151.108,,,41505,443,0,37,17
1589249408.83588,173.194.151.108,10.10.0.10,,,443,41505,0,1358,17
1589249408.8544939,173.194.151.108,10.10.0.10,,,443,41505,0,1358,17
1589249408.8562508,10.10.0.10,173.194.151.108,,,41505,443,0,37,17
1589249408.8731172,173.194.151.108,10.10.0.10,,,443,41505,0,1358,17
1589249408.8917382,173.194.151.108,10.10.0.10,,,443,41505,0,1358,17
1589249408.893498,10.10.0.10,173.194.151.108,,,41505,443,0,37,17
1589249408.9103599,173.194.151.108,10.10.0.10,,,443,41505,0,1358,17
1589249408.928983,173.194.151.108,10.10.0.10,,,443,41505,0,1358,17
1589249408.930728,10.10.0.10,173.194.151.108,,,41505,443,0,37,17
1589249408.9476054,173.194.151.108,10.10.0.10,,,443,41505,0,1358,17
1589249408.966225,173.194.151.108,10.10.0.10,,,443,41505,0,1358,17
1589249408.967734,10.10.0.10,173.194.151.108,,,41505,443,0,37,17
1589249408.984849,173.194.151.108,10.10.0.10,,,443,41505,0,1358,17
1589249409.0034661,173.194.151.108,10.10.0.10,,,443,41505,0,1358,17
1589249409.005249,10.10.0.10,173.194.151.108,,,41505,443,0,37,17
1589249409.022089,173.194.151.108,10.10.0.10,,,443,41505,0,1358,17
1589249409.040711,173.194.151.108,10.10.0.10,,,443,41505,0,1358,17
1589249409.0424929,10.10.0.10,173.194.151.108,,,41505,443,0,37,17
1589249409.059336,173.194.151.108,10.10.0.10,,,443,41505,0,1358,17
1589249409.080208,173.194.151.108,10.10.0.10,,,443,41505,0,1358,17
1589249409.0822241,10.10.0.10,173.194.151.108,,,41505,443,0,37,17
1589249409.098831,173.194.151.108,10.10.0.10,,,443,41505,0,1358,17
1589249409.117456,173.194.151.108,10.10.0.10,,,443,41505,0,1358,17
1589249409.119119,10.10.0.10,173.194.151.108,,,41505,443,0,50,17
1589249409.136058,173.194.151.108,10.10.0.10,,,443,41505,0,1358,17
1589249409.1546829,173.194.151.108,10.10.0.10,,,443,41505,0,1358,17
1589249409.1639802,10.10.0.10,173.194.151.108,,,41505,443,0,730,17
1589249409.164005,10.10.0.10,173.194.151.108,,,41505,443,0,48,17
1589249409.1733036,173.194.151.108,10.10.0.10,,,443,41505,0,1358,17
1589249409.1749902,10.10.0.10,173.194.151.108,,,41505,443,0,37,17
1589249409.1919332,173.194.151.108,10.10.0.10,,,443,41505,0,1358,17
1589249409.2105482,173.194.151.108,10.10.0.10,,,443,41505,0,1358,17
1589249409.21224,10.10.0.10,173.194.151.108,,,41505,443,0,37,17
1589249409.2291732,173.194.151.108,10.10.0.10,,,443,41505,0,1358,17
1589249409.2477946,173.194.151.108,10.10.0.10,,,443,41505,0,1358,17
1589249409.2493439,10.10.0.10,173.194.151.108,,,41505,443,0,37,17
1589249409.2664132,173.194.151.108,10.10.0.10,,,443,41505,0,1358,17
1589249409.2850358,173.194.151.108,10.10.0.10,,,443,41505,0,1358,17
1589249409.286593,10.10.0.10,173.194.151.108,,,41505,443,0,37,17
1589249409.3036602,173.194.151.108,10.10.0.10,,,443,41505,0,1358,17
1589249409.3222802,173.194.151.108,10.10.0.10,,,443,41505,0,29,17
1589249409.323138,173.194.151.108,10.10.0.10,,,443,41505,0,1358,17
1589249409.3247359,10.10.0.10,173.194.151.108,,,41505,443,0,37,17
1589249409.341744,173.194.151.108,10.10.0.10,,,443,41505,0,1358,17
1589249409.360383,173.194.151.108,10.10.0.10,,,443,41505,0,1358,17
1589249409.363609,10.10.0.10,173.194.151.108,,,41505,443,0,37,17
1589249409.37901,173.194.151.108,10.10.0.10,,,443,41505,0,29,17
1589249409.382074,173.194.151.108,10.10.0.10,,,443,41505,0,1358,17
1589249409.3861141,10.10.0.10,173.194.151.108,,,41505,443,0,50,17
1589249409.400703,173.194.151.108,10.10.0.10,,,443,41505,0,1358,17
1589249409.419322,173.194.151.108,10.10.0.10,,,443,41505,0,1358,17
1589249409.4208198,10.10.0.10,173.194.151.108,,,41505,443,0,37,17
1589249409.4379456,173.194.151.108,10.10.0.10,,,443,41505,0,1358,17
1589249409.456569,173.194.151.108,10.10.0.10,,,443,41505,0,1358,17
1589249409.458104,10.10.0.10,173.194.151.108,,,41505,443,0,37,17
1589249409.475178,173.194.151.108,10.10.0.10,,,443,41505,0,1358,17
1589249409.493799,173.194.151.108,10.10.0.10,,,443,41505,0,1358,17
1589249409.4957304,10.10.0.10,173.194.151.108,,,41505,443,0,37,17
1589249409.512422,173.194.151.108,10.10.0.10,,,443,41505,0,1358,17
1589249409.5310452,173.194.151.108,10.10.0.10,,,443,41505,0,1358,17
1589249409.5327332,10.10.0.10,173.194.151.108,,,41505,443,0,37,17
1589249409.5496602,173.194.151.108,10.10.0.10,,,443,41505,0,1358,17
1589249409.5688498,173.194.151.108,10.10.0.10,,,443,41505,0,1358,17
1589249409.5705929,10.10.0.10,173.194.151.108,,,41505,443,0,37,17
1589249409.587467,173.194.151.108,10.10.0.10,,,443,41505,0,1358,17
1589249409.6060908,173.194.151.108,10.10.0.10,,,443,41505,0,29,17
1589249409.6069422,173.194.151.108,10.10.0.10,,,443,41505,0,1358,17
1589249409.608447,10.10.0.10,173.194.151.108,,,41505,443,0,37,17
1589249409.6255536,173.194.151.108,10.10.0.10,,,443,41505,0,1358,17
1589249409.644176,173.194.151.108,10.10.0.10,,,443,41505,0,1358,17
1589249409.645694,10.10.0.10,173.194.151.108,,,41505,443,0,37,17
1589249409.662815,173.194.151.108,10.10.0.10,,,443,41505,0,1358,17
1589249409.681442,173.194.151.108,10.10.0.10,,,443,41505,0,1358,17
1589249409.6834779,10.10.0.10,173.194.151.108,,,41505,443,0,37,17
1589249409.700042,173.194.151.108,10.10.0.10,,,443,41505,0,1358,17
1589249409.7186902,173.194.151.108,10.10.0.10,,,443,41505,0,1358,17
1589249409.720331,10.10.0.10,173.194.151.108,,,41505,443,0,37,17
1589249409.737292,173.194.151.108,10.10.0.10,,,443,41505,0,1358,17
1589249409.7559106,173.194.151.108,10.10.0.10,,,443,41505,0,1358,17
1589249409.7589571,10.10.0.10,173.194.151.108,,,41505,443,0,37,17
1589249409.7745318,173.194.151.108,10.10.0.10,,,443,41505,0,1358,17
1589249409.793157,173.194.151.108,10.10.0.10,,,443,41505,0,1358,17
1589249409.7946932,10.10.0.10,173.194.151.108,,,41505,443,0,37,17
1589249409.8117788,173.194.151.108,10.10.0.10,,,443,41505,0,1358,17
1589249409.8304029,173.194.151.108,10.10.0.10,,,443,41505,0,1358,17
1589249409.8335779,10.10.0.10,173.194.151.108,,,41505,443,0,37,17
1589249409.849025,173.194.151.108,10.10.0.10,,,443,41505,0,1358,17
1589249409.867646,173.194.151.108,10.10.0.10,,,443,41505,0,1358,17
1589249409.8693259,10.10.0.10,173.194.151.108,,,41505,443,0,37,17
1589249409.886267,173.194.151.108,10.10.0.10,,,443,41505,0,1358,17
1589249409.9048898,173.194.151.108,10.10.0.10,,,443,41505,0,1358,17
1589249409.913826,10.10.0.10,173.194.151.108,,,41505,443,0,37,17
1589249409.923512,173.194.151.108,10.10.0.10,,,443,41505,0,1358,17
1589249409.942134,173.194.151.108,10.10.0.10,,,443,41505,0,1358,17
1589249409.9436998,10.10.0.10,173.194.151.108,,,41505,443,0,37,17
1589249409.9607544,173.194.151.108,10.10.0.10,,,443,41505,0,1358,17
1589249409.979378,173.194.151.108,10.10.0.10,,,443,41505,0,1358,17
1589249409.9809475,10.10.0.10,173.194.151.108,,,41505,443,0,37,17
1589249409.997999,173.194.151.108,10.10.0.10,,,443,41505,0,1358,17
1589249410.016623,173.194.151.108,10.10.0.10,,,443,41505,0,1358,17
1589249410.018344,10.10.0.10,173.194.151.108,,,41505,443,0,37,17
1589249410.0352442,173.194.151.108,10.10.0.10,,,443,41505,0,1358,17
1589249410.053869,173.194.151.108,10.10.0.10,,,443,41505,0,1358,17
1589249410.055465,10.10.0.10,173.194.151.108,,,41505,443,0,37,17
1589249410.072493,173.194.151.108,10.10.0.10,,,443,41505,0,1358,17
1589249410.0911171,173.194.151.108,10.10.0.10,,,443,41505,0,1358,17
1589249410.0928428,10.10.0.10,173.194.151.108,,,41505,443,0,37,17
1589249410.1097422,173.194.151.108,10.10.0.10,,,443,41505,0,1358,17
1589249410.128349,173.194.151.108,10.10.0.10,,,443,41505,0,1358,17
1589249410.130092,10.10.0.10,173.194.151.108,,,41505,443,0,50,17
1589249410.1469884,173.194.151.108,10.10.0.10,,,443,41505,0,1358,17
1589249410.165615,173.194.151.108,10.10.0.10,,,443,41505,0,1358,17
1589249410.1672142,10.10.0.10,173.194.151.108,,,41505,443,0,37,17
1589249410.1842391,173.194.151.108,10.10.0.10,,,443,41505,0,1358,17
1589249410.2028642,173.194.151.108,10.10.0.10,,,443,41505,0,1358,17
1589249410.2044446,10.10.0.10,173.194.151.108,,,41505,443,0,37,17
1589249410.2214859,173.194.151.108,10.10.0.10,,,443,41505,0,1358,17
1589249410.2400858,173.194.151.108,10.10.0.10,,,443,41505,0,1358,17
1589249410.2434402,10.10.0.10,173.194.151.108,,,41505,443,0,37,17
1589249410.2587068,173.194.151.108,10.10.0.10,,,443,41505,0,1358,17
1589249410.2773304,173.194.151.108,10.10.0.10,,,443,41505,0,1358,17
1589249410.279584,10.10.0.10,173.194.151.108,,,41505,443,0,37,17
1589249410.2959552,173.194.151.108,10.10.0.10,,,443,41505,0,1358,17
1589249410.314574,173.194.151.108,10.10.0.10,,,443,41505,0,1358,17
1589249410.316188,10.10.0.10,173.194.151.108,,,41505,443,0,37,17
1589249410.333195,173.194.151.108,10.10.0.10,,,443,41505,0,1358,17
1589249410.3518212,173.194.151.108,10.10.0.10,,,443,41505,0,1358,17
1589249410.3536859,10.10.0.10,173.194.151.108,,,41505,443,0,37,17
1589249410.370442,173.194.151.108,10.10.0.10,,,443,41505,0,29,17
1589249410.371295,173.194.151.108,10.10.0.10,,,443,41505,0,1358,17
1589249410.38992,173.194.151.108,10.10.0.10,,,443,41505,0,1358,17
1589249410.391561,10.10.0.10,173.194.151.108,,,41505,443,0,37,17
1589249410.4085429,173.194.151.108,10.10.0.10,,,443,41505,0,1358,17
1589249410.427149,173.194.151.108,10.10.0.10,,,443,41505,0,1358,17
1589249410.443088,10.10.0.10,173.194.151.108,,,41505,443,0,37,17
1589249410.4457722,173.194.151.108,10.10.0.10,,,443,41505,0,1358,17
1589249410.464401,173.194.151.108,10.10.0.10,,,443,41505,0,1358,17
1589249410.4660866,10.10.0.10,173.194.151.108,,,41505,443,0,37,17
1589249410.483015,173.194.151.108,10.10.0.10,,,443,41505,0,1358,17
1589249410.5016382,173.194.151.108,10.10.0.10,,,443,41505,0,1358,17
1589249410.503458,10.10.0.10,173.194.151.108,,,41505,443,0,37,17
1589249410.5202599,173.194.151.108,10.10.0.10,,,443,41505,0,1358,17
1589249410.538884,173.194.151.108,10.10.0.10,,,443,41505,0,1358,17
1589249410.5407019,10.10.0.10,173.194.151.108,,,41505,443,0,37,17
1589249410.5575054,173.194.151.108,10.10.0.10,,,443,41505,0,1358,17
1589249410.576128,173.194.151.108,10.10.0.10,,,443,41505,0,1358,17
1589249410.577806,10.10.0.10,173.194.151.108,,,41505,443,0,37,17
1589249410.5947485,173.194.151.108,10.10.0.10,,,443,41505,0,1358,17
1589249410.613367,173.194.151.108,10.10.0.10,,,443,41505,0,1358,17
1589249410.6152818,10.10.0.10,173.194.151.108,,,41505,443,0,37,17
1589249410.6319866,173.194.151.108,10.10.0.10,,,443,41505,0,1358,17
1589249410.650614,173.194.151.108,10.10.0.10,,,443,41505,0,1358,17
1589249410.652672,10.10.0.10,173.194.151.108,,,41505,443,0,37,17
1589249410.669234,173.194.151.108,10.10.0.10,,,443,41505,0,1358,17
1589249410.687855,173.194.151.108,10.10.0.10,,,443,41505,0,1358,17
1589249410.6904428,10.10.0.10,173.194.151.108,,,41505,443,0,37,17
1589249410.7064831,173.194.151.108,10.10.0.10,,,443,41505,0,1358,17
1589249410.72511,173.194.151.108,10.10.0.10,,,443,41505,0,1358,17
1589249410.7266989,10.10.0.10,173.194.151.108,,,41505,443,0,37,17
1589249410.743721,173.194.151.108,10.10.0.10,,,443,41505,0,1358,17
1589249410.76235,173.194.151.108,10.10.0.10,,,443,41505,0,1358,17
1589249410.7640612,10.10.0.10,173.194.151.108,,,41505,443,0,37,17
1589249410.780974,173.194.151.108,10.10.0.10,,,443,41505,0,1358,17
1589249410.799601,173.194.151.108,10.10.0.10,,,443,41505,0,1358,17
1589249410.801169,10.10.0.10,173.194.151.108,,,41505,443,0,37,17
1589249410.81821,173.194.151.108,10.10.0.10,,,443,41505,0,1358,17
1589249410.836846,173.194.151.108,10.10.0.10,,,443,41505,0,1358,17
1589249410.8384442,10.10.0.10,173.194.151.108,,,41505,443,0,37,17
1589249410.855474,173.194.151.108,10.10.0.10,,,443,41505,0,1358,17
1589249410.874092,173.194.151.108,10.10.0.10,,,443,41505,0,1358,17
1589249410.875797,10.10.0.10,173.194.151.108,,,41505,443,0,50,17
1589249410.89272,173.194.151.108,10.10.0.10,,,443,41505,0,1358,17
1589249410.911319,173.194.151.108,10.10.0.10,,,443,41505,0,1358,17
1589249410.9143028,10.10.0.10,173.194.151.108,,,41505,443,0,37,17
1589249410.929966,173.194.151.108,10.10.0.10,,,443,41505,0,1358,17
1589249410.94859,173.194.151.108,10.10.0.10,,,443,41505,0,1358,17
1589249410.950037,10.10.0.10,173.194.151.108,,,41505,443,0,37,17
1589249410.9671881,173.194.151.108,10.10.0.10,,,443,41505,0,1358,17
1589249410.985812,173.194.151.108,10.10.0.10,,,443,41505,0,1358,17
1589249410.987391,10.10.0.10,173.194.151.108,,,41505,443,0,37,17
1589249411.00443,173.194.151.108,10.10.0.10,,,443,41505,0,29,17
1589249411.0052779,173.194.151.108,10.10.0.10,,,443,41505,0,1358,17
1589249411.0238981,173.194.151.108,10.10.0.10,,,443,41505,0,1358,17
1589249411.0254366,10.10.0.10,173.194.151.108,,,41505,443,0,37,17
1589249411.0425198,173.194.151.108,10.10.0.10,,,443,41505,0,1358,17
1589249411.06115,173.194.151.108,10.10.0.10,,,443,41505,0,1358,17
1589249411.0629082,10.10.0.10,173.194.151.108,,,41505,443,0,37,17
1589249411.079775,173.194.151.108,10.10.0.10,,,443,41505,0,1358,17
1589249411.098398,173.194.151.108,10.10.0.10,,,443,41505,0,1358,17
1589249411.10083,10.10.0.10,173.194.151.108,,,41505,443,0,37,17
1589249411.117024,173.194.151.108,10.10.0.10,,,443,41505,0,1358,17
1589249411.1356454,173.194.151.108,10.10.0.10,,,443,41505,0,1358,17
1589249411.137435,10.10.0.10,173.194.151.108,,,41505,443,0,37,17
1589249411.1542542,173.194.151.108,10.10.0.10,,,443,41505,0,1358,17
1589249411.172876,173.194.151.108,10.10.0.10,,,443,41505,0,1358,17
1589249411.1745539,10.10.0.10,173.194.151.108,,,41505,443,0,37,17
1589249411.1914961,173.194.151.108,10.10.0.10,,,443,41505,0,1358,17
1589249411.210122,173.194.151.108,10.10.0.10,,,443,41505,0,1358,17
1589249411.2116542,10.10.0.10,173.194.151.108,,,41505,443,0,37,17
1589249411.228742,173.194.151.108,10.10.0.10,,,443,41505,0,1358,17
1589249411.2473636,173.194.151.108,10.10.0.10,,,443,41505,0,1358,17
1589249411.24932,10.10.0.10,173.194.151.108,,,41505,443,0,37,17
1589249411.265985,173.194.151.108,10.10.0.10,,,443,41505,0,1358,17
1589249411.2846081,173.194.151.108,10.10.0.10,,,443,41505,0,1358,17
1589249411.286278,10.10.0.10,173.194.151.108,,,41505,443,0,37,17
1589249411.30323,173.194.151.108,10.10.0.10,,,443,41505,0,1358,17
1589249411.3218508,173.194.151.108,10.10.0.10,,,443,41505,0,1358,17
1589249411.323534,10.10.0.10,173.194.151.108,,,41505,443,0,37,17
1589249411.3404748,173.194.151.108,10.10.0.10,,,443,41505,0,1358,17
1589249411.359094,173.194.151.108,10.10.0.10,,,443,41505,0,1358,17
1589249411.362775,10.10.0.10,173.194.151.108,,,41505,443,0,37,17
1589249411.377717,173.194.151.108,10.10.0.10,,,443,41505,0,1358,17
1589249411.396337,173.194.151.108,10.10.0.10,,,443,41505,0,1358,17
1589249411.398033,10.10.0.10,173.194.151.108,,,41505,443,0,37,17
1589249411.4149628,173.194.151.108,10.10.0.10,,,443,41505,0,1358,17
1589249411.433585,173.194.151.108,10.10.0.10,,,443,41505,0,1358,17
1589249411.435426,10.10.0.10,173.194.151.108,,,41505,443,0,37,17
1589249411.452209,173.194.151.108,10.10.0.10,,,443,41505,0,1358,17
1589249411.470829,173.194.151.108,10.10.0.10,,,443,41505,0,1358,17
1589249411.4727821,10.10.0.10,173.194.151.108,,,41505,443,0,37,17
1589249411.489455,173.194.151.108,10.10.0.10,,,443,41505,0,1358,17
1589249411.5080788,173.194.151.108,10.10.0.10,,,443,41505,0,1358,17
1589249411.511048,10.10.0.10,173.194.151.108,,,41505,443,0,37,17
1589249411.5267036,173.194.151.108,10.10.0.10,,,443,41505,0,1358,17
1589249411.545325,173.194.151.108,10.10.0.10,,,443,41505,0,1358,17
1589249411.5470188,10.10.0.10,173.194.151.108,,,41505,443,0,37,17
1589249411.563953,173.194.151.108,10.10.0.10,,,443,41505,0,1358,17
1589249411.5825741,173.194.151.108,10.10.0.10,,,443,41505,0,1358,17
1589249411.5842755,10.10.0.10,173.194.151.108,,,41505,443,0,37,17
1589249411.601197,173.194.151.108,10.10.0.10,,,443,41505,0,1358,17
1589249411.619825,173.194.151.108,10.10.0.10,,,443,41505,0,1358,17
1589249411.633168,10.10.0.10,173.194.151.108,,,41505,443,0,50,17
1589249411.6384444,173.194.151.108,10.10.0.10,,,443,41505,0,1358,17
1589249411.657071,173.194.151.108,10.10.0.10,,,443,41505,0,1358,17
1589249411.660276,10.10.0.10,173.194.151.108,,,41505,443,0,37,17
1589249411.675694,173.194.151.108,10.10.0.10,,,443,41505,0,1358,17
1589249411.694289,173.194.151.108,10.10.0.10,,,443,41505,0,1358,17
1589249411.707044,10.10.0.10,173.194.151.108,,,41505,443,0,37,17
1589249411.7129116,173.194.151.108,10.10.0.10,,,443,41505,0,1358,17
1589249411.7315376,173.194.151.108,10.10.0.10,,,443,41505,0,1358,17
1589249411.7332802,10.10.0.10,173.194.151.108,,,41505,443,0,37,17
1589249411.7501652,173.194.151.108,10.10.0.10,,,443,41505,0,29,17
1589249411.7510052,173.194.151.108,10.10.0.10,,,443,41505,0,1358,17
1589249411.769629,173.194.151.108,10.10.0.10,,,443,41505,0,1358,17
1589249411.7714,10.10.0.10,173.194.151.108,,,41505,443,0,37,17
1589249411.7882452,173.194.151.108,10.10.0.10,,,443,41505,0,1358,17
1589249411.8068779,173.194.151.108,10.10.0.10,,,443,41505,0,1358,17
1589249411.8085198,10.10.0.10,173.194.151.108,,,41505,443,0,37,17
1589249411.8254864,173.194.151.108,10.10.0.10,,,443,41505,0,1358,17
1589249411.844128,173.194.151.108,10.10.0.10,,,443,41505,0,1358,17
1589249411.846296,10.10.0.10,173.194.151.108,,,41505,443,0,37,17
1589249411.862749,173.194.151.108,10.10.0.10,,,443,41505,0,1358,17
1589249411.881358,173.194.151.108,10.10.0.10,,,443,41505,0,1358,17
1589249411.8839881,10.10.0.10,173.194.151.108,,,41505,443,0,37,17
1589249411.899978,173.194.151.108,10.10.0.10,,,443,41505,0,1358,17
1589249411.918602,173.194.151.108,10.10.0.10,,,443,41505,0,1358,17
1589249411.922038,10.10.0.10,173.194.151.108,,,41505,443,0,37,17
1589249411.937223,173.194.151.108,10.10.0.10,,,443,41505,0,1358,17
1589249411.955846,173.194.151.108,10.10.0.10,,,443,41505,0,1358,17
1589249411.9573832,10.10.0.10,173.194.151.108,,,41505,443,0,37,17
1589249411.9744678,173.194.151.108,10.10.0.10,,,443,41505,0,1358,17
1589249411.9930918,173.194.151.108,10.10.0.10,,,443,41505,0,1358,17
1589249411.99489,10.10.0.10,173.194.151.108,,,41505,443,0,37,17
1589249412.0117118,173.194.151.108,10.10.0.10,,,443,41505,0,1358,17
1589249412.030335,173.194.151.108,10.10.0.10,,,443,41505,0,1358,17
1589249412.0325172,10.10.0.10,173.194.151.108,,,41505,443,0,37,17
1589249412.048957,173.194.151.108,10.10.0.10,,,443,41505,0,1358,17
1589249412.0675778,173.194.151.108,10.10.0.10,,,443,41505,0,1358,17
1589249412.0691571,10.10.0.10,173.194.151.108,,,41505,443,0,37,17
1589249412.0862,173.194.151.108,10.10.0.10,,,443,41505,0,1358,17
1589249412.104823,173.194.151.108,10.10.0.10,,,443,41505,0,1358,17
1589249412.106281,10.10.0.10,173.194.151.108,,,41505,443,0,37,17
1589249412.1234438,173.194.151.108,10.10.0.10,,,443,41505,0,1358,17
1589249412.1420612,173.194.151.108,10.10.0.10,,,443,41505,0,1358,17
1589249412.1436355,10.10.0.10,173.194.151.108,,,41505,443,0,37,17
1589249412.1606884,173.194.151.108,10.10.0.10,,,443,41505,0,1358,17
1589249412.1793141,173.194.151.108,10.10.0.10,,,443,41505,0,1358,17
1589249412.181009,10.10.0.10,173.194.151.108,,,41505,443,0,37,17
1589249412.1979322,173.194.151.108,10.10.0.10,,,443,41505,0,1358,17
1589249412.216558,173.194.151.108,10.10.0.10,,,443,41505,0,1358,17
1589249412.218287,10.10.0.10,173.194.151.108,,,41505,443,0,37,17
1589249412.235179,173.194.151.108,10.10.0.10,,,443,41505,0,1358,17
1589249412.253808,173.194.151.108,10.10.0.10,,,443,41505,0,1358,17
1589249412.255527,10.10.0.10,173.194.151.108,,,41505,443,0,37,17
1589249412.272418,173.194.151.108,10.10.0.10,,,443,41505,0,1358,17
1589249412.291054,173.194.151.108,10.10.0.10,,,443,41505,0,1358,17
1589249412.292655,10.10.0.10,173.194.151.108,,,41505,443,0,37,17
1589249412.3096778,173.194.151.108,10.10.0.10,,,443,41505,0,1358,17
1589249412.3283002,173.194.151.108,10.10.0.10,,,443,41505,0,1358,17
1589249412.33025,10.10.0.10,173.194.151.108,,,41505,443,0,37,17
1589249412.346925,173.194.151.108,10.10.0.10,,,443,41505,0,1358,17
1589249412.365551,173.194.151.108,10.10.0.10,,,443,41505,0,1358,17
1589249412.3672562,10.10.0.10,173.194.151.108,,,41505,443,0,50,17
1589249412.384174,173.194.151.108,10.10.0.10,,,443,41505,0,1358,17
1589249412.4027965,173.194.151.108,10.10.0.10,,,443,41505,0,1358,17
1589249412.404651,10.10.0.10,173.194.151.108,,,41505,443,0,37,17
1589249412.4213958,173.194.151.108,10.10.0.10,,,443,41505,0,1358,17
1589249412.440018,173.194.151.108,10.10.0.10,,,443,41505,0,1358,17
1589249412.4418778,10.10.0.10,173.194.151.108,,,41505,443,0,37,17
1589249412.458642,173.194.151.108,10.10.0.10,,,443,41505,0,1358,17
1589249412.4772651,173.194.151.108,10.10.0.10,,,443,41505,0,29,17
1589249412.478101,173.194.151.108,10.10.0.10,,,443,41505,0,1358,17
1589249412.479502,10.10.0.10,173.194.151.108,,,41505,443,0,37,17
1589249412.496734,173.194.151.108,10.10.0.10,,,443,41505,0,1358,17
1589249412.515358,173.194.151.108,10.10.0.10,,,443,41505,0,1358,17
1589249412.517124,10.10.0.10,173.194.151.108,,,41505,443,0,37,17
1589249412.533982,173.194.151.108,10.10.0.10,,,443,41505,0,1358,17
1589249412.552607,173.194.151.108,10.10.0.10,,,443,41505,0,1358,17
1589249412.554392,10.10.0.10,173.194.151.108,,,41505,443,0,37,17
1589249412.5712314,173.194.151.108,10.10.0.10,,,443,41505,0,1358,17
1589249412.589838,173.194.151.108,10.10.0.10,,,443,41505,0,1358,17
1589249412.59165,10.10.0.10,173.194.151.108,,,41505,443,0,37,17
1589249412.6084616,173.194.151.108,10.10.0.10,,,443,41505,0,1358,17
1589249412.627082,173.194.151.108,10.10.0.10,,,443,41505,0,1358,17
1589249412.6307492,10.10.0.10,173.194.151.108,,,41505,443,0,37,17
1589249412.6457071,173.194.151.108,10.10.0.10,,,443,41505,0,1358,17
1589249412.664338,173.194.151.108,10.10.0.10,,,443,41505,0,1358,17
1589249412.666623,10.10.0.10,173.194.151.108,,,41505,443,0,37,17
1589249412.68295,173.194.151.108,10.10.0.10,,,443,41505,0,1358,17
1589249412.701575,173.194.151.108,10.10.0.10,,,443,41505,0,1358,17
1589249412.703968,10.10.0.10,173.194.151.108,,,41505,443,0,37,17
1589249412.72019,173.194.151.108,10.10.0.10,,,443,41505,0,1358,17
1589249412.738821,173.194.151.108,10.10.0.10,,,443,41505,0,1358,17
1589249412.740762,10.10.0.10,173.194.151.108,,,41505,443,0,37,17
1589249412.757441,173.194.151.108,10.10.0.10,,,443,41505,0,1358,17
1589249412.7760534,173.194.151.108,10.10.0.10,,,443,41505,0,1358,17
1589249412.7779868,10.10.0.10,173.194.151.108,,,41505,443,0,37,17
1589249412.794699,173.194.151.108,10.10.0.10,,,443,41505,0,1358,17
1589249412.813302,173.194.151.108,10.10.0.10,,,443,41505,0,1358,17
1589249412.814872,10.10.0.10,173.194.151.108,,,41505,443,0,37,17
1589249412.8319368,173.194.151.108,10.10.0.10,,,443,41505,0,1358,17
1589249412.8505502,173.194.151.108,10.10.0.10,,,443,41505,0,1358,17
1589249412.8521152,10.10.0.10,173.194.151.108,,,41505,443,0,37,17
1589249412.869169,173.194.151.108,10.10.0.10,,,443,41505,0,1358,17
1589249412.8877912,173.194.151.108,10.10.0.10,,,443,41505,0,1358,17
1589249412.8894892,10.10.0.10,173.194.151.108,,,41505,443,0,37,17
1589249412.906417,173.194.151.108,10.10.0.10,,,443,41505,0,1358,17
1589249412.925039,173.194.151.108,10.10.0.10,,,443,41505,0,1358,17
1589249412.9267368,10.10.0.10,173.194.151.108,,,41505,443,0,37,17
1589249412.9436624,173.194.151.108,10.10.0.10,,,443,41505,0,1358,17
1589249412.962284,173.194.151.108,10.10.0.10,,,443,41505,0,1358,17
1589249412.963982,10.10.0.10,173.194.151.108,,,41505,443,0,37,17
1589249413.070408,173.194.151.108,10.10.0.10,,,443,41505,0,1358,17
1589249413.099632,10.10.0.10,173.194.151.108,,,41505,443,0,37,17
1589249413.178529,173.194.151.108,10.10.0.10,,,443,41505,0,1358,17
1589249413.231606,10.10.0.10,173.194.151.108,,,41505,443,0,37,17
1589249413.286649,173.194.151.108,10.10.0.10,,,443,41505,0,1358,17
1589249413.3332489,10.10.0.10,173.194.151.108,,,41505,443,0,37,17
1589249413.394743,173.194.151.108,10.10.0.10,,,443,41505,0,1358,17
1589249413.4481,10.10.0.10,173.194.151.108,,,41505,443,0,50,17
1589249413.5028641,173.194.151.108,10.10.0.10,,,443,41505,0,1358,17
1589249413.5347395,10.10.0.10,173.194.151.108,,,41505,443,0,37,17
1589249413.6109786,173.194.151.108,10.10.0.10,,,443,41505,0,1358,17
1589249413.6460922,10.10.0.10,173.194.151.108,,,41505,443,0,37,17
1589249413.7190988,173.194.151.108,10.10.0.10,,,443,41505,0,1358,17
1589249413.766569,10.10.0.10,173.194.151.108,,,41505,443,0,37,17
1589249413.827215,173.194.151.108,10.10.0.10,,,443,41505,0,1358,17
1589249413.8776052,10.10.0.10,173.194.151.108,,,41505,443,0,37,17
1589249413.935329,173.194.151.108,10.10.0.10,,,443,41505,0,1358,17
1589249414.001602,10.10.0.10,173.194.151.108,,,41505,443,0,37,17
1589249414.002341,10.10.0.10,173.194.151.108,,,41505,443,0,43,17
1589249414.043446,173.194.151.108,10.10.0.10,,,443,41505,0,1358,17
1589249414.1086018,10.10.0.10,173.194.151.108,,,41505,443,0,37,17
1589249414.1515641,173.194.151.108,10.10.0.10,,,443,41505,0,1358,17
1589249414.2022042,10.10.0.10,173.194.151.108,,,41505,443,0,37,17
1589249414.259683,173.194.151.108,10.10.0.10,,,443,41505,0,1358,17
1589249414.326969,10.10.0.10,173.194.151.108,,,41505,443,0,37,17
1589249414.3678038,173.194.151.108,10.10.0.10,,,443,41505,0,1358,17
1589249414.435592,10.10.0.10,173.194.151.108,,,41505,443,0,37,17
1589249414.4759262,173.194.151.108,10.10.0.10,,,443,41505,0,1358,17
1589249414.5352972,10.10.0.10,173.194.151.108,,,41505,443,0,37,17
1589249414.584025,173.194.151.108,10.10.0.10,,,443,41505,0,1358,17
1589249414.5899591,10.10.0.10,173.194.151.108,,,41505,443,0,729,17
1589249414.5905652,10.10.0.10,173.194.151.108,,,41505,443,0,48,17
1589249414.692142,173.194.151.108,10.10.0.10,,,443,41505,0,1358,17
1589249414.737581,10.10.0.10,173.194.151.108,,,41505,443,0,37,17
1589249414.8002632,173.194.151.108,10.10.0.10,,,443,41505,0,1358,17
1589249414.865435,10.10.0.10,173.194.151.108,,,41505,443,0,37,17
1589249414.9083786,173.194.151.108,10.10.0.10,,,443,41505,0,1358,17
1589249414.962181,10.10.0.10,173.194.151.108,,,41505,443,0,37,17
1589249415.0164974,173.194.151.108,10.10.0.10,,,443,41505,0,1358,17
1589249415.046071,10.10.0.10,173.194.151.108,,,41505,443,0,37,17
1589249415.124608,173.194.151.108,10.10.0.10,,,443,41505,0,1358,17
1589249415.19257,10.10.0.10,173.194.151.108,,,41505,443,0,37,17
1589249415.232728,173.194.151.108,10.10.0.10,,,443,41505,0,1358,17
1589249415.3004198,10.10.0.10,173.194.151.108,,,41505,443,0,37,17
1589249415.338815,10.10.0.10,173.194.151.108,,,41505,443,0,722,17
1589249415.340841,173.194.151.108,10.10.0.10,,,443,41505,0,29,17
1589249415.3457382,173.194.151.108,10.10.0.10,,,443,41505,0,1358,17
1589249415.38954,10.10.0.10,173.194.151.108,,,41505,443,0,37,17
1589249415.4538536,173.194.151.108,10.10.0.10,,,443,41505,0,1358,17
1589249415.5210588,10.10.0.10,173.194.151.108,,,41505,443,0,37,17
1589249415.5619712,173.194.151.108,10.10.0.10,,,443,41505,0,1358,17
1589249415.612432,10.10.0.10,173.194.151.108,,,41505,443,0,37,17
1589249415.6700866,173.194.151.108,10.10.0.10,,,443,41505,0,1358,17
1589249415.7374115,10.10.0.10,173.194.151.108,,,41505,443,0,37,17
1589249415.7782028,173.194.151.108,10.10.0.10,,,443,41505,0,1358,17
1589249415.8234222,10.10.0.10,173.194.151.108,,,41505,443,0,37,17
1589249415.8863251,173.194.151.108,10.10.0.10,,,443,41505,0,1358,17
1589249415.951673,10.10.0.10,173.194.151.108,,,41505,443,0,37,17
1589249415.9944491,173.194.151.108,10.10.0.10,,,443,41505,0,1358,17
1589249416.040169,10.10.0.10,173.194.151.108,,,41505,443,0,37,17
1589249416.102567,173.194.151.108,10.10.0.10,,,443,41505,0,29,17
1589249416.1074471,173.194.151.108,10.10.0.10,,,443,41505,0,1358,17
1589249416.156789,10.10.0.10,173.194.151.108,,,41505,443,0,37,17
1589249416.2155669,173.194.151.108,10.10.0.10,,,443,41505,0,1358,17
1589249416.259786,10.10.0.10,173.194.151.108,,,41505,443,0,37,17
1589249416.3236866,173.194.151.108,10.10.0.10,,,443,41505,0,1358,17
1589249416.3912349,10.10.0.10,173.194.151.108,,,41505,443,0,37,17
1589249416.4318109,173.194.151.108,10.10.0.10,,,443,41505,0,1358,17
1589249416.4994028,10.10.0.10,173.194.151.108,,,41505,443,0,37,17
1589249416.539929,173.194.151.108,10.10.0.10,,,443,41505,0,1358,17
1589249416.6077628,10.10.0.10,173.194.151.108,,,41505,443,0,37,17
1589249416.648027,173.194.151.108,10.10.0.10,,,443,41505,0,1358,17
1589249416.6975029,10.10.0.10,173.194.151.108,,,41505,443,0,37,17
1589249416.75615,173.194.151.108,10.10.0.10,,,443,41505,0,1358,17
1589249416.795881,10.10.0.10,173.194.151.108,,,41505,443,0,37,17
1589249416.8642616,173.194.151.108,10.10.0.10,,,443,41505,0,1358,17
1589249416.9322624,10.10.0.10,173.194.151.108,,,41505,443,0,37,17
1589249416.972377,173.194.151.108,10.10.0.10,,,443,41505,0,1358,17
1589249417.022124,10.10.0.10,173.194.151.108,,,41505,443,0,37,17
1589249417.0804946,173.194.151.108,10.10.0.10,,,443,41505,0,1358,17
1589249417.1138859,10.10.0.10,173.194.151.108,,,41505,443,0,37,17
1589249417.1886098,173.194.151.108,10.10.0.10,,,443,41505,0,1358,17
1589249417.244084,10.10.0.10,173.194.151.108,,,41505,443,0,37,17
1589249417.296726,173.194.151.108,10.10.0.10,,,443,41505,0,1358,17
1589249417.347256,10.10.0.10,173.194.151.108,,,41505,443,0,37,17
1589249417.404838,173.194.151.108,10.10.0.10,,,443,41505,0,1358,17
1589249417.472357,10.10.0.10,173.194.151.108,,,41505,443,0,50,17
1589249417.5129626,173.194.151.108,10.10.0.10,,,443,41505,0,1358,17
1589249417.543129,10.10.0.10,173.194.151.108,,,41505,443,0,37,17
1589249417.621088,173.194.151.108,10.10.0.10,,,443,41505,0,1358,17
1589249417.664374,10.10.0.10,173.194.151.108,,,41505,443,0,37,17
1589249417.729208,173.194.151.108,10.10.0.10,,,443,41505,0,1358,17
1589249417.766118,10.10.0.10,173.194.151.108,,,41505,443,0,37,17
1589249417.8373091,173.194.151.108,10.10.0.10,,,443,41505,0,1358,17
1589249417.905863,10.10.0.10,173.194.151.108,,,41505,443,0,37,17
1589249417.945426,173.194.151.108,10.10.0.10,,,443,41505,0,1358,17
1589249418.012584,10.10.0.10,173.194.151.108,,,41505,443,0,37,17
1589249418.0535412,173.194.151.108,10.10.0.10,,,443,41505,0,1358,17
1589249418.0725148,173.194.151.108,10.10.0.10,,,443,41505,0,1358,17
1589249418.074468,10.10.0.10,173.194.151.108,,,41505,443,0,37,17
1589249418.0914829,173.194.151.108,10.10.0.10,,,443,41505,0,1358,17
1589249418.110457,173.194.151.108,10.10.0.10,,,443,41505,0,1358,17
1589249418.1266,10.10.0.10,173.194.151.108,,,41505,443,0,37,17
1589249418.129428,173.194.151.108,10.10.0.10,,,443,41505,0,1358,17
1589249418.148409,173.194.151.108,10.10.0.10,,,443,41505,0,1358,17
1589249418.150232,10.10.0.10,173.194.151.108,,,41505,443,0,37,17
1589249418.167381,173.194.151.108,10.10.0.10,,,443,41505,0,1358,17
1589249418.18634,173.194.151.108,10.10.0.10,,,443,41505,0,1358,17
1589249418.188085,10.10.0.10,173.194.151.108,,,41505,443,0,37,17
1589249418.205318,173.194.151.108,10.10.0.10,,,443,41505,0,1358,17
1589249418.224282,173.194.151.108,10.10.0.10,,,443,41505,0,1358,17
1589249418.225962,10.10.0.10,173.194.151.108,,,41505,443,0,37,17
1589249418.243256,173.194.151.108,10.10.0.10,,,443,41505,0,1358,17
1589249418.262225,173.194.151.108,10.10.0.10,,,443,41505,0,1358,17
1589249418.263982,10.10.0.10,173.194.151.108,,,41505,443,0,37,17
1589249418.281194,173.194.151.108,10.10.0.10,,,443,41505,0,1358,17
1589249418.3001661,173.194.151.108,10.10.0.10,,,443,41505,0,1358,17
1589249418.307697,10.10.0.10,173.194.151.108,,,41505,443,0,37,17
1589249418.3191366,173.194.151.108,10.10.0.10,,,443,41505,0,1358,17
1589249418.3381288,173.194.151.108,10.10.0.10,,,443,41505,0,1358,17
1589249418.3395839,10.10.0.10,173.194.151.108,,,41505,443,0,37,17
1589249418.3570821,173.194.151.108,10.10.0.10,,,443,41505,0,1358,17
1589249418.376064,173.194.151.108,10.10.0.10,,,443,41505,0,1358,17
1589249418.3778508,10.10.0.10,173.194.151.108,,,41505,443,0,37,17
1589249418.3950222,173.194.151.108,10.10.0.10,,,443,41505,0,1358,17
1589249418.414002,173.194.151.108,10.10.0.10,,,443,41505,0,1358,17
1589249418.415705,10.10.0.10,173.194.151.108,,,41505,443,0,37,17
1589249418.432967,173.194.151.108,10.10.0.10,,,443,41505,0,1358,17
1589249418.4519432,173.194.151.108,10.10.0.10,,,443,41505,0,1358,17
1589249418.454731,10.10.0.10,173.194.151.108,,,41505,443,0,37,17
1589249418.4709039,173.194.151.108,10.10.0.10,,,443,41505,0,1358,17
1589249418.4898775,173.194.151.108,10.10.0.10,,,443,41505,0,1358,17
1589249418.493202,10.10.0.10,173.194.151.108,,,41505,443,0,37,17
1589249418.508846,173.194.151.108,10.10.0.10,,,443,41505,0,1358,17
1589249418.5278199,173.194.151.108,10.10.0.10,,,443,41505,0,1358,17
1589249418.5294778,10.10.0.10,173.194.151.108,,,41505,443,0,37,17
1589249418.546791,173.194.151.108,10.10.0.10,,,443,41505,0,1358,17
1589249418.565757,173.194.151.108,10.10.0.10,,,443,41505,0,1358,17
1589249418.568969,10.10.0.10,173.194.151.108,,,41505,443,0,37,17
1589249418.584729,173.194.151.108,10.10.0.10,,,443,41505,0,1358,17
1589249418.605995,173.194.151.108,10.10.0.10,,,443,41505,0,1358,17
1589249418.6108198,10.10.0.10,173.194.151.108,,,41505,443,0,50,17
1589249418.624946,173.194.151.108,10.10.0.10,,,443,41505,0,1358,17
1589249418.6439419,173.194.151.108,10.10.0.10,,,443,41505,0,1358,17
1589249418.645564,10.10.0.10,173.194.151.108,,,41505,443,0,37,17
1589249418.662889,173.194.151.108,10.10.0.10,,,443,41505,0,1358,17
1589249418.6818569,173.194.151.108,10.10.0.10,,,443,41505,0,1358,17
1589249418.6836612,10.10.0.10,173.194.151.108,,,41505,443,0,37,17
1589249418.700831,173.194.151.108,10.10.0.10,,,443,41505,0,1358,17
1589249418.7198,173.194.151.108,10.10.0.10,,,443,41505,0,1358,17
1589249418.7213216,10.10.0.10,173.194.151.108,,,41505,443,0,37,17
1589249418.738784,173.194.151.108,10.10.0.10,,,443,41505,0,1358,17
1589249418.7577472,173.194.151.108,10.10.0.10,,,443,41505,0,1358,17
1589249418.75934,10.10.0.10,173.194.151.108,,,41505,443,0,37,17
1589249418.776718,173.194.151.108,10.10.0.10,,,443,41505,0,1358,17
1589249418.7956884,173.194.151.108,10.10.0.10,,,443,41505,0,1358,17
1589249418.797339,10.10.0.10,173.194.151.108,,,41505,443,0,37,17
1589249418.8146758,173.194.151.108,10.10.0.10,,,443,41505,0,1358,17
1589249418.833632,173.194.151.108,10.10.0.10,,,443,41505,0,1358,17
1589249418.8353405,10.10.0.10,173.194.151.108,,,41505,443,0,37,17
1589249418.852616,173.194.151.108,10.10.0.10,,,443,41505,0,1358,17
1589249418.871578,173.194.151.108,10.10.0.10,,,443,41505,0,1358,17
1589249418.875565,10.10.0.10,173.194.151.108,,,41505,443,0,37,17
1589249418.8905478,173.194.151.108,10.10.0.10,,,443,41505,0,1358,17
1589249418.9095151,173.194.151.108,10.10.0.10,,,443,41505,0,1358,17
1589249418.9112098,10.10.0.10,173.194.151.108,,,41505,443,0,37,17
1589249418.928488,173.194.151.108,10.10.0.10,,,443,41505,0,1358,17
1589249418.949739,173.194.151.108,10.10.0.10,,,443,41505,0,1358,17
1589249418.9514544,10.10.0.10,173.194.151.108,,,41505,443,0,37,17
1589249418.968699,173.194.151.108,10.10.0.10,,,443,41505,0,1358,17
1589249418.9876769,173.194.151.108,10.10.0.10,,,443,41505,0,1358,17
1589249418.9894366,10.10.0.10,173.194.151.108,,,41505,443,0,37,17
1589249419.006649,173.194.151.108,10.10.0.10,,,443,41505,0,1358,17
1589249419.0256178,173.194.151.108,10.10.0.10,,,443,41505,0,1358,17
1589249419.027428,10.10.0.10,173.194.151.108,,,41505,443,0,37,17
1589249419.044606,173.194.151.108,10.10.0.10,,,443,41505,0,1358,17
1589249419.063559,173.194.151.108,10.10.0.10,,,443,41505,0,1358,17
1589249419.0663269,10.10.0.10,173.194.151.108,,,41505,443,0,37,17
1589249419.0825431,173.194.151.108,10.10.0.10,,,443,41505,0,1358,17
1589249419.1015027,173.194.151.108,10.10.0.10,,,443,41505,0,1358,17
1589249419.103185,10.10.0.10,173.194.151.108,,,41505,443,0,37,17
1589249419.120482,173.194.151.108,10.10.0.10,,,443,41505,0,1358,17
1589249419.139443,173.194.151.108,10.10.0.10,,,443,41505,0,1358,17
1589249419.1411822,10.10.0.10,173.194.151.108,,,41505,443,0,37,17
1589249419.158416,173.194.151.108,10.10.0.10,,,443,41505,0,1358,17
1589249419.1773858,173.194.151.108,10.10.0.10,,,443,41505,0,1358,17
1589249419.1790721,10.10.0.10,173.194.151.108,,,41505,443,0,37,17
1589249419.1963599,173.194.151.108,10.10.0.10,,,443,41505,0,1358,17
1589249419.215326,173.194.151.108,10.10.0.10,,,443,41505,0,1358,17
1589249419.217057,10.10.0.10,173.194.151.108,,,41505,443,0,37,17
1589249419.234299,173.194.151.108,10.10.0.10,,,443,41505,0,1358,17
1589249419.255546,173.194.151.108,10.10.0.10,,,443,41505,0,1358,17
1589249419.2573054,10.10.0.10,173.194.151.108,,,41505,443,0,37,17
1589249419.274517,173.194.151.108,10.10.0.10,,,443,41505,0,1358,17
1589249419.293488,173.194.151.108,10.10.0.10,,,443,41505,0,1358,17
1589249419.295187,10.10.0.10,173.194.151.108,,,41505,443,0,37,17
1589249419.312473,173.194.151.108,10.10.0.10,,,443,41505,0,1358,17
1589249419.3314312,173.194.151.108,10.10.0.10,,,443,41505,0,1358,17
1589249419.3330526,10.10.0.10,173.194.151.108,,,41505,443,0,37,17
1589249419.35041,173.194.151.108,10.10.0.10,,,443,41505,0,1358,17
1589249419.369377,173.194.151.108,10.10.0.10,,,443,41505,0,1358,17
1589249419.3713212,10.10.0.10,173.194.151.108,,,41505,443,0,50,17
1589249419.388349,173.194.151.108,10.10.0.10,,,443,41505,0,1358,17
1589249419.4073155,173.194.151.108,10.10.0.10,,,443,41505,0,1358,17
1589249419.409069,10.10.0.10,173.194.151.108,,,41505,443,0,37,17
1589249419.426285,173.194.151.108,10.10.0.10,,,443,41505,0,1358,17
1589249419.445257,173.194.151.108,10.10.0.10,,,443,41505,0,29,17
1589249419.4461155,173.194.151.108,10.10.0.10,,,443,41505,0,1358,17
1589249419.4475398,10.10.0.10,173.194.151.108,,,41505,443,0,37,17
1589249419.4650989,173.194.151.108,10.10.0.10,,,443,41505,0,1358,17
1589249419.4840622,173.194.151.108,10.10.0.10,,,443,41505,0,1358,17
1589249419.4860678,10.10.0.10,173.194.151.108,,,41505,443,0,37,17
1589249419.503031,173.194.151.108,10.10.0.10,,,443,41505,0,1358,17
1589249419.5219991,173.194.151.108,10.10.0.10,,,443,41505,0,1358,17
1589249419.5235481,10.10.0.10,173.194.151.108,,,41505,443,0,37,17
1589249419.5409732,173.194.151.108,10.10.0.10,,,443,41505,0,1358,17
1589249419.55994,173.194.151.108,10.10.0.10,,,443,41505,0,1358,17
1589249419.5622964,10.10.0.10,173.194.151.108,,,41505,443,0,37,17
1589249419.5789108,173.194.151.108,10.10.0.10,,,443,41505,0,1358,17
1589249419.5978909,173.194.151.108,10.10.0.10,,,443,41505,0,1358,17
1589249419.60068,10.10.0.10,173.194.151.108,,,41505,443,0,37,17
1589249419.6168532,173.194.151.108,10.10.0.10,,,443,41505,0,1358,17
1589249419.635838,173.194.151.108,10.10.0.10,,,443,41505,0,1358,17
1589249419.637419,10.10.0.10,173.194.151.108,,,41505,443,0,37,17
1589249419.654793,173.194.151.108,10.10.0.10,,,443,41505,0,1358,17
1589249419.6737628,173.194.151.108,10.10.0.10,,,443,41505,0,1358,17
1589249419.675316,10.10.0.10,173.194.151.108,,,41505,443,0,37,17
1589249419.692734,173.194.151.108,10.10.0.10,,,443,41505,0,1358,17
1589249419.7117062,173.194.151.108,10.10.0.10,,,443,41505,0,1358,17
1589249419.713667,10.10.0.10,173.194.151.108,,,41505,443,0,37,17
1589249419.730676,173.194.151.108,10.10.0.10,,,443,41505,0,1358,17
1589249419.7496538,173.194.151.108,10.10.0.10,,,443,41505,0,1358,17
1589249419.751166,10.10.0.10,173.194.151.108,,,41505,443,0,37,17
1589249419.7686222,173.194.151.108,10.10.0.10,,,443,41505,0,1358,17
1589249419.7875938,173.194.151.108,10.10.0.10,,,443,41505,0,1358,17
1589249419.789418,10.10.0.10,173.194.151.108,,,41505,443,0,37,17
1589249419.806583,173.194.151.108,10.10.0.10,,,443,41505,0,1358,17
1589249419.8255384,173.194.151.108,10.10.0.10,,,443,41505,0,1358,17
1589249419.8271651,10.10.0.10,173.194.151.108,,,41505,443,0,37,17
1589249419.844521,173.194.151.108,10.10.0.10,,,443,41505,0,1358,17
1589249419.863473,173.194.151.108,10.10.0.10,,,443,41505,0,1358,17
1589249419.8653092,10.10.0.10,173.194.151.108,,,41505,443,0,37,17
1589249419.8824599,173.194.151.108,10.10.0.10,,,443,41505,0,1358,17
1589249419.9014199,173.194.151.108,10.10.0.10,,,443,41505,0,1358,17
1589249419.903038,10.10.0.10,173.194.151.108,,,41505,443,0,37,17
1589249419.920395,173.194.151.108,10.10.0.10,,,443,41505,0,1358,17
1589249419.9393609,173.194.151.108,10.10.0.10,,,443,41505,0,1358,17
1589249419.941055,10.10.0.10,173.194.151.108,,,41505,443,0,37,17
1589249419.958334,173.194.151.108,10.10.0.10,,,443,41505,0,1358,17
1589249419.9773018,173.194.151.108,10.10.0.10,,,443,41505,0,1358,17
1589249419.979033,10.10.0.10,173.194.151.108,,,41505,443,0,37,17
1589249419.996274,173.194.151.108,10.10.0.10,,,443,41505,0,1358,17
1589249420.0152452,173.194.151.108,10.10.0.10,,,443,41505,0,1358,17
1589249420.0167878,10.10.0.10,173.194.151.108,,,41505,443,0,37,17
1589249420.0342178,173.194.151.108,10.10.0.10,,,443,41505,0,1358,17
1589249420.053202,173.194.151.108,10.10.0.10,,,443,41505,0,1358,17
1589249420.055031,10.10.0.10,173.194.151.108,,,41505,443,0,37,17
1589249420.072161,173.194.151.108,10.10.0.10,,,443,41505,0,1358,17
1589249420.0911238,173.194.151.108,10.10.0.10,,,443,41505,0,1358,17
1589249420.0928009,10.10.0.10,173.194.151.108,,,41505,443,0,37,17
1589249420.1101027,173.194.151.108,10.10.0.10,,,443,41505,0,1358,17
1589249420.129078,173.194.151.108,10.10.0.10,,,443,41505,0,1358,17
1589249420.1309214,10.10.0.10,173.194.151.108,,,41505,443,0,50,17
1589249420.1480448,173.194.151.108,10.10.0.10,,,443,41505,0,1358,17
1589249420.167015,173.194.151.108,10.10.0.10,,,443,41505,0,1358,17
1589249420.168924,10.10.0.10,173.194.151.108,,,41505,443,0,37,17
1589249420.1859848,173.194.151.108,10.10.0.10,,,443,41505,0,1358,17
1589249420.204956,173.194.151.108,10.10.0.10,,,443,41505,0,29,17
1589249420.2058241,173.194.151.108,10.10.0.10,,,443,41505,0,1358,17
1589249420.2075472,10.10.0.10,173.194.151.108,,,41505,443,0,37,17
1589249420.224784,173.194.151.108,10.10.0.10,,,443,41505,0,1358,17
1589249420.2437592,173.194.151.108,10.10.0.10,,,443,41505,0,1358,17
1589249420.2456515,10.10.0.10,173.194.151.108,,,41505,443,0,37,17
1589249420.262727,173.194.151.108,10.10.0.10,,,443,41505,0,1358,17
1589249420.281699,173.194.151.108,10.10.0.10,,,443,41505,0,1358,17
1589249420.283551,10.10.0.10,173.194.151.108,,,41505,443,0,37,17
1589249420.30067,173.194.151.108,10.10.0.10,,,443,41505,0,1358,17
1589249420.3196359,173.194.151.108,10.10.0.10,,,443,41505,0,1358,17
1589249420.321544,10.10.0.10,173.194.151.108,,,41505,443,0,37,17
1589249420.338615,173.194.151.108,10.10.0.10,,,443,41505,0,1358,17
1589249420.357585,173.194.151.108,10.10.0.10,,,443,41505,0,1358,17
1589249420.3592925,10.10.0.10,173.194.151.108,,,41505,443,0,37,17
1589249420.3765721,173.194.151.108,10.10.0.10,,,443,41505,0,1358,17
1589249420.3955238,173.194.151.108,10.10.0.10,,,443,41505,0,1358,17
1589249420.397265,10.10.0.10,173.194.151.108,,,41505,443,0,37,17
1589249420.4145038,173.194.151.108,10.10.0.10,,,443,41505,0,1358,17
1589249420.4334679,173.194.151.108,10.10.0.10,,,443,41505,0,1358,17
1589249420.435145,10.10.0.10,173.194.151.108,,,41505,443,0,37,17
1589249420.4524338,173.194.151.108,10.10.0.10,,,443,41505,0,1358,17
1589249420.471408,173.194.151.108,10.10.0.10,,,443,41505,0,1358,17
1589249420.4730392,10.10.0.10,173.194.151.108,,,41505,443,0,37,17
1589249420.49038,173.194.151.108,10.10.0.10,,,443,41505,0,1358,17
1589249420.50935,173.194.151.108,10.10.0.10,,,443,41505,0,1358,17
1589249420.511163,10.10.0.10,173.194.151.108,,,41505,443,0,37,17
1589249420.528325,173.194.151.108,10.10.0.10,,,443,41505,0,1358,17
1589249420.547313,173.194.151.108,10.10.0.10,,,443,41505,0,1358,17
1589249420.5489118,10.10.0.10,173.194.151.108,,,41505,443,0,37,17
1589249420.5662649,173.194.151.108,10.10.0.10,,,443,41505,0,1358,17
1589249420.585234,173.194.151.108,10.10.0.10,,,443,41505,0,1358,17
1589249420.586997,10.10.0.10,173.194.151.108,,,41505,443,0,37,17
1589249420.604202,173.194.151.108,10.10.0.10,,,443,41505,0,1358,17
1589249420.6231732,173.194.151.108,10.10.0.10,,,443,41505,0,1358,17
1589249420.6321402,10.10.0.10,173.194.151.108,,,41505,443,0,37,17
1589249420.6421509,173.194.151.108,10.10.0.10,,,443,41505,0,1358,17
1589249420.6611161,173.194.151.108,10.10.0.10,,,443,41505,0,1358,17
1589249420.680086,173.194.151.108,10.10.0.10,,,443,41505,0,1358,17
1589249420.6909811,10.10.0.10,173.194.151.108,,,41505,443,0,37,17
1589249420.7004616,173.194.151.108,10.10.0.10,,,443,41505,0,1358,17
1589249420.702017,10.10.0.10,173.194.151.108,,,41505,443,0,37,17
1589249420.719439,173.194.151.108,10.10.0.10,,,443,41505,0,1358,17
1589249420.7384028,173.194.151.108,10.10.0.10,,,443,41505,0,1358,17
1589249420.7401571,10.10.0.10,173.194.151.108,,,41505,443,0,37,17
1589249420.7573798,173.194.151.108,10.10.0.10,,,443,41505,0,1358,17
1589249420.776345,173.194.151.108,10.10.0.10,,,443,41505,0,1358,17
1589249420.78264,10.10.0.10,173.194.151.108,,,41505,443,0,37,17
1589249420.7953172,173.194.151.108,10.10.0.10,,,443,41505,0,1358,17
1589249420.814305,173.194.151.108,10.10.0.10,,,443,41505,0,1358,17
1589249420.815752,10.10.0.10,173.194.151.108,,,41505,443,0,37,17
1589249420.833264,173.194.151.108,10.10.0.10,,,443,41505,0,1358,17
1589249420.852242,173.194.151.108,10.10.0.10,,,443,41505,0,1358,17
1589249420.8538842,10.10.0.10,173.194.151.108,,,41505,443,0,37,17
1589249420.871206,173.194.151.108,10.10.0.10,,,443,41505,0,1358,17
1589249420.8901742,173.194.151.108,10.10.0.10,,,443,41505,0,1358,17
1589249420.8931582,10.10.0.10,173.194.151.108,,,41505,443,0,50,17
1589249420.9091468,173.194.151.108,10.10.0.10,,,443,41505,0,1358,17
1589249420.928119,173.194.151.108,10.10.0.10,,,443,41505,0,1358,17
1589249420.930903,10.10.0.10,173.194.151.108,,,41505,443,0,37,17
1589249420.9470901,173.194.151.108,10.10.0.10,,,443,41505,0,1358,17
1589249420.9660618,173.194.151.108,10.10.0.10,,,443,41505,0,29,17
1589249420.9669304,173.194.151.108,10.10.0.10,,,443,41505,0,1358,17
1589249420.9687572,10.10.0.10,173.194.151.108,,,41505,443,0,37,17
1589249420.9858909,173.194.151.108,10.10.0.10,,,443,41505,0,1358,17
1589249421.004863,173.194.151.108,10.10.0.10,,,443,41505,0,1358,17
1589249421.0067554,10.10.0.10,173.194.151.108,,,41505,443,0,37,17
1589249421.0238314,173.194.151.108,10.10.0.10,,,443,41505,0,1358,17
1589249421.0428052,173.194.151.108,10.10.0.10,,,443,41505,0,1358,17
1589249421.044345,10.10.0.10,173.194.151.108,,,41505,443,0,37,17
1589249421.061773,173.194.151.108,10.10.0.10,,,443,41505,0,1358,17
1589249421.080745,173.194.151.108,10.10.0.10,,,443,41505,0,1358,17
1589249421.08238,10.10.0.10,173.194.151.108,,,41505,443,0,37,17
1589249421.099732,173.194.151.108,10.10.0.10,,,443,41505,0,1358,17
1589249421.1186874,173.194.151.108,10.10.0.10,,,443,41505,0,1358,17
1589249421.120523,10.10.0.10,173.194.151.108,,,41505,443,0,37,17
1589249421.137674,173.194.151.108,10.10.0.10,,,443,41505,0,1358,17
1589249421.156628,173.194.151.108,10.10.0.10,,,443,41505,0,1358,17
1589249421.1585279,10.10.0.10,173.194.151.108,,,41505,443,0,37,17
1589249421.175607,173.194.151.108,10.10.0.10,,,443,41505,0,1358,17
1589249421.1945722,173.194.151.108,10.10.0.10,,,443,41505,0,1358,17
1589249421.196392,10.10.0.10,173.194.151.108,,,41505,443,0,37,17
1589249421.213546,173.194.151.108,10.10.0.10,,,443,41505,0,1358,17
1589249421.2325158,173.194.151.108,10.10.0.10,,,443,41505,0,1358,17
1589249421.2343645,10.10.0.10,173.194.151.108,,,41505,443,0,37,17
1589249421.2514842,173.194.151.108,10.10.0.10,,,443,41505,0,1358,17
1589249421.270459,173.194.151.108,10.10.0.10,,,443,41505,0,1358,17
1589249421.2721212,10.10.0.10,173.194.151.108,,,41505,443,0,37,17
1589249421.2894278,173.194.151.108,10.10.0.10,,,443,41505,0,1358,17
1589249421.3084168,173.194.151.108,10.10.0.10,,,443,41505,0,1358,17
1589249421.310126,10.10.0.10,173.194.151.108,,,41505,443,0,37,17
1589249421.327369,173.194.151.108,10.10.0.10,,,443,41505,0,1358,17
1589249421.3463528,173.194.151.108,10.10.0.10,,,443,41505,0,1358,17
1589249421.3481262,10.10.0.10,173.194.151.108,,,41505,443,0,37,17
1589249421.3653116,173.194.151.108,10.10.0.10,,,443,41505,0,1358,17
1589249421.384292,173.194.151.108,10.10.0.10,,,443,41505,0,1358,17
1589249421.385993,10.10.0.10,173.194.151.108,,,41505,443,0,37,17
1589249421.4032528,173.194.151.108,10.10.0.10,,,443,41505,0,1358,17
1589249421.422225,173.194.151.108,10.10.0.10,,,443,41505,0,1358,17
1589249421.423999,10.10.0.10,173.194.151.108,,,41505,443,0,37,17
1589249421.4411938,173.194.151.108,10.10.0.10,,,443,41505,0,1358,17
1589249421.46017,173.194.151.108,10.10.0.10,,,443,41505,0,1358,17
1589249421.461978,10.10.0.10,173.194.151.108,,,41505,443,0,37,17
1589249421.4791589,173.194.151.108,10.10.0.10,,,443,41505,0,1358,17
1589249421.498108,173.194.151.108,10.10.0.10,,,443,41505,0,1358,17
1589249421.500135,10.10.0.10,173.194.151.108,,,41505,443,0,37,17
1589249421.5170991,173.194.151.108,10.10.0.10,,,443,41505,0,1358,17
1589249421.5360498,173.194.151.108,10.10.0.10,,,443,41505,0,1358,17
1589249421.5377548,10.10.0.10,173.194.151.108,,,41505,443,0,37,17
1589249421.555034,173.194.151.108,10.10.0.10,,,443,41505,0,1358,17
1589249421.573991,173.194.151.108,10.10.0.10,,,443,41505,0,1358,17
1589249421.575757,10.10.0.10,173.194.151.108,,,41505,443,0,37,17
1589249421.59296,173.194.151.108,10.10.0.10,,,443,41505,0,1358,17
1589249421.6119332,173.194.151.108,10.10.0.10,,,443,41505,0,1358,17
1589249421.6137474,10.10.0.10,173.194.151.108,,,41505,443,0,37,17
1589249421.6309085,173.194.151.108,10.10.0.10,,,443,41505,0,1358,17
1589249421.649891,173.194.151.108,10.10.0.10,,,443,41505,0,1358,17
1589249421.65174,10.10.0.10,173.194.151.108,,,41505,443,0,50,17
1589249421.668849,173.194.151.108,10.10.0.10,,,443,41505,0,1358,17
1589249421.6878278,173.194.151.108,10.10.0.10,,,443,41505,0,1358,17
1589249421.6893609,10.10.0.10,173.194.151.108,,,41505,443,0,37,17
1589249421.706786,173.194.151.108,10.10.0.10,,,443,41505,0,1358,17
1589249421.7257779,173.194.151.108,10.10.0.10,,,443,41505,0,1358,17
1589249421.72751,10.10.0.10,173.194.151.108,,,41505,443,0,37,17
1589249421.7447278,173.194.151.108,10.10.0.10,,,443,41505,0,1358,17
1589249421.7637155,173.194.151.108,10.10.0.10,,,443,41505,0,1358,17
1589249421.765379,10.10.0.10,173.194.151.108,,,41505,443,0,37,17
1589249421.7826755,173.194.151.108,10.10.0.10,,,443,41505,0,1358,17
1589249421.8016539,173.194.151.108,10.10.0.10,,,443,41505,0,1358,17
1589249421.8032286,10.10.0.10,173.194.151.108,,,41505,443,0,37,17
1589249421.820615,173.194.151.108,10.10.0.10,,,443,41505,0,1358,17
1589249421.839587,173.194.151.108,10.10.0.10,,,443,41505,0,1358,17
1589249421.841481,10.10.0.10,173.194.151.108,,,41505,443,0,37,17
1589249421.8585572,173.194.151.108,10.10.0.10,,,443,41505,0,1358,17
1589249421.8775358,173.194.151.108,10.10.0.10,,,443,41505,0,1358,17
1589249421.879107,10.10.0.10,173.194.151.108,,,41505,443,0,37,17
1589249421.896499,173.194.151.108,10.10.0.10,,,443,41505,0,1358,17
1589249421.9154658,173.194.151.108,10.10.0.10,,,443,41505,0,1358,17
1589249421.9172518,10.10.0.10,173.194.151.108,,,41505,443,0,37,17
1589249421.9344418,173.194.151.108,10.10.0.10,,,443,41505,0,1358,17
1589249421.953413,173.194.151.108,10.10.0.10,,,443,41505,0,1358,17
1589249421.969626,10.10.0.10,173.194.151.108,,,41505,443,0,37,17
1589249421.972398,173.194.151.108,10.10.0.10,,,443,41505,0,1358,17
1589249421.991357,173.194.151.108,10.10.0.10,,,443,41505,0,1358,17
1589249421.993995,10.10.0.10,173.194.151.108,,,41505,443,0,37,17
1589249422.010335,173.194.151.108,10.10.0.10,,,443,41505,0,1358,17
1589249422.0292974,173.194.151.108,10.10.0.10,,,443,41505,0,1358,17
1589249422.0311198,10.10.0.10,173.194.151.108,,,41505,443,0,37,17
1589249422.048275,173.194.151.108,10.10.0.10,,,443,41505,0,1358,17
1589249422.067239,173.194.151.108,10.10.0.10,,,443,41505,0,1358,17
1589249422.0688481,10.10.0.10,173.194.151.108,,,41505,443,0,37,17
1589249422.086209,173.194.151.108,10.10.0.10,,,443,41505,0,1358,17
1589249422.1051822,173.194.151.108,10.10.0.10,,,443,41505,0,1358,17
1589249422.1069992,10.10.0.10,173.194.151.108,,,41505,443,0,37,17
1589249422.12416,173.194.151.108,10.10.0.10,,,443,41505,0,1358,17
1589249422.143142,173.194.151.108,10.10.0.10,,,443,41505,0,1358,17
1589249422.144975,10.10.0.10,173.194.151.108,,,41505,443,0,37,17
1589249422.1601224,10.10.0.10,173.194.151.108,,,41505,443,0,723,17
1589249422.160346,10.10.0.10,173.194.151.108,,,41505,443,0,48,17
1589249422.1620932,173.194.151.108,10.10.0.10,,,443,41505,0,1358,17
1589249422.1810784,173.194.151.108,10.10.0.10,,,443,41505,0,1358,17
1589249422.183095,10.10.0.10,173.194.151.108,,,41505,443,0,37,17
1589249422.200037,173.194.151.108,10.10.0.10,,,443,41505,0,1358,17
1589249422.219017,173.194.151.108,10.10.0.10,,,443,41505,0,29,17
1589249422.2198648,173.194.151.108,10.10.0.10,,,443,41505,0,1358,17
1589249422.221593,10.10.0.10,173.194.151.108,,,41505,443,0,37,17
1589249422.238837,173.194.151.108,10.10.0.10,,,443,41505,0,1358,17
1589249422.257826,173.194.151.108,10.10.0.10,,,443,41505,0,1358,17
1589249422.259614,10.10.0.10,173.194.151.108,,,41505,443,0,37,17
1589249422.2767892,173.194.151.108,10.10.0.10,,,443,41505,0,1358,17
1589249422.2957652,173.194.151.108,10.10.0.10,,,443,41505,0,1358,17
1589249422.2976122,10.10.0.10,173.194.151.108,,,41505,443,0,37,17
1589249422.31472,173.194.151.108,10.10.0.10,,,443,41505,0,1358,17
1589249422.3337,173.194.151.108,10.10.0.10,,,443,41505,0,1358,17
1589249422.335737,10.10.0.10,173.194.151.108,,,41505,443,0,37,17
1589249422.352663,173.194.151.108,10.10.0.10,,,443,41505,0,1358,17
1589249422.371638,173.194.151.108,10.10.0.10,,,443,41505,0,1358,17
1589249422.373487,10.10.0.10,173.194.151.108,,,41505,443,0,37,17
1589249422.390612,173.194.151.108,10.10.0.10,,,443,41505,0,1358,17
1589249422.409577,173.194.151.108,10.10.0.10,,,443,41505,0,1358,17
1589249422.411463,10.10.0.10,173.194.151.108,,,41505,443,0,37,17
1589249422.4285462,173.194.151.108,10.10.0.10,,,443,41505,0,1358,17
1589249422.447519,173.194.151.108,10.10.0.10,,,443,41505,0,1358,17
1589249422.449482,10.10.0.10,173.194.151.108,,,41505,443,0,37,17
1589249422.466489,173.194.151.108,10.10.0.10,,,443,41505,0,1358,17
1589249422.4854612,173.194.151.108,10.10.0.10,,,443,41505,0,1358,17
1589249422.48709,10.10.0.10,173.194.151.108,,,41505,443,0,37,17
1589249422.5044498,173.194.151.108,10.10.0.10,,,443,41505,0,1358,17
1589249422.523405,173.194.151.108,10.10.0.10,,,443,41505,0,1358,17
1589249422.525335,10.10.0.10,173.194.151.108,,,41505,443,0,37,17
1589249422.5423715,173.194.151.108,10.10.0.10,,,443,41505,0,1358,17
1589249422.5613458,173.194.151.108,10.10.0.10,,,443,41505,0,1358,17
1589249422.563094,10.10.0.10,173.194.151.108,,,41505,443,0,37,17
1589249422.580317,173.194.151.108,10.10.0.10,,,443,41505,0,1358,17
1589249422.5992851,173.194.151.108,10.10.0.10,,,443,41505,0,1358,17
1589249422.601204,10.10.0.10,173.194.151.108,,,41505,443,0,37,17
1589249422.61825,173.194.151.108,10.10.0.10,,,443,41505,0,1358,17
1589249422.637225,173.194.151.108,10.10.0.10,,,443,41505,0,1358,17
1589249422.6395962,10.10.0.10,173.194.151.108,,,41505,443,0,37,17
1589249422.656195,173.194.151.108,10.10.0.10,,,443,41505,0,1358,17
1589249422.6751652,173.194.151.108,10.10.0.10,,,443,41505,0,1358,17
1589249422.6774552,10.10.0.10,173.194.151.108,,,41505,443,0,37,17
1589249422.6941388,173.194.151.108,10.10.0.10,,,443,41505,0,1358,17
1589249422.7131119,173.194.151.108,10.10.0.10,,,443,41505,0,1358,17
1589249422.7149572,10.10.0.10,173.194.151.108,,,41505,443,0,37,17
1589249422.73208,173.194.151.108,10.10.0.10,,,443,41505,0,1358,17
1589249422.751051,173.194.151.108,10.10.0.10,,,443,41505,0,1358,17
1589249422.752572,10.10.0.10,173.194.151.108,,,41505,443,0,37,17
1589249422.770024,173.194.151.108,10.10.0.10,,,443,41505,0,1358,17
1589249422.788993,173.194.151.108,10.10.0.10,,,443,41505,0,1358,17
1589249422.7907238,10.10.0.10,173.194.151.108,,,41505,443,0,37,17
1589249422.8079708,173.194.151.108,10.10.0.10,,,443,41505,0,1358,17
1589249422.8269384,173.194.151.108,10.10.0.10,,,443,41505,0,1358,17
1589249422.828577,10.10.0.10,173.194.151.108,,,41505,443,0,37,17
1589249422.84591,173.194.151.108,10.10.0.10,,,443,41505,0,1358,17
1589249422.864881,173.194.151.108,10.10.0.10,,,443,41505,0,1358,17
1589249422.8665948,10.10.0.10,173.194.151.108,,,41505,443,0,37,17
1589249422.88387,173.194.151.108,10.10.0.10,,,443,41505,0,1358,17
1589249422.902823,173.194.151.108,10.10.0.10,,,443,41505,0,1358,17
1589249422.9059432,10.10.0.10,173.194.151.108,,,41505,443,0,50,17
1589249422.921807,173.194.151.108,10.10.0.10,,,443,41505,0,1358,17
1589249422.9407651,173.194.151.108,10.10.0.10,,,443,41505,0,1358,17
1589249422.943449,10.10.0.10,173.194.151.108,,,41505,443,0,37,17
1589249422.9597318,173.194.151.108,10.10.0.10,,,443,41505,0,1358,17
1589249422.9851172,173.194.151.108,10.10.0.10,,,443,41505,0,1358,17
1589249422.9884472,10.10.0.10,173.194.151.108,,,41505,443,0,37,17
1589249423.010493,173.194.151.108,10.10.0.10,,,443,41505,0,1358,17
1589249423.03584,173.194.151.108,10.10.0.10,,,443,41505,0,1358,17
1589249423.0375721,10.10.0.10,173.194.151.108,,,41505,443,0,37,17
1589249423.0612028,173.194.151.108,10.10.0.10,,,443,41505,0,1358,17
1589249423.08657,173.194.151.108,10.10.0.10,,,443,41505,0,1358,17
1589249423.0893412,10.10.0.10,173.194.151.108,,,41505,443,0,37,17
1589249423.111939,173.194.151.108,10.10.0.10,,,443,41505,0,1358,17
1589249423.137306,173.194.151.108,10.10.0.10,,,443,41505,0,1358,17
1589249423.138943,10.10.0.10,173.194.151.108,,,41505,443,0,37,17
1589249423.1626759,173.194.151.108,10.10.0.10,,,443,41505,0,1358,17
1589249423.188031,173.194.151.108,10.10.0.10,,,443,41505,0,1358,17
1589249423.1897109,10.10.0.10,173.194.151.108,,,41505,443,0,37,17
1589249423.213424,173.194.151.108,10.10.0.10,,,443,41505,0,1358,17
1589249423.2387722,173.194.151.108,10.10.0.10,,,443,41505,0,1358,17
1589249423.2405858,10.10.0.10,173.194.151.108,,,41505,443,0,37,17
1589249423.264138,173.194.151.108,10.10.0.10,,,443,41505,0,1358,17
1589249423.2895026,173.194.151.108,10.10.0.10,,,443,41505,0,1358,17
1589249423.291583,10.10.0.10,173.194.151.108,,,41505,443,0,37,17
1589249423.3148699,173.194.151.108,10.10.0.10,,,443,41505,0,1358,17
1589249423.340238,173.194.151.108,10.10.0.10,,,443,41505,0,1358,17
1589249423.342437,10.10.0.10,173.194.151.108,,,41505,443,0,37,17
1589249423.36561,173.194.151.108,10.10.0.10,,,443,41505,0,1358,17
1589249423.390983,173.194.151.108,10.10.0.10,,,443,41505,0,1358,17
1589249423.3928292,10.10.0.10,173.194.151.108,,,41505,443,0,37,17
1589249423.4163554,173.194.151.108,10.10.0.10,,,443,41505,0,1358,17
1589249423.4417028,173.194.151.108,10.10.0.10,,,443,41505,0,1358,17
1589249423.443581,10.10.0.10,173.194.151.108,,,41505,443,0,37,17
1589249423.467073,173.194.151.108,10.10.0.10,,,443,41505,0,1358,17
1589249423.492438,173.194.151.108,10.10.0.10,,,443,41505,0,1358,17
1589249423.49419,10.10.0.10,173.194.151.108,,,41505,443,0,37,17
1589249423.517809,173.194.151.108,10.10.0.10,,,443,41505,0,1358,17
1589249423.543174,173.194.151.108,10.10.0.10,,,443,41505,0,1358,17
1589249423.545204,10.10.0.10,173.194.151.108,,,41505,443,0,37,17
1589249423.5685391,173.194.151.108,10.10.0.10,,,443,41505,0,1358,17
1589249423.593913,173.194.151.108,10.10.0.10,,,443,41505,0,1358,17
1589249423.5958028,10.10.0.10,173.194.151.108,,,41505,443,0,37,17
1589249423.620031,173.194.151.108,10.10.0.10,,,443,41505,0,1358,17
1589249423.6454,173.194.151.108,10.10.0.10,,,443,41505,0,1358,17
1589249423.646942,10.10.0.10,173.194.151.108,,,41505,443,0,37,17
1589249423.6707866,173.194.151.108,10.10.0.10,,,443,41505,0,1358,17
1589249423.696134,173.194.151.108,10.10.0.10,,,443,41505,0,1358,17
1589249423.697927,10.10.0.10,173.194.151.108,,,41505,443,0,37,17
1589249423.7215009,173.194.151.108,10.10.0.10,,,443,41505,0,1358,17
1589249423.746878,173.194.151.108,10.10.0.10,,,443,41505,0,1358,17
1589249423.748544,10.10.0.10,173.194.151.108,,,41505,443,0,37,17
1589249423.7722359,173.194.151.108,10.10.0.10,,,443,41505,0,1358,17
1589249423.797603,173.194.151.108,10.10.0.10,,,443,41505,0,1358,17
1589249423.7991786,10.10.0.10,173.194.151.108,,,41505,443,0,37,17
1589249423.8229704,173.194.151.108,10.10.0.10,,,443,41505,0,1358,17
1589249423.8483472,173.194.151.108,10.10.0.10,,,443,41505,0,1358,17
1589249423.850069,10.10.0.10,173.194.151.108,,,41505,443,0,37,17
1589249423.873719,173.194.151.108,10.10.0.10,,,443,41505,0,1358,17
1589249423.8990908,173.194.151.108,10.10.0.10,,,443,41505,0,1358,17
1589249423.9025474,10.10.0.10,173.194.151.108,,,41505,443,0,50,17
1589249423.924439,173.194.151.108,10.10.0.10,,,443,41505,0,1358,17
1589249423.9498081,173.194.151.108,10.10.0.10,,,443,41505,0,1358,17
1589249423.951565,10.10.0.10,173.194.151.108,,,41505,443,0,37,17
1589249423.9751716,173.194.151.108,10.10.0.10,,,443,41505,0,1358,17
1589249424.0005386,173.194.151.108,10.10.0.10,,,443,41505,0,1358,17
1589249424.0028784,10.10.0.10,173.194.151.108,,,41505,443,0,37,17
1589249424.0259054,173.194.151.108,10.10.0.10,,,443,41505,0,1358,17
1589249424.0512748,173.194.151.108,10.10.0.10,,,443,41505,0,1358,17
1589249424.052937,10.10.0.10,173.194.151.108,,,41505,443,0,37,17
1589249424.07665,173.194.151.108,10.10.0.10,,,443,41505,0,1358,17
1589249424.1020231,173.194.151.108,10.10.0.10,,,443,41505,0,1358,17
1589249424.1036649,10.10.0.10,173.194.151.108,,,41505,443,0,37,17
1589249424.1273725,173.194.151.108,10.10.0.10,,,443,41505,0,1358,17
1589249424.1527412,173.194.151.108,10.10.0.10,,,443,41505,0,1358,17
1589249424.1549342,10.10.0.10,173.194.151.108,,,41505,443,0,37,17
1589249424.1781068,173.194.151.108,10.10.0.10,,,443,41505,0,1358,17
1589249424.2034724,173.194.151.108,10.10.0.10,,,443,41505,0,1358,17
1589249424.2051618,10.10.0.10,173.194.151.108,,,41505,443,0,37,17
1589249424.2288349,173.194.151.108,10.10.0.10,,,443,41505,0,1358,17
1589249424.25421,173.194.151.108,10.10.0.10,,,443,41505,0,1358,17
1589249424.2559106,10.10.0.10,173.194.151.108,,,41505,443,0,37,17
1589249424.279584,173.194.151.108,10.10.0.10,,,443,41505,0,1358,17
1589249424.3049548,173.194.151.108,10.10.0.10,,,443,41505,0,1358,17
1589249424.306804,10.10.0.10,173.194.151.108,,,41505,443,0,37,17
1589249424.330329,173.194.151.108,10.10.0.10,,,443,41505,0,1358,17
1589249424.3556721,173.194.151.108,10.10.0.10,,,443,41505,0,1358,17
1589249424.35743,10.10.0.10,173.194.151.108,,,41505,443,0,37,17
1589249424.381041,173.194.151.108,10.10.0.10,,,443,41505,0,1358,17
1589249424.4064062,173.194.151.108,10.10.0.10,,,443,41505,0,1358,17
1589249424.408155,10.10.0.10,173.194.151.108,,,41505,443,0,37,17
1589249424.4317741,173.194.151.108,10.10.0.10,,,443,41505,0,1358,17
1589249424.4571388,173.194.151.108,10.10.0.10,,,443,41505,0,1358,17
1589249424.4590292,10.10.0.10,173.194.151.108,,,41505,443,0,37,17
1589249424.482511,173.194.151.108,10.10.0.10,,,443,41505,0,1358,17
1589249424.5078864,173.194.151.108,10.10.0.10,,,443,41505,0,1358,17
1589249424.523535,10.10.0.10,173.194.151.108,,,41505,443,0,37,17
1589249424.533242,173.194.151.108,10.10.0.10,,,443,41505,0,1358,17
1589249424.5586052,173.194.151.108,10.10.0.10,,,443,41505,0,1358,17
1589249424.5604231,10.10.0.10,173.194.151.108,,,41505,443,0,37,17
1589249424.578903,10.10.0.10,173.194.151.108,,,41505,443,0,722,17
1589249424.578929,10.10.0.10,173.194.151.108,,,41505,443,0,48,17
1589249424.5839732,173.194.151.108,10.10.0.10,,,443,41505,0,1358,17
1589249424.6093411,173.194.151.108,10.10.0.10,,,443,41505,0,1358,17
1589249424.611016,10.10.0.10,173.194.151.108,,,41505,443,0,37,17
1589249424.634705,173.194.151.108,10.10.0.10,,,443,41505,0,1358,17
1589249424.6600704,173.194.151.108,10.10.0.10,,,443,41505,0,1358,17
1589249424.661795,10.10.0.10,173.194.151.108,,,41505,443,0,37,17
1589249424.6854362,173.194.151.108,10.10.0.10,,,443,41505,0,1358,17
1589249424.7108214,173.194.151.108,10.10.0.10,,,443,41505,0,1358,17
1589249424.712529,10.10.0.10,173.194.151.108,,,41505,443,0,37,17
1589249424.7361698,173.194.151.108,10.10.0.10,,,443,41505,0,1358,17
1589249424.761539,173.194.151.108,10.10.0.10,,,443,41505,0,29,17
1589249424.7626948,173.194.151.108,10.10.0.10,,,443,41505,0,1358,17
1589249424.7645214,10.10.0.10,173.194.151.108,,,41505,443,0,37,17
1589249424.788053,173.194.151.108,10.10.0.10,,,443,41505,0,1358,17
1589249424.8134198,173.194.151.108,10.10.0.10,,,443,41505,0,1358,17
1589249424.815022,10.10.0.10,173.194.151.108,,,41505,443,0,37,17
1589249424.8387866,173.194.151.108,10.10.0.10,,,443,41505,0,1358,17
1589249424.864151,173.194.151.108,10.10.0.10,,,443,41505,0,1358,17
1589249424.865912,10.10.0.10,173.194.151.108,,,41505,443,0,37,17
1589249424.8895226,173.194.151.108,10.10.0.10,,,443,41505,0,1358,17
1589249424.9148884,173.194.151.108,10.10.0.10,,,443,41505,0,1358,17
1589249424.916643,10.10.0.10,173.194.151.108,,,41505,443,0,37,17
1589249424.9402509,173.194.151.108,10.10.0.10,,,443,41505,0,1358,17
1589249424.9656231,173.194.151.108,10.10.0.10,,,443,41505,0,1358,17
1589249424.968536,10.10.0.10,173.194.151.108,,,41505,443,0,37,17
1589249424.990998,173.194.151.108,10.10.0.10,,,443,41505,0,1358,17
1589249425.0163708,173.194.151.108,10.10.0.10,,,443,41505,0,1358,17
1589249425.017888,10.10.0.10,173.194.151.108,,,41505,443,0,37,17
1589249425.0417252,173.194.151.108,10.10.0.10,,,443,41505,0,1358,17
1589249425.0670884,173.194.151.108,10.10.0.10,,,443,41505,0,1358,17
1589249425.0687642,10.10.0.10,173.194.151.108,,,41505,443,0,37,17
1589249425.092457,173.194.151.108,10.10.0.10,,,443,41505,0,1358,17
1589249425.117825,173.194.151.108,10.10.0.10,,,443,41505,0,1358,17
1589249425.11976,10.10.0.10,173.194.151.108,,,41505,443,0,37,17
1589249425.143184,173.194.151.108,10.10.0.10,,,443,41505,0,1358,17
1589249425.1685581,173.194.151.108,10.10.0.10,,,443,41505,0,1358,17
1589249425.170259,10.10.0.10,173.194.151.108,,,41505,443,0,37,17
1589249425.1939304,173.194.151.108,10.10.0.10,,,443,41505,0,1358,17
1589249425.2193036,173.194.151.108,10.10.0.10,,,443,41505,0,1358,17
1589249425.221632,10.10.0.10,173.194.151.108,,,41505,443,0,37,17
1589249425.244679,173.194.151.108,10.10.0.10,,,443,41505,0,1358,17
1589249425.270025,173.194.151.108,10.10.0.10,,,443,41505,0,1358,17
1589249425.2716498,10.10.0.10,173.194.151.108,,,41505,443,0,37,17
1589249425.295391,173.194.151.108,10.10.0.10,,,443,41505,0,1358,17
1589249425.320762,173.194.151.108,10.10.0.10,,,443,41505,0,1358,17
1589249425.322649,10.10.0.10,173.194.151.108,,,41505,443,0,37,17
1589249425.346123,173.194.151.108,10.10.0.10,,,443,41505,0,1358,17
1589249425.371491,173.194.151.108,10.10.0.10,,,443,41505,0,1358,17
1589249425.3732722,10.10.0.10,173.194.151.108,,,41505,443,0,37,17
1589249425.39686,173.194.151.108,10.10.0.10,,,443,41505,0,1358,17
1589249425.4222348,173.194.151.108,10.10.0.10,,,443,41505,0,1358,17
1589249425.423742,10.10.0.10,173.194.151.108,,,41505,443,0,37,17
1589249425.447592,173.194.151.108,10.10.0.10,,,443,41505,0,1358,17
1589249425.472958,173.194.151.108,10.10.0.10,,,443,41505,0,1358,17
1589249425.4745,10.10.0.10,173.194.151.108,,,41505,443,0,37,17
1589249425.498323,173.194.151.108,10.10.0.10,,,443,41505,0,1358,17
1589249425.523691,173.194.151.108,10.10.0.10,,,443,41505,0,1358,17
1589249425.5253751,10.10.0.10,173.194.151.108,,,41505,443,0,37,17
1589249425.549057,173.194.151.108,10.10.0.10,,,443,41505,0,1358,17
1589249425.574426,173.194.151.108,10.10.0.10,,,443,41505,0,1358,17
1589249425.5762658,10.10.0.10,173.194.151.108,,,41505,443,0,50,17
1589249425.5997946,173.194.151.108,10.10.0.10,,,443,41505,0,1358,17
1589249425.625154,173.194.151.108,10.10.0.10,,,443,41505,0,1358,17
1589249425.6298668,10.10.0.10,173.194.151.108,,,41505,443,0,37,17
1589249425.650526,173.194.151.108,10.10.0.10,,,443,41505,0,1358,17
1589249425.675912,173.194.151.108,10.10.0.10,,,443,41505,0,1358,17
1589249425.6774876,10.10.0.10,173.194.151.108,,,41505,443,0,37,17
1589249425.701261,173.194.151.108,10.10.0.10,,,443,41505,0,29,17
1589249425.702416,173.194.151.108,10.10.0.10,,,443,41505,0,1358,17
1589249425.727769,173.194.151.108,10.10.0.10,,,443,41505,0,1358,17
1589249425.729247,10.10.0.10,173.194.151.108,,,41505,443,0,37,17
1589249425.7531376,173.194.151.108,10.10.0.10,,,443,41505,0,1358,17
1589249425.778503,173.194.151.108,10.10.0.10,,,443,41505,0,1358,17
1589249425.803876,173.194.151.108,10.10.0.10,,,443,41505,0,1358,17
1589249425.8075151,10.10.0.10,173.194.151.108,,,41505,443,0,37,17
1589249425.82924,173.194.151.108,10.10.0.10,,,443,41505,0,1358,17
1589249425.831239,10.10.0.10,173.194.151.108,,,41505,443,0,37,17
1589249425.854608,173.194.151.108,10.10.0.10,,,443,41505,0,1358,17
1589249425.879968,173.194.151.108,10.10.0.10,,,443,41505,0,1358,17
1589249425.8817382,10.10.0.10,173.194.151.108,,,41505,443,0,37,17
1589249425.9053464,173.194.151.108,10.10.0.10,,,443,41505,0,1358,17
1589249425.930721,173.194.151.108,10.10.0.10,,,443,41505,0,1358,17
1589249425.932632,10.10.0.10,173.194.151.108,,,41505,443,0,37,17
1589249425.9560678,173.194.151.108,10.10.0.10,,,443,41505,0,1358,17
1589249425.981442,173.194.151.108,10.10.0.10,,,443,41505,0,1358,17
1589249425.9836302,10.10.0.10,173.194.151.108,,,41505,443,0,37,17
1589249426.006807,173.194.151.108,10.10.0.10,,,443,41505,0,1358,17
1589249426.032177,173.194.151.108,10.10.0.10,,,443,41505,0,1358,17
1589249426.033735,10.10.0.10,173.194.151.108,,,41505,443,0,37,17
1589249426.0575411,173.194.151.108,10.10.0.10,,,443,41505,0,1358,17
1589249426.0829082,173.194.151.108,10.10.0.10,,,443,41505,0,1358,17
1589249426.084733,10.10.0.10,173.194.151.108,,,41505,443,0,37,17
1589249426.1082802,173.194.151.108,10.10.0.10,,,443,41505,0,1358,17
1589249426.133657,173.194.151.108,10.10.0.10,,,443,41505,0,1358,17
1589249426.135365,10.10.0.10,173.194.151.108,,,41505,443,0,37,17
1589249426.159025,173.194.151.108,10.10.0.10,,,443,41505,0,1358,17
1589249426.1843731,173.194.151.108,10.10.0.10,,,443,41505,0,1358,17
1589249426.1859708,10.10.0.10,173.194.151.108,,,41505,443,0,37,17
1589249426.209743,173.194.151.108,10.10.0.10,,,443,41505,0,1358,17
1589249426.235107,173.194.151.108,10.10.0.10,,,443,41505,0,1358,17
1589249426.236999,10.10.0.10,173.194.151.108,,,41505,443,0,37,17
1589249426.2604759,173.194.151.108,10.10.0.10,,,443,41505,0,1358,17
1589249426.285842,173.194.151.108,10.10.0.10,,,443,41505,0,1358,17
1589249426.287621,10.10.0.10,173.194.151.108,,,41505,443,0,37,17
1589249426.311213,173.194.151.108,10.10.0.10,,,443,41505,0,1358,17
1589249426.336571,173.194.151.108,10.10.0.10,,,443,41505,0,1358,17
1589249426.338369,10.10.0.10,173.194.151.108,,,41505,443,0,37,17
1589249426.361959,173.194.151.108,10.10.0.10,,,443,41505,0,1358,17
1589249426.387311,173.194.151.108,10.10.0.10,,,443,41505,0,1358,17
1589249426.388993,10.10.0.10,173.194.151.108,,,41505,443,0,37,17
1589249426.41267,173.194.151.108,10.10.0.10,,,443,41505,0,1358,17
1589249426.4380429,173.194.151.108,10.10.0.10,,,443,41505,0,1358,17
1589249426.4397216,10.10.0.10,173.194.151.108,,,41505,443,0,37,17
1589249426.4634109,173.194.151.108,10.10.0.10,,,443,41505,0,1358,17
1589249426.488776,173.194.151.108,10.10.0.10,,,443,41505,0,1358,17
1589249426.49049,10.10.0.10,173.194.151.108,,,41505,443,0,37,17
1589249426.514144,173.194.151.108,10.10.0.10,,,443,41505,0,1358,17
1589249426.5395179,173.194.151.108,10.10.0.10,,,443,41505,0,1358,17
1589249426.541594,10.10.0.10,173.194.151.108,,,41505,443,0,37,17
1589249426.5648901,173.194.151.108,10.10.0.10,,,443,41505,0,1358,17
1589249426.5902634,173.194.151.108,10.10.0.10,,,443,41505,0,1358,17
1589249426.5919714,10.10.0.10,173.194.151.108,,,41505,443,0,50,17
1589249426.61561,173.194.151.108,10.10.0.10,,,443,41505,0,1358,17
1589249426.640974,173.194.151.108,10.10.0.10,,,443,41505,0,1358,17
1589249426.642966,10.10.0.10,173.194.151.108,,,41505,443,0,37,17
1589249426.666344,173.194.151.108,10.10.0.10,,,443,41505,0,1358,17
1589249426.6917028,173.194.151.108,10.10.0.10,,,443,41505,0,1358,17
1589249426.6933134,10.10.0.10,173.194.151.108,,,41505,443,0,37,17
1589249426.7170758,173.194.151.108,10.10.0.10,,,443,41505,0,29,17
1589249426.718225,173.194.151.108,10.10.0.10,,,443,41505,0,1358,17
1589249426.743592,173.194.151.108,10.10.0.10,,,443,41505,0,1358,17
1589249426.7453306,10.10.0.10,173.194.151.108,,,41505,443,0,37,17
1589249426.7689571,173.194.151.108,10.10.0.10,,,443,41505,0,1358,17
1589249426.794326,173.194.151.108,10.10.0.10,,,443,41505,0,1358,17
1589249426.795941,10.10.0.10,173.194.151.108,,,41505,443,0,37,17
1589249426.8196929,173.194.151.108,10.10.0.10,,,443,41505,0,1358,17
1589249426.8450696,173.194.151.108,10.10.0.10,,,443,41505,0,1358,17
1589249426.846585,10.10.0.10,173.194.151.108,,,41505,443,0,37,17
1589249426.870425,173.194.151.108,10.10.0.10,,,443,41505,0,1358,17
1589249426.895792,173.194.151.108,10.10.0.10,,,443,41505,0,1358,17
1589249426.897584,10.10.0.10,173.194.151.108,,,41505,443,0,37,17
1589249426.921158,173.194.151.108,10.10.0.10,,,443,41505,0,1358,17
1589249426.9465199,173.194.151.108,10.10.0.10,,,443,41505,0,1358,17
1589249426.9504569,10.10.0.10,173.194.151.108,,,41505,443,0,37,17
1589249426.971891,173.194.151.108,10.10.0.10,,,443,41505,0,1358,17
1589249426.997258,173.194.151.108,10.10.0.10,,,443,41505,0,1358,17
1589249426.9988544,10.10.0.10,173.194.151.108,,,41505,443,0,37,17
1589249427.02263,173.194.151.108,10.10.0.10,,,443,41505,0,1358,17
1589249427.047987,173.194.151.108,10.10.0.10,,,443,41505,0,1358,17
1589249427.049446,10.10.0.10,173.194.151.108,,,41505,443,0,37,17
1589249427.073376,173.194.151.108,10.10.0.10,,,443,41505,0,1358,17
1589249427.098723,173.194.151.108,10.10.0.10,,,443,41505,0,1358,17
1589249427.1005974,10.10.0.10,173.194.151.108,,,41505,443,0,37,17
1589249427.124086,173.194.151.108,10.10.0.10,,,443,41505,0,1358,17
1589249427.149461,173.194.151.108,10.10.0.10,,,443,41505,0,1358,17
1589249427.1512198,10.10.0.10,173.194.151.108,,,41505,443,0,37,17
1589249427.174825,173.194.151.108,10.10.0.10,,,443,41505,0,1358,17
1589249427.200194,173.194.151.108,10.10.0.10,,,443,41505,0,1358,17
1589249427.202201,10.10.0.10,173.194.151.108,,,41505,443,0,37,17
1589249427.225558,173.194.151.108,10.10.0.10,,,443,41505,0,1358,17
1589249427.2509315,173.194.151.108,10.10.0.10,,,443,41505,0,1358,17
1589249427.252846,10.10.0.10,173.194.151.108,,,41505,443,0,37,17
1589249427.2763069,173.194.151.108,10.10.0.10,,,443,41505,0,1358,17
1589249427.30166,173.194.151.108,10.10.0.10,,,443,41505,0,1358,17
1589249427.303593,10.10.0.10,173.194.151.108,,,41505,443,0,37,17
1589249427.327025,173.194.151.108,10.10.0.10,,,443,41505,0,1358,17
1589249427.3523939,173.194.151.108,10.10.0.10,,,443,41505,0,1358,17
1589249427.354073,10.10.0.10,173.194.151.108,,,41505,443,0,37,17
1589249427.37776,173.194.151.108,10.10.0.10,,,443,41505,0,1358,17
1589249427.403125,173.194.151.108,10.10.0.10,,,443,41505,0,1358,17
1589249427.404695,10.10.0.10,173.194.151.108,,,41505,443,0,37,17
1589249427.4284961,173.194.151.108,10.10.0.10,,,443,41505,0,1358,17
1589249427.453865,173.194.151.108,10.10.0.10,,,443,41505,0,1358,17
1589249427.455462,10.10.0.10,173.194.151.108,,,41505,443,0,37,17
1589249427.479223,173.194.151.108,10.10.0.10,,,443,41505,0,1358,17
1589249427.504591,173.194.151.108,10.10.0.10,,,443,41505,0,1358,17
1589249427.506424,10.10.0.10,173.194.151.108,,,41505,443,0,37,17
1589249427.529958,173.194.151.108,10.10.0.10,,,443,41505,0,1358,17
1589249427.555325,173.194.151.108,10.10.0.10,,,443,41505,0,1358,17
1589249427.556963,10.10.0.10,173.194.151.108,,,41505,443,0,37,17
1589249427.5806901,173.194.151.108,10.10.0.10,,,443,41505,0,1358,17
1589249427.582433,10.10.0.10,173.194.151.108,,,41505,443,0,53,17
1589249427.6060588,173.194.151.108,10.10.0.10,,,443,41505,0,1358,17
1589249427.6077929,10.10.0.10,173.194.151.108,,,41505,443,0,40,17
1589249427.6314259,173.194.151.108,10.10.0.10,,,443,41505,0,1358,17
1589249427.6377158,10.10.0.10,173.194.151.108,,,41505,443,0,40,17
1589249427.6567948,173.194.151.108,10.10.0.10,,,443,41505,0,1358,17
1589249427.6583052,10.10.0.10,173.194.151.108,,,41505,443,0,40,17
1589249427.682169,173.194.151.108,10.10.0.10,,,443,41505,0,1358,17
1589249427.7075412,173.194.151.108,10.10.0.10,,,443,41505,0,1358,17
1589249427.709185,10.10.0.10,173.194.151.108,,,41505,443,0,37,17
1589249427.7328932,173.194.151.108,10.10.0.10,,,443,41505,0,1358,17
1589249427.7582624,173.194.151.108,10.10.0.10,,,443,41505,0,1358,17
1589249427.7598119,10.10.0.10,173.194.151.108,,,41505,443,0,37,17
1589249427.7836258,173.194.151.108,10.10.0.10,,,443,41505,0,1358,17
1589249427.8089938,173.194.151.108,10.10.0.10,,,443,41505,0,1358,17
1589249427.81056,10.10.0.10,173.194.151.108,,,41505,443,0,37,17
1589249427.834362,173.194.151.108,10.10.0.10,,,443,41505,0,1358,17
1589249427.8597288,173.194.151.108,10.10.0.10,,,443,41505,0,1358,17
1589249427.861577,10.10.0.10,173.194.151.108,,,41505,443,0,37,17
1589249427.885104,173.194.151.108,10.10.0.10,,,443,41505,0,1358,17
1589249427.9104762,173.194.151.108,10.10.0.10,,,443,41505,0,1358,17
1589249427.912186,10.10.0.10,173.194.151.108,,,41505,443,0,37,17
1589249427.935849,173.194.151.108,10.10.0.10,,,443,41505,0,1358,17
1589249427.961198,173.194.151.108,10.10.0.10,,,443,41505,0,1358,17
1589249427.9649315,10.10.0.10,173.194.151.108,,,41505,443,0,37,17
1589249427.975167,173.194.151.108,10.10.0.10,,,443,41505,0,1358,17
1589249427.9891398,173.194.151.108,10.10.0.10,,,443,41505,0,1358,17
1589249427.9906962,10.10.0.10,173.194.151.108,,,41505,443,0,37,17
1589249428.0031116,173.194.151.108,10.10.0.10,,,443,41505,0,1358,17
1589249428.017085,173.194.151.108,10.10.0.10,,,443,41505,0,1358,17
1589249428.018697,10.10.0.10,173.194.151.108,,,41505,443,0,37,17
1589249428.0310578,173.194.151.108,10.10.0.10,,,443,41505,0,1358,17
1589249428.045034,173.194.151.108,10.10.0.10,,,443,41505,0,1358,17
1589249428.046925,10.10.0.10,173.194.151.108,,,41505,443,0,37,17
1589249428.059,173.194.151.108,10.10.0.10,,,443,41505,0,1358,17
1589249428.072977,173.194.151.108,10.10.0.10,,,443,41505,0,1358,17
1589249428.0749269,10.10.0.10,173.194.151.108,,,41505,443,0,37,17
1589249428.0869439,173.194.151.108,10.10.0.10,,,443,41505,0,1358,17
1589249428.100918,173.194.151.108,10.10.0.10,,,443,41505,0,1358,17
1589249428.1028,10.10.0.10,173.194.151.108,,,41505,443,0,37,17
1589249428.1149068,173.194.151.108,10.10.0.10,,,443,41505,0,1358,17
1589249428.128865,173.194.151.108,10.10.0.10,,,443,41505,0,1358,17
1589249428.130944,10.10.0.10,173.194.151.108,,,41505,443,0,37,17
1589249428.142854,173.194.151.108,10.10.0.10,,,443,41505,0,1358,17
1589249428.1568089,173.194.151.108,10.10.0.10,,,443,41505,0,1358,17
1589249428.1585689,10.10.0.10,173.194.151.108,,,41505,443,0,37,17
1589249428.1707802,173.194.151.108,10.10.0.10,,,443,41505,0,1358,17
1589249428.184754,173.194.151.108,10.10.0.10,,,443,41505,0,1358,17
1589249428.186429,10.10.0.10,173.194.151.108,,,41505,443,0,37,17
1589249428.1987262,173.194.151.108,10.10.0.10,,,443,41505,0,1358,17
1589249428.212717,173.194.151.108,10.10.0.10,,,443,41505,0,1358,17
1589249428.214911,10.10.0.10,173.194.151.108,,,41505,443,0,37,17
1589249428.22667,173.194.151.108,10.10.0.10,,,443,41505,0,1358,17
1589249428.2406552,173.194.151.108,10.10.0.10,,,443,41505,0,1358,17
1589249428.242545,10.10.0.10,173.194.151.108,,,41505,443,0,37,17
1589249428.254615,173.194.151.108,10.10.0.10,,,443,41505,0,1358,17
1589249428.268594,173.194.151.108,10.10.0.10,,,443,41505,0,1358,17
1589249428.2706692,10.10.0.10,173.194.151.108,,,41505,443,0,50,17
1589249428.2825642,173.194.151.108,10.10.0.10,,,443,41505,0,1358,17
1589249428.296532,173.194.151.108,10.10.0.10,,,443,41505,0,1358,17
1589249428.2986689,10.10.0.10,173.194.151.108,,,41505,443,0,37,17
1589249428.310504,173.194.151.108,10.10.0.10,,,443,41505,0,1358,17
1589249428.32448,173.194.151.108,10.10.0.10,,,443,41505,0,1358,17
1589249428.32619,10.10.0.10,173.194.151.108,,,41505,443,0,37,17
1589249428.338463,173.194.151.108,10.10.0.10,,,443,41505,0,1358,17
1589249428.352416,173.194.151.108,10.10.0.10,,,443,41505,0,1358,17
1589249428.3664,173.194.151.108,10.10.0.10,,,443,41505,0,1358,17
1589249428.3686864,10.10.0.10,173.194.151.108,,,41505,443,0,37,17
1589249428.380367,173.194.151.108,10.10.0.10,,,443,41505,0,1358,17
1589249428.38206,10.10.0.10,173.194.151.108,,,41505,443,0,37,17
1589249428.3943384,173.194.151.108,10.10.0.10,,,443,41505,0,29,17
1589249428.394973,173.194.151.108,10.10.0.10,,,443,41505,0,1358,17
1589249428.4089608,173.194.151.108,10.10.0.10,,,443,41505,0,1358,17
1589249428.410666,10.10.0.10,173.194.151.108,,,41505,443,0,37,17
1589249428.422915,173.194.151.108,10.10.0.10,,,443,41505,0,1358,17
1589249428.436897,173.194.151.108,10.10.0.10,,,443,41505,0,1358,17
1589249428.4385388,10.10.0.10,173.194.151.108,,,41505,443,0,37,17
1589249428.4508624,173.194.151.108,10.10.0.10,,,443,41505,0,1358,17
1589249428.464836,173.194.151.108,10.10.0.10,,,443,41505,0,1358,17
1589249428.466434,10.10.0.10,173.194.151.108,,,41505,443,0,37,17
1589249428.478808,173.194.151.108,10.10.0.10,,,443,41505,0,1358,17
1589249428.4927769,173.194.151.108,10.10.0.10,,,443,41505,0,1358,17
1589249428.4945571,10.10.0.10,173.194.151.108,,,41505,443,0,37,17
1589249428.5067492,173.194.151.108,10.10.0.10,,,443,41505,0,1358,17
1589249428.5207224,173.194.151.108,10.10.0.10,,,443,41505,0,1358,17
1589249428.5224118,10.10.0.10,173.194.151.108,,,41505,443,0,37,17
1589249428.5347102,173.194.151.108,10.10.0.10,,,443,41505,0,1358,17
1589249428.5486634,173.194.151.108,10.10.0.10,,,443,41505,0,1358,17
1589249428.5502748,10.10.0.10,173.194.151.108,,,41505,443,0,37,17
1589249428.562635,173.194.151.108,10.10.0.10,,,443,41505,0,1358,17
1589249428.5766098,173.194.151.108,10.10.0.10,,,443,41505,0,1358,17
1589249428.578307,10.10.0.10,173.194.151.108,,,41505,443,0,37,17
1589249428.590588,173.194.151.108,10.10.0.10,,,443,41505,0,1358,17
1589249428.604554,173.194.151.108,10.10.0.10,,,443,41505,0,1358,17
1589249428.6061618,10.10.0.10,173.194.151.108,,,41505,443,0,37,17
1589249428.6185286,173.194.151.108,10.10.0.10,,,443,41505,0,1358,17
1589249428.632494,173.194.151.108,10.10.0.10,,,443,41505,0,1358,17
1589249428.634034,10.10.0.10,173.194.151.108,,,41505,443,0,37,17
1589249428.646471,173.194.151.108,10.10.0.10,,,443,41505,0,1358,17
1589249428.6604366,173.194.151.108,10.10.0.10,,,443,41505,0,1358,17
1589249428.6621332,10.10.0.10,173.194.151.108,,,41505,443,0,37,17
1589249428.674417,173.194.151.108,10.10.0.10,,,443,41505,0,1358,17
1589249428.690079,173.194.151.108,10.10.0.10,,,443,41505,0,1358,17
1589249428.691653,10.10.0.10,173.194.151.108,,,41505,443,0,37,17
1589249428.704039,173.194.151.108,10.10.0.10,,,443,41505,0,1358,17
1589249428.718014,173.194.151.108,10.10.0.10,,,443,41505,0,1358,17
1589249428.719544,10.10.0.10,173.194.151.108,,,41505,443,0,37,17
1589249428.7319868,173.194.151.108,10.10.0.10,,,443,41505,0,1358,17
1589249428.745961,173.194.151.108,10.10.0.10,,,443,41505,0,1358,17
1589249428.747676,10.10.0.10,173.194.151.108,,,41505,443,0,37,17
1589249428.759957,173.194.151.108,10.10.0.10,,,443,41505,0,1358,17
1589249428.7739036,173.194.151.108,10.10.0.10,,,443,41505,0,1358,17
1589249428.7769241,10.10.0.10,173.194.151.108,,,41505,443,0,37,17
1589249428.787888,173.194.151.108,10.10.0.10,,,443,41505,0,1358,17
1589249428.801846,173.194.151.108,10.10.0.10,,,443,41505,0,1358,17
1589249428.80353,10.10.0.10,173.194.151.108,,,41505,443,0,37,17
1589249428.8158278,173.194.151.108,10.10.0.10,,,443,41505,0,1358,17
1589249428.829793,173.194.151.108,10.10.0.10,,,443,41505,0,1358,17
1589249428.831657,10.10.0.10,173.194.151.108,,,41505,443,0,50,17
1589249428.8437636,173.194.151.108,10.10.0.10,,,443,41505,0,1358,17
1589249428.857738,173.194.151.108,10.10.0.10,,,443,41505,0,1358,17
1589249428.8596554,10.10.0.10,173.194.151.108,,,41505,443,0,37,17
1589249428.871707,173.194.151.108,10.10.0.10,,,443,41505,0,1358,17
1589249428.8856974,173.194.151.108,10.10.0.10,,,443,41505,0,1358,17
1589249428.8890312,10.10.0.10,173.194.151.108,,,41505,443,0,37,17
1589249428.8996534,173.194.151.108,10.10.0.10,,,443,41505,0,1358,17
1589249428.9136329,173.194.151.108,10.10.0.10,,,443,41505,0,1358,17
1589249428.915142,10.10.0.10,173.194.151.108,,,41505,443,0,37,17
1589249428.927597,173.194.151.108,10.10.0.10,,,443,41505,0,1358,17
1589249428.9415731,173.194.151.108,10.10.0.10,,,443,41505,0,1358,17
1589249428.9431412,10.10.0.10,173.194.151.108,,,41505,443,0,37,17
1589249428.9555411,173.194.151.108,10.10.0.10,,,443,41505,0,1358,17
1589249428.9695148,173.194.151.108,10.10.0.10,,,443,41505,0,1358,17
1589249428.971139,10.10.0.10,173.194.151.108,,,41505,443,0,37,17
1589249428.983507,173.194.151.108,10.10.0.10,,,443,41505,0,1358,17
1589249428.9974618,173.194.151.108,10.10.0.10,,,443,41505,0,1358,17
1589249428.99889,10.10.0.10,173.194.151.108,,,41505,443,0,37,17
1589249429.0114439,173.194.151.108,10.10.0.10,,,443,41505,0,1358,17
1589249429.027083,173.194.151.108,10.10.0.10,,,443,41505,0,1358,17
1589249429.029023,10.10.0.10,173.194.151.108,,,41505,443,0,37,17
1589249429.041068,173.194.151.108,10.10.0.10,,,443,41505,0,1358,17
1589249429.0550258,173.194.151.108,10.10.0.10,,,443,41505,0,1358,17
1589249429.0567641,10.10.0.10,173.194.151.108,,,41505,443,0,37,17
1589249429.0690038,173.194.151.108,10.10.0.10,,,443,41505,0,1358,17
1589249429.0829706,173.194.151.108,10.10.0.10,,,443,41505,0,1358,17
1589249429.0851386,10.10.0.10,173.194.151.108,,,41505,443,0,37,17
1589249429.0969439,173.194.151.108,10.10.0.10,,,443,41505,0,1358,17
1589249429.110915,173.194.151.108,10.10.0.10,,,443,41505,0,1358,17
1589249429.1126692,10.10.0.10,173.194.151.108,,,41505,443,0,37,17
1589249429.1248894,173.194.151.108,10.10.0.10,,,443,41505,0,1358,17
1589249429.1388776,173.194.151.108,10.10.0.10,,,443,41505,0,1358,17
1589249429.140512,10.10.0.10,173.194.151.108,,,41505,443,0,37,17
1589249429.152835,173.194.151.108,10.10.0.10,,,443,41505,0,1358,17
1589249429.166816,173.194.151.108,10.10.0.10,,,443,41505,0,1358,17
1589249429.1686418,10.10.0.10,173.194.151.108,,,41505,443,0,37,17
1589249429.180783,173.194.151.108,10.10.0.10,,,443,41505,0,1358,17
1589249429.194752,173.194.151.108,10.10.0.10,,,443,41505,0,1358,17
1589249429.1965196,10.10.0.10,173.194.151.108,,,41505,443,0,37,17
1589249429.208722,173.194.151.108,10.10.0.10,,,443,41505,0,1358,17
1589249429.2226946,173.194.151.108,10.10.0.10,,,443,41505,0,1358,17
1589249429.225141,10.10.0.10,173.194.151.108,,,41505,443,0,37,17
1589249429.236662,173.194.151.108,10.10.0.10,,,443,41505,0,1358,17
1589249429.250639,173.194.151.108,10.10.0.10,,,443,41505,0,1358,17
1589249429.2525358,10.10.0.10,173.194.151.108,,,41505,443,0,37,17
1589249429.2646232,173.194.151.108,10.10.0.10,,,443,41505,0,1358,17
1589249429.2785866,173.194.151.108,10.10.0.10,,,443,41505,0,1358,17
1589249429.2804089,10.10.0.10,173.194.151.108,,,41505,443,0,37,17
1589249429.2925642,173.194.151.108,10.10.0.10,,,443,41505,0,1358,17
1589249429.306531,173.194.151.108,10.10.0.10,,,443,41505,0,1358,17
1589249429.308536,10.10.0.10,173.194.151.108,,,41505,443,0,37,17
1589249429.322187,173.194.151.108,10.10.0.10,,,443,41505,0,1358,17
1589249429.3361492,173.194.151.108,10.10.0.10,,,443,41505,0,1358,17
1589249429.338033,10.10.0.10,173.194.151.108,,,41505,443,0,37,17
1589249429.350123,173.194.151.108,10.10.0.10,,,443,41505,0,1358,17
1589249429.3640964,173.194.151.108,10.10.0.10,,,443,41505,0,1358,17
1589249429.365762,10.10.0.10,173.194.151.108,,,41505,443,0,37,17
1589249429.378071,173.194.151.108,10.10.0.10,,,443,41505,0,1358,17
1589249429.39204,173.194.151.108,10.10.0.10,,,443,41505,0,1358,17
1589249429.3943868,10.10.0.10,173.194.151.108,,,41505,443,0,50,17
1589249429.406013,173.194.151.108,10.10.0.10,,,443,41505,0,1358,17
1589249429.419981,173.194.151.108,10.10.0.10,,,443,41505,0,1358,17
1589249429.421905,10.10.0.10,173.194.151.108,,,41505,443,0,37,17
1589249429.433959,173.194.151.108,10.10.0.10,,,443,41505,0,1358,17
1589249429.4479349,173.194.151.108,10.10.0.10,,,443,41505,0,1358,17
1589249429.4497795,10.10.0.10,173.194.151.108,,,41505,443,0,37,17
1589249429.4618974,173.194.151.108,10.10.0.10,,,443,41505,0,1358,17
1589249429.475873,173.194.151.108,10.10.0.10,,,443,41505,0,1358,17
1589249429.477509,10.10.0.10,173.194.151.108,,,41505,443,0,37,17
1589249429.489846,173.194.151.108,10.10.0.10,,,443,41505,0,1358,17
1589249429.5038168,173.194.151.108,10.10.0.10,,,443,41505,0,1358,17
1589249429.505508,10.10.0.10,173.194.151.108,,,41505,443,0,37,17
1589249429.517806,173.194.151.108,10.10.0.10,,,443,41505,0,29,17
1589249429.5184221,173.194.151.108,10.10.0.10,,,443,41505,0,1358,17
1589249429.532397,173.194.151.108,10.10.0.10,,,443,41505,0,1358,17
1589249429.534153,10.10.0.10,173.194.151.108,,,41505,443,0,37,17
1589249429.5463722,173.194.151.108,10.10.0.10,,,443,41505,0,1358,17
1589249429.56034,173.194.151.108,10.10.0.10,,,443,41505,0,1358,17
1589249429.5621278,10.10.0.10,173.194.151.108,,,41505,443,0,37,17
1589249429.5743165,173.194.151.108,10.10.0.10,,,443,41505,0,1358,17
1589249429.5882866,173.194.151.108,10.10.0.10,,,443,41505,0,1358,17
1589249429.5905151,10.10.0.10,173.194.151.108,,,41505,443,0,37,17
1589249429.6022608,173.194.151.108,10.10.0.10,,,443,41505,0,1358,17
1589249429.6162288,173.194.151.108,10.10.0.10,,,443,41505,0,1358,17
1589249429.6302042,173.194.151.108,10.10.0.10,,,443,41505,0,1358,17
1589249429.6434774,10.10.0.10,173.194.151.108,,,41505,443,0,37,17
1589249429.6441708,173.194.151.108,10.10.0.10,,,443,41505,0,1358,17
1589249429.646841,10.10.0.10,173.194.151.108,,,41505,443,0,37,17
1589249429.6581461,173.194.151.108,10.10.0.10,,,443,41505,0,1358,17
1589249429.672123,173.194.151.108,10.10.0.10,,,443,41505,0,1358,17
1589249429.673743,10.10.0.10,173.194.151.108,,,41505,443,0,37,17
1589249429.686111,173.194.151.108,10.10.0.10,,,443,41505,0,1358,17
1589249429.70006,173.194.151.108,10.10.0.10,,,443,41505,0,1358,17
1589249429.701905,10.10.0.10,173.194.151.108,,,41505,443,0,37,17
1589249429.7140338,173.194.151.108,10.10.0.10,,,443,41505,0,1358,17
1589249429.7280052,173.194.151.108,10.10.0.10,,,443,41505,0,1358,17
1589249429.729754,10.10.0.10,173.194.151.108,,,41505,443,0,37,17
1589249429.741984,173.194.151.108,10.10.0.10,,,443,41505,0,1358,17
1589249429.755955,173.194.151.108,10.10.0.10,,,443,41505,0,1358,17
1589249429.757646,10.10.0.10,173.194.151.108,,,41505,443,0,37,17
1589249429.769928,173.194.151.108,10.10.0.10,,,443,41505,0,1358,17
1589249429.783921,173.194.151.108,10.10.0.10,,,443,41505,0,1358,17
1589249429.785624,10.10.0.10,173.194.151.108,,,41505,443,0,37,17
1589249429.797874,173.194.151.108,10.10.0.10,,,443,41505,0,1358,17
1589249429.811859,173.194.151.108,10.10.0.10,,,443,41505,0,1358,17
1589249429.813643,10.10.0.10,173.194.151.108,,,41505,443,0,37,17
1589249429.8258214,173.194.151.108,10.10.0.10,,,443,41505,0,1358,17
1589249429.839797,173.194.151.108,10.10.0.10,,,443,41505,0,1358,17
1589249429.841624,10.10.0.10,173.194.151.108,,,41505,443,0,37,17
1589249429.853762,173.194.151.108,10.10.0.10,,,443,41505,0,1358,17
1589249429.8677342,173.194.151.108,10.10.0.10,,,443,41505,0,1358,17
1589249429.869748,10.10.0.10,173.194.151.108,,,41505,443,0,37,17
1589249429.8817012,173.194.151.108,10.10.0.10,,,443,41505,0,1358,17
1589249429.8956769,173.194.151.108,10.10.0.10,,,443,41505,0,1358,17
1589249429.897239,10.10.0.10,173.194.151.108,,,41505,443,0,37,17
1589249429.9096668,173.194.151.108,10.10.0.10,,,443,41505,0,1358,17
1589249429.923625,173.194.151.108,10.10.0.10,,,443,41505,0,1358,17
1589249429.925246,10.10.0.10,173.194.151.108,,,41505,443,0,37,17
1589249429.9376054,173.194.151.108,10.10.0.10,,,443,41505,0,1358,17
1589249429.951568,173.194.151.108,10.10.0.10,,,443,41505,0,1358,17
1589249429.953641,10.10.0.10,173.194.151.108,,,41505,443,0,50,17
1589249429.965543,173.194.151.108,10.10.0.10,,,443,41505,0,1358,17
1589249429.9795132,173.194.151.108,10.10.0.10,,,443,41505,0,1358,17
1589249429.9819946,10.10.0.10,173.194.151.108,,,41505,443,0,37,17
1589249429.9934876,173.194.151.108,10.10.0.10,,,443,41505,0,1358,17
1589249430.007477,173.194.151.108,10.10.0.10,,,443,41505,0,1358,17
1589249430.0091288,10.10.0.10,173.194.151.108,,,41505,443,0,37,17
1589249430.0214338,173.194.151.108,10.10.0.10,,,443,41505,0,1358,17
1589249430.0354204,173.194.151.108,10.10.0.10,,,443,41505,0,1358,17
1589249430.037117,10.10.0.10,173.194.151.108,,,41505,443,0,37,17
1589249430.0493839,173.194.151.108,10.10.0.10,,,443,41505,0,1358,17
1589249430.0633512,173.194.151.108,10.10.0.10,,,443,41505,0,29,17
1589249430.063978,173.194.151.108,10.10.0.10,,,443,41505,0,1358,17
1589249430.065512,10.10.0.10,173.194.151.108,,,41505,443,0,37,17
1589249430.077952,173.194.151.108,10.10.0.10,,,443,41505,0,1358,17
1589249430.0919259,173.194.151.108,10.10.0.10,,,443,41505,0,1358,17
1589249430.093616,10.10.0.10,173.194.151.108,,,41505,443,0,37,17
1589249430.105912,173.194.151.108,10.10.0.10,,,443,41505,0,1358,17
1589249430.1198692,173.194.151.108,10.10.0.10,,,443,41505,0,1358,17
1589249430.12176,10.10.0.10,173.194.151.108,,,41505,443,0,37,17
1589249430.13385,173.194.151.108,10.10.0.10,,,443,41505,0,1358,17
1589249430.147814,173.194.151.108,10.10.0.10,,,443,41505,0,1358,17
1589249430.1502595,10.10.0.10,173.194.151.108,,,41505,443,0,37,17
1589249430.1617892,173.194.151.108,10.10.0.10,,,443,41505,0,1358,17
1589249430.1757572,173.194.151.108,10.10.0.10,,,443,41505,0,1358,17
1589249430.1773539,10.10.0.10,173.194.151.108,,,41505,443,0,37,17
1589249430.189733,173.194.151.108,10.10.0.10,,,443,41505,0,1358,17
1589249430.2037039,173.194.151.108,10.10.0.10,,,443,41505,0,1358,17
1589249430.2054882,10.10.0.10,173.194.151.108,,,41505,443,0,37,17
1589249430.2176778,173.194.151.108,10.10.0.10,,,443,41505,0,1358,17
1589249430.2316618,173.194.151.108,10.10.0.10,,,443,41505,0,1358,17
1589249430.233634,10.10.0.10,173.194.151.108,,,41505,443,0,37,17
1589249430.2456188,173.194.151.108,10.10.0.10,,,443,41505,0,1358,17
1589249430.259592,173.194.151.108,10.10.0.10,,,443,41505,0,1358,17
1589249430.26148,10.10.0.10,173.194.151.108,,,41505,443,0,37,17
1589249430.273567,173.194.151.108,10.10.0.10,,,443,41505,0,1358,17
1589249430.2875378,173.194.151.108,10.10.0.10,,,443,41505,0,1358,17
1589249430.289257,10.10.0.10,173.194.151.108,,,41505,443,0,37,17
1589249430.3015304,173.194.151.108,10.10.0.10,,,443,41505,0,1358,17
1589249430.315481,173.194.151.108,10.10.0.10,,,443,41505,0,1358,17
1589249430.317224,10.10.0.10,173.194.151.108,,,41505,443,0,37,17
1589249430.3294668,173.194.151.108,10.10.0.10,,,443,41505,0,1358,17
1589249430.343428,173.194.151.108,10.10.0.10,,,443,41505,0,1358,17
1589249430.3451116,10.10.0.10,173.194.151.108,,,41505,443,0,37,17
1589249430.357408,173.194.151.108,10.10.0.10,,,443,41505,0,1358,17
1589249430.371368,173.194.151.108,10.10.0.10,,,443,41505,0,1358,17
1589249430.3732588,10.10.0.10,173.194.151.108,,,41505,443,0,37,17
1589249430.3853474,173.194.151.108,10.10.0.10,,,443,41505,0,1358,17
1589249430.399317,173.194.151.108,10.10.0.10,,,443,41505,0,1358,17
1589249430.4008489,10.10.0.10,173.194.151.108,,,41505,443,0,37,17
1589249430.4132931,173.194.151.108,10.10.0.10,,,443,41505,0,1358,17
1589249430.4272768,173.194.151.108,10.10.0.10,,,443,41505,0,1358,17
1589249430.4288762,10.10.0.10,173.194.151.108,,,41505,443,0,37,17
1589249430.4412339,173.194.151.108,10.10.0.10,,,443,41505,0,1358,17
1589249430.455216,173.194.151.108,10.10.0.10,,,443,41505,0,1358,17
1589249430.456856,10.10.0.10,173.194.151.108,,,41505,443,0,37,17
1589249430.469177,173.194.151.108,10.10.0.10,,,443,41505,0,775,17
1589249430.484601,10.10.0.10,173.194.151.108,,,41505,443,0,730,17
1589249430.484873,10.10.0.10,173.194.151.108,,,41505,443,0,48,17
1589249430.489135,173.194.151.108,10.10.0.10,,,443,41505,0,29,17
1589249430.490741,173.194.151.108,10.10.0.10,,,443,41505,0,1358,17
1589249430.491909,173.194.151.108,10.10.0.10,,,443,41505,0,1358,17
1589249430.493359,10.10.0.10,173.194.151.108,,,41505,443,0,37,17
1589249430.505899,173.194.151.108,10.10.0.10,,,443,41505,0,1358,17
1589249430.519849,173.194.151.108,10.10.0.10,,,443,41505,0,1358,17
1589249430.52148,10.10.0.10,173.194.151.108,,,41505,443,0,37,17
1589249430.533838,173.194.151.108,10.10.0.10,,,443,41505,0,1358,17
1589249430.5477958,173.194.151.108,10.10.0.10,,,443,41505,0,1358,17
1589249430.549479,10.10.0.10,173.194.151.108,,,41505,443,0,37,17
1589249430.5617628,173.194.151.108,10.10.0.10,,,443,41505,0,1358,17
1589249430.575737,173.194.151.108,10.10.0.10,,,443,41505,0,1358,17
1589249430.581581,10.10.0.10,173.194.151.108,,,41505,443,0,37,17
1589249430.589711,173.194.151.108,10.10.0.10,,,443,41505,0,1358,17
1589249430.603684,173.194.151.108,10.10.0.10,,,443,41505,0,1358,17
1589249430.606498,10.10.0.10,173.194.151.108,,,41505,443,0,37,17
1589249430.617652,173.194.151.108,10.10.0.10,,,443,41505,0,1358,17
1589249430.6316464,173.194.151.108,10.10.0.10,,,443,41505,0,1358,17
1589249430.633248,10.10.0.10,173.194.151.108,,,41505,443,0,37,17
1589249430.645601,173.194.151.108,10.10.0.10,,,443,41505,0,1358,17
1589249430.6595712,173.194.151.108,10.10.0.10,,,443,41505,0,1358,17
1589249430.661205,10.10.0.10,173.194.151.108,,,41505,443,0,37,17
1589249430.673541,173.194.151.108,10.10.0.10,,,443,41505,0,1358,17
1589249430.6875136,173.194.151.108,10.10.0.10,,,443,41505,0,1358,17
1589249430.6889482,10.10.0.10,173.194.151.108,,,41505,443,0,37,17
1589249430.701504,173.194.151.108,10.10.0.10,,,443,41505,0,1358,17
1589249430.715457,173.194.151.108,10.10.0.10,,,443,41505,0,1358,17
1589249430.7170851,10.10.0.10,173.194.151.108,,,41505,443,0,37,17
1589249430.729439,173.194.151.108,10.10.0.10,,,443,41505,0,1358,17
1589249430.743406,173.194.151.108,10.10.0.10,,,443,41505,0,1358,17
1589249430.7449732,10.10.0.10,173.194.151.108,,,41505,443,0,37,17
1589249430.7573948,173.194.151.108,10.10.0.10,,,443,41505,0,1358,17
1589249430.771352,173.194.151.108,10.10.0.10,,,443,41505,0,1358,17
1589249430.772992,10.10.0.10,173.194.151.108,,,41505,443,0,37,17
1589249430.7853296,173.194.151.108,10.10.0.10,,,443,41505,0,1358,17
1589249430.7992964,173.194.151.108,10.10.0.10,,,443,41505,0,1358,17
1589249430.8008668,10.10.0.10,173.194.151.108,,,41505,443,0,37,17
1589249430.8132699,173.194.151.108,10.10.0.10,,,443,41505,0,1358,17
1589249430.82724,173.194.151.108,10.10.0.10,,,443,41505,0,1358,17
1589249430.829365,10.10.0.10,173.194.151.108,,,41505,443,0,37,17
1589249430.8412132,173.194.151.108,10.10.0.10,,,443,41505,0,1358,17
1589249430.855202,173.194.151.108,10.10.0.10,,,443,41505,0,1358,17
1589249430.857614,10.10.0.10,173.194.151.108,,,41505,443,0,37,17
1589249430.869157,173.194.151.108,10.10.0.10,,,443,41505,0,1358,17
1589249430.883141,173.194.151.108,10.10.0.10,,,443,41505,0,1358,17
1589249430.884967,10.10.0.10,173.194.151.108,,,41505,443,0,37,17
1589249430.89711,173.194.151.108,10.10.0.10,,,443,41505,0,1358,17
1589249430.9110749,173.194.151.108,10.10.0.10,,,443,41505,0,1358,17
1589249430.9250748,173.194.151.108,10.10.0.10,,,443,41505,0,1358,17
1589249430.9270918,10.10.0.10,173.194.151.108,,,41505,443,0,37,17
1589249430.939021,173.194.151.108,10.10.0.10,,,443,41505,0,1358,17
1589249430.940592,10.10.0.10,173.194.151.108,,,41505,443,0,37,17
1589249430.9530118,173.194.151.108,10.10.0.10,,,443,41505,0,1358,17
1589249430.9669652,173.194.151.108,10.10.0.10,,,443,41505,0,1358,17
1589249430.9686098,10.10.0.10,173.194.151.108,,,41505,443,0,37,17
1589249430.9809492,173.194.151.108,10.10.0.10,,,443,41505,0,1358,17
1589249430.994911,173.194.151.108,10.10.0.10,,,443,41505,0,1358,17
1589249430.996593,10.10.0.10,173.194.151.108,,,41505,443,0,37,17
1589249431.008888,173.194.151.108,10.10.0.10,,,443,41505,0,1358,17
1589249431.022856,173.194.151.108,10.10.0.10,,,443,41505,0,1358,17
1589249431.024612,10.10.0.10,173.194.151.108,,,41505,443,0,50,17
1589249431.036828,173.194.151.108,10.10.0.10,,,443,41505,0,1358,17
1589249431.050802,173.194.151.108,10.10.0.10,,,443,41505,0,1358,17
1589249431.0525708,10.10.0.10,173.194.151.108,,,41505,443,0,37,17
1589249431.064774,173.194.151.108,10.10.0.10,,,443,41505,0,1358,17
1589249431.0787618,173.194.151.108,10.10.0.10,,,443,41505,0,1358,17
1589249431.080484,10.10.0.10,173.194.151.108,,,41505,443,0,37,17
1589249431.092718,173.194.151.108,10.10.0.10,,,443,41505,0,1358,17
1589249431.1066961,173.194.151.108,10.10.0.10,,,443,41505,0,1358,17
1589249431.1084619,10.10.0.10,173.194.151.108,,,41505,443,0,37,17
1589249431.1206632,173.194.151.108,10.10.0.10,,,443,41505,0,1358,17
1589249431.1346366,173.194.151.108,10.10.0.10,,,443,41505,0,1358,17
1589249431.1363368,10.10.0.10,173.194.151.108,,,41505,443,0,37,17
1589249431.148607,173.194.151.108,10.10.0.10,,,443,41505,0,1358,17
1589249431.1625812,173.194.151.108,10.10.0.10,,,443,41505,0,1358,17
1589249431.164465,10.10.0.10,173.194.151.108,,,41505,443,0,37,17
1589249431.176568,173.194.151.108,10.10.0.10,,,443,41505,0,1358,17
1589249431.190525,173.194.151.108,10.10.0.10,,,443,41505,0,1358,17
1589249431.192231,10.10.0.10,173.194.151.108,,,41505,443,0,37,17
1589249431.204509,173.194.151.108,10.10.0.10,,,443,41505,0,1358,17
1589249431.218471,173.194.151.108,10.10.0.10,,,443,41505,0,1358,17
1589249431.220482,10.10.0.10,173.194.151.108,,,41505,443,0,37,17
1589249431.232439,173.194.151.108,10.10.0.10,,,443,41505,0,1358,17
1589249431.2464142,173.194.151.108,10.10.0.10,,,443,41505,0,1358,17
1589249431.248107,10.10.0.10,173.194.151.108,,,41505,443,0,37,17
1589249431.260387,173.194.151.108,10.10.0.10,,,443,41505,0,1358,17
1589249431.274357,173.194.151.108,10.10.0.10,,,443,41505,0,1358,17
1589249431.2759812,10.10.0.10,173.194.151.108,,,41505,443,0,37,17
1589249431.2883306,173.194.151.108,10.10.0.10,,,443,41505,0,1358,17
1589249431.3023162,173.194.151.108,10.10.0.10,,,443,41505,0,1358,17
1589249431.303831,10.10.0.10,173.194.151.108,,,41505,443,0,37,17
1589249431.316273,173.194.151.108,10.10.0.10,,,443,41505,0,1358,17
1589249431.3302536,173.194.151.108,10.10.0.10,,,443,41505,0,1358,17
1589249431.332104,10.10.0.10,173.194.151.108,,,41505,443,0,37,17
1589249431.3442278,173.194.151.108,10.10.0.10,,,443,41505,0,1358,17
1589249431.358193,173.194.151.108,10.10.0.10,,,443,41505,0,1358,17
1589249431.359849,10.10.0.10,173.194.151.108,,,41505,443,0,37,17
1589249431.3721652,173.194.151.108,10.10.0.10,,,443,41505,0,1358,17
1589249431.386143,173.194.151.108,10.10.0.10,,,443,41505,0,1358,17
1589249431.388348,10.10.0.10,173.194.151.108,,,41505,443,0,37,17
1589249431.40011,173.194.151.108,10.10.0.10,,,443,41505,0,1358,17
1589249431.4140818,173.194.151.108,10.10.0.10,,,443,41505,0,1358,17
1589249431.4158301,10.10.0.10,173.194.151.108,,,41505,443,0,37,17
1589249431.428061,173.194.151.108,10.10.0.10,,,443,41505,0,1358,17
1589249431.4420292,173.194.151.108,10.10.0.10,,,443,41505,0,1358,17
1589249431.443701,10.10.0.10,173.194.151.108,,,41505,443,0,37,17
1589249431.456,173.194.151.108,10.10.0.10,,,443,41505,0,1358,17
1589249431.46997,173.194.151.108,10.10.0.10,,,443,41505,0,1358,17
1589249431.4717019,10.10.0.10,173.194.151.108,,,41505,443,0,37,17
1589249431.4839456,173.194.151.108,10.10.0.10,,,443,41505,0,1358,17
1589249431.497936,173.194.151.108,10.10.0.10,,,443,41505,0,1358,17
1589249431.499702,10.10.0.10,173.194.151.108,,,41505,443,0,37,17
1589249431.511888,173.194.151.108,10.10.0.10,,,443,41505,0,1358,17
1589249431.5258696,173.194.151.108,10.10.0.10,,,443,41505,0,1358,17
1589249431.528177,10.10.0.10,173.194.151.108,,,41505,443,0,37,17
1589249431.539838,173.194.151.108,10.10.0.10,,,443,41505,0,1358,17
1589249431.553808,173.194.151.108,10.10.0.10,,,443,41505,0,1358,17
1589249431.5555742,10.10.0.10,173.194.151.108,,,41505,443,0,37,17
1589249431.5677798,173.194.151.108,10.10.0.10,,,443,41505,0,1358,17
1589249431.5817552,173.194.151.108,10.10.0.10,,,443,41505,0,1358,17
1589249431.5834649,10.10.0.10,173.194.151.108,,,41505,443,0,50,17
1589249431.5957189,173.194.151.108,10.10.0.10,,,443,41505,0,1358,17
1589249431.6096964,173.194.151.108,10.10.0.10,,,443,41505,0,1358,17
1589249431.611416,10.10.0.10,173.194.151.108,,,41505,443,0,37,17
1589249431.6236649,173.194.151.108,10.10.0.10,,,443,41505,0,1358,17
1589249431.6376429,173.194.151.108,10.10.0.10,,,443,41505,0,1358,17
1589249431.6402204,10.10.0.10,173.194.151.108,,,41505,443,0,37,17
1589249431.6516132,173.194.151.108,10.10.0.10,,,443,41505,0,1358,17
1589249431.6655822,173.194.151.108,10.10.0.10,,,443,41505,0,1358,17
1589249431.6671991,10.10.0.10,173.194.151.108,,,41505,443,0,37,17
1589249431.679557,173.194.151.108,10.10.0.10,,,443,41505,0,1358,17
1589249431.693528,173.194.151.108,10.10.0.10,,,443,41505,0,1358,17
1589249431.695065,10.10.0.10,173.194.151.108,,,41505,443,0,37,17
1589249431.7075028,173.194.151.108,10.10.0.10,,,443,41505,0,1358,17
1589249431.7214758,173.194.151.108,10.10.0.10,,,443,41505,0,1358,17
1589249431.723655,10.10.0.10,173.194.151.108,,,41505,443,0,37,17
1589249431.735442,173.194.151.108,10.10.0.10,,,443,41505,0,1358,17
1589249431.749416,173.194.151.108,10.10.0.10,,,443,41505,0,1358,17
1589249431.7514641,10.10.0.10,173.194.151.108,,,41505,443,0,37,17
1589249431.763392,173.194.151.108,10.10.0.10,,,443,41505,0,1358,17
1589249431.7773669,173.194.151.108,10.10.0.10,,,443,41505,0,1358,17
1589249431.7788358,10.10.0.10,173.194.151.108,,,41505,443,0,37,17
1589249431.7913358,173.194.151.108,10.10.0.10,,,443,41505,0,1358,17
1589249431.8053124,173.194.151.108,10.10.0.10,,,443,41505,0,1358,17
1589249431.806942,10.10.0.10,173.194.151.108,,,41505,443,0,37,17
1589249431.8193011,173.194.151.108,10.10.0.10,,,443,41505,0,1358,17
1589249431.833255,173.194.151.108,10.10.0.10,,,443,41505,0,1358,17
1589249431.835189,10.10.0.10,173.194.151.108,,,41505,443,0,37,17
1589249431.8472269,173.194.151.108,10.10.0.10,,,443,41505,0,1358,17
1589249431.8612,173.194.151.108,10.10.0.10,,,443,41505,0,1358,17
1589249431.862817,10.10.0.10,173.194.151.108,,,41505,443,0,37,17
1589249431.8751721,173.194.151.108,10.10.0.10,,,443,41505,0,1358,17
1589249431.889145,173.194.151.108,10.10.0.10,,,443,41505,0,1358,17
1589249431.8911805,10.10.0.10,173.194.151.108,,,41505,443,0,37,17
1589249431.9031188,173.194.151.108,10.10.0.10,,,443,41505,0,1358,17
1589249431.9171116,173.194.151.108,10.10.0.10,,,443,41505,0,1358,17
1589249431.9188125,10.10.0.10,173.194.151.108,,,41505,443,0,37,17
1589249431.931062,173.194.151.108,10.10.0.10,,,443,41505,0,1358,17
1589249431.9450462,173.194.151.108,10.10.0.10,,,443,41505,0,1358,17
1589249431.946832,10.10.0.10,173.194.151.108,,,41505,443,0,37,17
1589249431.959006,173.194.151.108,10.10.0.10,,,443,41505,0,1358,17
1589249431.972985,173.194.151.108,10.10.0.10,,,443,41505,0,1358,17
1589249431.974688,10.10.0.10,173.194.151.108,,,41505,443,0,37,17
1589249431.986953,173.194.151.108,10.10.0.10,,,443,41505,0,1358,17
1589249432.000925,173.194.151.108,10.10.0.10,,,443,41505,0,1358,17
1589249432.0029402,10.10.0.10,173.194.151.108,,,41505,443,0,37,17
1589249432.0148964,173.194.151.108,10.10.0.10,,,443,41505,0,1358,17
1589249432.0288696,173.194.151.108,10.10.0.10,,,443,41505,0,1358,17
1589249432.030314,10.10.0.10,173.194.151.108,,,41505,443,0,37,17
1589249432.042856,173.194.151.108,10.10.0.10,,,443,41505,0,1358,17
1589249432.056813,173.194.151.108,10.10.0.10,,,443,41505,0,1358,17
1589249432.0584538,10.10.0.10,173.194.151.108,,,41505,443,0,37,17
1589249432.070792,173.194.151.108,10.10.0.10,,,443,41505,0,1358,17
1589249432.084757,173.194.151.108,10.10.0.10,,,443,41505,0,1358,17
1589249432.086575,10.10.0.10,173.194.151.108,,,41505,443,0,37,17
1589249432.0987332,173.194.151.108,10.10.0.10,,,443,41505,0,1358,17
1589249432.1127012,173.194.151.108,10.10.0.10,,,443,41505,0,1358,17
1589249432.114424,10.10.0.10,173.194.151.108,,,41505,443,0,37,17
1589249432.1266758,173.194.151.108,10.10.0.10,,,443,41505,0,1358,17
1589249432.1406488,173.194.151.108,10.10.0.10,,,443,41505,0,1358,17
1589249432.1424518,10.10.0.10,173.194.151.108,,,41505,443,0,50,17
1589249432.1546216,173.194.151.108,10.10.0.10,,,443,41505,0,1358,17
1589249432.168603,173.194.151.108,10.10.0.10,,,443,41505,0,1358,17
1589249432.170454,10.10.0.10,173.194.151.108,,,41505,443,0,37,17
1589249432.182568,173.194.151.108,10.10.0.10,,,443,41505,0,1358,17
1589249432.19654,173.194.151.108,10.10.0.10,,,443,41505,0,1358,17
1589249432.21051,173.194.151.108,10.10.0.10,,,443,41505,0,1358,17
1589249432.2123306,10.10.0.10,173.194.151.108,,,41505,443,0,37,17
1589249432.2244804,173.194.151.108,10.10.0.10,,,443,41505,0,29,17
1589249432.225112,173.194.151.108,10.10.0.10,,,443,41505,0,1358,17
1589249432.226554,10.10.0.10,173.194.151.108,,,41505,443,0,37,17
1589249432.2390866,173.194.151.108,10.10.0.10,,,443,41505,0,1358,17
1589249432.2530599,173.194.151.108,10.10.0.10,,,443,41505,0,1358,17
1589249432.254678,10.10.0.10,173.194.151.108,,,41505,443,0,37,17
1589249432.2670374,173.194.151.108,10.10.0.10,,,443,41505,0,1358,17
1589249432.281013,173.194.151.108,10.10.0.10,,,443,41505,0,1358,17
1589249432.2830749,10.10.0.10,173.194.151.108,,,41505,443,0,37,17
1589249432.294977,173.194.151.108,10.10.0.10,,,443,41505,0,1358,17
1589249432.3089461,173.194.151.108,10.10.0.10,,,443,41505,0,1358,17
1589249432.310699,10.10.0.10,173.194.151.108,,,41505,443,0,37,17
1589249432.322921,173.194.151.108,10.10.0.10,,,443,41505,0,1358,17
1589249432.336891,173.194.151.108,10.10.0.10,,,443,41505,0,1358,17
1589249432.3386776,10.10.0.10,173.194.151.108,,,41505,443,0,37,17
1589249432.3508658,173.194.151.108,10.10.0.10,,,443,41505,0,1358,17
1589249432.3648338,173.194.151.108,10.10.0.10,,,443,41505,0,1358,17
1589249432.366695,10.10.0.10,173.194.151.108,,,41505,443,0,37,17
1589249432.37881,173.194.151.108,10.10.0.10,,,443,41505,0,1358,17
1589249432.3927839,173.194.151.108,10.10.0.10,,,443,41505,0,1358,17
1589249432.394928,10.10.0.10,173.194.151.108,,,41505,443,0,37,17
1589249432.406758,173.194.151.108,10.10.0.10,,,443,41505,0,1358,17
1589249432.420727,173.194.151.108,10.10.0.10,,,443,41505,0,1358,17
1589249432.422569,10.10.0.10,173.194.151.108,,,41505,443,0,37,17
1589249432.4347188,173.194.151.108,10.10.0.10,,,443,41505,0,1358,17
1589249432.448673,173.194.151.108,10.10.0.10,,,443,41505,0,1358,17
1589249432.4504428,10.10.0.10,173.194.151.108,,,41505,443,0,37,17
1589249432.462656,173.194.151.108,10.10.0.10,,,443,41505,0,1358,17
1589249432.4766202,173.194.151.108,10.10.0.10,,,443,41505,0,1358,17
1589249432.4783075,10.10.0.10,173.194.151.108,,,41505,443,0,37,17
1589249432.490597,173.194.151.108,10.10.0.10,,,443,41505,0,1358,17
1589249432.504562,173.194.151.108,10.10.0.10,,,443,41505,0,1358,17
1589249432.5070481,10.10.0.10,173.194.151.108,,,41505,443,0,37,17
1589249432.5185351,173.194.151.108,10.10.0.10,,,443,41505,0,1358,17
1589249432.532509,173.194.151.108,10.10.0.10,,,443,41505,0,1358,17
1589249432.5341902,10.10.0.10,173.194.151.108,,,41505,443,0,37,17
1589249432.5464802,173.194.151.108,10.10.0.10,,,443,41505,0,1358,17
1589249432.5604658,173.194.151.108,10.10.0.10,,,443,41505,0,1358,17
1589249432.56217,10.10.0.10,173.194.151.108,,,41505,443,0,37,17
1589249432.574424,173.194.151.108,10.10.0.10,,,443,41505,0,1358,17
1589249432.588403,173.194.151.108,10.10.0.10,,,443,41505,0,1358,17
1589249432.5905461,10.10.0.10,173.194.151.108,,,41505,443,0,37,17
1589249432.6023679,173.194.151.108,10.10.0.10,,,443,41505,0,1358,17
1589249432.616342,173.194.151.108,10.10.0.10,,,443,41505,0,1358,17
1589249432.618015,10.10.0.10,173.194.151.108,,,41505,443,0,37,17
1589249432.630327,173.194.151.108,10.10.0.10,,,443,41505,0,1358,17
1589249432.6442811,173.194.151.108,10.10.0.10,,,443,41505,0,1358,17
1589249432.6460724,10.10.0.10,173.194.151.108,,,41505,443,0,37,17
1589249432.658259,173.194.151.108,10.10.0.10,,,443,41505,0,1358,17
1589249432.672227,173.194.151.108,10.10.0.10,,,443,41505,0,1358,17
1589249432.6740339,10.10.0.10,173.194.151.108,,,41505,443,0,37,17
1589249432.6862009,173.194.151.108,10.10.0.10,,,443,41505,0,1358,17
1589249432.7001698,173.194.151.108,10.10.0.10,,,443,41505,0,1358,17
1589249432.701918,10.10.0.10,173.194.151.108,,,41505,443,0,50,17
1589249432.714145,173.194.151.108,10.10.0.10,,,443,41505,0,1358,17
1589249432.7281172,173.194.151.108,10.10.0.10,,,443,41505,0,1358,17
1589249432.7296472,10.10.0.10,173.194.151.108,,,41505,443,0,37,17
1589249432.742091,173.194.151.108,10.10.0.10,,,443,41505,0,1358,17
1589249432.75606,173.194.151.108,10.10.0.10,,,443,41505,0,1358,17
1589249432.757749,10.10.0.10,173.194.151.108,,,41505,443,0,37,17
1589249432.77004,173.194.151.108,10.10.0.10,,,443,41505,0,1358,17
1589249432.784008,173.194.151.108,10.10.0.10,,,443,41505,0,29,17
1589249432.7846348,173.194.151.108,10.10.0.10,,,443,41505,0,1358,17
1589249432.7864258,10.10.0.10,173.194.151.108,,,41505,443,0,37,17
1589249432.7986178,173.194.151.108,10.10.0.10,,,443,41505,0,1358,17
1589249432.8125901,173.194.151.108,10.10.0.10,,,443,41505,0,1358,17
1589249432.814666,10.10.0.10,173.194.151.108,,,41505,443,0,37,17
1589249432.8265796,173.194.151.108,10.10.0.10,,,443,41505,0,1358,17
1589249432.8405304,173.194.151.108,10.10.0.10,,,443,41505,0,1358,17
1589249432.842027,10.10.0.10,173.194.151.108,,,41505,443,0,37,17
1589249432.8545196,173.194.151.108,10.10.0.10,,,443,41505,0,1358,17
1589249432.8684769,173.194.151.108,10.10.0.10,,,443,41505,0,1358,17
1589249432.870036,10.10.0.10,173.194.151.108,,,41505,443,0,37,17
1589249432.882459,173.194.151.108,10.10.0.10,,,443,41505,0,1358,17
1589249432.896423,173.194.151.108,10.10.0.10,,,443,41505,0,1358,17
1589249432.89816,10.10.0.10,173.194.151.108,,,41505,443,0,37,17
1589249432.910394,173.194.151.108,10.10.0.10,,,443,41505,0,1358,17
1589249432.924368,173.194.151.108,10.10.0.10,,,443,41505,0,1358,17
1589249432.9265552,10.10.0.10,173.194.151.108,,,41505,443,0,37,17
1589249432.9383378,173.194.151.108,10.10.0.10,,,443,41505,0,1358,17
1589249432.952305,173.194.151.108,10.10.0.10,,,443,41505,0,1358,17
1589249432.9549012,10.10.0.10,173.194.151.108,,,41505,443,0,37,17
1589249432.966552,173.194.151.108,10.10.0.10,,,443,41505,0,1358,17
1589249432.980793,173.194.151.108,10.10.0.10,,,443,41505,0,1358,17
1589249432.9824278,10.10.0.10,173.194.151.108,,,41505,443,0,37,17
1589249432.995032,173.194.151.108,10.10.0.10,,,443,41505,0,1358,17
1589249433.009272,173.194.151.108,10.10.0.10,,,443,41505,0,1358,17
1589249433.010909,10.10.0.10,173.194.151.108,,,41505,443,0,37,17
1589249433.023515,173.194.151.108,10.10.0.10,,,443,41505,0,1358,17
1589249433.037768,173.194.151.108,10.10.0.10,,,443,41505,0,1358,17
1589249433.0394258,10.10.0.10,173.194.151.108,,,41505,443,0,37,17
1589249433.0519962,173.194.151.108,10.10.0.10,,,443,41505,0,1358,17
1589249433.0662365,173.194.151.108,10.10.0.10,,,443,41505,0,1358,17
1589249433.0679052,10.10.0.10,173.194.151.108,,,41505,443,0,37,17
1589249433.0804749,173.194.151.108,10.10.0.10,,,443,41505,0,1358,17
1589249433.0947149,173.194.151.108,10.10.0.10,,,443,41505,0,1358,17
1589249433.096405,10.10.0.10,173.194.151.108,,,41505,443,0,37,17
1589249433.108957,173.194.151.108,10.10.0.10,,,443,41505,0,1358,17
1589249433.123191,173.194.151.108,10.10.0.10,,,443,41505,0,1358,17
1589249433.125028,10.10.0.10,173.194.151.108,,,41505,443,0,37,17
1589249433.1374598,173.194.151.108,10.10.0.10,,,443,41505,0,1358,17
1589249433.1516998,173.194.151.108,10.10.0.10,,,443,41505,0,1358,17
1589249433.1534028,10.10.0.10,173.194.151.108,,,41505,443,0,37,17
1589249433.1659179,173.194.151.108,10.10.0.10,,,443,41505,0,1358,17
1589249433.180152,173.194.151.108,10.10.0.10,,,443,41505,0,1358,17
1589249433.181778,10.10.0.10,173.194.151.108,,,41505,443,0,37,17
1589249433.194401,173.194.151.108,10.10.0.10,,,443,41505,0,1358,17
1589249433.2086382,173.194.151.108,10.10.0.10,,,443,41505,0,1358,17
1589249433.210276,10.10.0.10,173.194.151.108,,,41505,443,0,37,17
1589249433.222884,173.194.151.108,10.10.0.10,,,443,41505,0,1358,17
1589249433.237134,173.194.151.108,10.10.0.10,,,443,41505,0,1358,17
1589249433.23892,10.10.0.10,173.194.151.108,,,41505,443,0,37,17
1589249433.251361,173.194.151.108,10.10.0.10,,,443,41505,0,1358,17
1589249433.2656019,173.194.151.108,10.10.0.10,,,443,41505,0,1358,17
1589249433.2672749,10.10.0.10,173.194.151.108,,,41505,443,0,50,17
1589249433.279842,173.194.151.108,10.10.0.10,,,443,41505,0,1358,17
1589249433.29408,173.194.151.108,10.10.0.10,,,443,41505,0,1358,17
1589249433.295648,10.10.0.10,173.194.151.108,,,41505,443,0,37,17
1589249433.3083198,173.194.151.108,10.10.0.10,,,443,41505,0,1358,17
1589249433.3225708,173.194.151.108,10.10.0.10,,,443,41505,0,1358,17
1589249433.324539,10.10.0.10,173.194.151.108,,,41505,443,0,37,17
1589249433.336819,173.194.151.108,10.10.0.10,,,443,41505,0,1358,17
1589249433.3510401,173.194.151.108,10.10.0.10,,,443,41505,0,29,17
1589249433.351687,173.194.151.108,10.10.0.10,,,443,41505,0,1358,17
1589249433.3536658,10.10.0.10,173.194.151.108,,,41505,443,0,37,17
1589249433.365942,173.194.151.108,10.10.0.10,,,443,41505,0,1358,17
1589249433.3801641,173.194.151.108,10.10.0.10,,,443,41505,0,1358,17
1589249433.381901,10.10.0.10,173.194.151.108,,,41505,443,0,37,17
1589249433.3944108,173.194.151.108,10.10.0.10,,,443,41505,0,1358,17
1589249433.408652,173.194.151.108,10.10.0.10,,,443,41505,0,1358,17
1589249433.4103742,10.10.0.10,173.194.151.108,,,41505,443,0,37,17
1589249433.422889,173.194.151.108,10.10.0.10,,,443,41505,0,1358,17
1589249433.4371252,173.194.151.108,10.10.0.10,,,443,41505,0,1358,17
1589249433.439024,10.10.0.10,173.194.151.108,,,41505,443,0,37,17
1589249433.4513662,173.194.151.108,10.10.0.10,,,443,41505,0,1358,17
1589249433.465605,173.194.151.108,10.10.0.10,,,443,41505,0,1358,17
1589249433.4792616,10.10.0.10,173.194.151.108,,,41505,443,0,37,17
1589249433.479847,173.194.151.108,10.10.0.10,,,443,41505,0,1358,17
1589249433.4940922,173.194.151.108,10.10.0.10,,,443,41505,0,1358,17
1589249433.495643,10.10.0.10,173.194.151.108,,,41505,443,0,37,17
1589249433.5083332,173.194.151.108,10.10.0.10,,,443,41505,0,1358,17
1589249433.5225706,173.194.151.108,10.10.0.10,,,443,41505,0,1358,17
1589249433.524274,10.10.0.10,173.194.151.108,,,41505,443,0,37,17
1589249433.536815,173.194.151.108,10.10.0.10,,,443,41505,0,1358,17
1589249433.551064,173.194.151.108,10.10.0.10,,,443,41505,0,1358,17
1589249433.5538812,10.10.0.10,173.194.151.108,,,41505,443,0,37,17
1589249433.5653179,173.194.151.108,10.10.0.10,,,443,41505,0,1358,17
1589249433.579536,173.194.151.108,10.10.0.10,,,443,41505,0,1358,17
1589249433.58116,10.10.0.10,173.194.151.108,,,41505,443,0,37,17
1589249433.593777,173.194.151.108,10.10.0.10,,,443,41505,0,1358,17
1589249433.608016,173.194.151.108,10.10.0.10,,,443,41505,0,1358,17
1589249433.6101382,10.10.0.10,173.194.151.108,,,41505,443,0,37,17
1589249433.622256,173.194.151.108,10.10.0.10,,,443,41505,0,1358,17
1589249433.636499,173.194.151.108,10.10.0.10,,,443,41505,0,1358,17
1589249433.6382852,10.10.0.10,173.194.151.108,,,41505,443,0,37,17
1589249433.6507304,173.194.151.108,10.10.0.10,,,443,41505,0,1358,17
1589249433.664979,173.194.151.108,10.10.0.10,,,443,41505,0,1358,17
1589249433.6668868,10.10.0.10,173.194.151.108,,,41505,443,0,37,17
1589249433.679214,173.194.151.108,10.10.0.10,,,443,41505,0,1358,17
1589249433.6934571,173.194.151.108,10.10.0.10,,,443,41505,0,1358,17
1589249433.695169,10.10.0.10,173.194.151.108,,,41505,443,0,37,17
1589249433.707698,173.194.151.108,10.10.0.10,,,443,41505,0,1358,17
1589249433.7219398,173.194.151.108,10.10.0.10,,,443,41505,0,1358,17
1589249433.727407,10.10.0.10,173.194.151.108,,,41505,443,0,37,17
1589249433.7361732,173.194.151.108,10.10.0.10,,,443,41505,0,1358,17
1589249433.75043,173.194.151.108,10.10.0.10,,,443,41505,0,1358,17
1589249433.752135,10.10.0.10,173.194.151.108,,,41505,443,0,37,17
1589249433.7646532,173.194.151.108,10.10.0.10,,,443,41505,0,1358,17
1589249433.7789068,173.194.151.108,10.10.0.10,,,443,41505,0,1358,17
1589249433.7805312,10.10.0.10,173.194.151.108,,,41505,443,0,37,17
1589249433.793135,173.194.151.108,10.10.0.10,,,443,41505,0,1358,17
1589249433.8073788,173.194.151.108,10.10.0.10,,,443,41505,0,1358,17
1589249433.809032,10.10.0.10,173.194.151.108,,,41505,443,0,37,17
1589249433.8216195,173.194.151.108,10.10.0.10,,,443,41505,0,1358,17
1589249433.835867,173.194.151.108,10.10.0.10,,,443,41505,0,1358,17
1589249433.837758,10.10.0.10,173.194.151.108,,,41505,443,0,50,17
1589249433.8501172,173.194.151.108,10.10.0.10,,,443,41505,0,1358,17
1589249433.86435,173.194.151.108,10.10.0.10,,,443,41505,0,1358,17
1589249433.8661342,10.10.0.10,173.194.151.108,,,41505,443,0,37,17
1589249433.878582,173.194.151.108,10.10.0.10,,,443,41505,0,1358,17
1589249433.892822,173.194.151.108,10.10.0.10,,,443,41505,0,181,17
1589249433.894652,10.10.0.10,173.194.151.108,,,41505,443,0,37,17
1589249433.8950374,173.194.151.108,10.10.0.10,,,443,41505,0,29,17
1589249434.5663571,10.10.0.10,173.194.151.108,,,41505,443,0,722,17
1589249434.566387,10.10.0.10,173.194.151.108,,,41505,443,0,48,17
1589249434.5708098,173.194.151.108,10.10.0.10,,,443,41505,0,115,17
1589249434.5708447,173.194.151.108,10.10.0.10,,,443,41505,0,1358,17
1589249434.5708668,173.194.151.108,10.10.0.10,,,443,41505,0,1358,17
1589249434.573009,10.10.0.10,173.194.151.108,,,41505,443,0,37,17
1589249434.584455,173.194.151.108,10.10.0.10,,,443,41505,0,1358,17
1589249434.585986,10.10.0.10,173.194.151.108,,,41505,443,0,37,17
1589249434.5986981,173.194.151.108,10.10.0.10,,,443,41505,0,1358,17
1589249434.6129339,173.194.151.108,10.10.0.10,,,443,41505,0,1358,17
1589249434.615008,10.10.0.10,173.194.151.108,,,41505,443,0,37,17
1589249434.62718,173.194.151.108,10.10.0.10,,,443,41505,0,1358,17
1589249434.641418,173.194.151.108,10.10.0.10,,,443,41505,0,1358,17
1589249434.643353,10.10.0.10,173.194.151.108,,,41505,443,0,37,17
1589249434.65608,173.194.151.108,10.10.0.10,,,443,41505,0,1358,17
1589249434.670341,173.194.151.108,10.10.0.10,,,443,41505,0,1358,17
1589249434.6721091,10.10.0.10,173.194.151.108,,,41505,443,0,37,17
1589249434.684564,173.194.151.108,10.10.0.10,,,443,41505,0,1358,17
1589249434.698805,173.194.151.108,10.10.0.10,,,443,41505,0,1358,17
1589249434.700763,10.10.0.10,173.194.151.108,,,41505,443,0,37,17
1589249434.7130456,173.194.151.108,10.10.0.10,,,443,41505,0,1358,17
1589249434.7272859,173.194.151.108,10.10.0.10,,,443,41505,0,1358,17
1589249434.7289882,10.10.0.10,173.194.151.108,,,41505,443,0,37,17
1589249434.7415252,173.194.151.108,10.10.0.10,,,443,41505,0,1358,17
1589249434.7557788,173.194.151.108,10.10.0.10,,,443,41505,0,1358,17
1589249434.770012,173.194.151.108,10.10.0.10,,,443,41505,0,1358,17
1589249434.773233,10.10.0.10,173.194.151.108,,,41505,443,0,37,17
1589249434.7842472,173.194.151.108,10.10.0.10,,,443,41505,0,1358,17
1589249434.785855,10.10.0.10,173.194.151.108,,,41505,443,0,37,17
1589249434.7984939,173.194.151.108,10.10.0.10,,,443,41505,0,1358,17
1589249434.8127332,173.194.151.108,10.10.0.10,,,443,41505,0,1358,17
1589249434.814234,10.10.0.10,173.194.151.108,,,41505,443,0,37,17
1589249434.826977,173.194.151.108,10.10.0.10,,,443,41505,0,1358,17
1589249434.8412142,173.194.151.108,10.10.0.10,,,443,41505,0,1358,17
1589249434.842854,10.10.0.10,173.194.151.108,,,41505,443,0,37,17
1589249434.855453,173.194.151.108,10.10.0.10,,,443,41505,0,1358,17
1589249434.869708,173.194.151.108,10.10.0.10,,,443,41505,0,1358,17
1589249434.871219,10.10.0.10,173.194.151.108,,,41505,443,0,37,17
1589249434.883936,173.194.151.108,10.10.0.10,,,443,41505,0,1358,17
1589249434.8981779,173.194.151.108,10.10.0.10,,,443,41505,0,1358,17
1589249434.8997278,10.10.0.10,173.194.151.108,,,41505,443,0,37,17
1589249434.912417,173.194.151.108,10.10.0.10,,,443,41505,0,1358,17
1589249434.926656,173.194.151.108,10.10.0.10,,,443,41505,0,1358,17
1589249434.9288714,10.10.0.10,173.194.151.108,,,41505,443,0,37,17
1589249434.9408991,173.194.151.108,10.10.0.10,,,443,41505,0,1358,17
1589249434.9551492,173.194.151.108,10.10.0.10,,,443,41505,0,1358,17
1589249434.9568698,10.10.0.10,173.194.151.108,,,41505,443,0,37,17
1589249434.969398,173.194.151.108,10.10.0.10,,,443,41505,0,1358,17
1589249434.98362,173.194.151.108,10.10.0.10,,,443,41505,0,1358,17
1589249434.986744,10.10.0.10,173.194.151.108,,,41505,443,0,37,17
1589249434.9978588,173.194.151.108,10.10.0.10,,,443,41505,0,1358,17
1589249435.0120988,173.194.151.108,10.10.0.10,,,443,41505,0,1358,17
1589249435.0135849,10.10.0.10,173.194.151.108,,,41505,443,0,37,17
1589249435.026338,173.194.151.108,10.10.0.10,,,443,41505,0,1358,17
1589249435.0405822,173.194.151.108,10.10.0.10,,,443,41505,0,1358,17
1589249435.042867,10.10.0.10,173.194.151.108,,,41505,443,0,37,17
1589249435.054831,173.194.151.108,10.10.0.10,,,443,41505,0,1358,17
1589249435.0690598,173.194.151.108,10.10.0.10,,,443,41505,0,1358,17
1589249435.070977,10.10.0.10,173.194.151.108,,,41505,443,0,37,17
1589249435.083302,173.194.151.108,10.10.0.10,,,443,41505,0,1358,17
1589249435.097544,173.194.151.108,10.10.0.10,,,443,41505,0,1358,17
1589249435.09937,10.10.0.10,173.194.151.108,,,41505,443,0,50,17
1589249435.111782,173.194.151.108,10.10.0.10,,,443,41505,0,1358,17
1589249435.126024,173.194.151.108,10.10.0.10,,,443,41505,0,1358,17
1589249435.127973,10.10.0.10,173.194.151.108,,,41505,443,0,37,17
1589249435.140269,173.194.151.108,10.10.0.10,,,443,41505,0,1358,17
1589249435.1545155,173.194.151.108,10.10.0.10,,,443,41505,0,1358,17
1589249435.1562202,10.10.0.10,173.194.151.108,,,41505,443,0,37,17
1589249435.168765,173.194.151.108,10.10.0.10,,,443,41505,0,1358,17
1589249435.182987,173.194.151.108,10.10.0.10,,,443,41505,0,1358,17
1589249435.1848452,10.10.0.10,173.194.151.108,,,41505,443,0,37,17
1589249435.1972241,173.194.151.108,10.10.0.10,,,443,41505,0,1358,17
1589249435.2114642,173.194.151.108,10.10.0.10,,,443,41505,0,1358,17
1589249435.213093,10.10.0.10,173.194.151.108,,,41505,443,0,37,17
1589249435.225704,173.194.151.108,10.10.0.10,,,443,41505,0,1358,17
1589249435.2399511,173.194.151.108,10.10.0.10,,,443,41505,0,1358,17
1589249435.241842,10.10.0.10,173.194.151.108,,,41505,443,0,37,17
1589249435.254201,173.194.151.108,10.10.0.10,,,443,41505,0,1358,17
1589249435.268427,173.194.151.108,10.10.0.10,,,443,41505,0,1358,17
1589249435.2708418,10.10.0.10,173.194.151.108,,,41505,443,0,37,17
1589249435.282666,173.194.151.108,10.10.0.10,,,443,41505,0,1358,17
1589249435.29691,173.194.151.108,10.10.0.10,,,443,41505,0,1358,17
1589249435.29861,10.10.0.10,173.194.151.108,,,41505,443,0,37,17
1589249435.3111491,173.194.151.108,10.10.0.10,,,443,41505,0,1358,17
1589249435.32539,173.194.151.108,10.10.0.10,,,443,41505,0,1358,17
1589249435.327091,10.10.0.10,173.194.151.108,,,41505,443,0,37,17
1589249435.339638,173.194.151.108,10.10.0.10,,,443,41505,0,1358,17
1589249435.3538866,173.194.151.108,10.10.0.10,,,443,41505,0,1358,17
1589249435.3557036,10.10.0.10,173.194.151.108,,,41505,443,0,37,17
1589249435.3681085,173.194.151.108,10.10.0.10,,,443,41505,0,1358,17
1589249435.3823528,173.194.151.108,10.10.0.10,,,443,41505,0,1358,17
1589249435.3843381,10.10.0.10,173.194.151.108,,,41505,443,0,37,17
1589249435.396591,173.194.151.108,10.10.0.10,,,443,41505,0,1358,17
1589249435.410831,173.194.151.108,10.10.0.10,,,443,41505,0,1358,17
1589249435.4125822,10.10.0.10,173.194.151.108,,,41505,443,0,37,17
1589249435.4250786,173.194.151.108,10.10.0.10,,,443,41505,0,1358,17
1589249435.4393196,173.194.151.108,10.10.0.10,,,443,41505,0,1358,17
1589249435.441086,10.10.0.10,173.194.151.108,,,41505,443,0,37,17
1589249435.453553,173.194.151.108,10.10.0.10,,,443,41505,0,1358,17
1589249435.467794,173.194.151.108,10.10.0.10,,,443,41505,0,1358,17
1589249435.4698348,10.10.0.10,173.194.151.108,,,41505,443,0,37,17
1589249435.482032,173.194.151.108,10.10.0.10,,,443,41505,0,1358,17
1589249435.496273,173.194.151.108,10.10.0.10,,,443,41505,0,1358,17
1589249435.497854,10.10.0.10,173.194.151.108,,,41505,443,0,37,17
1589249435.510513,173.194.151.108,10.10.0.10,,,443,41505,0,1358,17
1589249435.524761,173.194.151.108,10.10.0.10,,,443,41505,0,1358,17
1589249435.526459,10.10.0.10,173.194.151.108,,,41505,443,0,37,17
1589249435.539006,173.194.151.108,10.10.0.10,,,443,41505,0,1358,17
1589249435.5532534,173.194.151.108,10.10.0.10,,,443,41505,0,1358,17
1589249435.555063,10.10.0.10,173.194.151.108,,,41505,443,0,37,17
1589249435.567496,173.194.151.108,10.10.0.10,,,443,41505,0,1358,17
1589249435.5817091,173.194.151.108,10.10.0.10,,,443,41505,0,1358,17
1589249435.5832212,10.10.0.10,173.194.151.108,,,41505,443,0,37,17
1589249435.595957,173.194.151.108,10.10.0.10,,,443,41505,0,1358,17
1589249435.610197,173.194.151.108,10.10.0.10,,,443,41505,0,1358,17
1589249435.612226,10.10.0.10,173.194.151.108,,,41505,443,0,37,17
1589249435.624435,173.194.151.108,10.10.0.10,,,443,41505,0,1358,17
1589249435.638675,173.194.151.108,10.10.0.10,,,443,41505,0,1358,17
1589249435.6404588,10.10.0.10,173.194.151.108,,,41505,443,0,37,17
1589249435.652919,173.194.151.108,10.10.0.10,,,443,41505,0,1358,17
1589249435.667153,173.194.151.108,10.10.0.10,,,443,41505,0,1358,17
1589249435.66871,10.10.0.10,173.194.151.108,,,41505,443,0,50,17
1589249435.68139,173.194.151.108,10.10.0.10,,,443,41505,0,1358,17
1589249435.6956372,173.194.151.108,10.10.0.10,,,443,41505,0,1358,17
1589249435.697199,10.10.0.10,173.194.151.108,,,41505,443,0,37,17
1589249435.709874,173.194.151.108,10.10.0.10,,,443,41505,0,1358,17
1589249435.724117,173.194.151.108,10.10.0.10,,,443,41505,0,1358,17
1589249435.7257054,10.10.0.10,173.194.151.108,,,41505,443,0,37,17
1589249435.7383552,173.194.151.108,10.10.0.10,,,443,41505,0,1358,17
1589249435.75261,173.194.151.108,10.10.0.10,,,443,41505,0,1358,17
1589249435.754454,10.10.0.10,173.194.151.108,,,41505,443,0,37,17
1589249435.76684,173.194.151.108,10.10.0.10,,,443,41505,0,1358,17
1589249435.78108,173.194.151.108,10.10.0.10,,,443,41505,0,1358,17
1589249435.782577,10.10.0.10,173.194.151.108,,,41505,443,0,37,17
1589249435.795321,173.194.151.108,10.10.0.10,,,443,41505,0,1358,17
1589249435.809561,173.194.151.108,10.10.0.10,,,443,41505,0,1358,17
1589249435.8114526,10.10.0.10,173.194.151.108,,,41505,443,0,37,17
1589249435.823809,173.194.151.108,10.10.0.10,,,443,41505,0,1358,17
1589249435.838058,173.194.151.108,10.10.0.10,,,443,41505,0,1358,17
1589249435.839825,10.10.0.10,173.194.151.108,,,41505,443,0,37,17
1589249435.8522818,173.194.151.108,10.10.0.10,,,443,41505,0,1358,17
1589249435.8665226,173.194.151.108,10.10.0.10,,,443,41505,0,1358,17
1589249435.868599,10.10.0.10,173.194.151.108,,,41505,443,0,37,17
1589249435.8807642,173.194.151.108,10.10.0.10,,,443,41505,0,1358,17
1589249435.8950028,173.194.151.108,10.10.0.10,,,443,41505,0,1358,17
1589249435.897597,10.10.0.10,173.194.151.108,,,41505,443,0,37,17
1589249435.909248,173.194.151.108,10.10.0.10,,,443,41505,0,1358,17
1589249435.9234948,173.194.151.108,10.10.0.10,,,443,41505,0,1358,17
1589249435.9250932,10.10.0.10,173.194.151.108,,,41505,443,0,37,17
1589249435.937724,173.194.151.108,10.10.0.10,,,443,41505,0,1358,17
1589249435.9519641,173.194.151.108,10.10.0.10,,,443,41505,0,1358,17
1589249435.953593,10.10.0.10,173.194.151.108,,,41505,443,0,37,17
1589249435.966206,173.194.151.108,10.10.0.10,,,443,41505,0,1358,17
1589249435.980449,173.194.151.108,10.10.0.10,,,443,41505,0,1358,17
1589249435.9822161,10.10.0.10,173.194.151.108,,,41505,443,0,37,17
1589249435.9917,10.10.0.10,173.194.151.108,,,41505,443,0,724,17
1589249435.9917262,10.10.0.10,173.194.151.108,,,41505,443,0,48,17
1589249435.994689,173.194.151.108,10.10.0.10,,,443,41505,0,1358,17
1589249436.008929,173.194.151.108,10.10.0.10,,,443,41505,0,1358,17
1589249436.010593,10.10.0.10,173.194.151.108,,,41505,443,0,37,17
1589249436.0231779,173.194.151.108,10.10.0.10,,,443,41505,0,1358,17
1589249436.037409,173.194.151.108,10.10.0.10,,,443,41505,0,1358,17
1589249436.0516481,173.194.151.108,10.10.0.10,,,443,41505,0,1358,17
1589249436.0560696,10.10.0.10,173.194.151.108,,,41505,443,0,37,17
1589249436.065897,173.194.151.108,10.10.0.10,,,443,41505,0,1358,17
1589249436.0686939,10.10.0.10,173.194.151.108,,,41505,443,0,37,17
1589249436.0801332,173.194.151.108,10.10.0.10,,,443,41505,0,1358,17
1589249436.0943732,173.194.151.108,10.10.0.10,,,443,41505,0,1358,17
1589249436.096195,10.10.0.10,173.194.151.108,,,41505,443,0,37,17
1589249436.108616,173.194.151.108,10.10.0.10,,,443,41505,0,1358,17
1589249436.122865,173.194.151.108,10.10.0.10,,,443,41505,0,1358,17
1589249436.12444,10.10.0.10,173.194.151.108,,,41505,443,0,37,17
1589249436.1371136,173.194.151.108,10.10.0.10,,,443,41505,0,1358,17
1589249436.1513321,173.194.151.108,10.10.0.10,,,443,41505,0,1358,17
1589249436.15309,10.10.0.10,173.194.151.108,,,41505,443,0,37,17
1589249436.1655722,173.194.151.108,10.10.0.10,,,443,41505,0,1358,17
1589249436.1798108,173.194.151.108,10.10.0.10,,,443,41505,0,1358,17
1589249436.18159,10.10.0.10,173.194.151.108,,,41505,443,0,37,17
1589249436.1940534,173.194.151.108,10.10.0.10,,,443,41505,0,1358,17
1589249436.208299,173.194.151.108,10.10.0.10,,,443,41505,0,1358,17
1589249436.210709,10.10.0.10,173.194.151.108,,,41505,443,0,37,17
1589249436.2225492,173.194.151.108,10.10.0.10,,,443,41505,0,1358,17
1589249436.236775,173.194.151.108,10.10.0.10,,,443,41505,0,1358,17
1589249436.23844,10.10.0.10,173.194.151.108,,,41505,443,0,37,17
1589249436.251014,173.194.151.108,10.10.0.10,,,443,41505,0,1358,17
1589249436.2652571,173.194.151.108,10.10.0.10,,,443,41505,0,1358,17
1589249436.267083,10.10.0.10,173.194.151.108,,,41505,443,0,37,17
1589249436.2794971,173.194.151.108,10.10.0.10,,,443,41505,0,1358,17
1589249436.2937384,173.194.151.108,10.10.0.10,,,443,41505,0,1358,17
1589249436.2954614,10.10.0.10,173.194.151.108,,,41505,443,0,37,17
1589249436.3079839,173.194.151.108,10.10.0.10,,,443,41505,0,1358,17
1589249436.322233,173.194.151.108,10.10.0.10,,,443,41505,0,1358,17
1589249436.324065,10.10.0.10,173.194.151.108,,,41505,443,0,37,17
1589249436.3364697,173.194.151.108,10.10.0.10,,,443,41505,0,1358,17
1589249436.350699,173.194.151.108,10.10.0.10,,,443,41505,0,1358,17
1589249436.352457,10.10.0.10,173.194.151.108,,,41505,443,0,37,17
1589249436.3649402,173.194.151.108,10.10.0.10,,,443,41505,0,1358,17
1589249436.3791802,173.194.151.108,10.10.0.10,,,443,41505,0,1358,17
1589249436.380831,10.10.0.10,173.194.151.108,,,41505,443,0,37,17
1589249436.393417,173.194.151.108,10.10.0.10,,,443,41505,0,1358,17
1589249436.407667,173.194.151.108,10.10.0.10,,,443,41505,0,1358,17
1589249436.409455,10.10.0.10,173.194.151.108,,,41505,443,0,37,17
1589249436.421914,173.194.151.108,10.10.0.10,,,443,41505,0,1358,17
1589249436.436134,173.194.151.108,10.10.0.10,,,443,41505,0,1358,17
1589249436.438328,10.10.0.10,173.194.151.108,,,41505,443,0,37,17
1589249436.450379,173.194.151.108,10.10.0.10,,,443,41505,0,1358,17
1589249436.464621,173.194.151.108,10.10.0.10,,,443,41505,0,1358,17
1589249436.466308,10.10.0.10,173.194.151.108,,,41505,443,0,37,17
1589249436.478864,173.194.151.108,10.10.0.10,,,443,41505,0,1358,17
1589249436.4931061,173.194.151.108,10.10.0.10,,,443,41505,0,1358,17
1589249436.495574,10.10.0.10,173.194.151.108,,,41505,443,0,37,17
1589249436.507354,173.194.151.108,10.10.0.10,,,443,41505,0,1358,17
1589249436.521606,173.194.151.108,10.10.0.10,,,443,41505,0,1358,17
1589249436.523402,10.10.0.10,173.194.151.108,,,41505,443,0,37,17
1589249436.535826,173.194.151.108,10.10.0.10,,,443,41505,0,1358,17
1589249436.550066,173.194.151.108,10.10.0.10,,,443,41505,0,1358,17
1589249436.5564249,10.10.0.10,173.194.151.108,,,41505,443,0,50,17
1589249436.5642989,173.194.151.108,10.10.0.10,,,443,41505,0,1358,17
1589249436.578541,173.194.151.108,10.10.0.10,,,443,41505,0,1358,17
1589249436.580141,10.10.0.10,173.194.151.108,,,41505,443,0,37,17
1589249436.592778,173.194.151.108,10.10.0.10,,,443,41505,0,1358,17
1589249436.6070359,173.194.151.108,10.10.0.10,,,443,41505,0,1358,17
1589249436.6089196,10.10.0.10,173.194.151.108,,,41505,443,0,37,17
1589249436.6212678,173.194.151.108,10.10.0.10,,,443,41505,0,1358,17
1589249436.635504,173.194.151.108,10.10.0.10,,,443,41505,0,29,17
1589249436.6361446,173.194.151.108,10.10.0.10,,,443,41505,0,1358,17
1589249436.637678,10.10.0.10,173.194.151.108,,,41505,443,0,37,17
1589249436.650385,173.194.151.108,10.10.0.10,,,443,41505,0,1358,17
1589249436.664624,173.194.151.108,10.10.0.10,,,443,41505,0,1358,17
1589249436.666302,10.10.0.10,173.194.151.108,,,41505,443,0,37,17
1589249436.67887,173.194.151.108,10.10.0.10,,,443,41505,0,1358,17
1589249436.693106,173.194.151.108,10.10.0.10,,,443,41505,0,1358,17
1589249436.6948018,10.10.0.10,173.194.151.108,,,41505,443,0,37,17
1589249436.7073548,173.194.151.108,10.10.0.10,,,443,41505,0,1358,17
1589249436.7215981,173.194.151.108,10.10.0.10,,,443,41505,0,1358,17
1589249436.7231698,10.10.0.10,173.194.151.108,,,41505,443,0,37,17
1589249436.735828,173.194.151.108,10.10.0.10,,,443,41505,0,1358,17
1589249436.7500944,173.194.151.108,10.10.0.10,,,443,41505,0,1358,17
1589249436.7516954,10.10.0.10,173.194.151.108,,,41505,443,0,37,17
1589249436.7643075,173.194.151.108,10.10.0.10,,,443,41505,0,1358,17
1589249436.778559,173.194.151.108,10.10.0.10,,,443,41505,0,1358,17
1589249436.7800481,10.10.0.10,173.194.151.108,,,41505,443,0,37,17
1589249436.7927961,173.194.151.108,10.10.0.10,,,443,41505,0,1358,17
1589249436.8070366,173.194.151.108,10.10.0.10,,,443,41505,0,1358,17
1589249436.8088222,10.10.0.10,173.194.151.108,,,41505,443,0,37,17
1589249436.8212821,173.194.151.108,10.10.0.10,,,443,41505,0,1358,17
1589249436.835511,173.194.151.108,10.10.0.10,,,443,41505,0,1358,17
1589249436.8374429,10.10.0.10,173.194.151.108,,,41505,443,0,37,17
1589249436.8497572,173.194.151.108,10.10.0.10,,,443,41505,0,1358,17
1589249436.8639948,173.194.151.108,10.10.0.10,,,443,41505,0,1358,17
1589249436.868815,10.10.0.10,173.194.151.108,,,41505,443,0,37,17
1589249436.878233,173.194.151.108,10.10.0.10,,,443,41505,0,1358,17
1589249436.8924804,173.194.151.108,10.10.0.10,,,443,41505,0,1358,17
1589249436.8942974,10.10.0.10,173.194.151.108,,,41505,443,0,37,17
1589249436.906718,173.194.151.108,10.10.0.10,,,443,41505,0,1358,17
1589249436.920967,173.194.151.108,10.10.0.10,,,443,41505,0,1358,17
1589249436.9225662,10.10.0.10,173.194.151.108,,,41505,443,0,37,17
1589249436.935213,173.194.151.108,10.10.0.10,,,443,41505,0,1358,17
1589249436.9494376,173.194.151.108,10.10.0.10,,,443,41505,0,1358,17
1589249436.951064,10.10.0.10,173.194.151.108,,,41505,443,0,37,17
1589249436.96368,173.194.151.108,10.10.0.10,,,443,41505,0,1358,17
1589249436.977928,173.194.151.108,10.10.0.10,,,443,41505,0,1358,17
1589249436.979784,10.10.0.10,173.194.151.108,,,41505,443,0,37,17
1589249436.992161,173.194.151.108,10.10.0.10,,,443,41505,0,1358,17
1589249437.0064,173.194.151.108,10.10.0.10,,,443,41505,0,1358,17
1589249437.0085628,10.10.0.10,173.194.151.108,,,41505,443,0,37,17
1589249437.0206392,173.194.151.108,10.10.0.10,,,443,41505,0,1358,17
1589249437.0348961,173.194.151.108,10.10.0.10,,,443,41505,0,1358,17
1589249437.036418,10.10.0.10,173.194.151.108,,,41505,443,0,37,17
1589249437.049122,173.194.151.108,10.10.0.10,,,443,41505,0,1358,17
1589249437.06336,173.194.151.108,10.10.0.10,,,443,41505,0,1358,17
1589249437.0652962,10.10.0.10,173.194.151.108,,,41505,443,0,37,17
1589249437.077601,173.194.151.108,10.10.0.10,,,443,41505,0,1358,17
1589249437.091843,173.194.151.108,10.10.0.10,,,443,41505,0,1358,17
1589249437.0935378,10.10.0.10,173.194.151.108,,,41505,443,0,37,17
1589249437.106087,173.194.151.108,10.10.0.10,,,443,41505,0,1358,17
1589249437.1203198,173.194.151.108,10.10.0.10,,,443,41505,0,1358,17
1589249437.122433,10.10.0.10,173.194.151.108,,,41505,443,0,50,17
1589249437.134584,173.194.151.108,10.10.0.10,,,443,41505,0,1358,17
1589249437.148806,173.194.151.108,10.10.0.10,,,443,41505,0,1358,17
1589249437.1510286,10.10.0.10,173.194.151.108,,,41505,443,0,37,17
1589249437.163047,173.194.151.108,10.10.0.10,,,443,41505,0,1358,17
1589249437.1772866,173.194.151.108,10.10.0.10,,,443,41505,0,1358,17
1589249437.1791608,10.10.0.10,173.194.151.108,,,41505,443,0,37,17
1589249437.1915252,173.194.151.108,10.10.0.10,,,443,41505,0,1358,17
1589249437.20577,173.194.151.108,10.10.0.10,,,443,41505,0,29,17
1589249437.206414,173.194.151.108,10.10.0.10,,,443,41505,0,1358,17
1589249437.207912,10.10.0.10,173.194.151.108,,,41505,443,0,37,17
1589249437.2206519,173.194.151.108,10.10.0.10,,,443,41505,0,1358,17
1589249437.234893,173.194.151.108,10.10.0.10,,,443,41505,0,1358,17
1589249437.236662,10.10.0.10,173.194.151.108,,,41505,443,0,37,17
1589249437.2491422,173.194.151.108,10.10.0.10,,,443,41505,0,1358,17
1589249437.2633722,173.194.151.108,10.10.0.10,,,443,41505,0,1358,17
1589249437.265054,10.10.0.10,173.194.151.108,,,41505,443,0,37,17
1589249437.2776122,173.194.151.108,10.10.0.10,,,443,41505,0,1358,17
1589249437.291854,173.194.151.108,10.10.0.10,,,443,41505,0,1358,17
1589249437.293535,10.10.0.10,173.194.151.108,,,41505,443,0,37,17
1589249437.3060946,173.194.151.108,10.10.0.10,,,443,41505,0,1358,17
1589249437.3203351,173.194.151.108,10.10.0.10,,,443,41505,0,1358,17
1589249437.3222828,10.10.0.10,173.194.151.108,,,41505,443,0,37,17
1589249437.334582,173.194.151.108,10.10.0.10,,,443,41505,0,1358,17
1589249437.3488278,173.194.151.108,10.10.0.10,,,443,41505,0,1358,17
1589249437.3505511,10.10.0.10,173.194.151.108,,,41505,443,0,37,17
1589249437.3630779,173.194.151.108,10.10.0.10,,,443,41505,0,1358,17
1589249437.3772972,173.194.151.108,10.10.0.10,,,443,41505,0,1358,17
1589249437.3797832,10.10.0.10,173.194.151.108,,,41505,443,0,37,17
1589249437.3915322,173.194.151.108,10.10.0.10,,,443,41505,0,1358,17
1589249437.405777,173.194.151.108,10.10.0.10,,,443,41505,0,1358,17
1589249437.4076748,10.10.0.10,173.194.151.108,,,41505,443,0,37,17
1589249437.420018,173.194.151.108,10.10.0.10,,,443,41505,0,1358,17
1589249437.4342618,173.194.151.108,10.10.0.10,,,443,41505,0,1358,17
1589249437.435893,10.10.0.10,173.194.151.108,,,41505,443,0,37,17
1589249437.448513,173.194.151.108,10.10.0.10,,,443,41505,0,1358,17
1589249437.462739,173.194.151.108,10.10.0.10,,,443,41505,0,1358,17
1589249437.464926,10.10.0.10,173.194.151.108,,,41505,443,0,37,17
1589249437.476983,173.194.151.108,10.10.0.10,,,443,41505,0,1358,17
1589249437.4912188,173.194.151.108,10.10.0.10,,,443,41505,0,1358,17
1589249437.492904,10.10.0.10,173.194.151.108,,,41505,443,0,37,17
1589249437.5054598,173.194.151.108,10.10.0.10,,,443,41505,0,1358,17
1589249437.5196998,173.194.151.108,10.10.0.10,,,443,41505,0,1358,17
1589249437.523028,10.10.0.10,173.194.151.108,,,41505,443,0,37,17
1589249437.5339491,173.194.151.108,10.10.0.10,,,443,41505,0,1358,17
1589249437.548175,173.194.151.108,10.10.0.10,,,443,41505,0,1358,17
1589249437.550154,10.10.0.10,173.194.151.108,,,41505,443,0,37,17
1589249437.562416,173.194.151.108,10.10.0.10,,,443,41505,0,1358,17
1589249437.576657,173.194.151.108,10.10.0.10,,,443,41505,0,1358,17
1589249437.578395,10.10.0.10,173.194.151.108,,,41505,443,0,37,17
1589249437.5909,173.194.151.108,10.10.0.10,,,443,41505,0,1358,17
1589249437.6051376,173.194.151.108,10.10.0.10,,,443,41505,0,1358,17
1589249437.610018,10.10.0.10,173.194.151.108,,,41505,443,0,37,17
1589249437.6193788,173.194.151.108,10.10.0.10,,,443,41505,0,1358,17
1589249437.6336188,173.194.151.108,10.10.0.10,,,443,41505,0,1358,17
1589249437.6354098,10.10.0.10,173.194.151.108,,,41505,443,0,37,17
1589249437.6478589,173.194.151.108,10.10.0.10,,,443,41505,0,1358,17
1589249437.662098,173.194.151.108,10.10.0.10,,,443,41505,0,1358,17
1589249437.6636488,10.10.0.10,173.194.151.108,,,41505,443,0,37,17
1589249437.6763391,173.194.151.108,10.10.0.10,,,443,41505,0,1358,17
1589249437.690585,173.194.151.108,10.10.0.10,,,443,41505,0,1358,17
1589249437.6926498,10.10.0.10,173.194.151.108,,,41505,443,0,50,17
1589249437.704821,173.194.151.108,10.10.0.10,,,443,41505,0,1358,17
1589249437.719063,173.194.151.108,10.10.0.10,,,443,41505,0,1358,17
1589249437.720654,10.10.0.10,173.194.151.108,,,41505,443,0,37,17
1589249437.7333179,173.194.151.108,10.10.0.10,,,443,41505,0,1358,17
1589249437.747567,173.194.151.108,10.10.0.10,,,443,41505,0,1358,17
1589249437.7490392,10.10.0.10,173.194.151.108,,,41505,443,0,37,17
1589249437.761787,173.194.151.108,10.10.0.10,,,443,41505,0,1358,17
1589249437.77603,173.194.151.108,10.10.0.10,,,443,41505,0,1358,17
1589249437.777664,10.10.0.10,173.194.151.108,,,41505,443,0,37,17
1589249437.790266,173.194.151.108,10.10.0.10,,,443,41505,0,29,17
1589249437.790911,173.194.151.108,10.10.0.10,,,443,41505,0,1358,17
1589249437.805152,173.194.151.108,10.10.0.10,,,443,41505,0,1358,17
1589249437.806796,10.10.0.10,173.194.151.108,,,41505,443,0,37,17
1589249437.819393,173.194.151.108,10.10.0.10,,,443,41505,0,1358,17
1589249437.8336349,173.194.151.108,10.10.0.10,,,443,41505,0,1358,17
1589249437.83539,10.10.0.10,173.194.151.108,,,41505,443,0,37,17
1589249437.8478749,173.194.151.108,10.10.0.10,,,443,41505,0,1358,17
1589249437.862127,173.194.151.108,10.10.0.10,,,443,41505,0,1358,17
1589249437.8637712,10.10.0.10,173.194.151.108,,,41505,443,0,37,17
1589249437.876368,173.194.151.108,10.10.0.10,,,443,41505,0,1358,17
1589249437.890594,173.194.151.108,10.10.0.10,,,443,41505,0,1358,17
1589249437.8922849,10.10.0.10,173.194.151.108,,,41505,443,0,37,17
1589249437.9048376,173.194.151.108,10.10.0.10,,,443,41505,0,1358,17
1589249437.9190779,173.194.151.108,10.10.0.10,,,443,41505,0,1358,17
1589249437.920756,10.10.0.10,173.194.151.108,,,41505,443,0,37,17
1589249437.9333189,173.194.151.108,10.10.0.10,,,443,41505,0,1358,17
1589249437.947553,173.194.151.108,10.10.0.10,,,443,41505,0,1358,17
1589249437.9491332,10.10.0.10,173.194.151.108,,,41505,443,0,37,17
1589249437.9618118,173.194.151.108,10.10.0.10,,,443,41505,0,1358,17
1589249437.9730608,173.194.151.108,10.10.0.10,,,443,41505,0,1358,17
1589249437.974783,10.10.0.10,173.194.151.108,,,41505,443,0,37,17
1589249437.984317,173.194.151.108,10.10.0.10,,,443,41505,0,1358,17
1589249437.9955778,173.194.151.108,10.10.0.10,,,443,41505,0,1358,17
1589249437.997158,10.10.0.10,173.194.151.108,,,41505,443,0,37,17
1589249438.0068376,173.194.151.108,10.10.0.10,,,443,41505,0,1358,17
1589249438.0180972,173.194.151.108,10.10.0.10,,,443,41505,0,1358,17
1589249438.01964,10.10.0.10,173.194.151.108,,,41505,443,0,37,17
1589249438.0293546,173.194.151.108,10.10.0.10,,,443,41505,0,1358,17
1589249438.0406199,173.194.151.108,10.10.0.10,,,443,41505,0,1358,17
1589249438.042406,10.10.0.10,173.194.151.108,,,41505,443,0,37,17
1589249438.0518758,173.194.151.108,10.10.0.10,,,443,41505,0,1358,17
1589249438.0631351,173.194.151.108,10.10.0.10,,,443,41505,0,1358,17
1589249438.0649116,10.10.0.10,173.194.151.108,,,41505,443,0,37,17
1589249438.074398,173.194.151.108,10.10.0.10,,,443,41505,0,1358,17
1589249438.085655,173.194.151.108,10.10.0.10,,,443,41505,0,1358,17
1589249438.087844,10.10.0.10,173.194.151.108,,,41505,443,0,37,17
1589249438.09693,173.194.151.108,10.10.0.10,,,443,41505,0,1358,17
1589249438.108187,173.194.151.108,10.10.0.10,,,443,41505,0,1358,17
1589249438.1100292,10.10.0.10,173.194.151.108,,,41505,443,0,37,17
1589249438.1194365,173.194.151.108,10.10.0.10,,,443,41505,0,1358,17
1589249438.130696,173.194.151.108,10.10.0.10,,,443,41505,0,1358,17
1589249438.132259,10.10.0.10,173.194.151.108,,,41505,443,0,37,17
1589249438.141954,173.194.151.108,10.10.0.10,,,443,41505,0,1358,17
1589249438.153214,173.194.151.108,10.10.0.10,,,443,41505,0,1358,17
1589249438.156383,10.10.0.10,173.194.151.108,,,41505,443,0,37,17
1589249438.164491,173.194.151.108,10.10.0.10,,,443,41505,0,1358,17
1589249438.1757412,173.194.151.108,10.10.0.10,,,443,41505,0,1358,17
1589249438.177382,10.10.0.10,173.194.151.108,,,41505,443,0,37,17
1589249438.1869972,173.194.151.108,10.10.0.10,,,443,41505,0,1358,17
1589249438.1982536,173.194.151.108,10.10.0.10,,,443,41505,0,1358,17
1589249438.1999779,10.10.0.10,173.194.151.108,,,41505,443,0,50,17
1589249438.2095141,173.194.151.108,10.10.0.10,,,443,41505,0,1358,17
1589249438.220778,173.194.151.108,10.10.0.10,,,443,41505,0,1358,17
1589249438.222881,10.10.0.10,173.194.151.108,,,41505,443,0,37,17
1589249438.232051,173.194.151.108,10.10.0.10,,,443,41505,0,1358,17
1589249438.243304,173.194.151.108,10.10.0.10,,,443,41505,0,29,17
1589249438.2438052,173.194.151.108,10.10.0.10,,,443,41505,0,1358,17
1589249438.2452474,10.10.0.10,173.194.151.108,,,41505,443,0,37,17
1589249438.255065,173.194.151.108,10.10.0.10,,,443,41505,0,1358,17
1589249438.2663224,173.194.151.108,10.10.0.10,,,443,41505,0,1358,17
1589249438.268124,10.10.0.10,173.194.151.108,,,41505,443,0,37,17
1589249438.2775831,173.194.151.108,10.10.0.10,,,443,41505,0,1358,17
1589249438.2888489,173.194.151.108,10.10.0.10,,,443,41505,0,1358,17
1589249438.290504,10.10.0.10,173.194.151.108,,,41505,443,0,37,17
1589249438.300097,173.194.151.108,10.10.0.10,,,443,41505,0,1358,17
1589249438.311362,173.194.151.108,10.10.0.10,,,443,41505,0,1358,17
1589249438.3131511,10.10.0.10,173.194.151.108,,,41505,443,0,37,17
1589249438.322622,173.194.151.108,10.10.0.10,,,443,41505,0,1358,17
1589249438.3338828,173.194.151.108,10.10.0.10,,,443,41505,0,1358,17
1589249438.3362758,10.10.0.10,173.194.151.108,,,41505,443,0,37,17
1589249438.345142,173.194.151.108,10.10.0.10,,,443,41505,0,1358,17
1589249438.3564134,173.194.151.108,10.10.0.10,,,443,41505,0,1358,17
1589249438.3588762,10.10.0.10,173.194.151.108,,,41505,443,0,37,17
1589249438.3676748,173.194.151.108,10.10.0.10,,,443,41505,0,1358,17
1589249438.378926,173.194.151.108,10.10.0.10,,,443,41505,0,1358,17
1589249438.380378,10.10.0.10,173.194.151.108,,,41505,443,0,37,17
1589249438.390183,173.194.151.108,10.10.0.10,,,443,41505,0,1358,17
1589249438.4014409,173.194.151.108,10.10.0.10,,,443,41505,0,1358,17
1589249438.4034991,10.10.0.10,173.194.151.108,,,41505,443,0,37,17
1589249438.412703,173.194.151.108,10.10.0.10,,,443,41505,0,1358,17
1589249438.423958,173.194.151.108,10.10.0.10,,,443,41505,0,1358,17
1589249438.425616,10.10.0.10,173.194.151.108,,,41505,443,0,37,17
1589249438.4352329,173.194.151.108,10.10.0.10,,,443,41505,0,1358,17
1589249438.446483,173.194.151.108,10.10.0.10,,,443,41505,0,1358,17
1589249438.4482498,10.10.0.10,173.194.151.108,,,41505,443,0,37,17
1589249438.457741,173.194.151.108,10.10.0.10,,,443,41505,0,1358,17
1589249438.469,173.194.151.108,10.10.0.10,,,443,41505,0,1358,17
1589249438.4706302,10.10.0.10,173.194.151.108,,,41505,443,0,37,17
1589249438.480264,173.194.151.108,10.10.0.10,,,443,41505,0,1358,17
1589249438.491519,173.194.151.108,10.10.0.10,,,443,41505,0,1358,17
1589249438.493248,10.10.0.10,173.194.151.108,,,41505,443,0,37,17
1589249438.5027788,173.194.151.108,10.10.0.10,,,443,41505,0,1358,17
1589249438.5140474,173.194.151.108,10.10.0.10,,,443,41505,0,1358,17
1589249438.515643,10.10.0.10,173.194.151.108,,,41505,443,0,37,17
1589249438.5252998,173.194.151.108,10.10.0.10,,,443,41505,0,1358,17
1589249438.536562,173.194.151.108,10.10.0.10,,,443,41505,0,1358,17
1589249438.538769,10.10.0.10,173.194.151.108,,,41505,443,0,37,17
1589249438.547819,173.194.151.108,10.10.0.10,,,443,41505,0,1358,17
1589249438.559078,173.194.151.108,10.10.0.10,,,443,41505,0,1358,17
1589249438.5611231,10.10.0.10,173.194.151.108,,,41505,443,0,37,17
1589249438.570354,173.194.151.108,10.10.0.10,,,443,41505,0,1358,17
1589249438.581595,173.194.151.108,10.10.0.10,,,443,41505,0,1358,17
1589249438.592862,173.194.151.108,10.10.0.10,,,443,41505,0,1358,17
1589249438.6054866,173.194.151.108,10.10.0.10,,,443,41505,0,1358,17
1589249438.6106489,10.10.0.10,173.194.151.108,,,41505,443,0,37,17
1589249438.612143,10.10.0.10,173.194.151.108,,,41505,443,0,37,17
1589249438.6167321,173.194.151.108,10.10.0.10,,,443,41505,0,1358,17
1589249438.627984,173.194.151.108,10.10.0.10,,,443,41505,0,1358,17
1589249438.6294944,10.10.0.10,173.194.151.108,,,41505,443,0,37,17
1589249438.6392472,173.194.151.108,10.10.0.10,,,443,41505,0,1358,17
1589249438.6505039,173.194.151.108,10.10.0.10,,,443,41505,0,1358,17
1589249438.652121,10.10.0.10,173.194.151.108,,,41505,443,0,50,17
1589249438.6617892,173.194.151.108,10.10.0.10,,,443,41505,0,1358,17
1589249438.673025,173.194.151.108,10.10.0.10,,,443,41505,0,1358,17
1589249438.674621,10.10.0.10,173.194.151.108,,,41505,443,0,37,17
1589249438.6842842,173.194.151.108,10.10.0.10,,,443,41505,0,1358,17
1589249438.695543,173.194.151.108,10.10.0.10,,,443,41505,0,1358,17
1589249438.697473,10.10.0.10,173.194.151.108,,,41505,443,0,37,17
1589249438.70681,173.194.151.108,10.10.0.10,,,443,41505,0,29,17
1589249438.70731,173.194.151.108,10.10.0.10,,,443,41505,0,1358,17
1589249438.718577,173.194.151.108,10.10.0.10,,,443,41505,0,1358,17
1589249438.72024,10.10.0.10,173.194.151.108,,,41505,443,0,37,17
1589249438.729832,173.194.151.108,10.10.0.10,,,443,41505,0,1358,17
1589249438.7410989,173.194.151.108,10.10.0.10,,,443,41505,0,1358,17
1589249438.7427619,10.10.0.10,173.194.151.108,,,41505,443,0,37,17
1589249438.752353,173.194.151.108,10.10.0.10,,,443,41505,0,1358,17
1589249438.763616,173.194.151.108,10.10.0.10,,,443,41505,0,1358,17
1589249438.7653859,10.10.0.10,173.194.151.108,,,41505,443,0,37,17
1589249438.774879,173.194.151.108,10.10.0.10,,,443,41505,0,1358,17
1589249438.786149,173.194.151.108,10.10.0.10,,,443,41505,0,1358,17
1589249438.7878408,10.10.0.10,173.194.151.108,,,41505,443,0,37,17
1589249438.79741,173.194.151.108,10.10.0.10,,,443,41505,0,1358,17
1589249438.808656,173.194.151.108,10.10.0.10,,,443,41505,0,1358,17
1589249438.810384,10.10.0.10,173.194.151.108,,,41505,443,0,37,17
1589249438.8199162,173.194.151.108,10.10.0.10,,,443,41505,0,1358,17
1589249438.83118,173.194.151.108,10.10.0.10,,,443,41505,0,1358,17
1589249438.832746,10.10.0.10,173.194.151.108,,,41505,443,0,37,17
1589249438.842437,173.194.151.108,10.10.0.10,,,443,41505,0,1358,17
1589249438.853696,173.194.151.108,10.10.0.10,,,443,41505,0,1358,17
1589249438.8567398,10.10.0.10,173.194.151.108,,,41505,443,0,37,17
1589249438.8649714,173.194.151.108,10.10.0.10,,,443,41505,0,1358,17
1589249438.8762221,173.194.151.108,10.10.0.10,,,443,41505,0,1358,17
1589249438.878632,10.10.0.10,173.194.151.108,,,41505,443,0,37,17
1589249438.8874755,173.194.151.108,10.10.0.10,,,443,41505,0,1358,17
1589249438.898737,173.194.151.108,10.10.0.10,,,443,41505,0,1358,17
1589249438.900506,10.10.0.10,173.194.151.108,,,41505,443,0,37,17
1589249438.9099948,173.194.151.108,10.10.0.10,,,443,41505,0,1358,17
1589249438.9212532,173.194.151.108,10.10.0.10,,,443,41505,0,1358,17
1589249438.923102,10.10.0.10,173.194.151.108,,,41505,443,0,37,17
1589249438.9325304,173.194.151.108,10.10.0.10,,,443,41505,0,1358,17
1589249438.943784,173.194.151.108,10.10.0.10,,,443,41505,0,1358,17
1589249438.9453628,10.10.0.10,173.194.151.108,,,41505,443,0,37,17
1589249438.955035,173.194.151.108,10.10.0.10,,,443,41505,0,1358,17
1589249438.9676578,173.194.151.108,10.10.0.10,,,443,41505,0,1358,17
1589249438.9692285,10.10.0.10,173.194.151.108,,,41505,443,0,37,17
1589249438.9789069,173.194.151.108,10.10.0.10,,,443,41505,0,1358,17
1589249438.990169,173.194.151.108,10.10.0.10,,,443,41505,0,1358,17
1589249438.991734,10.10.0.10,173.194.151.108,,,41505,443,0,37,17
1589249439.001428,173.194.151.108,10.10.0.10,,,443,41505,0,1358,17
1589249439.0126884,173.194.151.108,10.10.0.10,,,443,41505,0,1358,17
1589249439.014232,10.10.0.10,173.194.151.108,,,41505,443,0,37,17
1589249439.0239458,173.194.151.108,10.10.0.10,,,443,41505,0,1358,17
1589249439.035216,173.194.151.108,10.10.0.10,,,443,41505,0,1358,17
1589249439.036864,10.10.0.10,173.194.151.108,,,41505,443,0,37,17
1589249439.046466,173.194.151.108,10.10.0.10,,,443,41505,0,1358,17
1589249439.0577252,173.194.151.108,10.10.0.10,,,443,41505,0,1358,17
1589249439.0592508,10.10.0.10,173.194.151.108,,,41505,443,0,37,17
1589249439.068985,173.194.151.108,10.10.0.10,,,443,41505,0,1358,17
1589249439.080238,173.194.151.108,10.10.0.10,,,443,41505,0,1358,17
1589249439.082359,10.10.0.10,173.194.151.108,,,41505,443,0,37,17
1589249439.091525,173.194.151.108,10.10.0.10,,,443,41505,0,1358,17
1589249439.102779,173.194.151.108,10.10.0.10,,,443,41505,0,1358,17
1589249439.104611,10.10.0.10,173.194.151.108,,,41505,443,0,50,17
1589249439.1140268,173.194.151.108,10.10.0.10,,,443,41505,0,1358,17
1589249439.1252828,173.194.151.108,10.10.0.10,,,443,41505,0,1358,17
1589249439.127,10.10.0.10,173.194.151.108,,,41505,443,0,37,17
1589249439.136544,173.194.151.108,10.10.0.10,,,443,41505,0,1358,17
1589249439.1478028,173.194.151.108,10.10.0.10,,,443,41505,0,1358,17
1589249439.149374,10.10.0.10,173.194.151.108,,,41505,443,0,37,17
1589249439.159063,173.194.151.108,10.10.0.10,,,443,41505,0,1358,17
1589249439.170337,173.194.151.108,10.10.0.10,,,443,41505,0,1358,17
1589249439.171981,10.10.0.10,173.194.151.108,,,41505,443,0,37,17
1589249439.1815882,173.194.151.108,10.10.0.10,,,443,41505,0,1358,17
1589249439.192843,173.194.151.108,10.10.0.10,,,443,41505,0,29,17
1589249439.193351,173.194.151.108,10.10.0.10,,,443,41505,0,1358,17
1589249439.1952279,10.10.0.10,173.194.151.108,,,41505,443,0,37,17
1589249439.2046108,173.194.151.108,10.10.0.10,,,443,41505,0,1358,17
1589249439.21587,173.194.151.108,10.10.0.10,,,443,41505,0,1358,17
1589249439.217593,10.10.0.10,173.194.151.108,,,41505,443,0,37,17
1589249439.227148,173.194.151.108,10.10.0.10,,,443,41505,0,1358,17
1589249439.2384,173.194.151.108,10.10.0.10,,,443,41505,0,1358,17
1589249439.240113,10.10.0.10,173.194.151.108,,,41505,443,0,37,17
1589249439.2496538,173.194.151.108,10.10.0.10,,,443,41505,0,1358,17
1589249439.260911,173.194.151.108,10.10.0.10,,,443,41505,0,1358,17
1589249439.262495,10.10.0.10,173.194.151.108,,,41505,443,0,37,17
1589249439.272176,173.194.151.108,10.10.0.10,,,443,41505,0,1358,17
1589249439.2847831,173.194.151.108,10.10.0.10,,,443,41505,0,1358,17
1589249439.286349,10.10.0.10,173.194.151.108,,,41505,443,0,37,17
1589249439.2960448,173.194.151.108,10.10.0.10,,,443,41505,0,1358,17
1589249439.307302,173.194.151.108,10.10.0.10,,,443,41505,0,1358,17
1589249439.3088286,10.10.0.10,173.194.151.108,,,41505,443,0,37,17
1589249439.3185608,173.194.151.108,10.10.0.10,,,443,41505,0,66,17
1589249439.35512,10.10.0.10,173.194.151.108,,,41505,443,0,37,17
1589249444.623989,10.10.0.10,173.194.151.108,,,41505,443,0,722,17
1589249444.624023,10.10.0.10,173.194.151.108,,,41505,443,0,48,17
1589249444.6284802,173.194.151.108,10.10.0.10,,,443,41505,0,29,17
1589249444.6299162,173.194.151.108,10.10.0.10,,,443,41505,0,1358,17
1589249444.629946,173.194.151.108,10.10.0.10,,,443,41505,0,1358,17
1589249444.632427,10.10.0.10,173.194.151.108,,,41505,443,0,37,17
1589249444.637886,173.194.151.108,10.10.0.10,,,443,41505,0,1358,17
1589249444.647254,173.194.151.108,10.10.0.10,,,443,41505,0,1358,17
1589249444.65132,10.10.0.10,173.194.151.108,,,41505,443,0,37,17
1589249444.6566222,173.194.151.108,10.10.0.10,,,443,41505,0,1358,17
1589249444.6659875,173.194.151.108,10.10.0.10,,,443,41505,0,1358,17
1589249444.6675742,10.10.0.10,173.194.151.108,,,41505,443,0,37,17
1589249444.6753502,173.194.151.108,10.10.0.10,,,443,41505,0,1358,17
1589249444.684725,173.194.151.108,10.10.0.10,,,443,41505,0,1358,17
1589249444.686214,10.10.0.10,173.194.151.108,,,41505,443,0,37,17
1589249444.6940901,173.194.151.108,10.10.0.10,,,443,41505,0,1358,17
1589249444.70345,173.194.151.108,10.10.0.10,,,443,41505,0,1358,17
1589249444.7051961,10.10.0.10,173.194.151.108,,,41505,443,0,37,17
1589249444.712815,173.194.151.108,10.10.0.10,,,443,41505,0,1358,17
1589249444.7221868,173.194.151.108,10.10.0.10,,,443,41505,0,1358,17
1589249444.7238472,10.10.0.10,173.194.151.108,,,41505,443,0,37,17
1589249444.731548,173.194.151.108,10.10.0.10,,,443,41505,0,1358,17
1589249444.740914,173.194.151.108,10.10.0.10,,,443,41505,0,1358,17
1589249444.742568,10.10.0.10,173.194.151.108,,,41505,443,0,37,17
1589249444.7502842,173.194.151.108,10.10.0.10,,,443,41505,0,1358,17
1589249444.759649,173.194.151.108,10.10.0.10,,,443,41505,0,1358,17
1589249444.761319,10.10.0.10,173.194.151.108,,,41505,443,0,37,17
1589249444.769015,173.194.151.108,10.10.0.10,,,443,41505,0,1358,17
1589249444.778381,173.194.151.108,10.10.0.10,,,443,41505,0,1358,17
1589249444.7804651,10.10.0.10,173.194.151.108,,,41505,443,0,37,17
1589249444.787748,173.194.151.108,10.10.0.10,,,443,41505,0,1358,17
1589249444.7971141,173.194.151.108,10.10.0.10,,,443,41505,0,1358,17
1589249444.7986932,10.10.0.10,173.194.151.108,,,41505,443,0,37,17
1589249444.806489,173.194.151.108,10.10.0.10,,,443,41505,0,1358,17
1589249444.8158612,173.194.151.108,10.10.0.10,,,443,41505,0,1358,17
1589249444.817585,10.10.0.10,173.194.151.108,,,41505,443,0,37,17
1589249444.825209,173.194.151.108,10.10.0.10,,,443,41505,0,1358,17
1589249444.834579,173.194.151.108,10.10.0.10,,,443,41505,0,1358,17
1589249444.836962,10.10.0.10,173.194.151.108,,,41505,443,0,37,17
1589249444.843945,173.194.151.108,10.10.0.10,,,443,41505,0,1358,17
1589249444.8533092,173.194.151.108,10.10.0.10,,,443,41505,0,1358,17
1589249444.8550642,10.10.0.10,173.194.151.108,,,41505,443,0,37,17
1589249444.862676,173.194.151.108,10.10.0.10,,,443,41505,0,1358,17
1589249444.8720355,173.194.151.108,10.10.0.10,,,443,41505,0,1358,17
1589249444.8736892,10.10.0.10,173.194.151.108,,,41505,443,0,37,17
1589249444.881422,173.194.151.108,10.10.0.10,,,443,41505,0,1358,17
1589249444.890776,173.194.151.108,10.10.0.10,,,443,41505,0,1358,17
1589249444.893713,10.10.0.10,173.194.151.108,,,41505,443,0,37,17
1589249444.9001381,173.194.151.108,10.10.0.10,,,443,41505,0,1358,17
1589249444.9095068,173.194.151.108,10.10.0.10,,,443,41505,0,1358,17
1589249444.9110632,10.10.0.10,173.194.151.108,,,41505,443,0,37,17
1589249444.918869,173.194.151.108,10.10.0.10,,,443,41505,0,1358,17
1589249444.9282362,173.194.151.108,10.10.0.10,,,443,41505,0,1358,17
1589249444.9300618,10.10.0.10,173.194.151.108,,,41505,443,0,37,17
1589249444.93761,173.194.151.108,10.10.0.10,,,443,41505,0,1358,17
1589249444.9469821,173.194.151.108,10.10.0.10,,,443,41505,0,1358,17
1589249444.948587,10.10.0.10,173.194.151.108,,,41505,443,0,37,17
1589249444.9563556,173.194.151.108,10.10.0.10,,,443,41505,0,1358,17
1589249444.9657009,173.194.151.108,10.10.0.10,,,443,41505,0,1358,17
1589249444.967186,10.10.0.10,173.194.151.108,,,41505,443,0,37,17
1589249444.975065,173.194.151.108,10.10.0.10,,,443,41505,0,1358,17
1589249444.984431,173.194.151.108,10.10.0.10,,,443,41505,0,1358,17
1589249444.987057,10.10.0.10,173.194.151.108,,,41505,443,0,50,17
1589249444.993798,173.194.151.108,10.10.0.10,,,443,41505,0,1358,17
1589249445.0031679,173.194.151.108,10.10.0.10,,,443,41505,0,1358,17
1589249445.010954,10.10.0.10,173.194.151.108,,,41505,443,0,37,17
1589249445.012543,173.194.151.108,10.10.0.10,,,443,41505,0,1358,17
1589249445.021895,173.194.151.108,10.10.0.10,,,443,41505,0,1358,17
1589249445.023579,10.10.0.10,173.194.151.108,,,41505,443,0,37,17
1589249445.0312614,173.194.151.108,10.10.0.10,,,443,41505,0,1358,17
1589249445.0406268,173.194.151.108,10.10.0.10,,,443,41505,0,1358,17
1589249445.042454,10.10.0.10,173.194.151.108,,,41505,443,0,37,17
1589249445.0499911,173.194.151.108,10.10.0.10,,,443,41505,0,1358,17
1589249445.0593572,173.194.151.108,10.10.0.10,,,443,41505,0,1358,17
1589249445.061075,10.10.0.10,173.194.151.108,,,41505,443,0,37,17
1589249445.0687325,173.194.151.108,10.10.0.10,,,443,41505,0,1358,17
1589249445.0781062,173.194.151.108,10.10.0.10,,,443,41505,0,1358,17
1589249445.080066,10.10.0.10,173.194.151.108,,,41505,443,0,37,17
1589249445.0874536,173.194.151.108,10.10.0.10,,,443,41505,0,1358,17
1589249445.096819,173.194.151.108,10.10.0.10,,,443,41505,0,1358,17
1589249445.0985582,10.10.0.10,173.194.151.108,,,41505,443,0,37,17
1589249445.106188,173.194.151.108,10.10.0.10,,,443,41505,0,1358,17
1589249445.115553,173.194.151.108,10.10.0.10,,,443,41505,0,1358,17
1589249445.117058,10.10.0.10,173.194.151.108,,,41505,443,0,37,17
1589249445.124919,173.194.151.108,10.10.0.10,,,443,41505,0,1358,17
1589249445.13429,173.194.151.108,10.10.0.10,,,443,41505,0,1358,17
1589249445.135808,10.10.0.10,173.194.151.108,,,41505,443,0,37,17
1589249445.1436641,173.194.151.108,10.10.0.10,,,443,41505,0,1358,17
1589249445.153019,173.194.151.108,10.10.0.10,,,443,41505,0,1358,17
1589249445.1547,10.10.0.10,173.194.151.108,,,41505,443,0,37,17
1589249445.1623821,173.194.151.108,10.10.0.10,,,443,41505,0,1358,17
1589249445.171749,173.194.151.108,10.10.0.10,,,443,41505,0,1358,17
1589249445.173451,10.10.0.10,173.194.151.108,,,41505,443,0,37,17
1589249445.181114,173.194.151.108,10.10.0.10,,,443,41505,0,1358,17
1589249445.190481,173.194.151.108,10.10.0.10,,,443,41505,0,1358,17
1589249445.192326,10.10.0.10,173.194.151.108,,,41505,443,0,37,17
1589249445.1998448,173.194.151.108,10.10.0.10,,,443,41505,0,1358,17
1589249445.209226,173.194.151.108,10.10.0.10,,,443,41505,0,1358,17
1589249445.211074,10.10.0.10,173.194.151.108,,,41505,443,0,37,17
1589249445.218599,173.194.151.108,10.10.0.10,,,443,41505,0,1358,17
1589249445.227944,173.194.151.108,10.10.0.10,,,443,41505,0,1358,17
1589249445.2297082,10.10.0.10,173.194.151.108,,,41505,443,0,37,17
1589249445.2373085,173.194.151.108,10.10.0.10,,,443,41505,0,1358,17
1589249445.2466724,173.194.151.108,10.10.0.10,,,443,41505,0,1358,17
1589249445.24843,10.10.0.10,173.194.151.108,,,41505,443,0,37,17
1589249445.256043,173.194.151.108,10.10.0.10,,,443,41505,0,1358,17
1589249445.265411,173.194.151.108,10.10.0.10,,,443,41505,0,1358,17
1589249445.2670536,10.10.0.10,173.194.151.108,,,41505,443,0,37,17
1589249445.274786,173.194.151.108,10.10.0.10,,,443,41505,0,1358,17
1589249445.284137,173.194.151.108,10.10.0.10,,,443,41505,0,1358,17
1589249445.285927,10.10.0.10,173.194.151.108,,,41505,443,0,37,17
1589249445.293504,173.194.151.108,10.10.0.10,,,443,41505,0,1358,17
1589249445.3028688,173.194.151.108,10.10.0.10,,,443,41505,0,1358,17
1589249445.304572,10.10.0.10,173.194.151.108,,,41505,443,0,37,17
1589249445.312237,173.194.151.108,10.10.0.10,,,443,41505,0,1358,17
1589249445.321607,173.194.151.108,10.10.0.10,,,443,41505,0,1358,17
1589249445.3231778,10.10.0.10,173.194.151.108,,,41505,443,0,37,17
1589249445.3309731,173.194.151.108,10.10.0.10,,,443,41505,0,1358,17
1589249445.340346,173.194.151.108,10.10.0.10,,,443,41505,0,1358,17
1589249445.342042,10.10.0.10,173.194.151.108,,,41505,443,0,37,17
1589249445.3497212,173.194.151.108,10.10.0.10,,,443,41505,0,1358,17
1589249445.359067,173.194.151.108,10.10.0.10,,,443,41505,0,1358,17
1589249445.361196,10.10.0.10,173.194.151.108,,,41505,443,0,50,17
1589249445.368432,173.194.151.108,10.10.0.10,,,443,41505,0,1358,17
1589249445.3777974,173.194.151.108,10.10.0.10,,,443,41505,0,1358,17
1589249445.379549,10.10.0.10,173.194.151.108,,,41505,443,0,37,17
1589249445.3871632,173.194.151.108,10.10.0.10,,,443,41505,0,1358,17
1589249445.3965318,173.194.151.108,10.10.0.10,,,443,41505,0,1358,17
1589249445.398319,10.10.0.10,173.194.151.108,,,41505,443,0,37,17
1589249445.405889,173.194.151.108,10.10.0.10,,,443,41505,0,1358,17
1589249445.415261,173.194.151.108,10.10.0.10,,,443,41505,0,1358,17
1589249445.416915,10.10.0.10,173.194.151.108,,,41505,443,0,37,17
1589249445.424625,173.194.151.108,10.10.0.10,,,443,41505,0,1358,17
1589249445.433992,173.194.151.108,10.10.0.10,,,443,41505,0,1358,17
1589249445.4378169,10.10.0.10,173.194.151.108,,,41505,443,0,37,17
1589249445.443353,173.194.151.108,10.10.0.10,,,443,41505,0,1358,17
1589249445.4527225,173.194.151.108,10.10.0.10,,,443,41505,0,1358,17
1589249445.454297,10.10.0.10,173.194.151.108,,,41505,443,0,37,17
1589249445.462095,173.194.151.108,10.10.0.10,,,443,41505,0,1358,17
1589249445.471471,173.194.151.108,10.10.0.10,,,443,41505,0,1358,17
1589249445.473066,10.10.0.10,173.194.151.108,,,41505,443,0,37,17
1589249445.4808419,173.194.151.108,10.10.0.10,,,443,41505,0,1358,17
1589249445.4901881,173.194.151.108,10.10.0.10,,,443,41505,0,1358,17
1589249445.492049,10.10.0.10,173.194.151.108,,,41505,443,0,37,17
1589249445.499553,173.194.151.108,10.10.0.10,,,443,41505,0,1358,17
1589249445.508918,173.194.151.108,10.10.0.10,,,443,41505,0,1358,17
1589249445.511055,10.10.0.10,173.194.151.108,,,41505,443,0,37,17
1589249445.518284,173.194.151.108,10.10.0.10,,,443,41505,0,1358,17
1589249445.5276532,173.194.151.108,10.10.0.10,,,443,41505,0,1358,17
1589249445.529921,10.10.0.10,173.194.151.108,,,41505,443,0,37,17
1589249445.5370288,173.194.151.108,10.10.0.10,,,443,41505,0,1358,17
1589249445.5463822,173.194.151.108,10.10.0.10,,,443,41505,0,1358,17
1589249445.5481722,10.10.0.10,173.194.151.108,,,41505,443,0,37,17
1589249445.5557468,173.194.151.108,10.10.0.10,,,443,41505,0,1358,17
1589249445.565113,173.194.151.108,10.10.0.10,,,443,41505,0,1358,17
1589249445.5668132,10.10.0.10,173.194.151.108,,,41505,443,0,37,17
1589249445.574478,173.194.151.108,10.10.0.10,,,443,41505,0,1358,17
1589249445.5838408,173.194.151.108,10.10.0.10,,,443,41505,0,1358,17
1589249445.5859392,10.10.0.10,173.194.151.108,,,41505,443,0,37,17
1589249445.5932052,173.194.151.108,10.10.0.10,,,443,41505,0,1358,17
1589249445.6025698,173.194.151.108,10.10.0.10,,,443,41505,0,1358,17
1589249445.604423,10.10.0.10,173.194.151.108,,,41505,443,0,37,17
1589249445.611946,173.194.151.108,10.10.0.10,,,443,41505,0,1358,17
1589249445.621305,173.194.151.108,10.10.0.10,,,443,41505,0,1358,17
1589249445.622918,10.10.0.10,173.194.151.108,,,41505,443,0,37,17
1589249445.6306748,173.194.151.108,10.10.0.10,,,443,41505,0,1358,17
1589249445.640035,173.194.151.108,10.10.0.10,,,443,41505,0,1358,17
1589249445.6437798,10.10.0.10,173.194.151.108,,,41505,443,0,37,17
1589249445.649402,173.194.151.108,10.10.0.10,,,443,41505,0,1358,17
1589249445.6587741,173.194.151.108,10.10.0.10,,,443,41505,0,1358,17
1589249445.6604366,10.10.0.10,173.194.151.108,,,41505,443,0,37,17
1589249445.6681318,173.194.151.108,10.10.0.10,,,443,41505,0,1358,17
1589249445.67751,173.194.151.108,10.10.0.10,,,443,41505,0,1358,17
1589249445.679041,10.10.0.10,173.194.151.108,,,41505,443,0,37,17
1589249445.6868641,173.194.151.108,10.10.0.10,,,443,41505,0,1358,17
1589249445.6962314,173.194.151.108,10.10.0.10,,,443,41505,0,1358,17
1589249445.6980348,10.10.0.10,173.194.151.108,,,41505,443,0,37,17
1589249445.7055972,173.194.151.108,10.10.0.10,,,443,41505,0,1358,17
1589249445.714967,173.194.151.108,10.10.0.10,,,443,41505,0,1358,17
1589249445.7166884,10.10.0.10,173.194.151.108,,,41505,443,0,37,17
1589249445.724328,173.194.151.108,10.10.0.10,,,443,41505,0,1358,17
1589249445.7336931,173.194.151.108,10.10.0.10,,,443,41505,0,1358,17
1589249445.735395,10.10.0.10,173.194.151.108,,,41505,443,0,50,17
1589249445.7430658,173.194.151.108,10.10.0.10,,,443,41505,0,1358,17
1589249445.752442,173.194.151.108,10.10.0.10,,,443,41505,0,720,17
1589249445.7541628,10.10.0.10,173.194.151.108,,,41505,443,0,37,17
1589249445.757518,173.194.151.108,10.10.0.10,,,443,41505,0,29,17
1589249446.6672616,10.10.0.10,173.194.151.108,,,41505,443,0,723,17
1589249446.6672974,10.10.0.10,173.194.151.108,,,41505,443,0,48,17
1589249446.671734,173.194.151.108,10.10.0.10,,,443,41505,0,29,17
1589249446.673065,173.194.151.108,10.10.0.10,,,443,41505,0,1358,17
1589249446.673095,173.194.151.108,10.10.0.10,,,443,41505,0,1358,17
1589249446.675283,10.10.0.10,173.194.151.108,,,41505,443,0,37,17
1589249446.681062,173.194.151.108,10.10.0.10,,,443,41505,0,1358,17
1589249446.690435,173.194.151.108,10.10.0.10,,,443,41505,0,1358,17
1589249446.6935182,10.10.0.10,173.194.151.108,,,41505,443,0,37,17
1589249446.6997669,173.194.151.108,10.10.0.10,,,443,41505,0,1358,17
1589249446.709137,173.194.151.108,10.10.0.10,,,443,41505,0,1358,17
1589249446.7108731,10.10.0.10,173.194.151.108,,,41505,443,0,37,17
1589249446.7185102,173.194.151.108,10.10.0.10,,,443,41505,0,1358,17
1589249446.727865,173.194.151.108,10.10.0.10,,,443,41505,0,1358,17
1589249446.7295036,10.10.0.10,173.194.151.108,,,41505,443,0,37,17
1589249446.7372286,173.194.151.108,10.10.0.10,,,443,41505,0,1358,17
1589249446.746617,173.194.151.108,10.10.0.10,,,443,41505,0,1358,17
1589249446.748248,10.10.0.10,173.194.151.108,,,41505,443,0,37,17
1589249446.755976,173.194.151.108,10.10.0.10,,,443,41505,0,1358,17
1589249446.7653348,173.194.151.108,10.10.0.10,,,443,41505,0,1358,17
1589249446.766905,10.10.0.10,173.194.151.108,,,41505,443,0,37,17
1589249446.774702,173.194.151.108,10.10.0.10,,,443,41505,0,1358,17
1589249446.7840614,173.194.151.108,10.10.0.10,,,443,41505,0,1358,17
1589249446.7856526,10.10.0.10,173.194.151.108,,,41505,443,0,37,17
1589249446.793434,173.194.151.108,10.10.0.10,,,443,41505,0,1358,17
1589249446.802807,173.194.151.108,10.10.0.10,,,443,41505,0,1358,17
1589249446.8043878,10.10.0.10,173.194.151.108,,,41505,443,0,37,17
1589249446.8121786,173.194.151.108,10.10.0.10,,,443,41505,0,1358,17
1589249446.82153,173.194.151.108,10.10.0.10,,,443,41505,0,1358,17
1589249446.8231332,10.10.0.10,173.194.151.108,,,41505,443,0,37,17
1589249446.8308988,173.194.151.108,10.10.0.10,,,443,41505,0,1358,17
1589249446.840257,173.194.151.108,10.10.0.10,,,443,41505,0,1358,17
1589249446.841758,10.10.0.10,173.194.151.108,,,41505,443,0,37,17
1589249446.8496282,173.194.151.108,10.10.0.10,,,443,41505,0,1358,17
1589249446.858993,173.194.151.108,10.10.0.10,,,443,41505,0,1358,17
1589249446.860633,10.10.0.10,173.194.151.108,,,41505,443,0,37,17
1589249446.868366,173.194.151.108,10.10.0.10,,,443,41505,0,1358,17
1589249446.877739,173.194.151.108,10.10.0.10,,,443,41505,0,1358,17
1589249446.879632,10.10.0.10,173.194.151.108,,,41505,443,0,37,17
1589249446.8870919,173.194.151.108,10.10.0.10,,,443,41505,0,1358,17
1589249446.896457,173.194.151.108,10.10.0.10,,,443,41505,0,1358,17
1589249446.9017742,10.10.0.10,173.194.151.108,,,41505,443,0,37,17
1589249446.905818,173.194.151.108,10.10.0.10,,,443,41505,0,1358,17
1589249446.9151876,173.194.151.108,10.10.0.10,,,443,41505,0,1358,17
1589249446.917148,10.10.0.10,173.194.151.108,,,41505,443,0,37,17
1589249446.9245565,173.194.151.108,10.10.0.10,,,443,41505,0,1358,17
1589249446.933927,173.194.151.108,10.10.0.10,,,443,41505,0,1358,17
1589249446.9353795,10.10.0.10,173.194.151.108,,,41505,443,0,37,17
1589249446.9433026,173.194.151.108,10.10.0.10,,,443,41505,0,1358,17
1589249446.952674,173.194.151.108,10.10.0.10,,,443,41505,0,1358,17
1589249446.954279,10.10.0.10,173.194.151.108,,,41505,443,0,37,17
1589249446.962018,173.194.151.108,10.10.0.10,,,443,41505,0,1358,17
1589249446.971386,173.194.151.108,10.10.0.10,,,443,41505,0,1358,17
1589249446.9728696,10.10.0.10,173.194.151.108,,,41505,443,0,37,17
1589249446.9807491,173.194.151.108,10.10.0.10,,,443,41505,0,1358,17
1589249446.9901216,173.194.151.108,10.10.0.10,,,443,41505,0,1358,17
1589249446.9917722,10.10.0.10,173.194.151.108,,,41505,443,0,37,17
1589249446.999486,173.194.151.108,10.10.0.10,,,443,41505,0,1358,17
1589249447.0088599,173.194.151.108,10.10.0.10,,,443,41505,0,1358,17
1589249447.0105019,10.10.0.10,173.194.151.108,,,41505,443,0,37,17
1589249447.018213,173.194.151.108,10.10.0.10,,,443,41505,0,1358,17
1589249447.0275822,173.194.151.108,10.10.0.10,,,443,41505,0,1358,17
1589249447.029378,10.10.0.10,173.194.151.108,,,41505,443,0,50,17
1589249447.0369446,173.194.151.108,10.10.0.10,,,443,41505,0,1358,17
1589249447.0463102,173.194.151.108,10.10.0.10,,,443,41505,0,1358,17
1589249447.048127,10.10.0.10,173.194.151.108,,,41505,443,0,37,17
1589249447.0556777,173.194.151.108,10.10.0.10,,,443,41505,0,1358,17
1589249447.065049,173.194.151.108,10.10.0.10,,,443,41505,0,1358,17
1589249447.0668762,10.10.0.10,173.194.151.108,,,41505,443,0,37,17
1589249447.074423,173.194.151.108,10.10.0.10,,,443,41505,0,1358,17
1589249447.083771,173.194.151.108,10.10.0.10,,,443,41505,0,1358,17
1589249447.0855222,10.10.0.10,173.194.151.108,,,41505,443,0,37,17
1589249447.093142,173.194.151.108,10.10.0.10,,,443,41505,0,1358,17
1589249447.102504,173.194.151.108,10.10.0.10,,,443,41505,0,1358,17
1589249447.104236,10.10.0.10,173.194.151.108,,,41505,443,0,37,17
1589249447.111871,173.194.151.108,10.10.0.10,,,443,41505,0,1358,17
1589249447.121238,173.194.151.108,10.10.0.10,,,443,41505,0,1358,17
1589249447.122999,10.10.0.10,173.194.151.108,,,41505,443,0,37,17
1589249447.1306071,173.194.151.108,10.10.0.10,,,443,41505,0,1358,17
1589249447.139967,173.194.151.108,10.10.0.10,,,443,41505,0,1358,17
1589249447.1457431,10.10.0.10,173.194.151.108,,,41505,443,0,37,17
1589249447.1493359,173.194.151.108,10.10.0.10,,,443,41505,0,1358,17
1589249447.158705,173.194.151.108,10.10.0.10,,,443,41505,0,1358,17
1589249447.1605198,10.10.0.10,173.194.151.108,,,41505,443,0,37,17
1589249447.168066,173.194.151.108,10.10.0.10,,,443,41505,0,1358,17
1589249447.1774268,173.194.151.108,10.10.0.10,,,443,41505,0,1358,17
1589249447.179642,10.10.0.10,173.194.151.108,,,41505,443,0,37,17
1589249447.1868,173.194.151.108,10.10.0.10,,,443,41505,0,1358,17
1589249447.1961699,173.194.151.108,10.10.0.10,,,443,41505,0,1358,17
1589249447.197863,10.10.0.10,173.194.151.108,,,41505,443,0,37,17
1589249447.205545,173.194.151.108,10.10.0.10,,,443,41505,0,1358,17
1589249447.214894,173.194.151.108,10.10.0.10,,,443,41505,0,1358,17
1589249447.216623,10.10.0.10,173.194.151.108,,,41505,443,0,37,17
1589249447.2242641,173.194.151.108,10.10.0.10,,,443,41505,0,1358,17
1589249447.2336285,173.194.151.108,10.10.0.10,,,443,41505,0,1358,17
1589249447.2353911,10.10.0.10,173.194.151.108,,,41505,443,0,37,17
1589249447.2429972,173.194.151.108,10.10.0.10,,,443,41505,0,1358,17
1589249447.2523592,173.194.151.108,10.10.0.10,,,443,41505,0,1358,17
1589249447.2538712,10.10.0.10,173.194.151.108,,,41505,443,0,37,17
1589249447.2617302,173.194.151.108,10.10.0.10,,,443,41505,0,1358,17
1589249447.2632642,10.10.0.10,173.194.151.108,,,41505,443,0,40,17
1589249447.2711039,173.194.151.108,10.10.0.10,,,443,41505,0,1358,17
1589249447.2726214,10.10.0.10,173.194.151.108,,,41505,443,0,40,17
1589249447.280458,173.194.151.108,10.10.0.10,,,443,41505,0,1358,17
1589249447.282016,10.10.0.10,173.194.151.108,,,41505,443,0,40,17
1589249447.289822,173.194.151.108,10.10.0.10,,,443,41505,0,1358,17
1589249447.291265,10.10.0.10,173.194.151.108,,,41505,443,0,40,17
1589249447.299189,173.194.151.108,10.10.0.10,,,443,41505,0,1358,17
1589249447.308553,173.194.151.108,10.10.0.10,,,443,41505,0,1358,17
1589249447.31137,10.10.0.10,173.194.151.108,,,41505,443,0,40,17
1589249447.317919,173.194.151.108,10.10.0.10,,,443,41505,0,1358,17
1589249447.3272932,173.194.151.108,10.10.0.10,,,443,41505,0,1358,17
1589249447.3292518,10.10.0.10,173.194.151.108,,,41505,443,0,40,17
1589249447.336666,173.194.151.108,10.10.0.10,,,443,41505,0,1358,17
1589249447.346038,173.194.151.108,10.10.0.10,,,443,41505,0,1358,17
1589249447.3476374,10.10.0.10,173.194.151.108,,,41505,443,0,40,17
1589249447.3553786,173.194.151.108,10.10.0.10,,,443,41505,0,1358,17
1589249447.36475,173.194.151.108,10.10.0.10,,,443,41505,0,1358,17
1589249447.366369,10.10.0.10,173.194.151.108,,,41505,443,0,53,17
1589249447.374115,173.194.151.108,10.10.0.10,,,443,41505,0,1358,17
1589249447.383481,173.194.151.108,10.10.0.10,,,443,41505,0,1358,17
1589249447.3852446,10.10.0.10,173.194.151.108,,,41505,443,0,40,17
1589249447.3928418,173.194.151.108,10.10.0.10,,,443,41505,0,1358,17
1589249447.402224,173.194.151.108,10.10.0.10,,,443,41505,0,1358,17
1589249447.404135,10.10.0.10,173.194.151.108,,,41505,443,0,40,17
1589249447.411578,173.194.151.108,10.10.0.10,,,443,41505,0,1358,17
1589249447.420945,173.194.151.108,10.10.0.10,,,443,41505,0,1358,17
1589249447.422642,10.10.0.10,173.194.151.108,,,41505,443,0,37,17
1589249447.430311,173.194.151.108,10.10.0.10,,,443,41505,0,1358,17
1589249447.4396772,173.194.151.108,10.10.0.10,,,443,41505,0,1358,17
1589249447.441365,10.10.0.10,173.194.151.108,,,41505,443,0,37,17
1589249447.4490428,173.194.151.108,10.10.0.10,,,443,41505,0,1358,17
1589249447.4584124,173.194.151.108,10.10.0.10,,,443,41505,0,1358,17
1589249447.4602554,10.10.0.10,173.194.151.108,,,41505,443,0,37,17
1589249447.4677892,173.194.151.108,10.10.0.10,,,443,41505,0,1358,17
1589249447.47716,173.194.151.108,10.10.0.10,,,443,41505,0,1358,17
1589249447.4788651,10.10.0.10,173.194.151.108,,,41505,443,0,37,17
1589249447.486507,173.194.151.108,10.10.0.10,,,443,41505,0,1358,17
1589249447.495872,173.194.151.108,10.10.0.10,,,443,41505,0,1358,17
1589249447.498265,10.10.0.10,173.194.151.108,,,41505,443,0,37,17
1589249447.505239,173.194.151.108,10.10.0.10,,,443,41505,0,1358,17
1589249447.514602,173.194.151.108,10.10.0.10,,,443,41505,0,1358,17
1589249447.5185068,10.10.0.10,173.194.151.108,,,41505,443,0,37,17
1589249447.523979,173.194.151.108,10.10.0.10,,,443,41505,0,1358,17
1589249447.533334,173.194.151.108,10.10.0.10,,,443,41505,0,1358,17
1589249447.535135,10.10.0.10,173.194.151.108,,,41505,443,0,37,17
1589249447.5427024,173.194.151.108,10.10.0.10,,,443,41505,0,1358,17
1589249447.5520678,173.194.151.108,10.10.0.10,,,443,41505,0,1358,17
1589249447.561433,173.194.151.108,10.10.0.10,,,443,41505,0,1358,17
1589249447.570799,173.194.151.108,10.10.0.10,,,443,41505,0,1358,17
1589249447.5708542,10.10.0.10,173.194.151.108,,,41505,443,0,37,17
1589249447.572361,10.10.0.10,173.194.151.108,,,41505,443,0,37,17
1589249447.580166,173.194.151.108,10.10.0.10,,,443,41505,0,1358,17
1589249447.5895288,173.194.151.108,10.10.0.10,,,443,41505,0,1358,17
1589249447.5913339,10.10.0.10,173.194.151.108,,,41505,443,0,37,17
1589249447.598898,173.194.151.108,10.10.0.10,,,443,41505,0,1358,17
1589249447.6082802,173.194.151.108,10.10.0.10,,,443,41505,0,1358,17
1589249447.6098359,10.10.0.10,173.194.151.108,,,41505,443,0,37,17
1589249447.617639,173.194.151.108,10.10.0.10,,,443,41505,0,1358,17
1589249447.626987,173.194.151.108,10.10.0.10,,,443,41505,0,1358,17
1589249447.6287162,10.10.0.10,173.194.151.108,,,41505,443,0,37,17
1589249447.636353,173.194.151.108,10.10.0.10,,,443,41505,0,1358,17
1589249447.6457224,173.194.151.108,10.10.0.10,,,443,41505,0,1358,17
1589249447.64745,10.10.0.10,173.194.151.108,,,41505,443,0,37,17
1589249447.655087,173.194.151.108,10.10.0.10,,,443,41505,0,1358,17
1589249447.664453,173.194.151.108,10.10.0.10,,,443,41505,0,1358,17
1589249447.6666071,10.10.0.10,173.194.151.108,,,41505,443,0,37,17
1589249447.673823,173.194.151.108,10.10.0.10,,,443,41505,0,1358,17
1589249447.683207,173.194.151.108,10.10.0.10,,,443,41505,0,1358,17
1589249447.684856,10.10.0.10,173.194.151.108,,,41505,443,0,37,17
1589249447.6925502,173.194.151.108,10.10.0.10,,,443,41505,0,1358,17
1589249447.7019238,173.194.151.108,10.10.0.10,,,443,41505,0,1358,17
1589249447.7035902,10.10.0.10,173.194.151.108,,,41505,443,0,37,17
1589249447.711288,173.194.151.108,10.10.0.10,,,443,41505,0,1358,17
1589249447.720647,173.194.151.108,10.10.0.10,,,443,41505,0,1358,17
1589249447.7220838,10.10.0.10,173.194.151.108,,,41505,443,0,37,17
1589249447.730014,173.194.151.108,10.10.0.10,,,443,41505,0,1358,17
1589249447.7394009,173.194.151.108,10.10.0.10,,,443,41505,0,1358,17
1589249447.741129,10.10.0.10,173.194.151.108,,,41505,443,0,50,17
1589249447.748745,173.194.151.108,10.10.0.10,,,443,41505,0,1358,17
1589249447.7581189,173.194.151.108,10.10.0.10,,,443,41505,0,1358,17
1589249447.760711,10.10.0.10,173.194.151.108,,,41505,443,0,37,17
1589249447.7674818,173.194.151.108,10.10.0.10,,,443,41505,0,1358,17
1589249447.776849,173.194.151.108,10.10.0.10,,,443,41505,0,1358,17
1589249447.7786052,10.10.0.10,173.194.151.108,,,41505,443,0,37,17
1589249447.7862098,173.194.151.108,10.10.0.10,,,443,41505,0,1358,17
1589249447.7955878,173.194.151.108,10.10.0.10,,,443,41505,0,1358,17
1589249447.797857,10.10.0.10,173.194.151.108,,,41505,443,0,37,17
1589249447.804962,173.194.151.108,10.10.0.10,,,443,41505,0,1358,17
1589249447.8143132,173.194.151.108,10.10.0.10,,,443,41505,0,1358,17
1589249447.816129,10.10.0.10,173.194.151.108,,,41505,443,0,37,17
1589249447.8236759,173.194.151.108,10.10.0.10,,,443,41505,0,1358,17
1589249447.833041,173.194.151.108,10.10.0.10,,,443,41505,0,1358,17
1589249447.834624,10.10.0.10,173.194.151.108,,,41505,443,0,37,17
1589249447.842408,173.194.151.108,10.10.0.10,,,443,41505,0,1358,17
1589249447.851775,173.194.151.108,10.10.0.10,,,443,41505,0,1358,17
1589249447.853231,10.10.0.10,173.194.151.108,,,41505,443,0,37,17
1589249447.861152,173.194.151.108,10.10.0.10,,,443,41505,0,1358,17
1589249447.870523,173.194.151.108,10.10.0.10,,,443,41505,0,1358,17
1589249447.872102,10.10.0.10,173.194.151.108,,,41505,443,0,37,17
1589249447.8798704,173.194.151.108,10.10.0.10,,,443,41505,0,1358,17
1589249447.889239,173.194.151.108,10.10.0.10,,,443,41505,0,1358,17
1589249447.890871,10.10.0.10,173.194.151.108,,,41505,443,0,37,17
1589249447.898609,173.194.151.108,10.10.0.10,,,443,41505,0,1358,17
1589249447.907968,173.194.151.108,10.10.0.10,,,443,41505,0,1358,17
1589249447.909625,10.10.0.10,173.194.151.108,,,41505,443,0,37,17
1589249447.917336,173.194.151.108,10.10.0.10,,,443,41505,0,1358,17
1589249447.9267075,173.194.151.108,10.10.0.10,,,443,41505,0,1358,17
1589249447.928476,10.10.0.10,173.194.151.108,,,41505,443,0,37,17
1589249447.9360616,173.194.151.108,10.10.0.10,,,443,41505,0,1358,17
1589249447.945428,173.194.151.108,10.10.0.10,,,443,41505,0,1358,17
1589249447.9479716,10.10.0.10,173.194.151.108,,,41505,443,0,37,17
1589249447.954798,173.194.151.108,10.10.0.10,,,443,41505,0,1358,17
1589249447.9687722,173.194.151.108,10.10.0.10,,,443,41505,0,1358,17
1589249447.970494,10.10.0.10,173.194.151.108,,,41505,443,0,37,17
1589249447.982743,173.194.151.108,10.10.0.10,,,443,41505,0,1358,17
1589249447.9967198,173.194.151.108,10.10.0.10,,,443,41505,0,1358,17
1589249447.998734,10.10.0.10,173.194.151.108,,,41505,443,0,37,17
1589249448.0106866,173.194.151.108,10.10.0.10,,,443,41505,0,1358,17
1589249448.024663,173.194.151.108,10.10.0.10,,,443,41505,0,1358,17
1589249448.0263698,10.10.0.10,173.194.151.108,,,41505,443,0,37,17
1589249448.038646,173.194.151.108,10.10.0.10,,,443,41505,0,1358,17
1589249448.052606,173.194.151.108,10.10.0.10,,,443,41505,0,1358,17
1589249448.054358,10.10.0.10,173.194.151.108,,,41505,443,0,37,17
1589249448.0665796,173.194.151.108,10.10.0.10,,,443,41505,0,1358,17
1589249448.0805511,173.194.151.108,10.10.0.10,,,443,41505,0,1358,17
1589249448.082366,10.10.0.10,173.194.151.108,,,41505,443,0,37,17
1589249448.0945196,173.194.151.108,10.10.0.10,,,443,41505,0,1358,17
1589249448.1085148,173.194.151.108,10.10.0.10,,,443,41505,0,1358,17
1589249448.110239,10.10.0.10,173.194.151.108,,,41505,443,0,37,17
1589249448.1224658,173.194.151.108,10.10.0.10,,,443,41505,0,1358,17
1589249448.1364515,173.194.151.108,10.10.0.10,,,443,41505,0,1358,17
1589249448.1382391,10.10.0.10,173.194.151.108,,,41505,443,0,37,17
1589249448.15041,173.194.151.108,10.10.0.10,,,443,41505,0,1358,17
1589249448.164392,173.194.151.108,10.10.0.10,,,443,41505,0,1358,17
1589249448.1664689,10.10.0.10,173.194.151.108,,,41505,443,0,37,17
1589249448.178359,173.194.151.108,10.10.0.10,,,443,41505,0,1358,17
1589249448.1923304,173.194.151.108,10.10.0.10,,,443,41505,0,1358,17
1589249448.1940932,10.10.0.10,173.194.151.108,,,41505,443,0,50,17
1589249448.2063036,173.194.151.108,10.10.0.10,,,443,41505,0,1358,17
1589249448.220277,173.194.151.108,10.10.0.10,,,443,41505,0,1358,17
1589249448.221977,10.10.0.10,173.194.151.108,,,41505,443,0,37,17
1589249448.234262,173.194.151.108,10.10.0.10,,,443,41505,0,1358,17
1589249448.2482214,173.194.151.108,10.10.0.10,,,443,41505,0,1358,17
1589249448.2502348,10.10.0.10,173.194.151.108,,,41505,443,0,37,17
1589249448.2622054,173.194.151.108,10.10.0.10,,,443,41505,0,1358,17
1589249448.276165,173.194.151.108,10.10.0.10,,,443,41505,0,1358,17
1589249448.2778618,10.10.0.10,173.194.151.108,,,41505,443,0,37,17
1589249448.2901402,173.194.151.108,10.10.0.10,,,443,41505,0,1358,17
1589249448.304105,173.194.151.108,10.10.0.10,,,443,41505,0,1358,17
1589249448.3059301,10.10.0.10,173.194.151.108,,,41505,443,0,37,17
1589249448.3180852,173.194.151.108,10.10.0.10,,,443,41505,0,1358,17
1589249448.3320498,173.194.151.108,10.10.0.10,,,443,41505,0,1358,17
1589249448.333833,10.10.0.10,173.194.151.108,,,41505,443,0,37,17
1589249448.346026,173.194.151.108,10.10.0.10,,,443,41505,0,1358,17
1589249448.359993,173.194.151.108,10.10.0.10,,,443,41505,0,1358,17
1589249448.3617132,10.10.0.10,173.194.151.108,,,41505,443,0,37,17
1589249448.37397,173.194.151.108,10.10.0.10,,,443,41505,0,1358,17
1589249448.387954,173.194.151.108,10.10.0.10,,,443,41505,0,1358,17
1589249448.389592,10.10.0.10,173.194.151.108,,,41505,443,0,37,17
1589249448.4019148,173.194.151.108,10.10.0.10,,,443,41505,0,1358,17
1589249448.4158866,173.194.151.108,10.10.0.10,,,443,41505,0,1358,17
1589249448.417714,10.10.0.10,173.194.151.108,,,41505,443,0,37,17
1589249448.429859,173.194.151.108,10.10.0.10,,,443,41505,0,1358,17
1589249448.443832,173.194.151.108,10.10.0.10,,,443,41505,0,1358,17
1589249448.4456122,10.10.0.10,173.194.151.108,,,41505,443,0,37,17
1589249448.457819,173.194.151.108,10.10.0.10,,,443,41505,0,1358,17
1589249448.4717796,173.194.151.108,10.10.0.10,,,443,41505,0,1358,17
1589249448.473856,10.10.0.10,173.194.151.108,,,41505,443,0,37,17
1589249448.485758,173.194.151.108,10.10.0.10,,,443,41505,0,1358,17
1589249448.499723,173.194.151.108,10.10.0.10,,,443,41505,0,1358,17
1589249448.501584,10.10.0.10,173.194.151.108,,,41505,443,0,37,17
1589249448.513694,173.194.151.108,10.10.0.10,,,443,41505,0,1358,17
1589249448.5276668,173.194.151.108,10.10.0.10,,,443,41505,0,1358,17
1589249448.5294845,10.10.0.10,173.194.151.108,,,41505,443,0,37,17
1589249448.541639,173.194.151.108,10.10.0.10,,,443,41505,0,1358,17
1589249448.555633,173.194.151.108,10.10.0.10,,,443,41505,0,1358,17
1589249448.5574784,10.10.0.10,173.194.151.108,,,41505,443,0,37,17
1589249448.569584,173.194.151.108,10.10.0.10,,,443,41505,0,1358,17
1589249448.5835652,173.194.151.108,10.10.0.10,,,443,41505,0,1358,17
1589249448.58535,10.10.0.10,173.194.151.108,,,41505,443,0,37,17
1589249448.597524,173.194.151.108,10.10.0.10,,,443,41505,0,1358,17
1589249448.6114988,173.194.151.108,10.10.0.10,,,443,41505,0,1358,17
1589249448.613352,10.10.0.10,173.194.151.108,,,41505,443,0,37,17
1589249448.6254704,173.194.151.108,10.10.0.10,,,443,41505,0,1358,17
1589249448.639446,173.194.151.108,10.10.0.10,,,443,41505,0,1358,17
1589249448.642455,10.10.0.10,173.194.151.108,,,41505,443,0,37,17
1589249448.653415,173.194.151.108,10.10.0.10,,,443,41505,0,1358,17
1589249448.6673858,173.194.151.108,10.10.0.10,,,443,41505,0,1358,17
1589249448.671099,10.10.0.10,173.194.151.108,,,41505,443,0,37,17
1589249448.683039,173.194.151.108,10.10.0.10,,,443,41505,0,1358,17
1589249448.697015,173.194.151.108,10.10.0.10,,,443,41505,0,1358,17
1589249448.699951,10.10.0.10,173.194.151.108,,,41505,443,0,37,17
1589249448.710979,173.194.151.108,10.10.0.10,,,443,41505,0,1358,17
1589249448.724954,173.194.151.108,10.10.0.10,,,443,41505,0,1358,17
1589249448.726696,10.10.0.10,173.194.151.108,,,41505,443,0,37,17
1589249448.7389262,173.194.151.108,10.10.0.10,,,443,41505,0,1358,17
1589249448.752901,173.194.151.108,10.10.0.10,,,443,41505,0,1358,17
1589249448.7544749,10.10.0.10,173.194.151.108,,,41505,443,0,50,17
1589249448.7668748,173.194.151.108,10.10.0.10,,,443,41505,0,1358,17
1589249448.780847,173.194.151.108,10.10.0.10,,,443,41505,0,1358,17
1589249448.783675,10.10.0.10,173.194.151.108,,,41505,443,0,37,17
1589249448.7948186,173.194.151.108,10.10.0.10,,,443,41505,0,1358,17
1589249448.808808,173.194.151.108,10.10.0.10,,,443,41505,0,1358,17
1589249448.810471,10.10.0.10,173.194.151.108,,,41505,443,0,37,17
1589249448.8227642,173.194.151.108,10.10.0.10,,,443,41505,0,1358,17
1589249448.836733,173.194.151.108,10.10.0.10,,,443,41505,0,1358,17
1589249448.8507092,173.194.151.108,10.10.0.10,,,443,41505,0,1358,17
1589249448.854976,10.10.0.10,173.194.151.108,,,41505,443,0,37,17
1589249448.864683,173.194.151.108,10.10.0.10,,,443,41505,0,1358,17
1589249448.867066,10.10.0.10,173.194.151.108,,,41505,443,0,37,17
1589249448.878654,173.194.151.108,10.10.0.10,,,443,41505,0,1358,17
1589249448.8926258,173.194.151.108,10.10.0.10,,,443,41505,0,1358,17
1589249448.8943439,10.10.0.10,173.194.151.108,,,41505,443,0,37,17
1589249448.906617,173.194.151.108,10.10.0.10,,,443,41505,0,1358,17
1589249448.9205642,173.194.151.108,10.10.0.10,,,443,41505,0,1358,17
1589249448.922199,10.10.0.10,173.194.151.108,,,41505,443,0,37,17
1589249448.9345546,173.194.151.108,10.10.0.10,,,443,41505,0,1358,17
1589249448.948514,173.194.151.108,10.10.0.10,,,443,41505,0,1358,17
1589249448.9511971,10.10.0.10,173.194.151.108,,,41505,443,0,37,17
1589249448.9624946,173.194.151.108,10.10.0.10,,,443,41505,0,1358,17
1589249448.976462,173.194.151.108,10.10.0.10,,,443,41505,0,1358,17
1589249448.9780908,10.10.0.10,173.194.151.108,,,41505,443,0,37,17
1589249448.992109,173.194.151.108,10.10.0.10,,,443,41505,0,1358,17
1589249449.0060835,173.194.151.108,10.10.0.10,,,443,41505,0,1358,17
1589249449.007694,10.10.0.10,173.194.151.108,,,41505,443,0,37,17
1589249449.020055,173.194.151.108,10.10.0.10,,,443,41505,0,1358,17
1589249449.034026,173.194.151.108,10.10.0.10,,,443,41505,0,1358,17
1589249449.03557,10.10.0.10,173.194.151.108,,,41505,443,0,37,17
1589249449.048003,173.194.151.108,10.10.0.10,,,443,41505,0,1358,17
1589249449.061988,173.194.151.108,10.10.0.10,,,443,41505,0,1358,17
1589249449.063444,10.10.0.10,173.194.151.108,,,41505,443,0,37,17
1589249449.075944,173.194.151.108,10.10.0.10,,,443,41505,0,1358,17
1589249449.089927,173.194.151.108,10.10.0.10,,,443,41505,0,1358,17
1589249449.0921938,10.10.0.10,173.194.151.108,,,41505,443,0,37,17
1589249449.1038866,173.194.151.108,10.10.0.10,,,443,41505,0,1358,17
1589249449.117858,173.194.151.108,10.10.0.10,,,443,41505,0,1358,17
1589249449.1195672,10.10.0.10,173.194.151.108,,,41505,443,0,37,17
1589249449.1318321,173.194.151.108,10.10.0.10,,,443,41505,0,1358,17
1589249449.1458054,173.194.151.108,10.10.0.10,,,443,41505,0,1358,17
1589249449.1477098,10.10.0.10,173.194.151.108,,,41505,443,0,37,17
1589249449.1597831,173.194.151.108,10.10.0.10,,,443,41505,0,1358,17
1589249449.1737509,173.194.151.108,10.10.0.10,,,443,41505,0,1358,17
1589249449.1754394,10.10.0.10,173.194.151.108,,,41505,443,0,37,17
1589249449.1877348,173.194.151.108,10.10.0.10,,,443,41505,0,1358,17
1589249449.2016964,173.194.151.108,10.10.0.10,,,443,41505,0,1358,17
1589249449.203438,10.10.0.10,173.194.151.108,,,41505,443,0,37,17
1589249449.215672,173.194.151.108,10.10.0.10,,,443,41505,0,1358,17
1589249449.229639,173.194.151.108,10.10.0.10,,,443,41505,0,1358,17
1589249449.231189,10.10.0.10,173.194.151.108,,,41505,443,0,37,17
1589249449.2436109,173.194.151.108,10.10.0.10,,,443,41505,0,1358,17
1589249449.2575822,173.194.151.108,10.10.0.10,,,443,41505,0,1358,17
1589249449.259312,10.10.0.10,173.194.151.108,,,41505,443,0,37,17
1589249449.271557,173.194.151.108,10.10.0.10,,,443,41505,0,1358,17
1589249449.285527,173.194.151.108,10.10.0.10,,,443,41505,0,1358,17
1589249449.287312,10.10.0.10,173.194.151.108,,,41505,443,0,37,17
1589249449.3011801,173.194.151.108,10.10.0.10,,,443,41505,0,1358,17
1589249449.315149,173.194.151.108,10.10.0.10,,,443,41505,0,1358,17
1589249449.316935,10.10.0.10,173.194.151.108,,,41505,443,0,50,17
1589249449.3291216,173.194.151.108,10.10.0.10,,,443,41505,0,1358,17
1589249449.343108,173.194.151.108,10.10.0.10,,,443,41505,0,1358,17
1589249449.344834,10.10.0.10,173.194.151.108,,,41505,443,0,37,17
1589249449.357068,173.194.151.108,10.10.0.10,,,443,41505,0,1358,17
1589249449.371041,173.194.151.108,10.10.0.10,,,443,41505,0,1358,17
1589249449.3726842,10.10.0.10,173.194.151.108,,,41505,443,0,37,17
1589249449.385014,173.194.151.108,10.10.0.10,,,443,41505,0,1358,17
1589249449.398979,173.194.151.108,10.10.0.10,,,443,41505,0,1358,17
1589249449.400559,10.10.0.10,173.194.151.108,,,41505,443,0,37,17
1589249449.412978,173.194.151.108,10.10.0.10,,,443,41505,0,29,17
1589249449.4135866,173.194.151.108,10.10.0.10,,,443,41505,0,1358,17
1589249449.4275599,173.194.151.108,10.10.0.10,,,443,41505,0,1358,17
1589249449.429528,10.10.0.10,173.194.151.108,,,41505,443,0,37,17
1589249449.4415398,173.194.151.108,10.10.0.10,,,443,41505,0,1358,17
1589249449.4555078,173.194.151.108,10.10.0.10,,,443,41505,0,1358,17
1589249449.4571831,10.10.0.10,173.194.151.108,,,41505,443,0,37,17
1589249449.4694786,173.194.151.108,10.10.0.10,,,443,41505,0,1358,17
1589249449.483449,173.194.151.108,10.10.0.10,,,443,41505,0,1358,17
1589249449.4855778,10.10.0.10,173.194.151.108,,,41505,443,0,37,17
1589249449.4974248,173.194.151.108,10.10.0.10,,,443,41505,0,1358,17
1589249449.5113974,173.194.151.108,10.10.0.10,,,443,41505,0,1358,17
1589249449.5129492,10.10.0.10,173.194.151.108,,,41505,443,0,37,17
1589249449.525369,173.194.151.108,10.10.0.10,,,443,41505,0,1358,17
1589249449.539352,173.194.151.108,10.10.0.10,,,443,41505,0,1358,17
1589249449.540947,10.10.0.10,173.194.151.108,,,41505,443,0,37,17
1589249449.553315,173.194.151.108,10.10.0.10,,,443,41505,0,1358,17
1589249449.567287,173.194.151.108,10.10.0.10,,,443,41505,0,1358,17
1589249449.5690525,10.10.0.10,173.194.151.108,,,41505,443,0,37,17
1589249449.5812569,173.194.151.108,10.10.0.10,,,443,41505,0,1358,17
1589249449.5952349,173.194.151.108,10.10.0.10,,,443,41505,0,1358,17
1589249449.5967965,10.10.0.10,173.194.151.108,,,41505,443,0,37,17
1589249449.609216,173.194.151.108,10.10.0.10,,,443,41505,0,1358,17
1589249449.623178,173.194.151.108,10.10.0.10,,,443,41505,0,1358,17
1589249449.631209,10.10.0.10,173.194.151.108,,,41505,443,0,37,17
1589249449.6371431,173.194.151.108,10.10.0.10,,,443,41505,0,1358,17
1589249449.651117,173.194.151.108,10.10.0.10,,,443,41505,0,1358,17
1589249449.652672,10.10.0.10,173.194.151.108,,,41505,443,0,37,17
1589249449.6650882,173.194.151.108,10.10.0.10,,,443,41505,0,1358,17
1589249449.6790588,173.194.151.108,10.10.0.10,,,443,41505,0,1358,17
1589249449.6806777,10.10.0.10,173.194.151.108,,,41505,443,0,37,17
1589249449.693034,173.194.151.108,10.10.0.10,,,443,41505,0,1358,17
1589249449.707006,173.194.151.108,10.10.0.10,,,443,41505,0,1358,17
1589249449.7088,10.10.0.10,173.194.151.108,,,41505,443,0,37,17
1589249449.720978,173.194.151.108,10.10.0.10,,,443,41505,0,1358,17
1589249449.734951,173.194.151.108,10.10.0.10,,,443,41505,0,1358,17
1589249449.7366755,10.10.0.10,173.194.151.108,,,41505,443,0,37,17
1589249449.7489223,173.194.151.108,10.10.0.10,,,443,41505,0,1358,17
1589249449.762896,173.194.151.108,10.10.0.10,,,443,41505,0,1358,17
1589249449.76455,10.10.0.10,173.194.151.108,,,41505,443,0,37,17
1589249449.776866,173.194.151.108,10.10.0.10,,,443,41505,0,1358,17
1589249449.7908454,173.194.151.108,10.10.0.10,,,443,41505,0,1358,17
1589249449.7922852,10.10.0.10,173.194.151.108,,,41505,443,0,37,17
1589249449.804816,173.194.151.108,10.10.0.10,,,443,41505,0,1358,17
1589249449.8187902,173.194.151.108,10.10.0.10,,,443,41505,0,1358,17
1589249449.820441,10.10.0.10,173.194.151.108,,,41505,443,0,37,17
1589249449.8327632,173.194.151.108,10.10.0.10,,,443,41505,0,1358,17
1589249449.846734,173.194.151.108,10.10.0.10,,,443,41505,0,1358,17
1589249449.8483148,10.10.0.10,173.194.151.108,,,41505,443,0,37,17
1589249449.860719,173.194.151.108,10.10.0.10,,,443,41505,0,1358,17
1589249449.8746758,173.194.151.108,10.10.0.10,,,443,41505,0,1358,17
1589249449.876301,10.10.0.10,173.194.151.108,,,41505,443,0,50,17
1589249449.8886518,173.194.151.108,10.10.0.10,,,443,41505,0,1358,17
1589249449.9026241,173.194.151.108,10.10.0.10,,,443,41505,0,1358,17
1589249449.904943,10.10.0.10,173.194.151.108,,,41505,443,0,37,17
1589249449.916595,173.194.151.108,10.10.0.10,,,443,41505,0,1358,17
1589249449.9305882,173.194.151.108,10.10.0.10,,,443,41505,0,1358,17
1589249449.9320428,10.10.0.10,173.194.151.108,,,41505,443,0,37,17
1589249449.944536,173.194.151.108,10.10.0.10,,,443,41505,0,1358,17
1589249449.9585252,173.194.151.108,10.10.0.10,,,443,41505,0,29,17
1589249449.959154,173.194.151.108,10.10.0.10,,,443,41505,0,1358,17
1589249449.9605641,10.10.0.10,173.194.151.108,,,41505,443,0,37,17
1589249449.9731169,173.194.151.108,10.10.0.10,,,443,41505,0,1358,17
1589249449.9870908,173.194.151.108,10.10.0.10,,,443,41505,0,1358,17
1589249449.9886858,10.10.0.10,173.194.151.108,,,41505,443,0,37,17
1589249450.0010598,173.194.151.108,10.10.0.10,,,443,41505,0,1358,17
1589249450.015035,173.194.151.108,10.10.0.10,,,443,41505,0,1358,17
1589249450.016791,10.10.0.10,173.194.151.108,,,41505,443,0,37,17
1589249450.029023,173.194.151.108,10.10.0.10,,,443,41505,0,1358,17
1589249450.0429778,173.194.151.108,10.10.0.10,,,443,41505,0,1358,17
1589249450.0449386,10.10.0.10,173.194.151.108,,,41505,443,0,37,17
1589249450.056963,173.194.151.108,10.10.0.10,,,443,41505,0,1358,17
1589249450.07093,173.194.151.108,10.10.0.10,,,443,41505,0,1358,17
1589249450.072665,10.10.0.10,173.194.151.108,,,41505,443,0,37,17
1589249450.084897,173.194.151.108,10.10.0.10,,,443,41505,0,1358,17
1589249450.098868,173.194.151.108,10.10.0.10,,,443,41505,0,1358,17
1589249450.1128428,173.194.151.108,10.10.0.10,,,443,41505,0,1358,17
1589249450.126834,173.194.151.108,10.10.0.10,,,443,41505,0,1358,17
1589249450.128185,10.10.0.10,173.194.151.108,,,41505,443,0,37,17
1589249450.12917,10.10.0.10,173.194.151.108,,,41505,443,0,37,17
1589249450.140786,173.194.151.108,10.10.0.10,,,443,41505,0,1358,17
1589249450.15477,173.194.151.108,10.10.0.10,,,443,41505,0,1358,17
1589249450.156432,10.10.0.10,173.194.151.108,,,41505,443,0,37,17
1589249450.168726,173.194.151.108,10.10.0.10,,,443,41505,0,1358,17
1589249450.1827102,173.194.151.108,10.10.0.10,,,443,41505,0,1358,17
1589249450.1843061,10.10.0.10,173.194.151.108,,,41505,443,0,37,17
1589249450.19668,173.194.151.108,10.10.0.10,,,443,41505,0,1358,17
1589249450.210651,173.194.151.108,10.10.0.10,,,443,41505,0,1358,17
1589249450.2121801,10.10.0.10,173.194.151.108,,,41505,443,0,37,17
1589249450.224621,173.194.151.108,10.10.0.10,,,443,41505,0,1358,17
1589249450.238592,173.194.151.108,10.10.0.10,,,443,41505,0,1358,17
1589249450.2402842,10.10.0.10,173.194.151.108,,,41505,443,0,37,17
1589249450.252578,173.194.151.108,10.10.0.10,,,443,41505,0,1358,17
1589249450.2665384,173.194.151.108,10.10.0.10,,,443,41505,0,1358,17
1589249450.268427,10.10.0.10,173.194.151.108,,,41505,443,0,37,17
1589249450.280516,173.194.151.108,10.10.0.10,,,443,41505,0,1358,17
1589249450.294483,173.194.151.108,10.10.0.10,,,443,41505,0,1358,17
1589249450.296,10.10.0.10,173.194.151.108,,,41505,443,0,37,17
1589249450.308458,173.194.151.108,10.10.0.10,,,443,41505,0,1358,17
1589249450.3224258,173.194.151.108,10.10.0.10,,,443,41505,0,1358,17
1589249450.324034,10.10.0.10,173.194.151.108,,,41505,443,0,37,17
1589249450.3363948,173.194.151.108,10.10.0.10,,,443,41505,0,1358,17
1589249450.3503902,173.194.151.108,10.10.0.10,,,443,41505,0,1358,17
1589249450.3523002,10.10.0.10,173.194.151.108,,,41505,443,0,37,17
1589249450.364344,173.194.151.108,10.10.0.10,,,443,41505,0,1358,17
1589249450.3783278,173.194.151.108,10.10.0.10,,,443,41505,0,1358,17
1589249450.3799038,10.10.0.10,173.194.151.108,,,41505,443,0,37,17
1589249450.3922892,173.194.151.108,10.10.0.10,,,443,41505,0,1358,17
1589249450.4062624,173.194.151.108,10.10.0.10,,,443,41505,0,1358,17
1589249450.407904,10.10.0.10,173.194.151.108,,,41505,443,0,37,17
1589249450.420235,173.194.151.108,10.10.0.10,,,443,41505,0,1358,17
1589249450.434208,173.194.151.108,10.10.0.10,,,443,41505,0,1358,17
1589249450.4359992,10.10.0.10,173.194.151.108,,,41505,443,0,50,17
1589249450.4481974,173.194.151.108,10.10.0.10,,,443,41505,0,1358,17
1589249450.462152,173.194.151.108,10.10.0.10,,,443,41505,0,1358,17
1589249450.4636538,10.10.0.10,173.194.151.108,,,41505,443,0,37,17
1589249450.476136,173.194.151.108,10.10.0.10,,,443,41505,0,1358,17
1589249450.490096,173.194.151.108,10.10.0.10,,,443,41505,0,1358,17
1589249450.4917798,10.10.0.10,173.194.151.108,,,41505,443,0,37,17
1589249450.5040762,173.194.151.108,10.10.0.10,,,443,41505,0,1358,17
1589249450.5180411,173.194.151.108,10.10.0.10,,,443,41505,0,1358,17
1589249450.5197759,10.10.0.10,173.194.151.108,,,41505,443,0,37,17
1589249450.5320141,173.194.151.108,10.10.0.10,,,443,41505,0,1358,17
1589249450.545985,173.194.151.108,10.10.0.10,,,443,41505,0,1358,17
1589249450.547649,10.10.0.10,173.194.151.108,,,41505,443,0,37,17
1589249450.559958,173.194.151.108,10.10.0.10,,,443,41505,0,1358,17
1589249450.573946,173.194.151.108,10.10.0.10,,,443,41505,0,1358,17
1589249450.575649,10.10.0.10,173.194.151.108,,,41505,443,0,37,17
1589249450.587903,173.194.151.108,10.10.0.10,,,443,41505,0,1358,17
1589249450.6018758,173.194.151.108,10.10.0.10,,,443,41505,0,1358,17
1589249450.603777,10.10.0.10,173.194.151.108,,,41505,443,0,37,17
1589249450.61584,173.194.151.108,10.10.0.10,,,443,41505,0,1358,17
1589249450.6298141,173.194.151.108,10.10.0.10,,,443,41505,0,1358,17
1589249450.636656,10.10.0.10,173.194.151.108,,,41505,443,0,37,17
1589249450.643788,173.194.151.108,10.10.0.10,,,443,41505,0,1358,17
1589249450.657759,173.194.151.108,10.10.0.10,,,443,41505,0,1358,17
1589249450.6595228,10.10.0.10,173.194.151.108,,,41505,443,0,37,17
1589249450.671732,173.194.151.108,10.10.0.10,,,443,41505,0,1358,17
1589249450.685703,173.194.151.108,10.10.0.10,,,443,41505,0,1358,17
1589249450.6871238,10.10.0.10,173.194.151.108,,,41505,443,0,37,17
1589249450.699682,173.194.151.108,10.10.0.10,,,443,41505,0,1358,17
1589249450.71365,173.194.151.108,10.10.0.10,,,443,41505,0,1358,17
1589249450.7152429,10.10.0.10,173.194.151.108,,,41505,443,0,37,17
1589249450.727622,173.194.151.108,10.10.0.10,,,443,41505,0,1358,17
1589249450.7416,173.194.151.108,10.10.0.10,,,443,41505,0,1358,17
1589249450.743274,10.10.0.10,173.194.151.108,,,41505,443,0,37,17
1589249450.7555714,173.194.151.108,10.10.0.10,,,443,41505,0,1358,17
1589249450.769562,173.194.151.108,10.10.0.10,,,443,41505,0,1358,17
1589249450.771162,10.10.0.10,173.194.151.108,,,41505,443,0,37,17
1589249450.783515,173.194.151.108,10.10.0.10,,,443,41505,0,1358,17
1589249450.797501,173.194.151.108,10.10.0.10,,,443,41505,0,1358,17
1589249450.799164,10.10.0.10,173.194.151.108,,,41505,443,0,37,17
1589249450.8114612,173.194.151.108,10.10.0.10,,,443,41505,0,1358,17
1589249450.82544,173.194.151.108,10.10.0.10,,,443,41505,0,1358,17
1589249450.8271651,10.10.0.10,173.194.151.108,,,41505,443,0,37,17
1589249450.839406,173.194.151.108,10.10.0.10,,,443,41505,0,1358,17
1589249450.8533812,173.194.151.108,10.10.0.10,,,443,41505,0,1358,17
1589249450.8551672,10.10.0.10,173.194.151.108,,,41505,443,0,37,17
1589249450.86735,173.194.151.108,10.10.0.10,,,443,41505,0,1358,17
1589249450.881324,173.194.151.108,10.10.0.10,,,443,41505,0,1358,17
1589249450.88289,10.10.0.10,173.194.151.108,,,41505,443,0,37,17
1589249450.8953092,173.194.151.108,10.10.0.10,,,443,41505,0,1358,17
1589249450.9092689,173.194.151.108,10.10.0.10,,,443,41505,0,1358,17
1589249450.9108891,10.10.0.10,173.194.151.108,,,41505,443,0,37,17
1589249450.923247,173.194.151.108,10.10.0.10,,,443,41505,0,1358,17
1589249450.937215,173.194.151.108,10.10.0.10,,,443,41505,0,1358,17
1589249450.938785,10.10.0.10,173.194.151.108,,,41505,443,0,37,17
1589249450.951185,173.194.151.108,10.10.0.10,,,443,41505,0,1358,17
1589249450.965157,173.194.151.108,10.10.0.10,,,443,41505,0,1358,17
1589249450.966657,10.10.0.10,173.194.151.108,,,41505,443,0,37,17
1589249450.9791322,173.194.151.108,10.10.0.10,,,443,41505,0,1358,17
1589249450.9931011,173.194.151.108,10.10.0.10,,,443,41505,0,1358,17
1589249450.994637,10.10.0.10,173.194.151.108,,,41505,443,0,50,17
1589249451.0070698,173.194.151.108,10.10.0.10,,,443,41505,0,1358,17
1589249451.021056,173.194.151.108,10.10.0.10,,,443,41505,0,1358,17
1589249451.022887,10.10.0.10,173.194.151.108,,,41505,443,0,37,17
1589249451.035019,173.194.151.108,10.10.0.10,,,443,41505,0,1358,17
1589249451.0489948,173.194.151.108,10.10.0.10,,,443,41505,0,1358,17
1589249451.0506,10.10.0.10,173.194.151.108,,,41505,443,0,37,17
1589249451.0629618,173.194.151.108,10.10.0.10,,,443,41505,0,1358,17
1589249451.076937,173.194.151.108,10.10.0.10,,,443,41505,0,1358,17
1589249451.0786538,10.10.0.10,173.194.151.108,,,41505,443,0,37,17
1589249451.0909288,173.194.151.108,10.10.0.10,,,443,41505,0,1358,17
1589249451.104883,173.194.151.108,10.10.0.10,,,443,41505,0,1358,17
1589249451.1066349,10.10.0.10,173.194.151.108,,,41505,443,0,37,17
1589249451.118867,173.194.151.108,10.10.0.10,,,443,41505,0,1358,17
1589249451.132823,173.194.151.108,10.10.0.10,,,443,41505,0,1358,17
1589249451.13436,10.10.0.10,173.194.151.108,,,41505,443,0,37,17
1589249451.146805,173.194.151.108,10.10.0.10,,,443,41505,0,1358,17
1589249451.160773,173.194.151.108,10.10.0.10,,,443,41505,0,1358,17
1589249451.1622758,10.10.0.10,173.194.151.108,,,41505,443,0,37,17
1589249451.1747482,173.194.151.108,10.10.0.10,,,443,41505,0,1358,17
1589249451.1887162,173.194.151.108,10.10.0.10,,,443,41505,0,805,17
1589249451.190246,10.10.0.10,173.194.151.108,,,41505,443,0,37,17
1589249454.61251,10.10.0.10,173.194.151.108,,,41505,443,0,722,17
1589249454.612552,10.10.0.10,173.194.151.108,,,41505,443,0,48,17
1589249454.616961,173.194.151.108,10.10.0.10,,,443,41505,0,115,17
1589249454.6169982,173.194.151.108,10.10.0.10,,,443,41505,0,1358,17
1589249454.617022,173.194.151.108,10.10.0.10,,,443,41505,0,1358,17
1589249454.6254358,10.10.0.10,173.194.151.108,,,41505,443,0,37,17
1589249454.6303458,173.194.151.108,10.10.0.10,,,443,41505,0,1358,17
1589249454.631907,10.10.0.10,173.194.151.108,,,41505,443,0,37,17
1589249454.644319,173.194.151.108,10.10.0.10,,,443,41505,0,1358,17
1589249454.6582909,173.194.151.108,10.10.0.10,,,443,41505,0,1358,17
1589249454.6620526,10.10.0.10,173.194.151.108,,,41505,443,0,37,17
1589249454.6722612,173.194.151.108,10.10.0.10,,,443,41505,0,1358,17
1589249454.686242,173.194.151.108,10.10.0.10,,,443,41505,0,1358,17
1589249454.687752,10.10.0.10,173.194.151.108,,,41505,443,0,37,17
1589249454.700209,173.194.151.108,10.10.0.10,,,443,41505,0,1358,17
1589249454.714183,173.194.151.108,10.10.0.10,,,443,41505,0,1358,17
1589249454.715749,10.10.0.10,173.194.151.108,,,41505,443,0,37,17
1589249454.728154,173.194.151.108,10.10.0.10,,,443,41505,0,1358,17
1589249454.74214,173.194.151.108,10.10.0.10,,,443,41505,0,1358,17
1589249454.74455,10.10.0.10,173.194.151.108,,,41505,443,0,37,17
1589249454.756097,173.194.151.108,10.10.0.10,,,443,41505,0,1358,17
1589249454.7700784,173.194.151.108,10.10.0.10,,,443,41505,0,1358,17
1589249454.771656,10.10.0.10,173.194.151.108,,,41505,443,0,37,17
1589249454.784051,173.194.151.108,10.10.0.10,,,443,41505,0,1358,17
1589249454.798024,173.194.151.108,10.10.0.10,,,443,41505,0,1358,17
1589249454.799777,10.10.0.10,173.194.151.108,,,41505,443,0,37,17
1589249454.811988,173.194.151.108,10.10.0.10,,,443,41505,0,1358,17
1589249454.8259661,173.194.151.108,10.10.0.10,,,443,41505,0,1358,17
1589249454.8279002,10.10.0.10,173.194.151.108,,,41505,443,0,37,17
1589249454.839953,173.194.151.108,10.10.0.10,,,443,41505,0,1358,17
1589249454.8539171,173.194.151.108,10.10.0.10,,,443,41505,0,1358,17
1589249454.855891,10.10.0.10,173.194.151.108,,,41505,443,0,37,17
1589249454.867883,173.194.151.108,10.10.0.10,,,443,41505,0,1358,17
1589249454.881855,173.194.151.108,10.10.0.10,,,443,41505,0,1358,17
1589249454.883524,10.10.0.10,173.194.151.108,,,41505,443,0,37,17
1589249454.8958259,173.194.151.108,10.10.0.10,,,443,41505,0,1358,17
1589249454.909818,173.194.151.108,10.10.0.10,,,443,41505,0,1358,17
1589249454.9115238,10.10.0.10,173.194.151.108,,,41505,443,0,37,17
1589249454.923767,173.194.151.108,10.10.0.10,,,443,41505,0,1358,17
1589249454.9377544,173.194.151.108,10.10.0.10,,,443,41505,0,1358,17
1589249454.9394188,10.10.0.10,173.194.151.108,,,41505,443,0,37,17
1589249454.951716,173.194.151.108,10.10.0.10,,,443,41505,0,1358,17
1589249454.9656956,173.194.151.108,10.10.0.10,,,443,41505,0,1358,17
1589249454.967274,10.10.0.10,173.194.151.108,,,41505,443,0,37,17
1589249454.9796612,173.194.151.108,10.10.0.10,,,443,41505,0,1358,17
1589249454.993633,173.194.151.108,10.10.0.10,,,443,41505,0,1358,17
1589249454.99579,10.10.0.10,173.194.151.108,,,41505,443,0,37,17
1589249455.007609,173.194.151.108,10.10.0.10,,,443,41505,0,1358,17
1589249455.0215778,173.194.151.108,10.10.0.10,,,443,41505,0,1358,17
1589249455.023665,10.10.0.10,173.194.151.108,,,41505,443,0,37,17
1589249455.035567,173.194.151.108,10.10.0.10,,,443,41505,0,1358,17
1589249455.049519,173.194.151.108,10.10.0.10,,,443,41505,0,1358,17
1589249455.0510108,10.10.0.10,173.194.151.108,,,41505,443,0,37,17
1589249455.0635018,173.194.151.108,10.10.0.10,,,443,41505,0,1358,17
1589249455.077467,173.194.151.108,10.10.0.10,,,443,41505,0,1358,17
1589249455.079039,10.10.0.10,173.194.151.108,,,41505,443,0,37,17
1589249455.0914438,173.194.151.108,10.10.0.10,,,443,41505,0,1358,17
1589249455.1054108,173.194.151.108,10.10.0.10,,,443,41505,0,1358,17
1589249455.1071339,10.10.0.10,173.194.151.108,,,41505,443,0,37,17
1589249455.119387,173.194.151.108,10.10.0.10,,,443,41505,0,1358,17
1589249455.133375,173.194.151.108,10.10.0.10,,,443,41505,0,1358,17
1589249455.1351662,10.10.0.10,173.194.151.108,,,41505,443,0,50,17
1589249455.147334,173.194.151.108,10.10.0.10,,,443,41505,0,1358,17
1589249455.161315,173.194.151.108,10.10.0.10,,,443,41505,0,1358,17
1589249455.163161,10.10.0.10,173.194.151.108,,,41505,443,0,37,17
1589249455.175271,173.194.151.108,10.10.0.10,,,443,41505,0,1358,17
1589249455.189249,173.194.151.108,10.10.0.10,,,443,41505,0,1358,17
1589249455.190894,10.10.0.10,173.194.151.108,,,41505,443,0,37,17
1589249455.203216,173.194.151.108,10.10.0.10,,,443,41505,0,1358,17
1589249455.217193,173.194.151.108,10.10.0.10,,,443,41505,0,1358,17
1589249455.231183,173.194.151.108,10.10.0.10,,,443,41505,0,1358,17
1589249455.24501,10.10.0.10,173.194.151.108,,,41505,443,0,37,17
1589249455.2451322,173.194.151.108,10.10.0.10,,,443,41505,0,1358,17
1589249455.2489116,10.10.0.10,173.194.151.108,,,41505,443,0,37,17
1589249455.2591221,173.194.151.108,10.10.0.10,,,443,41505,0,1358,17
1589249455.2730858,173.194.151.108,10.10.0.10,,,443,41505,0,1358,17
1589249455.2752821,10.10.0.10,173.194.151.108,,,41505,443,0,37,17
1589249455.2870624,173.194.151.108,10.10.0.10,,,443,41505,0,1358,17
1589249455.3010278,173.194.151.108,10.10.0.10,,,443,41505,0,1358,17
1589249455.302781,10.10.0.10,173.194.151.108,,,41505,443,0,37,17
1589249455.314993,173.194.151.108,10.10.0.10,,,443,41505,0,1358,17
1589249455.328973,173.194.151.108,10.10.0.10,,,443,41505,0,1358,17
1589249455.3307812,10.10.0.10,173.194.151.108,,,41505,443,0,37,17
1589249455.342943,173.194.151.108,10.10.0.10,,,443,41505,0,1358,17
1589249455.356931,173.194.151.108,10.10.0.10,,,443,41505,0,1358,17
1589249455.3586366,10.10.0.10,173.194.151.108,,,41505,443,0,37,17
1589249455.370888,173.194.151.108,10.10.0.10,,,443,41505,0,1358,17
1589249455.3848698,173.194.151.108,10.10.0.10,,,443,41505,0,1358,17
1589249455.386787,10.10.0.10,173.194.151.108,,,41505,443,0,37,17
1589249455.398834,173.194.151.108,10.10.0.10,,,443,41505,0,1358,17
1589249455.412808,173.194.151.108,10.10.0.10,,,443,41505,0,1358,17
1589249455.414511,10.10.0.10,173.194.151.108,,,41505,443,0,37,17
1589249455.426776,173.194.151.108,10.10.0.10,,,443,41505,0,1358,17
1589249455.4407468,173.194.151.108,10.10.0.10,,,443,41505,0,1358,17
1589249455.4425228,10.10.0.10,173.194.151.108,,,41505,443,0,37,17
1589249455.454726,173.194.151.108,10.10.0.10,,,443,41505,0,1358,17
1589249455.468696,173.194.151.108,10.10.0.10,,,443,41505,0,1358,17
1589249455.470384,10.10.0.10,173.194.151.108,,,41505,443,0,37,17
1589249455.4826682,173.194.151.108,10.10.0.10,,,443,41505,0,1358,17
1589249455.49664,173.194.151.108,10.10.0.10,,,443,41505,0,1358,17
1589249455.498533,10.10.0.10,173.194.151.108,,,41505,443,0,37,17
1589249455.510615,173.194.151.108,10.10.0.10,,,443,41505,0,1358,17
1589249455.524585,173.194.151.108,10.10.0.10,,,443,41505,0,1358,17
1589249455.526258,10.10.0.10,173.194.151.108,,,41505,443,0,37,17
1589249455.5385618,173.194.151.108,10.10.0.10,,,443,41505,0,1358,17
1589249455.5525286,173.194.151.108,10.10.0.10,,,443,41505,0,1358,17
1589249455.555251,10.10.0.10,173.194.151.108,,,41505,443,0,37,17
1589249455.5665019,173.194.151.108,10.10.0.10,,,443,41505,0,1358,17
1589249455.5804741,173.194.151.108,10.10.0.10,,,443,41505,0,1358,17
1589249455.582256,10.10.0.10,173.194.151.108,,,41505,443,0,37,17
1589249455.594449,173.194.151.108,10.10.0.10,,,443,41505,0,1358,17
1589249455.6084142,173.194.151.108,10.10.0.10,,,443,41505,0,1358,17
1589249455.609999,10.10.0.10,173.194.151.108,,,41505,443,0,37,17
1589249455.6223938,173.194.151.108,10.10.0.10,,,443,41505,0,1358,17
1589249455.63636,173.194.151.108,10.10.0.10,,,443,41505,0,1358,17
1589249455.6378536,10.10.0.10,173.194.151.108,,,41505,443,0,37,17
1589249455.650335,173.194.151.108,10.10.0.10,,,443,41505,0,1358,17
1589249455.664311,173.194.151.108,10.10.0.10,,,443,41505,0,1358,17
1589249455.666024,10.10.0.10,173.194.151.108,,,41505,443,0,37,17
1589249455.678277,173.194.151.108,10.10.0.10,,,443,41505,0,1358,17
1589249455.692248,173.194.151.108,10.10.0.10,,,443,41505,0,1358,17
1589249455.6938796,10.10.0.10,173.194.151.108,,,41505,443,0,50,17
1589249455.706222,173.194.151.108,10.10.0.10,,,443,41505,0,1358,17
1589249455.720193,173.194.151.108,10.10.0.10,,,443,41505,0,1358,17
1589249455.7235012,10.10.0.10,173.194.151.108,,,41505,443,0,37,17
1589249455.7341652,173.194.151.108,10.10.0.10,,,443,41505,0,1358,17
1589249455.748137,173.194.151.108,10.10.0.10,,,443,41505,0,1358,17
1589249455.749768,10.10.0.10,173.194.151.108,,,41505,443,0,37,17
1589249455.762116,173.194.151.108,10.10.0.10,,,443,41505,0,1358,17
1589249455.7760868,173.194.151.108,10.10.0.10,,,443,41505,0,1358,17
1589249455.777616,10.10.0.10,173.194.151.108,,,41505,443,0,37,17
1589249455.79006,173.194.151.108,10.10.0.10,,,443,41505,0,1358,17
1589249455.804047,173.194.151.108,10.10.0.10,,,443,41505,0,1358,17
1589249455.80574,10.10.0.10,173.194.151.108,,,41505,443,0,37,17
1589249455.818008,173.194.151.108,10.10.0.10,,,443,41505,0,1358,17
1589249455.8319812,173.194.151.108,10.10.0.10,,,443,41505,0,1358,17
1589249455.833872,10.10.0.10,173.194.151.108,,,41505,443,0,37,17
1589249455.8459482,173.194.151.108,10.10.0.10,,,443,41505,0,1358,17
1589249455.8599322,173.194.151.108,10.10.0.10,,,443,41505,0,1358,17
1589249455.8631132,10.10.0.10,173.194.151.108,,,41505,443,0,37,17
1589249455.873914,173.194.151.108,10.10.0.10,,,443,41505,0,1358,17
1589249455.887867,173.194.151.108,10.10.0.10,,,443,41505,0,1358,17
1589249455.8898704,10.10.0.10,173.194.151.108,,,41505,443,0,37,17
1589249455.9018528,173.194.151.108,10.10.0.10,,,443,41505,0,1358,17
1589249455.9158108,173.194.151.108,10.10.0.10,,,443,41505,0,1358,17
1589249455.917518,10.10.0.10,173.194.151.108,,,41505,443,0,37,17
1589249455.929793,173.194.151.108,10.10.0.10,,,443,41505,0,1358,17
1589249455.943756,173.194.151.108,10.10.0.10,,,443,41505,0,1358,17
1589249455.945389,10.10.0.10,173.194.151.108,,,41505,443,0,37,17
1589249455.9577315,173.194.151.108,10.10.0.10,,,443,41505,0,1358,17
1589249455.9717011,173.194.151.108,10.10.0.10,,,443,41505,0,1358,17
1589249455.9732444,10.10.0.10,173.194.151.108,,,41505,443,0,37,17
1589249455.985674,173.194.151.108,10.10.0.10,,,443,41505,0,1358,17
1589249455.999667,173.194.151.108,10.10.0.10,,,443,41505,0,1358,17
1589249456.0033581,10.10.0.10,173.194.151.108,,,41505,443,0,37,17
1589249456.013618,173.194.151.108,10.10.0.10,,,443,41505,0,1358,17
1589249456.0276,173.194.151.108,10.10.0.10,,,443,41505,0,1358,17
1589249456.0292408,10.10.0.10,173.194.151.108,,,41505,443,0,37,17
1589249456.0415642,173.194.151.108,10.10.0.10,,,443,41505,0,1358,17
1589249456.0555305,173.194.151.108,10.10.0.10,,,443,41505,0,1358,17
1589249456.057137,10.10.0.10,173.194.151.108,,,41505,443,0,37,17
1589249456.06952,173.194.151.108,10.10.0.10,,,443,41505,0,1358,17
1589249456.083479,173.194.151.108,10.10.0.10,,,443,41505,0,1358,17
1589249456.0849798,10.10.0.10,173.194.151.108,,,41505,443,0,37,17
1589249456.0974731,173.194.151.108,10.10.0.10,,,443,41505,0,1358,17
1589249456.111425,173.194.151.108,10.10.0.10,,,443,41505,0,1358,17
1589249456.1132429,10.10.0.10,173.194.151.108,,,41505,443,0,37,17
1589249456.1254132,173.194.151.108,10.10.0.10,,,443,41505,0,1358,17
1589249456.13937,173.194.151.108,10.10.0.10,,,443,41505,0,1358,17
1589249456.141258,10.10.0.10,173.194.151.108,,,41505,443,0,37,17
1589249456.1533456,173.194.151.108,10.10.0.10,,,443,41505,0,1358,17
1589249456.1673155,173.194.151.108,10.10.0.10,,,443,41505,0,1358,17
1589249456.169136,10.10.0.10,173.194.151.108,,,41505,443,0,37,17
1589249456.181289,173.194.151.108,10.10.0.10,,,443,41505,0,1358,17
1589249456.1952848,173.194.151.108,10.10.0.10,,,443,41505,0,1358,17
1589249456.196986,10.10.0.10,173.194.151.108,,,41505,443,0,37,17
1589249456.209233,173.194.151.108,10.10.0.10,,,443,41505,0,1358,17
1589249456.223218,173.194.151.108,10.10.0.10,,,443,41505,0,1358,17
1589249456.225007,10.10.0.10,173.194.151.108,,,41505,443,0,37,17
1589249456.2371788,173.194.151.108,10.10.0.10,,,443,41505,0,1358,17
1589249456.2511618,173.194.151.108,10.10.0.10,,,443,41505,0,1358,17
1589249456.252881,10.10.0.10,173.194.151.108,,,41505,443,0,50,17
1589249456.265121,173.194.151.108,10.10.0.10,,,443,41505,0,1358,17
1589249456.279093,173.194.151.108,10.10.0.10,,,443,41505,0,1358,17
1589249456.281353,10.10.0.10,173.194.151.108,,,41505,443,0,37,17
1589249456.293067,173.194.151.108,10.10.0.10,,,443,41505,0,552,17
1589249456.2989662,173.194.151.108,10.10.0.10,,,443,41505,0,29,17
1589249456.349376,10.10.0.10,173.194.151.108,,,41505,443,0,37,17
1589249457.461224,10.10.0.10,173.194.151.108,,,41505,443,0,723,17
1589249457.4612598,10.10.0.10,173.194.151.108,,,41505,443,0,48,17
1589249457.4656498,173.194.151.108,10.10.0.10,,,443,41505,0,115,17
1589249457.465684,173.194.151.108,10.10.0.10,,,443,41505,0,1358,17
1589249457.465706,173.194.151.108,10.10.0.10,,,443,41505,0,1358,17
1589249457.467472,10.10.0.10,173.194.151.108,,,41505,443,0,37,17
1589249457.4790401,173.194.151.108,10.10.0.10,,,443,41505,0,1358,17
1589249457.4806962,10.10.0.10,173.194.151.108,,,41505,443,0,37,17
1589249457.493007,173.194.151.108,10.10.0.10,,,443,41505,0,1358,17
1589249457.5069964,173.194.151.108,10.10.0.10,,,443,41505,0,1358,17
1589249457.5089722,10.10.0.10,173.194.151.108,,,41505,443,0,37,17
1589249457.5209599,173.194.151.108,10.10.0.10,,,443,41505,0,1358,17
1589249457.5349321,173.194.151.108,10.10.0.10,,,443,41505,0,1358,17
1589249457.536575,10.10.0.10,173.194.151.108,,,41505,443,0,37,17
1589249457.5489082,173.194.151.108,10.10.0.10,,,443,41505,0,1358,17
1589249457.56287,173.194.151.108,10.10.0.10,,,443,41505,0,1358,17
1589249457.564573,10.10.0.10,173.194.151.108,,,41505,443,0,37,17
1589249457.576859,173.194.151.108,10.10.0.10,,,443,41505,0,1358,17
1589249457.590817,173.194.151.108,10.10.0.10,,,443,41505,0,1358,17
1589249457.595595,10.10.0.10,173.194.151.108,,,41505,443,0,37,17
1589249457.6048038,173.194.151.108,10.10.0.10,,,443,41505,0,1358,17
1589249457.618763,173.194.151.108,10.10.0.10,,,443,41505,0,1358,17
1589249457.620321,10.10.0.10,173.194.151.108,,,41505,443,0,37,17
1589249457.6327322,173.194.151.108,10.10.0.10,,,443,41505,0,1358,17
1589249457.6467068,173.194.151.108,10.10.0.10,,,443,41505,0,1358,17
1589249457.648466,10.10.0.10,173.194.151.108,,,41505,443,0,37,17
1589249457.660682,173.194.151.108,10.10.0.10,,,443,41505,0,1358,17
1589249457.674666,173.194.151.108,10.10.0.10,,,443,41505,0,1358,17
1589249457.676445,10.10.0.10,173.194.151.108,,,41505,443,0,37,17
1589249457.6886258,173.194.151.108,10.10.0.10,,,443,41505,0,1358,17
1589249457.702613,173.194.151.108,10.10.0.10,,,443,41505,0,1358,17
1589249457.7043395,10.10.0.10,173.194.151.108,,,41505,443,0,37,17
1589249457.716567,173.194.151.108,10.10.0.10,,,443,41505,0,1358,17
1589249457.730537,173.194.151.108,10.10.0.10,,,443,41505,0,1358,17
1589249457.732069,10.10.0.10,173.194.151.108,,,41505,443,0,37,17
1589249457.7445116,173.194.151.108,10.10.0.10,,,443,41505,0,1358,17
1589249457.7584898,173.194.151.108,10.10.0.10,,,443,41505,0,1358,17
1589249457.760067,10.10.0.10,173.194.151.108,,,41505,443,0,37,17
1589249457.7724712,173.194.151.108,10.10.0.10,,,443,41505,0,1358,17
1589249457.786432,173.194.151.108,10.10.0.10,,,443,41505,0,1358,17
1589249457.8004231,173.194.151.108,10.10.0.10,,,443,41505,0,1358,17
1589249457.801467,10.10.0.10,173.194.151.108,,,41505,443,0,37,17
1589249457.814378,173.194.151.108,10.10.0.10,,,443,41505,0,1358,17
1589249457.816065,10.10.0.10,173.194.151.108,,,41505,443,0,37,17
1589249457.828362,173.194.151.108,10.10.0.10,,,443,41505,0,1358,17
1589249457.842322,173.194.151.108,10.10.0.10,,,443,41505,0,1358,17
1589249457.843949,10.10.0.10,173.194.151.108,,,41505,443,0,37,17
1589249457.8563,173.194.151.108,10.10.0.10,,,443,41505,0,1358,17
1589249457.870269,173.194.151.108,10.10.0.10,,,443,41505,0,1358,17
1589249457.8744366,10.10.0.10,173.194.151.108,,,41505,443,0,37,17
1589249457.8842368,173.194.151.108,10.10.0.10,,,443,41505,0,1358,17
1589249457.898231,173.194.151.108,10.10.0.10,,,443,41505,0,1358,17
1589249457.899786,10.10.0.10,173.194.151.108,,,41505,443,0,37,17
1589249457.912185,173.194.151.108,10.10.0.10,,,443,41505,0,1358,17
1589249457.926168,173.194.151.108,10.10.0.10,,,443,41505,0,1358,17
1589249457.9283106,10.10.0.10,173.194.151.108,,,41505,443,0,37,17
1589249457.9401278,173.194.151.108,10.10.0.10,,,443,41505,0,1358,17
1589249457.9541,173.194.151.108,10.10.0.10,,,443,41505,0,1358,17
1589249457.955677,10.10.0.10,173.194.151.108,,,41505,443,0,37,17
1589249457.9680774,173.194.151.108,10.10.0.10,,,443,41505,0,1358,17
1589249457.982049,173.194.151.108,10.10.0.10,,,443,41505,0,1358,17
1589249457.983707,10.10.0.10,173.194.151.108,,,41505,443,0,50,17
1589249457.996026,173.194.151.108,10.10.0.10,,,443,41505,0,1358,17
1589249458.009991,173.194.151.108,10.10.0.10,,,443,41505,0,1358,17
1589249458.0115778,10.10.0.10,173.194.151.108,,,41505,443,0,37,17
1589249458.0239801,173.194.151.108,10.10.0.10,,,443,41505,0,1358,17
1589249458.037935,173.194.151.108,10.10.0.10,,,443,41505,0,1358,17
1589249458.041065,10.10.0.10,173.194.151.108,,,41505,443,0,37,17
1589249458.0519161,173.194.151.108,10.10.0.10,,,443,41505,0,1358,17
1589249458.06588,173.194.151.108,10.10.0.10,,,443,41505,0,1358,17
1589249458.0674524,10.10.0.10,173.194.151.108,,,41505,443,0,37,17
1589249458.079854,173.194.151.108,10.10.0.10,,,443,41505,0,1358,17
1589249458.0938268,173.194.151.108,10.10.0.10,,,443,41505,0,1358,17
1589249458.0955582,10.10.0.10,173.194.151.108,,,41505,443,0,37,17
1589249458.107798,173.194.151.108,10.10.0.10,,,443,41505,0,1358,17
1589249458.1217706,173.194.151.108,10.10.0.10,,,443,41505,0,1358,17
1589249458.1245492,10.10.0.10,173.194.151.108,,,41505,443,0,37,17
1589249458.135737,173.194.151.108,10.10.0.10,,,443,41505,0,1358,17
1589249458.1497278,173.194.151.108,10.10.0.10,,,443,41505,0,1358,17
1589249458.1514301,10.10.0.10,173.194.151.108,,,41505,443,0,37,17
1589249458.163687,173.194.151.108,10.10.0.10,,,443,41505,0,1358,17
1589249458.177662,173.194.151.108,10.10.0.10,,,443,41505,0,1358,17
1589249458.179306,10.10.0.10,173.194.151.108,,,41505,443,0,37,17
1589249458.191632,173.194.151.108,10.10.0.10,,,443,41505,0,1358,17
1589249458.205606,173.194.151.108,10.10.0.10,,,443,41505,0,1358,17
1589249458.2085118,10.10.0.10,173.194.151.108,,,41505,443,0,37,17
1589249458.2195768,173.194.151.108,10.10.0.10,,,443,41505,0,1358,17
1589249458.233549,173.194.151.108,10.10.0.10,,,443,41505,0,1358,17
1589249458.240951,10.10.0.10,173.194.151.108,,,41505,443,0,37,17
1589249458.247535,173.194.151.108,10.10.0.10,,,443,41505,0,1358,17
1589249458.2614946,173.194.151.108,10.10.0.10,,,443,41505,0,1358,17
1589249458.2631981,10.10.0.10,173.194.151.108,,,41505,443,0,37,17
1589249458.2754738,173.194.151.108,10.10.0.10,,,443,41505,0,1358,17
1589249458.289439,173.194.151.108,10.10.0.10,,,443,41505,0,1358,17
1589249458.2915802,10.10.0.10,173.194.151.108,,,41505,443,0,37,17
1589249458.303407,173.194.151.108,10.10.0.10,,,443,41505,0,1358,17
1589249458.317384,173.194.151.108,10.10.0.10,,,443,41505,0,1358,17
1589249458.3189466,10.10.0.10,173.194.151.108,,,41505,443,0,37,17
1589249458.3313544,173.194.151.108,10.10.0.10,,,443,41505,0,1358,17
1589249458.345345,173.194.151.108,10.10.0.10,,,443,41505,0,1358,17
1589249458.346801,10.10.0.10,173.194.151.108,,,41505,443,0,37,17
1589249458.3593,173.194.151.108,10.10.0.10,,,443,41505,0,1358,17
1589249458.373271,173.194.151.108,10.10.0.10,,,443,41505,0,1358,17
1589249458.37657,10.10.0.10,173.194.151.108,,,41505,443,0,37,17
1589249458.3872454,173.194.151.108,10.10.0.10,,,443,41505,0,1358,17
1589249458.401216,173.194.151.108,10.10.0.10,,,443,41505,0,1358,17
1589249458.4029136,10.10.0.10,173.194.151.108,,,41505,443,0,37,17
1589249458.415189,173.194.151.108,10.10.0.10,,,443,41505,0,1358,17
1589249458.429163,173.194.151.108,10.10.0.10,,,443,41505,0,1358,17
1589249458.430815,10.10.0.10,173.194.151.108,,,41505,443,0,37,17
1589249458.4431398,173.194.151.108,10.10.0.10,,,443,41505,0,1358,17
1589249458.4571102,173.194.151.108,10.10.0.10,,,443,41505,0,1358,17
1589249458.4591718,10.10.0.10,173.194.151.108,,,41505,443,0,37,17
1589249458.471094,173.194.151.108,10.10.0.10,,,443,41505,0,1358,17
1589249458.4850528,173.194.151.108,10.10.0.10,,,443,41505,0,1358,17
1589249458.486814,10.10.0.10,173.194.151.108,,,41505,443,0,37,17
1589249458.4990275,173.194.151.108,10.10.0.10,,,443,41505,0,1358,17
1589249458.512999,173.194.151.108,10.10.0.10,,,443,41505,0,1358,17
1589249458.5149386,10.10.0.10,173.194.151.108,,,41505,443,0,37,17
1589249458.5269651,173.194.151.108,10.10.0.10,,,443,41505,0,1358,17
1589249458.5409641,173.194.151.108,10.10.0.10,,,443,41505,0,1358,17
1589249458.5429199,10.10.0.10,173.194.151.108,,,41505,443,0,50,17
1589249458.554913,173.194.151.108,10.10.0.10,,,443,41505,0,1358,17
1589249458.5688882,173.194.151.108,10.10.0.10,,,443,41505,0,1358,17
1589249458.5706658,10.10.0.10,173.194.151.108,,,41505,443,0,37,17
1589249458.5828602,173.194.151.108,10.10.0.10,,,443,41505,0,1358,17
1589249458.596832,173.194.151.108,10.10.0.10,,,443,41505,0,1358,17
1589249458.5984359,10.10.0.10,173.194.151.108,,,41505,443,0,37,17
1589249458.610805,173.194.151.108,10.10.0.10,,,443,41505,0,1358,17
1589249458.624773,173.194.151.108,10.10.0.10,,,443,41505,0,1358,17
1589249458.626266,10.10.0.10,173.194.151.108,,,41505,443,0,37,17
1589249458.6387491,173.194.151.108,10.10.0.10,,,443,41505,0,1358,17
1589249458.6527214,173.194.151.108,10.10.0.10,,,443,41505,0,1358,17
1589249458.654785,10.10.0.10,173.194.151.108,,,41505,443,0,37,17
1589249458.6683662,173.194.151.108,10.10.0.10,,,443,41505,0,1358,17
1589249458.6823368,173.194.151.108,10.10.0.10,,,443,41505,0,1358,17
1589249458.684391,10.10.0.10,173.194.151.108,,,41505,443,0,37,17
1589249458.696326,173.194.151.108,10.10.0.10,,,443,41505,0,1358,17
1589249458.710286,173.194.151.108,10.10.0.10,,,443,41505,0,1358,17
1589249458.7119234,10.10.0.10,173.194.151.108,,,41505,443,0,37,17
1589249458.7242534,173.194.151.108,10.10.0.10,,,443,41505,0,1358,17
1589249458.73824,173.194.151.108,10.10.0.10,,,443,41505,0,1358,17
1589249458.740006,10.10.0.10,173.194.151.108,,,41505,443,0,37,17
1589249458.752198,173.194.151.108,10.10.0.10,,,443,41505,0,1358,17
1589249458.7661731,173.194.151.108,10.10.0.10,,,443,41505,0,1358,17
1589249458.767792,10.10.0.10,173.194.151.108,,,41505,443,0,37,17
1589249458.780143,173.194.151.108,10.10.0.10,,,443,41505,0,1358,17
1589249458.794121,173.194.151.108,10.10.0.10,,,443,41505,0,1358,17
1589249458.795912,10.10.0.10,173.194.151.108,,,41505,443,0,37,17
1589249458.808094,173.194.151.108,10.10.0.10,,,443,41505,0,1358,17
1589249458.822084,173.194.151.108,10.10.0.10,,,443,41505,0,1358,17
1589249458.823807,10.10.0.10,173.194.151.108,,,41505,443,0,37,17
1589249458.836039,173.194.151.108,10.10.0.10,,,443,41505,0,1358,17
1589249458.850018,173.194.151.108,10.10.0.10,,,443,41505,0,1358,17
1589249458.8519099,10.10.0.10,173.194.151.108,,,41505,443,0,37,17
1589249458.863985,173.194.151.108,10.10.0.10,,,443,41505,0,1358,17
1589249458.87796,173.194.151.108,10.10.0.10,,,443,41505,0,1358,17
1589249458.8805554,10.10.0.10,173.194.151.108,,,41505,443,0,37,17
1589249458.8919322,173.194.151.108,10.10.0.10,,,443,41505,0,1358,17
1589249458.9059002,173.194.151.108,10.10.0.10,,,443,41505,0,1358,17
1589249458.908534,10.10.0.10,173.194.151.108,,,41505,443,0,37,17
1589249458.919877,173.194.151.108,10.10.0.10,,,443,41505,0,1358,17
1589249458.933839,173.194.151.108,10.10.0.10,,,443,41505,0,1358,17
1589249458.936181,10.10.0.10,173.194.151.108,,,41505,443,0,37,17
1589249458.949494,173.194.151.108,10.10.0.10,,,443,41505,0,1358,17
1589249458.963465,173.194.151.108,10.10.0.10,,,443,41505,0,1358,17
1589249458.965034,10.10.0.10,173.194.151.108,,,41505,443,0,37,17
1589249458.9774532,173.194.151.108,10.10.0.10,,,443,41505,0,1358,17
1589249458.991412,173.194.151.108,10.10.0.10,,,443,41505,0,1358,17
1589249458.9930508,10.10.0.10,173.194.151.108,,,41505,443,0,37,17
1589249459.0053892,173.194.151.108,10.10.0.10,,,443,41505,0,1358,17
1589249459.0193565,173.194.151.108,10.10.0.10,,,443,41505,0,1358,17
1589249459.020925,10.10.0.10,173.194.151.108,,,41505,443,0,37,17
1589249459.03333,173.194.151.108,10.10.0.10,,,443,41505,0,1358,17
1589249459.047298,173.194.151.108,10.10.0.10,,,443,41505,0,1358,17
1589249459.049047,10.10.0.10,173.194.151.108,,,41505,443,0,37,17
1589249459.0612721,173.194.151.108,10.10.0.10,,,443,41505,0,1358,17
1589249459.0752602,173.194.151.108,10.10.0.10,,,443,41505,0,1358,17
1589249459.089217,173.194.151.108,10.10.0.10,,,443,41505,0,1358,17
1589249459.094285,10.10.0.10,173.194.151.108,,,41505,443,0,37,17
1589249459.103201,173.194.151.108,10.10.0.10,,,443,41505,0,1358,17
1589249459.1049216,10.10.0.10,173.194.151.108,,,41505,443,0,50,17
1589249459.1171641,173.194.151.108,10.10.0.10,,,443,41505,0,1358,17
1589249459.131136,173.194.151.108,10.10.0.10,,,443,41505,0,1358,17
1589249459.133297,10.10.0.10,173.194.151.108,,,41505,443,0,37,17
1589249459.1451054,173.194.151.108,10.10.0.10,,,443,41505,0,1358,17
1589249459.1590786,173.194.151.108,10.10.0.10,,,443,41505,0,1358,17
1589249459.160775,10.10.0.10,173.194.151.108,,,41505,443,0,37,17
1589249459.173072,173.194.151.108,10.10.0.10,,,443,41505,0,29,17
1589249459.173683,173.194.151.108,10.10.0.10,,,443,41505,0,1358,17
1589249459.1876569,173.194.151.108,10.10.0.10,,,443,41505,0,1358,17
1589249459.1908998,10.10.0.10,173.194.151.108,,,41505,443,0,37,17
1589249459.201633,173.194.151.108,10.10.0.10,,,443,41505,0,1358,17
1589249459.215602,173.194.151.108,10.10.0.10,,,443,41505,0,1358,17
1589249459.2171562,10.10.0.10,173.194.151.108,,,41505,443,0,37,17
1589249459.2295752,173.194.151.108,10.10.0.10,,,443,41505,0,1358,17
1589249459.243568,173.194.151.108,10.10.0.10,,,443,41505,0,1358,17
1589249459.2457938,10.10.0.10,173.194.151.108,,,41505,443,0,37,17
1589249459.2575214,173.194.151.108,10.10.0.10,,,443,41505,0,1358,17
1589249459.2731671,173.194.151.108,10.10.0.10,,,443,41505,0,1358,17
1589249459.274915,10.10.0.10,173.194.151.108,,,41505,443,0,37,17
1589249459.287138,173.194.151.108,10.10.0.10,,,443,41505,0,1358,17
1589249459.3011308,173.194.151.108,10.10.0.10,,,443,41505,0,1358,17
1589249459.302896,10.10.0.10,173.194.151.108,,,41505,443,0,37,17
1589249459.315086,173.194.151.108,10.10.0.10,,,443,41505,0,1358,17
1589249459.3290699,173.194.151.108,10.10.0.10,,,443,41505,0,1358,17
1589249459.331536,10.10.0.10,173.194.151.108,,,41505,443,0,37,17
1589249459.343029,173.194.151.108,10.10.0.10,,,443,41505,0,1358,17
1589249459.357003,173.194.151.108,10.10.0.10,,,443,41505,0,1358,17
1589249459.3589141,10.10.0.10,173.194.151.108,,,41505,443,0,37,17
1589249459.3709779,173.194.151.108,10.10.0.10,,,443,41505,0,1358,17
1589249459.3849502,173.194.151.108,10.10.0.10,,,443,41505,0,1358,17
1589249459.3870258,10.10.0.10,173.194.151.108,,,41505,443,0,37,17
1589249459.3989394,173.194.151.108,10.10.0.10,,,443,41505,0,1358,17
1589249459.412892,173.194.151.108,10.10.0.10,,,443,41505,0,1358,17
1589249459.414394,10.10.0.10,173.194.151.108,,,41505,443,0,37,17
1589249459.426877,173.194.151.108,10.10.0.10,,,443,41505,0,1358,17
1589249459.440835,173.194.151.108,10.10.0.10,,,443,41505,0,1358,17
1589249459.442518,10.10.0.10,173.194.151.108,,,41505,443,0,37,17
1589249459.4548151,173.194.151.108,10.10.0.10,,,443,41505,0,1358,17
1589249459.4687822,173.194.151.108,10.10.0.10,,,443,41505,0,1358,17
1589249459.4705412,10.10.0.10,173.194.151.108,,,41505,443,0,37,17
1589249459.482753,173.194.151.108,10.10.0.10,,,443,41505,0,1358,17
1589249459.496726,173.194.151.108,10.10.0.10,,,443,41505,0,1358,17
1589249459.4985158,10.10.0.10,173.194.151.108,,,41505,443,0,37,17
1589249459.5107002,173.194.151.108,10.10.0.10,,,443,41505,0,1358,17
1589249459.5246859,173.194.151.108,10.10.0.10,,,443,41505,0,1358,17
1589249459.5264099,10.10.0.10,173.194.151.108,,,41505,443,0,37,17
1589249459.5386438,173.194.151.108,10.10.0.10,,,443,41505,0,1358,17
1589249459.552624,173.194.151.108,10.10.0.10,,,443,41505,0,1358,17
1589249459.554264,10.10.0.10,173.194.151.108,,,41505,443,0,37,17
1589249459.566589,173.194.151.108,10.10.0.10,,,443,41505,0,1358,17
1589249459.580561,173.194.151.108,10.10.0.10,,,443,41505,0,1358,17
1589249459.5825288,10.10.0.10,173.194.151.108,,,41505,443,0,37,17
1589249459.5945342,173.194.151.108,10.10.0.10,,,443,41505,0,1358,17
1589249459.6085026,173.194.151.108,10.10.0.10,,,443,41505,0,1358,17
1589249459.610286,10.10.0.10,173.194.151.108,,,41505,443,0,37,17
1589249459.622479,173.194.151.108,10.10.0.10,,,443,41505,0,1358,17
1589249459.6364448,173.194.151.108,10.10.0.10,,,443,41505,0,1358,17
1589249459.639408,10.10.0.10,173.194.151.108,,,41505,443,0,37,17
1589249459.6504214,173.194.151.108,10.10.0.10,,,443,41505,0,1358,17
1589249459.664394,173.194.151.108,10.10.0.10,,,443,41505,0,1358,17
1589249459.666157,10.10.0.10,173.194.151.108,,,41505,443,0,50,17
1589249459.678369,173.194.151.108,10.10.0.10,,,443,41505,0,1358,17
1589249459.6923342,173.194.151.108,10.10.0.10,,,443,41505,0,1358,17
1589249459.6940358,10.10.0.10,173.194.151.108,,,41505,443,0,37,17
1589249459.706311,173.194.151.108,10.10.0.10,,,443,41505,0,1358,17
1589249459.720279,173.194.151.108,10.10.0.10,,,443,41505,0,1358,17
1589249459.727981,10.10.0.10,173.194.151.108,,,41505,443,0,37,17
1589249459.7349179,173.194.151.108,10.10.0.10,,,443,41505,0,1358,17
1589249459.748892,173.194.151.108,10.10.0.10,,,443,41505,0,1358,17
1589249459.7515092,10.10.0.10,173.194.151.108,,,41505,443,0,37,17
1589249459.762866,173.194.151.108,10.10.0.10,,,443,41505,0,1358,17
1589249459.776836,173.194.151.108,10.10.0.10,,,443,41505,0,1358,17
1589249459.778408,10.10.0.10,173.194.151.108,,,41505,443,0,37,17
1589249459.7908108,173.194.151.108,10.10.0.10,,,443,41505,0,1358,17
1589249459.804802,173.194.151.108,10.10.0.10,,,443,41505,0,1358,17
1589249459.8062491,10.10.0.10,173.194.151.108,,,41505,443,0,37,17
1589249459.818759,173.194.151.108,10.10.0.10,,,443,41505,0,1358,17
1589249459.8327398,173.194.151.108,10.10.0.10,,,443,41505,0,1358,17
1589249459.835007,10.10.0.10,173.194.151.108,,,41505,443,0,37,17
1589249459.8466988,173.194.151.108,10.10.0.10,,,443,41505,0,1358,17
1589249459.8606794,173.194.151.108,10.10.0.10,,,443,41505,0,1358,17
1589249459.8626301,10.10.0.10,173.194.151.108,,,41505,443,0,37,17
1589249459.874641,173.194.151.108,10.10.0.10,,,443,41505,0,1358,17
1589249459.88861,173.194.151.108,10.10.0.10,,,443,41505,0,1358,17
1589249459.890254,10.10.0.10,173.194.151.108,,,41505,443,0,37,17
1589249459.902586,173.194.151.108,10.10.0.10,,,443,41505,0,1358,17
1589249459.916559,173.194.151.108,10.10.0.10,,,443,41505,0,1358,17
1589249459.9183712,10.10.0.10,173.194.151.108,,,41505,443,0,37,17
1589249459.930551,173.194.151.108,10.10.0.10,,,443,41505,0,1358,17
1589249459.944508,173.194.151.108,10.10.0.10,,,443,41505,0,1358,17
1589249459.9471278,10.10.0.10,173.194.151.108,,,41505,443,0,37,17
1589249459.9584858,173.194.151.108,10.10.0.10,,,443,41505,0,1358,17
1589249459.972452,173.194.151.108,10.10.0.10,,,443,41505,0,1358,17
1589249459.974241,10.10.0.10,173.194.151.108,,,41505,443,0,37,17
1589249459.9864259,173.194.151.108,10.10.0.10,,,443,41505,0,1358,17
1589249460.000406,173.194.151.108,10.10.0.10,,,443,41505,0,1358,17
1589249460.002269,10.10.0.10,173.194.151.108,,,41505,443,0,37,17
1589249460.014368,173.194.151.108,10.10.0.10,,,443,41505,0,1358,17
1589249460.02834,173.194.151.108,10.10.0.10,,,443,41505,0,1358,17
1589249460.030375,10.10.0.10,173.194.151.108,,,41505,443,0,37,17
1589249460.042311,173.194.151.108,10.10.0.10,,,443,41505,0,1358,17
1589249460.056297,173.194.151.108,10.10.0.10,,,443,41505,0,1358,17
1589249460.0577538,10.10.0.10,173.194.151.108,,,41505,443,0,37,17
1589249460.070256,173.194.151.108,10.10.0.10,,,443,41505,0,1358,17
1589249460.084234,173.194.151.108,10.10.0.10,,,443,41505,0,1358,17
1589249460.0860178,10.10.0.10,173.194.151.108,,,41505,443,0,37,17
1589249460.098203,173.194.151.108,10.10.0.10,,,443,41505,0,1358,17
1589249460.112168,173.194.151.108,10.10.0.10,,,443,41505,0,1358,17
1589249460.1138668,10.10.0.10,173.194.151.108,,,41505,443,0,37,17
1589249460.126167,173.194.151.108,10.10.0.10,,,443,41505,0,1358,17
1589249460.14012,173.194.151.108,10.10.0.10,,,443,41505,0,1358,17
1589249460.141892,10.10.0.10,173.194.151.108,,,41505,443,0,37,17
1589249460.1540868,173.194.151.108,10.10.0.10,,,443,41505,0,1358,17
1589249460.168064,173.194.151.108,10.10.0.10,,,443,41505,0,1358,17
1589249460.170017,10.10.0.10,173.194.151.108,,,41505,443,0,37,17
1589249460.1820462,173.194.151.108,10.10.0.10,,,443,41505,0,1358,17
1589249460.1960132,173.194.151.108,10.10.0.10,,,443,41505,0,1358,17
1589249460.1978712,10.10.0.10,173.194.151.108,,,41505,443,0,37,17
1589249460.2099788,173.194.151.108,10.10.0.10,,,443,41505,0,1358,17
1589249460.223954,173.194.151.108,10.10.0.10,,,443,41505,0,1358,17
1589249460.2256212,10.10.0.10,173.194.151.108,,,41505,443,0,50,17
1589249460.237926,173.194.151.108,10.10.0.10,,,443,41505,0,1358,17
1589249460.251915,173.194.151.108,10.10.0.10,,,443,41505,0,1358,17
1589249460.254013,10.10.0.10,173.194.151.108,,,41505,443,0,37,17
1589249460.265874,173.194.151.108,10.10.0.10,,,443,41505,0,1358,17
1589249460.279851,173.194.151.108,10.10.0.10,,,443,41505,0,1358,17
1589249460.2817636,10.10.0.10,173.194.151.108,,,41505,443,0,37,17
1589249460.2938151,173.194.151.108,10.10.0.10,,,443,41505,0,1358,17
1589249460.30779,173.194.151.108,10.10.0.10,,,443,41505,0,1358,17
1589249460.309491,10.10.0.10,173.194.151.108,,,41505,443,0,37,17
1589249460.3217616,173.194.151.108,10.10.0.10,,,443,41505,0,1358,17
1589249460.3357315,173.194.151.108,10.10.0.10,,,443,41505,0,1358,17
1589249460.349705,173.194.151.108,10.10.0.10,,,443,41505,0,1358,17
1589249460.36289,10.10.0.10,173.194.151.108,,,41505,443,0,37,17
1589249460.363677,173.194.151.108,10.10.0.10,,,443,41505,0,1358,17
1589249460.366241,10.10.0.10,173.194.151.108,,,41505,443,0,37,17
1589249460.3776429,173.194.151.108,10.10.0.10,,,443,41505,0,1358,17
1589249460.391622,173.194.151.108,10.10.0.10,,,443,41505,0,1358,17
1589249460.393262,10.10.0.10,173.194.151.108,,,41505,443,0,37,17
1589249460.4055982,173.194.151.108,10.10.0.10,,,443,41505,0,1358,17
1589249460.419567,173.194.151.108,10.10.0.10,,,443,41505,0,1358,17
1589249460.421114,10.10.0.10,173.194.151.108,,,41505,443,0,37,17
1589249460.4335446,173.194.151.108,10.10.0.10,,,443,41505,0,1358,17
1589249460.447534,173.194.151.108,10.10.0.10,,,443,41505,0,1358,17
1589249460.4513636,10.10.0.10,173.194.151.108,,,41505,443,0,37,17
1589249460.4614851,173.194.151.108,10.10.0.10,,,443,41505,0,1358,17
1589249460.475471,173.194.151.108,10.10.0.10,,,443,41505,0,1358,17
1589249460.4772651,10.10.0.10,173.194.151.108,,,41505,443,0,37,17
1589249460.4894278,173.194.151.108,10.10.0.10,,,443,41505,0,1358,17
1589249460.5034099,173.194.151.108,10.10.0.10,,,443,41505,0,1358,17
1589249460.5051339,10.10.0.10,173.194.151.108,,,41505,443,0,37,17
1589249460.517376,173.194.151.108,10.10.0.10,,,443,41505,0,1358,17
1589249460.5313468,173.194.151.108,10.10.0.10,,,443,41505,0,1358,17
1589249460.533132,10.10.0.10,173.194.151.108,,,41505,443,0,37,17
1589249460.5453188,173.194.151.108,10.10.0.10,,,443,41505,0,1358,17
1589249460.5592911,173.194.151.108,10.10.0.10,,,443,41505,0,1358,17
1589249460.5612562,10.10.0.10,173.194.151.108,,,41505,443,0,37,17
1589249460.5732794,173.194.151.108,10.10.0.10,,,443,41505,0,1358,17
1589249460.587236,173.194.151.108,10.10.0.10,,,443,41505,0,1358,17
1589249460.5891304,10.10.0.10,173.194.151.108,,,41505,443,0,37,17
1589249460.601217,173.194.151.108,10.10.0.10,,,443,41505,0,1358,17
1589249460.6151812,173.194.151.108,10.10.0.10,,,443,41505,0,1358,17
1589249460.616716,10.10.0.10,173.194.151.108,,,41505,443,0,37,17
1589249460.6291482,173.194.151.108,10.10.0.10,,,443,41505,0,1358,17
1589249460.643136,173.194.151.108,10.10.0.10,,,443,41505,0,1358,17
1589249460.644728,10.10.0.10,173.194.151.108,,,41505,443,0,37,17
1589249460.6570964,173.194.151.108,10.10.0.10,,,443,41505,0,1358,17
1589249460.671071,173.194.151.108,10.10.0.10,,,443,41505,0,1358,17
1589249460.672575,10.10.0.10,173.194.151.108,,,41505,443,0,37,17
1589249460.685039,173.194.151.108,10.10.0.10,,,443,41505,0,1358,17
1589249460.69901,173.194.151.108,10.10.0.10,,,443,41505,0,1358,17
1589249460.700856,10.10.0.10,173.194.151.108,,,41505,443,0,37,17
1589249460.714025,173.194.151.108,10.10.0.10,,,443,41505,0,1358,17
1589249460.7279892,173.194.151.108,10.10.0.10,,,443,41505,0,1358,17
1589249460.729626,10.10.0.10,173.194.151.108,,,41505,443,0,37,17
1589249460.741967,173.194.151.108,10.10.0.10,,,443,41505,0,1358,17
1589249460.7559388,173.194.151.108,10.10.0.10,,,443,41505,0,1358,17
1589249460.7578619,10.10.0.10,173.194.151.108,,,41505,443,0,37,17
1589249460.7699056,173.194.151.108,10.10.0.10,,,443,41505,0,1358,17
1589249460.7838988,173.194.151.108,10.10.0.10,,,443,41505,0,1358,17
1589249460.785609,10.10.0.10,173.194.151.108,,,41505,443,0,50,17
1589249460.7978542,173.194.151.108,10.10.0.10,,,443,41505,0,1358,17
1589249460.8118362,173.194.151.108,10.10.0.10,,,443,41505,0,1358,17
1589249460.813373,10.10.0.10,173.194.151.108,,,41505,443,0,37,17
1589249460.825798,173.194.151.108,10.10.0.10,,,443,41505,0,1358,17
1589249460.8397741,173.194.151.108,10.10.0.10,,,443,41505,0,1358,17
1589249460.8421216,10.10.0.10,173.194.151.108,,,41505,443,0,37,17
1589249460.853744,173.194.151.108,10.10.0.10,,,443,41505,0,29,17
1589249460.854377,173.194.151.108,10.10.0.10,,,443,41505,0,1358,17
1589249460.8683481,173.194.151.108,10.10.0.10,,,443,41505,0,1358,17
1589249460.8711019,10.10.0.10,173.194.151.108,,,41505,443,0,37,17
1589249460.882336,173.194.151.108,10.10.0.10,,,443,41505,0,1358,17
1589249460.8962948,173.194.151.108,10.10.0.10,,,443,41505,0,1358,17
1589249460.898225,10.10.0.10,173.194.151.108,,,41505,443,0,37,17
1589249460.910273,173.194.151.108,10.10.0.10,,,443,41505,0,1358,17
1589249460.9242392,173.194.151.108,10.10.0.10,,,443,41505,0,1358,17
1589249460.9268491,10.10.0.10,173.194.151.108,,,41505,443,0,37,17
1589249460.938213,173.194.151.108,10.10.0.10,,,443,41505,0,1358,17
1589249460.952185,173.194.151.108,10.10.0.10,,,443,41505,0,1358,17
1589249460.953872,10.10.0.10,173.194.151.108,,,41505,443,0,37,17
1589249460.9661546,173.194.151.108,10.10.0.10,,,443,41505,0,1358,17
1589249460.980145,173.194.151.108,10.10.0.10,,,443,41505,0,1358,17
1589249460.9817321,10.10.0.10,173.194.151.108,,,41505,443,0,37,17
1589249460.994096,173.194.151.108,10.10.0.10,,,443,41505,0,1358,17
1589249461.008067,173.194.151.108,10.10.0.10,,,443,41505,0,1358,17
1589249461.0106,10.10.0.10,173.194.151.108,,,41505,443,0,37,17
1589249461.022048,173.194.151.108,10.10.0.10,,,443,41505,0,1358,17
1589249461.0360212,173.194.151.108,10.10.0.10,,,443,41505,0,1358,17
1589249461.0377462,10.10.0.10,173.194.151.108,,,41505,443,0,37,17
1589249461.0499878,173.194.151.108,10.10.0.10,,,443,41505,0,1358,17
1589249461.063962,173.194.151.108,10.10.0.10,,,443,41505,0,1358,17
1589249461.065585,10.10.0.10,173.194.151.108,,,41505,443,0,37,17
1589249461.077951,173.194.151.108,10.10.0.10,,,443,41505,0,1358,17
1589249461.0919068,173.194.151.108,10.10.0.10,,,443,41505,0,1358,17
1589249461.0935948,10.10.0.10,173.194.151.108,,,41505,443,0,37,17
1589249461.1058884,173.194.151.108,10.10.0.10,,,443,41505,0,1358,17
1589249461.119852,173.194.151.108,10.10.0.10,,,443,41505,0,1358,17
1589249461.121596,10.10.0.10,173.194.151.108,,,41505,443,0,37,17
1589249461.133832,173.194.151.108,10.10.0.10,,,443,41505,0,1358,17
1589249461.147797,173.194.151.108,10.10.0.10,,,443,41505,0,1358,17
1589249461.1496134,10.10.0.10,173.194.151.108,,,41505,443,0,37,17
1589249461.1617699,173.194.151.108,10.10.0.10,,,443,41505,0,1358,17
1589249461.1757634,173.194.151.108,10.10.0.10,,,443,41505,0,1358,17
1589249461.1778471,10.10.0.10,173.194.151.108,,,41505,443,0,37,17
1589249461.1897151,173.194.151.108,10.10.0.10,,,443,41505,0,1358,17
1589249461.2036998,173.194.151.108,10.10.0.10,,,443,41505,0,1358,17
1589249461.205487,10.10.0.10,173.194.151.108,,,41505,443,0,37,17
1589249461.2176578,173.194.151.108,10.10.0.10,,,443,41505,0,1358,17
1589249461.2316391,173.194.151.108,10.10.0.10,,,443,41505,0,1358,17
1589249461.2332199,10.10.0.10,173.194.151.108,,,41505,443,0,37,17
1589249461.2456052,173.194.151.108,10.10.0.10,,,443,41505,0,1358,17
1589249461.259577,173.194.151.108,10.10.0.10,,,443,41505,0,1358,17
1589249461.26136,10.10.0.10,173.194.151.108,,,41505,443,0,37,17
1589249461.2735481,173.194.151.108,10.10.0.10,,,443,41505,0,1358,17
1589249461.2875235,173.194.151.108,10.10.0.10,,,443,41505,0,1358,17
1589249461.289359,10.10.0.10,173.194.151.108,,,41505,443,0,37,17
1589249461.301511,173.194.151.108,10.10.0.10,,,443,41505,0,1358,17
1589249461.315466,173.194.151.108,10.10.0.10,,,443,41505,0,1358,17
1589249461.317338,10.10.0.10,173.194.151.108,,,41505,443,0,37,17
1589249461.329448,173.194.151.108,10.10.0.10,,,443,41505,0,1358,17
1589249461.34341,173.194.151.108,10.10.0.10,,,443,41505,0,1358,17
1589249461.345238,10.10.0.10,173.194.151.108,,,41505,443,0,50,17
1589249461.357385,173.194.151.108,10.10.0.10,,,443,41505,0,1358,17
1589249461.3713572,173.194.151.108,10.10.0.10,,,443,41505,0,1358,17
1589249461.3729632,10.10.0.10,173.194.151.108,,,41505,443,0,37,17
1589249461.385329,173.194.151.108,10.10.0.10,,,443,41505,0,1358,17
1589249461.3992946,173.194.151.108,10.10.0.10,,,443,41505,0,1358,17
1589249461.4009812,10.10.0.10,173.194.151.108,,,41505,443,0,37,17
1589249461.413267,173.194.151.108,10.10.0.10,,,443,41505,0,1358,17
1589249461.427258,173.194.151.108,10.10.0.10,,,443,41505,0,1358,17
1589249461.4288368,10.10.0.10,173.194.151.108,,,41505,443,0,37,17
1589249461.4412124,173.194.151.108,10.10.0.10,,,443,41505,0,1358,17
1589249461.455193,173.194.151.108,10.10.0.10,,,443,41505,0,1358,17
1589249461.456839,10.10.0.10,173.194.151.108,,,41505,443,0,37,17
1589249461.469161,173.194.151.108,10.10.0.10,,,443,41505,0,1358,17
1589249461.483135,173.194.151.108,10.10.0.10,,,443,41505,0,1358,17
1589249461.484709,10.10.0.10,173.194.151.108,,,41505,443,0,37,17
1589249461.497129,173.194.151.108,10.10.0.10,,,443,41505,0,1358,17
1589249461.51108,173.194.151.108,10.10.0.10,,,443,41505,0,1358,17
1589249461.5132089,10.10.0.10,173.194.151.108,,,41505,443,0,37,17
1589249461.5250669,173.194.151.108,10.10.0.10,,,443,41505,0,1358,17
1589249461.539025,173.194.151.108,10.10.0.10,,,443,41505,0,1358,17
1589249461.540714,10.10.0.10,173.194.151.108,,,41505,443,0,37,17
1589249461.5530062,173.194.151.108,10.10.0.10,,,443,41505,0,1358,17
1589249461.5669699,173.194.151.108,10.10.0.10,,,443,41505,0,1072,17
1589249461.568583,10.10.0.10,173.194.151.108,,,41505,443,0,37,17
1589249464.510895,10.10.0.10,173.194.151.108,,,41505,443,0,723,17
1589249464.510922,10.10.0.10,173.194.151.108,,,41505,443,0,48,17
1589249464.515464,173.194.151.108,10.10.0.10,,,443,41505,0,115,17
1589249464.515496,173.194.151.108,10.10.0.10,,,443,41505,0,1358,17
1589249464.5155196,173.194.151.108,10.10.0.10,,,443,41505,0,1358,17
1589249464.5172482,10.10.0.10,173.194.151.108,,,41505,443,0,37,17
1589249464.5288534,173.194.151.108,10.10.0.10,,,443,41505,0,1358,17
1589249464.5305,10.10.0.10,173.194.151.108,,,41505,443,0,37,17
1589249464.542824,173.194.151.108,10.10.0.10,,,443,41505,0,1358,17
1589249464.556797,173.194.151.108,10.10.0.10,,,443,41505,0,1358,17
1589249464.558346,10.10.0.10,173.194.151.108,,,41505,443,0,37,17
1589249464.570765,173.194.151.108,10.10.0.10,,,443,41505,0,1358,17
1589249464.584741,173.194.151.108,10.10.0.10,,,443,41505,0,1358,17
1589249464.586389,10.10.0.10,173.194.151.108,,,41505,443,0,37,17
1589249464.5987134,173.194.151.108,10.10.0.10,,,443,41505,0,1358,17
1589249464.6126842,173.194.151.108,10.10.0.10,,,443,41505,0,1358,17
1589249464.6142435,10.10.0.10,173.194.151.108,,,41505,443,0,37,17
1589249464.626655,173.194.151.108,10.10.0.10,,,443,41505,0,1358,17
1589249464.640646,173.194.151.108,10.10.0.10,,,443,41505,0,1358,17
1589249464.642388,10.10.0.10,173.194.151.108,,,41505,443,0,37,17
1589249464.6546018,173.194.151.108,10.10.0.10,,,443,41505,0,1358,17
1589249464.6685839,173.194.151.108,10.10.0.10,,,443,41505,0,1358,17
1589249464.6702418,10.10.0.10,173.194.151.108,,,41505,443,0,37,17
1589249464.6825464,173.194.151.108,10.10.0.10,,,443,41505,0,1358,17
1589249464.696521,173.194.151.108,10.10.0.10,,,443,41505,0,1358,17
1589249464.6982682,10.10.0.10,173.194.151.108,,,41505,443,0,37,17
1589249464.7104962,173.194.151.108,10.10.0.10,,,443,41505,0,1358,17
1589249464.7244642,173.194.151.108,10.10.0.10,,,443,41505,0,1358,17
1589249464.726009,10.10.0.10,173.194.151.108,,,41505,443,0,37,17
1589249464.73844,173.194.151.108,10.10.0.10,,,443,41505,0,1358,17
1589249464.752408,173.194.151.108,10.10.0.10,,,443,41505,0,1358,17
1589249464.7542589,10.10.0.10,173.194.151.108,,,41505,443,0,37,17
1589249464.766383,173.194.151.108,10.10.0.10,,,443,41505,0,1358,17
1589249464.78036,173.194.151.108,10.10.0.10,,,443,41505,0,1358,17
1589249464.782113,10.10.0.10,173.194.151.108,,,41505,443,0,37,17
1589249464.794345,173.194.151.108,10.10.0.10,,,443,41505,0,1358,17
1589249464.8083036,173.194.151.108,10.10.0.10,,,443,41505,0,1358,17
1589249464.810007,10.10.0.10,173.194.151.108,,,41505,443,0,37,17
1589249464.8222842,173.194.151.108,10.10.0.10,,,443,41505,0,1358,17
1589249464.836243,173.194.151.108,10.10.0.10,,,443,41505,0,1358,17
1589249464.8377562,10.10.0.10,173.194.151.108,,,41505,443,0,37,17
1589249464.850213,173.194.151.108,10.10.0.10,,,443,41505,0,1358,17
1589249464.864193,173.194.151.108,10.10.0.10,,,443,41505,0,1358,17
1589249464.8667572,10.10.0.10,173.194.151.108,,,41505,443,0,37,17
1589249464.878161,173.194.151.108,10.10.0.10,,,443,41505,0,1358,17
1589249464.892157,173.194.151.108,10.10.0.10,,,443,41505,0,1358,17
1589249464.894741,10.10.0.10,173.194.151.108,,,41505,443,0,37,17
1589249464.906108,173.194.151.108,10.10.0.10,,,443,41505,0,1358,17
1589249464.920094,173.194.151.108,10.10.0.10,,,443,41505,0,1358,17
1589249464.921736,10.10.0.10,173.194.151.108,,,41505,443,0,37,17
1589249464.934056,173.194.151.108,10.10.0.10,,,443,41505,0,1358,17
1589249464.9480329,173.194.151.108,10.10.0.10,,,443,41505,0,1358,17
1589249464.949482,10.10.0.10,173.194.151.108,,,41505,443,0,37,17
1589249464.962002,173.194.151.108,10.10.0.10,,,443,41505,0,1358,17
1589249464.9759688,173.194.151.108,10.10.0.10,,,443,41505,0,1358,17
1589249464.9776258,10.10.0.10,173.194.151.108,,,41505,443,0,37,17
1589249464.989944,173.194.151.108,10.10.0.10,,,443,41505,0,1358,17
1589249465.0039165,173.194.151.108,10.10.0.10,,,443,41505,0,1358,17
1589249465.0054839,10.10.0.10,173.194.151.108,,,41505,443,0,37,17
1589249465.0179038,173.194.151.108,10.10.0.10,,,443,41505,0,1358,17
1589249465.0318599,173.194.151.108,10.10.0.10,,,443,41505,0,1358,17
1589249465.0335972,10.10.0.10,173.194.151.108,,,41505,443,0,50,17
1589249465.045839,173.194.151.108,10.10.0.10,,,443,41505,0,1358,17
1589249465.0598052,173.194.151.108,10.10.0.10,,,443,41505,0,1358,17
1589249465.061598,10.10.0.10,173.194.151.108,,,41505,443,0,37,17
1589249465.0737786,173.194.151.108,10.10.0.10,,,443,41505,0,1358,17
1589249465.0877476,173.194.151.108,10.10.0.10,,,443,41505,0,1358,17
1589249465.089345,10.10.0.10,173.194.151.108,,,41505,443,0,37,17
1589249465.101722,173.194.151.108,10.10.0.10,,,443,41505,0,1358,17
1589249465.115709,173.194.151.108,10.10.0.10,,,443,41505,0,1358,17
1589249465.11747,10.10.0.10,173.194.151.108,,,41505,443,0,37,17
1589249465.1296668,173.194.151.108,10.10.0.10,,,443,41505,0,1358,17
1589249465.1436515,173.194.151.108,10.10.0.10,,,443,41505,0,1358,17
1589249465.145499,10.10.0.10,173.194.151.108,,,41505,443,0,37,17
1589249465.157614,173.194.151.108,10.10.0.10,,,443,41505,0,1358,17
1589249465.1715848,173.194.151.108,10.10.0.10,,,443,41505,0,1358,17
1589249465.1733706,10.10.0.10,173.194.151.108,,,41505,443,0,37,17
1589249465.185558,173.194.151.108,10.10.0.10,,,443,41505,0,1358,17
1589249465.199528,173.194.151.108,10.10.0.10,,,443,41505,0,1358,17
1589249465.201101,10.10.0.10,173.194.151.108,,,41505,443,0,37,17
1589249465.213521,173.194.151.108,10.10.0.10,,,443,41505,0,1358,17
1589249465.227474,173.194.151.108,10.10.0.10,,,443,41505,0,1358,17
1589249465.2293699,10.10.0.10,173.194.151.108,,,41505,443,0,37,17
1589249465.2414598,173.194.151.108,10.10.0.10,,,443,41505,0,1358,17
1589249465.2554202,173.194.151.108,10.10.0.10,,,443,41505,0,1358,17
1589249465.25709,10.10.0.10,173.194.151.108,,,41505,443,0,37,17
1589249465.26939,173.194.151.108,10.10.0.10,,,443,41505,0,1358,17
1589249465.283366,173.194.151.108,10.10.0.10,,,443,41505,0,1358,17
1589249465.28509,10.10.0.10,173.194.151.108,,,41505,443,0,37,17
1589249465.2973368,173.194.151.108,10.10.0.10,,,443,41505,0,1358,17
1589249465.311308,173.194.151.108,10.10.0.10,,,443,41505,0,1358,17
1589249465.312974,10.10.0.10,173.194.151.108,,,41505,443,0,37,17
1589249465.3252802,173.194.151.108,10.10.0.10,,,443,41505,0,1358,17
1589249465.3392668,173.194.151.108,10.10.0.10,,,443,41505,0,1358,17
1589249465.3409722,10.10.0.10,173.194.151.108,,,41505,443,0,37,17
1589249465.353226,173.194.151.108,10.10.0.10,,,443,41505,0,1358,17
1589249465.367206,173.194.151.108,10.10.0.10,,,443,41505,0,1358,17
1589249465.368848,10.10.0.10,173.194.151.108,,,41505,443,0,37,17
1589249465.38117,173.194.151.108,10.10.0.10,,,443,41505,0,1358,17
1589249465.395145,173.194.151.108,10.10.0.10,,,443,41505,0,1358,17
1589249465.396742,10.10.0.10,173.194.151.108,,,41505,443,0,37,17
1589249465.4095366,173.194.151.108,10.10.0.10,,,443,41505,0,1358,17
1589249465.4235182,173.194.151.108,10.10.0.10,,,443,41505,0,1358,17
1589249465.425094,10.10.0.10,173.194.151.108,,,41505,443,0,37,17
1589249465.43748,173.194.151.108,10.10.0.10,,,443,41505,0,1358,17
1589249465.4514544,173.194.151.108,10.10.0.10,,,443,41505,0,1358,17
1589249465.452959,10.10.0.10,173.194.151.108,,,41505,443,0,37,17
1589249465.465426,173.194.151.108,10.10.0.10,,,443,41505,0,1358,17
1589249465.479399,173.194.151.108,10.10.0.10,,,443,41505,0,1358,17
1589249465.483089,10.10.0.10,173.194.151.108,,,41505,443,0,37,17
1589249465.4933894,173.194.151.108,10.10.0.10,,,443,41505,0,1358,17
1589249465.5073464,173.194.151.108,10.10.0.10,,,443,41505,0,1358,17
1589249465.5092368,10.10.0.10,173.194.151.108,,,41505,443,0,37,17
1589249465.521325,173.194.151.108,10.10.0.10,,,443,41505,0,1358,17
1589249465.5352876,173.194.151.108,10.10.0.10,,,443,41505,0,1358,17
1589249465.5370915,10.10.0.10,173.194.151.108,,,41505,443,0,37,17
1589249465.549264,173.194.151.108,10.10.0.10,,,443,41505,0,1358,17
1589249465.56323,173.194.151.108,10.10.0.10,,,443,41505,0,1358,17
1589249465.565183,10.10.0.10,173.194.151.108,,,41505,443,0,37,17
1589249465.577207,173.194.151.108,10.10.0.10,,,443,41505,0,1358,17
1589249465.5911741,173.194.151.108,10.10.0.10,,,443,41505,0,1358,17
1589249465.5936108,10.10.0.10,173.194.151.108,,,41505,443,0,50,17
1589249465.605145,173.194.151.108,10.10.0.10,,,443,41505,0,1358,17
1589249465.619119,173.194.151.108,10.10.0.10,,,443,41505,0,1358,17
1589249465.6216738,10.10.0.10,173.194.151.108,,,41505,443,0,37,17
1589249465.63309,173.194.151.108,10.10.0.10,,,443,41505,0,1358,17
1589249465.647064,173.194.151.108,10.10.0.10,,,443,41505,0,1358,17
1589249465.648673,10.10.0.10,173.194.151.108,,,41505,443,0,37,17
1589249465.6610365,173.194.151.108,10.10.0.10,,,443,41505,0,1358,17
1589249465.675009,173.194.151.108,10.10.0.10,,,443,41505,0,1358,17
1589249465.676552,10.10.0.10,173.194.151.108,,,41505,443,0,37,17
1589249465.688994,173.194.151.108,10.10.0.10,,,443,41505,0,1358,17
1589249465.7029562,173.194.151.108,10.10.0.10,,,443,41505,0,1358,17
1589249465.7044852,10.10.0.10,173.194.151.108,,,41505,443,0,37,17
1589249465.716929,173.194.151.108,10.10.0.10,,,443,41505,0,1358,17
1589249465.730901,173.194.151.108,10.10.0.10,,,443,41505,0,1358,17
1589249465.7324526,10.10.0.10,173.194.151.108,,,41505,443,0,37,17
1589249465.7448828,173.194.151.108,10.10.0.10,,,443,41505,0,1358,17
1589249465.758846,173.194.151.108,10.10.0.10,,,443,41505,0,1358,17
1589249465.760345,10.10.0.10,173.194.151.108,,,41505,443,0,37,17
1589249465.7728188,173.194.151.108,10.10.0.10,,,443,41505,0,1358,17
1589249465.786793,173.194.151.108,10.10.0.10,,,443,41505,0,1358,17
1589249465.788336,10.10.0.10,173.194.151.108,,,41505,443,0,37,17
1589249465.8007634,173.194.151.108,10.10.0.10,,,443,41505,0,1358,17
1589249465.814754,173.194.151.108,10.10.0.10,,,443,41505,0,1358,17
1589249465.8164804,10.10.0.10,173.194.151.108,,,41505,443,0,37,17
1589249465.828711,173.194.151.108,10.10.0.10,,,443,41505,0,1358,17
1589249465.84269,173.194.151.108,10.10.0.10,,,443,41505,0,1358,17
1589249465.845979,10.10.0.10,173.194.151.108,,,41505,443,0,37,17
1589249465.8566544,173.194.151.108,10.10.0.10,,,443,41505,0,1358,17
1589249465.87063,173.194.151.108,10.10.0.10,,,443,41505,0,1358,17
1589249465.872977,10.10.0.10,173.194.151.108,,,41505,443,0,37,17
1589249465.884597,173.194.151.108,10.10.0.10,,,443,41505,0,1358,17
1589249465.8985698,173.194.151.108,10.10.0.10,,,443,41505,0,1358,17
1589249465.900072,10.10.0.10,173.194.151.108,,,41505,443,0,37,17
1589249465.912543,173.194.151.108,10.10.0.10,,,443,41505,0,1358,17
1589249465.9265132,173.194.151.108,10.10.0.10,,,443,41505,0,1358,17
1589249465.928231,10.10.0.10,173.194.151.108,,,41505,443,0,37,17
1589249465.9404864,173.194.151.108,10.10.0.10,,,443,41505,0,1358,17
1589249465.9544618,173.194.151.108,10.10.0.10,,,443,41505,0,1358,17
1589249465.956206,10.10.0.10,173.194.151.108,,,41505,443,0,37,17
1589249465.968439,173.194.151.108,10.10.0.10,,,443,41505,0,1358,17
1589249465.9824052,173.194.151.108,10.10.0.10,,,443,41505,0,1358,17
1589249465.9843519,10.10.0.10,173.194.151.108,,,41505,443,0,37,17
1589249465.996379,173.194.151.108,10.10.0.10,,,443,41505,0,1358,17
1589249466.0103722,173.194.151.108,10.10.0.10,,,443,41505,0,1358,17
1589249466.0119548,10.10.0.10,173.194.151.108,,,41505,443,0,37,17
1589249466.024323,173.194.151.108,10.10.0.10,,,443,41505,0,1358,17
1589249466.038312,173.194.151.108,10.10.0.10,,,443,41505,0,1358,17
1589249466.0522692,173.194.151.108,10.10.0.10,,,443,41505,0,1358,17
1589249466.052727,10.10.0.10,173.194.151.108,,,41505,443,0,37,17
1589249466.0662498,173.194.151.108,10.10.0.10,,,443,41505,0,1358,17
1589249466.0678525,10.10.0.10,173.194.151.108,,,41505,443,0,37,17
1589249466.0802062,173.194.151.108,10.10.0.10,,,443,41505,0,1358,17
1589249466.094183,173.194.151.108,10.10.0.10,,,443,41505,0,1358,17
1589249466.0960748,10.10.0.10,173.194.151.108,,,41505,443,0,37,17
1589249466.1081548,173.194.151.108,10.10.0.10,,,443,41505,0,1358,17
1589249466.1221302,173.194.151.108,10.10.0.10,,,443,41505,0,1358,17
1589249466.123971,10.10.0.10,173.194.151.108,,,41505,443,0,37,17
1589249466.136121,173.194.151.108,10.10.0.10,,,443,41505,0,1358,17
1589249466.150074,173.194.151.108,10.10.0.10,,,443,41505,0,1358,17
1589249466.1532,10.10.0.10,173.194.151.108,,,41505,443,0,50,17
1589249466.164043,173.194.151.108,10.10.0.10,,,443,41505,0,1358,17
1589249466.1780198,173.194.151.108,10.10.0.10,,,443,41505,0,1358,17
1589249466.1820722,10.10.0.10,173.194.151.108,,,41505,443,0,37,17
1589249466.191993,173.194.151.108,10.10.0.10,,,443,41505,0,598,17
1589249466.198336,173.194.151.108,10.10.0.10,,,443,41505,0,29,17
1589249466.252342,10.10.0.10,173.194.151.108,,,41505,443,0,37,17
1589249467.1543212,10.10.0.10,173.194.151.108,,,41505,443,0,723,17
1589249467.1543572,10.10.0.10,173.194.151.108,,,41505,443,0,48,17
1589249467.158798,173.194.151.108,10.10.0.10,,,443,41505,0,358,17
1589249467.158835,173.194.151.108,10.10.0.10,,,443,41505,0,1358,17
1589249467.160564,10.10.0.10,173.194.151.108,,,41505,443,0,37,17
1589249467.160657,173.194.151.108,10.10.0.10,,,443,41505,0,1358,17
1589249467.174634,173.194.151.108,10.10.0.10,,,443,41505,0,1358,17
1589249467.177438,10.10.0.10,173.194.151.108,,,41505,443,0,37,17
1589249467.188601,173.194.151.108,10.10.0.10,,,443,41505,0,1358,17
1589249467.20259,173.194.151.108,10.10.0.10,,,443,41505,0,1358,17
1589249467.204442,10.10.0.10,173.194.151.108,,,41505,443,0,37,17
1589249467.2165446,173.194.151.108,10.10.0.10,,,443,41505,0,1358,17
1589249467.230525,173.194.151.108,10.10.0.10,,,443,41505,0,1358,17
1589249467.2323134,10.10.0.10,173.194.151.108,,,41505,443,0,37,17
1589249467.2444909,173.194.151.108,10.10.0.10,,,443,41505,0,1358,17
1589249467.258466,173.194.151.108,10.10.0.10,,,443,41505,0,1358,17
1589249467.2601712,10.10.0.10,173.194.151.108,,,41505,443,0,37,17
1589249467.272432,173.194.151.108,10.10.0.10,,,443,41505,0,1358,17
1589249467.286405,173.194.151.108,10.10.0.10,,,443,41505,0,1358,17
1589249467.2881868,10.10.0.10,173.194.151.108,,,41505,443,0,37,17
1589249467.300383,173.194.151.108,10.10.0.10,,,443,41505,0,1358,17
1589249467.31435,173.194.151.108,10.10.0.10,,,443,41505,0,1358,17
1589249467.316041,10.10.0.10,173.194.151.108,,,41505,443,0,37,17
1589249467.3283384,173.194.151.108,10.10.0.10,,,443,41505,0,1358,17
1589249467.342297,173.194.151.108,10.10.0.10,,,443,41505,0,1358,17
1589249467.3440409,10.10.0.10,173.194.151.108,,,41505,443,0,37,17
1589249467.356272,173.194.151.108,10.10.0.10,,,443,41505,0,1358,17
1589249467.3702428,173.194.151.108,10.10.0.10,,,443,41505,0,1358,17
1589249467.3722908,10.10.0.10,173.194.151.108,,,41505,443,0,37,17
1589249467.384215,173.194.151.108,10.10.0.10,,,443,41505,0,1358,17
1589249467.398208,173.194.151.108,10.10.0.10,,,443,41505,0,1358,17
1589249467.399914,10.10.0.10,173.194.151.108,,,41505,443,0,37,17
1589249467.41216,173.194.151.108,10.10.0.10,,,443,41505,0,1358,17
1589249467.426146,173.194.151.108,10.10.0.10,,,443,41505,0,1358,17
1589249467.427778,10.10.0.10,173.194.151.108,,,41505,443,0,37,17
1589249467.4401028,173.194.151.108,10.10.0.10,,,443,41505,0,1358,17
1589249467.454084,173.194.151.108,10.10.0.10,,,443,41505,0,1358,17
1589249467.455808,10.10.0.10,173.194.151.108,,,41505,443,0,37,17
1589249467.4680452,173.194.151.108,10.10.0.10,,,443,41505,0,1358,17
1589249467.48202,173.194.151.108,10.10.0.10,,,443,41505,0,1358,17
1589249467.484805,10.10.0.10,173.194.151.108,,,41505,443,0,37,17
1589249467.49599,173.194.151.108,10.10.0.10,,,443,41505,0,1358,17
1589249467.5099642,173.194.151.108,10.10.0.10,,,443,41505,0,1358,17
1589249467.512003,10.10.0.10,173.194.151.108,,,41505,443,0,37,17
1589249467.5239556,173.194.151.108,10.10.0.10,,,443,41505,0,1358,17
1589249467.53791,173.194.151.108,10.10.0.10,,,443,41505,0,1358,17
1589249467.5396602,10.10.0.10,173.194.151.108,,,41505,443,0,37,17
1589249467.5518909,173.194.151.108,10.10.0.10,,,443,41505,0,1358,17
1589249467.5658526,173.194.151.108,10.10.0.10,,,443,41505,0,1358,17
1589249467.567683,10.10.0.10,173.194.151.108,,,41505,443,0,37,17
1589249467.5798302,173.194.151.108,10.10.0.10,,,443,41505,0,1358,17
1589249467.593801,173.194.151.108,10.10.0.10,,,443,41505,0,1358,17
1589249467.595403,10.10.0.10,173.194.151.108,,,41505,443,0,37,17
1589249467.607767,173.194.151.108,10.10.0.10,,,443,41505,0,1358,17
1589249467.621744,173.194.151.108,10.10.0.10,,,443,41505,0,1358,17
1589249467.623416,10.10.0.10,173.194.151.108,,,41505,443,0,37,17
1589249467.6357148,173.194.151.108,10.10.0.10,,,443,41505,0,1358,17
1589249467.6496859,173.194.151.108,10.10.0.10,,,443,41505,0,1358,17
1589249467.651934,10.10.0.10,173.194.151.108,,,41505,443,0,37,17
1589249467.663668,173.194.151.108,10.10.0.10,,,443,41505,0,1358,17
1589249467.6776302,173.194.151.108,10.10.0.10,,,443,41505,0,1358,17
1589249467.6793635,10.10.0.10,173.194.151.108,,,41505,443,0,50,17
1589249467.691605,173.194.151.108,10.10.0.10,,,443,41505,0,1358,17
1589249467.7055721,173.194.151.108,10.10.0.10,,,443,41505,0,1358,17
1589249467.7073698,10.10.0.10,173.194.151.108,,,41505,443,0,37,17
1589249467.7195618,173.194.151.108,10.10.0.10,,,443,41505,0,1358,17
1589249467.733521,173.194.151.108,10.10.0.10,,,443,41505,0,1358,17
1589249467.735154,10.10.0.10,173.194.151.108,,,41505,443,0,37,17
1589249467.74749,173.194.151.108,10.10.0.10,,,443,41505,0,1358,17
1589249467.761467,173.194.151.108,10.10.0.10,,,443,41505,0,1358,17
1589249467.763404,10.10.0.10,173.194.151.108,,,41505,443,0,37,17
1589249467.775449,173.194.151.108,10.10.0.10,,,443,41505,0,1358,17
1589249467.7894142,173.194.151.108,10.10.0.10,,,443,41505,0,1358,17
1589249467.792528,10.10.0.10,173.194.151.108,,,41505,443,0,37,17
1589249467.8033788,173.194.151.108,10.10.0.10,,,443,41505,0,1358,17
1589249467.817356,173.194.151.108,10.10.0.10,,,443,41505,0,1358,17
1589249467.819025,10.10.0.10,173.194.151.108,,,41505,443,0,37,17
1589249467.831328,173.194.151.108,10.10.0.10,,,443,41505,0,1358,17
1589249467.84532,173.194.151.108,10.10.0.10,,,443,41505,0,1358,17
1589249467.8470454,10.10.0.10,173.194.151.108,,,41505,443,0,37,17
1589249467.859277,173.194.151.108,10.10.0.10,,,443,41505,0,1358,17
1589249467.8732588,173.194.151.108,10.10.0.10,,,443,41505,0,1358,17
1589249467.8750439,10.10.0.10,173.194.151.108,,,41505,443,0,37,17
1589249467.887219,173.194.151.108,10.10.0.10,,,443,41505,0,1358,17
1589249467.9011962,173.194.151.108,10.10.0.10,,,443,41505,0,1358,17
1589249467.902774,10.10.0.10,173.194.151.108,,,41505,443,0,37,17
1589249467.9151628,173.194.151.108,10.10.0.10,,,443,41505,0,1358,17
1589249467.929137,173.194.151.108,10.10.0.10,,,443,41505,0,1358,17
1589249467.9307642,10.10.0.10,173.194.151.108,,,41505,443,0,37,17
1589249467.94311,173.194.151.108,10.10.0.10,,,443,41505,0,1358,17
1589249467.9570804,173.194.151.108,10.10.0.10,,,443,41505,0,1358,17
1589249467.958792,10.10.0.10,173.194.151.108,,,41505,443,0,37,17
1589249467.971066,173.194.151.108,10.10.0.10,,,443,41505,0,1358,17
1589249467.9850268,173.194.151.108,10.10.0.10,,,443,41505,0,1358,17
1589249467.986619,10.10.0.10,173.194.151.108,,,41505,443,0,37,17
1589249467.999003,173.194.151.108,10.10.0.10,,,443,41505,0,1358,17
1589249468.01297,173.194.151.108,10.10.0.10,,,443,41505,0,1358,17
1589249468.015146,10.10.0.10,173.194.151.108,,,41505,443,0,37,17
1589249468.0269492,173.194.151.108,10.10.0.10,,,443,41505,0,1358,17
1589249468.0409381,173.194.151.108,10.10.0.10,,,443,41505,0,1358,17
1589249468.0441802,10.10.0.10,173.194.151.108,,,41505,443,0,37,17
1589249468.0548868,173.194.151.108,10.10.0.10,,,443,41505,0,1358,17
1589249468.068873,173.194.151.108,10.10.0.10,,,443,41505,0,1358,17
1589249468.070648,10.10.0.10,173.194.151.108,,,41505,443,0,37,17
1589249468.082833,173.194.151.108,10.10.0.10,,,443,41505,0,1358,17
1589249468.096815,173.194.151.108,10.10.0.10,,,443,41505,0,1358,17
1589249468.100158,10.10.0.10,173.194.151.108,,,41505,443,0,37,17
1589249468.1107779,173.194.151.108,10.10.0.10,,,443,41505,0,1358,17
1589249468.1247482,173.194.151.108,10.10.0.10,,,443,41505,0,1358,17
1589249468.12641,10.10.0.10,173.194.151.108,,,41505,443,0,37,17
1589249468.1387222,173.194.151.108,10.10.0.10,,,443,41505,0,1358,17
1589249468.152694,173.194.151.108,10.10.0.10,,,443,41505,0,1358,17
1589249468.154396,10.10.0.10,173.194.151.108,,,41505,443,0,37,17
1589249468.166661,173.194.151.108,10.10.0.10,,,443,41505,0,1358,17
1589249468.180639,173.194.151.108,10.10.0.10,,,443,41505,0,1358,17
1589249468.183782,10.10.0.10,173.194.151.108,,,41505,443,0,37,17
1589249468.194606,173.194.151.108,10.10.0.10,,,443,41505,0,1358,17
1589249468.208585,173.194.151.108,10.10.0.10,,,443,41505,0,1358,17
1589249468.210263,10.10.0.10,173.194.151.108,,,41505,443,0,37,17
1589249468.222556,173.194.151.108,10.10.0.10,,,443,41505,0,1358,17
1589249468.2365308,173.194.151.108,10.10.0.10,,,443,41505,0,1358,17
1589249468.238285,10.10.0.10,173.194.151.108,,,41505,443,0,50,17
1589249468.2505012,173.194.151.108,10.10.0.10,,,443,41505,0,1358,17
1589249468.264473,173.194.151.108,10.10.0.10,,,443,41505,0,1358,17
1589249468.266512,10.10.0.10,173.194.151.108,,,41505,443,0,37,17
1589249468.278445,173.194.151.108,10.10.0.10,,,443,41505,0,1358,17
1589249468.292435,173.194.151.108,10.10.0.10,,,443,41505,0,1358,17
1589249468.296783,10.10.0.10,173.194.151.108,,,41505,443,0,37,17
1589249468.30639,173.194.151.108,10.10.0.10,,,443,41505,0,1358,17
1589249468.32037,173.194.151.108,10.10.0.10,,,443,41505,0,1358,17
1589249468.3222852,10.10.0.10,173.194.151.108,,,41505,443,0,37,17
1589249468.3343349,173.194.151.108,10.10.0.10,,,443,41505,0,1358,17
1589249468.348306,173.194.151.108,10.10.0.10,,,443,41505,0,1358,17
1589249468.3499038,10.10.0.10,173.194.151.108,,,41505,443,0,37,17
1589249468.362278,173.194.151.108,10.10.0.10,,,443,41505,0,1358,17
1589249468.376255,173.194.151.108,10.10.0.10,,,443,41505,0,1358,17
1589249468.3788838,10.10.0.10,173.194.151.108,,,41505,443,0,37,17
1589249468.390241,173.194.151.108,10.10.0.10,,,443,41505,0,1358,17
1589249468.4041972,173.194.151.108,10.10.0.10,,,443,41505,0,1358,17
1589249468.4073565,10.10.0.10,173.194.151.108,,,41505,443,0,37,17
1589249468.418176,173.194.151.108,10.10.0.10,,,443,41505,0,1358,17
1589249468.432144,173.194.151.108,10.10.0.10,,,443,41505,0,1358,17
1589249468.434132,10.10.0.10,173.194.151.108,,,41505,443,0,37,17
1589249468.4461148,173.194.151.108,10.10.0.10,,,443,41505,0,1358,17
1589249468.4600868,173.194.151.108,10.10.0.10,,,443,41505,0,1358,17
1589249468.461902,10.10.0.10,173.194.151.108,,,41505,443,0,37,17
1589249468.47406,173.194.151.108,10.10.0.10,,,443,41505,0,1358,17
1589249468.4880538,173.194.151.108,10.10.0.10,,,443,41505,0,1358,17
1589249468.4899,10.10.0.10,173.194.151.108,,,41505,443,0,37,17
1589249468.502009,173.194.151.108,10.10.0.10,,,443,41505,0,1358,17
1589249468.515975,173.194.151.108,10.10.0.10,,,443,41505,0,1358,17
1589249468.5181308,10.10.0.10,173.194.151.108,,,41505,443,0,37,17
1589249468.5299482,173.194.151.108,10.10.0.10,,,443,41505,0,1358,17
1589249468.543928,173.194.151.108,10.10.0.10,,,443,41505,0,1358,17
1589249468.545648,10.10.0.10,173.194.151.108,,,41505,443,0,37,17
1589249468.5578964,173.194.151.108,10.10.0.10,,,443,41505,0,1358,17
1589249468.5718749,173.194.151.108,10.10.0.10,,,443,41505,0,1358,17
1589249468.5767572,10.10.0.10,173.194.151.108,,,41505,443,0,37,17
1589249468.585838,173.194.151.108,10.10.0.10,,,443,41505,0,1358,17
1589249468.599809,173.194.151.108,10.10.0.10,,,443,41505,0,1358,17
1589249468.6017478,10.10.0.10,173.194.151.108,,,41505,443,0,37,17
1589249468.613775,173.194.151.108,10.10.0.10,,,443,41505,0,1358,17
1589249468.627759,173.194.151.108,10.10.0.10,,,443,41505,0,1358,17
1589249468.629637,10.10.0.10,173.194.151.108,,,41505,443,0,37,17
1589249468.6434212,173.194.151.108,10.10.0.10,,,443,41505,0,1358,17
1589249468.657375,173.194.151.108,10.10.0.10,,,443,41505,0,1358,17
1589249468.659007,10.10.0.10,173.194.151.108,,,41505,443,0,37,17
1589249468.671358,173.194.151.108,10.10.0.10,,,443,41505,0,1358,17
1589249468.68532,173.194.151.108,10.10.0.10,,,443,41505,0,1358,17
1589249468.687022,10.10.0.10,173.194.151.108,,,41505,443,0,37,17
1589249468.6992881,173.194.151.108,10.10.0.10,,,443,41505,0,1358,17
1589249468.713263,173.194.151.108,10.10.0.10,,,443,41505,0,1358,17
1589249468.7165902,10.10.0.10,173.194.151.108,,,41505,443,0,37,17
1589249468.7291224,173.194.151.108,10.10.0.10,,,443,41505,0,1358,17
1589249468.7437592,173.194.151.108,10.10.0.10,,,443,41505,0,1358,17
1589249468.745394,10.10.0.10,173.194.151.108,,,41505,443,0,37,17
1589249468.757733,173.194.151.108,10.10.0.10,,,443,41505,0,1358,17
1589249468.771706,173.194.151.108,10.10.0.10,,,443,41505,0,1358,17
1589249468.773366,10.10.0.10,173.194.151.108,,,41505,443,0,37,17
1589249468.785678,173.194.151.108,10.10.0.10,,,443,41505,0,1358,17
1589249468.799667,173.194.151.108,10.10.0.10,,,443,41505,0,1358,17
1589249468.8012679,10.10.0.10,173.194.151.108,,,41505,443,0,50,17
1589249468.814285,173.194.151.108,10.10.0.10,,,443,41505,0,1358,17
1589249468.8282561,173.194.151.108,10.10.0.10,,,443,41505,0,1358,17
1589249468.829888,10.10.0.10,173.194.151.108,,,41505,443,0,37,17
1589249468.84223,173.194.151.108,10.10.0.10,,,443,41505,0,1358,17
1589249468.8562028,173.194.151.108,10.10.0.10,,,443,41505,0,1358,17
1589249468.857871,10.10.0.10,173.194.151.108,,,41505,443,0,37,17
1589249468.8701742,173.194.151.108,10.10.0.10,,,443,41505,0,1358,17
1589249468.884165,173.194.151.108,10.10.0.10,,,443,41505,0,29,17
1589249468.884792,173.194.151.108,10.10.0.10,,,443,41505,0,1358,17
1589249468.886994,10.10.0.10,173.194.151.108,,,41505,443,0,37,17
1589249468.898753,173.194.151.108,10.10.0.10,,,443,41505,0,1358,17
1589249468.91273,173.194.151.108,10.10.0.10,,,443,41505,0,1358,17
1589249468.9158988,10.10.0.10,173.194.151.108,,,41505,443,0,37,17
1589249468.926699,173.194.151.108,10.10.0.10,,,443,41505,0,1358,17
1589249468.9423509,173.194.151.108,10.10.0.10,,,443,41505,0,1358,17
1589249468.944993,10.10.0.10,173.194.151.108,,,41505,443,0,37,17
1589249468.956318,173.194.151.108,10.10.0.10,,,443,41505,0,1358,17
1589249468.970294,173.194.151.108,10.10.0.10,,,443,41505,0,1358,17
1589249468.9728668,10.10.0.10,173.194.151.108,,,41505,443,0,37,17
1589249468.984262,173.194.151.108,10.10.0.10,,,443,41505,0,1358,17
1589249468.998235,173.194.151.108,10.10.0.10,,,443,41505,0,1358,17
1589249469.000118,10.10.0.10,173.194.151.108,,,41505,443,0,37,17
1589249469.012202,173.194.151.108,10.10.0.10,,,443,41505,0,1358,17
1589249469.0261786,173.194.151.108,10.10.0.10,,,443,41505,0,1358,17
1589249469.02776,10.10.0.10,173.194.151.108,,,41505,443,0,37,17
1589249469.0401652,173.194.151.108,10.10.0.10,,,443,41505,0,1358,17
1589249469.054126,173.194.151.108,10.10.0.10,,,443,41505,0,1358,17
1589249469.055884,10.10.0.10,173.194.151.108,,,41505,443,0,37,17
1589249469.0680964,173.194.151.108,10.10.0.10,,,443,41505,0,1358,17
1589249469.0820696,173.194.151.108,10.10.0.10,,,443,41505,0,1358,17
1589249469.083863,10.10.0.10,173.194.151.108,,,41505,443,0,37,17
1589249469.0960429,173.194.151.108,10.10.0.10,,,443,41505,0,1358,17
1589249469.110033,173.194.151.108,10.10.0.10,,,443,41505,0,1358,17
1589249469.11196,10.10.0.10,173.194.151.108,,,41505,443,0,37,17
1589249469.123987,173.194.151.108,10.10.0.10,,,443,41505,0,1358,17
1589249469.137954,173.194.151.108,10.10.0.10,,,443,41505,0,1358,17
1589249469.1396372,10.10.0.10,173.194.151.108,,,41505,443,0,37,17
1589249469.151942,173.194.151.108,10.10.0.10,,,443,41505,0,1358,17
1589249469.165909,173.194.151.108,10.10.0.10,,,443,41505,0,1358,17
1589249469.167611,10.10.0.10,173.194.151.108,,,41505,443,0,37,17
1589249469.179877,173.194.151.108,10.10.0.10,,,443,41505,0,1358,17
1589249469.1938488,173.194.151.108,10.10.0.10,,,443,41505,0,1358,17
1589249469.1953788,10.10.0.10,173.194.151.108,,,41505,443,0,37,17
1589249469.2078214,173.194.151.108,10.10.0.10,,,443,41505,0,1358,17
1589249469.2217948,173.194.151.108,10.10.0.10,,,443,41505,0,1358,17
1589249469.2258532,10.10.0.10,173.194.151.108,,,41505,443,0,37,17
1589249469.2357812,173.194.151.108,10.10.0.10,,,443,41505,0,1358,17
1589249469.249738,173.194.151.108,10.10.0.10,,,443,41505,0,1358,17
1589249469.2516088,10.10.0.10,173.194.151.108,,,41505,443,0,37,17
1589249469.2654028,173.194.151.108,10.10.0.10,,,443,41505,0,1358,17
1589249469.279361,173.194.151.108,10.10.0.10,,,443,41505,0,1358,17
1589249469.280982,10.10.0.10,173.194.151.108,,,41505,443,0,37,17
1589249469.2933412,173.194.151.108,10.10.0.10,,,443,41505,0,1358,17
1589249469.307304,173.194.151.108,10.10.0.10,,,443,41505,0,1358,17
1589249469.32128,173.194.151.108,10.10.0.10,,,443,41505,0,1358,17
1589249469.3228588,10.10.0.10,173.194.151.108,,,41505,443,0,37,17
1589249469.33525,173.194.151.108,10.10.0.10,,,443,41505,0,1358,17
1589249469.336981,10.10.0.10,173.194.151.108,,,41505,443,0,37,17
1589249469.3492212,173.194.151.108,10.10.0.10,,,443,41505,0,1358,17
1589249469.363199,173.194.151.108,10.10.0.10,,,443,41505,0,1358,17
1589249469.366106,10.10.0.10,173.194.151.108,,,41505,443,0,50,17
1589249469.377169,173.194.151.108,10.10.0.10,,,443,41505,0,1358,17
1589249469.3911538,173.194.151.108,10.10.0.10,,,443,41505,0,1358,17
1589249469.392752,10.10.0.10,173.194.151.108,,,41505,443,0,37,17
1589249469.405112,173.194.151.108,10.10.0.10,,,443,41505,0,1358,17
1589249469.419092,173.194.151.108,10.10.0.10,,,443,41505,0,1358,17
1589249469.4208732,10.10.0.10,173.194.151.108,,,41505,443,0,37,17
1589249469.433057,173.194.151.108,10.10.0.10,,,443,41505,0,1358,17
1589249469.44703,173.194.151.108,10.10.0.10,,,443,41505,0,1358,17
1589249469.452749,10.10.0.10,173.194.151.108,,,41505,443,0,37,17
1589249469.461023,173.194.151.108,10.10.0.10,,,443,41505,0,1358,17
1589249469.4749732,173.194.151.108,10.10.0.10,,,443,41505,0,1358,17
1589249469.47675,10.10.0.10,173.194.151.108,,,41505,443,0,37,17
1589249469.48896,173.194.151.108,10.10.0.10,,,443,41505,0,1358,17
1589249469.502918,173.194.151.108,10.10.0.10,,,443,41505,0,1358,17
1589249469.505623,10.10.0.10,173.194.151.108,,,41505,443,0,37,17
1589249469.5168989,173.194.151.108,10.10.0.10,,,443,41505,0,1358,17
1589249469.5308616,173.194.151.108,10.10.0.10,,,443,41505,0,1358,17
1589249469.533601,10.10.0.10,173.194.151.108,,,41505,443,0,37,17
1589249469.5448349,173.194.151.108,10.10.0.10,,,443,41505,0,1358,17
1589249469.558808,173.194.151.108,10.10.0.10,,,443,41505,0,1358,17
1589249469.560622,10.10.0.10,173.194.151.108,,,41505,443,0,37,17
1589249469.5727801,173.194.151.108,10.10.0.10,,,443,41505,0,1358,17
1589249469.5867708,173.194.151.108,10.10.0.10,,,443,41505,0,1358,17
1589249469.5884762,10.10.0.10,173.194.151.108,,,41505,443,0,37,17
1589249469.6007252,173.194.151.108,10.10.0.10,,,443,41505,0,1358,17
1589249469.6146908,173.194.151.108,10.10.0.10,,,443,41505,0,1358,17
1589249469.6163251,10.10.0.10,173.194.151.108,,,41505,443,0,37,17
1589249469.628673,173.194.151.108,10.10.0.10,,,443,41505,0,1358,17
1589249469.642642,173.194.151.108,10.10.0.10,,,443,41505,0,1358,17
1589249469.6441958,10.10.0.10,173.194.151.108,,,41505,443,0,37,17
1589249469.656612,173.194.151.108,10.10.0.10,,,443,41505,0,1358,17
1589249469.6705885,173.194.151.108,10.10.0.10,,,443,41505,0,1358,17
1589249469.6778526,10.10.0.10,173.194.151.108,,,41505,443,0,37,17
1589249469.6845589,173.194.151.108,10.10.0.10,,,443,41505,0,1358,17
1589249469.698533,173.194.151.108,10.10.0.10,,,443,41505,0,1358,17
1589249469.6999626,10.10.0.10,173.194.151.108,,,41505,443,0,37,17
1589249469.712502,173.194.151.108,10.10.0.10,,,443,41505,0,1358,17
1589249469.7264762,173.194.151.108,10.10.0.10,,,443,41505,0,1358,17
1589249469.728184,10.10.0.10,173.194.151.108,,,41505,443,0,37,17
1589249469.7404444,173.194.151.108,10.10.0.10,,,443,41505,0,1358,17
1589249469.7544222,173.194.151.108,10.10.0.10,,,443,41505,0,1358,17
1589249469.7560759,10.10.0.10,173.194.151.108,,,41505,443,0,37,17
1589249469.768392,173.194.151.108,10.10.0.10,,,443,41505,0,1358,17
1589249469.7823641,173.194.151.108,10.10.0.10,,,443,41505,0,1358,17
1589249469.7839556,10.10.0.10,173.194.151.108,,,41505,443,0,37,17
1589249469.796336,173.194.151.108,10.10.0.10,,,443,41505,0,1358,17
1589249469.810324,173.194.151.108,10.10.0.10,,,443,41505,0,1358,17
1589249469.8119519,10.10.0.10,173.194.151.108,,,41505,443,0,37,17
1589249469.824282,173.194.151.108,10.10.0.10,,,443,41505,0,1358,17
1589249469.8382561,173.194.151.108,10.10.0.10,,,443,41505,0,1358,17
1589249469.841219,10.10.0.10,173.194.151.108,,,41505,443,0,37,17
1589249469.8522286,173.194.151.108,10.10.0.10,,,443,41505,0,1358,17
1589249469.8662045,173.194.151.108,10.10.0.10,,,443,41505,0,1358,17
1589249469.8681052,10.10.0.10,173.194.151.108,,,41505,443,0,37,17
1589249469.8801732,173.194.151.108,10.10.0.10,,,443,41505,0,1358,17
1589249469.894145,173.194.151.108,10.10.0.10,,,443,41505,0,1358,17
1589249469.8958435,10.10.0.10,173.194.151.108,,,41505,443,0,37,17
1589249469.908136,173.194.151.108,10.10.0.10,,,443,41505,0,1358,17
1589249469.9220884,173.194.151.108,10.10.0.10,,,443,41505,0,1358,17
1589249469.923859,10.10.0.10,173.194.151.108,,,41505,443,0,50,17
1589249469.9360561,173.194.151.108,10.10.0.10,,,443,41505,0,1358,17
1589249469.950034,173.194.151.108,10.10.0.10,,,443,41505,0,1358,17
1589249469.951736,10.10.0.10,173.194.151.108,,,41505,443,0,37,17
1589249469.9640052,173.194.151.108,10.10.0.10,,,443,41505,0,1358,17
1589249469.977981,173.194.151.108,10.10.0.10,,,443,41505,0,1358,17
1589249469.9804974,10.10.0.10,173.194.151.108,,,41505,443,0,37,17
1589249469.991953,173.194.151.108,10.10.0.10,,,443,41505,0,1358,17
1589249470.005926,173.194.151.108,10.10.0.10,,,443,41505,0,29,17
1589249470.0065699,173.194.151.108,10.10.0.10,,,443,41505,0,1358,17
1589249470.008088,10.10.0.10,173.194.151.108,,,41505,443,0,37,17
1589249470.02053,173.194.151.108,10.10.0.10,,,443,41505,0,1358,17
1589249470.03451,173.194.151.108,10.10.0.10,,,443,41505,0,1358,17
1589249470.036232,10.10.0.10,173.194.151.108,,,41505,443,0,37,17
1589249470.0484679,173.194.151.108,10.10.0.10,,,443,41505,0,1358,17
1589249470.0624454,173.194.151.108,10.10.0.10,,,443,41505,0,1358,17
1589249470.0640864,10.10.0.10,173.194.151.108,,,41505,443,0,37,17
1589249470.076417,173.194.151.108,10.10.0.10,,,443,41505,0,1358,17
1589249470.0903912,173.194.151.108,10.10.0.10,,,443,41505,0,1358,17
1589249470.092084,10.10.0.10,173.194.151.108,,,41505,443,0,37,17
1589249470.104381,173.194.151.108,10.10.0.10,,,443,41505,0,1358,17
1589249470.118335,173.194.151.108,10.10.0.10,,,443,41505,0,1358,17
1589249470.120107,10.10.0.10,173.194.151.108,,,41505,443,0,37,17
1589249470.132317,173.194.151.108,10.10.0.10,,,443,41505,0,1358,17
1589249470.1462786,173.194.151.108,10.10.0.10,,,443,41505,0,1358,17
1589249470.1481054,10.10.0.10,173.194.151.108,,,41505,443,0,37,17
1589249470.1602569,173.194.151.108,10.10.0.10,,,443,41505,0,1358,17
1589249470.1742241,173.194.151.108,10.10.0.10,,,443,41505,0,1358,17
1589249470.1760876,10.10.0.10,173.194.151.108,,,41505,443,0,37,17
1589249470.188198,173.194.151.108,10.10.0.10,,,443,41505,0,1358,17
1589249470.2021706,173.194.151.108,10.10.0.10,,,443,41505,0,1358,17
1589249470.2038329,10.10.0.10,173.194.151.108,,,41505,443,0,37,17
1589249470.2161422,173.194.151.108,10.10.0.10,,,443,41505,0,1358,17
1589249470.2301269,173.194.151.108,10.10.0.10,,,443,41505,0,1358,17
1589249470.231975,10.10.0.10,173.194.151.108,,,41505,443,0,37,17
1589249470.2440894,173.194.151.108,10.10.0.10,,,443,41505,0,1358,17
1589249470.258063,173.194.151.108,10.10.0.10,,,443,41505,0,1358,17
1589249470.259696,10.10.0.10,173.194.151.108,,,41505,443,0,37,17
1589249470.272033,173.194.151.108,10.10.0.10,,,443,41505,0,1358,17
1589249470.286007,173.194.151.108,10.10.0.10,,,443,41505,0,1358,17
1589249470.2891068,10.10.0.10,173.194.151.108,,,41505,443,0,37,17
1589249470.299979,173.194.151.108,10.10.0.10,,,443,41505,0,1358,17
1589249470.313947,173.194.151.108,10.10.0.10,,,443,41505,0,1358,17
1589249470.315578,10.10.0.10,173.194.151.108,,,41505,443,0,37,17
1589249470.327937,173.194.151.108,10.10.0.10,,,443,41505,0,1358,17
1589249470.341896,173.194.151.108,10.10.0.10,,,443,41505,0,1358,17
1589249470.343841,10.10.0.10,173.194.151.108,,,41505,443,0,37,17
1589249470.3558748,173.194.151.108,10.10.0.10,,,443,41505,0,1358,17
1589249470.3698409,173.194.151.108,10.10.0.10,,,443,41505,0,1358,17
1589249470.371721,10.10.0.10,173.194.151.108,,,41505,443,0,37,17
1589249470.3838098,173.194.151.108,10.10.0.10,,,443,41505,0,1358,17
1589249470.397783,173.194.151.108,10.10.0.10,,,443,41505,0,1358,17
1589249470.399317,10.10.0.10,173.194.151.108,,,41505,443,0,37,17
1589249470.4117546,173.194.151.108,10.10.0.10,,,443,41505,0,1358,17
1589249470.425744,173.194.151.108,10.10.0.10,,,443,41505,0,1358,17
1589249470.4273438,10.10.0.10,173.194.151.108,,,41505,443,0,37,17
1589249470.4397,173.194.151.108,10.10.0.10,,,443,41505,0,1358,17
1589249470.453683,173.194.151.108,10.10.0.10,,,443,41505,0,1358,17
1589249470.455441,10.10.0.10,173.194.151.108,,,41505,443,0,37,17
1589249470.4676445,173.194.151.108,10.10.0.10,,,443,41505,0,1358,17
1589249470.4816122,173.194.151.108,10.10.0.10,,,443,41505,0,1358,17
1589249470.4833481,10.10.0.10,173.194.151.108,,,41505,443,0,50,17
1589249470.49559,173.194.151.108,10.10.0.10,,,443,41505,0,1358,17
1589249470.509563,173.194.151.108,10.10.0.10,,,443,41505,0,1358,17
1589249470.511465,10.10.0.10,173.194.151.108,,,41505,443,0,37,17
1589249470.523534,173.194.151.108,10.10.0.10,,,443,41505,0,1358,17
1589249470.5375078,173.194.151.108,10.10.0.10,,,443,41505,0,1358,17
1589249470.5391965,10.10.0.10,173.194.151.108,,,41505,443,0,37,17
1589249470.55148,173.194.151.108,10.10.0.10,,,443,41505,0,1358,17
1589249470.565455,173.194.151.108,10.10.0.10,,,443,41505,0,1358,17
1589249470.567714,10.10.0.10,173.194.151.108,,,41505,443,0,37,17
1589249470.579423,173.194.151.108,10.10.0.10,,,443,41505,0,1358,17
1589249470.593398,173.194.151.108,10.10.0.10,,,443,41505,0,1358,17
1589249470.607367,173.194.151.108,10.10.0.10,,,443,41505,0,1358,17
1589249470.6089149,10.10.0.10,173.194.151.108,,,41505,443,0,37,17
1589249470.6213405,173.194.151.108,10.10.0.10,,,443,41505,0,1358,17
1589249470.6229641,10.10.0.10,173.194.151.108,,,41505,443,0,37,17
1589249470.635315,173.194.151.108,10.10.0.10,,,443,41505,0,1358,17
1589249470.649282,173.194.151.108,10.10.0.10,,,443,41505,0,1358,17
1589249470.651446,10.10.0.10,173.194.151.108,,,41505,443,0,37,17
1589249470.6632578,173.194.151.108,10.10.0.10,,,443,41505,0,1358,17
1589249470.6772294,173.194.151.108,10.10.0.10,,,443,41505,0,1358,17
1589249470.6787858,10.10.0.10,173.194.151.108,,,41505,443,0,37,17
1589249470.691199,173.194.151.108,10.10.0.10,,,443,41505,0,1358,17
1589249470.7051716,173.194.151.108,10.10.0.10,,,443,41505,0,1358,17
1589249470.706687,10.10.0.10,173.194.151.108,,,41505,443,0,37,17
1589249470.719149,173.194.151.108,10.10.0.10,,,443,41505,0,1358,17
1589249470.733117,173.194.151.108,10.10.0.10,,,443,41505,0,1358,17
1589249470.734712,10.10.0.10,173.194.151.108,,,41505,443,0,37,17
1589249470.7470891,173.194.151.108,10.10.0.10,,,443,41505,0,1358,17
1589249470.761066,173.194.151.108,10.10.0.10,,,443,41505,0,1358,17
1589249470.7626908,10.10.0.10,173.194.151.108,,,41505,443,0,37,17
1589249470.77505,173.194.151.108,10.10.0.10,,,443,41505,0,1358,17
1589249470.7890134,173.194.151.108,10.10.0.10,,,443,41505,0,1358,17
1589249470.790587,10.10.0.10,173.194.151.108,,,41505,443,0,37,17
1589249470.802989,173.194.151.108,10.10.0.10,,,443,41505,0,1358,17
1589249470.816956,173.194.151.108,10.10.0.10,,,443,41505,0,1358,17
1589249470.8186908,10.10.0.10,173.194.151.108,,,41505,443,0,37,17
1589249470.830931,173.194.151.108,10.10.0.10,,,443,41505,0,1358,17
1589249470.844903,173.194.151.108,10.10.0.10,,,443,41505,0,1358,17
1589249470.846457,10.10.0.10,173.194.151.108,,,41505,443,0,37,17
1589249470.8588722,173.194.151.108,10.10.0.10,,,443,41505,0,1358,17
1589249470.8728588,173.194.151.108,10.10.0.10,,,443,41505,0,1358,17
1589249470.8748329,10.10.0.10,173.194.151.108,,,41505,443,0,37,17
1589249470.886819,173.194.151.108,10.10.0.10,,,443,41505,0,1358,17
1589249470.900794,173.194.151.108,10.10.0.10,,,443,41505,0,1358,17
1589249470.903312,10.10.0.10,173.194.151.108,,,41505,443,0,37,17
1589249470.914762,173.194.151.108,10.10.0.10,,,443,41505,0,1358,17
1589249470.928734,173.194.151.108,10.10.0.10,,,443,41505,0,1358,17
1589249470.930327,10.10.0.10,173.194.151.108,,,41505,443,0,37,17
1589249470.942729,173.194.151.108,10.10.0.10,,,443,41505,0,1358,17
1589249470.95668,173.194.151.108,10.10.0.10,,,443,41505,0,1358,17
1589249470.9583151,10.10.0.10,173.194.151.108,,,41505,443,0,37,17
1589249470.970667,173.194.151.108,10.10.0.10,,,443,41505,0,1358,17
1589249470.9846249,173.194.151.108,10.10.0.10,,,443,41505,0,1358,17
1589249470.986308,10.10.0.10,173.194.151.108,,,41505,443,0,37,17
1589249470.998608,173.194.151.108,10.10.0.10,,,443,41505,0,1358,17
1589249471.012569,173.194.151.108,10.10.0.10,,,443,41505,0,1358,17
1589249471.014283,10.10.0.10,173.194.151.108,,,41505,443,0,37,17
1589249471.02654,173.194.151.108,10.10.0.10,,,443,41505,0,1358,17
1589249471.040514,173.194.151.108,10.10.0.10,,,443,41505,0,1358,17
1589249471.0423071,10.10.0.10,173.194.151.108,,,41505,443,0,50,17
1589249471.0544882,173.194.151.108,10.10.0.10,,,443,41505,0,1358,17
1589249471.0684762,173.194.151.108,10.10.0.10,,,443,41505,0,1358,17
1589249471.0701811,10.10.0.10,173.194.151.108,,,41505,443,0,37,17
1589249471.0824301,173.194.151.108,10.10.0.10,,,443,41505,0,1358,17
1589249471.096414,173.194.151.108,10.10.0.10,,,443,41505,0,1358,17
1589249471.098181,10.10.0.10,173.194.151.108,,,41505,443,0,37,17
1589249471.110375,173.194.151.108,10.10.0.10,,,443,41505,0,1358,17
1589249471.124354,173.194.151.108,10.10.0.10,,,443,41505,0,29,17
1589249471.1249788,173.194.151.108,10.10.0.10,,,443,41505,0,1358,17
1589249471.126577,10.10.0.10,173.194.151.108,,,41505,443,0,37,17
1589249471.138952,173.194.151.108,10.10.0.10,,,443,41505,0,1358,17
1589249471.152925,173.194.151.108,10.10.0.10,,,443,41505,0,1358,17
1589249471.1549492,10.10.0.10,173.194.151.108,,,41505,443,0,37,17
1589249471.1669116,173.194.151.108,10.10.0.10,,,443,41505,0,1358,17
1589249471.1808732,173.194.151.108,10.10.0.10,,,443,41505,0,1358,17
1589249471.182678,10.10.0.10,173.194.151.108,,,41505,443,0,37,17
1589249471.194851,173.194.151.108,10.10.0.10,,,443,41505,0,1358,17
1589249471.208817,173.194.151.108,10.10.0.10,,,443,41505,0,1358,17
1589249471.210696,10.10.0.10,173.194.151.108,,,41505,443,0,37,17
1589249471.222787,173.194.151.108,10.10.0.10,,,443,41505,0,1358,17
1589249471.23676,173.194.151.108,10.10.0.10,,,443,41505,0,1358,17
1589249471.2385721,10.10.0.10,173.194.151.108,,,41505,443,0,37,17
1589249471.2507322,173.194.151.108,10.10.0.10,,,443,41505,0,1358,17
1589249471.264722,173.194.151.108,10.10.0.10,,,443,41505,0,1358,17
1589249471.2668009,10.10.0.10,173.194.151.108,,,41505,443,0,37,17
1589249471.2786784,173.194.151.108,10.10.0.10,,,443,41505,0,1358,17
1589249471.292662,173.194.151.108,10.10.0.10,,,443,41505,0,1358,17
1589249471.294179,10.10.0.10,173.194.151.108,,,41505,443,0,37,17
1589249471.306622,173.194.151.108,10.10.0.10,,,443,41505,0,1358,17
1589249471.3205972,173.194.151.108,10.10.0.10,,,443,41505,0,1358,17
1589249471.3223028,10.10.0.10,173.194.151.108,,,41505,443,0,37,17
1589249471.334566,173.194.151.108,10.10.0.10,,,443,41505,0,1358,17
1589249471.3485384,173.194.151.108,10.10.0.10,,,443,41505,0,1358,17
1589249471.350567,10.10.0.10,173.194.151.108,,,41505,443,0,37,17
1589249471.3625119,173.194.151.108,10.10.0.10,,,443,41505,0,1358,17
1589249471.376483,173.194.151.108,10.10.0.10,,,443,41505,0,1358,17
1589249471.378175,10.10.0.10,173.194.151.108,,,41505,443,0,37,17
1589249471.3904722,173.194.151.108,10.10.0.10,,,443,41505,0,1358,17
1589249471.4044292,173.194.151.108,10.10.0.10,,,443,41505,0,1358,17
1589249471.4065466,10.10.0.10,173.194.151.108,,,41505,443,0,37,17
1589249471.4184039,173.194.151.108,10.10.0.10,,,443,41505,0,1358,17
1589249471.432373,173.194.151.108,10.10.0.10,,,443,41505,0,1358,17
1589249471.4364429,10.10.0.10,173.194.151.108,,,41505,443,0,37,17
1589249471.4463482,173.194.151.108,10.10.0.10,,,443,41505,0,1358,17
1589249471.4603398,173.194.151.108,10.10.0.10,,,443,41505,0,1358,17
1589249471.4619222,10.10.0.10,173.194.151.108,,,41505,443,0,37,17
1589249471.4742908,173.194.151.108,10.10.0.10,,,443,41505,0,1358,17
1589249471.4882786,173.194.151.108,10.10.0.10,,,443,41505,0,1358,17
1589249471.4899108,10.10.0.10,173.194.151.108,,,41505,443,0,37,17
1589249471.502236,173.194.151.108,10.10.0.10,,,443,41505,0,1358,17
1589249471.516216,173.194.151.108,10.10.0.10,,,443,41505,0,1358,17
1589249471.51967,10.10.0.10,173.194.151.108,,,41505,443,0,37,17
1589249471.5301795,173.194.151.108,10.10.0.10,,,443,41505,0,1358,17
1589249471.5441492,173.194.151.108,10.10.0.10,,,443,41505,0,1358,17
1589249471.54592,10.10.0.10,173.194.151.108,,,41505,443,0,37,17
1589249471.558136,173.194.151.108,10.10.0.10,,,443,41505,0,1358,17
1589249471.572092,173.194.151.108,10.10.0.10,,,443,41505,0,1358,17
1589249471.573909,10.10.0.10,173.194.151.108,,,41505,443,0,37,17
1589249471.586065,173.194.151.108,10.10.0.10,,,443,41505,0,1358,17
1589249471.600034,173.194.151.108,10.10.0.10,,,443,41505,0,1358,17
1589249471.603815,10.10.0.10,173.194.151.108,,,41505,443,0,50,17
1589249471.6140108,173.194.151.108,10.10.0.10,,,443,41505,0,1358,17
1589249471.6279802,173.194.151.108,10.10.0.10,,,443,41505,0,1358,17
1589249471.629666,10.10.0.10,173.194.151.108,,,41505,443,0,37,17
1589249471.6419618,173.194.151.108,10.10.0.10,,,443,41505,0,1358,17
1589249471.655937,173.194.151.108,10.10.0.10,,,443,41505,0,1358,17
1589249471.657409,10.10.0.10,173.194.151.108,,,41505,443,0,37,17
1589249471.669904,173.194.151.108,10.10.0.10,,,443,41505,0,1358,17
1589249471.683871,173.194.151.108,10.10.0.10,,,443,41505,0,29,17
1589249471.6845028,173.194.151.108,10.10.0.10,,,443,41505,0,1358,17
1589249471.685895,10.10.0.10,173.194.151.108,,,41505,443,0,37,17
1589249471.698482,173.194.151.108,10.10.0.10,,,443,41505,0,1358,17
1589249471.712449,173.194.151.108,10.10.0.10,,,443,41505,0,1358,17
1589249471.7141626,10.10.0.10,173.194.151.108,,,41505,443,0,37,17
1589249471.7264292,173.194.151.108,10.10.0.10,,,443,41505,0,1358,17
1589249471.7403939,173.194.151.108,10.10.0.10,,,443,41505,0,1358,17
1589249471.742059,10.10.0.10,173.194.151.108,,,41505,443,0,37,17
1589249471.7543714,173.194.151.108,10.10.0.10,,,443,41505,0,1358,17
1589249471.768344,173.194.151.108,10.10.0.10,,,443,41505,0,1358,17
1589249471.769912,10.10.0.10,173.194.151.108,,,41505,443,0,37,17
1589249471.7823331,173.194.151.108,10.10.0.10,,,443,41505,0,1358,17
1589249471.79629,173.194.151.108,10.10.0.10,,,443,41505,0,1358,17
1589249471.7981892,10.10.0.10,173.194.151.108,,,41505,443,0,37,17
1589249471.8102682,173.194.151.108,10.10.0.10,,,443,41505,0,1358,17
1589249471.824233,173.194.151.108,10.10.0.10,,,443,41505,0,1358,17
1589249471.8259,10.10.0.10,173.194.151.108,,,41505,443,0,37,17
1589249471.838204,173.194.151.108,10.10.0.10,,,443,41505,0,1148,17
1589249471.904929,10.10.0.10,173.194.151.108,,,41505,443,0,37,17
1589249474.500106,10.10.0.10,173.194.151.108,,,41505,443,0,723,17
1589249474.5003395,10.10.0.10,173.194.151.108,,,41505,443,0,48,17
1589249474.5045311,173.194.151.108,10.10.0.10,,,443,41505,0,115,17
1589249474.5045652,173.194.151.108,10.10.0.10,,,443,41505,0,1358,17
1589249474.504587,173.194.151.108,10.10.0.10,,,443,41505,0,1358,17
1589249474.506209,10.10.0.10,173.194.151.108,,,41505,443,0,37,17
1589249474.5179222,173.194.151.108,10.10.0.10,,,443,41505,0,1358,17
1589249474.519975,10.10.0.10,173.194.151.108,,,41505,443,0,37,17
1589249474.531894,173.194.151.108,10.10.0.10,,,443,41505,0,1358,17
1589249474.54588,173.194.151.108,10.10.0.10,,,443,41505,0,1358,17
1589249474.547583,10.10.0.10,173.194.151.108,,,41505,443,0,37,17
1589249474.5598366,173.194.151.108,10.10.0.10,,,443,41505,0,1358,17
1589249474.5738132,173.194.151.108,10.10.0.10,,,443,41505,0,1358,17
1589249474.5766118,10.10.0.10,173.194.151.108,,,41505,443,0,37,17
1589249474.587786,173.194.151.108,10.10.0.10,,,443,41505,0,1358,17
1589249474.60175,173.194.151.108,10.10.0.10,,,443,41505,0,1358,17
1589249474.6034482,10.10.0.10,173.194.151.108,,,41505,443,0,37,17
1589249474.6157384,173.194.151.108,10.10.0.10,,,443,41505,0,1358,17
1589249474.629699,173.194.151.108,10.10.0.10,,,443,41505,0,1358,17
1589249474.6316,10.10.0.10,173.194.151.108,,,41505,443,0,37,17
1589249474.6436696,173.194.151.108,10.10.0.10,,,443,41505,0,1358,17
1589249474.6576462,173.194.151.108,10.10.0.10,,,443,41505,0,1358,17
1589249474.6593301,10.10.0.10,173.194.151.108,,,41505,443,0,37,17
1589249474.6716142,173.194.151.108,10.10.0.10,,,443,41505,0,1358,17
1589249474.685593,173.194.151.108,10.10.0.10,,,443,41505,0,1358,17
1589249474.687975,10.10.0.10,173.194.151.108,,,41505,443,0,37,17
1589249474.6995618,173.194.151.108,10.10.0.10,,,443,41505,0,1358,17
1589249474.713537,173.194.151.108,10.10.0.10,,,443,41505,0,1358,17
1589249474.715201,10.10.0.10,173.194.151.108,,,41505,443,0,37,17
1589249474.727505,173.194.151.108,10.10.0.10,,,443,41505,0,1358,17
1589249474.741497,173.194.151.108,10.10.0.10,,,443,41505,0,1358,17
1589249474.743203,10.10.0.10,173.194.151.108,,,41505,443,0,37,17
1589249474.755458,173.194.151.108,10.10.0.10,,,443,41505,0,1358,17
1589249474.769433,173.194.151.108,10.10.0.10,,,443,41505,0,1358,17
1589249474.773199,10.10.0.10,173.194.151.108,,,41505,443,0,37,17
1589249474.7833958,173.194.151.108,10.10.0.10,,,443,41505,0,1358,17
1589249474.7973714,173.194.151.108,10.10.0.10,,,443,41505,0,1358,17
1589249474.7990649,10.10.0.10,173.194.151.108,,,41505,443,0,37,17
1589249474.811342,173.194.151.108,10.10.0.10,,,443,41505,0,1358,17
1589249474.825315,173.194.151.108,10.10.0.10,,,443,41505,0,1358,17
1589249474.8272178,10.10.0.10,173.194.151.108,,,41505,443,0,37,17
1589249474.8392851,173.194.151.108,10.10.0.10,,,443,41505,0,1358,17
1589249474.853257,173.194.151.108,10.10.0.10,,,443,41505,0,1358,17
1589249474.8573446,10.10.0.10,173.194.151.108,,,41505,443,0,37,17
1589249474.8672452,173.194.151.108,10.10.0.10,,,443,41505,0,1358,17
1589249474.881205,173.194.151.108,10.10.0.10,,,443,41505,0,1358,17
1589249474.88384,10.10.0.10,173.194.151.108,,,41505,443,0,37,17
1589249474.8951778,173.194.151.108,10.10.0.10,,,443,41505,0,1358,17
1589249474.909153,173.194.151.108,10.10.0.10,,,443,41505,0,1358,17
1589249474.9107141,10.10.0.10,173.194.151.108,,,41505,443,0,37,17
1589249474.923121,173.194.151.108,10.10.0.10,,,443,41505,0,1358,17
1589249474.937115,173.194.151.108,10.10.0.10,,,443,41505,0,1358,17
1589249474.938566,10.10.0.10,173.194.151.108,,,41505,443,0,37,17
1589249474.951065,173.194.151.108,10.10.0.10,,,443,41505,0,1358,17
1589249474.965052,173.194.151.108,10.10.0.10,,,443,41505,0,1358,17
1589249474.9667149,10.10.0.10,173.194.151.108,,,41505,443,0,37,17
1589249474.979009,173.194.151.108,10.10.0.10,,,443,41505,0,1358,17
1589249474.9929929,173.194.151.108,10.10.0.10,,,443,41505,0,1358,17
1589249474.995817,10.10.0.10,173.194.151.108,,,41505,443,0,37,17
1589249475.006956,173.194.151.108,10.10.0.10,,,443,41505,0,1358,17
1589249475.020928,173.194.151.108,10.10.0.10,,,443,41505,0,1358,17
1589249475.022711,10.10.0.10,173.194.151.108,,,41505,443,0,50,17
1589249475.0349011,173.194.151.108,10.10.0.10,,,443,41505,0,1358,17
1589249475.048873,173.194.151.108,10.10.0.10,,,443,41505,0,1358,17
1589249475.050589,10.10.0.10,173.194.151.108,,,41505,443,0,37,17
1589249475.0628624,173.194.151.108,10.10.0.10,,,443,41505,0,1358,17
1589249475.076816,173.194.151.108,10.10.0.10,,,443,41505,0,1358,17
1589249475.078591,10.10.0.10,173.194.151.108,,,41505,443,0,37,17
1589249475.090784,173.194.151.108,10.10.0.10,,,443,41505,0,1358,17
1589249475.1047616,173.194.151.108,10.10.0.10,,,443,41505,0,1358,17
1589249475.1069412,10.10.0.10,173.194.151.108,,,41505,443,0,37,17
1589249475.118736,173.194.151.108,10.10.0.10,,,443,41505,0,1358,17
1589249475.132711,173.194.151.108,10.10.0.10,,,443,41505,0,1358,17
1589249475.134959,10.10.0.10,173.194.151.108,,,41505,443,0,37,17
1589249475.146679,173.194.151.108,10.10.0.10,,,443,41505,0,1358,17
1589249475.160655,173.194.151.108,10.10.0.10,,,443,41505,0,1358,17
1589249475.162303,10.10.0.10,173.194.151.108,,,41505,443,0,37,17
1589249475.174625,173.194.151.108,10.10.0.10,,,443,41505,0,1358,17
1589249475.1886098,173.194.151.108,10.10.0.10,,,443,41505,0,1358,17
1589249475.190439,10.10.0.10,173.194.151.108,,,41505,443,0,37,17
1589249475.202568,173.194.151.108,10.10.0.10,,,443,41505,0,1358,17
1589249475.2165458,173.194.151.108,10.10.0.10,,,443,41505,0,1358,17
1589249475.2183301,10.10.0.10,173.194.151.108,,,41505,443,0,37,17
1589249475.230512,173.194.151.108,10.10.0.10,,,443,41505,0,1358,17
1589249475.244488,173.194.151.108,10.10.0.10,,,443,41505,0,1358,17
1589249475.246687,10.10.0.10,173.194.151.108,,,41505,443,0,37,17
1589249475.25848,173.194.151.108,10.10.0.10,,,443,41505,0,1358,17
1589249475.2724311,173.194.151.108,10.10.0.10,,,443,41505,0,1358,17
1589249475.27508,10.10.0.10,173.194.151.108,,,41505,443,0,37,17
1589249475.286417,173.194.151.108,10.10.0.10,,,443,41505,0,1358,17
1589249475.300374,173.194.151.108,10.10.0.10,,,443,41505,0,1358,17
1589249475.302578,10.10.0.10,173.194.151.108,,,41505,443,0,37,17
1589249475.314357,173.194.151.108,10.10.0.10,,,443,41505,0,1358,17
1589249475.3283162,173.194.151.108,10.10.0.10,,,443,41505,0,1358,17
1589249475.330182,10.10.0.10,173.194.151.108,,,41505,443,0,37,17
1589249475.342293,173.194.151.108,10.10.0.10,,,443,41505,0,1358,17
1589249475.356265,173.194.151.108,10.10.0.10,,,443,41505,0,1358,17
1589249475.358682,10.10.0.10,173.194.151.108,,,41505,443,0,37,17
1589249475.3702366,173.194.151.108,10.10.0.10,,,443,41505,0,1358,17
1589249475.3842278,173.194.151.108,10.10.0.10,,,443,41505,0,1358,17
1589249475.385673,10.10.0.10,173.194.151.108,,,41505,443,0,37,17
1589249475.398183,173.194.151.108,10.10.0.10,,,443,41505,0,1358,17
1589249475.4121635,173.194.151.108,10.10.0.10,,,443,41505,0,1358,17
1589249475.413826,10.10.0.10,173.194.151.108,,,41505,443,0,37,17
1589249475.426127,173.194.151.108,10.10.0.10,,,443,41505,0,1358,17
1589249475.440104,173.194.151.108,10.10.0.10,,,443,41505,0,1358,17
1589249475.4419308,10.10.0.10,173.194.151.108,,,41505,443,0,37,17
1589249475.454072,173.194.151.108,10.10.0.10,,,443,41505,0,1358,17
1589249475.468038,173.194.151.108,10.10.0.10,,,443,41505,0,1358,17
1589249475.4716988,10.10.0.10,173.194.151.108,,,41505,443,0,37,17
1589249475.4820151,173.194.151.108,10.10.0.10,,,443,41505,0,1358,17
1589249475.495989,173.194.151.108,10.10.0.10,,,443,41505,0,1358,17
1589249475.4975538,10.10.0.10,173.194.151.108,,,41505,443,0,37,17
1589249475.509975,173.194.151.108,10.10.0.10,,,443,41505,0,1358,17
1589249475.5239382,173.194.151.108,10.10.0.10,,,443,41505,0,1358,17
1589249475.525802,10.10.0.10,173.194.151.108,,,41505,443,0,37,17
1589249475.53791,173.194.151.108,10.10.0.10,,,443,41505,0,1358,17
1589249475.551877,173.194.151.108,10.10.0.10,,,443,41505,0,1358,17
1589249475.5535462,10.10.0.10,173.194.151.108,,,41505,443,0,37,17
1589249475.565849,173.194.151.108,10.10.0.10,,,443,41505,0,1358,17
1589249475.579821,173.194.151.108,10.10.0.10,,,443,41505,0,1358,17
1589249475.5819461,10.10.0.10,173.194.151.108,,,41505,443,0,50,17
1589249475.5937972,173.194.151.108,10.10.0.10,,,443,41505,0,1358,17
1589249475.607772,173.194.151.108,10.10.0.10,,,443,41505,0,1358,17
1589249475.609442,10.10.0.10,173.194.151.108,,,41505,443,0,37,17
1589249475.6217391,173.194.151.108,10.10.0.10,,,443,41505,0,1358,17
1589249475.6357222,173.194.151.108,10.10.0.10,,,443,41505,0,1358,17
1589249475.637448,10.10.0.10,173.194.151.108,,,41505,443,0,37,17
1589249475.6496851,173.194.151.108,10.10.0.10,,,443,41505,0,1358,17
1589249475.663657,173.194.151.108,10.10.0.10,,,443,41505,0,1358,17
1589249475.665426,10.10.0.10,173.194.151.108,,,41505,443,0,37,17
1589249475.677639,173.194.151.108,10.10.0.10,,,443,41505,0,1358,17
1589249475.691601,173.194.151.108,10.10.0.10,,,443,41505,0,1358,17
1589249475.6931412,10.10.0.10,173.194.151.108,,,41505,443,0,37,17
1589249475.7055938,173.194.151.108,10.10.0.10,,,443,41505,0,1358,17
1589249475.719544,173.194.151.108,10.10.0.10,,,443,41505,0,1358,17
1589249475.7211652,10.10.0.10,173.194.151.108,,,41505,443,0,37,17
1589249475.7335286,173.194.151.108,10.10.0.10,,,443,41505,0,1358,17
1589249475.7474918,173.194.151.108,10.10.0.10,,,443,41505,0,1358,17
1589249475.7490408,10.10.0.10,173.194.151.108,,,41505,443,0,37,17
1589249475.7614598,173.194.151.108,10.10.0.10,,,443,41505,0,1358,17
1589249475.775435,173.194.151.108,10.10.0.10,,,443,41505,0,1358,17
1589249475.777065,10.10.0.10,173.194.151.108,,,41505,443,0,37,17
1589249475.789409,173.194.151.108,10.10.0.10,,,443,41505,0,1358,17
1589249475.8033822,173.194.151.108,10.10.0.10,,,443,41505,0,1358,17
1589249475.80619,10.10.0.10,173.194.151.108,,,41505,443,0,37,17
1589249475.817354,173.194.151.108,10.10.0.10,,,443,41505,0,1358,17
1589249475.831337,173.194.151.108,10.10.0.10,,,443,41505,0,1358,17
1589249475.833045,10.10.0.10,173.194.151.108,,,41505,443,0,37,17
1589249475.8453,173.194.151.108,10.10.0.10,,,443,41505,0,1358,17
1589249475.859276,173.194.151.108,10.10.0.10,,,443,41505,0,1358,17
1589249475.8610618,10.10.0.10,173.194.151.108,,,41505,443,0,37,17
1589249475.8732429,173.194.151.108,10.10.0.10,,,443,41505,0,1358,17
1589249475.887216,173.194.151.108,10.10.0.10,,,443,41505,0,1358,17
1589249475.889793,10.10.0.10,173.194.151.108,,,41505,443,0,37,17
1589249475.901184,173.194.151.108,10.10.0.10,,,443,41505,0,1358,17
1589249475.91516,173.194.151.108,10.10.0.10,,,443,41505,0,1358,17
1589249475.9198759,10.10.0.10,173.194.151.108,,,41505,443,0,37,17
1589249475.929151,173.194.151.108,10.10.0.10,,,443,41505,0,1358,17
1589249475.9431071,173.194.151.108,10.10.0.10,,,443,41505,0,1358,17
1589249475.9449158,10.10.0.10,173.194.151.108,,,41505,443,0,37,17
1589249475.957088,173.194.151.108,10.10.0.10,,,443,41505,0,1358,17
1589249475.97105,173.194.151.108,10.10.0.10,,,443,41505,0,1358,17
1589249475.9731839,10.10.0.10,173.194.151.108,,,41505,443,0,37,17
1589249475.985022,173.194.151.108,10.10.0.10,,,443,41505,0,1358,17
1589249475.9989972,173.194.151.108,10.10.0.10,,,443,41505,0,1358,17
1589249476.000809,10.10.0.10,173.194.151.108,,,41505,443,0,37,17
1589249476.0129662,173.194.151.108,10.10.0.10,,,443,41505,0,1358,17
1589249476.02696,173.194.151.108,10.10.0.10,,,443,41505,0,1358,17
1589249476.028687,10.10.0.10,173.194.151.108,,,41505,443,0,37,17
1589249476.0409136,173.194.151.108,10.10.0.10,,,443,41505,0,1358,17
1589249476.054895,173.194.151.108,10.10.0.10,,,443,41505,0,1358,17
1589249476.0571618,10.10.0.10,173.194.151.108,,,41505,443,0,37,17
1589249476.068857,173.194.151.108,10.10.0.10,,,443,41505,0,1358,17
1589249476.082835,173.194.151.108,10.10.0.10,,,443,41505,0,1358,17
1589249476.0860355,10.10.0.10,173.194.151.108,,,41505,443,0,37,17
1589249476.096804,173.194.151.108,10.10.0.10,,,443,41505,0,1358,17
1589249476.110774,173.194.151.108,10.10.0.10,,,443,41505,0,1358,17
1589249476.118286,10.10.0.10,173.194.151.108,,,41505,443,0,37,17
1589249476.124745,173.194.151.108,10.10.0.10,,,443,41505,0,1358,17
1589249476.138718,173.194.151.108,10.10.0.10,,,443,41505,0,1358,17
1589249476.140413,10.10.0.10,173.194.151.108,,,41505,443,0,50,17
1589249476.1527052,173.194.151.108,10.10.0.10,,,443,41505,0,1358,17
1589249476.1666641,173.194.151.108,10.10.0.10,,,443,41505,0,1358,17
1589249476.168536,10.10.0.10,173.194.151.108,,,41505,443,0,37,17
1589249476.180641,173.194.151.108,10.10.0.10,,,443,41505,0,527,17
1589249476.186266,173.194.151.108,10.10.0.10,,,443,41505,0,29,17
1589249476.2386749,10.10.0.10,173.194.151.108,,,41505,443,0,37,17
1589249477.16801,10.10.0.10,173.194.151.108,,,41505,443,0,724,17
1589249477.1680439,10.10.0.10,173.194.151.108,,,41505,443,0,48,17
1589249477.172425,173.194.151.108,10.10.0.10,,,443,41505,0,138,17
1589249477.172459,173.194.151.108,10.10.0.10,,,443,41505,0,1358,17
1589249477.17248,173.194.151.108,10.10.0.10,,,443,41505,0,1358,17
1589249477.174132,10.10.0.10,173.194.151.108,,,41505,443,0,37,17
1589249477.186053,173.194.151.108,10.10.0.10,,,443,41505,0,1358,17
1589249477.1876302,10.10.0.10,173.194.151.108,,,41505,443,0,37,17
1589249477.200019,173.194.151.108,10.10.0.10,,,443,41505,0,1358,17
1589249477.21399,173.194.151.108,10.10.0.10,,,443,41505,0,1358,17
1589249477.215503,10.10.0.10,173.194.151.108,,,41505,443,0,37,17
1589249477.2279608,173.194.151.108,10.10.0.10,,,443,41505,0,1358,17
1589249477.241936,173.194.151.108,10.10.0.10,,,443,41505,0,1358,17
1589249477.2436302,10.10.0.10,173.194.151.108,,,41505,443,0,37,17
1589249477.2559226,173.194.151.108,10.10.0.10,,,443,41505,0,1358,17
1589249477.269882,173.194.151.108,10.10.0.10,,,443,41505,0,1358,17
1589249477.2717519,10.10.0.10,173.194.151.108,,,41505,443,0,37,17
1589249477.283863,173.194.151.108,10.10.0.10,,,443,41505,0,1358,17
1589249477.297824,173.194.151.108,10.10.0.10,,,443,41505,0,1358,17
1589249477.299647,10.10.0.10,173.194.151.108,,,41505,443,0,37,17
1589249477.311799,173.194.151.108,10.10.0.10,,,443,41505,0,1358,17
1589249477.325769,173.194.151.108,10.10.0.10,,,443,41505,0,1358,17
1589249477.3296258,10.10.0.10,173.194.151.108,,,41505,443,0,37,17
1589249477.3397422,173.194.151.108,10.10.0.10,,,443,41505,0,1358,17
1589249477.353713,173.194.151.108,10.10.0.10,,,443,41505,0,1358,17
1589249477.355748,10.10.0.10,173.194.151.108,,,41505,443,0,37,17
1589249477.3676882,173.194.151.108,10.10.0.10,,,443,41505,0,1358,17
1589249477.3816721,173.194.151.108,10.10.0.10,,,443,41505,0,1358,17
1589249477.3837402,10.10.0.10,173.194.151.108,,,41505,443,0,37,17
1589249477.395632,173.194.151.108,10.10.0.10,,,443,41505,0,1358,17
1589249477.4096,173.194.151.108,10.10.0.10,,,443,41505,0,1358,17
1589249477.411377,10.10.0.10,173.194.151.108,,,41505,443,0,37,17
1589249477.423575,173.194.151.108,10.10.0.10,,,443,41505,0,1358,17
1589249477.43755,173.194.151.108,10.10.0.10,,,443,41505,0,1358,17
1589249477.4392679,10.10.0.10,173.194.151.108,,,41505,443,0,37,17
1589249477.4515412,173.194.151.108,10.10.0.10,,,443,41505,0,1358,17
1589249477.4654918,173.194.151.108,10.10.0.10,,,443,41505,0,1358,17
1589249477.468891,10.10.0.10,173.194.151.108,,,41505,443,0,37,17
1589249477.4794776,173.194.151.108,10.10.0.10,,,443,41505,0,1358,17
1589249477.493438,173.194.151.108,10.10.0.10,,,443,41505,0,1358,17
1589249477.495001,10.10.0.10,173.194.151.108,,,41505,443,0,37,17
1589249477.507418,173.194.151.108,10.10.0.10,,,443,41505,0,1358,17
1589249477.521383,173.194.151.108,10.10.0.10,,,443,41505,0,1358,17
1589249477.523638,10.10.0.10,173.194.151.108,,,41505,443,0,37,17
1589249477.5353491,173.194.151.108,10.10.0.10,,,443,41505,0,1358,17
1589249477.5493276,173.194.151.108,10.10.0.10,,,443,41505,0,1358,17
1589249477.551266,10.10.0.10,173.194.151.108,,,41505,443,0,37,17
1589249477.563299,173.194.151.108,10.10.0.10,,,443,41505,0,1358,17
1589249477.5772884,173.194.151.108,10.10.0.10,,,443,41505,0,1358,17
1589249477.578994,10.10.0.10,173.194.151.108,,,41505,443,0,37,17
1589249477.5912461,173.194.151.108,10.10.0.10,,,443,41505,0,1358,17
1589249477.605215,173.194.151.108,10.10.0.10,,,443,41505,0,1358,17
1589249477.607484,10.10.0.10,173.194.151.108,,,41505,443,0,37,17
1589249477.6191974,173.194.151.108,10.10.0.10,,,443,41505,0,1358,17
1589249477.633162,173.194.151.108,10.10.0.10,,,443,41505,0,1358,17
1589249477.635114,10.10.0.10,173.194.151.108,,,41505,443,0,37,17
1589249477.6471288,173.194.151.108,10.10.0.10,,,443,41505,0,1358,17
1589249477.6611009,173.194.151.108,10.10.0.10,,,443,41505,0,1358,17
1589249477.662742,10.10.0.10,173.194.151.108,,,41505,443,0,37,17
1589249477.675081,173.194.151.108,10.10.0.10,,,443,41505,0,1358,17
1589249477.689054,173.194.151.108,10.10.0.10,,,443,41505,0,1358,17
1589249477.690763,10.10.0.10,173.194.151.108,,,41505,443,0,50,17
1589249477.703022,173.194.151.108,10.10.0.10,,,443,41505,0,1358,17
1589249477.716992,173.194.151.108,10.10.0.10,,,443,41505,0,1358,17
1589249477.718615,10.10.0.10,173.194.151.108,,,41505,443,0,37,17
1589249477.7309651,173.194.151.108,10.10.0.10,,,443,41505,0,1358,17
1589249477.7449412,173.194.151.108,10.10.0.10,,,443,41505,0,1358,17
1589249477.7470062,10.10.0.10,173.194.151.108,,,41505,443,0,37,17
1589249477.7589116,173.194.151.108,10.10.0.10,,,443,41505,0,1358,17
1589249477.7729092,173.194.151.108,10.10.0.10,,,443,41505,0,1358,17
1589249477.775134,10.10.0.10,173.194.151.108,,,41505,443,0,37,17
1589249477.7868578,173.194.151.108,10.10.0.10,,,443,41505,0,1358,17
1589249477.800848,173.194.151.108,10.10.0.10,,,443,41505,0,1358,17
1589249477.803133,10.10.0.10,173.194.151.108,,,41505,443,0,37,17
1589249477.814801,173.194.151.108,10.10.0.10,,,443,41505,0,1358,17
1589249477.828786,173.194.151.108,10.10.0.10,,,443,41505,0,1358,17
1589249477.830755,10.10.0.10,173.194.151.108,,,41505,443,0,37,17
1589249477.842742,173.194.151.108,10.10.0.10,,,443,41505,0,1358,17
1589249477.8567224,173.194.151.108,10.10.0.10,,,443,41505,0,1358,17
1589249477.858383,10.10.0.10,173.194.151.108,,,41505,443,0,37,17
1589249477.8706946,173.194.151.108,10.10.0.10,,,443,41505,0,1358,17
1589249477.8846598,173.194.151.108,10.10.0.10,,,443,41505,0,1358,17
1589249477.886344,10.10.0.10,173.194.151.108,,,41505,443,0,37,17
1589249477.8986568,173.194.151.108,10.10.0.10,,,443,41505,0,1358,17
1589249477.9126098,173.194.151.108,10.10.0.10,,,443,41505,0,1358,17
1589249477.9142249,10.10.0.10,173.194.151.108,,,41505,443,0,37,17
1589249477.92659,173.194.151.108,10.10.0.10,,,443,41505,0,1358,17
1589249477.940554,173.194.151.108,10.10.0.10,,,443,41505,0,1358,17
1589249477.942484,10.10.0.10,173.194.151.108,,,41505,443,0,37,17
1589249477.9545321,173.194.151.108,10.10.0.10,,,443,41505,0,1358,17
1589249477.968498,173.194.151.108,10.10.0.10,,,443,41505,0,1358,17
1589249477.970223,10.10.0.10,173.194.151.108,,,41505,443,0,37,17
1589249477.98247,173.194.151.108,10.10.0.10,,,443,41505,0,1358,17
1589249477.9964442,173.194.151.108,10.10.0.10,,,443,41505,0,1358,17
1589249477.998626,10.10.0.10,173.194.151.108,,,41505,443,0,37,17
1589249478.010415,173.194.151.108,10.10.0.10,,,443,41505,0,1358,17
1589249478.024405,173.194.151.108,10.10.0.10,,,443,41505,0,1358,17
1589249478.038362,173.194.151.108,10.10.0.10,,,443,41505,0,1358,17
1589249478.03888,10.10.0.10,173.194.151.108,,,41505,443,0,37,17
1589249478.0523384,173.194.151.108,10.10.0.10,,,443,41505,0,1358,17
1589249478.053999,10.10.0.10,173.194.151.108,,,41505,443,0,37,17
1589249478.0663068,173.194.151.108,10.10.0.10,,,443,41505,0,1358,17
1589249478.0802786,173.194.151.108,10.10.0.10,,,443,41505,0,1358,17
1589249478.082104,10.10.0.10,173.194.151.108,,,41505,443,0,37,17
1589249478.094249,173.194.151.108,10.10.0.10,,,443,41505,0,1358,17
1589249478.108218,173.194.151.108,10.10.0.10,,,443,41505,0,1358,17
1589249478.109853,10.10.0.10,173.194.151.108,,,41505,443,0,37,17
1589249478.122211,173.194.151.108,10.10.0.10,,,443,41505,0,1358,17
1589249478.136169,173.194.151.108,10.10.0.10,,,443,41505,0,1358,17
1589249478.1378524,10.10.0.10,173.194.151.108,,,41505,443,0,37,17
1589249478.15015,173.194.151.108,10.10.0.10,,,443,41505,0,1358,17
1589249478.1641119,173.194.151.108,10.10.0.10,,,443,41505,0,1358,17
1589249478.1658509,10.10.0.10,173.194.151.108,,,41505,443,0,37,17
1589249478.178086,173.194.151.108,10.10.0.10,,,443,41505,0,1358,17
1589249478.1920571,173.194.151.108,10.10.0.10,,,443,41505,0,1358,17
1589249478.193975,10.10.0.10,173.194.151.108,,,41505,443,0,37,17
1589249478.2060301,173.194.151.108,10.10.0.10,,,443,41505,0,1358,17
1589249478.22,173.194.151.108,10.10.0.10,,,443,41505,0,1358,17
1589249478.222122,10.10.0.10,173.194.151.108,,,41505,443,0,37,17
1589249478.233973,173.194.151.108,10.10.0.10,,,443,41505,0,1358,17
1589249478.2479582,173.194.151.108,10.10.0.10,,,443,41505,0,1358,17
1589249478.2497466,10.10.0.10,173.194.151.108,,,41505,443,0,50,17
1589249478.26192,173.194.151.108,10.10.0.10,,,443,41505,0,1358,17
1589249478.275896,173.194.151.108,10.10.0.10,,,443,41505,0,1358,17
1589249478.289863,173.194.151.108,10.10.0.10,,,443,41505,0,1358,17
1589249478.2908368,10.10.0.10,173.194.151.108,,,41505,443,0,37,17
1589249478.303839,173.194.151.108,10.10.0.10,,,443,41505,0,1358,17
1589249478.3056178,10.10.0.10,173.194.151.108,,,41505,443,0,37,17
1589249478.3178089,173.194.151.108,10.10.0.10,,,443,41505,0,1358,17
1589249478.3317866,173.194.151.108,10.10.0.10,,,443,41505,0,1358,17
1589249478.3334918,10.10.0.10,173.194.151.108,,,41505,443,0,37,17
1589249478.3457706,173.194.151.108,10.10.0.10,,,443,41505,0,1358,17
1589249478.3597252,173.194.151.108,10.10.0.10,,,443,41505,0,1358,17
1589249478.361613,10.10.0.10,173.194.151.108,,,41505,443,0,37,17
1589249478.373703,173.194.151.108,10.10.0.10,,,443,41505,0,1358,17
1589249478.38767,173.194.151.108,10.10.0.10,,,443,41505,0,1358,17
1589249478.3894892,10.10.0.10,173.194.151.108,,,41505,443,0,37,17
1589249478.4016454,173.194.151.108,10.10.0.10,,,443,41505,0,1358,17
1589249478.4156141,173.194.151.108,10.10.0.10,,,443,41505,0,1358,17
1589249478.4173632,10.10.0.10,173.194.151.108,,,41505,443,0,37,17
1589249478.429589,173.194.151.108,10.10.0.10,,,443,41505,0,1358,17
1589249478.4435759,173.194.151.108,10.10.0.10,,,443,41505,0,1358,17
1589249478.445467,10.10.0.10,173.194.151.108,,,41505,443,0,37,17
1589249478.4575331,173.194.151.108,10.10.0.10,,,443,41505,0,1358,17
1589249478.471515,173.194.151.108,10.10.0.10,,,443,41505,0,1358,17
1589249478.473362,10.10.0.10,173.194.151.108,,,41505,443,0,37,17
1589249478.4854786,173.194.151.108,10.10.0.10,,,443,41505,0,1358,17
1589249478.499451,173.194.151.108,10.10.0.10,,,443,41505,0,1358,17
1589249478.50097,10.10.0.10,173.194.151.108,,,41505,443,0,37,17
1589249478.513421,173.194.151.108,10.10.0.10,,,443,41505,0,1358,17
1589249478.5273948,173.194.151.108,10.10.0.10,,,443,41505,0,1358,17
1589249478.529235,10.10.0.10,173.194.151.108,,,41505,443,0,37,17
1589249478.541386,173.194.151.108,10.10.0.10,,,443,41505,0,1358,17
1589249478.5553384,173.194.151.108,10.10.0.10,,,443,41505,0,1358,17
1589249478.5597332,10.10.0.10,173.194.151.108,,,41505,443,0,37,17
1589249478.5693069,173.194.151.108,10.10.0.10,,,443,41505,0,1358,17
1589249478.583284,173.194.151.108,10.10.0.10,,,443,41505,0,1358,17
1589249478.585469,10.10.0.10,173.194.151.108,,,41505,443,0,37,17
1589249478.597252,173.194.151.108,10.10.0.10,,,443,41505,0,1358,17
1589249478.611223,173.194.151.108,10.10.0.10,,,443,41505,0,1358,17
1589249478.6129858,10.10.0.10,173.194.151.108,,,41505,443,0,37,17
1589249478.6251972,173.194.151.108,10.10.0.10,,,443,41505,0,1358,17
1589249478.640847,173.194.151.108,10.10.0.10,,,443,41505,0,1358,17
1589249478.642589,10.10.0.10,173.194.151.108,,,41505,443,0,37,17
1589249478.654825,173.194.151.108,10.10.0.10,,,443,41505,0,1358,17
1589249478.668797,173.194.151.108,10.10.0.10,,,443,41505,0,1358,17
1589249478.670308,10.10.0.10,173.194.151.108,,,41505,443,0,37,17
1589249478.68277,173.194.151.108,10.10.0.10,,,443,41505,0,1358,17
1589249478.6967552,173.194.151.108,10.10.0.10,,,443,41505,0,1358,17
1589249478.6982071,10.10.0.10,173.194.151.108,,,41505,443,0,37,17
1589249478.710709,173.194.151.108,10.10.0.10,,,443,41505,0,1358,17
1589249478.724679,173.194.151.108,10.10.0.10,,,443,41505,0,1358,17
1589249478.7262118,10.10.0.10,173.194.151.108,,,41505,443,0,37,17
1589249478.738659,173.194.151.108,10.10.0.10,,,443,41505,0,1358,17
1589249478.754517,173.194.151.108,10.10.0.10,,,443,41505,0,1358,17
1589249478.756358,10.10.0.10,173.194.151.108,,,41505,443,0,37,17
1589249478.768503,173.194.151.108,10.10.0.10,,,443,41505,0,1358,17
1589249478.7831204,173.194.151.108,10.10.0.10,,,443,41505,0,1358,17
1589249478.784959,10.10.0.10,173.194.151.108,,,41505,443,0,37,17
1589249478.7970982,173.194.151.108,10.10.0.10,,,443,41505,0,1358,17
1589249478.811069,173.194.151.108,10.10.0.10,,,443,41505,0,1358,17
1589249478.812709,10.10.0.10,173.194.151.108,,,41505,443,0,50,17
1589249478.82504,173.194.151.108,10.10.0.10,,,443,41505,0,1358,17
1589249478.8396866,173.194.151.108,10.10.0.10,,,443,41505,0,1358,17
1589249478.841727,10.10.0.10,173.194.151.108,,,41505,443,0,37,17
1589249478.853648,173.194.151.108,10.10.0.10,,,443,41505,0,1358,17
1589249478.867632,173.194.151.108,10.10.0.10,,,443,41505,0,1358,17
1589249478.869852,10.10.0.10,173.194.151.108,,,41505,443,0,37,17
1589249478.881596,173.194.151.108,10.10.0.10,,,443,41505,0,1358,17
1589249478.895567,173.194.151.108,10.10.0.10,,,443,41505,0,29,17
1589249478.896197,173.194.151.108,10.10.0.10,,,443,41505,0,1358,17
1589249478.897582,10.10.0.10,173.194.151.108,,,41505,443,0,37,17
1589249478.9101698,173.194.151.108,10.10.0.10,,,443,41505,0,1358,17
1589249478.9241366,173.194.151.108,10.10.0.10,,,443,41505,0,1358,17
1589249478.9261026,10.10.0.10,173.194.151.108,,,41505,443,0,37,17
1589249478.938127,173.194.151.108,10.10.0.10,,,443,41505,0,1358,17
1589249478.9520922,173.194.151.108,10.10.0.10,,,443,41505,0,1358,17
1589249478.954459,10.10.0.10,173.194.151.108,,,41505,443,0,37,17
1589249478.9660606,173.194.151.108,10.10.0.10,,,443,41505,0,1358,17
1589249478.981708,173.194.151.108,10.10.0.10,,,443,41505,0,1358,17
1589249478.983204,10.10.0.10,173.194.151.108,,,41505,443,0,37,17
1589249478.9956849,173.194.151.108,10.10.0.10,,,443,41505,0,1358,17
1589249479.009656,173.194.151.108,10.10.0.10,,,443,41505,0,1358,17
1589249479.0114741,10.10.0.10,173.194.151.108,,,41505,443,0,37,17
1589249479.0236268,173.194.151.108,10.10.0.10,,,443,41505,0,1358,17
1589249479.037618,173.194.151.108,10.10.0.10,,,443,41505,0,1358,17
1589249479.0393472,10.10.0.10,173.194.151.108,,,41505,443,0,37,17
1589249479.0515714,173.194.151.108,10.10.0.10,,,443,41505,0,1358,17
1589249479.0655582,173.194.151.108,10.10.0.10,,,443,41505,0,1358,17
1589249479.0673358,10.10.0.10,173.194.151.108,,,41505,443,0,37,17
1589249479.0795162,173.194.151.108,10.10.0.10,,,443,41505,0,1358,17
1589249479.093482,173.194.151.108,10.10.0.10,,,443,41505,0,1358,17
1589249479.0953245,10.10.0.10,173.194.151.108,,,41505,443,0,37,17
1589249479.1074598,173.194.151.108,10.10.0.10,,,443,41505,0,1358,17
1589249479.121431,173.194.151.108,10.10.0.10,,,443,41505,0,1358,17
1589249479.123198,10.10.0.10,173.194.151.108,,,41505,443,0,37,17
1589249479.135401,173.194.151.108,10.10.0.10,,,443,41505,0,1358,17
1589249479.1493795,173.194.151.108,10.10.0.10,,,443,41505,0,1358,17
1589249479.151072,10.10.0.10,173.194.151.108,,,41505,443,0,37,17
1589249479.163369,173.194.151.108,10.10.0.10,,,443,41505,0,1358,17
1589249479.1773224,173.194.151.108,10.10.0.10,,,443,41505,0,1358,17
1589249479.1792169,10.10.0.10,173.194.151.108,,,41505,443,0,37,17
1589249479.1913102,173.194.151.108,10.10.0.10,,,443,41505,0,1358,17
1589249479.205268,173.194.151.108,10.10.0.10,,,443,41505,0,1358,17
1589249479.2070918,10.10.0.10,173.194.151.108,,,41505,443,0,37,17
1589249479.2192428,173.194.151.108,10.10.0.10,,,443,41505,0,1358,17
1589249479.23489,173.194.151.108,10.10.0.10,,,443,41505,0,1358,17
1589249479.2365706,10.10.0.10,173.194.151.108,,,41505,443,0,37,17
1589249479.2488678,173.194.151.108,10.10.0.10,,,443,41505,0,1358,17
1589249479.2628329,173.194.151.108,10.10.0.10,,,443,41505,0,1358,17
1589249479.2649472,10.10.0.10,173.194.151.108,,,41505,443,0,37,17
1589249479.276811,173.194.151.108,10.10.0.10,,,443,41505,0,1358,17
1589249479.290778,173.194.151.108,10.10.0.10,,,443,41505,0,1358,17
1589249479.2924454,10.10.0.10,173.194.151.108,,,41505,443,0,37,17
1589249479.304749,173.194.151.108,10.10.0.10,,,443,41505,0,1358,17
1589249479.318737,173.194.151.108,10.10.0.10,,,443,41505,0,1358,17
1589249479.3204648,10.10.0.10,173.194.151.108,,,41505,443,0,37,17
1589249479.3326972,173.194.151.108,10.10.0.10,,,443,41505,0,1358,17
1589249479.3466759,173.194.151.108,10.10.0.10,,,443,41505,0,1358,17
1589249479.3483222,10.10.0.10,173.194.151.108,,,41505,443,0,37,17
1589249479.360639,173.194.151.108,10.10.0.10,,,443,41505,0,1358,17
1589249479.374614,173.194.151.108,10.10.0.10,,,443,41505,0,1358,17
1589249479.376067,10.10.0.10,173.194.151.108,,,41505,443,0,50,17
1589249479.388584,173.194.151.108,10.10.0.10,,,443,41505,0,1358,17
1589249479.4025571,173.194.151.108,10.10.0.10,,,443,41505,0,1358,17
1589249479.4040658,10.10.0.10,173.194.151.108,,,41505,443,0,37,17
1589249479.416529,173.194.151.108,10.10.0.10,,,443,41505,0,1358,17
1589249479.4305036,173.194.151.108,10.10.0.10,,,443,41505,0,1358,17
1589249479.432086,10.10.0.10,173.194.151.108,,,41505,443,0,37,17
1589249479.4444866,173.194.151.108,10.10.0.10,,,443,41505,0,1358,17
1589249479.4584498,173.194.151.108,10.10.0.10,,,443,41505,0,29,17
1589249479.4590788,173.194.151.108,10.10.0.10,,,443,41505,0,1358,17
1589249479.4605858,10.10.0.10,173.194.151.108,,,41505,443,0,37,17
1589249479.4730532,173.194.151.108,10.10.0.10,,,443,41505,0,1358,17
1589249479.487023,173.194.151.108,10.10.0.10,,,443,41505,0,1358,17
1589249479.4897091,10.10.0.10,173.194.151.108,,,41505,443,0,37,17
1589249479.500996,173.194.151.108,10.10.0.10,,,443,41505,0,1358,17
1589249479.514982,173.194.151.108,10.10.0.10,,,443,41505,0,1358,17
1589249479.516566,10.10.0.10,173.194.151.108,,,41505,443,0,37,17
1589249479.528942,173.194.151.108,10.10.0.10,,,443,41505,0,1358,17
1589249479.5429196,173.194.151.108,10.10.0.10,,,443,41505,0,1358,17
1589249479.556885,173.194.151.108,10.10.0.10,,,443,41505,0,1358,17
1589249479.557803,10.10.0.10,173.194.151.108,,,41505,443,0,37,17
1589249479.5708542,173.194.151.108,10.10.0.10,,,443,41505,0,1358,17
1589249479.5729349,10.10.0.10,173.194.151.108,,,41505,443,0,37,17
1589249479.584826,173.194.151.108,10.10.0.10,,,443,41505,0,1358,17
1589249479.598798,173.194.151.108,10.10.0.10,,,443,41505,0,1358,17
1589249479.600455,10.10.0.10,173.194.151.108,,,41505,443,0,37,17
1589249479.6127708,173.194.151.108,10.10.0.10,,,443,41505,0,1358,17
1589249479.626744,173.194.151.108,10.10.0.10,,,443,41505,0,1358,17
1589249479.629071,10.10.0.10,173.194.151.108,,,41505,443,0,37,17
1589249479.6407342,173.194.151.108,10.10.0.10,,,443,41505,0,1358,17
1589249479.65469,173.194.151.108,10.10.0.10,,,443,41505,0,1358,17
1589249479.6563306,10.10.0.10,173.194.151.108,,,41505,443,0,37,17
1589249479.66866,173.194.151.108,10.10.0.10,,,443,41505,0,1358,17
1589249479.6826339,173.194.151.108,10.10.0.10,,,443,41505,0,1358,17
1589249479.684453,10.10.0.10,173.194.151.108,,,41505,443,0,37,17
1589249479.6966045,173.194.151.108,10.10.0.10,,,443,41505,0,1358,17
1589249479.710579,173.194.151.108,10.10.0.10,,,443,41505,0,1358,17
1589249479.712306,10.10.0.10,173.194.151.108,,,41505,443,0,37,17
1589249479.7245526,173.194.151.108,10.10.0.10,,,443,41505,0,1358,17
1589249479.7385242,173.194.151.108,10.10.0.10,,,443,41505,0,1358,17
1589249479.740027,10.10.0.10,173.194.151.108,,,41505,443,0,37,17
1589249479.7524931,173.194.151.108,10.10.0.10,,,443,41505,0,1358,17
1589249479.766472,173.194.151.108,10.10.0.10,,,443,41505,0,1358,17
1589249479.768055,10.10.0.10,173.194.151.108,,,41505,443,0,37,17
1589249479.780447,173.194.151.108,10.10.0.10,,,443,41505,0,1358,17
1589249479.7944188,173.194.151.108,10.10.0.10,,,443,41505,0,1358,17
1589249479.796078,10.10.0.10,173.194.151.108,,,41505,443,0,37,17
1589249479.8083892,173.194.151.108,10.10.0.10,,,443,41505,0,1358,17
1589249479.822362,173.194.151.108,10.10.0.10,,,443,41505,0,1358,17
1589249479.824054,10.10.0.10,173.194.151.108,,,41505,443,0,37,17
1589249479.836349,173.194.151.108,10.10.0.10,,,443,41505,0,1358,17
1589249479.850306,173.194.151.108,10.10.0.10,,,443,41505,0,1358,17
1589249479.852821,10.10.0.10,173.194.151.108,,,41505,443,0,37,17
1589249479.864273,173.194.151.108,10.10.0.10,,,443,41505,0,1358,17
1589249479.87825,173.194.151.108,10.10.0.10,,,443,41505,0,1358,17
1589249479.880697,10.10.0.10,173.194.151.108,,,41505,443,0,37,17
1589249479.892228,173.194.151.108,10.10.0.10,,,443,41505,0,1358,17
1589249479.906195,173.194.151.108,10.10.0.10,,,443,41505,0,1358,17
1589249479.907808,10.10.0.10,173.194.151.108,,,41505,443,0,37,17
1589249479.9201686,173.194.151.108,10.10.0.10,,,443,41505,0,1358,17
1589249479.934158,173.194.151.108,10.10.0.10,,,443,41505,0,1358,17
1589249479.936053,10.10.0.10,173.194.151.108,,,41505,443,0,50,17
1589249479.9481142,173.194.151.108,10.10.0.10,,,443,41505,0,1358,17
1589249479.9620988,173.194.151.108,10.10.0.10,,,443,41505,0,1358,17
1589249479.963666,10.10.0.10,173.194.151.108,,,41505,443,0,37,17
1589249479.976058,173.194.151.108,10.10.0.10,,,443,41505,0,1358,17
1589249479.990031,173.194.151.108,10.10.0.10,,,443,41505,0,1358,17
1589249479.991692,10.10.0.10,173.194.151.108,,,41505,443,0,37,17
1589249480.0040028,173.194.151.108,10.10.0.10,,,443,41505,0,1358,17
1589249480.017976,173.194.151.108,10.10.0.10,,,443,41505,0,1358,17
1589249480.019662,10.10.0.10,173.194.151.108,,,41505,443,0,37,17
1589249480.0319688,173.194.151.108,10.10.0.10,,,443,41505,0,1358,17
1589249480.04592,173.194.151.108,10.10.0.10,,,443,41505,0,1358,17
1589249480.047696,10.10.0.10,173.194.151.108,,,41505,443,0,37,17
1589249480.059905,173.194.151.108,10.10.0.10,,,443,41505,0,1358,17
1589249480.0738692,173.194.151.108,10.10.0.10,,,443,41505,0,1358,17
1589249480.0756931,10.10.0.10,173.194.151.108,,,41505,443,0,37,17
1589249480.087843,173.194.151.108,10.10.0.10,,,443,41505,0,1358,17
1589249480.101812,173.194.151.108,10.10.0.10,,,443,41505,0,1358,17
1589249480.103659,10.10.0.10,173.194.151.108,,,41505,443,0,37,17
1589249480.115779,173.194.151.108,10.10.0.10,,,443,41505,0,1358,17
1589249480.1297562,173.194.151.108,10.10.0.10,,,443,41505,0,1358,17
1589249480.131438,10.10.0.10,173.194.151.108,,,41505,443,0,37,17
1589249480.143728,173.194.151.108,10.10.0.10,,,443,41505,0,1358,17
1589249480.1577132,173.194.151.108,10.10.0.10,,,443,41505,0,1358,17
1589249480.1595626,10.10.0.10,173.194.151.108,,,41505,443,0,37,17
1589249480.171672,173.194.151.108,10.10.0.10,,,443,41505,0,1358,17
1589249480.1856518,173.194.151.108,10.10.0.10,,,443,41505,0,1358,17
1589249480.187565,10.10.0.10,173.194.151.108,,,41505,443,0,37,17
1589249480.199612,173.194.151.108,10.10.0.10,,,443,41505,0,1358,17
1589249480.213591,173.194.151.108,10.10.0.10,,,443,41505,0,1358,17
1589249480.2155626,10.10.0.10,173.194.151.108,,,41505,443,0,37,17
1589249480.227558,173.194.151.108,10.10.0.10,,,443,41505,0,1358,17
1589249480.241534,173.194.151.108,10.10.0.10,,,443,41505,0,1358,17
1589249480.243291,10.10.0.10,173.194.151.108,,,41505,443,0,37,17
1589249480.255507,173.194.151.108,10.10.0.10,,,443,41505,0,1358,17
1589249480.2694788,173.194.151.108,10.10.0.10,,,443,41505,0,1358,17
1589249480.271311,10.10.0.10,173.194.151.108,,,41505,443,0,37,17
1589249480.283463,173.194.151.108,10.10.0.10,,,443,41505,0,1358,17
1589249480.297425,173.194.151.108,10.10.0.10,,,443,41505,0,1358,17
1589249480.299186,10.10.0.10,173.194.151.108,,,41505,443,0,37,17
1589249480.311398,173.194.151.108,10.10.0.10,,,443,41505,0,1358,17
1589249480.325368,173.194.151.108,10.10.0.10,,,443,41505,0,1358,17
1589249480.332809,10.10.0.10,173.194.151.108,,,41505,443,0,37,17
1589249480.3393412,173.194.151.108,10.10.0.10,,,443,41505,0,1358,17
1589249480.3533332,173.194.151.108,10.10.0.10,,,443,41505,0,1358,17
1589249480.3551672,10.10.0.10,173.194.151.108,,,41505,443,0,37,17
1589249480.367286,173.194.151.108,10.10.0.10,,,443,41505,0,1358,17
1589249480.381272,173.194.151.108,10.10.0.10,,,443,41505,0,1358,17
1589249480.3827894,10.10.0.10,173.194.151.108,,,41505,443,0,37,17
1589249480.395231,173.194.151.108,10.10.0.10,,,443,41505,0,1358,17
1589249480.409201,173.194.151.108,10.10.0.10,,,443,41505,0,1358,17
1589249480.410938,10.10.0.10,173.194.151.108,,,41505,443,0,37,17
1589249480.423175,173.194.151.108,10.10.0.10,,,443,41505,0,1358,17
1589249480.437149,173.194.151.108,10.10.0.10,,,443,41505,0,1358,17
1589249480.438911,10.10.0.10,173.194.151.108,,,41505,443,0,37,17
1589249480.4511206,173.194.151.108,10.10.0.10,,,443,41505,0,1358,17
1589249480.4650931,173.194.151.108,10.10.0.10,,,443,41505,0,1358,17
1589249480.466651,10.10.0.10,173.194.151.108,,,41505,443,0,37,17
1589249480.479079,173.194.151.108,10.10.0.10,,,443,41505,0,1358,17
1589249480.4930382,173.194.151.108,10.10.0.10,,,443,41505,0,1358,17
1589249480.494909,10.10.0.10,173.194.151.108,,,41505,443,0,50,17
1589249480.507016,173.194.151.108,10.10.0.10,,,443,41505,0,1358,17
1589249480.520983,173.194.151.108,10.10.0.10,,,443,41505,0,1358,17
1589249480.522782,10.10.0.10,173.194.151.108,,,41505,443,0,37,17
1589249480.5349548,173.194.151.108,10.10.0.10,,,443,41505,0,1358,17
1589249480.5489302,173.194.151.108,10.10.0.10,,,443,41505,0,1358,17
1589249480.551176,10.10.0.10,173.194.151.108,,,41505,443,0,37,17
1589249480.5628998,173.194.151.108,10.10.0.10,,,443,41505,0,1358,17
1589249480.576874,173.194.151.108,10.10.0.10,,,443,41505,0,1358,17
1589249480.5785306,10.10.0.10,173.194.151.108,,,41505,443,0,37,17
1589249480.5908446,173.194.151.108,10.10.0.10,,,443,41505,0,1358,17
1589249480.604816,173.194.151.108,10.10.0.10,,,443,41505,0,1358,17
1589249480.608537,10.10.0.10,173.194.151.108,,,41505,443,0,37,17
1589249480.618784,173.194.151.108,10.10.0.10,,,443,41505,0,1358,17
1589249480.6327634,173.194.151.108,10.10.0.10,,,443,41505,0,1358,17
1589249480.6344259,10.10.0.10,173.194.151.108,,,41505,443,0,37,17
1589249480.646733,173.194.151.108,10.10.0.10,,,443,41505,0,1358,17
1589249480.660701,173.194.151.108,10.10.0.10,,,443,41505,0,1358,17
1589249480.6623812,10.10.0.10,173.194.151.108,,,41505,443,0,37,17
1589249480.6746778,173.194.151.108,10.10.0.10,,,443,41505,0,1358,17
1589249480.68865,173.194.151.108,10.10.0.10,,,443,41505,0,1358,17
1589249480.690279,10.10.0.10,173.194.151.108,,,41505,443,0,37,17
1589249480.7026205,173.194.151.108,10.10.0.10,,,443,41505,0,1358,17
1589249480.7165911,173.194.151.108,10.10.0.10,,,443,41505,0,1358,17
1589249480.71828,10.10.0.10,173.194.151.108,,,41505,443,0,37,17
1589249480.7315972,173.194.151.108,10.10.0.10,,,443,41505,0,1358,17
1589249480.745576,173.194.151.108,10.10.0.10,,,443,41505,0,1358,17
1589249480.747174,10.10.0.10,173.194.151.108,,,41505,443,0,37,17
1589249480.7595446,173.194.151.108,10.10.0.10,,,443,41505,0,1358,17
1589249480.773519,173.194.151.108,10.10.0.10,,,443,41505,0,1358,17
1589249480.7752788,10.10.0.10,173.194.151.108,,,41505,443,0,37,17
1589249480.7875106,173.194.151.108,10.10.0.10,,,443,41505,0,1358,17
1589249480.801468,173.194.151.108,10.10.0.10,,,443,41505,0,1358,17
1589249480.803025,10.10.0.10,173.194.151.108,,,41505,443,0,37,17
1589249480.815447,173.194.151.108,10.10.0.10,,,443,41505,0,1358,17
1589249480.829407,173.194.151.108,10.10.0.10,,,443,41505,0,1358,17
1589249480.8433812,173.194.151.108,10.10.0.10,,,443,41505,0,1358,17
1589249480.8443868,10.10.0.10,173.194.151.108,,,41505,443,0,37,17
1589249480.857352,173.194.151.108,10.10.0.10,,,443,41505,0,1358,17
1589249480.859042,10.10.0.10,173.194.151.108,,,41505,443,0,37,17
1589249480.871324,173.194.151.108,10.10.0.10,,,443,41505,0,1358,17
1589249480.885318,173.194.151.108,10.10.0.10,,,443,41505,0,1358,17
1589249480.889024,10.10.0.10,173.194.151.108,,,41505,443,0,37,17
1589249480.8992689,173.194.151.108,10.10.0.10,,,443,41505,0,1358,17
1589249480.9132562,173.194.151.108,10.10.0.10,,,443,41505,0,1358,17
1589249480.9152439,10.10.0.10,173.194.151.108,,,41505,443,0,37,17
1589249480.9272141,173.194.151.108,10.10.0.10,,,443,41505,0,1358,17
1589249480.9411938,173.194.151.108,10.10.0.10,,,443,41505,0,1358,17
1589249480.9441662,10.10.0.10,173.194.151.108,,,41505,443,0,37,17
1589249480.95516,173.194.151.108,10.10.0.10,,,443,41505,0,1358,17
1589249480.969134,173.194.151.108,10.10.0.10,,,443,41505,0,1358,17
1589249480.9706454,10.10.0.10,173.194.151.108,,,41505,443,0,37,17
1589249480.9831052,173.194.151.108,10.10.0.10,,,443,41505,0,1358,17
1589249480.9970784,173.194.151.108,10.10.0.10,,,443,41505,0,1358,17
1589249480.998791,10.10.0.10,173.194.151.108,,,41505,443,0,37,17
1589249481.011063,173.194.151.108,10.10.0.10,,,443,41505,0,1358,17
1589249481.025023,173.194.151.108,10.10.0.10,,,443,41505,0,1358,17
1589249481.027643,10.10.0.10,173.194.151.108,,,41505,443,0,37,17
1589249481.039002,173.194.151.108,10.10.0.10,,,443,41505,0,1358,17
1589249481.052969,173.194.151.108,10.10.0.10,,,443,41505,0,1358,17
1589249481.054643,10.10.0.10,173.194.151.108,,,41505,443,0,50,17
1589249481.0669384,173.194.151.108,10.10.0.10,,,443,41505,0,1358,17
1589249481.080909,173.194.151.108,10.10.0.10,,,443,41505,0,1358,17
1589249481.0827599,10.10.0.10,173.194.151.108,,,41505,443,0,37,17
1589249481.094882,173.194.151.108,10.10.0.10,,,443,41505,0,1358,17
1589249481.108857,173.194.151.108,10.10.0.10,,,443,41505,0,1358,17
1589249481.110519,10.10.0.10,173.194.151.108,,,41505,443,0,37,17
1589249481.1228292,173.194.151.108,10.10.0.10,,,443,41505,0,1358,17
1589249481.136814,173.194.151.108,10.10.0.10,,,443,41505,0,1358,17
1589249481.1384099,10.10.0.10,173.194.151.108,,,41505,443,0,37,17
1589249481.150774,173.194.151.108,10.10.0.10,,,443,41505,0,1358,17
1589249481.1647491,173.194.151.108,10.10.0.10,,,443,41505,0,1358,17
1589249481.1670132,10.10.0.10,173.194.151.108,,,41505,443,0,37,17
1589249481.1787179,173.194.151.108,10.10.0.10,,,443,41505,0,1358,17
1589249481.1926908,173.194.151.108,10.10.0.10,,,443,41505,0,1358,17
1589249481.194783,10.10.0.10,173.194.151.108,,,41505,443,0,37,17
1589249481.206683,173.194.151.108,10.10.0.10,,,443,41505,0,1358,17
1589249481.220634,173.194.151.108,10.10.0.10,,,443,41505,0,1358,17
1589249481.222269,10.10.0.10,173.194.151.108,,,41505,443,0,37,17
1589249481.2346199,173.194.151.108,10.10.0.10,,,443,41505,0,1358,17
1589249481.2485795,173.194.151.108,10.10.0.10,,,443,41505,0,1358,17
1589249481.250387,10.10.0.10,173.194.151.108,,,41505,443,0,37,17
1589249481.26256,173.194.151.108,10.10.0.10,,,443,41505,0,1358,17
1589249481.276525,173.194.151.108,10.10.0.10,,,443,41505,0,1358,17
1589249481.278136,10.10.0.10,173.194.151.108,,,41505,443,0,37,17
1589249481.2904954,173.194.151.108,10.10.0.10,,,443,41505,0,1358,17
1589249481.304471,173.194.151.108,10.10.0.10,,,443,41505,0,1358,17
1589249481.306011,10.10.0.10,173.194.151.108,,,41505,443,0,37,17
1589249481.3184445,173.194.151.108,10.10.0.10,,,443,41505,0,1358,17
1589249481.3324294,173.194.151.108,10.10.0.10,,,443,41505,0,1358,17
1589249481.334154,10.10.0.10,173.194.151.108,,,41505,443,0,37,17
1589249481.346387,173.194.151.108,10.10.0.10,,,443,41505,0,1358,17
1589249481.360369,173.194.151.108,10.10.0.10,,,443,41505,0,1358,17
1589249481.362028,10.10.0.10,173.194.151.108,,,41505,443,0,37,17
1589249481.374328,173.194.151.108,10.10.0.10,,,443,41505,0,1358,17
1589249481.3883052,173.194.151.108,10.10.0.10,,,443,41505,0,1358,17
1589249481.389874,10.10.0.10,173.194.151.108,,,41505,443,0,37,17
1589249481.4022758,173.194.151.108,10.10.0.10,,,443,41505,0,1358,17
1589249481.416249,173.194.151.108,10.10.0.10,,,443,41505,0,1358,17
1589249481.418247,10.10.0.10,173.194.151.108,,,41505,443,0,37,17
1589249481.43022,173.194.151.108,10.10.0.10,,,443,41505,0,1358,17
1589249481.444193,173.194.151.108,10.10.0.10,,,443,41505,0,1358,17
1589249481.4459002,10.10.0.10,173.194.151.108,,,41505,443,0,37,17
1589249481.458179,173.194.151.108,10.10.0.10,,,443,41505,0,1358,17
1589249481.4721315,173.194.151.108,10.10.0.10,,,443,41505,0,1358,17
1589249481.473744,10.10.0.10,173.194.151.108,,,41505,443,0,37,17
1589249481.486113,173.194.151.108,10.10.0.10,,,443,41505,0,1358,17
1589249481.500084,173.194.151.108,10.10.0.10,,,443,41505,0,1358,17
1589249481.502255,10.10.0.10,173.194.151.108,,,41505,443,0,37,17
1589249481.514056,173.194.151.108,10.10.0.10,,,443,41505,0,1358,17
1589249481.5280302,173.194.151.108,10.10.0.10,,,443,41505,0,1358,17
1589249481.5297732,10.10.0.10,173.194.151.108,,,41505,443,0,37,17
1589249481.541999,173.194.151.108,10.10.0.10,,,443,41505,0,1358,17
1589249481.555989,173.194.151.108,10.10.0.10,,,443,41505,0,1358,17
1589249481.5577528,10.10.0.10,173.194.151.108,,,41505,443,0,37,17
1589249481.569944,173.194.151.108,10.10.0.10,,,443,41505,0,1358,17
1589249481.5839276,173.194.151.108,10.10.0.10,,,443,41505,0,1358,17
1589249481.585521,10.10.0.10,173.194.151.108,,,41505,443,0,37,17
1589249481.5978858,173.194.151.108,10.10.0.10,,,443,41505,0,1358,17
1589249481.611858,173.194.151.108,10.10.0.10,,,443,41505,0,1358,17
1589249481.613503,10.10.0.10,173.194.151.108,,,41505,443,0,50,17
1589249481.6258438,173.194.151.108,10.10.0.10,,,443,41505,0,1358,17
1589249481.639803,173.194.151.108,10.10.0.10,,,443,41505,0,1358,17
1589249481.6424,10.10.0.10,173.194.151.108,,,41505,443,0,37,17
1589249481.653775,173.194.151.108,10.10.0.10,,,443,41505,0,1358,17
1589249481.6677456,173.194.151.108,10.10.0.10,,,443,41505,0,1358,17
1589249481.6692624,10.10.0.10,173.194.151.108,,,41505,443,0,37,17
1589249481.68172,173.194.151.108,10.10.0.10,,,443,41505,0,1358,17
1589249481.695693,173.194.151.108,10.10.0.10,,,443,41505,0,1358,17
1589249481.6982772,10.10.0.10,173.194.151.108,,,41505,443,0,37,17
1589249481.709671,173.194.151.108,10.10.0.10,,,443,41505,0,1358,17
1589249481.7236366,173.194.151.108,10.10.0.10,,,443,41505,0,1358,17
1589249481.725376,10.10.0.10,173.194.151.108,,,41505,443,0,37,17
1589249481.7376142,173.194.151.108,10.10.0.10,,,443,41505,0,1358,17
1589249481.751591,173.194.151.108,10.10.0.10,,,443,41505,0,1358,17
1589249481.754998,10.10.0.10,173.194.151.108,,,41505,443,0,37,17
1589249481.765552,173.194.151.108,10.10.0.10,,,443,41505,0,1358,17
1589249481.7795439,173.194.151.108,10.10.0.10,,,443,41505,0,1358,17
1589249481.781266,10.10.0.10,173.194.151.108,,,41505,443,0,37,17
1589249481.7935052,173.194.151.108,10.10.0.10,,,443,41505,0,1358,17
1589249481.807472,173.194.151.108,10.10.0.10,,,443,41505,0,1358,17
1589249481.809246,10.10.0.10,173.194.151.108,,,41505,443,0,37,17
1589249481.8214462,173.194.151.108,10.10.0.10,,,443,41505,0,1358,17
1589249481.835422,173.194.151.108,10.10.0.10,,,443,41505,0,1358,17
1589249481.8372452,10.10.0.10,173.194.151.108,,,41505,443,0,37,17
1589249481.849415,173.194.151.108,10.10.0.10,,,443,41505,0,1358,17
1589249481.8633652,173.194.151.108,10.10.0.10,,,443,41505,0,1358,17
1589249481.8661199,10.10.0.10,173.194.151.108,,,41505,443,0,37,17
1589249481.877352,173.194.151.108,10.10.0.10,,,443,41505,0,1358,17
1589249481.891309,173.194.151.108,10.10.0.10,,,443,41505,0,1358,17
1589249481.893368,10.10.0.10,173.194.151.108,,,41505,443,0,37,17
1589249481.9052925,173.194.151.108,10.10.0.10,,,443,41505,0,1358,17
1589249481.919257,173.194.151.108,10.10.0.10,,,443,41505,0,1358,17
1589249481.922745,10.10.0.10,173.194.151.108,,,41505,443,0,37,17
1589249481.9332285,173.194.151.108,10.10.0.10,,,443,41505,0,1358,17
1589249481.9471982,173.194.151.108,10.10.0.10,,,443,41505,0,1358,17
1589249481.9487422,10.10.0.10,173.194.151.108,,,41505,443,0,37,17
1589249481.961172,173.194.151.108,10.10.0.10,,,443,41505,0,1358,17
1589249481.97516,173.194.151.108,10.10.0.10,,,443,41505,0,1358,17
1589249481.977241,10.10.0.10,173.194.151.108,,,41505,443,0,37,17
1589249481.9891162,173.194.151.108,10.10.0.10,,,443,41505,0,754,17
1589249482.04451,10.10.0.10,173.194.151.108,,,41505,443,0,37,17
1589249484.560549,10.10.0.10,173.194.151.108,,,41505,443,0,723,17
1589249484.560584,10.10.0.10,173.194.151.108,,,41505,443,0,48,17
1589249484.5649161,173.194.151.108,10.10.0.10,,,443,41505,0,29,17
1589249484.5657618,173.194.151.108,10.10.0.10,,,443,41505,0,1358,17
1589249484.565798,173.194.151.108,10.10.0.10,,,443,41505,0,1358,17
1589249484.567688,10.10.0.10,173.194.151.108,,,41505,443,0,37,17
1589249484.577654,173.194.151.108,10.10.0.10,,,443,41505,0,1358,17
1589249484.591625,173.194.151.108,10.10.0.10,,,443,41505,0,1358,17
1589249484.5931401,10.10.0.10,173.194.151.108,,,41505,443,0,37,17
1589249484.605596,173.194.151.108,10.10.0.10,,,443,41505,0,1358,17
1589249484.619587,173.194.151.108,10.10.0.10,,,443,41505,0,1358,17
1589249484.6211832,10.10.0.10,173.194.151.108,,,41505,443,0,37,17
1589249484.633543,173.194.151.108,10.10.0.10,,,443,41505,0,1358,17
1589249484.6475134,173.194.151.108,10.10.0.10,,,443,41505,0,1358,17
1589249484.649434,10.10.0.10,173.194.151.108,,,41505,443,0,37,17
1589249484.6614866,173.194.151.108,10.10.0.10,,,443,41505,0,1358,17
1589249484.675458,173.194.151.108,10.10.0.10,,,443,41505,0,1358,17
1589249484.6894329,173.194.151.108,10.10.0.10,,,443,41505,0,1358,17
1589249484.692535,10.10.0.10,173.194.151.108,,,41505,443,0,37,17
1589249484.703403,173.194.151.108,10.10.0.10,,,443,41505,0,1358,17
1589249484.705056,10.10.0.10,173.194.151.108,,,41505,443,0,37,17
1589249484.717377,173.194.151.108,10.10.0.10,,,443,41505,0,1358,17
1589249484.7313476,173.194.151.108,10.10.0.10,,,443,41505,0,1358,17
1589249484.734306,10.10.0.10,173.194.151.108,,,41505,443,0,37,17
1589249484.745334,173.194.151.108,10.10.0.10,,,443,41505,0,1358,17
1589249484.7593012,173.194.151.108,10.10.0.10,,,443,41505,0,1358,17
1589249484.7609308,10.10.0.10,173.194.151.108,,,41505,443,0,37,17
1589249484.773275,173.194.151.108,10.10.0.10,,,443,41505,0,1358,17
1589249484.787245,173.194.151.108,10.10.0.10,,,443,41505,0,1358,17
1589249484.7902858,10.10.0.10,173.194.151.108,,,41505,443,0,37,17
1589249484.8012161,173.194.151.108,10.10.0.10,,,443,41505,0,1358,17
1589249484.815204,173.194.151.108,10.10.0.10,,,443,41505,0,1358,17
1589249484.8169081,10.10.0.10,173.194.151.108,,,41505,443,0,37,17
1589249484.829161,173.194.151.108,10.10.0.10,,,443,41505,0,1358,17
1589249484.843141,173.194.151.108,10.10.0.10,,,443,41505,0,1358,17
1589249484.845033,10.10.0.10,173.194.151.108,,,41505,443,0,37,17
1589249484.857105,173.194.151.108,10.10.0.10,,,443,41505,0,1358,17
1589249484.8710804,173.194.151.108,10.10.0.10,,,443,41505,0,1358,17
1589249484.872775,10.10.0.10,173.194.151.108,,,41505,443,0,37,17
1589249484.8850498,173.194.151.108,10.10.0.10,,,443,41505,0,1358,17
1589249484.899024,173.194.151.108,10.10.0.10,,,443,41505,0,1358,17
1589249484.900528,10.10.0.10,173.194.151.108,,,41505,443,0,37,17
1589249484.9129958,173.194.151.108,10.10.0.10,,,443,41505,0,1358,17
1589249484.9269679,173.194.151.108,10.10.0.10,,,443,41505,0,1358,17
1589249484.9286554,10.10.0.10,173.194.151.108,,,41505,443,0,37,17
1589249484.940952,173.194.151.108,10.10.0.10,,,443,41505,0,1358,17
1589249484.9549134,173.194.151.108,10.10.0.10,,,443,41505,0,1358,17
1589249484.956425,10.10.0.10,173.194.151.108,,,41505,443,0,37,17
1589249484.968889,173.194.151.108,10.10.0.10,,,443,41505,0,1358,17
1589249484.982858,173.194.151.108,10.10.0.10,,,443,41505,0,1358,17
1589249484.984551,10.10.0.10,173.194.151.108,,,41505,443,0,37,17
1589249484.9968288,173.194.151.108,10.10.0.10,,,443,41505,0,1358,17
1589249485.0107946,173.194.151.108,10.10.0.10,,,443,41505,0,1358,17
1589249485.012399,10.10.0.10,173.194.151.108,,,41505,443,0,37,17
1589249485.024774,173.194.151.108,10.10.0.10,,,443,41505,0,1358,17
1589249485.03876,173.194.151.108,10.10.0.10,,,443,41505,0,1358,17
1589249485.0405474,10.10.0.10,173.194.151.108,,,41505,443,0,37,17
1589249485.0527198,173.194.151.108,10.10.0.10,,,443,41505,0,1358,17
1589249485.0666988,173.194.151.108,10.10.0.10,,,443,41505,0,1358,17
1589249485.068671,10.10.0.10,173.194.151.108,,,41505,443,0,37,17
1589249485.0806668,173.194.151.108,10.10.0.10,,,443,41505,0,1358,17
1589249485.0946338,173.194.151.108,10.10.0.10,,,443,41505,0,1358,17
1589249485.0974042,10.10.0.10,173.194.151.108,,,41505,443,0,50,17
1589249485.10861,173.194.151.108,10.10.0.10,,,443,41505,0,1358,17
1589249485.1225822,173.194.151.108,10.10.0.10,,,443,41505,0,1358,17
1589249485.124422,10.10.0.10,173.194.151.108,,,41505,443,0,37,17
1589249485.136576,173.194.151.108,10.10.0.10,,,443,41505,0,1358,17
1589249485.150525,173.194.151.108,10.10.0.10,,,443,41505,0,1358,17
1589249485.1521492,10.10.0.10,173.194.151.108,,,41505,443,0,37,17
1589249485.164506,173.194.151.108,10.10.0.10,,,443,41505,0,1358,17
1589249485.1784694,173.194.151.108,10.10.0.10,,,443,41505,0,1358,17
1589249485.1800444,10.10.0.10,173.194.151.108,,,41505,443,0,37,17
1589249485.192441,173.194.151.108,10.10.0.10,,,443,41505,0,1358,17
1589249485.2064161,173.194.151.108,10.10.0.10,,,443,41505,0,1358,17
1589249485.2082741,10.10.0.10,173.194.151.108,,,41505,443,0,37,17
1589249485.2203882,173.194.151.108,10.10.0.10,,,443,41505,0,1358,17
1589249485.234359,173.194.151.108,10.10.0.10,,,443,41505,0,1358,17
1589249485.236263,10.10.0.10,173.194.151.108,,,41505,443,0,37,17
1589249485.2483351,173.194.151.108,10.10.0.10,,,443,41505,0,1358,17
1589249485.262325,173.194.151.108,10.10.0.10,,,443,41505,0,1358,17
1589249485.2639878,10.10.0.10,173.194.151.108,,,41505,443,0,37,17
1589249485.276279,173.194.151.108,10.10.0.10,,,443,41505,0,1358,17
1589249485.290255,173.194.151.108,10.10.0.10,,,443,41505,0,1358,17
1589249485.2918954,10.10.0.10,173.194.151.108,,,41505,443,0,37,17
1589249485.304223,173.194.151.108,10.10.0.10,,,443,41505,0,1358,17
1589249485.3181946,173.194.151.108,10.10.0.10,,,443,41505,0,1358,17
1589249485.3199148,10.10.0.10,173.194.151.108,,,41505,443,0,37,17
1589249485.33219,173.194.151.108,10.10.0.10,,,443,41505,0,1358,17
1589249485.346138,173.194.151.108,10.10.0.10,,,443,41505,0,1358,17
1589249485.347913,10.10.0.10,173.194.151.108,,,41505,443,0,37,17
1589249485.360128,173.194.151.108,10.10.0.10,,,443,41505,0,1358,17
1589249485.3740828,173.194.151.108,10.10.0.10,,,443,41505,0,1358,17
1589249485.3756359,10.10.0.10,173.194.151.108,,,41505,443,0,37,17
1589249485.3880658,173.194.151.108,10.10.0.10,,,443,41505,0,1358,17
1589249485.40203,173.194.151.108,10.10.0.10,,,443,41505,0,1358,17
1589249485.4045148,10.10.0.10,173.194.151.108,,,41505,443,0,37,17
1589249485.415999,173.194.151.108,10.10.0.10,,,443,41505,0,1358,17
1589249485.4299722,173.194.151.108,10.10.0.10,,,443,41505,0,1358,17
1589249485.4346302,10.10.0.10,173.194.151.108,,,41505,443,0,37,17
1589249485.4439485,173.194.151.108,10.10.0.10,,,443,41505,0,1358,17
1589249485.457937,173.194.151.108,10.10.0.10,,,443,41505,0,1358,17
1589249485.45964,10.10.0.10,173.194.151.108,,,41505,443,0,37,17
1589249485.47189,173.194.151.108,10.10.0.10,,,443,41505,0,1358,17
1589249485.485871,173.194.151.108,10.10.0.10,,,443,41505,0,1358,17
1589249485.487659,10.10.0.10,173.194.151.108,,,41505,443,0,37,17
1589249485.499839,173.194.151.108,10.10.0.10,,,443,41505,0,1358,17
1589249485.5138118,173.194.151.108,10.10.0.10,,,443,41505,0,1358,17
1589249485.51566,10.10.0.10,173.194.151.108,,,41505,443,0,37,17
1589249485.5277882,173.194.151.108,10.10.0.10,,,443,41505,0,1358,17
1589249485.5417528,173.194.151.108,10.10.0.10,,,443,41505,0,1358,17
1589249485.5433788,10.10.0.10,173.194.151.108,,,41505,443,0,37,17
1589249485.5557199,173.194.151.108,10.10.0.10,,,443,41505,0,1358,17
1589249485.569691,173.194.151.108,10.10.0.10,,,443,41505,0,1358,17
1589249485.5713892,10.10.0.10,173.194.151.108,,,41505,443,0,37,17
1589249485.5836658,173.194.151.108,10.10.0.10,,,443,41505,0,1358,17
1589249485.5976374,173.194.151.108,10.10.0.10,,,443,41505,0,1358,17
1589249485.599282,10.10.0.10,173.194.151.108,,,41505,443,0,37,17
1589249485.611611,173.194.151.108,10.10.0.10,,,443,41505,0,1358,17
1589249485.625581,173.194.151.108,10.10.0.10,,,443,41505,0,1358,17
1589249485.6290214,10.10.0.10,173.194.151.108,,,41505,443,0,37,17
1589249485.639558,173.194.151.108,10.10.0.10,,,443,41505,0,1358,17
1589249485.653528,173.194.151.108,10.10.0.10,,,443,41505,0,1358,17
1589249485.6552515,10.10.0.10,173.194.151.108,,,41505,443,0,50,17
1589249485.667498,173.194.151.108,10.10.0.10,,,443,41505,0,1358,17
1589249485.681473,173.194.151.108,10.10.0.10,,,443,41505,0,1358,17
1589249485.6831279,10.10.0.10,173.194.151.108,,,41505,443,0,37,17
1589249485.695441,173.194.151.108,10.10.0.10,,,443,41505,0,1358,17
1589249485.7094178,173.194.151.108,10.10.0.10,,,443,41505,0,1358,17
1589249485.712136,10.10.0.10,173.194.151.108,,,41505,443,0,37,17
1589249485.7233891,173.194.151.108,10.10.0.10,,,443,41505,0,1358,17
1589249485.737366,173.194.151.108,10.10.0.10,,,443,41505,0,1358,17
1589249485.7389019,10.10.0.10,173.194.151.108,,,41505,443,0,37,17
1589249485.751339,173.194.151.108,10.10.0.10,,,443,41505,0,1358,17
1589249485.765311,173.194.151.108,10.10.0.10,,,443,41505,0,1358,17
1589249485.767256,10.10.0.10,173.194.151.108,,,41505,443,0,37,17
1589249485.7793012,173.194.151.108,10.10.0.10,,,443,41505,0,1358,17
1589249485.793255,173.194.151.108,10.10.0.10,,,443,41505,0,1358,17
1589249485.7950099,10.10.0.10,173.194.151.108,,,41505,443,0,37,17
1589249485.807238,173.194.151.108,10.10.0.10,,,443,41505,0,1358,17
1589249485.8212008,173.194.151.108,10.10.0.10,,,443,41505,0,1358,17
1589249485.822885,10.10.0.10,173.194.151.108,,,41505,443,0,37,17
1589249485.835177,173.194.151.108,10.10.0.10,,,443,41505,0,1358,17
1589249485.8491461,173.194.151.108,10.10.0.10,,,443,41505,0,1358,17
1589249485.852621,10.10.0.10,173.194.151.108,,,41505,443,0,37,17
1589249485.8631165,173.194.151.108,10.10.0.10,,,443,41505,0,1358,17
1589249485.877089,173.194.151.108,10.10.0.10,,,443,41505,0,1358,17
1589249485.879503,10.10.0.10,173.194.151.108,,,41505,443,0,37,17
1589249485.891063,173.194.151.108,10.10.0.10,,,443,41505,0,1358,17
1589249485.905046,173.194.151.108,10.10.0.10,,,443,41505,0,1358,17
1589249485.9066448,10.10.0.10,173.194.151.108,,,41505,443,0,37,17
1589249485.919008,173.194.151.108,10.10.0.10,,,443,41505,0,1358,17
1589249485.932985,173.194.151.108,10.10.0.10,,,443,41505,0,1358,17
1589249485.934625,10.10.0.10,173.194.151.108,,,41505,443,0,37,17
1589249485.9469519,173.194.151.108,10.10.0.10,,,443,41505,0,1358,17
1589249485.960925,173.194.151.108,10.10.0.10,,,443,41505,0,1358,17
1589249485.9642696,10.10.0.10,173.194.151.108,,,41505,443,0,37,17
1589249485.9748962,173.194.151.108,10.10.0.10,,,443,41505,0,1358,17
1589249485.9888694,173.194.151.108,10.10.0.10,,,443,41505,0,1358,17
1589249485.991252,10.10.0.10,173.194.151.108,,,41505,443,0,37,17
1589249486.0028539,173.194.151.108,10.10.0.10,,,443,41505,0,1358,17
1589249486.016814,173.194.151.108,10.10.0.10,,,443,41505,0,1358,17
1589249486.019845,10.10.0.10,173.194.151.108,,,41505,443,0,37,17
1589249486.0307982,173.194.151.108,10.10.0.10,,,443,41505,0,1358,17
1589249486.044759,173.194.151.108,10.10.0.10,,,443,41505,0,1358,17
1589249486.046488,10.10.0.10,173.194.151.108,,,41505,443,0,37,17
1589249486.0587368,173.194.151.108,10.10.0.10,,,443,41505,0,1358,17
1589249486.0727012,173.194.151.108,10.10.0.10,,,443,41505,0,1358,17
1589249486.074872,10.10.0.10,173.194.151.108,,,41505,443,0,37,17
1589249486.0866768,173.194.151.108,10.10.0.10,,,443,41505,0,1358,17
1589249486.1006682,173.194.151.108,10.10.0.10,,,443,41505,0,1358,17
1589249486.102766,10.10.0.10,173.194.151.108,,,41505,443,0,37,17
1589249486.1146202,173.194.151.108,10.10.0.10,,,443,41505,0,1358,17
1589249486.1286054,173.194.151.108,10.10.0.10,,,443,41505,0,1358,17
1589249486.130269,10.10.0.10,173.194.151.108,,,41505,443,0,37,17
1589249486.142565,173.194.151.108,10.10.0.10,,,443,41505,0,1358,17
1589249486.156542,173.194.151.108,10.10.0.10,,,443,41505,0,1358,17
1589249486.15987,10.10.0.10,173.194.151.108,,,41505,443,0,37,17
1589249486.170511,173.194.151.108,10.10.0.10,,,443,41505,0,1358,17
1589249486.1844828,173.194.151.108,10.10.0.10,,,443,41505,0,1358,17
1589249486.186262,10.10.0.10,173.194.151.108,,,41505,443,0,37,17
1589249486.198455,173.194.151.108,10.10.0.10,,,443,41505,0,1358,17
1589249486.2124288,173.194.151.108,10.10.0.10,,,443,41505,0,1358,17
1589249486.214144,10.10.0.10,173.194.151.108,,,41505,443,0,50,17
1589249486.226417,173.194.151.108,10.10.0.10,,,443,41505,0,1358,17
1589249486.240371,173.194.151.108,10.10.0.10,,,443,41505,0,721,17
1589249486.242018,10.10.0.10,173.194.151.108,,,41505,443,0,37,17
1589249486.2479482,173.194.151.108,10.10.0.10,,,443,41505,0,29,17
1589249487.4497318,10.10.0.10,173.194.151.108,,,41505,443,0,724,17
1589249487.4497638,10.10.0.10,173.194.151.108,,,41505,443,0,48,17
1589249487.4542544,173.194.151.108,10.10.0.10,,,443,41505,0,29,17
1589249487.455617,173.194.151.108,10.10.0.10,,,443,41505,0,1358,17
1589249487.4556534,173.194.151.108,10.10.0.10,,,443,41505,0,1358,17
1589249487.464477,10.10.0.10,173.194.151.108,,,41505,443,0,37,17
1589249487.467511,173.194.151.108,10.10.0.10,,,443,41505,0,1358,17
1589249487.481478,173.194.151.108,10.10.0.10,,,443,41505,0,1358,17
1589249487.484097,10.10.0.10,173.194.151.108,,,41505,443,0,37,17
1589249487.495456,173.194.151.108,10.10.0.10,,,443,41505,0,1358,17
1589249487.50944,173.194.151.108,10.10.0.10,,,443,41505,0,1358,17
1589249487.5112278,10.10.0.10,173.194.151.108,,,41505,443,0,37,17
1589249487.523402,173.194.151.108,10.10.0.10,,,443,41505,0,1358,17
1589249487.5373778,173.194.151.108,10.10.0.10,,,443,41505,0,1358,17
1589249487.5390818,10.10.0.10,173.194.151.108,,,41505,443,0,37,17
1589249487.551344,173.194.151.108,10.10.0.10,,,443,41505,0,1358,17
1589249487.5653179,173.194.151.108,10.10.0.10,,,443,41505,0,1358,17
1589249487.5670788,10.10.0.10,173.194.151.108,,,41505,443,0,37,17
1589249487.5792909,173.194.151.108,10.10.0.10,,,443,41505,0,1358,17
1589249487.593264,173.194.151.108,10.10.0.10,,,443,41505,0,1358,17
1589249487.59483,10.10.0.10,173.194.151.108,,,41505,443,0,37,17
1589249487.607236,173.194.151.108,10.10.0.10,,,443,41505,0,1358,17
1589249487.621207,173.194.151.108,10.10.0.10,,,443,41505,0,1358,17
1589249487.6226974,10.10.0.10,173.194.151.108,,,41505,443,0,37,17
1589249487.635175,173.194.151.108,10.10.0.10,,,443,41505,0,1358,17
1589249487.649153,173.194.151.108,10.10.0.10,,,443,41505,0,1358,17
1589249487.6508482,10.10.0.10,173.194.151.108,,,41505,443,0,37,17
1589249487.663125,173.194.151.108,10.10.0.10,,,443,41505,0,1358,17
1589249487.6771069,173.194.151.108,10.10.0.10,,,443,41505,0,1358,17
1589249487.678803,10.10.0.10,173.194.151.108,,,41505,443,0,37,17
1589249487.691066,173.194.151.108,10.10.0.10,,,443,41505,0,1358,17
1589249487.705038,173.194.151.108,10.10.0.10,,,443,41505,0,1358,17
1589249487.706831,10.10.0.10,173.194.151.108,,,41505,443,0,37,17
1589249487.7190108,173.194.151.108,10.10.0.10,,,443,41505,0,1358,17
1589249487.732984,173.194.151.108,10.10.0.10,,,443,41505,0,1358,17
1589249487.73572,10.10.0.10,173.194.151.108,,,41505,443,0,37,17
1589249487.7469606,173.194.151.108,10.10.0.10,,,443,41505,0,1358,17
1589249487.760928,173.194.151.108,10.10.0.10,,,443,41505,0,1358,17
1589249487.7624419,10.10.0.10,173.194.151.108,,,41505,443,0,37,17
1589249487.774913,173.194.151.108,10.10.0.10,,,443,41505,0,1358,17
1589249487.788876,173.194.151.108,10.10.0.10,,,443,41505,0,1358,17
1589249487.7906988,10.10.0.10,173.194.151.108,,,41505,443,0,37,17
1589249487.802867,173.194.151.108,10.10.0.10,,,443,41505,0,1358,17
1589249487.816822,173.194.151.108,10.10.0.10,,,443,41505,0,1358,17
1589249487.8184712,10.10.0.10,173.194.151.108,,,41505,443,0,37,17
1589249487.8307881,173.194.151.108,10.10.0.10,,,443,41505,0,1358,17
1589249487.844768,173.194.151.108,10.10.0.10,,,443,41505,0,1358,17
1589249487.84632,10.10.0.10,173.194.151.108,,,41505,443,0,37,17
1589249487.858734,173.194.151.108,10.10.0.10,,,443,41505,0,1358,17
1589249487.8727126,173.194.151.108,10.10.0.10,,,443,41505,0,1358,17
1589249487.8744452,10.10.0.10,173.194.151.108,,,41505,443,0,37,17
1589249487.886678,173.194.151.108,10.10.0.10,,,443,41505,0,1358,17
1589249487.900656,173.194.151.108,10.10.0.10,,,443,41505,0,1358,17
1589249487.9023206,10.10.0.10,173.194.151.108,,,41505,443,0,37,17
1589249487.9146268,173.194.151.108,10.10.0.10,,,443,41505,0,1358,17
1589249487.9286132,173.194.151.108,10.10.0.10,,,443,41505,0,1358,17
1589249487.9306939,10.10.0.10,173.194.151.108,,,41505,443,0,37,17
1589249487.942572,173.194.151.108,10.10.0.10,,,443,41505,0,1358,17
1589249487.956552,173.194.151.108,10.10.0.10,,,443,41505,0,1358,17
1589249487.9592788,10.10.0.10,173.194.151.108,,,41505,443,0,37,17
1589249487.9705136,173.194.151.108,10.10.0.10,,,443,41505,0,1358,17
1589249487.984493,173.194.151.108,10.10.0.10,,,443,41505,0,1358,17
1589249487.986072,10.10.0.10,173.194.151.108,,,41505,443,0,50,17
1589249487.99846,173.194.151.108,10.10.0.10,,,443,41505,0,1358,17
1589249488.0124302,173.194.151.108,10.10.0.10,,,443,41505,0,1358,17
1589249488.013943,10.10.0.10,173.194.151.108,,,41505,443,0,37,17
1589249488.026422,173.194.151.108,10.10.0.10,,,443,41505,0,1358,17
1589249488.0403812,173.194.151.108,10.10.0.10,,,443,41505,0,1358,17
1589249488.0419412,10.10.0.10,173.194.151.108,,,41505,443,0,37,17
1589249488.0543466,173.194.151.108,10.10.0.10,,,443,41505,0,1358,17
1589249488.068324,173.194.151.108,10.10.0.10,,,443,41505,0,1358,17
1589249488.070065,10.10.0.10,173.194.151.108,,,41505,443,0,37,17
1589249488.0822964,173.194.151.108,10.10.0.10,,,443,41505,0,1358,17
1589249488.096265,173.194.151.108,10.10.0.10,,,443,41505,0,1358,17
1589249488.0986884,10.10.0.10,173.194.151.108,,,41505,443,0,37,17
1589249488.110241,173.194.151.108,10.10.0.10,,,443,41505,0,1358,17
1589249488.12424,173.194.151.108,10.10.0.10,,,443,41505,0,1358,17
1589249488.1259382,10.10.0.10,173.194.151.108,,,41505,443,0,37,17
1589249488.1381822,173.194.151.108,10.10.0.10,,,443,41505,0,1358,17
1589249488.15217,173.194.151.108,10.10.0.10,,,443,41505,0,1358,17
1589249488.1539395,10.10.0.10,173.194.151.108,,,41505,443,0,37,17
1589249488.166126,173.194.151.108,10.10.0.10,,,443,41505,0,1358,17
1589249488.1801028,173.194.151.108,10.10.0.10,,,443,41505,0,1358,17
1589249488.181936,10.10.0.10,173.194.151.108,,,41505,443,0,37,17
1589249488.194078,173.194.151.108,10.10.0.10,,,443,41505,0,1358,17
1589249488.20805,173.194.151.108,10.10.0.10,,,443,41505,0,1358,17
1589249488.2096848,10.10.0.10,173.194.151.108,,,41505,443,0,37,17
1589249488.222023,173.194.151.108,10.10.0.10,,,443,41505,0,1358,17
1589249488.2359962,173.194.151.108,10.10.0.10,,,443,41505,0,1358,17
1589249488.237578,10.10.0.10,173.194.151.108,,,41505,443,0,37,17
1589249488.2499802,173.194.151.108,10.10.0.10,,,443,41505,0,1358,17
1589249488.263941,173.194.151.108,10.10.0.10,,,443,41505,0,1358,17
1589249488.2654376,10.10.0.10,173.194.151.108,,,41505,443,0,37,17
1589249488.2779162,173.194.151.108,10.10.0.10,,,443,41505,0,1358,17
1589249488.2918842,173.194.151.108,10.10.0.10,,,443,41505,0,1358,17
1589249488.293808,10.10.0.10,173.194.151.108,,,41505,443,0,37,17
1589249488.305857,173.194.151.108,10.10.0.10,,,443,41505,0,1358,17
1589249488.319825,173.194.151.108,10.10.0.10,,,443,41505,0,1358,17
1589249488.32156,10.10.0.10,173.194.151.108,,,41505,443,0,37,17
1589249488.333801,173.194.151.108,10.10.0.10,,,443,41505,0,1358,17
1589249488.347789,173.194.151.108,10.10.0.10,,,443,41505,0,1358,17
1589249488.3493068,10.10.0.10,173.194.151.108,,,41505,443,0,37,17
1589249488.361751,173.194.151.108,10.10.0.10,,,443,41505,0,1358,17
1589249488.3757286,173.194.151.108,10.10.0.10,,,443,41505,0,1358,17
1589249488.37745,10.10.0.10,173.194.151.108,,,41505,443,0,37,17
1589249488.389689,173.194.151.108,10.10.0.10,,,443,41505,0,1358,17
1589249488.4036634,173.194.151.108,10.10.0.10,,,443,41505,0,1358,17
1589249488.405431,10.10.0.10,173.194.151.108,,,41505,443,0,37,17
1589249488.417636,173.194.151.108,10.10.0.10,,,443,41505,0,1358,17
1589249488.431608,173.194.151.108,10.10.0.10,,,443,41505,0,1358,17
1589249488.433324,10.10.0.10,173.194.151.108,,,41505,443,0,37,17
1589249488.445601,173.194.151.108,10.10.0.10,,,443,41505,0,1358,17
1589249488.459552,173.194.151.108,10.10.0.10,,,443,41505,0,1358,17
1589249488.4613216,10.10.0.10,173.194.151.108,,,41505,443,0,37,17
1589249488.473537,173.194.151.108,10.10.0.10,,,443,41505,0,1358,17
1589249488.4874961,173.194.151.108,10.10.0.10,,,443,41505,0,1358,17
1589249488.4894278,10.10.0.10,173.194.151.108,,,41505,443,0,37,17
1589249488.5014749,173.194.151.108,10.10.0.10,,,443,41505,0,1358,17
1589249488.515441,173.194.151.108,10.10.0.10,,,443,41505,0,1358,17
1589249488.529417,173.194.151.108,10.10.0.10,,,443,41505,0,1358,17
1589249488.533418,10.10.0.10,173.194.151.108,,,41505,443,0,37,17
1589249488.543385,173.194.151.108,10.10.0.10,,,443,41505,0,1358,17
1589249488.5450509,10.10.0.10,173.194.151.108,,,41505,443,0,50,17
1589249488.5573635,173.194.151.108,10.10.0.10,,,443,41505,0,1358,17
1589249488.571347,173.194.151.108,10.10.0.10,,,443,41505,0,1358,17
1589249488.5729475,10.10.0.10,173.194.151.108,,,41505,443,0,37,17
1589249488.5853028,173.194.151.108,10.10.0.10,,,443,41505,0,1358,17
1589249488.5992901,173.194.151.108,10.10.0.10,,,443,41505,0,1358,17
1589249488.601269,10.10.0.10,173.194.151.108,,,41505,443,0,37,17
1589249488.6132472,173.194.151.108,10.10.0.10,,,443,41505,0,29,17
1589249488.613889,173.194.151.108,10.10.0.10,,,443,41505,0,1358,17
1589249488.6295214,173.194.151.108,10.10.0.10,,,443,41505,0,1358,17
1589249488.631418,10.10.0.10,173.194.151.108,,,41505,443,0,37,17
1589249488.643503,173.194.151.108,10.10.0.10,,,443,41505,0,1358,17
1589249488.6574738,173.194.151.108,10.10.0.10,,,443,41505,0,1358,17
1589249488.659041,10.10.0.10,173.194.151.108,,,41505,443,0,37,17
1589249488.6714668,173.194.151.108,10.10.0.10,,,443,41505,0,1358,17
1589249488.685418,173.194.151.108,10.10.0.10,,,443,41505,0,1358,17
1589249488.68716,10.10.0.10,173.194.151.108,,,41505,443,0,37,17
1589249488.6994042,173.194.151.108,10.10.0.10,,,443,41505,0,1358,17
1589249488.7133632,173.194.151.108,10.10.0.10,,,443,41505,0,1358,17
1589249488.715013,10.10.0.10,173.194.151.108,,,41505,443,0,37,17
1589249488.7273388,173.194.151.108,10.10.0.10,,,443,41505,0,1358,17
1589249488.7413082,173.194.151.108,10.10.0.10,,,443,41505,0,1358,17
1589249488.7439148,10.10.0.10,173.194.151.108,,,41505,443,0,37,17
1589249488.755282,173.194.151.108,10.10.0.10,,,443,41505,0,1358,17
1589249488.769259,173.194.151.108,10.10.0.10,,,443,41505,0,1358,17
1589249488.770794,10.10.0.10,173.194.151.108,,,41505,443,0,37,17
1589249488.7832286,173.194.151.108,10.10.0.10,,,443,41505,0,1358,17
1589249488.797214,173.194.151.108,10.10.0.10,,,443,41505,0,1358,17
1589249488.798794,10.10.0.10,173.194.151.108,,,41505,443,0,37,17
1589249488.811169,173.194.151.108,10.10.0.10,,,443,41505,0,1358,17
1589249488.82515,173.194.151.108,10.10.0.10,,,443,41505,0,1358,17
1589249488.827062,10.10.0.10,173.194.151.108,,,41505,443,0,37,17
1589249488.839114,173.194.151.108,10.10.0.10,,,443,41505,0,1358,17
1589249488.8530908,173.194.151.108,10.10.0.10,,,443,41505,0,1358,17
1589249488.8550642,10.10.0.10,173.194.151.108,,,41505,443,0,37,17
1589249488.8670616,173.194.151.108,10.10.0.10,,,443,41505,0,1358,17
1589249488.881034,173.194.151.108,10.10.0.10,,,443,41505,0,1358,17
1589249488.882935,10.10.0.10,173.194.151.108,,,41505,443,0,37,17
1589249488.8950062,173.194.151.108,10.10.0.10,,,443,41505,0,1358,17
1589249488.908976,173.194.151.108,10.10.0.10,,,443,41505,0,1358,17
1589249488.9106698,10.10.0.10,173.194.151.108,,,41505,443,0,37,17
1589249488.922962,173.194.151.108,10.10.0.10,,,443,41505,0,1358,17
1589249488.9369242,173.194.151.108,10.10.0.10,,,443,41505,0,1358,17
1589249488.9390595,10.10.0.10,173.194.151.108,,,41505,443,0,37,17
1589249488.9508991,173.194.151.108,10.10.0.10,,,443,41505,0,1358,17
1589249488.9648669,173.194.151.108,10.10.0.10,,,443,41505,0,1358,17
1589249488.967561,10.10.0.10,173.194.151.108,,,41505,443,0,37,17
1589249488.980512,173.194.151.108,10.10.0.10,,,443,41505,0,1358,17
1589249488.9944868,173.194.151.108,10.10.0.10,,,443,41505,0,1358,17
1589249488.995913,10.10.0.10,173.194.151.108,,,41505,443,0,37,17
1589249489.008468,173.194.151.108,10.10.0.10,,,443,41505,0,1358,17
1589249489.0224302,173.194.151.108,10.10.0.10,,,443,41505,0,1358,17
1589249489.0243108,10.10.0.10,173.194.151.108,,,41505,443,0,37,17
1589249489.036405,173.194.151.108,10.10.0.10,,,443,41505,0,1358,17
1589249489.0503929,173.194.151.108,10.10.0.10,,,443,41505,0,1358,17
1589249489.0521839,10.10.0.10,173.194.151.108,,,41505,443,0,37,17
1589249489.0643492,173.194.151.108,10.10.0.10,,,443,41505,0,1358,17
1589249489.0783331,173.194.151.108,10.10.0.10,,,443,41505,0,1358,17
1589249489.0800571,10.10.0.10,173.194.151.108,,,41505,443,0,37,17
1589249489.0922961,173.194.151.108,10.10.0.10,,,443,41505,0,1358,17
1589249489.1062696,173.194.151.108,10.10.0.10,,,443,41505,0,1358,17
1589249489.1081822,10.10.0.10,173.194.151.108,,,41505,443,0,50,17
1589249489.120238,173.194.151.108,10.10.0.10,,,443,41505,0,1358,17
1589249489.1342118,173.194.151.108,10.10.0.10,,,443,41505,0,1358,17
1589249489.135803,10.10.0.10,173.194.151.108,,,41505,443,0,37,17
1589249489.1482036,173.194.151.108,10.10.0.10,,,443,41505,0,1358,17
1589249489.162156,173.194.151.108,10.10.0.10,,,443,41505,0,1358,17
1589249489.1636589,10.10.0.10,173.194.151.108,,,41505,443,0,37,17
1589249489.176142,173.194.151.108,10.10.0.10,,,443,41505,0,1358,17
1589249489.1901028,173.194.151.108,10.10.0.10,,,443,41505,0,29,17
1589249489.1907322,173.194.151.108,10.10.0.10,,,443,41505,0,1358,17
1589249489.19356,10.10.0.10,173.194.151.108,,,41505,443,0,37,17
1589249489.204706,173.194.151.108,10.10.0.10,,,443,41505,0,1358,17
1589249489.218676,173.194.151.108,10.10.0.10,,,443,41505,0,1358,17
1589249489.2203012,10.10.0.10,173.194.151.108,,,41505,443,0,37,17
1589249489.2326488,173.194.151.108,10.10.0.10,,,443,41505,0,1358,17
1589249489.2466419,173.194.151.108,10.10.0.10,,,443,41505,0,1358,17
1589249489.2483091,10.10.0.10,173.194.151.108,,,41505,443,0,37,17
1589249489.2605948,173.194.151.108,10.10.0.10,,,443,41505,0,1358,17
1589249489.276263,173.194.151.108,10.10.0.10,,,443,41505,0,1358,17
1589249489.2780302,10.10.0.10,173.194.151.108,,,41505,443,0,37,17
1589249489.290216,173.194.151.108,10.10.0.10,,,443,41505,0,1358,17
1589249489.3042028,173.194.151.108,10.10.0.10,,,443,41505,0,1358,17
1589249489.305929,10.10.0.10,173.194.151.108,,,41505,443,0,37,17
1589249489.3181634,173.194.151.108,10.10.0.10,,,443,41505,0,1358,17
1589249489.3321376,173.194.151.108,10.10.0.10,,,443,41505,0,1358,17
1589249489.3345628,10.10.0.10,173.194.151.108,,,41505,443,0,37,17
1589249489.3461044,173.194.151.108,10.10.0.10,,,443,41505,0,1358,17
1589249489.36008,173.194.151.108,10.10.0.10,,,443,41505,0,1358,17
1589249489.3620286,10.10.0.10,173.194.151.108,,,41505,443,0,37,17
1589249489.3740716,173.194.151.108,10.10.0.10,,,443,41505,0,1358,17
1589249489.3880212,173.194.151.108,10.10.0.10,,,443,41505,0,1358,17
1589249489.3897982,10.10.0.10,173.194.151.108,,,41505,443,0,37,17
1589249489.402009,173.194.151.108,10.10.0.10,,,443,41505,0,1358,17
1589249489.4159696,173.194.151.108,10.10.0.10,,,443,41505,0,1358,17
1589249489.4175448,10.10.0.10,173.194.151.108,,,41505,443,0,37,17
1589249489.42995,173.194.151.108,10.10.0.10,,,443,41505,0,1358,17
1589249489.4439142,173.194.151.108,10.10.0.10,,,443,41505,0,1358,17
1589249489.445775,10.10.0.10,173.194.151.108,,,41505,443,0,37,17
1589249489.457891,173.194.151.108,10.10.0.10,,,443,41505,0,1358,17
1589249489.471858,173.194.151.108,10.10.0.10,,,443,41505,0,1358,17
1589249489.473648,10.10.0.10,173.194.151.108,,,41505,443,0,37,17
1589249489.48583,173.194.151.108,10.10.0.10,,,443,41505,0,1358,17
1589249489.4998188,173.194.151.108,10.10.0.10,,,443,41505,0,1358,17
1589249489.5019171,10.10.0.10,173.194.151.108,,,41505,443,0,37,17
1589249489.513778,173.194.151.108,10.10.0.10,,,443,41505,0,1358,17
1589249489.5277572,173.194.151.108,10.10.0.10,,,443,41505,0,1358,17
1589249489.529543,10.10.0.10,173.194.151.108,,,41505,443,0,37,17
1589249489.541719,173.194.151.108,10.10.0.10,,,443,41505,0,1358,17
1589249489.5556939,173.194.151.108,10.10.0.10,,,443,41505,0,1358,17
1589249489.5576696,10.10.0.10,173.194.151.108,,,41505,443,0,37,17
1589249489.569666,173.194.151.108,10.10.0.10,,,443,41505,0,1358,17
1589249489.5836372,173.194.151.108,10.10.0.10,,,443,41505,0,1358,17
1589249489.585406,10.10.0.10,173.194.151.108,,,41505,443,0,37,17
1589249489.5976038,173.194.151.108,10.10.0.10,,,443,41505,0,1358,17
1589249489.611581,173.194.151.108,10.10.0.10,,,443,41505,0,1358,17
1589249489.6133866,10.10.0.10,173.194.151.108,,,41505,443,0,37,17
1589249489.625567,173.194.151.108,10.10.0.10,,,443,41505,0,1358,17
1589249489.6395252,173.194.151.108,10.10.0.10,,,443,41505,0,1358,17
1589249489.6418931,10.10.0.10,173.194.151.108,,,41505,443,0,37,17
1589249489.653502,173.194.151.108,10.10.0.10,,,443,41505,0,1358,17
1589249489.667468,173.194.151.108,10.10.0.10,,,443,41505,0,1358,17
1589249489.669486,10.10.0.10,173.194.151.108,,,41505,443,0,50,17
1589249489.6814456,173.194.151.108,10.10.0.10,,,443,41505,0,1358,17
1589249489.695414,173.194.151.108,10.10.0.10,,,443,41505,0,1358,17
1589249489.6971052,10.10.0.10,173.194.151.108,,,41505,443,0,37,17
1589249489.7093892,173.194.151.108,10.10.0.10,,,443,41505,0,1358,17
1589249489.723375,173.194.151.108,10.10.0.10,,,443,41505,0,1358,17
1589249489.7251716,10.10.0.10,173.194.151.108,,,41505,443,0,37,17
1589249489.737333,173.194.151.108,10.10.0.10,,,443,41505,0,1358,17
1589249489.7513142,173.194.151.108,10.10.0.10,,,443,41505,0,1358,17
1589249489.753015,10.10.0.10,173.194.151.108,,,41505,443,0,37,17
1589249489.7652788,173.194.151.108,10.10.0.10,,,443,41505,0,1358,17
1589249489.7792509,173.194.151.108,10.10.0.10,,,443,41505,0,1358,17
1589249489.7932222,173.194.151.108,10.10.0.10,,,443,41505,0,1358,17
1589249489.807195,173.194.151.108,10.10.0.10,,,443,41505,0,1358,17
1589249489.8090339,10.10.0.10,173.194.151.108,,,41505,443,0,37,17
1589249489.81052,10.10.0.10,173.194.151.108,,,41505,443,0,37,17
1589249489.821183,173.194.151.108,10.10.0.10,,,443,41505,0,1358,17
1589249489.8351412,173.194.151.108,10.10.0.10,,,443,41505,0,1358,17
1589249489.837144,10.10.0.10,173.194.151.108,,,41505,443,0,37,17
1589249489.8491206,173.194.151.108,10.10.0.10,,,443,41505,0,1358,17
1589249489.863084,173.194.151.108,10.10.0.10,,,443,41505,0,1358,17
1589249489.8667548,10.10.0.10,173.194.151.108,,,41505,443,0,37,17
1589249489.87706,173.194.151.108,10.10.0.10,,,443,41505,0,1358,17
1589249489.89103,173.194.151.108,10.10.0.10,,,443,41505,0,1358,17
1589249489.892888,10.10.0.10,173.194.151.108,,,41505,443,0,37,17
1589249489.9050028,173.194.151.108,10.10.0.10,,,443,41505,0,1358,17
1589249489.918981,173.194.151.108,10.10.0.10,,,443,41505,0,1358,17
1589249489.920753,10.10.0.10,173.194.151.108,,,41505,443,0,37,17
1589249489.932948,173.194.151.108,10.10.0.10,,,443,41505,0,1358,17
1589249489.946936,173.194.151.108,10.10.0.10,,,443,41505,0,1358,17
1589249489.9505286,10.10.0.10,173.194.151.108,,,41505,443,0,37,17
1589249489.9608948,173.194.151.108,10.10.0.10,,,443,41505,0,1358,17
1589249489.974869,173.194.151.108,10.10.0.10,,,443,41505,0,1358,17
1589249489.976377,10.10.0.10,173.194.151.108,,,41505,443,0,37,17
1589249489.9888349,173.194.151.108,10.10.0.10,,,443,41505,0,1358,17
1589249490.00281,173.194.151.108,10.10.0.10,,,443,41505,0,1358,17
1589249490.004386,10.10.0.10,173.194.151.108,,,41505,443,0,37,17
1589249490.016779,173.194.151.108,10.10.0.10,,,443,41505,0,1358,17
1589249490.0307539,173.194.151.108,10.10.0.10,,,443,41505,0,1358,17
1589249490.033026,10.10.0.10,173.194.151.108,,,41505,443,0,37,17
1589249490.0447395,173.194.151.108,10.10.0.10,,,443,41505,0,1358,17
1589249490.058697,173.194.151.108,10.10.0.10,,,443,41505,0,1358,17
1589249490.0602775,10.10.0.10,173.194.151.108,,,41505,443,0,37,17
1589249490.072666,173.194.151.108,10.10.0.10,,,443,41505,0,1358,17
1589249490.0866456,173.194.151.108,10.10.0.10,,,443,41505,0,1358,17
1589249490.088402,10.10.0.10,173.194.151.108,,,41505,443,0,37,17
1589249490.100616,173.194.151.108,10.10.0.10,,,443,41505,0,1358,17
1589249490.1145868,173.194.151.108,10.10.0.10,,,443,41505,0,1358,17
1589249490.116383,10.10.0.10,173.194.151.108,,,41505,443,0,37,17
1589249490.12856,173.194.151.108,10.10.0.10,,,443,41505,0,1358,17
1589249490.142551,173.194.151.108,10.10.0.10,,,443,41505,0,1358,17
1589249490.14411,10.10.0.10,173.194.151.108,,,41505,443,0,37,17
1589249490.156504,173.194.151.108,10.10.0.10,,,443,41505,0,1358,17
1589249490.170489,173.194.151.108,10.10.0.10,,,443,41505,0,1358,17
1589249490.1722689,10.10.0.10,173.194.151.108,,,41505,443,0,37,17
1589249490.1844509,173.194.151.108,10.10.0.10,,,443,41505,0,1358,17
1589249490.1984286,173.194.151.108,10.10.0.10,,,443,41505,0,1358,17
1589249490.200381,10.10.0.10,173.194.151.108,,,41505,443,0,37,17
1589249490.2123961,173.194.151.108,10.10.0.10,,,443,41505,0,1358,17
1589249490.2263699,173.194.151.108,10.10.0.10,,,443,41505,0,1358,17
1589249490.22815,10.10.0.10,173.194.151.108,,,41505,443,0,50,17
1589249490.2403376,173.194.151.108,10.10.0.10,,,443,41505,0,1358,17
1589249490.254313,173.194.151.108,10.10.0.10,,,443,41505,0,1358,17
1589249490.257278,10.10.0.10,173.194.151.108,,,41505,443,0,37,17
1589249490.2682989,173.194.151.108,10.10.0.10,,,443,41505,0,1358,17
1589249490.282258,173.194.151.108,10.10.0.10,,,443,41505,0,1358,17
1589249490.284394,10.10.0.10,173.194.151.108,,,41505,443,0,37,17
1589249490.296234,173.194.151.108,10.10.0.10,,,443,41505,0,1358,17
1589249490.310202,173.194.151.108,10.10.0.10,,,443,41505,0,1358,17
1589249490.312152,10.10.0.10,173.194.151.108,,,41505,443,0,37,17
1589249490.324177,173.194.151.108,10.10.0.10,,,443,41505,0,1358,17
1589249490.3381698,173.194.151.108,10.10.0.10,,,443,41505,0,1358,17
1589249490.339894,10.10.0.10,173.194.151.108,,,41505,443,0,37,17
1589249490.35212,173.194.151.108,10.10.0.10,,,443,41505,0,1358,17
1589249490.366107,173.194.151.108,10.10.0.10,,,443,41505,0,1358,17
1589249490.3678956,10.10.0.10,173.194.151.108,,,41505,443,0,37,17
1589249490.3800619,173.194.151.108,10.10.0.10,,,443,41505,0,1358,17
1589249490.3940446,173.194.151.108,10.10.0.10,,,443,41505,0,1358,17
1589249490.395767,10.10.0.10,173.194.151.108,,,41505,443,0,37,17
1589249490.408011,173.194.151.108,10.10.0.10,,,443,41505,0,1358,17
1589249490.4219801,173.194.151.108,10.10.0.10,,,443,41505,0,1358,17
1589249490.423746,10.10.0.10,173.194.151.108,,,41505,443,0,37,17
1589249490.4359546,173.194.151.108,10.10.0.10,,,443,41505,0,1358,17
1589249490.449929,173.194.151.108,10.10.0.10,,,443,41505,0,1358,17
1589249490.4527662,10.10.0.10,173.194.151.108,,,41505,443,0,37,17
1589249490.4639149,173.194.151.108,10.10.0.10,,,443,41505,0,1358,17
1589249490.4778721,173.194.151.108,10.10.0.10,,,443,41505,0,1358,17
1589249490.4796462,10.10.0.10,173.194.151.108,,,41505,443,0,37,17
1589249490.491852,173.194.151.108,10.10.0.10,,,443,41505,0,1358,17
1589249490.505815,173.194.151.108,10.10.0.10,,,443,41505,0,1358,17
1589249490.5076401,10.10.0.10,173.194.151.108,,,41505,443,0,37,17
1589249490.5197911,173.194.151.108,10.10.0.10,,,443,41505,0,1358,17
1589249490.5337565,173.194.151.108,10.10.0.10,,,443,41505,0,1358,17
1589249490.535592,10.10.0.10,173.194.151.108,,,41505,443,0,37,17
1589249490.547734,173.194.151.108,10.10.0.10,,,443,41505,0,1358,17
1589249490.561712,173.194.151.108,10.10.0.10,,,443,41505,0,1358,17
1589249490.5643456,10.10.0.10,173.194.151.108,,,41505,443,0,37,17
1589249490.5756762,173.194.151.108,10.10.0.10,,,443,41505,0,1358,17
1589249490.589648,173.194.151.108,10.10.0.10,,,443,41505,0,1358,17
1589249490.591235,10.10.0.10,173.194.151.108,,,41505,443,0,37,17
1589249490.6036222,173.194.151.108,10.10.0.10,,,443,41505,0,1358,17
1589249490.617599,173.194.151.108,10.10.0.10,,,443,41505,0,1358,17
1589249490.620118,10.10.0.10,173.194.151.108,,,41505,443,0,37,17
1589249490.631562,173.194.151.108,10.10.0.10,,,443,41505,0,1358,17
1589249490.645533,173.194.151.108,10.10.0.10,,,443,41505,0,1358,17
1589249490.647366,10.10.0.10,173.194.151.108,,,41505,443,0,37,17
1589249490.659532,173.194.151.108,10.10.0.10,,,443,41505,0,1358,17
1589249490.673483,173.194.151.108,10.10.0.10,,,443,41505,0,1358,17
1589249490.6755881,10.10.0.10,173.194.151.108,,,41505,443,0,37,17
1589249490.687472,173.194.151.108,10.10.0.10,,,443,41505,0,1358,17
1589249490.7014296,173.194.151.108,10.10.0.10,,,443,41505,0,1358,17
1589249490.703584,10.10.0.10,173.194.151.108,,,41505,443,0,37,17
1589249490.715411,173.194.151.108,10.10.0.10,,,443,41505,0,1358,17
1589249490.729369,173.194.151.108,10.10.0.10,,,443,41505,0,1358,17
1589249490.731882,10.10.0.10,173.194.151.108,,,41505,443,0,37,17
1589249490.7433438,173.194.151.108,10.10.0.10,,,443,41505,0,1358,17
1589249490.757318,173.194.151.108,10.10.0.10,,,443,41505,0,1358,17
1589249490.7590108,10.10.0.10,173.194.151.108,,,41505,443,0,37,17
1589249490.7712908,173.194.151.108,10.10.0.10,,,443,41505,0,1358,17
1589249490.7852821,173.194.151.108,10.10.0.10,,,443,41505,0,1358,17
1589249490.787256,10.10.0.10,173.194.151.108,,,41505,443,0,50,17
1589249490.799234,173.194.151.108,10.10.0.10,,,443,41505,0,1358,17
1589249490.8132198,173.194.151.108,10.10.0.10,,,443,41505,0,1358,17
1589249490.814859,10.10.0.10,173.194.151.108,,,41505,443,0,37,17
1589249490.8271801,173.194.151.108,10.10.0.10,,,443,41505,0,1358,17
1589249490.8411572,173.194.151.108,10.10.0.10,,,443,41505,0,1358,17
1589249490.8428588,10.10.0.10,173.194.151.108,,,41505,443,0,37,17
1589249490.8551252,173.194.151.108,10.10.0.10,,,443,41505,0,29,17
1589249490.855756,173.194.151.108,10.10.0.10,,,443,41505,0,1358,17
1589249490.8697278,173.194.151.108,10.10.0.10,,,443,41505,0,1358,17
1589249490.8723779,10.10.0.10,173.194.151.108,,,41505,443,0,37,17
1589249490.883716,173.194.151.108,10.10.0.10,,,443,41505,0,1358,17
1589249490.8976738,173.194.151.108,10.10.0.10,,,443,41505,0,1358,17
1589249490.8993769,10.10.0.10,173.194.151.108,,,41505,443,0,37,17
1589249490.9116552,173.194.151.108,10.10.0.10,,,443,41505,0,1358,17
1589249490.9256198,173.194.151.108,10.10.0.10,,,443,41505,0,1358,17
1589249490.9271321,10.10.0.10,173.194.151.108,,,41505,443,0,37,17
1589249490.9395962,173.194.151.108,10.10.0.10,,,443,41505,0,1358,17
1589249490.9535642,173.194.151.108,10.10.0.10,,,443,41505,0,1358,17
1589249490.95525,10.10.0.10,173.194.151.108,,,41505,443,0,37,17
1589249490.967536,173.194.151.108,10.10.0.10,,,443,41505,0,1358,17
1589249490.981526,173.194.151.108,10.10.0.10,,,443,41505,0,1358,17
1589249490.9831252,10.10.0.10,173.194.151.108,,,41505,443,0,37,17
1589249490.995481,173.194.151.108,10.10.0.10,,,443,41505,0,1358,17
1589249491.009464,173.194.151.108,10.10.0.10,,,443,41505,0,1358,17
1589249491.011105,10.10.0.10,173.194.151.108,,,41505,443,0,37,17
1589249491.023424,173.194.151.108,10.10.0.10,,,443,41505,0,1358,17
1589249491.0373974,173.194.151.108,10.10.0.10,,,443,41505,0,1358,17
1589249491.03925,10.10.0.10,173.194.151.108,,,41505,443,0,37,17
1589249491.0513742,173.194.151.108,10.10.0.10,,,443,41505,0,1358,17
1589249491.0653439,173.194.151.108,10.10.0.10,,,443,41505,0,1358,17
1589249491.0777464,10.10.0.10,173.194.151.108,,,41505,443,0,37,17
1589249491.079317,173.194.151.108,10.10.0.10,,,443,41505,0,1358,17
1589249491.0932882,173.194.151.108,10.10.0.10,,,443,41505,0,1358,17
1589249491.0951214,10.10.0.10,173.194.151.108,,,41505,443,0,37,17
1589249491.1072748,173.194.151.108,10.10.0.10,,,443,41505,0,1358,17
1589249491.121233,173.194.151.108,10.10.0.10,,,443,41505,0,1358,17
1589249491.122976,10.10.0.10,173.194.151.108,,,41505,443,0,37,17
1589249491.1352088,173.194.151.108,10.10.0.10,,,443,41505,0,1358,17
1589249491.149178,173.194.151.108,10.10.0.10,,,443,41505,0,1358,17
1589249491.1512249,10.10.0.10,173.194.151.108,,,41505,443,0,37,17
1589249491.163152,173.194.151.108,10.10.0.10,,,443,41505,0,1358,17
1589249491.177122,173.194.151.108,10.10.0.10,,,443,41505,0,1358,17
1589249491.1788714,10.10.0.10,173.194.151.108,,,41505,443,0,37,17
1589249491.1910946,173.194.151.108,10.10.0.10,,,443,41505,0,1358,17
1589249491.205083,173.194.151.108,10.10.0.10,,,443,41505,0,1358,17
1589249491.2068698,10.10.0.10,173.194.151.108,,,41505,443,0,37,17
1589249491.2190409,173.194.151.108,10.10.0.10,,,443,41505,0,1358,17
1589249491.233022,173.194.151.108,10.10.0.10,,,443,41505,0,1358,17
1589249491.2353475,10.10.0.10,173.194.151.108,,,41505,443,0,37,17
1589249491.246986,173.194.151.108,10.10.0.10,,,443,41505,0,1358,17
1589249491.260957,173.194.151.108,10.10.0.10,,,443,41505,0,1358,17
1589249491.2624724,10.10.0.10,173.194.151.108,,,41505,443,0,37,17
1589249491.2749288,173.194.151.108,10.10.0.10,,,443,41505,0,1358,17
1589249491.288904,173.194.151.108,10.10.0.10,,,443,41505,0,1358,17
1589249491.290463,10.10.0.10,173.194.151.108,,,41505,443,0,37,17
1589249491.3028932,173.194.151.108,10.10.0.10,,,443,41505,0,1358,17
1589249491.316848,173.194.151.108,10.10.0.10,,,443,41505,0,1358,17
1589249491.319991,10.10.0.10,173.194.151.108,,,41505,443,0,37,17
1589249491.33083,173.194.151.108,10.10.0.10,,,443,41505,0,1358,17
1589249491.344786,173.194.151.108,10.10.0.10,,,443,41505,0,1358,17
1589249491.346471,10.10.0.10,173.194.151.108,,,41505,443,0,50,17
1589249491.358766,173.194.151.108,10.10.0.10,,,443,41505,0,1358,17
1589249491.372736,173.194.151.108,10.10.0.10,,,443,41505,0,1358,17
1589249491.38009,10.10.0.10,173.194.151.108,,,41505,443,0,37,17
1589249491.3867078,173.194.151.108,10.10.0.10,,,443,41505,0,1358,17
1589249491.40068,173.194.151.108,10.10.0.10,,,443,41505,0,1358,17
1589249491.4024668,10.10.0.10,173.194.151.108,,,41505,443,0,37,17
1589249491.414654,173.194.151.108,10.10.0.10,,,443,41505,0,29,17
1589249491.415296,173.194.151.108,10.10.0.10,,,443,41505,0,1358,17
1589249491.4292538,173.194.151.108,10.10.0.10,,,443,41505,0,1358,17
1589249491.431466,10.10.0.10,173.194.151.108,,,41505,443,0,37,17
1589249491.443225,173.194.151.108,10.10.0.10,,,443,41505,0,1358,17
1589249491.4571972,173.194.151.108,10.10.0.10,,,443,41505,0,1358,17
1589249491.458966,10.10.0.10,173.194.151.108,,,41505,443,0,37,17
1589249491.4711769,173.194.151.108,10.10.0.10,,,443,41505,0,1358,17
1589249491.4851458,173.194.151.108,10.10.0.10,,,443,41505,0,1358,17
1589249491.48759,10.10.0.10,173.194.151.108,,,41505,443,0,37,17
1589249491.499134,173.194.151.108,10.10.0.10,,,443,41505,0,1358,17
1589249491.5130918,173.194.151.108,10.10.0.10,,,443,41505,0,1358,17
1589249491.514859,10.10.0.10,173.194.151.108,,,41505,443,0,37,17
1589249491.527074,173.194.151.108,10.10.0.10,,,443,41505,0,1358,17
1589249491.541036,173.194.151.108,10.10.0.10,,,443,41505,0,1358,17
1589249491.5427196,10.10.0.10,173.194.151.108,,,41505,443,0,37,17
1589249491.5550108,173.194.151.108,10.10.0.10,,,443,41505,0,1358,17
1589249491.5689812,173.194.151.108,10.10.0.10,,,443,41505,0,1358,17
1589249491.5705626,10.10.0.10,173.194.151.108,,,41505,443,0,37,17
1589249491.582953,173.194.151.108,10.10.0.10,,,443,41505,0,1358,17
1589249491.596926,173.194.151.108,10.10.0.10,,,443,41505,0,1358,17
1589249491.598608,10.10.0.10,173.194.151.108,,,41505,443,0,37,17
1589249491.6109,173.194.151.108,10.10.0.10,,,443,41505,0,1358,17
1589249491.624884,173.194.151.108,10.10.0.10,,,443,41505,0,1358,17
1589249491.626588,10.10.0.10,173.194.151.108,,,41505,443,0,37,17
1589249491.638841,173.194.151.108,10.10.0.10,,,443,41505,0,1358,17
1589249491.6528199,173.194.151.108,10.10.0.10,,,443,41505,0,1358,17
1589249491.6547134,10.10.0.10,173.194.151.108,,,41505,443,0,37,17
1589249491.666784,173.194.151.108,10.10.0.10,,,443,41505,0,1358,17
1589249491.6807609,173.194.151.108,10.10.0.10,,,443,41505,0,1358,17
1589249491.6824925,10.10.0.10,173.194.151.108,,,41505,443,0,37,17
1589249491.694728,173.194.151.108,10.10.0.10,,,443,41505,0,1358,17
1589249491.708709,173.194.151.108,10.10.0.10,,,443,41505,0,1358,17
1589249491.710191,10.10.0.10,173.194.151.108,,,41505,443,0,37,17
1589249491.7226908,173.194.151.108,10.10.0.10,,,443,41505,0,1358,17
1589249491.73665,173.194.151.108,10.10.0.10,,,443,41505,0,1358,17
1589249491.7384772,10.10.0.10,173.194.151.108,,,41505,443,0,37,17
1589249491.7506301,173.194.151.108,10.10.0.10,,,443,41505,0,1358,17
1589249491.7645972,173.194.151.108,10.10.0.10,,,443,41505,0,1358,17
1589249491.766208,10.10.0.10,173.194.151.108,,,41505,443,0,37,17
1589249491.778567,173.194.151.108,10.10.0.10,,,443,41505,0,1358,17
1589249491.792537,173.194.151.108,10.10.0.10,,,443,41505,0,86,17
1589249491.7939868,10.10.0.10,173.194.151.108,,,41505,443,0,37,17
1589249494.537528,10.10.0.10,173.194.151.108,,,41505,443,0,723,17
1589249494.5375645,10.10.0.10,173.194.151.108,,,41505,443,0,48,17
1589249494.5419528,173.194.151.108,10.10.0.10,,,443,41505,0,29,17
1589249494.541989,173.194.151.108,10.10.0.10,,,443,41505,0,108,17
1589249494.542005,173.194.151.108,10.10.0.10,,,443,41505,0,1358,17
1589249494.5420241,173.194.151.108,10.10.0.10,,,443,41505,0,1358,17
1589249494.544127,10.10.0.10,173.194.151.108,,,41505,443,0,37,17
1589249494.5559304,173.194.151.108,10.10.0.10,,,443,41505,0,1358,17
1589249494.5576286,10.10.0.10,173.194.151.108,,,41505,443,0,37,17
1589249494.5698724,173.194.151.108,10.10.0.10,,,443,41505,0,1358,17
1589249494.583844,173.194.151.108,10.10.0.10,,,443,41505,0,1358,17
1589249494.5853946,10.10.0.10,173.194.151.108,,,41505,443,0,37,17
1589249494.5978222,173.194.151.108,10.10.0.10,,,443,41505,0,1358,17
1589249494.6117911,173.194.151.108,10.10.0.10,,,443,41505,0,1358,17
1589249494.613624,10.10.0.10,173.194.151.108,,,41505,443,0,37,17
1589249494.625762,173.194.151.108,10.10.0.10,,,443,41505,0,1358,17
1589249494.6397376,173.194.151.108,10.10.0.10,,,443,41505,0,1358,17
1589249494.641625,10.10.0.10,173.194.151.108,,,41505,443,0,37,17
1589249494.653718,173.194.151.108,10.10.0.10,,,443,41505,0,1358,17
1589249494.6677024,173.194.151.108,10.10.0.10,,,443,41505,0,1358,17
1589249494.6692321,10.10.0.10,173.194.151.108,,,41505,443,0,37,17
1589249494.6816509,173.194.151.108,10.10.0.10,,,443,41505,0,1358,17
1589249494.695625,173.194.151.108,10.10.0.10,,,443,41505,0,1358,17
1589249494.6972258,10.10.0.10,173.194.151.108,,,41505,443,0,37,17
1589249494.709597,173.194.151.108,10.10.0.10,,,443,41505,0,1358,17
1589249494.723569,173.194.151.108,10.10.0.10,,,443,41505,0,1358,17
1589249494.725242,10.10.0.10,173.194.151.108,,,41505,443,0,37,17
1589249494.737545,173.194.151.108,10.10.0.10,,,443,41505,0,1358,17
1589249494.7515411,173.194.151.108,10.10.0.10,,,443,41505,0,1358,17
1589249494.753491,10.10.0.10,173.194.151.108,,,41505,443,0,37,17
1589249494.7654881,173.194.151.108,10.10.0.10,,,443,41505,0,1358,17
1589249494.7794569,173.194.151.108,10.10.0.10,,,443,41505,0,1358,17
1589249494.781122,10.10.0.10,173.194.151.108,,,41505,443,0,37,17
1589249494.79343,173.194.151.108,10.10.0.10,,,443,41505,0,1358,17
1589249494.8074028,173.194.151.108,10.10.0.10,,,443,41505,0,1358,17
1589249494.8088925,10.10.0.10,173.194.151.108,,,41505,443,0,37,17
1589249494.821376,173.194.151.108,10.10.0.10,,,443,41505,0,1358,17
1589249494.835352,173.194.151.108,10.10.0.10,,,443,41505,0,1358,17
1589249494.836858,10.10.0.10,173.194.151.108,,,41505,443,0,37,17
1589249494.8493252,173.194.151.108,10.10.0.10,,,443,41505,0,1358,17
1589249494.863296,173.194.151.108,10.10.0.10,,,443,41505,0,1358,17
1589249494.8652446,10.10.0.10,173.194.151.108,,,41505,443,0,37,17
1589249494.877288,173.194.151.108,10.10.0.10,,,443,41505,0,1358,17
1589249494.891242,173.194.151.108,10.10.0.10,,,443,41505,0,1358,17
1589249494.8932614,10.10.0.10,173.194.151.108,,,41505,443,0,37,17
1589249494.905225,173.194.151.108,10.10.0.10,,,443,41505,0,1358,17
1589249494.9191859,173.194.151.108,10.10.0.10,,,443,41505,0,1358,17
1589249494.9207652,10.10.0.10,173.194.151.108,,,41505,443,0,37,17
1589249494.933168,173.194.151.108,10.10.0.10,,,443,41505,0,1358,17
1589249494.947135,173.194.151.108,10.10.0.10,,,443,41505,0,1358,17
1589249494.94899,10.10.0.10,173.194.151.108,,,41505,443,0,37,17
1589249494.9611044,173.194.151.108,10.10.0.10,,,443,41505,0,1358,17
1589249494.9750788,173.194.151.108,10.10.0.10,,,443,41505,0,1358,17
1589249494.976759,10.10.0.10,173.194.151.108,,,41505,443,0,37,17
1589249494.98905,173.194.151.108,10.10.0.10,,,443,41505,0,1358,17
1589249495.003033,173.194.151.108,10.10.0.10,,,443,41505,0,1358,17
1589249495.005009,10.10.0.10,173.194.151.108,,,41505,443,0,37,17
1589249495.016994,173.194.151.108,10.10.0.10,,,443,41505,0,1358,17
1589249495.0309641,173.194.151.108,10.10.0.10,,,443,41505,0,1358,17
1589249495.032738,10.10.0.10,173.194.151.108,,,41505,443,0,37,17
1589249495.044937,173.194.151.108,10.10.0.10,,,443,41505,0,1358,17
1589249495.0589092,173.194.151.108,10.10.0.10,,,443,41505,0,1358,17
1589249495.0611124,10.10.0.10,173.194.151.108,,,41505,443,0,50,17
1589249495.072896,173.194.151.108,10.10.0.10,,,443,41505,0,1358,17
1589249495.0868552,173.194.151.108,10.10.0.10,,,443,41505,0,1358,17
1589249495.088629,10.10.0.10,173.194.151.108,,,41505,443,0,37,17
1589249495.100826,173.194.151.108,10.10.0.10,,,443,41505,0,1358,17
1589249495.114801,173.194.151.108,10.10.0.10,,,443,41505,0,1358,17
1589249495.1172569,10.10.0.10,173.194.151.108,,,41505,443,0,37,17
1589249495.128769,173.194.151.108,10.10.0.10,,,443,41505,0,1358,17
1589249495.1427472,173.194.151.108,10.10.0.10,,,443,41505,0,1358,17
1589249495.144366,10.10.0.10,173.194.151.108,,,41505,443,0,37,17
1589249495.156718,173.194.151.108,10.10.0.10,,,443,41505,0,1358,17
1589249495.1706884,173.194.151.108,10.10.0.10,,,443,41505,0,1358,17
1589249495.1727526,10.10.0.10,173.194.151.108,,,41505,443,0,37,17
1589249495.1846619,173.194.151.108,10.10.0.10,,,443,41505,0,1358,17
1589249495.1986554,173.194.151.108,10.10.0.10,,,443,41505,0,1358,17
1589249495.200362,10.10.0.10,173.194.151.108,,,41505,443,0,37,17
1589249495.212608,173.194.151.108,10.10.0.10,,,443,41505,0,1358,17
1589249495.226591,173.194.151.108,10.10.0.10,,,443,41505,0,1358,17
1589249495.228503,10.10.0.10,173.194.151.108,,,41505,443,0,37,17
1589249495.2405539,173.194.151.108,10.10.0.10,,,443,41505,0,1358,17
1589249495.254535,173.194.151.108,10.10.0.10,,,443,41505,0,1358,17
1589249495.256108,10.10.0.10,173.194.151.108,,,41505,443,0,37,17
1589249495.2685,173.194.151.108,10.10.0.10,,,443,41505,0,1358,17
1589249495.2824721,173.194.151.108,10.10.0.10,,,443,41505,0,1358,17
1589249495.283982,10.10.0.10,173.194.151.108,,,41505,443,0,37,17
1589249495.296441,173.194.151.108,10.10.0.10,,,443,41505,0,1358,17
1589249495.310415,173.194.151.108,10.10.0.10,,,443,41505,0,1358,17
1589249495.314108,10.10.0.10,173.194.151.108,,,41505,443,0,37,17
1589249495.3244,173.194.151.108,10.10.0.10,,,443,41505,0,1358,17
1589249495.3383589,173.194.151.108,10.10.0.10,,,443,41505,0,1358,17
1589249495.3401241,10.10.0.10,173.194.151.108,,,41505,443,0,37,17
1589249495.352337,173.194.151.108,10.10.0.10,,,443,41505,0,1358,17
1589249495.366303,173.194.151.108,10.10.0.10,,,443,41505,0,1358,17
1589249495.368358,10.10.0.10,173.194.151.108,,,41505,443,0,37,17
1589249495.3802712,173.194.151.108,10.10.0.10,,,443,41505,0,1358,17
1589249495.394248,173.194.151.108,10.10.0.10,,,443,41505,0,1358,17
1589249495.395999,10.10.0.10,173.194.151.108,,,41505,443,0,37,17
1589249495.4082222,173.194.151.108,10.10.0.10,,,443,41505,0,1358,17
1589249495.422211,173.194.151.108,10.10.0.10,,,443,41505,0,1358,17
1589249495.4239972,10.10.0.10,173.194.151.108,,,41505,443,0,37,17
1589249495.436168,173.194.151.108,10.10.0.10,,,443,41505,0,1358,17
1589249495.45015,173.194.151.108,10.10.0.10,,,443,41505,0,1358,17
1589249495.4531238,10.10.0.10,173.194.151.108,,,41505,443,0,37,17
1589249495.46411,173.194.151.108,10.10.0.10,,,443,41505,0,1358,17
1589249495.478085,173.194.151.108,10.10.0.10,,,443,41505,0,1358,17
1589249495.4798498,10.10.0.10,173.194.151.108,,,41505,443,0,37,17
1589249495.492053,173.194.151.108,10.10.0.10,,,443,41505,0,1358,17
1589249495.506025,173.194.151.108,10.10.0.10,,,443,41505,0,1358,17
1589249495.507746,10.10.0.10,173.194.151.108,,,41505,443,0,37,17
1589249495.519998,173.194.151.108,10.10.0.10,,,443,41505,0,1358,17
1589249495.5339718,173.194.151.108,10.10.0.10,,,443,41505,0,1358,17
1589249495.535598,10.10.0.10,173.194.151.108,,,41505,443,0,37,17
1589249495.547946,173.194.151.108,10.10.0.10,,,443,41505,0,1358,17
1589249495.561917,173.194.151.108,10.10.0.10,,,443,41505,0,1358,17
1589249495.5637224,10.10.0.10,173.194.151.108,,,41505,443,0,37,17
1589249495.575896,173.194.151.108,10.10.0.10,,,443,41505,0,1358,17
1589249495.591767,173.194.151.108,10.10.0.10,,,443,41505,0,1358,17
1589249495.593743,10.10.0.10,173.194.151.108,,,41505,443,0,37,17
1589249495.605721,173.194.151.108,10.10.0.10,,,443,41505,0,1358,17
1589249495.61969,173.194.151.108,10.10.0.10,,,443,41505,0,1358,17
1589249495.6213405,10.10.0.10,173.194.151.108,,,41505,443,0,50,17
1589249495.63366,173.194.151.108,10.10.0.10,,,443,41505,0,1358,17
1589249495.647638,173.194.151.108,10.10.0.10,,,443,41505,0,1358,17
1589249495.6494749,10.10.0.10,173.194.151.108,,,41505,443,0,37,17
1589249495.662271,173.194.151.108,10.10.0.10,,,443,41505,0,1358,17
1589249495.6762419,173.194.151.108,10.10.0.10,,,443,41505,0,1358,17
1589249495.6779714,10.10.0.10,173.194.151.108,,,41505,443,0,37,17
1589249495.6908786,173.194.151.108,10.10.0.10,,,443,41505,0,1358,17
1589249495.704849,173.194.151.108,10.10.0.10,,,443,41505,0,1358,17
1589249495.706599,10.10.0.10,173.194.151.108,,,41505,443,0,37,17
1589249495.7188258,173.194.151.108,10.10.0.10,,,443,41505,0,1358,17
1589249495.7327938,173.194.151.108,10.10.0.10,,,443,41505,0,1358,17
1589249495.734462,10.10.0.10,173.194.151.108,,,41505,443,0,37,17
1589249495.7467706,173.194.151.108,10.10.0.10,,,443,41505,0,1358,17
1589249495.7607381,173.194.151.108,10.10.0.10,,,443,41505,0,1358,17
1589249495.7624748,10.10.0.10,173.194.151.108,,,41505,443,0,37,17
1589249495.7747116,173.194.151.108,10.10.0.10,,,443,41505,0,1358,17
1589249495.788698,173.194.151.108,10.10.0.10,,,443,41505,0,1358,17
1589249495.79099,10.10.0.10,173.194.151.108,,,41505,443,0,37,17
1589249495.8026588,173.194.151.108,10.10.0.10,,,443,41505,0,1358,17
1589249495.816638,173.194.151.108,10.10.0.10,,,443,41505,0,1358,17
1589249495.81831,10.10.0.10,173.194.151.108,,,41505,443,0,37,17
1589249495.830607,173.194.151.108,10.10.0.10,,,443,41505,0,1358,17
1589249495.8445768,173.194.151.108,10.10.0.10,,,443,41505,0,1358,17
1589249495.84636,10.10.0.10,173.194.151.108,,,41505,443,0,37,17
1589249495.858549,173.194.151.108,10.10.0.10,,,443,41505,0,1358,17
1589249495.872518,173.194.151.108,10.10.0.10,,,443,41505,0,1358,17
1589249495.8742142,10.10.0.10,173.194.151.108,,,41505,443,0,37,17
1589249495.8865092,173.194.151.108,10.10.0.10,,,443,41505,0,1358,17
1589249495.900466,173.194.151.108,10.10.0.10,,,443,41505,0,1358,17
1589249495.902217,10.10.0.10,173.194.151.108,,,41505,443,0,37,17
1589249495.914447,173.194.151.108,10.10.0.10,,,443,41505,0,1358,17
1589249495.928406,173.194.151.108,10.10.0.10,,,443,41505,0,1358,17
1589249495.930108,10.10.0.10,173.194.151.108,,,41505,443,0,37,17
1589249495.9423778,173.194.151.108,10.10.0.10,,,443,41505,0,1358,17
1589249495.9563544,173.194.151.108,10.10.0.10,,,443,41505,0,1358,17
1589249495.959483,10.10.0.10,173.194.151.108,,,41505,443,0,37,17
1589249495.970331,173.194.151.108,10.10.0.10,,,443,41505,0,1358,17
1589249495.98432,173.194.151.108,10.10.0.10,,,443,41505,0,1358,17
1589249495.98596,10.10.0.10,173.194.151.108,,,41505,443,0,37,17
1589249495.9982731,173.194.151.108,10.10.0.10,,,443,41505,0,1358,17
1589249496.012239,173.194.151.108,10.10.0.10,,,443,41505,0,1358,17
1589249496.0138562,10.10.0.10,173.194.151.108,,,41505,443,0,37,17
1589249496.026217,173.194.151.108,10.10.0.10,,,443,41505,0,1358,17
1589249496.0401974,173.194.151.108,10.10.0.10,,,443,41505,0,1358,17
1589249496.041833,10.10.0.10,173.194.151.108,,,41505,443,0,37,17
1589249496.054163,173.194.151.108,10.10.0.10,,,443,41505,0,1358,17
1589249496.068136,173.194.151.108,10.10.0.10,,,443,41505,0,1358,17
1589249496.0696988,10.10.0.10,173.194.151.108,,,41505,443,0,37,17
1589249496.082128,173.194.151.108,10.10.0.10,,,443,41505,0,1358,17
1589249496.096502,173.194.151.108,10.10.0.10,,,443,41505,0,1358,17
1589249496.0983331,10.10.0.10,173.194.151.108,,,41505,443,0,37,17
1589249496.110474,173.194.151.108,10.10.0.10,,,443,41505,0,1358,17
1589249496.1244464,173.194.151.108,10.10.0.10,,,443,41505,0,1358,17
1589249496.126086,10.10.0.10,173.194.151.108,,,41505,443,0,37,17
1589249496.1384282,173.194.151.108,10.10.0.10,,,443,41505,0,1358,17
1589249496.152392,173.194.151.108,10.10.0.10,,,443,41505,0,1358,17
1589249496.154205,10.10.0.10,173.194.151.108,,,41505,443,0,37,17
1589249496.166379,173.194.151.108,10.10.0.10,,,443,41505,0,1358,17
1589249496.180337,173.194.151.108,10.10.0.10,,,443,41505,0,1358,17
1589249496.194314,173.194.151.108,10.10.0.10,,,443,41505,0,1358,17
1589249496.20771,10.10.0.10,173.194.151.108,,,41505,443,0,50,17
1589249496.208281,173.194.151.108,10.10.0.10,,,443,41505,0,1358,17
1589249496.210829,10.10.0.10,173.194.151.108,,,41505,443,0,37,17
1589249496.222255,173.194.151.108,10.10.0.10,,,443,41505,0,384,17
1589249496.226449,173.194.151.108,10.10.0.10,,,443,41505,0,29,17
1589249496.276474,10.10.0.10,173.194.151.108,,,41505,443,0,37,17
1589249497.8353062,10.10.0.10,173.194.151.108,,,41505,443,0,724,17
1589249497.8353405,10.10.0.10,173.194.151.108,,,41505,443,0,48,17
1589249497.8396866,173.194.151.108,10.10.0.10,,,443,41505,0,29,17
1589249497.8409786,173.194.151.108,10.10.0.10,,,443,41505,0,1358,17
1589249497.8410141,173.194.151.108,10.10.0.10,,,443,41505,0,1358,17
1589249497.8435519,10.10.0.10,173.194.151.108,,,41505,443,0,37,17
1589249497.8528874,173.194.151.108,10.10.0.10,,,443,41505,0,1358,17
1589249497.866846,173.194.151.108,10.10.0.10,,,443,41505,0,1358,17
1589249497.8685539,10.10.0.10,173.194.151.108,,,41505,443,0,37,17
1589249497.880828,173.194.151.108,10.10.0.10,,,443,41505,0,1358,17
1589249497.894792,173.194.151.108,10.10.0.10,,,443,41505,0,1358,17
1589249497.8975306,10.10.0.10,173.194.151.108,,,41505,443,0,37,17
1589249497.9087632,173.194.151.108,10.10.0.10,,,443,41505,0,1358,17
1589249497.922735,173.194.151.108,10.10.0.10,,,443,41505,0,1358,17
1589249497.92602,10.10.0.10,173.194.151.108,,,41505,443,0,37,17
1589249497.9367054,173.194.151.108,10.10.0.10,,,443,41505,0,1358,17
1589249497.9506989,173.194.151.108,10.10.0.10,,,443,41505,0,1358,17
1589249497.952278,10.10.0.10,173.194.151.108,,,41505,443,0,37,17
1589249497.964653,173.194.151.108,10.10.0.10,,,443,41505,0,1358,17
1589249497.9786372,173.194.151.108,10.10.0.10,,,443,41505,0,1358,17
1589249497.9802976,10.10.0.10,173.194.151.108,,,41505,443,0,37,17
1589249497.9925961,173.194.151.108,10.10.0.10,,,443,41505,0,1358,17
1589249498.006576,173.194.151.108,10.10.0.10,,,443,41505,0,1358,17
1589249498.0082786,10.10.0.10,173.194.151.108,,,41505,443,0,37,17
1589249498.0205429,173.194.151.108,10.10.0.10,,,443,41505,0,1358,17
1589249498.0345151,173.194.151.108,10.10.0.10,,,443,41505,0,1358,17
1589249498.0362759,10.10.0.10,173.194.151.108,,,41505,443,0,37,17
1589249498.048486,173.194.151.108,10.10.0.10,,,443,41505,0,1358,17
1589249498.062459,173.194.151.108,10.10.0.10,,,443,41505,0,1358,17
1589249498.064166,10.10.0.10,173.194.151.108,,,41505,443,0,37,17
1589249498.07643,173.194.151.108,10.10.0.10,,,443,41505,0,1358,17
1589249498.0904038,173.194.151.108,10.10.0.10,,,443,41505,0,1358,17
1589249498.092294,10.10.0.10,173.194.151.108,,,41505,443,0,37,17
1589249498.1043892,173.194.151.108,10.10.0.10,,,443,41505,0,1358,17
1589249498.1183481,173.194.151.108,10.10.0.10,,,443,41505,0,1358,17
1589249498.120047,10.10.0.10,173.194.151.108,,,41505,443,0,37,17
1589249498.132326,173.194.151.108,10.10.0.10,,,443,41505,0,1358,17
1589249498.1462908,173.194.151.108,10.10.0.10,,,443,41505,0,1358,17
1589249498.149792,10.10.0.10,173.194.151.108,,,41505,443,0,37,17
1589249498.1602669,173.194.151.108,10.10.0.10,,,443,41505,0,1358,17
1589249498.174237,173.194.151.108,10.10.0.10,,,443,41505,0,1358,17
1589249498.1757991,10.10.0.10,173.194.151.108,,,41505,443,0,37,17
1589249498.188211,173.194.151.108,10.10.0.10,,,443,41505,0,1358,17
1589249498.202195,173.194.151.108,10.10.0.10,,,443,41505,0,1358,17
1589249498.204898,10.10.0.10,173.194.151.108,,,41505,443,0,37,17
1589249498.2161572,173.194.151.108,10.10.0.10,,,443,41505,0,1358,17
1589249498.2301302,173.194.151.108,10.10.0.10,,,443,41505,0,1358,17
1589249498.2319171,10.10.0.10,173.194.151.108,,,41505,443,0,37,17
1589249498.2441,173.194.151.108,10.10.0.10,,,443,41505,0,1358,17
1589249498.2580721,173.194.151.108,10.10.0.10,,,443,41505,0,1358,17
1589249498.259769,10.10.0.10,173.194.151.108,,,41505,443,0,37,17
1589249498.272064,173.194.151.108,10.10.0.10,,,443,41505,0,1358,17
1589249498.286017,173.194.151.108,10.10.0.10,,,443,41505,0,1358,17
1589249498.2880409,10.10.0.10,173.194.151.108,,,41505,443,0,37,17
1589249498.3000028,173.194.151.108,10.10.0.10,,,443,41505,0,1358,17
1589249498.3139632,173.194.151.108,10.10.0.10,,,443,41505,0,1358,17
1589249498.3156419,10.10.0.10,173.194.151.108,,,41505,443,0,37,17
1589249498.327943,173.194.151.108,10.10.0.10,,,443,41505,0,1358,17
1589249498.34191,173.194.151.108,10.10.0.10,,,443,41505,0,1358,17
1589249498.343659,10.10.0.10,173.194.151.108,,,41505,443,0,37,17
1589249498.3558788,173.194.151.108,10.10.0.10,,,443,41505,0,1358,17
1589249498.369852,173.194.151.108,10.10.0.10,,,443,41505,0,1358,17
1589249498.371664,10.10.0.10,173.194.151.108,,,41505,443,0,50,17
1589249498.383824,173.194.151.108,10.10.0.10,,,443,41505,0,1358,17
1589249498.397816,173.194.151.108,10.10.0.10,,,443,41505,0,1358,17
1589249498.399517,10.10.0.10,173.194.151.108,,,41505,443,0,37,17
1589249498.411768,173.194.151.108,10.10.0.10,,,443,41505,0,1358,17
1589249498.425748,173.194.151.108,10.10.0.10,,,443,41505,0,1358,17
1589249498.4275148,10.10.0.10,173.194.151.108,,,41505,443,0,37,17
1589249498.439714,173.194.151.108,10.10.0.10,,,443,41505,0,1358,17
1589249498.453684,173.194.151.108,10.10.0.10,,,443,41505,0,1358,17
1589249498.4554071,10.10.0.10,173.194.151.108,,,41505,443,0,37,17
1589249498.4676561,173.194.151.108,10.10.0.10,,,443,41505,0,1358,17
1589249498.481632,173.194.151.108,10.10.0.10,,,443,41505,0,1358,17
1589249498.4833882,10.10.0.10,173.194.151.108,,,41505,443,0,37,17
1589249498.495602,173.194.151.108,10.10.0.10,,,443,41505,0,1358,17
1589249498.5095751,173.194.151.108,10.10.0.10,,,443,41505,0,1358,17
1589249498.512263,10.10.0.10,173.194.151.108,,,41505,443,0,37,17
1589249498.5235634,173.194.151.108,10.10.0.10,,,443,41505,0,1358,17
1589249498.53752,173.194.151.108,10.10.0.10,,,443,41505,0,1358,17
1589249498.5392828,10.10.0.10,173.194.151.108,,,41505,443,0,37,17
1589249498.5514991,173.194.151.108,10.10.0.10,,,443,41505,0,1358,17
1589249498.565467,173.194.151.108,10.10.0.10,,,443,41505,0,1358,17
1589249498.5682812,10.10.0.10,173.194.151.108,,,41505,443,0,37,17
1589249498.579432,173.194.151.108,10.10.0.10,,,443,41505,0,1358,17
1589249498.59343,173.194.151.108,10.10.0.10,,,443,41505,0,1358,17
1589249498.595665,10.10.0.10,173.194.151.108,,,41505,443,0,37,17
1589249498.607384,173.194.151.108,10.10.0.10,,,443,41505,0,1358,17
1589249498.6213546,173.194.151.108,10.10.0.10,,,443,41505,0,1358,17
1589249498.6228778,10.10.0.10,173.194.151.108,,,41505,443,0,37,17
1589249498.6353278,173.194.151.108,10.10.0.10,,,443,41505,0,1358,17
1589249498.6492946,173.194.151.108,10.10.0.10,,,443,41505,0,1358,17
1589249498.6507788,10.10.0.10,173.194.151.108,,,41505,443,0,37,17
1589249498.6632724,173.194.151.108,10.10.0.10,,,443,41505,0,1358,17
1589249498.678924,173.194.151.108,10.10.0.10,,,443,41505,0,1358,17
1589249498.680625,10.10.0.10,173.194.151.108,,,41505,443,0,37,17
1589249498.692889,173.194.151.108,10.10.0.10,,,443,41505,0,1358,17
1589249498.706862,173.194.151.108,10.10.0.10,,,443,41505,0,1358,17
1589249498.7177641,10.10.0.10,173.194.151.108,,,41505,443,0,37,17
1589249498.720848,173.194.151.108,10.10.0.10,,,443,41505,0,1358,17
1589249498.7348125,173.194.151.108,10.10.0.10,,,443,41505,0,1358,17
1589249498.7488039,173.194.151.108,10.10.0.10,,,443,41505,0,1358,17
1589249498.762757,10.10.0.10,173.194.151.108,,,41505,443,0,37,17
1589249498.7627618,173.194.151.108,10.10.0.10,,,443,41505,0,1358,17
1589249498.765341,10.10.0.10,173.194.151.108,,,41505,443,0,37,17
1589249498.7767394,173.194.151.108,10.10.0.10,,,443,41505,0,1358,17
1589249498.7907028,173.194.151.108,10.10.0.10,,,443,41505,0,1358,17
1589249498.7927752,10.10.0.10,173.194.151.108,,,41505,443,0,37,17
1589249498.804677,173.194.151.108,10.10.0.10,,,443,41505,0,1358,17
1589249498.8186452,173.194.151.108,10.10.0.10,,,443,41505,0,1358,17
1589249498.8233821,10.10.0.10,173.194.151.108,,,41505,443,0,37,17
1589249498.832618,173.194.151.108,10.10.0.10,,,443,41505,0,1358,17
1589249498.84659,173.194.151.108,10.10.0.10,,,443,41505,0,1358,17
1589249498.8484054,10.10.0.10,173.194.151.108,,,41505,443,0,37,17
1589249498.8605628,173.194.151.108,10.10.0.10,,,443,41505,0,1358,17
1589249498.874529,173.194.151.108,10.10.0.10,,,443,41505,0,1358,17
1589249498.8763962,10.10.0.10,173.194.151.108,,,41505,443,0,37,17
1589249498.888508,173.194.151.108,10.10.0.10,,,443,41505,0,1358,17
1589249498.902484,173.194.151.108,10.10.0.10,,,443,41505,0,1358,17
1589249498.9041471,10.10.0.10,173.194.151.108,,,41505,443,0,37,17
1589249498.916451,173.194.151.108,10.10.0.10,,,443,41505,0,1358,17
1589249498.930424,173.194.151.108,10.10.0.10,,,443,41505,0,1358,17
1589249498.931969,10.10.0.10,173.194.151.108,,,41505,443,0,50,17
1589249498.9443939,173.194.151.108,10.10.0.10,,,443,41505,0,1358,17
1589249498.95837,173.194.151.108,10.10.0.10,,,443,41505,0,1358,17
1589249498.960999,10.10.0.10,173.194.151.108,,,41505,443,0,37,17
1589249498.972359,173.194.151.108,10.10.0.10,,,443,41505,0,1358,17
1589249498.9863136,173.194.151.108,10.10.0.10,,,443,41505,0,1358,17
1589249498.988375,10.10.0.10,173.194.151.108,,,41505,443,0,37,17
1589249499.0002859,173.194.151.108,10.10.0.10,,,443,41505,0,1358,17
1589249499.0159366,173.194.151.108,10.10.0.10,,,443,41505,0,1358,17
1589249499.017499,10.10.0.10,173.194.151.108,,,41505,443,0,37,17
1589249499.029923,173.194.151.108,10.10.0.10,,,443,41505,0,1358,17
1589249499.0438788,173.194.151.108,10.10.0.10,,,443,41505,0,1358,17
1589249499.0455198,10.10.0.10,173.194.151.108,,,41505,443,0,37,17
1589249499.0578554,173.194.151.108,10.10.0.10,,,443,41505,0,1358,17
1589249499.071824,173.194.151.108,10.10.0.10,,,443,41505,0,1358,17
1589249499.073517,10.10.0.10,173.194.151.108,,,41505,443,0,37,17
1589249499.085797,173.194.151.108,10.10.0.10,,,443,41505,0,1358,17
1589249499.0997891,173.194.151.108,10.10.0.10,,,443,41505,0,1358,17
1589249499.10164,10.10.0.10,173.194.151.108,,,41505,443,0,37,17
1589249499.113744,173.194.151.108,10.10.0.10,,,443,41505,0,1358,17
1589249499.127727,173.194.151.108,10.10.0.10,,,443,41505,0,1358,17
1589249499.12936,10.10.0.10,173.194.151.108,,,41505,443,0,37,17
1589249499.141689,173.194.151.108,10.10.0.10,,,443,41505,0,1358,17
1589249499.155666,173.194.151.108,10.10.0.10,,,443,41505,0,1358,17
1589249499.1577456,10.10.0.10,173.194.151.108,,,41505,443,0,37,17
1589249499.1696348,173.194.151.108,10.10.0.10,,,443,41505,0,1358,17
1589249499.1836038,173.194.151.108,10.10.0.10,,,443,41505,0,1358,17
1589249499.1852438,10.10.0.10,173.194.151.108,,,41505,443,0,37,17
1589249499.197578,173.194.151.108,10.10.0.10,,,443,41505,0,1358,17
1589249499.211551,173.194.151.108,10.10.0.10,,,443,41505,0,1358,17
1589249499.2133868,10.10.0.10,173.194.151.108,,,41505,443,0,37,17
1589249499.2255368,173.194.151.108,10.10.0.10,,,443,41505,0,1358,17
1589249499.239492,173.194.151.108,10.10.0.10,,,443,41505,0,1358,17
1589249499.243492,10.10.0.10,173.194.151.108,,,41505,443,0,37,17
1589249499.253473,173.194.151.108,10.10.0.10,,,443,41505,0,1358,17
1589249499.2674372,173.194.151.108,10.10.0.10,,,443,41505,0,1358,17
1589249499.269384,10.10.0.10,173.194.151.108,,,41505,443,0,37,17
1589249499.281415,173.194.151.108,10.10.0.10,,,443,41505,0,1358,17
1589249499.2970588,173.194.151.108,10.10.0.10,,,443,41505,0,1358,17
1589249499.2987401,10.10.0.10,173.194.151.108,,,41505,443,0,37,17
1589249499.3110368,173.194.151.108,10.10.0.10,,,443,41505,0,1358,17
1589249499.325003,173.194.151.108,10.10.0.10,,,443,41505,0,1358,17
1589249499.326863,10.10.0.10,173.194.151.108,,,41505,443,0,37,17
1589249499.338975,173.194.151.108,10.10.0.10,,,443,41505,0,1358,17
1589249499.35295,173.194.151.108,10.10.0.10,,,443,41505,0,1358,17
1589249499.3544922,10.10.0.10,173.194.151.108,,,41505,443,0,37,17
1589249499.36692,173.194.151.108,10.10.0.10,,,443,41505,0,1358,17
1589249499.3809085,173.194.151.108,10.10.0.10,,,443,41505,0,1358,17
1589249499.3832376,10.10.0.10,173.194.151.108,,,41505,443,0,37,17
1589249499.394866,173.194.151.108,10.10.0.10,,,443,41505,0,1358,17
1589249499.4088461,173.194.151.108,10.10.0.10,,,443,41505,0,1358,17
1589249499.412633,10.10.0.10,173.194.151.108,,,41505,443,0,37,17
1589249499.4228108,173.194.151.108,10.10.0.10,,,443,41505,0,1358,17
1589249499.4367769,173.194.151.108,10.10.0.10,,,443,41505,0,1358,17
1589249499.4384851,10.10.0.10,173.194.151.108,,,41505,443,0,37,17
1589249499.450753,173.194.151.108,10.10.0.10,,,443,41505,0,1358,17
1589249499.4647279,173.194.151.108,10.10.0.10,,,443,41505,0,1358,17
1589249499.46663,10.10.0.10,173.194.151.108,,,41505,443,0,37,17
1589249499.4787002,173.194.151.108,10.10.0.10,,,443,41505,0,1358,17
1589249499.4926784,173.194.151.108,10.10.0.10,,,443,41505,0,1358,17
1589249499.494984,10.10.0.10,173.194.151.108,,,41505,443,0,50,17
1589249499.5066571,173.194.151.108,10.10.0.10,,,443,41505,0,1358,17
1589249499.5206141,173.194.151.108,10.10.0.10,,,443,41505,0,1358,17
1589249499.5223598,10.10.0.10,173.194.151.108,,,41505,443,0,37,17
1589249499.5345972,173.194.151.108,10.10.0.10,,,443,41505,0,1358,17
1589249499.5485609,173.194.151.108,10.10.0.10,,,443,41505,0,1358,17
1589249499.5508769,10.10.0.10,173.194.151.108,,,41505,443,0,37,17
1589249499.562534,173.194.151.108,10.10.0.10,,,443,41505,0,1358,17
1589249499.5765266,173.194.151.108,10.10.0.10,,,443,41505,0,1358,17
1589249499.578248,10.10.0.10,173.194.151.108,,,41505,443,0,37,17
1589249499.5904741,173.194.151.108,10.10.0.10,,,443,41505,0,29,17
1589249499.5911078,173.194.151.108,10.10.0.10,,,443,41505,0,1358,17
1589249499.605088,173.194.151.108,10.10.0.10,,,443,41505,0,1358,17
1589249499.6069992,10.10.0.10,173.194.151.108,,,41505,443,0,37,17
1589249499.6190536,173.194.151.108,10.10.0.10,,,443,41505,0,1358,17
1589249499.633033,173.194.151.108,10.10.0.10,,,443,41505,0,1358,17
1589249499.6384974,10.10.0.10,173.194.151.108,,,41505,443,0,37,17
1589249499.6469982,173.194.151.108,10.10.0.10,,,443,41505,0,1358,17
1589249499.6609714,173.194.151.108,10.10.0.10,,,443,41505,0,1358,17
1589249499.6626098,10.10.0.10,173.194.151.108,,,41505,443,0,37,17
1589249499.674959,173.194.151.108,10.10.0.10,,,443,41505,0,1358,17
1589249499.688921,173.194.151.108,10.10.0.10,,,443,41505,0,1358,17
1589249499.690625,10.10.0.10,173.194.151.108,,,41505,443,0,37,17
1589249499.7029011,173.194.151.108,10.10.0.10,,,443,41505,0,1358,17
1589249499.716866,173.194.151.108,10.10.0.10,,,443,41505,0,1358,17
1589249499.718751,10.10.0.10,173.194.151.108,,,41505,443,0,37,17
1589249499.730834,173.194.151.108,10.10.0.10,,,443,41505,0,1358,17
1589249499.7448108,173.194.151.108,10.10.0.10,,,443,41505,0,1358,17
1589249499.746337,10.10.0.10,173.194.151.108,,,41505,443,0,37,17
1589249499.758777,173.194.151.108,10.10.0.10,,,443,41505,0,1358,17
1589249499.7727466,173.194.151.108,10.10.0.10,,,443,41505,0,1358,17
1589249499.77437,10.10.0.10,173.194.151.108,,,41505,443,0,37,17
1589249499.7867188,173.194.151.108,10.10.0.10,,,443,41505,0,1358,17
1589249499.80071,173.194.151.108,10.10.0.10,,,443,41505,0,1358,17
1589249499.80235,10.10.0.10,173.194.151.108,,,41505,443,0,37,17
1589249499.8146696,173.194.151.108,10.10.0.10,,,443,41505,0,1358,17
1589249499.8286474,173.194.151.108,10.10.0.10,,,443,41505,0,1358,17
1589249499.8308694,10.10.0.10,173.194.151.108,,,41505,443,0,37,17
1589249499.8426151,173.194.151.108,10.10.0.10,,,443,41505,0,1358,17
1589249499.856589,173.194.151.108,10.10.0.10,,,443,41505,0,1358,17
1589249499.8584762,10.10.0.10,173.194.151.108,,,41505,443,0,37,17
1589249499.870561,173.194.151.108,10.10.0.10,,,443,41505,0,1358,17
1589249499.8845332,173.194.151.108,10.10.0.10,,,443,41505,0,1358,17
1589249499.8864932,10.10.0.10,173.194.151.108,,,41505,443,0,37,17
1589249499.8985171,173.194.151.108,10.10.0.10,,,443,41505,0,1358,17
1589249499.912477,173.194.151.108,10.10.0.10,,,443,41505,0,1358,17
1589249499.914223,10.10.0.10,173.194.151.108,,,41505,443,0,37,17
1589249499.926456,173.194.151.108,10.10.0.10,,,443,41505,0,1358,17
1589249499.9404285,173.194.151.108,10.10.0.10,,,443,41505,0,1358,17
1589249499.945366,10.10.0.10,173.194.151.108,,,41505,443,0,37,17
1589249499.9543948,173.194.151.108,10.10.0.10,,,443,41505,0,1358,17
1589249499.9683642,173.194.151.108,10.10.0.10,,,443,41505,0,1358,17
1589249499.9698448,10.10.0.10,173.194.151.108,,,41505,443,0,37,17
1589249499.98234,173.194.151.108,10.10.0.10,,,443,41505,0,1358,17
1589249499.9963286,173.194.151.108,10.10.0.10,,,443,41505,0,1358,17
1589249499.9980989,10.10.0.10,173.194.151.108,,,41505,443,0,37,17
1589249500.0102842,173.194.151.108,10.10.0.10,,,443,41505,0,1358,17
1589249500.0242682,173.194.151.108,10.10.0.10,,,443,41505,0,1358,17
1589249500.0267491,10.10.0.10,173.194.151.108,,,41505,443,0,37,17
1589249500.038226,173.194.151.108,10.10.0.10,,,443,41505,0,1358,17
1589249500.052201,173.194.151.108,10.10.0.10,,,443,41505,0,1358,17
1589249500.0538428,10.10.0.10,173.194.151.108,,,41505,443,0,50,17
1589249500.0661721,173.194.151.108,10.10.0.10,,,443,41505,0,1358,17
1589249500.080145,173.194.151.108,10.10.0.10,,,443,41505,0,1358,17
1589249500.082217,10.10.0.10,173.194.151.108,,,41505,443,0,37,17
1589249500.094136,173.194.151.108,10.10.0.10,,,443,41505,0,1358,17
1589249500.1080909,173.194.151.108,10.10.0.10,,,443,41505,0,1358,17
1589249500.109983,10.10.0.10,173.194.151.108,,,41505,443,0,37,17
1589249500.1220741,173.194.151.108,10.10.0.10,,,443,41505,0,1358,17
1589249500.136034,173.194.151.108,10.10.0.10,,,443,41505,0,29,17
1589249500.1366668,173.194.151.108,10.10.0.10,,,443,41505,0,1358,17
1589249500.13824,10.10.0.10,173.194.151.108,,,41505,443,0,37,17
1589249500.150641,173.194.151.108,10.10.0.10,,,443,41505,0,1358,17
1589249500.164633,173.194.151.108,10.10.0.10,,,443,41505,0,1358,17
1589249500.166359,10.10.0.10,173.194.151.108,,,41505,443,0,37,17
1589249500.178587,173.194.151.108,10.10.0.10,,,443,41505,0,1358,17
1589249500.192572,173.194.151.108,10.10.0.10,,,443,41505,0,1358,17
1589249500.1943376,10.10.0.10,173.194.151.108,,,41505,443,0,37,17
1589249500.206528,173.194.151.108,10.10.0.10,,,443,41505,0,1358,17
1589249500.220511,173.194.151.108,10.10.0.10,,,443,41505,0,1358,17
1589249500.222234,10.10.0.10,173.194.151.108,,,41505,443,0,37,17
1589249500.234476,173.194.151.108,10.10.0.10,,,443,41505,0,1358,17
1589249500.2484481,173.194.151.108,10.10.0.10,,,443,41505,0,1358,17
1589249500.249953,10.10.0.10,173.194.151.108,,,41505,443,0,37,17
1589249500.262419,173.194.151.108,10.10.0.10,,,443,41505,0,1358,17
1589249500.276391,173.194.151.108,10.10.0.10,,,443,41505,0,1358,17
1589249500.277961,10.10.0.10,173.194.151.108,,,41505,443,0,37,17
1589249500.2903812,173.194.151.108,10.10.0.10,,,443,41505,0,1358,17
1589249500.304337,173.194.151.108,10.10.0.10,,,443,41505,0,1358,17
1589249500.3061054,10.10.0.10,173.194.151.108,,,41505,443,0,37,17
1589249500.31832,173.194.151.108,10.10.0.10,,,443,41505,0,1358,17
1589249500.3322818,173.194.151.108,10.10.0.10,,,443,41505,0,1358,17
1589249500.334106,10.10.0.10,173.194.151.108,,,41505,443,0,37,17
1589249500.3462598,173.194.151.108,10.10.0.10,,,443,41505,0,1358,17
1589249500.3602202,173.194.151.108,10.10.0.10,,,443,41505,0,1358,17
1589249500.363106,10.10.0.10,173.194.151.108,,,41505,443,0,37,17
1589249500.3741982,173.194.151.108,10.10.0.10,,,443,41505,0,1358,17
1589249500.3881712,173.194.151.108,10.10.0.10,,,443,41505,0,1358,17
1589249500.389833,10.10.0.10,173.194.151.108,,,41505,443,0,37,17
1589249500.4021466,173.194.151.108,10.10.0.10,,,443,41505,0,1358,17
1589249500.4161284,173.194.151.108,10.10.0.10,,,443,41505,0,1358,17
1589249500.4178338,10.10.0.10,173.194.151.108,,,41505,443,0,37,17
1589249500.430089,173.194.151.108,10.10.0.10,,,443,41505,0,1358,17
1589249500.4440699,173.194.151.108,10.10.0.10,,,443,41505,0,1358,17
1589249500.4461012,10.10.0.10,173.194.151.108,,,41505,443,0,37,17
1589249500.4580328,173.194.151.108,10.10.0.10,,,443,41505,0,1358,17
1589249500.472006,173.194.151.108,10.10.0.10,,,443,41505,0,1358,17
1589249500.473727,10.10.0.10,173.194.151.108,,,41505,443,0,37,17
1589249500.486,173.194.151.108,10.10.0.10,,,443,41505,0,1358,17
1589249500.4999518,173.194.151.108,10.10.0.10,,,443,41505,0,1358,17
1589249500.5022268,10.10.0.10,173.194.151.108,,,41505,443,0,37,17
1589249500.513937,173.194.151.108,10.10.0.10,,,443,41505,0,1358,17
1589249500.527893,173.194.151.108,10.10.0.10,,,443,41505,0,1358,17
1589249500.529709,10.10.0.10,173.194.151.108,,,41505,443,0,37,17
1589249500.541878,173.194.151.108,10.10.0.10,,,443,41505,0,1358,17
1589249500.555839,173.194.151.108,10.10.0.10,,,443,41505,0,1358,17
1589249500.557473,10.10.0.10,173.194.151.108,,,41505,443,0,37,17
1589249500.5698106,173.194.151.108,10.10.0.10,,,443,41505,0,1358,17
1589249500.5837831,173.194.151.108,10.10.0.10,,,443,41505,0,1358,17
1589249500.5853438,10.10.0.10,173.194.151.108,,,41505,443,0,37,17
1589249500.597753,173.194.151.108,10.10.0.10,,,443,41505,0,1358,17
1589249500.6117196,173.194.151.108,10.10.0.10,,,443,41505,0,1358,17
1589249500.613417,10.10.0.10,173.194.151.108,,,41505,443,0,50,17
1589249500.625702,173.194.151.108,10.10.0.10,,,443,41505,0,1358,17
1589249500.6396835,173.194.151.108,10.10.0.10,,,443,41505,0,1358,17
1589249500.6422062,10.10.0.10,173.194.151.108,,,41505,443,0,37,17
1589249500.6536438,173.194.151.108,10.10.0.10,,,443,41505,0,1358,17
1589249500.667623,173.194.151.108,10.10.0.10,,,443,41505,0,1358,17
1589249500.669222,10.10.0.10,173.194.151.108,,,41505,443,0,37,17
1589249500.6815882,173.194.151.108,10.10.0.10,,,443,41505,0,29,17
1589249500.6822178,173.194.151.108,10.10.0.10,,,443,41505,0,1358,17
1589249500.69619,173.194.151.108,10.10.0.10,,,443,41505,0,1358,17
1589249500.6978161,10.10.0.10,173.194.151.108,,,41505,443,0,37,17
1589249500.7101636,173.194.151.108,10.10.0.10,,,443,41505,0,1358,17
1589249500.725181,173.194.151.108,10.10.0.10,,,443,41505,0,1358,17
1589249500.727348,10.10.0.10,173.194.151.108,,,41505,443,0,37,17
1589249500.73915,173.194.151.108,10.10.0.10,,,443,41505,0,1358,17
1589249500.7531214,173.194.151.108,10.10.0.10,,,443,41505,0,1358,17
1589249500.754824,10.10.0.10,173.194.151.108,,,41505,443,0,37,17
1589249500.7670894,173.194.151.108,10.10.0.10,,,443,41505,0,1358,17
1589249500.781066,173.194.151.108,10.10.0.10,,,443,41505,0,1358,17
1589249500.78257,10.10.0.10,173.194.151.108,,,41505,443,0,37,17
1589249500.7950358,173.194.151.108,10.10.0.10,,,443,41505,0,1358,17
1589249500.80901,173.194.151.108,10.10.0.10,,,443,41505,0,1358,17
1589249500.8105712,10.10.0.10,173.194.151.108,,,41505,443,0,37,17
1589249500.822993,173.194.151.108,10.10.0.10,,,443,41505,0,1358,17
1589249500.8369539,173.194.151.108,10.10.0.10,,,443,41505,0,1358,17
1589249500.838686,10.10.0.10,173.194.151.108,,,41505,443,0,37,17
1589249500.850929,173.194.151.108,10.10.0.10,,,443,41505,0,1358,17
1589249500.864897,173.194.151.108,10.10.0.10,,,443,41505,0,1358,17
1589249500.868964,10.10.0.10,173.194.151.108,,,41505,443,0,37,17
1589249500.87887,173.194.151.108,10.10.0.10,,,443,41505,0,1358,17
1589249500.892865,173.194.151.108,10.10.0.10,,,443,41505,0,1358,17
1589249500.895719,10.10.0.10,173.194.151.108,,,41505,443,0,37,17
1589249500.906815,173.194.151.108,10.10.0.10,,,443,41505,0,1358,17
1589249500.9208019,173.194.151.108,10.10.0.10,,,443,41505,0,1358,17
1589249500.922433,10.10.0.10,173.194.151.108,,,41505,443,0,37,17
1589249500.9347599,173.194.151.108,10.10.0.10,,,443,41505,0,1358,17
1589249500.9487278,173.194.151.108,10.10.0.10,,,443,41505,0,1358,17
1589249500.950192,10.10.0.10,173.194.151.108,,,41505,443,0,37,17
1589249500.9627092,173.194.151.108,10.10.0.10,,,443,41505,0,1358,17
1589249500.9766786,173.194.151.108,10.10.0.10,,,443,41505,0,1358,17
1589249500.978316,10.10.0.10,173.194.151.108,,,41505,443,0,37,17
1589249500.990649,173.194.151.108,10.10.0.10,,,443,41505,0,1358,17
1589249501.004618,173.194.151.108,10.10.0.10,,,443,41505,0,1358,17
1589249501.0081036,10.10.0.10,173.194.151.108,,,41505,443,0,37,17
1589249501.018611,173.194.151.108,10.10.0.10,,,443,41505,0,1358,17
1589249501.032568,173.194.151.108,10.10.0.10,,,443,41505,0,1358,17
1589249501.0343332,10.10.0.10,173.194.151.108,,,41505,443,0,37,17
1589249501.046549,173.194.151.108,10.10.0.10,,,443,41505,0,1358,17
1589249501.0605118,173.194.151.108,10.10.0.10,,,443,41505,0,1358,17
1589249501.062187,10.10.0.10,173.194.151.108,,,41505,443,0,37,17
1589249501.0744839,173.194.151.108,10.10.0.10,,,443,41505,0,1358,17
1589249501.0884578,173.194.151.108,10.10.0.10,,,443,41505,0,1358,17
1589249501.0900831,10.10.0.10,173.194.151.108,,,41505,443,0,37,17
1589249501.10243,173.194.151.108,10.10.0.10,,,443,41505,0,1358,17
1589249501.1164038,173.194.151.108,10.10.0.10,,,443,41505,0,1358,17
1589249501.1180518,10.10.0.10,173.194.151.108,,,41505,443,0,37,17
1589249501.1303742,173.194.151.108,10.10.0.10,,,443,41505,0,1358,17
1589249501.144346,173.194.151.108,10.10.0.10,,,443,41505,0,1358,17
1589249501.146081,10.10.0.10,173.194.151.108,,,41505,443,0,37,17
1589249501.158318,173.194.151.108,10.10.0.10,,,443,41505,0,1358,17
1589249501.1727052,173.194.151.108,10.10.0.10,,,443,41505,0,1358,17
1589249501.176206,10.10.0.10,173.194.151.108,,,41505,443,0,50,17
1589249501.1866908,173.194.151.108,10.10.0.10,,,443,41505,0,1358,17
1589249501.200669,173.194.151.108,10.10.0.10,,,443,41505,0,1358,17
1589249501.202425,10.10.0.10,173.194.151.108,,,41505,443,0,37,17
1589249501.2146301,173.194.151.108,10.10.0.10,,,443,41505,0,1358,17
1589249501.2286088,173.194.151.108,10.10.0.10,,,443,41505,0,1358,17
1589249501.230313,10.10.0.10,173.194.151.108,,,41505,443,0,37,17
1589249501.242576,173.194.151.108,10.10.0.10,,,443,41505,0,1358,17
1589249501.256548,173.194.151.108,10.10.0.10,,,443,41505,0,1358,17
1589249501.258328,10.10.0.10,173.194.151.108,,,41505,443,0,37,17
1589249501.2705214,173.194.151.108,10.10.0.10,,,443,41505,0,1358,17
1589249501.2844908,173.194.151.108,10.10.0.10,,,443,41505,0,1358,17
1589249501.286579,10.10.0.10,173.194.151.108,,,41505,443,0,37,17
1589249501.2984786,173.194.151.108,10.10.0.10,,,443,41505,0,1358,17
1589249501.312439,173.194.151.108,10.10.0.10,,,443,41505,0,1358,17
1589249501.326414,173.194.151.108,10.10.0.10,,,443,41505,0,1358,17
1589249501.328308,10.10.0.10,173.194.151.108,,,41505,443,0,37,17
1589249501.340383,173.194.151.108,10.10.0.10,,,443,41505,0,1358,17
1589249501.342059,10.10.0.10,173.194.151.108,,,41505,443,0,37,17
1589249501.354353,173.194.151.108,10.10.0.10,,,443,41505,0,1358,17
1589249501.3683252,173.194.151.108,10.10.0.10,,,443,41505,0,1358,17
1589249501.3700442,10.10.0.10,173.194.151.108,,,41505,443,0,37,17
1589249501.382298,173.194.151.108,10.10.0.10,,,443,41505,0,1358,17
1589249501.396284,173.194.151.108,10.10.0.10,,,443,41505,0,1358,17
1589249501.3979485,10.10.0.10,173.194.151.108,,,41505,443,0,37,17
1589249501.4102454,173.194.151.108,10.10.0.10,,,443,41505,0,1358,17
1589249501.4242268,173.194.151.108,10.10.0.10,,,443,41505,0,1358,17
1589249501.4259481,10.10.0.10,173.194.151.108,,,41505,443,0,37,17
1589249501.438188,173.194.151.108,10.10.0.10,,,443,41505,0,1358,17
1589249501.452162,173.194.151.108,10.10.0.10,,,443,41505,0,1358,17
1589249501.4603221,10.10.0.10,173.194.151.108,,,41505,443,0,37,17
1589249501.466134,173.194.151.108,10.10.0.10,,,443,41505,0,1358,17
1589249501.480106,173.194.151.108,10.10.0.10,,,443,41505,0,1358,17
1589249501.483073,10.10.0.10,173.194.151.108,,,41505,443,0,37,17
1589249501.494096,173.194.151.108,10.10.0.10,,,443,41505,0,1358,17
1589249501.508048,173.194.151.108,10.10.0.10,,,443,41505,0,1358,17
1589249501.5098221,10.10.0.10,173.194.151.108,,,41505,443,0,37,17
1589249501.522033,173.194.151.108,10.10.0.10,,,443,41505,0,1358,17
1589249501.5359948,173.194.151.108,10.10.0.10,,,443,41505,0,1358,17
1589249501.538034,10.10.0.10,173.194.151.108,,,41505,443,0,37,17
1589249501.549974,173.194.151.108,10.10.0.10,,,443,41505,0,1358,17
1589249501.5639381,173.194.151.108,10.10.0.10,,,443,41505,0,1358,17
1589249501.5656931,10.10.0.10,173.194.151.108,,,41505,443,0,37,17
1589249501.5779116,173.194.151.108,10.10.0.10,,,443,41505,0,1358,17
1589249501.591884,173.194.151.108,10.10.0.10,,,443,41505,0,1358,17
1589249501.59355,10.10.0.10,173.194.151.108,,,41505,443,0,37,17
1589249501.6058578,173.194.151.108,10.10.0.10,,,443,41505,0,1358,17
1589249501.6198292,173.194.151.108,10.10.0.10,,,443,41505,0,1358,17
1589249501.622548,10.10.0.10,173.194.151.108,,,41505,443,0,37,17
1589249501.6337955,173.194.151.108,10.10.0.10,,,443,41505,0,1358,17
1589249501.6477802,173.194.151.108,10.10.0.10,,,443,41505,0,1358,17
1589249501.6515698,10.10.0.10,173.194.151.108,,,41505,443,0,37,17
1589249501.66174,173.194.151.108,10.10.0.10,,,443,41505,0,1358,17
1589249501.675715,173.194.151.108,10.10.0.10,,,443,41505,0,1358,17
1589249501.677136,10.10.0.10,173.194.151.108,,,41505,443,0,37,17
1589249501.6897,173.194.151.108,10.10.0.10,,,443,41505,0,1358,17
1589249501.703663,173.194.151.108,10.10.0.10,,,443,41505,0,1358,17
1589249501.705443,10.10.0.10,173.194.151.108,,,41505,443,0,37,17
1589249501.717651,173.194.151.108,10.10.0.10,,,443,41505,0,1358,17
1589249501.731607,173.194.151.108,10.10.0.10,,,443,41505,0,1358,17
1589249501.7355466,10.10.0.10,173.194.151.108,,,41505,443,0,50,17
1589249501.745576,173.194.151.108,10.10.0.10,,,443,41505,0,1358,17
1589249501.759553,173.194.151.108,10.10.0.10,,,443,41505,0,1358,17
1589249501.7615461,10.10.0.10,173.194.151.108,,,41505,443,0,37,17
1589249501.7735221,173.194.151.108,10.10.0.10,,,443,41505,0,1358,17
1589249501.7875009,173.194.151.108,10.10.0.10,,,443,41505,0,1358,17
1589249501.79017,10.10.0.10,173.194.151.108,,,41505,443,0,37,17
1589249501.8014722,173.194.151.108,10.10.0.10,,,443,41505,0,1358,17
1589249501.815463,173.194.151.108,10.10.0.10,,,443,41505,0,29,17
1589249501.816067,173.194.151.108,10.10.0.10,,,443,41505,0,1358,17
1589249501.817535,10.10.0.10,173.194.151.108,,,41505,443,0,37,17
1589249501.83005,173.194.151.108,10.10.0.10,,,443,41505,0,1358,17
1589249501.8440142,173.194.151.108,10.10.0.10,,,443,41505,0,1358,17
1589249501.845665,10.10.0.10,173.194.151.108,,,41505,443,0,37,17
1589249501.857993,173.194.151.108,10.10.0.10,,,443,41505,0,1358,17
1589249501.8719628,173.194.151.108,10.10.0.10,,,443,41505,0,1358,17
1589249501.8736851,10.10.0.10,173.194.151.108,,,41505,443,0,37,17
1589249501.885935,173.194.151.108,10.10.0.10,,,443,41505,0,1358,17
1589249501.89991,173.194.151.108,10.10.0.10,,,443,41505,0,1358,17
1589249501.9016864,10.10.0.10,173.194.151.108,,,41505,443,0,37,17
1589249501.913899,173.194.151.108,10.10.0.10,,,443,41505,0,1358,17
1589249501.927856,173.194.151.108,10.10.0.10,,,443,41505,0,1358,17
1589249501.9311626,10.10.0.10,173.194.151.108,,,41505,443,0,37,17
1589249501.9418359,173.194.151.108,10.10.0.10,,,443,41505,0,1358,17
1589249501.9558,173.194.151.108,10.10.0.10,,,443,41505,0,1358,17
1589249501.957565,10.10.0.10,173.194.151.108,,,41505,443,0,37,17
1589249501.969774,173.194.151.108,10.10.0.10,,,443,41505,0,1358,17
1589249501.983744,173.194.151.108,10.10.0.10,,,443,41505,0,1358,17
1589249501.985287,10.10.0.10,173.194.151.108,,,41505,443,0,37,17
1589249501.997716,173.194.151.108,10.10.0.10,,,443,41505,0,1358,17
1589249502.0117068,173.194.151.108,10.10.0.10,,,443,41505,0,1358,17
1589249502.0145411,10.10.0.10,173.194.151.108,,,41505,443,0,37,17
1589249502.0256624,173.194.151.108,10.10.0.10,,,443,41505,0,1358,17
1589249502.039649,173.194.151.108,10.10.0.10,,,443,41505,0,1358,17
1589249502.041162,10.10.0.10,173.194.151.108,,,41505,443,0,37,17
1589249502.053605,173.194.151.108,10.10.0.10,,,443,41505,0,1358,17
1589249502.067589,173.194.151.108,10.10.0.10,,,443,41505,0,1358,17
1589249502.0693052,10.10.0.10,173.194.151.108,,,41505,443,0,37,17
1589249502.081563,173.194.151.108,10.10.0.10,,,443,41505,0,1358,17
1589249502.0955224,173.194.151.108,10.10.0.10,,,443,41505,0,1358,17
1589249502.097282,10.10.0.10,173.194.151.108,,,41505,443,0,37,17
1589249502.109496,173.194.151.108,10.10.0.10,,,443,41505,0,1358,17
1589249502.123467,173.194.151.108,10.10.0.10,,,443,41505,0,1358,17
1589249502.125032,10.10.0.10,173.194.151.108,,,41505,443,0,37,17
1589249502.1374538,173.194.151.108,10.10.0.10,,,443,41505,0,1358,17
1589249502.1514142,173.194.151.108,10.10.0.10,,,443,41505,0,1358,17
1589249502.1533012,10.10.0.10,173.194.151.108,,,41505,443,0,37,17
1589249502.165392,173.194.151.108,10.10.0.10,,,443,41505,0,1358,17
1589249502.179359,173.194.151.108,10.10.0.10,,,443,41505,0,1358,17
1589249502.180928,10.10.0.10,173.194.151.108,,,41505,443,0,37,17
1589249502.1933296,173.194.151.108,10.10.0.10,,,443,41505,0,1358,17
1589249502.2073,173.194.151.108,10.10.0.10,,,443,41505,0,1358,17
1589249502.2089062,10.10.0.10,173.194.151.108,,,41505,443,0,37,17
1589249502.2212749,173.194.151.108,10.10.0.10,,,443,41505,0,1358,17
1589249502.235242,173.194.151.108,10.10.0.10,,,443,41505,0,1358,17
1589249502.2381554,10.10.0.10,173.194.151.108,,,41505,443,0,37,17
1589249502.249222,173.194.151.108,10.10.0.10,,,443,41505,0,1358,17
1589249502.2632039,173.194.151.108,10.10.0.10,,,443,41505,0,1358,17
1589249502.264904,10.10.0.10,173.194.151.108,,,41505,443,0,37,17
1589249502.2771652,173.194.151.108,10.10.0.10,,,443,41505,0,1358,17
1589249502.291137,173.194.151.108,10.10.0.10,,,443,41505,0,1358,17
1589249502.2929368,10.10.0.10,173.194.151.108,,,41505,443,0,50,17
1589249502.30511,173.194.151.108,10.10.0.10,,,443,41505,0,1358,17
1589249502.319082,173.194.151.108,10.10.0.10,,,443,41505,0,1358,17
1589249502.320778,10.10.0.10,173.194.151.108,,,41505,443,0,37,17
1589249502.3330722,173.194.151.108,10.10.0.10,,,443,41505,0,1358,17
1589249502.347036,173.194.151.108,10.10.0.10,,,443,41505,0,1358,17
1589249502.348797,10.10.0.10,173.194.151.108,,,41505,443,0,37,17
1589249502.3610108,173.194.151.108,10.10.0.10,,,443,41505,0,1358,17
1589249502.374967,173.194.151.108,10.10.0.10,,,443,41505,0,29,17
1589249502.375618,173.194.151.108,10.10.0.10,,,443,41505,0,1358,17
1589249502.377652,10.10.0.10,173.194.151.108,,,41505,443,0,37,17
1589249502.389577,173.194.151.108,10.10.0.10,,,443,41505,0,1358,17
1589249502.403546,173.194.151.108,10.10.0.10,,,443,41505,0,1358,17
1589249502.4051485,10.10.0.10,173.194.151.108,,,41505,443,0,37,17
1589249502.417521,173.194.151.108,10.10.0.10,,,443,41505,0,1358,17
1589249502.431509,173.194.151.108,10.10.0.10,,,443,41505,0,1358,17
1589249502.433289,10.10.0.10,173.194.151.108,,,41505,443,0,37,17
1589249502.4454658,173.194.151.108,10.10.0.10,,,443,41505,0,1358,17
1589249502.4594462,173.194.151.108,10.10.0.10,,,443,41505,0,1358,17
1589249502.4615269,10.10.0.10,173.194.151.108,,,41505,443,0,37,17
1589249502.4734118,173.194.151.108,10.10.0.10,,,443,41505,0,1358,17
1589249502.4873831,173.194.151.108,10.10.0.10,,,443,41505,0,1358,17
1589249502.4891708,10.10.0.10,173.194.151.108,,,41505,443,0,37,17
1589249502.5013509,173.194.151.108,10.10.0.10,,,443,41505,0,1358,17
1589249502.515326,173.194.151.108,10.10.0.10,,,443,41505,0,1358,17
1589249502.5170221,10.10.0.10,173.194.151.108,,,41505,443,0,37,17
1589249502.5293171,173.194.151.108,10.10.0.10,,,443,41505,0,1358,17
1589249502.543272,173.194.151.108,10.10.0.10,,,443,41505,0,1358,17
1589249502.5457902,10.10.0.10,173.194.151.108,,,41505,443,0,37,17
1589249502.5572536,173.194.151.108,10.10.0.10,,,443,41505,0,1358,17
1589249502.571217,173.194.151.108,10.10.0.10,,,443,41505,0,1358,17
1589249502.573041,10.10.0.10,173.194.151.108,,,41505,443,0,37,17
1589249502.5851939,173.194.151.108,10.10.0.10,,,443,41505,0,1358,17
1589249502.5991652,173.194.151.108,10.10.0.10,,,443,41505,0,355,17
1589249502.6007938,10.10.0.10,173.194.151.108,,,41505,443,0,37,17
1589249504.4624698,10.10.0.10,173.194.151.108,,,41505,443,0,723,17
1589249504.4625044,10.10.0.10,173.194.151.108,,,41505,443,0,48,17
1589249504.4668498,173.194.151.108,10.10.0.10,,,443,41505,0,29,17
1589249504.468126,173.194.151.108,10.10.0.10,,,443,41505,0,1358,17
1589249504.4681618,173.194.151.108,10.10.0.10,,,443,41505,0,1358,17
1589249504.4704838,10.10.0.10,173.194.151.108,,,41505,443,0,37,17
1589249504.4800198,173.194.151.108,10.10.0.10,,,443,41505,0,1358,17
1589249504.494011,173.194.151.108,10.10.0.10,,,443,41505,0,1358,17
1589249504.4961116,10.10.0.10,173.194.151.108,,,41505,443,0,37,17
1589249504.507968,173.194.151.108,10.10.0.10,,,443,41505,0,1358,17
1589249504.5219462,173.194.151.108,10.10.0.10,,,443,41505,0,1358,17
1589249504.523592,10.10.0.10,173.194.151.108,,,41505,443,0,37,17
1589249504.53591,173.194.151.108,10.10.0.10,,,443,41505,0,1358,17
1589249504.549886,173.194.151.108,10.10.0.10,,,443,41505,0,1358,17
1589249504.551608,10.10.0.10,173.194.151.108,,,41505,443,0,37,17
1589249504.563853,173.194.151.108,10.10.0.10,,,443,41505,0,1358,17
1589249504.5778232,173.194.151.108,10.10.0.10,,,443,41505,0,1358,17
1589249504.5794542,10.10.0.10,173.194.151.108,,,41505,443,0,37,17
1589249504.591795,173.194.151.108,10.10.0.10,,,443,41505,0,1358,17
1589249504.6057699,173.194.151.108,10.10.0.10,,,443,41505,0,1358,17
1589249504.6080508,10.10.0.10,173.194.151.108,,,41505,443,0,37,17
1589249504.619745,173.194.151.108,10.10.0.10,,,443,41505,0,1358,17
1589249504.633718,173.194.151.108,10.10.0.10,,,443,41505,0,1358,17
1589249504.6356199,10.10.0.10,173.194.151.108,,,41505,443,0,37,17
1589249504.647685,173.194.151.108,10.10.0.10,,,443,41505,0,1358,17
1589249504.6616619,173.194.151.108,10.10.0.10,,,443,41505,0,1358,17
1589249504.6638286,10.10.0.10,173.194.151.108,,,41505,443,0,37,17
1589249504.675634,173.194.151.108,10.10.0.10,,,443,41505,0,1358,17
1589249504.6896038,173.194.151.108,10.10.0.10,,,443,41505,0,1358,17
1589249504.6911812,10.10.0.10,173.194.151.108,,,41505,443,0,37,17
1589249504.7035742,173.194.151.108,10.10.0.10,,,443,41505,0,1358,17
1589249504.7175539,173.194.151.108,10.10.0.10,,,443,41505,0,1358,17
1589249504.719327,10.10.0.10,173.194.151.108,,,41505,443,0,37,17
1589249504.7315226,173.194.151.108,10.10.0.10,,,443,41505,0,1358,17
1589249504.7455068,173.194.151.108,10.10.0.10,,,443,41505,0,1358,17
1589249504.7494779,10.10.0.10,173.194.151.108,,,41505,443,0,37,17
1589249504.759463,173.194.151.108,10.10.0.10,,,443,41505,0,1358,17
1589249504.773442,173.194.151.108,10.10.0.10,,,443,41505,0,1358,17
1589249504.7750828,10.10.0.10,173.194.151.108,,,41505,443,0,37,17
1589249504.7874134,173.194.151.108,10.10.0.10,,,443,41505,0,1358,17
1589249504.8013892,173.194.151.108,10.10.0.10,,,443,41505,0,1358,17
1589249504.803101,10.10.0.10,173.194.151.108,,,41505,443,0,37,17
1589249504.815353,173.194.151.108,10.10.0.10,,,443,41505,0,1358,17
1589249504.829332,173.194.151.108,10.10.0.10,,,443,41505,0,1358,17
1589249504.831322,10.10.0.10,173.194.151.108,,,41505,443,0,37,17
1589249504.843312,173.194.151.108,10.10.0.10,,,443,41505,0,1358,17
1589249504.857287,173.194.151.108,10.10.0.10,,,443,41505,0,1358,17
1589249504.858969,10.10.0.10,173.194.151.108,,,41505,443,0,37,17
1589249504.8712418,173.194.151.108,10.10.0.10,,,443,41505,0,1358,17
1589249504.885225,173.194.151.108,10.10.0.10,,,443,41505,0,1358,17
1589249504.8869731,10.10.0.10,173.194.151.108,,,41505,443,0,37,17
1589249504.8991902,173.194.151.108,10.10.0.10,,,443,41505,0,1358,17
1589249504.913165,173.194.151.108,10.10.0.10,,,443,41505,0,1358,17
1589249504.914978,10.10.0.10,173.194.151.108,,,41505,443,0,37,17
1589249504.9271321,173.194.151.108,10.10.0.10,,,443,41505,0,1358,17
1589249504.9411235,173.194.151.108,10.10.0.10,,,443,41505,0,1358,17
1589249504.942846,10.10.0.10,173.194.151.108,,,41505,443,0,37,17
1589249504.955083,173.194.151.108,10.10.0.10,,,443,41505,0,1358,17
1589249504.96906,173.194.151.108,10.10.0.10,,,443,41505,0,1358,17
1589249504.9707012,10.10.0.10,173.194.151.108,,,41505,443,0,37,17
1589249504.983023,173.194.151.108,10.10.0.10,,,443,41505,0,1358,17
1589249504.9970028,173.194.151.108,10.10.0.10,,,443,41505,0,1358,17
1589249504.999975,10.10.0.10,173.194.151.108,,,41505,443,0,50,17
1589249505.010993,173.194.151.108,10.10.0.10,,,443,41505,0,1358,17
1589249505.024945,173.194.151.108,10.10.0.10,,,443,41505,0,1358,17
1589249505.026567,10.10.0.10,173.194.151.108,,,41505,443,0,37,17
1589249505.0389318,173.194.151.108,10.10.0.10,,,443,41505,0,1358,17
1589249505.0528898,173.194.151.108,10.10.0.10,,,443,41505,0,1358,17
1589249505.05485,10.10.0.10,173.194.151.108,,,41505,443,0,37,17
1589249505.0668714,173.194.151.108,10.10.0.10,,,443,41505,0,1358,17
1589249505.080832,173.194.151.108,10.10.0.10,,,443,41505,0,1358,17
1589249505.0835721,10.10.0.10,173.194.151.108,,,41505,443,0,37,17
1589249505.0948062,173.194.151.108,10.10.0.10,,,443,41505,0,1358,17
1589249505.108781,173.194.151.108,10.10.0.10,,,443,41505,0,1358,17
1589249505.110466,10.10.0.10,173.194.151.108,,,41505,443,0,37,17
1589249505.12275,173.194.151.108,10.10.0.10,,,443,41505,0,1358,17
1589249505.1367419,173.194.151.108,10.10.0.10,,,443,41505,0,1358,17
1589249505.150697,173.194.151.108,10.10.0.10,,,443,41505,0,1358,17
1589249505.164219,10.10.0.10,173.194.151.108,,,41505,443,0,37,17
1589249505.164668,173.194.151.108,10.10.0.10,,,443,41505,0,1358,17
1589249505.167811,10.10.0.10,173.194.151.108,,,41505,443,0,37,17
1589249505.1786408,173.194.151.108,10.10.0.10,,,443,41505,0,1358,17
1589249505.192617,173.194.151.108,10.10.0.10,,,443,41505,0,1358,17
1589249505.194463,10.10.0.10,173.194.151.108,,,41505,443,0,37,17
1589249505.2065868,173.194.151.108,10.10.0.10,,,443,41505,0,1358,17
1589249505.2085662,10.10.0.10,173.194.151.108,,,41505,443,0,50,17
1589249505.2205591,173.194.151.108,10.10.0.10,,,443,41505,0,1358,17
1589249505.2345312,173.194.151.108,10.10.0.10,,,443,41505,0,1358,17
1589249505.2363398,10.10.0.10,173.194.151.108,,,41505,443,0,37,17
1589249505.248504,173.194.151.108,10.10.0.10,,,443,41505,0,1358,17
1589249505.2624748,173.194.151.108,10.10.0.10,,,443,41505,0,1358,17
1589249505.264193,10.10.0.10,173.194.151.108,,,41505,443,0,37,17
1589249505.276448,173.194.151.108,10.10.0.10,,,443,41505,0,1358,17
1589249505.290425,173.194.151.108,10.10.0.10,,,443,41505,0,1358,17
1589249505.292162,10.10.0.10,173.194.151.108,,,41505,443,0,37,17
1589249505.304393,173.194.151.108,10.10.0.10,,,443,41505,0,1358,17
1589249505.318366,173.194.151.108,10.10.0.10,,,443,41505,0,1358,17
1589249505.320213,10.10.0.10,173.194.151.108,,,41505,443,0,37,17
1589249505.3323412,173.194.151.108,10.10.0.10,,,443,41505,0,1358,17
1589249505.3463109,173.194.151.108,10.10.0.10,,,443,41505,0,1358,17
1589249505.348335,10.10.0.10,173.194.151.108,,,41505,443,0,37,17
1589249505.3602989,173.194.151.108,10.10.0.10,,,443,41505,0,1358,17
1589249505.3742552,173.194.151.108,10.10.0.10,,,443,41505,0,1358,17
1589249505.3761911,10.10.0.10,173.194.151.108,,,41505,443,0,37,17
1589249505.3882382,173.194.151.108,10.10.0.10,,,443,41505,0,1358,17
1589249505.402199,173.194.151.108,10.10.0.10,,,443,41505,0,1358,17
1589249505.403955,10.10.0.10,173.194.151.108,,,41505,443,0,37,17
1589249505.416166,173.194.151.108,10.10.0.10,,,443,41505,0,1358,17
1589249505.4301438,173.194.151.108,10.10.0.10,,,443,41505,0,1358,17
1589249505.431952,10.10.0.10,173.194.151.108,,,41505,443,0,37,17
1589249505.444118,173.194.151.108,10.10.0.10,,,443,41505,0,1358,17
1589249505.4581082,173.194.151.108,10.10.0.10,,,443,41505,0,1358,17
1589249505.459831,10.10.0.10,173.194.151.108,,,41505,443,0,37,17
1589249505.4720619,173.194.151.108,10.10.0.10,,,443,41505,0,1358,17
1589249505.4860456,173.194.151.108,10.10.0.10,,,443,41505,0,1358,17
1589249505.4888248,10.10.0.10,173.194.151.108,,,41505,443,0,37,17
1589249505.5000072,173.194.151.108,10.10.0.10,,,443,41505,0,1358,17
1589249505.513983,173.194.151.108,10.10.0.10,,,443,41505,0,1358,17
1589249505.515839,10.10.0.10,173.194.151.108,,,41505,443,0,37,17
1589249505.527951,173.194.151.108,10.10.0.10,,,443,41505,0,1358,17
1589249505.541926,173.194.151.108,10.10.0.10,,,443,41505,0,1358,17
1589249505.5436828,10.10.0.10,173.194.151.108,,,41505,443,0,37,17
1589249505.5559,173.194.151.108,10.10.0.10,,,443,41505,0,1358,17
1589249505.569866,173.194.151.108,10.10.0.10,,,443,41505,0,1358,17
1589249505.571664,10.10.0.10,173.194.151.108,,,41505,443,0,37,17
1589249505.5838401,173.194.151.108,10.10.0.10,,,443,41505,0,1358,17
1589249505.5978134,173.194.151.108,10.10.0.10,,,443,41505,0,1358,17
1589249505.599558,10.10.0.10,173.194.151.108,,,41505,443,0,37,17
1589249505.6117802,173.194.151.108,10.10.0.10,,,443,41505,0,1358,17
1589249505.625752,173.194.151.108,10.10.0.10,,,443,41505,0,1358,17
1589249505.6275814,10.10.0.10,173.194.151.108,,,41505,443,0,37,17
1589249505.6277628,10.10.0.10,173.194.151.108,,,41505,443,0,31,17
1589249505.6397262,173.194.151.108,10.10.0.10,,,443,41505,0,1358,17
1589249505.653699,173.194.151.108,10.10.0.10,,,443,41505,0,1358,17
1589249505.6554532,10.10.0.10,173.194.151.108,,,41505,443,0,37,17
1589249505.6676738,173.194.151.108,10.10.0.10,,,443,41505,0,1358,17
1589249505.681646,173.194.151.108,10.10.0.10,,,443,41505,0,1358,17
1589249505.6835554,10.10.0.10,173.194.151.108,,,41505,443,0,37,17
1589249505.695615,173.194.151.108,10.10.0.10,,,443,41505,0,1358,17
1589249505.7095902,173.194.151.108,10.10.0.10,,,443,41505,0,1358,17
1589249505.711768,10.10.0.10,173.194.151.108,,,41505,443,0,37,17
1589249505.7235599,173.194.151.108,10.10.0.10,,,443,41505,0,1358,17
1589249505.7375321,173.194.151.108,10.10.0.10,,,443,41505,0,1358,17
1589249505.739934,10.10.0.10,173.194.151.108,,,41505,443,0,37,17
1589249505.751518,173.194.151.108,10.10.0.10,,,443,41505,0,1358,17
1589249505.765483,173.194.151.108,10.10.0.10,,,443,41505,0,1358,17
1589249505.768328,10.10.0.10,173.194.151.108,,,41505,443,0,37,17
1589249505.779472,173.194.151.108,10.10.0.10,,,443,41505,0,1358,17
1589249505.7934294,173.194.151.108,10.10.0.10,,,443,41505,0,1358,17
1589249505.7950542,10.10.0.10,173.194.151.108,,,41505,443,0,37,17
1589249505.807409,173.194.151.108,10.10.0.10,,,443,41505,0,1358,17
1589249505.8213706,173.194.151.108,10.10.0.10,,,443,41505,0,1358,17
1589249505.823183,10.10.0.10,173.194.151.108,,,41505,443,0,37,17
1589249505.83535,173.194.151.108,10.10.0.10,,,443,41505,0,1358,17
1589249505.8493161,173.194.151.108,10.10.0.10,,,443,41505,0,1358,17
1589249505.8509252,10.10.0.10,173.194.151.108,,,41505,443,0,37,17
1589249505.863285,173.194.151.108,10.10.0.10,,,443,41505,0,1358,17
1589249505.8772588,173.194.151.108,10.10.0.10,,,443,41505,0,1358,17
1589249505.8789456,10.10.0.10,173.194.151.108,,,41505,443,0,37,17
1589249505.8912349,173.194.151.108,10.10.0.10,,,443,41505,0,1358,17
1589249505.9052188,173.194.151.108,10.10.0.10,,,443,41505,0,1358,17
1589249505.9075718,10.10.0.10,173.194.151.108,,,41505,443,0,37,17
1589249505.919179,173.194.151.108,10.10.0.10,,,443,41505,0,1358,17
1589249505.9331572,173.194.151.108,10.10.0.10,,,443,41505,0,1358,17
1589249505.934817,10.10.0.10,173.194.151.108,,,41505,443,0,37,17
1589249505.947122,173.194.151.108,10.10.0.10,,,443,41505,0,1358,17
1589249505.961096,173.194.151.108,10.10.0.10,,,443,41505,0,1358,17
1589249505.96269,10.10.0.10,173.194.151.108,,,41505,443,0,37,17
1589249505.962943,10.10.0.10,173.194.151.108,,,41505,443,0,31,17
1589249505.975067,173.194.151.108,10.10.0.10,,,443,41505,0,1358,17
1589249505.9890409,173.194.151.108,10.10.0.10,,,443,41505,0,1358,17
1589249505.9905438,10.10.0.10,173.194.151.108,,,41505,443,0,37,17
1589249506.0030286,173.194.151.108,10.10.0.10,,,443,41505,0,1358,17
1589249506.016985,173.194.151.108,10.10.0.10,,,443,41505,0,1358,17
1589249506.0186758,10.10.0.10,173.194.151.108,,,41505,443,0,37,17
1589249506.0309708,173.194.151.108,10.10.0.10,,,443,41505,0,1358,17
1589249506.0449321,173.194.151.108,10.10.0.10,,,443,41505,0,1358,17
1589249506.046795,10.10.0.10,173.194.151.108,,,41505,443,0,37,17
1589249506.058901,173.194.151.108,10.10.0.10,,,443,41505,0,1358,17
1589249506.0728738,173.194.151.108,10.10.0.10,,,443,41505,0,1358,17
1589249506.075543,10.10.0.10,173.194.151.108,,,41505,443,0,37,17
1589249506.086847,173.194.151.108,10.10.0.10,,,443,41505,0,1358,17
1589249506.10084,173.194.151.108,10.10.0.10,,,443,41505,0,1358,17
1589249506.1025689,10.10.0.10,173.194.151.108,,,41505,443,0,37,17
1589249506.114792,173.194.151.108,10.10.0.10,,,443,41505,0,1358,17
1589249506.128777,173.194.151.108,10.10.0.10,,,443,41505,0,1358,17
1589249506.1304188,10.10.0.10,173.194.151.108,,,41505,443,0,37,17
1589249506.142737,173.194.151.108,10.10.0.10,,,443,41505,0,744,17
1589249506.150543,173.194.151.108,10.10.0.10,,,443,41505,0,29,17
1589249506.1764328,10.10.0.10,173.194.151.108,,,41505,443,0,37,17
1589249507.755896,10.10.0.10,173.194.151.108,,,41505,443,0,724,17
1589249507.7559376,10.10.0.10,173.194.151.108,,,41505,443,0,48,17
1589249507.7562542,10.10.0.10,173.194.151.108,,,41505,443,0,724,17
1589249507.7562802,10.10.0.10,173.194.151.108,,,41505,443,0,48,17
1589249507.760369,173.194.151.108,10.10.0.10,,,443,41505,0,29,17
1589249507.761697,173.194.151.108,10.10.0.10,,,443,41505,0,1358,17
1589249507.761732,173.194.151.108,10.10.0.10,,,443,41505,0,1358,17
1589249507.763862,10.10.0.10,173.194.151.108,,,41505,443,0,37,17
1589249507.773603,173.194.151.108,10.10.0.10,,,443,41505,0,1358,17
1589249507.7875652,173.194.151.108,10.10.0.10,,,443,41505,0,1358,17
1589249507.7891412,10.10.0.10,173.194.151.108,,,41505,443,0,37,17
1589249507.801543,173.194.151.108,10.10.0.10,,,443,41505,0,1358,17
1589249507.81551,173.194.151.108,10.10.0.10,,,443,41505,0,1358,17
1589249507.8171241,10.10.0.10,173.194.151.108,,,41505,443,0,37,17
1589249507.8294818,173.194.151.108,10.10.0.10,,,443,41505,0,1358,17
1589249507.8434534,173.194.151.108,10.10.0.10,,,443,41505,0,1358,17
1589249507.849142,10.10.0.10,173.194.151.108,,,41505,443,0,37,17
1589249507.857426,173.194.151.108,10.10.0.10,,,443,41505,0,1358,17
1589249507.8714108,173.194.151.108,10.10.0.10,,,443,41505,0,1358,17
1589249507.872992,10.10.0.10,173.194.151.108,,,41505,443,0,37,17
1589249507.88537,173.194.151.108,10.10.0.10,,,443,41505,0,1358,17
1589249507.8993492,173.194.151.108,10.10.0.10,,,443,41505,0,1358,17
1589249507.901012,10.10.0.10,173.194.151.108,,,41505,443,0,37,17
1589249507.913314,173.194.151.108,10.10.0.10,,,443,41505,0,1358,17
1589249507.927288,173.194.151.108,10.10.0.10,,,443,41505,0,1358,17
1589249507.928759,10.10.0.10,173.194.151.108,,,41505,443,0,37,17
1589249507.941258,173.194.151.108,10.10.0.10,,,443,41505,0,1358,17
1589249507.9552338,173.194.151.108,10.10.0.10,,,443,41505,0,1358,17
1589249507.956739,10.10.0.10,173.194.151.108,,,41505,443,0,37,17
1589249507.969204,173.194.151.108,10.10.0.10,,,443,41505,0,1358,17
1589249507.983177,173.194.151.108,10.10.0.10,,,443,41505,0,1358,17
1589249507.98501,10.10.0.10,173.194.151.108,,,41505,443,0,37,17
1589249507.997161,173.194.151.108,10.10.0.10,,,443,41505,0,1358,17
1589249508.0111241,173.194.151.108,10.10.0.10,,,443,41505,0,1358,17
1589249508.012758,10.10.0.10,173.194.151.108,,,41505,443,0,37,17
1589249508.0250974,173.194.151.108,10.10.0.10,,,443,41505,0,1358,17
1589249508.0390694,173.194.151.108,10.10.0.10,,,443,41505,0,1358,17
1589249508.0406115,10.10.0.10,173.194.151.108,,,41505,443,0,37,17
1589249508.05304,173.194.151.108,10.10.0.10,,,443,41505,0,1358,17
1589249508.0670311,173.194.151.108,10.10.0.10,,,443,41505,0,1358,17
1589249508.0688882,10.10.0.10,173.194.151.108,,,41505,443,0,37,17
1589249508.080983,173.194.151.108,10.10.0.10,,,443,41505,0,1358,17
1589249508.094968,173.194.151.108,10.10.0.10,,,443,41505,0,1358,17
1589249508.096735,10.10.0.10,173.194.151.108,,,41505,443,0,37,17
1589249508.108928,173.194.151.108,10.10.0.10,,,443,41505,0,1358,17
1589249508.122909,173.194.151.108,10.10.0.10,,,443,41505,0,1358,17
1589249508.1246376,10.10.0.10,173.194.151.108,,,41505,443,0,37,17
1589249508.136873,173.194.151.108,10.10.0.10,,,443,41505,0,1358,17
1589249508.1508439,173.194.151.108,10.10.0.10,,,443,41505,0,1358,17
1589249508.152632,10.10.0.10,173.194.151.108,,,41505,443,0,37,17
1589249508.1648178,173.194.151.108,10.10.0.10,,,443,41505,0,1358,17
1589249508.1787858,173.194.151.108,10.10.0.10,,,443,41505,0,1358,17
1589249508.180505,10.10.0.10,173.194.151.108,,,41505,443,0,37,17
1589249508.1927812,173.194.151.108,10.10.0.10,,,443,41505,0,1358,17
1589249508.2067358,173.194.151.108,10.10.0.10,,,443,41505,0,1358,17
1589249508.208607,10.10.0.10,173.194.151.108,,,41505,443,0,37,17
1589249508.2207148,173.194.151.108,10.10.0.10,,,443,41505,0,1358,17
1589249508.2346814,173.194.151.108,10.10.0.10,,,443,41505,0,1358,17
1589249508.2365026,10.10.0.10,173.194.151.108,,,41505,443,0,37,17
1589249508.248658,173.194.151.108,10.10.0.10,,,443,41505,0,1358,17
1589249508.262623,173.194.151.108,10.10.0.10,,,443,41505,0,1358,17
1589249508.264251,10.10.0.10,173.194.151.108,,,41505,443,0,37,17
1589249508.2766,173.194.151.108,10.10.0.10,,,443,41505,0,1358,17
1589249508.2905722,173.194.151.108,10.10.0.10,,,443,41505,0,1358,17
1589249508.2921069,10.10.0.10,173.194.151.108,,,41505,443,0,50,17
1589249508.304543,173.194.151.108,10.10.0.10,,,443,41505,0,1358,17
1589249508.318514,173.194.151.108,10.10.0.10,,,443,41505,0,1358,17
1589249508.3203778,10.10.0.10,173.194.151.108,,,41505,443,0,37,17
1589249508.3324866,173.194.151.108,10.10.0.10,,,443,41505,0,1358,17
1589249508.3464608,173.194.151.108,10.10.0.10,,,443,41505,0,1358,17
1589249508.348103,10.10.0.10,173.194.151.108,,,41505,443,0,37,17
1589249508.360431,173.194.151.108,10.10.0.10,,,443,41505,0,1358,17
1589249508.374404,173.194.151.108,10.10.0.10,,,443,41505,0,1358,17
1589249508.37597,10.10.0.10,173.194.151.108,,,41505,443,0,37,17
1589249508.3883982,173.194.151.108,10.10.0.10,,,443,41505,0,1358,17
1589249508.4023502,173.194.151.108,10.10.0.10,,,443,41505,0,1358,17
1589249508.404103,10.10.0.10,173.194.151.108,,,41505,443,0,37,17
1589249508.4163165,173.194.151.108,10.10.0.10,,,443,41505,0,1358,17
1589249508.430298,173.194.151.108,10.10.0.10,,,443,41505,0,1358,17
1589249508.4319751,10.10.0.10,173.194.151.108,,,41505,443,0,37,17
1589249508.444273,173.194.151.108,10.10.0.10,,,443,41505,0,1358,17
1589249508.458239,173.194.151.108,10.10.0.10,,,443,41505,0,1358,17
1589249508.4598498,10.10.0.10,173.194.151.108,,,41505,443,0,37,17
1589249508.4722118,173.194.151.108,10.10.0.10,,,443,41505,0,1358,17
1589249508.486183,173.194.151.108,10.10.0.10,,,443,41505,0,1358,17
1589249508.487851,10.10.0.10,173.194.151.108,,,41505,443,0,37,17
1589249508.5001562,173.194.151.108,10.10.0.10,,,443,41505,0,1358,17
1589249508.514144,173.194.151.108,10.10.0.10,,,443,41505,0,1358,17
1589249508.515867,10.10.0.10,173.194.151.108,,,41505,443,0,37,17
1589249508.5280998,173.194.151.108,10.10.0.10,,,443,41505,0,1358,17
1589249508.5420802,173.194.151.108,10.10.0.10,,,443,41505,0,1358,17
1589249508.5438461,10.10.0.10,173.194.151.108,,,41505,443,0,37,17
1589249508.55604,173.194.151.108,10.10.0.10,,,443,41505,0,1358,17
1589249508.570022,173.194.151.108,10.10.0.10,,,443,41505,0,1358,17
1589249508.5719721,10.10.0.10,173.194.151.108,,,41505,443,0,37,17
1589249508.5839882,173.194.151.108,10.10.0.10,,,443,41505,0,1358,17
1589249508.5979626,173.194.151.108,10.10.0.10,,,443,41505,0,1358,17
1589249508.6000922,10.10.0.10,173.194.151.108,,,41505,443,0,37,17
1589249508.611944,173.194.151.108,10.10.0.10,,,443,41505,0,1358,17
1589249508.62591,173.194.151.108,10.10.0.10,,,443,41505,0,1358,17
1589249508.627742,10.10.0.10,173.194.151.108,,,41505,443,0,37,17
1589249508.639878,173.194.151.108,10.10.0.10,,,443,41505,0,1358,17
1589249508.653848,173.194.151.108,10.10.0.10,,,443,41505,0,1358,17
1589249508.655472,10.10.0.10,173.194.151.108,,,41505,443,0,37,17
1589249508.669496,173.194.151.108,10.10.0.10,,,443,41505,0,1358,17
1589249508.68347,173.194.151.108,10.10.0.10,,,443,41505,0,1358,17
1589249508.685096,10.10.0.10,173.194.151.108,,,41505,443,0,37,17
1589249508.6974409,173.194.151.108,10.10.0.10,,,443,41505,0,1358,17
1589249508.711416,173.194.151.108,10.10.0.10,,,443,41505,0,1358,17
1589249508.712959,10.10.0.10,173.194.151.108,,,41505,443,0,37,17
1589249508.725386,173.194.151.108,10.10.0.10,,,443,41505,0,1358,17
1589249508.739375,173.194.151.108,10.10.0.10,,,443,41505,0,1358,17
1589249508.7411141,10.10.0.10,173.194.151.108,,,41505,443,0,37,17
1589249508.753335,173.194.151.108,10.10.0.10,,,443,41505,0,1358,17
1589249508.7673204,173.194.151.108,10.10.0.10,,,443,41505,0,1358,17
1589249508.7692368,10.10.0.10,173.194.151.108,,,41505,443,0,37,17
1589249508.781281,173.194.151.108,10.10.0.10,,,443,41505,0,1358,17
1589249508.795263,173.194.151.108,10.10.0.10,,,443,41505,0,1358,17
1589249508.7972374,10.10.0.10,173.194.151.108,,,41505,443,0,37,17
1589249508.809227,173.194.151.108,10.10.0.10,,,443,41505,0,1358,17
1589249508.8231974,173.194.151.108,10.10.0.10,,,443,41505,0,1358,17
1589249508.824839,10.10.0.10,173.194.151.108,,,41505,443,0,37,17
1589249508.837169,173.194.151.108,10.10.0.10,,,443,41505,0,1358,17
1589249508.8511431,173.194.151.108,10.10.0.10,,,443,41505,0,1358,17
1589249508.8544931,10.10.0.10,173.194.151.108,,,41505,443,0,50,17
1589249508.865135,173.194.151.108,10.10.0.10,,,443,41505,0,1358,17
1589249508.879086,173.194.151.108,10.10.0.10,,,443,41505,0,1358,17
1589249508.880841,10.10.0.10,173.194.151.108,,,41505,443,0,37,17
1589249508.89307,173.194.151.108,10.10.0.10,,,443,41505,0,1358,17
1589249508.907032,173.194.151.108,10.10.0.10,,,443,41505,0,1358,17
1589249508.9087322,10.10.0.10,173.194.151.108,,,41505,443,0,37,17
1589249508.921009,173.194.151.108,10.10.0.10,,,443,41505,0,1358,17
1589249508.934977,173.194.151.108,10.10.0.10,,,443,41505,0,1358,17
1589249508.9376118,10.10.0.10,173.194.151.108,,,41505,443,0,37,17
1589249508.948951,173.194.151.108,10.10.0.10,,,443,41505,0,1358,17
1589249508.96292,173.194.151.108,10.10.0.10,,,443,41505,0,1358,17
1589249508.9644828,10.10.0.10,173.194.151.108,,,41505,443,0,37,17
1589249508.9768946,173.194.151.108,10.10.0.10,,,443,41505,0,1358,17
1589249508.990881,173.194.151.108,10.10.0.10,,,443,41505,0,1358,17
1589249509.006512,173.194.151.108,10.10.0.10,,,443,41505,0,1358,17
1589249509.007925,10.10.0.10,173.194.151.108,,,41505,443,0,37,17
1589249509.0204852,173.194.151.108,10.10.0.10,,,443,41505,0,1358,17
1589249509.0222292,10.10.0.10,173.194.151.108,,,41505,443,0,37,17
1589249509.03446,173.194.151.108,10.10.0.10,,,443,41505,0,1358,17
1589249509.048442,173.194.151.108,10.10.0.10,,,443,41505,0,1358,17
1589249509.0502071,10.10.0.10,173.194.151.108,,,41505,443,0,37,17
1589249509.062407,173.194.151.108,10.10.0.10,,,443,41505,0,1358,17
1589249509.0763805,173.194.151.108,10.10.0.10,,,443,41505,0,1358,17
1589249509.0781012,10.10.0.10,173.194.151.108,,,41505,443,0,37,17
1589249509.0903482,173.194.151.108,10.10.0.10,,,443,41505,0,1358,17
1589249509.1043172,173.194.151.108,10.10.0.10,,,443,41505,0,1358,17
1589249509.106081,10.10.0.10,173.194.151.108,,,41505,443,0,37,17
1589249509.1183002,173.194.151.108,10.10.0.10,,,443,41505,0,1358,17
1589249509.1322658,173.194.151.108,10.10.0.10,,,443,41505,0,1358,17
1589249509.1341012,10.10.0.10,173.194.151.108,,,41505,443,0,37,17
1589249509.1462526,173.194.151.108,10.10.0.10,,,443,41505,0,1358,17
1589249509.16021,173.194.151.108,10.10.0.10,,,443,41505,0,1358,17
1589249509.163204,10.10.0.10,173.194.151.108,,,41505,443,0,37,17
1589249509.174189,173.194.151.108,10.10.0.10,,,443,41505,0,1358,17
1589249509.1881561,173.194.151.108,10.10.0.10,,,443,41505,0,1358,17
1589249509.189976,10.10.0.10,173.194.151.108,,,41505,443,0,37,17
1589249509.2021296,173.194.151.108,10.10.0.10,,,443,41505,0,1358,17
1589249509.2160995,173.194.151.108,10.10.0.10,,,443,41505,0,1358,17
1589249509.218225,10.10.0.10,173.194.151.108,,,41505,443,0,37,17
1589249509.230072,173.194.151.108,10.10.0.10,,,443,41505,0,1358,17
1589249509.2440536,173.194.151.108,10.10.0.10,,,443,41505,0,1358,17
1589249509.245575,10.10.0.10,173.194.151.108,,,41505,443,0,37,17
1589249509.258017,173.194.151.108,10.10.0.10,,,443,41505,0,1358,17
1589249509.272,173.194.151.108,10.10.0.10,,,443,41505,0,1358,17
1589249509.27372,10.10.0.10,173.194.151.108,,,41505,443,0,37,17
1589249509.2876382,173.194.151.108,10.10.0.10,,,443,41505,0,1358,17
1589249509.301623,173.194.151.108,10.10.0.10,,,443,41505,0,1358,17
1589249509.3038292,10.10.0.10,173.194.151.108,,,41505,443,0,37,17
1589249509.315583,173.194.151.108,10.10.0.10,,,443,41505,0,1358,17
1589249509.329558,173.194.151.108,10.10.0.10,,,443,41505,0,1358,17
1589249509.331325,10.10.0.10,173.194.151.108,,,41505,443,0,37,17
1589249509.343529,173.194.151.108,10.10.0.10,,,443,41505,0,1358,17
1589249509.357501,173.194.151.108,10.10.0.10,,,443,41505,0,1358,17
1589249509.359449,10.10.0.10,173.194.151.108,,,41505,443,0,37,17
1589249509.371468,173.194.151.108,10.10.0.10,,,443,41505,0,1358,17
1589249509.38544,173.194.151.108,10.10.0.10,,,443,41505,0,1358,17
1589249509.387324,10.10.0.10,173.194.151.108,,,41505,443,0,37,17
1589249509.399431,173.194.151.108,10.10.0.10,,,443,41505,0,1358,17
1589249509.413391,173.194.151.108,10.10.0.10,,,443,41505,0,1358,17
1589249509.4150918,10.10.0.10,173.194.151.108,,,41505,443,0,50,17
1589249509.4273686,173.194.151.108,10.10.0.10,,,443,41505,0,1358,17
1589249509.4413311,173.194.151.108,10.10.0.10,,,443,41505,0,1358,17
1589249509.443465,10.10.0.10,173.194.151.108,,,41505,443,0,37,17
1589249509.4553082,173.194.151.108,10.10.0.10,,,443,41505,0,1358,17
1589249509.46928,173.194.151.108,10.10.0.10,,,443,41505,0,1358,17
1589249509.472344,10.10.0.10,173.194.151.108,,,41505,443,0,37,17
1589249509.483253,173.194.151.108,10.10.0.10,,,443,41505,0,1358,17
1589249509.497241,173.194.151.108,10.10.0.10,,,443,41505,0,1358,17
1589249509.4988198,10.10.0.10,173.194.151.108,,,41505,443,0,37,17
1589249509.511198,173.194.151.108,10.10.0.10,,,443,41505,0,1358,17
1589249509.525177,173.194.151.108,10.10.0.10,,,443,41505,0,1358,17
1589249509.526964,10.10.0.10,173.194.151.108,,,41505,443,0,37,17
1589249509.539143,173.194.151.108,10.10.0.10,,,443,41505,0,1358,17
1589249509.553123,173.194.151.108,10.10.0.10,,,443,41505,0,1358,17
1589249509.5553381,10.10.0.10,173.194.151.108,,,41505,443,0,37,17
1589249509.567084,173.194.151.108,10.10.0.10,,,443,41505,0,1358,17
1589249509.5810616,173.194.151.108,10.10.0.10,,,443,41505,0,1358,17
1589249509.582838,10.10.0.10,173.194.151.108,,,41505,443,0,37,17
1589249509.595032,173.194.151.108,10.10.0.10,,,443,41505,0,1358,17
1589249509.609001,173.194.151.108,10.10.0.10,,,443,41505,0,1358,17
1589249509.61244,10.10.0.10,173.194.151.108,,,41505,443,0,37,17
1589249509.6229732,173.194.151.108,10.10.0.10,,,443,41505,0,1358,17
1589249509.636949,173.194.151.108,10.10.0.10,,,443,41505,0,1358,17
1589249509.6386044,10.10.0.10,173.194.151.108,,,41505,443,0,37,17
1589249509.650918,173.194.151.108,10.10.0.10,,,443,41505,0,1358,17
1589249509.6648881,173.194.151.108,10.10.0.10,,,443,41505,0,1358,17
1589249509.6664689,10.10.0.10,173.194.151.108,,,41505,443,0,37,17
1589249509.6788616,173.194.151.108,10.10.0.10,,,443,41505,0,1358,17
1589249509.692859,173.194.151.108,10.10.0.10,,,443,41505,0,1358,17
1589249509.6945946,10.10.0.10,173.194.151.108,,,41505,443,0,37,17
1589249509.7068052,173.194.151.108,10.10.0.10,,,443,41505,0,1358,17
1589249509.720779,173.194.151.108,10.10.0.10,,,443,41505,0,1358,17
1589249509.7224612,10.10.0.10,173.194.151.108,,,41505,443,0,37,17
1589249509.7347548,173.194.151.108,10.10.0.10,,,443,41505,0,1358,17
1589249509.748726,173.194.151.108,10.10.0.10,,,443,41505,0,1358,17
1589249509.750334,10.10.0.10,173.194.151.108,,,41505,443,0,37,17
1589249509.762701,173.194.151.108,10.10.0.10,,,443,41505,0,1358,17
1589249509.776673,173.194.151.108,10.10.0.10,,,443,41505,0,1358,17
1589249509.7783349,10.10.0.10,173.194.151.108,,,41505,443,0,37,17
1589249509.790644,173.194.151.108,10.10.0.10,,,443,41505,0,1358,17
1589249509.804617,173.194.151.108,10.10.0.10,,,443,41505,0,1358,17
1589249509.806332,10.10.0.10,173.194.151.108,,,41505,443,0,37,17
1589249509.8186052,173.194.151.108,10.10.0.10,,,443,41505,0,1358,17
1589249509.832565,173.194.151.108,10.10.0.10,,,443,41505,0,1358,17
1589249509.8342042,10.10.0.10,173.194.151.108,,,41505,443,0,37,17
1589249509.846543,173.194.151.108,10.10.0.10,,,443,41505,0,1358,17
1589249509.8605092,173.194.151.108,10.10.0.10,,,443,41505,0,1358,17
1589249509.8621955,10.10.0.10,173.194.151.108,,,41505,443,0,37,17
1589249509.874485,173.194.151.108,10.10.0.10,,,443,41505,0,1358,17
1589249509.8884542,173.194.151.108,10.10.0.10,,,443,41505,0,1358,17
1589249509.890048,10.10.0.10,173.194.151.108,,,41505,443,0,37,17
1589249509.902426,173.194.151.108,10.10.0.10,,,443,41505,0,1358,17
1589249509.916395,173.194.151.108,10.10.0.10,,,443,41505,0,1358,17
1589249509.919185,10.10.0.10,173.194.151.108,,,41505,443,0,37,17
1589249509.930369,173.194.151.108,10.10.0.10,,,443,41505,0,1358,17
1589249509.9443398,173.194.151.108,10.10.0.10,,,443,41505,0,1358,17
1589249509.945951,10.10.0.10,173.194.151.108,,,41505,443,0,37,17
1589249509.958316,173.194.151.108,10.10.0.10,,,443,41505,0,1358,17
1589249509.97229,173.194.151.108,10.10.0.10,,,443,41505,0,1358,17
1589249509.973953,10.10.0.10,173.194.151.108,,,41505,443,0,50,17
1589249509.9862616,173.194.151.108,10.10.0.10,,,443,41505,0,1358,17
1589249510.0002394,173.194.151.108,10.10.0.10,,,443,41505,0,1358,17
1589249510.0020552,10.10.0.10,173.194.151.108,,,41505,443,0,37,17
1589249510.014225,173.194.151.108,10.10.0.10,,,443,41505,0,1358,17
1589249510.028176,173.194.151.108,10.10.0.10,,,443,41505,0,1358,17
1589249510.0324292,10.10.0.10,173.194.151.108,,,41505,443,0,37,17
1589249510.0421634,173.194.151.108,10.10.0.10,,,443,41505,0,1358,17
1589249510.0561225,173.194.151.108,10.10.0.10,,,443,41505,0,1358,17
1589249510.0576801,10.10.0.10,173.194.151.108,,,41505,443,0,37,17
1589249510.0700998,173.194.151.108,10.10.0.10,,,443,41505,0,1358,17
1589249510.084063,173.194.151.108,10.10.0.10,,,443,41505,0,1358,17
1589249510.085824,10.10.0.10,173.194.151.108,,,41505,443,0,37,17
1589249510.0980392,173.194.151.108,10.10.0.10,,,443,41505,0,1358,17
1589249510.112008,173.194.151.108,10.10.0.10,,,443,41505,0,1358,17
1589249510.113823,10.10.0.10,173.194.151.108,,,41505,443,0,37,17
1589249510.125982,173.194.151.108,10.10.0.10,,,443,41505,0,1358,17
1589249510.139953,173.194.151.108,10.10.0.10,,,443,41505,0,1358,17
1589249510.141794,10.10.0.10,173.194.151.108,,,41505,443,0,37,17
1589249510.1539268,173.194.151.108,10.10.0.10,,,443,41505,0,1358,17
1589249510.167908,173.194.151.108,10.10.0.10,,,443,41505,0,1358,17
1589249510.1729252,10.10.0.10,173.194.151.108,,,41505,443,0,37,17
1589249510.1818724,173.194.151.108,10.10.0.10,,,443,41505,0,1358,17
1589249510.195852,173.194.151.108,10.10.0.10,,,443,41505,0,1358,17
1589249510.197576,10.10.0.10,173.194.151.108,,,41505,443,0,37,17
1589249510.2098188,173.194.151.108,10.10.0.10,,,443,41505,0,1358,17
1589249510.2237902,173.194.151.108,10.10.0.10,,,443,41505,0,1358,17
1589249510.225568,10.10.0.10,173.194.151.108,,,41505,443,0,37,17
1589249510.2377565,173.194.151.108,10.10.0.10,,,443,41505,0,1358,17
1589249510.251733,173.194.151.108,10.10.0.10,,,443,41505,0,1358,17
1589249510.2536762,10.10.0.10,173.194.151.108,,,41505,443,0,37,17
1589249510.2657206,173.194.151.108,10.10.0.10,,,443,41505,0,1358,17
1589249510.2796788,173.194.151.108,10.10.0.10,,,443,41505,0,1358,17
1589249510.281674,10.10.0.10,173.194.151.108,,,41505,443,0,37,17
1589249510.293656,173.194.151.108,10.10.0.10,,,443,41505,0,1358,17
1589249510.307624,173.194.151.108,10.10.0.10,,,443,41505,0,1358,17
1589249510.3092964,10.10.0.10,173.194.151.108,,,41505,443,0,37,17
1589249510.321599,173.194.151.108,10.10.0.10,,,443,41505,0,1358,17
1589249510.335592,173.194.151.108,10.10.0.10,,,443,41505,0,1358,17
1589249510.3372948,10.10.0.10,173.194.151.108,,,41505,443,0,37,17
1589249510.349544,173.194.151.108,10.10.0.10,,,443,41505,0,1358,17
1589249510.363528,173.194.151.108,10.10.0.10,,,443,41505,0,1358,17
1589249510.3651788,10.10.0.10,173.194.151.108,,,41505,443,0,37,17
1589249510.377487,173.194.151.108,10.10.0.10,,,443,41505,0,1358,17
1589249510.3914669,173.194.151.108,10.10.0.10,,,443,41505,0,1358,17
1589249510.394064,10.10.0.10,173.194.151.108,,,41505,443,0,37,17
1589249510.405433,173.194.151.108,10.10.0.10,,,443,41505,0,1358,17
1589249510.419402,173.194.151.108,10.10.0.10,,,443,41505,0,1358,17
1589249510.421562,10.10.0.10,173.194.151.108,,,41505,443,0,37,17
1589249510.433376,173.194.151.108,10.10.0.10,,,443,41505,0,1358,17
1589249510.447349,173.194.151.108,10.10.0.10,,,443,41505,0,1358,17
1589249510.449063,10.10.0.10,173.194.151.108,,,41505,443,0,37,17
1589249510.4613366,173.194.151.108,10.10.0.10,,,443,41505,0,1358,17
1589249510.4752922,173.194.151.108,10.10.0.10,,,443,41505,0,1358,17
1589249510.477061,10.10.0.10,173.194.151.108,,,41505,443,0,37,17
1589249510.489274,173.194.151.108,10.10.0.10,,,443,41505,0,1358,17
1589249510.50324,173.194.151.108,10.10.0.10,,,443,41505,0,1358,17
1589249510.5050411,10.10.0.10,173.194.151.108,,,41505,443,0,37,17
1589249510.5172124,173.194.151.108,10.10.0.10,,,443,41505,0,1358,17
1589249510.5311801,173.194.151.108,10.10.0.10,,,443,41505,0,1358,17
1589249510.5330641,10.10.0.10,173.194.151.108,,,41505,443,0,50,17
1589249510.5451546,173.194.151.108,10.10.0.10,,,443,41505,0,1358,17
1589249510.559128,173.194.151.108,10.10.0.10,,,443,41505,0,1358,17
1589249510.5609126,10.10.0.10,173.194.151.108,,,41505,443,0,37,17
1589249510.573102,173.194.151.108,10.10.0.10,,,443,41505,0,1358,17
1589249510.587089,173.194.151.108,10.10.0.10,,,443,41505,0,1358,17
1589249510.5889342,10.10.0.10,173.194.151.108,,,41505,443,0,37,17
1589249510.601043,173.194.151.108,10.10.0.10,,,443,41505,0,1358,17
1589249510.6150205,173.194.151.108,10.10.0.10,,,443,41505,0,29,17
1589249510.615648,173.194.151.108,10.10.0.10,,,443,41505,0,1358,17
1589249510.618431,10.10.0.10,173.194.151.108,,,41505,443,0,37,17
1589249510.629621,173.194.151.108,10.10.0.10,,,443,41505,0,1358,17
1589249510.643586,173.194.151.108,10.10.0.10,,,443,41505,0,1358,17
1589249510.645124,10.10.0.10,173.194.151.108,,,41505,443,0,37,17
1589249510.657581,173.194.151.108,10.10.0.10,,,443,41505,0,1358,17
1589249510.671534,173.194.151.108,10.10.0.10,,,443,41505,0,1358,17
1589249510.673128,10.10.0.10,173.194.151.108,,,41505,443,0,37,17
1589249510.6855068,173.194.151.108,10.10.0.10,,,443,41505,0,1358,17
1589249510.699483,173.194.151.108,10.10.0.10,,,443,41505,0,1358,17
1589249510.7014115,10.10.0.10,173.194.151.108,,,41505,443,0,37,17
1589249510.7134519,173.194.151.108,10.10.0.10,,,443,41505,0,1358,17
1589249510.727434,173.194.151.108,10.10.0.10,,,443,41505,0,1358,17
1589249510.729181,10.10.0.10,173.194.151.108,,,41505,443,0,37,17
1589249510.741399,173.194.151.108,10.10.0.10,,,443,41505,0,1358,17
1589249510.755369,173.194.151.108,10.10.0.10,,,443,41505,0,1358,17
1589249510.7572944,10.10.0.10,173.194.151.108,,,41505,443,0,37,17
1589249510.7693422,173.194.151.108,10.10.0.10,,,443,41505,0,1358,17
1589249510.7833116,173.194.151.108,10.10.0.10,,,443,41505,0,1358,17
1589249510.785034,10.10.0.10,173.194.151.108,,,41505,443,0,37,17
1589249510.797282,173.194.151.108,10.10.0.10,,,443,41505,0,1358,17
1589249510.8112571,173.194.151.108,10.10.0.10,,,443,41505,0,1358,17
1589249510.812776,10.10.0.10,173.194.151.108,,,41505,443,0,37,17
1589249510.8252358,173.194.151.108,10.10.0.10,,,443,41505,0,1358,17
1589249510.8392081,173.194.151.108,10.10.0.10,,,443,41505,0,1358,17
1589249510.840801,10.10.0.10,173.194.151.108,,,41505,443,0,37,17
1589249510.8532,173.194.151.108,10.10.0.10,,,443,41505,0,1358,17
1589249510.867151,173.194.151.108,10.10.0.10,,,443,41505,0,1358,17
1589249510.869031,10.10.0.10,173.194.151.108,,,41505,443,0,37,17
1589249510.8811376,173.194.151.108,10.10.0.10,,,443,41505,0,1358,17
1589249510.895098,173.194.151.108,10.10.0.10,,,443,41505,0,1358,17
1589249510.8967812,10.10.0.10,173.194.151.108,,,41505,443,0,37,17
1589249510.909065,173.194.151.108,10.10.0.10,,,443,41505,0,1358,17
1589249510.9230418,173.194.151.108,10.10.0.10,,,443,41505,0,1358,17
1589249510.925156,10.10.0.10,173.194.151.108,,,41505,443,0,37,17
1589249510.937014,173.194.151.108,10.10.0.10,,,443,41505,0,1358,17
1589249510.950989,173.194.151.108,10.10.0.10,,,443,41505,0,1358,17
1589249510.9526525,10.10.0.10,173.194.151.108,,,41505,443,0,37,17
1589249510.964961,173.194.151.108,10.10.0.10,,,443,41505,0,1358,17
1589249510.9789472,173.194.151.108,10.10.0.10,,,443,41505,0,1358,17
1589249510.980405,10.10.0.10,173.194.151.108,,,41505,443,0,37,17
1589249510.992903,173.194.151.108,10.10.0.10,,,443,41505,0,1358,17
1589249511.006884,173.194.151.108,10.10.0.10,,,443,41505,0,1358,17
1589249511.0086524,10.10.0.10,173.194.151.108,,,41505,443,0,37,17
1589249511.020849,173.194.151.108,10.10.0.10,,,443,41505,0,1358,17
1589249511.034823,173.194.151.108,10.10.0.10,,,443,41505,0,1358,17
1589249511.036676,10.10.0.10,173.194.151.108,,,41505,443,0,37,17
1589249511.0487962,173.194.151.108,10.10.0.10,,,443,41505,0,1358,17
1589249511.062763,173.194.151.108,10.10.0.10,,,443,41505,0,1358,17
1589249511.0644,10.10.0.10,173.194.151.108,,,41505,443,0,37,17
1589249511.076737,173.194.151.108,10.10.0.10,,,443,41505,0,1358,17
1589249511.0907102,173.194.151.108,10.10.0.10,,,443,41505,0,1358,17
1589249511.094545,10.10.0.10,173.194.151.108,,,41505,443,0,50,17
1589249511.104696,173.194.151.108,10.10.0.10,,,443,41505,0,1358,17
1589249511.1186562,173.194.151.108,10.10.0.10,,,443,41505,0,1358,17
1589249511.1206698,10.10.0.10,173.194.151.108,,,41505,443,0,37,17
1589249511.13263,173.194.151.108,10.10.0.10,,,443,41505,0,1358,17
1589249511.146598,173.194.151.108,10.10.0.10,,,443,41505,0,1358,17
1589249511.1485262,10.10.0.10,173.194.151.108,,,41505,443,0,37,17
1589249511.1605742,173.194.151.108,10.10.0.10,,,443,41505,0,29,17
1589249511.1612198,173.194.151.108,10.10.0.10,,,443,41505,0,1358,17
1589249511.1751778,173.194.151.108,10.10.0.10,,,443,41505,0,1358,17
1589249511.176917,10.10.0.10,173.194.151.108,,,41505,443,0,37,17
1589249511.1891491,173.194.151.108,10.10.0.10,,,443,41505,0,1358,17
1589249511.2031279,173.194.151.108,10.10.0.10,,,443,41505,0,1358,17
1589249511.205041,10.10.0.10,173.194.151.108,,,41505,443,0,37,17
1589249511.2170956,173.194.151.108,10.10.0.10,,,443,41505,0,1358,17
1589249511.231067,173.194.151.108,10.10.0.10,,,443,41505,0,1358,17
1589249511.232646,10.10.0.10,173.194.151.108,,,41505,443,0,37,17
1589249511.2450366,173.194.151.108,10.10.0.10,,,443,41505,0,1358,17
1589249511.2590115,173.194.151.108,10.10.0.10,,,443,41505,0,1358,17
1589249511.260665,10.10.0.10,173.194.151.108,,,41505,443,0,37,17
1589249511.272999,173.194.151.108,10.10.0.10,,,443,41505,0,1358,17
1589249511.2869544,173.194.151.108,10.10.0.10,,,443,41505,0,1358,17
1589249511.288791,10.10.0.10,173.194.151.108,,,41505,443,0,37,17
1589249511.3009412,173.194.151.108,10.10.0.10,,,443,41505,0,1358,17
1589249511.3149009,173.194.151.108,10.10.0.10,,,443,41505,0,1358,17
1589249511.316385,10.10.0.10,173.194.151.108,,,41505,443,0,37,17
1589249511.3288748,173.194.151.108,10.10.0.10,,,443,41505,0,1358,17
1589249511.342848,173.194.151.108,10.10.0.10,,,443,41505,0,1358,17
1589249511.344392,10.10.0.10,173.194.151.108,,,41505,443,0,37,17
1589249511.356818,173.194.151.108,10.10.0.10,,,443,41505,0,1358,17
1589249511.37081,173.194.151.108,10.10.0.10,,,443,41505,0,1358,17
1589249511.372488,10.10.0.10,173.194.151.108,,,41505,443,0,37,17
1589249511.3847642,173.194.151.108,10.10.0.10,,,443,41505,0,1358,17
1589249511.398747,173.194.151.108,10.10.0.10,,,443,41505,0,1358,17
1589249511.4005349,10.10.0.10,173.194.151.108,,,41505,443,0,37,17
1589249511.4127078,173.194.151.108,10.10.0.10,,,443,41505,0,1358,17
1589249511.426686,173.194.151.108,10.10.0.10,,,443,41505,0,1358,17
1589249511.42866,10.10.0.10,173.194.151.108,,,41505,443,0,37,17
1589249511.4406538,173.194.151.108,10.10.0.10,,,443,41505,0,1358,17
1589249511.454625,173.194.151.108,10.10.0.10,,,443,41505,0,1358,17
1589249511.456415,10.10.0.10,173.194.151.108,,,41505,443,0,37,17
1589249511.468599,173.194.151.108,10.10.0.10,,,443,41505,0,1358,17
1589249511.482569,173.194.151.108,10.10.0.10,,,443,41505,0,1358,17
1589249511.484407,10.10.0.10,173.194.151.108,,,41505,443,0,37,17
1589249511.4965572,173.194.151.108,10.10.0.10,,,443,41505,0,1358,17
1589249511.510514,173.194.151.108,10.10.0.10,,,443,41505,0,1358,17
1589249511.5123591,10.10.0.10,173.194.151.108,,,41505,443,0,37,17
1589249511.5244946,173.194.151.108,10.10.0.10,,,443,41505,0,1358,17
1589249511.5384588,173.194.151.108,10.10.0.10,,,443,41505,0,1358,17
1589249511.552435,173.194.151.108,10.10.0.10,,,443,41505,0,1358,17
1589249511.5655198,10.10.0.10,173.194.151.108,,,41505,443,0,37,17
1589249511.566403,173.194.151.108,10.10.0.10,,,443,41505,0,1358,17
1589249511.568511,10.10.0.10,173.194.151.108,,,41505,443,0,37,17
1589249511.5803788,173.194.151.108,10.10.0.10,,,443,41505,0,1358,17
1589249511.5943491,173.194.151.108,10.10.0.10,,,443,41505,0,1358,17
1589249511.5961342,10.10.0.10,173.194.151.108,,,41505,443,0,37,17
1589249511.6083212,173.194.151.108,10.10.0.10,,,443,41505,0,1358,17
1589249511.622306,173.194.151.108,10.10.0.10,,,443,41505,0,1358,17
1589249511.623975,10.10.0.10,173.194.151.108,,,41505,443,0,37,17
1589249511.636264,173.194.151.108,10.10.0.10,,,443,41505,0,1358,17
1589249511.6502366,173.194.151.108,10.10.0.10,,,443,41505,0,1358,17
1589249511.6528618,10.10.0.10,173.194.151.108,,,41505,443,0,50,17
1589249511.664207,173.194.151.108,10.10.0.10,,,443,41505,0,1358,17
1589249511.6781788,173.194.151.108,10.10.0.10,,,443,41505,0,1358,17
1589249511.6797562,10.10.0.10,173.194.151.108,,,41505,443,0,37,17
1589249511.692153,173.194.151.108,10.10.0.10,,,443,41505,0,1358,17
1589249511.70613,173.194.151.108,10.10.0.10,,,443,41505,0,1358,17
1589249511.7081242,10.10.0.10,173.194.151.108,,,41505,443,0,37,17
1589249511.720098,173.194.151.108,10.10.0.10,,,443,41505,0,29,17
1589249511.7207382,173.194.151.108,10.10.0.10,,,443,41505,0,1358,17
1589249511.734709,173.194.151.108,10.10.0.10,,,443,41505,0,1358,17
1589249511.73638,10.10.0.10,173.194.151.108,,,41505,443,0,37,17
1589249511.748678,173.194.151.108,10.10.0.10,,,443,41505,0,1358,17
1589249511.762649,173.194.151.108,10.10.0.10,,,443,41505,0,1358,17
1589249511.764255,10.10.0.10,173.194.151.108,,,41505,443,0,37,17
1589249511.776624,173.194.151.108,10.10.0.10,,,443,41505,0,1358,17
1589249511.790608,173.194.151.108,10.10.0.10,,,443,41505,0,1358,17
1589249511.792274,10.10.0.10,173.194.151.108,,,41505,443,0,37,17
1589249511.804568,173.194.151.108,10.10.0.10,,,443,41505,0,1358,17
1589249511.81855,173.194.151.108,10.10.0.10,,,443,41505,0,1358,17
1589249511.820126,10.10.0.10,173.194.151.108,,,41505,443,0,37,17
1589249511.832511,173.194.151.108,10.10.0.10,,,443,41505,0,1358,17
1589249511.8464851,173.194.151.108,10.10.0.10,,,443,41505,0,1358,17
1589249511.8481472,10.10.0.10,173.194.151.108,,,41505,443,0,37,17
1589249511.860457,173.194.151.108,10.10.0.10,,,443,41505,0,1358,17
1589249511.8744311,173.194.151.108,10.10.0.10,,,443,41505,0,1358,17
1589249511.87625,10.10.0.10,173.194.151.108,,,41505,443,0,37,17
1589249511.888422,173.194.151.108,10.10.0.10,,,443,41505,0,1358,17
1589249511.902374,173.194.151.108,10.10.0.10,,,443,41505,0,1358,17
1589249511.904767,10.10.0.10,173.194.151.108,,,41505,443,0,37,17
1589249511.916359,173.194.151.108,10.10.0.10,,,443,41505,0,1358,17
1589249511.9303188,173.194.151.108,10.10.0.10,,,443,41505,0,1358,17
1589249511.931998,10.10.0.10,173.194.151.108,,,41505,443,0,37,17
1589249511.9442961,173.194.151.108,10.10.0.10,,,443,41505,0,1358,17
1589249511.958266,173.194.151.108,10.10.0.10,,,443,41505,0,1358,17
1589249511.960144,10.10.0.10,173.194.151.108,,,41505,443,0,37,17
1589249511.9722366,173.194.151.108,10.10.0.10,,,443,41505,0,1358,17
1589249511.9862099,173.194.151.108,10.10.0.10,,,443,41505,0,1358,17
1589249511.9889972,10.10.0.10,173.194.151.108,,,41505,443,0,37,17
1589249512.000175,173.194.151.108,10.10.0.10,,,443,41505,0,1358,17
1589249512.0141509,173.194.151.108,10.10.0.10,,,443,41505,0,1358,17
1589249512.015991,10.10.0.10,173.194.151.108,,,41505,443,0,37,17
1589249512.02812,173.194.151.108,10.10.0.10,,,443,41505,0,1358,17
1589249512.042104,173.194.151.108,10.10.0.10,,,443,41505,0,1358,17
1589249512.045745,10.10.0.10,173.194.151.108,,,41505,443,0,37,17
1589249512.0560699,173.194.151.108,10.10.0.10,,,443,41505,0,1358,17
1589249512.070038,173.194.151.108,10.10.0.10,,,443,41505,0,1358,17
1589249512.071739,10.10.0.10,173.194.151.108,,,41505,443,0,37,17
1589249512.0840132,173.194.151.108,10.10.0.10,,,443,41505,0,1358,17
1589249512.0979881,173.194.151.108,10.10.0.10,,,443,41505,0,1358,17
1589249512.0994859,10.10.0.10,173.194.151.108,,,41505,443,0,37,17
1589249512.111959,173.194.151.108,10.10.0.10,,,443,41505,0,1358,17
1589249512.1259305,173.194.151.108,10.10.0.10,,,443,41505,0,1358,17
1589249512.1274931,10.10.0.10,173.194.151.108,,,41505,443,0,37,17
1589249512.1399162,173.194.151.108,10.10.0.10,,,443,41505,0,1358,17
1589249512.153879,173.194.151.108,10.10.0.10,,,443,41505,0,1358,17
1589249512.155641,10.10.0.10,173.194.151.108,,,41505,443,0,37,17
1589249512.16785,173.194.151.108,10.10.0.10,,,443,41505,0,1358,17
1589249512.181822,173.194.151.108,10.10.0.10,,,443,41505,0,1358,17
1589249512.1833858,10.10.0.10,173.194.151.108,,,41505,443,0,37,17
1589249512.1957948,173.194.151.108,10.10.0.10,,,443,41505,0,1358,17
1589249512.209785,173.194.151.108,10.10.0.10,,,443,41505,0,750,17
1589249512.2113671,10.10.0.10,173.194.151.108,,,41505,443,0,50,17
1589249512.2176445,173.194.151.108,10.10.0.10,,,443,41505,0,29,17
1589249514.4471805,10.10.0.10,173.194.151.108,,,41505,443,0,722,17
1589249514.4472122,10.10.0.10,173.194.151.108,,,41505,443,0,48,17
1589249514.451624,173.194.151.108,10.10.0.10,,,443,41505,0,115,17
1589249514.4516602,173.194.151.108,10.10.0.10,,,443,41505,0,1358,17
1589249514.451682,173.194.151.108,10.10.0.10,,,443,41505,0,1358,17
1589249514.453293,10.10.0.10,173.194.151.108,,,41505,443,0,37,17
1589249514.465014,173.194.151.108,10.10.0.10,,,443,41505,0,1358,17
1589249514.467073,10.10.0.10,173.194.151.108,,,41505,443,0,37,17
1589249514.4789839,173.194.151.108,10.10.0.10,,,443,41505,0,1358,17
1589249514.4805732,10.10.0.10,173.194.151.108,,,41505,443,0,40,17
1589249514.492973,173.194.151.108,10.10.0.10,,,443,41505,0,1358,17
1589249514.494574,10.10.0.10,173.194.151.108,,,41505,443,0,37,17
1589249514.5069318,173.194.151.108,10.10.0.10,,,443,41505,0,1358,17
1589249514.520907,173.194.151.108,10.10.0.10,,,443,41505,0,1358,17
1589249514.522569,10.10.0.10,173.194.151.108,,,41505,443,0,37,17
1589249514.5348759,173.194.151.108,10.10.0.10,,,443,41505,0,1358,17
1589249514.5488498,173.194.151.108,10.10.0.10,,,443,41505,0,1358,17
1589249514.5505672,10.10.0.10,173.194.151.108,,,41505,443,0,37,17
1589249514.5628178,173.194.151.108,10.10.0.10,,,443,41505,0,1358,17
1589249514.5767891,173.194.151.108,10.10.0.10,,,443,41505,0,1358,17
1589249514.578562,10.10.0.10,173.194.151.108,,,41505,443,0,37,17
1589249514.5907652,173.194.151.108,10.10.0.10,,,443,41505,0,1358,17
1589249514.6047332,173.194.151.108,10.10.0.10,,,443,41505,0,1358,17
1589249514.606426,10.10.0.10,173.194.151.108,,,41505,443,0,37,17
1589249514.618714,173.194.151.108,10.10.0.10,,,443,41505,0,1358,17
1589249514.6326842,173.194.151.108,10.10.0.10,,,443,41505,0,1358,17
1589249514.634274,10.10.0.10,173.194.151.108,,,41505,443,0,37,17
1589249514.646648,173.194.151.108,10.10.0.10,,,443,41505,0,1358,17
1589249514.6606364,173.194.151.108,10.10.0.10,,,443,41505,0,1358,17
1589249514.662198,10.10.0.10,173.194.151.108,,,41505,443,0,37,17
1589249514.674594,173.194.151.108,10.10.0.10,,,443,41505,0,1358,17
1589249514.688566,173.194.151.108,10.10.0.10,,,443,41505,0,1358,17
1589249514.694546,10.10.0.10,173.194.151.108,,,41505,443,0,37,17
1589249514.702541,173.194.151.108,10.10.0.10,,,443,41505,0,1358,17
1589249514.7165134,173.194.151.108,10.10.0.10,,,443,41505,0,1358,17
1589249514.725426,10.10.0.10,173.194.151.108,,,41505,443,0,37,17
1589249514.7304828,173.194.151.108,10.10.0.10,,,443,41505,0,1358,17
1589249514.744458,173.194.151.108,10.10.0.10,,,443,41505,0,1358,17
1589249514.7465732,10.10.0.10,173.194.151.108,,,41505,443,0,37,17
1589249514.7584472,173.194.151.108,10.10.0.10,,,443,41505,0,1358,17
1589249514.7724018,173.194.151.108,10.10.0.10,,,443,41505,0,1358,17
1589249514.7740614,10.10.0.10,173.194.151.108,,,41505,443,0,37,17
1589249514.7863786,173.194.151.108,10.10.0.10,,,443,41505,0,1358,17
1589249514.8003502,173.194.151.108,10.10.0.10,,,443,41505,0,1358,17
1589249514.802193,10.10.0.10,173.194.151.108,,,41505,443,0,37,17
1589249514.8143358,173.194.151.108,10.10.0.10,,,443,41505,0,1358,17
1589249514.828298,173.194.151.108,10.10.0.10,,,443,41505,0,1358,17
1589249514.829936,10.10.0.10,173.194.151.108,,,41505,443,0,37,17
1589249514.842272,173.194.151.108,10.10.0.10,,,443,41505,0,1358,17
1589249514.856242,173.194.151.108,10.10.0.10,,,443,41505,0,1358,17
1589249514.8580608,10.10.0.10,173.194.151.108,,,41505,443,0,37,17
1589249514.8702116,173.194.151.108,10.10.0.10,,,443,41505,0,1358,17
1589249514.884185,173.194.151.108,10.10.0.10,,,443,41505,0,1358,17
1589249514.887916,10.10.0.10,173.194.151.108,,,41505,443,0,37,17
1589249514.898158,173.194.151.108,10.10.0.10,,,443,41505,0,1358,17
1589249514.912125,173.194.151.108,10.10.0.10,,,443,41505,0,1358,17
1589249514.913913,10.10.0.10,173.194.151.108,,,41505,443,0,37,17
1589249514.9261026,173.194.151.108,10.10.0.10,,,443,41505,0,1358,17
1589249514.940075,173.194.151.108,10.10.0.10,,,443,41505,0,1358,17
1589249514.9417868,10.10.0.10,173.194.151.108,,,41505,443,0,50,17
1589249514.9540482,173.194.151.108,10.10.0.10,,,443,41505,0,1358,17
1589249514.968034,173.194.151.108,10.10.0.10,,,443,41505,0,1358,17
1589249514.969558,10.10.0.10,173.194.151.108,,,41505,443,0,37,17
1589249514.981994,173.194.151.108,10.10.0.10,,,443,41505,0,1358,17
1589249514.9959662,173.194.151.108,10.10.0.10,,,443,41505,0,1358,17
1589249514.998662,10.10.0.10,173.194.151.108,,,41505,443,0,37,17
1589249515.009932,173.194.151.108,10.10.0.10,,,443,41505,0,1358,17
1589249515.023908,173.194.151.108,10.10.0.10,,,443,41505,0,1358,17
1589249515.025665,10.10.0.10,173.194.151.108,,,41505,443,0,37,17
1589249515.037892,173.194.151.108,10.10.0.10,,,443,41505,0,1358,17
1589249515.051854,173.194.151.108,10.10.0.10,,,443,41505,0,1358,17
1589249515.053533,10.10.0.10,173.194.151.108,,,41505,443,0,37,17
1589249515.065831,173.194.151.108,10.10.0.10,,,443,41505,0,1358,17
1589249515.0798,173.194.151.108,10.10.0.10,,,443,41505,0,1358,17
1589249515.0818028,10.10.0.10,173.194.151.108,,,41505,443,0,37,17
1589249515.093774,173.194.151.108,10.10.0.10,,,443,41505,0,1358,17
1589249515.107742,173.194.151.108,10.10.0.10,,,443,41505,0,1358,17
1589249515.1094372,10.10.0.10,173.194.151.108,,,41505,443,0,37,17
1589249515.1217148,173.194.151.108,10.10.0.10,,,443,41505,0,1358,17
1589249515.1361089,173.194.151.108,10.10.0.10,,,443,41505,0,1358,17
1589249515.137772,10.10.0.10,173.194.151.108,,,41505,443,0,37,17
1589249515.1500812,173.194.151.108,10.10.0.10,,,443,41505,0,1358,17
1589249515.1640544,173.194.151.108,10.10.0.10,,,443,41505,0,1358,17
1589249515.165905,10.10.0.10,173.194.151.108,,,41505,443,0,37,17
1589249515.178027,173.194.151.108,10.10.0.10,,,443,41505,0,1358,17
1589249515.192015,173.194.151.108,10.10.0.10,,,443,41505,0,1358,17
1589249515.194155,10.10.0.10,173.194.151.108,,,41505,443,0,37,17
1589249515.2059731,173.194.151.108,10.10.0.10,,,443,41505,0,1358,17
1589249515.219954,173.194.151.108,10.10.0.10,,,443,41505,0,1358,17
1589249515.221671,10.10.0.10,173.194.151.108,,,41505,443,0,37,17
1589249515.2339172,173.194.151.108,10.10.0.10,,,443,41505,0,1358,17
1589249515.24789,173.194.151.108,10.10.0.10,,,443,41505,0,1358,17
1589249515.249686,10.10.0.10,173.194.151.108,,,41505,443,0,37,17
1589249515.2618618,173.194.151.108,10.10.0.10,,,443,41505,0,1358,17
1589249515.275833,173.194.151.108,10.10.0.10,,,443,41505,0,1358,17
1589249515.2774036,10.10.0.10,173.194.151.108,,,41505,443,0,37,17
1589249515.289825,173.194.151.108,10.10.0.10,,,443,41505,0,1358,17
1589249515.303781,173.194.151.108,10.10.0.10,,,443,41505,0,1358,17
1589249515.3070269,10.10.0.10,173.194.151.108,,,41505,443,0,37,17
1589249515.317758,173.194.151.108,10.10.0.10,,,443,41505,0,1358,17
1589249515.3317242,173.194.151.108,10.10.0.10,,,443,41505,0,1358,17
1589249515.333518,10.10.0.10,173.194.151.108,,,41505,443,0,37,17
1589249515.345698,173.194.151.108,10.10.0.10,,,443,41505,0,1358,17
1589249515.3596694,173.194.151.108,10.10.0.10,,,443,41505,0,1358,17
1589249515.361669,10.10.0.10,173.194.151.108,,,41505,443,0,37,17
1589249515.3736372,173.194.151.108,10.10.0.10,,,443,41505,0,1358,17
1589249515.387615,173.194.151.108,10.10.0.10,,,443,41505,0,1358,17
1589249515.4015858,173.194.151.108,10.10.0.10,,,443,41505,0,1358,17
1589249515.402675,10.10.0.10,173.194.151.108,,,41505,443,0,37,17
1589249515.4155712,173.194.151.108,10.10.0.10,,,443,41505,0,1358,17
1589249515.417273,10.10.0.10,173.194.151.108,,,41505,443,0,37,17
1589249515.4295304,173.194.151.108,10.10.0.10,,,443,41505,0,1358,17
1589249515.443507,173.194.151.108,10.10.0.10,,,443,41505,0,1358,17
1589249515.446538,10.10.0.10,173.194.151.108,,,41505,443,0,37,17
1589249515.4574704,173.194.151.108,10.10.0.10,,,443,41505,0,1358,17
1589249515.471448,173.194.151.108,10.10.0.10,,,443,41505,0,1358,17
1589249515.473041,10.10.0.10,173.194.151.108,,,41505,443,0,37,17
1589249515.485441,173.194.151.108,10.10.0.10,,,443,41505,0,1358,17
1589249515.499392,173.194.151.108,10.10.0.10,,,443,41505,0,1358,17
1589249515.5011456,10.10.0.10,173.194.151.108,,,41505,443,0,50,17
1589249515.5133786,173.194.151.108,10.10.0.10,,,443,41505,0,1358,17
1589249515.5273402,173.194.151.108,10.10.0.10,,,443,41505,0,1358,17
1589249515.5289,10.10.0.10,173.194.151.108,,,41505,443,0,37,17
1589249515.5413172,173.194.151.108,10.10.0.10,,,443,41505,0,1358,17
1589249515.5552864,173.194.151.108,10.10.0.10,,,443,41505,0,1358,17
1589249515.556894,10.10.0.10,173.194.151.108,,,41505,443,0,37,17
1589249515.5692544,173.194.151.108,10.10.0.10,,,443,41505,0,1358,17
1589249515.5832222,173.194.151.108,10.10.0.10,,,443,41505,0,1358,17
1589249515.585418,10.10.0.10,173.194.151.108,,,41505,443,0,37,17
1589249515.597196,173.194.151.108,10.10.0.10,,,443,41505,0,1358,17
1589249515.6111715,173.194.151.108,10.10.0.10,,,443,41505,0,1358,17
1589249515.6156454,10.10.0.10,173.194.151.108,,,41505,443,0,37,17
1589249515.625139,173.194.151.108,10.10.0.10,,,443,41505,0,1358,17
1589249515.639116,173.194.151.108,10.10.0.10,,,443,41505,0,1358,17
1589249515.641636,10.10.0.10,173.194.151.108,,,41505,443,0,37,17
1589249515.6530845,173.194.151.108,10.10.0.10,,,443,41505,0,1358,17
1589249515.667059,173.194.151.108,10.10.0.10,,,443,41505,0,1358,17
1589249515.6687858,10.10.0.10,173.194.151.108,,,41505,443,0,37,17
1589249515.6810348,173.194.151.108,10.10.0.10,,,443,41505,0,1358,17
1589249515.695007,173.194.151.108,10.10.0.10,,,443,41505,0,1358,17
1589249515.696665,10.10.0.10,173.194.151.108,,,41505,443,0,37,17
1589249515.7089849,173.194.151.108,10.10.0.10,,,443,41505,0,1358,17
1589249515.72295,173.194.151.108,10.10.0.10,,,443,41505,0,1358,17
1589249515.724644,10.10.0.10,173.194.151.108,,,41505,443,0,37,17
1589249515.736939,173.194.151.108,10.10.0.10,,,443,41505,0,1358,17
1589249515.7508972,173.194.151.108,10.10.0.10,,,443,41505,0,1358,17
1589249515.754158,10.10.0.10,173.194.151.108,,,41505,443,0,37,17
1589249515.7648716,173.194.151.108,10.10.0.10,,,443,41505,0,1358,17
1589249515.7788372,173.194.151.108,10.10.0.10,,,443,41505,0,1358,17
1589249515.780388,10.10.0.10,173.194.151.108,,,41505,443,0,37,17
1589249515.7928178,173.194.151.108,10.10.0.10,,,443,41505,0,1358,17
1589249515.806807,173.194.151.108,10.10.0.10,,,443,41505,0,1358,17
1589249515.8099241,10.10.0.10,173.194.151.108,,,41505,443,0,37,17
1589249515.82076,173.194.151.108,10.10.0.10,,,443,41505,0,1358,17
1589249515.834745,173.194.151.108,10.10.0.10,,,443,41505,0,1358,17
1589249515.836406,10.10.0.10,173.194.151.108,,,41505,443,0,37,17
1589249515.8487036,173.194.151.108,10.10.0.10,,,443,41505,0,1358,17
1589249515.8626852,173.194.151.108,10.10.0.10,,,443,41505,0,1358,17
1589249515.864377,10.10.0.10,173.194.151.108,,,41505,443,0,37,17
1589249515.876646,173.194.151.108,10.10.0.10,,,443,41505,0,1358,17
1589249515.8906202,173.194.151.108,10.10.0.10,,,443,41505,0,1358,17
1589249515.89228,10.10.0.10,173.194.151.108,,,41505,443,0,37,17
1589249515.904591,173.194.151.108,10.10.0.10,,,443,41505,0,1358,17
1589249515.9185634,173.194.151.108,10.10.0.10,,,443,41505,0,1358,17
1589249515.921375,10.10.0.10,173.194.151.108,,,41505,443,0,37,17
1589249515.932555,173.194.151.108,10.10.0.10,,,443,41505,0,1358,17
1589249515.9465082,173.194.151.108,10.10.0.10,,,443,41505,0,1358,17
1589249515.948153,10.10.0.10,173.194.151.108,,,41505,443,0,37,17
1589249515.96049,173.194.151.108,10.10.0.10,,,443,41505,0,1358,17
1589249515.9744532,173.194.151.108,10.10.0.10,,,443,41505,0,1358,17
1589249515.977259,10.10.0.10,173.194.151.108,,,41505,443,0,37,17
1589249515.98843,173.194.151.108,10.10.0.10,,,443,41505,0,1358,17
1589249516.002399,173.194.151.108,10.10.0.10,,,443,41505,0,1358,17
1589249516.0041509,10.10.0.10,173.194.151.108,,,41505,443,0,37,17
1589249516.0163689,173.194.151.108,10.10.0.10,,,443,41505,0,1358,17
1589249516.030344,173.194.151.108,10.10.0.10,,,443,41505,0,1358,17
1589249516.032151,10.10.0.10,173.194.151.108,,,41505,443,0,37,17
1589249516.0443141,173.194.151.108,10.10.0.10,,,443,41505,0,1358,17
1589249516.0583026,173.194.151.108,10.10.0.10,,,443,41505,0,1358,17
1589249516.0616288,10.10.0.10,173.194.151.108,,,41505,443,0,50,17
1589249516.07226,173.194.151.108,10.10.0.10,,,443,41505,0,1358,17
1589249516.0862372,173.194.151.108,10.10.0.10,,,443,41505,0,1358,17
1589249516.0883946,10.10.0.10,173.194.151.108,,,41505,443,0,37,17
1589249516.1002018,173.194.151.108,10.10.0.10,,,443,41505,0,1358,17
1589249516.114181,173.194.151.108,10.10.0.10,,,443,41505,0,1358,17
1589249516.11663,10.10.0.10,173.194.151.108,,,41505,443,0,37,17
1589249516.128174,173.194.151.108,10.10.0.10,,,443,41505,0,545,17
1589249516.13396,173.194.151.108,10.10.0.10,,,443,41505,0,29,17
1589249516.1571262,10.10.0.10,173.194.151.108,,,41505,443,0,37,17
1589249516.324021,10.10.0.10,173.194.151.108,,,41505,443,0,724,17
1589249516.324048,10.10.0.10,173.194.151.108,,,41505,443,0,48,17
1589249516.328276,173.194.151.108,10.10.0.10,,,443,41505,0,29,17
1589249516.3295221,173.194.151.108,10.10.0.10,,,443,41505,0,1358,17
1589249516.329558,173.194.151.108,10.10.0.10,,,443,41505,0,1358,17
1589249516.331872,10.10.0.10,173.194.151.108,,,41505,443,0,37,17
1589249516.341419,173.194.151.108,10.10.0.10,,,443,41505,0,1358,17
1589249516.3553882,173.194.151.108,10.10.0.10,,,443,41505,0,1358,17
1589249516.3571384,10.10.0.10,173.194.151.108,,,41505,443,0,37,17
1589249516.369359,173.194.151.108,10.10.0.10,,,443,41505,0,1358,17
1589249516.383328,173.194.151.108,10.10.0.10,,,443,41505,0,1358,17
1589249516.3853722,10.10.0.10,173.194.151.108,,,41505,443,0,37,17
1589249516.397306,173.194.151.108,10.10.0.10,,,443,41505,0,1358,17
1589249516.411294,173.194.151.108,10.10.0.10,,,443,41505,0,1358,17
1589249516.412994,10.10.0.10,173.194.151.108,,,41505,443,0,37,17
1589249516.4252515,173.194.151.108,10.10.0.10,,,443,41505,0,1358,17
1589249516.439229,173.194.151.108,10.10.0.10,,,443,41505,0,1358,17
1589249516.440868,10.10.0.10,173.194.151.108,,,41505,443,0,37,17
1589249516.453197,173.194.151.108,10.10.0.10,,,443,41505,0,1358,17
1589249516.4671712,173.194.151.108,10.10.0.10,,,443,41505,0,1358,17
1589249516.468742,10.10.0.10,173.194.151.108,,,41505,443,0,37,17
1589249516.4811628,173.194.151.108,10.10.0.10,,,443,41505,0,1358,17
1589249516.4951134,173.194.151.108,10.10.0.10,,,443,41505,0,1358,17
1589249516.4968605,10.10.0.10,173.194.151.108,,,41505,443,0,37,17
1589249516.5090988,173.194.151.108,10.10.0.10,,,443,41505,0,1358,17
1589249516.523056,173.194.151.108,10.10.0.10,,,443,41505,0,1358,17
1589249516.5251381,10.10.0.10,173.194.151.108,,,41505,443,0,37,17
1589249516.537038,173.194.151.108,10.10.0.10,,,443,41505,0,1358,17
1589249516.551001,173.194.151.108,10.10.0.10,,,443,41505,0,1358,17
1589249516.552759,10.10.0.10,173.194.151.108,,,41505,443,0,37,17
1589249516.564973,173.194.151.108,10.10.0.10,,,443,41505,0,1358,17
1589249516.5789475,173.194.151.108,10.10.0.10,,,443,41505,0,1358,17
1589249516.580621,10.10.0.10,173.194.151.108,,,41505,443,0,37,17
1589249516.5929158,173.194.151.108,10.10.0.10,,,443,41505,0,1358,17
1589249516.606886,173.194.151.108,10.10.0.10,,,443,41505,0,1358,17
1589249516.608453,10.10.0.10,173.194.151.108,,,41505,443,0,37,17
1589249516.620858,173.194.151.108,10.10.0.10,,,443,41505,0,1358,17
1589249516.634845,173.194.151.108,10.10.0.10,,,443,41505,0,1358,17
1589249516.6385071,10.10.0.10,173.194.151.108,,,41505,443,0,37,17
1589249516.648804,173.194.151.108,10.10.0.10,,,443,41505,0,1358,17
1589249516.662778,173.194.151.108,10.10.0.10,,,443,41505,0,1358,17
1589249516.6767552,173.194.151.108,10.10.0.10,,,443,41505,0,1358,17
1589249516.677614,10.10.0.10,173.194.151.108,,,41505,443,0,37,17
1589249516.690722,173.194.151.108,10.10.0.10,,,443,41505,0,1358,17
1589249516.6928868,10.10.0.10,173.194.151.108,,,41505,443,0,37,17
1589249516.704702,173.194.151.108,10.10.0.10,,,443,41505,0,1358,17
1589249516.7186668,173.194.151.108,10.10.0.10,,,443,41505,0,1358,17
1589249516.720392,10.10.0.10,173.194.151.108,,,41505,443,0,37,17
1589249516.7326381,173.194.151.108,10.10.0.10,,,443,41505,0,1358,17
1589249516.7466118,173.194.151.108,10.10.0.10,,,443,41505,0,1358,17
1589249516.74851,10.10.0.10,173.194.151.108,,,41505,443,0,37,17
1589249516.760593,173.194.151.108,10.10.0.10,,,443,41505,0,1358,17
1589249516.7745626,173.194.151.108,10.10.0.10,,,443,41505,0,1358,17
1589249516.776115,10.10.0.10,173.194.151.108,,,41505,443,0,37,17
1589249516.7885318,173.194.151.108,10.10.0.10,,,443,41505,0,1358,17
1589249516.802525,173.194.151.108,10.10.0.10,,,443,41505,0,1358,17
1589249516.804109,10.10.0.10,173.194.151.108,,,41505,443,0,37,17
1589249516.816477,173.194.151.108,10.10.0.10,,,443,41505,0,1358,17
1589249516.830465,173.194.151.108,10.10.0.10,,,443,41505,0,1358,17
1589249516.832256,10.10.0.10,173.194.151.108,,,41505,443,0,37,17
1589249516.844422,173.194.151.108,10.10.0.10,,,443,41505,0,1358,17
1589249516.858405,173.194.151.108,10.10.0.10,,,443,41505,0,1358,17
1589249516.860379,10.10.0.10,173.194.151.108,,,41505,443,0,50,17
1589249516.8723671,173.194.151.108,10.10.0.10,,,443,41505,0,1358,17
1589249516.886341,173.194.151.108,10.10.0.10,,,443,41505,0,1358,17
1589249516.888378,10.10.0.10,173.194.151.108,,,41505,443,0,37,17
1589249516.9003134,173.194.151.108,10.10.0.10,,,443,41505,0,1358,17
1589249516.914291,173.194.151.108,10.10.0.10,,,443,41505,0,1358,17
1589249516.915975,10.10.0.10,173.194.151.108,,,41505,443,0,37,17
1589249516.928274,173.194.151.108,10.10.0.10,,,443,41505,0,1358,17
1589249516.9422288,173.194.151.108,10.10.0.10,,,443,41505,0,1358,17
1589249516.9453652,10.10.0.10,173.194.151.108,,,41505,443,0,37,17
1589249516.9562118,173.194.151.108,10.10.0.10,,,443,41505,0,1358,17
1589249516.970175,173.194.151.108,10.10.0.10,,,443,41505,0,1358,17
1589249516.97173,10.10.0.10,173.194.151.108,,,41505,443,0,37,17
1589249516.9841518,173.194.151.108,10.10.0.10,,,443,41505,0,1358,17
1589249516.9981172,173.194.151.108,10.10.0.10,,,443,41505,0,1358,17
1589249516.999728,10.10.0.10,173.194.151.108,,,41505,443,0,37,17
1589249517.012091,173.194.151.108,10.10.0.10,,,443,41505,0,1358,17
1589249517.0260642,173.194.151.108,10.10.0.10,,,443,41505,0,1358,17
1589249517.02775,10.10.0.10,173.194.151.108,,,41505,443,0,37,17
1589249517.04003,173.194.151.108,10.10.0.10,,,443,41505,0,1358,17
1589249517.05402,173.194.151.108,10.10.0.10,,,443,41505,0,1358,17
1589249517.055752,10.10.0.10,173.194.151.108,,,41505,443,0,37,17
1589249517.0679786,173.194.151.108,10.10.0.10,,,443,41505,0,1358,17
1589249517.081959,173.194.151.108,10.10.0.10,,,443,41505,0,1358,17
1589249517.0849948,10.10.0.10,173.194.151.108,,,41505,443,0,37,17
1589249517.095925,173.194.151.108,10.10.0.10,,,443,41505,0,1358,17
1589249517.1098988,173.194.151.108,10.10.0.10,,,443,41505,0,1358,17
1589249517.1116178,10.10.0.10,173.194.151.108,,,41505,443,0,37,17
1589249517.1238694,173.194.151.108,10.10.0.10,,,443,41505,0,1358,17
1589249517.137843,173.194.151.108,10.10.0.10,,,443,41505,0,1358,17
1589249517.1393511,10.10.0.10,173.194.151.108,,,41505,443,0,37,17
1589249517.151832,173.194.151.108,10.10.0.10,,,443,41505,0,1358,17
1589249517.1657894,173.194.151.108,10.10.0.10,,,443,41505,0,1358,17
1589249517.167492,10.10.0.10,173.194.151.108,,,41505,443,0,37,17
1589249517.179769,173.194.151.108,10.10.0.10,,,443,41505,0,1358,17
1589249517.1937332,173.194.151.108,10.10.0.10,,,443,41505,0,1358,17
1589249517.1954908,10.10.0.10,173.194.151.108,,,41505,443,0,37,17
1589249517.207705,173.194.151.108,10.10.0.10,,,443,41505,0,1358,17
1589249517.221677,173.194.151.108,10.10.0.10,,,443,41505,0,1358,17
1589249517.223366,10.10.0.10,173.194.151.108,,,41505,443,0,37,17
1589249517.2356489,173.194.151.108,10.10.0.10,,,443,41505,0,1358,17
1589249517.249641,173.194.151.108,10.10.0.10,,,443,41505,0,1358,17
1589249517.2527199,10.10.0.10,173.194.151.108,,,41505,443,0,37,17
1589249517.263594,173.194.151.108,10.10.0.10,,,443,41505,0,1358,17
1589249517.277577,173.194.151.108,10.10.0.10,,,443,41505,0,1358,17
1589249517.279489,10.10.0.10,173.194.151.108,,,41505,443,0,37,17
1589249517.291539,173.194.151.108,10.10.0.10,,,443,41505,0,1358,17
1589249517.3055172,173.194.151.108,10.10.0.10,,,443,41505,0,1358,17
1589249517.307096,10.10.0.10,173.194.151.108,,,41505,443,0,37,17
1589249517.3194842,173.194.151.108,10.10.0.10,,,443,41505,0,1358,17
1589249517.333458,173.194.151.108,10.10.0.10,,,443,41505,0,1358,17
1589249517.3349721,10.10.0.10,173.194.151.108,,,41505,443,0,37,17
1589249517.347427,173.194.151.108,10.10.0.10,,,443,41505,0,1358,17
1589249517.3614054,173.194.151.108,10.10.0.10,,,443,41505,0,1358,17
1589249517.362966,10.10.0.10,173.194.151.108,,,41505,443,0,37,17
1589249517.375389,173.194.151.108,10.10.0.10,,,443,41505,0,1358,17
1589249517.3893461,173.194.151.108,10.10.0.10,,,443,41505,0,1358,17
1589249517.392584,10.10.0.10,173.194.151.108,,,41505,443,0,37,17
1589249517.4033241,173.194.151.108,10.10.0.10,,,443,41505,0,1358,17
1589249517.417291,173.194.151.108,10.10.0.10,,,443,41505,0,1358,17
1589249517.4188588,10.10.0.10,173.194.151.108,,,41505,443,0,50,17
1589249517.431263,173.194.151.108,10.10.0.10,,,443,41505,0,1358,17
1589249517.4452348,173.194.151.108,10.10.0.10,,,443,41505,0,1358,17
1589249517.446983,10.10.0.10,173.194.151.108,,,41505,443,0,37,17
1589249517.459208,173.194.151.108,10.10.0.10,,,443,41505,0,1358,17
1589249517.4731972,173.194.151.108,10.10.0.10,,,443,41505,0,1358,17
1589249517.4749641,10.10.0.10,173.194.151.108,,,41505,443,0,37,17
1589249517.4871519,173.194.151.108,10.10.0.10,,,443,41505,0,1358,17
1589249517.501137,173.194.151.108,10.10.0.10,,,443,41505,0,29,17
1589249517.5017562,173.194.151.108,10.10.0.10,,,443,41505,0,1358,17
1589249517.5032141,10.10.0.10,173.194.151.108,,,41505,443,0,37,17
1589249517.515729,173.194.151.108,10.10.0.10,,,443,41505,0,1358,17
1589249517.5297036,173.194.151.108,10.10.0.10,,,443,41505,0,1358,17
1589249517.531356,10.10.0.10,173.194.151.108,,,41505,443,0,37,17
1589249517.543675,173.194.151.108,10.10.0.10,,,443,41505,0,1358,17
1589249517.557647,173.194.151.108,10.10.0.10,,,443,41505,0,1358,17
1589249517.560461,10.10.0.10,173.194.151.108,,,41505,443,0,37,17
1589249517.5716338,173.194.151.108,10.10.0.10,,,443,41505,0,1358,17
1589249517.585591,173.194.151.108,10.10.0.10,,,443,41505,0,1358,17
1589249517.5874634,10.10.0.10,173.194.151.108,,,41505,443,0,37,17
1589249517.599571,173.194.151.108,10.10.0.10,,,443,41505,0,1358,17
1589249517.613536,173.194.151.108,10.10.0.10,,,443,41505,0,1358,17
1589249517.615177,10.10.0.10,173.194.151.108,,,41505,443,0,37,17
1589249517.627505,173.194.151.108,10.10.0.10,,,443,41505,0,1358,17
1589249517.641492,173.194.151.108,10.10.0.10,,,443,41505,0,1358,17
1589249517.643357,10.10.0.10,173.194.151.108,,,41505,443,0,37,17
1589249517.655449,173.194.151.108,10.10.0.10,,,443,41505,0,1358,17
1589249517.669426,173.194.151.108,10.10.0.10,,,443,41505,0,1358,17
1589249517.671087,10.10.0.10,173.194.151.108,,,41505,443,0,37,17
1589249517.683394,173.194.151.108,10.10.0.10,,,443,41505,0,1358,17
1589249517.697366,173.194.151.108,10.10.0.10,,,443,41505,0,1358,17
1589249517.7004569,10.10.0.10,173.194.151.108,,,41505,443,0,37,17
1589249517.711342,173.194.151.108,10.10.0.10,,,443,41505,0,1358,17
1589249517.7253132,173.194.151.108,10.10.0.10,,,443,41505,0,1358,17
1589249517.727584,10.10.0.10,173.194.151.108,,,41505,443,0,37,17
1589249517.7392821,173.194.151.108,10.10.0.10,,,443,41505,0,1358,17
1589249517.7532609,173.194.151.108,10.10.0.10,,,443,41505,0,1358,17
1589249517.7550788,10.10.0.10,173.194.151.108,,,41505,443,0,37,17
1589249517.767239,173.194.151.108,10.10.0.10,,,443,41505,0,1358,17
1589249517.781211,173.194.151.108,10.10.0.10,,,443,41505,0,1358,17
1589249517.7829769,10.10.0.10,173.194.151.108,,,41505,443,0,37,17
1589249517.795179,173.194.151.108,10.10.0.10,,,443,41505,0,1358,17
1589249517.809152,173.194.151.108,10.10.0.10,,,443,41505,0,1358,17
1589249517.8123558,10.10.0.10,173.194.151.108,,,41505,443,0,37,17
1589249517.823126,173.194.151.108,10.10.0.10,,,443,41505,0,1358,17
1589249517.837096,173.194.151.108,10.10.0.10,,,443,41505,0,1358,17
1589249517.8446045,10.10.0.10,173.194.151.108,,,41505,443,0,37,17
1589249517.851066,173.194.151.108,10.10.0.10,,,443,41505,0,1358,17
1589249517.86504,173.194.151.108,10.10.0.10,,,443,41505,0,1358,17
1589249517.866831,10.10.0.10,173.194.151.108,,,41505,443,0,37,17
1589249517.879011,173.194.151.108,10.10.0.10,,,443,41505,0,1358,17
1589249517.8930008,173.194.151.108,10.10.0.10,,,443,41505,0,1358,17
1589249517.8955991,10.10.0.10,173.194.151.108,,,41505,443,0,37,17
1589249517.9069562,173.194.151.108,10.10.0.10,,,443,41505,0,1358,17
1589249517.920934,173.194.151.108,10.10.0.10,,,443,41505,0,1358,17
1589249517.92295,10.10.0.10,173.194.151.108,,,41505,443,0,37,17
1589249517.9349012,173.194.151.108,10.10.0.10,,,443,41505,0,1358,17
1589249517.948874,173.194.151.108,10.10.0.10,,,443,41505,0,1358,17
1589249517.962719,10.10.0.10,173.194.151.108,,,41505,443,0,37,17
1589249517.9628508,173.194.151.108,10.10.0.10,,,443,41505,0,1358,17
1589249517.9648285,10.10.0.10,173.194.151.108,,,41505,443,0,50,17
1589249517.9768212,173.194.151.108,10.10.0.10,,,443,41505,0,1358,17
1589249517.990806,173.194.151.108,10.10.0.10,,,443,41505,0,1358,17
1589249517.992583,10.10.0.10,173.194.151.108,,,41505,443,0,37,17
1589249518.004768,173.194.151.108,10.10.0.10,,,443,41505,0,1358,17
1589249518.018748,173.194.151.108,10.10.0.10,,,443,41505,0,1358,17
1589249518.020448,10.10.0.10,173.194.151.108,,,41505,443,0,37,17
1589249518.03271,173.194.151.108,10.10.0.10,,,443,41505,0,1358,17
1589249518.0466845,173.194.151.108,10.10.0.10,,,443,41505,0,29,17
1589249518.047313,173.194.151.108,10.10.0.10,,,443,41505,0,1358,17
1589249518.0488439,10.10.0.10,173.194.151.108,,,41505,443,0,37,17
1589249518.061285,173.194.151.108,10.10.0.10,,,443,41505,0,1358,17
1589249518.0752606,173.194.151.108,10.10.0.10,,,443,41505,0,1358,17
1589249518.076962,10.10.0.10,173.194.151.108,,,41505,443,0,37,17
1589249518.0892448,173.194.151.108,10.10.0.10,,,443,41505,0,1358,17
1589249518.1032038,173.194.151.108,10.10.0.10,,,443,41505,0,1358,17
1589249518.10532,10.10.0.10,173.194.151.108,,,41505,443,0,37,17
1589249518.117178,173.194.151.108,10.10.0.10,,,443,41505,0,1358,17
1589249518.131148,173.194.151.108,10.10.0.10,,,443,41505,0,1358,17
1589249518.132952,10.10.0.10,173.194.151.108,,,41505,443,0,37,17
1589249518.1451228,173.194.151.108,10.10.0.10,,,443,41505,0,1358,17
1589249518.1591141,173.194.151.108,10.10.0.10,,,443,41505,0,1358,17
1589249518.1608188,10.10.0.10,173.194.151.108,,,41505,443,0,37,17
1589249518.173064,173.194.151.108,10.10.0.10,,,443,41505,0,1358,17
1589249518.18705,173.194.151.108,10.10.0.10,,,443,41505,0,1358,17
1589249518.1889632,10.10.0.10,173.194.151.108,,,41505,443,0,37,17
1589249518.20101,173.194.151.108,10.10.0.10,,,443,41505,0,1358,17
1589249518.2149801,173.194.151.108,10.10.0.10,,,443,41505,0,1358,17
1589249518.2166932,10.10.0.10,173.194.151.108,,,41505,443,0,37,17
1589249518.228961,173.194.151.108,10.10.0.10,,,443,41505,0,1358,17
1589249518.2429268,173.194.151.108,10.10.0.10,,,443,41505,0,1358,17
1589249518.2446918,10.10.0.10,173.194.151.108,,,41505,443,0,37,17
1589249518.256901,173.194.151.108,10.10.0.10,,,443,41505,0,1358,17
1589249518.2708714,173.194.151.108,10.10.0.10,,,443,41505,0,1358,17
1589249518.272585,10.10.0.10,173.194.151.108,,,41505,443,0,37,17
1589249518.2848618,173.194.151.108,10.10.0.10,,,443,41505,0,1358,17
1589249518.298817,173.194.151.108,10.10.0.10,,,443,41505,0,1358,17
1589249518.3005571,10.10.0.10,173.194.151.108,,,41505,443,0,37,17
1589249518.312799,173.194.151.108,10.10.0.10,,,443,41505,0,1358,17
1589249518.326761,173.194.151.108,10.10.0.10,,,443,41505,0,1358,17
1589249518.3285859,10.10.0.10,173.194.151.108,,,41505,443,0,37,17
1589249518.3407366,173.194.151.108,10.10.0.10,,,443,41505,0,1358,17
1589249518.354718,173.194.151.108,10.10.0.10,,,443,41505,0,1358,17
1589249518.356333,10.10.0.10,173.194.151.108,,,41505,443,0,37,17
1589249518.3686864,173.194.151.108,10.10.0.10,,,443,41505,0,1358,17
1589249518.38265,173.194.151.108,10.10.0.10,,,443,41505,0,1358,17
1589249518.384334,10.10.0.10,173.194.151.108,,,41505,443,0,37,17
1589249518.396624,173.194.151.108,10.10.0.10,,,443,41505,0,1358,17
1589249518.410609,173.194.151.108,10.10.0.10,,,443,41505,0,1358,17
1589249518.4125822,10.10.0.10,173.194.151.108,,,41505,443,0,37,17
1589249518.424566,173.194.151.108,10.10.0.10,,,443,41505,0,1358,17
1589249518.438544,173.194.151.108,10.10.0.10,,,443,41505,0,1358,17
1589249518.4403331,10.10.0.10,173.194.151.108,,,41505,443,0,37,17
1589249518.4525108,173.194.151.108,10.10.0.10,,,443,41505,0,1358,17
1589249518.4664881,173.194.151.108,10.10.0.10,,,443,41505,0,1358,17
1589249518.4683099,10.10.0.10,173.194.151.108,,,41505,443,0,37,17
1589249518.4804769,173.194.151.108,10.10.0.10,,,443,41505,0,1358,17
1589249518.494431,173.194.151.108,10.10.0.10,,,443,41505,0,1358,17
1589249518.496059,10.10.0.10,173.194.151.108,,,41505,443,0,37,17
1589249518.508417,173.194.151.108,10.10.0.10,,,443,41505,0,1358,17
1589249518.5223732,173.194.151.108,10.10.0.10,,,443,41505,0,1358,17
1589249518.5243304,10.10.0.10,173.194.151.108,,,41505,443,0,50,17
1589249518.5363555,173.194.151.108,10.10.0.10,,,443,41505,0,1358,17
1589249518.550318,173.194.151.108,10.10.0.10,,,443,41505,0,1358,17
1589249518.552059,10.10.0.10,173.194.151.108,,,41505,443,0,37,17
1589249518.5642931,173.194.151.108,10.10.0.10,,,443,41505,0,1358,17
1589249518.578266,173.194.151.108,10.10.0.10,,,443,41505,0,1358,17
1589249518.580172,10.10.0.10,173.194.151.108,,,41505,443,0,37,17
1589249518.5922382,173.194.151.108,10.10.0.10,,,443,41505,0,1358,17
1589249518.606211,173.194.151.108,10.10.0.10,,,443,41505,0,1358,17
1589249518.607775,10.10.0.10,173.194.151.108,,,41505,443,0,37,17
1589249518.6201801,173.194.151.108,10.10.0.10,,,443,41505,0,29,17
1589249518.62081,173.194.151.108,10.10.0.10,,,443,41505,0,1358,17
1589249518.634784,173.194.151.108,10.10.0.10,,,443,41505,0,1358,17
1589249518.636693,10.10.0.10,173.194.151.108,,,41505,443,0,37,17
1589249518.650436,173.194.151.108,10.10.0.10,,,443,41505,0,1358,17
1589249518.664403,173.194.151.108,10.10.0.10,,,443,41505,0,1358,17
1589249518.666048,10.10.0.10,173.194.151.108,,,41505,443,0,37,17
1589249518.678374,173.194.151.108,10.10.0.10,,,443,41505,0,1358,17
1589249518.6923482,173.194.151.108,10.10.0.10,,,443,41505,0,1358,17
1589249518.6939259,10.10.0.10,173.194.151.108,,,41505,443,0,37,17
1589249518.706335,173.194.151.108,10.10.0.10,,,443,41505,0,1358,17
1589249518.720292,173.194.151.108,10.10.0.10,,,443,41505,0,1358,17
1589249518.7219002,10.10.0.10,173.194.151.108,,,41505,443,0,37,17
1589249518.7342699,173.194.151.108,10.10.0.10,,,443,41505,0,1358,17
1589249518.7482376,173.194.151.108,10.10.0.10,,,443,41505,0,1358,17
1589249518.750046,10.10.0.10,173.194.151.108,,,41505,443,0,37,17
1589249518.762209,173.194.151.108,10.10.0.10,,,443,41505,0,1358,17
1589249518.7761812,173.194.151.108,10.10.0.10,,,443,41505,0,1358,17
1589249518.778553,10.10.0.10,173.194.151.108,,,41505,443,0,37,17
1589249518.790158,173.194.151.108,10.10.0.10,,,443,41505,0,1358,17
1589249518.8041315,173.194.151.108,10.10.0.10,,,443,41505,0,1358,17
1589249518.8058188,10.10.0.10,173.194.151.108,,,41505,443,0,37,17
1589249518.818105,173.194.151.108,10.10.0.10,,,443,41505,0,1358,17
1589249518.832076,173.194.151.108,10.10.0.10,,,443,41505,0,1358,17
1589249518.8338199,10.10.0.10,173.194.151.108,,,41505,443,0,37,17
1589249518.8460472,173.194.151.108,10.10.0.10,,,443,41505,0,1358,17
1589249518.860034,173.194.151.108,10.10.0.10,,,443,41505,0,1358,17
1589249518.86357,10.10.0.10,173.194.151.108,,,41505,443,0,37,17
1589249518.8739965,173.194.151.108,10.10.0.10,,,443,41505,0,1358,17
1589249518.8879642,173.194.151.108,10.10.0.10,,,443,41505,0,1358,17
1589249518.890942,10.10.0.10,173.194.151.108,,,41505,443,0,37,17
1589249518.9019392,173.194.151.108,10.10.0.10,,,443,41505,0,1358,17
1589249518.915912,173.194.151.108,10.10.0.10,,,443,41505,0,1358,17
1589249518.918177,10.10.0.10,173.194.151.108,,,41505,443,0,37,17
1589249518.9298842,173.194.151.108,10.10.0.10,,,443,41505,0,1358,17
1589249518.943855,173.194.151.108,10.10.0.10,,,443,41505,0,1358,17
1589249518.9469402,10.10.0.10,173.194.151.108,,,41505,443,0,37,17
1589249518.95784,173.194.151.108,10.10.0.10,,,443,41505,0,1358,17
1589249518.9717982,173.194.151.108,10.10.0.10,,,443,41505,0,1358,17
1589249518.9733012,10.10.0.10,173.194.151.108,,,41505,443,0,37,17
1589249518.985777,173.194.151.108,10.10.0.10,,,443,41505,0,1358,17
1589249519.0014205,173.194.151.108,10.10.0.10,,,443,41505,0,1358,17
1589249519.003295,10.10.0.10,173.194.151.108,,,41505,443,0,37,17
1589249519.015401,173.194.151.108,10.10.0.10,,,443,41505,0,1358,17
1589249519.029367,173.194.151.108,10.10.0.10,,,443,41505,0,1358,17
1589249519.0318134,10.10.0.10,173.194.151.108,,,41505,443,0,37,17
1589249519.0433419,173.194.151.108,10.10.0.10,,,443,41505,0,1358,17
1589249519.0573108,173.194.151.108,10.10.0.10,,,443,41505,0,1358,17
1589249519.0589368,10.10.0.10,173.194.151.108,,,41505,443,0,37,17
1589249519.0712838,173.194.151.108,10.10.0.10,,,443,41505,0,1358,17
1589249519.085275,173.194.151.108,10.10.0.10,,,443,41505,0,1358,17
1589249519.0870712,10.10.0.10,173.194.151.108,,,41505,443,0,50,17
1589249519.099227,173.194.151.108,10.10.0.10,,,443,41505,0,1358,17
1589249519.113213,173.194.151.108,10.10.0.10,,,443,41505,0,1358,17
1589249519.1150641,10.10.0.10,173.194.151.108,,,41505,443,0,37,17
1589249519.1271732,173.194.151.108,10.10.0.10,,,443,41505,0,1358,17
1589249519.141149,173.194.151.108,10.10.0.10,,,443,41505,0,1358,17
1589249519.1429148,10.10.0.10,173.194.151.108,,,41505,443,0,37,17
1589249519.155117,173.194.151.108,10.10.0.10,,,443,41505,0,1358,17
1589249519.16909,173.194.151.108,10.10.0.10,,,443,41505,0,1358,17
1589249519.170812,10.10.0.10,173.194.151.108,,,41505,443,0,37,17
1589249519.1830842,173.194.151.108,10.10.0.10,,,443,41505,0,1358,17
1589249519.1970365,173.194.151.108,10.10.0.10,,,443,41505,0,1358,17
1589249519.198808,10.10.0.10,173.194.151.108,,,41505,443,0,37,17
1589249519.2110212,173.194.151.108,10.10.0.10,,,443,41505,0,1358,17
1589249519.224979,173.194.151.108,10.10.0.10,,,443,41505,0,1358,17
1589249519.226809,10.10.0.10,173.194.151.108,,,41505,443,0,37,17
1589249519.238961,173.194.151.108,10.10.0.10,,,443,41505,0,1358,17
1589249519.2529259,173.194.151.108,10.10.0.10,,,443,41505,0,1358,17
1589249519.2545571,10.10.0.10,173.194.151.108,,,41505,443,0,37,17
1589249519.266897,173.194.151.108,10.10.0.10,,,443,41505,0,1358,17
1589249519.282544,173.194.151.108,10.10.0.10,,,443,41505,0,1358,17
1589249519.2841609,10.10.0.10,173.194.151.108,,,41505,443,0,37,17
1589249519.2965212,173.194.151.108,10.10.0.10,,,443,41505,0,1358,17
1589249519.3104908,173.194.151.108,10.10.0.10,,,443,41505,0,1358,17
1589249519.3135624,10.10.0.10,173.194.151.108,,,41505,443,0,37,17
1589249519.3244605,173.194.151.108,10.10.0.10,,,443,41505,0,1358,17
1589249519.338455,173.194.151.108,10.10.0.10,,,443,41505,0,1358,17
1589249519.340181,10.10.0.10,173.194.151.108,,,41505,443,0,37,17
1589249519.3524108,173.194.151.108,10.10.0.10,,,443,41505,0,1358,17
1589249519.3663938,173.194.151.108,10.10.0.10,,,443,41505,0,1358,17
1589249519.3682852,10.10.0.10,173.194.151.108,,,41505,443,0,37,17
1589249519.380353,173.194.151.108,10.10.0.10,,,443,41505,0,1358,17
1589249519.3943224,173.194.151.108,10.10.0.10,,,443,41505,0,1358,17
1589249519.3964279,10.10.0.10,173.194.151.108,,,41505,443,0,37,17
1589249519.4082954,173.194.151.108,10.10.0.10,,,443,41505,0,1358,17
1589249519.4222698,173.194.151.108,10.10.0.10,,,443,41505,0,1358,17
1589249519.4239092,10.10.0.10,173.194.151.108,,,41505,443,0,37,17
1589249519.436242,173.194.151.108,10.10.0.10,,,443,41505,0,1358,17
1589249519.4502132,173.194.151.108,10.10.0.10,,,443,41505,0,1358,17
1589249519.452025,10.10.0.10,173.194.151.108,,,41505,443,0,37,17
1589249519.464203,173.194.151.108,10.10.0.10,,,443,41505,0,1358,17
1589249519.478159,173.194.151.108,10.10.0.10,,,443,41505,0,1358,17
1589249519.4804282,10.10.0.10,173.194.151.108,,,41505,443,0,37,17
1589249519.49214,173.194.151.108,10.10.0.10,,,443,41505,0,1358,17
1589249519.506103,173.194.151.108,10.10.0.10,,,443,41505,0,1358,17
1589249519.5079038,10.10.0.10,173.194.151.108,,,41505,443,0,37,17
1589249519.5200794,173.194.151.108,10.10.0.10,,,443,41505,0,1358,17
1589249519.5340462,173.194.151.108,10.10.0.10,,,443,41505,0,1358,17
1589249519.5360222,10.10.0.10,173.194.151.108,,,41505,443,0,37,17
1589249519.548015,173.194.151.108,10.10.0.10,,,443,41505,0,1358,17
1589249519.5619938,173.194.151.108,10.10.0.10,,,443,41505,0,1358,17
1589249519.5637982,10.10.0.10,173.194.151.108,,,41505,443,0,37,17
1589249519.575967,173.194.151.108,10.10.0.10,,,443,41505,0,1358,17
1589249519.5899544,173.194.151.108,10.10.0.10,,,443,41505,0,1358,17
1589249519.591779,10.10.0.10,173.194.151.108,,,41505,443,0,37,17
1589249519.6039069,173.194.151.108,10.10.0.10,,,443,41505,0,1358,17
1589249519.6178784,173.194.151.108,10.10.0.10,,,443,41505,0,1358,17
1589249519.6195116,10.10.0.10,173.194.151.108,,,41505,443,0,37,17
1589249519.63185,173.194.151.108,10.10.0.10,,,443,41505,0,1358,17
1589249519.6458259,173.194.151.108,10.10.0.10,,,443,41505,0,1358,17
1589249519.647392,10.10.0.10,173.194.151.108,,,41505,443,0,50,17
1589249519.6598108,173.194.151.108,10.10.0.10,,,443,41505,0,1358,17
1589249519.673772,173.194.151.108,10.10.0.10,,,443,41505,0,1358,17
1589249519.6754212,10.10.0.10,173.194.151.108,,,41505,443,0,37,17
1589249519.687758,173.194.151.108,10.10.0.10,,,443,41505,0,1358,17
1589249519.701716,173.194.151.108,10.10.0.10,,,443,41505,0,1358,17
1589249519.703424,10.10.0.10,173.194.151.108,,,41505,443,0,37,17
1589249519.715684,173.194.151.108,10.10.0.10,,,443,41505,0,1358,17
1589249519.729657,173.194.151.108,10.10.0.10,,,443,41505,0,1358,17
1589249519.731392,10.10.0.10,173.194.151.108,,,41505,443,0,37,17
1589249519.744168,173.194.151.108,10.10.0.10,,,443,41505,0,1358,17
1589249519.7581468,173.194.151.108,10.10.0.10,,,443,41505,0,1358,17
1589249519.7608922,10.10.0.10,173.194.151.108,,,41505,443,0,37,17
1589249519.772116,173.194.151.108,10.10.0.10,,,443,41505,0,1358,17
1589249519.7860901,173.194.151.108,10.10.0.10,,,443,41505,0,1358,17
1589249519.7876658,10.10.0.10,173.194.151.108,,,41505,443,0,37,17
1589249519.8000612,173.194.151.108,10.10.0.10,,,443,41505,0,1358,17
1589249519.81404,173.194.151.108,10.10.0.10,,,443,41505,0,1358,17
1589249519.815648,10.10.0.10,173.194.151.108,,,41505,443,0,37,17
1589249519.8280122,173.194.151.108,10.10.0.10,,,443,41505,0,1358,17
1589249519.841984,173.194.151.108,10.10.0.10,,,443,41505,0,1358,17
1589249519.843895,10.10.0.10,173.194.151.108,,,41505,443,0,37,17
1589249519.855958,173.194.151.108,10.10.0.10,,,443,41505,0,1358,17
1589249519.86993,173.194.151.108,10.10.0.10,,,443,41505,0,1358,17
1589249519.8717892,10.10.0.10,173.194.151.108,,,41505,443,0,37,17
1589249519.8839011,173.194.151.108,10.10.0.10,,,443,41505,0,1358,17
1589249519.8978784,173.194.151.108,10.10.0.10,,,443,41505,0,1358,17
1589249519.90002,10.10.0.10,173.194.151.108,,,41505,443,0,37,17
1589249519.9118464,173.194.151.108,10.10.0.10,,,443,41505,0,1358,17
1589249519.925819,173.194.151.108,10.10.0.10,,,443,41505,0,1358,17
1589249519.928518,10.10.0.10,173.194.151.108,,,41505,443,0,37,17
1589249519.939788,173.194.151.108,10.10.0.10,,,443,41505,0,1358,17
1589249519.9537606,173.194.151.108,10.10.0.10,,,443,41505,0,1358,17
1589249519.955268,10.10.0.10,173.194.151.108,,,41505,443,0,37,17
1589249519.96775,173.194.151.108,10.10.0.10,,,443,41505,0,1358,17
1589249519.981709,173.194.151.108,10.10.0.10,,,443,41505,0,1358,17
1589249519.9831321,10.10.0.10,173.194.151.108,,,41505,443,0,37,17
1589249519.9956892,173.194.151.108,10.10.0.10,,,443,41505,0,1358,17
1589249520.009652,173.194.151.108,10.10.0.10,,,443,41505,0,1358,17
1589249520.012642,10.10.0.10,173.194.151.108,,,41505,443,0,37,17
1589249520.023623,173.194.151.108,10.10.0.10,,,443,41505,0,1358,17
1589249520.0375972,173.194.151.108,10.10.0.10,,,443,41505,0,1358,17
1589249520.039409,10.10.0.10,173.194.151.108,,,41505,443,0,37,17
1589249520.0515714,173.194.151.108,10.10.0.10,,,443,41505,0,1358,17
1589249520.0655591,173.194.151.108,10.10.0.10,,,443,41505,0,1358,17
1589249520.06741,10.10.0.10,173.194.151.108,,,41505,443,0,37,17
1589249520.079515,173.194.151.108,10.10.0.10,,,443,41505,0,1358,17
1589249520.093497,173.194.151.108,10.10.0.10,,,443,41505,0,1358,17
1589249520.0952554,10.10.0.10,173.194.151.108,,,41505,443,0,37,17
1589249520.1074598,173.194.151.108,10.10.0.10,,,443,41505,0,1358,17
1589249520.121434,173.194.151.108,10.10.0.10,,,443,41505,0,1358,17
1589249520.1231482,10.10.0.10,173.194.151.108,,,41505,443,0,37,17
1589249520.135403,173.194.151.108,10.10.0.10,,,443,41505,0,1358,17
1589249520.149376,173.194.151.108,10.10.0.10,,,443,41505,0,1358,17
1589249520.151155,10.10.0.10,173.194.151.108,,,41505,443,0,37,17
1589249520.1633492,173.194.151.108,10.10.0.10,,,443,41505,0,1358,17
1589249520.1773212,173.194.151.108,10.10.0.10,,,443,41505,0,1358,17
1589249520.1792614,10.10.0.10,173.194.151.108,,,41505,443,0,37,17
1589249520.1913092,173.194.151.108,10.10.0.10,,,443,41505,0,1358,17
1589249520.2052612,173.194.151.108,10.10.0.10,,,443,41505,0,1358,17
1589249520.2069082,10.10.0.10,173.194.151.108,,,41505,443,0,50,17
1589249520.2192428,173.194.151.108,10.10.0.10,,,443,41505,0,1358,17
1589249520.2332108,173.194.151.108,10.10.0.10,,,443,41505,0,1358,17
1589249520.2350008,10.10.0.10,173.194.151.108,,,41505,443,0,37,17
1589249520.247184,173.194.151.108,10.10.0.10,,,443,41505,0,1358,17
1589249520.261153,173.194.151.108,10.10.0.10,,,443,41505,0,1358,17
1589249520.2635279,10.10.0.10,173.194.151.108,,,41505,443,0,37,17
1589249520.275126,173.194.151.108,10.10.0.10,,,443,41505,0,1358,17
1589249520.289116,173.194.151.108,10.10.0.10,,,443,41505,0,29,17
1589249520.289741,173.194.151.108,10.10.0.10,,,443,41505,0,1358,17
1589249520.291373,10.10.0.10,173.194.151.108,,,41505,443,0,37,17
1589249520.303704,173.194.151.108,10.10.0.10,,,443,41505,0,1358,17
1589249520.3176801,173.194.151.108,10.10.0.10,,,443,41505,0,1358,17
1589249520.319275,10.10.0.10,173.194.151.108,,,41505,443,0,37,17
1589249520.331651,173.194.151.108,10.10.0.10,,,443,41505,0,1358,17
1589249520.345622,173.194.151.108,10.10.0.10,,,443,41505,0,1358,17
1589249520.3473802,10.10.0.10,173.194.151.108,,,41505,443,0,37,17
1589249520.359593,173.194.151.108,10.10.0.10,,,443,41505,0,1358,17
1589249520.3735662,173.194.151.108,10.10.0.10,,,443,41505,0,1358,17
1589249520.3753972,10.10.0.10,173.194.151.108,,,41505,443,0,37,17
1589249520.387551,173.194.151.108,10.10.0.10,,,443,41505,0,1358,17
1589249520.401511,173.194.151.108,10.10.0.10,,,443,41505,0,1358,17
1589249520.4031448,10.10.0.10,173.194.151.108,,,41505,443,0,37,17
1589249520.4154859,173.194.151.108,10.10.0.10,,,443,41505,0,1358,17
1589249520.429458,173.194.151.108,10.10.0.10,,,443,41505,0,1358,17
1589249520.431148,10.10.0.10,173.194.151.108,,,41505,443,0,37,17
1589249520.4434302,173.194.151.108,10.10.0.10,,,443,41505,0,1358,17
1589249520.457423,173.194.151.108,10.10.0.10,,,443,41505,0,1358,17
1589249520.459152,10.10.0.10,173.194.151.108,,,41505,443,0,37,17
1589249520.471373,173.194.151.108,10.10.0.10,,,443,41505,0,1358,17
1589249520.4853618,173.194.151.108,10.10.0.10,,,443,41505,0,1358,17
1589249520.4875011,10.10.0.10,173.194.151.108,,,41505,443,0,37,17
1589249520.49932,173.194.151.108,10.10.0.10,,,443,41505,0,1358,17
1589249520.513299,173.194.151.108,10.10.0.10,,,443,41505,0,1358,17
1589249520.527264,173.194.151.108,10.10.0.10,,,443,41505,0,1358,17
1589249520.528646,10.10.0.10,173.194.151.108,,,41505,443,0,37,17
1589249520.541235,173.194.151.108,10.10.0.10,,,443,41505,0,1358,17
1589249520.5428948,10.10.0.10,173.194.151.108,,,41505,443,0,37,17
1589249520.555207,173.194.151.108,10.10.0.10,,,443,41505,0,1358,17
1589249520.5691805,173.194.151.108,10.10.0.10,,,443,41505,0,1358,17
1589249520.57075,10.10.0.10,173.194.151.108,,,41505,443,0,37,17
1589249520.583169,173.194.151.108,10.10.0.10,,,443,41505,0,1358,17
1589249520.597126,173.194.151.108,10.10.0.10,,,443,41505,0,1358,17
1589249520.5991251,10.10.0.10,173.194.151.108,,,41505,443,0,37,17
1589249520.6110976,173.194.151.108,10.10.0.10,,,443,41505,0,1358,17
1589249520.6250648,173.194.151.108,10.10.0.10,,,443,41505,0,1358,17
1589249520.6269689,10.10.0.10,173.194.151.108,,,41505,443,0,37,17
1589249520.6390462,173.194.151.108,10.10.0.10,,,443,41505,0,1358,17
1589249520.653016,173.194.151.108,10.10.0.10,,,443,41505,0,1358,17
1589249520.6547716,10.10.0.10,173.194.151.108,,,41505,443,0,37,17
1589249520.666984,173.194.151.108,10.10.0.10,,,443,41505,0,1358,17
1589249520.680961,173.194.151.108,10.10.0.10,,,443,41505,0,1358,17
1589249520.682487,10.10.0.10,173.194.151.108,,,41505,443,0,37,17
1589249520.6949332,173.194.151.108,10.10.0.10,,,443,41505,0,1358,17
1589249520.7089012,173.194.151.108,10.10.0.10,,,443,41505,0,1358,17
1589249520.710744,10.10.0.10,173.194.151.108,,,41505,443,0,37,17
1589249520.7228801,173.194.151.108,10.10.0.10,,,443,41505,0,1358,17
1589249520.7378776,173.194.151.108,10.10.0.10,,,443,41505,0,1358,17
1589249520.739767,10.10.0.10,173.194.151.108,,,41505,443,0,37,17
1589249520.7518508,173.194.151.108,10.10.0.10,,,443,41505,0,1358,17
1589249520.765824,173.194.151.108,10.10.0.10,,,443,41505,0,1358,17
1589249520.767497,10.10.0.10,173.194.151.108,,,41505,443,0,50,17
1589249520.779799,173.194.151.108,10.10.0.10,,,443,41505,0,1358,17
1589249520.7937882,173.194.151.108,10.10.0.10,,,443,41505,0,1358,17
1589249520.7953892,10.10.0.10,173.194.151.108,,,41505,443,0,37,17
1589249520.807745,173.194.151.108,10.10.0.10,,,443,41505,0,1358,17
1589249520.8217251,173.194.151.108,10.10.0.10,,,443,41505,0,476,17
1589249520.8231091,10.10.0.10,173.194.151.108,,,41505,443,0,37,17
1589249520.82685,173.194.151.108,10.10.0.10,,,443,41505,0,29,17
1589249524.420004,10.10.0.10,173.194.151.108,,,41505,443,0,723,17
1589249524.4206376,10.10.0.10,173.194.151.108,,,41505,443,0,48,17
1589249524.4248588,173.194.151.108,10.10.0.10,,,443,41505,0,115,17
1589249524.4248898,173.194.151.108,10.10.0.10,,,443,41505,0,1358,17
1589249524.4249141,173.194.151.108,10.10.0.10,,,443,41505,0,1358,17
1589249524.4268892,10.10.0.10,173.194.151.108,,,41505,443,0,37,17
1589249524.4382489,173.194.151.108,10.10.0.10,,,443,41505,0,1358,17
1589249524.4398909,10.10.0.10,173.194.151.108,,,41505,443,0,37,17
1589249524.452223,173.194.151.108,10.10.0.10,,,443,41505,0,1358,17
1589249524.466193,173.194.151.108,10.10.0.10,,,443,41505,0,1358,17
1589249524.467886,10.10.0.10,173.194.151.108,,,41505,443,0,37,17
1589249524.4801822,173.194.151.108,10.10.0.10,,,443,41505,0,1358,17
1589249524.494139,173.194.151.108,10.10.0.10,,,443,41505,0,1358,17
1589249524.4959078,10.10.0.10,173.194.151.108,,,41505,443,0,37,17
1589249524.5081189,173.194.151.108,10.10.0.10,,,443,41505,0,1358,17
1589249524.5220838,173.194.151.108,10.10.0.10,,,443,41505,0,1358,17
1589249524.5302696,10.10.0.10,173.194.151.108,,,41505,443,0,37,17
1589249524.5360498,173.194.151.108,10.10.0.10,,,443,41505,0,1358,17
1589249524.550027,173.194.151.108,10.10.0.10,,,443,41505,0,1358,17
1589249524.5517638,10.10.0.10,173.194.151.108,,,41505,443,0,37,17
1589249524.563998,173.194.151.108,10.10.0.10,,,443,41505,0,1358,17
1589249524.5779722,173.194.151.108,10.10.0.10,,,443,41505,0,1358,17
1589249524.5796268,10.10.0.10,173.194.151.108,,,41505,443,0,37,17
1589249524.591943,173.194.151.108,10.10.0.10,,,443,41505,0,1358,17
1589249524.6059148,173.194.151.108,10.10.0.10,,,443,41505,0,1358,17
1589249524.6075091,10.10.0.10,173.194.151.108,,,41505,443,0,37,17
1589249524.61989,173.194.151.108,10.10.0.10,,,443,41505,0,1358,17
1589249524.633862,173.194.151.108,10.10.0.10,,,443,41505,0,1358,17
1589249524.6365118,10.10.0.10,173.194.151.108,,,41505,443,0,37,17
1589249524.647842,173.194.151.108,10.10.0.10,,,443,41505,0,1358,17
1589249524.661807,173.194.151.108,10.10.0.10,,,443,41505,0,1358,17
1589249524.663758,10.10.0.10,173.194.151.108,,,41505,443,0,37,17
1589249524.675801,173.194.151.108,10.10.0.10,,,443,41505,0,1358,17
1589249524.6897476,173.194.151.108,10.10.0.10,,,443,41505,0,1358,17
1589249524.691499,10.10.0.10,173.194.151.108,,,41505,443,0,37,17
1589249524.7037401,173.194.151.108,10.10.0.10,,,443,41505,0,1358,17
1589249524.7176962,173.194.151.108,10.10.0.10,,,443,41505,0,1358,17
1589249524.7195039,10.10.0.10,173.194.151.108,,,41505,443,0,37,17
1589249524.7316658,173.194.151.108,10.10.0.10,,,443,41505,0,1358,17
1589249524.745642,173.194.151.108,10.10.0.10,,,443,41505,0,1358,17
1589249524.747399,10.10.0.10,173.194.151.108,,,41505,443,0,37,17
1589249524.759614,173.194.151.108,10.10.0.10,,,443,41505,0,1358,17
1589249524.7735848,173.194.151.108,10.10.0.10,,,443,41505,0,1358,17
1589249524.7752528,10.10.0.10,173.194.151.108,,,41505,443,0,37,17
1589249524.787558,173.194.151.108,10.10.0.10,,,443,41505,0,1358,17
1589249524.801545,173.194.151.108,10.10.0.10,,,443,41505,0,1358,17
1589249524.803273,10.10.0.10,173.194.151.108,,,41505,443,0,37,17
1589249524.815505,173.194.151.108,10.10.0.10,,,443,41505,0,1358,17
1589249524.8294842,173.194.151.108,10.10.0.10,,,443,41505,0,1358,17
1589249524.831127,10.10.0.10,173.194.151.108,,,41505,443,0,37,17
1589249524.843447,173.194.151.108,10.10.0.10,,,443,41505,0,1358,17
1589249524.857423,173.194.151.108,10.10.0.10,,,443,41505,0,1358,17
1589249524.859145,10.10.0.10,173.194.151.108,,,41505,443,0,37,17
1589249524.871393,173.194.151.108,10.10.0.10,,,443,41505,0,1358,17
1589249524.8853679,173.194.151.108,10.10.0.10,,,443,41505,0,1358,17
1589249524.8871331,10.10.0.10,173.194.151.108,,,41505,443,0,37,17
1589249524.8993318,173.194.151.108,10.10.0.10,,,443,41505,0,1358,17
1589249524.9133134,173.194.151.108,10.10.0.10,,,443,41505,0,1358,17
1589249524.915268,10.10.0.10,173.194.151.108,,,41505,443,0,37,17
1589249524.9272964,173.194.151.108,10.10.0.10,,,443,41505,0,1358,17
1589249524.941254,173.194.151.108,10.10.0.10,,,443,41505,0,1358,17
1589249524.9430249,10.10.0.10,173.194.151.108,,,41505,443,0,50,17
1589249524.955231,173.194.151.108,10.10.0.10,,,443,41505,0,1358,17
1589249524.969199,173.194.151.108,10.10.0.10,,,443,41505,0,1358,17
1589249524.971016,10.10.0.10,173.194.151.108,,,41505,443,0,37,17
1589249524.9831722,173.194.151.108,10.10.0.10,,,443,41505,0,1358,17
1589249524.997167,173.194.151.108,10.10.0.10,,,443,41505,0,1358,17
1589249524.998871,10.10.0.10,173.194.151.108,,,41505,443,0,37,17
1589249525.0111182,173.194.151.108,10.10.0.10,,,443,41505,0,1358,17
1589249525.025105,173.194.151.108,10.10.0.10,,,443,41505,0,1358,17
1589249525.0270169,10.10.0.10,173.194.151.108,,,41505,443,0,37,17
1589249525.039072,173.194.151.108,10.10.0.10,,,443,41505,0,1358,17
1589249525.0530472,173.194.151.108,10.10.0.10,,,443,41505,0,1358,17
1589249525.0547626,10.10.0.10,173.194.151.108,,,41505,443,0,37,17
1589249525.067006,173.194.151.108,10.10.0.10,,,443,41505,0,1358,17
1589249525.0809786,173.194.151.108,10.10.0.10,,,443,41505,0,1358,17
1589249525.08262,10.10.0.10,173.194.151.108,,,41505,443,0,37,17
1589249525.0949519,173.194.151.108,10.10.0.10,,,443,41505,0,1358,17
1589249525.1089242,173.194.151.108,10.10.0.10,,,443,41505,0,1358,17
1589249525.11061,10.10.0.10,173.194.151.108,,,41505,443,0,37,17
1589249525.1229134,173.194.151.108,10.10.0.10,,,443,41505,0,1358,17
1589249525.136871,173.194.151.108,10.10.0.10,,,443,41505,0,1358,17
1589249525.138493,10.10.0.10,173.194.151.108,,,41505,443,0,37,17
1589249525.1508498,173.194.151.108,10.10.0.10,,,443,41505,0,1358,17
1589249525.152742,10.10.0.10,173.194.151.108,,,41505,443,0,50,17
1589249525.1648178,173.194.151.108,10.10.0.10,,,443,41505,0,1358,17
1589249525.1787858,173.194.151.108,10.10.0.10,,,443,41505,0,1358,17
1589249525.180509,10.10.0.10,173.194.151.108,,,41505,443,0,37,17
1589249525.192759,173.194.151.108,10.10.0.10,,,443,41505,0,1358,17
1589249525.206729,173.194.151.108,10.10.0.10,,,443,41505,0,1358,17
1589249525.2084925,10.10.0.10,173.194.151.108,,,41505,443,0,37,17
1589249525.2207012,173.194.151.108,10.10.0.10,,,443,41505,0,1358,17
1589249525.2346768,173.194.151.108,10.10.0.10,,,443,41505,0,1358,17
1589249525.236365,10.10.0.10,173.194.151.108,,,41505,443,0,37,17
1589249525.2486632,173.194.151.108,10.10.0.10,,,443,41505,0,1358,17
1589249525.2626202,173.194.151.108,10.10.0.10,,,443,41505,0,1358,17
1589249525.2643652,10.10.0.10,173.194.151.108,,,41505,443,0,37,17
1589249525.2765956,173.194.151.108,10.10.0.10,,,443,41505,0,1358,17
1589249525.2905636,173.194.151.108,10.10.0.10,,,443,41505,0,1358,17
1589249525.292247,10.10.0.10,173.194.151.108,,,41505,443,0,37,17
1589249525.304539,173.194.151.108,10.10.0.10,,,443,41505,0,1358,17
1589249525.3185318,173.194.151.108,10.10.0.10,,,443,41505,0,1358,17
1589249525.320386,10.10.0.10,173.194.151.108,,,41505,443,0,37,17
1589249525.3324828,173.194.151.108,10.10.0.10,,,443,41505,0,1358,17
1589249525.3331149,10.10.0.10,173.194.151.108,,,41505,443,0,724,17
1589249525.3331552,10.10.0.10,173.194.151.108,,,41505,443,0,48,17
1589249525.3464699,173.194.151.108,10.10.0.10,,,443,41505,0,1358,17
1589249525.349631,10.10.0.10,173.194.151.108,,,41505,443,0,37,17
1589249525.3604288,173.194.151.108,10.10.0.10,,,443,41505,0,1358,17
1589249525.374408,173.194.151.108,10.10.0.10,,,443,41505,0,1358,17
1589249525.375854,10.10.0.10,173.194.151.108,,,41505,443,0,37,17
1589249525.388375,173.194.151.108,10.10.0.10,,,443,41505,0,1358,17
1589249525.4023461,173.194.151.108,10.10.0.10,,,443,41505,0,1358,17
1589249525.403973,10.10.0.10,173.194.151.108,,,41505,443,0,37,17
1589249525.4163148,173.194.151.108,10.10.0.10,,,443,41505,0,1358,17
1589249525.430288,173.194.151.108,10.10.0.10,,,443,41505,0,1358,17
1589249525.431985,10.10.0.10,173.194.151.108,,,41505,443,0,37,17
1589249525.444279,173.194.151.108,10.10.0.10,,,443,41505,0,1358,17
1589249525.4582338,173.194.151.108,10.10.0.10,,,443,41505,0,1358,17
1589249525.4599779,10.10.0.10,173.194.151.108,,,41505,443,0,37,17
1589249525.4722168,173.194.151.108,10.10.0.10,,,443,41505,0,1358,17
1589249525.486178,173.194.151.108,10.10.0.10,,,443,41505,0,1358,17
1589249525.4878778,10.10.0.10,173.194.151.108,,,41505,443,0,37,17
1589249525.5001562,173.194.151.108,10.10.0.10,,,443,41505,0,1358,17
1589249525.5141242,173.194.151.108,10.10.0.10,,,443,41505,0,1358,17
1589249525.5158749,10.10.0.10,173.194.151.108,,,41505,443,0,37,17
1589249525.528095,173.194.151.108,10.10.0.10,,,443,41505,0,1358,17
1589249525.542066,173.194.151.108,10.10.0.10,,,443,41505,0,1358,17
1589249525.543693,10.10.0.10,173.194.151.108,,,41505,443,0,37,17
1589249525.5560348,173.194.151.108,10.10.0.10,,,443,41505,0,1358,17
1589249525.570024,173.194.151.108,10.10.0.10,,,443,41505,0,1358,17
1589249525.5717466,10.10.0.10,173.194.151.108,,,41505,443,0,37,17
1589249525.582448,10.10.0.10,173.194.151.108,,,41505,443,0,724,17
1589249525.5839891,173.194.151.108,10.10.0.10,,,443,41505,0,1358,17
1589249525.597961,173.194.151.108,10.10.0.10,,,443,41505,0,1358,17
1589249525.599605,10.10.0.10,173.194.151.108,,,41505,443,0,37,17
1589249525.611927,173.194.151.108,10.10.0.10,,,443,41505,0,1358,17
1589249525.6259036,173.194.151.108,10.10.0.10,,,443,41505,0,29,17
1589249525.626528,173.194.151.108,10.10.0.10,,,443,41505,0,1358,17
1589249525.640504,173.194.151.108,10.10.0.10,,,443,41505,0,1358,17
1589249525.642194,10.10.0.10,173.194.151.108,,,41505,443,0,37,17
1589249525.654475,173.194.151.108,10.10.0.10,,,443,41505,0,1358,17
1589249525.6574788,10.10.0.10,173.194.151.108,,,41505,443,0,37,17
1589249525.668446,173.194.151.108,10.10.0.10,,,443,41505,0,1358,17
1589249525.682427,173.194.151.108,10.10.0.10,,,443,41505,0,1358,17
1589249525.6909552,10.10.0.10,173.194.151.108,,,41505,443,0,37,17
1589249525.696391,173.194.151.108,10.10.0.10,,,443,41505,0,1358,17
1589249525.710368,173.194.151.108,10.10.0.10,,,443,41505,0,1358,17
1589249525.7123704,10.10.0.10,173.194.151.108,,,41505,443,0,37,17
1589249525.7243395,173.194.151.108,10.10.0.10,,,443,41505,0,1358,17
1589249525.7383132,173.194.151.108,10.10.0.10,,,443,41505,0,1358,17
1589249525.7398498,10.10.0.10,173.194.151.108,,,41505,443,0,37,17
1589249525.752294,173.194.151.108,10.10.0.10,,,443,41505,0,1358,17
1589249525.766272,173.194.151.108,10.10.0.10,,,443,41505,0,1358,17
1589249525.7678692,10.10.0.10,173.194.151.108,,,41505,443,0,37,17
1589249525.780234,173.194.151.108,10.10.0.10,,,443,41505,0,1358,17
1589249525.7942061,173.194.151.108,10.10.0.10,,,443,41505,0,1358,17
1589249525.7958488,10.10.0.10,173.194.151.108,,,41505,443,0,37,17
1589249525.808175,173.194.151.108,10.10.0.10,,,443,41505,0,1358,17
1589249525.82215,173.194.151.108,10.10.0.10,,,443,41505,0,1358,17
1589249525.8238668,10.10.0.10,173.194.151.108,,,41505,443,0,37,17
1589249525.836143,173.194.151.108,10.10.0.10,,,443,41505,0,1358,17
1589249525.8500881,173.194.151.108,10.10.0.10,,,443,41505,0,1358,17
1589249525.8529742,10.10.0.10,173.194.151.108,,,41505,443,0,37,17
1589249525.8640802,173.194.151.108,10.10.0.10,,,443,41505,0,1358,17
1589249525.8780382,173.194.151.108,10.10.0.10,,,443,41505,0,29,17
1589249525.878673,173.194.151.108,10.10.0.10,,,443,41505,0,1358,17
1589249525.8801222,10.10.0.10,173.194.151.108,,,41505,443,0,37,17
1589249525.892644,173.194.151.108,10.10.0.10,,,443,41505,0,1358,17
1589249525.906613,173.194.151.108,10.10.0.10,,,443,41505,0,1358,17
1589249525.9082382,10.10.0.10,173.194.151.108,,,41505,443,0,37,17
1589249525.920592,173.194.151.108,10.10.0.10,,,443,41505,0,1358,17
1589249525.934578,173.194.151.108,10.10.0.10,,,443,41505,0,1358,17
1589249525.936239,10.10.0.10,173.194.151.108,,,41505,443,0,37,17
1589249525.948532,173.194.151.108,10.10.0.10,,,443,41505,0,1358,17
1589249525.962503,173.194.151.108,10.10.0.10,,,443,41505,0,1358,17
1589249525.964344,10.10.0.10,173.194.151.108,,,41505,443,0,37,17
1589249525.9764762,173.194.151.108,10.10.0.10,,,443,41505,0,1358,17
1589249525.9904518,173.194.151.108,10.10.0.10,,,443,41505,0,1358,17
1589249525.991977,10.10.0.10,173.194.151.108,,,41505,443,0,37,17
1589249526.0044231,173.194.151.108,10.10.0.10,,,443,41505,0,1358,17
1589249526.018394,173.194.151.108,10.10.0.10,,,443,41505,0,1358,17
1589249526.0201082,10.10.0.10,173.194.151.108,,,41505,443,0,37,17
1589249526.0323849,173.194.151.108,10.10.0.10,,,443,41505,0,1358,17
1589249526.0463376,173.194.151.108,10.10.0.10,,,443,41505,0,1358,17
1589249526.048091,10.10.0.10,173.194.151.108,,,41505,443,0,37,17
1589249526.060338,173.194.151.108,10.10.0.10,,,443,41505,0,1358,17
1589249526.0742831,173.194.151.108,10.10.0.10,,,443,41505,0,1358,17
1589249526.077109,10.10.0.10,173.194.151.108,,,41505,443,0,37,17
1589249526.088263,173.194.151.108,10.10.0.10,,,443,41505,0,1358,17
1589249526.1022286,173.194.151.108,10.10.0.10,,,443,41505,0,1358,17
1589249526.1039894,10.10.0.10,173.194.151.108,,,41505,443,0,37,17
1589249526.1162019,173.194.151.108,10.10.0.10,,,443,41505,0,1358,17
1589249526.1301742,173.194.151.108,10.10.0.10,,,443,41505,0,1358,17
1589249526.131839,10.10.0.10,173.194.151.108,,,41505,443,0,50,17
1589249526.144149,173.194.151.108,10.10.0.10,,,443,41505,0,1358,17
1589249526.158118,173.194.151.108,10.10.0.10,,,443,41505,0,1358,17
1589249526.161478,10.10.0.10,173.194.151.108,,,41505,443,0,37,17
1589249526.1720922,173.194.151.108,10.10.0.10,,,443,41505,0,1358,17
1589249526.186069,173.194.151.108,10.10.0.10,,,443,41505,0,1358,17
1589249526.1877315,10.10.0.10,173.194.151.108,,,41505,443,0,37,17
1589249526.200034,173.194.151.108,10.10.0.10,,,443,41505,0,1358,17
1589249526.214009,173.194.151.108,10.10.0.10,,,443,41505,0,1358,17
1589249526.2157102,10.10.0.10,173.194.151.108,,,41505,443,0,37,17
1589249526.2279801,173.194.151.108,10.10.0.10,,,443,41505,0,1358,17
1589249526.241952,173.194.151.108,10.10.0.10,,,443,41505,0,1358,17
1589249526.243604,10.10.0.10,173.194.151.108,,,41505,443,0,37,17
1589249526.2559235,173.194.151.108,10.10.0.10,,,443,41505,0,1358,17
1589249526.2698948,173.194.151.108,10.10.0.10,,,443,41505,0,1358,17
1589249526.271586,10.10.0.10,173.194.151.108,,,41505,443,0,37,17
1589249526.2838821,173.194.151.108,10.10.0.10,,,443,41505,0,1358,17
1589249526.297844,173.194.151.108,10.10.0.10,,,443,41505,0,1358,17
1589249526.3009179,10.10.0.10,173.194.151.108,,,41505,443,0,37,17
1589249526.311816,173.194.151.108,10.10.0.10,,,443,41505,0,1358,17
1589249526.3257859,173.194.151.108,10.10.0.10,,,443,41505,0,1358,17
1589249526.327605,10.10.0.10,173.194.151.108,,,41505,443,0,37,17
1589249526.3397589,173.194.151.108,10.10.0.10,,,443,41505,0,1358,17
1589249526.3537529,173.194.151.108,10.10.0.10,,,443,41505,0,1358,17
1589249526.355473,10.10.0.10,173.194.151.108,,,41505,443,0,37,17
1589249526.367703,173.194.151.108,10.10.0.10,,,443,41505,0,1358,17
1589249526.38169,173.194.151.108,10.10.0.10,,,443,41505,0,1358,17
1589249526.383352,10.10.0.10,173.194.151.108,,,41505,443,0,37,17
1589249526.3956509,173.194.151.108,10.10.0.10,,,443,41505,0,1358,17
1589249526.4096286,173.194.151.108,10.10.0.10,,,443,41505,0,1358,17
1589249526.411475,10.10.0.10,173.194.151.108,,,41505,443,0,37,17
1589249526.423595,173.194.151.108,10.10.0.10,,,443,41505,0,1358,17
1589249526.437568,173.194.151.108,10.10.0.10,,,443,41505,0,1358,17
1589249526.4392061,10.10.0.10,173.194.151.108,,,41505,443,0,37,17
1589249526.4515398,173.194.151.108,10.10.0.10,,,443,41505,0,1358,17
1589249526.46551,173.194.151.108,10.10.0.10,,,443,41505,0,1358,17
1589249526.468704,10.10.0.10,173.194.151.108,,,41505,443,0,37,17
1589249526.4794989,173.194.151.108,10.10.0.10,,,443,41505,0,1358,17
1589249526.4934561,173.194.151.108,10.10.0.10,,,443,41505,0,1358,17
1589249526.4953468,10.10.0.10,173.194.151.108,,,41505,443,0,37,17
1589249526.5074365,173.194.151.108,10.10.0.10,,,443,41505,0,1358,17
1589249526.5214028,173.194.151.108,10.10.0.10,,,443,41505,0,1358,17
1589249526.523077,10.10.0.10,173.194.151.108,,,41505,443,0,37,17
1589249526.535378,173.194.151.108,10.10.0.10,,,443,41505,0,1358,17
1589249526.5493429,173.194.151.108,10.10.0.10,,,443,41505,0,1358,17
1589249526.551098,10.10.0.10,173.194.151.108,,,41505,443,0,37,17
1589249526.5633152,173.194.151.108,10.10.0.10,,,443,41505,0,1358,17
1589249526.5772948,173.194.151.108,10.10.0.10,,,443,41505,0,1358,17
1589249526.578827,10.10.0.10,173.194.151.108,,,41505,443,0,37,17
1589249526.5912569,173.194.151.108,10.10.0.10,,,443,41505,0,1358,17
1589249526.6052294,173.194.151.108,10.10.0.10,,,443,41505,0,1358,17
1589249526.6081636,10.10.0.10,173.194.151.108,,,41505,443,0,37,17
1589249526.619202,173.194.151.108,10.10.0.10,,,443,41505,0,1358,17
1589249526.633182,173.194.151.108,10.10.0.10,,,443,41505,0,1358,17
1589249526.634824,10.10.0.10,173.194.151.108,,,41505,443,0,37,17
1589249526.647153,173.194.151.108,10.10.0.10,,,443,41505,0,1358,17
1589249526.6611252,173.194.151.108,10.10.0.10,,,443,41505,0,1358,17
1589249526.662853,10.10.0.10,173.194.151.108,,,41505,443,0,37,17
1589249526.6750908,173.194.151.108,10.10.0.10,,,443,41505,0,1358,17
1589249526.689066,173.194.151.108,10.10.0.10,,,443,41505,0,1358,17
1589249526.6916811,10.10.0.10,173.194.151.108,,,41505,443,0,50,17
1589249526.7030349,173.194.151.108,10.10.0.10,,,443,41505,0,1358,17
1589249526.717008,173.194.151.108,10.10.0.10,,,443,41505,0,1358,17
1589249526.718716,10.10.0.10,173.194.151.108,,,41505,443,0,37,17
1589249526.730978,173.194.151.108,10.10.0.10,,,443,41505,0,1358,17
1589249526.744962,173.194.151.108,10.10.0.10,,,443,41505,0,1358,17
1589249526.7465706,10.10.0.10,173.194.151.108,,,41505,443,0,37,17
1589249526.758933,173.194.151.108,10.10.0.10,,,443,41505,0,1358,17
1589249526.772903,173.194.151.108,10.10.0.10,,,443,41505,0,1358,17
1589249526.77584,10.10.0.10,173.194.151.108,,,41505,443,0,37,17
1589249526.7868748,173.194.151.108,10.10.0.10,,,443,41505,0,1358,17
1589249526.8008661,173.194.151.108,10.10.0.10,,,443,41505,0,29,17
1589249526.8014786,173.194.151.108,10.10.0.10,,,443,41505,0,1358,17
1589249526.8030882,10.10.0.10,173.194.151.108,,,41505,443,0,37,17
1589249526.8154519,173.194.151.108,10.10.0.10,,,443,41505,0,1358,17
1589249526.829428,173.194.151.108,10.10.0.10,,,443,41505,0,1358,17
1589249526.831817,10.10.0.10,173.194.151.108,,,41505,443,0,37,17
1589249526.8434038,173.194.151.108,10.10.0.10,,,443,41505,0,1358,17
1589249526.857372,173.194.151.108,10.10.0.10,,,443,41505,0,1358,17
1589249526.859191,10.10.0.10,173.194.151.108,,,41505,443,0,37,17
1589249526.871362,173.194.151.108,10.10.0.10,,,443,41505,0,1358,17
1589249526.885315,173.194.151.108,10.10.0.10,,,443,41505,0,1358,17
1589249526.887209,10.10.0.10,173.194.151.108,,,41505,443,0,37,17
1589249526.899301,173.194.151.108,10.10.0.10,,,443,41505,0,1358,17
1589249526.9132614,173.194.151.108,10.10.0.10,,,443,41505,0,1358,17
1589249526.927238,173.194.151.108,10.10.0.10,,,443,41505,0,1358,17
1589249526.929199,10.10.0.10,173.194.151.108,,,41505,443,0,37,17
1589249526.941205,173.194.151.108,10.10.0.10,,,443,41505,0,1358,17
1589249526.942816,10.10.0.10,173.194.151.108,,,41505,443,0,37,17
1589249526.955175,173.194.151.108,10.10.0.10,,,443,41505,0,1358,17
1589249526.969152,173.194.151.108,10.10.0.10,,,443,41505,0,1358,17
1589249526.9709554,10.10.0.10,173.194.151.108,,,41505,443,0,37,17
1589249526.9831214,173.194.151.108,10.10.0.10,,,443,41505,0,1358,17
1589249526.9971092,173.194.151.108,10.10.0.10,,,443,41505,0,1358,17
1589249526.9986901,10.10.0.10,173.194.151.108,,,41505,443,0,37,17
1589249527.0110722,173.194.151.108,10.10.0.10,,,443,41505,0,1358,17
1589249527.025047,173.194.151.108,10.10.0.10,,,443,41505,0,1358,17
1589249527.0268116,10.10.0.10,173.194.151.108,,,41505,443,0,37,17
1589249527.0390108,173.194.151.108,10.10.0.10,,,443,41505,0,1358,17
1589249527.052986,173.194.151.108,10.10.0.10,,,443,41505,0,1358,17
1589249527.0545518,10.10.0.10,173.194.151.108,,,41505,443,0,37,17
1589249527.066954,173.194.151.108,10.10.0.10,,,443,41505,0,1358,17
1589249527.0809288,173.194.151.108,10.10.0.10,,,443,41505,0,1358,17
1589249527.0835822,10.10.0.10,173.194.151.108,,,41505,443,0,37,17
1589249527.094901,173.194.151.108,10.10.0.10,,,443,41505,0,1358,17
1589249527.1088731,173.194.151.108,10.10.0.10,,,443,41505,0,1358,17
1589249527.1105769,10.10.0.10,173.194.151.108,,,41505,443,0,37,17
1589249527.1228569,173.194.151.108,10.10.0.10,,,443,41505,0,1358,17
1589249527.136822,173.194.151.108,10.10.0.10,,,443,41505,0,1358,17
1589249527.1385796,10.10.0.10,173.194.151.108,,,41505,443,0,37,17
1589249527.150794,173.194.151.108,10.10.0.10,,,443,41505,0,1358,17
1589249527.1647608,173.194.151.108,10.10.0.10,,,443,41505,0,1358,17
1589249527.166455,10.10.0.10,173.194.151.108,,,41505,443,0,37,17
1589249527.178737,173.194.151.108,10.10.0.10,,,443,41505,0,1358,17
1589249527.192728,173.194.151.108,10.10.0.10,,,443,41505,0,1358,17
1589249527.1946845,10.10.0.10,173.194.151.108,,,41505,443,0,37,17
1589249527.2066898,173.194.151.108,10.10.0.10,,,443,41505,0,1358,17
1589249527.220665,173.194.151.108,10.10.0.10,,,443,41505,0,1358,17
1589249527.223204,10.10.0.10,173.194.151.108,,,41505,443,0,37,17
1589249527.2346249,173.194.151.108,10.10.0.10,,,443,41505,0,1358,17
1589249527.2486038,173.194.151.108,10.10.0.10,,,443,41505,0,1358,17
1589249527.2501812,10.10.0.10,173.194.151.108,,,41505,443,0,50,17
1589249527.2625706,173.194.151.108,10.10.0.10,,,443,41505,0,1358,17
1589249527.2765439,173.194.151.108,10.10.0.10,,,443,41505,0,1358,17
1589249527.285181,10.10.0.10,173.194.151.108,,,41505,443,0,37,17
1589249527.290516,173.194.151.108,10.10.0.10,,,443,41505,0,1358,17
1589249527.304487,173.194.151.108,10.10.0.10,,,443,41505,0,1358,17
1589249527.3060539,10.10.0.10,173.194.151.108,,,41505,443,0,37,17
1589249527.3184738,173.194.151.108,10.10.0.10,,,443,41505,0,1358,17
1589249527.332433,173.194.151.108,10.10.0.10,,,443,41505,0,1358,17
1589249527.334321,10.10.0.10,173.194.151.108,,,41505,443,0,37,17
1589249527.346411,173.194.151.108,10.10.0.10,,,443,41505,0,1358,17
1589249527.360373,173.194.151.108,10.10.0.10,,,443,41505,0,29,17
1589249527.3610115,173.194.151.108,10.10.0.10,,,443,41505,0,1358,17
1589249527.362576,10.10.0.10,173.194.151.108,,,41505,443,0,37,17
1589249527.374982,173.194.151.108,10.10.0.10,,,443,41505,0,1358,17
1589249527.3889492,173.194.151.108,10.10.0.10,,,443,41505,0,1358,17
1589249527.390794,10.10.0.10,173.194.151.108,,,41505,443,0,37,17
1589249527.4029224,173.194.151.108,10.10.0.10,,,443,41505,0,1358,17
1589249527.4169116,173.194.151.108,10.10.0.10,,,443,41505,0,1358,17
1589249527.4186964,10.10.0.10,173.194.151.108,,,41505,443,0,37,17
1589249527.430872,173.194.151.108,10.10.0.10,,,443,41505,0,1358,17
1589249527.44485,173.194.151.108,10.10.0.10,,,443,41505,0,1358,17
1589249527.44655,10.10.0.10,173.194.151.108,,,41505,443,0,37,17
1589249527.458816,173.194.151.108,10.10.0.10,,,443,41505,0,1358,17
1589249527.47279,173.194.151.108,10.10.0.10,,,443,41505,0,1358,17
1589249527.47457,10.10.0.10,173.194.151.108,,,41505,443,0,37,17
1589249527.48676,173.194.151.108,10.10.0.10,,,443,41505,0,1358,17
1589249527.500735,173.194.151.108,10.10.0.10,,,443,41505,0,1358,17
1589249527.502298,10.10.0.10,173.194.151.108,,,41505,443,0,37,17
1589249527.514719,173.194.151.108,10.10.0.10,,,443,41505,0,1358,17
1589249527.528681,173.194.151.108,10.10.0.10,,,443,41505,0,1358,17
1589249527.5309136,10.10.0.10,173.194.151.108,,,41505,443,0,37,17
1589249527.542656,173.194.151.108,10.10.0.10,,,443,41505,0,1358,17
1589249527.556623,173.194.151.108,10.10.0.10,,,443,41505,0,1358,17
1589249527.5582972,10.10.0.10,173.194.151.108,,,41505,443,0,37,17
1589249527.5705948,173.194.151.108,10.10.0.10,,,443,41505,0,1358,17
1589249527.5845628,173.194.151.108,10.10.0.10,,,443,41505,0,1358,17
1589249527.586543,10.10.0.10,173.194.151.108,,,41505,443,0,37,17
1589249527.598535,173.194.151.108,10.10.0.10,,,443,41505,0,1358,17
1589249527.612514,173.194.151.108,10.10.0.10,,,443,41505,0,1358,17
1589249527.6246624,10.10.0.10,173.194.151.108,,,41505,443,0,37,17
1589249527.6264849,173.194.151.108,10.10.0.10,,,443,41505,0,1358,17
1589249527.6404538,173.194.151.108,10.10.0.10,,,443,41505,0,1358,17
1589249527.6423962,10.10.0.10,173.194.151.108,,,41505,443,0,37,17
1589249527.6544259,173.194.151.108,10.10.0.10,,,443,41505,0,1358,17
1589249527.6683981,173.194.151.108,10.10.0.10,,,443,41505,0,1358,17
1589249527.670181,10.10.0.10,173.194.151.108,,,41505,443,0,37,17
1589249527.6823714,173.194.151.108,10.10.0.10,,,443,41505,0,1358,17
1589249527.696342,173.194.151.108,10.10.0.10,,,443,41505,0,1358,17
1589249527.698024,10.10.0.10,173.194.151.108,,,41505,443,0,37,17
1589249527.7103224,173.194.151.108,10.10.0.10,,,443,41505,0,1358,17
1589249527.7242908,173.194.151.108,10.10.0.10,,,443,41505,0,1358,17
1589249527.725894,10.10.0.10,173.194.151.108,,,41505,443,0,37,17
1589249527.7382598,173.194.151.108,10.10.0.10,,,443,41505,0,1358,17
1589249527.752234,173.194.151.108,10.10.0.10,,,443,41505,0,1358,17
1589249527.7537706,10.10.0.10,173.194.151.108,,,41505,443,0,37,17
1589249527.766207,173.194.151.108,10.10.0.10,,,443,41505,0,1358,17
1589249527.7801788,173.194.151.108,10.10.0.10,,,443,41505,0,1358,17
1589249527.78179,10.10.0.10,173.194.151.108,,,41505,443,0,37,17
1589249527.794152,173.194.151.108,10.10.0.10,,,443,41505,0,1358,17
1589249527.8081279,173.194.151.108,10.10.0.10,,,443,41505,0,1358,17
1589249527.80981,10.10.0.10,173.194.151.108,,,41505,443,0,50,17
1589249527.822099,173.194.151.108,10.10.0.10,,,443,41505,0,1358,17
1589249527.836068,173.194.151.108,10.10.0.10,,,443,41505,0,1358,17
1589249527.838183,10.10.0.10,173.194.151.108,,,41505,443,0,37,17
1589249527.850042,173.194.151.108,10.10.0.10,,,443,41505,0,1358,17
1589249527.864023,173.194.151.108,10.10.0.10,,,443,41505,0,1358,17
1589249527.8657882,10.10.0.10,173.194.151.108,,,41505,443,0,37,17
1589249527.877989,173.194.151.108,10.10.0.10,,,443,41505,0,1358,17
1589249527.8919554,173.194.151.108,10.10.0.10,,,443,41505,0,1358,17
1589249527.894288,10.10.0.10,173.194.151.108,,,41505,443,0,37,17
1589249527.9059322,173.194.151.108,10.10.0.10,,,443,41505,0,1358,17
1589249527.9199069,173.194.151.108,10.10.0.10,,,443,41505,0,1358,17
1589249527.9215572,10.10.0.10,173.194.151.108,,,41505,443,0,37,17
1589249527.9338932,173.194.151.108,10.10.0.10,,,443,41505,0,1358,17
1589249527.947849,173.194.151.108,10.10.0.10,,,443,41505,0,1358,17
1589249527.949427,10.10.0.10,173.194.151.108,,,41505,443,0,37,17
1589249527.961834,173.194.151.108,10.10.0.10,,,443,41505,0,1358,17
1589249527.9757948,173.194.151.108,10.10.0.10,,,443,41505,0,1358,17
1589249527.9775536,10.10.0.10,173.194.151.108,,,41505,443,0,37,17
1589249527.989767,173.194.151.108,10.10.0.10,,,443,41505,0,1358,17
1589249528.0037382,173.194.151.108,10.10.0.10,,,443,41505,0,1358,17
1589249528.0054,10.10.0.10,173.194.151.108,,,41505,443,0,37,17
1589249528.0177119,173.194.151.108,10.10.0.10,,,443,41505,0,1358,17
1589249528.031703,173.194.151.108,10.10.0.10,,,443,41505,0,1358,17
1589249528.0336668,10.10.0.10,173.194.151.108,,,41505,443,0,37,17
1589249528.045658,173.194.151.108,10.10.0.10,,,443,41505,0,1358,17
1589249528.0596411,173.194.151.108,10.10.0.10,,,443,41505,0,1358,17
1589249528.0612922,10.10.0.10,173.194.151.108,,,41505,443,0,37,17
1589249528.073601,173.194.151.108,10.10.0.10,,,443,41505,0,1358,17
1589249528.0875788,173.194.151.108,10.10.0.10,,,443,41505,0,1358,17
1589249528.089177,10.10.0.10,173.194.151.108,,,41505,443,0,37,17
1589249528.1015482,173.194.151.108,10.10.0.10,,,443,41505,0,1358,17
1589249528.11552,173.194.151.108,10.10.0.10,,,443,41505,0,1358,17
1589249528.1170268,10.10.0.10,173.194.151.108,,,41505,443,0,37,17
1589249528.1294901,173.194.151.108,10.10.0.10,,,443,41505,0,1358,17
1589249528.1434634,173.194.151.108,10.10.0.10,,,443,41505,0,1358,17
1589249528.1454089,10.10.0.10,173.194.151.108,,,41505,443,0,37,17
1589249528.157449,173.194.151.108,10.10.0.10,,,443,41505,0,1358,17
1589249528.171408,173.194.151.108,10.10.0.10,,,443,41505,0,1358,17
1589249528.173176,10.10.0.10,173.194.151.108,,,41505,443,0,37,17
1589249528.185388,173.194.151.108,10.10.0.10,,,443,41505,0,1358,17
1589249528.199352,173.194.151.108,10.10.0.10,,,443,41505,0,1358,17
1589249528.2014098,10.10.0.10,173.194.151.108,,,41505,443,0,37,17
1589249528.213326,173.194.151.108,10.10.0.10,,,443,41505,0,1358,17
1589249528.227296,173.194.151.108,10.10.0.10,,,443,41505,0,1358,17
1589249528.2290268,10.10.0.10,173.194.151.108,,,41505,443,0,37,17
1589249528.241272,173.194.151.108,10.10.0.10,,,443,41505,0,1358,17
1589249528.255242,173.194.151.108,10.10.0.10,,,443,41505,0,1358,17
1589249528.257027,10.10.0.10,173.194.151.108,,,41505,443,0,37,17
1589249528.269216,173.194.151.108,10.10.0.10,,,443,41505,0,1358,17
1589249528.283201,173.194.151.108,10.10.0.10,,,443,41505,0,1358,17
1589249528.2850294,10.10.0.10,173.194.151.108,,,41505,443,0,37,17
1589249528.2977,173.194.151.108,10.10.0.10,,,443,41505,0,1358,17
1589249528.3116932,173.194.151.108,10.10.0.10,,,443,41505,0,1358,17
1589249528.3132946,10.10.0.10,173.194.151.108,,,41505,443,0,37,17
1589249528.325647,173.194.151.108,10.10.0.10,,,443,41505,0,1358,17
1589249528.339633,173.194.151.108,10.10.0.10,,,443,41505,0,1358,17
1589249528.341422,10.10.0.10,173.194.151.108,,,41505,443,0,37,17
1589249528.353592,173.194.151.108,10.10.0.10,,,443,41505,0,1358,17
1589249528.3675716,173.194.151.108,10.10.0.10,,,443,41505,0,1358,17
1589249528.369399,10.10.0.10,173.194.151.108,,,41505,443,0,50,17
1589249528.3815384,173.194.151.108,10.10.0.10,,,443,41505,0,1358,17
1589249528.3955078,173.194.151.108,10.10.0.10,,,443,41505,0,1358,17
1589249528.3971481,10.10.0.10,173.194.151.108,,,41505,443,0,37,17
1589249528.40948,173.194.151.108,10.10.0.10,,,443,41505,0,1358,17
1589249528.4234526,173.194.151.108,10.10.0.10,,,443,41505,0,1358,17
1589249528.4252772,10.10.0.10,173.194.151.108,,,41505,443,0,37,17
1589249528.4374409,173.194.151.108,10.10.0.10,,,443,41505,0,1358,17
1589249528.4513958,173.194.151.108,10.10.0.10,,,443,41505,0,1358,17
1589249528.453666,10.10.0.10,173.194.151.108,,,41505,443,0,37,17
1589249528.4653802,173.194.151.108,10.10.0.10,,,443,41505,0,29,17
1589249528.466009,173.194.151.108,10.10.0.10,,,443,41505,0,1358,17
1589249528.479974,173.194.151.108,10.10.0.10,,,443,41505,0,1358,17
1589249528.48179,10.10.0.10,173.194.151.108,,,41505,443,0,37,17
1589249528.4939492,173.194.151.108,10.10.0.10,,,443,41505,0,1358,17
1589249528.507918,173.194.151.108,10.10.0.10,,,443,41505,0,1358,17
1589249528.509738,10.10.0.10,173.194.151.108,,,41505,443,0,37,17
1589249528.521893,173.194.151.108,10.10.0.10,,,443,41505,0,1358,17
1589249528.5358772,173.194.151.108,10.10.0.10,,,443,41505,0,1358,17
1589249528.5391624,10.10.0.10,173.194.151.108,,,41505,443,0,37,17
1589249528.549839,173.194.151.108,10.10.0.10,,,443,41505,0,1358,17
1589249528.563816,173.194.151.108,10.10.0.10,,,443,41505,0,1358,17
1589249528.5656428,10.10.0.10,173.194.151.108,,,41505,443,0,37,17
1589249528.577785,173.194.151.108,10.10.0.10,,,443,41505,0,1358,17
1589249528.591756,173.194.151.108,10.10.0.10,,,443,41505,0,1358,17
1589249528.593545,10.10.0.10,173.194.151.108,,,41505,443,0,37,17
1589249528.605726,173.194.151.108,10.10.0.10,,,443,41505,0,1358,17
1589249528.619694,173.194.151.108,10.10.0.10,,,443,41505,0,1358,17
1589249528.621248,10.10.0.10,173.194.151.108,,,41505,443,0,37,17
1589249528.6336648,173.194.151.108,10.10.0.10,,,443,41505,0,1358,17
1589249528.6476376,173.194.151.108,10.10.0.10,,,443,41505,0,1358,17
1589249528.649239,10.10.0.10,173.194.151.108,,,41505,443,0,37,17
1589249528.6632838,173.194.151.108,10.10.0.10,,,443,41505,0,1358,17
1589249528.6772602,173.194.151.108,10.10.0.10,,,443,41505,0,1358,17
1589249528.6793802,10.10.0.10,173.194.151.108,,,41505,443,0,37,17
1589249528.691248,173.194.151.108,10.10.0.10,,,443,41505,0,1358,17
1589249528.7052052,173.194.151.108,10.10.0.10,,,443,41505,0,1358,17
1589249528.706872,10.10.0.10,173.194.151.108,,,41505,443,0,37,17
1589249528.719177,173.194.151.108,10.10.0.10,,,443,41505,0,1358,17
1589249528.733151,173.194.151.108,10.10.0.10,,,443,41505,0,1358,17
1589249528.7349012,10.10.0.10,173.194.151.108,,,41505,443,0,37,17
1589249528.747124,173.194.151.108,10.10.0.10,,,443,41505,0,1358,17
1589249528.7610939,173.194.151.108,10.10.0.10,,,443,41505,0,1358,17
1589249528.762611,10.10.0.10,173.194.151.108,,,41505,443,0,37,17
1589249528.775066,173.194.151.108,10.10.0.10,,,443,41505,0,1358,17
1589249528.789057,173.194.151.108,10.10.0.10,,,443,41505,0,1358,17
1589249528.790776,10.10.0.10,173.194.151.108,,,41505,443,0,37,17
1589249528.8030188,173.194.151.108,10.10.0.10,,,443,41505,0,1358,17
1589249528.816993,173.194.151.108,10.10.0.10,,,443,41505,0,1358,17
1589249528.818655,10.10.0.10,173.194.151.108,,,41505,443,0,37,17
1589249528.830961,173.194.151.108,10.10.0.10,,,443,41505,0,1358,17
1589249528.844936,173.194.151.108,10.10.0.10,,,443,41505,0,1358,17
1589249528.8465376,10.10.0.10,173.194.151.108,,,41505,443,0,37,17
1589249528.858904,173.194.151.108,10.10.0.10,,,443,41505,0,1358,17
1589249528.8728788,173.194.151.108,10.10.0.10,,,443,41505,0,1358,17
1589249528.8745182,10.10.0.10,173.194.151.108,,,41505,443,0,37,17
1589249528.8868668,173.194.151.108,10.10.0.10,,,443,41505,0,1358,17
1589249528.900825,173.194.151.108,10.10.0.10,,,443,41505,0,1358,17
1589249528.903154,10.10.0.10,173.194.151.108,,,41505,443,0,37,17
1589249528.9148061,173.194.151.108,10.10.0.10,,,443,41505,0,1358,17
1589249528.9287686,173.194.151.108,10.10.0.10,,,443,41505,0,1358,17
1589249528.930409,10.10.0.10,173.194.151.108,,,41505,443,0,50,17
1589249528.9427395,173.194.151.108,10.10.0.10,,,443,41505,0,1358,17
1589249528.956711,173.194.151.108,10.10.0.10,,,443,41505,0,1358,17
1589249528.959883,10.10.0.10,173.194.151.108,,,41505,443,0,37,17
1589249528.970684,173.194.151.108,10.10.0.10,,,443,41505,0,1358,17
1589249528.984675,173.194.151.108,10.10.0.10,,,443,41505,0,1358,17
1589249528.988382,10.10.0.10,173.194.151.108,,,41505,443,0,37,17
1589249528.998627,173.194.151.108,10.10.0.10,,,443,41505,0,1358,17
1589249529.0143,173.194.151.108,10.10.0.10,,,443,41505,0,1358,17
1589249529.015902,10.10.0.10,173.194.151.108,,,41505,443,0,37,17
1589249529.028251,173.194.151.108,10.10.0.10,,,443,41505,0,1358,17
1589249529.0422418,173.194.151.108,10.10.0.10,,,443,41505,0,29,17
1589249529.0428624,173.194.151.108,10.10.0.10,,,443,41505,0,1358,17
1589249529.044274,10.10.0.10,173.194.151.108,,,41505,443,0,37,17
1589249529.0568292,173.194.151.108,10.10.0.10,,,443,41505,0,1358,17
1589249529.070806,173.194.151.108,10.10.0.10,,,443,41505,0,1358,17
1589249529.073504,10.10.0.10,173.194.151.108,,,41505,443,0,37,17
1589249529.0847714,173.194.151.108,10.10.0.10,,,443,41505,0,1358,17
1589249529.0987482,173.194.151.108,10.10.0.10,,,443,41505,0,1358,17
1589249529.1005092,10.10.0.10,173.194.151.108,,,41505,443,0,37,17
1589249529.112719,173.194.151.108,10.10.0.10,,,443,41505,0,1358,17
1589249529.126689,173.194.151.108,10.10.0.10,,,443,41505,0,1358,17
1589249529.1299028,10.10.0.10,173.194.151.108,,,41505,443,0,37,17
1589249529.1406748,173.194.151.108,10.10.0.10,,,443,41505,0,1358,17
1589249529.154635,173.194.151.108,10.10.0.10,,,443,41505,0,1358,17
1589249529.15625,10.10.0.10,173.194.151.108,,,41505,443,0,37,17
1589249529.1690428,173.194.151.108,10.10.0.10,,,443,41505,0,1358,17
1589249529.183005,173.194.151.108,10.10.0.10,,,443,41505,0,1358,17
1589249529.1845012,10.10.0.10,173.194.151.108,,,41505,443,0,37,17
1589249529.196984,173.194.151.108,10.10.0.10,,,443,41505,0,1358,17
1589249529.2109478,173.194.151.108,10.10.0.10,,,443,41505,0,1358,17
1589249529.212504,10.10.0.10,173.194.151.108,,,41505,443,0,37,17
1589249529.2249188,173.194.151.108,10.10.0.10,,,443,41505,0,1358,17
1589249529.2388911,173.194.151.108,10.10.0.10,,,443,41505,0,1358,17
1589249529.2406428,10.10.0.10,173.194.151.108,,,41505,443,0,37,17
1589249529.2528641,173.194.151.108,10.10.0.10,,,443,41505,0,1358,17
1589249529.266835,173.194.151.108,10.10.0.10,,,443,41505,0,1358,17
1589249529.268497,10.10.0.10,173.194.151.108,,,41505,443,0,37,17
1589249529.2808099,173.194.151.108,10.10.0.10,,,443,41505,0,1358,17
1589249529.2947948,173.194.151.108,10.10.0.10,,,443,41505,0,1358,17
1589249529.2966409,10.10.0.10,173.194.151.108,,,41505,443,0,37,17
1589249529.31043,173.194.151.108,10.10.0.10,,,443,41505,0,1358,17
1589249529.3244169,173.194.151.108,10.10.0.10,,,443,41505,0,1358,17
1589249529.3261402,10.10.0.10,173.194.151.108,,,41505,443,0,37,17
1589249529.3383732,173.194.151.108,10.10.0.10,,,443,41505,0,1358,17
1589249529.352342,173.194.151.108,10.10.0.10,,,443,41505,0,1358,17
1589249529.3539991,10.10.0.10,173.194.151.108,,,41505,443,0,37,17
1589249529.366318,173.194.151.108,10.10.0.10,,,443,41505,0,1358,17
1589249529.3802972,173.194.151.108,10.10.0.10,,,443,41505,0,1358,17
1589249529.381995,10.10.0.10,173.194.151.108,,,41505,443,0,37,17
1589249529.3942618,173.194.151.108,10.10.0.10,,,443,41505,0,1358,17
1589249529.4082394,173.194.151.108,10.10.0.10,,,443,41505,0,1358,17
1589249529.4100142,10.10.0.10,173.194.151.108,,,41505,443,0,37,17
1589249529.422209,173.194.151.108,10.10.0.10,,,443,41505,0,1358,17
1589249529.436182,173.194.151.108,10.10.0.10,,,443,41505,0,1358,17
1589249529.438384,10.10.0.10,173.194.151.108,,,41505,443,0,37,17
1589249529.450166,173.194.151.108,10.10.0.10,,,443,41505,0,1358,17
1589249529.464127,173.194.151.108,10.10.0.10,,,443,41505,0,1358,17
1589249529.466495,10.10.0.10,173.194.151.108,,,41505,443,0,37,17
1589249529.4781039,173.194.151.108,10.10.0.10,,,443,41505,0,1358,17
1589249529.492072,173.194.151.108,10.10.0.10,,,443,41505,0,1358,17
1589249529.493734,10.10.0.10,173.194.151.108,,,41505,443,0,50,17
1589249529.506044,173.194.151.108,10.10.0.10,,,443,41505,0,1358,17
1589249529.520011,173.194.151.108,10.10.0.10,,,443,41505,0,1358,17
1589249529.5218852,10.10.0.10,173.194.151.108,,,41505,443,0,37,17
1589249529.5339868,173.194.151.108,10.10.0.10,,,443,41505,0,1358,17
1589249529.547958,173.194.151.108,10.10.0.10,,,443,41505,0,1358,17
1589249529.549634,10.10.0.10,173.194.151.108,,,41505,443,0,37,17
1589249529.561932,173.194.151.108,10.10.0.10,,,443,41505,0,1358,17
1589249529.5759141,173.194.151.108,10.10.0.10,,,443,41505,0,1358,17
1589249529.5781982,10.10.0.10,173.194.151.108,,,41505,443,0,37,17
1589249529.5898788,173.194.151.108,10.10.0.10,,,443,41505,0,1358,17
1589249529.60385,173.194.151.108,10.10.0.10,,,443,41505,0,1358,17
1589249529.605633,10.10.0.10,173.194.151.108,,,41505,443,0,37,17
1589249529.6178212,173.194.151.108,10.10.0.10,,,443,41505,0,29,17
1589249529.618448,173.194.151.108,10.10.0.10,,,443,41505,0,1358,17
1589249529.632421,173.194.151.108,10.10.0.10,,,443,41505,0,1358,17
1589249529.634989,10.10.0.10,173.194.151.108,,,41505,443,0,37,17
1589249529.646395,173.194.151.108,10.10.0.10,,,443,41505,0,1358,17
1589249529.6603699,173.194.151.108,10.10.0.10,,,443,41505,0,1358,17
1589249529.661881,10.10.0.10,173.194.151.108,,,41505,443,0,37,17
1589249529.6743398,173.194.151.108,10.10.0.10,,,443,41505,0,1358,17
1589249529.6883078,173.194.151.108,10.10.0.10,,,443,41505,0,1358,17
1589249529.689991,10.10.0.10,173.194.151.108,,,41505,443,0,37,17
1589249529.702284,173.194.151.108,10.10.0.10,,,443,41505,0,1358,17
1589249529.7162569,173.194.151.108,10.10.0.10,,,443,41505,0,1358,17
1589249529.718984,10.10.0.10,173.194.151.108,,,41505,443,0,37,17
1589249529.730233,173.194.151.108,10.10.0.10,,,443,41505,0,1358,17
1589249529.744199,173.194.151.108,10.10.0.10,,,443,41505,0,1358,17
1589249529.74584,10.10.0.10,173.194.151.108,,,41505,443,0,37,17
1589249529.758176,173.194.151.108,10.10.0.10,,,443,41505,0,1358,17
1589249529.7721472,173.194.151.108,10.10.0.10,,,443,41505,0,1358,17
1589249529.773834,10.10.0.10,173.194.151.108,,,41505,443,0,37,17
1589249529.786118,173.194.151.108,10.10.0.10,,,443,41505,0,1358,17
1589249529.8000922,173.194.151.108,10.10.0.10,,,443,41505,0,1358,17
1589249529.8017318,10.10.0.10,173.194.151.108,,,41505,443,0,37,17
1589249529.8140712,173.194.151.108,10.10.0.10,,,443,41505,0,1358,17
1589249529.828041,173.194.151.108,10.10.0.10,,,443,41505,0,1358,17
1589249529.829605,10.10.0.10,173.194.151.108,,,41505,443,0,37,17
1589249529.842011,173.194.151.108,10.10.0.10,,,443,41505,0,1358,17
1589249529.855992,173.194.151.108,10.10.0.10,,,443,41505,0,1358,17
1589249529.8582509,10.10.0.10,173.194.151.108,,,41505,443,0,37,17
1589249529.869962,173.194.151.108,10.10.0.10,,,443,41505,0,1358,17
1589249529.8839376,173.194.151.108,10.10.0.10,,,443,41505,0,1358,17
1589249529.886251,10.10.0.10,173.194.151.108,,,41505,443,0,37,17
1589249529.897904,173.194.151.108,10.10.0.10,,,443,41505,0,1358,17
1589249529.9118724,173.194.151.108,10.10.0.10,,,443,41505,0,1358,17
1589249529.914104,10.10.0.10,173.194.151.108,,,41505,443,0,37,17
1589249529.925849,173.194.151.108,10.10.0.10,,,443,41505,0,1358,17
1589249529.9398339,173.194.151.108,10.10.0.10,,,443,41505,0,1358,17
1589249529.9431126,10.10.0.10,173.194.151.108,,,41505,443,0,37,17
1589249529.953794,173.194.151.108,10.10.0.10,,,443,41505,0,1358,17
1589249529.967775,173.194.151.108,10.10.0.10,,,443,41505,0,1358,17
1589249529.969344,10.10.0.10,173.194.151.108,,,41505,443,0,37,17
1589249529.981736,173.194.151.108,10.10.0.10,,,443,41505,0,1358,17
1589249529.9957092,173.194.151.108,10.10.0.10,,,443,41505,0,1358,17
1589249529.9973712,10.10.0.10,173.194.151.108,,,41505,443,0,37,17
1589249530.009685,173.194.151.108,10.10.0.10,,,443,41505,0,1358,17
1589249530.023654,173.194.151.108,10.10.0.10,,,443,41505,0,1358,17
1589249530.025233,10.10.0.10,173.194.151.108,,,41505,443,0,37,17
1589249530.037627,173.194.151.108,10.10.0.10,,,443,41505,0,1358,17
1589249530.051599,173.194.151.108,10.10.0.10,,,443,41505,0,1358,17
1589249530.053225,10.10.0.10,173.194.151.108,,,41505,443,0,50,17
1589249530.065584,173.194.151.108,10.10.0.10,,,443,41505,0,1358,17
1589249530.0795438,173.194.151.108,10.10.0.10,,,443,41505,0,1358,17
1589249530.08112,10.10.0.10,173.194.151.108,,,41505,443,0,37,17
1589249530.0935216,173.194.151.108,10.10.0.10,,,443,41505,0,1358,17
1589249530.1074884,173.194.151.108,10.10.0.10,,,443,41505,0,1358,17
1589249530.109242,10.10.0.10,173.194.151.108,,,41505,443,0,37,17
1589249530.1214616,173.194.151.108,10.10.0.10,,,443,41505,0,1358,17
1589249530.13544,173.194.151.108,10.10.0.10,,,443,41505,0,1358,17
1589249530.1372411,10.10.0.10,173.194.151.108,,,41505,443,0,37,17
1589249530.1494062,173.194.151.108,10.10.0.10,,,443,41505,0,1358,17
1589249530.163392,173.194.151.108,10.10.0.10,,,443,41505,0,1358,17
1589249530.1652448,10.10.0.10,173.194.151.108,,,41505,443,0,37,17
1589249530.17735,173.194.151.108,10.10.0.10,,,443,41505,0,1358,17
1589249530.1913302,173.194.151.108,10.10.0.10,,,443,41505,0,1358,17
1589249530.1935961,10.10.0.10,173.194.151.108,,,41505,443,0,37,17
1589249530.205296,173.194.151.108,10.10.0.10,,,443,41505,0,1358,17
1589249530.2192721,173.194.151.108,10.10.0.10,,,443,41505,0,1358,17
1589249530.2209704,10.10.0.10,173.194.151.108,,,41505,443,0,37,17
1589249530.2332392,173.194.151.108,10.10.0.10,,,443,41505,0,1358,17
1589249530.247211,173.194.151.108,10.10.0.10,,,443,41505,0,1358,17
1589249530.248844,10.10.0.10,173.194.151.108,,,41505,443,0,37,17
1589249530.261183,173.194.151.108,10.10.0.10,,,443,41505,0,1358,17
1589249530.2751582,173.194.151.108,10.10.0.10,,,443,41505,0,1358,17
1589249530.2768445,10.10.0.10,173.194.151.108,,,41505,443,0,37,17
1589249530.289142,173.194.151.108,10.10.0.10,,,443,41505,0,1358,17
1589249530.303102,173.194.151.108,10.10.0.10,,,443,41505,0,1358,17
1589249530.3048232,10.10.0.10,173.194.151.108,,,41505,443,0,37,17
1589249530.31708,173.194.151.108,10.10.0.10,,,443,41505,0,1358,17
1589249530.331047,173.194.151.108,10.10.0.10,,,443,41505,0,1358,17
1589249530.3327081,10.10.0.10,173.194.151.108,,,41505,443,0,37,17
1589249530.3450198,173.194.151.108,10.10.0.10,,,443,41505,0,1358,17
1589249530.359011,173.194.151.108,10.10.0.10,,,443,41505,0,1358,17
1589249530.360843,10.10.0.10,173.194.151.108,,,41505,443,0,37,17
1589249530.3729632,173.194.151.108,10.10.0.10,,,443,41505,0,1358,17
1589249530.386948,173.194.151.108,10.10.0.10,,,443,41505,0,1358,17
1589249530.3886118,10.10.0.10,173.194.151.108,,,41505,443,0,37,17
1589249530.40091,173.194.151.108,10.10.0.10,,,443,41505,0,1358,17
1589249530.4148881,173.194.151.108,10.10.0.10,,,443,41505,0,1358,17
1589249530.416609,10.10.0.10,173.194.151.108,,,41505,443,0,37,17
1589249530.4288561,173.194.151.108,10.10.0.10,,,443,41505,0,1358,17
1589249530.442825,173.194.151.108,10.10.0.10,,,443,41505,0,1358,17
1589249530.444736,10.10.0.10,173.194.151.108,,,41505,443,0,37,17
1589249530.456799,173.194.151.108,10.10.0.10,,,443,41505,0,1358,17
1589249530.4707706,173.194.151.108,10.10.0.10,,,443,41505,0,1358,17
1589249530.472986,10.10.0.10,173.194.151.108,,,41505,443,0,37,17
1589249530.484759,173.194.151.108,10.10.0.10,,,443,41505,0,1358,17
1589249530.498716,173.194.151.108,10.10.0.10,,,443,41505,0,1358,17
1589249530.500587,10.10.0.10,173.194.151.108,,,41505,443,0,37,17
1589249530.512696,173.194.151.108,10.10.0.10,,,443,41505,0,1358,17
1589249530.5266595,173.194.151.108,10.10.0.10,,,443,41505,0,1358,17
1589249530.528589,10.10.0.10,173.194.151.108,,,41505,443,0,37,17
1589249530.540633,173.194.151.108,10.10.0.10,,,443,41505,0,1358,17
1589249530.5546026,173.194.151.108,10.10.0.10,,,443,41505,0,1358,17
1589249530.563479,10.10.0.10,173.194.151.108,,,41505,443,0,37,17
1589249530.568578,173.194.151.108,10.10.0.10,,,443,41505,0,1358,17
1589249530.582551,173.194.151.108,10.10.0.10,,,443,41505,0,1358,17
1589249530.584088,10.10.0.10,173.194.151.108,,,41505,443,0,37,17
1589249530.5965214,173.194.151.108,10.10.0.10,,,443,41505,0,1358,17
1589249530.6105056,173.194.151.108,10.10.0.10,,,443,41505,0,1358,17
1589249530.6122339,10.10.0.10,173.194.151.108,,,41505,443,0,50,17
1589249530.6244678,173.194.151.108,10.10.0.10,,,443,41505,0,1358,17
1589249530.638437,173.194.151.108,10.10.0.10,,,443,41505,0,1358,17
1589249530.6405892,10.10.0.10,173.194.151.108,,,41505,443,0,37,17
1589249530.6524081,173.194.151.108,10.10.0.10,,,443,41505,0,1358,17
1589249530.666377,173.194.151.108,10.10.0.10,,,443,41505,0,1358,17
1589249530.668189,10.10.0.10,173.194.151.108,,,41505,443,0,37,17
1589249530.6803539,173.194.151.108,10.10.0.10,,,443,41505,0,1358,17
1589249530.6943252,173.194.151.108,10.10.0.10,,,443,41505,0,1358,17
1589249530.6964178,10.10.0.10,173.194.151.108,,,41505,443,0,37,17
1589249530.708296,173.194.151.108,10.10.0.10,,,443,41505,0,1358,17
1589249530.722267,173.194.151.108,10.10.0.10,,,443,41505,0,1358,17
1589249530.7238288,10.10.0.10,173.194.151.108,,,41505,443,0,37,17
1589249530.7362409,173.194.151.108,10.10.0.10,,,443,41505,0,1358,17
1589249530.7502134,173.194.151.108,10.10.0.10,,,443,41505,0,1358,17
1589249530.7641902,173.194.151.108,10.10.0.10,,,443,41505,0,1358,17
1589249530.764459,10.10.0.10,173.194.151.108,,,41505,443,0,37,17
1589249530.7781732,173.194.151.108,10.10.0.10,,,443,41505,0,1358,17
1589249530.779686,10.10.0.10,173.194.151.108,,,41505,443,0,37,17
1589249530.7921278,173.194.151.108,10.10.0.10,,,443,41505,0,1358,17
1589249530.8061068,173.194.151.108,10.10.0.10,,,443,41505,0,1358,17
1589249530.8078294,10.10.0.10,173.194.151.108,,,41505,443,0,37,17
1589249530.8200748,173.194.151.108,10.10.0.10,,,443,41505,0,1358,17
1589249530.8340602,173.194.151.108,10.10.0.10,,,443,41505,0,1358,17
1589249530.8360775,10.10.0.10,173.194.151.108,,,41505,443,0,37,17
1589249530.8480198,173.194.151.108,10.10.0.10,,,443,41505,0,1358,17
1589249530.862002,173.194.151.108,10.10.0.10,,,443,41505,0,1358,17
1589249530.8636026,10.10.0.10,173.194.151.108,,,41505,443,0,37,17
1589249530.875965,173.194.151.108,10.10.0.10,,,443,41505,0,1358,17
1589249530.8899412,173.194.151.108,10.10.0.10,,,443,41505,0,1358,17
1589249530.891595,10.10.0.10,173.194.151.108,,,41505,443,0,37,17
1589249530.903915,173.194.151.108,10.10.0.10,,,443,41505,0,1358,17
1589249530.9178884,173.194.151.108,10.10.0.10,,,443,41505,0,1358,17
1589249530.919702,10.10.0.10,173.194.151.108,,,41505,443,0,37,17
1589249530.9318712,173.194.151.108,10.10.0.10,,,443,41505,0,1358,17
1589249530.945833,173.194.151.108,10.10.0.10,,,443,41505,0,1358,17
1589249530.947454,10.10.0.10,173.194.151.108,,,41505,443,0,37,17
1589249530.959806,173.194.151.108,10.10.0.10,,,443,41505,0,1358,17
1589249530.9737751,173.194.151.108,10.10.0.10,,,443,41505,0,1358,17
1589249530.975325,10.10.0.10,173.194.151.108,,,41505,443,0,37,17
1589249530.987752,173.194.151.108,10.10.0.10,,,443,41505,0,1358,17
1589249531.0017214,173.194.151.108,10.10.0.10,,,443,41505,0,1358,17
1589249531.003199,10.10.0.10,173.194.151.108,,,41505,443,0,37,17
1589249531.0156932,173.194.151.108,10.10.0.10,,,443,41505,0,1358,17
1589249531.02968,173.194.151.108,10.10.0.10,,,443,41505,0,1358,17
1589249531.031338,10.10.0.10,173.194.151.108,,,41505,443,0,37,17
1589249531.043639,173.194.151.108,10.10.0.10,,,443,41505,0,1358,17
1589249531.0576198,173.194.151.108,10.10.0.10,,,443,41505,0,1358,17
1589249531.0591938,10.10.0.10,173.194.151.108,,,41505,443,0,37,17
1589249531.071584,173.194.151.108,10.10.0.10,,,443,41505,0,1358,17
1589249531.0855572,173.194.151.108,10.10.0.10,,,443,41505,0,1358,17
1589249531.0873199,10.10.0.10,173.194.151.108,,,41505,443,0,37,17
1589249531.099537,173.194.151.108,10.10.0.10,,,443,41505,0,1358,17
1589249531.113501,173.194.151.108,10.10.0.10,,,443,41505,0,1358,17
1589249531.1173189,10.10.0.10,173.194.151.108,,,41505,443,0,37,17
1589249531.1274881,173.194.151.108,10.10.0.10,,,443,41505,0,1358,17
1589249531.141447,173.194.151.108,10.10.0.10,,,443,41505,0,1358,17
1589249531.142952,10.10.0.10,173.194.151.108,,,41505,443,0,37,17
1589249531.155427,173.194.151.108,10.10.0.10,,,443,41505,0,1358,17
1589249531.169394,173.194.151.108,10.10.0.10,,,443,41505,0,1358,17
1589249531.1710892,10.10.0.10,173.194.151.108,,,41505,443,0,50,17
1589249531.1833699,173.194.151.108,10.10.0.10,,,443,41505,0,1358,17
1589249531.197334,173.194.151.108,10.10.0.10,,,443,41505,0,1358,17
1589249531.1990669,10.10.0.10,173.194.151.108,,,41505,443,0,37,17
1589249531.2113092,173.194.151.108,10.10.0.10,,,443,41505,0,1358,17
1589249531.225281,173.194.151.108,10.10.0.10,,,443,41505,0,1358,17
1589249531.226941,10.10.0.10,173.194.151.108,,,41505,443,0,37,17
1589249531.2392519,173.194.151.108,10.10.0.10,,,443,41505,0,1358,17
1589249531.253219,173.194.151.108,10.10.0.10,,,443,41505,0,1358,17
1589249531.2550852,10.10.0.10,173.194.151.108,,,41505,443,0,37,17
1589249531.2672,173.194.151.108,10.10.0.10,,,443,41505,0,1358,17
1589249531.2811706,173.194.151.108,10.10.0.10,,,443,41505,0,29,17
1589249531.281801,173.194.151.108,10.10.0.10,,,443,41505,0,1358,17
1589249531.283334,10.10.0.10,173.194.151.108,,,41505,443,0,37,17
1589249531.295773,173.194.151.108,10.10.0.10,,,443,41505,0,1358,17
1589249531.309741,173.194.151.108,10.10.0.10,,,443,41505,0,1358,17
1589249531.311439,10.10.0.10,173.194.151.108,,,41505,443,0,37,17
1589249531.3237321,173.194.151.108,10.10.0.10,,,443,41505,0,1358,17
1589249531.3376932,173.194.151.108,10.10.0.10,,,443,41505,0,1358,17
1589249531.339458,10.10.0.10,173.194.151.108,,,41505,443,0,37,17
1589249531.3516722,173.194.151.108,10.10.0.10,,,443,41505,0,1358,17
1589249531.3656409,173.194.151.108,10.10.0.10,,,443,41505,0,1358,17
1589249531.3673306,10.10.0.10,173.194.151.108,,,41505,443,0,37,17
1589249531.3796134,173.194.151.108,10.10.0.10,,,443,41505,0,1358,17
1589249531.393576,173.194.151.108,10.10.0.10,,,443,41505,0,1358,17
1589249531.3953214,10.10.0.10,173.194.151.108,,,41505,443,0,37,17
1589249531.407554,173.194.151.108,10.10.0.10,,,443,41505,0,1358,17
1589249531.421546,173.194.151.108,10.10.0.10,,,443,41505,0,1358,17
1589249531.4234538,10.10.0.10,173.194.151.108,,,41505,443,0,37,17
1589249531.435498,173.194.151.108,10.10.0.10,,,443,41505,0,1358,17
1589249531.449485,173.194.151.108,10.10.0.10,,,443,41505,0,1358,17
1589249531.451184,10.10.0.10,173.194.151.108,,,41505,443,0,37,17
1589249531.4634454,173.194.151.108,10.10.0.10,,,443,41505,0,1358,17
1589249531.477419,173.194.151.108,10.10.0.10,,,443,41505,0,1358,17
1589249531.479183,10.10.0.10,173.194.151.108,,,41505,443,0,37,17
1589249531.491387,173.194.151.108,10.10.0.10,,,443,41505,0,1358,17
1589249531.5053608,173.194.151.108,10.10.0.10,,,443,41505,0,1358,17
1589249531.507074,10.10.0.10,173.194.151.108,,,41505,443,0,37,17
1589249531.519351,173.194.151.108,10.10.0.10,,,443,41505,0,1358,17
1589249531.533304,173.194.151.108,10.10.0.10,,,443,41505,0,1358,17
1589249531.5349536,10.10.0.10,173.194.151.108,,,41505,443,0,37,17
1589249531.5472894,173.194.151.108,10.10.0.10,,,443,41505,0,1358,17
1589249531.5612528,173.194.151.108,10.10.0.10,,,443,41505,0,1358,17
1589249531.5629332,10.10.0.10,173.194.151.108,,,41505,443,0,37,17
1589249531.5752301,173.194.151.108,10.10.0.10,,,443,41505,0,1358,17
1589249531.5891948,173.194.151.108,10.10.0.10,,,443,41505,0,1358,17
1589249531.5909061,10.10.0.10,173.194.151.108,,,41505,443,0,37,17
1589249531.603167,173.194.151.108,10.10.0.10,,,443,41505,0,1358,17
1589249531.6171398,173.194.151.108,10.10.0.10,,,443,41505,0,1358,17
1589249531.61893,10.10.0.10,173.194.151.108,,,41505,443,0,37,17
1589249531.631113,173.194.151.108,10.10.0.10,,,443,41505,0,1358,17
1589249531.64508,173.194.151.108,10.10.0.10,,,443,41505,0,1358,17
1589249531.6469,10.10.0.10,173.194.151.108,,,41505,443,0,37,17
1589249531.6590528,173.194.151.108,10.10.0.10,,,443,41505,0,1358,17
1589249531.6730359,173.194.151.108,10.10.0.10,,,443,41505,0,1358,17
1589249531.674926,10.10.0.10,173.194.151.108,,,41505,443,0,37,17
1589249531.6869981,173.194.151.108,10.10.0.10,,,443,41505,0,1358,17
1589249531.700974,173.194.151.108,10.10.0.10,,,443,41505,0,1358,17
1589249531.7025476,10.10.0.10,173.194.151.108,,,41505,443,0,37,17
1589249531.714943,173.194.151.108,10.10.0.10,,,443,41505,0,1358,17
1589249531.7289212,173.194.151.108,10.10.0.10,,,443,41505,0,1358,17
1589249531.730575,10.10.0.10,173.194.151.108,,,41505,443,0,50,17
1589249531.742899,173.194.151.108,10.10.0.10,,,443,41505,0,1358,17
1589249531.756863,173.194.151.108,10.10.0.10,,,443,41505,0,1358,17
1589249531.758417,10.10.0.10,173.194.151.108,,,41505,443,0,37,17
1589249531.770835,173.194.151.108,10.10.0.10,,,443,41505,0,1358,17
1589249531.784807,173.194.151.108,10.10.0.10,,,443,41505,0,1358,17
1589249531.786552,10.10.0.10,173.194.151.108,,,41505,443,0,37,17
1589249531.798783,173.194.151.108,10.10.0.10,,,443,41505,0,1358,17
1589249531.812753,173.194.151.108,10.10.0.10,,,443,41505,0,1358,17
1589249531.814302,10.10.0.10,173.194.151.108,,,41505,443,0,37,17
1589249531.8267238,173.194.151.108,10.10.0.10,,,443,41505,0,1358,17
1589249531.84072,173.194.151.108,10.10.0.10,,,443,41505,0,1358,17
1589249531.842299,10.10.0.10,173.194.151.108,,,41505,443,0,37,17
1589249531.854671,173.194.151.108,10.10.0.10,,,443,41505,0,1358,17
1589249531.8686562,173.194.151.108,10.10.0.10,,,443,41505,0,1358,17
1589249531.870414,10.10.0.10,173.194.151.108,,,41505,443,0,37,17
1589249531.882615,173.194.151.108,10.10.0.10,,,443,41505,0,1358,17
1589249531.8965938,173.194.151.108,10.10.0.10,,,443,41505,0,1358,17
1589249531.8985472,10.10.0.10,173.194.151.108,,,41505,443,0,37,17
1589249531.91056,173.194.151.108,10.10.0.10,,,443,41505,0,1358,17
1589249531.9245331,173.194.151.108,10.10.0.10,,,443,41505,0,1358,17
1589249531.9261732,10.10.0.10,173.194.151.108,,,41505,443,0,37,17
1589249531.9385052,173.194.151.108,10.10.0.10,,,443,41505,0,1358,17
1589249531.9524748,173.194.151.108,10.10.0.10,,,443,41505,0,1358,17
1589249531.953924,10.10.0.10,173.194.151.108,,,41505,443,0,37,17
1589249531.966466,173.194.151.108,10.10.0.10,,,443,41505,0,1358,17
1589249531.980421,173.194.151.108,10.10.0.10,,,443,41505,0,1358,17
1589249531.9820454,10.10.0.10,173.194.151.108,,,41505,443,0,37,17
1589249531.994402,173.194.151.108,10.10.0.10,,,443,41505,0,1358,17
1589249532.008369,173.194.151.108,10.10.0.10,,,443,41505,0,1358,17
1589249532.009815,10.10.0.10,173.194.151.108,,,41505,443,0,37,17
1589249532.022341,173.194.151.108,10.10.0.10,,,443,41505,0,1358,17
1589249532.036313,173.194.151.108,10.10.0.10,,,443,41505,0,1358,17
1589249532.039937,10.10.0.10,173.194.151.108,,,41505,443,0,37,17
1589249532.050283,173.194.151.108,10.10.0.10,,,443,41505,0,1358,17
1589249532.064251,173.194.151.108,10.10.0.10,,,443,41505,0,1358,17
1589249532.065938,10.10.0.10,173.194.151.108,,,41505,443,0,37,17
1589249532.078234,173.194.151.108,10.10.0.10,,,443,41505,0,1358,17
1589249532.092201,173.194.151.108,10.10.0.10,,,443,41505,0,1358,17
1589249532.0939171,10.10.0.10,173.194.151.108,,,41505,443,0,37,17
1589249532.106173,173.194.151.108,10.10.0.10,,,443,41505,0,1358,17
1589249532.120148,173.194.151.108,10.10.0.10,,,443,41505,0,1358,17
1589249532.122064,10.10.0.10,173.194.151.108,,,41505,443,0,37,17
1589249532.134118,173.194.151.108,10.10.0.10,,,443,41505,0,1358,17
1589249532.1480932,173.194.151.108,10.10.0.10,,,443,41505,0,1358,17
1589249532.1501641,10.10.0.10,173.194.151.108,,,41505,443,0,37,17
1589249532.162083,173.194.151.108,10.10.0.10,,,443,41505,0,1358,17
1589249532.176036,173.194.151.108,10.10.0.10,,,443,41505,0,1358,17
1589249532.17781,10.10.0.10,173.194.151.108,,,41505,443,0,37,17
1589249532.190023,173.194.151.108,10.10.0.10,,,443,41505,0,1358,17
1589249532.2039812,173.194.151.108,10.10.0.10,,,443,41505,0,1358,17
1589249532.206162,10.10.0.10,173.194.151.108,,,41505,443,0,37,17
1589249532.217962,173.194.151.108,10.10.0.10,,,443,41505,0,1358,17
1589249532.2319322,173.194.151.108,10.10.0.10,,,443,41505,0,1358,17
1589249532.233663,10.10.0.10,173.194.151.108,,,41505,443,0,37,17
1589249532.245896,173.194.151.108,10.10.0.10,,,443,41505,0,1358,17
1589249532.2598698,173.194.151.108,10.10.0.10,,,443,41505,0,1358,17
1589249532.2616801,10.10.0.10,173.194.151.108,,,41505,443,0,37,17
1589249532.273841,173.194.151.108,10.10.0.10,,,443,41505,0,1358,17
1589249532.287832,173.194.151.108,10.10.0.10,,,443,41505,0,1358,17
1589249532.289536,10.10.0.10,173.194.151.108,,,41505,443,0,50,17
1589249532.301787,173.194.151.108,10.10.0.10,,,443,41505,0,1358,17
1589249532.315768,173.194.151.108,10.10.0.10,,,443,41505,0,1358,17
1589249532.3174071,10.10.0.10,173.194.151.108,,,41505,443,0,37,17
1589249532.329732,173.194.151.108,10.10.0.10,,,443,41505,0,1309,17
1589249532.34321,173.194.151.108,10.10.0.10,,,443,41505,0,29,17
1589249532.3849099,10.10.0.10,173.194.151.108,,,41505,443,0,37,17
1589249534.489873,10.10.0.10,173.194.151.108,,,41505,443,0,723,17
1589249534.4899068,10.10.0.10,173.194.151.108,,,41505,443,0,48,17
1589249534.494256,173.194.151.108,10.10.0.10,,,443,41505,0,29,17
1589249534.495568,173.194.151.108,10.10.0.10,,,443,41505,0,1358,17
1589249534.4956028,173.194.151.108,10.10.0.10,,,443,41505,0,1358,17
1589249534.4981186,10.10.0.10,173.194.151.108,,,41505,443,0,37,17
1589249534.507463,173.194.151.108,10.10.0.10,,,443,41505,0,1358,17
1589249534.5214348,173.194.151.108,10.10.0.10,,,443,41505,0,1358,17
1589249534.523116,10.10.0.10,173.194.151.108,,,41505,443,0,37,17
1589249534.535409,173.194.151.108,10.10.0.10,,,443,41505,0,1358,17
1589249534.5493796,173.194.151.108,10.10.0.10,,,443,41505,0,1358,17
1589249534.5514915,10.10.0.10,173.194.151.108,,,41505,443,0,37,17
1589249534.5633519,173.194.151.108,10.10.0.10,,,443,41505,0,1358,17
1589249534.577323,173.194.151.108,10.10.0.10,,,443,41505,0,1358,17
1589249534.591294,173.194.151.108,10.10.0.10,,,443,41505,0,1358,17
1589249534.6047199,10.10.0.10,173.194.151.108,,,41505,443,0,37,17
1589249534.605266,173.194.151.108,10.10.0.10,,,443,41505,0,1358,17
1589249534.6083481,10.10.0.10,173.194.151.108,,,41505,443,0,37,17
1589249534.6192358,173.194.151.108,10.10.0.10,,,443,41505,0,1358,17
1589249534.6332119,173.194.151.108,10.10.0.10,,,443,41505,0,1358,17
1589249534.635221,10.10.0.10,173.194.151.108,,,41505,443,0,37,17
1589249534.647207,173.194.151.108,10.10.0.10,,,443,41505,0,1358,17
1589249534.661156,173.194.151.108,10.10.0.10,,,443,41505,0,1358,17
1589249534.662934,10.10.0.10,173.194.151.108,,,41505,443,0,37,17
1589249534.675138,173.194.151.108,10.10.0.10,,,443,41505,0,1358,17
1589249534.6891036,173.194.151.108,10.10.0.10,,,443,41505,0,1358,17
1589249534.691207,10.10.0.10,173.194.151.108,,,41505,443,0,37,17
1589249534.7030704,173.194.151.108,10.10.0.10,,,443,41505,0,1358,17
1589249534.717048,173.194.151.108,10.10.0.10,,,443,41505,0,1358,17
1589249534.718841,10.10.0.10,173.194.151.108,,,41505,443,0,37,17
1589249534.731016,173.194.151.108,10.10.0.10,,,443,41505,0,1358,17
1589249534.744994,173.194.151.108,10.10.0.10,,,443,41505,0,1358,17
1589249534.746593,10.10.0.10,173.194.151.108,,,41505,443,0,37,17
1589249534.758965,173.194.151.108,10.10.0.10,,,443,41505,0,1358,17
1589249534.7729502,173.194.151.108,10.10.0.10,,,443,41505,0,1358,17
1589249534.7763429,10.10.0.10,173.194.151.108,,,41505,443,0,37,17
1589249534.786907,173.194.151.108,10.10.0.10,,,443,41505,0,1358,17
1589249534.8008838,173.194.151.108,10.10.0.10,,,443,41505,0,1358,17
1589249534.8024838,10.10.0.10,173.194.151.108,,,41505,443,0,37,17
1589249534.814856,173.194.151.108,10.10.0.10,,,443,41505,0,1358,17
1589249534.82883,173.194.151.108,10.10.0.10,,,443,41505,0,1358,17
1589249534.830614,10.10.0.10,173.194.151.108,,,41505,443,0,37,17
1589249534.842799,173.194.151.108,10.10.0.10,,,443,41505,0,1358,17
1589249534.85677,173.194.151.108,10.10.0.10,,,443,41505,0,1358,17
1589249534.858464,10.10.0.10,173.194.151.108,,,41505,443,0,37,17
1589249534.870758,173.194.151.108,10.10.0.10,,,443,41505,0,1358,17
1589249534.8847196,173.194.151.108,10.10.0.10,,,443,41505,0,1358,17
1589249534.8874598,10.10.0.10,173.194.151.108,,,41505,443,0,37,17
1589249534.898693,173.194.151.108,10.10.0.10,,,443,41505,0,1358,17
1589249534.912662,173.194.151.108,10.10.0.10,,,443,41505,0,1358,17
1589249534.914482,10.10.0.10,173.194.151.108,,,41505,443,0,37,17
1589249534.9266348,173.194.151.108,10.10.0.10,,,443,41505,0,1358,17
1589249534.9406278,173.194.151.108,10.10.0.10,,,443,41505,0,1358,17
1589249534.942487,10.10.0.10,173.194.151.108,,,41505,443,0,37,17
1589249534.954578,173.194.151.108,10.10.0.10,,,443,41505,0,1358,17
1589249534.9685652,173.194.151.108,10.10.0.10,,,443,41505,0,1358,17
1589249534.9702268,10.10.0.10,173.194.151.108,,,41505,443,0,37,17
1589249534.982522,173.194.151.108,10.10.0.10,,,443,41505,0,1358,17
1589249534.996505,173.194.151.108,10.10.0.10,,,443,41505,0,1358,17
1589249534.998226,10.10.0.10,173.194.151.108,,,41505,443,0,37,17
1589249535.010471,173.194.151.108,10.10.0.10,,,443,41505,0,1358,17
1589249535.024442,173.194.151.108,10.10.0.10,,,443,41505,0,1358,17
1589249535.026231,10.10.0.10,173.194.151.108,,,41505,443,0,50,17
1589249535.038414,173.194.151.108,10.10.0.10,,,443,41505,0,1358,17
1589249535.052387,173.194.151.108,10.10.0.10,,,443,41505,0,1358,17
1589249535.0539556,10.10.0.10,173.194.151.108,,,41505,443,0,37,17
1589249535.066374,173.194.151.108,10.10.0.10,,,443,41505,0,1358,17
1589249535.080327,173.194.151.108,10.10.0.10,,,443,41505,0,1358,17
1589249535.081827,10.10.0.10,173.194.151.108,,,41505,443,0,37,17
1589249535.0943162,173.194.151.108,10.10.0.10,,,443,41505,0,1358,17
1589249535.108272,173.194.151.108,10.10.0.10,,,443,41505,0,1358,17
1589249535.109953,10.10.0.10,173.194.151.108,,,41505,443,0,37,17
1589249535.122255,173.194.151.108,10.10.0.10,,,443,41505,0,1358,17
1589249535.136223,173.194.151.108,10.10.0.10,,,443,41505,0,1358,17
1589249535.138345,10.10.0.10,173.194.151.108,,,41505,443,0,37,17
1589249535.150192,173.194.151.108,10.10.0.10,,,443,41505,0,1358,17
1589249535.164166,173.194.151.108,10.10.0.10,,,443,41505,0,1358,17
1589249535.1658292,10.10.0.10,173.194.151.108,,,41505,443,0,37,17
1589249535.178138,173.194.151.108,10.10.0.10,,,443,41505,0,1358,17
1589249535.192126,173.194.151.108,10.10.0.10,,,443,41505,0,1358,17
1589249535.193845,10.10.0.10,173.194.151.108,,,41505,443,0,37,17
1589249535.206082,173.194.151.108,10.10.0.10,,,443,41505,0,1358,17
1589249535.2200599,173.194.151.108,10.10.0.10,,,443,41505,0,1358,17
1589249535.2219708,10.10.0.10,173.194.151.108,,,41505,443,0,37,17
1589249535.2340279,173.194.151.108,10.10.0.10,,,443,41505,0,1358,17
1589249535.247994,173.194.151.108,10.10.0.10,,,443,41505,0,1358,17
1589249535.2497199,10.10.0.10,173.194.151.108,,,41505,443,0,37,17
1589249535.261971,173.194.151.108,10.10.0.10,,,443,41505,0,1358,17
1589249535.275945,173.194.151.108,10.10.0.10,,,443,41505,0,1358,17
1589249535.278066,10.10.0.10,173.194.151.108,,,41505,443,0,37,17
1589249535.2899325,173.194.151.108,10.10.0.10,,,443,41505,0,1358,17
1589249535.303888,173.194.151.108,10.10.0.10,,,443,41505,0,1358,17
1589249535.305449,10.10.0.10,173.194.151.108,,,41505,443,0,37,17
1589249535.31787,173.194.151.108,10.10.0.10,,,443,41505,0,1358,17
1589249535.3318331,173.194.151.108,10.10.0.10,,,443,41505,0,1358,17
1589249535.333447,10.10.0.10,173.194.151.108,,,41505,443,0,37,17
1589249535.345807,173.194.151.108,10.10.0.10,,,443,41505,0,1358,17
1589249535.3597796,173.194.151.108,10.10.0.10,,,443,41505,0,1358,17
1589249535.3617158,10.10.0.10,173.194.151.108,,,41505,443,0,37,17
1589249535.3737519,173.194.151.108,10.10.0.10,,,443,41505,0,1358,17
1589249535.387742,173.194.151.108,10.10.0.10,,,443,41505,0,1358,17
1589249535.389446,10.10.0.10,173.194.151.108,,,41505,443,0,37,17
1589249535.401695,173.194.151.108,10.10.0.10,,,443,41505,0,1358,17
1589249535.415678,173.194.151.108,10.10.0.10,,,443,41505,0,1358,17
1589249535.417449,10.10.0.10,173.194.151.108,,,41505,443,0,37,17
1589249535.4296482,173.194.151.108,10.10.0.10,,,443,41505,0,1358,17
1589249535.4436169,173.194.151.108,10.10.0.10,,,443,41505,0,1358,17
1589249535.445568,10.10.0.10,173.194.151.108,,,41505,443,0,37,17
1589249535.4575868,173.194.151.108,10.10.0.10,,,443,41505,0,1358,17
1589249535.471559,173.194.151.108,10.10.0.10,,,443,41505,0,1358,17
1589249535.4733405,10.10.0.10,173.194.151.108,,,41505,443,0,37,17
1589249535.4855304,173.194.151.108,10.10.0.10,,,443,41505,0,1358,17
1589249535.4995024,173.194.151.108,10.10.0.10,,,443,41505,0,1358,17
1589249535.5014539,10.10.0.10,173.194.151.108,,,41505,443,0,37,17
1589249535.513486,173.194.151.108,10.10.0.10,,,443,41505,0,1358,17
1589249535.527442,173.194.151.108,10.10.0.10,,,443,41505,0,1358,17
1589249535.529336,10.10.0.10,173.194.151.108,,,41505,443,0,37,17
1589249535.5414288,173.194.151.108,10.10.0.10,,,443,41505,0,1358,17
1589249535.555392,173.194.151.108,10.10.0.10,,,443,41505,0,1358,17
1589249535.557192,10.10.0.10,173.194.151.108,,,41505,443,0,37,17
1589249535.569366,173.194.151.108,10.10.0.10,,,443,41505,0,1358,17
1589249535.583334,173.194.151.108,10.10.0.10,,,443,41505,0,1358,17
1589249535.5854616,10.10.0.10,173.194.151.108,,,41505,443,0,50,17
1589249535.5973036,173.194.151.108,10.10.0.10,,,443,41505,0,1358,17
1589249535.611276,173.194.151.108,10.10.0.10,,,443,41505,0,1358,17
1589249535.61744,10.10.0.10,173.194.151.108,,,41505,443,0,37,17
1589249535.6252544,173.194.151.108,10.10.0.10,,,443,41505,0,1358,17
1589249535.639224,173.194.151.108,10.10.0.10,,,443,41505,0,1358,17
1589249535.640959,10.10.0.10,173.194.151.108,,,41505,443,0,37,17
1589249535.6532018,173.194.151.108,10.10.0.10,,,443,41505,0,1358,17
1589249535.667168,173.194.151.108,10.10.0.10,,,443,41505,0,1358,17
1589249535.6693132,10.10.0.10,173.194.151.108,,,41505,443,0,37,17
1589249535.681143,173.194.151.108,10.10.0.10,,,443,41505,0,1358,17
1589249535.6951141,173.194.151.108,10.10.0.10,,,443,41505,0,1358,17
1589249535.6968062,10.10.0.10,173.194.151.108,,,41505,443,0,37,17
1589249535.709108,173.194.151.108,10.10.0.10,,,443,41505,0,1358,17
1589249535.72307,173.194.151.108,10.10.0.10,,,443,41505,0,1358,17
1589249535.724808,10.10.0.10,173.194.151.108,,,41505,443,0,37,17
1589249535.7370286,173.194.151.108,10.10.0.10,,,443,41505,0,1358,17
1589249535.7510002,173.194.151.108,10.10.0.10,,,443,41505,0,1358,17
1589249535.7525802,10.10.0.10,173.194.151.108,,,41505,443,0,37,17
1589249535.764983,173.194.151.108,10.10.0.10,,,443,41505,0,1358,17
1589249535.77895,173.194.151.108,10.10.0.10,,,443,41505,0,1358,17
1589249535.780676,10.10.0.10,173.194.151.108,,,41505,443,0,37,17
1589249535.7929242,173.194.151.108,10.10.0.10,,,443,41505,0,1358,17
1589249535.8069036,173.194.151.108,10.10.0.10,,,443,41505,0,1358,17
1589249535.808438,10.10.0.10,173.194.151.108,,,41505,443,0,37,17
1589249535.8208694,173.194.151.108,10.10.0.10,,,443,41505,0,1358,17
1589249535.8348534,173.194.151.108,10.10.0.10,,,443,41505,0,1358,17
1589249535.836704,10.10.0.10,173.194.151.108,,,41505,443,0,37,17
1589249535.848813,173.194.151.108,10.10.0.10,,,443,41505,0,1358,17
1589249535.8627892,173.194.151.108,10.10.0.10,,,443,41505,0,1358,17
1589249535.876756,173.194.151.108,10.10.0.10,,,443,41505,0,1358,17
1589249535.8775814,10.10.0.10,173.194.151.108,,,41505,443,0,37,17
1589249535.890729,173.194.151.108,10.10.0.10,,,443,41505,0,1358,17
1589249535.8949509,10.10.0.10,173.194.151.108,,,41505,443,0,37,17
1589249535.9047036,173.194.151.108,10.10.0.10,,,443,41505,0,1358,17
1589249535.918675,173.194.151.108,10.10.0.10,,,443,41505,0,1358,17
1589249535.920305,10.10.0.10,173.194.151.108,,,41505,443,0,37,17
1589249535.932662,173.194.151.108,10.10.0.10,,,443,41505,0,1358,17
1589249535.9466188,173.194.151.108,10.10.0.10,,,443,41505,0,1358,17
1589249535.948172,10.10.0.10,173.194.151.108,,,41505,443,0,37,17
1589249535.9606018,173.194.151.108,10.10.0.10,,,443,41505,0,1358,17
1589249535.974566,173.194.151.108,10.10.0.10,,,443,41505,0,1358,17
1589249535.9760554,10.10.0.10,173.194.151.108,,,41505,443,0,37,17
1589249535.988538,173.194.151.108,10.10.0.10,,,443,41505,0,1358,17
1589249536.0025082,173.194.151.108,10.10.0.10,,,443,41505,0,1358,17
1589249536.0040624,10.10.0.10,173.194.151.108,,,41505,443,0,37,17
1589249536.0164838,173.194.151.108,10.10.0.10,,,443,41505,0,1358,17
1589249536.030472,173.194.151.108,10.10.0.10,,,443,41505,0,1358,17
1589249536.032059,10.10.0.10,173.194.151.108,,,41505,443,0,37,17
1589249536.0444212,173.194.151.108,10.10.0.10,,,443,41505,0,1358,17
1589249536.058411,173.194.151.108,10.10.0.10,,,443,41505,0,1358,17
1589249536.0599322,10.10.0.10,173.194.151.108,,,41505,443,0,37,17
1589249536.0723708,173.194.151.108,10.10.0.10,,,443,41505,0,1358,17
1589249536.086348,173.194.151.108,10.10.0.10,,,443,41505,0,1358,17
1589249536.0881946,10.10.0.10,173.194.151.108,,,41505,443,0,37,17
1589249536.09317,10.10.0.10,173.194.151.108,,,41505,443,0,724,17
1589249536.0931964,10.10.0.10,173.194.151.108,,,41505,443,0,48,17
1589249536.100316,173.194.151.108,10.10.0.10,,,443,41505,0,1358,17
1589249536.114288,173.194.151.108,10.10.0.10,,,443,41505,0,1358,17
1589249536.116301,10.10.0.10,173.194.151.108,,,41505,443,0,37,17
1589249536.1282618,173.194.151.108,10.10.0.10,,,443,41505,0,1358,17
1589249536.142232,173.194.151.108,10.10.0.10,,,443,41505,0,1358,17
1589249536.1439302,10.10.0.10,173.194.151.108,,,41505,443,0,37,17
1589249536.1562214,173.194.151.108,10.10.0.10,,,443,41505,0,1358,17
1589249536.1701796,173.194.151.108,10.10.0.10,,,443,41505,0,491,17
1589249536.171797,10.10.0.10,173.194.151.108,,,41505,443,0,37,17
1589249536.1754682,173.194.151.108,10.10.0.10,,,443,41505,0,115,17
1589249536.1769412,173.194.151.108,10.10.0.10,,,443,41505,0,1358,17
1589249536.182817,10.10.0.10,173.194.151.108,,,41505,443,0,37,17
1589249536.1909158,173.194.151.108,10.10.0.10,,,443,41505,0,1358,17
1589249536.2048874,173.194.151.108,10.10.0.10,,,443,41505,0,1358,17
1589249536.206672,10.10.0.10,173.194.151.108,,,41505,443,0,37,17
1589249536.2188694,173.194.151.108,10.10.0.10,,,443,41505,0,1358,17
1589249536.2328439,173.194.151.108,10.10.0.10,,,443,41505,0,1358,17
1589249536.235068,10.10.0.10,173.194.151.108,,,41505,443,0,37,17
1589249536.2468052,173.194.151.108,10.10.0.10,,,443,41505,0,1358,17
1589249536.260778,173.194.151.108,10.10.0.10,,,443,41505,0,1358,17
1589249536.262567,10.10.0.10,173.194.151.108,,,41505,443,0,37,17
1589249536.2747526,173.194.151.108,10.10.0.10,,,443,41505,0,1358,17
1589249536.288723,173.194.151.108,10.10.0.10,,,443,41505,0,1358,17
1589249536.290447,10.10.0.10,173.194.151.108,,,41505,443,0,37,17
1589249536.302712,173.194.151.108,10.10.0.10,,,443,41505,0,1358,17
1589249536.3166661,173.194.151.108,10.10.0.10,,,443,41505,0,1358,17
1589249536.318418,10.10.0.10,173.194.151.108,,,41505,443,0,37,17
1589249536.3306508,173.194.151.108,10.10.0.10,,,443,41505,0,1358,17
1589249536.344612,173.194.151.108,10.10.0.10,,,443,41505,0,1358,17
1589249536.3464382,10.10.0.10,173.194.151.108,,,41505,443,0,37,17
1589249536.358579,173.194.151.108,10.10.0.10,,,443,41505,0,1358,17
1589249536.3725572,173.194.151.108,10.10.0.10,,,443,41505,0,1358,17
1589249536.374168,10.10.0.10,173.194.151.108,,,41505,443,0,37,17
1589249536.386529,173.194.151.108,10.10.0.10,,,443,41505,0,1358,17
1589249536.400501,173.194.151.108,10.10.0.10,,,443,41505,0,1358,17
1589249536.4021661,10.10.0.10,173.194.151.108,,,41505,443,0,37,17
1589249536.414473,173.194.151.108,10.10.0.10,,,443,41505,0,1358,17
1589249536.4284608,173.194.151.108,10.10.0.10,,,443,41505,0,1358,17
1589249536.430057,10.10.0.10,173.194.151.108,,,41505,443,0,37,17
1589249536.4424198,173.194.151.108,10.10.0.10,,,443,41505,0,1358,17
1589249536.4564,173.194.151.108,10.10.0.10,,,443,41505,0,1358,17
1589249536.458168,10.10.0.10,173.194.151.108,,,41505,443,0,37,17
1589249536.470368,173.194.151.108,10.10.0.10,,,443,41505,0,1358,17
1589249536.484342,173.194.151.108,10.10.0.10,,,443,41505,0,1358,17
1589249536.486183,10.10.0.10,173.194.151.108,,,41505,443,0,37,17
1589249536.498306,173.194.151.108,10.10.0.10,,,443,41505,0,1358,17
1589249536.5122845,173.194.151.108,10.10.0.10,,,443,41505,0,1358,17
1589249536.514039,10.10.0.10,173.194.151.108,,,41505,443,0,37,17
1589249536.526272,173.194.151.108,10.10.0.10,,,443,41505,0,1358,17
1589249536.540227,173.194.151.108,10.10.0.10,,,443,41505,0,1358,17
1589249536.542912,10.10.0.10,173.194.151.108,,,41505,443,0,37,17
1589249536.554209,173.194.151.108,10.10.0.10,,,443,41505,0,1358,17
1589249536.5681722,173.194.151.108,10.10.0.10,,,443,41505,0,1358,17
1589249536.5697868,10.10.0.10,173.194.151.108,,,41505,443,0,37,17
1589249536.582152,173.194.151.108,10.10.0.10,,,443,41505,0,1358,17
1589249536.5961132,173.194.151.108,10.10.0.10,,,443,41505,0,1358,17
1589249536.597936,10.10.0.10,173.194.151.108,,,41505,443,0,37,17
1589249536.610089,173.194.151.108,10.10.0.10,,,443,41505,0,1358,17
1589249536.6240554,173.194.151.108,10.10.0.10,,,443,41505,0,1358,17
1589249536.625794,10.10.0.10,173.194.151.108,,,41505,443,0,50,17
1589249536.638032,173.194.151.108,10.10.0.10,,,443,41505,0,1358,17
1589249536.652009,173.194.151.108,10.10.0.10,,,443,41505,0,1358,17
1589249536.6535351,10.10.0.10,173.194.151.108,,,41505,443,0,37,17
1589249536.665979,173.194.151.108,10.10.0.10,,,443,41505,0,1358,17
1589249536.6799572,173.194.151.108,10.10.0.10,,,443,41505,0,1358,17
1589249536.6816602,10.10.0.10,173.194.151.108,,,41505,443,0,37,17
1589249536.693917,173.194.151.108,10.10.0.10,,,443,41505,0,1358,17
1589249536.70789,173.194.151.108,10.10.0.10,,,443,41505,0,1358,17
1589249536.7095091,10.10.0.10,173.194.151.108,,,41505,443,0,37,17
1589249536.721859,173.194.151.108,10.10.0.10,,,443,41505,0,29,17
1589249536.722501,173.194.151.108,10.10.0.10,,,443,41505,0,1358,17
1589249536.736469,173.194.151.108,10.10.0.10,,,443,41505,0,1358,17
1589249536.738282,10.10.0.10,173.194.151.108,,,41505,443,0,37,17
1589249536.750438,173.194.151.108,10.10.0.10,,,443,41505,0,1358,17
1589249536.7644124,173.194.151.108,10.10.0.10,,,443,41505,0,1358,17
1589249536.766152,10.10.0.10,173.194.151.108,,,41505,443,0,37,17
1589249536.7783892,173.194.151.108,10.10.0.10,,,443,41505,0,1358,17
1589249536.7923698,173.194.151.108,10.10.0.10,,,443,41505,0,1358,17
1589249536.794033,10.10.0.10,173.194.151.108,,,41505,443,0,37,17
1589249536.806332,173.194.151.108,10.10.0.10,,,443,41505,0,1358,17
1589249536.8203092,173.194.151.108,10.10.0.10,,,443,41505,0,1358,17
1589249536.821904,10.10.0.10,173.194.151.108,,,41505,443,0,37,17
1589249536.8342779,173.194.151.108,10.10.0.10,,,443,41505,0,1358,17
1589249536.8482456,173.194.151.108,10.10.0.10,,,443,41505,0,1358,17
1589249536.8499026,10.10.0.10,173.194.151.108,,,41505,443,0,37,17
1589249536.862225,173.194.151.108,10.10.0.10,,,443,41505,0,1358,17
1589249536.8761902,173.194.151.108,10.10.0.10,,,443,41505,0,1358,17
1589249536.8799028,10.10.0.10,173.194.151.108,,,41505,443,0,37,17
1589249536.890167,173.194.151.108,10.10.0.10,,,443,41505,0,1358,17
1589249536.9041471,173.194.151.108,10.10.0.10,,,443,41505,0,1358,17
1589249536.906301,10.10.0.10,173.194.151.108,,,41505,443,0,37,17
1589249536.918114,173.194.151.108,10.10.0.10,,,443,41505,0,1358,17
1589249536.932083,173.194.151.108,10.10.0.10,,,443,41505,0,1358,17
1589249536.9339228,10.10.0.10,173.194.151.108,,,41505,443,0,37,17
1589249536.946072,173.194.151.108,10.10.0.10,,,443,41505,0,1358,17
1589249536.960027,173.194.151.108,10.10.0.10,,,443,41505,0,1358,17
1589249536.9619188,10.10.0.10,173.194.151.108,,,41505,443,0,37,17
1589249536.974009,173.194.151.108,10.10.0.10,,,443,41505,0,1358,17
1589249536.9879742,173.194.151.108,10.10.0.10,,,443,41505,0,1358,17
1589249536.989773,10.10.0.10,173.194.151.108,,,41505,443,0,37,17
1589249537.001948,173.194.151.108,10.10.0.10,,,443,41505,0,1358,17
1589249537.015917,173.194.151.108,10.10.0.10,,,443,41505,0,1358,17
1589249537.017761,10.10.0.10,173.194.151.108,,,41505,443,0,37,17
1589249537.0298908,173.194.151.108,10.10.0.10,,,443,41505,0,1358,17
1589249537.0438821,173.194.151.108,10.10.0.10,,,443,41505,0,1358,17
1589249537.047041,10.10.0.10,173.194.151.108,,,41505,443,0,37,17
1589249537.057837,173.194.151.108,10.10.0.10,,,443,41505,0,1358,17
1589249537.0718205,173.194.151.108,10.10.0.10,,,443,41505,0,1358,17
1589249537.0733955,10.10.0.10,173.194.151.108,,,41505,443,0,37,17
1589249537.085782,173.194.151.108,10.10.0.10,,,443,41505,0,1358,17
1589249537.0997539,173.194.151.108,10.10.0.10,,,443,41505,0,1358,17
1589249537.1016688,10.10.0.10,173.194.151.108,,,41505,443,0,37,17
1589249537.113728,173.194.151.108,10.10.0.10,,,443,41505,0,1358,17
1589249537.127704,173.194.151.108,10.10.0.10,,,443,41505,0,1358,17
1589249537.1296446,10.10.0.10,173.194.151.108,,,41505,443,0,37,17
1589249537.14169,173.194.151.108,10.10.0.10,,,443,41505,0,1358,17
1589249537.1556444,173.194.151.108,10.10.0.10,,,443,41505,0,1358,17
1589249537.169631,173.194.151.108,10.10.0.10,,,443,41505,0,1358,17
1589249537.1721628,10.10.0.10,173.194.151.108,,,41505,443,0,37,17
1589249537.1835868,173.194.151.108,10.10.0.10,,,443,41505,0,1358,17
1589249537.1851628,10.10.0.10,173.194.151.108,,,41505,443,0,50,17
1589249537.197568,173.194.151.108,10.10.0.10,,,443,41505,0,1358,17
1589249537.211533,173.194.151.108,10.10.0.10,,,443,41505,0,1358,17
1589249537.213634,10.10.0.10,173.194.151.108,,,41505,443,0,37,17
1589249537.2255054,173.194.151.108,10.10.0.10,,,443,41505,0,1358,17
1589249537.23948,173.194.151.108,10.10.0.10,,,443,41505,0,1358,17
1589249537.241266,10.10.0.10,173.194.151.108,,,41505,443,0,37,17
1589249537.2534509,173.194.151.108,10.10.0.10,,,443,41505,0,1358,17
1589249537.2674372,173.194.151.108,10.10.0.10,,,443,41505,0,1358,17
1589249537.2691422,10.10.0.10,173.194.151.108,,,41505,443,0,37,17
1589249537.281393,173.194.151.108,10.10.0.10,,,443,41505,0,1358,17
1589249537.2953732,173.194.151.108,10.10.0.10,,,443,41505,0,1358,17
1589249537.2970312,10.10.0.10,173.194.151.108,,,41505,443,0,37,17
1589249537.3093386,173.194.151.108,10.10.0.10,,,443,41505,0,1358,17
1589249537.323313,173.194.151.108,10.10.0.10,,,443,41505,0,1358,17
1589249537.325164,10.10.0.10,173.194.151.108,,,41505,443,0,37,17
1589249537.3372898,173.194.151.108,10.10.0.10,,,443,41505,0,1358,17
1589249537.3512552,173.194.151.108,10.10.0.10,,,443,41505,0,1358,17
1589249537.3540125,10.10.0.10,173.194.151.108,,,41505,443,0,37,17
1589249537.365243,173.194.151.108,10.10.0.10,,,443,41505,0,1358,17
1589249537.3792,173.194.151.108,10.10.0.10,,,443,41505,0,1358,17
1589249537.380904,10.10.0.10,173.194.151.108,,,41505,443,0,37,17
1589249537.3931859,173.194.151.108,10.10.0.10,,,443,41505,0,1358,17
1589249537.407146,173.194.151.108,10.10.0.10,,,443,41505,0,1358,17
1589249537.4086552,10.10.0.10,173.194.151.108,,,41505,443,0,37,17
1589249537.42112,173.194.151.108,10.10.0.10,,,443,41505,0,1358,17
1589249537.4350898,173.194.151.108,10.10.0.10,,,443,41505,0,1358,17
1589249537.4371572,10.10.0.10,173.194.151.108,,,41505,443,0,37,17
1589249537.449064,173.194.151.108,10.10.0.10,,,443,41505,0,1358,17
1589249537.463056,173.194.151.108,10.10.0.10,,,443,41505,0,1358,17
1589249537.4649026,10.10.0.10,173.194.151.108,,,41505,443,0,37,17
1589249537.477008,173.194.151.108,10.10.0.10,,,443,41505,0,1358,17
1589249537.490994,173.194.151.108,10.10.0.10,,,443,41505,0,1358,17
1589249537.492904,10.10.0.10,173.194.151.108,,,41505,443,0,37,17
1589249537.5049546,173.194.151.108,10.10.0.10,,,443,41505,0,1358,17
1589249537.5189252,173.194.151.108,10.10.0.10,,,443,41505,0,1358,17
1589249537.520634,10.10.0.10,173.194.151.108,,,41505,443,0,37,17
1589249537.5328922,173.194.151.108,10.10.0.10,,,443,41505,0,1358,17
1589249537.546869,173.194.151.108,10.10.0.10,,,443,41505,0,1358,17
1589249537.548658,10.10.0.10,173.194.151.108,,,41505,443,0,37,17
1589249537.5608444,173.194.151.108,10.10.0.10,,,443,41505,0,1358,17
1589249537.574818,173.194.151.108,10.10.0.10,,,443,41505,0,1358,17
1589249537.5764039,10.10.0.10,173.194.151.108,,,41505,443,0,37,17
1589249537.5888019,173.194.151.108,10.10.0.10,,,443,41505,0,1358,17
1589249537.6027632,173.194.151.108,10.10.0.10,,,443,41505,0,1358,17
1589249537.60453,10.10.0.10,173.194.151.108,,,41505,443,0,37,17
1589249537.6167312,173.194.151.108,10.10.0.10,,,443,41505,0,1358,17
1589249537.630704,173.194.151.108,10.10.0.10,,,443,41505,0,1358,17
1589249537.632492,10.10.0.10,173.194.151.108,,,41505,443,0,37,17
1589249537.6446724,173.194.151.108,10.10.0.10,,,443,41505,0,1358,17
1589249537.658647,173.194.151.108,10.10.0.10,,,443,41505,0,1358,17
1589249537.6604018,10.10.0.10,173.194.151.108,,,41505,443,0,37,17
1589249537.6726198,173.194.151.108,10.10.0.10,,,443,41505,0,1358,17
1589249537.686594,173.194.151.108,10.10.0.10,,,443,41505,0,1358,17
1589249537.688239,10.10.0.10,173.194.151.108,,,41505,443,0,37,17
1589249537.700562,173.194.151.108,10.10.0.10,,,443,41505,0,1358,17
1589249537.71455,173.194.151.108,10.10.0.10,,,443,41505,0,1358,17
1589249537.716758,10.10.0.10,173.194.151.108,,,41505,443,0,37,17
1589249537.7285054,173.194.151.108,10.10.0.10,,,443,41505,0,1358,17
1589249537.7424786,173.194.151.108,10.10.0.10,,,443,41505,0,1358,17
1589249537.744129,10.10.0.10,173.194.151.108,,,41505,443,0,50,17
1589249537.756453,173.194.151.108,10.10.0.10,,,443,41505,0,1358,17
1589249537.770431,173.194.151.108,10.10.0.10,,,443,41505,0,1358,17
1589249537.7721481,10.10.0.10,173.194.151.108,,,41505,443,0,37,17
1589249537.7844212,173.194.151.108,10.10.0.10,,,443,41505,0,1358,17
1589249537.7983732,173.194.151.108,10.10.0.10,,,443,41505,0,1358,17
1589249537.8000019,10.10.0.10,173.194.151.108,,,41505,443,0,37,17
1589249537.812358,173.194.151.108,10.10.0.10,,,443,41505,0,1358,17
1589249537.826317,173.194.151.108,10.10.0.10,,,443,41505,0,1358,17
1589249537.827875,10.10.0.10,173.194.151.108,,,41505,443,0,37,17
1589249537.840286,173.194.151.108,10.10.0.10,,,443,41505,0,29,17
1589249537.8409214,173.194.151.108,10.10.0.10,,,443,41505,0,1358,17
1589249537.8548932,173.194.151.108,10.10.0.10,,,443,41505,0,1358,17
1589249537.856771,10.10.0.10,173.194.151.108,,,41505,443,0,37,17
1589249537.868867,173.194.151.108,10.10.0.10,,,443,41505,0,1358,17
1589249537.8828561,173.194.151.108,10.10.0.10,,,443,41505,0,1358,17
1589249537.884629,10.10.0.10,173.194.151.108,,,41505,443,0,37,17
1589249537.896814,173.194.151.108,10.10.0.10,,,443,41505,0,1358,17
1589249537.911206,173.194.151.108,10.10.0.10,,,443,41505,0,1358,17
1589249537.914144,10.10.0.10,173.194.151.108,,,41505,443,0,37,17
1589249537.9251788,173.194.151.108,10.10.0.10,,,443,41505,0,1358,17
1589249537.939167,173.194.151.108,10.10.0.10,,,443,41505,0,1358,17
1589249537.940872,10.10.0.10,173.194.151.108,,,41505,443,0,37,17
1589249537.9531224,173.194.151.108,10.10.0.10,,,443,41505,0,1358,17
1589249537.967103,173.194.151.108,10.10.0.10,,,443,41505,0,1358,17
1589249537.9687462,10.10.0.10,173.194.151.108,,,41505,443,0,37,17
1589249537.9810688,173.194.151.108,10.10.0.10,,,443,41505,0,1358,17
1589249537.9950428,173.194.151.108,10.10.0.10,,,443,41505,0,1358,17
1589249537.99687,10.10.0.10,173.194.151.108,,,41505,443,0,37,17
1589249538.0090115,173.194.151.108,10.10.0.10,,,443,41505,0,1358,17
1589249538.022985,173.194.151.108,10.10.0.10,,,443,41505,0,1358,17
1589249538.0253868,10.10.0.10,173.194.151.108,,,41505,443,0,37,17
1589249538.036959,173.194.151.108,10.10.0.10,,,443,41505,0,1358,17
1589249538.05093,173.194.151.108,10.10.0.10,,,443,41505,0,1358,17
1589249538.052492,10.10.0.10,173.194.151.108,,,41505,443,0,37,17
1589249538.052518,10.10.0.10,173.194.151.108,,,41505,443,0,43,17
1589249538.064915,173.194.151.108,10.10.0.10,,,443,41505,0,1358,17
1589249538.0788765,173.194.151.108,10.10.0.10,,,443,41505,0,1358,17
1589249538.0804946,10.10.0.10,173.194.151.108,,,41505,443,0,37,17
1589249538.09285,173.194.151.108,10.10.0.10,,,443,41505,0,1358,17
1589249538.106818,173.194.151.108,10.10.0.10,,,443,41505,0,1358,17
1589249538.1083708,10.10.0.10,173.194.151.108,,,41505,443,0,37,17
1589249538.1207962,173.194.151.108,10.10.0.10,,,443,41505,0,1358,17
1589249538.134785,173.194.151.108,10.10.0.10,,,443,41505,0,1358,17
1589249538.1366382,10.10.0.10,173.194.151.108,,,41505,443,0,37,17
1589249538.1487381,173.194.151.108,10.10.0.10,,,443,41505,0,1358,17
1589249538.162722,173.194.151.108,10.10.0.10,,,443,41505,0,1358,17
1589249538.164507,10.10.0.10,173.194.151.108,,,41505,443,0,37,17
1589249538.176684,173.194.151.108,10.10.0.10,,,443,41505,0,1358,17
1589249538.19065,173.194.151.108,10.10.0.10,,,443,41505,0,1358,17
1589249538.192384,10.10.0.10,173.194.151.108,,,41505,443,0,37,17
1589249538.2046268,173.194.151.108,10.10.0.10,,,443,41505,0,1358,17
1589249538.2185981,173.194.151.108,10.10.0.10,,,443,41505,0,1358,17
1589249538.220387,10.10.0.10,173.194.151.108,,,41505,443,0,37,17
1589249538.232573,173.194.151.108,10.10.0.10,,,443,41505,0,1358,17
1589249538.246543,173.194.151.108,10.10.0.10,,,443,41505,0,1358,17
1589249538.248383,10.10.0.10,173.194.151.108,,,41505,443,0,37,17
1589249538.260515,173.194.151.108,10.10.0.10,,,443,41505,0,1358,17
1589249538.27449,173.194.151.108,10.10.0.10,,,443,41505,0,1358,17
1589249538.276259,10.10.0.10,173.194.151.108,,,41505,443,0,37,17
1589249538.288471,173.194.151.108,10.10.0.10,,,443,41505,0,1358,17
1589249538.3024359,173.194.151.108,10.10.0.10,,,443,41505,0,1358,17
1589249538.3042364,10.10.0.10,173.194.151.108,,,41505,443,0,37,17
1589249538.3164098,173.194.151.108,10.10.0.10,,,443,41505,0,1358,17
1589249538.3303802,173.194.151.108,10.10.0.10,,,443,41505,0,1358,17
1589249538.332132,10.10.0.10,173.194.151.108,,,41505,443,0,37,17
1589249538.344353,173.194.151.108,10.10.0.10,,,443,41505,0,1358,17
1589249538.3583221,173.194.151.108,10.10.0.10,,,443,41505,0,1358,17
1589249538.3598778,10.10.0.10,173.194.151.108,,,41505,443,0,37,17
1589249538.3722956,173.194.151.108,10.10.0.10,,,443,41505,0,1358,17
1589249538.386266,173.194.151.108,10.10.0.10,,,443,41505,0,1358,17
1589249538.3878796,10.10.0.10,173.194.151.108,,,41505,443,0,37,17
1589249538.400239,173.194.151.108,10.10.0.10,,,443,41505,0,1358,17
1589249538.414215,173.194.151.108,10.10.0.10,,,443,41505,0,1358,17
1589249538.4262528,10.10.0.10,173.194.151.108,,,41505,443,0,37,17
1589249538.428186,173.194.151.108,10.10.0.10,,,443,41505,0,1358,17
1589249538.44216,173.194.151.108,10.10.0.10,,,443,41505,0,1358,17
1589249538.44513,10.10.0.10,173.194.151.108,,,41505,443,0,37,17
1589249538.4561286,173.194.151.108,10.10.0.10,,,443,41505,0,1358,17
1589249538.470104,173.194.151.108,10.10.0.10,,,443,41505,0,1358,17
1589249538.472001,10.10.0.10,173.194.151.108,,,41505,443,0,37,17
1589249538.4840894,173.194.151.108,10.10.0.10,,,443,41505,0,1358,17
1589249538.498048,173.194.151.108,10.10.0.10,,,443,41505,0,1358,17
1589249538.4997172,10.10.0.10,173.194.151.108,,,41505,443,0,37,17
1589249538.5120294,173.194.151.108,10.10.0.10,,,443,41505,0,1358,17
1589249538.525991,173.194.151.108,10.10.0.10,,,443,41505,0,1358,17
1589249538.5277288,10.10.0.10,173.194.151.108,,,41505,443,0,37,17
1589249538.5399652,173.194.151.108,10.10.0.10,,,443,41505,0,1358,17
1589249538.553934,173.194.151.108,10.10.0.10,,,443,41505,0,1358,17
1589249538.555724,10.10.0.10,173.194.151.108,,,41505,443,0,37,17
1589249538.5679052,173.194.151.108,10.10.0.10,,,443,41505,0,1358,17
1589249538.581899,173.194.151.108,10.10.0.10,,,443,41505,0,1358,17
1589249538.584106,10.10.0.10,173.194.151.108,,,41505,443,0,37,17
1589249538.5958529,173.194.151.108,10.10.0.10,,,443,41505,0,1358,17
1589249538.609835,173.194.151.108,10.10.0.10,,,443,41505,0,1358,17
1589249538.61173,10.10.0.10,173.194.151.108,,,41505,443,0,50,17
1589249538.6237955,173.194.151.108,10.10.0.10,,,443,41505,0,1358,17
1589249538.637767,173.194.151.108,10.10.0.10,,,443,41505,0,1358,17
1589249538.639372,10.10.0.10,173.194.151.108,,,41505,443,0,37,17
1589249538.6534119,173.194.151.108,10.10.0.10,,,443,41505,0,1358,17
1589249538.6673882,173.194.151.108,10.10.0.10,,,443,41505,0,1358,17
1589249538.6689699,10.10.0.10,173.194.151.108,,,41505,443,0,37,17
1589249538.68136,173.194.151.108,10.10.0.10,,,443,41505,0,1358,17
1589249538.695333,173.194.151.108,10.10.0.10,,,443,41505,0,1358,17
1589249538.69707,10.10.0.10,173.194.151.108,,,41505,443,0,37,17
1589249538.709306,173.194.151.108,10.10.0.10,,,443,41505,0,1358,17
1589249538.7232838,173.194.151.108,10.10.0.10,,,443,41505,0,1358,17
1589249538.725224,10.10.0.10,173.194.151.108,,,41505,443,0,37,17
1589249538.7372675,173.194.151.108,10.10.0.10,,,443,41505,0,1358,17
1589249538.7512212,173.194.151.108,10.10.0.10,,,443,41505,0,1358,17
1589249538.752716,10.10.0.10,173.194.151.108,,,41505,443,0,37,17
1589249538.7652054,173.194.151.108,10.10.0.10,,,443,41505,0,1358,17
1589249538.7791722,173.194.151.108,10.10.0.10,,,443,41505,0,1358,17
1589249538.7805982,10.10.0.10,173.194.151.108,,,41505,443,0,37,17
1589249538.7931464,173.194.151.108,10.10.0.10,,,443,41505,0,1358,17
1589249538.8071141,173.194.151.108,10.10.0.10,,,443,41505,0,1358,17
1589249538.809118,10.10.0.10,173.194.151.108,,,41505,443,0,37,17
1589249538.821092,173.194.151.108,10.10.0.10,,,443,41505,0,1358,17
1589249538.8350608,173.194.151.108,10.10.0.10,,,443,41505,0,1358,17
1589249538.837096,10.10.0.10,173.194.151.108,,,41505,443,0,37,17
1589249538.8490338,173.194.151.108,10.10.0.10,,,443,41505,0,1358,17
1589249538.863018,173.194.151.108,10.10.0.10,,,443,41505,0,1358,17
1589249538.865241,10.10.0.10,173.194.151.108,,,41505,443,0,37,17
1589249538.876978,173.194.151.108,10.10.0.10,,,443,41505,0,1358,17
1589249538.8909519,173.194.151.108,10.10.0.10,,,443,41505,0,1358,17
1589249538.892473,10.10.0.10,173.194.151.108,,,41505,443,0,37,17
1589249538.904921,173.194.151.108,10.10.0.10,,,443,41505,0,1358,17
1589249538.9188972,173.194.151.108,10.10.0.10,,,443,41505,0,1358,17
1589249538.920467,10.10.0.10,173.194.151.108,,,41505,443,0,37,17
1589249538.932889,173.194.151.108,10.10.0.10,,,443,41505,0,1358,17
1589249538.946841,173.194.151.108,10.10.0.10,,,443,41505,0,1358,17
1589249538.948473,10.10.0.10,173.194.151.108,,,41505,443,0,37,17
1589249538.9608269,173.194.151.108,10.10.0.10,,,443,41505,0,1358,17
1589249538.9747849,173.194.151.108,10.10.0.10,,,443,41505,0,1358,17
1589249538.976362,10.10.0.10,173.194.151.108,,,41505,443,0,37,17
1589249538.99045,173.194.151.108,10.10.0.10,,,443,41505,0,1358,17
1589249539.004406,173.194.151.108,10.10.0.10,,,443,41505,0,1358,17
1589249539.005987,10.10.0.10,173.194.151.108,,,41505,443,0,37,17
1589249539.0183878,173.194.151.108,10.10.0.10,,,443,41505,0,1358,17
1589249539.032349,173.194.151.108,10.10.0.10,,,443,41505,0,1358,17
1589249539.0340898,10.10.0.10,173.194.151.108,,,41505,443,0,37,17
1589249539.0463238,173.194.151.108,10.10.0.10,,,443,41505,0,1358,17
1589249539.060297,173.194.151.108,10.10.0.10,,,443,41505,0,1358,17
1589249539.0631092,10.10.0.10,173.194.151.108,,,41505,443,0,37,17
1589249539.074269,173.194.151.108,10.10.0.10,,,443,41505,0,1358,17
1589249539.088268,173.194.151.108,10.10.0.10,,,443,41505,0,1358,17
1589249539.089838,10.10.0.10,173.194.151.108,,,41505,443,0,37,17
1589249539.102212,173.194.151.108,10.10.0.10,,,443,41505,0,1358,17
1589249539.116198,173.194.151.108,10.10.0.10,,,443,41505,0,1358,17
1589249539.1178381,10.10.0.10,173.194.151.108,,,41505,443,0,37,17
1589249539.1301591,173.194.151.108,10.10.0.10,,,443,41505,0,1358,17
1589249539.144136,173.194.151.108,10.10.0.10,,,443,41505,0,1358,17
1589249539.145839,10.10.0.10,173.194.151.108,,,41505,443,0,37,17
1589249539.158102,173.194.151.108,10.10.0.10,,,443,41505,0,1358,17
1589249539.1720748,173.194.151.108,10.10.0.10,,,443,41505,0,1358,17
1589249539.1738362,10.10.0.10,173.194.151.108,,,41505,443,0,50,17
1589249539.186047,173.194.151.108,10.10.0.10,,,443,41505,0,1358,17
1589249539.200019,173.194.151.108,10.10.0.10,,,443,41505,0,1358,17
1589249539.20198,10.10.0.10,173.194.151.108,,,41505,443,0,37,17
1589249539.214008,173.194.151.108,10.10.0.10,,,443,41505,0,1358,17
1589249539.227966,173.194.151.108,10.10.0.10,,,443,41505,0,1358,17
1589249539.229586,10.10.0.10,173.194.151.108,,,41505,443,0,37,17
1589249539.2419438,173.194.151.108,10.10.0.10,,,443,41505,0,1358,17
1589249539.2559106,173.194.151.108,10.10.0.10,,,443,41505,0,1358,17
1589249539.257587,10.10.0.10,173.194.151.108,,,41505,443,0,37,17
1589249539.2715662,173.194.151.108,10.10.0.10,,,443,41505,0,1358,17
1589249539.2855306,173.194.151.108,10.10.0.10,,,443,41505,0,1358,17
1589249539.287584,10.10.0.10,173.194.151.108,,,41505,443,0,37,17
1589249539.299506,173.194.151.108,10.10.0.10,,,443,41505,0,1358,17
1589249539.313475,173.194.151.108,10.10.0.10,,,443,41505,0,1358,17
1589249539.3152258,10.10.0.10,173.194.151.108,,,41505,443,0,37,17
1589249539.3274481,173.194.151.108,10.10.0.10,,,443,41505,0,1358,17
1589249539.3414204,173.194.151.108,10.10.0.10,,,443,41505,0,1358,17
1589249539.343226,10.10.0.10,173.194.151.108,,,41505,443,0,37,17
1589249539.355391,173.194.151.108,10.10.0.10,,,443,41505,0,1358,17
1589249539.3693779,173.194.151.108,10.10.0.10,,,443,41505,0,1358,17
1589249539.3734758,10.10.0.10,173.194.151.108,,,41505,443,0,37,17
1589249539.3833401,173.194.151.108,10.10.0.10,,,443,41505,0,1358,17
1589249539.3973136,173.194.151.108,10.10.0.10,,,443,41505,0,1358,17
1589249539.3993304,10.10.0.10,173.194.151.108,,,41505,443,0,37,17
1589249539.4112804,173.194.151.108,10.10.0.10,,,443,41505,0,1358,17
1589249539.425256,173.194.151.108,10.10.0.10,,,443,41505,0,1358,17
1589249539.42847,10.10.0.10,173.194.151.108,,,41505,443,0,37,17
1589249539.439248,173.194.151.108,10.10.0.10,,,443,41505,0,1358,17
1589249539.4531982,173.194.151.108,10.10.0.10,,,443,41505,0,1358,17
1589249539.4549544,10.10.0.10,173.194.151.108,,,41505,443,0,37,17
1589249539.467186,173.194.151.108,10.10.0.10,,,443,41505,0,1358,17
1589249539.481145,173.194.151.108,10.10.0.10,,,443,41505,0,1358,17
1589249539.4829528,10.10.0.10,173.194.151.108,,,41505,443,0,37,17
1589249539.495127,173.194.151.108,10.10.0.10,,,443,41505,0,1358,17
1589249539.509093,173.194.151.108,10.10.0.10,,,443,41505,0,1358,17
1589249539.512201,10.10.0.10,173.194.151.108,,,41505,443,0,37,17
1589249539.523062,173.194.151.108,10.10.0.10,,,443,41505,0,1358,17
1589249539.5370376,173.194.151.108,10.10.0.10,,,443,41505,0,1358,17
1589249539.538817,10.10.0.10,173.194.151.108,,,41505,443,0,37,17
1589249539.551008,173.194.151.108,10.10.0.10,,,443,41505,0,1358,17
1589249539.564976,173.194.151.108,10.10.0.10,,,443,41505,0,1358,17
1589249539.566533,10.10.0.10,173.194.151.108,,,41505,443,0,37,17
1589249539.578946,173.194.151.108,10.10.0.10,,,443,41505,0,1358,17
1589249539.5929232,173.194.151.108,10.10.0.10,,,443,41505,0,1358,17
1589249539.5945468,10.10.0.10,173.194.151.108,,,41505,443,0,37,17
1589249539.6068974,173.194.151.108,10.10.0.10,,,443,41505,0,1358,17
1589249539.6208658,173.194.151.108,10.10.0.10,,,443,41505,0,1358,17
1589249539.622442,10.10.0.10,173.194.151.108,,,41505,443,0,37,17
1589249539.634839,173.194.151.108,10.10.0.10,,,443,41505,0,1358,17
1589249539.648813,173.194.151.108,10.10.0.10,,,443,41505,0,1358,17
1589249539.650442,10.10.0.10,173.194.151.108,,,41505,443,0,37,17
1589249539.662784,173.194.151.108,10.10.0.10,,,443,41505,0,1358,17
1589249539.676758,173.194.151.108,10.10.0.10,,,443,41505,0,1358,17
1589249539.678441,10.10.0.10,173.194.151.108,,,41505,443,0,37,17
1589249539.6907468,173.194.151.108,10.10.0.10,,,443,41505,0,1358,17
1589249539.7047012,173.194.151.108,10.10.0.10,,,443,41505,0,1358,17
1589249539.718678,173.194.151.108,10.10.0.10,,,443,41505,0,1358,17
1589249539.7199528,10.10.0.10,173.194.151.108,,,41505,443,0,37,17
1589249539.732646,173.194.151.108,10.10.0.10,,,443,41505,0,1358,17
1589249539.7342231,10.10.0.10,173.194.151.108,,,41505,443,0,50,17
1589249539.746622,173.194.151.108,10.10.0.10,,,443,41505,0,1358,17
1589249539.7606142,173.194.151.108,10.10.0.10,,,443,41505,0,1358,17
1589249539.7625742,10.10.0.10,173.194.151.108,,,41505,443,0,37,17
1589249539.7745652,173.194.151.108,10.10.0.10,,,443,41505,0,1358,17
1589249539.788553,173.194.151.108,10.10.0.10,,,443,41505,0,1358,17
1589249539.790339,10.10.0.10,173.194.151.108,,,41505,443,0,37,17
1589249539.802508,173.194.151.108,10.10.0.10,,,443,41505,0,1358,17
1589249539.816492,173.194.151.108,10.10.0.10,,,443,41505,0,1358,17
1589249539.8198366,10.10.0.10,173.194.151.108,,,41505,443,0,37,17
1589249539.8304536,173.194.151.108,10.10.0.10,,,443,41505,0,1358,17
1589249539.8444278,173.194.151.108,10.10.0.10,,,443,41505,0,1358,17
1589249539.846566,10.10.0.10,173.194.151.108,,,41505,443,0,37,17
1589249539.8583982,173.194.151.108,10.10.0.10,,,443,41505,0,1358,17
1589249539.8723712,173.194.151.108,10.10.0.10,,,443,41505,0,1358,17
1589249539.873964,10.10.0.10,173.194.151.108,,,41505,443,0,37,17
1589249539.88636,173.194.151.108,10.10.0.10,,,443,41505,0,1358,17
1589249539.9003172,173.194.151.108,10.10.0.10,,,443,41505,0,1358,17
1589249539.901815,10.10.0.10,173.194.151.108,,,41505,443,0,37,17
1589249539.9142973,173.194.151.108,10.10.0.10,,,443,41505,0,1358,17
1589249539.9282632,173.194.151.108,10.10.0.10,,,443,41505,0,1358,17
1589249539.929959,10.10.0.10,173.194.151.108,,,41505,443,0,37,17
1589249539.942238,173.194.151.108,10.10.0.10,,,443,41505,0,1358,17
1589249539.956206,173.194.151.108,10.10.0.10,,,443,41505,0,1358,17
1589249539.9581912,10.10.0.10,173.194.151.108,,,41505,443,0,37,17
1589249539.970178,173.194.151.108,10.10.0.10,,,443,41505,0,1358,17
1589249539.9841502,173.194.151.108,10.10.0.10,,,443,41505,0,1358,17
1589249539.991462,10.10.0.10,173.194.151.108,,,41505,443,0,37,17
1589249539.998122,173.194.151.108,10.10.0.10,,,443,41505,0,1358,17
1589249540.012109,173.194.151.108,10.10.0.10,,,443,41505,0,1358,17
1589249540.0138106,10.10.0.10,173.194.151.108,,,41505,443,0,37,17
1589249540.0260675,173.194.151.108,10.10.0.10,,,443,41505,0,1358,17
1589249540.040039,173.194.151.108,10.10.0.10,,,443,41505,0,1358,17
1589249540.0418286,10.10.0.10,173.194.151.108,,,41505,443,0,37,17
1589249540.0540106,173.194.151.108,10.10.0.10,,,443,41505,0,1358,17
1589249540.0679786,173.194.151.108,10.10.0.10,,,443,41505,0,1358,17
1589249540.0698292,10.10.0.10,173.194.151.108,,,41505,443,0,37,17
1589249540.0819778,173.194.151.108,10.10.0.10,,,443,41505,0,1358,17
1589249540.095937,173.194.151.108,10.10.0.10,,,443,41505,0,1358,17
1589249540.097559,10.10.0.10,173.194.151.108,,,41505,443,0,37,17
1589249540.1099172,173.194.151.108,10.10.0.10,,,443,41505,0,1358,17
1589249540.123875,173.194.151.108,10.10.0.10,,,443,41505,0,1358,17
1589249540.126078,10.10.0.10,173.194.151.108,,,41505,443,0,37,17
1589249540.137856,173.194.151.108,10.10.0.10,,,443,41505,0,1358,17
1589249540.1518204,173.194.151.108,10.10.0.10,,,443,41505,0,1358,17
1589249540.153557,10.10.0.10,173.194.151.108,,,41505,443,0,37,17
1589249540.165791,173.194.151.108,10.10.0.10,,,443,41505,0,1358,17
1589249540.1797636,173.194.151.108,10.10.0.10,,,443,41505,0,1358,17
1589249540.181808,10.10.0.10,173.194.151.108,,,41505,443,0,37,17
1589249540.1937351,173.194.151.108,10.10.0.10,,,443,41505,0,1358,17
1589249540.207725,173.194.151.108,10.10.0.10,,,443,41505,0,1358,17
1589249540.209456,10.10.0.10,173.194.151.108,,,41505,443,0,37,17
1589249540.2216802,173.194.151.108,10.10.0.10,,,443,41505,0,1358,17
1589249540.2356641,173.194.151.108,10.10.0.10,,,443,41505,0,1358,17
1589249540.2373068,10.10.0.10,173.194.151.108,,,41505,443,0,37,17
1589249540.249626,173.194.151.108,10.10.0.10,,,443,41505,0,1358,17
1589249540.263603,173.194.151.108,10.10.0.10,,,443,41505,0,1358,17
1589249540.265699,10.10.0.10,173.194.151.108,,,41505,443,0,37,17
1589249540.2775712,173.194.151.108,10.10.0.10,,,443,41505,0,1358,17
1589249540.291542,173.194.151.108,10.10.0.10,,,443,41505,0,1358,17
1589249540.2933226,10.10.0.10,173.194.151.108,,,41505,443,0,50,17
1589249540.3055162,173.194.151.108,10.10.0.10,,,443,41505,0,1358,17
1589249540.3194866,173.194.151.108,10.10.0.10,,,443,41505,0,1358,17
1589249540.321324,10.10.0.10,173.194.151.108,,,41505,443,0,37,17
1589249540.333474,173.194.151.108,10.10.0.10,,,443,41505,0,1358,17
1589249540.34743,173.194.151.108,10.10.0.10,,,443,41505,0,1358,17
1589249540.349176,10.10.0.10,173.194.151.108,,,41505,443,0,37,17
1589249540.3614118,173.194.151.108,10.10.0.10,,,443,41505,0,1358,17
1589249540.375378,173.194.151.108,10.10.0.10,,,443,41505,0,29,17
1589249540.376008,173.194.151.108,10.10.0.10,,,443,41505,0,1358,17
1589249540.3774452,10.10.0.10,173.194.151.108,,,41505,443,0,37,17
1589249540.389986,173.194.151.108,10.10.0.10,,,443,41505,0,1358,17
1589249540.4039538,173.194.151.108,10.10.0.10,,,443,41505,0,1358,17
1589249540.405674,10.10.0.10,173.194.151.108,,,41505,443,0,37,17
1589249540.417927,173.194.151.108,10.10.0.10,,,443,41505,0,1358,17
1589249540.4319134,173.194.151.108,10.10.0.10,,,443,41505,0,1358,17
1589249540.4336748,10.10.0.10,173.194.151.108,,,41505,443,0,37,17
1589249540.445871,173.194.151.108,10.10.0.10,,,443,41505,0,1358,17
1589249540.4598482,173.194.151.108,10.10.0.10,,,443,41505,0,1358,17
1589249540.461567,10.10.0.10,173.194.151.108,,,41505,443,0,37,17
1589249540.4738178,173.194.151.108,10.10.0.10,,,443,41505,0,1358,17
1589249540.48779,173.194.151.108,10.10.0.10,,,443,41505,0,1358,17
1589249540.489567,10.10.0.10,173.194.151.108,,,41505,443,0,37,17
1589249540.50176,173.194.151.108,10.10.0.10,,,443,41505,0,1358,17
1589249540.515733,173.194.151.108,10.10.0.10,,,443,41505,0,1358,17
1589249540.5179224,10.10.0.10,173.194.151.108,,,41505,443,0,37,17
1589249540.529721,173.194.151.108,10.10.0.10,,,443,41505,0,1358,17
1589249540.543679,173.194.151.108,10.10.0.10,,,443,41505,0,1358,17
1589249540.545423,10.10.0.10,173.194.151.108,,,41505,443,0,37,17
1589249540.5576534,173.194.151.108,10.10.0.10,,,443,41505,0,1358,17
1589249540.5716212,173.194.151.108,10.10.0.10,,,443,41505,0,1358,17
1589249540.573416,10.10.0.10,173.194.151.108,,,41505,443,0,37,17
1589249540.585591,173.194.151.108,10.10.0.10,,,443,41505,0,1358,17
1589249540.599591,173.194.151.108,10.10.0.10,,,443,41505,0,1358,17
1589249540.601295,10.10.0.10,173.194.151.108,,,41505,443,0,37,17
1589249540.613536,173.194.151.108,10.10.0.10,,,443,41505,0,1358,17
1589249540.627512,173.194.151.108,10.10.0.10,,,443,41505,0,1358,17
1589249540.62944,10.10.0.10,173.194.151.108,,,41505,443,0,37,17
1589249540.6414864,173.194.151.108,10.10.0.10,,,443,41505,0,1358,17
1589249540.655458,173.194.151.108,10.10.0.10,,,443,41505,0,1358,17
1589249540.657269,10.10.0.10,173.194.151.108,,,41505,443,0,37,17
1589249540.669425,173.194.151.108,10.10.0.10,,,443,41505,0,1358,17
1589249540.6834009,173.194.151.108,10.10.0.10,,,443,41505,0,1358,17
1589249540.6852932,10.10.0.10,173.194.151.108,,,41505,443,0,37,17
1589249540.697374,173.194.151.108,10.10.0.10,,,443,41505,0,1358,17
1589249540.711344,173.194.151.108,10.10.0.10,,,443,41505,0,1358,17
1589249540.7135632,10.10.0.10,173.194.151.108,,,41505,443,0,37,17
1589249540.725337,173.194.151.108,10.10.0.10,,,443,41505,0,1358,17
1589249540.739288,173.194.151.108,10.10.0.10,,,443,41505,0,1358,17
1589249540.741535,10.10.0.10,173.194.151.108,,,41505,443,0,37,17
1589249540.754299,173.194.151.108,10.10.0.10,,,443,41505,0,1358,17
1589249540.7682724,173.194.151.108,10.10.0.10,,,443,41505,0,1358,17
1589249540.769792,10.10.0.10,173.194.151.108,,,41505,443,0,37,17
1589249540.7822409,173.194.151.108,10.10.0.10,,,443,41505,0,1358,17
1589249540.7962098,173.194.151.108,10.10.0.10,,,443,41505,0,1358,17
1589249540.799289,10.10.0.10,173.194.151.108,,,41505,443,0,37,17
1589249540.810209,173.194.151.108,10.10.0.10,,,443,41505,0,1358,17
1589249540.824154,173.194.151.108,10.10.0.10,,,443,41505,0,1358,17
1589249540.8257892,10.10.0.10,173.194.151.108,,,41505,443,0,37,17
1589249540.838151,173.194.151.108,10.10.0.10,,,443,41505,0,1358,17
1589249540.8521082,173.194.151.108,10.10.0.10,,,443,41505,0,1358,17
1589249540.853789,10.10.0.10,173.194.151.108,,,41505,443,0,50,17
1589249540.866084,173.194.151.108,10.10.0.10,,,443,41505,0,1358,17
1589249540.88005,173.194.151.108,10.10.0.10,,,443,41505,0,1358,17
1589249540.882057,10.10.0.10,173.194.151.108,,,41505,443,0,37,17
1589249540.894022,173.194.151.108,10.10.0.10,,,443,41505,0,1358,17
1589249540.907994,173.194.151.108,10.10.0.10,,,443,41505,0,1358,17
1589249540.909802,10.10.0.10,173.194.151.108,,,41505,443,0,37,17
1589249540.921969,173.194.151.108,10.10.0.10,,,443,41505,0,1358,17
1589249540.9359398,173.194.151.108,10.10.0.10,,,443,41505,0,1358,17
1589249540.937534,10.10.0.10,173.194.151.108,,,41505,443,0,37,17
1589249540.9499106,173.194.151.108,10.10.0.10,,,443,41505,0,29,17
1589249540.9505439,173.194.151.108,10.10.0.10,,,443,41505,0,1358,17
1589249540.9645169,173.194.151.108,10.10.0.10,,,443,41505,0,1358,17
1589249540.9669092,10.10.0.10,173.194.151.108,,,41505,443,0,37,17
1589249540.9784956,173.194.151.108,10.10.0.10,,,443,41505,0,1358,17
1589249540.992463,173.194.151.108,10.10.0.10,,,443,41505,0,1358,17
1589249541.0064552,173.194.151.108,10.10.0.10,,,443,41505,0,1358,17
1589249541.0066614,10.10.0.10,173.194.151.108,,,41505,443,0,37,17
1589249541.020402,173.194.151.108,10.10.0.10,,,443,41505,0,1358,17
1589249541.022179,10.10.0.10,173.194.151.108,,,41505,443,0,37,17
1589249541.03439,173.194.151.108,10.10.0.10,,,443,41505,0,1358,17
1589249541.04835,173.194.151.108,10.10.0.10,,,443,41505,0,1358,17
1589249541.051031,10.10.0.10,173.194.151.108,,,41505,443,0,37,17
1589249541.062331,173.194.151.108,10.10.0.10,,,443,41505,0,1358,17
1589249541.076297,173.194.151.108,10.10.0.10,,,443,41505,0,1358,17
1589249541.0784054,10.10.0.10,173.194.151.108,,,41505,443,0,37,17
1589249541.090267,173.194.151.108,10.10.0.10,,,443,41505,0,1358,17
1589249541.10424,173.194.151.108,10.10.0.10,,,443,41505,0,1358,17
1589249541.10605,10.10.0.10,173.194.151.108,,,41505,443,0,37,17
1589249541.1182132,173.194.151.108,10.10.0.10,,,443,41505,0,1358,17
1589249541.1322,173.194.151.108,10.10.0.10,,,443,41505,0,1358,17
1589249541.133893,10.10.0.10,173.194.151.108,,,41505,443,0,37,17
1589249541.146157,173.194.151.108,10.10.0.10,,,443,41505,0,1358,17
1589249541.1601381,173.194.151.108,10.10.0.10,,,443,41505,0,1358,17
1589249541.162049,10.10.0.10,173.194.151.108,,,41505,443,0,37,17
1589249541.174102,173.194.151.108,10.10.0.10,,,443,41505,0,298,17
1589249541.21937,10.10.0.10,173.194.151.108,,,41505,443,0,37,17
1589249544.482839,10.10.0.10,173.194.151.108,,,41505,443,0,723,17
1589249544.482877,10.10.0.10,173.194.151.108,,,41505,443,0,48,17
1589249544.487271,173.194.151.108,10.10.0.10,,,443,41505,0,115,17
1589249544.4873092,173.194.151.108,10.10.0.10,,,443,41505,0,1358,17
1589249544.487334,173.194.151.108,10.10.0.10,,,443,41505,0,1358,17
1589249544.489927,10.10.0.10,173.194.151.108,,,41505,443,0,37,17
1589249544.5006568,173.194.151.108,10.10.0.10,,,443,41505,0,1358,17
1589249544.5035572,10.10.0.10,173.194.151.108,,,41505,443,0,37,17
1589249544.514627,173.194.151.108,10.10.0.10,,,443,41505,0,1358,17
1589249544.5286071,173.194.151.108,10.10.0.10,,,443,41505,0,1358,17
1589249544.530158,10.10.0.10,173.194.151.108,,,41505,443,0,37,17
1589249544.5425732,173.194.151.108,10.10.0.10,,,443,41505,0,1358,17
1589249544.5565462,173.194.151.108,10.10.0.10,,,443,41505,0,1358,17
1589249544.558557,10.10.0.10,173.194.151.108,,,41505,443,0,37,17
1589249544.5705225,173.194.151.108,10.10.0.10,,,443,41505,0,1358,17
1589249544.5844898,173.194.151.108,10.10.0.10,,,443,41505,0,1358,17
1589249544.5864508,10.10.0.10,173.194.151.108,,,41505,443,0,37,17
1589249544.5984678,173.194.151.108,10.10.0.10,,,443,41505,0,1358,17
1589249544.6124349,173.194.151.108,10.10.0.10,,,443,41505,0,1358,17
1589249544.614183,10.10.0.10,173.194.151.108,,,41505,443,0,37,17
1589249544.626408,173.194.151.108,10.10.0.10,,,443,41505,0,1358,17
1589249544.640395,173.194.151.108,10.10.0.10,,,443,41505,0,1358,17
1589249544.641928,10.10.0.10,173.194.151.108,,,41505,443,0,37,17
1589249544.65436,173.194.151.108,10.10.0.10,,,443,41505,0,1358,17
1589249544.668335,173.194.151.108,10.10.0.10,,,443,41505,0,1358,17
1589249544.6699462,10.10.0.10,173.194.151.108,,,41505,443,0,37,17
1589249544.682298,173.194.151.108,10.10.0.10,,,443,41505,0,1358,17
1589249544.696284,173.194.151.108,10.10.0.10,,,443,41505,0,1358,17
1589249544.698071,10.10.0.10,173.194.151.108,,,41505,443,0,37,17
1589249544.710246,173.194.151.108,10.10.0.10,,,443,41505,0,1358,17
1589249544.724226,173.194.151.108,10.10.0.10,,,443,41505,0,1358,17
1589249544.7259269,10.10.0.10,173.194.151.108,,,41505,443,0,37,17
1589249544.7381911,173.194.151.108,10.10.0.10,,,443,41505,0,1358,17
1589249544.752165,173.194.151.108,10.10.0.10,,,443,41505,0,1358,17
1589249544.754167,10.10.0.10,173.194.151.108,,,41505,443,0,37,17
1589249544.766135,173.194.151.108,10.10.0.10,,,443,41505,0,1358,17
1589249544.7801108,173.194.151.108,10.10.0.10,,,443,41505,0,1358,17
1589249544.781799,10.10.0.10,173.194.151.108,,,41505,443,0,37,17
1589249544.7940931,173.194.151.108,10.10.0.10,,,443,41505,0,1358,17
1589249544.808053,173.194.151.108,10.10.0.10,,,443,41505,0,1358,17
1589249544.809673,10.10.0.10,173.194.151.108,,,41505,443,0,37,17
1589249544.82203,173.194.151.108,10.10.0.10,,,443,41505,0,1358,17
1589249544.835997,173.194.151.108,10.10.0.10,,,443,41505,0,1358,17
1589249544.849969,173.194.151.108,10.10.0.10,,,443,41505,0,1358,17
1589249544.851192,10.10.0.10,173.194.151.108,,,41505,443,0,37,17
1589249544.8639412,173.194.151.108,10.10.0.10,,,443,41505,0,1358,17
1589249544.8653939,10.10.0.10,173.194.151.108,,,41505,443,0,37,17
1589249544.877914,173.194.151.108,10.10.0.10,,,443,41505,0,1358,17
1589249544.891906,173.194.151.108,10.10.0.10,,,443,41505,0,1358,17
1589249544.893544,10.10.0.10,173.194.151.108,,,41505,443,0,37,17
1589249544.9058552,173.194.151.108,10.10.0.10,,,443,41505,0,1358,17
1589249544.919843,173.194.151.108,10.10.0.10,,,443,41505,0,1358,17
1589249544.921564,10.10.0.10,173.194.151.108,,,41505,443,0,37,17
1589249544.933801,173.194.151.108,10.10.0.10,,,443,41505,0,1358,17
1589249544.947779,173.194.151.108,10.10.0.10,,,443,41505,0,1358,17
1589249544.9509196,10.10.0.10,173.194.151.108,,,41505,443,0,37,17
1589249544.9617562,173.194.151.108,10.10.0.10,,,443,41505,0,1358,17
1589249544.9757214,173.194.151.108,10.10.0.10,,,443,41505,0,1358,17
1589249544.9773116,10.10.0.10,173.194.151.108,,,41505,443,0,37,17
1589249544.9897099,173.194.151.108,10.10.0.10,,,443,41505,0,1358,17
1589249545.0036669,173.194.151.108,10.10.0.10,,,443,41505,0,1358,17
1589249545.0051875,10.10.0.10,173.194.151.108,,,41505,443,0,50,17
1589249545.0176508,173.194.151.108,10.10.0.10,,,443,41505,0,1358,17
1589249545.031614,173.194.151.108,10.10.0.10,,,443,41505,0,1358,17
1589249545.033438,10.10.0.10,173.194.151.108,,,41505,443,0,37,17
1589249545.0455902,173.194.151.108,10.10.0.10,,,443,41505,0,1358,17
1589249545.05956,173.194.151.108,10.10.0.10,,,443,41505,0,1358,17
1589249545.061166,10.10.0.10,173.194.151.108,,,41505,443,0,37,17
1589249545.073529,173.194.151.108,10.10.0.10,,,443,41505,0,1358,17
1589249545.087501,173.194.151.108,10.10.0.10,,,443,41505,0,1358,17
1589249545.089434,10.10.0.10,173.194.151.108,,,41505,443,0,37,17
1589249545.1014738,173.194.151.108,10.10.0.10,,,443,41505,0,1358,17
1589249545.104667,10.10.0.10,173.194.151.108,,,41505,443,0,731,17
1589249545.1046932,10.10.0.10,173.194.151.108,,,41505,443,0,48,17
1589249545.11546,173.194.151.108,10.10.0.10,,,443,41505,0,1358,17
1589249545.1294188,173.194.151.108,10.10.0.10,,,443,41505,0,1358,17
1589249545.131434,10.10.0.10,173.194.151.108,,,41505,443,0,37,17
1589249545.143385,173.194.151.108,10.10.0.10,,,443,41505,0,1358,17
1589249545.157365,173.194.151.108,10.10.0.10,,,443,41505,0,1358,17
1589249545.1590428,10.10.0.10,173.194.151.108,,,41505,443,0,37,17
1589249545.17133,173.194.151.108,10.10.0.10,,,443,41505,0,1358,17
1589249545.1853068,173.194.151.108,10.10.0.10,,,443,41505,0,1358,17
1589249545.1880288,10.10.0.10,173.194.151.108,,,41505,443,0,37,17
1589249545.1992786,173.194.151.108,10.10.0.10,,,443,41505,0,1358,17
1589249545.2132661,173.194.151.108,10.10.0.10,,,443,41505,0,1358,17
1589249545.215183,10.10.0.10,173.194.151.108,,,41505,443,0,37,17
1589249545.227226,173.194.151.108,10.10.0.10,,,443,41505,0,1358,17
1589249545.24121,173.194.151.108,10.10.0.10,,,443,41505,0,1358,17
1589249545.2429106,10.10.0.10,173.194.151.108,,,41505,443,0,37,17
1589249545.255169,173.194.151.108,10.10.0.10,,,443,41505,0,1358,17
1589249545.269144,173.194.151.108,10.10.0.10,,,443,41505,0,1358,17
1589249545.2709286,10.10.0.10,173.194.151.108,,,41505,443,0,37,17
1589249545.283116,173.194.151.108,10.10.0.10,,,443,41505,0,1358,17
1589249545.2970881,173.194.151.108,10.10.0.10,,,443,41505,0,1358,17
1589249545.298782,10.10.0.10,173.194.151.108,,,41505,443,0,37,17
1589249545.31107,173.194.151.108,10.10.0.10,,,443,41505,0,1358,17
1589249545.325033,173.194.151.108,10.10.0.10,,,443,41505,0,1358,17
1589249545.326804,10.10.0.10,173.194.151.108,,,41505,443,0,37,17
1589249545.338999,173.194.151.108,10.10.0.10,,,443,41505,0,1358,17
1589249545.352978,173.194.151.108,10.10.0.10,,,443,41505,0,1358,17
1589249545.355177,10.10.0.10,173.194.151.108,,,41505,443,0,37,17
1589249545.3669562,173.194.151.108,10.10.0.10,,,443,41505,0,1358,17
1589249545.3809302,173.194.151.108,10.10.0.10,,,443,41505,0,1358,17
1589249545.382807,10.10.0.10,173.194.151.108,,,41505,443,0,37,17
1589249545.394901,173.194.151.108,10.10.0.10,,,443,41505,0,1358,17
1589249545.408866,173.194.151.108,10.10.0.10,,,443,41505,0,1358,17
1589249545.4116778,10.10.0.10,173.194.151.108,,,41505,443,0,37,17
1589249545.4228392,173.194.151.108,10.10.0.10,,,443,41505,0,1358,17
1589249545.436824,173.194.151.108,10.10.0.10,,,443,41505,0,1358,17
1589249545.438806,10.10.0.10,173.194.151.108,,,41505,443,0,37,17
1589249545.450783,173.194.151.108,10.10.0.10,,,443,41505,0,1358,17
1589249545.4647632,173.194.151.108,10.10.0.10,,,443,41505,0,1358,17
1589249545.4665475,10.10.0.10,173.194.151.108,,,41505,443,0,37,17
1589249545.47873,173.194.151.108,10.10.0.10,,,443,41505,0,1358,17
1589249545.492703,173.194.151.108,10.10.0.10,,,443,41505,0,1358,17
1589249545.4944036,10.10.0.10,173.194.151.108,,,41505,443,0,37,17
1589249545.506669,173.194.151.108,10.10.0.10,,,443,41505,0,1358,17
1589249545.520648,173.194.151.108,10.10.0.10,,,443,41505,0,1358,17
1589249545.522422,10.10.0.10,173.194.151.108,,,41505,443,0,37,17
1589249545.534618,173.194.151.108,10.10.0.10,,,443,41505,0,1358,17
1589249545.5485885,173.194.151.108,10.10.0.10,,,443,41505,0,1358,17
1589249545.5504036,10.10.0.10,173.194.151.108,,,41505,443,0,37,17
1589249545.562561,173.194.151.108,10.10.0.10,,,443,41505,0,1358,17
1589249545.5765312,173.194.151.108,10.10.0.10,,,443,41505,0,1358,17
1589249545.578289,10.10.0.10,173.194.151.108,,,41505,443,0,37,17
1589249545.5905118,173.194.151.108,10.10.0.10,,,443,41505,0,1358,17
1589249545.6044776,173.194.151.108,10.10.0.10,,,443,41505,0,1358,17
1589249545.6061714,10.10.0.10,173.194.151.108,,,41505,443,0,37,17
1589249545.618449,173.194.151.108,10.10.0.10,,,443,41505,0,1358,17
1589249545.6324358,173.194.151.108,10.10.0.10,,,443,41505,0,1358,17
1589249545.6351519,10.10.0.10,173.194.151.108,,,41505,443,0,37,17
1589249545.6463912,173.194.151.108,10.10.0.10,,,443,41505,0,1358,17
1589249545.660369,173.194.151.108,10.10.0.10,,,443,41505,0,1358,17
1589249545.662008,10.10.0.10,173.194.151.108,,,41505,443,0,50,17
1589249545.674345,173.194.151.108,10.10.0.10,,,443,41505,0,1358,17
1589249545.688313,173.194.151.108,10.10.0.10,,,443,41505,0,1358,17
1589249545.690505,10.10.0.10,173.194.151.108,,,41505,443,0,37,17
1589249545.702287,173.194.151.108,10.10.0.10,,,443,41505,0,1358,17
1589249545.716253,173.194.151.108,10.10.0.10,,,443,41505,0,1358,17
1589249545.7187731,10.10.0.10,173.194.151.108,,,41505,443,0,37,17
1589249545.7302392,173.194.151.108,10.10.0.10,,,443,41505,0,1358,17
1589249545.7442038,173.194.151.108,10.10.0.10,,,443,41505,0,1358,17
1589249545.74579,10.10.0.10,173.194.151.108,,,41505,443,0,37,17
1589249545.7581902,173.194.151.108,10.10.0.10,,,443,41505,0,1358,17
1589249545.7721431,173.194.151.108,10.10.0.10,,,443,41505,0,1358,17
1589249545.7737901,10.10.0.10,173.194.151.108,,,41505,443,0,37,17
1589249545.786126,173.194.151.108,10.10.0.10,,,443,41505,0,1358,17
1589249545.8000932,173.194.151.108,10.10.0.10,,,443,41505,0,1358,17
1589249545.801914,10.10.0.10,173.194.151.108,,,41505,443,0,37,17
1589249545.814066,173.194.151.108,10.10.0.10,,,443,41505,0,1358,17
1589249545.828032,173.194.151.108,10.10.0.10,,,443,41505,0,1358,17
1589249545.830394,10.10.0.10,173.194.151.108,,,41505,443,0,37,17
1589249545.8420134,173.194.151.108,10.10.0.10,,,443,41505,0,1358,17
1589249545.855978,173.194.151.108,10.10.0.10,,,443,41505,0,1358,17
1589249545.8576438,10.10.0.10,173.194.151.108,,,41505,443,0,37,17
1589249545.8699558,173.194.151.108,10.10.0.10,,,443,41505,0,1358,17
1589249545.883949,173.194.151.108,10.10.0.10,,,443,41505,0,1358,17
1589249545.8871422,10.10.0.10,173.194.151.108,,,41505,443,0,37,17
1589249545.8979,173.194.151.108,10.10.0.10,,,443,41505,0,1358,17
1589249545.9118738,173.194.151.108,10.10.0.10,,,443,41505,0,1358,17
1589249545.9135401,10.10.0.10,173.194.151.108,,,41505,443,0,37,17
1589249545.9258456,173.194.151.108,10.10.0.10,,,443,41505,0,1358,17
1589249545.939816,173.194.151.108,10.10.0.10,,,443,41505,0,1358,17
1589249545.941765,10.10.0.10,173.194.151.108,,,41505,443,0,37,17
1589249545.953811,173.194.151.108,10.10.0.10,,,443,41505,0,1358,17
1589249545.9677641,173.194.151.108,10.10.0.10,,,443,41505,0,1358,17
1589249545.96966,10.10.0.10,173.194.151.108,,,41505,443,0,37,17
1589249545.9817472,173.194.151.108,10.10.0.10,,,443,41505,0,1358,17
1589249545.9957068,173.194.151.108,10.10.0.10,,,443,41505,0,1358,17
1589249545.997407,10.10.0.10,173.194.151.108,,,41505,443,0,37,17
1589249546.009685,173.194.151.108,10.10.0.10,,,443,41505,0,1358,17
1589249546.0236518,173.194.151.108,10.10.0.10,,,443,41505,0,1358,17
1589249546.0265331,10.10.0.10,173.194.151.108,,,41505,443,0,37,17
1589249546.037625,173.194.151.108,10.10.0.10,,,443,41505,0,1358,17
1589249546.0515964,173.194.151.108,10.10.0.10,,,443,41505,0,1358,17
1589249546.053389,10.10.0.10,173.194.151.108,,,41505,443,0,37,17
1589249546.065568,173.194.151.108,10.10.0.10,,,443,41505,0,1358,17
1589249546.0795555,173.194.151.108,10.10.0.10,,,443,41505,0,1358,17
1589249546.081136,10.10.0.10,173.194.151.108,,,41505,443,0,37,17
1589249546.093513,173.194.151.108,10.10.0.10,,,443,41505,0,1358,17
1589249546.1074932,173.194.151.108,10.10.0.10,,,443,41505,0,1358,17
1589249546.1214578,173.194.151.108,10.10.0.10,,,443,41505,0,1358,17
1589249546.123107,10.10.0.10,173.194.151.108,,,41505,443,0,37,17
1589249546.135434,173.194.151.108,10.10.0.10,,,443,41505,0,1358,17
1589249546.1386368,10.10.0.10,173.194.151.108,,,41505,443,0,37,17
1589249546.1494062,173.194.151.108,10.10.0.10,,,443,41505,0,1358,17
1589249546.163377,173.194.151.108,10.10.0.10,,,443,41505,0,1358,17
1589249546.165001,10.10.0.10,173.194.151.108,,,41505,443,0,37,17
1589249546.17735,173.194.151.108,10.10.0.10,,,443,41505,0,1358,17
1589249546.1913214,173.194.151.108,10.10.0.10,,,443,41505,0,1358,17
1589249546.1928835,10.10.0.10,173.194.151.108,,,41505,443,0,37,17
1589249546.2053044,173.194.151.108,10.10.0.10,,,443,41505,0,1358,17
1589249546.219267,173.194.151.108,10.10.0.10,,,443,41505,0,1358,17
1589249546.2210279,10.10.0.10,173.194.151.108,,,41505,443,0,50,17
1589249546.2332408,173.194.151.108,10.10.0.10,,,443,41505,0,1358,17
1589249546.2472134,173.194.151.108,10.10.0.10,,,443,41505,0,1358,17
1589249546.2488818,10.10.0.10,173.194.151.108,,,41505,443,0,37,17
1589249546.261182,173.194.151.108,10.10.0.10,,,443,41505,0,1358,17
1589249546.275175,173.194.151.108,10.10.0.10,,,443,41505,0,1358,17
1589249546.2772748,10.10.0.10,173.194.151.108,,,41505,443,0,37,17
1589249546.289129,173.194.151.108,10.10.0.10,,,443,41505,0,1358,17
1589249546.3031151,173.194.151.108,10.10.0.10,,,443,41505,0,1358,17
1589249546.305524,10.10.0.10,173.194.151.108,,,41505,443,0,37,17
1589249546.3170722,173.194.151.108,10.10.0.10,,,443,41505,0,1358,17
1589249546.331053,173.194.151.108,10.10.0.10,,,443,41505,0,1358,17
1589249546.3346279,10.10.0.10,173.194.151.108,,,41505,443,0,37,17
1589249546.345018,173.194.151.108,10.10.0.10,,,443,41505,0,1358,17
1589249546.358988,173.194.151.108,10.10.0.10,,,443,41505,0,1358,17
1589249546.360775,10.10.0.10,173.194.151.108,,,41505,443,0,37,17
1589249546.372962,173.194.151.108,10.10.0.10,,,443,41505,0,1358,17
1589249546.386933,173.194.151.108,10.10.0.10,,,443,41505,0,1358,17
1589249546.3896296,10.10.0.10,173.194.151.108,,,41505,443,0,37,17
1589249546.4009228,173.194.151.108,10.10.0.10,,,443,41505,0,1358,17
1589249546.41488,173.194.151.108,10.10.0.10,,,443,41505,0,1358,17
1589249546.416647,10.10.0.10,173.194.151.108,,,41505,443,0,37,17
1589249546.42885,173.194.151.108,10.10.0.10,,,443,41505,0,1358,17
1589249546.442823,173.194.151.108,10.10.0.10,,,443,41505,0,1358,17
1589249546.4501262,10.10.0.10,173.194.151.108,,,41505,443,0,37,17
1589249546.45679,173.194.151.108,10.10.0.10,,,443,41505,0,1358,17
1589249546.470766,173.194.151.108,10.10.0.10,,,443,41505,0,1358,17
1589249546.4739099,10.10.0.10,173.194.151.108,,,41505,443,0,37,17
1589249546.4847422,173.194.151.108,10.10.0.10,,,443,41505,0,1358,17
1589249546.498714,173.194.151.108,10.10.0.10,,,443,41505,0,1358,17
1589249546.5003965,10.10.0.10,173.194.151.108,,,41505,443,0,37,17
1589249546.512686,173.194.151.108,10.10.0.10,,,443,41505,0,1358,17
1589249546.52667,173.194.151.108,10.10.0.10,,,443,41505,0,1358,17
1589249546.528502,10.10.0.10,173.194.151.108,,,41505,443,0,37,17
1589249546.54063,173.194.151.108,10.10.0.10,,,443,41505,0,1358,17
1589249546.554609,173.194.151.108,10.10.0.10,,,443,41505,0,1358,17
1589249546.556874,10.10.0.10,173.194.151.108,,,41505,443,0,37,17
1589249546.5685742,173.194.151.108,10.10.0.10,,,443,41505,0,1358,17
1589249546.5825412,173.194.151.108,10.10.0.10,,,443,41505,0,1358,17
1589249546.584248,10.10.0.10,173.194.151.108,,,41505,443,0,37,17
1589249546.596518,173.194.151.108,10.10.0.10,,,443,41505,0,1358,17
1589249546.6104882,173.194.151.108,10.10.0.10,,,443,41505,0,1358,17
1589249546.612391,10.10.0.10,173.194.151.108,,,41505,443,0,37,17
1589249546.6244578,173.194.151.108,10.10.0.10,,,443,41505,0,1358,17
1589249546.638431,173.194.151.108,10.10.0.10,,,443,41505,0,1358,17
1589249546.641622,10.10.0.10,173.194.151.108,,,41505,443,0,37,17
1589249546.6524036,173.194.151.108,10.10.0.10,,,443,41505,0,1358,17
1589249546.666377,173.194.151.108,10.10.0.10,,,443,41505,0,1358,17
1589249546.668391,10.10.0.10,173.194.151.108,,,41505,443,0,37,17
1589249546.68035,173.194.151.108,10.10.0.10,,,443,41505,0,1358,17
1589249546.694322,173.194.151.108,10.10.0.10,,,443,41505,0,1358,17
1589249546.695961,10.10.0.10,173.194.151.108,,,41505,443,0,37,17
1589249546.7082908,173.194.151.108,10.10.0.10,,,443,41505,0,1358,17
1589249546.722287,173.194.151.108,10.10.0.10,,,443,41505,0,1358,17
1589249546.723866,10.10.0.10,173.194.151.108,,,41505,443,0,37,17
1589249546.736238,173.194.151.108,10.10.0.10,,,443,41505,0,1358,17
1589249546.750224,173.194.151.108,10.10.0.10,,,443,41505,0,1358,17
1589249546.751889,10.10.0.10,173.194.151.108,,,41505,443,0,37,17
1589249546.764183,173.194.151.108,10.10.0.10,,,443,41505,0,1358,17
1589249546.7781632,173.194.151.108,10.10.0.10,,,443,41505,0,1358,17
1589249546.7811348,10.10.0.10,173.194.151.108,,,41505,443,0,50,17
1589249546.792136,173.194.151.108,10.10.0.10,,,443,41505,0,1358,17
1589249546.8061068,173.194.151.108,10.10.0.10,,,443,41505,0,1358,17
1589249546.8080122,10.10.0.10,173.194.151.108,,,41505,443,0,37,17
1589249546.820078,173.194.151.108,10.10.0.10,,,443,41505,0,1358,17
1589249546.8340518,173.194.151.108,10.10.0.10,,,443,41505,0,1358,17
1589249546.835883,10.10.0.10,173.194.151.108,,,41505,443,0,37,17
1589249546.848031,173.194.151.108,10.10.0.10,,,443,41505,0,1358,17
1589249546.8619962,173.194.151.108,10.10.0.10,,,443,41505,0,29,17
1589249546.8626268,173.194.151.108,10.10.0.10,,,443,41505,0,1358,17
1589249546.864135,10.10.0.10,173.194.151.108,,,41505,443,0,37,17
1589249546.876599,173.194.151.108,10.10.0.10,,,443,41505,0,1358,17
1589249546.890572,173.194.151.108,10.10.0.10,,,443,41505,0,1358,17
1589249546.8921142,10.10.0.10,173.194.151.108,,,41505,443,0,37,17
1589249546.904546,173.194.151.108,10.10.0.10,,,443,41505,0,1358,17
1589249546.918531,173.194.151.108,10.10.0.10,,,443,41505,0,1358,17
1589249546.9204981,10.10.0.10,173.194.151.108,,,41505,443,0,37,17
1589249546.9324908,173.194.151.108,10.10.0.10,,,443,41505,0,1358,17
1589249546.9464679,173.194.151.108,10.10.0.10,,,443,41505,0,1358,17
1589249546.9487276,10.10.0.10,173.194.151.108,,,41505,443,0,37,17
1589249546.9604368,173.194.151.108,10.10.0.10,,,443,41505,0,1358,17
1589249546.9744089,173.194.151.108,10.10.0.10,,,443,41505,0,1358,17
1589249546.97663,10.10.0.10,173.194.151.108,,,41505,443,0,37,17
1589249546.988389,173.194.151.108,10.10.0.10,,,443,41505,0,1358,17
1589249547.002353,173.194.151.108,10.10.0.10,,,443,41505,0,1358,17
1589249547.0041149,10.10.0.10,173.194.151.108,,,41505,443,0,37,17
1589249547.0163262,173.194.151.108,10.10.0.10,,,443,41505,0,1358,17
1589249547.030297,173.194.151.108,10.10.0.10,,,443,41505,0,1358,17
1589249547.03213,10.10.0.10,173.194.151.108,,,41505,443,0,37,17
1589249547.044281,173.194.151.108,10.10.0.10,,,443,41505,0,1358,17
1589249547.0582428,173.194.151.108,10.10.0.10,,,443,41505,0,1358,17
1589249547.0599759,10.10.0.10,173.194.151.108,,,41505,443,0,37,17
1589249547.072208,173.194.151.108,10.10.0.10,,,443,41505,0,1358,17
1589249547.086188,173.194.151.108,10.10.0.10,,,443,41505,0,1358,17
1589249547.089232,10.10.0.10,173.194.151.108,,,41505,443,0,37,17
1589249547.100153,173.194.151.108,10.10.0.10,,,443,41505,0,1358,17
1589249547.114151,173.194.151.108,10.10.0.10,,,443,41505,0,1358,17
1589249547.115967,10.10.0.10,173.194.151.108,,,41505,443,0,37,17
1589249547.1281161,173.194.151.108,10.10.0.10,,,443,41505,0,1358,17
1589249547.1420894,173.194.151.108,10.10.0.10,,,443,41505,0,1358,17
1589249547.143734,10.10.0.10,173.194.151.108,,,41505,443,0,37,17
1589249547.156049,173.194.151.108,10.10.0.10,,,443,41505,0,1358,17
1589249547.1700294,173.194.151.108,10.10.0.10,,,443,41505,0,1358,17
1589249547.172626,10.10.0.10,173.194.151.108,,,41505,443,0,37,17
1589249547.1839948,173.194.151.108,10.10.0.10,,,443,41505,0,1358,17
1589249547.197966,173.194.151.108,10.10.0.10,,,443,41505,0,1358,17
1589249547.199854,10.10.0.10,173.194.151.108,,,41505,443,0,37,17
1589249547.2119398,173.194.151.108,10.10.0.10,,,443,41505,0,1358,17
1589249547.2259092,173.194.151.108,10.10.0.10,,,443,41505,0,1358,17
1589249547.227594,10.10.0.10,173.194.151.108,,,41505,443,0,37,17
1589249547.239899,173.194.151.108,10.10.0.10,,,443,41505,0,1358,17
1589249547.2538538,173.194.151.108,10.10.0.10,,,443,41505,0,1358,17
1589249547.255854,10.10.0.10,173.194.151.108,,,41505,443,0,37,17
1589249547.267835,173.194.151.108,10.10.0.10,,,443,41505,0,1358,17
1589249547.281801,173.194.151.108,10.10.0.10,,,443,41505,0,1358,17
1589249547.283352,10.10.0.10,173.194.151.108,,,41505,443,0,37,17
1589249547.295774,173.194.151.108,10.10.0.10,,,443,41505,0,1358,17
1589249547.309744,173.194.151.108,10.10.0.10,,,443,41505,0,1358,17
1589249547.311623,10.10.0.10,173.194.151.108,,,41505,443,0,37,17
1589249547.3237169,173.194.151.108,10.10.0.10,,,443,41505,0,1358,17
1589249547.3377054,173.194.151.108,10.10.0.10,,,443,41505,0,1358,17
1589249547.3395991,10.10.0.10,173.194.151.108,,,41505,443,0,50,17
1589249547.351664,173.194.151.108,10.10.0.10,,,443,41505,0,1358,17
1589249547.3656518,173.194.151.108,10.10.0.10,,,443,41505,0,1358,17
1589249547.367224,10.10.0.10,173.194.151.108,,,41505,443,0,37,17
1589249547.3796089,173.194.151.108,10.10.0.10,,,443,41505,0,1358,17
1589249547.393583,173.194.151.108,10.10.0.10,,,443,41505,0,1358,17
1589249547.407551,173.194.151.108,10.10.0.10,,,443,41505,0,1358,17
1589249547.409849,10.10.0.10,173.194.151.108,,,41505,443,0,37,17
1589249547.421525,173.194.151.108,10.10.0.10,,,443,41505,0,1358,17
1589249547.423742,10.10.0.10,173.194.151.108,,,41505,443,0,37,17
1589249547.435517,173.194.151.108,10.10.0.10,,,443,41505,0,1358,17
1589249547.4494689,173.194.151.108,10.10.0.10,,,443,41505,0,1358,17
1589249547.451101,10.10.0.10,173.194.151.108,,,41505,443,0,37,17
1589249547.463454,173.194.151.108,10.10.0.10,,,443,41505,0,1358,17
1589249547.477415,173.194.151.108,10.10.0.10,,,443,41505,0,1358,17
1589249547.478962,10.10.0.10,173.194.151.108,,,41505,443,0,37,17
1589249547.491388,173.194.151.108,10.10.0.10,,,443,41505,0,1358,17
1589249547.50536,173.194.151.108,10.10.0.10,,,443,41505,0,1358,17
1589249547.507097,10.10.0.10,173.194.151.108,,,41505,443,0,37,17
1589249547.519331,173.194.151.108,10.10.0.10,,,443,41505,0,1358,17
1589249547.533303,173.194.151.108,10.10.0.10,,,443,41505,0,1358,17
1589249547.5351179,10.10.0.10,173.194.151.108,,,41505,443,0,37,17
1589249547.5472784,173.194.151.108,10.10.0.10,,,443,41505,0,1358,17
1589249547.561263,173.194.151.108,10.10.0.10,,,443,41505,0,1358,17
1589249547.5633638,10.10.0.10,173.194.151.108,,,41505,443,0,37,17
1589249547.5752199,173.194.151.108,10.10.0.10,,,443,41505,0,1358,17
1589249547.589201,173.194.151.108,10.10.0.10,,,443,41505,0,1358,17
1589249547.5911849,10.10.0.10,173.194.151.108,,,41505,443,0,37,17
1589249547.603167,173.194.151.108,10.10.0.10,,,443,41505,0,1358,17
1589249547.6171398,173.194.151.108,10.10.0.10,,,443,41505,0,1358,17
1589249547.6188624,10.10.0.10,173.194.151.108,,,41505,443,0,37,17
1589249547.6311092,173.194.151.108,10.10.0.10,,,443,41505,0,1358,17
1589249547.645082,173.194.151.108,10.10.0.10,,,443,41505,0,1358,17
1589249547.64672,10.10.0.10,173.194.151.108,,,41505,443,0,37,17
1589249547.6590528,173.194.151.108,10.10.0.10,,,443,41505,0,1358,17
1589249547.6730258,173.194.151.108,10.10.0.10,,,443,41505,0,1358,17
1589249547.674862,10.10.0.10,173.194.151.108,,,41505,443,0,37,17
1589249547.687012,173.194.151.108,10.10.0.10,,,443,41505,0,1358,17
1589249547.700969,173.194.151.108,10.10.0.10,,,443,41505,0,1358,17
1589249547.7040892,10.10.0.10,173.194.151.108,,,41505,443,0,37,17
1589249547.714947,173.194.151.108,10.10.0.10,,,443,41505,0,1358,17
1589249547.728915,173.194.151.108,10.10.0.10,,,443,41505,0,1358,17
1589249547.7305546,10.10.0.10,173.194.151.108,,,41505,443,0,37,17
1589249547.7428892,173.194.151.108,10.10.0.10,,,443,41505,0,1358,17
1589249547.756883,173.194.151.108,10.10.0.10,,,443,41505,0,1358,17
1589249547.7623582,10.10.0.10,173.194.151.108,,,41505,443,0,37,17
1589249547.770833,173.194.151.108,10.10.0.10,,,443,41505,0,1358,17
1589249547.7848198,173.194.151.108,10.10.0.10,,,443,41505,0,1358,17
1589249547.7868366,10.10.0.10,173.194.151.108,,,41505,443,0,37,17
1589249547.7987788,173.194.151.108,10.10.0.10,,,443,41505,0,1358,17
1589249547.812762,173.194.151.108,10.10.0.10,,,443,41505,0,1358,17
1589249547.814337,10.10.0.10,173.194.151.108,,,41505,443,0,37,17
1589249547.8267262,173.194.151.108,10.10.0.10,,,443,41505,0,1358,17
1589249547.840698,173.194.151.108,10.10.0.10,,,443,41505,0,1358,17
1589249547.8423572,10.10.0.10,173.194.151.108,,,41505,443,0,37,17
1589249547.854668,173.194.151.108,10.10.0.10,,,443,41505,0,1358,17
1589249547.86864,173.194.151.108,10.10.0.10,,,443,41505,0,1358,17
1589249547.8704612,10.10.0.10,173.194.151.108,,,41505,443,0,37,17
1589249547.8826294,173.194.151.108,10.10.0.10,,,443,41505,0,1358,17
1589249547.8965795,173.194.151.108,10.10.0.10,,,443,41505,0,1358,17
1589249547.898334,10.10.0.10,173.194.151.108,,,41505,443,0,50,17
1589249547.910551,173.194.151.108,10.10.0.10,,,443,41505,0,1358,17
1589249547.924536,173.194.151.108,10.10.0.10,,,443,41505,0,1358,17
1589249547.926213,10.10.0.10,173.194.151.108,,,41505,443,0,37,17
1589249547.9385052,173.194.151.108,10.10.0.10,,,443,41505,0,1358,17
1589249547.9524765,173.194.151.108,10.10.0.10,,,443,41505,0,1358,17
1589249547.958476,10.10.0.10,173.194.151.108,,,41505,443,0,37,17
1589249547.966447,173.194.151.108,10.10.0.10,,,443,41505,0,1358,17
1589249547.980421,173.194.151.108,10.10.0.10,,,443,41505,0,29,17
1589249547.981071,173.194.151.108,10.10.0.10,,,443,41505,0,1358,17
1589249547.982465,10.10.0.10,173.194.151.108,,,41505,443,0,37,17
1589249547.995023,173.194.151.108,10.10.0.10,,,443,41505,0,1358,17
1589249548.0090039,173.194.151.108,10.10.0.10,,,443,41505,0,1358,17
1589249548.0111089,10.10.0.10,173.194.151.108,,,41505,443,0,37,17
1589249548.022969,173.194.151.108,10.10.0.10,,,443,41505,0,1358,17
1589249548.0369446,173.194.151.108,10.10.0.10,,,443,41505,0,1358,17
1589249548.038724,10.10.0.10,173.194.151.108,,,41505,443,0,37,17
1589249548.0509136,173.194.151.108,10.10.0.10,,,443,41505,0,1358,17
1589249548.0648868,173.194.151.108,10.10.0.10,,,443,41505,0,1358,17
1589249548.066954,10.10.0.10,173.194.151.108,,,41505,443,0,37,17
1589249548.078858,173.194.151.108,10.10.0.10,,,443,41505,0,1358,17
1589249548.0928302,173.194.151.108,10.10.0.10,,,443,41505,0,1358,17
1589249548.095582,10.10.0.10,173.194.151.108,,,41505,443,0,37,17
1589249548.1068108,173.194.151.108,10.10.0.10,,,443,41505,0,1358,17
1589249548.120777,173.194.151.108,10.10.0.10,,,443,41505,0,1358,17
1589249548.122474,10.10.0.10,173.194.151.108,,,41505,443,0,37,17
1589249548.134751,173.194.151.108,10.10.0.10,,,443,41505,0,1358,17
1589249548.1487222,173.194.151.108,10.10.0.10,,,443,41505,0,1358,17
1589249548.1504445,10.10.0.10,173.194.151.108,,,41505,443,0,37,17
1589249548.1626868,173.194.151.108,10.10.0.10,,,443,41505,0,1358,17
1589249548.176666,173.194.151.108,10.10.0.10,,,443,41505,0,1358,17
1589249548.178472,10.10.0.10,173.194.151.108,,,41505,443,0,37,17
1589249548.190639,173.194.151.108,10.10.0.10,,,443,41505,0,1358,17
1589249548.204624,173.194.151.108,10.10.0.10,,,443,41505,0,1358,17
1589249548.206455,10.10.0.10,173.194.151.108,,,41505,443,0,37,17
1589249548.218583,173.194.151.108,10.10.0.10,,,443,41505,0,1358,17
1589249548.232557,173.194.151.108,10.10.0.10,,,443,41505,0,1358,17
1589249548.23469,10.10.0.10,173.194.151.108,,,41505,443,0,37,17
1589249548.246528,173.194.151.108,10.10.0.10,,,443,41505,0,1358,17
1589249548.2604976,173.194.151.108,10.10.0.10,,,443,41505,0,1358,17
1589249548.2625911,10.10.0.10,173.194.151.108,,,41505,443,0,37,17
1589249548.2744946,173.194.151.108,10.10.0.10,,,443,41505,0,1358,17
1589249548.288444,173.194.151.108,10.10.0.10,,,443,41505,0,1358,17
1589249548.2902179,10.10.0.10,173.194.151.108,,,41505,443,0,37,17
1589249548.302431,173.194.151.108,10.10.0.10,,,443,41505,0,1358,17
1589249548.316391,173.194.151.108,10.10.0.10,,,443,41505,0,1358,17
1589249548.3190932,10.10.0.10,173.194.151.108,,,41505,443,0,37,17
1589249548.330369,173.194.151.108,10.10.0.10,,,443,41505,0,1358,17
1589249548.344334,173.194.151.108,10.10.0.10,,,443,41505,0,1358,17
1589249548.345944,10.10.0.10,173.194.151.108,,,41505,443,0,37,17
1589249548.3583062,173.194.151.108,10.10.0.10,,,443,41505,0,1358,17
1589249548.372281,173.194.151.108,10.10.0.10,,,443,41505,0,1358,17
1589249548.3747878,10.10.0.10,173.194.151.108,,,41505,443,0,37,17
1589249548.3862526,173.194.151.108,10.10.0.10,,,443,41505,0,1358,17
1589249548.400239,173.194.151.108,10.10.0.10,,,443,41505,0,1358,17
1589249548.401967,10.10.0.10,173.194.151.108,,,41505,443,0,37,17
1589249548.4141972,173.194.151.108,10.10.0.10,,,443,41505,0,1358,17
1589249548.4281778,173.194.151.108,10.10.0.10,,,443,41505,0,1358,17
1589249548.4298232,10.10.0.10,173.194.151.108,,,41505,443,0,37,17
1589249548.442141,173.194.151.108,10.10.0.10,,,443,41505,0,1358,17
1589249548.4561172,173.194.151.108,10.10.0.10,,,443,41505,0,1358,17
1589249548.457942,10.10.0.10,173.194.151.108,,,41505,443,0,50,17
1589249548.4700851,173.194.151.108,10.10.0.10,,,443,41505,0,1358,17
1589249548.484058,173.194.151.108,10.10.0.10,,,443,41505,0,1358,17
1589249548.4857109,10.10.0.10,173.194.151.108,,,41505,443,0,37,17
1589249548.498033,173.194.151.108,10.10.0.10,,,443,41505,0,1358,17
1589249548.512005,173.194.151.108,10.10.0.10,,,443,41505,0,1358,17
1589249548.5136828,10.10.0.10,173.194.151.108,,,41505,443,0,37,17
1589249548.525988,173.194.151.108,10.10.0.10,,,443,41505,0,1358,17
1589249548.539951,173.194.151.108,10.10.0.10,,,443,41505,0,29,17
1589249548.5405798,173.194.151.108,10.10.0.10,,,443,41505,0,1358,17
1589249548.5420651,10.10.0.10,173.194.151.108,,,41505,443,0,37,17
1589249548.5545518,173.194.151.108,10.10.0.10,,,443,41505,0,1358,17
1589249548.568525,173.194.151.108,10.10.0.10,,,443,41505,0,1358,17
1589249548.572434,10.10.0.10,173.194.151.108,,,41505,443,0,37,17
1589249548.5824974,173.194.151.108,10.10.0.10,,,443,41505,0,1358,17
1589249548.5964642,173.194.151.108,10.10.0.10,,,443,41505,0,1358,17
1589249548.5981548,10.10.0.10,173.194.151.108,,,41505,443,0,37,17
1589249548.610438,173.194.151.108,10.10.0.10,,,443,41505,0,1358,17
1589249548.62441,173.194.151.108,10.10.0.10,,,443,41505,0,1358,17
1589249548.627544,10.10.0.10,173.194.151.108,,,41505,443,0,37,17
1589249548.6400568,173.194.151.108,10.10.0.10,,,443,41505,0,1358,17
1589249548.654048,173.194.151.108,10.10.0.10,,,443,41505,0,1358,17
1589249548.666193,10.10.0.10,173.194.151.108,,,41505,443,0,37,17
1589249548.6680028,173.194.151.108,10.10.0.10,,,443,41505,0,1358,17
1589249548.681979,173.194.151.108,10.10.0.10,,,443,41505,0,1358,17
1589249548.684057,10.10.0.10,173.194.151.108,,,41505,443,0,37,17
1589249548.69595,173.194.151.108,10.10.0.10,,,443,41505,0,1358,17
1589249548.70992,173.194.151.108,10.10.0.10,,,443,41505,0,1358,17
1589249548.7116678,10.10.0.10,173.194.151.108,,,41505,443,0,37,17
1589249548.723898,173.194.151.108,10.10.0.10,,,443,41505,0,1358,17
1589249548.737869,173.194.151.108,10.10.0.10,,,443,41505,0,1358,17
1589249548.739536,10.10.0.10,173.194.151.108,,,41505,443,0,37,17
1589249548.751856,173.194.151.108,10.10.0.10,,,443,41505,0,1358,17
1589249548.765816,173.194.151.108,10.10.0.10,,,443,41505,0,1358,17
1589249548.767585,10.10.0.10,173.194.151.108,,,41505,443,0,37,17
1589249548.779791,173.194.151.108,10.10.0.10,,,443,41505,0,1358,17
1589249548.7937589,173.194.151.108,10.10.0.10,,,443,41505,0,1358,17
1589249548.795454,10.10.0.10,173.194.151.108,,,41505,443,0,37,17
1589249548.807733,173.194.151.108,10.10.0.10,,,443,41505,0,1358,17
1589249548.821727,173.194.151.108,10.10.0.10,,,443,41505,0,1358,17
1589249548.823577,10.10.0.10,173.194.151.108,,,41505,443,0,37,17
1589249548.8356762,173.194.151.108,10.10.0.10,,,443,41505,0,1358,17
1589249548.849664,173.194.151.108,10.10.0.10,,,443,41505,0,1358,17
1589249548.851826,10.10.0.10,173.194.151.108,,,41505,443,0,37,17
1589249548.8636212,173.194.151.108,10.10.0.10,,,443,41505,0,1358,17
1589249548.8776028,173.194.151.108,10.10.0.10,,,443,41505,0,1358,17
1589249548.8796961,10.10.0.10,173.194.151.108,,,41505,443,0,37,17
1589249548.891568,173.194.151.108,10.10.0.10,,,443,41505,0,1358,17
1589249548.9055386,173.194.151.108,10.10.0.10,,,443,41505,0,1358,17
1589249548.9195108,173.194.151.108,10.10.0.10,,,443,41505,0,1358,17
1589249548.9334884,173.194.151.108,10.10.0.10,,,443,41505,0,1358,17
1589249548.947473,173.194.151.108,10.10.0.10,,,443,41505,0,1358,17
1589249548.9614286,173.194.151.108,10.10.0.10,,,443,41505,0,1358,17
1589249548.97541,173.194.151.108,10.10.0.10,,,443,41505,0,1358,17
1589249548.9893725,173.194.151.108,10.10.0.10,,,443,41505,0,1358,17
1589249549.014577,10.10.0.10,173.194.151.108,,,41505,443,0,40,17
1589249549.015325,10.10.0.10,173.194.151.108,,,41505,443,0,40,17
1589249549.0174446,10.10.0.10,173.194.151.108,,,41505,443,0,40,17
1589249549.017471,10.10.0.10,173.194.151.108,,,41505,443,0,40,17
1589249549.020303,173.194.151.108,10.10.0.10,,,443,41505,0,1358,17
1589249549.0221946,10.10.0.10,173.194.151.108,,,41505,443,0,53,17
1589249549.0271714,173.194.151.108,10.10.0.10,,,443,41505,0,1358,17
1589249549.048341,173.194.151.108,10.10.0.10,,,443,41505,0,1358,17
1589249549.050042,10.10.0.10,173.194.151.108,,,41505,443,0,37,17
1589249549.054718,173.194.151.108,10.10.0.10,,,443,41505,0,1358,17
1589249549.060915,173.194.151.108,10.10.0.10,,,443,41505,0,1358,17
1589249549.062425,10.10.0.10,173.194.151.108,,,41505,443,0,37,17
1589249549.074883,173.194.151.108,10.10.0.10,,,443,41505,0,1358,17
1589249549.088855,173.194.151.108,10.10.0.10,,,443,41505,0,1358,17
1589249549.0909472,10.10.0.10,173.194.151.108,,,41505,443,0,37,17
1589249549.1028428,173.194.151.108,10.10.0.10,,,443,41505,0,1358,17
1589249549.116801,173.194.151.108,10.10.0.10,,,443,41505,0,1358,17
1589249549.1185482,10.10.0.10,173.194.151.108,,,41505,443,0,37,17
1589249549.1307812,173.194.151.108,10.10.0.10,,,443,41505,0,1358,17
1589249549.1447468,173.194.151.108,10.10.0.10,,,443,41505,0,1358,17
1589249549.146568,10.10.0.10,173.194.151.108,,,41505,443,0,37,17
1589249549.1587172,173.194.151.108,10.10.0.10,,,443,41505,0,1358,17
1589249549.1726902,173.194.151.108,10.10.0.10,,,443,41505,0,1358,17
1589249549.1746712,10.10.0.10,173.194.151.108,,,41505,443,0,37,17
1589249549.186664,173.194.151.108,10.10.0.10,,,443,41505,0,1358,17
1589249549.200635,173.194.151.108,10.10.0.10,,,443,41505,0,1358,17
1589249549.203795,10.10.0.10,173.194.151.108,,,41505,443,0,37,17
1589249549.214607,173.194.151.108,10.10.0.10,,,443,41505,0,1358,17
1589249549.2285948,173.194.151.108,10.10.0.10,,,443,41505,0,1358,17
1589249549.2302842,10.10.0.10,173.194.151.108,,,41505,443,0,37,17
1589249549.242553,173.194.151.108,10.10.0.10,,,443,41505,0,1358,17
1589249549.2565286,173.194.151.108,10.10.0.10,,,443,41505,0,1358,17
1589249549.25877,10.10.0.10,173.194.151.108,,,41505,443,0,37,17
1589249549.270499,173.194.151.108,10.10.0.10,,,443,41505,0,1358,17
1589249549.284472,173.194.151.108,10.10.0.10,,,443,41505,0,1358,17
1589249549.286689,10.10.0.10,173.194.151.108,,,41505,443,0,37,17
1589249549.298465,173.194.151.108,10.10.0.10,,,443,41505,0,1358,17
1589249549.3124142,173.194.151.108,10.10.0.10,,,443,41505,0,1358,17
1589249549.314312,10.10.0.10,173.194.151.108,,,41505,443,0,37,17
1589249549.328066,173.194.151.108,10.10.0.10,,,443,41505,0,1358,17
1589249549.3420348,173.194.151.108,10.10.0.10,,,443,41505,0,1358,17
1589249549.343792,10.10.0.10,173.194.151.108,,,41505,443,0,37,17
1589249549.3560061,173.194.151.108,10.10.0.10,,,443,41505,0,1358,17
1589249549.3699741,173.194.151.108,10.10.0.10,,,443,41505,0,1358,17
1589249549.3717911,10.10.0.10,173.194.151.108,,,41505,443,0,37,17
1589249549.383964,173.194.151.108,10.10.0.10,,,443,41505,0,1358,17
1589249549.397928,173.194.151.108,10.10.0.10,,,443,41505,0,1358,17
1589249549.3996642,10.10.0.10,173.194.151.108,,,41505,443,0,37,17
1589249549.4119039,173.194.151.108,10.10.0.10,,,443,41505,0,1358,17
1589249549.4258692,173.194.151.108,10.10.0.10,,,443,41505,0,1358,17
1589249549.4284348,10.10.0.10,173.194.151.108,,,41505,443,0,37,17
1589249549.439842,173.194.151.108,10.10.0.10,,,443,41505,0,1358,17
1589249549.4538348,173.194.151.108,10.10.0.10,,,443,41505,0,1358,17
1589249549.4677882,173.194.151.108,10.10.0.10,,,443,41505,0,1358,17
1589249549.481771,173.194.151.108,10.10.0.10,,,443,41505,0,1358,17
1589249549.4957318,173.194.151.108,10.10.0.10,,,443,41505,0,1358,17
1589249549.5097039,173.194.151.108,10.10.0.10,,,443,41505,0,1358,17
1589249549.5236769,173.194.151.108,10.10.0.10,,,443,41505,0,1358,17
1589249549.528166,10.10.0.10,173.194.151.108,,,41505,443,0,40,17
1589249549.5286946,10.10.0.10,173.194.151.108,,,41505,443,0,40,17
1589249549.52929,10.10.0.10,173.194.151.108,,,41505,443,0,40,17
1589249549.5297902,10.10.0.10,173.194.151.108,,,41505,443,0,40,17
1589249549.5376508,173.194.151.108,10.10.0.10,,,443,41505,0,1358,17
1589249549.5392866,10.10.0.10,173.194.151.108,,,41505,443,0,53,17
1589249549.551623,173.194.151.108,10.10.0.10,,,443,41505,0,1358,17
1589249549.565598,173.194.151.108,10.10.0.10,,,443,41505,0,1358,17
1589249549.567285,10.10.0.10,173.194.151.108,,,41505,443,0,40,17
1589249549.579581,173.194.151.108,10.10.0.10,,,443,41505,0,1358,17
1589249549.5935378,173.194.151.108,10.10.0.10,,,443,41505,0,1358,17
1589249549.595536,10.10.0.10,173.194.151.108,,,41505,443,0,40,17
1589249549.607506,173.194.151.108,10.10.0.10,,,443,41505,0,29,17
1589249549.6081412,173.194.151.108,10.10.0.10,,,443,41505,0,1358,17
1589249549.6221259,173.194.151.108,10.10.0.10,,,443,41505,0,1358,17
1589249549.626153,10.10.0.10,173.194.151.108,,,41505,443,0,37,17
1589249549.6360831,173.194.151.108,10.10.0.10,,,443,41505,0,1358,17
1589249549.6500778,173.194.151.108,10.10.0.10,,,443,41505,0,1358,17
1589249549.6518,10.10.0.10,173.194.151.108,,,41505,443,0,37,17
1589249549.6640284,173.194.151.108,10.10.0.10,,,443,41505,0,1358,17
1589249549.678015,173.194.151.108,10.10.0.10,,,443,41505,0,1358,17
1589249549.681928,10.10.0.10,173.194.151.108,,,41505,443,0,37,17
1589249549.691978,173.194.151.108,10.10.0.10,,,443,41505,0,1358,17
1589249549.705948,173.194.151.108,10.10.0.10,,,443,41505,0,1358,17
1589249549.707617,10.10.0.10,173.194.151.108,,,41505,443,0,37,17
1589249549.719928,173.194.151.108,10.10.0.10,,,443,41505,0,1358,17
1589249549.7338915,173.194.151.108,10.10.0.10,,,443,41505,0,1358,17
1589249549.73552,10.10.0.10,173.194.151.108,,,41505,443,0,37,17
1589249549.747872,173.194.151.108,10.10.0.10,,,443,41505,0,1358,17
1589249549.761836,173.194.151.108,10.10.0.10,,,443,41505,0,1358,17
1589249549.7634988,10.10.0.10,173.194.151.108,,,41505,443,0,37,17
1589249549.7758052,173.194.151.108,10.10.0.10,,,443,41505,0,1358,17
1589249549.789784,173.194.151.108,10.10.0.10,,,443,41505,0,1358,17
1589249549.7915368,10.10.0.10,173.194.151.108,,,41505,443,0,37,17
1589249549.803761,173.194.151.108,10.10.0.10,,,443,41505,0,1358,17
1589249549.817729,173.194.151.108,10.10.0.10,,,443,41505,0,1358,17
1589249549.819155,10.10.0.10,173.194.151.108,,,41505,443,0,37,17
1589249549.831702,173.194.151.108,10.10.0.10,,,443,41505,0,1358,17
1589249549.845674,173.194.151.108,10.10.0.10,,,443,41505,0,1358,17
1589249549.847269,10.10.0.10,173.194.151.108,,,41505,443,0,37,17
1589249549.8596456,173.194.151.108,10.10.0.10,,,443,41505,0,1358,17
1589249549.8736348,173.194.151.108,10.10.0.10,,,443,41505,0,1358,17
1589249549.875278,10.10.0.10,173.194.151.108,,,41505,443,0,37,17
1589249549.8875911,173.194.151.108,10.10.0.10,,,443,41505,0,1358,17
1589249549.901575,173.194.151.108,10.10.0.10,,,443,41505,0,1358,17
1589249549.9031718,10.10.0.10,173.194.151.108,,,41505,443,0,37,17
1589249549.915536,173.194.151.108,10.10.0.10,,,443,41505,0,1358,17
1589249549.9295092,173.194.151.108,10.10.0.10,,,443,41505,0,1358,17
1589249549.9315252,10.10.0.10,173.194.151.108,,,41505,443,0,37,17
1589249549.943482,173.194.151.108,10.10.0.10,,,443,41505,0,1358,17
1589249549.957454,173.194.151.108,10.10.0.10,,,443,41505,0,1358,17
1589249549.962904,10.10.0.10,173.194.151.108,,,41505,443,0,37,17
1589249549.971443,173.194.151.108,10.10.0.10,,,443,41505,0,1358,17
1589249549.9854,173.194.151.108,10.10.0.10,,,443,41505,0,1358,17
1589249549.987148,10.10.0.10,173.194.151.108,,,41505,443,0,37,17
1589249549.999382,173.194.151.108,10.10.0.10,,,443,41505,0,1358,17
1589249550.0133429,173.194.151.108,10.10.0.10,,,443,41505,0,1358,17
1589249550.015166,10.10.0.10,173.194.151.108,,,41505,443,0,37,17
1589249550.02732,173.194.151.108,10.10.0.10,,,443,41505,0,1358,17
1589249550.0412884,173.194.151.108,10.10.0.10,,,443,41505,0,1358,17
1589249550.0430212,10.10.0.10,173.194.151.108,,,41505,443,0,37,17
1589249550.0552616,173.194.151.108,10.10.0.10,,,443,41505,0,1358,17
1589249550.0692372,173.194.151.108,10.10.0.10,,,443,41505,0,1358,17
1589249550.071035,10.10.0.10,173.194.151.108,,,41505,443,0,37,17
1589249550.0832038,173.194.151.108,10.10.0.10,,,443,41505,0,1358,17
1589249550.097191,173.194.151.108,10.10.0.10,,,443,41505,0,1358,17
1589249550.099039,10.10.0.10,173.194.151.108,,,41505,443,0,50,17
1589249550.11115,173.194.151.108,10.10.0.10,,,443,41505,0,1358,17
1589249550.125129,173.194.151.108,10.10.0.10,,,443,41505,0,1358,17
1589249550.1269171,10.10.0.10,173.194.151.108,,,41505,443,0,37,17
1589249550.1390948,173.194.151.108,10.10.0.10,,,443,41505,0,1358,17
1589249550.153066,173.194.151.108,10.10.0.10,,,443,41505,0,1358,17
1589249550.154768,10.10.0.10,173.194.151.108,,,41505,443,0,37,17
1589249550.167037,173.194.151.108,10.10.0.10,,,443,41505,0,1358,17
1589249550.181013,173.194.151.108,10.10.0.10,,,443,41505,0,1358,17
1589249550.182787,10.10.0.10,173.194.151.108,,,41505,443,0,37,17
1589249550.194998,173.194.151.108,10.10.0.10,,,443,41505,0,1358,17
1589249550.208958,173.194.151.108,10.10.0.10,,,443,41505,0,1358,17
1589249550.210641,10.10.0.10,173.194.151.108,,,41505,443,0,37,17
1589249550.2229269,173.194.151.108,10.10.0.10,,,443,41505,0,1358,17
1589249550.2368991,173.194.151.108,10.10.0.10,,,443,41505,0,1358,17
1589249550.2385082,10.10.0.10,173.194.151.108,,,41505,443,0,37,17
1589249550.2508721,173.194.151.108,10.10.0.10,,,443,41505,0,1358,17
1589249550.2648456,173.194.151.108,10.10.0.10,,,443,41505,0,1358,17
1589249550.2666438,10.10.0.10,173.194.151.108,,,41505,443,0,37,17
1589249550.278817,173.194.151.108,10.10.0.10,,,443,41505,0,1358,17
1589249550.292809,173.194.151.108,10.10.0.10,,,443,41505,0,1358,17
1589249550.295038,10.10.0.10,173.194.151.108,,,41505,443,0,37,17
1589249550.306762,173.194.151.108,10.10.0.10,,,443,41505,0,1358,17
1589249550.3207474,173.194.151.108,10.10.0.10,,,443,41505,0,1358,17
1589249550.3225136,10.10.0.10,173.194.151.108,,,41505,443,0,37,17
1589249550.3347092,173.194.151.108,10.10.0.10,,,443,41505,0,1358,17
1589249550.348687,173.194.151.108,10.10.0.10,,,443,41505,0,1358,17
1589249550.3503911,10.10.0.10,173.194.151.108,,,41505,443,0,37,17
1589249550.362653,173.194.151.108,10.10.0.10,,,443,41505,0,1358,17
1589249550.376625,173.194.151.108,10.10.0.10,,,443,41505,0,1358,17
1589249550.3783882,10.10.0.10,173.194.151.108,,,41505,443,0,37,17
1589249550.390599,173.194.151.108,10.10.0.10,,,443,41505,0,1358,17
1589249550.4045722,173.194.151.108,10.10.0.10,,,443,41505,0,1358,17
1589249550.4065304,10.10.0.10,173.194.151.108,,,41505,443,0,37,17
1589249550.4185572,173.194.151.108,10.10.0.10,,,443,41505,0,1358,17
1589249550.4325151,173.194.151.108,10.10.0.10,,,443,41505,0,1358,17
1589249550.434279,10.10.0.10,173.194.151.108,,,41505,443,0,37,17
1589249550.4464939,173.194.151.108,10.10.0.10,,,443,41505,0,1358,17
1589249550.4604568,173.194.151.108,10.10.0.10,,,443,41505,0,1358,17
1589249550.462248,10.10.0.10,173.194.151.108,,,41505,443,0,37,17
1589249550.474431,173.194.151.108,10.10.0.10,,,443,41505,0,1358,17
1589249550.488402,173.194.151.108,10.10.0.10,,,443,41505,0,1358,17
1589249550.4901538,10.10.0.10,173.194.151.108,,,41505,443,0,37,17
1589249550.502377,173.194.151.108,10.10.0.10,,,443,41505,0,1358,17
1589249550.5163481,173.194.151.108,10.10.0.10,,,443,41505,0,1358,17
1589249550.5181339,10.10.0.10,173.194.151.108,,,41505,443,0,37,17
1589249550.5303226,173.194.151.108,10.10.0.10,,,443,41505,0,1358,17
1589249550.5443056,173.194.151.108,10.10.0.10,,,443,41505,0,1358,17
1589249550.546026,10.10.0.10,173.194.151.108,,,41505,443,0,37,17
1589249550.558264,173.194.151.108,10.10.0.10,,,443,41505,0,1358,17
1589249550.572233,173.194.151.108,10.10.0.10,,,443,41505,0,1358,17
1589249550.573981,10.10.0.10,173.194.151.108,,,41505,443,0,37,17
1589249550.586213,173.194.151.108,10.10.0.10,,,443,41505,0,1358,17
1589249550.600179,173.194.151.108,10.10.0.10,,,443,41505,0,1358,17
1589249550.601757,10.10.0.10,173.194.151.108,,,41505,443,0,37,17
1589249550.614152,173.194.151.108,10.10.0.10,,,443,41505,0,1358,17
1589249550.6281226,173.194.151.108,10.10.0.10,,,443,41505,0,1358,17
1589249550.629776,10.10.0.10,173.194.151.108,,,41505,443,0,37,17
1589249550.642112,173.194.151.108,10.10.0.10,,,443,41505,0,1358,17
1589249550.656069,173.194.151.108,10.10.0.10,,,443,41505,0,1358,17
1589249550.6576269,10.10.0.10,173.194.151.108,,,41505,443,0,50,17
1589249550.6700542,173.194.151.108,10.10.0.10,,,443,41505,0,1358,17
1589249550.6840134,173.194.151.108,10.10.0.10,,,443,41505,0,1358,17
1589249550.686004,10.10.0.10,173.194.151.108,,,41505,443,0,37,17
1589249550.6979878,173.194.151.108,10.10.0.10,,,443,41505,0,655,17
1589249550.704906,173.194.151.108,10.10.0.10,,,443,41505,0,29,17
1589249550.751023,10.10.0.10,173.194.151.108,,,41505,443,0,37,17
1589249554.4531689,10.10.0.10,173.194.151.108,,,41505,443,0,723,17
1589249554.453204,10.10.0.10,173.194.151.108,,,41505,443,0,48,17
1589249554.4578428,173.194.151.108,10.10.0.10,,,443,41505,0,115,17
1589249554.4578788,173.194.151.108,10.10.0.10,,,443,41505,0,1358,17
1589249554.4579,173.194.151.108,10.10.0.10,,,443,41505,0,1358,17
1589249554.459652,10.10.0.10,173.194.151.108,,,41505,443,0,37,17
1589249554.4712508,173.194.151.108,10.10.0.10,,,443,41505,0,1358,17
1589249554.4730198,10.10.0.10,173.194.151.108,,,41505,443,0,37,17
1589249554.4852,173.194.151.108,10.10.0.10,,,443,41505,0,1358,17
1589249554.4991732,173.194.151.108,10.10.0.10,,,443,41505,0,1358,17
1589249554.500769,10.10.0.10,173.194.151.108,,,41505,443,0,37,17
1589249554.513151,173.194.151.108,10.10.0.10,,,443,41505,0,1358,17
1589249554.5271251,173.194.151.108,10.10.0.10,,,443,41505,0,1358,17
1589249554.5290372,10.10.0.10,173.194.151.108,,,41505,443,0,37,17
1589249554.5410972,173.194.151.108,10.10.0.10,,,443,41505,0,1358,17
1589249554.5550685,173.194.151.108,10.10.0.10,,,443,41505,0,1358,17
1589249554.556766,10.10.0.10,173.194.151.108,,,41505,443,0,37,17
1589249554.569059,173.194.151.108,10.10.0.10,,,443,41505,0,1358,17
1589249554.583016,173.194.151.108,10.10.0.10,,,443,41505,0,1358,17
1589249554.5848901,10.10.0.10,173.194.151.108,,,41505,443,0,37,17
1589249554.596998,173.194.151.108,10.10.0.10,,,443,41505,0,1358,17
1589249554.6109562,173.194.151.108,10.10.0.10,,,443,41505,0,1358,17
1589249554.6127331,10.10.0.10,173.194.151.108,,,41505,443,0,37,17
1589249554.6249242,173.194.151.108,10.10.0.10,,,443,41505,0,1358,17
1589249554.6388981,173.194.151.108,10.10.0.10,,,443,41505,0,1358,17
1589249554.640525,10.10.0.10,173.194.151.108,,,41505,443,0,37,17
1589249554.652875,173.194.151.108,10.10.0.10,,,443,41505,0,1358,17
1589249554.666843,173.194.151.108,10.10.0.10,,,443,41505,0,1358,17
1589249554.6683805,10.10.0.10,173.194.151.108,,,41505,443,0,37,17
1589249554.6808178,173.194.151.108,10.10.0.10,,,443,41505,0,1358,17
1589249554.6947875,173.194.151.108,10.10.0.10,,,443,41505,0,1358,17
1589249554.696232,10.10.0.10,173.194.151.108,,,41505,443,0,37,17
1589249554.708759,173.194.151.108,10.10.0.10,,,443,41505,0,1358,17
1589249554.722732,173.194.151.108,10.10.0.10,,,443,41505,0,1358,17
1589249554.7246392,10.10.0.10,173.194.151.108,,,41505,443,0,37,17
1589249554.7367039,173.194.151.108,10.10.0.10,,,443,41505,0,1358,17
1589249554.7506769,173.194.151.108,10.10.0.10,,,443,41505,0,1358,17
1589249554.7523582,10.10.0.10,173.194.151.108,,,41505,443,0,37,17
1589249554.7646651,173.194.151.108,10.10.0.10,,,443,41505,0,1358,17
1589249554.778627,173.194.151.108,10.10.0.10,,,443,41505,0,1358,17
1589249554.780279,10.10.0.10,173.194.151.108,,,41505,443,0,37,17
1589249554.792599,173.194.151.108,10.10.0.10,,,443,41505,0,1358,17
1589249554.8065722,173.194.151.108,10.10.0.10,,,443,41505,0,1358,17
1589249554.8082788,10.10.0.10,173.194.151.108,,,41505,443,0,37,17
1589249554.820544,173.194.151.108,10.10.0.10,,,443,41505,0,1358,17
1589249554.8345158,173.194.151.108,10.10.0.10,,,443,41505,0,1358,17
1589249554.836153,10.10.0.10,173.194.151.108,,,41505,443,0,37,17
1589249554.8484838,173.194.151.108,10.10.0.10,,,443,41505,0,1358,17
1589249554.862463,173.194.151.108,10.10.0.10,,,443,41505,0,1358,17
1589249554.864136,10.10.0.10,173.194.151.108,,,41505,443,0,37,17
1589249554.8764286,173.194.151.108,10.10.0.10,,,443,41505,0,1358,17
1589249554.8904035,173.194.151.108,10.10.0.10,,,443,41505,0,1358,17
1589249554.892153,10.10.0.10,173.194.151.108,,,41505,443,0,37,17
1589249554.904378,173.194.151.108,10.10.0.10,,,443,41505,0,1358,17
1589249554.918364,173.194.151.108,10.10.0.10,,,443,41505,0,1358,17
1589249554.9199722,10.10.0.10,173.194.151.108,,,41505,443,0,37,17
1589249554.9323251,173.194.151.108,10.10.0.10,,,443,41505,0,1358,17
1589249554.9463036,173.194.151.108,10.10.0.10,,,443,41505,0,1358,17
1589249554.948129,10.10.0.10,173.194.151.108,,,41505,443,0,37,17
1589249554.9602685,173.194.151.108,10.10.0.10,,,443,41505,0,1358,17
1589249554.974239,173.194.151.108,10.10.0.10,,,443,41505,0,1358,17
1589249554.975754,10.10.0.10,173.194.151.108,,,41505,443,0,50,17
1589249554.988213,173.194.151.108,10.10.0.10,,,443,41505,0,1358,17
1589249555.0021849,173.194.151.108,10.10.0.10,,,443,41505,0,1358,17
1589249555.0036461,10.10.0.10,173.194.151.108,,,41505,443,0,37,17
1589249555.016174,173.194.151.108,10.10.0.10,,,443,41505,0,1358,17
1589249555.0301318,173.194.151.108,10.10.0.10,,,443,41505,0,1358,17
1589249555.0318668,10.10.0.10,173.194.151.108,,,41505,443,0,37,17
1589249555.044111,173.194.151.108,10.10.0.10,,,443,41505,0,1358,17
1589249555.058074,173.194.151.108,10.10.0.10,,,443,41505,0,1358,17
1589249555.0720446,173.194.151.108,10.10.0.10,,,443,41505,0,1358,17
1589249555.085376,10.10.0.10,173.194.151.108,,,41505,443,0,37,17
1589249555.086017,173.194.151.108,10.10.0.10,,,443,41505,0,1358,17
1589249555.0888948,10.10.0.10,173.194.151.108,,,41505,443,0,37,17
1589249555.0999892,173.194.151.108,10.10.0.10,,,443,41505,0,1358,17
1589249555.1139634,173.194.151.108,10.10.0.10,,,443,41505,0,1358,17
1589249555.115624,10.10.0.10,173.194.151.108,,,41505,443,0,37,17
1589249555.127934,173.194.151.108,10.10.0.10,,,443,41505,0,1358,17
1589249555.141922,173.194.151.108,10.10.0.10,,,443,41505,0,1358,17
1589249555.143969,10.10.0.10,173.194.151.108,,,41505,443,0,37,17
1589249555.1558821,173.194.151.108,10.10.0.10,,,443,41505,0,1358,17
1589249555.169857,173.194.151.108,10.10.0.10,,,443,41505,0,1358,17
1589249555.17149,10.10.0.10,173.194.151.108,,,41505,443,0,37,17
1589249555.183825,173.194.151.108,10.10.0.10,,,443,41505,0,1358,17
1589249555.197799,173.194.151.108,10.10.0.10,,,443,41505,0,1358,17
1589249555.199496,10.10.0.10,173.194.151.108,,,41505,443,0,37,17
1589249555.211791,173.194.151.108,10.10.0.10,,,443,41505,0,1358,17
1589249555.225743,173.194.151.108,10.10.0.10,,,443,41505,0,1358,17
1589249555.2274964,10.10.0.10,173.194.151.108,,,41505,443,0,37,17
1589249555.239729,173.194.151.108,10.10.0.10,,,443,41505,0,1358,17
1589249555.2536874,173.194.151.108,10.10.0.10,,,443,41505,0,1358,17
1589249555.255372,10.10.0.10,173.194.151.108,,,41505,443,0,37,17
1589249555.2676678,173.194.151.108,10.10.0.10,,,443,41505,0,1358,17
1589249555.281633,173.194.151.108,10.10.0.10,,,443,41505,0,1358,17
1589249555.2834866,10.10.0.10,173.194.151.108,,,41505,443,0,37,17
1589249555.295599,173.194.151.108,10.10.0.10,,,443,41505,0,1358,17
1589249555.309578,173.194.151.108,10.10.0.10,,,443,41505,0,1358,17
1589249555.311745,10.10.0.10,173.194.151.108,,,41505,443,0,37,17
1589249555.323549,173.194.151.108,10.10.0.10,,,443,41505,0,1358,17
1589249555.337522,173.194.151.108,10.10.0.10,,,443,41505,0,1358,17
1589249555.3392696,10.10.0.10,173.194.151.108,,,41505,443,0,37,17
1589249555.3514931,173.194.151.108,10.10.0.10,,,443,41505,0,1358,17
1589249555.365476,173.194.151.108,10.10.0.10,,,443,41505,0,1358,17
1589249555.367262,10.10.0.10,173.194.151.108,,,41505,443,0,37,17
1589249555.379439,173.194.151.108,10.10.0.10,,,443,41505,0,1358,17
1589249555.393416,173.194.151.108,10.10.0.10,,,443,41505,0,1358,17
1589249555.397366,10.10.0.10,173.194.151.108,,,41505,443,0,37,17
1589249555.4073849,173.194.151.108,10.10.0.10,,,443,41505,0,1358,17
1589249555.4213572,173.194.151.108,10.10.0.10,,,443,41505,0,1358,17
1589249555.423135,10.10.0.10,173.194.151.108,,,41505,443,0,37,17
1589249555.435328,173.194.151.108,10.10.0.10,,,443,41505,0,1358,17
1589249555.4493039,173.194.151.108,10.10.0.10,,,443,41505,0,1358,17
1589249555.451009,10.10.0.10,173.194.151.108,,,41505,443,0,37,17
1589249555.463288,173.194.151.108,10.10.0.10,,,443,41505,0,1358,17
1589249555.477247,173.194.151.108,10.10.0.10,,,443,41505,0,1358,17
1589249555.4789894,10.10.0.10,173.194.151.108,,,41505,443,0,37,17
1589249555.4912221,173.194.151.108,10.10.0.10,,,443,41505,0,1358,17
1589249555.5051901,173.194.151.108,10.10.0.10,,,443,41505,0,1358,17
1589249555.5068884,10.10.0.10,173.194.151.108,,,41505,443,0,37,17
1589249555.519166,173.194.151.108,10.10.0.10,,,443,41505,0,1358,17
1589249555.533159,173.194.151.108,10.10.0.10,,,443,41505,0,1358,17
1589249555.535756,10.10.0.10,173.194.151.108,,,41505,443,0,50,17
1589249555.547111,173.194.151.108,10.10.0.10,,,443,41505,0,1358,17
1589249555.5610778,173.194.151.108,10.10.0.10,,,443,41505,0,1358,17
1589249555.562982,10.10.0.10,173.194.151.108,,,41505,443,0,37,17
1589249555.575049,173.194.151.108,10.10.0.10,,,443,41505,0,1358,17
1589249555.5890188,173.194.151.108,10.10.0.10,,,443,41505,0,1358,17
1589249555.590612,10.10.0.10,173.194.151.108,,,41505,443,0,37,17
1589249555.602993,173.194.151.108,10.10.0.10,,,443,41505,0,1358,17
1589249555.6169698,173.194.151.108,10.10.0.10,,,443,41505,0,1358,17
1589249555.618632,10.10.0.10,173.194.151.108,,,41505,443,0,37,17
1589249555.6309366,173.194.151.108,10.10.0.10,,,443,41505,0,1358,17
1589249555.6449091,173.194.151.108,10.10.0.10,,,443,41505,0,1358,17
1589249555.646633,10.10.0.10,173.194.151.108,,,41505,443,0,37,17
1589249555.6588864,173.194.151.108,10.10.0.10,,,443,41505,0,1358,17
1589249555.672857,173.194.151.108,10.10.0.10,,,443,41505,0,1358,17
1589249555.6761296,10.10.0.10,173.194.151.108,,,41505,443,0,37,17
1589249555.686827,173.194.151.108,10.10.0.10,,,443,41505,0,1358,17
1589249555.700798,173.194.151.108,10.10.0.10,,,443,41505,0,1358,17
1589249555.703109,10.10.0.10,173.194.151.108,,,41505,443,0,37,17
1589249555.7147708,173.194.151.108,10.10.0.10,,,443,41505,0,1358,17
1589249555.728748,173.194.151.108,10.10.0.10,,,443,41505,0,1358,17
1589249555.730506,10.10.0.10,173.194.151.108,,,41505,443,0,37,17
1589249555.7427206,173.194.151.108,10.10.0.10,,,443,41505,0,1358,17
1589249555.7566938,173.194.151.108,10.10.0.10,,,443,41505,0,1358,17
1589249555.758356,10.10.0.10,173.194.151.108,,,41505,443,0,37,17
1589249555.7706692,173.194.151.108,10.10.0.10,,,443,41505,0,1358,17
1589249555.784654,173.194.151.108,10.10.0.10,,,443,41505,0,1358,17
1589249555.786502,10.10.0.10,173.194.151.108,,,41505,443,0,37,17
1589249555.798617,173.194.151.108,10.10.0.10,,,443,41505,0,1358,17
1589249555.8125882,173.194.151.108,10.10.0.10,,,443,41505,0,1358,17
1589249555.8152294,10.10.0.10,173.194.151.108,,,41505,443,0,37,17
1589249555.8235009,10.10.0.10,173.194.151.108,,,41505,443,0,724,17
1589249555.8235269,10.10.0.10,173.194.151.108,,,41505,443,0,48,17
1589249555.8265562,173.194.151.108,10.10.0.10,,,443,41505,0,1358,17
1589249555.8405228,173.194.151.108,10.10.0.10,,,443,41505,0,1358,17
1589249555.842228,10.10.0.10,173.194.151.108,,,41505,443,0,37,17
1589249555.8545241,173.194.151.108,10.10.0.10,,,443,41505,0,1358,17
1589249555.868473,173.194.151.108,10.10.0.10,,,443,41505,0,1358,17
1589249555.8703759,10.10.0.10,173.194.151.108,,,41505,443,0,37,17
1589249555.8824599,173.194.151.108,10.10.0.10,,,443,41505,0,1358,17
1589249555.896417,173.194.151.108,10.10.0.10,,,443,41505,0,1358,17
1589249555.8983526,10.10.0.10,173.194.151.108,,,41505,443,0,37,17
1589249555.910399,173.194.151.108,10.10.0.10,,,443,41505,0,1358,17
1589249555.924358,173.194.151.108,10.10.0.10,,,443,41505,0,29,17
1589249555.924994,173.194.151.108,10.10.0.10,,,443,41505,0,1358,17
1589249555.9264762,10.10.0.10,173.194.151.108,,,41505,443,0,37,17
1589249555.938968,173.194.151.108,10.10.0.10,,,443,41505,0,1358,17
1589249555.9529402,173.194.151.108,10.10.0.10,,,443,41505,0,1358,17
1589249555.9549868,10.10.0.10,173.194.151.108,,,41505,443,0,37,17
1589249555.966912,173.194.151.108,10.10.0.10,,,443,41505,0,1358,17
1589249555.9808972,173.194.151.108,10.10.0.10,,,443,41505,0,1358,17
1589249555.9828491,10.10.0.10,173.194.151.108,,,41505,443,0,37,17
1589249555.994857,173.194.151.108,10.10.0.10,,,443,41505,0,1358,17
1589249556.008832,173.194.151.108,10.10.0.10,,,443,41505,0,1358,17
1589249556.010619,10.10.0.10,173.194.151.108,,,41505,443,0,37,17
1589249556.022801,173.194.151.108,10.10.0.10,,,443,41505,0,1358,17
1589249556.0367742,173.194.151.108,10.10.0.10,,,443,41505,0,1358,17
1589249556.0384982,10.10.0.10,173.194.151.108,,,41505,443,0,37,17
1589249556.050767,173.194.151.108,10.10.0.10,,,443,41505,0,1358,17
1589249556.064718,173.194.151.108,10.10.0.10,,,443,41505,0,1358,17
1589249556.066472,10.10.0.10,173.194.151.108,,,41505,443,0,37,17
1589249556.078705,173.194.151.108,10.10.0.10,,,443,41505,0,1358,17
1589249556.092666,173.194.151.108,10.10.0.10,,,443,41505,0,1358,17
1589249556.094367,10.10.0.10,173.194.151.108,,,41505,443,0,37,17
1589249556.106644,173.194.151.108,10.10.0.10,,,443,41505,0,1358,17
1589249556.12061,173.194.151.108,10.10.0.10,,,443,41505,0,1358,17
1589249556.1223464,10.10.0.10,173.194.151.108,,,41505,443,0,37,17
1589249556.134581,173.194.151.108,10.10.0.10,,,443,41505,0,1358,17
1589249556.148553,173.194.151.108,10.10.0.10,,,443,41505,0,1358,17
1589249556.1502438,10.10.0.10,173.194.151.108,,,41505,443,0,37,17
1589249556.162528,173.194.151.108,10.10.0.10,,,443,41505,0,1358,17
1589249556.1765196,173.194.151.108,10.10.0.10,,,443,41505,0,1358,17
1589249556.178209,10.10.0.10,173.194.151.108,,,41505,443,0,37,17
1589249556.19047,173.194.151.108,10.10.0.10,,,443,41505,0,1358,17
1589249556.2044508,173.194.151.108,10.10.0.10,,,443,41505,0,1358,17
1589249556.206218,10.10.0.10,173.194.151.108,,,41505,443,0,37,17
1589249556.218414,173.194.151.108,10.10.0.10,,,443,41505,0,1358,17
1589249556.2323878,173.194.151.108,10.10.0.10,,,443,41505,0,1358,17
1589249556.2340922,10.10.0.10,173.194.151.108,,,41505,443,0,37,17
1589249556.246361,173.194.151.108,10.10.0.10,,,443,41505,0,1358,17
1589249556.2603278,173.194.151.108,10.10.0.10,,,443,41505,0,1358,17
1589249556.262341,10.10.0.10,173.194.151.108,,,41505,443,0,37,17
1589249556.2743056,173.194.151.108,10.10.0.10,,,443,41505,0,1358,17
1589249556.288276,173.194.151.108,10.10.0.10,,,443,41505,0,1358,17
1589249556.2898438,10.10.0.10,173.194.151.108,,,41505,443,0,37,17
1589249556.302265,173.194.151.108,10.10.0.10,,,443,41505,0,1358,17
1589249556.316224,173.194.151.108,10.10.0.10,,,443,41505,0,1358,17
1589249556.3179839,10.10.0.10,173.194.151.108,,,41505,443,0,37,17
1589249556.330199,173.194.151.108,10.10.0.10,,,443,41505,0,1358,17
1589249556.344162,173.194.151.108,10.10.0.10,,,443,41505,0,1358,17
1589249556.3573306,10.10.0.10,173.194.151.108,,,41505,443,0,37,17
1589249556.358142,173.194.151.108,10.10.0.10,,,443,41505,0,1358,17
1589249556.37211,173.194.151.108,10.10.0.10,,,443,41505,0,1358,17
1589249556.374088,10.10.0.10,173.194.151.108,,,41505,443,0,50,17
1589249556.386085,173.194.151.108,10.10.0.10,,,443,41505,0,1358,17
1589249556.400072,173.194.151.108,10.10.0.10,,,443,41505,0,1358,17
1589249556.40184,10.10.0.10,173.194.151.108,,,41505,443,0,37,17
1589249556.41403,173.194.151.108,10.10.0.10,,,443,41505,0,1358,17
1589249556.428011,173.194.151.108,10.10.0.10,,,443,41505,0,1358,17
1589249556.429733,10.10.0.10,173.194.151.108,,,41505,443,0,37,17
1589249556.4419732,173.194.151.108,10.10.0.10,,,443,41505,0,1358,17
1589249556.455949,173.194.151.108,10.10.0.10,,,443,41505,0,29,17
1589249556.456579,173.194.151.108,10.10.0.10,,,443,41505,0,1358,17
1589249556.4583561,10.10.0.10,173.194.151.108,,,41505,443,0,37,17
1589249556.470551,173.194.151.108,10.10.0.10,,,443,41505,0,1358,17
1589249556.4845245,173.194.151.108,10.10.0.10,,,443,41505,0,1358,17
1589249556.487983,10.10.0.10,173.194.151.108,,,41505,443,0,37,17
1589249556.4985068,173.194.151.108,10.10.0.10,,,443,41505,0,1358,17
1589249556.51247,173.194.151.108,10.10.0.10,,,443,41505,0,1358,17
1589249556.51448,10.10.0.10,173.194.151.108,,,41505,443,0,37,17
1589249556.5264418,173.194.151.108,10.10.0.10,,,443,41505,0,1358,17
1589249556.5404122,173.194.151.108,10.10.0.10,,,443,41505,0,1358,17
1589249556.542606,10.10.0.10,173.194.151.108,,,41505,443,0,37,17
1589249556.554393,173.194.151.108,10.10.0.10,,,443,41505,0,1358,17
1589249556.5683582,173.194.151.108,10.10.0.10,,,443,41505,0,1358,17
1589249556.569936,10.10.0.10,173.194.151.108,,,41505,443,0,37,17
1589249556.5823224,173.194.151.108,10.10.0.10,,,443,41505,0,1358,17
1589249556.596298,173.194.151.108,10.10.0.10,,,443,41505,0,1358,17
1589249556.598858,10.10.0.10,173.194.151.108,,,41505,443,0,37,17
1589249556.61027,173.194.151.108,10.10.0.10,,,443,41505,0,1358,17
1589249556.6242418,173.194.151.108,10.10.0.10,,,443,41505,0,1358,17
1589249556.627481,10.10.0.10,173.194.151.108,,,41505,443,0,37,17
1589249556.638216,173.194.151.108,10.10.0.10,,,443,41505,0,1358,17
1589249556.6521866,173.194.151.108,10.10.0.10,,,443,41505,0,1358,17
1589249556.653698,10.10.0.10,173.194.151.108,,,41505,443,0,37,17
1589249556.66617,173.194.151.108,10.10.0.10,,,443,41505,0,1358,17
1589249556.680131,173.194.151.108,10.10.0.10,,,443,41505,0,1358,17
1589249556.681823,10.10.0.10,173.194.151.108,,,41505,443,0,37,17
1589249556.694103,173.194.151.108,10.10.0.10,,,443,41505,0,1358,17
1589249556.7080774,173.194.151.108,10.10.0.10,,,443,41505,0,1358,17
1589249556.709726,10.10.0.10,173.194.151.108,,,41505,443,0,37,17
1589249556.7220616,173.194.151.108,10.10.0.10,,,443,41505,0,1358,17
1589249556.736022,173.194.151.108,10.10.0.10,,,443,41505,0,1358,17
1589249556.7375982,10.10.0.10,173.194.151.108,,,41505,443,0,37,17
1589249556.75,173.194.151.108,10.10.0.10,,,443,41505,0,1358,17
1589249556.763966,173.194.151.108,10.10.0.10,,,443,41505,0,1358,17
1589249556.7675948,10.10.0.10,173.194.151.108,,,41505,443,0,37,17
1589249556.7779431,173.194.151.108,10.10.0.10,,,443,41505,0,1358,17
1589249556.791935,173.194.151.108,10.10.0.10,,,443,41505,0,1358,17
1589249556.793576,10.10.0.10,173.194.151.108,,,41505,443,0,37,17
1589249556.8058908,173.194.151.108,10.10.0.10,,,443,41505,0,1358,17
1589249556.8198721,173.194.151.108,10.10.0.10,,,443,41505,0,1358,17
1589249556.822094,10.10.0.10,173.194.151.108,,,41505,443,0,37,17
1589249556.833833,173.194.151.108,10.10.0.10,,,443,41505,0,1358,17
1589249556.8478081,173.194.151.108,10.10.0.10,,,443,41505,0,1358,17
1589249556.8498435,10.10.0.10,173.194.151.108,,,41505,443,0,37,17
1589249556.861778,173.194.151.108,10.10.0.10,,,443,41505,0,1358,17
1589249556.875752,173.194.151.108,10.10.0.10,,,443,41505,0,1358,17
1589249556.877843,10.10.0.10,173.194.151.108,,,41505,443,0,37,17
1589249556.8897429,173.194.151.108,10.10.0.10,,,443,41505,0,1358,17
1589249556.9036946,173.194.151.108,10.10.0.10,,,443,41505,0,1358,17
1589249556.9053226,10.10.0.10,173.194.151.108,,,41505,443,0,37,17
1589249556.917682,173.194.151.108,10.10.0.10,,,443,41505,0,1358,17
1589249556.931635,173.194.151.108,10.10.0.10,,,443,41505,0,1358,17
1589249556.933219,10.10.0.10,173.194.151.108,,,41505,443,0,50,17
1589249556.9456189,173.194.151.108,10.10.0.10,,,443,41505,0,1358,17
1589249556.959585,173.194.151.108,10.10.0.10,,,443,41505,0,1358,17
1589249556.9613402,10.10.0.10,173.194.151.108,,,41505,443,0,37,17
1589249556.9735582,173.194.151.108,10.10.0.10,,,443,41505,0,1358,17
1589249556.9875278,173.194.151.108,10.10.0.10,,,443,41505,0,1358,17
1589249556.989344,10.10.0.10,173.194.151.108,,,41505,443,0,37,17
1589249557.0015,173.194.151.108,10.10.0.10,,,443,41505,0,1358,17
1589249557.0154898,173.194.151.108,10.10.0.10,,,443,41505,0,29,17
1589249557.0161052,173.194.151.108,10.10.0.10,,,443,41505,0,1358,17
1589249557.017716,10.10.0.10,173.194.151.108,,,41505,443,0,37,17
1589249557.0300796,173.194.151.108,10.10.0.10,,,443,41505,0,1358,17
1589249557.0440528,173.194.151.108,10.10.0.10,,,443,41505,0,1358,17
1589249557.0458188,10.10.0.10,173.194.151.108,,,41505,443,0,37,17
1589249557.058023,173.194.151.108,10.10.0.10,,,443,41505,0,1358,17
1589249557.0719948,173.194.151.108,10.10.0.10,,,443,41505,0,1358,17
1589249557.073714,10.10.0.10,173.194.151.108,,,41505,443,0,37,17
1589249557.0859642,173.194.151.108,10.10.0.10,,,443,41505,0,1358,17
1589249557.0999599,173.194.151.108,10.10.0.10,,,443,41505,0,1358,17
1589249557.1016948,10.10.0.10,173.194.151.108,,,41505,443,0,37,17
1589249557.1139119,173.194.151.108,10.10.0.10,,,443,41505,0,1358,17
1589249557.1278858,173.194.151.108,10.10.0.10,,,443,41505,0,1358,17
1589249557.129716,10.10.0.10,173.194.151.108,,,41505,443,0,37,17
1589249557.141866,173.194.151.108,10.10.0.10,,,443,41505,0,1358,17
1589249557.155835,173.194.151.108,10.10.0.10,,,443,41505,0,1358,17
1589249557.157335,10.10.0.10,173.194.151.108,,,41505,443,0,37,17
1589249557.169803,173.194.151.108,10.10.0.10,,,443,41505,0,1358,17
1589249557.1837769,173.194.151.108,10.10.0.10,,,443,41505,0,1358,17
1589249557.185459,10.10.0.10,173.194.151.108,,,41505,443,0,37,17
1589249557.197751,173.194.151.108,10.10.0.10,,,443,41505,0,1358,17
1589249557.211734,173.194.151.108,10.10.0.10,,,443,41505,0,1358,17
1589249557.213581,10.10.0.10,173.194.151.108,,,41505,443,0,37,17
1589249557.225688,173.194.151.108,10.10.0.10,,,443,41505,0,1358,17
1589249557.239671,173.194.151.108,10.10.0.10,,,443,41505,0,1358,17
1589249557.2416868,10.10.0.10,173.194.151.108,,,41505,443,0,37,17
1589249557.253638,173.194.151.108,10.10.0.10,,,443,41505,0,1358,17
1589249557.2676098,173.194.151.108,10.10.0.10,,,443,41505,0,1358,17
1589249557.269312,10.10.0.10,173.194.151.108,,,41505,443,0,37,17
1589249557.2815928,173.194.151.108,10.10.0.10,,,443,41505,0,1358,17
1589249557.2955554,173.194.151.108,10.10.0.10,,,443,41505,0,1358,17
1589249557.2973108,10.10.0.10,173.194.151.108,,,41505,443,0,37,17
1589249557.3095276,173.194.151.108,10.10.0.10,,,443,41505,0,1358,17
1589249557.3235002,173.194.151.108,10.10.0.10,,,443,41505,0,1358,17
1589249557.325191,10.10.0.10,173.194.151.108,,,41505,443,0,37,17
1589249557.337485,173.194.151.108,10.10.0.10,,,443,41505,0,1358,17
1589249557.3514428,173.194.151.108,10.10.0.10,,,443,41505,0,1358,17
1589249557.3531759,10.10.0.10,173.194.151.108,,,41505,443,0,37,17
1589249557.365418,173.194.151.108,10.10.0.10,,,443,41505,0,1358,17
1589249557.379392,173.194.151.108,10.10.0.10,,,443,41505,0,1358,17
1589249557.3814561,10.10.0.10,173.194.151.108,,,41505,443,0,37,17
1589249557.39336,173.194.151.108,10.10.0.10,,,443,41505,0,1358,17
1589249557.407352,173.194.151.108,10.10.0.10,,,443,41505,0,1358,17
1589249557.4090598,10.10.0.10,173.194.151.108,,,41505,443,0,37,17
1589249557.4213085,173.194.151.108,10.10.0.10,,,443,41505,0,1358,17
1589249557.4352922,173.194.151.108,10.10.0.10,,,443,41505,0,1358,17
1589249557.437058,10.10.0.10,173.194.151.108,,,41505,443,0,37,17
1589249557.44925,173.194.151.108,10.10.0.10,,,443,41505,0,1358,17
1589249557.4632292,173.194.151.108,10.10.0.10,,,443,41505,0,1358,17
1589249557.464944,10.10.0.10,173.194.151.108,,,41505,443,0,37,17
1589249557.4771962,173.194.151.108,10.10.0.10,,,443,41505,0,1358,17
1589249557.491169,173.194.151.108,10.10.0.10,,,443,41505,0,1358,17
1589249557.4928038,10.10.0.10,173.194.151.108,,,41505,443,0,50,17
1589249557.505141,173.194.151.108,10.10.0.10,,,443,41505,0,1358,17
1589249557.519114,173.194.151.108,10.10.0.10,,,443,41505,0,1358,17
1589249557.520952,10.10.0.10,173.194.151.108,,,41505,443,0,37,17
1589249557.533083,173.194.151.108,10.10.0.10,,,443,41505,0,1358,17
1589249557.547058,173.194.151.108,10.10.0.10,,,443,41505,0,1358,17
1589249557.5489511,10.10.0.10,173.194.151.108,,,41505,443,0,37,17
1589249557.561038,173.194.151.108,10.10.0.10,,,443,41505,0,1358,17
1589249557.575002,173.194.151.108,10.10.0.10,,,443,41505,0,29,17
1589249557.575662,173.194.151.108,10.10.0.10,,,443,41505,0,1358,17
1589249557.577304,10.10.0.10,173.194.151.108,,,41505,443,0,37,17
1589249557.589603,173.194.151.108,10.10.0.10,,,443,41505,0,1358,17
1589249557.603583,173.194.151.108,10.10.0.10,,,443,41505,0,1358,17
1589249557.605431,10.10.0.10,173.194.151.108,,,41505,443,0,37,17
1589249557.617552,173.194.151.108,10.10.0.10,,,443,41505,0,1358,17
1589249557.631534,173.194.151.108,10.10.0.10,,,443,41505,0,1358,17
1589249557.645504,173.194.151.108,10.10.0.10,,,443,41505,0,1358,17
1589249557.646677,10.10.0.10,173.194.151.108,,,41505,443,0,37,17
1589249557.659466,173.194.151.108,10.10.0.10,,,443,41505,0,1358,17
1589249557.661072,10.10.0.10,173.194.151.108,,,41505,443,0,37,17
1589249557.673434,173.194.151.108,10.10.0.10,,,443,41505,0,1358,17
1589249557.687409,173.194.151.108,10.10.0.10,,,443,41505,0,1358,17
1589249557.689024,10.10.0.10,173.194.151.108,,,41505,443,0,37,17
1589249557.7013972,173.194.151.108,10.10.0.10,,,443,41505,0,1358,17
1589249557.7153552,173.194.151.108,10.10.0.10,,,443,41505,0,1358,17
1589249557.717695,10.10.0.10,173.194.151.108,,,41505,443,0,37,17
1589249557.7293286,173.194.151.108,10.10.0.10,,,443,41505,0,1358,17
1589249557.7433028,173.194.151.108,10.10.0.10,,,443,41505,0,1358,17
1589249557.7450821,10.10.0.10,173.194.151.108,,,41505,443,0,37,17
1589249557.757272,173.194.151.108,10.10.0.10,,,443,41505,0,1358,17
1589249557.77125,173.194.151.108,10.10.0.10,,,443,41505,0,1358,17
1589249557.773176,10.10.0.10,173.194.151.108,,,41505,443,0,37,17
1589249557.785222,173.194.151.108,10.10.0.10,,,443,41505,0,1358,17
1589249557.799215,173.194.151.108,10.10.0.10,,,443,41505,0,1358,17
1589249557.802046,10.10.0.10,173.194.151.108,,,41505,443,0,37,17
1589249557.813167,173.194.151.108,10.10.0.10,,,443,41505,0,1358,17
1589249557.8271332,173.194.151.108,10.10.0.10,,,443,41505,0,1358,17
1589249557.829177,10.10.0.10,173.194.151.108,,,41505,443,0,37,17
1589249557.8411162,173.194.151.108,10.10.0.10,,,443,41505,0,1358,17
1589249557.855093,173.194.151.108,10.10.0.10,,,443,41505,0,1358,17
1589249557.8566918,10.10.0.10,173.194.151.108,,,41505,443,0,37,17
1589249557.869056,173.194.151.108,10.10.0.10,,,443,41505,0,1358,17
1589249557.8830278,173.194.151.108,10.10.0.10,,,443,41505,0,1358,17
1589249557.884919,10.10.0.10,173.194.151.108,,,41505,443,0,37,17
1589249557.897,173.194.151.108,10.10.0.10,,,443,41505,0,1358,17
1589249557.910975,173.194.151.108,10.10.0.10,,,443,41505,0,1358,17
1589249557.9125652,10.10.0.10,173.194.151.108,,,41505,443,0,37,17
1589249557.9249651,173.194.151.108,10.10.0.10,,,443,41505,0,1358,17
1589249557.9389172,173.194.151.108,10.10.0.10,,,443,41505,0,1358,17
1589249557.940685,10.10.0.10,173.194.151.108,,,41505,443,0,37,17
1589249557.9529,173.194.151.108,10.10.0.10,,,443,41505,0,1358,17
1589249557.966862,173.194.151.108,10.10.0.10,,,443,41505,0,1358,17
1589249557.9685671,10.10.0.10,173.194.151.108,,,41505,443,0,37,17
1589249557.980832,173.194.151.108,10.10.0.10,,,443,41505,0,1358,17
1589249557.994805,173.194.151.108,10.10.0.10,,,443,41505,0,1358,17
1589249557.997542,10.10.0.10,173.194.151.108,,,41505,443,0,37,17
1589249558.0087802,173.194.151.108,10.10.0.10,,,443,41505,0,1358,17
1589249558.022751,173.194.151.108,10.10.0.10,,,443,41505,0,1358,17
1589249558.024416,10.10.0.10,173.194.151.108,,,41505,443,0,37,17
1589249558.036725,173.194.151.108,10.10.0.10,,,443,41505,0,1358,17
1589249558.050713,173.194.151.108,10.10.0.10,,,443,41505,0,1358,17
1589249558.052684,10.10.0.10,173.194.151.108,,,41505,443,0,50,17
1589249558.0646682,173.194.151.108,10.10.0.10,,,443,41505,0,1358,17
1589249558.0786474,173.194.151.108,10.10.0.10,,,443,41505,0,1358,17
1589249558.0804348,10.10.0.10,173.194.151.108,,,41505,443,0,37,17
1589249558.0926132,173.194.151.108,10.10.0.10,,,443,41505,0,1358,17
1589249558.10659,173.194.151.108,10.10.0.10,,,443,41505,0,1358,17
1589249558.109406,10.10.0.10,173.194.151.108,,,41505,443,0,37,17
1589249558.120557,173.194.151.108,10.10.0.10,,,443,41505,0,1358,17
1589249558.1345308,173.194.151.108,10.10.0.10,,,443,41505,0,29,17
1589249558.1351671,173.194.151.108,10.10.0.10,,,443,41505,0,1358,17
1589249558.1366804,10.10.0.10,173.194.151.108,,,41505,443,0,37,17
1589249558.149145,173.194.151.108,10.10.0.10,,,443,41505,0,1358,17
1589249558.163107,173.194.151.108,10.10.0.10,,,443,41505,0,1358,17
1589249558.1647878,10.10.0.10,173.194.151.108,,,41505,443,0,37,17
1589249558.1770859,173.194.151.108,10.10.0.10,,,443,41505,0,1358,17
1589249558.1910498,173.194.151.108,10.10.0.10,,,443,41505,0,1358,17
1589249558.1929288,10.10.0.10,173.194.151.108,,,41505,443,0,37,17
1589249558.205026,173.194.151.108,10.10.0.10,,,443,41505,0,1358,17
1589249558.2189991,173.194.151.108,10.10.0.10,,,443,41505,0,1358,17
1589249558.2206619,10.10.0.10,173.194.151.108,,,41505,443,0,37,17
1589249558.23297,173.194.151.108,10.10.0.10,,,443,41505,0,1358,17
1589249558.246958,173.194.151.108,10.10.0.10,,,443,41505,0,1358,17
1589249558.248659,10.10.0.10,173.194.151.108,,,41505,443,0,37,17
1589249558.2609148,173.194.151.108,10.10.0.10,,,443,41505,0,1358,17
1589249558.2748976,173.194.151.108,10.10.0.10,,,443,41505,0,1358,17
1589249558.276811,10.10.0.10,173.194.151.108,,,41505,443,0,37,17
1589249558.288859,173.194.151.108,10.10.0.10,,,443,41505,0,1358,17
1589249558.3028328,173.194.151.108,10.10.0.10,,,443,41505,0,1358,17
1589249558.305031,10.10.0.10,173.194.151.108,,,41505,443,0,37,17
1589249558.3168292,173.194.151.108,10.10.0.10,,,443,41505,0,1358,17
1589249558.330777,173.194.151.108,10.10.0.10,,,443,41505,0,1358,17
1589249558.332551,10.10.0.10,173.194.151.108,,,41505,443,0,37,17
1589249558.344766,173.194.151.108,10.10.0.10,,,443,41505,0,1358,17
1589249558.3587198,173.194.151.108,10.10.0.10,,,443,41505,0,1358,17
1589249558.360431,10.10.0.10,173.194.151.108,,,41505,443,0,37,17
1589249558.372705,173.194.151.108,10.10.0.10,,,443,41505,0,1358,17
1589249558.3866668,173.194.151.108,10.10.0.10,,,443,41505,0,1358,17
1589249558.388405,10.10.0.10,173.194.151.108,,,41505,443,0,37,17
1589249558.400638,173.194.151.108,10.10.0.10,,,443,41505,0,1358,17
1589249558.4146118,173.194.151.108,10.10.0.10,,,443,41505,0,1358,17
1589249558.4180481,10.10.0.10,173.194.151.108,,,41505,443,0,37,17
1589249558.4285831,173.194.151.108,10.10.0.10,,,443,41505,0,1358,17
1589249558.442573,173.194.151.108,10.10.0.10,,,443,41505,0,1358,17
1589249558.444298,10.10.0.10,173.194.151.108,,,41505,443,0,37,17
1589249558.456528,173.194.151.108,10.10.0.10,,,443,41505,0,1358,17
1589249558.470512,173.194.151.108,10.10.0.10,,,443,41505,0,1358,17
1589249558.4724028,10.10.0.10,173.194.151.108,,,41505,443,0,37,17
1589249558.484473,173.194.151.108,10.10.0.10,,,443,41505,0,1358,17
1589249558.498451,173.194.151.108,10.10.0.10,,,443,41505,0,1358,17
1589249558.500296,10.10.0.10,173.194.151.108,,,41505,443,0,37,17
1589249558.512417,173.194.151.108,10.10.0.10,,,443,41505,0,1358,17
1589249558.5263894,173.194.151.108,10.10.0.10,,,443,41505,0,1358,17
1589249558.5281448,10.10.0.10,173.194.151.108,,,41505,443,0,37,17
1589249558.540362,173.194.151.108,10.10.0.10,,,443,41505,0,1358,17
1589249558.5543358,173.194.151.108,10.10.0.10,,,443,41505,0,1358,17
1589249558.557268,10.10.0.10,173.194.151.108,,,41505,443,0,37,17
1589249558.568307,173.194.151.108,10.10.0.10,,,443,41505,0,1358,17
1589249558.582278,173.194.151.108,10.10.0.10,,,443,41505,0,1358,17
1589249558.5842738,10.10.0.10,173.194.151.108,,,41505,443,0,37,17
1589249558.5962481,173.194.151.108,10.10.0.10,,,443,41505,0,1358,17
1589249558.6102214,173.194.151.108,10.10.0.10,,,443,41505,0,1358,17
1589249558.611995,10.10.0.10,173.194.151.108,,,41505,443,0,50,17
1589249558.624192,173.194.151.108,10.10.0.10,,,443,41505,0,1358,17
1589249558.6398456,173.194.151.108,10.10.0.10,,,443,41505,0,1358,17
1589249558.6420178,10.10.0.10,173.194.151.108,,,41505,443,0,37,17
1589249558.6538188,173.194.151.108,10.10.0.10,,,443,41505,0,1358,17
1589249558.6678,173.194.151.108,10.10.0.10,,,443,41505,0,1358,17
1589249558.669388,10.10.0.10,173.194.151.108,,,41505,443,0,37,17
1589249558.6817632,173.194.151.108,10.10.0.10,,,443,41505,0,1358,17
1589249558.695734,173.194.151.108,10.10.0.10,,,443,41505,0,29,17
1589249558.6963592,173.194.151.108,10.10.0.10,,,443,41505,0,1358,17
1589249558.6991398,10.10.0.10,173.194.151.108,,,41505,443,0,37,17
1589249558.710338,173.194.151.108,10.10.0.10,,,443,41505,0,1358,17
1589249558.7243118,173.194.151.108,10.10.0.10,,,443,41505,0,1358,17
1589249558.726767,10.10.0.10,173.194.151.108,,,41505,443,0,37,17
1589249558.7382786,173.194.151.108,10.10.0.10,,,443,41505,0,1358,17
1589249558.752249,173.194.151.108,10.10.0.10,,,443,41505,0,1358,17
1589249558.7542932,10.10.0.10,173.194.151.108,,,41505,443,0,37,17
1589249558.7662275,173.194.151.108,10.10.0.10,,,443,41505,0,1358,17
1589249558.780195,173.194.151.108,10.10.0.10,,,443,41505,0,1358,17
1589249558.781769,10.10.0.10,173.194.151.108,,,41505,443,0,37,17
1589249558.7941885,173.194.151.108,10.10.0.10,,,443,41505,0,1358,17
1589249558.8081412,173.194.151.108,10.10.0.10,,,443,41505,0,1358,17
1589249558.809767,10.10.0.10,173.194.151.108,,,41505,443,0,37,17
1589249558.8221252,173.194.151.108,10.10.0.10,,,443,41505,0,1358,17
1589249558.8360908,173.194.151.108,10.10.0.10,,,443,41505,0,1358,17
1589249558.837642,10.10.0.10,173.194.151.108,,,41505,443,0,37,17
1589249558.850064,173.194.151.108,10.10.0.10,,,443,41505,0,1358,17
1589249558.864035,173.194.151.108,10.10.0.10,,,443,41505,0,1358,17
1589249558.866258,10.10.0.10,173.194.151.108,,,41505,443,0,37,17
1589249558.8780088,173.194.151.108,10.10.0.10,,,443,41505,0,1358,17
1589249558.891982,173.194.151.108,10.10.0.10,,,443,41505,0,1358,17
1589249558.893641,10.10.0.10,173.194.151.108,,,41505,443,0,37,17
1589249558.9059546,173.194.151.108,10.10.0.10,,,443,41505,0,1358,17
1589249558.9199386,173.194.151.108,10.10.0.10,,,443,41505,0,1358,17
1589249558.922765,10.10.0.10,173.194.151.108,,,41505,443,0,37,17
1589249558.933898,173.194.151.108,10.10.0.10,,,443,41505,0,1358,17
1589249558.9478722,173.194.151.108,10.10.0.10,,,443,41505,0,1358,17
1589249558.9618428,173.194.151.108,10.10.0.10,,,443,41505,0,1358,17
1589249558.9758186,173.194.151.108,10.10.0.10,,,443,41505,0,1358,17
1589249558.9914641,173.194.151.108,10.10.0.10,,,443,41505,0,1358,17
1589249559.0054364,173.194.151.108,10.10.0.10,,,443,41505,0,1358,17
1589249559.019431,173.194.151.108,10.10.0.10,,,443,41505,0,1358,17
1589249559.093789,173.194.151.108,10.10.0.10,,,443,41505,0,1358,17
1589249559.139749,10.10.0.10,173.194.151.108,,,41505,443,0,40,17
1589249559.143757,10.10.0.10,173.194.151.108,,,41505,443,0,40,17
1589249559.144903,10.10.0.10,173.194.151.108,,,41505,443,0,40,17
1589249559.14504,173.194.151.108,10.10.0.10,,,443,41505,0,1358,17
1589249559.14676,10.10.0.10,173.194.151.108,,,41505,443,0,40,17
1589249559.1517892,173.194.151.108,10.10.0.10,,,443,41505,0,1358,17
1589249559.178011,173.194.151.108,10.10.0.10,,,443,41505,0,1358,17
1589249559.179777,10.10.0.10,173.194.151.108,,,41505,443,0,40,17
1589249559.184819,173.194.151.108,10.10.0.10,,,443,41505,0,1358,17
1589249559.189903,173.194.151.108,10.10.0.10,,,443,41505,0,1358,17
1589249559.1917481,10.10.0.10,173.194.151.108,,,41505,443,0,40,17
1589249559.2038774,173.194.151.108,10.10.0.10,,,443,41505,0,1358,17
1589249559.217865,173.194.151.108,10.10.0.10,,,443,41505,0,1358,17
1589249559.219758,10.10.0.10,173.194.151.108,,,41505,443,0,40,17
1589249559.231822,173.194.151.108,10.10.0.10,,,443,41505,0,1358,17
1589249559.245811,173.194.151.108,10.10.0.10,,,443,41505,0,1358,17
1589249559.2475238,10.10.0.10,173.194.151.108,,,41505,443,0,40,17
1589249559.259769,173.194.151.108,10.10.0.10,,,443,41505,0,1358,17
1589249559.2737384,173.194.151.108,10.10.0.10,,,443,41505,0,1358,17
1589249559.2753706,10.10.0.10,173.194.151.108,,,41505,443,0,53,17
1589249559.2877061,173.194.151.108,10.10.0.10,,,443,41505,0,1358,17
1589249559.303361,173.194.151.108,10.10.0.10,,,443,41505,0,1358,17
1589249559.3051472,10.10.0.10,173.194.151.108,,,41505,443,0,40,17
1589249559.3173342,173.194.151.108,10.10.0.10,,,443,41505,0,1358,17
1589249559.3313081,173.194.151.108,10.10.0.10,,,443,41505,0,1358,17
1589249559.3330328,10.10.0.10,173.194.151.108,,,41505,443,0,40,17
1589249559.3452964,173.194.151.108,10.10.0.10,,,443,41505,0,1358,17
1589249559.3592508,173.194.151.108,10.10.0.10,,,443,41505,0,1358,17
1589249559.3623972,10.10.0.10,173.194.151.108,,,41505,443,0,40,17
1589249559.373235,173.194.151.108,10.10.0.10,,,443,41505,0,1358,17
1589249559.387194,173.194.151.108,10.10.0.10,,,443,41505,0,1358,17
1589249559.391896,10.10.0.10,173.194.151.108,,,41505,443,0,37,17
1589249559.401174,173.194.151.108,10.10.0.10,,,443,41505,0,1358,17
1589249559.415143,173.194.151.108,10.10.0.10,,,443,41505,0,1358,17
1589249559.416769,10.10.0.10,173.194.151.108,,,41505,443,0,37,17
1589249559.429112,173.194.151.108,10.10.0.10,,,443,41505,0,1358,17
1589249559.4430842,173.194.151.108,10.10.0.10,,,443,41505,0,1358,17
1589249559.4447718,10.10.0.10,173.194.151.108,,,41505,443,0,37,17
1589249559.457057,173.194.151.108,10.10.0.10,,,443,41505,0,1358,17
1589249559.471045,173.194.151.108,10.10.0.10,,,443,41505,0,1358,17
1589249559.4727492,10.10.0.10,173.194.151.108,,,41505,443,0,37,17
1589249559.4854202,173.194.151.108,10.10.0.10,,,443,41505,0,1358,17
1589249559.499397,173.194.151.108,10.10.0.10,,,443,41505,0,1358,17
1589249559.501128,10.10.0.10,173.194.151.108,,,41505,443,0,37,17
1589249559.513368,173.194.151.108,10.10.0.10,,,443,41505,0,1358,17
1589249559.5273552,173.194.151.108,10.10.0.10,,,443,41505,0,1358,17
1589249559.528873,10.10.0.10,173.194.151.108,,,41505,443,0,37,17
1589249559.5413132,173.194.151.108,10.10.0.10,,,443,41505,0,1358,17
1589249559.555294,173.194.151.108,10.10.0.10,,,443,41505,0,1358,17
1589249559.5570161,10.10.0.10,173.194.151.108,,,41505,443,0,37,17
1589249559.569259,173.194.151.108,10.10.0.10,,,443,41505,0,1358,17
1589249559.5832338,173.194.151.108,10.10.0.10,,,443,41505,0,1358,17
1589249559.590625,10.10.0.10,173.194.151.108,,,41505,443,0,37,17
1589249559.5972118,173.194.151.108,10.10.0.10,,,443,41505,0,1358,17
1589249559.6111698,173.194.151.108,10.10.0.10,,,443,41505,0,1358,17
1589249559.6141148,10.10.0.10,173.194.151.108,,,41505,443,0,37,17
1589249559.6251411,173.194.151.108,10.10.0.10,,,443,41505,0,1358,17
1589249559.6391196,173.194.151.108,10.10.0.10,,,443,41505,0,1358,17
1589249559.640878,10.10.0.10,173.194.151.108,,,41505,443,0,37,17
1589249559.653105,173.194.151.108,10.10.0.10,,,443,41505,0,1358,17
1589249559.6670651,173.194.151.108,10.10.0.10,,,443,41505,0,1358,17
1589249559.6691322,10.10.0.10,173.194.151.108,,,41505,443,0,37,17
1589249559.681043,173.194.151.108,10.10.0.10,,,443,41505,0,1358,17
1589249559.695013,173.194.151.108,10.10.0.10,,,443,41505,0,1358,17
1589249559.6966045,10.10.0.10,173.194.151.108,,,41505,443,0,37,17
1589249559.708981,173.194.151.108,10.10.0.10,,,443,41505,0,1358,17
1589249559.7229528,173.194.151.108,10.10.0.10,,,443,41505,0,1358,17
1589249559.7249591,10.10.0.10,173.194.151.108,,,41505,443,0,37,17
1589249559.736921,173.194.151.108,10.10.0.10,,,443,41505,0,1358,17
1589249559.750896,173.194.151.108,10.10.0.10,,,443,41505,0,1358,17
1589249559.752485,10.10.0.10,173.194.151.108,,,41505,443,0,37,17
1589249559.764866,173.194.151.108,10.10.0.10,,,443,41505,0,1358,17
1589249559.778839,173.194.151.108,10.10.0.10,,,443,41505,0,1358,17
1589249559.7805068,10.10.0.10,173.194.151.108,,,41505,443,0,37,17
1589249559.7928178,173.194.151.108,10.10.0.10,,,443,41505,0,1358,17
1589249559.8067849,173.194.151.108,10.10.0.10,,,443,41505,0,1358,17
1589249559.8086338,10.10.0.10,173.194.151.108,,,41505,443,0,37,17
1589249559.820784,173.194.151.108,10.10.0.10,,,443,41505,0,1358,17
1589249559.834734,173.194.151.108,10.10.0.10,,,443,41505,0,1358,17
1589249559.8363626,10.10.0.10,173.194.151.108,,,41505,443,0,50,17
1589249559.848721,173.194.151.108,10.10.0.10,,,443,41505,0,1358,17
1589249559.8626778,173.194.151.108,10.10.0.10,,,443,41505,0,1358,17
1589249559.8643556,10.10.0.10,173.194.151.108,,,41505,443,0,37,17
1589249559.876646,173.194.151.108,10.10.0.10,,,443,41505,0,1358,17
1589249559.890623,173.194.151.108,10.10.0.10,,,443,41505,0,1358,17
1589249559.8925068,10.10.0.10,173.194.151.108,,,41505,443,0,37,17
1589249559.904596,173.194.151.108,10.10.0.10,,,443,41505,0,1358,17
1589249559.9185698,173.194.151.108,10.10.0.10,,,443,41505,0,1358,17
1589249559.9207554,10.10.0.10,173.194.151.108,,,41505,443,0,37,17
1589249559.932539,173.194.151.108,10.10.0.10,,,443,41505,0,1358,17
1589249559.9465141,173.194.151.108,10.10.0.10,,,443,41505,0,1358,17
1589249559.9481351,10.10.0.10,173.194.151.108,,,41505,443,0,37,17
1589249559.96048,173.194.151.108,10.10.0.10,,,443,41505,0,1358,17
1589249559.9744668,173.194.151.108,10.10.0.10,,,443,41505,0,1358,17
1589249559.976124,10.10.0.10,173.194.151.108,,,41505,443,0,37,17
1589249559.988432,173.194.151.108,10.10.0.10,,,443,41505,0,1358,17
1589249560.0024035,173.194.151.108,10.10.0.10,,,443,41505,0,1358,17
1589249560.004107,10.10.0.10,173.194.151.108,,,41505,443,0,37,17
1589249560.016375,173.194.151.108,10.10.0.10,,,443,41505,0,1358,17
1589249560.0303464,173.194.151.108,10.10.0.10,,,443,41505,0,1358,17
1589249560.0321262,10.10.0.10,173.194.151.108,,,41505,443,0,37,17
1589249560.0443141,173.194.151.108,10.10.0.10,,,443,41505,0,1358,17
1589249560.058294,173.194.151.108,10.10.0.10,,,443,41505,0,1358,17
1589249560.0599759,10.10.0.10,173.194.151.108,,,41505,443,0,37,17
1589249560.072259,173.194.151.108,10.10.0.10,,,443,41505,0,1358,17
1589249560.0862362,173.194.151.108,10.10.0.10,,,443,41505,0,1358,17
1589249560.08797,10.10.0.10,173.194.151.108,,,41505,443,0,37,17
1589249560.100214,173.194.151.108,10.10.0.10,,,443,41505,0,1358,17
1589249560.114176,173.194.151.108,10.10.0.10,,,443,41505,0,1358,17
1589249560.115752,10.10.0.10,173.194.151.108,,,41505,443,0,37,17
1589249560.128159,173.194.151.108,10.10.0.10,,,443,41505,0,1358,17
1589249560.142129,173.194.151.108,10.10.0.10,,,443,41505,0,1358,17
1589249560.146,10.10.0.10,173.194.151.108,,,41505,443,0,37,17
1589249560.1560981,173.194.151.108,10.10.0.10,,,443,41505,0,1358,17
1589249560.1700866,173.194.151.108,10.10.0.10,,,443,41505,0,1358,17
1589249560.1718738,10.10.0.10,173.194.151.108,,,41505,443,0,37,17
1589249560.184044,173.194.151.108,10.10.0.10,,,443,41505,0,1358,17
1589249560.198027,173.194.151.108,10.10.0.10,,,443,41505,0,1358,17
1589249560.1998522,10.10.0.10,173.194.151.108,,,41505,443,0,37,17
1589249560.21199,173.194.151.108,10.10.0.10,,,443,41505,0,1358,17
1589249560.22596,173.194.151.108,10.10.0.10,,,443,41505,0,1358,17
1589249560.227753,10.10.0.10,173.194.151.108,,,41505,443,0,37,17
1589249560.2399359,173.194.151.108,10.10.0.10,,,443,41505,0,1358,17
1589249560.253906,173.194.151.108,10.10.0.10,,,443,41505,0,1358,17
1589249560.255599,10.10.0.10,173.194.151.108,,,41505,443,0,37,17
1589249560.2678962,173.194.151.108,10.10.0.10,,,443,41505,0,1358,17
1589249560.2818508,173.194.151.108,10.10.0.10,,,443,41505,0,1358,17
1589249560.283621,10.10.0.10,173.194.151.108,,,41505,443,0,37,17
1589249560.295817,173.194.151.108,10.10.0.10,,,443,41505,0,1358,17
1589249560.309797,173.194.151.108,10.10.0.10,,,443,41505,0,1358,17
1589249560.311727,10.10.0.10,173.194.151.108,,,41505,443,0,37,17
1589249560.3237634,173.194.151.108,10.10.0.10,,,443,41505,0,1358,17
1589249560.337739,173.194.151.108,10.10.0.10,,,443,41505,0,1358,17
1589249560.339474,10.10.0.10,173.194.151.108,,,41505,443,0,37,17
1589249560.351707,173.194.151.108,10.10.0.10,,,443,41505,0,1358,17
1589249560.3656838,173.194.151.108,10.10.0.10,,,443,41505,0,1358,17
1589249560.368494,10.10.0.10,173.194.151.108,,,41505,443,0,37,17
1589249560.379657,173.194.151.108,10.10.0.10,,,443,41505,0,1358,17
1589249560.3936439,173.194.151.108,10.10.0.10,,,443,41505,0,1358,17
1589249560.3953464,10.10.0.10,173.194.151.108,,,41505,443,0,50,17
1589249560.4076009,173.194.151.108,10.10.0.10,,,443,41505,0,1358,17
1589249560.421581,173.194.151.108,10.10.0.10,,,443,41505,0,1358,17
1589249560.4233732,10.10.0.10,173.194.151.108,,,41505,443,0,37,17
1589249560.4355464,173.194.151.108,10.10.0.10,,,443,41505,0,1358,17
1589249560.4495196,173.194.151.108,10.10.0.10,,,443,41505,0,1358,17
1589249560.451352,10.10.0.10,173.194.151.108,,,41505,443,0,37,17
1589249560.463489,173.194.151.108,10.10.0.10,,,443,41505,0,1358,17
1589249560.4774652,173.194.151.108,10.10.0.10,,,443,41505,0,1358,17
1589249560.479336,10.10.0.10,173.194.151.108,,,41505,443,0,37,17
1589249560.4914508,173.194.151.108,10.10.0.10,,,443,41505,0,1358,17
1589249560.505411,173.194.151.108,10.10.0.10,,,443,41505,0,1358,17
1589249560.507991,10.10.0.10,173.194.151.108,,,41505,443,0,37,17
1589249560.519391,173.194.151.108,10.10.0.10,,,443,41505,0,1358,17
1589249560.533358,173.194.151.108,10.10.0.10,,,443,41505,0,1358,17
1589249560.534968,10.10.0.10,173.194.151.108,,,41505,443,0,37,17
1589249560.5473242,173.194.151.108,10.10.0.10,,,443,41505,0,1358,17
1589249560.5612998,173.194.151.108,10.10.0.10,,,443,41505,0,1358,17
1589249560.563591,10.10.0.10,173.194.151.108,,,41505,443,0,37,17
1589249560.5752704,173.194.151.108,10.10.0.10,,,443,41505,0,1358,17
1589249560.589261,173.194.151.108,10.10.0.10,,,443,41505,0,1358,17
1589249560.594716,10.10.0.10,173.194.151.108,,,41505,443,0,37,17
1589249560.603225,173.194.151.108,10.10.0.10,,,443,41505,0,1358,17
1589249560.6171858,173.194.151.108,10.10.0.10,,,443,41505,0,1358,17
1589249560.6190624,10.10.0.10,173.194.151.108,,,41505,443,0,37,17
1589249560.631149,173.194.151.108,10.10.0.10,,,443,41505,0,1358,17
1589249560.6451259,173.194.151.108,10.10.0.10,,,443,41505,0,1358,17
1589249560.648366,10.10.0.10,173.194.151.108,,,41505,443,0,37,17
1589249560.6591,173.194.151.108,10.10.0.10,,,443,41505,0,1358,17
1589249560.6730769,173.194.151.108,10.10.0.10,,,443,41505,0,1358,17
1589249560.674695,10.10.0.10,173.194.151.108,,,41505,443,0,37,17
1589249560.68705,173.194.151.108,10.10.0.10,,,443,41505,0,1358,17
1589249560.7010188,173.194.151.108,10.10.0.10,,,443,41505,0,1358,17
1589249560.702703,10.10.0.10,173.194.151.108,,,41505,443,0,37,17
1589249560.7149892,173.194.151.108,10.10.0.10,,,443,41505,0,1358,17
1589249560.728964,173.194.151.108,10.10.0.10,,,443,41505,0,1358,17
1589249560.7307398,10.10.0.10,173.194.151.108,,,41505,443,0,37,17
1589249560.7439704,173.194.151.108,10.10.0.10,,,443,41505,0,1358,17
1589249560.7579439,173.194.151.108,10.10.0.10,,,443,41505,0,1358,17
1589249560.7595608,10.10.0.10,173.194.151.108,,,41505,443,0,37,17
1589249560.7719278,173.194.151.108,10.10.0.10,,,443,41505,0,1358,17
1589249560.7858946,173.194.151.108,10.10.0.10,,,443,41505,0,1358,17
1589249560.788217,10.10.0.10,173.194.151.108,,,41505,443,0,37,17
1589249560.79988,173.194.151.108,10.10.0.10,,,443,41505,0,1358,17
1589249560.813835,173.194.151.108,10.10.0.10,,,443,41505,0,1358,17
1589249560.815337,10.10.0.10,173.194.151.108,,,41505,443,0,37,17
1589249560.8278186,173.194.151.108,10.10.0.10,,,443,41505,0,1358,17
1589249560.8417811,173.194.151.108,10.10.0.10,,,443,41505,0,1358,17
1589249560.8433342,10.10.0.10,173.194.151.108,,,41505,443,0,37,17
1589249560.855756,173.194.151.108,10.10.0.10,,,443,41505,0,1358,17
1589249560.8697245,173.194.151.108,10.10.0.10,,,443,41505,0,1358,17
1589249560.8714578,10.10.0.10,173.194.151.108,,,41505,443,0,37,17
1589249560.883697,173.194.151.108,10.10.0.10,,,443,41505,0,1358,17
1589249560.89767,173.194.151.108,10.10.0.10,,,443,41505,0,1358,17
1589249560.9000866,10.10.0.10,173.194.151.108,,,41505,443,0,37,17
1589249560.91164,173.194.151.108,10.10.0.10,,,443,41505,0,1358,17
1589249560.9256258,173.194.151.108,10.10.0.10,,,443,41505,0,1358,17
1589249560.9283519,10.10.0.10,173.194.151.108,,,41505,443,0,37,17
1589249560.9395866,173.194.151.108,10.10.0.10,,,443,41505,0,1358,17
1589249560.9535642,173.194.151.108,10.10.0.10,,,443,41505,0,1358,17
1589249560.958074,10.10.0.10,173.194.151.108,,,41505,443,0,50,17
1589249560.967531,173.194.151.108,10.10.0.10,,,443,41505,0,1358,17
1589249560.981506,173.194.151.108,10.10.0.10,,,443,41505,0,1358,17
1589249560.9832098,10.10.0.10,173.194.151.108,,,41505,443,0,37,17
1589249560.9954748,173.194.151.108,10.10.0.10,,,443,41505,0,1358,17
1589249561.009448,173.194.151.108,10.10.0.10,,,443,41505,0,1358,17
1589249561.0113368,10.10.0.10,173.194.151.108,,,41505,443,0,37,17
1589249561.0234358,173.194.151.108,10.10.0.10,,,443,41505,0,773,17
1589249561.03152,173.194.151.108,10.10.0.10,,,443,41505,0,29,17
1589249561.086848,10.10.0.10,173.194.151.108,,,41505,443,0,37,17
1589249564.4420118,10.10.0.10,173.194.151.108,,,41505,443,0,723,17
1589249564.4420419,10.10.0.10,173.194.151.108,,,41505,443,0,48,17
1589249564.4464312,173.194.151.108,10.10.0.10,,,443,41505,0,29,17
1589249564.4466472,173.194.151.108,10.10.0.10,,,443,41505,0,108,17
1589249564.4467099,173.194.151.108,10.10.0.10,,,443,41505,0,1358,17
1589249564.4467402,173.194.151.108,10.10.0.10,,,443,41505,0,1358,17
1589249564.460401,173.194.151.108,10.10.0.10,,,443,41505,0,1358,17
1589249564.474355,173.194.151.108,10.10.0.10,,,443,41505,0,1358,17
1589249564.479126,10.10.0.10,173.194.151.108,,,41505,443,0,37,17
1589249564.479353,10.10.0.10,173.194.151.108,,,41505,443,0,37,17
1589249564.4883368,173.194.151.108,10.10.0.10,,,443,41505,0,1358,17
1589249564.4927485,10.10.0.10,173.194.151.108,,,41505,443,0,37,17
1589249564.502305,173.194.151.108,10.10.0.10,,,443,41505,0,1358,17
1589249564.5162768,173.194.151.108,10.10.0.10,,,443,41505,0,1358,17
1589249564.520606,10.10.0.10,173.194.151.108,,,41505,443,0,37,17
1589249564.5302482,173.194.151.108,10.10.0.10,,,443,41505,0,1358,17
1589249564.5442178,173.194.151.108,10.10.0.10,,,443,41505,0,1358,17
1589249564.5472279,10.10.0.10,173.194.151.108,,,41505,443,0,37,17
1589249564.5581892,173.194.151.108,10.10.0.10,,,443,41505,0,1358,17
1589249564.572162,173.194.151.108,10.10.0.10,,,443,41505,0,1358,17
1589249564.574378,10.10.0.10,173.194.151.108,,,41505,443,0,37,17
1589249564.5861475,173.194.151.108,10.10.0.10,,,443,41505,0,1358,17
1589249564.6001039,173.194.151.108,10.10.0.10,,,443,41505,0,1358,17
1589249564.602333,10.10.0.10,173.194.151.108,,,41505,443,0,37,17
1589249564.614075,173.194.151.108,10.10.0.10,,,443,41505,0,1358,17
1589249564.628047,173.194.151.108,10.10.0.10,,,443,41505,0,1358,17
1589249564.630351,10.10.0.10,173.194.151.108,,,41505,443,0,37,17
1589249564.6420195,173.194.151.108,10.10.0.10,,,443,41505,0,1358,17
1589249564.655991,173.194.151.108,10.10.0.10,,,443,41505,0,1358,17
1589249564.6585946,10.10.0.10,173.194.151.108,,,41505,443,0,37,17
1589249564.669965,173.194.151.108,10.10.0.10,,,443,41505,0,1358,17
1589249564.6839461,173.194.151.108,10.10.0.10,,,443,41505,0,1358,17
1589249564.6863296,10.10.0.10,173.194.151.108,,,41505,443,0,37,17
1589249564.6979132,173.194.151.108,10.10.0.10,,,443,41505,0,1358,17
1589249564.711882,173.194.151.108,10.10.0.10,,,443,41505,0,1358,17
1589249564.7136018,10.10.0.10,173.194.151.108,,,41505,443,0,37,17
1589249564.7258532,173.194.151.108,10.10.0.10,,,443,41505,0,1358,17
1589249564.7398279,173.194.151.108,10.10.0.10,,,443,41505,0,1358,17
1589249564.741329,10.10.0.10,173.194.151.108,,,41505,443,0,37,17
1589249564.753808,173.194.151.108,10.10.0.10,,,443,41505,0,1358,17
1589249564.767777,173.194.151.108,10.10.0.10,,,443,41505,0,1358,17
1589249564.769475,10.10.0.10,173.194.151.108,,,41505,443,0,37,17
1589249564.7817671,173.194.151.108,10.10.0.10,,,443,41505,0,1358,17
1589249564.795722,173.194.151.108,10.10.0.10,,,443,41505,0,1358,17
1589249564.79772,10.10.0.10,173.194.151.108,,,41505,443,0,37,17
1589249564.8097026,173.194.151.108,10.10.0.10,,,443,41505,0,1358,17
1589249564.8236651,173.194.151.108,10.10.0.10,,,443,41505,0,1358,17
1589249564.825969,10.10.0.10,173.194.151.108,,,41505,443,0,37,17
1589249564.837641,173.194.151.108,10.10.0.10,,,443,41505,0,1358,17
1589249564.851613,173.194.151.108,10.10.0.10,,,443,41505,0,1358,17
1589249564.853843,10.10.0.10,173.194.151.108,,,41505,443,0,37,17
1589249564.865582,173.194.151.108,10.10.0.10,,,443,41505,0,1358,17
1589249564.879555,173.194.151.108,10.10.0.10,,,443,41505,0,1358,17
1589249564.881221,10.10.0.10,173.194.151.108,,,41505,443,0,37,17
1589249564.893526,173.194.151.108,10.10.0.10,,,443,41505,0,1358,17
1589249564.907512,173.194.151.108,10.10.0.10,,,443,41505,0,1358,17
1589249564.9096124,10.10.0.10,173.194.151.108,,,41505,443,0,37,17
1589249564.9214704,173.194.151.108,10.10.0.10,,,443,41505,0,1358,17
1589249564.935448,173.194.151.108,10.10.0.10,,,443,41505,0,1358,17
1589249564.9384859,10.10.0.10,173.194.151.108,,,41505,443,0,37,17
1589249564.9494178,173.194.151.108,10.10.0.10,,,443,41505,0,1358,17
1589249564.96339,173.194.151.108,10.10.0.10,,,443,41505,0,1358,17
1589249564.965236,10.10.0.10,173.194.151.108,,,41505,443,0,50,17
1589249564.977359,173.194.151.108,10.10.0.10,,,443,41505,0,1358,17
1589249564.991334,173.194.151.108,10.10.0.10,,,443,41505,0,1358,17
1589249564.992984,10.10.0.10,173.194.151.108,,,41505,443,0,37,17
1589249565.005322,173.194.151.108,10.10.0.10,,,443,41505,0,1358,17
1589249565.019279,173.194.151.108,10.10.0.10,,,443,41505,0,1358,17
1589249565.021611,10.10.0.10,173.194.151.108,,,41505,443,0,37,17
1589249565.033262,173.194.151.108,10.10.0.10,,,443,41505,0,1358,17
1589249565.047223,173.194.151.108,10.10.0.10,,,443,41505,0,1358,17
1589249565.061196,173.194.151.108,10.10.0.10,,,443,41505,0,1358,17
1589249565.0751634,173.194.151.108,10.10.0.10,,,443,41505,0,1358,17
1589249565.078462,10.10.0.10,173.194.151.108,,,41505,443,0,37,17
1589249565.08914,173.194.151.108,10.10.0.10,,,443,41505,0,1358,17
1589249565.0920858,10.10.0.10,173.194.151.108,,,41505,443,0,40,17
1589249565.0921118,10.10.0.10,173.194.151.108,,,41505,443,0,40,17
1589249565.0922098,10.10.0.10,173.194.151.108,,,41505,443,0,40,17
1589249565.10313,173.194.151.108,10.10.0.10,,,443,41505,0,1358,17
1589249565.1068618,10.10.0.10,173.194.151.108,,,41505,443,0,40,17
1589249565.117098,173.194.151.108,10.10.0.10,,,443,41505,0,1358,17
1589249565.1310525,173.194.151.108,10.10.0.10,,,443,41505,0,1358,17
1589249565.132576,10.10.0.10,173.194.151.108,,,41505,443,0,40,17
1589249565.145032,173.194.151.108,10.10.0.10,,,443,41505,0,1358,17
1589249565.159007,173.194.151.108,10.10.0.10,,,443,41505,0,1358,17
1589249565.1604588,10.10.0.10,173.194.151.108,,,41505,443,0,40,17
1589249565.172975,173.194.151.108,10.10.0.10,,,443,41505,0,1358,17
1589249565.1869473,173.194.151.108,10.10.0.10,,,443,41505,0,1358,17
1589249565.1887279,10.10.0.10,173.194.151.108,,,41505,443,0,40,17
1589249565.200922,173.194.151.108,10.10.0.10,,,443,41505,0,1358,17
1589249565.214891,173.194.151.108,10.10.0.10,,,443,41505,0,1358,17
1589249565.2166042,10.10.0.10,173.194.151.108,,,41505,443,0,40,17
1589249565.228877,173.194.151.108,10.10.0.10,,,443,41505,0,1358,17
1589249565.2428372,173.194.151.108,10.10.0.10,,,443,41505,0,1358,17
1589249565.2446976,10.10.0.10,173.194.151.108,,,41505,443,0,40,17
1589249565.256815,173.194.151.108,10.10.0.10,,,443,41505,0,1358,17
1589249565.270783,173.194.151.108,10.10.0.10,,,443,41505,0,1358,17
1589249565.2733245,10.10.0.10,173.194.151.108,,,41505,443,0,40,17
1589249565.2847571,173.194.151.108,10.10.0.10,,,443,41505,0,1358,17
1589249565.298726,173.194.151.108,10.10.0.10,,,443,41505,0,1358,17
1589249565.3127005,173.194.151.108,10.10.0.10,,,443,41505,0,1358,17
1589249565.326686,173.194.151.108,10.10.0.10,,,443,41505,0,1358,17
1589249565.3280818,10.10.0.10,173.194.151.108,,,41505,443,0,40,17
1589249565.330164,10.10.0.10,173.194.151.108,,,41505,443,0,40,17
1589249565.340643,173.194.151.108,10.10.0.10,,,443,41505,0,1358,17
1589249565.354626,173.194.151.108,10.10.0.10,,,443,41505,0,1358,17
1589249565.357703,10.10.0.10,173.194.151.108,,,41505,443,0,40,17
1589249565.3685892,173.194.151.108,10.10.0.10,,,443,41505,0,1358,17
1589249565.38256,173.194.151.108,10.10.0.10,,,443,41505,0,1358,17
1589249565.384223,10.10.0.10,173.194.151.108,,,41505,443,0,40,17
1589249565.3965304,173.194.151.108,10.10.0.10,,,443,41505,0,1358,17
1589249565.410505,173.194.151.108,10.10.0.10,,,443,41505,0,1358,17
1589249565.4123518,10.10.0.10,173.194.151.108,,,41505,443,0,40,17
1589249565.4244974,173.194.151.108,10.10.0.10,,,443,41505,0,1358,17
1589249565.438449,173.194.151.108,10.10.0.10,,,443,41505,0,1358,17
1589249565.440078,10.10.0.10,173.194.151.108,,,41505,443,0,40,17
1589249565.4524348,173.194.151.108,10.10.0.10,,,443,41505,0,1358,17
1589249565.466399,173.194.151.108,10.10.0.10,,,443,41505,0,1358,17
1589249565.4682178,10.10.0.10,173.194.151.108,,,41505,443,0,53,17
1589249565.4803731,173.194.151.108,10.10.0.10,,,443,41505,0,1358,17
1589249565.49434,173.194.151.108,10.10.0.10,,,443,41505,0,1358,17
1589249565.4963448,10.10.0.10,173.194.151.108,,,41505,443,0,40,17
1589249565.5083132,173.194.151.108,10.10.0.10,,,443,41505,0,1358,17
1589249565.5222864,173.194.151.108,10.10.0.10,,,443,41505,0,1358,17
1589249565.523968,10.10.0.10,173.194.151.108,,,41505,443,0,40,17
1589249565.536257,173.194.151.108,10.10.0.10,,,443,41505,0,1358,17
1589249565.550242,173.194.151.108,10.10.0.10,,,443,41505,0,1358,17
1589249565.552219,10.10.0.10,173.194.151.108,,,41505,443,0,40,17
1589249565.5642042,173.194.151.108,10.10.0.10,,,443,41505,0,1358,17
1589249565.5781796,173.194.151.108,10.10.0.10,,,443,41505,0,1358,17
1589249565.579925,10.10.0.10,173.194.151.108,,,41505,443,0,40,17
1589249565.5921464,173.194.151.108,10.10.0.10,,,443,41505,0,1358,17
1589249565.6061199,173.194.151.108,10.10.0.10,,,443,41505,0,1358,17
1589249565.60797,10.10.0.10,173.194.151.108,,,41505,443,0,40,17
1589249565.6200874,173.194.151.108,10.10.0.10,,,443,41505,0,1358,17
1589249565.6340609,173.194.151.108,10.10.0.10,,,443,41505,0,1358,17
1589249565.635659,10.10.0.10,173.194.151.108,,,41505,443,0,37,17
1589249565.648031,173.194.151.108,10.10.0.10,,,443,41505,0,1358,17
1589249565.6620038,173.194.151.108,10.10.0.10,,,443,41505,0,1358,17
1589249565.663574,10.10.0.10,173.194.151.108,,,41505,443,0,37,17
1589249565.675976,173.194.151.108,10.10.0.10,,,443,41505,0,1358,17
1589249565.689949,173.194.151.108,10.10.0.10,,,443,41505,0,1358,17
1589249565.691591,10.10.0.10,173.194.151.108,,,41505,443,0,37,17
1589249565.7039332,173.194.151.108,10.10.0.10,,,443,41505,0,1358,17
1589249565.717895,173.194.151.108,10.10.0.10,,,443,41505,0,1358,17
1589249565.7194028,10.10.0.10,173.194.151.108,,,41505,443,0,37,17
1589249565.731865,173.194.151.108,10.10.0.10,,,443,41505,0,1358,17
1589249565.745839,173.194.151.108,10.10.0.10,,,443,41505,0,1358,17
1589249565.747436,10.10.0.10,173.194.151.108,,,41505,443,0,37,17
1589249565.759816,173.194.151.108,10.10.0.10,,,443,41505,0,1358,17
1589249565.773782,173.194.151.108,10.10.0.10,,,443,41505,0,1358,17
1589249565.775458,10.10.0.10,173.194.151.108,,,41505,443,0,37,17
1589249565.787771,173.194.151.108,10.10.0.10,,,443,41505,0,1358,17
1589249565.801738,173.194.151.108,10.10.0.10,,,443,41505,0,1358,17
1589249565.80343,10.10.0.10,173.194.151.108,,,41505,443,0,37,17
1589249565.8157082,173.194.151.108,10.10.0.10,,,443,41505,0,1358,17
1589249565.8296778,173.194.151.108,10.10.0.10,,,443,41505,0,1358,17
1589249565.831452,10.10.0.10,173.194.151.108,,,41505,443,0,731,17
1589249565.8316894,10.10.0.10,173.194.151.108,,,41505,443,0,55,17
1589249565.8436508,173.194.151.108,10.10.0.10,,,443,41505,0,1358,17
1589249565.8576221,173.194.151.108,10.10.0.10,,,443,41505,0,1358,17
1589249565.859189,10.10.0.10,173.194.151.108,,,41505,443,0,37,17
1589249565.8716106,173.194.151.108,10.10.0.10,,,443,41505,0,1358,17
1589249565.8855689,173.194.151.108,10.10.0.10,,,443,41505,0,1358,17
1589249565.8873148,10.10.0.10,173.194.151.108,,,41505,443,0,37,17
1589249565.8995461,173.194.151.108,10.10.0.10,,,443,41505,0,1358,17
1589249565.913511,173.194.151.108,10.10.0.10,,,443,41505,0,1358,17
1589249565.915187,10.10.0.10,173.194.151.108,,,41505,443,0,37,17
1589249565.9274845,173.194.151.108,10.10.0.10,,,443,41505,0,1358,17
1589249565.941456,173.194.151.108,10.10.0.10,,,443,41505,0,1358,17
1589249565.943205,10.10.0.10,173.194.151.108,,,41505,443,0,37,17
1589249565.95543,173.194.151.108,10.10.0.10,,,443,41505,0,1358,17
1589249565.9694169,173.194.151.108,10.10.0.10,,,443,41505,0,1358,17
1589249565.9723306,10.10.0.10,173.194.151.108,,,41505,443,0,37,17
1589249565.983376,173.194.151.108,10.10.0.10,,,443,41505,0,29,17
1589249565.9840052,173.194.151.108,10.10.0.10,,,443,41505,0,1358,17
1589249565.997981,173.194.151.108,10.10.0.10,,,443,41505,0,1358,17
1589249565.9994428,10.10.0.10,173.194.151.108,,,41505,443,0,37,17
1589249566.0119536,173.194.151.108,10.10.0.10,,,443,41505,0,1358,17
1589249566.0259235,173.194.151.108,10.10.0.10,,,443,41505,0,1358,17
1589249566.0274534,10.10.0.10,173.194.151.108,,,41505,443,0,37,17
1589249566.039896,173.194.151.108,10.10.0.10,,,443,41505,0,1358,17
1589249566.053869,173.194.151.108,10.10.0.10,,,443,41505,0,1358,17
1589249566.055683,10.10.0.10,173.194.151.108,,,41505,443,0,37,17
1589249566.0678554,173.194.151.108,10.10.0.10,,,443,41505,0,1358,17
1589249566.081814,173.194.151.108,10.10.0.10,,,443,41505,0,1358,17
1589249566.0834508,10.10.0.10,173.194.151.108,,,41505,443,0,37,17
1589249566.0957901,173.194.151.108,10.10.0.10,,,443,41505,0,1358,17
1589249566.1097572,173.194.151.108,10.10.0.10,,,443,41505,0,1358,17
1589249566.111424,10.10.0.10,173.194.151.108,,,41505,443,0,37,17
1589249566.1237302,173.194.151.108,10.10.0.10,,,443,41505,0,1358,17
1589249566.137703,173.194.151.108,10.10.0.10,,,443,41505,0,1358,17
1589249566.139434,10.10.0.10,173.194.151.108,,,41505,443,0,37,17
1589249566.151674,173.194.151.108,10.10.0.10,,,443,41505,0,1358,17
1589249566.1656618,173.194.151.108,10.10.0.10,,,443,41505,0,1358,17
1589249566.1674528,10.10.0.10,173.194.151.108,,,41505,443,0,37,17
1589249566.1796198,173.194.151.108,10.10.0.10,,,443,41505,0,1358,17
1589249566.193601,173.194.151.108,10.10.0.10,,,443,41505,0,1358,17
1589249566.195678,10.10.0.10,173.194.151.108,,,41505,443,0,37,17
1589249566.207564,173.194.151.108,10.10.0.10,,,443,41505,0,1358,17
1589249566.2215376,173.194.151.108,10.10.0.10,,,443,41505,0,1358,17
1589249566.2233212,10.10.0.10,173.194.151.108,,,41505,443,0,37,17
1589249566.2355092,173.194.151.108,10.10.0.10,,,443,41505,0,1358,17
1589249566.2494829,173.194.151.108,10.10.0.10,,,443,41505,0,1358,17
1589249566.2513242,10.10.0.10,173.194.151.108,,,41505,443,0,37,17
1589249566.263472,173.194.151.108,10.10.0.10,,,443,41505,0,1358,17
1589249566.277428,173.194.151.108,10.10.0.10,,,443,41505,0,1358,17
1589249566.279193,10.10.0.10,173.194.151.108,,,41505,443,0,37,17
1589249566.291409,173.194.151.108,10.10.0.10,,,443,41505,0,1358,17
1589249566.3053699,173.194.151.108,10.10.0.10,,,443,41505,0,1358,17
1589249566.307042,10.10.0.10,173.194.151.108,,,41505,443,0,37,17
1589249566.3193526,173.194.151.108,10.10.0.10,,,443,41505,0,1358,17
1589249566.3333151,173.194.151.108,10.10.0.10,,,443,41505,0,1358,17
1589249566.334926,10.10.0.10,173.194.151.108,,,41505,443,0,37,17
1589249566.34729,173.194.151.108,10.10.0.10,,,443,41505,0,1358,17
1589249566.361263,173.194.151.108,10.10.0.10,,,443,41505,0,1358,17
1589249566.362924,10.10.0.10,173.194.151.108,,,41505,443,0,37,17
1589249566.375233,173.194.151.108,10.10.0.10,,,443,41505,0,1358,17
1589249566.3892179,173.194.151.108,10.10.0.10,,,443,41505,0,1358,17
1589249566.39079,10.10.0.10,173.194.151.108,,,41505,443,0,50,17
1589249566.403179,173.194.151.108,10.10.0.10,,,443,41505,0,1358,17
1589249566.4171548,173.194.151.108,10.10.0.10,,,443,41505,0,1358,17
1589249566.4204292,10.10.0.10,173.194.151.108,,,41505,443,0,37,17
1589249566.431119,173.194.151.108,10.10.0.10,,,443,41505,0,1358,17
1589249566.445096,173.194.151.108,10.10.0.10,,,443,41505,0,1358,17
1589249566.4466732,10.10.0.10,173.194.151.108,,,41505,443,0,37,17
1589249566.459068,173.194.151.108,10.10.0.10,,,443,41505,0,1358,17
1589249566.47304,173.194.151.108,10.10.0.10,,,443,41505,0,1358,17
1589249566.4750452,10.10.0.10,173.194.151.108,,,41505,443,0,37,17
1589249566.487028,173.194.151.108,10.10.0.10,,,443,41505,0,1358,17
1589249566.5009868,173.194.151.108,10.10.0.10,,,443,41505,0,1358,17
1589249566.502671,10.10.0.10,173.194.151.108,,,41505,443,0,37,17
1589249566.5149686,173.194.151.108,10.10.0.10,,,443,41505,0,1358,17
1589249566.528933,173.194.151.108,10.10.0.10,,,443,41505,0,1358,17
1589249566.5307982,10.10.0.10,173.194.151.108,,,41505,443,0,37,17
1589249566.542902,173.194.151.108,10.10.0.10,,,443,41505,0,1358,17
1589249566.556881,173.194.151.108,10.10.0.10,,,443,41505,0,1358,17
1589249566.560049,10.10.0.10,173.194.151.108,,,41505,443,0,37,17
1589249566.570843,173.194.151.108,10.10.0.10,,,443,41505,0,1358,17
1589249566.584815,173.194.151.108,10.10.0.10,,,443,41505,0,1358,17
1589249566.597296,10.10.0.10,173.194.151.108,,,41505,443,0,37,17
1589249566.5987878,173.194.151.108,10.10.0.10,,,443,41505,0,1358,17
1589249566.612761,173.194.151.108,10.10.0.10,,,443,41505,0,1358,17
1589249566.6142864,10.10.0.10,173.194.151.108,,,41505,443,0,37,17
1589249566.6267366,173.194.151.108,10.10.0.10,,,443,41505,0,1358,17
1589249566.6407075,173.194.151.108,10.10.0.10,,,443,41505,0,1358,17
1589249566.642282,10.10.0.10,173.194.151.108,,,41505,443,0,37,17
1589249566.6546829,173.194.151.108,10.10.0.10,,,443,41505,0,1358,17
1589249566.668653,173.194.151.108,10.10.0.10,,,443,41505,0,1358,17
1589249566.670272,10.10.0.10,173.194.151.108,,,41505,443,0,37,17
1589249566.682633,173.194.151.108,10.10.0.10,,,443,41505,0,1358,17
1589249566.696597,173.194.151.108,10.10.0.10,,,443,41505,0,1358,17
1589249566.6982539,10.10.0.10,173.194.151.108,,,41505,443,0,37,17
1589249566.710583,173.194.151.108,10.10.0.10,,,443,41505,0,1358,17
1589249566.724544,173.194.151.108,10.10.0.10,,,443,41505,0,1358,17
1589249566.7261708,10.10.0.10,173.194.151.108,,,41505,443,0,37,17
1589249566.73852,173.194.151.108,10.10.0.10,,,443,41505,0,1358,17
1589249566.7524898,173.194.151.108,10.10.0.10,,,443,41505,0,1358,17
1589249566.754057,10.10.0.10,173.194.151.108,,,41505,443,0,37,17
1589249566.766463,173.194.151.108,10.10.0.10,,,443,41505,0,1358,17
1589249566.780444,173.194.151.108,10.10.0.10,,,443,41505,0,1358,17
1589249566.782037,10.10.0.10,173.194.151.108,,,41505,443,0,37,17
1589249566.7944052,173.194.151.108,10.10.0.10,,,443,41505,0,1358,17
1589249566.808395,173.194.151.108,10.10.0.10,,,443,41505,0,1358,17
1589249566.810153,10.10.0.10,173.194.151.108,,,41505,443,0,37,17
1589249566.822352,173.194.151.108,10.10.0.10,,,443,41505,0,1358,17
1589249566.836334,173.194.151.108,10.10.0.10,,,443,41505,0,1358,17
1589249566.838056,10.10.0.10,173.194.151.108,,,41505,443,0,37,17
1589249566.8502939,173.194.151.108,10.10.0.10,,,443,41505,0,1358,17
1589249566.8642619,173.194.151.108,10.10.0.10,,,443,41505,0,1358,17
1589249566.8658028,10.10.0.10,173.194.151.108,,,41505,443,0,37,17
1589249566.8782392,173.194.151.108,10.10.0.10,,,443,41505,0,1358,17
1589249566.892212,173.194.151.108,10.10.0.10,,,443,41505,0,1358,17
1589249566.893929,10.10.0.10,173.194.151.108,,,41505,443,0,37,17
1589249566.9062018,173.194.151.108,10.10.0.10,,,443,41505,0,1358,17
1589249566.920158,173.194.151.108,10.10.0.10,,,443,41505,0,1358,17
1589249566.922052,10.10.0.10,173.194.151.108,,,41505,443,0,37,17
1589249566.9341412,173.194.151.108,10.10.0.10,,,443,41505,0,1358,17
1589249566.948096,173.194.151.108,10.10.0.10,,,443,41505,0,1358,17
1589249566.9496632,10.10.0.10,173.194.151.108,,,41505,443,0,50,17
1589249566.96208,173.194.151.108,10.10.0.10,,,443,41505,0,1358,17
1589249566.9760518,173.194.151.108,10.10.0.10,,,443,41505,0,1358,17
1589249566.977774,10.10.0.10,173.194.151.108,,,41505,443,0,37,17
1589249566.9900212,173.194.151.108,10.10.0.10,,,443,41505,0,1358,17
1589249567.003994,173.194.151.108,10.10.0.10,,,443,41505,0,1358,17
1589249567.005783,10.10.0.10,173.194.151.108,,,41505,443,0,37,17
1589249567.017966,173.194.151.108,10.10.0.10,,,443,41505,0,1358,17
1589249567.0319548,173.194.151.108,10.10.0.10,,,443,41505,0,1358,17
1589249567.033674,10.10.0.10,173.194.151.108,,,41505,443,0,37,17
1589249567.045916,173.194.151.108,10.10.0.10,,,443,41505,0,1358,17
1589249567.059886,173.194.151.108,10.10.0.10,,,443,41505,0,1358,17
1589249567.061529,10.10.0.10,173.194.151.108,,,41505,443,0,37,17
1589249567.0738509,173.194.151.108,10.10.0.10,,,443,41505,0,29,17
1589249567.0744882,173.194.151.108,10.10.0.10,,,443,41505,0,1358,17
1589249567.0884569,173.194.151.108,10.10.0.10,,,443,41505,0,1358,17
1589249567.090029,10.10.0.10,173.194.151.108,,,41505,443,0,37,17
1589249567.102448,173.194.151.108,10.10.0.10,,,443,41505,0,1358,17
1589249567.116402,173.194.151.108,10.10.0.10,,,443,41505,0,1358,17
1589249567.1180284,10.10.0.10,173.194.151.108,,,41505,443,0,37,17
1589249567.130384,173.194.151.108,10.10.0.10,,,443,41505,0,1358,17
1589249567.1443481,173.194.151.108,10.10.0.10,,,443,41505,0,1358,17
1589249567.145898,10.10.0.10,173.194.151.108,,,41505,443,0,37,17
1589249567.1583252,173.194.151.108,10.10.0.10,,,443,41505,0,1358,17
1589249567.1722946,173.194.151.108,10.10.0.10,,,443,41505,0,1358,17
1589249567.1740446,10.10.0.10,173.194.151.108,,,41505,443,0,37,17
1589249567.186264,173.194.151.108,10.10.0.10,,,443,41505,0,1358,17
1589249567.200232,173.194.151.108,10.10.0.10,,,443,41505,0,1358,17
1589249567.2020268,10.10.0.10,173.194.151.108,,,41505,443,0,37,17
1589249567.214211,173.194.151.108,10.10.0.10,,,443,41505,0,1358,17
1589249567.228177,173.194.151.108,10.10.0.10,,,443,41505,0,1358,17
1589249567.2305224,10.10.0.10,173.194.151.108,,,41505,443,0,37,17
1589249567.242154,173.194.151.108,10.10.0.10,,,443,41505,0,1358,17
1589249567.2561312,173.194.151.108,10.10.0.10,,,443,41505,0,1358,17
1589249567.257647,10.10.0.10,173.194.151.108,,,41505,443,0,37,17
1589249567.270099,173.194.151.108,10.10.0.10,,,443,41505,0,1358,17
1589249567.284066,173.194.151.108,10.10.0.10,,,443,41505,0,1358,17
1589249567.2856688,10.10.0.10,173.194.151.108,,,41505,443,0,37,17
1589249567.2980669,173.194.151.108,10.10.0.10,,,443,41505,0,1358,17
1589249567.312017,173.194.151.108,10.10.0.10,,,443,41505,0,1358,17
1589249567.3138974,10.10.0.10,173.194.151.108,,,41505,443,0,37,17
1589249567.3260038,173.194.151.108,10.10.0.10,,,443,41505,0,1358,17
1589249567.339962,173.194.151.108,10.10.0.10,,,443,41505,0,1358,17
1589249567.341665,10.10.0.10,173.194.151.108,,,41505,443,0,37,17
1589249567.353945,173.194.151.108,10.10.0.10,,,443,41505,0,1358,17
1589249567.3679078,173.194.151.108,10.10.0.10,,,443,41505,0,1358,17
1589249567.3695238,10.10.0.10,173.194.151.108,,,41505,443,0,37,17
1589249567.381878,173.194.151.108,10.10.0.10,,,443,41505,0,1358,17
1589249567.395851,173.194.151.108,10.10.0.10,,,443,41505,0,1358,17
1589249567.397636,10.10.0.10,173.194.151.108,,,41505,443,0,37,17
1589249567.4098258,173.194.151.108,10.10.0.10,,,443,41505,0,1358,17
1589249567.423813,173.194.151.108,10.10.0.10,,,443,41505,0,1358,17
1589249567.4255376,10.10.0.10,173.194.151.108,,,41505,443,0,37,17
1589249567.437769,173.194.151.108,10.10.0.10,,,443,41505,0,1358,17
1589249567.451753,173.194.151.108,10.10.0.10,,,443,41505,0,1358,17
1589249567.4532669,10.10.0.10,173.194.151.108,,,41505,443,0,37,17
1589249567.465713,173.194.151.108,10.10.0.10,,,443,41505,0,1358,17
1589249567.4796908,173.194.151.108,10.10.0.10,,,443,41505,0,1358,17
1589249567.481416,10.10.0.10,173.194.151.108,,,41505,443,0,37,17
1589249567.4936578,173.194.151.108,10.10.0.10,,,443,41505,0,1358,17
1589249567.5076294,173.194.151.108,10.10.0.10,,,443,41505,0,1358,17
1589249567.509413,10.10.0.10,173.194.151.108,,,41505,443,0,50,17
1589249567.521605,173.194.151.108,10.10.0.10,,,443,41505,0,1358,17
1589249567.5355752,173.194.151.108,10.10.0.10,,,443,41505,0,1358,17
1589249567.5390108,10.10.0.10,173.194.151.108,,,41505,443,0,37,17
1589249567.549546,173.194.151.108,10.10.0.10,,,443,41505,0,1358,17
1589249567.563515,173.194.151.108,10.10.0.10,,,443,41505,0,1358,17
1589249567.5705152,10.10.0.10,173.194.151.108,,,41505,443,0,37,17
1589249567.577496,173.194.151.108,10.10.0.10,,,443,41505,0,1358,17
1589249567.591462,173.194.151.108,10.10.0.10,,,443,41505,0,1358,17
1589249567.5929742,10.10.0.10,173.194.151.108,,,41505,443,0,37,17
1589249567.6054358,173.194.151.108,10.10.0.10,,,443,41505,0,29,17
1589249567.6060588,173.194.151.108,10.10.0.10,,,443,41505,0,1358,17
1589249567.620036,173.194.151.108,10.10.0.10,,,443,41505,0,1358,17
1589249567.621599,10.10.0.10,173.194.151.108,,,41505,443,0,37,17
1589249567.6340098,173.194.151.108,10.10.0.10,,,443,41505,0,1358,17
1589249567.647992,173.194.151.108,10.10.0.10,,,443,41505,0,1358,17
1589249567.649474,10.10.0.10,173.194.151.108,,,41505,443,0,37,17
1589249567.661954,173.194.151.108,10.10.0.10,,,443,41505,0,1358,17
1589249567.6759322,173.194.151.108,10.10.0.10,,,443,41505,0,1358,17
1589249567.677368,10.10.0.10,173.194.151.108,,,41505,443,0,37,17
1589249567.689914,173.194.151.108,10.10.0.10,,,443,41505,0,1358,17
1589249567.7038758,173.194.151.108,10.10.0.10,,,443,41505,0,1358,17
1589249567.7057636,10.10.0.10,173.194.151.108,,,41505,443,0,37,17
1589249567.717849,173.194.151.108,10.10.0.10,,,443,41505,0,1358,17
1589249567.731821,173.194.151.108,10.10.0.10,,,443,41505,0,1358,17
1589249567.735024,10.10.0.10,173.194.151.108,,,41505,443,0,37,17
1589249567.7458081,173.194.151.108,10.10.0.10,,,443,41505,0,1358,17
1589249567.7597651,173.194.151.108,10.10.0.10,,,443,41505,0,1358,17
1589249567.7614028,10.10.0.10,173.194.151.108,,,41505,443,0,37,17
1589249567.773741,173.194.151.108,10.10.0.10,,,443,41505,0,1358,17
1589249567.7877102,173.194.151.108,10.10.0.10,,,443,41505,0,1358,17
1589249567.795375,10.10.0.10,173.194.151.108,,,41505,443,0,37,17
1589249567.801686,173.194.151.108,10.10.0.10,,,443,41505,0,1358,17
1589249567.815655,173.194.151.108,10.10.0.10,,,443,41505,0,1358,17
1589249567.817372,10.10.0.10,173.194.151.108,,,41505,443,0,37,17
1589249567.829633,173.194.151.108,10.10.0.10,,,443,41505,0,1358,17
1589249567.843614,173.194.151.108,10.10.0.10,,,443,41505,0,1358,17
1589249567.845278,10.10.0.10,173.194.151.108,,,41505,443,0,37,17
1589249567.8575716,173.194.151.108,10.10.0.10,,,443,41505,0,1358,17
1589249567.871554,173.194.151.108,10.10.0.10,,,443,41505,0,1358,17
1589249567.8855221,173.194.151.108,10.10.0.10,,,443,41505,0,1358,17
1589249567.8870249,10.10.0.10,173.194.151.108,,,41505,443,0,37,17
1589249567.8994908,173.194.151.108,10.10.0.10,,,443,41505,0,1358,17
1589249567.9012544,10.10.0.10,173.194.151.108,,,41505,443,0,37,17
1589249567.9134624,173.194.151.108,10.10.0.10,,,443,41505,0,1358,17
1589249567.927433,173.194.151.108,10.10.0.10,,,443,41505,0,1358,17
1589249567.9292738,10.10.0.10,173.194.151.108,,,41505,443,0,37,17
1589249567.941423,173.194.151.108,10.10.0.10,,,443,41505,0,1358,17
1589249567.9553788,173.194.151.108,10.10.0.10,,,443,41505,0,1358,17
1589249567.9571269,10.10.0.10,173.194.151.108,,,41505,443,0,37,17
1589249567.969367,173.194.151.108,10.10.0.10,,,443,41505,0,1358,17
1589249567.9833224,173.194.151.108,10.10.0.10,,,443,41505,0,1358,17
1589249567.9850278,10.10.0.10,173.194.151.108,,,41505,443,0,37,17
1589249567.9973,173.194.151.108,10.10.0.10,,,443,41505,0,1358,17
1589249568.0112698,173.194.151.108,10.10.0.10,,,443,41505,0,1358,17
1589249568.013002,10.10.0.10,173.194.151.108,,,41505,443,0,37,17
1589249568.025241,173.194.151.108,10.10.0.10,,,443,41505,0,1358,17
1589249568.039215,173.194.151.108,10.10.0.10,,,443,41505,0,1358,17
1589249568.042275,10.10.0.10,173.194.151.108,,,41505,443,0,37,17
1589249568.053186,173.194.151.108,10.10.0.10,,,443,41505,0,1358,17
1589249568.067154,173.194.151.108,10.10.0.10,,,443,41505,0,1358,17
1589249568.069106,10.10.0.10,173.194.151.108,,,41505,443,0,50,17
1589249568.08113,173.194.151.108,10.10.0.10,,,443,41505,0,1358,17
1589249568.0951068,173.194.151.108,10.10.0.10,,,443,41505,0,1358,17
1589249568.0967429,10.10.0.10,173.194.151.108,,,41505,443,0,37,17
1589249568.1090775,173.194.151.108,10.10.0.10,,,443,41505,0,1358,17
1589249568.123052,173.194.151.108,10.10.0.10,,,443,41505,0,1358,17
1589249568.124751,10.10.0.10,173.194.151.108,,,41505,443,0,37,17
1589249568.1370428,173.194.151.108,10.10.0.10,,,443,41505,0,1358,17
1589249568.150991,173.194.151.108,10.10.0.10,,,443,41505,0,1358,17
1589249568.1528919,10.10.0.10,173.194.151.108,,,41505,443,0,37,17
1589249568.164979,173.194.151.108,10.10.0.10,,,443,41505,0,29,17
1589249568.165605,173.194.151.108,10.10.0.10,,,443,41505,0,1358,17
1589249568.179569,173.194.151.108,10.10.0.10,,,443,41505,0,1358,17
1589249568.1812649,10.10.0.10,173.194.151.108,,,41505,443,0,37,17
1589249568.1935492,173.194.151.108,10.10.0.10,,,443,41505,0,1358,17
1589249568.2075171,173.194.151.108,10.10.0.10,,,443,41505,0,1358,17
1589249568.2094948,10.10.0.10,173.194.151.108,,,41505,443,0,37,17
1589249568.2214868,173.194.151.108,10.10.0.10,,,443,41505,0,1358,17
1589249568.2354598,173.194.151.108,10.10.0.10,,,443,41505,0,1358,17
1589249568.236995,10.10.0.10,173.194.151.108,,,41505,443,0,37,17
1589249568.249432,173.194.151.108,10.10.0.10,,,443,41505,0,1358,17
1589249568.263417,173.194.151.108,10.10.0.10,,,443,41505,0,1358,17
1589249568.2651381,10.10.0.10,173.194.151.108,,,41505,443,0,37,17
1589249568.277376,173.194.151.108,10.10.0.10,,,443,41505,0,1358,17
1589249568.291351,173.194.151.108,10.10.0.10,,,443,41505,0,1358,17
1589249568.293002,10.10.0.10,173.194.151.108,,,41505,443,0,37,17
1589249568.3053231,173.194.151.108,10.10.0.10,,,443,41505,0,1358,17
1589249568.319295,173.194.151.108,10.10.0.10,,,443,41505,0,1358,17
1589249568.320992,10.10.0.10,173.194.151.108,,,41505,443,0,37,17
1589249568.333287,173.194.151.108,10.10.0.10,,,443,41505,0,1358,17
1589249568.347239,173.194.151.108,10.10.0.10,,,443,41505,0,1358,17
1589249568.3519628,10.10.0.10,173.194.151.108,,,41505,443,0,37,17
1589249568.361224,173.194.151.108,10.10.0.10,,,443,41505,0,1358,17
1589249568.3751779,173.194.151.108,10.10.0.10,,,443,41505,0,1358,17
1589249568.377745,10.10.0.10,173.194.151.108,,,41505,443,0,37,17
1589249568.3891509,173.194.151.108,10.10.0.10,,,443,41505,0,1358,17
1589249568.403127,173.194.151.108,10.10.0.10,,,443,41505,0,1358,17
1589249568.4065099,10.10.0.10,173.194.151.108,,,41505,443,0,37,17
1589249568.4170964,173.194.151.108,10.10.0.10,,,443,41505,0,1358,17
1589249568.431072,173.194.151.108,10.10.0.10,,,443,41505,0,1358,17
1589249568.4333642,10.10.0.10,173.194.151.108,,,41505,443,0,37,17
1589249568.445042,173.194.151.108,10.10.0.10,,,443,41505,0,1358,17
1589249568.4590368,173.194.151.108,10.10.0.10,,,443,41505,0,1358,17
1589249568.461142,10.10.0.10,173.194.151.108,,,41505,443,0,37,17
1589249568.47299,173.194.151.108,10.10.0.10,,,443,41505,0,1358,17
1589249568.4869714,173.194.151.108,10.10.0.10,,,443,41505,0,1358,17
1589249568.492238,10.10.0.10,173.194.151.108,,,41505,443,0,37,17
1589249568.500935,173.194.151.108,10.10.0.10,,,443,41505,0,1358,17
1589249568.51491,173.194.151.108,10.10.0.10,,,443,41505,0,1358,17
1589249568.519005,10.10.0.10,173.194.151.108,,,41505,443,0,37,17
1589249568.528881,173.194.151.108,10.10.0.10,,,443,41505,0,1358,17
1589249568.542852,173.194.151.108,10.10.0.10,,,443,41505,0,1358,17
1589249568.546519,10.10.0.10,173.194.151.108,,,41505,443,0,37,17
1589249568.556824,173.194.151.108,10.10.0.10,,,443,41505,0,1358,17
1589249568.5707972,173.194.151.108,10.10.0.10,,,443,41505,0,1358,17
1589249568.572449,10.10.0.10,173.194.151.108,,,41505,443,0,37,17
1589249568.5847652,173.194.151.108,10.10.0.10,,,443,41505,0,1358,17
1589249568.5987391,173.194.151.108,10.10.0.10,,,443,41505,0,1358,17
1589249568.6004932,10.10.0.10,173.194.151.108,,,41505,443,0,37,17
1589249568.61272,173.194.151.108,10.10.0.10,,,443,41505,0,1358,17
1589249568.6266859,173.194.151.108,10.10.0.10,,,443,41505,0,1358,17
1589249568.6284668,10.10.0.10,173.194.151.108,,,41505,443,0,50,17
1589249568.6406598,173.194.151.108,10.10.0.10,,,443,41505,0,1358,17
1589249568.6546538,173.194.151.108,10.10.0.10,,,443,41505,0,1358,17
1589249568.658982,10.10.0.10,173.194.151.108,,,41505,443,0,37,17
1589249568.67028,173.194.151.108,10.10.0.10,,,443,41505,0,1358,17
1589249568.684247,173.194.151.108,10.10.0.10,,,443,41505,0,1358,17
1589249568.6859858,10.10.0.10,173.194.151.108,,,41505,443,0,37,17
1589249568.698225,173.194.151.108,10.10.0.10,,,443,41505,0,1358,17
1589249568.7122116,173.194.151.108,10.10.0.10,,,443,41505,0,1358,17
1589249568.7139962,10.10.0.10,173.194.151.108,,,41505,443,0,37,17
1589249568.726167,173.194.151.108,10.10.0.10,,,443,41505,0,1358,17
1589249568.7401366,173.194.151.108,10.10.0.10,,,443,41505,0,29,17
1589249568.7407732,173.194.151.108,10.10.0.10,,,443,41505,0,1358,17
1589249568.74248,10.10.0.10,173.194.151.108,,,41505,443,0,37,17
1589249568.7547472,173.194.151.108,10.10.0.10,,,443,41505,0,1358,17
1589249568.7687206,173.194.151.108,10.10.0.10,,,443,41505,0,1358,17
1589249568.770838,10.10.0.10,173.194.151.108,,,41505,443,0,37,17
1589249568.7826908,173.194.151.108,10.10.0.10,,,443,41505,0,1358,17
1589249568.796665,173.194.151.108,10.10.0.10,,,443,41505,0,1358,17
1589249568.798478,10.10.0.10,173.194.151.108,,,41505,443,0,37,17
1589249568.8106508,173.194.151.108,10.10.0.10,,,443,41505,0,1358,17
1589249568.824609,173.194.151.108,10.10.0.10,,,443,41505,0,1358,17
1589249568.826248,10.10.0.10,173.194.151.108,,,41505,443,0,37,17
1589249568.8385859,173.194.151.108,10.10.0.10,,,443,41505,0,1358,17
1589249568.852559,173.194.151.108,10.10.0.10,,,443,41505,0,1358,17
1589249568.8541028,10.10.0.10,173.194.151.108,,,41505,443,0,37,17
1589249568.8665268,173.194.151.108,10.10.0.10,,,443,41505,0,1358,17
1589249568.880496,173.194.151.108,10.10.0.10,,,443,41505,0,1358,17
1589249568.883225,10.10.0.10,173.194.151.108,,,41505,443,0,37,17
1589249568.8944714,173.194.151.108,10.10.0.10,,,443,41505,0,1358,17
1589249568.908458,173.194.151.108,10.10.0.10,,,443,41505,0,1358,17
1589249568.9105024,10.10.0.10,173.194.151.108,,,41505,443,0,37,17
1589249568.922415,173.194.151.108,10.10.0.10,,,443,41505,0,1358,17
1589249568.936398,173.194.151.108,10.10.0.10,,,443,41505,0,1358,17
1589249568.938247,10.10.0.10,173.194.151.108,,,41505,443,0,37,17
1589249568.950361,173.194.151.108,10.10.0.10,,,443,41505,0,1358,17
1589249568.964332,173.194.151.108,10.10.0.10,,,443,41505,0,1358,17
1589249568.966002,10.10.0.10,173.194.151.108,,,41505,443,0,37,17
1589249568.9783068,173.194.151.108,10.10.0.10,,,443,41505,0,1358,17
1589249568.9922779,173.194.151.108,10.10.0.10,,,443,41505,0,1358,17
1589249568.993993,10.10.0.10,173.194.151.108,,,41505,443,0,37,17
1589249569.007931,173.194.151.108,10.10.0.10,,,443,41505,0,1358,17
1589249569.021898,173.194.151.108,10.10.0.10,,,443,41505,0,1358,17
1589249569.023616,10.10.0.10,173.194.151.108,,,41505,443,0,37,17
1589249569.0358908,173.194.151.108,10.10.0.10,,,443,41505,0,1358,17
1589249569.0498428,173.194.151.108,10.10.0.10,,,443,41505,0,1358,17
1589249569.0514908,10.10.0.10,173.194.151.108,,,41505,443,0,37,17
1589249569.0638278,173.194.151.108,10.10.0.10,,,443,41505,0,1358,17
1589249569.077788,173.194.151.108,10.10.0.10,,,443,41505,0,1358,17
1589249569.079616,10.10.0.10,173.194.151.108,,,41505,443,0,37,17
1589249569.091768,173.194.151.108,10.10.0.10,,,443,41505,0,1358,17
1589249569.1057332,173.194.151.108,10.10.0.10,,,443,41505,0,1358,17
1589249569.107468,10.10.0.10,173.194.151.108,,,41505,443,0,37,17
1589249569.119705,173.194.151.108,10.10.0.10,,,443,41505,0,1358,17
1589249569.133702,173.194.151.108,10.10.0.10,,,443,41505,0,1358,17
1589249569.145992,10.10.0.10,173.194.151.108,,,41505,443,0,37,17
1589249569.1476526,173.194.151.108,10.10.0.10,,,443,41505,0,1358,17
1589249569.161624,173.194.151.108,10.10.0.10,,,443,41505,0,1358,17
1589249569.1640859,10.10.0.10,173.194.151.108,,,41505,443,0,37,17
1589249569.1755939,173.194.151.108,10.10.0.10,,,443,41505,0,1358,17
1589249569.189575,173.194.151.108,10.10.0.10,,,443,41505,0,1358,17
1589249569.1913419,10.10.0.10,173.194.151.108,,,41505,443,0,50,17
1589249569.2035398,173.194.151.108,10.10.0.10,,,443,41505,0,1358,17
1589249569.2175162,173.194.151.108,10.10.0.10,,,443,41505,0,1358,17
1589249569.219091,10.10.0.10,173.194.151.108,,,41505,443,0,37,17
1589249569.2314842,173.194.151.108,10.10.0.10,,,443,41505,0,1358,17
1589249569.245457,173.194.151.108,10.10.0.10,,,443,41505,0,1358,17
1589249569.2472348,10.10.0.10,173.194.151.108,,,41505,443,0,37,17
1589249569.2594314,173.194.151.108,10.10.0.10,,,443,41505,0,1358,17
1589249569.275079,173.194.151.108,10.10.0.10,,,443,41505,0,1358,17
1589249569.277361,10.10.0.10,173.194.151.108,,,41505,443,0,37,17
1589249569.2890544,173.194.151.108,10.10.0.10,,,443,41505,0,29,17
1589249569.2897027,173.194.151.108,10.10.0.10,,,443,41505,0,1358,17
1589249569.3036554,173.194.151.108,10.10.0.10,,,443,41505,0,1358,17
1589249569.3053582,10.10.0.10,173.194.151.108,,,41505,443,0,37,17
1589249569.3176358,173.194.151.108,10.10.0.10,,,443,41505,0,1358,17
1589249569.331599,173.194.151.108,10.10.0.10,,,443,41505,0,1358,17
1589249569.333338,10.10.0.10,173.194.151.108,,,41505,443,0,37,17
1589249569.3455732,173.194.151.108,10.10.0.10,,,443,41505,0,1358,17
1589249569.359544,173.194.151.108,10.10.0.10,,,443,41505,0,1358,17
1589249569.361088,10.10.0.10,173.194.151.108,,,41505,443,0,37,17
1589249569.373518,173.194.151.108,10.10.0.10,,,443,41505,0,1358,17
1589249569.387512,173.194.151.108,10.10.0.10,,,443,41505,0,1358,17
1589249569.389106,10.10.0.10,173.194.151.108,,,41505,443,0,37,17
1589249569.4014616,173.194.151.108,10.10.0.10,,,443,41505,0,1358,17
1589249569.415446,173.194.151.108,10.10.0.10,,,443,41505,0,1358,17
1589249569.418605,10.10.0.10,173.194.151.108,,,41505,443,0,37,17
1589249569.4294052,173.194.151.108,10.10.0.10,,,443,41505,0,1358,17
1589249569.443375,173.194.151.108,10.10.0.10,,,443,41505,0,1358,17
1589249569.4449599,10.10.0.10,173.194.151.108,,,41505,443,0,37,17
1589249569.4573548,173.194.151.108,10.10.0.10,,,443,41505,0,1358,17
1589249569.4713259,173.194.151.108,10.10.0.10,,,443,41505,0,1358,17
1589249569.472975,10.10.0.10,173.194.151.108,,,41505,443,0,37,17
1589249569.4852989,173.194.151.108,10.10.0.10,,,443,41505,0,1358,17
1589249569.4992678,173.194.151.108,10.10.0.10,,,443,41505,0,1358,17
1589249569.501081,10.10.0.10,173.194.151.108,,,41505,443,0,37,17
1589249569.5132532,173.194.151.108,10.10.0.10,,,443,41505,0,1358,17
1589249569.527213,173.194.151.108,10.10.0.10,,,443,41505,0,1358,17
1589249569.529074,10.10.0.10,173.194.151.108,,,41505,443,0,37,17
1589249569.5411901,173.194.151.108,10.10.0.10,,,443,41505,0,1358,17
1589249569.55516,173.194.151.108,10.10.0.10,,,443,41505,0,1358,17
1589249569.5568302,10.10.0.10,173.194.151.108,,,41505,443,0,37,17
1589249569.569126,173.194.151.108,10.10.0.10,,,443,41505,0,1358,17
1589249569.5831046,173.194.151.108,10.10.0.10,,,443,41505,0,1358,17
1589249569.5849242,10.10.0.10,173.194.151.108,,,41505,443,0,37,17
1589249569.597076,173.194.151.108,10.10.0.10,,,443,41505,0,1358,17
1589249569.611047,173.194.151.108,10.10.0.10,,,443,41505,0,1358,17
1589249569.612854,10.10.0.10,173.194.151.108,,,41505,443,0,37,17
1589249569.6250188,173.194.151.108,10.10.0.10,,,443,41505,0,1358,17
1589249569.6389885,173.194.151.108,10.10.0.10,,,443,41505,0,1358,17
1589249569.640805,10.10.0.10,173.194.151.108,,,41505,443,0,37,17
1589249569.652965,173.194.151.108,10.10.0.10,,,443,41505,0,1358,17
1589249569.666936,173.194.151.108,10.10.0.10,,,443,41505,0,1358,17
1589249569.6684358,10.10.0.10,173.194.151.108,,,41505,443,0,37,17
1589249569.6809099,173.194.151.108,10.10.0.10,,,443,41505,0,1358,17
1589249569.6948788,173.194.151.108,10.10.0.10,,,443,41505,0,1358,17
1589249569.6976988,10.10.0.10,173.194.151.108,,,41505,443,0,37,17
1589249569.7088542,173.194.151.108,10.10.0.10,,,443,41505,0,1358,17
1589249569.7228231,173.194.151.108,10.10.0.10,,,443,41505,0,1358,17
1589249569.7248304,10.10.0.10,173.194.151.108,,,41505,443,0,37,17
1589249569.7367961,173.194.151.108,10.10.0.10,,,443,41505,0,1358,17
1589249569.750769,173.194.151.108,10.10.0.10,,,443,41505,0,1358,17
1589249569.752719,10.10.0.10,173.194.151.108,,,41505,443,0,50,17
1589249569.764748,173.194.151.108,10.10.0.10,,,443,41505,0,1358,17
1589249569.778717,173.194.151.108,10.10.0.10,,,443,41505,0,1358,17
1589249569.7803252,10.10.0.10,173.194.151.108,,,41505,443,0,37,17
1589249569.7926881,173.194.151.108,10.10.0.10,,,443,41505,0,1358,17
1589249569.8066616,173.194.151.108,10.10.0.10,,,443,41505,0,1358,17
1589249569.8082108,10.10.0.10,173.194.151.108,,,41505,443,0,37,17
1589249569.820633,173.194.151.108,10.10.0.10,,,443,41505,0,1358,17
1589249569.8346179,173.194.151.108,10.10.0.10,,,443,41505,0,1358,17
1589249569.8363461,10.10.0.10,173.194.151.108,,,41505,443,0,37,17
1589249569.848578,173.194.151.108,10.10.0.10,,,443,41505,0,1358,17
1589249569.8625572,173.194.151.108,10.10.0.10,,,443,41505,0,1358,17
1589249569.864218,10.10.0.10,173.194.151.108,,,41505,443,0,37,17
1589249569.8765242,173.194.151.108,10.10.0.10,,,443,41505,0,1358,17
1589249569.890497,173.194.151.108,10.10.0.10,,,443,41505,0,1358,17
1589249569.8930724,10.10.0.10,173.194.151.108,,,41505,443,0,37,17
1589249569.9044788,173.194.151.108,10.10.0.10,,,443,41505,0,1358,17
1589249569.918442,173.194.151.108,10.10.0.10,,,443,41505,0,1358,17
1589249569.919952,10.10.0.10,173.194.151.108,,,41505,443,0,37,17
1589249569.932428,173.194.151.108,10.10.0.10,,,443,41505,0,1358,17
1589249569.9463868,173.194.151.108,10.10.0.10,,,443,41505,0,1358,17
1589249569.948217,10.10.0.10,173.194.151.108,,,41505,443,0,37,17
1589249569.9603686,173.194.151.108,10.10.0.10,,,443,41505,0,1358,17
1589249569.974333,173.194.151.108,10.10.0.10,,,443,41505,0,1358,17
1589249569.976092,10.10.0.10,173.194.151.108,,,41505,443,0,37,17
1589249569.988303,173.194.151.108,10.10.0.10,,,443,41505,0,1358,17
1589249570.002275,173.194.151.108,10.10.0.10,,,443,41505,0,1358,17
1589249570.0040908,10.10.0.10,173.194.151.108,,,41505,443,0,37,17
1589249570.016247,173.194.151.108,10.10.0.10,,,443,41505,0,1358,17
1589249570.0302384,173.194.151.108,10.10.0.10,,,443,41505,0,1358,17
1589249570.031933,10.10.0.10,173.194.151.108,,,41505,443,0,37,17
1589249570.0441885,173.194.151.108,10.10.0.10,,,443,41505,0,1358,17
1589249570.058175,173.194.151.108,10.10.0.10,,,443,41505,0,1358,17
1589249570.059957,10.10.0.10,173.194.151.108,,,41505,443,0,37,17
1589249570.072132,173.194.151.108,10.10.0.10,,,443,41505,0,1358,17
1589249570.0861142,173.194.151.108,10.10.0.10,,,443,41505,0,1358,17
1589249570.0878088,10.10.0.10,173.194.151.108,,,41505,443,0,37,17
1589249570.100081,173.194.151.108,10.10.0.10,,,443,41505,0,439,17
1589249570.14496,10.10.0.10,173.194.151.108,,,41505,443,0,37,17
1589249574.344572,10.10.0.10,173.194.151.108,,,41505,443,0,722,17
1589249574.3446019,10.10.0.10,173.194.151.108,,,41505,443,0,48,17
1589249574.349065,173.194.151.108,10.10.0.10,,,443,41505,0,138,17
1589249574.349096,173.194.151.108,10.10.0.10,,,443,41505,0,1358,17
1589249574.34912,173.194.151.108,10.10.0.10,,,443,41505,0,1358,17
1589249574.3508394,10.10.0.10,173.194.151.108,,,41505,443,0,37,17
1589249574.3626866,173.194.151.108,10.10.0.10,,,443,41505,0,1358,17
1589249574.3650682,10.10.0.10,173.194.151.108,,,41505,443,0,37,17
1589249574.3766804,173.194.151.108,10.10.0.10,,,443,41505,0,1358,17
1589249574.390632,173.194.151.108,10.10.0.10,,,443,41505,0,1358,17
1589249574.392442,10.10.0.10,173.194.151.108,,,41505,443,0,37,17
1589249574.404599,173.194.151.108,10.10.0.10,,,443,41505,0,1358,17
1589249574.4185796,173.194.151.108,10.10.0.10,,,443,41505,0,1358,17
1589249574.4207132,10.10.0.10,173.194.151.108,,,41505,443,0,37,17
1589249574.4325492,173.194.151.108,10.10.0.10,,,443,41505,0,1358,17
1589249574.4465148,173.194.151.108,10.10.0.10,,,443,41505,0,1358,17
1589249574.448317,10.10.0.10,173.194.151.108,,,41505,443,0,37,17
1589249574.460494,173.194.151.108,10.10.0.10,,,443,41505,0,1358,17
1589249574.4744835,173.194.151.108,10.10.0.10,,,443,41505,0,1358,17
1589249574.476209,10.10.0.10,173.194.151.108,,,41505,443,0,37,17
1589249574.4884381,173.194.151.108,10.10.0.10,,,443,41505,0,1358,17
1589249574.502422,173.194.151.108,10.10.0.10,,,443,41505,0,1358,17
1589249574.5042052,10.10.0.10,173.194.151.108,,,41505,443,0,37,17
1589249574.516384,173.194.151.108,10.10.0.10,,,443,41505,0,1358,17
1589249574.530362,173.194.151.108,10.10.0.10,,,443,41505,0,1358,17
1589249574.532927,10.10.0.10,173.194.151.108,,,41505,443,0,37,17
1589249574.544322,173.194.151.108,10.10.0.10,,,443,41505,0,1358,17
1589249574.5583026,173.194.151.108,10.10.0.10,,,443,41505,0,1358,17
1589249574.560083,10.10.0.10,173.194.151.108,,,41505,443,0,37,17
1589249574.572272,173.194.151.108,10.10.0.10,,,443,41505,0,1358,17
1589249574.586246,173.194.151.108,10.10.0.10,,,443,41505,0,1358,17
1589249574.589061,10.10.0.10,173.194.151.108,,,41505,443,0,37,17
1589249574.600211,173.194.151.108,10.10.0.10,,,443,41505,0,1358,17
1589249574.6141891,173.194.151.108,10.10.0.10,,,443,41505,0,1358,17
1589249574.618688,10.10.0.10,173.194.151.108,,,41505,443,0,37,17
1589249574.628158,173.194.151.108,10.10.0.10,,,443,41505,0,1358,17
1589249574.6421301,173.194.151.108,10.10.0.10,,,443,41505,0,1358,17
1589249574.643687,10.10.0.10,173.194.151.108,,,41505,443,0,37,17
1589249574.6561012,173.194.151.108,10.10.0.10,,,443,41505,0,1358,17
1589249574.670075,173.194.151.108,10.10.0.10,,,443,41505,0,1358,17
1589249574.6716616,10.10.0.10,173.194.151.108,,,41505,443,0,37,17
1589249574.684046,173.194.151.108,10.10.0.10,,,443,41505,0,1358,17
1589249574.6980188,173.194.151.108,10.10.0.10,,,443,41505,0,1358,17
1589249574.7000446,10.10.0.10,173.194.151.108,,,41505,443,0,37,17
1589249574.711992,173.194.151.108,10.10.0.10,,,443,41505,0,1358,17
1589249574.725965,173.194.151.108,10.10.0.10,,,443,41505,0,1358,17
1589249574.7275252,10.10.0.10,173.194.151.108,,,41505,443,0,37,17
1589249574.739944,173.194.151.108,10.10.0.10,,,443,41505,0,1358,17
1589249574.75391,173.194.151.108,10.10.0.10,,,443,41505,0,1358,17
1589249574.755556,10.10.0.10,173.194.151.108,,,41505,443,0,37,17
1589249574.767882,173.194.151.108,10.10.0.10,,,443,41505,0,1358,17
1589249574.781858,173.194.151.108,10.10.0.10,,,443,41505,0,1358,17
1589249574.7834349,10.10.0.10,173.194.151.108,,,41505,443,0,37,17
1589249574.7958488,173.194.151.108,10.10.0.10,,,443,41505,0,1358,17
1589249574.8098018,173.194.151.108,10.10.0.10,,,443,41505,0,1358,17
1589249574.8114376,10.10.0.10,173.194.151.108,,,41505,443,0,37,17
1589249574.823786,173.194.151.108,10.10.0.10,,,443,41505,0,1358,17
1589249574.8377464,173.194.151.108,10.10.0.10,,,443,41505,0,1358,17
1589249574.840198,10.10.0.10,173.194.151.108,,,41505,443,0,37,17
1589249574.851727,173.194.151.108,10.10.0.10,,,443,41505,0,1358,17
1589249574.86569,173.194.151.108,10.10.0.10,,,443,41505,0,1358,17
1589249574.8678026,10.10.0.10,173.194.151.108,,,41505,443,0,50,17
1589249574.87966,173.194.151.108,10.10.0.10,,,443,41505,0,1358,17
1589249574.8936355,173.194.151.108,10.10.0.10,,,443,41505,0,1358,17
1589249574.895334,10.10.0.10,173.194.151.108,,,41505,443,0,37,17
1589249574.907609,173.194.151.108,10.10.0.10,,,443,41505,0,1358,17
1589249574.9215946,173.194.151.108,10.10.0.10,,,443,41505,0,1358,17
1589249574.9232998,10.10.0.10,173.194.151.108,,,41505,443,0,37,17
1589249574.935555,173.194.151.108,10.10.0.10,,,443,41505,0,1358,17
1589249574.9495351,173.194.151.108,10.10.0.10,,,443,41505,0,1358,17
1589249574.951175,10.10.0.10,173.194.151.108,,,41505,443,0,37,17
1589249574.963498,173.194.151.108,10.10.0.10,,,443,41505,0,1358,17
1589249574.977476,173.194.151.108,10.10.0.10,,,443,41505,0,1358,17
1589249574.979175,10.10.0.10,173.194.151.108,,,41505,443,0,37,17
1589249574.991442,173.194.151.108,10.10.0.10,,,443,41505,0,1358,17
1589249575.0054169,173.194.151.108,10.10.0.10,,,443,41505,0,1358,17
1589249575.0089226,10.10.0.10,173.194.151.108,,,41505,443,0,37,17
1589249575.01939,173.194.151.108,10.10.0.10,,,443,41505,0,1358,17
1589249575.03336,173.194.151.108,10.10.0.10,,,443,41505,0,1358,17
1589249575.035192,10.10.0.10,173.194.151.108,,,41505,443,0,37,17
1589249575.047346,173.194.151.108,10.10.0.10,,,443,41505,0,1358,17
1589249575.061308,173.194.151.108,10.10.0.10,,,443,41505,0,1358,17
1589249575.063299,10.10.0.10,173.194.151.108,,,41505,443,0,37,17
1589249575.0752769,173.194.151.108,10.10.0.10,,,443,41505,0,1358,17
1589249575.0892508,173.194.151.108,10.10.0.10,,,443,41505,0,1358,17
1589249575.090914,10.10.0.10,173.194.151.108,,,41505,443,0,37,17
1589249575.1032188,173.194.151.108,10.10.0.10,,,443,41505,0,1358,17
1589249575.117216,173.194.151.108,10.10.0.10,,,443,41505,0,1358,17
1589249575.118815,10.10.0.10,173.194.151.108,,,41505,443,0,37,17
1589249575.131168,173.194.151.108,10.10.0.10,,,443,41505,0,1358,17
1589249575.145144,173.194.151.108,10.10.0.10,,,443,41505,0,1358,17
1589249575.1476922,10.10.0.10,173.194.151.108,,,41505,443,0,37,17
1589249575.1591148,173.194.151.108,10.10.0.10,,,443,41505,0,1358,17
1589249575.173094,173.194.151.108,10.10.0.10,,,443,41505,0,1358,17
1589249575.174794,10.10.0.10,173.194.151.108,,,41505,443,0,37,17
1589249575.187058,173.194.151.108,10.10.0.10,,,443,41505,0,1358,17
1589249575.2010329,173.194.151.108,10.10.0.10,,,443,41505,0,1358,17
1589249575.2027,10.10.0.10,173.194.151.108,,,41505,443,0,37,17
1589249575.2150028,173.194.151.108,10.10.0.10,,,443,41505,0,1358,17
1589249575.228974,173.194.151.108,10.10.0.10,,,443,41505,0,1358,17
1589249575.230813,10.10.0.10,173.194.151.108,,,41505,443,0,37,17
1589249575.242962,173.194.151.108,10.10.0.10,,,443,41505,0,1358,17
1589249575.2569199,173.194.151.108,10.10.0.10,,,443,41505,0,1358,17
1589249575.258667,10.10.0.10,173.194.151.108,,,41505,443,0,37,17
1589249575.2708988,173.194.151.108,10.10.0.10,,,443,41505,0,1358,17
1589249575.284864,173.194.151.108,10.10.0.10,,,443,41505,0,1358,17
1589249575.2865422,10.10.0.10,173.194.151.108,,,41505,443,0,37,17
1589249575.2988381,173.194.151.108,10.10.0.10,,,443,41505,0,1358,17
1589249575.312807,173.194.151.108,10.10.0.10,,,443,41505,0,1358,17
1589249575.314541,10.10.0.10,173.194.151.108,,,41505,443,0,37,17
1589249575.326781,173.194.151.108,10.10.0.10,,,443,41505,0,1358,17
1589249575.340774,173.194.151.108,10.10.0.10,,,443,41505,0,1358,17
1589249575.3424199,10.10.0.10,173.194.151.108,,,41505,443,0,37,17
1589249575.354729,173.194.151.108,10.10.0.10,,,443,41505,0,1358,17
1589249575.368714,173.194.151.108,10.10.0.10,,,443,41505,0,1358,17
1589249575.3704321,10.10.0.10,173.194.151.108,,,41505,443,0,37,17
1589249575.382671,173.194.151.108,10.10.0.10,,,443,41505,0,1358,17
1589249575.3966384,173.194.151.108,10.10.0.10,,,443,41505,0,1358,17
1589249575.398538,10.10.0.10,173.194.151.108,,,41505,443,0,37,17
1589249575.4106178,173.194.151.108,10.10.0.10,,,443,41505,0,1358,17
1589249575.42459,173.194.151.108,10.10.0.10,,,443,41505,0,1358,17
1589249575.426306,10.10.0.10,173.194.151.108,,,41505,443,0,50,17
1589249575.4385831,173.194.151.108,10.10.0.10,,,443,41505,0,1358,17
1589249575.4525318,173.194.151.108,10.10.0.10,,,443,41505,0,1358,17
1589249575.456528,10.10.0.10,173.194.151.108,,,41505,443,0,37,17
1589249575.4665186,173.194.151.108,10.10.0.10,,,443,41505,0,1358,17
1589249575.480478,173.194.151.108,10.10.0.10,,,443,41505,0,1358,17
1589249575.482785,10.10.0.10,173.194.151.108,,,41505,443,0,37,17
1589249575.494458,173.194.151.108,10.10.0.10,,,443,41505,0,1358,17
1589249575.508425,173.194.151.108,10.10.0.10,,,443,41505,0,29,17
1589249575.5090554,173.194.151.108,10.10.0.10,,,443,41505,0,1358,17
1589249575.510432,10.10.0.10,173.194.151.108,,,41505,443,0,37,17
1589249575.5230286,173.194.151.108,10.10.0.10,,,443,41505,0,1358,17
1589249575.537016,173.194.151.108,10.10.0.10,,,443,41505,0,1358,17
1589249575.550976,173.194.151.108,10.10.0.10,,,443,41505,0,1358,17
1589249575.5649412,173.194.151.108,10.10.0.10,,,443,41505,0,1358,17
1589249575.567496,10.10.0.10,173.194.151.108,,,41505,443,0,37,17
1589249575.578922,173.194.151.108,10.10.0.10,,,443,41505,0,1358,17
1589249575.584883,10.10.0.10,173.194.151.108,,,41505,443,0,37,17
1589249575.5928838,173.194.151.108,10.10.0.10,,,443,41505,0,1358,17
1589249575.595905,10.10.0.10,173.194.151.108,,,41505,443,0,37,17
1589249575.6068606,173.194.151.108,10.10.0.10,,,443,41505,0,1358,17
1589249575.6208286,173.194.151.108,10.10.0.10,,,443,41505,0,1358,17
1589249575.622635,10.10.0.10,173.194.151.108,,,41505,443,0,37,17
1589249575.634827,173.194.151.108,10.10.0.10,,,443,41505,0,1358,17
1589249575.648776,173.194.151.108,10.10.0.10,,,443,41505,0,1358,17
1589249575.650247,10.10.0.10,173.194.151.108,,,41505,443,0,37,17
1589249575.662749,173.194.151.108,10.10.0.10,,,443,41505,0,1358,17
1589249575.676719,173.194.151.108,10.10.0.10,,,443,41505,0,1358,17
1589249575.6783805,10.10.0.10,173.194.151.108,,,41505,443,0,37,17
1589249575.6906948,173.194.151.108,10.10.0.10,,,443,41505,0,1358,17
1589249575.704665,173.194.151.108,10.10.0.10,,,443,41505,0,1358,17
1589249575.706275,10.10.0.10,173.194.151.108,,,41505,443,0,37,17
1589249575.71864,173.194.151.108,10.10.0.10,,,443,41505,0,1358,17
1589249575.732627,173.194.151.108,10.10.0.10,,,443,41505,0,1358,17
1589249575.7343,10.10.0.10,173.194.151.108,,,41505,443,0,37,17
1589249575.7465868,173.194.151.108,10.10.0.10,,,443,41505,0,1358,17
1589249575.7511759,10.10.0.10,173.194.151.108,,,41505,443,0,731,17
1589249575.7512028,10.10.0.10,173.194.151.108,,,41505,443,0,48,17
1589249575.760564,173.194.151.108,10.10.0.10,,,443,41505,0,1358,17
1589249575.774535,173.194.151.108,10.10.0.10,,,443,41505,0,1358,17
1589249575.776922,10.10.0.10,173.194.151.108,,,41505,443,0,37,17
1589249575.7885098,173.194.151.108,10.10.0.10,,,443,41505,0,1358,17
1589249575.802475,173.194.151.108,10.10.0.10,,,443,41505,0,1358,17
1589249575.807799,10.10.0.10,173.194.151.108,,,41505,443,0,37,17
1589249575.8164508,173.194.151.108,10.10.0.10,,,443,41505,0,1358,17
1589249575.8304179,173.194.151.108,10.10.0.10,,,443,41505,0,1358,17
1589249575.8410268,10.10.0.10,173.194.151.108,,,41505,443,0,37,17
1589249575.844394,173.194.151.108,10.10.0.10,,,443,41505,0,1358,17
1589249575.858365,173.194.151.108,10.10.0.10,,,443,41505,0,1358,17
1589249575.864775,10.10.0.10,173.194.151.108,,,41505,443,0,37,17
1589249575.8723412,173.194.151.108,10.10.0.10,,,443,41505,0,1358,17
1589249575.886321,173.194.151.108,10.10.0.10,,,443,41505,0,1358,17
1589249575.887774,10.10.0.10,173.194.151.108,,,41505,443,0,37,17
1589249575.9002821,173.194.151.108,10.10.0.10,,,443,41505,0,1358,17
1589249575.914256,173.194.151.108,10.10.0.10,,,443,41505,0,1358,17
1589249575.915996,10.10.0.10,173.194.151.108,,,41505,443,0,37,17
1589249575.928227,173.194.151.108,10.10.0.10,,,443,41505,0,1358,17
1589249575.9422019,173.194.151.108,10.10.0.10,,,443,41505,0,1358,17
1589249575.9452732,10.10.0.10,173.194.151.108,,,41505,443,0,37,17
1589249575.956193,173.194.151.108,10.10.0.10,,,443,41505,0,1358,17
1589249575.970145,173.194.151.108,10.10.0.10,,,443,41505,0,1358,17
1589249575.9841301,173.194.151.108,10.10.0.10,,,443,41505,0,1358,17
1589249575.9916651,10.10.0.10,173.194.151.108,,,41505,443,0,37,17
1589249575.998089,173.194.151.108,10.10.0.10,,,443,41505,0,1358,17
1589249576.0005422,10.10.0.10,173.194.151.108,,,41505,443,0,37,17
1589249576.012072,173.194.151.108,10.10.0.10,,,443,41505,0,1358,17
1589249576.0260348,173.194.151.108,10.10.0.10,,,443,41505,0,1358,17
1589249576.028791,10.10.0.10,173.194.151.108,,,41505,443,0,37,17
1589249576.040008,173.194.151.108,10.10.0.10,,,443,41505,0,1358,17
1589249576.053979,173.194.151.108,10.10.0.10,,,443,41505,0,1358,17
1589249576.0562658,10.10.0.10,173.194.151.108,,,41505,443,0,37,17
1589249576.067978,173.194.151.108,10.10.0.10,,,443,41505,0,1358,17
1589249576.081939,173.194.151.108,10.10.0.10,,,443,41505,0,1358,17
1589249576.084787,10.10.0.10,173.194.151.108,,,41505,443,0,37,17
1589249576.0958939,173.194.151.108,10.10.0.10,,,443,41505,0,1358,17
1589249576.109874,173.194.151.108,10.10.0.10,,,443,41505,0,1358,17
1589249576.113644,10.10.0.10,173.194.151.108,,,41505,443,0,37,17
1589249576.12384,173.194.151.108,10.10.0.10,,,443,41505,0,1358,17
1589249576.137813,173.194.151.108,10.10.0.10,,,443,41505,0,1358,17
1589249576.1408908,10.10.0.10,173.194.151.108,,,41505,443,0,37,17
1589249576.151783,173.194.151.108,10.10.0.10,,,443,41505,0,1358,17
1589249576.165758,173.194.151.108,10.10.0.10,,,443,41505,0,1358,17
1589249576.1676419,10.10.0.10,173.194.151.108,,,41505,443,0,37,17
1589249576.1797302,173.194.151.108,10.10.0.10,,,443,41505,0,1358,17
1589249576.193703,173.194.151.108,10.10.0.10,,,443,41505,0,1358,17
1589249576.1974099,10.10.0.10,173.194.151.108,,,41505,443,0,37,17
1589249576.2076864,173.194.151.108,10.10.0.10,,,443,41505,0,1358,17
1589249576.221649,173.194.151.108,10.10.0.10,,,443,41505,0,1358,17
1589249576.2242699,10.10.0.10,173.194.151.108,,,41505,443,0,37,17
1589249576.2356222,173.194.151.108,10.10.0.10,,,443,41505,0,1358,17
1589249576.249593,173.194.151.108,10.10.0.10,,,443,41505,0,1358,17
1589249576.253409,10.10.0.10,173.194.151.108,,,41505,443,0,37,17
1589249576.263565,173.194.151.108,10.10.0.10,,,443,41505,0,1358,17
1589249576.277558,173.194.151.108,10.10.0.10,,,443,41505,0,1358,17
1589249576.2915108,173.194.151.108,10.10.0.10,,,443,41505,0,1358,17
1589249576.305496,173.194.151.108,10.10.0.10,,,443,41505,0,1358,17
1589249576.3194542,173.194.151.108,10.10.0.10,,,443,41505,0,1358,17
1589249576.333433,173.194.151.108,10.10.0.10,,,443,41505,0,1358,17
1589249576.347399,173.194.151.108,10.10.0.10,,,443,41505,0,1358,17
1589249576.353904,10.10.0.10,173.194.151.108,,,41505,443,0,40,17
1589249576.3563812,10.10.0.10,173.194.151.108,,,41505,443,0,53,17
1589249576.3586614,10.10.0.10,173.194.151.108,,,41505,443,0,40,17
1589249576.3601608,10.10.0.10,173.194.151.108,,,41505,443,0,40,17
1589249576.3613708,173.194.151.108,10.10.0.10,,,443,41505,0,1358,17
1589249576.362635,10.10.0.10,173.194.151.108,,,41505,443,0,40,17
1589249576.375344,173.194.151.108,10.10.0.10,,,443,41505,0,1358,17
1589249576.3893108,173.194.151.108,10.10.0.10,,,443,41505,0,1358,17
1589249576.3917592,10.10.0.10,173.194.151.108,,,41505,443,0,40,17
1589249576.4032838,173.194.151.108,10.10.0.10,,,443,41505,0,29,17
1589249576.4039226,173.194.151.108,10.10.0.10,,,443,41505,0,1358,17
1589249576.4178948,173.194.151.108,10.10.0.10,,,443,41505,0,1358,17
1589249576.421403,10.10.0.10,173.194.151.108,,,41505,443,0,37,17
1589249576.431868,173.194.151.108,10.10.0.10,,,443,41505,0,1358,17
1589249576.445838,173.194.151.108,10.10.0.10,,,443,41505,0,1358,17
1589249576.448152,10.10.0.10,173.194.151.108,,,41505,443,0,37,17
1589249576.459814,173.194.151.108,10.10.0.10,,,443,41505,0,1358,17
1589249576.4738019,173.194.151.108,10.10.0.10,,,443,41505,0,1358,17
1589249576.47751,10.10.0.10,173.194.151.108,,,41505,443,0,37,17
1589249576.4877565,173.194.151.108,10.10.0.10,,,443,41505,0,1358,17
1589249576.5017402,173.194.151.108,10.10.0.10,,,443,41505,0,1358,17
1589249576.503506,10.10.0.10,173.194.151.108,,,41505,443,0,37,17
1589249576.5157,173.194.151.108,10.10.0.10,,,443,41505,0,1358,17
1589249576.5296779,173.194.151.108,10.10.0.10,,,443,41505,0,1358,17
1589249576.5313704,10.10.0.10,173.194.151.108,,,41505,443,0,37,17
1589249576.5436456,173.194.151.108,10.10.0.10,,,443,41505,0,1358,17
1589249576.557618,173.194.151.108,10.10.0.10,,,443,41505,0,1358,17
1589249576.5595238,10.10.0.10,173.194.151.108,,,41505,443,0,37,17
1589249576.5715892,173.194.151.108,10.10.0.10,,,443,41505,0,1358,17
1589249576.5855591,173.194.151.108,10.10.0.10,,,443,41505,0,1358,17
1589249576.5874898,10.10.0.10,173.194.151.108,,,41505,443,0,37,17
1589249576.5995288,173.194.151.108,10.10.0.10,,,443,41505,0,1358,17
1589249576.6135068,173.194.151.108,10.10.0.10,,,443,41505,0,1358,17
1589249576.6167624,10.10.0.10,173.194.151.108,,,41505,443,0,37,17
1589249576.6274748,173.194.151.108,10.10.0.10,,,443,41505,0,1358,17
1589249576.64145,173.194.151.108,10.10.0.10,,,443,41505,0,1358,17
1589249576.643991,10.10.0.10,173.194.151.108,,,41505,443,0,37,17
1589249576.655424,173.194.151.108,10.10.0.10,,,443,41505,0,1358,17
1589249576.669398,173.194.151.108,10.10.0.10,,,443,41505,0,1358,17
1589249576.6716268,10.10.0.10,173.194.151.108,,,41505,443,0,37,17
1589249576.6833632,173.194.151.108,10.10.0.10,,,443,41505,0,1358,17
1589249576.6973405,173.194.151.108,10.10.0.10,,,443,41505,0,1358,17
1589249576.6996198,10.10.0.10,173.194.151.108,,,41505,443,0,37,17
1589249576.711313,173.194.151.108,10.10.0.10,,,443,41505,0,1358,17
1589249576.725283,173.194.151.108,10.10.0.10,,,443,41505,0,1358,17
1589249576.7268472,10.10.0.10,173.194.151.108,,,41505,443,0,37,17
1589249576.739254,173.194.151.108,10.10.0.10,,,443,41505,0,1358,17
1589249576.753231,173.194.151.108,10.10.0.10,,,443,41505,0,1358,17
1589249576.754848,10.10.0.10,173.194.151.108,,,41505,443,0,37,17
1589249576.7672026,173.194.151.108,10.10.0.10,,,443,41505,0,1358,17
1589249576.781176,173.194.151.108,10.10.0.10,,,443,41505,0,1358,17
1589249576.7828732,10.10.0.10,173.194.151.108,,,41505,443,0,37,17
1589249576.7951686,173.194.151.108,10.10.0.10,,,443,41505,0,1358,17
1589249576.80912,173.194.151.108,10.10.0.10,,,443,41505,0,1358,17
1589249576.8107688,10.10.0.10,173.194.151.108,,,41505,443,0,37,17
1589249576.823104,173.194.151.108,10.10.0.10,,,443,41505,0,1358,17
1589249576.837067,173.194.151.108,10.10.0.10,,,443,41505,0,1358,17
1589249576.838622,10.10.0.10,173.194.151.108,,,41505,443,0,50,17
1589249576.851044,173.194.151.108,10.10.0.10,,,443,41505,0,1358,17
1589249576.8650134,173.194.151.108,10.10.0.10,,,443,41505,0,1358,17
1589249576.866749,10.10.0.10,173.194.151.108,,,41505,443,0,37,17
1589249576.878981,173.194.151.108,10.10.0.10,,,443,41505,0,1358,17
1589249576.8929589,173.194.151.108,10.10.0.10,,,443,41505,0,29,17
1589249576.8935802,173.194.151.108,10.10.0.10,,,443,41505,0,1358,17
1589249576.8952448,10.10.0.10,173.194.151.108,,,41505,443,0,37,17
1589249576.9075599,173.194.151.108,10.10.0.10,,,443,41505,0,1358,17
1589249576.9215422,173.194.151.108,10.10.0.10,,,443,41505,0,1358,17
1589249576.9231381,10.10.0.10,173.194.151.108,,,41505,443,0,37,17
1589249576.935504,173.194.151.108,10.10.0.10,,,443,41505,0,1358,17
1589249576.9494748,173.194.151.108,10.10.0.10,,,443,41505,0,1358,17
1589249576.9522624,10.10.0.10,173.194.151.108,,,41505,443,0,37,17
1589249576.963448,173.194.151.108,10.10.0.10,,,443,41505,0,1358,17
1589249576.977423,173.194.151.108,10.10.0.10,,,443,41505,0,1358,17
1589249576.978992,10.10.0.10,173.194.151.108,,,41505,443,0,37,17
1589249576.991412,173.194.151.108,10.10.0.10,,,443,41505,0,1358,17
1589249577.0053651,173.194.151.108,10.10.0.10,,,443,41505,0,1358,17
1589249577.0072632,10.10.0.10,173.194.151.108,,,41505,443,0,37,17
1589249577.01935,173.194.151.108,10.10.0.10,,,443,41505,0,1358,17
1589249577.0333116,173.194.151.108,10.10.0.10,,,443,41505,0,1358,17
1589249577.03576,10.10.0.10,173.194.151.108,,,41505,443,0,37,17
1589249577.0472908,173.194.151.108,10.10.0.10,,,443,41505,0,1358,17
1589249577.0612562,173.194.151.108,10.10.0.10,,,443,41505,0,1358,17
1589249577.0633671,10.10.0.10,173.194.151.108,,,41505,443,0,37,17
1589249577.0752294,173.194.151.108,10.10.0.10,,,443,41505,0,1358,17
1589249577.089201,173.194.151.108,10.10.0.10,,,443,41505,0,1358,17
1589249577.0919,10.10.0.10,173.194.151.108,,,41505,443,0,37,17
1589249577.1031704,173.194.151.108,10.10.0.10,,,443,41505,0,1358,17
1589249577.1171572,173.194.151.108,10.10.0.10,,,443,41505,0,1358,17
1589249577.1189866,10.10.0.10,173.194.151.108,,,41505,443,0,37,17
1589249577.131117,173.194.151.108,10.10.0.10,,,443,41505,0,1358,17
1589249577.1450946,173.194.151.108,10.10.0.10,,,443,41505,0,1358,17
1589249577.146729,10.10.0.10,173.194.151.108,,,41505,443,0,37,17
1589249577.1590614,173.194.151.108,10.10.0.10,,,443,41505,0,1358,17
1589249577.173035,173.194.151.108,10.10.0.10,,,443,41505,0,1358,17
1589249577.1747482,10.10.0.10,173.194.151.108,,,41505,443,0,37,17
1589249577.1870232,173.194.151.108,10.10.0.10,,,443,41505,0,1358,17
1589249577.2009811,173.194.151.108,10.10.0.10,,,443,41505,0,1358,17
1589249577.202602,10.10.0.10,173.194.151.108,,,41505,443,0,37,17
1589249577.214968,173.194.151.108,10.10.0.10,,,443,41505,0,1358,17
1589249577.2289252,173.194.151.108,10.10.0.10,,,443,41505,0,1358,17
1589249577.2307556,10.10.0.10,173.194.151.108,,,41505,443,0,37,17
1589249577.2428932,173.194.151.108,10.10.0.10,,,443,41505,0,1358,17
1589249577.25687,173.194.151.108,10.10.0.10,,,443,41505,0,1358,17
1589249577.259609,10.10.0.10,173.194.151.108,,,41505,443,0,37,17
1589249577.2708442,173.194.151.108,10.10.0.10,,,443,41505,0,1358,17
1589249577.284815,173.194.151.108,10.10.0.10,,,443,41505,0,1358,17
1589249577.2864838,10.10.0.10,173.194.151.108,,,41505,443,0,37,17
1589249577.2987866,173.194.151.108,10.10.0.10,,,443,41505,0,1358,17
1589249577.312778,173.194.151.108,10.10.0.10,,,443,41505,0,1358,17
1589249577.314632,10.10.0.10,173.194.151.108,,,41505,443,0,37,17
1589249577.326733,173.194.151.108,10.10.0.10,,,443,41505,0,1358,17
1589249577.340718,173.194.151.108,10.10.0.10,,,443,41505,0,1358,17
1589249577.344482,10.10.0.10,173.194.151.108,,,41505,443,0,37,17
1589249577.3546758,173.194.151.108,10.10.0.10,,,443,41505,0,1358,17
1589249577.368654,173.194.151.108,10.10.0.10,,,443,41505,0,1358,17
1589249577.3708804,10.10.0.10,173.194.151.108,,,41505,443,0,37,17
1589249577.382622,173.194.151.108,10.10.0.10,,,443,41505,0,1358,17
1589249577.396589,173.194.151.108,10.10.0.10,,,443,41505,0,1358,17
1589249577.39923,10.10.0.10,173.194.151.108,,,41505,443,0,50,17
1589249577.410573,173.194.151.108,10.10.0.10,,,443,41505,0,1358,17
1589249577.4245381,173.194.151.108,10.10.0.10,,,443,41505,0,1358,17
1589249577.426858,10.10.0.10,173.194.151.108,,,41505,443,0,37,17
1589249577.4385226,173.194.151.108,10.10.0.10,,,443,41505,0,1358,17
1589249577.452483,173.194.151.108,10.10.0.10,,,443,41505,0,29,17
1589249577.4531162,173.194.151.108,10.10.0.10,,,443,41505,0,1358,17
1589249577.454751,10.10.0.10,173.194.151.108,,,41505,443,0,37,17
1589249577.467087,173.194.151.108,10.10.0.10,,,443,41505,0,1358,17
1589249577.4810612,173.194.151.108,10.10.0.10,,,443,41505,0,1358,17
1589249577.4828515,10.10.0.10,173.194.151.108,,,41505,443,0,37,17
1589249577.495032,173.194.151.108,10.10.0.10,,,443,41505,0,1358,17
1589249577.509024,173.194.151.108,10.10.0.10,,,443,41505,0,1358,17
1589249577.510726,10.10.0.10,173.194.151.108,,,41505,443,0,37,17
1589249577.5229778,173.194.151.108,10.10.0.10,,,443,41505,0,1358,17
1589249577.5369608,173.194.151.108,10.10.0.10,,,443,41505,0,1358,17
1589249577.5388498,10.10.0.10,173.194.151.108,,,41505,443,0,37,17
1589249577.5509222,173.194.151.108,10.10.0.10,,,443,41505,0,1358,17
1589249577.564897,173.194.151.108,10.10.0.10,,,443,41505,0,1358,17
1589249577.566995,10.10.0.10,173.194.151.108,,,41505,443,0,37,17
1589249577.578867,173.194.151.108,10.10.0.10,,,443,41505,0,1358,17
1589249577.592838,173.194.151.108,10.10.0.10,,,443,41505,0,1358,17
1589249577.594496,10.10.0.10,173.194.151.108,,,41505,443,0,37,17
1589249577.6068099,173.194.151.108,10.10.0.10,,,443,41505,0,1358,17
1589249577.620785,173.194.151.108,10.10.0.10,,,443,41505,0,1358,17
1589249577.6224554,10.10.0.10,173.194.151.108,,,41505,443,0,37,17
1589249577.634751,173.194.151.108,10.10.0.10,,,443,41505,0,1358,17
1589249577.6487238,173.194.151.108,10.10.0.10,,,443,41505,0,1358,17
1589249577.6507359,10.10.0.10,173.194.151.108,,,41505,443,0,37,17
1589249577.662698,173.194.151.108,10.10.0.10,,,443,41505,0,1358,17
1589249577.6766696,173.194.151.108,10.10.0.10,,,443,41505,0,1358,17
1589249577.6783464,10.10.0.10,173.194.151.108,,,41505,443,0,37,17
1589249577.690641,173.194.151.108,10.10.0.10,,,443,41505,0,1358,17
1589249577.7046142,173.194.151.108,10.10.0.10,,,443,41505,0,1358,17
1589249577.713491,10.10.0.10,173.194.151.108,,,41505,443,0,37,17
1589249577.71859,173.194.151.108,10.10.0.10,,,443,41505,0,1358,17
1589249577.7325652,173.194.151.108,10.10.0.10,,,443,41505,0,1358,17
1589249577.73447,10.10.0.10,173.194.151.108,,,41505,443,0,37,17
1589249577.7465339,173.194.151.108,10.10.0.10,,,443,41505,0,1358,17
1589249577.760505,173.194.151.108,10.10.0.10,,,443,41505,0,1358,17
1589249577.762074,10.10.0.10,173.194.151.108,,,41505,443,0,37,17
1589249577.774481,173.194.151.108,10.10.0.10,,,443,41505,0,1358,17
1589249577.7884474,173.194.151.108,10.10.0.10,,,443,41505,0,1358,17
1589249577.79012,10.10.0.10,173.194.151.108,,,41505,443,0,37,17
1589249577.8024411,173.194.151.108,10.10.0.10,,,443,41505,0,1358,17
1589249577.816392,173.194.151.108,10.10.0.10,,,443,41505,0,1358,17
1589249577.818095,10.10.0.10,173.194.151.108,,,41505,443,0,37,17
1589249577.830391,173.194.151.108,10.10.0.10,,,443,41505,0,1358,17
1589249577.844343,173.194.151.108,10.10.0.10,,,443,41505,0,1358,17
1589249577.845967,10.10.0.10,173.194.151.108,,,41505,443,0,37,17
1589249577.858325,173.194.151.108,10.10.0.10,,,443,41505,0,1358,17
1589249577.8722901,173.194.151.108,10.10.0.10,,,443,41505,0,1358,17
1589249577.874562,10.10.0.10,173.194.151.108,,,41505,443,0,37,17
1589249577.886264,173.194.151.108,10.10.0.10,,,443,41505,0,1358,17
1589249577.900234,173.194.151.108,10.10.0.10,,,443,41505,0,1358,17
1589249577.9020898,10.10.0.10,173.194.151.108,,,41505,443,0,37,17
1589249577.914204,173.194.151.108,10.10.0.10,,,443,41505,0,1358,17
1589249577.9281766,173.194.151.108,10.10.0.10,,,443,41505,0,1358,17
1589249577.9298599,10.10.0.10,173.194.151.108,,,41505,443,0,37,17
1589249577.9421492,173.194.151.108,10.10.0.10,,,443,41505,0,1358,17
1589249577.956136,173.194.151.108,10.10.0.10,,,443,41505,0,1358,17
1589249577.9578598,10.10.0.10,173.194.151.108,,,41505,443,0,50,17
1589249577.970093,173.194.151.108,10.10.0.10,,,443,41505,0,1358,17
1589249577.9840732,173.194.151.108,10.10.0.10,,,443,41505,0,1358,17
1589249577.985962,10.10.0.10,173.194.151.108,,,41505,443,0,37,17
1589249577.998038,173.194.151.108,10.10.0.10,,,443,41505,0,1358,17
1589249578.0120132,173.194.151.108,10.10.0.10,,,443,41505,0,29,17
1589249578.012649,173.194.151.108,10.10.0.10,,,443,41505,0,1358,17
1589249578.0148606,10.10.0.10,173.194.151.108,,,41505,443,0,37,17
1589249578.0266151,173.194.151.108,10.10.0.10,,,443,41505,0,1358,17
1589249578.04059,173.194.151.108,10.10.0.10,,,443,41505,0,1358,17
1589249578.0424602,10.10.0.10,173.194.151.108,,,41505,443,0,37,17
1589249578.054569,173.194.151.108,10.10.0.10,,,443,41505,0,1358,17
1589249578.0685349,173.194.151.108,10.10.0.10,,,443,41505,0,1358,17
1589249578.070111,10.10.0.10,173.194.151.108,,,41505,443,0,37,17
1589249578.082508,173.194.151.108,10.10.0.10,,,443,41505,0,1358,17
1589249578.096479,173.194.151.108,10.10.0.10,,,443,41505,0,1358,17
1589249578.110451,173.194.151.108,10.10.0.10,,,443,41505,0,1358,17
1589249578.123606,10.10.0.10,173.194.151.108,,,41505,443,0,37,17
1589249578.124423,173.194.151.108,10.10.0.10,,,443,41505,0,1358,17
1589249578.126585,10.10.0.10,173.194.151.108,,,41505,443,0,37,17
1589249578.1384,173.194.151.108,10.10.0.10,,,443,41505,0,1358,17
1589249578.1523626,173.194.151.108,10.10.0.10,,,443,41505,0,1358,17
1589249578.153958,10.10.0.10,173.194.151.108,,,41505,443,0,37,17
1589249578.16634,173.194.151.108,10.10.0.10,,,443,41505,0,1358,17
1589249578.1803148,173.194.151.108,10.10.0.10,,,443,41505,0,1358,17
1589249578.182102,10.10.0.10,173.194.151.108,,,41505,443,0,37,17
1589249578.1942842,173.194.151.108,10.10.0.10,,,443,41505,0,1358,17
1589249578.208262,173.194.151.108,10.10.0.10,,,443,41505,0,1358,17
1589249578.2102258,10.10.0.10,173.194.151.108,,,41505,443,0,37,17
1589249578.222251,173.194.151.108,10.10.0.10,,,443,41505,0,1358,17
1589249578.2361958,173.194.151.108,10.10.0.10,,,443,41505,0,1358,17
1589249578.2380838,10.10.0.10,173.194.151.108,,,41505,443,0,37,17
1589249578.250174,173.194.151.108,10.10.0.10,,,443,41505,0,1358,17
1589249578.2641478,173.194.151.108,10.10.0.10,,,443,41505,0,1358,17
1589249578.2658222,10.10.0.10,173.194.151.108,,,41505,443,0,37,17
1589249578.2781308,173.194.151.108,10.10.0.10,,,443,41505,0,1358,17
1589249578.292095,173.194.151.108,10.10.0.10,,,443,41505,0,1358,17
1589249578.294227,10.10.0.10,173.194.151.108,,,41505,443,0,37,17
1589249578.3060641,173.194.151.108,10.10.0.10,,,443,41505,0,1358,17
1589249578.3200376,173.194.151.108,10.10.0.10,,,443,41505,0,1358,17
1589249578.321828,10.10.0.10,173.194.151.108,,,41505,443,0,37,17
1589249578.334008,173.194.151.108,10.10.0.10,,,443,41505,0,1358,17
1589249578.3479972,173.194.151.108,10.10.0.10,,,443,41505,0,1358,17
1589249578.3497038,10.10.0.10,173.194.151.108,,,41505,443,0,37,17
1589249578.361953,173.194.151.108,10.10.0.10,,,443,41505,0,1358,17
1589249578.3759394,173.194.151.108,10.10.0.10,,,443,41505,0,1358,17
1589249578.377701,10.10.0.10,173.194.151.108,,,41505,443,0,37,17
1589249578.3898973,173.194.151.108,10.10.0.10,,,443,41505,0,1358,17
1589249578.403873,173.194.151.108,10.10.0.10,,,443,41505,0,1358,17
1589249578.4056995,10.10.0.10,173.194.151.108,,,41505,443,0,37,17
1589249578.4178472,173.194.151.108,10.10.0.10,,,443,41505,0,1358,17
1589249578.431816,173.194.151.108,10.10.0.10,,,443,41505,0,1358,17
1589249578.4337196,10.10.0.10,173.194.151.108,,,41505,443,0,37,17
1589249578.445786,173.194.151.108,10.10.0.10,,,443,41505,0,1358,17
1589249578.45976,173.194.151.108,10.10.0.10,,,443,41505,0,1358,17
1589249578.4615939,10.10.0.10,173.194.151.108,,,41505,443,0,37,17
1589249578.4737475,173.194.151.108,10.10.0.10,,,443,41505,0,1358,17
1589249578.4877071,173.194.151.108,10.10.0.10,,,443,41505,0,1358,17
1589249578.489449,10.10.0.10,173.194.151.108,,,41505,443,0,37,17
1589249578.5016801,173.194.151.108,10.10.0.10,,,443,41505,0,1358,17
1589249578.5156488,173.194.151.108,10.10.0.10,,,443,41505,0,1082,17
1589249578.5173216,10.10.0.10,173.194.151.108,,,41505,443,0,50,17
1589249578.526866,173.194.151.108,10.10.0.10,,,443,41505,0,29,17
1589249584.3355432,10.10.0.10,173.194.151.108,,,41505,443,0,723,17
1589249584.335575,10.10.0.10,173.194.151.108,,,41505,443,0,48,17
1589249584.339936,173.194.151.108,10.10.0.10,,,443,41505,0,29,17
1589249584.341203,173.194.151.108,10.10.0.10,,,443,41505,0,1358,17
1589249584.341238,173.194.151.108,10.10.0.10,,,443,41505,0,1358,17
1589249584.343673,10.10.0.10,173.194.151.108,,,41505,443,0,37,17
1589249584.353097,173.194.151.108,10.10.0.10,,,443,41505,0,1358,17
1589249584.3670778,173.194.151.108,10.10.0.10,,,443,41505,0,1358,17
1589249584.3686864,10.10.0.10,173.194.151.108,,,41505,443,0,37,17
1589249584.381043,173.194.151.108,10.10.0.10,,,443,41505,0,1358,17
1589249584.395016,173.194.151.108,10.10.0.10,,,443,41505,0,1358,17
1589249584.3966699,10.10.0.10,173.194.151.108,,,41505,443,0,37,17
1589249584.4089868,173.194.151.108,10.10.0.10,,,443,41505,0,1358,17
1589249584.42296,173.194.151.108,10.10.0.10,,,443,41505,0,1358,17
1589249584.4249141,10.10.0.10,173.194.151.108,,,41505,443,0,37,17
1589249584.4369473,173.194.151.108,10.10.0.10,,,443,41505,0,1358,17
1589249584.450904,173.194.151.108,10.10.0.10,,,443,41505,0,1358,17
1589249584.4526699,10.10.0.10,173.194.151.108,,,41505,443,0,37,17
1589249584.4648838,173.194.151.108,10.10.0.10,,,443,41505,0,1358,17
1589249584.47885,173.194.151.108,10.10.0.10,,,443,41505,0,1358,17
1589249584.4806418,10.10.0.10,173.194.151.108,,,41505,443,0,37,17
1589249584.4928231,173.194.151.108,10.10.0.10,,,443,41505,0,1358,17
1589249584.506793,173.194.151.108,10.10.0.10,,,443,41505,0,1358,17
1589249584.520766,173.194.151.108,10.10.0.10,,,443,41505,0,1358,17
1589249584.521776,10.10.0.10,173.194.151.108,,,41505,443,0,37,17
1589249584.534733,173.194.151.108,10.10.0.10,,,443,41505,0,1358,17
1589249584.536419,10.10.0.10,173.194.151.108,,,41505,443,0,37,17
1589249584.5487099,173.194.151.108,10.10.0.10,,,443,41505,0,1358,17
1589249584.562696,173.194.151.108,10.10.0.10,,,443,41505,0,1358,17
1589249584.5713012,10.10.0.10,173.194.151.108,,,41505,443,0,37,17
1589249584.57665,173.194.151.108,10.10.0.10,,,443,41505,0,1358,17
1589249584.5906286,173.194.151.108,10.10.0.10,,,443,41505,0,1358,17
1589249584.5923991,10.10.0.10,173.194.151.108,,,41505,443,0,37,17
1589249584.604597,173.194.151.108,10.10.0.10,,,443,41505,0,1358,17
1589249584.6185708,173.194.151.108,10.10.0.10,,,443,41505,0,1358,17
1589249584.620801,10.10.0.10,173.194.151.108,,,41505,443,0,37,17
1589249584.6325562,173.194.151.108,10.10.0.10,,,443,41505,0,1358,17
1589249584.646517,173.194.151.108,10.10.0.10,,,443,41505,0,1358,17
1589249584.6481411,10.10.0.10,173.194.151.108,,,41505,443,0,37,17
1589249584.660485,173.194.151.108,10.10.0.10,,,443,41505,0,1358,17
1589249584.674463,173.194.151.108,10.10.0.10,,,443,41505,0,1358,17
1589249584.675991,10.10.0.10,173.194.151.108,,,41505,443,0,37,17
1589249584.68843,173.194.151.108,10.10.0.10,,,443,41505,0,1358,17
1589249584.702408,173.194.151.108,10.10.0.10,,,443,41505,0,1358,17
1589249584.704647,10.10.0.10,173.194.151.108,,,41505,443,0,37,17
1589249584.716375,173.194.151.108,10.10.0.10,,,443,41505,0,1358,17
1589249584.730362,173.194.151.108,10.10.0.10,,,443,41505,0,1358,17
1589249584.733904,10.10.0.10,173.194.151.108,,,41505,443,0,37,17
1589249584.744318,173.194.151.108,10.10.0.10,,,443,41505,0,1358,17
1589249584.7582932,173.194.151.108,10.10.0.10,,,443,41505,0,1358,17
1589249584.760013,10.10.0.10,173.194.151.108,,,41505,443,0,37,17
1589249584.772264,173.194.151.108,10.10.0.10,,,443,41505,0,1358,17
1589249584.786248,173.194.151.108,10.10.0.10,,,443,41505,0,1358,17
1589249584.787987,10.10.0.10,173.194.151.108,,,41505,443,0,37,17
1589249584.800208,173.194.151.108,10.10.0.10,,,443,41505,0,1358,17
1589249584.8141882,173.194.151.108,10.10.0.10,,,443,41505,0,1358,17
1589249584.8158898,10.10.0.10,173.194.151.108,,,41505,443,0,37,17
1589249584.828158,173.194.151.108,10.10.0.10,,,443,41505,0,1358,17
1589249584.842133,173.194.151.108,10.10.0.10,,,443,41505,0,1358,17
1589249584.844888,10.10.0.10,173.194.151.108,,,41505,443,0,37,17
1589249584.856103,173.194.151.108,10.10.0.10,,,443,41505,0,1358,17
1589249584.8700778,173.194.151.108,10.10.0.10,,,443,41505,0,1358,17
1589249584.8746119,10.10.0.10,173.194.151.108,,,41505,443,0,50,17
1589249584.884049,173.194.151.108,10.10.0.10,,,443,41505,0,1358,17
1589249584.887162,10.10.0.10,173.194.151.108,,,41505,443,0,731,17
1589249584.8871882,10.10.0.10,173.194.151.108,,,41505,443,0,48,17
1589249584.8980212,173.194.151.108,10.10.0.10,,,443,41505,0,1358,17
1589249584.9119868,173.194.151.108,10.10.0.10,,,443,41505,0,1358,17
1589249584.9135325,10.10.0.10,173.194.151.108,,,41505,443,0,37,17
1589249584.925965,173.194.151.108,10.10.0.10,,,443,41505,0,1358,17
1589249584.9399395,173.194.151.108,10.10.0.10,,,443,41505,0,1358,17
1589249584.941657,10.10.0.10,173.194.151.108,,,41505,443,0,37,17
1589249584.9539301,173.194.151.108,10.10.0.10,,,443,41505,0,1358,17
1589249584.967882,173.194.151.108,10.10.0.10,,,443,41505,0,1358,17
1589249584.9696348,10.10.0.10,173.194.151.108,,,41505,443,0,37,17
1589249584.9818692,173.194.151.108,10.10.0.10,,,443,41505,0,1358,17
1589249584.995828,173.194.151.108,10.10.0.10,,,443,41505,0,1358,17
1589249584.997509,10.10.0.10,173.194.151.108,,,41505,443,0,37,17
1589249585.009798,173.194.151.108,10.10.0.10,,,443,41505,0,1358,17
1589249585.0117786,10.10.0.10,173.194.151.108,,,41505,443,0,50,17
1589249585.023768,173.194.151.108,10.10.0.10,,,443,41505,0,1358,17
1589249585.037744,173.194.151.108,10.10.0.10,,,443,41505,0,1358,17
1589249585.0408838,10.10.0.10,173.194.151.108,,,41505,443,0,37,17
1589249585.051719,173.194.151.108,10.10.0.10,,,443,41505,0,1358,17
1589249585.065691,173.194.151.108,10.10.0.10,,,443,41505,0,1358,17
1589249585.067274,10.10.0.10,173.194.151.108,,,41505,443,0,37,17
1589249585.0796769,173.194.151.108,10.10.0.10,,,443,41505,0,1358,17
1589249585.093634,173.194.151.108,10.10.0.10,,,443,41505,0,1358,17
1589249585.095405,10.10.0.10,173.194.151.108,,,41505,443,0,37,17
1589249585.107601,173.194.151.108,10.10.0.10,,,443,41505,0,1358,17
1589249585.1215801,173.194.151.108,10.10.0.10,,,443,41505,0,1358,17
1589249585.1245296,10.10.0.10,173.194.151.108,,,41505,443,0,37,17
1589249585.135553,173.194.151.108,10.10.0.10,,,443,41505,0,1358,17
1589249585.1375148,10.10.0.10,173.194.151.108,,,41505,443,0,731,17
1589249585.1495268,173.194.151.108,10.10.0.10,,,443,41505,0,1358,17
1589249585.163496,173.194.151.108,10.10.0.10,,,443,41505,0,1358,17
1589249585.1655052,10.10.0.10,173.194.151.108,,,41505,443,0,37,17
1589249585.177468,173.194.151.108,10.10.0.10,,,443,41505,0,1358,17
1589249585.191442,173.194.151.108,10.10.0.10,,,443,41505,0,1358,17
1589249585.1932838,10.10.0.10,173.194.151.108,,,41505,443,0,37,17
1589249585.205428,173.194.151.108,10.10.0.10,,,443,41505,0,1358,17
1589249585.219384,173.194.151.108,10.10.0.10,,,443,41505,0,29,17
1589249585.2200189,173.194.151.108,10.10.0.10,,,443,41505,0,1358,17
1589249585.2217731,10.10.0.10,173.194.151.108,,,41505,443,0,37,17
1589249585.2339892,173.194.151.108,10.10.0.10,,,443,41505,0,1358,17
1589249585.247961,173.194.151.108,10.10.0.10,,,443,41505,0,1358,17
1589249585.250618,10.10.0.10,173.194.151.108,,,41505,443,0,37,17
1589249585.261935,173.194.151.108,10.10.0.10,,,443,41505,0,1358,17
1589249585.275933,173.194.151.108,10.10.0.10,,,443,41505,0,1358,17
1589249585.27765,10.10.0.10,173.194.151.108,,,41505,443,0,37,17
1589249585.289883,173.194.151.108,10.10.0.10,,,443,41505,0,1358,17
1589249585.3038578,173.194.151.108,10.10.0.10,,,443,41505,0,1358,17
1589249585.305625,10.10.0.10,173.194.151.108,,,41505,443,0,37,17
1589249585.317826,173.194.151.108,10.10.0.10,,,443,41505,0,1358,17
1589249585.331799,173.194.151.108,10.10.0.10,,,443,41505,0,1358,17
1589249585.3335,10.10.0.10,173.194.151.108,,,41505,443,0,37,17
1589249585.345769,173.194.151.108,10.10.0.10,,,443,41505,0,1358,17
1589249585.3597429,173.194.151.108,10.10.0.10,,,443,41505,0,1358,17
1589249585.3615189,10.10.0.10,173.194.151.108,,,41505,443,0,37,17
1589249585.373714,173.194.151.108,10.10.0.10,,,443,41505,0,1358,17
1589249585.387685,173.194.151.108,10.10.0.10,,,443,41505,0,1358,17
1589249585.389519,10.10.0.10,173.194.151.108,,,41505,443,0,37,17
1589249585.4016712,173.194.151.108,10.10.0.10,,,443,41505,0,1358,17
1589249585.415631,173.194.151.108,10.10.0.10,,,443,41505,0,1358,17
1589249585.4172668,10.10.0.10,173.194.151.108,,,41505,443,0,37,17
1589249585.429606,173.194.151.108,10.10.0.10,,,443,41505,0,1358,17
1589249585.4435759,173.194.151.108,10.10.0.10,,,443,41505,0,1358,17
1589249585.445395,10.10.0.10,173.194.151.108,,,41505,443,0,37,17
1589249585.457549,173.194.151.108,10.10.0.10,,,443,41505,0,1358,17
1589249585.4715412,173.194.151.108,10.10.0.10,,,443,41505,0,1358,17
1589249585.4732692,10.10.0.10,173.194.151.108,,,41505,443,0,37,17
1589249585.4854932,173.194.151.108,10.10.0.10,,,443,41505,0,1358,17
1589249585.4994788,173.194.151.108,10.10.0.10,,,443,41505,0,1358,17
1589249585.5011199,10.10.0.10,173.194.151.108,,,41505,443,0,37,17
1589249585.5134401,173.194.151.108,10.10.0.10,,,443,41505,0,1358,17
1589249585.5274189,173.194.151.108,10.10.0.10,,,443,41505,0,1358,17
1589249585.529119,10.10.0.10,173.194.151.108,,,41505,443,0,37,17
1589249585.5413892,173.194.151.108,10.10.0.10,,,443,41505,0,1358,17
1589249585.5553546,173.194.151.108,10.10.0.10,,,443,41505,0,1358,17
1589249585.557513,10.10.0.10,173.194.151.108,,,41505,443,0,37,17
1589249585.569329,173.194.151.108,10.10.0.10,,,443,41505,0,1358,17
1589249585.5833,173.194.151.108,10.10.0.10,,,443,41505,0,1358,17
1589249585.5849938,10.10.0.10,173.194.151.108,,,41505,443,0,37,17
1589249585.59729,173.194.151.108,10.10.0.10,,,443,41505,0,1358,17
1589249585.611246,173.194.151.108,10.10.0.10,,,443,41505,0,1358,17
1589249585.613388,10.10.0.10,173.194.151.108,,,41505,443,0,37,17
1589249585.6252134,173.194.151.108,10.10.0.10,,,443,41505,0,1358,17
1589249585.6391878,173.194.151.108,10.10.0.10,,,443,41505,0,1358,17
1589249585.642014,10.10.0.10,173.194.151.108,,,41505,443,0,37,17
1589249585.6531591,173.194.151.108,10.10.0.10,,,443,41505,0,1358,17
1589249585.667135,173.194.151.108,10.10.0.10,,,443,41505,0,1358,17
1589249585.6696198,10.10.0.10,173.194.151.108,,,41505,443,0,37,17
1589249585.6811092,173.194.151.108,10.10.0.10,,,443,41505,0,1358,17
1589249585.6950777,173.194.151.108,10.10.0.10,,,443,41505,0,1358,17
1589249585.6968699,10.10.0.10,173.194.151.108,,,41505,443,0,50,17
1589249585.709051,173.194.151.108,10.10.0.10,,,443,41505,0,1358,17
1589249585.723022,173.194.151.108,10.10.0.10,,,443,41505,0,1358,17
1589249585.724608,10.10.0.10,173.194.151.108,,,41505,443,0,37,17
1589249585.7369962,173.194.151.108,10.10.0.10,,,443,41505,0,1358,17
1589249585.750967,173.194.151.108,10.10.0.10,,,443,41505,0,1358,17
1589249585.754007,10.10.0.10,173.194.151.108,,,41505,443,0,37,17
1589249585.764937,173.194.151.108,10.10.0.10,,,443,41505,0,1358,17
1589249585.7789214,173.194.151.108,10.10.0.10,,,443,41505,0,1358,17
1589249585.792881,173.194.151.108,10.10.0.10,,,443,41505,0,1358,17
1589249585.8068528,173.194.151.108,10.10.0.10,,,443,41505,0,1358,17
1589249585.8076491,10.10.0.10,173.194.151.108,,,41505,443,0,37,17
1589249585.809382,10.10.0.10,173.194.151.108,,,41505,443,0,37,17
1589249585.820843,173.194.151.108,10.10.0.10,,,443,41505,0,1358,17
1589249585.8348038,173.194.151.108,10.10.0.10,,,443,41505,0,1358,17
1589249585.8364668,10.10.0.10,173.194.151.108,,,41505,443,0,37,17
1589249585.848784,173.194.151.108,10.10.0.10,,,443,41505,0,1358,17
1589249585.8627481,173.194.151.108,10.10.0.10,,,443,41505,0,1358,17
1589249585.8644881,10.10.0.10,173.194.151.108,,,41505,443,0,37,17
1589249585.87672,173.194.151.108,10.10.0.10,,,443,41505,0,1358,17
1589249585.890694,173.194.151.108,10.10.0.10,,,443,41505,0,1358,17
1589249585.8925061,10.10.0.10,173.194.151.108,,,41505,443,0,37,17
1589249585.904664,173.194.151.108,10.10.0.10,,,443,41505,0,1358,17
1589249585.918653,173.194.151.108,10.10.0.10,,,443,41505,0,1358,17
1589249585.920379,10.10.0.10,173.194.151.108,,,41505,443,0,37,17
1589249585.9326088,173.194.151.108,10.10.0.10,,,443,41505,0,1358,17
1589249585.946592,173.194.151.108,10.10.0.10,,,443,41505,0,1358,17
1589249585.9483802,10.10.0.10,173.194.151.108,,,41505,443,0,37,17
1589249585.9605546,173.194.151.108,10.10.0.10,,,443,41505,0,1358,17
1589249585.974534,173.194.151.108,10.10.0.10,,,443,41505,0,1358,17
1589249585.976105,10.10.0.10,173.194.151.108,,,41505,443,0,37,17
1589249585.988502,173.194.151.108,10.10.0.10,,,443,41505,0,1358,17
1589249586.0024722,173.194.151.108,10.10.0.10,,,443,41505,0,1358,17
1589249586.004126,10.10.0.10,173.194.151.108,,,41505,443,0,37,17
1589249586.016446,173.194.151.108,10.10.0.10,,,443,41505,0,1358,17
1589249586.030417,173.194.151.108,10.10.0.10,,,443,41505,0,1358,17
1589249586.0324788,10.10.0.10,173.194.151.108,,,41505,443,0,37,17
1589249586.0444028,173.194.151.108,10.10.0.10,,,443,41505,0,1358,17
1589249586.058361,173.194.151.108,10.10.0.10,,,443,41505,0,1358,17
1589249586.060103,10.10.0.10,173.194.151.108,,,41505,443,0,37,17
1589249586.072337,173.194.151.108,10.10.0.10,,,443,41505,0,1358,17
1589249586.0863054,173.194.151.108,10.10.0.10,,,443,41505,0,1358,17
1589249586.088248,10.10.0.10,173.194.151.108,,,41505,443,0,37,17
1589249586.1002786,173.194.151.108,10.10.0.10,,,443,41505,0,1358,17
1589249586.1142714,173.194.151.108,10.10.0.10,,,443,41505,0,1358,17
1589249586.116123,10.10.0.10,173.194.151.108,,,41505,443,0,37,17
1589249586.128223,173.194.151.108,10.10.0.10,,,443,41505,0,1358,17
1589249586.142209,173.194.151.108,10.10.0.10,,,443,41505,0,1358,17
1589249586.1561706,173.194.151.108,10.10.0.10,,,443,41505,0,1358,17
1589249586.170153,173.194.151.108,10.10.0.10,,,443,41505,0,1358,17
1589249586.184115,173.194.151.108,10.10.0.10,,,443,41505,0,1358,17
1589249586.1980839,173.194.151.108,10.10.0.10,,,443,41505,0,1358,17
1589249586.2120614,173.194.151.108,10.10.0.10,,,443,41505,0,1358,17
1589249586.226033,173.194.151.108,10.10.0.10,,,443,41505,0,1358,17
1589249586.2400198,173.194.151.108,10.10.0.10,,,443,41505,0,1358,17
1589249586.2539759,173.194.151.108,10.10.0.10,,,443,41505,0,1358,17
1589249586.2679572,173.194.151.108,10.10.0.10,,,443,41505,0,1358,17
1589249586.281919,173.194.151.108,10.10.0.10,,,443,41505,0,1358,17
1589249586.281967,10.10.0.10,173.194.151.108,,,41505,443,0,37,17
1589249586.295896,173.194.151.108,10.10.0.10,,,443,41505,0,1358,17
1589249586.3084948,10.10.0.10,173.194.151.108,,,41505,443,0,40,17
1589249586.308522,10.10.0.10,173.194.151.108,,,41505,443,0,40,17
1589249586.308536,10.10.0.10,173.194.151.108,,,41505,443,0,40,17
1589249586.309866,173.194.151.108,10.10.0.10,,,443,41505,0,1358,17
1589249586.31372,10.10.0.10,173.194.151.108,,,41505,443,0,53,17
1589249586.3143456,10.10.0.10,173.194.151.108,,,41505,443,0,40,17
1589249586.315871,10.10.0.10,173.194.151.108,,,41505,443,0,40,17
1589249586.3167212,10.10.0.10,173.194.151.108,,,41505,443,0,40,17
1589249586.3238358,173.194.151.108,10.10.0.10,,,443,41505,0,1358,17
1589249586.337811,173.194.151.108,10.10.0.10,,,443,41505,0,1358,17
1589249586.339865,10.10.0.10,173.194.151.108,,,41505,443,0,40,17
1589249586.351783,173.194.151.108,10.10.0.10,,,443,41505,0,1358,17
1589249586.3657708,173.194.151.108,10.10.0.10,,,443,41505,0,1358,17
1589249586.367337,10.10.0.10,173.194.151.108,,,41505,443,0,40,17
1589249586.3797278,173.194.151.108,10.10.0.10,,,443,41505,0,1358,17
1589249586.393703,173.194.151.108,10.10.0.10,,,443,41505,0,1358,17
1589249586.3956132,10.10.0.10,173.194.151.108,,,41505,443,0,40,17
1589249586.40767,173.194.151.108,10.10.0.10,,,443,41505,0,1358,17
1589249586.4216454,173.194.151.108,10.10.0.10,,,443,41505,0,1358,17
1589249586.425718,10.10.0.10,173.194.151.108,,,41505,443,0,40,17
1589249586.4356391,173.194.151.108,10.10.0.10,,,443,41505,0,1358,17
1589249586.44959,173.194.151.108,10.10.0.10,,,443,41505,0,1358,17
1589249586.4514682,10.10.0.10,173.194.151.108,,,41505,443,0,40,17
1589249586.4635751,173.194.151.108,10.10.0.10,,,443,41505,0,1358,17
1589249586.477538,173.194.151.108,10.10.0.10,,,443,41505,0,1358,17
1589249586.4790974,10.10.0.10,173.194.151.108,,,41505,443,0,40,17
1589249586.491516,173.194.151.108,10.10.0.10,,,443,41505,0,1358,17
1589249586.50548,173.194.151.108,10.10.0.10,,,443,41505,0,1358,17
1589249586.509235,10.10.0.10,173.194.151.108,,,41505,443,0,37,17
1589249586.519451,173.194.151.108,10.10.0.10,,,443,41505,0,1358,17
1589249586.533423,173.194.151.108,10.10.0.10,,,443,41505,0,1358,17
1589249586.53511,10.10.0.10,173.194.151.108,,,41505,443,0,37,17
1589249586.547392,173.194.151.108,10.10.0.10,,,443,41505,0,1358,17
1589249586.5613642,173.194.151.108,10.10.0.10,,,443,41505,0,1358,17
1589249586.5641026,10.10.0.10,173.194.151.108,,,41505,443,0,37,17
1589249586.5753405,173.194.151.108,10.10.0.10,,,443,41505,0,1358,17
1589249586.5893214,173.194.151.108,10.10.0.10,,,443,41505,0,1358,17
1589249586.5943608,10.10.0.10,173.194.151.108,,,41505,443,0,37,17
1589249586.603286,173.194.151.108,10.10.0.10,,,443,41505,0,1358,17
1589249586.617263,173.194.151.108,10.10.0.10,,,443,41505,0,1358,17
1589249586.619104,10.10.0.10,173.194.151.108,,,41505,443,0,37,17
1589249586.6312258,173.194.151.108,10.10.0.10,,,443,41505,0,1358,17
1589249586.6452,173.194.151.108,10.10.0.10,,,443,41505,0,1358,17
1589249586.6468651,10.10.0.10,173.194.151.108,,,41505,443,0,37,17
1589249586.659173,173.194.151.108,10.10.0.10,,,443,41505,0,1358,17
1589249586.6731448,173.194.151.108,10.10.0.10,,,443,41505,0,1358,17
1589249586.675051,10.10.0.10,173.194.151.108,,,41505,443,0,37,17
1589249586.687118,173.194.151.108,10.10.0.10,,,443,41505,0,1358,17
1589249586.701086,173.194.151.108,10.10.0.10,,,443,41505,0,1358,17
1589249586.704838,10.10.0.10,173.194.151.108,,,41505,443,0,37,17
1589249586.7150578,173.194.151.108,10.10.0.10,,,443,41505,0,1358,17
1589249586.729031,173.194.151.108,10.10.0.10,,,443,41505,0,1358,17
1589249586.7305849,10.10.0.10,173.194.151.108,,,41505,443,0,37,17
1589249586.7430089,173.194.151.108,10.10.0.10,,,443,41505,0,1358,17
1589249586.7570028,173.194.151.108,10.10.0.10,,,443,41505,0,1358,17
1589249586.7586062,10.10.0.10,173.194.151.108,,,41505,443,0,37,17
1589249586.770952,173.194.151.108,10.10.0.10,,,443,41505,0,1358,17
1589249586.7849422,173.194.151.108,10.10.0.10,,,443,41505,0,1358,17
1589249586.7865722,10.10.0.10,173.194.151.108,,,41505,443,0,50,17
1589249586.798898,173.194.151.108,10.10.0.10,,,443,41505,0,1358,17
1589249586.8128688,173.194.151.108,10.10.0.10,,,443,41505,0,1358,17
1589249586.814586,10.10.0.10,173.194.151.108,,,41505,443,0,37,17
1589249586.8268461,173.194.151.108,10.10.0.10,,,443,41505,0,1358,17
1589249586.840814,173.194.151.108,10.10.0.10,,,443,41505,0,1358,17
1589249586.842583,10.10.0.10,173.194.151.108,,,41505,443,0,37,17
1589249586.8547876,173.194.151.108,10.10.0.10,,,443,41505,0,1358,17
1589249586.8687608,173.194.151.108,10.10.0.10,,,443,41505,0,1358,17
1589249586.870455,10.10.0.10,173.194.151.108,,,41505,443,0,37,17
1589249586.882733,173.194.151.108,10.10.0.10,,,443,41505,0,1358,17
1589249586.8967054,173.194.151.108,10.10.0.10,,,443,41505,0,1358,17
1589249586.8985796,10.10.0.10,173.194.151.108,,,41505,443,0,37,17
1589249586.910686,173.194.151.108,10.10.0.10,,,443,41505,0,1358,17
1589249586.924649,173.194.151.108,10.10.0.10,,,443,41505,0,1358,17
1589249586.926974,10.10.0.10,173.194.151.108,,,41505,443,0,37,17
1589249586.9386258,173.194.151.108,10.10.0.10,,,443,41505,0,1358,17
1589249586.952599,173.194.151.108,10.10.0.10,,,443,41505,0,1358,17
1589249586.95432,10.10.0.10,173.194.151.108,,,41505,443,0,37,17
1589249586.966567,173.194.151.108,10.10.0.10,,,443,41505,0,1358,17
1589249586.9805384,173.194.151.108,10.10.0.10,,,443,41505,0,1358,17
1589249586.9827068,10.10.0.10,173.194.151.108,,,41505,443,0,37,17
1589249586.9945116,173.194.151.108,10.10.0.10,,,443,41505,0,1358,17
1589249587.008498,173.194.151.108,10.10.0.10,,,443,41505,0,1358,17
1589249587.010847,10.10.0.10,173.194.151.108,,,41505,443,0,37,17
1589249587.0224562,173.194.151.108,10.10.0.10,,,443,41505,0,1358,17
1589249587.036434,173.194.151.108,10.10.0.10,,,443,41505,0,1358,17
1589249587.0420961,10.10.0.10,173.194.151.108,,,41505,443,0,37,17
1589249587.0504,173.194.151.108,10.10.0.10,,,443,41505,0,1358,17
1589249587.06437,173.194.151.108,10.10.0.10,,,443,41505,0,1358,17
1589249587.078367,173.194.151.108,10.10.0.10,,,443,41505,0,1358,17
1589249587.0860732,10.10.0.10,173.194.151.108,,,41505,443,0,37,17
1589249587.092318,173.194.151.108,10.10.0.10,,,443,41505,0,1358,17
1589249587.0960732,10.10.0.10,173.194.151.108,,,41505,443,0,37,17
1589249587.1063068,173.194.151.108,10.10.0.10,,,443,41505,0,1358,17
1589249587.120263,173.194.151.108,10.10.0.10,,,443,41505,0,1358,17
1589249587.1220922,10.10.0.10,173.194.151.108,,,41505,443,0,37,17
1589249587.134248,173.194.151.108,10.10.0.10,,,443,41505,0,1358,17
1589249587.1482108,173.194.151.108,10.10.0.10,,,443,41505,0,1358,17
1589249587.1499472,10.10.0.10,173.194.151.108,,,41505,443,0,37,17
1589249587.1621802,173.194.151.108,10.10.0.10,,,443,41505,0,1358,17
1589249587.176153,173.194.151.108,10.10.0.10,,,443,41505,0,1358,17
1589249587.17784,10.10.0.10,173.194.151.108,,,41505,443,0,37,17
1589249587.1901288,173.194.151.108,10.10.0.10,,,443,41505,0,1358,17
1589249587.204101,173.194.151.108,10.10.0.10,,,443,41505,0,1358,17
1589249587.205936,10.10.0.10,173.194.151.108,,,41505,443,0,37,17
1589249587.218071,173.194.151.108,10.10.0.10,,,443,41505,0,1358,17
1589249587.232053,173.194.151.108,10.10.0.10,,,443,41505,0,1358,17
1589249587.2338452,10.10.0.10,173.194.151.108,,,41505,443,0,37,17
1589249587.246014,173.194.151.108,10.10.0.10,,,443,41505,0,1358,17
1589249587.259984,173.194.151.108,10.10.0.10,,,443,41505,0,1358,17
1589249587.2615626,10.10.0.10,173.194.151.108,,,41505,443,0,37,17
1589249587.273959,173.194.151.108,10.10.0.10,,,443,41505,0,1358,17
1589249587.287933,173.194.151.108,10.10.0.10,,,443,41505,0,1358,17
1589249587.290192,10.10.0.10,173.194.151.108,,,41505,443,0,37,17
1589249587.301903,173.194.151.108,10.10.0.10,,,443,41505,0,1358,17
1589249587.3158786,173.194.151.108,10.10.0.10,,,443,41505,0,1358,17
1589249587.317567,10.10.0.10,173.194.151.108,,,41505,443,0,37,17
1589249587.329863,173.194.151.108,10.10.0.10,,,443,41505,0,1358,17
1589249587.343822,173.194.151.108,10.10.0.10,,,443,41505,0,1358,17
1589249587.3455875,10.10.0.10,173.194.151.108,,,41505,443,0,50,17
1589249587.3578,173.194.151.108,10.10.0.10,,,443,41505,0,1358,17
1589249587.3717618,173.194.151.108,10.10.0.10,,,443,41505,0,1358,17
1589249587.376212,10.10.0.10,173.194.151.108,,,41505,443,0,37,17
1589249587.3857331,173.194.151.108,10.10.0.10,,,443,41505,0,1358,17
1589249587.3997102,173.194.151.108,10.10.0.10,,,443,41505,0,1358,17
1589249587.4025636,10.10.0.10,173.194.151.108,,,41505,443,0,37,17
1589249587.4136932,173.194.151.108,10.10.0.10,,,443,41505,0,1358,17
1589249587.4276721,173.194.151.108,10.10.0.10,,,443,41505,0,1358,17
1589249587.430584,10.10.0.10,173.194.151.108,,,41505,443,0,37,17
1589249587.441631,173.194.151.108,10.10.0.10,,,443,41505,0,1358,17
1589249587.455611,173.194.151.108,10.10.0.10,,,443,41505,0,1358,17
1589249587.4589562,10.10.0.10,173.194.151.108,,,41505,443,0,37,17
1589249587.469575,173.194.151.108,10.10.0.10,,,443,41505,0,1358,17
1589249587.483546,173.194.151.108,10.10.0.10,,,443,41505,0,1358,17
1589249587.497518,173.194.151.108,10.10.0.10,,,443,41505,0,29,17
1589249587.49815,173.194.151.108,10.10.0.10,,,443,41505,0,1358,17
1589249587.511067,10.10.0.10,173.194.151.108,,,41505,443,0,37,17
1589249587.5121222,173.194.151.108,10.10.0.10,,,443,41505,0,1358,17
1589249587.514186,10.10.0.10,173.194.151.108,,,41505,443,0,37,17
1589249587.5261102,173.194.151.108,10.10.0.10,,,443,41505,0,1358,17
1589249587.5400622,173.194.151.108,10.10.0.10,,,443,41505,0,1358,17
1589249587.542436,10.10.0.10,173.194.151.108,,,41505,443,0,37,17
1589249587.554049,173.194.151.108,10.10.0.10,,,443,41505,0,1358,17
1589249587.568008,173.194.151.108,10.10.0.10,,,443,41505,0,1358,17
1589249587.5698981,10.10.0.10,173.194.151.108,,,41505,443,0,37,17
1589249587.5819821,173.194.151.108,10.10.0.10,,,443,41505,0,1358,17
1589249587.595957,173.194.151.108,10.10.0.10,,,443,41505,0,1358,17
1589249587.598708,10.10.0.10,173.194.151.108,,,41505,443,0,37,17
1589249587.609928,173.194.151.108,10.10.0.10,,,443,41505,0,1358,17
1589249587.6239011,173.194.151.108,10.10.0.10,,,443,41505,0,1358,17
1589249587.6273036,10.10.0.10,173.194.151.108,,,41505,443,0,37,17
1589249587.637873,173.194.151.108,10.10.0.10,,,443,41505,0,1358,17
1589249587.6518474,173.194.151.108,10.10.0.10,,,443,41505,0,1358,17
1589249587.653409,10.10.0.10,173.194.151.108,,,41505,443,0,37,17
1589249587.66582,173.194.151.108,10.10.0.10,,,443,41505,0,1358,17
1589249587.679787,173.194.151.108,10.10.0.10,,,443,41505,0,1358,17
1589249587.6813958,10.10.0.10,173.194.151.108,,,41505,443,0,37,17
1589249587.693774,173.194.151.108,10.10.0.10,,,443,41505,0,1358,17
1589249587.7077332,173.194.151.108,10.10.0.10,,,443,41505,0,1358,17
1589249587.709439,10.10.0.10,173.194.151.108,,,41505,443,0,37,17
1589249587.7217069,173.194.151.108,10.10.0.10,,,443,41505,0,1358,17
1589249587.73568,173.194.151.108,10.10.0.10,,,443,41505,0,1358,17
1589249587.737173,10.10.0.10,173.194.151.108,,,41505,443,0,37,17
1589249587.7496624,173.194.151.108,10.10.0.10,,,443,41505,0,1358,17
1589249587.763625,173.194.151.108,10.10.0.10,,,443,41505,0,1358,17
1589249587.765325,10.10.0.10,173.194.151.108,,,41505,443,0,37,17
1589249587.777602,173.194.151.108,10.10.0.10,,,443,41505,0,1358,17
1589249587.79157,173.194.151.108,10.10.0.10,,,443,41505,0,1358,17
1589249587.7933242,10.10.0.10,173.194.151.108,,,41505,443,0,37,17
1589249587.805543,173.194.151.108,10.10.0.10,,,443,41505,0,1358,17
1589249587.819519,173.194.151.108,10.10.0.10,,,443,41505,0,1358,17
1589249587.8213027,10.10.0.10,173.194.151.108,,,41505,443,0,37,17
1589249587.8334908,173.194.151.108,10.10.0.10,,,443,41505,0,1358,17
1589249587.8474758,173.194.151.108,10.10.0.10,,,443,41505,0,1358,17
1589249587.851181,10.10.0.10,173.194.151.108,,,41505,443,0,37,17
1589249587.861433,173.194.151.108,10.10.0.10,,,443,41505,0,1358,17
1589249587.8754098,173.194.151.108,10.10.0.10,,,443,41505,0,1358,17
1589249587.879071,10.10.0.10,173.194.151.108,,,41505,443,0,37,17
1589249587.8893766,173.194.151.108,10.10.0.10,,,443,41505,0,1358,17
1589249587.903351,173.194.151.108,10.10.0.10,,,443,41505,0,1358,17
1589249587.9050682,10.10.0.10,173.194.151.108,,,41505,443,0,50,17
1589249587.917347,173.194.151.108,10.10.0.10,,,443,41505,0,1358,17
1589249587.931296,173.194.151.108,10.10.0.10,,,443,41505,0,1358,17
1589249587.9328,10.10.0.10,173.194.151.108,,,41505,443,0,37,17
1589249587.945283,173.194.151.108,10.10.0.10,,,443,41505,0,1358,17
1589249587.959241,173.194.151.108,10.10.0.10,,,443,41505,0,1358,17
1589249587.96095,10.10.0.10,173.194.151.108,,,41505,443,0,37,17
1589249587.973223,173.194.151.108,10.10.0.10,,,443,41505,0,1358,17
1589249587.98719,173.194.151.108,10.10.0.10,,,443,41505,0,1358,17
1589249587.9888,10.10.0.10,173.194.151.108,,,41505,443,0,37,17
1589249588.001158,173.194.151.108,10.10.0.10,,,443,41505,0,1358,17
1589249588.0151286,173.194.151.108,10.10.0.10,,,443,41505,0,1358,17
1589249588.0169492,10.10.0.10,173.194.151.108,,,41505,443,0,37,17
1589249588.029104,173.194.151.108,10.10.0.10,,,443,41505,0,1358,17
1589249588.0430932,173.194.151.108,10.10.0.10,,,443,41505,0,1358,17
1589249588.044914,10.10.0.10,173.194.151.108,,,41505,443,0,37,17
1589249588.0570571,173.194.151.108,10.10.0.10,,,443,41505,0,29,17
1589249588.057672,173.194.151.108,10.10.0.10,,,443,41505,0,1358,17
1589249588.0716481,173.194.151.108,10.10.0.10,,,443,41505,0,1358,17
1589249588.073316,10.10.0.10,173.194.151.108,,,41505,443,0,37,17
1589249588.085624,173.194.151.108,10.10.0.10,,,443,41505,0,1358,17
1589249588.0995948,173.194.151.108,10.10.0.10,,,443,41505,0,1358,17
1589249588.10144,10.10.0.10,173.194.151.108,,,41505,443,0,37,17
1589249588.1135669,173.194.151.108,10.10.0.10,,,443,41505,0,1358,17
1589249588.127541,173.194.151.108,10.10.0.10,,,443,41505,0,1358,17
1589249588.129299,10.10.0.10,173.194.151.108,,,41505,443,0,37,17
1589249588.141537,173.194.151.108,10.10.0.10,,,443,41505,0,1358,17
1589249588.1554859,173.194.151.108,10.10.0.10,,,443,41505,0,1358,17
1589249588.1573148,10.10.0.10,173.194.151.108,,,41505,443,0,37,17
1589249588.169467,173.194.151.108,10.10.0.10,,,443,41505,0,1358,17
1589249588.183432,173.194.151.108,10.10.0.10,,,443,41505,0,1358,17
1589249588.185189,10.10.0.10,173.194.151.108,,,41505,443,0,37,17
1589249588.197405,173.194.151.108,10.10.0.10,,,443,41505,0,1358,17
1589249588.211377,173.194.151.108,10.10.0.10,,,443,41505,0,1358,17
1589249588.212917,10.10.0.10,173.194.151.108,,,41505,443,0,37,17
1589249588.2253478,173.194.151.108,10.10.0.10,,,443,41505,0,1358,17
1589249588.239335,173.194.151.108,10.10.0.10,,,443,41505,0,1358,17
1589249588.2409148,10.10.0.10,173.194.151.108,,,41505,443,0,37,17
1589249588.2532911,173.194.151.108,10.10.0.10,,,443,41505,0,1358,17
1589249588.267273,173.194.151.108,10.10.0.10,,,443,41505,0,1358,17
1589249588.26906,10.10.0.10,173.194.151.108,,,41505,443,0,37,17
1589249588.281238,173.194.151.108,10.10.0.10,,,443,41505,0,1358,17
1589249588.295216,173.194.151.108,10.10.0.10,,,443,41505,0,1358,17
1589249588.296914,10.10.0.10,173.194.151.108,,,41505,443,0,37,17
1589249588.3091831,173.194.151.108,10.10.0.10,,,443,41505,0,1358,17
1589249588.3231552,173.194.151.108,10.10.0.10,,,443,41505,0,1358,17
1589249588.32506,10.10.0.10,173.194.151.108,,,41505,443,0,37,17
1589249588.337127,173.194.151.108,10.10.0.10,,,443,41505,0,1358,17
1589249588.3511002,173.194.151.108,10.10.0.10,,,443,41505,0,1358,17
1589249588.3650842,173.194.151.108,10.10.0.10,,,443,41505,0,1358,17
1589249588.3670561,10.10.0.10,173.194.151.108,,,41505,443,0,37,17
1589249588.3790429,173.194.151.108,10.10.0.10,,,443,41505,0,1358,17
1589249588.3807788,10.10.0.10,173.194.151.108,,,41505,443,0,37,17
1589249588.3930204,173.194.151.108,10.10.0.10,,,443,41505,0,1358,17
1589249588.4069881,173.194.151.108,10.10.0.10,,,443,41505,0,1358,17
1589249588.408663,10.10.0.10,173.194.151.108,,,41505,443,0,37,17
1589249588.4209619,173.194.151.108,10.10.0.10,,,443,41505,0,1358,17
1589249588.4349554,173.194.151.108,10.10.0.10,,,443,41505,0,1358,17
1589249588.4367769,10.10.0.10,173.194.151.108,,,41505,443,0,37,17
1589249588.4489071,173.194.151.108,10.10.0.10,,,443,41505,0,1358,17
1589249588.4628954,173.194.151.108,10.10.0.10,,,443,41505,0,1358,17
1589249588.4647858,10.10.0.10,173.194.151.108,,,41505,443,0,50,17
1589249588.476856,173.194.151.108,10.10.0.10,,,443,41505,0,1358,17
1589249588.490832,173.194.151.108,10.10.0.10,,,443,41505,0,1358,17
1589249588.492537,10.10.0.10,173.194.151.108,,,41505,443,0,37,17
1589249588.5047982,173.194.151.108,10.10.0.10,,,443,41505,0,1358,17
1589249588.518769,173.194.151.108,10.10.0.10,,,443,41505,0,1358,17
1589249588.5204134,10.10.0.10,173.194.151.108,,,41505,443,0,37,17
1589249588.53274,173.194.151.108,10.10.0.10,,,443,41505,0,1358,17
1589249588.546711,173.194.151.108,10.10.0.10,,,443,41505,0,1358,17
1589249588.548552,10.10.0.10,173.194.151.108,,,41505,443,0,37,17
1589249588.5606828,173.194.151.108,10.10.0.10,,,443,41505,0,1358,17
1589249588.5746536,173.194.151.108,10.10.0.10,,,443,41505,0,1358,17
1589249588.577307,10.10.0.10,173.194.151.108,,,41505,443,0,37,17
1589249588.5886278,173.194.151.108,10.10.0.10,,,443,41505,0,1358,17
1589249588.602601,173.194.151.108,10.10.0.10,,,443,41505,0,1358,17
1589249588.6044052,10.10.0.10,173.194.151.108,,,41505,443,0,37,17
1589249588.6165721,173.194.151.108,10.10.0.10,,,443,41505,0,1358,17
1589249588.63056,173.194.151.108,10.10.0.10,,,443,41505,0,1358,17
1589249588.6330302,10.10.0.10,173.194.151.108,,,41505,443,0,37,17
1589249588.6445189,173.194.151.108,10.10.0.10,,,443,41505,0,1358,17
1589249588.658489,173.194.151.108,10.10.0.10,,,443,41505,0,1358,17
1589249588.6602821,10.10.0.10,173.194.151.108,,,41505,443,0,37,17
1589249588.67246,173.194.151.108,10.10.0.10,,,443,41505,0,1358,17
1589249588.6881068,173.194.151.108,10.10.0.10,,,443,41505,0,1358,17
1589249588.6897626,10.10.0.10,173.194.151.108,,,41505,443,0,37,17
1589249588.702086,173.194.151.108,10.10.0.10,,,443,41505,0,1358,17
1589249588.7160552,173.194.151.108,10.10.0.10,,,443,41505,0,1358,17
1589249588.7184038,10.10.0.10,173.194.151.108,,,41505,443,0,37,17
1589249588.7300286,173.194.151.108,10.10.0.10,,,443,41505,0,1358,17
1589249588.744001,173.194.151.108,10.10.0.10,,,443,41505,0,1358,17
1589249588.745655,10.10.0.10,173.194.151.108,,,41505,443,0,37,17
1589249588.757975,173.194.151.108,10.10.0.10,,,443,41505,0,1358,17
1589249588.7719548,173.194.151.108,10.10.0.10,,,443,41505,0,1358,17
1589249588.77365,10.10.0.10,173.194.151.108,,,41505,443,0,37,17
1589249588.785918,173.194.151.108,10.10.0.10,,,443,41505,0,1358,17
1589249588.7998939,173.194.151.108,10.10.0.10,,,443,41505,0,1358,17
1589249588.8016498,10.10.0.10,173.194.151.108,,,41505,443,0,37,17
1589249588.8138852,173.194.151.108,10.10.0.10,,,443,41505,0,1358,17
1589249588.8278394,173.194.151.108,10.10.0.10,,,443,41505,0,1358,17
1589249588.831044,10.10.0.10,173.194.151.108,,,41505,443,0,37,17
1589249588.841825,173.194.151.108,10.10.0.10,,,443,41505,0,1358,17
1589249588.855784,173.194.151.108,10.10.0.10,,,443,41505,0,1358,17
1589249588.8591502,10.10.0.10,173.194.151.108,,,41505,443,0,37,17
1589249588.8697548,173.194.151.108,10.10.0.10,,,443,41505,0,1358,17
1589249588.8837268,173.194.151.108,10.10.0.10,,,443,41505,0,1358,17
1589249588.8853972,10.10.0.10,173.194.151.108,,,41505,443,0,37,17
1589249588.8976989,173.194.151.108,10.10.0.10,,,443,41505,0,1358,17
1589249588.911689,173.194.151.108,10.10.0.10,,,443,41505,0,1358,17
1589249588.914276,10.10.0.10,173.194.151.108,,,41505,443,0,37,17
1589249588.925648,173.194.151.108,10.10.0.10,,,443,41505,0,1358,17
1589249588.939628,173.194.151.108,10.10.0.10,,,443,41505,0,1358,17
1589249588.941289,10.10.0.10,173.194.151.108,,,41505,443,0,37,17
1589249588.9535868,173.194.151.108,10.10.0.10,,,443,41505,0,1358,17
1589249588.967567,173.194.151.108,10.10.0.10,,,443,41505,0,1358,17
1589249588.9701068,10.10.0.10,173.194.151.108,,,41505,443,0,37,17
1589249588.981534,173.194.151.108,10.10.0.10,,,443,41505,0,1358,17
1589249588.9955044,173.194.151.108,10.10.0.10,,,443,41505,0,1358,17
1589249588.9975102,10.10.0.10,173.194.151.108,,,41505,443,0,37,17
1589249589.00948,173.194.151.108,10.10.0.10,,,443,41505,0,1358,17
1589249589.025125,173.194.151.108,10.10.0.10,,,443,41505,0,1358,17
1589249589.026912,10.10.0.10,173.194.151.108,,,41505,443,0,50,17
1589249589.039098,173.194.151.108,10.10.0.10,,,443,41505,0,1358,17
1589249589.0530698,173.194.151.108,10.10.0.10,,,443,41505,0,1358,17
1589249589.05627,10.10.0.10,173.194.151.108,,,41505,443,0,37,17
1589249589.067062,173.194.151.108,10.10.0.10,,,443,41505,0,1358,17
1589249589.081015,173.194.151.108,10.10.0.10,,,443,41505,0,1358,17
1589249589.0828831,10.10.0.10,173.194.151.108,,,41505,443,0,37,17
1589249589.0949981,173.194.151.108,10.10.0.10,,,443,41505,0,1358,17
1589249589.108967,173.194.151.108,10.10.0.10,,,443,41505,0,1358,17
1589249589.110643,10.10.0.10,173.194.151.108,,,41505,443,0,37,17
1589249589.1229384,173.194.151.108,10.10.0.10,,,443,41505,0,1358,17
1589249589.1369061,173.194.151.108,10.10.0.10,,,443,41505,0,1358,17
1589249589.1400368,10.10.0.10,173.194.151.108,,,41505,443,0,37,17
1589249589.150881,173.194.151.108,10.10.0.10,,,443,41505,0,1358,17
1589249589.164851,173.194.151.108,10.10.0.10,,,443,41505,0,1358,17
1589249589.1665142,10.10.0.10,173.194.151.108,,,41505,443,0,37,17
1589249589.178823,173.194.151.108,10.10.0.10,,,443,41505,0,1358,17
1589249589.192808,173.194.151.108,10.10.0.10,,,443,41505,0,1358,17
1589249589.194409,10.10.0.10,173.194.151.108,,,41505,443,0,37,17
1589249589.206768,173.194.151.108,10.10.0.10,,,443,41505,0,1358,17
1589249589.2207446,173.194.151.108,10.10.0.10,,,443,41505,0,1358,17
1589249589.2225044,10.10.0.10,173.194.151.108,,,41505,443,0,37,17
1589249589.234715,173.194.151.108,10.10.0.10,,,443,41505,0,1358,17
1589249589.248687,173.194.151.108,10.10.0.10,,,443,41505,0,1358,17
1589249589.2503948,10.10.0.10,173.194.151.108,,,41505,443,0,37,17
1589249589.262657,173.194.151.108,10.10.0.10,,,443,41505,0,1358,17
1589249589.2783089,173.194.151.108,10.10.0.10,,,443,41505,0,1358,17
1589249589.280157,10.10.0.10,173.194.151.108,,,41505,443,0,37,17
1589249589.2922802,173.194.151.108,10.10.0.10,,,443,41505,0,1358,17
1589249589.3062522,173.194.151.108,10.10.0.10,,,443,41505,0,1358,17
1589249589.3078866,10.10.0.10,173.194.151.108,,,41505,443,0,37,17
1589249589.320226,173.194.151.108,10.10.0.10,,,443,41505,0,1358,17
1589249589.334194,173.194.151.108,10.10.0.10,,,443,41505,0,1358,17
1589249589.335906,10.10.0.10,173.194.151.108,,,41505,443,0,37,17
1589249589.3481839,173.194.151.108,10.10.0.10,,,443,41505,0,1358,17
1589249589.3621411,173.194.151.108,10.10.0.10,,,443,41505,0,1358,17
1589249589.364009,10.10.0.10,173.194.151.108,,,41505,443,0,37,17
1589249589.3761082,173.194.151.108,10.10.0.10,,,443,41505,0,1358,17
1589249589.390092,173.194.151.108,10.10.0.10,,,443,41505,0,1358,17
1589249589.391882,10.10.0.10,173.194.151.108,,,41505,443,0,37,17
1589249589.404056,173.194.151.108,10.10.0.10,,,443,41505,0,1358,17
1589249589.4180508,173.194.151.108,10.10.0.10,,,443,41505,0,1358,17
1589249589.420132,10.10.0.10,173.194.151.108,,,41505,443,0,37,17
1589249589.4320035,173.194.151.108,10.10.0.10,,,443,41505,0,1358,17
1589249589.4459894,173.194.151.108,10.10.0.10,,,443,41505,0,1358,17
1589249589.4476519,10.10.0.10,173.194.151.108,,,41505,443,0,37,17
1589249589.459948,173.194.151.108,10.10.0.10,,,443,41505,0,1358,17
1589249589.473928,173.194.151.108,10.10.0.10,,,443,41505,0,1358,17
1589249589.4756498,10.10.0.10,173.194.151.108,,,41505,443,0,37,17
1589249589.4878929,173.194.151.108,10.10.0.10,,,443,41505,0,1358,17
1589249589.501864,173.194.151.108,10.10.0.10,,,443,41505,0,1358,17
1589249589.503648,10.10.0.10,173.194.151.108,,,41505,443,0,37,17
1589249589.5158372,173.194.151.108,10.10.0.10,,,443,41505,0,1358,17
1589249589.52981,173.194.151.108,10.10.0.10,,,443,41505,0,1358,17
1589249589.531496,10.10.0.10,173.194.151.108,,,41505,443,0,37,17
1589249589.5438,173.194.151.108,10.10.0.10,,,443,41505,0,1358,17
1589249589.5577528,173.194.151.108,10.10.0.10,,,443,41505,0,1358,17
1589249589.5595222,10.10.0.10,173.194.151.108,,,41505,443,0,37,17
1589249589.5717251,173.194.151.108,10.10.0.10,,,443,41505,0,1358,17
1589249589.5856972,173.194.151.108,10.10.0.10,,,443,41505,0,1358,17
1589249589.587372,10.10.0.10,173.194.151.108,,,41505,443,0,50,17
1589249589.5996668,173.194.151.108,10.10.0.10,,,443,41505,0,1358,17
1589249589.613647,173.194.151.108,10.10.0.10,,,443,41505,0,1358,17
1589249589.625849,10.10.0.10,173.194.151.108,,,41505,443,0,37,17
1589249589.627614,173.194.151.108,10.10.0.10,,,443,41505,0,1358,17
1589249589.641591,173.194.151.108,10.10.0.10,,,443,41505,0,1358,17
1589249589.6439679,10.10.0.10,173.194.151.108,,,41505,443,0,37,17
1589249589.65556,173.194.151.108,10.10.0.10,,,443,41505,0,1358,17
1589249589.669532,173.194.151.108,10.10.0.10,,,443,41505,0,1358,17
1589249589.6712508,10.10.0.10,173.194.151.108,,,41505,443,0,37,17
1589249589.683501,173.194.151.108,10.10.0.10,,,443,41505,0,1358,17
1589249589.697474,173.194.151.108,10.10.0.10,,,443,41505,0,1358,17
1589249589.7050204,10.10.0.10,173.194.151.108,,,41505,443,0,37,17
1589249589.711449,173.194.151.108,10.10.0.10,,,443,41505,0,1358,17
1589249589.7254202,173.194.151.108,10.10.0.10,,,443,41505,0,1358,17
1589249589.7271225,10.10.0.10,173.194.151.108,,,41505,443,0,37,17
1589249589.7394052,173.194.151.108,10.10.0.10,,,443,41505,0,1358,17
1589249589.753361,173.194.151.108,10.10.0.10,,,443,41505,0,1168,17
1589249589.7555182,10.10.0.10,173.194.151.108,,,41505,443,0,37,17
1589249594.3932178,10.10.0.10,173.194.151.108,,,41505,443,0,723,17
1589249594.393255,10.10.0.10,173.194.151.108,,,41505,443,0,48,17
1589249594.398841,173.194.151.108,10.10.0.10,,,443,41505,0,29,17
1589249594.4001572,173.194.151.108,10.10.0.10,,,443,41505,0,1358,17
1589249594.400193,173.194.151.108,10.10.0.10,,,443,41505,0,1358,17
1589249594.4021332,10.10.0.10,173.194.151.108,,,41505,443,0,37,17
1589249594.4120462,173.194.151.108,10.10.0.10,,,443,41505,0,1358,17
1589249594.426034,173.194.151.108,10.10.0.10,,,443,41505,0,1358,17
1589249594.4276311,10.10.0.10,173.194.151.108,,,41505,443,0,37,17
1589249594.4399972,173.194.151.108,10.10.0.10,,,443,41505,0,1358,17
1589249594.4539769,173.194.151.108,10.10.0.10,,,443,41505,0,1358,17
1589249594.456132,10.10.0.10,173.194.151.108,,,41505,443,0,37,17
1589249594.467941,173.194.151.108,10.10.0.10,,,443,41505,0,1358,17
1589249594.481915,173.194.151.108,10.10.0.10,,,443,41505,0,1358,17
1589249594.4837544,10.10.0.10,173.194.151.108,,,41505,443,0,37,17
1589249594.495904,173.194.151.108,10.10.0.10,,,443,41505,0,1358,17
1589249594.509858,173.194.151.108,10.10.0.10,,,443,41505,0,1358,17
1589249594.511734,10.10.0.10,173.194.151.108,,,41505,443,0,37,17
1589249594.523841,173.194.151.108,10.10.0.10,,,443,41505,0,1358,17
1589249594.537806,173.194.151.108,10.10.0.10,,,443,41505,0,1358,17
1589249594.5394864,10.10.0.10,173.194.151.108,,,41505,443,0,37,17
1589249594.551783,173.194.151.108,10.10.0.10,,,443,41505,0,1358,17
1589249594.5657492,173.194.151.108,10.10.0.10,,,443,41505,0,1358,17
1589249594.567503,10.10.0.10,173.194.151.108,,,41505,443,0,37,17
1589249594.57972,173.194.151.108,10.10.0.10,,,443,41505,0,1358,17
1589249594.5937018,173.194.151.108,10.10.0.10,,,443,41505,0,1358,17
1589249594.5955696,10.10.0.10,173.194.151.108,,,41505,443,0,37,17
1589249594.607662,173.194.151.108,10.10.0.10,,,443,41505,0,1358,17
1589249594.621651,173.194.151.108,10.10.0.10,,,443,41505,0,1358,17
1589249594.635609,173.194.151.108,10.10.0.10,,,443,41505,0,1358,17
1589249594.649588,173.194.151.108,10.10.0.10,,,443,41505,0,1358,17
1589249594.663552,173.194.151.108,10.10.0.10,,,443,41505,0,1358,17
1589249594.6775308,173.194.151.108,10.10.0.10,,,443,41505,0,1358,17
1589249594.691499,173.194.151.108,10.10.0.10,,,443,41505,0,1358,17
1589249594.705472,173.194.151.108,10.10.0.10,,,443,41505,0,1358,17
1589249594.7460976,10.10.0.10,173.194.151.108,,,41505,443,0,40,17
1589249594.7510061,173.194.151.108,10.10.0.10,,,443,41505,0,1358,17
1589249594.7754989,10.10.0.10,173.194.151.108,,,41505,443,0,40,17
1589249594.775528,10.10.0.10,173.194.151.108,,,41505,443,0,40,17
1589249594.776602,10.10.0.10,173.194.151.108,,,41505,443,0,40,17
1589249594.7791224,10.10.0.10,173.194.151.108,,,41505,443,0,40,17
1589249594.780552,173.194.151.108,10.10.0.10,,,443,41505,0,1358,17
1589249594.784184,173.194.151.108,10.10.0.10,,,443,41505,0,1358,17
1589249594.7924442,173.194.151.108,10.10.0.10,,,443,41505,0,1358,17
1589249594.793244,10.10.0.10,173.194.151.108,,,41505,443,0,40,17
1589249594.806416,173.194.151.108,10.10.0.10,,,443,41505,0,1358,17
1589249594.809744,10.10.0.10,173.194.151.108,,,41505,443,0,40,17
1589249594.820395,173.194.151.108,10.10.0.10,,,443,41505,0,1358,17
1589249594.834363,173.194.151.108,10.10.0.10,,,443,41505,0,1358,17
1589249594.836246,10.10.0.10,173.194.151.108,,,41505,443,0,40,17
1589249594.848335,173.194.151.108,10.10.0.10,,,443,41505,0,1358,17
1589249594.8623102,173.194.151.108,10.10.0.10,,,443,41505,0,1358,17
1589249594.8645911,10.10.0.10,173.194.151.108,,,41505,443,0,40,17
1589249594.876281,173.194.151.108,10.10.0.10,,,443,41505,0,1358,17
1589249594.8902721,173.194.151.108,10.10.0.10,,,443,41505,0,1358,17
1589249594.8927224,10.10.0.10,173.194.151.108,,,41505,443,0,40,17
1589249594.904221,173.194.151.108,10.10.0.10,,,443,41505,0,1358,17
1589249594.9182036,173.194.151.108,10.10.0.10,,,443,41505,0,1358,17
1589249594.9200995,10.10.0.10,173.194.151.108,,,41505,443,0,40,17
1589249594.932173,173.194.151.108,10.10.0.10,,,443,41505,0,1358,17
1589249594.946147,173.194.151.108,10.10.0.10,,,443,41505,0,1358,17
1589249594.9478724,10.10.0.10,173.194.151.108,,,41505,443,0,53,17
1589249594.9601262,173.194.151.108,10.10.0.10,,,443,41505,0,1358,17
1589249594.974087,173.194.151.108,10.10.0.10,,,443,41505,0,1358,17
1589249594.975615,10.10.0.10,173.194.151.108,,,41505,443,0,40,17
1589249594.9880614,173.194.151.108,10.10.0.10,,,443,41505,0,1358,17
1589249595.002033,173.194.151.108,10.10.0.10,,,443,41505,0,1358,17
1589249595.003862,10.10.0.10,173.194.151.108,,,41505,443,0,40,17
1589249595.016,173.194.151.108,10.10.0.10,,,443,41505,0,1358,17
1589249595.029978,173.194.151.108,10.10.0.10,,,443,41505,0,1358,17
1589249595.032615,10.10.0.10,173.194.151.108,,,41505,443,0,40,17
1589249595.043952,173.194.151.108,10.10.0.10,,,443,41505,0,1358,17
1589249595.0579224,173.194.151.108,10.10.0.10,,,443,41505,0,1358,17
1589249595.0594842,10.10.0.10,173.194.151.108,,,41505,443,0,37,17
1589249595.0718918,173.194.151.108,10.10.0.10,,,443,41505,0,1358,17
1589249595.085886,173.194.151.108,10.10.0.10,,,443,41505,0,1358,17
1589249595.087609,10.10.0.10,173.194.151.108,,,41505,443,0,37,17
1589249595.0998454,173.194.151.108,10.10.0.10,,,443,41505,0,1358,17
1589249595.1138241,173.194.151.108,10.10.0.10,,,443,41505,0,1358,17
1589249595.1157188,10.10.0.10,173.194.151.108,,,41505,443,0,37,17
1589249595.127786,173.194.151.108,10.10.0.10,,,443,41505,0,1358,17
1589249595.1417642,173.194.151.108,10.10.0.10,,,443,41505,0,1358,17
1589249595.1433618,10.10.0.10,173.194.151.108,,,41505,443,0,37,17
1589249595.155732,173.194.151.108,10.10.0.10,,,443,41505,0,1358,17
1589249595.169704,173.194.151.108,10.10.0.10,,,443,41505,0,1358,17
1589249595.1836762,173.194.151.108,10.10.0.10,,,443,41505,0,1358,17
1589249595.193985,10.10.0.10,173.194.151.108,,,41505,443,0,37,17
1589249595.197648,173.194.151.108,10.10.0.10,,,443,41505,0,1358,17
1589249595.1992168,10.10.0.10,173.194.151.108,,,41505,443,0,37,17
1589249595.2116349,173.194.151.108,10.10.0.10,,,443,41505,0,1358,17
1589249595.225591,173.194.151.108,10.10.0.10,,,443,41505,0,1358,17
1589249595.2273388,10.10.0.10,173.194.151.108,,,41505,443,0,37,17
1589249595.2395716,173.194.151.108,10.10.0.10,,,443,41505,0,1358,17
1589249595.253537,173.194.151.108,10.10.0.10,,,443,41505,0,1358,17
1589249595.2553382,10.10.0.10,173.194.151.108,,,41505,443,0,37,17
1589249595.2675102,173.194.151.108,10.10.0.10,,,443,41505,0,1358,17
1589249595.281482,173.194.151.108,10.10.0.10,,,443,41505,0,1358,17
1589249595.2832134,10.10.0.10,173.194.151.108,,,41505,443,0,37,17
1589249595.295454,173.194.151.108,10.10.0.10,,,443,41505,0,1358,17
1589249595.3094268,173.194.151.108,10.10.0.10,,,443,41505,0,1358,17
1589249595.31096,10.10.0.10,173.194.151.108,,,41505,443,0,37,17
1589249595.323399,173.194.151.108,10.10.0.10,,,443,41505,0,1358,17
1589249595.337386,173.194.151.108,10.10.0.10,,,443,41505,0,1358,17
1589249595.3391054,10.10.0.10,173.194.151.108,,,41505,443,0,37,17
1589249595.351346,173.194.151.108,10.10.0.10,,,443,41505,0,1358,17
1589249595.365319,173.194.151.108,10.10.0.10,,,443,41505,0,1358,17
1589249595.3671026,10.10.0.10,173.194.151.108,,,41505,443,0,37,17
1589249595.3792882,173.194.151.108,10.10.0.10,,,443,41505,0,1358,17
1589249595.393262,173.194.151.108,10.10.0.10,,,443,41505,0,1358,17
1589249595.3948526,10.10.0.10,173.194.151.108,,,41505,443,0,37,17
1589249595.407254,173.194.151.108,10.10.0.10,,,443,41505,0,1358,17
1589249595.421205,173.194.151.108,10.10.0.10,,,443,41505,0,1358,17
1589249595.4234786,10.10.0.10,173.194.151.108,,,41505,443,0,37,17
1589249595.4351912,173.194.151.108,10.10.0.10,,,443,41505,0,1358,17
1589249595.449151,173.194.151.108,10.10.0.10,,,443,41505,0,1358,17
1589249595.450836,10.10.0.10,173.194.151.108,,,41505,443,0,37,17
1589249595.46313,173.194.151.108,10.10.0.10,,,443,41505,0,1358,17
1589249595.4770932,173.194.151.108,10.10.0.10,,,443,41505,0,1358,17
1589249595.47873,10.10.0.10,173.194.151.108,,,41505,443,0,37,17
1589249595.482961,10.10.0.10,173.194.151.108,,,41505,443,0,724,17
1589249595.482988,10.10.0.10,173.194.151.108,,,41505,443,0,48,17
1589249595.4910722,173.194.151.108,10.10.0.10,,,443,41505,0,1358,17
1589249595.5050411,173.194.151.108,10.10.0.10,,,443,41505,0,1358,17
1589249595.50658,10.10.0.10,173.194.151.108,,,41505,443,0,37,17
1589249595.5190115,173.194.151.108,10.10.0.10,,,443,41505,0,1358,17
1589249595.533002,173.194.151.108,10.10.0.10,,,443,41505,0,1358,17
1589249595.534974,10.10.0.10,173.194.151.108,,,41505,443,0,37,17
1589249595.546958,173.194.151.108,10.10.0.10,,,443,41505,0,1358,17
1589249595.560937,173.194.151.108,10.10.0.10,,,443,41505,0,1358,17
1589249595.562725,10.10.0.10,173.194.151.108,,,41505,443,0,37,17
1589249595.574902,173.194.151.108,10.10.0.10,,,443,41505,0,1358,17
1589249595.588874,173.194.151.108,10.10.0.10,,,443,41505,0,1358,17
1589249595.596082,10.10.0.10,173.194.151.108,,,41505,443,0,37,17
1589249595.6028428,173.194.151.108,10.10.0.10,,,443,41505,0,1358,17
1589249595.6168132,173.194.151.108,10.10.0.10,,,443,41505,0,1358,17
1589249595.6185849,10.10.0.10,173.194.151.108,,,41505,443,0,37,17
1589249595.6307938,173.194.151.108,10.10.0.10,,,443,41505,0,1358,17
1589249595.644763,173.194.151.108,10.10.0.10,,,443,41505,0,1358,17
1589249595.646327,10.10.0.10,173.194.151.108,,,41505,443,0,37,17
1589249595.658736,173.194.151.108,10.10.0.10,,,443,41505,0,1358,17
1589249595.6727116,173.194.151.108,10.10.0.10,,,443,41505,0,1358,17
1589249595.67431,10.10.0.10,173.194.151.108,,,41505,443,0,37,17
1589249595.686683,173.194.151.108,10.10.0.10,,,443,41505,0,1358,17
1589249595.700655,173.194.151.108,10.10.0.10,,,443,41505,0,1358,17
1589249595.7026758,10.10.0.10,173.194.151.108,,,41505,443,0,37,17
1589249595.7146275,173.194.151.108,10.10.0.10,,,443,41505,0,1358,17
1589249595.728612,173.194.151.108,10.10.0.10,,,443,41505,0,1358,17
1589249595.731573,10.10.0.10,173.194.151.108,,,41505,443,0,37,17
1589249595.7425704,173.194.151.108,10.10.0.10,,,443,41505,0,1358,17
1589249595.756543,173.194.151.108,10.10.0.10,,,443,41505,0,1358,17
1589249595.758301,10.10.0.10,173.194.151.108,,,41505,443,0,37,17
1589249595.770508,173.194.151.108,10.10.0.10,,,443,41505,0,1358,17
1589249595.784482,173.194.151.108,10.10.0.10,,,443,41505,0,1358,17
1589249595.7859464,10.10.0.10,173.194.151.108,,,41505,443,0,37,17
1589249595.7984538,173.194.151.108,10.10.0.10,,,443,41505,0,1358,17
1589249595.8124368,173.194.151.108,10.10.0.10,,,443,41505,0,1358,17
1589249595.814342,10.10.0.10,173.194.151.108,,,41505,443,0,37,17
1589249595.826407,173.194.151.108,10.10.0.10,,,443,41505,0,1358,17
1589249595.8403778,173.194.151.108,10.10.0.10,,,443,41505,0,1358,17
1589249595.8419652,10.10.0.10,173.194.151.108,,,41505,443,0,37,17
1589249595.854366,173.194.151.108,10.10.0.10,,,443,41505,0,1358,17
1589249595.86832,173.194.151.108,10.10.0.10,,,443,41505,0,1358,17
1589249595.871215,10.10.0.10,173.194.151.108,,,41505,443,0,37,17
1589249595.882303,173.194.151.108,10.10.0.10,,,443,41505,0,1358,17
1589249595.8962612,173.194.151.108,10.10.0.10,,,443,41505,0,1358,17
1589249595.898322,10.10.0.10,173.194.151.108,,,41505,443,0,37,17
1589249595.9102418,173.194.151.108,10.10.0.10,,,443,41505,0,1358,17
1589249595.9242108,173.194.151.108,10.10.0.10,,,443,41505,0,1358,17
1589249595.925966,10.10.0.10,173.194.151.108,,,41505,443,0,37,17
1589249595.938185,173.194.151.108,10.10.0.10,,,443,41505,0,1358,17
1589249595.952154,173.194.151.108,10.10.0.10,,,443,41505,0,1358,17
1589249595.9661276,173.194.151.108,10.10.0.10,,,443,41505,0,1358,17
1589249595.9801,173.194.151.108,10.10.0.10,,,443,41505,0,1358,17
1589249595.994074,173.194.151.108,10.10.0.10,,,443,41505,0,1358,17
1589249596.008051,173.194.151.108,10.10.0.10,,,443,41505,0,1358,17
1589249596.022017,173.194.151.108,10.10.0.10,,,443,41505,0,1358,17
1589249596.0360188,173.194.151.108,10.10.0.10,,,443,41505,0,1358,17
1589249596.049463,10.10.0.10,173.194.151.108,,,41505,443,0,40,17
1589249596.049973,173.194.151.108,10.10.0.10,,,443,41505,0,1358,17
1589249596.0523381,10.10.0.10,173.194.151.108,,,41505,443,0,40,17
1589249596.052364,10.10.0.10,173.194.151.108,,,41505,443,0,40,17
1589249596.054337,10.10.0.10,173.194.151.108,,,41505,443,0,53,17
1589249596.054967,10.10.0.10,173.194.151.108,,,41505,443,0,40,17
1589249596.0639381,173.194.151.108,10.10.0.10,,,443,41505,0,1358,17
1589249596.065584,10.10.0.10,173.194.151.108,,,41505,443,0,40,17
1589249596.077922,173.194.151.108,10.10.0.10,,,443,41505,0,29,17
1589249596.07855,173.194.151.108,10.10.0.10,,,443,41505,0,1358,17
1589249596.09251,173.194.151.108,10.10.0.10,,,443,41505,0,1358,17
1589249596.1064801,173.194.151.108,10.10.0.10,,,443,41505,0,1358,17
1589249596.120455,173.194.151.108,10.10.0.10,,,443,41505,0,1358,17
1589249596.134432,173.194.151.108,10.10.0.10,,,443,41505,0,1358,17
1589249596.148405,173.194.151.108,10.10.0.10,,,443,41505,0,1358,17
1589249596.162372,173.194.151.108,10.10.0.10,,,443,41505,0,1358,17
1589249596.2266908,10.10.0.10,173.194.151.108,,,41505,443,0,37,17
1589249596.227702,10.10.0.10,173.194.151.108,,,41505,443,0,40,17
1589249596.22883,10.10.0.10,173.194.151.108,,,41505,443,0,40,17
1589249596.2288554,10.10.0.10,173.194.151.108,,,41505,443,0,40,17
1589249596.231506,173.194.151.108,10.10.0.10,,,443,41505,0,1358,17
1589249596.232436,10.10.0.10,173.194.151.108,,,41505,443,0,40,17
1589249596.2460964,173.194.151.108,10.10.0.10,,,443,41505,0,1358,17
1589249596.247808,10.10.0.10,173.194.151.108,,,41505,443,0,40,17
1589249596.25323,173.194.151.108,10.10.0.10,,,443,41505,0,1358,17
1589249596.257992,173.194.151.108,10.10.0.10,,,443,41505,0,1358,17
1589249596.2597039,10.10.0.10,173.194.151.108,,,41505,443,0,40,17
1589249596.271958,173.194.151.108,10.10.0.10,,,443,41505,0,1358,17
1589249596.2859359,173.194.151.108,10.10.0.10,,,443,41505,0,1358,17
1589249596.288185,10.10.0.10,173.194.151.108,,,41505,443,0,40,17
1589249596.2999148,173.194.151.108,10.10.0.10,,,443,41505,0,1358,17
1589249596.3138828,173.194.151.108,10.10.0.10,,,443,41505,0,1358,17
1589249596.315582,10.10.0.10,173.194.151.108,,,41505,443,0,40,17
1589249596.3278544,173.194.151.108,10.10.0.10,,,443,41505,0,1358,17
1589249596.341824,173.194.151.108,10.10.0.10,,,443,41505,0,1358,17
1589249596.344327,10.10.0.10,173.194.151.108,,,41505,443,0,40,17
1589249596.355798,173.194.151.108,10.10.0.10,,,443,41505,0,1358,17
1589249596.3697894,173.194.151.108,10.10.0.10,,,443,41505,0,1358,17
1589249596.371826,10.10.0.10,173.194.151.108,,,41505,443,0,40,17
1589249596.383745,173.194.151.108,10.10.0.10,,,443,41505,0,1358,17
1589249596.397727,173.194.151.108,10.10.0.10,,,443,41505,0,1358,17
1589249596.39959,10.10.0.10,173.194.151.108,,,41505,443,0,40,17
1589249596.411688,173.194.151.108,10.10.0.10,,,443,41505,0,1358,17
1589249596.425664,173.194.151.108,10.10.0.10,,,443,41505,0,1358,17
1589249596.4275732,10.10.0.10,173.194.151.108,,,41505,443,0,40,17
1589249596.4396338,173.194.151.108,10.10.0.10,,,443,41505,0,1358,17
1589249596.453608,173.194.151.108,10.10.0.10,,,443,41505,0,1358,17
1589249596.467596,173.194.151.108,10.10.0.10,,,443,41505,0,1358,17
1589249596.4730532,10.10.0.10,173.194.151.108,,,41505,443,0,40,17
1589249596.481549,173.194.151.108,10.10.0.10,,,443,41505,0,1358,17
1589249596.48342,10.10.0.10,173.194.151.108,,,41505,443,0,40,17
1589249596.4955351,173.194.151.108,10.10.0.10,,,443,41505,0,1358,17
1589249596.5094962,173.194.151.108,10.10.0.10,,,443,41505,0,1358,17
1589249596.517552,10.10.0.10,173.194.151.108,,,41505,443,0,40,17
1589249596.523474,173.194.151.108,10.10.0.10,,,443,41505,0,1358,17
1589249596.537441,173.194.151.108,10.10.0.10,,,443,41505,0,1358,17
1589249596.551413,173.194.151.108,10.10.0.10,,,443,41505,0,1358,17
1589249596.5653946,173.194.151.108,10.10.0.10,,,443,41505,0,1358,17
1589249596.5793571,173.194.151.108,10.10.0.10,,,443,41505,0,1358,17
1589249596.586304,10.10.0.10,173.194.151.108,,,41505,443,0,40,17
1589249596.5874221,10.10.0.10,173.194.151.108,,,41505,443,0,55,17
1589249596.587451,10.10.0.10,173.194.151.108,,,41505,443,0,42,17
1589249596.590773,10.10.0.10,173.194.151.108,,,41505,443,0,42,17
1589249596.5933242,173.194.151.108,10.10.0.10,,,443,41505,0,1358,17
1589249596.594758,10.10.0.10,173.194.151.108,,,41505,443,0,42,17
1589249596.6072972,173.194.151.108,10.10.0.10,,,443,41505,0,1358,17
1589249596.6212714,173.194.151.108,10.10.0.10,,,443,41505,0,1358,17
1589249596.6228971,10.10.0.10,173.194.151.108,,,41505,443,0,42,17
1589249596.635247,173.194.151.108,10.10.0.10,,,443,41505,0,1358,17
1589249596.649212,173.194.151.108,10.10.0.10,,,443,41505,0,1358,17
1589249596.651271,10.10.0.10,173.194.151.108,,,41505,443,0,42,17
1589249596.6632009,173.194.151.108,10.10.0.10,,,443,41505,0,1358,17
1589249596.67716,173.194.151.108,10.10.0.10,,,443,41505,0,1358,17
1589249596.6787715,10.10.0.10,173.194.151.108,,,41505,443,0,42,17
1589249596.691129,173.194.151.108,10.10.0.10,,,443,41505,0,1358,17
1589249596.7051091,173.194.151.108,10.10.0.10,,,443,41505,0,1358,17
1589249596.7067132,10.10.0.10,173.194.151.108,,,41505,443,0,37,17
1589249596.7190962,173.194.151.108,10.10.0.10,,,443,41505,0,1358,17
1589249596.7330544,173.194.151.108,10.10.0.10,,,443,41505,0,1358,17
1589249596.7347946,10.10.0.10,173.194.151.108,,,41505,443,0,37,17
1589249596.747027,173.194.151.108,10.10.0.10,,,443,41505,0,1358,17
1589249596.760998,173.194.151.108,10.10.0.10,,,443,41505,0,1358,17
1589249596.76292,10.10.0.10,173.194.151.108,,,41505,443,0,37,17
1589249596.7749708,173.194.151.108,10.10.0.10,,,443,41505,0,1358,17
1589249596.788962,173.194.151.108,10.10.0.10,,,443,41505,0,1358,17
1589249596.79066,10.10.0.10,173.194.151.108,,,41505,443,0,37,17
1589249596.8029141,173.194.151.108,10.10.0.10,,,443,41505,0,1358,17
1589249596.8168998,173.194.151.108,10.10.0.10,,,443,41505,0,1358,17
1589249596.819187,10.10.0.10,173.194.151.108,,,41505,443,0,37,17
1589249596.830859,173.194.151.108,10.10.0.10,,,443,41505,0,1358,17
1589249596.8448286,173.194.151.108,10.10.0.10,,,443,41505,0,1358,17
1589249596.8468142,10.10.0.10,173.194.151.108,,,41505,443,0,37,17
1589249596.858807,173.194.151.108,10.10.0.10,,,443,41505,0,1358,17
1589249596.872777,173.194.151.108,10.10.0.10,,,443,41505,0,1358,17
1589249596.8745446,10.10.0.10,173.194.151.108,,,41505,443,0,37,17
1589249596.88675,173.194.151.108,10.10.0.10,,,443,41505,0,1358,17
1589249596.900722,173.194.151.108,10.10.0.10,,,443,41505,0,1358,17
1589249596.9023,10.10.0.10,173.194.151.108,,,41505,443,0,37,17
1589249596.914709,173.194.151.108,10.10.0.10,,,443,41505,0,1358,17
1589249596.9286668,173.194.151.108,10.10.0.10,,,443,41505,0,1358,17
1589249596.93031,10.10.0.10,173.194.151.108,,,41505,443,0,37,17
1589249596.942646,173.194.151.108,10.10.0.10,,,443,41505,0,1358,17
1589249596.9566061,173.194.151.108,10.10.0.10,,,443,41505,0,1358,17
1589249596.959309,10.10.0.10,173.194.151.108,,,41505,443,0,37,17
1589249596.9705849,173.194.151.108,10.10.0.10,,,443,41505,0,1358,17
1589249596.9845572,173.194.151.108,10.10.0.10,,,443,41505,0,1358,17
1589249596.986418,10.10.0.10,173.194.151.108,,,41505,443,0,37,17
1589249596.9985301,173.194.151.108,10.10.0.10,,,443,41505,0,1358,17
1589249597.0125036,173.194.151.108,10.10.0.10,,,443,41505,0,1358,17
1589249597.014041,10.10.0.10,173.194.151.108,,,41505,443,0,37,17
1589249597.026475,173.194.151.108,10.10.0.10,,,443,41505,0,1358,17
1589249597.0404446,173.194.151.108,10.10.0.10,,,443,41505,0,1358,17
1589249597.0421796,10.10.0.10,173.194.151.108,,,41505,443,0,37,17
1589249597.054416,173.194.151.108,10.10.0.10,,,443,41505,0,1358,17
1589249597.068385,173.194.151.108,10.10.0.10,,,443,41505,0,1358,17
1589249597.0701606,10.10.0.10,173.194.151.108,,,41505,443,0,50,17
1589249597.082366,173.194.151.108,10.10.0.10,,,443,41505,0,1358,17
1589249597.096339,173.194.151.108,10.10.0.10,,,443,41505,0,1358,17
1589249597.09816,10.10.0.10,173.194.151.108,,,41505,443,0,37,17
1589249597.11033,173.194.151.108,10.10.0.10,,,443,41505,0,1358,17
1589249597.12428,173.194.151.108,10.10.0.10,,,443,41505,0,1358,17
1589249597.126036,10.10.0.10,173.194.151.108,,,41505,443,0,37,17
1589249597.1382682,173.194.151.108,10.10.0.10,,,443,41505,0,1358,17
1589249597.1522202,173.194.151.108,10.10.0.10,,,443,41505,0,1358,17
1589249597.15406,10.10.0.10,173.194.151.108,,,41505,443,0,37,17
1589249597.1662052,173.194.151.108,10.10.0.10,,,443,41505,0,1358,17
1589249597.1801698,173.194.151.108,10.10.0.10,,,443,41505,0,1358,17
1589249597.181907,10.10.0.10,173.194.151.108,,,41505,443,0,37,17
1589249597.194143,173.194.151.108,10.10.0.10,,,443,41505,0,1358,17
1589249597.2081149,173.194.151.108,10.10.0.10,,,443,41505,0,1358,17
1589249597.209783,10.10.0.10,173.194.151.108,,,41505,443,0,37,17
1589249597.2220874,173.194.151.108,10.10.0.10,,,443,41505,0,1358,17
1589249597.2360759,173.194.151.108,10.10.0.10,,,443,41505,0,1358,17
1589249597.2378,10.10.0.10,173.194.151.108,,,41505,443,0,37,17
1589249597.250033,173.194.151.108,10.10.0.10,,,443,41505,0,1358,17
1589249597.263999,173.194.151.108,10.10.0.10,,,443,41505,0,1358,17
1589249597.2661812,10.10.0.10,173.194.151.108,,,41505,443,0,37,17
1589249597.277978,173.194.151.108,10.10.0.10,,,443,41505,0,1358,17
1589249597.2919528,173.194.151.108,10.10.0.10,,,443,41505,0,1358,17
1589249597.29352,10.10.0.10,173.194.151.108,,,41505,443,0,37,17
1589249597.305926,173.194.151.108,10.10.0.10,,,443,41505,0,1358,17
1589249597.319896,173.194.151.108,10.10.0.10,,,443,41505,0,1358,17
1589249597.323906,10.10.0.10,173.194.151.108,,,41505,443,0,37,17
1589249597.3338692,173.194.151.108,10.10.0.10,,,443,41505,0,1358,17
1589249597.3478382,173.194.151.108,10.10.0.10,,,443,41505,0,1358,17
1589249597.351902,10.10.0.10,173.194.151.108,,,41505,443,0,37,17
1589249597.361824,173.194.151.108,10.10.0.10,,,443,41505,0,1358,17
1589249597.375783,173.194.151.108,10.10.0.10,,,443,41505,0,1358,17
1589249597.377394,10.10.0.10,173.194.151.108,,,41505,443,0,37,17
1589249597.38976,173.194.151.108,10.10.0.10,,,443,41505,0,1358,17
1589249597.4037304,173.194.151.108,10.10.0.10,,,443,41505,0,1358,17
1589249597.4177039,173.194.151.108,10.10.0.10,,,443,41505,0,1358,17
1589249597.431695,173.194.151.108,10.10.0.10,,,443,41505,0,1358,17
1589249597.436181,10.10.0.10,173.194.151.108,,,41505,443,0,40,17
1589249597.436208,10.10.0.10,173.194.151.108,,,41505,443,0,40,17
1589249597.436651,10.10.0.10,173.194.151.108,,,41505,443,0,40,17
1589249597.4456446,173.194.151.108,10.10.0.10,,,443,41505,0,1358,17
1589249597.447291,10.10.0.10,173.194.151.108,,,41505,443,0,40,17
1589249597.4596338,173.194.151.108,10.10.0.10,,,443,41505,0,1358,17
1589249597.4735901,173.194.151.108,10.10.0.10,,,443,41505,0,1358,17
1589249597.4752939,10.10.0.10,173.194.151.108,,,41505,443,0,40,17
1589249597.487572,173.194.151.108,10.10.0.10,,,443,41505,0,1358,17
1589249597.5015366,173.194.151.108,10.10.0.10,,,443,41505,0,1358,17
1589249597.5050418,10.10.0.10,173.194.151.108,,,41505,443,0,40,17
1589249597.515507,173.194.151.108,10.10.0.10,,,443,41505,0,1358,17
1589249597.5294788,173.194.151.108,10.10.0.10,,,443,41505,0,1358,17
1589249597.531167,10.10.0.10,173.194.151.108,,,41505,443,0,40,17
1589249597.5434544,173.194.151.108,10.10.0.10,,,443,41505,0,1358,17
1589249597.5574212,173.194.151.108,10.10.0.10,,,443,41505,0,1358,17
1589249597.559018,10.10.0.10,173.194.151.108,,,41505,443,0,40,17
1589249597.571395,173.194.151.108,10.10.0.10,,,443,41505,0,1358,17
1589249597.585798,173.194.151.108,10.10.0.10,,,443,41505,0,1358,17
1589249597.587398,10.10.0.10,173.194.151.108,,,41505,443,0,53,17
1589249597.599764,173.194.151.108,10.10.0.10,,,443,41505,0,1358,17
1589249597.6137388,173.194.151.108,10.10.0.10,,,443,41505,0,1358,17
1589249597.6160002,10.10.0.10,173.194.151.108,,,41505,443,0,40,17
1589249597.627702,173.194.151.108,10.10.0.10,,,443,41505,0,1358,17
1589249597.6416762,173.194.151.108,10.10.0.10,,,443,41505,0,1358,17
1589249597.6435142,10.10.0.10,173.194.151.108,,,41505,443,0,40,17
1589249597.655647,173.194.151.108,10.10.0.10,,,443,41505,0,1358,17
1589249597.6696212,173.194.151.108,10.10.0.10,,,443,41505,0,1358,17
1589249597.67124,10.10.0.10,173.194.151.108,,,41505,443,0,40,17
1589249597.683594,173.194.151.108,10.10.0.10,,,443,41505,0,1358,17
1589249597.697565,173.194.151.108,10.10.0.10,,,443,41505,0,1358,17
1589249597.6991134,10.10.0.10,173.194.151.108,,,41505,443,0,40,17
1589249597.7115548,173.194.151.108,10.10.0.10,,,443,41505,0,1358,17
1589249597.7255092,173.194.151.108,10.10.0.10,,,443,41505,0,1358,17
1589249597.7394989,173.194.151.108,10.10.0.10,,,443,41505,0,1358,17
1589249597.753459,173.194.151.108,10.10.0.10,,,443,41505,0,1358,17
1589249597.767431,173.194.151.108,10.10.0.10,,,443,41505,0,1358,17
1589249597.768286,10.10.0.10,173.194.151.108,,,41505,443,0,40,17
1589249597.7814028,173.194.151.108,10.10.0.10,,,443,41505,0,1358,17
1589249597.78239,10.10.0.10,173.194.151.108,,,41505,443,0,37,17
1589249597.784287,10.10.0.10,173.194.151.108,,,41505,443,0,37,17
1589249597.795376,173.194.151.108,10.10.0.10,,,443,41505,0,1358,17
1589249597.79691,10.10.0.10,173.194.151.108,,,41505,443,0,37,17
1589249597.809349,173.194.151.108,10.10.0.10,,,443,41505,0,1358,17
1589249597.82332,173.194.151.108,10.10.0.10,,,443,41505,0,1358,17
1589249597.825256,10.10.0.10,173.194.151.108,,,41505,443,0,37,17
1589249597.8373082,173.194.151.108,10.10.0.10,,,443,41505,0,1358,17
1589249597.851266,173.194.151.108,10.10.0.10,,,443,41505,0,1358,17
1589249597.854407,10.10.0.10,173.194.151.108,,,41505,443,0,37,17
1589249597.8652446,173.194.151.108,10.10.0.10,,,443,41505,0,1358,17
1589249597.879211,173.194.151.108,10.10.0.10,,,443,41505,0,1358,17
1589249597.8810039,10.10.0.10,173.194.151.108,,,41505,443,0,37,17
1589249597.8931892,173.194.151.108,10.10.0.10,,,443,41505,0,1358,17
1589249597.9071536,173.194.151.108,10.10.0.10,,,443,41505,0,1358,17
1589249597.9211302,173.194.151.108,10.10.0.10,,,443,41505,0,1358,17
1589249597.9351182,173.194.151.108,10.10.0.10,,,443,41505,0,1358,17
1589249597.9477706,10.10.0.10,173.194.151.108,,,41505,443,0,40,17
1589249597.948391,10.10.0.10,173.194.151.108,,,41505,443,0,40,17
1589249597.949074,173.194.151.108,10.10.0.10,,,443,41505,0,1358,17
1589249597.949128,10.10.0.10,173.194.151.108,,,41505,443,0,40,17
1589249597.9506366,10.10.0.10,173.194.151.108,,,41505,443,0,40,17
1589249597.963058,173.194.151.108,10.10.0.10,,,443,41505,0,1358,17
1589249597.9770188,173.194.151.108,10.10.0.10,,,443,41505,0,1358,17
1589249597.9786339,10.10.0.10,173.194.151.108,,,41505,443,0,40,17
1589249597.990992,173.194.151.108,10.10.0.10,,,443,41505,0,1358,17
1589249598.004964,173.194.151.108,10.10.0.10,,,443,41505,0,1358,17
1589249598.006655,10.10.0.10,173.194.151.108,,,41505,443,0,40,17
1589249598.0189376,173.194.151.108,10.10.0.10,,,443,41505,0,1358,17
1589249598.032928,173.194.151.108,10.10.0.10,,,443,41505,0,1358,17
1589249598.034655,10.10.0.10,173.194.151.108,,,41505,443,0,40,17
1589249598.0468788,173.194.151.108,10.10.0.10,,,443,41505,0,1358,17
1589249598.060865,173.194.151.108,10.10.0.10,,,443,41505,0,1358,17
1589249598.062635,10.10.0.10,173.194.151.108,,,41505,443,0,40,17
1589249598.074825,173.194.151.108,10.10.0.10,,,443,41505,0,1358,17
1589249598.088793,173.194.151.108,10.10.0.10,,,443,41505,0,1358,17
1589249598.090655,10.10.0.10,173.194.151.108,,,41505,443,0,53,17
1589249598.1027699,173.194.151.108,10.10.0.10,,,443,41505,0,1358,17
1589249598.116744,173.194.151.108,10.10.0.10,,,443,41505,0,1358,17
1589249598.118505,10.10.0.10,173.194.151.108,,,41505,443,0,40,17
1589249598.130717,173.194.151.108,10.10.0.10,,,443,41505,0,1358,17
1589249598.1446939,173.194.151.108,10.10.0.10,,,443,41505,0,1358,17
1589249598.1463811,10.10.0.10,173.194.151.108,,,41505,443,0,37,17
1589249598.158674,173.194.151.108,10.10.0.10,,,443,41505,0,1358,17
1589249598.172631,173.194.151.108,10.10.0.10,,,443,41505,0,1358,17
1589249598.1745224,10.10.0.10,173.194.151.108,,,41505,443,0,37,17
1589249598.186611,173.194.151.108,10.10.0.10,,,443,41505,0,1358,17
1589249598.200576,173.194.151.108,10.10.0.10,,,443,41505,0,1358,17
1589249598.202398,10.10.0.10,173.194.151.108,,,41505,443,0,37,17
1589249598.214548,173.194.151.108,10.10.0.10,,,443,41505,0,1358,17
1589249598.2285204,173.194.151.108,10.10.0.10,,,443,41505,0,1358,17
1589249598.2301474,10.10.0.10,173.194.151.108,,,41505,443,0,37,17
1589249598.2424948,173.194.151.108,10.10.0.10,,,443,41505,0,1358,17
1589249598.2564678,173.194.151.108,10.10.0.10,,,443,41505,0,1358,17
1589249598.25852,10.10.0.10,173.194.151.108,,,41505,443,0,37,17
1589249598.27044,173.194.151.108,10.10.0.10,,,443,41505,0,1358,17
1589249598.2844071,173.194.151.108,10.10.0.10,,,443,41505,0,1358,17
1589249598.2861302,10.10.0.10,173.194.151.108,,,41505,443,0,37,17
1589249598.298385,173.194.151.108,10.10.0.10,,,443,41505,0,1358,17
1589249598.3123572,173.194.151.108,10.10.0.10,,,443,41505,0,1358,17
1589249598.314124,10.10.0.10,173.194.151.108,,,41505,443,0,37,17
1589249598.3263268,173.194.151.108,10.10.0.10,,,443,41505,0,1358,17
1589249598.340302,173.194.151.108,10.10.0.10,,,443,41505,0,1358,17
1589249598.3422682,10.10.0.10,173.194.151.108,,,41505,443,0,37,17
1589249598.3542972,173.194.151.108,10.10.0.10,,,443,41505,0,1358,17
1589249598.368249,173.194.151.108,10.10.0.10,,,443,41505,0,1358,17
1589249598.370019,10.10.0.10,173.194.151.108,,,41505,443,0,37,17
1589249598.38223,173.194.151.108,10.10.0.10,,,443,41505,0,1358,17
1589249598.3961859,173.194.151.108,10.10.0.10,,,443,41505,0,1358,17
1589249598.3978918,10.10.0.10,173.194.151.108,,,41505,443,0,37,17
1589249598.410169,173.194.151.108,10.10.0.10,,,443,41505,0,1358,17
1589249598.424129,173.194.151.108,10.10.0.10,,,443,41505,0,1358,17
1589249598.425766,10.10.0.10,173.194.151.108,,,41505,443,0,37,17
1589249598.4381082,173.194.151.108,10.10.0.10,,,443,41505,0,1358,17
1589249598.452082,173.194.151.108,10.10.0.10,,,443,41505,0,1358,17
1589249598.4537618,10.10.0.10,173.194.151.108,,,41505,443,0,37,17
1589249598.466053,173.194.151.108,10.10.0.10,,,443,41505,0,1358,17
1589249598.480027,173.194.151.108,10.10.0.10,,,443,41505,0,1358,17
1589249598.481619,10.10.0.10,173.194.151.108,,,41505,443,0,37,17
1589249598.493997,173.194.151.108,10.10.0.10,,,443,41505,0,1358,17
1589249598.5079641,173.194.151.108,10.10.0.10,,,443,41505,0,1358,17
1589249598.509514,10.10.0.10,173.194.151.108,,,41505,443,0,37,17
1589249598.521944,173.194.151.108,10.10.0.10,,,443,41505,0,1358,17
1589249598.535916,173.194.151.108,10.10.0.10,,,443,41505,0,1358,17
1589249598.537513,10.10.0.10,173.194.151.108,,,41505,443,0,37,17
1589249598.549885,173.194.151.108,10.10.0.10,,,443,41505,0,1358,17
1589249598.563859,173.194.151.108,10.10.0.10,,,443,41505,0,1358,17
1589249598.565512,10.10.0.10,173.194.151.108,,,41505,443,0,37,17
1589249598.577831,173.194.151.108,10.10.0.10,,,443,41505,0,1358,17
1589249598.591801,173.194.151.108,10.10.0.10,,,443,41505,0,1358,17
1589249598.605767,173.194.151.108,10.10.0.10,,,443,41505,0,1358,17
1589249598.612082,10.10.0.10,173.194.151.108,,,41505,443,0,37,17
1589249598.621418,173.194.151.108,10.10.0.10,,,443,41505,0,1358,17
1589249598.623499,10.10.0.10,173.194.151.108,,,41505,443,0,37,17
1589249598.635392,173.194.151.108,10.10.0.10,,,443,41505,0,1358,17
1589249598.649366,173.194.151.108,10.10.0.10,,,443,41505,0,1358,17
1589249598.6528974,10.10.0.10,173.194.151.108,,,41505,443,0,50,17
1589249598.663336,173.194.151.108,10.10.0.10,,,443,41505,0,1358,17
1589249598.67797,173.194.151.108,10.10.0.10,,,443,41505,0,1358,17
1589249598.6802418,10.10.0.10,173.194.151.108,,,41505,443,0,37,17
1589249598.691961,173.194.151.108,10.10.0.10,,,443,41505,0,1358,17
1589249598.7059171,173.194.151.108,10.10.0.10,,,443,41505,0,1358,17
1589249598.707633,10.10.0.10,173.194.151.108,,,41505,443,0,37,17
1589249598.7199068,173.194.151.108,10.10.0.10,,,443,41505,0,1358,17
1589249598.7338614,173.194.151.108,10.10.0.10,,,443,41505,0,1358,17
1589249598.735483,10.10.0.10,173.194.151.108,,,41505,443,0,37,17
1589249598.7478359,173.194.151.108,10.10.0.10,,,443,41505,0,1358,17
1589249598.7624292,173.194.151.108,10.10.0.10,,,443,41505,0,1358,17
1589249598.7662275,10.10.0.10,173.194.151.108,,,41505,443,0,37,17
1589249598.7764,173.194.151.108,10.10.0.10,,,443,41505,0,1358,17
1589249598.7903802,173.194.151.108,10.10.0.10,,,443,41505,0,1358,17
1589249598.798238,10.10.0.10,173.194.151.108,,,41505,443,0,37,17
1589249598.80435,173.194.151.108,10.10.0.10,,,443,41505,0,1358,17
1589249598.818324,173.194.151.108,10.10.0.10,,,443,41505,0,1358,17
1589249598.8198588,10.10.0.10,173.194.151.108,,,41505,443,0,37,17
1589249598.8322961,173.194.151.108,10.10.0.10,,,443,41505,0,1358,17
1589249598.846267,173.194.151.108,10.10.0.10,,,443,41505,0,1358,17
1589249598.847818,10.10.0.10,173.194.151.108,,,41505,443,0,37,17
1589249598.86024,173.194.151.108,10.10.0.10,,,443,41505,0,1358,17
1589249598.8742151,173.194.151.108,10.10.0.10,,,443,41505,0,1358,17
1589249598.876858,10.10.0.10,173.194.151.108,,,41505,443,0,37,17
1589249598.8881788,173.194.151.108,10.10.0.10,,,443,41505,0,1358,17
1589249598.902158,173.194.151.108,10.10.0.10,,,443,41505,0,1358,17
1589249598.9043891,10.10.0.10,173.194.151.108,,,41505,443,0,37,17
1589249598.9161284,173.194.151.108,10.10.0.10,,,443,41505,0,1358,17
1589249598.9301028,173.194.151.108,10.10.0.10,,,443,41505,0,1358,17
1589249598.933356,10.10.0.10,173.194.151.108,,,41505,443,0,37,17
1589249598.9440699,173.194.151.108,10.10.0.10,,,443,41505,0,1358,17
1589249598.9580472,173.194.151.108,10.10.0.10,,,443,41505,0,1358,17
1589249598.9597359,10.10.0.10,173.194.151.108,,,41505,443,0,37,17
1589249598.972019,173.194.151.108,10.10.0.10,,,443,41505,0,1358,17
1589249598.9876678,173.194.151.108,10.10.0.10,,,443,41505,0,1358,17
1589249599.0016534,173.194.151.108,10.10.0.10,,,443,41505,0,1358,17
1589249599.015613,173.194.151.108,10.10.0.10,,,443,41505,0,1358,17
1589249599.0295868,173.194.151.108,10.10.0.10,,,443,41505,0,1358,17
1589249599.043559,173.194.151.108,10.10.0.10,,,443,41505,0,1358,17
1589249599.0575304,173.194.151.108,10.10.0.10,,,443,41505,0,1358,17
1589249599.0715199,173.194.151.108,10.10.0.10,,,443,41505,0,1358,17
1589249599.097625,10.10.0.10,173.194.151.108,,,41505,443,0,40,17
1589249599.0987456,10.10.0.10,173.194.151.108,,,41505,443,0,40,17
1589249599.0987716,10.10.0.10,173.194.151.108,,,41505,443,0,40,17
1589249599.1023722,10.10.0.10,173.194.151.108,,,41505,443,0,40,17
1589249599.1037366,173.194.151.108,10.10.0.10,,,443,41505,0,1358,17
1589249599.1058738,10.10.0.10,173.194.151.108,,,41505,443,0,40,17
1589249599.110879,173.194.151.108,10.10.0.10,,,443,41505,0,1358,17
1589249599.115647,173.194.151.108,10.10.0.10,,,443,41505,0,1358,17
1589249599.117496,10.10.0.10,173.194.151.108,,,41505,443,0,40,17
1589249599.1296039,173.194.151.108,10.10.0.10,,,443,41505,0,1358,17
1589249599.143585,173.194.151.108,10.10.0.10,,,443,41505,0,1358,17
1589249599.145215,10.10.0.10,173.194.151.108,,,41505,443,0,40,17
1589249599.1575482,173.194.151.108,10.10.0.10,,,443,41505,0,1358,17
1589249599.1715221,173.194.151.108,10.10.0.10,,,443,41505,0,1358,17
1589249599.1757245,10.10.0.10,173.194.151.108,,,41505,443,0,40,17
1589249599.1854918,173.194.151.108,10.10.0.10,,,443,41505,0,1358,17
1589249599.199465,173.194.151.108,10.10.0.10,,,443,41505,0,1358,17
1589249599.201349,10.10.0.10,173.194.151.108,,,41505,443,0,53,17
1589249599.213438,173.194.151.108,10.10.0.10,,,443,41505,0,1358,17
1589249599.2274108,173.194.151.108,10.10.0.10,,,443,41505,0,1358,17
1589249599.2413974,173.194.151.108,10.10.0.10,,,443,41505,0,1358,17
1589249599.2553554,173.194.151.108,10.10.0.10,,,443,41505,0,1358,17
1589249599.2693286,173.194.151.108,10.10.0.10,,,443,41505,0,1358,17
1589249599.283298,173.194.151.108,10.10.0.10,,,443,41505,0,1358,17
1589249599.297272,173.194.151.108,10.10.0.10,,,443,41505,0,1358,17
1589249599.311266,173.194.151.108,10.10.0.10,,,443,41505,0,1358,17
1589249599.3133519,10.10.0.10,173.194.151.108,,,41505,443,0,42,17
1589249599.3133812,10.10.0.10,173.194.151.108,,,41505,443,0,42,17
1589249599.3148649,10.10.0.10,173.194.151.108,,,41505,443,0,42,17
1589249599.3159714,10.10.0.10,173.194.151.108,,,41505,443,0,42,17
1589249599.319116,10.10.0.10,173.194.151.108,,,41505,443,0,42,17
1589249599.325217,173.194.151.108,10.10.0.10,,,443,41505,0,1358,17
1589249599.326992,10.10.0.10,173.194.151.108,,,41505,443,0,40,17
1589249599.3392036,173.194.151.108,10.10.0.10,,,443,41505,0,1358,17
1589249599.3548381,173.194.151.108,10.10.0.10,,,443,41505,0,1358,17
1589249599.357612,10.10.0.10,173.194.151.108,,,41505,443,0,40,17
1589249599.368826,173.194.151.108,10.10.0.10,,,443,41505,0,1358,17
1589249599.382782,173.194.151.108,10.10.0.10,,,443,41505,0,1358,17
1589249599.3843632,10.10.0.10,173.194.151.108,,,41505,443,0,40,17
1589249599.3967538,173.194.151.108,10.10.0.10,,,443,41505,0,1358,17
1589249599.410729,173.194.151.108,10.10.0.10,,,443,41505,0,1358,17
1589249599.412344,10.10.0.10,173.194.151.108,,,41505,443,0,40,17
1589249599.4247026,173.194.151.108,10.10.0.10,,,443,41505,0,1358,17
1589249599.4386759,173.194.151.108,10.10.0.10,,,443,41505,0,1358,17
1589249599.4404874,10.10.0.10,173.194.151.108,,,41505,443,0,40,17
1589249599.4526489,173.194.151.108,10.10.0.10,,,443,41505,0,1358,17
1589249599.4666364,173.194.151.108,10.10.0.10,,,443,41505,0,1358,17
1589249599.4683628,10.10.0.10,173.194.151.108,,,41505,443,0,40,17
1589249599.4805892,173.194.151.108,10.10.0.10,,,443,41505,0,1358,17
1589249599.4945722,173.194.151.108,10.10.0.10,,,443,41505,0,1358,17
1589249599.49609,10.10.0.10,173.194.151.108,,,41505,443,0,40,17
1589249599.5085359,173.194.151.108,10.10.0.10,,,443,41505,0,1358,17
1589249599.522514,173.194.151.108,10.10.0.10,,,443,41505,0,1358,17
1589249599.524484,10.10.0.10,173.194.151.108,,,41505,443,0,40,17
1589249599.5364811,173.194.151.108,10.10.0.10,,,443,41505,0,1358,17
1589249599.5504518,173.194.151.108,10.10.0.10,,,443,41505,0,1358,17
1589249599.5543306,10.10.0.10,173.194.151.108,,,41505,443,0,40,17
1589249599.564425,173.194.151.108,10.10.0.10,,,443,41505,0,1358,17
1589249599.578397,173.194.151.108,10.10.0.10,,,443,41505,0,1358,17
1589249599.579965,10.10.0.10,173.194.151.108,,,41505,443,0,40,17
1589249599.5927901,173.194.151.108,10.10.0.10,,,443,41505,0,1358,17
1589249599.606764,173.194.151.108,10.10.0.10,,,443,41505,0,1358,17
1589249599.620733,173.194.151.108,10.10.0.10,,,443,41505,0,1358,17
1589249599.634708,173.194.151.108,10.10.0.10,,,443,41505,0,1358,17
1589249599.64868,173.194.151.108,10.10.0.10,,,443,41505,0,1358,17
1589249599.6626532,173.194.151.108,10.10.0.10,,,443,41505,0,1358,17
1589249599.6766202,173.194.151.108,10.10.0.10,,,443,41505,0,1358,17
1589249599.688601,10.10.0.10,173.194.151.108,,,41505,443,0,42,17
1589249599.689585,10.10.0.10,173.194.151.108,,,41505,443,0,42,17
1589249599.690598,173.194.151.108,10.10.0.10,,,443,41505,0,1358,17
1589249599.6931882,10.10.0.10,173.194.151.108,,,41505,443,0,42,17
1589249599.693482,10.10.0.10,173.194.151.108,,,41505,443,0,42,17
1589249599.694847,10.10.0.10,173.194.151.108,,,41505,443,0,55,17
1589249599.7045708,173.194.151.108,10.10.0.10,,,443,41505,0,1358,17
1589249599.7185411,173.194.151.108,10.10.0.10,,,443,41505,0,1358,17
1589249599.7200851,10.10.0.10,173.194.151.108,,,41505,443,0,42,17
1589249599.7325158,173.194.151.108,10.10.0.10,,,443,41505,0,1358,17
1589249599.7464828,173.194.151.108,10.10.0.10,,,443,41505,0,29,17
1589249599.747118,173.194.151.108,10.10.0.10,,,443,41505,0,1358,17
1589249599.7490852,10.10.0.10,173.194.151.108,,,41505,443,0,37,17
1589249599.761092,173.194.151.108,10.10.0.10,,,443,41505,0,1358,17
1589249599.775059,173.194.151.108,10.10.0.10,,,443,41505,0,1358,17
1589249599.7766776,10.10.0.10,173.194.151.108,,,41505,443,0,37,17
1589249599.7890372,173.194.151.108,10.10.0.10,,,443,41505,0,1358,17
1589249599.803015,173.194.151.108,10.10.0.10,,,443,41505,0,1358,17
1589249599.8051028,10.10.0.10,173.194.151.108,,,41505,443,0,37,17
1589249599.816977,173.194.151.108,10.10.0.10,,,443,41505,0,1358,17
1589249599.8309562,173.194.151.108,10.10.0.10,,,443,41505,0,1358,17
1589249599.832603,10.10.0.10,173.194.151.108,,,41505,443,0,37,17
1589249599.8449252,173.194.151.108,10.10.0.10,,,443,41505,0,1358,17
1589249599.8588982,173.194.151.108,10.10.0.10,,,443,41505,0,1358,17
1589249599.8660922,10.10.0.10,173.194.151.108,,,41505,443,0,37,17
1589249599.8728788,173.194.151.108,10.10.0.10,,,443,41505,0,1358,17
1589249599.8868446,173.194.151.108,10.10.0.10,,,443,41505,0,1358,17
1589249599.890224,10.10.0.10,173.194.151.108,,,41505,443,0,37,17
1589249599.900817,173.194.151.108,10.10.0.10,,,443,41505,0,1358,17
1589249599.9147892,173.194.151.108,10.10.0.10,,,443,41505,0,1358,17
1589249599.9167054,10.10.0.10,173.194.151.108,,,41505,443,0,37,17
1589249599.928762,173.194.151.108,10.10.0.10,,,443,41505,0,1358,17
1589249599.94275,173.194.151.108,10.10.0.10,,,443,41505,0,1358,17
1589249599.944474,10.10.0.10,173.194.151.108,,,41505,443,0,37,17
1589249599.9567056,173.194.151.108,10.10.0.10,,,443,41505,0,1358,17
1589249599.9706864,173.194.151.108,10.10.0.10,,,443,41505,0,1358,17
1589249599.974097,10.10.0.10,173.194.151.108,,,41505,443,0,37,17
1589249599.984649,173.194.151.108,10.10.0.10,,,443,41505,0,1358,17
1589249599.9871054,10.10.0.10,173.194.151.108,,,41505,443,0,40,17
1589249599.998624,173.194.151.108,10.10.0.10,,,443,41505,0,1358,17
1589249600.00172,10.10.0.10,173.194.151.108,,,41505,443,0,37,17
1589249600.012594,173.194.151.108,10.10.0.10,,,443,41505,0,1358,17
1589249600.026567,173.194.151.108,10.10.0.10,,,443,41505,0,1358,17
1589249600.0405412,173.194.151.108,10.10.0.10,,,443,41505,0,1358,17
1589249600.054513,173.194.151.108,10.10.0.10,,,443,41505,0,1358,17
1589249600.068496,173.194.151.108,10.10.0.10,,,443,41505,0,1358,17
1589249600.082456,173.194.151.108,10.10.0.10,,,443,41505,0,1358,17
1589249600.09643,173.194.151.108,10.10.0.10,,,443,41505,0,1358,17
1589249600.099447,10.10.0.10,173.194.151.108,,,41505,443,0,40,17
1589249600.099473,10.10.0.10,173.194.151.108,,,41505,443,0,40,17
1589249600.1003332,10.10.0.10,173.194.151.108,,,41505,443,0,40,17
1589249600.1039119,10.10.0.10,173.194.151.108,,,41505,443,0,40,17
1589249600.110401,173.194.151.108,10.10.0.10,,,443,41505,0,1358,17
1589249600.112947,10.10.0.10,173.194.151.108,,,41505,443,0,40,17
1589249600.124375,173.194.151.108,10.10.0.10,,,443,41505,0,1358,17
1589249600.1383722,173.194.151.108,10.10.0.10,,,443,41505,0,1358,17
1589249600.139949,10.10.0.10,173.194.151.108,,,41505,443,0,40,17
1589249600.152319,173.194.151.108,10.10.0.10,,,443,41505,0,1358,17
1589249600.1663039,173.194.151.108,10.10.0.10,,,443,41505,0,1358,17
1589249600.168446,10.10.0.10,173.194.151.108,,,41505,443,0,40,17
1589249600.180264,173.194.151.108,10.10.0.10,,,443,41505,0,1358,17
1589249600.1942446,173.194.151.108,10.10.0.10,,,443,41505,0,1358,17
1589249600.197337,10.10.0.10,173.194.151.108,,,41505,443,0,53,17
1589249600.208216,173.194.151.108,10.10.0.10,,,443,41505,0,1358,17
1589249600.222182,173.194.151.108,10.10.0.10,,,443,41505,0,1358,17
1589249600.22432,10.10.0.10,173.194.151.108,,,41505,443,0,40,17
1589249600.236153,173.194.151.108,10.10.0.10,,,443,41505,0,1358,17
1589249600.2501268,173.194.151.108,10.10.0.10,,,443,41505,0,1358,17
1589249600.251838,10.10.0.10,173.194.151.108,,,41505,443,0,40,17
1589249600.264096,173.194.151.108,10.10.0.10,,,443,41505,0,1358,17
1589249600.278072,173.194.151.108,10.10.0.10,,,443,41505,0,1358,17
1589249600.2920508,173.194.151.108,10.10.0.10,,,443,41505,0,1358,17
1589249600.306014,173.194.151.108,10.10.0.10,,,443,41505,0,1358,17
1589249600.319985,173.194.151.108,10.10.0.10,,,443,41505,0,1358,17
1589249600.33396,173.194.151.108,10.10.0.10,,,443,41505,0,1358,17
1589249600.347948,173.194.151.108,10.10.0.10,,,443,41505,0,1358,17
1589249600.361904,173.194.151.108,10.10.0.10,,,443,41505,0,1358,17
1589249600.3758776,173.194.151.108,10.10.0.10,,,443,41505,0,1358,17
1589249600.3898618,173.194.151.108,10.10.0.10,,,443,41505,0,1358,17
1589249600.4129634,10.10.0.10,173.194.151.108,,,41505,443,0,42,17
1589249600.4135902,10.10.0.10,173.194.151.108,,,41505,443,0,40,17
1589249600.414175,10.10.0.10,173.194.151.108,,,41505,443,0,40,17
1589249600.415584,10.10.0.10,173.194.151.108,,,41505,443,0,40,17
1589249600.418952,173.194.151.108,10.10.0.10,,,443,41505,0,1358,17
1589249600.4198382,10.10.0.10,173.194.151.108,,,41505,443,0,40,17
1589249600.421208,10.10.0.10,173.194.151.108,,,41505,443,0,40,17
1589249600.4245071,173.194.151.108,10.10.0.10,,,443,41505,0,1358,17
1589249600.431768,173.194.151.108,10.10.0.10,,,443,41505,0,1358,17
1589249600.4334588,10.10.0.10,173.194.151.108,,,41505,443,0,40,17
1589249600.4457386,173.194.151.108,10.10.0.10,,,443,41505,0,1358,17
1589249600.4597318,173.194.151.108,10.10.0.10,,,443,41505,0,1358,17
1589249600.461584,10.10.0.10,173.194.151.108,,,41505,443,0,40,17
1589249600.4736838,173.194.151.108,10.10.0.10,,,443,41505,0,1358,17
1589249600.4876704,173.194.151.108,10.10.0.10,,,443,41505,0,1358,17
1589249600.4896948,10.10.0.10,173.194.151.108,,,41505,443,0,40,17
1589249600.50163,173.194.151.108,10.10.0.10,,,443,41505,0,1358,17
1589249600.515609,173.194.151.108,10.10.0.10,,,443,41505,0,1358,17
1589249600.5173118,10.10.0.10,173.194.151.108,,,41505,443,0,40,17
1589249600.5295732,173.194.151.108,10.10.0.10,,,443,41505,0,1358,17
1589249600.543545,173.194.151.108,10.10.0.10,,,443,41505,0,1358,17
1589249600.545312,10.10.0.10,173.194.151.108,,,41505,443,0,40,17
1589249600.557518,173.194.151.108,10.10.0.10,,,443,41505,0,1358,17
1589249600.571917,173.194.151.108,10.10.0.10,,,443,41505,0,1358,17
1589249600.5736835,10.10.0.10,173.194.151.108,,,41505,443,0,40,17
1589249600.585885,173.194.151.108,10.10.0.10,,,443,41505,0,1358,17
1589249600.5998578,173.194.151.108,10.10.0.10,,,443,41505,0,1358,17
1589249600.6019342,10.10.0.10,173.194.151.108,,,41505,443,0,40,17
1589249600.6138294,173.194.151.108,10.10.0.10,,,443,41505,0,1358,17
1589249600.6278028,173.194.151.108,10.10.0.10,,,443,41505,0,1358,17
1589249600.6417706,173.194.151.108,10.10.0.10,,,443,41505,0,1358,17
1589249600.6557472,173.194.151.108,10.10.0.10,,,443,41505,0,1358,17
1589249600.669729,173.194.151.108,10.10.0.10,,,443,41505,0,1358,17
1589249600.6836932,173.194.151.108,10.10.0.10,,,443,41505,0,1358,17
1589249600.697663,173.194.151.108,10.10.0.10,,,443,41505,0,1358,17
1589249600.699812,10.10.0.10,173.194.151.108,,,41505,443,0,42,17
1589249600.699844,10.10.0.10,173.194.151.108,,,41505,443,0,42,17
1589249600.7018301,10.10.0.10,173.194.151.108,,,41505,443,0,42,17
1589249600.7018561,10.10.0.10,173.194.151.108,,,41505,443,0,42,17
1589249600.711642,173.194.151.108,10.10.0.10,,,443,41505,0,1358,17
1589249600.713204,10.10.0.10,173.194.151.108,,,41505,443,0,55,17
1589249600.7256026,173.194.151.108,10.10.0.10,,,443,41505,0,1358,17
1589249600.739584,173.194.151.108,10.10.0.10,,,443,41505,0,1358,17
1589249600.7416801,10.10.0.10,173.194.151.108,,,41505,443,0,42,17
1589249600.7535546,173.194.151.108,10.10.0.10,,,443,41505,0,1358,17
1589249600.768552,173.194.151.108,10.10.0.10,,,443,41505,0,1358,17
1589249600.770941,10.10.0.10,173.194.151.108,,,41505,443,0,42,17
1589249600.782535,173.194.151.108,10.10.0.10,,,443,41505,0,1358,17
1589249600.7964995,173.194.151.108,10.10.0.10,,,443,41505,0,1358,17
1589249600.798199,10.10.0.10,173.194.151.108,,,41505,443,0,37,17
1589249600.810479,173.194.151.108,10.10.0.10,,,443,41505,0,1358,17
1589249600.8244698,173.194.151.108,10.10.0.10,,,443,41505,0,1358,17
1589249600.8260438,10.10.0.10,173.194.151.108,,,41505,443,0,37,17
1589249600.838422,173.194.151.108,10.10.0.10,,,443,41505,0,1358,17
1589249600.852409,173.194.151.108,10.10.0.10,,,443,41505,0,1358,17
1589249600.8551948,10.10.0.10,173.194.151.108,,,41505,443,0,37,17
1589249600.866367,173.194.151.108,10.10.0.10,,,443,41505,0,1358,17
1589249600.8803492,173.194.151.108,10.10.0.10,,,443,41505,0,1358,17
1589249600.894311,173.194.151.108,10.10.0.10,,,443,41505,0,1358,17
1589249600.9082842,173.194.151.108,10.10.0.10,,,443,41505,0,1358,17
1589249600.922256,173.194.151.108,10.10.0.10,,,443,41505,0,1358,17
1589249600.9362278,173.194.151.108,10.10.0.10,,,443,41505,0,1358,17
1589249600.950218,173.194.151.108,10.10.0.10,,,443,41505,0,1358,17
1589249600.964173,173.194.151.108,10.10.0.10,,,443,41505,0,1358,17
1589249600.978157,173.194.151.108,10.10.0.10,,,443,41505,0,1358,17
1589249600.992112,173.194.151.108,10.10.0.10,,,443,41505,0,1358,17
1589249601.006097,173.194.151.108,10.10.0.10,,,443,41505,0,390,17
1589249601.0205526,10.10.0.10,173.194.151.108,,,41505,443,0,37,17
1589249601.045424,10.10.0.10,173.194.151.108,,,41505,443,0,40,17
1589249601.046443,10.10.0.10,173.194.151.108,,,41505,443,0,40,17
1589249601.046816,10.10.0.10,173.194.151.108,,,41505,443,0,40,17
1589249601.048318,10.10.0.10,173.194.151.108,,,41505,443,0,40,17
1589249601.050441,10.10.0.10,173.194.151.108,,,41505,443,0,40,17
1589249601.0517938,173.194.151.108,10.10.0.10,,,443,41505,0,1358,17
1589249601.05544,10.10.0.10,173.194.151.108,,,41505,443,0,40,17
1589249601.058929,173.194.151.108,10.10.0.10,,,443,41505,0,1358,17
1589249601.0647972,173.194.151.108,10.10.0.10,,,443,41505,0,1358,17
1589249601.0664198,10.10.0.10,173.194.151.108,,,41505,443,0,40,17
1589249604.3025901,10.10.0.10,173.194.151.108,,,41505,443,0,723,17
1589249604.3026216,10.10.0.10,173.194.151.108,,,41505,443,0,48,17
1589249604.3064866,173.194.151.108,10.10.0.10,,,443,41505,0,35,17
1589249604.3070204,173.194.151.108,10.10.0.10,,,443,41505,0,115,17
1589249604.307051,173.194.151.108,10.10.0.10,,,443,41505,0,1358,17
1589249604.3070755,173.194.151.108,10.10.0.10,,,443,41505,0,1358,17
1589249604.310096,10.10.0.10,173.194.151.108,,,41505,443,0,37,17
1589249604.310121,10.10.0.10,173.194.151.108,,,41505,443,0,37,17
1589249604.320592,173.194.151.108,10.10.0.10,,,443,41505,0,1358,17
1589249604.3345554,173.194.151.108,10.10.0.10,,,443,41505,0,1358,17
1589249604.336101,10.10.0.10,173.194.151.108,,,41505,443,0,37,17
1589249604.3485134,173.194.151.108,10.10.0.10,,,443,41505,0,1358,17
1589249604.362489,173.194.151.108,10.10.0.10,,,443,41505,0,1358,17
1589249604.364199,10.10.0.10,173.194.151.108,,,41505,443,0,37,17
1589249604.376457,173.194.151.108,10.10.0.10,,,443,41505,0,1358,17
1589249604.3904321,173.194.151.108,10.10.0.10,,,443,41505,0,1358,17
1589249604.3922188,10.10.0.10,173.194.151.108,,,41505,443,0,37,17
1589249604.404403,173.194.151.108,10.10.0.10,,,443,41505,0,1358,17
1589249604.4183722,173.194.151.108,10.10.0.10,,,443,41505,0,1358,17
1589249604.419974,10.10.0.10,173.194.151.108,,,41505,443,0,37,17
1589249604.432345,173.194.151.108,10.10.0.10,,,443,41505,0,1358,17
1589249604.446322,173.194.151.108,10.10.0.10,,,443,41505,0,1358,17
1589249604.460289,173.194.151.108,10.10.0.10,,,443,41505,0,1358,17
1589249604.4742658,173.194.151.108,10.10.0.10,,,443,41505,0,1358,17
1589249604.4882462,173.194.151.108,10.10.0.10,,,443,41505,0,1358,17
1589249604.499093,10.10.0.10,173.194.151.108,,,41505,443,0,40,17
1589249604.501704,10.10.0.10,173.194.151.108,,,41505,443,0,40,17
1589249604.50173,10.10.0.10,173.194.151.108,,,41505,443,0,40,17
1589249604.5022109,173.194.151.108,10.10.0.10,,,443,41505,0,1358,17
1589249604.5038428,10.10.0.10,173.194.151.108,,,41505,443,0,40,17
1589249604.516184,173.194.151.108,10.10.0.10,,,443,41505,0,1358,17
1589249604.5301561,173.194.151.108,10.10.0.10,,,443,41505,0,1358,17
1589249604.531971,10.10.0.10,173.194.151.108,,,41505,443,0,40,17
1589249604.544129,173.194.151.108,10.10.0.10,,,443,41505,0,1358,17
1589249604.5581148,173.194.151.108,10.10.0.10,,,443,41505,0,1358,17
1589249604.559692,10.10.0.10,173.194.151.108,,,41505,443,0,40,17
1589249604.572073,173.194.151.108,10.10.0.10,,,443,41505,0,1358,17
1589249604.586051,173.194.151.108,10.10.0.10,,,443,41505,0,1358,17
1589249604.5876932,10.10.0.10,173.194.151.108,,,41505,443,0,40,17
1589249604.600015,173.194.151.108,10.10.0.10,,,443,41505,0,1358,17
1589249604.613992,173.194.151.108,10.10.0.10,,,443,41505,0,1358,17
1589249604.6168108,10.10.0.10,173.194.151.108,,,41505,443,0,40,17
1589249604.627959,173.194.151.108,10.10.0.10,,,443,41505,0,1358,17
1589249604.6419306,173.194.151.108,10.10.0.10,,,443,41505,0,1358,17
1589249604.643799,10.10.0.10,173.194.151.108,,,41505,443,0,40,17
1589249604.655935,173.194.151.108,10.10.0.10,,,443,41505,0,1358,17
1589249604.6698759,173.194.151.108,10.10.0.10,,,443,41505,0,1358,17
1589249604.67156,10.10.0.10,173.194.151.108,,,41505,443,0,40,17
1589249604.6838508,173.194.151.108,10.10.0.10,,,443,41505,0,1358,17
1589249604.697826,173.194.151.108,10.10.0.10,,,443,41505,0,1358,17
1589249604.711792,173.194.151.108,10.10.0.10,,,443,41505,0,1358,17
1589249604.7257721,173.194.151.108,10.10.0.10,,,443,41505,0,1358,17
1589249604.739738,173.194.151.108,10.10.0.10,,,443,41505,0,1358,17
1589249604.7537134,173.194.151.108,10.10.0.10,,,443,41505,0,1358,17
1589249604.7577894,10.10.0.10,173.194.151.108,,,41505,443,0,40,17
1589249604.75916,10.10.0.10,173.194.151.108,,,41505,443,0,40,17
1589249604.760793,10.10.0.10,173.194.151.108,,,41505,443,0,40,17
1589249604.7676828,173.194.151.108,10.10.0.10,,,443,41505,0,1358,17
1589249604.781656,173.194.151.108,10.10.0.10,,,443,41505,0,1358,17
1589249604.783336,10.10.0.10,173.194.151.108,,,41505,443,0,53,17
1589249604.7956321,173.194.151.108,10.10.0.10,,,443,41505,0,1358,17
1589249604.809608,173.194.151.108,10.10.0.10,,,443,41505,0,1358,17
1589249604.811196,10.10.0.10,173.194.151.108,,,41505,443,0,40,17
1589249604.823575,173.194.151.108,10.10.0.10,,,443,41505,0,1358,17
1589249604.8375509,173.194.151.108,10.10.0.10,,,443,41505,0,1358,17
1589249604.8390498,10.10.0.10,173.194.151.108,,,41505,443,0,40,17
1589249604.8515198,173.194.151.108,10.10.0.10,,,443,41505,0,1358,17
1589249604.865491,173.194.151.108,10.10.0.10,,,443,41505,0,1358,17
1589249604.867184,10.10.0.10,173.194.151.108,,,41505,443,0,40,17
1589249604.879478,173.194.151.108,10.10.0.10,,,443,41505,0,1358,17
1589249604.8934338,173.194.151.108,10.10.0.10,,,443,41505,0,1358,17
1589249604.8956852,10.10.0.10,173.194.151.108,,,41505,443,0,40,17
1589249604.907416,173.194.151.108,10.10.0.10,,,443,41505,0,1358,17
1589249604.9213822,173.194.151.108,10.10.0.10,,,443,41505,0,1358,17
1589249604.923328,10.10.0.10,173.194.151.108,,,41505,443,0,37,17
1589249604.935354,173.194.151.108,10.10.0.10,,,443,41505,0,1358,17
1589249604.949327,173.194.151.108,10.10.0.10,,,443,41505,0,1358,17
1589249604.9509318,10.10.0.10,173.194.151.108,,,41505,443,0,37,17
1589249604.9632988,173.194.151.108,10.10.0.10,,,443,41505,0,1358,17
1589249604.977288,173.194.151.108,10.10.0.10,,,443,41505,0,1358,17
1589249604.985706,10.10.0.10,173.194.151.108,,,41505,443,0,37,17
1589249604.991245,173.194.151.108,10.10.0.10,,,443,41505,0,1358,17
1589249605.0052311,173.194.151.108,10.10.0.10,,,443,41505,0,1358,17
1589249605.0066972,10.10.0.10,173.194.151.108,,,41505,443,0,37,17
1589249605.019193,173.194.151.108,10.10.0.10,,,443,41505,0,1358,17
1589249605.0331652,173.194.151.108,10.10.0.10,,,443,41505,0,1358,17
1589249605.0348241,10.10.0.10,173.194.151.108,,,41505,443,0,37,17
1589249605.0471342,173.194.151.108,10.10.0.10,,,443,41505,0,1358,17
1589249605.0611012,173.194.151.108,10.10.0.10,,,443,41505,0,1358,17
1589249605.062824,10.10.0.10,173.194.151.108,,,41505,443,0,37,17
1589249605.075098,173.194.151.108,10.10.0.10,,,443,41505,0,1358,17
1589249605.0890498,173.194.151.108,10.10.0.10,,,443,41505,0,1358,17
1589249605.090689,10.10.0.10,173.194.151.108,,,41505,443,0,37,17
1589249605.103035,173.194.151.108,10.10.0.10,,,443,41505,0,1358,17
1589249605.1169946,173.194.151.108,10.10.0.10,,,443,41505,0,1358,17
1589249605.1187027,10.10.0.10,173.194.151.108,,,41505,443,0,37,17
1589249605.130974,173.194.151.108,10.10.0.10,,,443,41505,0,1358,17
1589249605.144943,173.194.151.108,10.10.0.10,,,443,41505,0,1358,17
1589249605.1589158,173.194.151.108,10.10.0.10,,,443,41505,0,1358,17
1589249605.1728866,173.194.151.108,10.10.0.10,,,443,41505,0,1358,17
1589249605.186857,173.194.151.108,10.10.0.10,,,443,41505,0,1358,17
1589249605.2008471,173.194.151.108,10.10.0.10,,,443,41505,0,1358,17
1589249605.214802,173.194.151.108,10.10.0.10,,,443,41505,0,1358,17
1589249605.2205448,10.10.0.10,173.194.151.108,,,41505,443,0,40,17
1589249605.2214448,10.10.0.10,173.194.151.108,,,41505,443,0,40,17
1589249605.2260695,10.10.0.10,173.194.151.108,,,41505,443,0,40,17
1589249605.2260964,10.10.0.10,173.194.151.108,,,41505,443,0,40,17
1589249605.2287831,173.194.151.108,10.10.0.10,,,443,41505,0,1358,17
1589249605.2322981,10.10.0.10,173.194.151.108,,,41505,443,0,40,17
1589249605.242746,173.194.151.108,10.10.0.10,,,443,41505,0,1358,17
1589249605.2567232,173.194.151.108,10.10.0.10,,,443,41505,0,1358,17
1589249605.258438,10.10.0.10,173.194.151.108,,,41505,443,0,40,17
1589249605.270692,173.194.151.108,10.10.0.10,,,443,41505,0,1358,17
1589249605.2846668,173.194.151.108,10.10.0.10,,,443,41505,0,1358,17
1589249605.2864249,10.10.0.10,173.194.151.108,,,41505,443,0,40,17
1589249605.2986374,173.194.151.108,10.10.0.10,,,443,41505,0,1358,17
1589249605.312609,173.194.151.108,10.10.0.10,,,443,41505,0,1358,17
1589249605.3141706,10.10.0.10,173.194.151.108,,,41505,443,0,53,17
1589249605.326577,173.194.151.108,10.10.0.10,,,443,41505,0,1358,17
1589249605.3405561,173.194.151.108,10.10.0.10,,,443,41505,0,1358,17
1589249605.3425481,10.10.0.10,173.194.151.108,,,41505,443,0,40,17
1589249605.354529,173.194.151.108,10.10.0.10,,,443,41505,0,1358,17
1589249605.3684988,173.194.151.108,10.10.0.10,,,443,41505,0,1358,17
1589249605.3702948,10.10.0.10,173.194.151.108,,,41505,443,0,40,17
1589249605.382471,173.194.151.108,10.10.0.10,,,443,41505,0,1358,17
1589249605.396466,173.194.151.108,10.10.0.10,,,443,41505,0,1358,17
1589249605.398794,10.10.0.10,173.194.151.108,,,41505,443,0,40,17
1589249605.410418,173.194.151.108,10.10.0.10,,,443,41505,0,1358,17
1589249605.424403,173.194.151.108,10.10.0.10,,,443,41505,0,1358,17
1589249605.43292,10.10.0.10,173.194.151.108,,,41505,443,0,40,17
1589249605.4383562,173.194.151.108,10.10.0.10,,,443,41505,0,1358,17
1589249605.4523325,173.194.151.108,10.10.0.10,,,443,41505,0,1358,17
1589249605.4540439,10.10.0.10,173.194.151.108,,,41505,443,0,37,17
1589249605.466308,173.194.151.108,10.10.0.10,,,443,41505,0,1358,17
1589249605.4802828,173.194.151.108,10.10.0.10,,,443,41505,0,1358,17
1589249605.481936,10.10.0.10,173.194.151.108,,,41505,443,0,37,17
1589249605.4942534,173.194.151.108,10.10.0.10,,,443,41505,0,1358,17
1589249605.5082269,173.194.151.108,10.10.0.10,,,443,41505,0,1358,17
1589249605.510068,10.10.0.10,173.194.151.108,,,41505,443,0,37,17
1589249605.5222108,173.194.151.108,10.10.0.10,,,443,41505,0,1358,17
1589249605.536169,173.194.151.108,10.10.0.10,,,443,41505,0,1358,17
1589249605.537936,10.10.0.10,173.194.151.108,,,41505,443,0,37,17
1589249605.5501368,173.194.151.108,10.10.0.10,,,443,41505,0,1358,17
1589249605.564108,173.194.151.108,10.10.0.10,,,443,41505,0,1358,17
1589249605.565774,10.10.0.10,173.194.151.108,,,41505,443,0,37,17
1589249605.5780818,173.194.151.108,10.10.0.10,,,443,41505,0,1358,17
1589249605.592054,173.194.151.108,10.10.0.10,,,443,41505,0,1358,17
1589249605.5984151,10.10.0.10,173.194.151.108,,,41505,443,0,37,17
1589249605.606027,173.194.151.108,10.10.0.10,,,443,41505,0,1358,17
1589249605.619998,173.194.151.108,10.10.0.10,,,443,41505,0,1358,17
1589249605.6214988,10.10.0.10,173.194.151.108,,,41505,443,0,37,17
1589249605.6339734,173.194.151.108,10.10.0.10,,,443,41505,0,1358,17
1589249605.64796,173.194.151.108,10.10.0.10,,,443,41505,0,1358,17
1589249605.649401,10.10.0.10,173.194.151.108,,,41505,443,0,37,17
1589249605.6619165,173.194.151.108,10.10.0.10,,,443,41505,0,1358,17
1589249605.6759012,173.194.151.108,10.10.0.10,,,443,41505,0,1358,17
1589249605.6785386,10.10.0.10,173.194.151.108,,,41505,443,0,37,17
1589249605.6898632,173.194.151.108,10.10.0.10,,,443,41505,0,1358,17
1589249605.703841,173.194.151.108,10.10.0.10,,,443,41505,0,1358,17
1589249605.7052605,10.10.0.10,173.194.151.108,,,41505,443,0,37,17
1589249605.717809,173.194.151.108,10.10.0.10,,,443,41505,0,1358,17
1589249605.731781,173.194.151.108,10.10.0.10,,,443,41505,0,1358,17
1589249605.734039,10.10.0.10,173.194.151.108,,,41505,443,0,37,17
1589249605.745768,173.194.151.108,10.10.0.10,,,443,41505,0,1358,17
1589249605.759729,173.194.151.108,10.10.0.10,,,443,41505,0,1358,17
1589249605.761411,10.10.0.10,173.194.151.108,,,41505,443,0,37,17
1589249605.773706,173.194.151.108,10.10.0.10,,,443,41505,0,1358,17
1589249605.787671,173.194.151.108,10.10.0.10,,,443,41505,0,1358,17
1589249605.789553,10.10.0.10,173.194.151.108,,,41505,443,0,37,17
1589249605.801642,173.194.151.108,10.10.0.10,,,443,41505,0,1358,17
1589249605.815619,173.194.151.108,10.10.0.10,,,443,41505,0,1358,17
1589249605.817282,10.10.0.10,173.194.151.108,,,41505,443,0,37,17
1589249605.829587,173.194.151.108,10.10.0.10,,,443,41505,0,1358,17
1589249605.843576,173.194.151.108,10.10.0.10,,,443,41505,0,1358,17
1589249605.845384,10.10.0.10,173.194.151.108,,,41505,443,0,37,17
1589249605.8575332,173.194.151.108,10.10.0.10,,,443,41505,0,1358,17
1589249605.8715134,173.194.151.108,10.10.0.10,,,443,41505,0,1358,17
1589249605.873177,10.10.0.10,173.194.151.108,,,41505,443,0,50,17
1589249605.885478,173.194.151.108,10.10.0.10,,,443,41505,0,1358,17
1589249605.8994524,173.194.151.108,10.10.0.10,,,443,41505,0,1358,17
1589249605.9008946,10.10.0.10,173.194.151.108,,,41505,443,0,37,17
1589249605.913425,173.194.151.108,10.10.0.10,,,443,41505,0,1358,17
1589249605.927397,173.194.151.108,10.10.0.10,,,443,41505,0,1358,17
1589249605.9292786,10.10.0.10,173.194.151.108,,,41505,443,0,37,17
1589249605.941369,173.194.151.108,10.10.0.10,,,443,41505,0,1358,17
1589249605.955341,173.194.151.108,10.10.0.10,,,443,41505,0,1358,17
1589249605.957158,10.10.0.10,173.194.151.108,,,41505,443,0,37,17
1589249605.969326,173.194.151.108,10.10.0.10,,,443,41505,0,1358,17
1589249605.983286,173.194.151.108,10.10.0.10,,,443,41505,0,1358,17
1589249605.9849188,10.10.0.10,173.194.151.108,,,41505,443,0,37,17
1589249605.997262,173.194.151.108,10.10.0.10,,,443,41505,0,1358,17
1589249606.0112288,173.194.151.108,10.10.0.10,,,443,41505,0,29,17
1589249606.01186,173.194.151.108,10.10.0.10,,,443,41505,0,1358,17
1589249606.0134249,10.10.0.10,173.194.151.108,,,41505,443,0,37,17
1589249606.025833,173.194.151.108,10.10.0.10,,,443,41505,0,522,17
1589249606.075171,10.10.0.10,173.194.151.108,,,41505,443,0,37,17
1589249606.164017,10.10.0.10,173.194.151.108,,,41505,443,0,725,17
1589249606.164043,10.10.0.10,173.194.151.108,,,41505,443,0,48,17
1589249606.168419,173.194.151.108,10.10.0.10,,,443,41505,0,29,17
1589249606.1698382,173.194.151.108,10.10.0.10,,,443,41505,0,1358,17
1589249606.169874,173.194.151.108,10.10.0.10,,,443,41505,0,1358,17
1589249606.171888,10.10.0.10,173.194.151.108,,,41505,443,0,37,17
1589249606.181732,173.194.151.108,10.10.0.10,,,443,41505,0,1358,17
1589249606.1957061,173.194.151.108,10.10.0.10,,,443,41505,0,1358,17
1589249606.197418,10.10.0.10,173.194.151.108,,,41505,443,0,37,17
1589249606.2096922,173.194.151.108,10.10.0.10,,,443,41505,0,1358,17
1589249606.22365,173.194.151.108,10.10.0.10,,,443,41505,0,1358,17
1589249606.226167,10.10.0.10,173.194.151.108,,,41505,443,0,37,17
1589249606.2376268,173.194.151.108,10.10.0.10,,,443,41505,0,1358,17
1589249606.2515948,173.194.151.108,10.10.0.10,,,443,41505,0,1358,17
1589249606.253385,10.10.0.10,173.194.151.108,,,41505,443,0,37,17
1589249606.2655704,173.194.151.108,10.10.0.10,,,443,41505,0,1358,17
1589249606.2795384,173.194.151.108,10.10.0.10,,,443,41505,0,1358,17
1589249606.289137,10.10.0.10,173.194.151.108,,,41505,443,0,37,17
1589249606.2935119,173.194.151.108,10.10.0.10,,,443,41505,0,1358,17
1589249606.307498,173.194.151.108,10.10.0.10,,,443,41505,0,1358,17
1589249606.309259,10.10.0.10,173.194.151.108,,,41505,443,0,37,17
1589249606.321458,173.194.151.108,10.10.0.10,,,443,41505,0,1358,17
1589249606.3354292,173.194.151.108,10.10.0.10,,,443,41505,0,1358,17
1589249606.337393,10.10.0.10,173.194.151.108,,,41505,443,0,37,17
1589249606.349403,173.194.151.108,10.10.0.10,,,443,41505,0,1358,17
1589249606.363376,173.194.151.108,10.10.0.10,,,443,41505,0,1358,17
1589249606.365768,10.10.0.10,173.194.151.108,,,41505,443,0,37,17
1589249606.377348,173.194.151.108,10.10.0.10,,,443,41505,0,1358,17
1589249606.391319,173.194.151.108,10.10.0.10,,,443,41505,0,1358,17
1589249606.3938918,10.10.0.10,173.194.151.108,,,41505,443,0,37,17
1589249606.4053106,173.194.151.108,10.10.0.10,,,443,41505,0,1358,17
1589249606.419264,173.194.151.108,10.10.0.10,,,443,41505,0,1358,17
1589249606.433249,173.194.151.108,10.10.0.10,,,443,41505,0,1358,17
1589249606.447208,173.194.151.108,10.10.0.10,,,443,41505,0,1358,17
1589249606.4611876,173.194.151.108,10.10.0.10,,,443,41505,0,1358,17
1589249606.4751544,173.194.151.108,10.10.0.10,,,443,41505,0,1358,17
1589249606.489126,173.194.151.108,10.10.0.10,,,443,41505,0,1358,17
1589249606.503099,173.194.151.108,10.10.0.10,,,443,41505,0,1358,17
1589249606.5170698,173.194.151.108,10.10.0.10,,,443,41505,0,1358,17
1589249606.5310571,173.194.151.108,10.10.0.10,,,443,41505,0,1358,17
1589249606.5464704,10.10.0.10,173.194.151.108,,,41505,443,0,37,17
1589249606.549233,10.10.0.10,173.194.151.108,,,41505,443,0,40,17
1589249606.5492542,10.10.0.10,173.194.151.108,,,41505,443,0,40,17
1589249606.550606,10.10.0.10,173.194.151.108,,,41505,443,0,40,17
1589249606.551525,173.194.151.108,10.10.0.10,,,443,41505,0,1358,17
1589249606.553384,10.10.0.10,173.194.151.108,,,41505,443,0,40,17
1589249606.556486,10.10.0.10,173.194.151.108,,,41505,443,0,40,17
1589249606.558998,173.194.151.108,10.10.0.10,,,443,41505,0,1358,17
1589249606.560513,10.10.0.10,173.194.151.108,,,41505,443,0,40,17
1589249606.572956,173.194.151.108,10.10.0.10,,,443,41505,0,1358,17
1589249606.58693,173.194.151.108,10.10.0.10,,,443,41505,0,1358,17
1589249606.588656,10.10.0.10,173.194.151.108,,,41505,443,0,40,17
1589249606.6009018,173.194.151.108,10.10.0.10,,,443,41505,0,1358,17
1589249606.6148784,173.194.151.108,10.10.0.10,,,443,41505,0,1358,17
1589249606.616916,10.10.0.10,173.194.151.108,,,41505,443,0,40,17
1589249606.6288474,173.194.151.108,10.10.0.10,,,443,41505,0,1358,17
1589249606.642824,173.194.151.108,10.10.0.10,,,443,41505,0,1358,17
1589249606.6443858,10.10.0.10,173.194.151.108,,,41505,443,0,40,17
1589249606.6567938,173.194.151.108,10.10.0.10,,,443,41505,0,1358,17
1589249606.670767,173.194.151.108,10.10.0.10,,,443,41505,0,1358,17
1589249606.6722622,10.10.0.10,173.194.151.108,,,41505,443,0,53,17
1589249606.684737,173.194.151.108,10.10.0.10,,,443,41505,0,1358,17
1589249606.69871,173.194.151.108,10.10.0.10,,,443,41505,0,1358,17
1589249606.712682,173.194.151.108,10.10.0.10,,,443,41505,0,1358,17
1589249606.714624,10.10.0.10,173.194.151.108,,,41505,443,0,40,17
1589249606.72668,173.194.151.108,10.10.0.10,,,443,41505,0,1358,17
1589249606.728255,10.10.0.10,173.194.151.108,,,41505,443,0,40,17
1589249606.7406292,173.194.151.108,10.10.0.10,,,443,41505,0,1358,17
1589249606.7546134,173.194.151.108,10.10.0.10,,,443,41505,0,1358,17
1589249606.7561321,10.10.0.10,173.194.151.108,,,41505,443,0,40,17
1589249606.768573,173.194.151.108,10.10.0.10,,,443,41505,0,1358,17
1589249606.782552,173.194.151.108,10.10.0.10,,,443,41505,0,1358,17
1589249606.784385,10.10.0.10,173.194.151.108,,,41505,443,0,37,17
1589249606.796514,173.194.151.108,10.10.0.10,,,443,41505,0,1358,17
1589249606.8104925,173.194.151.108,10.10.0.10,,,443,41505,0,1358,17
1589249606.8122542,10.10.0.10,173.194.151.108,,,41505,443,0,37,17
1589249606.824464,173.194.151.108,10.10.0.10,,,443,41505,0,1358,17
1589249606.8384366,173.194.151.108,10.10.0.10,,,443,41505,0,1358,17
1589249606.840128,10.10.0.10,173.194.151.108,,,41505,443,0,37,17
1589249606.8524039,173.194.151.108,10.10.0.10,,,443,41505,0,1358,17
1589249606.8663802,173.194.151.108,10.10.0.10,,,443,41505,0,1358,17
1589249606.86815,10.10.0.10,173.194.151.108,,,41505,443,0,37,17
1589249606.8803492,173.194.151.108,10.10.0.10,,,443,41505,0,1358,17
1589249606.894325,173.194.151.108,10.10.0.10,,,443,41505,0,1358,17
1589249606.895895,10.10.0.10,173.194.151.108,,,41505,443,0,37,17
1589249606.908296,173.194.151.108,10.10.0.10,,,443,41505,0,1358,17
1589249606.9222682,173.194.151.108,10.10.0.10,,,443,41505,0,1358,17
1589249606.9238741,10.10.0.10,173.194.151.108,,,41505,443,0,37,17
1589249606.936241,173.194.151.108,10.10.0.10,,,443,41505,0,1358,17
1589249606.9502141,173.194.151.108,10.10.0.10,,,443,41505,0,1358,17
1589249606.9518778,10.10.0.10,173.194.151.108,,,41505,443,0,37,17
1589249606.964186,173.194.151.108,10.10.0.10,,,443,41505,0,1358,17
1589249606.978172,173.194.151.108,10.10.0.10,,,443,41505,0,1358,17
1589249606.9797466,10.10.0.10,173.194.151.108,,,41505,443,0,37,17
1589249606.9921331,173.194.151.108,10.10.0.10,,,443,41505,0,1358,17
1589249607.0061069,173.194.151.108,10.10.0.10,,,443,41505,0,1358,17
1589249607.0077708,10.10.0.10,173.194.151.108,,,41505,443,0,37,17
1589249607.0200765,173.194.151.108,10.10.0.10,,,443,41505,0,1358,17
1589249607.034049,173.194.151.108,10.10.0.10,,,443,41505,0,1358,17
1589249607.0356462,10.10.0.10,173.194.151.108,,,41505,443,0,37,17
1589249607.048016,173.194.151.108,10.10.0.10,,,443,41505,0,1358,17
1589249607.0619948,173.194.151.108,10.10.0.10,,,443,41505,0,1358,17
1589249607.063966,10.10.0.10,173.194.151.108,,,41505,443,0,37,17
1589249607.0759642,173.194.151.108,10.10.0.10,,,443,41505,0,1358,17
1589249607.0899384,173.194.151.108,10.10.0.10,,,443,41505,0,1358,17
1589249607.0917635,10.10.0.10,173.194.151.108,,,41505,443,0,37,17
1589249607.103918,173.194.151.108,10.10.0.10,,,443,41505,0,1358,17
1589249607.117883,173.194.151.108,10.10.0.10,,,443,41505,0,1358,17
1589249607.119621,10.10.0.10,173.194.151.108,,,41505,443,0,37,17
1589249607.131858,173.194.151.108,10.10.0.10,,,443,41505,0,1358,17
1589249607.1458278,173.194.151.108,10.10.0.10,,,443,41505,0,1358,17
1589249607.147638,10.10.0.10,173.194.151.108,,,41505,443,0,37,17
1589249607.159799,173.194.151.108,10.10.0.10,,,443,41505,0,1358,17
1589249607.17379,173.194.151.108,10.10.0.10,,,443,41505,0,1358,17
1589249607.175493,10.10.0.10,173.194.151.108,,,41505,443,0,37,17
1589249607.1877446,173.194.151.108,10.10.0.10,,,443,41505,0,1358,17
1589249607.2017276,173.194.151.108,10.10.0.10,,,443,41505,0,1358,17
1589249607.203234,10.10.0.10,173.194.151.108,,,41505,443,0,37,17
1589249607.215688,173.194.151.108,10.10.0.10,,,443,41505,0,1358,17
1589249607.229666,173.194.151.108,10.10.0.10,,,443,41505,0,1358,17
1589249607.231386,10.10.0.10,173.194.151.108,,,41505,443,0,50,17
1589249607.243633,173.194.151.108,10.10.0.10,,,443,41505,0,1358,17
1589249607.257607,173.194.151.108,10.10.0.10,,,443,41505,0,1358,17
1589249607.2595005,10.10.0.10,173.194.151.108,,,41505,443,0,37,17
1589249607.2715788,173.194.151.108,10.10.0.10,,,443,41505,0,1358,17
1589249607.285551,173.194.151.108,10.10.0.10,,,443,41505,0,1358,17
1589249607.287252,10.10.0.10,173.194.151.108,,,41505,443,0,37,17
1589249607.299537,173.194.151.108,10.10.0.10,,,443,41505,0,1358,17
1589249607.313499,173.194.151.108,10.10.0.10,,,443,41505,0,1358,17
1589249607.3153858,10.10.0.10,173.194.151.108,,,41505,443,0,37,17
1589249607.3274732,173.194.151.108,10.10.0.10,,,443,41505,0,1358,17
1589249607.341442,173.194.151.108,10.10.0.10,,,443,41505,0,1358,17
1589249607.343257,10.10.0.10,173.194.151.108,,,41505,443,0,37,17
1589249607.355418,173.194.151.108,10.10.0.10,,,443,41505,0,1358,17
1589249607.369415,173.194.151.108,10.10.0.10,,,443,41505,0,1358,17
1589249607.3711321,10.10.0.10,173.194.151.108,,,41505,443,0,37,17
1589249607.3833606,173.194.151.108,10.10.0.10,,,443,41505,0,1358,17
1589249607.3973448,173.194.151.108,10.10.0.10,,,443,41505,0,1358,17
1589249607.3989859,10.10.0.10,173.194.151.108,,,41505,443,0,37,17
1589249607.4113052,173.194.151.108,10.10.0.10,,,443,41505,0,1358,17
1589249607.425284,173.194.151.108,10.10.0.10,,,443,41505,0,1358,17
1589249607.427505,10.10.0.10,173.194.151.108,,,41505,443,0,37,17
1589249607.439251,173.194.151.108,10.10.0.10,,,443,41505,0,1358,17
1589249607.453218,173.194.151.108,10.10.0.10,,,443,41505,0,1358,17
1589249607.454751,10.10.0.10,173.194.151.108,,,41505,443,0,37,17
1589249607.4671938,173.194.151.108,10.10.0.10,,,443,41505,0,1358,17
1589249607.4811652,173.194.151.108,10.10.0.10,,,443,41505,0,1358,17
1589249607.48488,10.10.0.10,173.194.151.108,,,41505,443,0,37,17
1589249607.495154,173.194.151.108,10.10.0.10,,,443,41505,0,1358,17
1589249607.509112,173.194.151.108,10.10.0.10,,,443,41505,0,1358,17
1589249607.5230918,173.194.151.108,10.10.0.10,,,443,41505,0,1358,17
1589249607.537055,173.194.151.108,10.10.0.10,,,443,41505,0,1358,17
1589249607.5510302,173.194.151.108,10.10.0.10,,,443,41505,0,1358,17
1589249607.5649948,173.194.151.108,10.10.0.10,,,443,41505,0,1358,17
1589249607.5767558,10.10.0.10,173.194.151.108,,,41505,443,0,40,17
1589249607.577758,10.10.0.10,173.194.151.108,,,41505,443,0,40,17
1589249607.578974,173.194.151.108,10.10.0.10,,,443,41505,0,1358,17
1589249607.579116,10.10.0.10,173.194.151.108,,,41505,443,0,40,17
1589249607.5791411,10.10.0.10,173.194.151.108,,,41505,443,0,40,17
1589249607.592962,173.194.151.108,10.10.0.10,,,443,41505,0,1358,17
1589249607.5994804,10.10.0.10,173.194.151.108,,,41505,443,0,40,17
1589249607.6069171,173.194.151.108,10.10.0.10,,,443,41505,0,1358,17
1589249607.620903,173.194.151.108,10.10.0.10,,,443,41505,0,1358,17
1589249607.6225982,10.10.0.10,173.194.151.108,,,41505,443,0,40,17
1589249607.6348605,173.194.151.108,10.10.0.10,,,443,41505,0,1358,17
1589249607.6488366,173.194.151.108,10.10.0.10,,,443,41505,0,1358,17
1589249607.650502,10.10.0.10,173.194.151.108,,,41505,443,0,40,17
1589249607.6628,173.194.151.108,10.10.0.10,,,443,41505,0,1358,17
1589249607.676773,173.194.151.108,10.10.0.10,,,443,41505,0,1358,17
1589249607.67923,10.10.0.10,173.194.151.108,,,41505,443,0,40,17
1589249607.69075,173.194.151.108,10.10.0.10,,,443,41505,0,1358,17
1589249607.70472,173.194.151.108,10.10.0.10,,,443,41505,0,1358,17
1589249607.7062411,10.10.0.10,173.194.151.108,,,41505,443,0,40,17
1589249607.718694,173.194.151.108,10.10.0.10,,,443,41505,0,1358,17
1589249607.732666,173.194.151.108,10.10.0.10,,,443,41505,0,1358,17
1589249607.7344608,10.10.0.10,173.194.151.108,,,41505,443,0,40,17
1589249607.746648,173.194.151.108,10.10.0.10,,,443,41505,0,1358,17
1589249607.7606142,173.194.151.108,10.10.0.10,,,443,41505,0,1358,17
1589249607.7633722,10.10.0.10,173.194.151.108,,,41505,443,0,53,17
1589249607.774586,173.194.151.108,10.10.0.10,,,443,41505,0,1358,17
1589249607.788558,173.194.151.108,10.10.0.10,,,443,41505,0,1358,17
1589249607.790128,10.10.0.10,173.194.151.108,,,41505,443,0,40,17
1589249607.8025308,173.194.151.108,10.10.0.10,,,443,41505,0,1358,17
1589249607.81652,173.194.151.108,10.10.0.10,,,443,41505,0,1358,17
1589249607.818223,10.10.0.10,173.194.151.108,,,41505,443,0,37,17
1589249607.83048,173.194.151.108,10.10.0.10,,,443,41505,0,1358,17
1589249607.844458,173.194.151.108,10.10.0.10,,,443,41505,0,1358,17
1589249607.8462439,10.10.0.10,173.194.151.108,,,41505,443,0,37,17
1589249607.858422,173.194.151.108,10.10.0.10,,,443,41505,0,1358,17
1589249607.8723962,173.194.151.108,10.10.0.10,,,443,41505,0,1358,17
1589249607.8741179,10.10.0.10,173.194.151.108,,,41505,443,0,37,17
1589249607.8863642,173.194.151.108,10.10.0.10,,,443,41505,0,1358,17
1589249607.9003332,173.194.151.108,10.10.0.10,,,443,41505,0,1358,17
1589249607.902223,10.10.0.10,173.194.151.108,,,41505,443,0,37,17
1589249607.914314,173.194.151.108,10.10.0.10,,,443,41505,0,1358,17
1589249607.928282,173.194.151.108,10.10.0.10,,,443,41505,0,1358,17
1589249607.92997,10.10.0.10,173.194.151.108,,,41505,443,0,37,17
1589249607.94227,173.194.151.108,10.10.0.10,,,443,41505,0,1358,17
1589249607.9562292,173.194.151.108,10.10.0.10,,,443,41505,0,1358,17
1589249607.9578452,10.10.0.10,173.194.151.108,,,41505,443,0,37,17
1589249607.970202,173.194.151.108,10.10.0.10,,,443,41505,0,1358,17
1589249607.9841714,173.194.151.108,10.10.0.10,,,443,41505,0,1358,17
1589249607.995364,10.10.0.10,173.194.151.108,,,41505,443,0,37,17
1589249607.99814,173.194.151.108,10.10.0.10,,,443,41505,0,1358,17
1589249608.0121405,173.194.151.108,10.10.0.10,,,443,41505,0,1358,17
1589249608.0139902,10.10.0.10,173.194.151.108,,,41505,443,0,37,17
1589249608.026088,173.194.151.108,10.10.0.10,,,443,41505,0,1358,17
1589249608.0400765,173.194.151.108,10.10.0.10,,,443,41505,0,1358,17
1589249608.04199,10.10.0.10,173.194.151.108,,,41505,443,0,37,17
1589249608.054035,173.194.151.108,10.10.0.10,,,443,41505,0,1358,17
1589249608.068001,173.194.151.108,10.10.0.10,,,443,41505,0,1358,17
1589249608.0696108,10.10.0.10,173.194.151.108,,,41505,443,0,37,17
1589249608.0819812,173.194.151.108,10.10.0.10,,,443,41505,0,1358,17
1589249608.0959554,173.194.151.108,10.10.0.10,,,443,41505,0,1358,17
1589249608.097716,10.10.0.10,173.194.151.108,,,41505,443,0,37,17
1589249608.1099231,173.194.151.108,10.10.0.10,,,443,41505,0,1358,17
1589249608.123894,173.194.151.108,10.10.0.10,,,443,41505,0,1358,17
1589249608.1378849,173.194.151.108,10.10.0.10,,,443,41505,0,1358,17
1589249608.15184,173.194.151.108,10.10.0.10,,,443,41505,0,1358,17
1589249608.165823,173.194.151.108,10.10.0.10,,,443,41505,0,1358,17
1589249608.179785,173.194.151.108,10.10.0.10,,,443,41505,0,1358,17
1589249608.1925938,10.10.0.10,173.194.151.108,,,41505,443,0,40,17
1589249608.1937606,173.194.151.108,10.10.0.10,,,443,41505,0,1358,17
1589249608.1946108,10.10.0.10,173.194.151.108,,,41505,443,0,40,17
1589249608.1946368,10.10.0.10,173.194.151.108,,,41505,443,0,40,17
1589249608.195591,10.10.0.10,173.194.151.108,,,41505,443,0,40,17
1589249608.2077332,173.194.151.108,10.10.0.10,,,443,41505,0,1358,17
1589249608.209484,10.10.0.10,173.194.151.108,,,41505,443,0,40,17
1589249608.2217028,173.194.151.108,10.10.0.10,,,443,41505,0,1358,17
1589249608.235676,173.194.151.108,10.10.0.10,,,443,41505,0,1358,17
1589249608.2373388,10.10.0.10,173.194.151.108,,,41505,443,0,40,17
1589249608.249642,173.194.151.108,10.10.0.10,,,443,41505,0,1358,17
1589249608.263634,173.194.151.108,10.10.0.10,,,443,41505,0,1358,17
1589249608.265471,10.10.0.10,173.194.151.108,,,41505,443,0,40,17
1589249608.2775962,173.194.151.108,10.10.0.10,,,443,41505,0,1358,17
1589249608.291569,173.194.151.108,10.10.0.10,,,443,41505,0,1358,17
1589249608.293232,10.10.0.10,173.194.151.108,,,41505,443,0,53,17
1589249608.3055394,173.194.151.108,10.10.0.10,,,443,41505,0,1358,17
1589249608.319511,173.194.151.108,10.10.0.10,,,443,41505,0,1358,17
1589249608.3212314,10.10.0.10,173.194.151.108,,,41505,443,0,40,17
1589249608.3335054,173.194.151.108,10.10.0.10,,,443,41505,0,29,17
1589249608.3341134,173.194.151.108,10.10.0.10,,,443,41505,0,1358,17
1589249608.3480804,173.194.151.108,10.10.0.10,,,443,41505,0,1358,17
1589249608.349853,10.10.0.10,173.194.151.108,,,41505,443,0,37,17
1589249608.362066,173.194.151.108,10.10.0.10,,,443,41505,0,1358,17
1589249608.376049,173.194.151.108,10.10.0.10,,,443,41505,0,1358,17
1589249608.3777099,10.10.0.10,173.194.151.108,,,41505,443,0,37,17
1589249608.390005,173.194.151.108,10.10.0.10,,,443,41505,0,1358,17
1589249608.403975,173.194.151.108,10.10.0.10,,,443,41505,0,1358,17
1589249608.405709,10.10.0.10,173.194.151.108,,,41505,443,0,37,17
1589249608.4179482,173.194.151.108,10.10.0.10,,,443,41505,0,1358,17
1589249608.4319332,173.194.151.108,10.10.0.10,,,443,41505,0,1358,17
1589249608.433598,10.10.0.10,173.194.151.108,,,41505,443,0,37,17
1589249608.445895,173.194.151.108,10.10.0.10,,,443,41505,0,1358,17
1589249608.459879,173.194.151.108,10.10.0.10,,,443,41505,0,1358,17
1589249608.4624748,10.10.0.10,173.194.151.108,,,41505,443,0,37,17
1589249608.47384,173.194.151.108,10.10.0.10,,,443,41505,0,1358,17
1589249608.4878132,173.194.151.108,10.10.0.10,,,443,41505,0,1358,17
1589249608.490705,10.10.0.10,173.194.151.108,,,41505,443,0,37,17
1589249608.5017831,173.194.151.108,10.10.0.10,,,443,41505,0,1358,17
1589249608.5157552,173.194.151.108,10.10.0.10,,,443,41505,0,1358,17
1589249608.517475,10.10.0.10,173.194.151.108,,,41505,443,0,37,17
1589249608.5297468,173.194.151.108,10.10.0.10,,,443,41505,0,1358,17
1589249608.5436995,173.194.151.108,10.10.0.10,,,443,41505,0,1358,17
1589249608.5454452,10.10.0.10,173.194.151.108,,,41505,443,0,37,17
1589249608.5576859,173.194.151.108,10.10.0.10,,,443,41505,0,1358,17
1589249608.571641,173.194.151.108,10.10.0.10,,,443,41505,0,1358,17
1589249608.573051,10.10.0.10,173.194.151.108,,,41505,443,0,37,17
1589249608.5856106,173.194.151.108,10.10.0.10,,,443,41505,0,1358,17
1589249608.5995822,173.194.151.108,10.10.0.10,,,443,41505,0,1358,17
1589249608.6013582,10.10.0.10,173.194.151.108,,,41505,443,0,37,17
1589249608.61523,173.194.151.108,10.10.0.10,,,443,41505,0,1358,17
1589249608.629214,173.194.151.108,10.10.0.10,,,443,41505,0,1358,17
1589249608.6332035,10.10.0.10,173.194.151.108,,,41505,443,0,37,17
1589249608.643183,173.194.151.108,10.10.0.10,,,443,41505,0,1358,17
1589249608.6571548,173.194.151.108,10.10.0.10,,,443,41505,0,1358,17
1589249608.6591911,10.10.0.10,173.194.151.108,,,41505,443,0,37,17
1589249608.6711311,173.194.151.108,10.10.0.10,,,443,41505,0,1358,17
1589249608.6851046,173.194.151.108,10.10.0.10,,,443,41505,0,1358,17
1589249608.6893468,10.10.0.10,173.194.151.108,,,41505,443,0,37,17
1589249608.699068,173.194.151.108,10.10.0.10,,,443,41505,0,1358,17
1589249608.713056,173.194.151.108,10.10.0.10,,,443,41505,0,1358,17
1589249608.7153044,10.10.0.10,173.194.151.108,,,41505,443,0,37,17
1589249608.727015,173.194.151.108,10.10.0.10,,,443,41505,0,1358,17
1589249608.740984,173.194.151.108,10.10.0.10,,,443,41505,0,1358,17
1589249608.7426786,10.10.0.10,173.194.151.108,,,41505,443,0,37,17
1589249608.7549589,173.194.151.108,10.10.0.10,,,443,41505,0,1358,17
1589249608.768934,173.194.151.108,10.10.0.10,,,443,41505,0,1358,17
1589249608.7707179,10.10.0.10,173.194.151.108,,,41505,443,0,37,17
1589249608.7829068,173.194.151.108,10.10.0.10,,,443,41505,0,1358,17
1589249608.7968788,173.194.151.108,10.10.0.10,,,443,41505,0,1358,17
1589249608.8015714,10.10.0.10,173.194.151.108,,,41505,443,0,37,17
1589249608.810874,173.194.151.108,10.10.0.10,,,443,41505,0,1358,17
1589249608.8248231,173.194.151.108,10.10.0.10,,,443,41505,0,1358,17
1589249608.8388038,173.194.151.108,10.10.0.10,,,443,41505,0,1358,17
1589249608.8527718,173.194.151.108,10.10.0.10,,,443,41505,0,1358,17
1589249608.866742,173.194.151.108,10.10.0.10,,,443,41505,0,1358,17
1589249608.8807142,173.194.151.108,10.10.0.10,,,443,41505,0,1358,17
1589249608.894687,173.194.151.108,10.10.0.10,,,443,41505,0,1358,17
1589249608.9051929,10.10.0.10,173.194.151.108,,,41505,443,0,37,17
1589249608.908676,173.194.151.108,10.10.0.10,,,443,41505,0,1358,17
1589249608.910218,10.10.0.10,173.194.151.108,,,41505,443,0,53,17
1589249608.9102435,10.10.0.10,173.194.151.108,,,41505,443,0,40,17
1589249608.913193,10.10.0.10,173.194.151.108,,,41505,443,0,40,17
1589249608.914041,10.10.0.10,173.194.151.108,,,41505,443,0,40,17
1589249608.92263,173.194.151.108,10.10.0.10,,,443,41505,0,1358,17
1589249608.9244409,10.10.0.10,173.194.151.108,,,41505,443,0,40,17
1589249608.936613,173.194.151.108,10.10.0.10,,,443,41505,0,1358,17
1589249608.9522474,173.194.151.108,10.10.0.10,,,443,41505,0,1358,17
1589249608.9538062,10.10.0.10,173.194.151.108,,,41505,443,0,37,17
1589249608.966238,173.194.151.108,10.10.0.10,,,443,41505,0,1358,17
1589249608.9801981,173.194.151.108,10.10.0.10,,,443,41505,0,1358,17
1589249608.9818392,10.10.0.10,173.194.151.108,,,41505,443,0,37,17
1589249608.994174,173.194.151.108,10.10.0.10,,,443,41505,0,1358,17
1589249609.008143,173.194.151.108,10.10.0.10,,,443,41505,0,1358,17
1589249609.009817,10.10.0.10,173.194.151.108,,,41505,443,0,37,17
1589249609.022116,173.194.151.108,10.10.0.10,,,443,41505,0,1358,17
1589249609.036081,173.194.151.108,10.10.0.10,,,443,41505,0,1358,17
1589249609.0380812,10.10.0.10,173.194.151.108,,,41505,443,0,37,17
1589249609.0500588,173.194.151.108,10.10.0.10,,,443,41505,0,1358,17
1589249609.064048,173.194.151.108,10.10.0.10,,,443,41505,0,1358,17
1589249609.065813,10.10.0.10,173.194.151.108,,,41505,443,0,37,17
1589249609.078003,173.194.151.108,10.10.0.10,,,443,41505,0,1358,17
1589249609.091975,173.194.151.108,10.10.0.10,,,443,41505,0,1358,17
1589249609.0937061,10.10.0.10,173.194.151.108,,,41505,443,0,37,17
1589249609.105951,173.194.151.108,10.10.0.10,,,443,41505,0,1358,17
1589249609.119925,173.194.151.108,10.10.0.10,,,443,41505,0,1358,17
1589249609.121562,10.10.0.10,173.194.151.108,,,41505,443,0,37,17
1589249609.133893,173.194.151.108,10.10.0.10,,,443,41505,0,1358,17
1589249609.147864,173.194.151.108,10.10.0.10,,,443,41505,0,1358,17
1589249609.1618571,173.194.151.108,10.10.0.10,,,443,41505,0,1358,17
1589249609.1758099,173.194.151.108,10.10.0.10,,,443,41505,0,1358,17
1589249609.189792,173.194.151.108,10.10.0.10,,,443,41505,0,1358,17
1589249609.2037554,173.194.151.108,10.10.0.10,,,443,41505,0,1358,17
1589249609.217732,173.194.151.108,10.10.0.10,,,443,41505,0,1358,17
1589249609.2233279,10.10.0.10,173.194.151.108,,,41505,443,0,40,17
1589249609.2233539,10.10.0.10,173.194.151.108,,,41505,443,0,40,17
1589249609.224209,10.10.0.10,173.194.151.108,,,41505,443,0,40,17
1589249609.226058,10.10.0.10,173.194.151.108,,,41505,443,0,40,17
1589249609.2317,173.194.151.108,10.10.0.10,,,443,41505,0,1358,17
1589249609.233435,10.10.0.10,173.194.151.108,,,41505,443,0,40,17
1589249609.245671,173.194.151.108,10.10.0.10,,,443,41505,0,1358,17
1589249609.259651,173.194.151.108,10.10.0.10,,,443,41505,0,1358,17
1589249609.2752929,173.194.151.108,10.10.0.10,,,443,41505,0,1358,17
1589249609.275827,10.10.0.10,173.194.151.108,,,41505,443,0,40,17
1589249609.2892652,173.194.151.108,10.10.0.10,,,443,41505,0,1358,17
1589249609.2926738,10.10.0.10,173.194.151.108,,,41505,443,0,40,17
1589249609.3032384,173.194.151.108,10.10.0.10,,,443,41505,0,1358,17
1589249609.317226,173.194.151.108,10.10.0.10,,,443,41505,0,1358,17
1589249609.3189511,10.10.0.10,173.194.151.108,,,41505,443,0,40,17
1589249609.331184,173.194.151.108,10.10.0.10,,,443,41505,0,1358,17
1589249609.3451624,173.194.151.108,10.10.0.10,,,443,41505,0,1358,17
1589249609.3477638,10.10.0.10,173.194.151.108,,,41505,443,0,53,17
1589249609.359127,173.194.151.108,10.10.0.10,,,443,41505,0,1358,17
1589249609.3731024,173.194.151.108,10.10.0.10,,,443,41505,0,1358,17
1589249609.374825,10.10.0.10,173.194.151.108,,,41505,443,0,40,17
1589249609.3870769,173.194.151.108,10.10.0.10,,,443,41505,0,29,17
1589249609.387703,173.194.151.108,10.10.0.10,,,443,41505,0,1358,17
1589249609.4016762,173.194.151.108,10.10.0.10,,,443,41505,0,1358,17
1589249609.403322,10.10.0.10,173.194.151.108,,,41505,443,0,37,17
1589249609.4156609,173.194.151.108,10.10.0.10,,,443,41505,0,1358,17
1589249609.4296231,173.194.151.108,10.10.0.10,,,443,41505,0,1358,17
1589249609.4311788,10.10.0.10,173.194.151.108,,,41505,443,0,37,17
1589249609.4436,173.194.151.108,10.10.0.10,,,443,41505,0,1358,17
1589249609.457569,173.194.151.108,10.10.0.10,,,443,41505,0,1358,17
1589249609.459199,10.10.0.10,173.194.151.108,,,41505,443,0,37,17
1589249609.471536,173.194.151.108,10.10.0.10,,,443,41505,0,1358,17
1589249609.485513,173.194.151.108,10.10.0.10,,,443,41505,0,1358,17
1589249609.4870698,10.10.0.10,173.194.151.108,,,41505,443,0,37,17
1589249609.4994829,173.194.151.108,10.10.0.10,,,443,41505,0,1358,17
1589249609.5134704,173.194.151.108,10.10.0.10,,,443,41505,0,1358,17
1589249609.516049,10.10.0.10,173.194.151.108,,,41505,443,0,37,17
1589249609.5274286,173.194.151.108,10.10.0.10,,,443,41505,0,1358,17
1589249609.541409,173.194.151.108,10.10.0.10,,,443,41505,0,1358,17
1589249609.5430698,10.10.0.10,173.194.151.108,,,41505,443,0,37,17
1589249609.5553732,173.194.151.108,10.10.0.10,,,443,41505,0,1358,17
1589249609.569348,173.194.151.108,10.10.0.10,,,443,41505,0,1358,17
1589249609.572448,10.10.0.10,173.194.151.108,,,41505,443,0,37,17
1589249609.5833158,173.194.151.108,10.10.0.10,,,443,41505,0,1358,17
1589249609.597287,173.194.151.108,10.10.0.10,,,443,41505,0,1358,17
1589249609.598925,10.10.0.10,173.194.151.108,,,41505,443,0,37,17
1589249609.6112778,173.194.151.108,10.10.0.10,,,443,41505,0,1358,17
1589249609.625232,173.194.151.108,10.10.0.10,,,443,41505,0,1358,17
1589249609.6267948,10.10.0.10,173.194.151.108,,,41505,443,0,37,17
1589249609.6392052,173.194.151.108,10.10.0.10,,,443,41505,0,1358,17
1589249609.653178,173.194.151.108,10.10.0.10,,,443,41505,0,1358,17
1589249609.6556358,10.10.0.10,173.194.151.108,,,41505,443,0,37,17
1589249609.66715,173.194.151.108,10.10.0.10,,,443,41505,0,1358,17
1589249609.6811225,173.194.151.108,10.10.0.10,,,443,41505,0,1358,17
1589249609.6827672,10.10.0.10,173.194.151.108,,,41505,443,0,37,17
1589249609.6950982,173.194.151.108,10.10.0.10,,,443,41505,0,1358,17
1589249609.709089,173.194.151.108,10.10.0.10,,,443,41505,0,1358,17
1589249609.7116802,10.10.0.10,173.194.151.108,,,41505,443,0,37,17
1589249609.723046,173.194.151.108,10.10.0.10,,,443,41505,0,1358,17
1589249609.737028,173.194.151.108,10.10.0.10,,,443,41505,0,1358,17
1589249609.738673,10.10.0.10,173.194.151.108,,,41505,443,0,37,17
1589249609.750982,173.194.151.108,10.10.0.10,,,443,41505,0,1358,17
1589249609.764965,173.194.151.108,10.10.0.10,,,443,41505,0,1358,17
1589249609.7666938,10.10.0.10,173.194.151.108,,,41505,443,0,37,17
1589249609.778934,173.194.151.108,10.10.0.10,,,443,41505,0,1358,17
1589249609.792904,173.194.151.108,10.10.0.10,,,443,41505,0,1358,17
1589249609.794542,10.10.0.10,173.194.151.108,,,41505,443,0,37,17
1589249609.8068776,173.194.151.108,10.10.0.10,,,443,41505,0,1358,17
1589249609.8208532,173.194.151.108,10.10.0.10,,,443,41505,0,1358,17
1589249609.8348358,173.194.151.108,10.10.0.10,,,443,41505,0,1358,17
1589249609.848792,173.194.151.108,10.10.0.10,,,443,41505,0,1358,17
1589249609.862775,173.194.151.108,10.10.0.10,,,443,41505,0,1358,17
1589249609.8767388,173.194.151.108,10.10.0.10,,,443,41505,0,1358,17
1589249609.8907056,173.194.151.108,10.10.0.10,,,443,41505,0,1358,17
1589249609.904681,173.194.151.108,10.10.0.10,,,443,41505,0,1358,17
1589249609.918657,173.194.151.108,10.10.0.10,,,443,41505,0,1358,17
1589249609.9326286,173.194.151.108,10.10.0.10,,,443,41505,0,1358,17
1589249609.935558,10.10.0.10,173.194.151.108,,,41505,443,0,40,17
1589249609.93669,10.10.0.10,173.194.151.108,,,41505,443,0,40,17
1589249609.9378052,10.10.0.10,173.194.151.108,,,41505,443,0,40,17
1589249609.939542,10.10.0.10,173.194.151.108,,,41505,443,0,53,17
1589249609.9411626,10.10.0.10,173.194.151.108,,,41505,443,0,40,17
1589249609.946601,173.194.151.108,10.10.0.10,,,443,41505,0,1358,17
1589249609.948902,10.10.0.10,173.194.151.108,,,41505,443,0,40,17
1589249609.9605868,173.194.151.108,10.10.0.10,,,443,41505,0,29,17
1589249609.9612038,173.194.151.108,10.10.0.10,,,443,41505,0,1358,17
1589249609.975178,173.194.151.108,10.10.0.10,,,443,41505,0,1358,17
1589249609.977183,10.10.0.10,173.194.151.108,,,41505,443,0,37,17
1589249609.98915,173.194.151.108,10.10.0.10,,,443,41505,0,1358,17
1589249610.003122,173.194.151.108,10.10.0.10,,,443,41505,0,1358,17
1589249610.00543,10.10.0.10,173.194.151.108,,,41505,443,0,37,17
1589249610.017094,173.194.151.108,10.10.0.10,,,443,41505,0,1358,17
1589249610.031081,173.194.151.108,10.10.0.10,,,443,41505,0,1358,17
1589249610.0333061,10.10.0.10,173.194.151.108,,,41505,443,0,37,17
1589249610.045042,173.194.151.108,10.10.0.10,,,443,41505,0,1358,17
1589249610.059024,173.194.151.108,10.10.0.10,,,443,41505,0,1358,17
1589249610.060791,10.10.0.10,173.194.151.108,,,41505,443,0,37,17
1589249610.072986,173.194.151.108,10.10.0.10,,,443,41505,0,1358,17
1589249610.0869582,173.194.151.108,10.10.0.10,,,443,41505,0,1358,17
1589249610.088536,10.10.0.10,173.194.151.108,,,41505,443,0,37,17
1589249610.1009269,173.194.151.108,10.10.0.10,,,443,41505,0,1358,17
1589249610.114903,173.194.151.108,10.10.0.10,,,443,41505,0,1358,17
1589249610.117286,10.10.0.10,173.194.151.108,,,41505,443,0,37,17
1589249610.128891,173.194.151.108,10.10.0.10,,,443,41505,0,1358,17
1589249610.142847,173.194.151.108,10.10.0.10,,,443,41505,0,1358,17
1589249610.1446779,10.10.0.10,173.194.151.108,,,41505,443,0,37,17
1589249610.1568286,173.194.151.108,10.10.0.10,,,443,41505,0,1358,17
1589249610.170792,173.194.151.108,10.10.0.10,,,443,41505,0,1358,17
1589249610.172425,10.10.0.10,173.194.151.108,,,41505,443,0,37,17
1589249610.184766,173.194.151.108,10.10.0.10,,,443,41505,0,1358,17
1589249610.1987386,173.194.151.108,10.10.0.10,,,443,41505,0,1358,17
1589249610.200554,10.10.0.10,173.194.151.108,,,41505,443,0,37,17
1589249610.2127078,173.194.151.108,10.10.0.10,,,443,41505,0,1358,17
1589249610.2267,173.194.151.108,10.10.0.10,,,443,41505,0,1358,17
1589249610.2297812,10.10.0.10,173.194.151.108,,,41505,443,0,37,17
1589249610.2406518,173.194.151.108,10.10.0.10,,,443,41505,0,1358,17
1589249610.254637,173.194.151.108,10.10.0.10,,,443,41505,0,1358,17
1589249610.2562811,10.10.0.10,173.194.151.108,,,41505,443,0,37,17
1589249610.268601,173.194.151.108,10.10.0.10,,,443,41505,0,1358,17
1589249610.282578,173.194.151.108,10.10.0.10,,,443,41505,0,1358,17
1589249610.28428,10.10.0.10,173.194.151.108,,,41505,443,0,37,17
1589249610.296545,173.194.151.108,10.10.0.10,,,443,41505,0,1358,17
1589249610.310515,173.194.151.108,10.10.0.10,,,443,41505,0,1288,17
1589249610.312798,10.10.0.10,173.194.151.108,,,41505,443,0,37,17
1589249614.294814,10.10.0.10,173.194.151.108,,,41505,443,0,724,17
1589249614.294847,10.10.0.10,173.194.151.108,,,41505,443,0,48,17
1589249614.2991786,173.194.151.108,10.10.0.10,,,443,41505,0,29,17
1589249614.3004286,173.194.151.108,10.10.0.10,,,443,41505,0,1358,17
1589249614.3004649,173.194.151.108,10.10.0.10,,,443,41505,0,1358,17
1589249614.3024292,10.10.0.10,173.194.151.108,,,41505,443,0,37,17
1589249614.3123212,173.194.151.108,10.10.0.10,,,443,41505,0,1358,17
1589249614.3262956,173.194.151.108,10.10.0.10,,,443,41505,0,1358,17
1589249614.328681,10.10.0.10,173.194.151.108,,,41505,443,0,37,17
1589249614.3402698,173.194.151.108,10.10.0.10,,,443,41505,0,1358,17
1589249614.3542418,173.194.151.108,10.10.0.10,,,443,41505,0,1358,17
1589249614.35591,10.10.0.10,173.194.151.108,,,41505,443,0,37,17
1589249614.368215,173.194.151.108,10.10.0.10,,,443,41505,0,1358,17
1589249614.3822072,173.194.151.108,10.10.0.10,,,443,41505,0,1358,17
1589249614.3908038,10.10.0.10,173.194.151.108,,,41505,443,0,37,17
1589249614.3961544,173.194.151.108,10.10.0.10,,,443,41505,0,1358,17
1589249614.4101412,173.194.151.108,10.10.0.10,,,443,41505,0,1358,17
1589249614.411907,10.10.0.10,173.194.151.108,,,41505,443,0,37,17
1589249614.4241,173.194.151.108,10.10.0.10,,,443,41505,0,1358,17
1589249614.4380698,173.194.151.108,10.10.0.10,,,443,41505,0,1358,17
1589249614.4397821,10.10.0.10,173.194.151.108,,,41505,443,0,37,17
1589249614.4520464,173.194.151.108,10.10.0.10,,,443,41505,0,1358,17
1589249614.466021,173.194.151.108,10.10.0.10,,,443,41505,0,1358,17
1589249614.468656,10.10.0.10,173.194.151.108,,,41505,443,0,37,17
1589249614.4799962,173.194.151.108,10.10.0.10,,,443,41505,0,1358,17
1589249614.4939642,173.194.151.108,10.10.0.10,,,443,41505,0,1358,17
1589249614.4956765,10.10.0.10,173.194.151.108,,,41505,443,0,37,17
1589249614.507951,173.194.151.108,10.10.0.10,,,443,41505,0,1358,17
1589249614.521913,173.194.151.108,10.10.0.10,,,443,41505,0,1358,17
1589249614.535887,173.194.151.108,10.10.0.10,,,443,41505,0,1358,17
1589249614.549855,173.194.151.108,10.10.0.10,,,443,41505,0,1358,17
1589249614.563825,173.194.151.108,10.10.0.10,,,443,41505,0,1358,17
1589249614.564006,10.10.0.10,173.194.151.108,,,41505,443,0,37,17
1589249614.566775,10.10.0.10,173.194.151.108,,,41505,443,0,37,17
1589249614.567751,10.10.0.10,173.194.151.108,,,41505,443,0,37,17
1589249614.577812,173.194.151.108,10.10.0.10,,,443,41505,0,1358,17
1589249614.591767,173.194.151.108,10.10.0.10,,,443,41505,0,1358,17
1589249614.5933938,10.10.0.10,173.194.151.108,,,41505,443,0,37,17
1589249614.60574,173.194.151.108,10.10.0.10,,,443,41505,0,1358,17
1589249614.619715,173.194.151.108,10.10.0.10,,,443,41505,0,1358,17
1589249614.621264,10.10.0.10,173.194.151.108,,,41505,443,0,37,17
1589249614.633703,173.194.151.108,10.10.0.10,,,443,41505,0,1358,17
1589249614.6476612,173.194.151.108,10.10.0.10,,,443,41505,0,1358,17
1589249614.6497462,10.10.0.10,173.194.151.108,,,41505,443,0,37,17
1589249614.6616292,173.194.151.108,10.10.0.10,,,443,41505,0,1358,17
1589249614.6756039,173.194.151.108,10.10.0.10,,,443,41505,0,1358,17
1589249614.677117,10.10.0.10,173.194.151.108,,,41505,443,0,37,17
1589249614.689574,173.194.151.108,10.10.0.10,,,443,41505,0,1358,17
1589249614.7035446,173.194.151.108,10.10.0.10,,,443,41505,0,1358,17
1589249614.704993,10.10.0.10,173.194.151.108,,,41505,443,0,37,17
1589249614.717519,173.194.151.108,10.10.0.10,,,443,41505,0,1358,17
1589249614.731506,173.194.151.108,10.10.0.10,,,443,41505,0,1358,17
1589249614.737043,10.10.0.10,173.194.151.108,,,41505,443,0,37,17
1589249614.745468,173.194.151.108,10.10.0.10,,,443,41505,0,1358,17
1589249614.759436,173.194.151.108,10.10.0.10,,,443,41505,0,1358,17
1589249614.7611482,10.10.0.10,173.194.151.108,,,41505,443,0,37,17
1589249614.7734118,173.194.151.108,10.10.0.10,,,443,41505,0,1358,17
1589249614.787384,173.194.151.108,10.10.0.10,,,443,41505,0,1358,17
1589249614.788901,10.10.0.10,173.194.151.108,,,41505,443,0,37,17
1589249614.801357,173.194.151.108,10.10.0.10,,,443,41505,0,1358,17
1589249614.815332,173.194.151.108,10.10.0.10,,,443,41505,0,1358,17
1589249614.8176668,10.10.0.10,173.194.151.108,,,41505,443,0,50,17
1589249614.829317,173.194.151.108,10.10.0.10,,,443,41505,0,1358,17
1589249614.8432784,173.194.151.108,10.10.0.10,,,443,41505,0,1358,17
1589249614.844916,10.10.0.10,173.194.151.108,,,41505,443,0,37,17
1589249614.857255,173.194.151.108,10.10.0.10,,,443,41505,0,1358,17
1589249614.871223,173.194.151.108,10.10.0.10,,,443,41505,0,1358,17
1589249614.872895,10.10.0.10,173.194.151.108,,,41505,443,0,37,17
1589249614.885198,173.194.151.108,10.10.0.10,,,443,41505,0,1358,17
1589249614.8991628,173.194.151.108,10.10.0.10,,,443,41505,0,1358,17
1589249614.9017732,10.10.0.10,173.194.151.108,,,41505,443,0,37,17
1589249614.9131384,173.194.151.108,10.10.0.10,,,443,41505,0,1358,17
1589249614.9271262,173.194.151.108,10.10.0.10,,,443,41505,0,1358,17
1589249614.9287882,10.10.0.10,173.194.151.108,,,41505,443,0,37,17
1589249614.941081,173.194.151.108,10.10.0.10,,,443,41505,0,1358,17
1589249614.955067,173.194.151.108,10.10.0.10,,,443,41505,0,1358,17
1589249614.956527,10.10.0.10,173.194.151.108,,,41505,443,0,37,17
1589249614.9690278,173.194.151.108,10.10.0.10,,,443,41505,0,1358,17
1589249614.983001,173.194.151.108,10.10.0.10,,,443,41505,0,1358,17
1589249614.985017,10.10.0.10,173.194.151.108,,,41505,443,0,37,17
1589249614.9969802,173.194.151.108,10.10.0.10,,,443,41505,0,1358,17
1589249615.010943,173.194.151.108,10.10.0.10,,,443,41505,0,1358,17
1589249615.0128922,10.10.0.10,173.194.151.108,,,41505,443,0,37,17
1589249615.024936,173.194.151.108,10.10.0.10,,,443,41505,0,1358,17
1589249615.038887,173.194.151.108,10.10.0.10,,,443,41505,0,1358,17
1589249615.040912,10.10.0.10,173.194.151.108,,,41505,443,0,37,17
1589249615.0528731,173.194.151.108,10.10.0.10,,,443,41505,0,1358,17
1589249615.066832,173.194.151.108,10.10.0.10,,,443,41505,0,1358,17
1589249615.0684748,10.10.0.10,173.194.151.108,,,41505,443,0,37,17
1589249615.0808122,173.194.151.108,10.10.0.10,,,443,41505,0,1358,17
1589249615.094782,173.194.151.108,10.10.0.10,,,443,41505,0,1358,17
1589249615.09666,10.10.0.10,173.194.151.108,,,41505,443,0,37,17
1589249615.108751,173.194.151.108,10.10.0.10,,,443,41505,0,1358,17
1589249615.1227224,173.194.151.108,10.10.0.10,,,443,41505,0,1358,17
1589249615.1243875,10.10.0.10,173.194.151.108,,,41505,443,0,37,17
1589249615.1366956,173.194.151.108,10.10.0.10,,,443,41505,0,1358,17
1589249615.150683,173.194.151.108,10.10.0.10,,,443,41505,0,1358,17
1589249615.152416,10.10.0.10,173.194.151.108,,,41505,443,0,37,17
1589249615.164641,173.194.151.108,10.10.0.10,,,443,41505,0,1358,17
1589249615.178619,173.194.151.108,10.10.0.10,,,443,41505,0,1358,17
1589249615.180886,10.10.0.10,173.194.151.108,,,41505,443,0,37,17
1589249615.192584,173.194.151.108,10.10.0.10,,,443,41505,0,1358,17
1589249615.206559,173.194.151.108,10.10.0.10,,,443,41505,0,1358,17
1589249615.208262,10.10.0.10,173.194.151.108,,,41505,443,0,37,17
1589249615.2205286,173.194.151.108,10.10.0.10,,,443,41505,0,1358,17
1589249615.234504,173.194.151.108,10.10.0.10,,,443,41505,0,1358,17
1589249615.239983,10.10.0.10,173.194.151.108,,,41505,443,0,37,17
1589249615.2484741,173.194.151.108,10.10.0.10,,,443,41505,0,1358,17
1589249615.2624464,173.194.151.108,10.10.0.10,,,443,41505,0,1358,17
1589249615.2641635,10.10.0.10,173.194.151.108,,,41505,443,0,37,17
1589249615.276431,173.194.151.108,10.10.0.10,,,443,41505,0,1358,17
1589249615.2903929,173.194.151.108,10.10.0.10,,,443,41505,0,1358,17
1589249615.2921069,10.10.0.10,173.194.151.108,,,41505,443,0,37,17
1589249615.3043652,173.194.151.108,10.10.0.10,,,443,41505,0,1358,17
1589249615.3183384,173.194.151.108,10.10.0.10,,,443,41505,0,1358,17
1589249615.332314,173.194.151.108,10.10.0.10,,,443,41505,0,1358,17
1589249615.3463,173.194.151.108,10.10.0.10,,,443,41505,0,1358,17
1589249615.360248,173.194.151.108,10.10.0.10,,,443,41505,0,1358,17
1589249615.3742428,173.194.151.108,10.10.0.10,,,443,41505,0,1358,17
1589249615.387897,10.10.0.10,173.194.151.108,,,41505,443,0,40,17
1589249615.3881938,173.194.151.108,10.10.0.10,,,443,41505,0,1358,17
1589249615.3905098,10.10.0.10,173.194.151.108,,,41505,443,0,40,17
1589249615.3911538,10.10.0.10,173.194.151.108,,,41505,443,0,53,17
1589249615.3920288,10.10.0.10,173.194.151.108,,,41505,443,0,40,17
1589249615.394528,10.10.0.10,173.194.151.108,,,41505,443,0,40,17
1589249615.4021778,173.194.151.108,10.10.0.10,,,443,41505,0,1358,17
1589249615.4161382,173.194.151.108,10.10.0.10,,,443,41505,0,1358,17
1589249615.417754,10.10.0.10,173.194.151.108,,,41505,443,0,40,17
1589249615.4301171,173.194.151.108,10.10.0.10,,,443,41505,0,1358,17
1589249615.4440892,173.194.151.108,10.10.0.10,,,443,41505,0,1358,17
1589249615.4457731,10.10.0.10,173.194.151.108,,,41505,443,0,40,17
1589249615.4580612,173.194.151.108,10.10.0.10,,,443,41505,0,1358,17
1589249615.472034,173.194.151.108,10.10.0.10,,,443,41505,0,1358,17
1589249615.4742525,10.10.0.10,173.194.151.108,,,41505,443,0,40,17
1589249615.486005,173.194.151.108,10.10.0.10,,,443,41505,0,1358,17
1589249615.499975,173.194.151.108,10.10.0.10,,,443,41505,0,1358,17
1589249615.5018976,10.10.0.10,173.194.151.108,,,41505,443,0,37,17
1589249615.5139492,173.194.151.108,10.10.0.10,,,443,41505,0,1358,17
1589249615.5279238,173.194.151.108,10.10.0.10,,,443,41505,0,1358,17
1589249615.5296464,10.10.0.10,173.194.151.108,,,41505,443,0,37,17
1589249615.5418954,173.194.151.108,10.10.0.10,,,443,41505,0,1358,17
1589249615.555867,173.194.151.108,10.10.0.10,,,443,41505,0,1358,17
1589249615.557769,10.10.0.10,173.194.151.108,,,41505,443,0,37,17
1589249615.56984,173.194.151.108,10.10.0.10,,,443,41505,0,1358,17
1589249615.5838132,173.194.151.108,10.10.0.10,,,443,41505,0,1358,17
1589249615.585641,10.10.0.10,173.194.151.108,,,41505,443,0,37,17
1589249615.597801,173.194.151.108,10.10.0.10,,,443,41505,0,1358,17
1589249615.611752,173.194.151.108,10.10.0.10,,,443,41505,0,1358,17
1589249615.613631,10.10.0.10,173.194.151.108,,,41505,443,0,37,17
1589249615.6257231,173.194.151.108,10.10.0.10,,,443,41505,0,1358,17
1589249615.639698,173.194.151.108,10.10.0.10,,,443,41505,0,1358,17
1589249615.6417315,10.10.0.10,173.194.151.108,,,41505,443,0,37,17
1589249615.6536765,173.194.151.108,10.10.0.10,,,443,41505,0,1358,17
1589249615.6676452,173.194.151.108,10.10.0.10,,,443,41505,0,1358,17
1589249615.681619,173.194.151.108,10.10.0.10,,,443,41505,0,1358,17
1589249615.683896,10.10.0.10,173.194.151.108,,,41505,443,0,37,17
1589249615.69559,173.194.151.108,10.10.0.10,,,443,41505,0,1358,17
1589249615.6982381,10.10.0.10,173.194.151.108,,,41505,443,0,37,17
1589249615.7095642,173.194.151.108,10.10.0.10,,,443,41505,0,1358,17
1589249615.7235339,173.194.151.108,10.10.0.10,,,443,41505,0,1358,17
1589249615.725392,10.10.0.10,173.194.151.108,,,41505,443,0,37,17
1589249615.737504,173.194.151.108,10.10.0.10,,,443,41505,0,1358,17
1589249615.751482,173.194.151.108,10.10.0.10,,,443,41505,0,1358,17
1589249615.7532518,10.10.0.10,173.194.151.108,,,41505,443,0,37,17
1589249615.765456,173.194.151.108,10.10.0.10,,,443,41505,0,1358,17
1589249615.7794259,173.194.151.108,10.10.0.10,,,443,41505,0,1358,17
1589249615.780998,10.10.0.10,173.194.151.108,,,41505,443,0,37,17
1589249615.793414,173.194.151.108,10.10.0.10,,,443,41505,0,1358,17
1589249615.8073714,173.194.151.108,10.10.0.10,,,443,41505,0,1358,17
1589249615.809009,10.10.0.10,173.194.151.108,,,41505,443,0,37,17
1589249615.821352,173.194.151.108,10.10.0.10,,,443,41505,0,1358,17
1589249615.8353171,173.194.151.108,10.10.0.10,,,443,41505,0,1358,17
1589249615.836992,10.10.0.10,173.194.151.108,,,41505,443,0,37,17
1589249615.8492892,173.194.151.108,10.10.0.10,,,443,41505,0,1358,17
1589249615.8632581,173.194.151.108,10.10.0.10,,,443,41505,0,1358,17
1589249615.865742,10.10.0.10,173.194.151.108,,,41505,443,0,37,17
1589249615.877232,173.194.151.108,10.10.0.10,,,443,41505,0,1358,17
1589249615.8912039,173.194.151.108,10.10.0.10,,,443,41505,0,1358,17
1589249615.8928866,10.10.0.10,173.194.151.108,,,41505,443,0,50,17
1589249615.9051788,173.194.151.108,10.10.0.10,,,443,41505,0,1358,17
1589249615.9191618,173.194.151.108,10.10.0.10,,,443,41505,0,1358,17
1589249615.920864,10.10.0.10,173.194.151.108,,,41505,443,0,37,17
1589249615.9331222,173.194.151.108,10.10.0.10,,,443,41505,0,1358,17
1589249615.947098,173.194.151.108,10.10.0.10,,,443,41505,0,1358,17
1589249615.949483,10.10.0.10,173.194.151.108,,,41505,443,0,37,17
1589249615.961061,173.194.151.108,10.10.0.10,,,443,41505,0,1358,17
1589249615.9750428,173.194.151.108,10.10.0.10,,,443,41505,0,1358,17
1589249615.976632,10.10.0.10,173.194.151.108,,,41505,443,0,37,17
1589249615.989034,173.194.151.108,10.10.0.10,,,443,41505,0,640,17
1589249615.995784,173.194.151.108,10.10.0.10,,,443,41505,0,29,17
1589249616.029015,10.10.0.10,173.194.151.108,,,41505,443,0,37,17
1589249616.301379,10.10.0.10,173.194.151.108,,,41505,443,0,724,17
1589249616.3014052,10.10.0.10,173.194.151.108,,,41505,443,0,48,17
1589249616.3057332,173.194.151.108,10.10.0.10,,,443,41505,0,29,17
1589249616.3071911,173.194.151.108,10.10.0.10,,,443,41505,0,1358,17
1589249616.307227,173.194.151.108,10.10.0.10,,,443,41505,0,1358,17
1589249616.3097491,10.10.0.10,173.194.151.108,,,41505,443,0,37,17
1589249616.3190918,173.194.151.108,10.10.0.10,,,443,41505,0,1358,17
1589249616.333058,173.194.151.108,10.10.0.10,,,443,41505,0,1358,17
1589249616.347031,173.194.151.108,10.10.0.10,,,443,41505,0,1358,17
1589249616.3610196,173.194.151.108,10.10.0.10,,,443,41505,0,1358,17
1589249616.374975,173.194.151.108,10.10.0.10,,,443,41505,0,1358,17
1589249616.3758519,10.10.0.10,173.194.151.108,,,41505,443,0,37,17
1589249616.377351,10.10.0.10,173.194.151.108,,,41505,443,0,40,17
1589249616.3784778,10.10.0.10,173.194.151.108,,,41505,443,0,40,17
1589249616.3785038,10.10.0.10,173.194.151.108,,,41505,443,0,40,17
1589249616.3889608,173.194.151.108,10.10.0.10,,,443,41505,0,1358,17
1589249616.402919,173.194.151.108,10.10.0.10,,,443,41505,0,1358,17
1589249616.416898,173.194.151.108,10.10.0.10,,,443,41505,0,1358,17
1589249616.430865,173.194.151.108,10.10.0.10,,,443,41505,0,1358,17
1589249616.444839,173.194.151.108,10.10.0.10,,,443,41505,0,1358,17
1589249616.4588099,173.194.151.108,10.10.0.10,,,443,41505,0,1358,17
1589249616.4727802,173.194.151.108,10.10.0.10,,,443,41505,0,1358,17
1589249616.48677,173.194.151.108,10.10.0.10,,,443,41505,0,1358,17
1589249616.500726,173.194.151.108,10.10.0.10,,,443,41505,0,1358,17
1589249616.517868,10.10.0.10,173.194.151.108,,,41505,443,0,42,17
1589249616.520591,10.10.0.10,173.194.151.108,,,41505,443,0,42,17
1589249616.5229158,173.194.151.108,10.10.0.10,,,443,41505,0,1358,17
1589249616.524732,10.10.0.10,173.194.151.108,,,41505,443,0,42,17
1589249616.525974,10.10.0.10,173.194.151.108,,,41505,443,0,42,17
1589249616.5286686,173.194.151.108,10.10.0.10,,,443,41505,0,1358,17
1589249616.5288498,10.10.0.10,173.194.151.108,,,41505,443,0,42,17
1589249616.530998,10.10.0.10,173.194.151.108,,,41505,443,0,42,17
1589249616.5426464,173.194.151.108,10.10.0.10,,,443,41505,0,1358,17
1589249616.545491,10.10.0.10,173.194.151.108,,,41505,443,0,42,17
1589249616.5566142,173.194.151.108,10.10.0.10,,,443,41505,0,1358,17
1589249616.570591,173.194.151.108,10.10.0.10,,,443,41505,0,1358,17
1589249616.572472,10.10.0.10,173.194.151.108,,,41505,443,0,42,17
1589249616.58456,173.194.151.108,10.10.0.10,,,443,41505,0,1358,17
1589249616.598535,173.194.151.108,10.10.0.10,,,443,41505,0,1358,17
1589249616.6002202,10.10.0.10,173.194.151.108,,,41505,443,0,42,17
1589249616.6125,173.194.151.108,10.10.0.10,,,443,41505,0,1358,17
1589249616.6264741,173.194.151.108,10.10.0.10,,,443,41505,0,1358,17
1589249616.628191,10.10.0.10,173.194.151.108,,,41505,443,0,42,17
1589249616.6404474,173.194.151.108,10.10.0.10,,,443,41505,0,1358,17
1589249616.654417,173.194.151.108,10.10.0.10,,,443,41505,0,1358,17
1589249616.656501,10.10.0.10,173.194.151.108,,,41505,443,0,42,17
1589249616.66839,173.194.151.108,10.10.0.10,,,443,41505,0,1358,17
1589249616.682382,173.194.151.108,10.10.0.10,,,443,41505,0,1358,17
1589249616.6845946,10.10.0.10,173.194.151.108,,,41505,443,0,42,17
1589249616.696337,173.194.151.108,10.10.0.10,,,443,41505,0,1358,17
1589249616.71031,173.194.151.108,10.10.0.10,,,443,41505,0,1358,17
1589249616.712574,10.10.0.10,173.194.151.108,,,41505,443,0,42,17
1589249616.724277,173.194.151.108,10.10.0.10,,,443,41505,0,1358,17
1589249616.7382536,173.194.151.108,10.10.0.10,,,443,41505,0,1358,17
1589249616.739972,10.10.0.10,173.194.151.108,,,41505,443,0,42,17
1589249616.752224,173.194.151.108,10.10.0.10,,,443,41505,0,1358,17
1589249616.7662,173.194.151.108,10.10.0.10,,,443,41505,0,1358,17
1589249616.780169,173.194.151.108,10.10.0.10,,,443,41505,0,1358,17
1589249616.794143,173.194.151.108,10.10.0.10,,,443,41505,0,1358,17
1589249616.8081136,173.194.151.108,10.10.0.10,,,443,41505,0,1358,17
1589249616.822092,173.194.151.108,10.10.0.10,,,443,41505,0,1358,17
1589249616.836071,173.194.151.108,10.10.0.10,,,443,41505,0,1358,17
1589249616.850038,173.194.151.108,10.10.0.10,,,443,41505,0,1358,17
1589249616.864003,173.194.151.108,10.10.0.10,,,443,41505,0,1358,17
1589249616.877983,173.194.151.108,10.10.0.10,,,443,41505,0,1358,17
1589249616.889483,10.10.0.10,173.194.151.108,,,41505,443,0,55,17
1589249616.891953,173.194.151.108,10.10.0.10,,,443,41505,0,1358,17
1589249616.891967,10.10.0.10,173.194.151.108,,,41505,443,0,44,17
1589249616.891994,10.10.0.10,173.194.151.108,,,41505,443,0,44,17
1589249616.8941061,10.10.0.10,173.194.151.108,,,41505,443,0,44,17
1589249616.895329,10.10.0.10,173.194.151.108,,,41505,443,0,44,17
1589249616.896606,10.10.0.10,173.194.151.108,,,41505,443,0,44,17
1589249616.90592,173.194.151.108,10.10.0.10,,,443,41505,0,1358,17
1589249616.907729,10.10.0.10,173.194.151.108,,,41505,443,0,40,17
1589249616.919898,173.194.151.108,10.10.0.10,,,443,41505,0,1358,17
1589249616.933882,173.194.151.108,10.10.0.10,,,443,41505,0,1358,17
1589249616.947842,173.194.151.108,10.10.0.10,,,443,41505,0,1358,17
1589249616.9569798,10.10.0.10,173.194.151.108,,,41505,443,0,40,17
1589249616.961817,173.194.151.108,10.10.0.10,,,443,41505,0,1358,17
1589249616.9634595,10.10.0.10,173.194.151.108,,,41505,443,0,40,17
1589249616.975787,173.194.151.108,10.10.0.10,,,443,41505,0,1358,17
1589249616.989759,173.194.151.108,10.10.0.10,,,443,41505,0,1358,17
1589249616.991334,10.10.0.10,173.194.151.108,,,41505,443,0,40,17
1589249617.003753,173.194.151.108,10.10.0.10,,,443,41505,0,1358,17
1589249617.01771,173.194.151.108,10.10.0.10,,,443,41505,0,1358,17
1589249617.0192099,10.10.0.10,173.194.151.108,,,41505,443,0,40,17
1589249617.0316908,173.194.151.108,10.10.0.10,,,443,41505,0,1358,17
1589249617.045651,173.194.151.108,10.10.0.10,,,443,41505,0,1358,17
1589249617.047083,10.10.0.10,173.194.151.108,,,41505,443,0,40,17
1589249617.059631,173.194.151.108,10.10.0.10,,,443,41505,0,1358,17
1589249617.073599,173.194.151.108,10.10.0.10,,,443,41505,0,1358,17
1589249617.075351,10.10.0.10,173.194.151.108,,,41505,443,0,40,17
1589249617.087568,173.194.151.108,10.10.0.10,,,443,41505,0,1358,17
1589249617.1015382,173.194.151.108,10.10.0.10,,,443,41505,0,1358,17
1589249617.1155071,173.194.151.108,10.10.0.10,,,443,41505,0,1358,17
1589249617.129479,173.194.151.108,10.10.0.10,,,443,41505,0,1358,17
1589249617.143457,173.194.151.108,10.10.0.10,,,443,41505,0,1358,17
1589249617.1574366,173.194.151.108,10.10.0.10,,,443,41505,0,1358,17
1589249617.171402,173.194.151.108,10.10.0.10,,,443,41505,0,1358,17
1589249617.185376,173.194.151.108,10.10.0.10,,,443,41505,0,1358,17
1589249617.1993468,173.194.151.108,10.10.0.10,,,443,41505,0,1358,17
1589249617.2034519,10.10.0.10,173.194.151.108,,,41505,443,0,40,17
1589249617.2133136,173.194.151.108,10.10.0.10,,,443,41505,0,1358,17
1589249617.227292,173.194.151.108,10.10.0.10,,,443,41505,0,1358,17
1589249617.2284741,10.10.0.10,173.194.151.108,,,41505,443,0,42,17
1589249617.230474,10.10.0.10,173.194.151.108,,,41505,443,0,42,17
1589249617.231223,10.10.0.10,173.194.151.108,,,41505,443,0,42,17
1589249617.2314522,10.10.0.10,173.194.151.108,,,41505,443,0,42,17
1589249617.236455,10.10.0.10,173.194.151.108,,,41505,443,0,42,17
1589249617.239202,10.10.0.10,173.194.151.108,,,41505,443,0,42,17
1589249617.241265,173.194.151.108,10.10.0.10,,,443,41505,0,1358,17
1589249617.255249,173.194.151.108,10.10.0.10,,,443,41505,0,1358,17
1589249617.25697,10.10.0.10,173.194.151.108,,,41505,443,0,55,17
1589249617.269207,173.194.151.108,10.10.0.10,,,443,41505,0,1358,17
1589249617.283183,173.194.151.108,10.10.0.10,,,443,41505,0,1358,17
1589249617.285701,10.10.0.10,173.194.151.108,,,41505,443,0,42,17
1589249617.297153,173.194.151.108,10.10.0.10,,,443,41505,0,1358,17
1589249617.311125,173.194.151.108,10.10.0.10,,,443,41505,0,29,17
1589249617.3117561,173.194.151.108,10.10.0.10,,,443,41505,0,1358,17
1589249617.3133242,10.10.0.10,173.194.151.108,,,41505,443,0,37,17
1589249617.3257318,173.194.151.108,10.10.0.10,,,443,41505,0,1358,17
1589249617.3396974,173.194.151.108,10.10.0.10,,,443,41505,0,1358,17
1589249617.341343,10.10.0.10,173.194.151.108,,,41505,443,0,37,17
1589249617.3536801,173.194.151.108,10.10.0.10,,,443,41505,0,1358,17
1589249617.3676481,173.194.151.108,10.10.0.10,,,443,41505,0,1358,17
1589249617.3693318,10.10.0.10,173.194.151.108,,,41505,443,0,37,17
1589249617.381623,173.194.151.108,10.10.0.10,,,443,41505,0,1358,17
1589249617.39559,173.194.151.108,10.10.0.10,,,443,41505,0,1358,17
1589249617.3973384,10.10.0.10,173.194.151.108,,,41505,443,0,37,17
1589249617.4095652,173.194.151.108,10.10.0.10,,,443,41505,0,1358,17
1589249617.423554,173.194.151.108,10.10.0.10,,,443,41505,0,1358,17
1589249617.4253216,10.10.0.10,173.194.151.108,,,41505,443,0,37,17
1589249617.4375124,173.194.151.108,10.10.0.10,,,443,41505,0,1358,17
1589249617.451495,173.194.151.108,10.10.0.10,,,443,41505,0,1358,17
1589249617.4537132,10.10.0.10,173.194.151.108,,,41505,443,0,37,17
1589249617.4654539,173.194.151.108,10.10.0.10,,,443,41505,0,1358,17
1589249617.4794278,173.194.151.108,10.10.0.10,,,443,41505,0,1358,17
1589249617.481217,10.10.0.10,173.194.151.108,,,41505,443,0,37,17
1589249617.4933982,173.194.151.108,10.10.0.10,,,443,41505,0,1358,17
1589249617.5073721,173.194.151.108,10.10.0.10,,,443,41505,0,1358,17
1589249617.5090704,10.10.0.10,173.194.151.108,,,41505,443,0,37,17
1589249617.5213652,173.194.151.108,10.10.0.10,,,443,41505,0,1358,17
1589249617.5353158,173.194.151.108,10.10.0.10,,,443,41505,0,1358,17
1589249617.537339,10.10.0.10,173.194.151.108,,,41505,443,0,37,17
1589249617.5492866,173.194.151.108,10.10.0.10,,,443,41505,0,1358,17
1589249617.5632632,173.194.151.108,10.10.0.10,,,443,41505,0,1358,17
1589249617.5650866,10.10.0.10,173.194.151.108,,,41505,443,0,37,17
1589249617.5772312,173.194.151.108,10.10.0.10,,,443,41505,0,1358,17
1589249617.591206,173.194.151.108,10.10.0.10,,,443,41505,0,1358,17
1589249617.5926845,10.10.0.10,173.194.151.108,,,41505,443,0,37,17
1589249617.6051786,173.194.151.108,10.10.0.10,,,443,41505,0,1358,17
1589249617.6191502,173.194.151.108,10.10.0.10,,,443,41505,0,1358,17
1589249617.620783,10.10.0.10,173.194.151.108,,,41505,443,0,37,17
1589249617.6331182,173.194.151.108,10.10.0.10,,,443,41505,0,1358,17
1589249617.64709,173.194.151.108,10.10.0.10,,,443,41505,0,1358,17
1589249617.648959,10.10.0.10,173.194.151.108,,,41505,443,0,37,17
1589249617.6610641,173.194.151.108,10.10.0.10,,,443,41505,0,1358,17
1589249617.6750462,173.194.151.108,10.10.0.10,,,443,41505,0,1358,17
1589249617.6769412,10.10.0.10,173.194.151.108,,,41505,443,0,37,17
1589249617.689007,173.194.151.108,10.10.0.10,,,443,41505,0,1358,17
1589249617.702986,173.194.151.108,10.10.0.10,,,443,41505,0,1358,17
1589249617.7066898,10.10.0.10,173.194.151.108,,,41505,443,0,37,17
1589249617.716953,173.194.151.108,10.10.0.10,,,443,41505,0,1358,17
1589249617.7309306,173.194.151.108,10.10.0.10,,,443,41505,0,1358,17
1589249617.7337186,10.10.0.10,173.194.151.108,,,41505,443,0,37,17
1589249617.744905,173.194.151.108,10.10.0.10,,,443,41505,0,1358,17
1589249617.758875,173.194.151.108,10.10.0.10,,,443,41505,0,1358,17
1589249617.761527,10.10.0.10,173.194.151.108,,,41505,443,0,37,17
1589249617.772842,173.194.151.108,10.10.0.10,,,443,41505,0,1358,17
1589249617.786819,173.194.151.108,10.10.0.10,,,443,41505,0,1358,17
1589249617.800793,173.194.151.108,10.10.0.10,,,443,41505,0,1358,17
1589249617.8147626,173.194.151.108,10.10.0.10,,,443,41505,0,1358,17
1589249617.828737,173.194.151.108,10.10.0.10,,,443,41505,0,1358,17
1589249617.8427286,173.194.151.108,10.10.0.10,,,443,41505,0,1358,17
1589249617.8566818,173.194.151.108,10.10.0.10,,,443,41505,0,1358,17
1589249617.870666,173.194.151.108,10.10.0.10,,,443,41505,0,1358,17
1589249617.875947,10.10.0.10,173.194.151.108,,,41505,443,0,37,17
1589249617.878433,10.10.0.10,173.194.151.108,,,41505,443,0,50,17
1589249617.882206,10.10.0.10,173.194.151.108,,,41505,443,0,37,17
1589249617.8828268,10.10.0.10,173.194.151.108,,,41505,443,0,37,17
1589249617.884623,173.194.151.108,10.10.0.10,,,443,41505,0,1358,17
1589249617.898606,173.194.151.108,10.10.0.10,,,443,41505,0,1358,17
1589249617.900184,10.10.0.10,173.194.151.108,,,41505,443,0,37,17
1589249617.9125712,173.194.151.108,10.10.0.10,,,443,41505,0,1358,17
1589249617.926543,173.194.151.108,10.10.0.10,,,443,41505,0,1358,17
1589249617.940518,173.194.151.108,10.10.0.10,,,443,41505,0,1358,17
1589249617.954489,173.194.151.108,10.10.0.10,,,443,41505,0,29,17
1589249617.955122,173.194.151.108,10.10.0.10,,,443,41505,0,1358,17
1589249617.9691038,173.194.151.108,10.10.0.10,,,443,41505,0,1358,17
1589249617.9830682,173.194.151.108,10.10.0.10,,,443,41505,0,1358,17
1589249617.9970381,173.194.151.108,10.10.0.10,,,443,41505,0,1358,17
1589249618.011008,173.194.151.108,10.10.0.10,,,443,41505,0,1358,17
1589249618.0234685,10.10.0.10,173.194.151.108,,,41505,443,0,37,17
1589249618.024984,173.194.151.108,10.10.0.10,,,443,41505,0,1358,17
1589249618.037081,10.10.0.10,173.194.151.108,,,41505,443,0,40,17
1589249618.0379558,10.10.0.10,173.194.151.108,,,41505,443,0,40,17
1589249618.038929,10.10.0.10,173.194.151.108,,,41505,443,0,40,17
1589249618.038954,173.194.151.108,10.10.0.10,,,443,41505,0,1358,17
1589249618.039937,10.10.0.10,173.194.151.108,,,41505,443,0,40,17
1589249618.0417,10.10.0.10,173.194.151.108,,,41505,443,0,40,17
1589249618.052925,173.194.151.108,10.10.0.10,,,443,41505,0,1358,17
1589249618.066895,173.194.151.108,10.10.0.10,,,443,41505,0,1358,17
1589249618.0686786,10.10.0.10,173.194.151.108,,,41505,443,0,40,17
1589249618.080872,173.194.151.108,10.10.0.10,,,443,41505,0,1358,17
1589249618.0948498,173.194.151.108,10.10.0.10,,,443,41505,0,1358,17
1589249618.096427,10.10.0.10,173.194.151.108,,,41505,443,0,40,17
1589249618.108815,173.194.151.108,10.10.0.10,,,443,41505,0,1358,17
1589249618.12279,173.194.151.108,10.10.0.10,,,443,41505,0,1358,17
1589249618.1246758,10.10.0.10,173.194.151.108,,,41505,443,0,40,17
1589249618.136762,173.194.151.108,10.10.0.10,,,443,41505,0,1358,17
1589249618.1507325,173.194.151.108,10.10.0.10,,,443,41505,0,1358,17
1589249618.154447,10.10.0.10,173.194.151.108,,,41505,443,0,40,17
1589249618.1647012,173.194.151.108,10.10.0.10,,,443,41505,0,1358,17
1589249618.1786802,173.194.151.108,10.10.0.10,,,443,41505,0,1358,17
1589249618.1802988,10.10.0.10,173.194.151.108,,,41505,443,0,40,17
1589249618.192659,173.194.151.108,10.10.0.10,,,443,41505,0,1358,17
1589249618.2066178,173.194.151.108,10.10.0.10,,,443,41505,0,1358,17
1589249618.2205956,173.194.151.108,10.10.0.10,,,443,41505,0,1358,17
1589249618.2300668,10.10.0.10,173.194.151.108,,,41505,443,0,40,17
1589249618.234566,173.194.151.108,10.10.0.10,,,443,41505,0,1358,17
1589249618.236567,10.10.0.10,173.194.151.108,,,41505,443,0,40,17
1589249618.248557,173.194.151.108,10.10.0.10,,,443,41505,0,1358,17
1589249618.262507,173.194.151.108,10.10.0.10,,,443,41505,0,1358,17
1589249618.264193,10.10.0.10,173.194.151.108,,,41505,443,0,40,17
1589249618.2764866,173.194.151.108,10.10.0.10,,,443,41505,0,1358,17
1589249618.290471,173.194.151.108,10.10.0.10,,,443,41505,0,1358,17
1589249618.292066,10.10.0.10,173.194.151.108,,,41505,443,0,40,17
1589249618.304431,173.194.151.108,10.10.0.10,,,443,41505,0,1358,17
1589249618.3184028,173.194.151.108,10.10.0.10,,,443,41505,0,1358,17
1589249618.3212981,10.10.0.10,173.194.151.108,,,41505,443,0,40,17
1589249618.332376,173.194.151.108,10.10.0.10,,,443,41505,0,1358,17
1589249618.3463461,173.194.151.108,10.10.0.10,,,443,41505,0,1358,17
1589249618.3479302,10.10.0.10,173.194.151.108,,,41505,443,0,53,17
1589249618.36034,173.194.151.108,10.10.0.10,,,443,41505,0,1358,17
1589249618.3742929,173.194.151.108,10.10.0.10,,,443,41505,0,1358,17
1589249618.3759382,10.10.0.10,173.194.151.108,,,41505,443,0,40,17
1589249618.388278,173.194.151.108,10.10.0.10,,,443,41505,0,1358,17
1589249618.4022374,173.194.151.108,10.10.0.10,,,443,41505,0,1358,17
1589249618.4039366,10.10.0.10,173.194.151.108,,,41505,443,0,40,17
1589249618.4162042,173.194.151.108,10.10.0.10,,,443,41505,0,29,17
1589249618.41684,173.194.151.108,10.10.0.10,,,443,41505,0,1358,17
1589249618.4308374,173.194.151.108,10.10.0.10,,,443,41505,0,1358,17
1589249618.4325652,10.10.0.10,173.194.151.108,,,41505,443,0,37,17
1589249618.4447868,173.194.151.108,10.10.0.10,,,443,41505,0,1358,17
1589249618.458774,173.194.151.108,10.10.0.10,,,443,41505,0,1358,17
1589249618.461691,10.10.0.10,173.194.151.108,,,41505,443,0,37,17
1589249618.4727304,173.194.151.108,10.10.0.10,,,443,41505,0,1358,17
1589249618.4867141,173.194.151.108,10.10.0.10,,,443,41505,0,1358,17
1589249618.48856,10.10.0.10,173.194.151.108,,,41505,443,0,37,17
1589249618.5006778,173.194.151.108,10.10.0.10,,,443,41505,0,1358,17
1589249618.514649,173.194.151.108,10.10.0.10,,,443,41505,0,1358,17
1589249618.5165641,10.10.0.10,173.194.151.108,,,41505,443,0,37,17
1589249618.5286222,173.194.151.108,10.10.0.10,,,443,41505,0,1358,17
1589249618.542594,173.194.151.108,10.10.0.10,,,443,41505,0,1358,17
1589249618.5442908,10.10.0.10,173.194.151.108,,,41505,443,0,37,17
1589249618.556585,173.194.151.108,10.10.0.10,,,443,41505,0,1358,17
1589249618.570535,173.194.151.108,10.10.0.10,,,443,41505,0,1358,17
1589249618.572243,10.10.0.10,173.194.151.108,,,41505,443,0,37,17
1589249618.584503,173.194.151.108,10.10.0.10,,,443,41505,0,1358,17
1589249618.5984828,173.194.151.108,10.10.0.10,,,443,41505,0,1358,17
1589249618.61245,173.194.151.108,10.10.0.10,,,443,41505,0,1358,17
1589249618.628099,173.194.151.108,10.10.0.10,,,443,41505,0,1358,17
1589249618.642074,173.194.151.108,10.10.0.10,,,443,41505,0,1358,17
1589249618.656042,173.194.151.108,10.10.0.10,,,443,41505,0,1358,17
1589249618.670016,173.194.151.108,10.10.0.10,,,443,41505,0,1358,17
1589249618.683989,173.194.151.108,10.10.0.10,,,443,41505,0,1358,17
1589249618.697966,173.194.151.108,10.10.0.10,,,443,41505,0,1358,17
1589249618.711936,173.194.151.108,10.10.0.10,,,443,41505,0,1358,17
1589249618.725914,173.194.151.108,10.10.0.10,,,443,41505,0,1358,17
1589249618.739882,173.194.151.108,10.10.0.10,,,443,41505,0,1358,17
1589249618.740034,10.10.0.10,173.194.151.108,,,41505,443,0,37,17
1589249618.753855,173.194.151.108,10.10.0.10,,,443,41505,0,1358,17
1589249618.7668018,10.10.0.10,173.194.151.108,,,41505,443,0,40,17
1589249618.766829,10.10.0.10,173.194.151.108,,,41505,443,0,40,17
1589249618.7678258,173.194.151.108,10.10.0.10,,,443,41505,0,1358,17
1589249618.7689312,10.10.0.10,173.194.151.108,,,41505,443,0,40,17
1589249618.770407,10.10.0.10,173.194.151.108,,,41505,443,0,40,17
1589249618.7728028,10.10.0.10,173.194.151.108,,,41505,443,0,40,17
1589249618.774647,10.10.0.10,173.194.151.108,,,41505,443,0,40,17
1589249618.7771502,10.10.0.10,173.194.151.108,,,41505,443,0,40,17
1589249618.781799,173.194.151.108,10.10.0.10,,,443,41505,0,1358,17
1589249618.7957714,173.194.151.108,10.10.0.10,,,443,41505,0,1358,17
1589249618.797532,10.10.0.10,173.194.151.108,,,41505,443,0,40,17
1589249618.809743,173.194.151.108,10.10.0.10,,,443,41505,0,1358,17
1589249618.8237169,173.194.151.108,10.10.0.10,,,443,41505,0,1358,17
1589249618.8255482,10.10.0.10,173.194.151.108,,,41505,443,0,40,17
1589249618.837704,173.194.151.108,10.10.0.10,,,443,41505,0,1358,17
1589249618.8516624,173.194.151.108,10.10.0.10,,,443,41505,0,1358,17
1589249618.854656,10.10.0.10,173.194.151.108,,,41505,443,0,40,17
1589249618.865639,173.194.151.108,10.10.0.10,,,443,41505,0,1358,17
1589249618.879605,173.194.151.108,10.10.0.10,,,443,41505,0,1358,17
1589249618.8814292,10.10.0.10,173.194.151.108,,,41505,443,0,53,17
1589249618.8935802,173.194.151.108,10.10.0.10,,,443,41505,0,1358,17
1589249618.9075751,173.194.151.108,10.10.0.10,,,443,41505,0,29,17
1589249618.908183,173.194.151.108,10.10.0.10,,,443,41505,0,1358,17
1589249618.910529,10.10.0.10,173.194.151.108,,,41505,443,0,37,17
1589249618.922156,173.194.151.108,10.10.0.10,,,443,41505,0,1358,17
1589249618.937822,173.194.151.108,10.10.0.10,,,443,41505,0,1358,17
1589249618.939427,10.10.0.10,173.194.151.108,,,41505,443,0,37,17
1589249618.951777,173.194.151.108,10.10.0.10,,,443,41505,0,1358,17
1589249618.9657474,173.194.151.108,10.10.0.10,,,443,41505,0,1358,17
1589249618.96743,10.10.0.10,173.194.151.108,,,41505,443,0,37,17
1589249618.979722,173.194.151.108,10.10.0.10,,,443,41505,0,1358,17
1589249618.9937012,173.194.151.108,10.10.0.10,,,443,41505,0,1358,17
1589249618.995526,10.10.0.10,173.194.151.108,,,41505,443,0,37,17
1589249619.0076704,173.194.151.108,10.10.0.10,,,443,41505,0,1358,17
1589249619.02164,173.194.151.108,10.10.0.10,,,443,41505,0,1358,17
1589249619.023276,10.10.0.10,173.194.151.108,,,41505,443,0,37,17
1589249619.035614,173.194.151.108,10.10.0.10,,,443,41505,0,1358,17
1589249619.049584,173.194.151.108,10.10.0.10,,,443,41505,0,1358,17
1589249619.0511491,10.10.0.10,173.194.151.108,,,41505,443,0,37,17
1589249619.0635688,173.194.151.108,10.10.0.10,,,443,41505,0,1358,17
1589249619.0775301,173.194.151.108,10.10.0.10,,,443,41505,0,1358,17
1589249619.087524,10.10.0.10,173.194.151.108,,,41505,443,0,37,17
1589249619.091505,173.194.151.108,10.10.0.10,,,443,41505,0,1358,17
1589249619.105472,173.194.151.108,10.10.0.10,,,443,41505,0,1358,17
1589249619.119447,173.194.151.108,10.10.0.10,,,443,41505,0,1358,17
1589249619.1334188,173.194.151.108,10.10.0.10,,,443,41505,0,1358,17
1589249619.1473901,173.194.151.108,10.10.0.10,,,443,41505,0,1358,17
1589249619.161376,173.194.151.108,10.10.0.10,,,443,41505,0,1358,17
1589249619.1753368,173.194.151.108,10.10.0.10,,,443,41505,0,1358,17
1589249619.1893196,173.194.151.108,10.10.0.10,,,443,41505,0,1358,17
1589249619.2032812,173.194.151.108,10.10.0.10,,,443,41505,0,1358,17
1589249619.2172518,173.194.151.108,10.10.0.10,,,443,41505,0,1358,17
1589249619.231226,173.194.151.108,10.10.0.10,,,443,41505,0,1358,17
1589249619.245196,173.194.151.108,10.10.0.10,,,443,41505,0,1358,17
1589249619.24841,10.10.0.10,173.194.151.108,,,41505,443,0,37,17
1589249619.2591882,173.194.151.108,10.10.0.10,,,443,41505,0,1358,17
1589249619.262767,10.10.0.10,173.194.151.108,,,41505,443,0,40,17
1589249619.262794,10.10.0.10,173.194.151.108,,,41505,443,0,40,17
1589249619.2642918,10.10.0.10,173.194.151.108,,,41505,443,0,40,17
1589249619.2658944,10.10.0.10,173.194.151.108,,,41505,443,0,40,17
1589249619.26592,10.10.0.10,173.194.151.108,,,41505,443,0,40,17
1589249619.270544,10.10.0.10,173.194.151.108,,,41505,443,0,40,17
1589249619.2731464,173.194.151.108,10.10.0.10,,,443,41505,0,1358,17
1589249619.279167,10.10.0.10,173.194.151.108,,,41505,443,0,40,17
1589249619.2888124,173.194.151.108,10.10.0.10,,,443,41505,0,1358,17
1589249619.3027642,173.194.151.108,10.10.0.10,,,443,41505,0,1358,17
1589249619.304258,10.10.0.10,173.194.151.108,,,41505,443,0,40,17
1589249619.31675,173.194.151.108,10.10.0.10,,,443,41505,0,1358,17
1589249619.3307092,173.194.151.108,10.10.0.10,,,443,41505,0,1358,17
1589249619.332266,10.10.0.10,173.194.151.108,,,41505,443,0,40,17
1589249619.344683,173.194.151.108,10.10.0.10,,,443,41505,0,1358,17
1589249619.358654,173.194.151.108,10.10.0.10,,,443,41505,0,1358,17
1589249619.360411,10.10.0.10,173.194.151.108,,,41505,443,0,40,17
1589249619.3726275,173.194.151.108,10.10.0.10,,,443,41505,0,1358,17
1589249619.386598,173.194.151.108,10.10.0.10,,,443,41505,0,1358,17
1589249619.388389,10.10.0.10,173.194.151.108,,,41505,443,0,40,17
1589249619.400572,173.194.151.108,10.10.0.10,,,443,41505,0,1358,17
1589249619.41456,173.194.151.108,10.10.0.10,,,443,41505,0,1358,17
1589249619.4166381,10.10.0.10,173.194.151.108,,,41505,443,0,53,17
1589249619.42852,173.194.151.108,10.10.0.10,,,443,41505,0,1358,17
1589249619.442496,173.194.151.108,10.10.0.10,,,443,41505,0,1358,17
1589249619.444391,10.10.0.10,173.194.151.108,,,41505,443,0,40,17
1589249619.456464,173.194.151.108,10.10.0.10,,,443,41505,0,1358,17
1589249619.470434,173.194.151.108,10.10.0.10,,,443,41505,0,29,17
1589249619.4710634,173.194.151.108,10.10.0.10,,,443,41505,0,1358,17
1589249619.472631,10.10.0.10,173.194.151.108,,,41505,443,0,37,17
1589249619.485032,173.194.151.108,10.10.0.10,,,443,41505,0,1358,17
1589249619.499009,173.194.151.108,10.10.0.10,,,443,41505,0,1358,17
1589249619.500633,10.10.0.10,173.194.151.108,,,41505,443,0,37,17
1589249619.5129938,173.194.151.108,10.10.0.10,,,443,41505,0,1358,17
1589249619.526953,173.194.151.108,10.10.0.10,,,443,41505,0,1358,17
1589249619.528645,10.10.0.10,173.194.151.108,,,41505,443,0,37,17
1589249619.540935,173.194.151.108,10.10.0.10,,,443,41505,0,1358,17
1589249619.5549018,173.194.151.108,10.10.0.10,,,443,41505,0,1358,17
1589249619.5567641,10.10.0.10,173.194.151.108,,,41505,443,0,37,17
1589249619.568873,173.194.151.108,10.10.0.10,,,443,41505,0,1358,17
1589249619.5828428,173.194.151.108,10.10.0.10,,,443,41505,0,1358,17
1589249619.584467,10.10.0.10,173.194.151.108,,,41505,443,0,37,17
1589249619.596818,173.194.151.108,10.10.0.10,,,443,41505,0,1358,17
1589249619.610805,173.194.151.108,10.10.0.10,,,443,41505,0,1358,17
1589249619.612625,10.10.0.10,173.194.151.108,,,41505,443,0,37,17
1589249619.6247606,173.194.151.108,10.10.0.10,,,443,41505,0,1358,17
1589249619.6387398,173.194.151.108,10.10.0.10,,,443,41505,0,1358,17
1589249619.6406634,10.10.0.10,173.194.151.108,,,41505,443,0,37,17
1589249619.6527019,173.194.151.108,10.10.0.10,,,443,41505,0,1358,17
1589249619.66668,173.194.151.108,10.10.0.10,,,443,41505,0,1358,17
1589249619.668258,10.10.0.10,173.194.151.108,,,41505,443,0,37,17
1589249619.680648,173.194.151.108,10.10.0.10,,,443,41505,0,1358,17
1589249619.694619,173.194.151.108,10.10.0.10,,,443,41505,0,1358,17
1589249619.70016,10.10.0.10,173.194.151.108,,,41505,443,0,37,17
1589249619.7085958,173.194.151.108,10.10.0.10,,,443,41505,0,1358,17
1589249619.722567,173.194.151.108,10.10.0.10,,,443,41505,0,1358,17
1589249619.724138,10.10.0.10,173.194.151.108,,,41505,443,0,37,17
1589249619.736536,173.194.151.108,10.10.0.10,,,443,41505,0,1358,17
1589249619.750514,173.194.151.108,10.10.0.10,,,443,41505,0,1358,17
1589249619.7522528,10.10.0.10,173.194.151.108,,,41505,443,0,37,17
1589249619.764481,173.194.151.108,10.10.0.10,,,443,41505,0,1358,17
1589249619.778458,173.194.151.108,10.10.0.10,,,443,41505,0,1358,17
1589249619.7801492,10.10.0.10,173.194.151.108,,,41505,443,0,37,17
1589249619.7924259,173.194.151.108,10.10.0.10,,,443,41505,0,1358,17
1589249619.806423,173.194.151.108,10.10.0.10,,,443,41505,0,1358,17
1589249619.8082778,10.10.0.10,173.194.151.108,,,41505,443,0,37,17
1589249619.8203778,173.194.151.108,10.10.0.10,,,443,41505,0,1358,17
1589249619.83436,173.194.151.108,10.10.0.10,,,443,41505,0,1358,17
1589249619.836503,10.10.0.10,173.194.151.108,,,41505,443,0,37,17
1589249619.8483148,173.194.151.108,10.10.0.10,,,443,41505,0,1358,17
1589249619.8622901,173.194.151.108,10.10.0.10,,,443,41505,0,1358,17
1589249619.863875,10.10.0.10,173.194.151.108,,,41505,443,0,37,17
1589249619.8762589,173.194.151.108,10.10.0.10,,,443,41505,0,1358,17
1589249619.890236,173.194.151.108,10.10.0.10,,,443,41505,0,1358,17
1589249619.8918748,10.10.0.10,173.194.151.108,,,41505,443,0,37,17
1589249619.9042108,173.194.151.108,10.10.0.10,,,443,41505,0,1358,17
1589249619.9181812,173.194.151.108,10.10.0.10,,,443,41505,0,1358,17
1589249619.920126,10.10.0.10,173.194.151.108,,,41505,443,0,37,17
1589249619.93217,173.194.151.108,10.10.0.10,,,443,41505,0,1358,17
1589249619.946126,173.194.151.108,10.10.0.10,,,443,41505,0,1358,17
1589249619.947969,10.10.0.10,173.194.151.108,,,41505,443,0,37,17
1589249619.9601068,173.194.151.108,10.10.0.10,,,443,41505,0,1358,17
1589249619.974072,173.194.151.108,10.10.0.10,,,443,41505,0,1358,17
1589249619.9758918,10.10.0.10,173.194.151.108,,,41505,443,0,50,17
1589249619.9880464,173.194.151.108,10.10.0.10,,,443,41505,0,1358,17
1589249620.002016,173.194.151.108,10.10.0.10,,,443,41505,0,1358,17
1589249620.0038712,10.10.0.10,173.194.151.108,,,41505,443,0,37,17
1589249620.015989,173.194.151.108,10.10.0.10,,,443,41505,0,1358,17
1589249620.0299606,173.194.151.108,10.10.0.10,,,443,41505,0,1358,17
1589249620.031486,10.10.0.10,173.194.151.108,,,41505,443,0,37,17
1589249620.0439384,173.194.151.108,10.10.0.10,,,443,41505,0,29,17
1589249620.0445638,173.194.151.108,10.10.0.10,,,443,41505,0,1358,17
1589249620.058543,173.194.151.108,10.10.0.10,,,443,41505,0,1358,17
1589249620.060765,10.10.0.10,173.194.151.108,,,41505,443,0,37,17
1589249620.0725124,173.194.151.108,10.10.0.10,,,443,41505,0,1358,17
1589249620.0864828,173.194.151.108,10.10.0.10,,,443,41505,0,1358,17
1589249620.089248,10.10.0.10,173.194.151.108,,,41505,443,0,37,17
1589249620.1004536,173.194.151.108,10.10.0.10,,,443,41505,0,1358,17
1589249620.1144269,173.194.151.108,10.10.0.10,,,443,41505,0,1358,17
1589249620.1168618,10.10.0.10,173.194.151.108,,,41505,443,0,37,17
1589249620.128419,173.194.151.108,10.10.0.10,,,443,41505,0,1358,17
1589249620.142373,173.194.151.108,10.10.0.10,,,443,41505,0,1358,17
1589249620.1440122,10.10.0.10,173.194.151.108,,,41505,443,0,37,17
1589249620.15635,173.194.151.108,10.10.0.10,,,443,41505,0,1358,17
1589249620.1703172,173.194.151.108,10.10.0.10,,,443,41505,0,1358,17
1589249620.184293,173.194.151.108,10.10.0.10,,,443,41505,0,1358,17
1589249620.1982598,173.194.151.108,10.10.0.10,,,443,41505,0,1358,17
1589249620.2122364,173.194.151.108,10.10.0.10,,,443,41505,0,1358,17
1589249620.226201,173.194.151.108,10.10.0.10,,,443,41505,0,1358,17
1589249620.2401822,173.194.151.108,10.10.0.10,,,443,41505,0,1358,17
1589249620.2541635,173.194.151.108,10.10.0.10,,,443,41505,0,1358,17
1589249620.2681286,173.194.151.108,10.10.0.10,,,443,41505,0,1358,17
1589249620.26874,10.10.0.10,173.194.151.108,,,41505,443,0,37,17
1589249620.2820964,173.194.151.108,10.10.0.10,,,443,41505,0,1358,17
1589249620.293261,10.10.0.10,173.194.151.108,,,41505,443,0,40,17
1589249620.2943866,10.10.0.10,173.194.151.108,,,41505,443,0,40,17
1589249620.294414,10.10.0.10,173.194.151.108,,,41505,443,0,40,17
1589249620.295757,10.10.0.10,173.194.151.108,,,41505,443,0,40,17
1589249620.2960632,173.194.151.108,10.10.0.10,,,443,41505,0,1358,17
1589249620.297383,10.10.0.10,173.194.151.108,,,41505,443,0,40,17
1589249620.299382,10.10.0.10,173.194.151.108,,,41505,443,0,40,17
1589249620.310041,173.194.151.108,10.10.0.10,,,443,41505,0,1358,17
1589249620.324034,173.194.151.108,10.10.0.10,,,443,41505,0,1358,17
1589249620.325633,10.10.0.10,173.194.151.108,,,41505,443,0,40,17
1589249620.337986,173.194.151.108,10.10.0.10,,,443,41505,0,1358,17
1589249620.351958,173.194.151.108,10.10.0.10,,,443,41505,0,1358,17
1589249620.3601134,10.10.0.10,173.194.151.108,,,41505,443,0,40,17
1589249620.3659322,173.194.151.108,10.10.0.10,,,443,41505,0,1358,17
1589249620.3798974,173.194.151.108,10.10.0.10,,,443,41505,0,1358,17
1589249620.381852,10.10.0.10,173.194.151.108,,,41505,443,0,40,17
1589249620.3938758,173.194.151.108,10.10.0.10,,,443,41505,0,1358,17
1589249620.4078481,173.194.151.108,10.10.0.10,,,443,41505,0,1358,17
1589249620.409484,10.10.0.10,173.194.151.108,,,41505,443,0,40,17
1589249620.4218204,173.194.151.108,10.10.0.10,,,443,41505,0,1358,17
1589249620.4357939,173.194.151.108,10.10.0.10,,,443,41505,0,1358,17
1589249620.437505,10.10.0.10,173.194.151.108,,,41505,443,0,40,17
1589249620.4497788,173.194.151.108,10.10.0.10,,,443,41505,0,1358,17
1589249620.4637382,173.194.151.108,10.10.0.10,,,443,41505,0,1358,17
1589249620.465628,10.10.0.10,173.194.151.108,,,41505,443,0,40,17
1589249620.477708,173.194.151.108,10.10.0.10,,,443,41505,0,1358,17
1589249620.4916818,173.194.151.108,10.10.0.10,,,443,41505,0,1358,17
1589249620.493502,10.10.0.10,173.194.151.108,,,41505,443,0,53,17
1589249620.505655,173.194.151.108,10.10.0.10,,,443,41505,0,1358,17
1589249620.519625,173.194.151.108,10.10.0.10,,,443,41505,0,1358,17
1589249620.521376,10.10.0.10,173.194.151.108,,,41505,443,0,40,17
1589249620.5336,173.194.151.108,10.10.0.10,,,443,41505,0,1358,17
1589249620.547586,173.194.151.108,10.10.0.10,,,443,41505,0,1358,17
1589249620.5494812,10.10.0.10,173.194.151.108,,,41505,443,0,40,17
1589249620.561552,173.194.151.108,10.10.0.10,,,443,41505,0,1358,17
1589249620.575528,173.194.151.108,10.10.0.10,,,443,41505,0,29,17
1589249620.5761466,173.194.151.108,10.10.0.10,,,443,41505,0,1358,17
1589249620.578722,10.10.0.10,173.194.151.108,,,41505,443,0,37,17
1589249620.5901158,173.194.151.108,10.10.0.10,,,443,41505,0,1358,17
1589249620.6040866,173.194.151.108,10.10.0.10,,,443,41505,0,1358,17
1589249620.6057572,10.10.0.10,173.194.151.108,,,41505,443,0,37,17
1589249620.618075,173.194.151.108,10.10.0.10,,,443,41505,0,1358,17
1589249620.632039,173.194.151.108,10.10.0.10,,,443,41505,0,1358,17
1589249620.633615,10.10.0.10,173.194.151.108,,,41505,443,0,37,17
1589249620.6460268,173.194.151.108,10.10.0.10,,,443,41505,0,1358,17
1589249620.659978,173.194.151.108,10.10.0.10,,,443,41505,0,1358,17
1589249620.661565,10.10.0.10,173.194.151.108,,,41505,443,0,37,17
1589249620.6739645,173.194.151.108,10.10.0.10,,,443,41505,0,1358,17
1589249620.6879392,173.194.151.108,10.10.0.10,,,443,41505,0,1358,17
1589249620.689568,10.10.0.10,173.194.151.108,,,41505,443,0,37,17
1589249620.7019026,173.194.151.108,10.10.0.10,,,443,41505,0,477,17
1589249620.7348714,10.10.0.10,173.194.151.108,,,41505,443,0,37,17
1589249624.3500028,10.10.0.10,173.194.151.108,,,41505,443,0,724,17
1589249624.350035,10.10.0.10,173.194.151.108,,,41505,443,0,48,17
1589249624.354496,173.194.151.108,10.10.0.10,,,443,41505,0,29,17
1589249624.355825,173.194.151.108,10.10.0.10,,,443,41505,0,1358,17
1589249624.355862,173.194.151.108,10.10.0.10,,,443,41505,0,1358,17
1589249624.3583634,10.10.0.10,173.194.151.108,,,41505,443,0,37,17
1589249624.3677158,173.194.151.108,10.10.0.10,,,443,41505,0,1358,17
1589249624.3816972,173.194.151.108,10.10.0.10,,,443,41505,0,1358,17
1589249624.383248,10.10.0.10,173.194.151.108,,,41505,443,0,37,17
1589249624.395672,173.194.151.108,10.10.0.10,,,443,41505,0,1358,17
1589249624.4096394,173.194.151.108,10.10.0.10,,,443,41505,0,1358,17
1589249624.411639,10.10.0.10,173.194.151.108,,,41505,443,0,37,17
1589249624.4236119,173.194.151.108,10.10.0.10,,,443,41505,0,1358,17
1589249624.437581,173.194.151.108,10.10.0.10,,,443,41505,0,1358,17
1589249624.4399672,10.10.0.10,173.194.151.108,,,41505,443,0,37,17
1589249624.4515538,173.194.151.108,10.10.0.10,,,443,41505,0,1358,17
1589249624.46554,173.194.151.108,10.10.0.10,,,443,41505,0,1358,17
1589249624.467118,10.10.0.10,173.194.151.108,,,41505,443,0,37,17
1589249624.4794989,173.194.151.108,10.10.0.10,,,443,41505,0,1358,17
1589249624.493475,173.194.151.108,10.10.0.10,,,443,41505,0,1358,17
1589249624.495241,10.10.0.10,173.194.151.108,,,41505,443,0,37,17
1589249624.507443,173.194.151.108,10.10.0.10,,,443,41505,0,1358,17
1589249624.521417,173.194.151.108,10.10.0.10,,,443,41505,0,1358,17
1589249624.5231068,10.10.0.10,173.194.151.108,,,41505,443,0,37,17
1589249624.5353868,173.194.151.108,10.10.0.10,,,443,41505,0,1358,17
1589249624.54936,173.194.151.108,10.10.0.10,,,443,41505,0,1358,17
1589249624.551125,10.10.0.10,173.194.151.108,,,41505,443,0,37,17
1589249624.5633476,173.194.151.108,10.10.0.10,,,443,41505,0,1358,17
1589249624.577304,173.194.151.108,10.10.0.10,,,443,41505,0,1358,17
1589249624.5791109,10.10.0.10,173.194.151.108,,,41505,443,0,37,17
1589249624.591274,173.194.151.108,10.10.0.10,,,443,41505,0,1358,17
1589249624.605249,173.194.151.108,10.10.0.10,,,443,41505,0,1358,17
1589249624.6192179,173.194.151.108,10.10.0.10,,,443,41505,0,1358,17
1589249624.633194,173.194.151.108,10.10.0.10,,,443,41505,0,1358,17
1589249624.647168,173.194.151.108,10.10.0.10,,,443,41505,0,1358,17
1589249624.6611571,173.194.151.108,10.10.0.10,,,443,41505,0,1358,17
1589249624.6751091,173.194.151.108,10.10.0.10,,,443,41505,0,1358,17
1589249624.6756108,10.10.0.10,173.194.151.108,,,41505,443,0,40,17
1589249624.6756446,10.10.0.10,173.194.151.108,,,41505,443,0,40,17
1589249624.676984,10.10.0.10,173.194.151.108,,,41505,443,0,40,17
1589249624.676999,10.10.0.10,173.194.151.108,,,41505,443,0,40,17
1589249624.6890788,173.194.151.108,10.10.0.10,,,443,41505,0,1358,17
1589249624.6917582,10.10.0.10,173.194.151.108,,,41505,443,0,40,17
1589249624.7030542,173.194.151.108,10.10.0.10,,,443,41505,0,1358,17
1589249624.717026,173.194.151.108,10.10.0.10,,,443,41505,0,1358,17
1589249624.7196321,10.10.0.10,173.194.151.108,,,41505,443,0,40,17
1589249624.730998,173.194.151.108,10.10.0.10,,,443,41505,0,1358,17
1589249624.7449698,173.194.151.108,10.10.0.10,,,443,41505,0,1358,17
1589249624.746736,10.10.0.10,173.194.151.108,,,41505,443,0,40,17
1589249624.7589462,173.194.151.108,10.10.0.10,,,443,41505,0,1358,17
1589249624.772919,173.194.151.108,10.10.0.10,,,443,41505,0,1358,17
1589249624.774733,10.10.0.10,173.194.151.108,,,41505,443,0,40,17
1589249624.786906,173.194.151.108,10.10.0.10,,,443,41505,0,1358,17
1589249624.800864,173.194.151.108,10.10.0.10,,,443,41505,0,1358,17
1589249624.802509,10.10.0.10,173.194.151.108,,,41505,443,0,40,17
1589249624.814841,173.194.151.108,10.10.0.10,,,443,41505,0,1358,17
1589249624.82881,173.194.151.108,10.10.0.10,,,443,41505,0,1358,17
1589249624.830503,10.10.0.10,173.194.151.108,,,41505,443,0,40,17
1589249624.842784,173.194.151.108,10.10.0.10,,,443,41505,0,1358,17
1589249624.856778,173.194.151.108,10.10.0.10,,,443,41505,0,1358,17
1589249624.8584812,10.10.0.10,173.194.151.108,,,41505,443,0,53,17
1589249624.870727,173.194.151.108,10.10.0.10,,,443,41505,0,1358,17
1589249624.8847148,173.194.151.108,10.10.0.10,,,443,41505,0,1358,17
1589249624.886374,10.10.0.10,173.194.151.108,,,41505,443,0,40,17
1589249624.8986702,173.194.151.108,10.10.0.10,,,443,41505,0,1358,17
1589249624.912642,173.194.151.108,10.10.0.10,,,443,41505,0,1358,17
1589249624.915479,10.10.0.10,173.194.151.108,,,41505,443,0,40,17
1589249624.926615,173.194.151.108,10.10.0.10,,,443,41505,0,1358,17
1589249624.9405901,173.194.151.108,10.10.0.10,,,443,41505,0,1358,17
1589249624.954561,173.194.151.108,10.10.0.10,,,443,41505,0,1358,17
1589249624.968534,173.194.151.108,10.10.0.10,,,443,41505,0,1358,17
1589249624.9825242,173.194.151.108,10.10.0.10,,,443,41505,0,1358,17
1589249624.9964788,173.194.151.108,10.10.0.10,,,443,41505,0,1358,17
1589249625.01046,173.194.151.108,10.10.0.10,,,443,41505,0,1358,17
1589249625.0244234,173.194.151.108,10.10.0.10,,,443,41505,0,1358,17
1589249625.038399,173.194.151.108,10.10.0.10,,,443,41505,0,1358,17
1589249625.052364,173.194.151.108,10.10.0.10,,,443,41505,0,1358,17
1589249625.066351,173.194.151.108,10.10.0.10,,,443,41505,0,1358,17
1589249625.0803108,173.194.151.108,10.10.0.10,,,443,41505,0,1358,17
1589249625.0811439,10.10.0.10,173.194.151.108,,,41505,443,0,43,17
1589249625.083849,10.10.0.10,173.194.151.108,,,41505,443,0,42,17
1589249625.083875,10.10.0.10,173.194.151.108,,,41505,443,0,42,17
1589249625.085724,10.10.0.10,173.194.151.108,,,41505,443,0,42,17
1589249625.087455,10.10.0.10,173.194.151.108,,,41505,443,0,40,17
1589249625.087481,10.10.0.10,173.194.151.108,,,41505,443,0,40,17
1589249625.0907238,10.10.0.10,173.194.151.108,,,41505,443,0,40,17
1589249625.09429,173.194.151.108,10.10.0.10,,,443,41505,0,29,17
1589249625.094917,173.194.151.108,10.10.0.10,,,443,41505,0,1358,17
1589249625.0981,10.10.0.10,173.194.151.108,,,41505,443,0,40,17
1589249625.108897,173.194.151.108,10.10.0.10,,,443,41505,0,1358,17
1589249625.1228578,173.194.151.108,10.10.0.10,,,443,41505,0,1358,17
1589249625.1244738,10.10.0.10,173.194.151.108,,,41505,443,0,40,17
1589249625.1368294,173.194.151.108,10.10.0.10,,,443,41505,0,1358,17
1589249625.150801,173.194.151.108,10.10.0.10,,,443,41505,0,1358,17
1589249625.152369,10.10.0.10,173.194.151.108,,,41505,443,0,40,17
1589249625.1647801,173.194.151.108,10.10.0.10,,,443,41505,0,1358,17
1589249625.178767,173.194.151.108,10.10.0.10,,,443,41505,0,1358,17
1589249625.1807199,10.10.0.10,173.194.151.108,,,41505,443,0,40,17
1589249625.1927238,173.194.151.108,10.10.0.10,,,443,41505,0,1358,17
1589249625.2067056,173.194.151.108,10.10.0.10,,,443,41505,0,1358,17
1589249625.208745,10.10.0.10,173.194.151.108,,,41505,443,0,40,17
1589249625.220669,173.194.151.108,10.10.0.10,,,443,41505,0,1358,17
1589249625.234643,173.194.151.108,10.10.0.10,,,443,41505,0,1358,17
1589249625.236347,10.10.0.10,173.194.151.108,,,41505,443,0,40,17
1589249625.248613,173.194.151.108,10.10.0.10,,,443,41505,0,1358,17
1589249625.2625868,173.194.151.108,10.10.0.10,,,443,41505,0,1358,17
1589249625.264242,10.10.0.10,173.194.151.108,,,41505,443,0,40,17
1589249625.276583,173.194.151.108,10.10.0.10,,,443,41505,0,1358,17
1589249625.290532,173.194.151.108,10.10.0.10,,,443,41505,0,1358,17
1589249625.292991,10.10.0.10,173.194.151.108,,,41505,443,0,40,17
1589249625.3045158,173.194.151.108,10.10.0.10,,,443,41505,0,1358,17
1589249625.3184762,173.194.151.108,10.10.0.10,,,443,41505,0,1358,17
1589249625.320353,10.10.0.10,173.194.151.108,,,41505,443,0,40,17
1589249625.3324509,173.194.151.108,10.10.0.10,,,443,41505,0,1358,17
1589249625.3464198,173.194.151.108,10.10.0.10,,,443,41505,0,1358,17
1589249625.348219,10.10.0.10,173.194.151.108,,,41505,443,0,40,17
1589249625.360395,173.194.151.108,10.10.0.10,,,443,41505,0,1358,17
1589249625.3743858,173.194.151.108,10.10.0.10,,,443,41505,0,1358,17
1589249625.3767078,10.10.0.10,173.194.151.108,,,41505,443,0,40,17
1589249625.3883386,173.194.151.108,10.10.0.10,,,443,41505,0,1358,17
1589249625.4023235,173.194.151.108,10.10.0.10,,,443,41505,0,1358,17
1589249625.4041119,10.10.0.10,173.194.151.108,,,41505,443,0,40,17
1589249625.416285,173.194.151.108,10.10.0.10,,,443,41505,0,1358,17
1589249625.4302619,173.194.151.108,10.10.0.10,,,443,41505,0,1358,17
1589249625.444221,173.194.151.108,10.10.0.10,,,443,41505,0,1358,17
1589249625.4582,173.194.151.108,10.10.0.10,,,443,41505,0,1358,17
1589249625.4721725,173.194.151.108,10.10.0.10,,,443,41505,0,1358,17
1589249625.486145,173.194.151.108,10.10.0.10,,,443,41505,0,1358,17
1589249625.500113,173.194.151.108,10.10.0.10,,,443,41505,0,1358,17
1589249625.5048602,10.10.0.10,173.194.151.108,,,41505,443,0,42,17
1589249625.5048866,10.10.0.10,173.194.151.108,,,41505,443,0,55,17
1589249625.50536,10.10.0.10,173.194.151.108,,,41505,443,0,42,17
1589249625.508611,10.10.0.10,173.194.151.108,,,41505,443,0,42,17
1589249625.5140884,173.194.151.108,10.10.0.10,,,443,41505,0,1358,17
1589249625.5157318,10.10.0.10,173.194.151.108,,,41505,443,0,42,17
1589249625.5280714,173.194.151.108,10.10.0.10,,,443,41505,0,1358,17
1589249625.542034,173.194.151.108,10.10.0.10,,,443,41505,0,1358,17
1589249625.543606,10.10.0.10,173.194.151.108,,,41505,443,0,42,17
1589249625.556011,173.194.151.108,10.10.0.10,,,443,41505,0,1358,17
1589249625.5699801,173.194.151.108,10.10.0.10,,,443,41505,0,1358,17
1589249625.571586,10.10.0.10,173.194.151.108,,,41505,443,0,42,17
1589249625.5839472,173.194.151.108,10.10.0.10,,,443,41505,0,1358,17
1589249625.5979214,173.194.151.108,10.10.0.10,,,443,41505,0,1358,17
1589249625.5998409,10.10.0.10,173.194.151.108,,,41505,443,0,37,17
1589249625.6118932,173.194.151.108,10.10.0.10,,,443,41505,0,1358,17
1589249625.6258821,173.194.151.108,10.10.0.10,,,443,41505,0,1358,17
1589249625.63397,10.10.0.10,173.194.151.108,,,41505,443,0,37,17
1589249625.639834,173.194.151.108,10.10.0.10,,,443,41505,0,1358,17
1589249625.653807,173.194.151.108,10.10.0.10,,,443,41505,0,1358,17
1589249625.6554608,10.10.0.10,173.194.151.108,,,41505,443,0,37,17
1589249625.6677802,173.194.151.108,10.10.0.10,,,443,41505,0,1358,17
1589249625.68175,173.194.151.108,10.10.0.10,,,443,41505,0,1358,17
1589249625.6834748,10.10.0.10,173.194.151.108,,,41505,443,0,37,17
1589249625.6957252,173.194.151.108,10.10.0.10,,,443,41505,0,1358,17
1589249625.709697,173.194.151.108,10.10.0.10,,,443,41505,0,1358,17
1589249625.7217278,10.10.0.10,173.194.151.108,,,41505,443,0,37,17
1589249625.72367,173.194.151.108,10.10.0.10,,,443,41505,0,1358,17
1589249625.7376428,173.194.151.108,10.10.0.10,,,443,41505,0,1358,17
1589249625.739209,10.10.0.10,173.194.151.108,,,41505,443,0,37,17
1589249625.7516284,173.194.151.108,10.10.0.10,,,443,41505,0,1358,17
1589249625.765592,173.194.151.108,10.10.0.10,,,443,41505,0,1358,17
1589249625.768353,10.10.0.10,173.194.151.108,,,41505,443,0,37,17
1589249625.779566,173.194.151.108,10.10.0.10,,,443,41505,0,1358,17
1589249625.793536,173.194.151.108,10.10.0.10,,,443,41505,0,1358,17
1589249625.796475,10.10.0.10,173.194.151.108,,,41505,443,0,37,17
1589249625.8075092,173.194.151.108,10.10.0.10,,,443,41505,0,1358,17
1589249625.8214982,173.194.151.108,10.10.0.10,,,443,41505,0,1358,17
1589249625.823098,10.10.0.10,173.194.151.108,,,41505,443,0,37,17
1589249625.835454,173.194.151.108,10.10.0.10,,,443,41505,0,1358,17
1589249625.849436,173.194.151.108,10.10.0.10,,,443,41505,0,1358,17
1589249625.8510685,10.10.0.10,173.194.151.108,,,41505,443,0,37,17
1589249625.8633974,173.194.151.108,10.10.0.10,,,443,41505,0,1358,17
1589249625.877366,173.194.151.108,10.10.0.10,,,443,41505,0,1358,17
1589249625.8789446,10.10.0.10,173.194.151.108,,,41505,443,0,37,17
1589249625.8913429,173.194.151.108,10.10.0.10,,,443,41505,0,1358,17
1589249625.905315,173.194.151.108,10.10.0.10,,,443,41505,0,1358,17
1589249625.9159708,10.10.0.10,173.194.151.108,,,41505,443,0,37,17
1589249625.9192884,173.194.151.108,10.10.0.10,,,443,41505,0,1358,17
1589249625.9332619,173.194.151.108,10.10.0.10,,,443,41505,0,1358,17
1589249625.9348452,10.10.0.10,173.194.151.108,,,41505,443,0,37,17
1589249625.947247,173.194.151.108,10.10.0.10,,,443,41505,0,1358,17
1589249625.9612072,173.194.151.108,10.10.0.10,,,443,41505,0,1358,17
1589249625.962824,10.10.0.10,173.194.151.108,,,41505,443,0,37,17
1589249625.975182,173.194.151.108,10.10.0.10,,,443,41505,0,1358,17
1589249625.98915,173.194.151.108,10.10.0.10,,,443,41505,0,1358,17
1589249625.99097,10.10.0.10,173.194.151.108,,,41505,443,0,50,17
1589249626.0031238,173.194.151.108,10.10.0.10,,,443,41505,0,1358,17
1589249626.017118,173.194.151.108,10.10.0.10,,,443,41505,0,1358,17
1589249626.018717,10.10.0.10,173.194.151.108,,,41505,443,0,37,17
1589249626.031066,173.194.151.108,10.10.0.10,,,443,41505,0,1358,17
1589249626.0450542,173.194.151.108,10.10.0.10,,,443,41505,0,1358,17
1589249626.046968,10.10.0.10,173.194.151.108,,,41505,443,0,37,17
1589249626.0590134,173.194.151.108,10.10.0.10,,,443,41505,0,1358,17
1589249626.072994,173.194.151.108,10.10.0.10,,,443,41505,0,1358,17
1589249626.074445,10.10.0.10,173.194.151.108,,,41505,443,0,37,17
1589249626.0869572,173.194.151.108,10.10.0.10,,,443,41505,0,1358,17
1589249626.1009278,173.194.151.108,10.10.0.10,,,443,41505,0,1358,17
1589249626.103841,10.10.0.10,173.194.151.108,,,41505,443,0,37,17
1589249626.114901,173.194.151.108,10.10.0.10,,,443,41505,0,1358,17
1589249626.1288748,173.194.151.108,10.10.0.10,,,443,41505,0,593,17
1589249626.130435,10.10.0.10,173.194.151.108,,,41505,443,0,37,17
1589249626.965801,10.10.0.10,173.194.151.108,,,41505,443,0,725,17
1589249626.965836,10.10.0.10,173.194.151.108,,,41505,443,0,48,17
1589249626.970177,173.194.151.108,10.10.0.10,,,443,41505,0,29,17
1589249626.9719148,173.194.151.108,10.10.0.10,,,443,41505,0,1358,17
1589249626.971965,173.194.151.108,10.10.0.10,,,443,41505,0,1358,17
1589249626.973922,10.10.0.10,173.194.151.108,,,41505,443,0,37,17
1589249626.9838052,173.194.151.108,10.10.0.10,,,443,41505,0,1358,17
1589249626.9977849,173.194.151.108,10.10.0.10,,,443,41505,0,1358,17
1589249627.0117538,173.194.151.108,10.10.0.10,,,443,41505,0,1358,17
1589249627.0257251,173.194.151.108,10.10.0.10,,,443,41505,0,1358,17
1589249627.039714,173.194.151.108,10.10.0.10,,,443,41505,0,1358,17
1589249627.041311,10.10.0.10,173.194.151.108,,,41505,443,0,37,17
1589249627.041337,10.10.0.10,173.194.151.108,,,41505,443,0,40,17
1589249627.0438151,10.10.0.10,173.194.151.108,,,41505,443,0,40,17
1589249627.045812,10.10.0.10,173.194.151.108,,,41505,443,0,40,17
1589249627.053673,173.194.151.108,10.10.0.10,,,443,41505,0,1358,17
1589249627.055418,10.10.0.10,173.194.151.108,,,41505,443,0,40,17
1589249627.0676498,173.194.151.108,10.10.0.10,,,443,41505,0,1358,17
1589249627.0816169,173.194.151.108,10.10.0.10,,,443,41505,0,1358,17
1589249627.083416,10.10.0.10,173.194.151.108,,,41505,443,0,40,17
1589249627.095592,173.194.151.108,10.10.0.10,,,443,41505,0,1358,17
1589249627.109559,173.194.151.108,10.10.0.10,,,443,41505,0,1358,17
1589249627.111291,10.10.0.10,173.194.151.108,,,41505,443,0,40,17
1589249627.123532,173.194.151.108,10.10.0.10,,,443,41505,0,1358,17
1589249627.137523,173.194.151.108,10.10.0.10,,,443,41505,0,1358,17
1589249627.139184,10.10.0.10,173.194.151.108,,,41505,443,0,40,17
1589249627.1514769,173.194.151.108,10.10.0.10,,,443,41505,0,1358,17
1589249627.1654491,173.194.151.108,10.10.0.10,,,443,41505,0,1358,17
1589249627.167183,10.10.0.10,173.194.151.108,,,41505,443,0,40,17
1589249627.1794188,173.194.151.108,10.10.0.10,,,443,41505,0,1358,17
1589249627.193398,173.194.151.108,10.10.0.10,,,443,41505,0,1358,17
1589249627.197288,10.10.0.10,173.194.151.108,,,41505,443,0,40,17
1589249627.2073689,173.194.151.108,10.10.0.10,,,443,41505,0,1358,17
1589249627.2213402,173.194.151.108,10.10.0.10,,,443,41505,0,1358,17
1589249627.223161,10.10.0.10,173.194.151.108,,,41505,443,0,40,17
1589249627.23533,173.194.151.108,10.10.0.10,,,443,41505,0,1358,17
1589249627.2492838,173.194.151.108,10.10.0.10,,,443,41505,0,1358,17
1589249627.26327,173.194.151.108,10.10.0.10,,,443,41505,0,1358,17
1589249627.27723,173.194.151.108,10.10.0.10,,,443,41505,0,1358,17
1589249627.29121,173.194.151.108,10.10.0.10,,,443,41505,0,1358,17
1589249627.305177,173.194.151.108,10.10.0.10,,,443,41505,0,1358,17
1589249627.319148,173.194.151.108,10.10.0.10,,,443,41505,0,1358,17
1589249627.333117,173.194.151.108,10.10.0.10,,,443,41505,0,1358,17
1589249627.3470929,173.194.151.108,10.10.0.10,,,443,41505,0,1358,17
1589249627.361077,173.194.151.108,10.10.0.10,,,443,41505,0,1358,17
1589249627.3621778,10.10.0.10,173.194.151.108,,,41505,443,0,42,17
1589249627.3643026,10.10.0.10,173.194.151.108,,,41505,443,0,42,17
1589249627.368928,10.10.0.10,173.194.151.108,,,41505,443,0,42,17
1589249627.368954,10.10.0.10,173.194.151.108,,,41505,443,0,42,17
1589249627.371783,10.10.0.10,173.194.151.108,,,41505,443,0,42,17
1589249627.3750362,173.194.151.108,10.10.0.10,,,443,41505,0,1358,17
1589249627.3753119,10.10.0.10,173.194.151.108,,,41505,443,0,42,17
1589249627.389016,173.194.151.108,10.10.0.10,,,443,41505,0,1358,17
1589249627.3906488,10.10.0.10,173.194.151.108,,,41505,443,0,42,17
1589249627.402976,173.194.151.108,10.10.0.10,,,443,41505,0,1358,17
1589249627.4169571,173.194.151.108,10.10.0.10,,,443,41505,0,1358,17
1589249627.418672,10.10.0.10,173.194.151.108,,,41505,443,0,55,17
1589249627.4309242,173.194.151.108,10.10.0.10,,,443,41505,0,1358,17
1589249627.4448988,173.194.151.108,10.10.0.10,,,443,41505,0,1358,17
1589249627.446523,10.10.0.10,173.194.151.108,,,41505,443,0,42,17
1589249627.458872,173.194.151.108,10.10.0.10,,,443,41505,0,1358,17
1589249627.472844,173.194.151.108,10.10.0.10,,,443,41505,0,1358,17
1589249627.486827,173.194.151.108,10.10.0.10,,,443,41505,0,1358,17
1589249627.5007892,173.194.151.108,10.10.0.10,,,443,41505,0,1358,17
1589249627.514762,173.194.151.108,10.10.0.10,,,443,41505,0,1358,17
1589249627.528733,173.194.151.108,10.10.0.10,,,443,41505,0,1358,17
1589249627.542706,173.194.151.108,10.10.0.10,,,443,41505,0,1358,17
1589249627.545904,10.10.0.10,173.194.151.108,,,41505,443,0,44,17
1589249627.5459301,10.10.0.10,173.194.151.108,,,41505,443,0,44,17
1589249627.5488038,10.10.0.10,173.194.151.108,,,41505,443,0,44,17
1589249627.54883,10.10.0.10,173.194.151.108,,,41505,443,0,44,17
1589249627.5566974,173.194.151.108,10.10.0.10,,,443,41505,0,1358,17
1589249627.558298,10.10.0.10,173.194.151.108,,,41505,443,0,40,17
1589249627.57065,173.194.151.108,10.10.0.10,,,443,41505,0,1358,17
1589249627.572151,10.10.0.10,173.194.151.108,,,41505,443,0,42,17
1589249627.5846374,173.194.151.108,10.10.0.10,,,443,41505,0,1358,17
1589249627.586142,10.10.0.10,173.194.151.108,,,41505,443,0,40,17
1589249627.598595,173.194.151.108,10.10.0.10,,,443,41505,0,1358,17
1589249627.612576,173.194.151.108,10.10.0.10,,,443,41505,0,1358,17
1589249627.614295,10.10.0.10,173.194.151.108,,,41505,443,0,40,17
1589249627.626535,173.194.151.108,10.10.0.10,,,443,41505,0,1358,17
1589249627.6405082,173.194.151.108,10.10.0.10,,,443,41505,0,1358,17
1589249627.642403,10.10.0.10,173.194.151.108,,,41505,443,0,40,17
1589249627.6544828,173.194.151.108,10.10.0.10,,,443,41505,0,1358,17
1589249627.6684544,173.194.151.108,10.10.0.10,,,443,41505,0,1358,17
1589249627.670306,10.10.0.10,173.194.151.108,,,41505,443,0,40,17
1589249627.682443,173.194.151.108,10.10.0.10,,,443,41505,0,1358,17
1589249627.6964018,173.194.151.108,10.10.0.10,,,443,41505,0,1358,17
1589249627.710178,10.10.0.10,173.194.151.108,,,41505,443,0,40,17
1589249627.7103732,173.194.151.108,10.10.0.10,,,443,41505,0,1358,17
1589249627.724342,173.194.151.108,10.10.0.10,,,443,41505,0,1358,17
1589249627.726542,10.10.0.10,173.194.151.108,,,41505,443,0,40,17
1589249627.7383132,173.194.151.108,10.10.0.10,,,443,41505,0,1358,17
1589249627.7523012,173.194.151.108,10.10.0.10,,,443,41505,0,1358,17
1589249627.754176,10.10.0.10,173.194.151.108,,,41505,443,0,40,17
1589249627.766257,173.194.151.108,10.10.0.10,,,443,41505,0,1358,17
1589249627.780233,173.194.151.108,10.10.0.10,,,443,41505,0,1358,17
1589249627.781917,10.10.0.10,173.194.151.108,,,41505,443,0,40,17
1589249627.7942028,173.194.151.108,10.10.0.10,,,443,41505,0,1358,17
1589249627.808176,173.194.151.108,10.10.0.10,,,443,41505,0,1358,17
1589249627.8099,10.10.0.10,173.194.151.108,,,41505,443,0,40,17
1589249627.8221529,173.194.151.108,10.10.0.10,,,443,41505,0,1358,17
1589249627.83612,173.194.151.108,10.10.0.10,,,443,41505,0,1358,17
1589249627.838037,10.10.0.10,173.194.151.108,,,41505,443,0,40,17
1589249627.8500972,173.194.151.108,10.10.0.10,,,443,41505,0,1358,17
1589249627.864072,173.194.151.108,10.10.0.10,,,443,41505,0,1358,17
1589249627.865665,10.10.0.10,173.194.151.108,,,41505,443,0,40,17
1589249627.8780642,173.194.151.108,10.10.0.10,,,443,41505,0,1358,17
1589249627.892013,173.194.151.108,10.10.0.10,,,443,41505,0,1358,17
1589249627.8936348,10.10.0.10,173.194.151.108,,,41505,443,0,40,17
1589249627.9060009,173.194.151.108,10.10.0.10,,,443,41505,0,1358,17
1589249627.919959,173.194.151.108,10.10.0.10,,,443,41505,0,1358,17
1589249627.9220445,10.10.0.10,173.194.151.108,,,41505,443,0,53,17
1589249627.93394,173.194.151.108,10.10.0.10,,,443,41505,0,1358,17
1589249627.9479039,173.194.151.108,10.10.0.10,,,443,41505,0,1358,17
1589249627.949768,10.10.0.10,173.194.151.108,,,41505,443,0,40,17
1589249627.961872,173.194.151.108,10.10.0.10,,,443,41505,0,1358,17
1589249627.975849,173.194.151.108,10.10.0.10,,,443,41505,0,1358,17
1589249627.9774115,10.10.0.10,173.194.151.108,,,41505,443,0,40,17
1589249627.9898221,173.194.151.108,10.10.0.10,,,443,41505,0,1358,17
1589249628.003809,173.194.151.108,10.10.0.10,,,443,41505,0,1358,17
1589249628.0057662,10.10.0.10,173.194.151.108,,,41505,443,0,40,17
1589249628.017766,173.194.151.108,10.10.0.10,,,443,41505,0,1358,17
1589249628.0317464,173.194.151.108,10.10.0.10,,,443,41505,0,1358,17
1589249628.0457132,173.194.151.108,10.10.0.10,,,443,41505,0,1358,17
1589249628.0497642,10.10.0.10,173.194.151.108,,,41505,443,0,37,17
1589249628.0596864,173.194.151.108,10.10.0.10,,,443,41505,0,1358,17
1589249628.073658,173.194.151.108,10.10.0.10,,,443,41505,0,1358,17
1589249628.0876286,173.194.151.108,10.10.0.10,,,443,41505,0,1358,17
1589249628.1016018,173.194.151.108,10.10.0.10,,,443,41505,0,1358,17
1589249628.1155732,173.194.151.108,10.10.0.10,,,443,41505,0,1358,17
1589249628.129561,173.194.151.108,10.10.0.10,,,443,41505,0,1358,17
1589249628.143518,173.194.151.108,10.10.0.10,,,443,41505,0,1358,17
1589249628.155386,10.10.0.10,173.194.151.108,,,41505,443,0,37,17
1589249628.1574929,173.194.151.108,10.10.0.10,,,443,41505,0,1358,17
1589249628.171463,173.194.151.108,10.10.0.10,,,443,41505,0,1358,17
1589249628.181654,10.10.0.10,173.194.151.108,,,41505,443,0,40,17
1589249628.183635,10.10.0.10,173.194.151.108,,,41505,443,0,40,17
1589249628.184635,10.10.0.10,173.194.151.108,,,41505,443,0,40,17
1589249628.1860301,10.10.0.10,173.194.151.108,,,41505,443,0,40,17
1589249628.186694,173.194.151.108,10.10.0.10,,,443,41505,0,1358,17
1589249628.1881616,10.10.0.10,173.194.151.108,,,41505,443,0,40,17
1589249628.190655,10.10.0.10,173.194.151.108,,,41505,443,0,40,17
1589249628.19943,173.194.151.108,10.10.0.10,,,443,41505,0,1358,17
1589249628.213381,173.194.151.108,10.10.0.10,,,443,41505,0,1358,17
1589249628.215527,10.10.0.10,173.194.151.108,,,41505,443,0,40,17
1589249628.227367,173.194.151.108,10.10.0.10,,,443,41505,0,1358,17
1589249628.241327,173.194.151.108,10.10.0.10,,,443,41505,0,1358,17
1589249628.243278,10.10.0.10,173.194.151.108,,,41505,443,0,40,17
1589249628.255307,173.194.151.108,10.10.0.10,,,443,41505,0,1358,17
1589249628.2692714,173.194.151.108,10.10.0.10,,,443,41505,0,1358,17
1589249628.2707589,10.10.0.10,173.194.151.108,,,41505,443,0,40,17
1589249628.283241,173.194.151.108,10.10.0.10,,,443,41505,0,1358,17
1589249628.297215,173.194.151.108,10.10.0.10,,,443,41505,0,1358,17
1589249628.298776,10.10.0.10,173.194.151.108,,,41505,443,0,40,17
1589249628.3111875,173.194.151.108,10.10.0.10,,,443,41505,0,1358,17
1589249628.325176,173.194.151.108,10.10.0.10,,,443,41505,0,1358,17
1589249628.327006,10.10.0.10,173.194.151.108,,,41505,443,0,40,17
1589249628.3391304,173.194.151.108,10.10.0.10,,,443,41505,0,1358,17
1589249628.353112,173.194.151.108,10.10.0.10,,,443,41505,0,1358,17
1589249628.3566296,10.10.0.10,173.194.151.108,,,41505,443,0,40,17
1589249628.367076,173.194.151.108,10.10.0.10,,,443,41505,0,1358,17
1589249628.3810532,173.194.151.108,10.10.0.10,,,443,41505,0,1358,17
1589249628.395023,173.194.151.108,10.10.0.10,,,443,41505,0,1358,17
1589249628.408993,173.194.151.108,10.10.0.10,,,443,41505,0,1358,17
1589249628.422968,173.194.151.108,10.10.0.10,,,443,41505,0,1358,17
1589249628.4369378,173.194.151.108,10.10.0.10,,,443,41505,0,1358,17
1589249628.450927,173.194.151.108,10.10.0.10,,,443,41505,0,1358,17
1589249628.4648876,173.194.151.108,10.10.0.10,,,443,41505,0,1358,17
1589249628.4668784,10.10.0.10,173.194.151.108,,,41505,443,0,40,17
1589249628.4702508,10.10.0.10,173.194.151.108,,,41505,443,0,42,17
1589249628.4715009,10.10.0.10,173.194.151.108,,,41505,443,0,55,17
1589249628.4715269,10.10.0.10,173.194.151.108,,,41505,443,0,42,17
1589249628.472884,10.10.0.10,173.194.151.108,,,41505,443,0,42,17
1589249628.47886,173.194.151.108,10.10.0.10,,,443,41505,0,1358,17
1589249628.4823751,10.10.0.10,173.194.151.108,,,41505,443,0,42,17
1589249628.492831,173.194.151.108,10.10.0.10,,,443,41505,0,1358,17
1589249628.506799,173.194.151.108,10.10.0.10,,,443,41505,0,1358,17
1589249628.508474,10.10.0.10,173.194.151.108,,,41505,443,0,42,17
1589249628.520781,173.194.151.108,10.10.0.10,,,443,41505,0,29,17
1589249628.521399,173.194.151.108,10.10.0.10,,,443,41505,0,1358,17
1589249628.535377,173.194.151.108,10.10.0.10,,,443,41505,0,1358,17
1589249628.5410042,10.10.0.10,173.194.151.108,,,41505,443,0,37,17
1589249628.549348,173.194.151.108,10.10.0.10,,,443,41505,0,1358,17
1589249628.563318,173.194.151.108,10.10.0.10,,,443,41505,0,1358,17
1589249628.564857,10.10.0.10,173.194.151.108,,,41505,443,0,37,17
1589249628.577296,173.194.151.108,10.10.0.10,,,443,41505,0,1358,17
1589249628.591263,173.194.151.108,10.10.0.10,,,443,41505,0,1358,17
1589249628.593251,10.10.0.10,173.194.151.108,,,41505,443,0,37,17
1589249628.605233,173.194.151.108,10.10.0.10,,,443,41505,0,1358,17
1589249628.6192062,173.194.151.108,10.10.0.10,,,443,41505,0,1358,17
1589249628.6348588,173.194.151.108,10.10.0.10,,,443,41505,0,1358,17
1589249628.6488285,173.194.151.108,10.10.0.10,,,443,41505,0,1358,17
1589249628.6628,173.194.151.108,10.10.0.10,,,443,41505,0,1358,17
1589249628.676791,173.194.151.108,10.10.0.10,,,443,41505,0,1358,17
1589249628.69075,173.194.151.108,10.10.0.10,,,443,41505,0,1358,17
1589249628.699393,10.10.0.10,173.194.151.108,,,41505,443,0,40,17
1589249628.7016542,10.10.0.10,173.194.151.108,,,41505,443,0,40,17
1589249628.7031412,10.10.0.10,173.194.151.108,,,41505,443,0,40,17
1589249628.7047222,173.194.151.108,10.10.0.10,,,443,41505,0,1358,17
1589249628.709745,10.10.0.10,173.194.151.108,,,41505,443,0,40,17
1589249628.71264,10.10.0.10,173.194.151.108,,,41505,443,0,40,17
1589249628.718694,173.194.151.108,10.10.0.10,,,443,41505,0,1358,17
1589249628.720249,10.10.0.10,173.194.151.108,,,41505,443,0,40,17
1589249628.7326682,173.194.151.108,10.10.0.10,,,443,41505,0,1358,17
1589249628.746638,173.194.151.108,10.10.0.10,,,443,41505,0,1358,17
1589249628.748264,10.10.0.10,173.194.151.108,,,41505,443,0,40,17
1589249628.7606118,173.194.151.108,10.10.0.10,,,443,41505,0,1358,17
1589249628.774601,173.194.151.108,10.10.0.10,,,443,41505,0,1358,17
1589249628.776117,10.10.0.10,173.194.151.108,,,41505,443,0,40,17
1589249628.788558,173.194.151.108,10.10.0.10,,,443,41505,0,1358,17
1589249628.802528,173.194.151.108,10.10.0.10,,,443,41505,0,1358,17
1589249628.806622,10.10.0.10,173.194.151.108,,,41505,443,0,40,17
1589249628.8165011,173.194.151.108,10.10.0.10,,,443,41505,0,1358,17
1589249628.8304741,173.194.151.108,10.10.0.10,,,443,41505,0,1358,17
1589249628.832241,10.10.0.10,173.194.151.108,,,41505,443,0,40,17
1589249628.844448,173.194.151.108,10.10.0.10,,,443,41505,0,1358,17
1589249628.85842,173.194.151.108,10.10.0.10,,,443,41505,0,1358,17
1589249628.859962,10.10.0.10,173.194.151.108,,,41505,443,0,40,17
1589249628.8724108,173.194.151.108,10.10.0.10,,,443,41505,0,1358,17
1589249628.8863642,173.194.151.108,10.10.0.10,,,443,41505,0,1358,17
1589249628.887861,10.10.0.10,173.194.151.108,,,41505,443,0,40,17
1589249628.900347,173.194.151.108,10.10.0.10,,,443,41505,0,1358,17
1589249628.914309,173.194.151.108,10.10.0.10,,,443,41505,0,1358,17
1589249628.9161332,10.10.0.10,173.194.151.108,,,41505,443,0,53,17
1589249628.928277,173.194.151.108,10.10.0.10,,,443,41505,0,1358,17
1589249628.942256,173.194.151.108,10.10.0.10,,,443,41505,0,1358,17
1589249628.944258,10.10.0.10,173.194.151.108,,,41505,443,0,40,17
1589249628.9562278,173.194.151.108,10.10.0.10,,,443,41505,0,1358,17
1589249628.9701972,173.194.151.108,10.10.0.10,,,443,41505,0,1358,17
1589249628.9722438,10.10.0.10,173.194.151.108,,,41505,443,0,40,17
1589249628.9858446,173.194.151.108,10.10.0.10,,,443,41505,0,1358,17
1589249628.9998188,173.194.151.108,10.10.0.10,,,443,41505,0,1358,17
1589249629.001632,10.10.0.10,173.194.151.108,,,41505,443,0,40,17
1589249629.013791,173.194.151.108,10.10.0.10,,,443,41505,0,29,17
1589249629.014424,173.194.151.108,10.10.0.10,,,443,41505,0,1358,17
1589249629.02841,173.194.151.108,10.10.0.10,,,443,41505,0,1358,17
1589249629.029958,10.10.0.10,173.194.151.108,,,41505,443,0,37,17
1589249629.0423632,173.194.151.108,10.10.0.10,,,443,41505,0,1358,17
1589249629.0563366,173.194.151.108,10.10.0.10,,,443,41505,0,1358,17
1589249629.0596292,10.10.0.10,173.194.151.108,,,41505,443,0,37,17
1589249629.070312,173.194.151.108,10.10.0.10,,,443,41505,0,1358,17
1589249629.0842829,173.194.151.108,10.10.0.10,,,443,41505,0,1358,17
1589249629.098256,173.194.151.108,10.10.0.10,,,443,41505,0,1358,17
1589249629.112225,173.194.151.108,10.10.0.10,,,443,41505,0,1358,17
1589249629.126216,173.194.151.108,10.10.0.10,,,443,41505,0,1358,17
1589249629.140176,173.194.151.108,10.10.0.10,,,443,41505,0,1358,17
1589249629.1541548,173.194.151.108,10.10.0.10,,,443,41505,0,1358,17
1589249629.168119,173.194.151.108,10.10.0.10,,,443,41505,0,1358,17
1589249629.1820931,173.194.151.108,10.10.0.10,,,443,41505,0,1358,17
1589249629.185224,10.10.0.10,173.194.151.108,,,41505,443,0,37,17
1589249629.196064,173.194.151.108,10.10.0.10,,,443,41505,0,1358,17
1589249629.2100382,173.194.151.108,10.10.0.10,,,443,41505,0,1358,17
1589249629.210234,10.10.0.10,173.194.151.108,,,41505,443,0,40,17
1589249629.2138462,10.10.0.10,173.194.151.108,,,41505,443,0,40,17
1589249629.213872,10.10.0.10,173.194.151.108,,,41505,443,0,40,17
1589249629.2148561,10.10.0.10,173.194.151.108,,,41505,443,0,40,17
1589249629.2177296,10.10.0.10,173.194.151.108,,,41505,443,0,40,17
1589249629.2206268,10.10.0.10,173.194.151.108,,,41505,443,0,40,17
1589249629.225687,173.194.151.108,10.10.0.10,,,443,41505,0,1358,17
1589249629.2396588,173.194.151.108,10.10.0.10,,,443,41505,0,1358,17
1589249629.241343,10.10.0.10,173.194.151.108,,,41505,443,0,40,17
1589249629.253649,173.194.151.108,10.10.0.10,,,443,41505,0,1358,17
1589249629.267603,173.194.151.108,10.10.0.10,,,443,41505,0,1358,17
1589249629.269351,10.10.0.10,173.194.151.108,,,41505,443,0,40,17
1589249629.2815876,173.194.151.108,10.10.0.10,,,443,41505,0,1358,17
1589249629.295552,173.194.151.108,10.10.0.10,,,443,41505,0,1358,17
1589249629.3095276,173.194.151.108,10.10.0.10,,,443,41505,0,1358,17
1589249629.316875,10.10.0.10,173.194.151.108,,,41505,443,0,40,17
1589249629.3234918,173.194.151.108,10.10.0.10,,,443,41505,0,1358,17
1589249629.332741,10.10.0.10,173.194.151.108,,,41505,443,0,40,17
1589249629.337467,173.194.151.108,10.10.0.10,,,443,41505,0,1358,17
1589249629.3514452,173.194.151.108,10.10.0.10,,,443,41505,0,1358,17
1589249629.353123,10.10.0.10,173.194.151.108,,,41505,443,0,40,17
1589249629.365405,173.194.151.108,10.10.0.10,,,443,41505,0,1358,17
1589249629.3793948,173.194.151.108,10.10.0.10,,,443,41505,0,1358,17
1589249629.39335,173.194.151.108,10.10.0.10,,,443,41505,0,1358,17
1589249629.4073222,173.194.151.108,10.10.0.10,,,443,41505,0,1358,17
1589249629.4213011,173.194.151.108,10.10.0.10,,,443,41505,0,1358,17
1589249629.435272,173.194.151.108,10.10.0.10,,,443,41505,0,1358,17
1589249629.4492419,173.194.151.108,10.10.0.10,,,443,41505,0,1358,17
1589249629.463216,173.194.151.108,10.10.0.10,,,443,41505,0,1358,17
1589249629.477205,173.194.151.108,10.10.0.10,,,443,41505,0,1358,17
1589249629.4911628,173.194.151.108,10.10.0.10,,,443,41505,0,1358,17
1589249629.505147,173.194.151.108,10.10.0.10,,,443,41505,0,1358,17
1589249629.50735,10.10.0.10,173.194.151.108,,,41505,443,0,42,17
1589249629.507965,10.10.0.10,173.194.151.108,,,41505,443,0,42,17
1589249629.5091224,10.10.0.10,173.194.151.108,,,41505,443,0,55,17
1589249629.509149,10.10.0.10,173.194.151.108,,,41505,443,0,42,17
1589249629.510869,10.10.0.10,173.194.151.108,,,41505,443,0,42,17
1589249629.514097,10.10.0.10,173.194.151.108,,,41505,443,0,42,17
1589249629.5191078,173.194.151.108,10.10.0.10,,,443,41505,0,1358,17
1589249629.533081,173.194.151.108,10.10.0.10,,,443,41505,0,1358,17
1589249629.5347214,10.10.0.10,173.194.151.108,,,41505,443,0,42,17
1589249629.5470538,173.194.151.108,10.10.0.10,,,443,41505,0,1358,17
1589249629.561021,173.194.151.108,10.10.0.10,,,443,41505,0,29,17
1589249629.5616488,173.194.151.108,10.10.0.10,,,443,41505,0,1358,17
1589249629.5632286,10.10.0.10,173.194.151.108,,,41505,443,0,37,17
1589249629.575623,173.194.151.108,10.10.0.10,,,443,41505,0,1358,17
1589249629.5895948,173.194.151.108,10.10.0.10,,,443,41505,0,1358,17
1589249629.5913384,10.10.0.10,173.194.151.108,,,41505,443,0,37,17
1589249629.603569,173.194.151.108,10.10.0.10,,,443,41505,0,1358,17
1589249629.617543,173.194.151.108,10.10.0.10,,,443,41505,0,1358,17
1589249629.6192212,10.10.0.10,173.194.151.108,,,41505,443,0,37,17
1589249629.63152,173.194.151.108,10.10.0.10,,,443,41505,0,1358,17
1589249629.6455011,173.194.151.108,10.10.0.10,,,443,41505,0,1358,17
1589249629.647075,10.10.0.10,173.194.151.108,,,41505,443,0,37,17
1589249629.659458,173.194.151.108,10.10.0.10,,,443,41505,0,1358,17
1589249629.673434,173.194.151.108,10.10.0.10,,,443,41505,0,1358,17
1589249629.6874099,173.194.151.108,10.10.0.10,,,443,41505,0,1358,17
1589249629.701377,173.194.151.108,10.10.0.10,,,443,41505,0,1358,17
1589249629.715353,173.194.151.108,10.10.0.10,,,443,41505,0,1358,17
1589249629.729324,173.194.151.108,10.10.0.10,,,443,41505,0,1358,17
1589249629.7432964,173.194.151.108,10.10.0.10,,,443,41505,0,1358,17
1589249629.757272,173.194.151.108,10.10.0.10,,,443,41505,0,1358,17
1589249629.7712588,173.194.151.108,10.10.0.10,,,443,41505,0,1358,17
1589249629.7852151,173.194.151.108,10.10.0.10,,,443,41505,0,1358,17
1589249629.797227,10.10.0.10,173.194.151.108,,,41505,443,0,37,17
1589249629.7991962,173.194.151.108,10.10.0.10,,,443,41505,0,1358,17
1589249629.810962,10.10.0.10,173.194.151.108,,,41505,443,0,40,17
1589249629.8109882,10.10.0.10,173.194.151.108,,,41505,443,0,40,17
1589249629.813161,173.194.151.108,10.10.0.10,,,443,41505,0,1358,17
1589249629.814986,10.10.0.10,173.194.151.108,,,41505,443,0,40,17
1589249629.816103,10.10.0.10,173.194.151.108,,,41505,443,0,40,17
1589249629.817239,10.10.0.10,173.194.151.108,,,41505,443,0,40,17
1589249629.820214,10.10.0.10,173.194.151.108,,,41505,443,0,40,17
1589249629.82714,173.194.151.108,10.10.0.10,,,443,41505,0,1358,17
1589249629.8411171,173.194.151.108,10.10.0.10,,,443,41505,0,1358,17
1589249629.8428571,10.10.0.10,173.194.151.108,,,41505,443,0,40,17
1589249629.855078,173.194.151.108,10.10.0.10,,,443,41505,0,1358,17
1589249629.8690526,173.194.151.108,10.10.0.10,,,443,41505,0,1358,17
1589249629.8713562,10.10.0.10,173.194.151.108,,,41505,443,0,40,17
1589249629.883021,173.194.151.108,10.10.0.10,,,443,41505,0,1358,17
1589249629.897008,173.194.151.108,10.10.0.10,,,443,41505,0,1358,17
1589249629.8987286,10.10.0.10,173.194.151.108,,,41505,443,0,40,17
1589249629.9109714,173.194.151.108,10.10.0.10,,,443,41505,0,1358,17
1589249629.924944,173.194.151.108,10.10.0.10,,,443,41505,0,1358,17
1589249629.9264605,10.10.0.10,173.194.151.108,,,41505,443,0,40,17
1589249629.93891,173.194.151.108,10.10.0.10,,,443,41505,0,1358,17
1589249629.9528852,173.194.151.108,10.10.0.10,,,443,41505,0,1358,17
1589249629.954605,10.10.0.10,173.194.151.108,,,41505,443,0,53,17
1589249629.9668784,173.194.151.108,10.10.0.10,,,443,41505,0,1358,17
1589249629.9808292,173.194.151.108,10.10.0.10,,,443,41505,0,1358,17
1589249629.982856,10.10.0.10,173.194.151.108,,,41505,443,0,40,17
1589249629.994816,173.194.151.108,10.10.0.10,,,443,41505,0,29,17
1589249629.99544,173.194.151.108,10.10.0.10,,,443,41505,0,1358,17
1589249630.009406,173.194.151.108,10.10.0.10,,,443,41505,0,1358,17
1589249630.010982,10.10.0.10,173.194.151.108,,,41505,443,0,37,17
1589249630.0233786,173.194.151.108,10.10.0.10,,,443,41505,0,1358,17
1589249630.0373518,173.194.151.108,10.10.0.10,,,443,41505,0,1358,17
1589249630.051326,173.194.151.108,10.10.0.10,,,443,41505,0,1358,17
1589249630.065293,173.194.151.108,10.10.0.10,,,443,41505,0,1358,17
1589249630.079263,173.194.151.108,10.10.0.10,,,443,41505,0,1358,17
1589249630.0932355,173.194.151.108,10.10.0.10,,,443,41505,0,1358,17
1589249630.107213,173.194.151.108,10.10.0.10,,,443,41505,0,1358,17
1589249630.108954,10.10.0.10,173.194.151.108,,,41505,443,0,40,17
1589249630.111969,10.10.0.10,173.194.151.108,,,41505,443,0,40,17
1589249630.111995,10.10.0.10,173.194.151.108,,,41505,443,0,40,17
1589249630.114102,10.10.0.10,173.194.151.108,,,41505,443,0,40,17
1589249630.121191,173.194.151.108,10.10.0.10,,,443,41505,0,1358,17
1589249630.123182,10.10.0.10,173.194.151.108,,,41505,443,0,40,17
1589249630.1351562,173.194.151.108,10.10.0.10,,,443,41505,0,1358,17
1589249630.14913,173.194.151.108,10.10.0.10,,,443,41505,0,1358,17
1589249630.150828,10.10.0.10,173.194.151.108,,,41505,443,0,40,17
1589249630.163121,173.194.151.108,10.10.0.10,,,443,41505,0,1358,17
1589249630.17707,173.194.151.108,10.10.0.10,,,443,41505,0,1358,17
1589249630.178952,10.10.0.10,173.194.151.108,,,41505,443,0,40,17
1589249630.1910598,173.194.151.108,10.10.0.10,,,443,41505,0,1358,17
1589249630.2050214,173.194.151.108,10.10.0.10,,,443,41505,0,1358,17
1589249630.206597,10.10.0.10,173.194.151.108,,,41505,443,0,40,17
1589249630.2189991,173.194.151.108,10.10.0.10,,,443,41505,0,1358,17
1589249630.2329636,173.194.151.108,10.10.0.10,,,443,41505,0,1358,17
1589249630.234847,10.10.0.10,173.194.151.108,,,41505,443,0,40,17
1589249630.2469351,173.194.151.108,10.10.0.10,,,443,41505,0,1358,17
1589249630.260909,173.194.151.108,10.10.0.10,,,443,41505,0,240,17
1589249630.26247,10.10.0.10,173.194.151.108,,,41505,443,0,40,17
1589249634.332982,10.10.0.10,173.194.151.108,,,41505,443,0,724,17
1589249634.333014,10.10.0.10,173.194.151.108,,,41505,443,0,48,17
1589249634.3374374,173.194.151.108,10.10.0.10,,,443,41505,0,115,17
1589249634.3374698,173.194.151.108,10.10.0.10,,,443,41505,0,1358,17
1589249634.337494,173.194.151.108,10.10.0.10,,,443,41505,0,1358,17
1589249634.339082,10.10.0.10,173.194.151.108,,,41505,443,0,37,17
1589249634.3508284,173.194.151.108,10.10.0.10,,,443,41505,0,1358,17
1589249634.3525732,10.10.0.10,173.194.151.108,,,41505,443,0,37,17
1589249634.364814,173.194.151.108,10.10.0.10,,,443,41505,0,1358,17
1589249634.378776,173.194.151.108,10.10.0.10,,,443,41505,0,1358,17
1589249634.3927548,173.194.151.108,10.10.0.10,,,443,41505,0,1358,17
1589249634.406717,173.194.151.108,10.10.0.10,,,443,41505,0,1358,17
1589249634.408605,10.10.0.10,173.194.151.108,,,41505,443,0,37,17
1589249634.4206898,173.194.151.108,10.10.0.10,,,443,41505,0,1358,17
1589249634.4257221,10.10.0.10,173.194.151.108,,,41505,443,0,40,17
1589249634.4346616,173.194.151.108,10.10.0.10,,,443,41505,0,1358,17
1589249634.4423332,10.10.0.10,173.194.151.108,,,41505,443,0,40,17
1589249634.442358,10.10.0.10,173.194.151.108,,,41505,443,0,40,17
1589249634.44332,10.10.0.10,173.194.151.108,,,41505,443,0,40,17
1589249634.448634,173.194.151.108,10.10.0.10,,,443,41505,0,1358,17
1589249634.4626234,173.194.151.108,10.10.0.10,,,443,41505,0,1358,17
1589249634.464201,10.10.0.10,173.194.151.108,,,41505,443,0,40,17
1589249634.4765801,173.194.151.108,10.10.0.10,,,443,41505,0,1358,17
1589249634.49056,173.194.151.108,10.10.0.10,,,443,41505,0,1358,17
1589249634.4922018,10.10.0.10,173.194.151.108,,,41505,443,0,40,17
1589249634.5045226,173.194.151.108,10.10.0.10,,,443,41505,0,1358,17
1589249634.518501,173.194.151.108,10.10.0.10,,,443,41505,0,1358,17
1589249634.520192,10.10.0.10,173.194.151.108,,,41505,443,0,40,17
1589249634.532464,173.194.151.108,10.10.0.10,,,443,41505,0,1358,17
1589249634.5464349,173.194.151.108,10.10.0.10,,,443,41505,0,1358,17
1589249634.5480769,10.10.0.10,173.194.151.108,,,41505,443,0,40,17
1589249634.560425,173.194.151.108,10.10.0.10,,,443,41505,0,1358,17
1589249634.574378,173.194.151.108,10.10.0.10,,,443,41505,0,1358,17
1589249634.578205,10.10.0.10,173.194.151.108,,,41505,443,0,40,17
1589249634.588353,173.194.151.108,10.10.0.10,,,443,41505,0,1358,17
1589249634.6023269,173.194.151.108,10.10.0.10,,,443,41505,0,1358,17
1589249634.604325,10.10.0.10,173.194.151.108,,,41505,443,0,40,17
1589249634.616297,173.194.151.108,10.10.0.10,,,443,41505,0,1358,17
1589249634.6302738,173.194.151.108,10.10.0.10,,,443,41505,0,1358,17
1589249634.644244,173.194.151.108,10.10.0.10,,,443,41505,0,1358,17
1589249634.658242,173.194.151.108,10.10.0.10,,,443,41505,0,1358,17
1589249634.6721902,173.194.151.108,10.10.0.10,,,443,41505,0,1358,17
1589249634.686179,173.194.151.108,10.10.0.10,,,443,41505,0,1358,17
1589249634.7001321,173.194.151.108,10.10.0.10,,,443,41505,0,1358,17
1589249634.712472,10.10.0.10,173.194.151.108,,,41505,443,0,40,17
1589249634.7141082,173.194.151.108,10.10.0.10,,,443,41505,0,1358,17
1589249634.715592,10.10.0.10,173.194.151.108,,,41505,443,0,42,17
1589249634.715618,10.10.0.10,173.194.151.108,,,41505,443,0,42,17
1589249634.71579,10.10.0.10,173.194.151.108,,,41505,443,0,42,17
1589249634.71807,10.10.0.10,173.194.151.108,,,41505,443,0,42,17
1589249634.7280762,173.194.151.108,10.10.0.10,,,443,41505,0,1358,17
1589249634.72957,10.10.0.10,173.194.151.108,,,41505,443,0,42,17
1589249634.742049,173.194.151.108,10.10.0.10,,,443,41505,0,1358,17
1589249634.756021,173.194.151.108,10.10.0.10,,,443,41505,0,1358,17
1589249634.7575722,10.10.0.10,173.194.151.108,,,41505,443,0,55,17
1589249634.769999,173.194.151.108,10.10.0.10,,,443,41505,0,1358,17
1589249634.7839699,173.194.151.108,10.10.0.10,,,443,41505,0,1358,17
1589249634.7855878,10.10.0.10,173.194.151.108,,,41505,443,0,42,17
1589249634.7979429,173.194.151.108,10.10.0.10,,,443,41505,0,1358,17
1589249634.8119388,173.194.151.108,10.10.0.10,,,443,41505,0,1358,17
1589249634.813692,10.10.0.10,173.194.151.108,,,41505,443,0,42,17
1589249634.825887,173.194.151.108,10.10.0.10,,,443,41505,0,1358,17
1589249634.839866,173.194.151.108,10.10.0.10,,,443,41505,0,1358,17
1589249634.841809,10.10.0.10,173.194.151.108,,,41505,443,0,42,17
1589249634.853834,173.194.151.108,10.10.0.10,,,443,41505,0,1358,17
1589249634.867805,173.194.151.108,10.10.0.10,,,443,41505,0,1358,17
1589249634.869694,10.10.0.10,173.194.151.108,,,41505,443,0,37,17
1589249634.881779,173.194.151.108,10.10.0.10,,,443,41505,0,1358,17
1589249634.89575,173.194.151.108,10.10.0.10,,,443,41505,0,1358,17
1589249634.89744,10.10.0.10,173.194.151.108,,,41505,443,0,37,17
1589249634.909735,173.194.151.108,10.10.0.10,,,443,41505,0,1358,17
1589249634.9236932,173.194.151.108,10.10.0.10,,,443,41505,0,1358,17
1589249634.925339,10.10.0.10,173.194.151.108,,,41505,443,0,37,17
1589249634.9376721,173.194.151.108,10.10.0.10,,,443,41505,0,1358,17
1589249634.9516392,173.194.151.108,10.10.0.10,,,443,41505,0,1358,17
1589249634.9532108,10.10.0.10,173.194.151.108,,,41505,443,0,37,17
1589249634.9656124,173.194.151.108,10.10.0.10,,,443,41505,0,1358,17
1589249634.979584,173.194.151.108,10.10.0.10,,,443,41505,0,1358,17
1589249634.981334,10.10.0.10,173.194.151.108,,,41505,443,0,37,17
1589249634.9935555,173.194.151.108,10.10.0.10,,,443,41505,0,1358,17
1589249635.007545,173.194.151.108,10.10.0.10,,,443,41505,0,1358,17
1589249635.0091946,10.10.0.10,173.194.151.108,,,41505,443,0,37,17
1589249635.021504,173.194.151.108,10.10.0.10,,,443,41505,0,1358,17
1589249635.0354712,173.194.151.108,10.10.0.10,,,443,41505,0,1358,17
1589249635.037192,10.10.0.10,173.194.151.108,,,41505,443,0,37,17
1589249635.049447,173.194.151.108,10.10.0.10,,,443,41505,0,1358,17
1589249635.0634198,173.194.151.108,10.10.0.10,,,443,41505,0,1358,17
1589249635.065194,10.10.0.10,173.194.151.108,,,41505,443,0,37,17
1589249635.077393,173.194.151.108,10.10.0.10,,,443,41505,0,1358,17
1589249635.0913641,173.194.151.108,10.10.0.10,,,443,41505,0,1358,17
1589249635.093083,10.10.0.10,173.194.151.108,,,41505,443,0,37,17
1589249635.1053548,173.194.151.108,10.10.0.10,,,443,41505,0,1358,17
1589249635.1193092,173.194.151.108,10.10.0.10,,,443,41505,0,1358,17
1589249635.120955,10.10.0.10,173.194.151.108,,,41505,443,0,37,17
1589249635.133287,173.194.151.108,10.10.0.10,,,443,41505,0,1358,17
1589249635.147254,173.194.151.108,10.10.0.10,,,443,41505,0,1358,17
1589249635.1555312,10.10.0.10,173.194.151.108,,,41505,443,0,37,17
1589249635.161231,173.194.151.108,10.10.0.10,,,443,41505,0,1358,17
1589249635.175199,173.194.151.108,10.10.0.10,,,443,41505,0,1358,17
1589249635.177058,10.10.0.10,173.194.151.108,,,41505,443,0,37,17
1589249635.1891732,173.194.151.108,10.10.0.10,,,443,41505,0,1358,17
1589249635.203146,173.194.151.108,10.10.0.10,,,443,41505,0,1358,17
1589249635.204953,10.10.0.10,173.194.151.108,,,41505,443,0,37,17
1589249635.217114,173.194.151.108,10.10.0.10,,,443,41505,0,1358,17
1589249635.231104,173.194.151.108,10.10.0.10,,,443,41505,0,1358,17
1589249635.2327962,10.10.0.10,173.194.151.108,,,41505,443,0,37,17
1589249635.2450595,173.194.151.108,10.10.0.10,,,443,41505,0,1358,17
1589249635.259038,173.194.151.108,10.10.0.10,,,443,41505,0,1358,17
1589249635.26068,10.10.0.10,173.194.151.108,,,41505,443,0,37,17
1589249635.273005,173.194.151.108,10.10.0.10,,,443,41505,0,115,17
1589249635.339802,10.10.0.10,173.194.151.108,,,41505,443,0,37,17
1589249637.602762,10.10.0.10,173.194.151.108,,,41505,443,0,725,17
1589249637.602795,10.10.0.10,173.194.151.108,,,41505,443,0,48,17
1589249637.607248,173.194.151.108,10.10.0.10,,,443,41505,0,115,17
1589249637.607287,173.194.151.108,10.10.0.10,,,443,41505,0,1358,17
1589249637.607308,173.194.151.108,10.10.0.10,,,443,41505,0,1358,17
1589249637.610706,10.10.0.10,173.194.151.108,,,41505,443,0,37,17
1589249637.62064,173.194.151.108,10.10.0.10,,,443,41505,0,1358,17
1589249637.623084,10.10.0.10,173.194.151.108,,,41505,443,0,37,17
1589249637.6346061,173.194.151.108,10.10.0.10,,,443,41505,0,1358,17
1589249637.648579,173.194.151.108,10.10.0.10,,,443,41505,0,1358,17
1589249637.6519892,10.10.0.10,173.194.151.108,,,41505,443,0,37,17
1589249637.6625571,173.194.151.108,10.10.0.10,,,443,41505,0,1358,17
1589249637.676525,173.194.151.108,10.10.0.10,,,443,41505,0,1358,17
1589249637.678104,10.10.0.10,173.194.151.108,,,41505,443,0,37,17
1589249637.6904929,173.194.151.108,10.10.0.10,,,443,41505,0,1358,17
1589249637.7044704,173.194.151.108,10.10.0.10,,,443,41505,0,1358,17
1589249637.705985,10.10.0.10,173.194.151.108,,,41505,443,0,37,17
1589249637.718443,173.194.151.108,10.10.0.10,,,443,41505,0,1358,17
1589249637.732413,173.194.151.108,10.10.0.10,,,443,41505,0,1358,17
1589249637.734014,10.10.0.10,173.194.151.108,,,41505,443,0,37,17
1589249637.7463868,173.194.151.108,10.10.0.10,,,443,41505,0,1358,17
1589249637.7603571,173.194.151.108,10.10.0.10,,,443,41505,0,1358,17
1589249637.774343,173.194.151.108,10.10.0.10,,,443,41505,0,1358,17
1589249637.7883012,173.194.151.108,10.10.0.10,,,443,41505,0,1358,17
1589249637.799002,10.10.0.10,173.194.151.108,,,41505,443,0,40,17
1589249637.800984,10.10.0.10,173.194.151.108,,,41505,443,0,40,17
1589249637.8013456,10.10.0.10,173.194.151.108,,,41505,443,0,40,17
1589249637.802279,173.194.151.108,10.10.0.10,,,443,41505,0,1358,17
1589249637.805112,10.10.0.10,173.194.151.108,,,41505,443,0,40,17
1589249637.8162508,173.194.151.108,10.10.0.10,,,443,41505,0,1358,17
1589249637.830226,173.194.151.108,10.10.0.10,,,443,41505,0,1358,17
1589249637.831884,10.10.0.10,173.194.151.108,,,41505,443,0,40,17
1589249637.844214,173.194.151.108,10.10.0.10,,,443,41505,0,1358,17
1589249637.858168,173.194.151.108,10.10.0.10,,,443,41505,0,1358,17
1589249637.860625,10.10.0.10,173.194.151.108,,,41505,443,0,40,17
1589249637.872153,173.194.151.108,10.10.0.10,,,443,41505,0,1358,17
1589249637.8861141,173.194.151.108,10.10.0.10,,,443,41505,0,106,17
1589249637.887526,173.194.151.108,10.10.0.10,,,443,41505,0,1358,17
1589249637.9461222,10.10.0.10,173.194.151.108,,,41505,443,0,40,17
1589249638.006248,10.10.0.10,173.194.151.108,,,41505,443,0,40,17
