timestamp,ipSrc,ipDst,tcpPortSrc,tcpPortDst,udpPortSrc,udpPortDst,tcpLen,udpLen,payloadProtocolNumber
1588616953.006282,10.10.0.10,173.194.188.105,,,45734,443,0,1358,17
1588616953.0121212,173.194.188.105,10.10.0.10,,,443,45734,0,1358,17
1588616953.0155704,10.10.0.10,173.194.188.105,,,45734,443,0,1358,17
1588616953.021023,173.194.188.105,10.10.0.10,,,443,45734,0,1358,17
1588616953.0261636,10.10.0.10,173.194.188.105,,,45734,443,0,36,17
1588616953.026923,10.10.0.10,173.194.188.105,,,45734,443,0,854,17
1588616953.033441,10.10.0.10,173.194.188.105,,,45734,443,0,720,17
1588616953.033691,10.10.0.10,173.194.188.105,,,45734,443,0,48,17
1588616953.0339162,10.10.0.10,173.194.188.105,,,45734,443,0,48,17
1588616953.0376961,173.194.188.105,10.10.0.10,,,443,45734,0,28,17
1588616953.0559099,173.194.188.105,10.10.0.10,,,443,45734,0,372,17
1588616953.0559492,173.194.188.105,10.10.0.10,,,443,45734,0,26,17
1588616953.055961,173.194.188.105,10.10.0.10,,,443,45734,0,946,17
1588616953.057789,10.10.0.10,173.194.188.105,,,45734,443,0,39,17
1588616953.057821,10.10.0.10,173.194.188.105,,,45734,443,0,36,17
1588616953.0918698,10.10.0.10,173.194.188.105,,,45734,443,0,726,17
1588616953.0961616,10.10.0.10,173.194.188.105,,,45734,443,0,48,17
1588616953.1001198,173.194.188.105,10.10.0.10,,,443,45734,0,28,17
1588616953.1001751,173.194.188.105,10.10.0.10,,,443,45734,0,45,17
1588616953.1005044,173.194.188.105,10.10.0.10,,,443,45734,0,1358,17
1588616953.1005492,173.194.188.105,10.10.0.10,,,443,45734,0,1358,17
1588616953.102793,10.10.0.10,173.194.188.105,,,45734,443,0,36,17
1588616953.1037278,173.194.188.105,10.10.0.10,,,443,45734,0,1358,17
1588616953.105435,10.10.0.10,173.194.188.105,,,45734,443,0,36,17
1588616953.1075325,173.194.188.105,10.10.0.10,,,443,45734,0,1358,17
1588616953.11128,173.194.188.105,10.10.0.10,,,443,45734,0,1358,17
1588616953.1151161,173.194.188.105,10.10.0.10,,,443,45734,0,1358,17
1588616953.1151962,10.10.0.10,173.194.188.105,,,45734,443,0,36,17
1588616953.1188908,173.194.188.105,10.10.0.10,,,443,45734,0,1358,17
1588616953.1204581,10.10.0.10,173.194.188.105,,,45734,443,0,36,17
1588616953.1226661,173.194.188.105,10.10.0.10,,,443,45734,0,1358,17
1588616953.1264381,173.194.188.105,10.10.0.10,,,443,45734,0,1358,17
1588616953.128607,10.10.0.10,173.194.188.105,,,45734,443,0,36,17
1588616953.130162,173.194.188.105,10.10.0.10,,,443,45734,0,1358,17
1588616953.133935,173.194.188.105,10.10.0.10,,,443,45734,0,1358,17
1588616953.136501,10.10.0.10,173.194.188.105,,,45734,443,0,36,17
1588616953.1377714,173.194.188.105,10.10.0.10,,,443,45734,0,1358,17
1588616953.141546,173.194.188.105,10.10.0.10,,,443,45734,0,1358,17
1588616953.144336,10.10.0.10,173.194.188.105,,,45734,443,0,36,17
1588616953.1452498,173.194.188.105,10.10.0.10,,,443,45734,0,1358,17
1588616953.1490598,173.194.188.105,10.10.0.10,,,443,45734,0,1358,17
1588616953.152872,173.194.188.105,10.10.0.10,,,443,45734,0,1358,17
1588616953.1552749,10.10.0.10,173.194.188.105,,,45734,443,0,36,17
1588616953.1566489,173.194.188.105,10.10.0.10,,,443,45734,0,1358,17
1588616953.1583805,10.10.0.10,173.194.188.105,,,45734,443,0,36,17
1588616953.160375,173.194.188.105,10.10.0.10,,,443,45734,0,1358,17
1588616953.16417,173.194.188.105,10.10.0.10,,,443,45734,0,1358,17
1588616953.1664221,10.10.0.10,173.194.188.105,,,45734,443,0,36,17
1588616953.1679714,173.194.188.105,10.10.0.10,,,443,45734,0,1358,17
1588616953.1716864,173.194.188.105,10.10.0.10,,,443,45734,0,1358,17
1588616953.1754599,173.194.188.105,10.10.0.10,,,443,45734,0,1358,17
1588616953.176023,10.10.0.10,173.194.188.105,,,45734,443,0,36,17
1588616953.1792948,173.194.188.105,10.10.0.10,,,443,45734,0,1358,17
1588616953.181145,10.10.0.10,173.194.188.105,,,45734,443,0,36,17
1588616953.1830704,173.194.188.105,10.10.0.10,,,443,45734,0,1358,17
1588616953.1868448,173.194.188.105,10.10.0.10,,,443,45734,0,1358,17
1588616953.188858,10.10.0.10,173.194.188.105,,,45734,443,0,36,17
1588616953.190577,173.194.188.105,10.10.0.10,,,443,45734,0,1358,17
1588616953.1943948,173.194.188.105,10.10.0.10,,,443,45734,0,1358,17
1588616953.198145,173.194.188.105,10.10.0.10,,,443,45734,0,1358,17
1588616953.198175,10.10.0.10,173.194.188.105,,,45734,443,0,36,17
1588616953.201879,173.194.188.105,10.10.0.10,,,443,45734,0,1358,17
1588616953.2042365,10.10.0.10,173.194.188.105,,,45734,443,0,36,17
1588616953.205684,173.194.188.105,10.10.0.10,,,443,45734,0,1358,17
1588616953.209496,173.194.188.105,10.10.0.10,,,443,45734,0,1358,17
1588616953.2113216,10.10.0.10,173.194.188.105,,,45734,443,0,36,17
1588616953.2132714,173.194.188.105,10.10.0.10,,,443,45734,0,1358,17
1588616953.2170448,173.194.188.105,10.10.0.10,,,443,45734,0,1358,17
1588616953.2194042,10.10.0.10,173.194.188.105,,,45734,443,0,39,17
1588616953.2208052,173.194.188.105,10.10.0.10,,,443,45734,0,1358,17
1588616953.222588,10.10.0.10,173.194.188.105,,,45734,443,0,36,17
1588616953.2245939,173.194.188.105,10.10.0.10,,,443,45734,0,1358,17
1588616953.2283304,173.194.188.105,10.10.0.10,,,443,45734,0,1358,17
1588616953.2317958,10.10.0.10,173.194.188.105,,,45734,443,0,36,17
1588616953.232073,173.194.188.105,10.10.0.10,,,443,45734,0,1358,17
1588616953.235896,173.194.188.105,10.10.0.10,,,443,45734,0,1358,17
1588616953.237731,10.10.0.10,173.194.188.105,,,45734,443,0,49,17
1588616953.2396932,173.194.188.105,10.10.0.10,,,443,45734,0,1358,17
1588616953.2434692,173.194.188.105,10.10.0.10,,,443,45734,0,1358,17
1588616953.246989,10.10.0.10,173.194.188.105,,,45734,443,0,36,17
1588616953.247176,173.194.188.105,10.10.0.10,,,443,45734,0,1358,17
1588616953.2510178,173.194.188.105,10.10.0.10,,,443,45734,0,1358,17
1588616953.2541082,10.10.0.10,173.194.188.105,,,45734,443,0,36,17
1588616953.2547548,173.194.188.105,10.10.0.10,,,443,45734,0,1358,17
1588616953.258546,173.194.188.105,10.10.0.10,,,443,45734,0,1358,17
1588616953.2605412,10.10.0.10,173.194.188.105,,,45734,443,0,36,17
1588616953.262305,173.194.188.105,10.10.0.10,,,443,45734,0,1358,17
1588616953.266119,173.194.188.105,10.10.0.10,,,443,45734,0,1358,17
1588616953.269046,10.10.0.10,173.194.188.105,,,45734,443,0,36,17
1588616953.2698722,173.194.188.105,10.10.0.10,,,443,45734,0,1358,17
1588616953.2736,173.194.188.105,10.10.0.10,,,443,45734,0,1358,17
1588616953.275196,10.10.0.10,173.194.188.105,,,45734,443,0,36,17
1588616953.277443,173.194.188.105,10.10.0.10,,,443,45734,0,1358,17
1588616953.2812178,173.194.188.105,10.10.0.10,,,443,45734,0,1358,17
1588616953.282901,10.10.0.10,173.194.188.105,,,45734,443,0,36,17
1588616953.2855165,173.194.188.105,10.10.0.10,,,443,45734,0,1358,17
1588616953.2893698,173.194.188.105,10.10.0.10,,,443,45734,0,1358,17
1588616953.2909222,10.10.0.10,173.194.188.105,,,45734,443,0,36,17
1588616953.293145,173.194.188.105,10.10.0.10,,,443,45734,0,1358,17
1588616953.2969198,173.194.188.105,10.10.0.10,,,443,45734,0,1358,17
1588616953.2985814,10.10.0.10,173.194.188.105,,,45734,443,0,36,17
1588616953.300694,173.194.188.105,10.10.0.10,,,443,45734,0,1358,17
1588616953.3044698,173.194.188.105,10.10.0.10,,,443,45734,0,1358,17
1588616953.3060222,10.10.0.10,173.194.188.105,,,45734,443,0,36,17
1588616953.3082454,173.194.188.105,10.10.0.10,,,443,45734,0,1358,17
1588616953.311949,173.194.188.105,10.10.0.10,,,443,45734,0,1358,17
1588616953.314003,10.10.0.10,173.194.188.105,,,45734,443,0,36,17
1588616953.315759,173.194.188.105,10.10.0.10,,,443,45734,0,1358,17
1588616953.319533,173.194.188.105,10.10.0.10,,,443,45734,0,1358,17
1588616953.321149,10.10.0.10,173.194.188.105,,,45734,443,0,36,17
1588616953.323344,173.194.188.105,10.10.0.10,,,443,45734,0,1358,17
1588616953.3271186,173.194.188.105,10.10.0.10,,,443,45734,0,1358,17
1588616953.328611,10.10.0.10,173.194.188.105,,,45734,443,0,36,17
1588616953.3308704,173.194.188.105,10.10.0.10,,,443,45734,0,1358,17
1588616953.3346741,173.194.188.105,10.10.0.10,,,443,45734,0,1358,17
1588616953.336342,10.10.0.10,173.194.188.105,,,45734,443,0,36,17
1588616953.338447,173.194.188.105,10.10.0.10,,,443,45734,0,1358,17
1588616953.342184,173.194.188.105,10.10.0.10,,,443,45734,0,1358,17
1588616953.3440762,10.10.0.10,173.194.188.105,,,45734,443,0,36,17
1588616953.345042,10.10.0.10,173.194.188.105,,,45734,443,0,723,17
1588616953.345096,10.10.0.10,173.194.188.105,,,45734,443,0,48,17
1588616953.345997,173.194.188.105,10.10.0.10,,,443,45734,0,1358,17
1588616953.349735,173.194.188.105,10.10.0.10,,,443,45734,0,1358,17
1588616953.351436,10.10.0.10,173.194.188.105,,,45734,443,0,36,17
1588616953.353514,173.194.188.105,10.10.0.10,,,443,45734,0,1358,17
1588616953.357281,173.194.188.105,10.10.0.10,,,443,45734,0,1358,17
1588616953.359908,10.10.0.10,173.194.188.105,,,45734,443,0,36,17
1588616953.359968,10.10.0.10,173.194.188.105,,,45734,443,0,43,17
1588616953.3610866,173.194.188.105,10.10.0.10,,,443,45734,0,1358,17
1588616953.364861,173.194.188.105,10.10.0.10,,,443,45734,0,1358,17
1588616953.3665216,10.10.0.10,173.194.188.105,,,45734,443,0,36,17
1588616953.368576,173.194.188.105,10.10.0.10,,,443,45734,0,1358,17
1588616953.372373,173.194.188.105,10.10.0.10,,,443,45734,0,1358,17
1588616953.373895,10.10.0.10,173.194.188.105,,,45734,443,0,36,17
1588616953.3744302,10.10.0.10,173.194.188.105,,,45734,443,0,723,17
1588616953.3761892,173.194.188.105,10.10.0.10,,,443,45734,0,1358,17
1588616953.379962,173.194.188.105,10.10.0.10,,,443,45734,0,1358,17
1588616953.38197,10.10.0.10,173.194.188.105,,,45734,443,0,36,17
1588616953.3837378,173.194.188.105,10.10.0.10,,,443,45734,0,1358,17
1588616953.387512,173.194.188.105,10.10.0.10,,,443,45734,0,1358,17
1588616953.389166,10.10.0.10,173.194.188.105,,,45734,443,0,36,17
1588616953.391286,173.194.188.105,10.10.0.10,,,443,45734,0,1358,17
1588616953.395062,173.194.188.105,10.10.0.10,,,443,45734,0,1358,17
1588616953.396611,10.10.0.10,173.194.188.105,,,45734,443,0,36,17
1588616953.398797,173.194.188.105,10.10.0.10,,,443,45734,0,1358,17
1588616953.4026132,173.194.188.105,10.10.0.10,,,443,45734,0,1358,17
1588616953.404505,10.10.0.10,173.194.188.105,,,45734,443,0,36,17
1588616953.406386,173.194.188.105,10.10.0.10,,,443,45734,0,1358,17
1588616953.410135,173.194.188.105,10.10.0.10,,,443,45734,0,1358,17
1588616953.4116876,10.10.0.10,173.194.188.105,,,45734,443,0,36,17
1588616953.413935,173.194.188.105,10.10.0.10,,,443,45734,0,1358,17
1588616953.417714,173.194.188.105,10.10.0.10,,,443,45734,0,1358,17
1588616953.4203591,10.10.0.10,173.194.188.105,,,45734,443,0,36,17
1588616953.421486,173.194.188.105,10.10.0.10,,,443,45734,0,1358,17
1588616953.4251962,173.194.188.105,10.10.0.10,,,443,45734,0,1358,17
1588616953.4268134,10.10.0.10,173.194.188.105,,,45734,443,0,36,17
1588616953.428994,173.194.188.105,10.10.0.10,,,443,45734,0,1358,17
1588616953.4328108,173.194.188.105,10.10.0.10,,,443,45734,0,1358,17
1588616953.4345222,10.10.0.10,173.194.188.105,,,45734,443,0,36,17
1588616953.4365866,173.194.188.105,10.10.0.10,,,443,45734,0,1358,17
1588616953.440361,173.194.188.105,10.10.0.10,,,443,45734,0,1358,17
1588616953.442009,10.10.0.10,173.194.188.105,,,45734,443,0,36,17
1588616953.444135,173.194.188.105,10.10.0.10,,,443,45734,0,1358,17
1588616953.4479089,173.194.188.105,10.10.0.10,,,443,45734,0,1358,17
1588616953.451261,10.10.0.10,173.194.188.105,,,45734,443,0,36,17
1588616953.4516456,173.194.188.105,10.10.0.10,,,443,45734,0,1358,17
1588616953.4554,173.194.188.105,10.10.0.10,,,443,45734,0,1358,17
1588616953.457012,10.10.0.10,173.194.188.105,,,45734,443,0,36,17
1588616953.45921,173.194.188.105,10.10.0.10,,,443,45734,0,1358,17
1588616953.4630098,173.194.188.105,10.10.0.10,,,443,45734,0,1358,17
1588616953.465208,10.10.0.10,173.194.188.105,,,45734,443,0,36,17
1588616953.466786,173.194.188.105,10.10.0.10,,,443,45734,0,1358,17
1588616953.4705188,173.194.188.105,10.10.0.10,,,443,45734,0,1358,17
1588616953.4724612,10.10.0.10,173.194.188.105,,,45734,443,0,36,17
1588616953.474334,173.194.188.105,10.10.0.10,,,443,45734,0,1358,17
1588616953.47811,173.194.188.105,10.10.0.10,,,443,45734,0,1358,17
1588616953.4798338,10.10.0.10,173.194.188.105,,,45734,443,0,36,17
1588616953.481875,173.194.188.105,10.10.0.10,,,443,45734,0,1358,17
1588616953.485616,173.194.188.105,10.10.0.10,,,443,45734,0,1358,17
1588616953.4872508,10.10.0.10,173.194.188.105,,,45734,443,0,36,17
1588616953.4894366,173.194.188.105,10.10.0.10,,,443,45734,0,1358,17
1588616953.493209,173.194.188.105,10.10.0.10,,,443,45734,0,1358,17
1588616953.494775,10.10.0.10,173.194.188.105,,,45734,443,0,36,17
1588616953.495007,10.10.0.10,173.194.188.105,,,45734,443,0,48,17
1588616953.496984,173.194.188.105,10.10.0.10,,,443,45734,0,1358,17
1588616953.5007591,173.194.188.105,10.10.0.10,,,443,45734,0,1358,17
1588616953.5040188,10.10.0.10,173.194.188.105,,,45734,443,0,36,17
1588616953.5044956,173.194.188.105,10.10.0.10,,,443,45734,0,1358,17
1588616953.5087054,173.194.188.105,10.10.0.10,,,443,45734,0,1358,17
1588616953.5100439,10.10.0.10,173.194.188.105,,,45734,443,0,36,17
1588616953.5124762,173.194.188.105,10.10.0.10,,,443,45734,0,1358,17
1588616953.5163062,173.194.188.105,10.10.0.10,,,443,45734,0,1358,17
1588616953.518569,10.10.0.10,173.194.188.105,,,45734,443,0,36,17
1588616953.5200784,173.194.188.105,10.10.0.10,,,443,45734,0,1358,17
1588616953.523813,173.194.188.105,10.10.0.10,,,443,45734,0,1358,17
1588616953.525442,10.10.0.10,173.194.188.105,,,45734,443,0,36,17
1588616953.5276284,173.194.188.105,10.10.0.10,,,443,45734,0,1358,17
1588616953.5314052,173.194.188.105,10.10.0.10,,,443,45734,0,1358,17
1588616953.5330362,10.10.0.10,173.194.188.105,,,45734,443,0,36,17
1588616953.5351868,173.194.188.105,10.10.0.10,,,443,45734,0,1358,17
1588616953.5389092,173.194.188.105,10.10.0.10,,,443,45734,0,1358,17
1588616953.54052,10.10.0.10,173.194.188.105,,,45734,443,0,36,17
1588616953.542728,173.194.188.105,10.10.0.10,,,443,45734,0,1358,17
1588616953.5464618,173.194.188.105,10.10.0.10,,,443,45734,0,1358,17
1588616953.548082,10.10.0.10,173.194.188.105,,,45734,443,0,36,17
1588616953.5502381,173.194.188.105,10.10.0.10,,,443,45734,0,1358,17
1588616953.5540519,173.194.188.105,10.10.0.10,,,443,45734,0,1358,17
1588616953.555816,10.10.0.10,173.194.188.105,,,45734,443,0,36,17
1588616953.5578294,173.194.188.105,10.10.0.10,,,443,45734,0,1358,17
1588616953.5616071,173.194.188.105,10.10.0.10,,,443,45734,0,1358,17
1588616953.5633972,10.10.0.10,173.194.188.105,,,45734,443,0,36,17
1588616953.5653148,173.194.188.105,10.10.0.10,,,443,45734,0,1358,17
1588616953.5691268,173.194.188.105,10.10.0.10,,,443,45734,0,1358,17
1588616953.5714598,10.10.0.10,173.194.188.105,,,45734,443,0,36,17
1588616953.5720036,10.10.0.10,173.194.188.105,,,45734,443,0,723,17
1588616953.572927,173.194.188.105,10.10.0.10,,,443,45734,0,1358,17
1588616953.5767028,173.194.188.105,10.10.0.10,,,443,45734,0,1358,17
1588616953.5786202,10.10.0.10,173.194.188.105,,,45734,443,0,36,17
1588616953.5804772,173.194.188.105,10.10.0.10,,,443,45734,0,1358,17
1588616953.5842519,173.194.188.105,10.10.0.10,,,443,45734,0,1358,17
1588616953.5863938,10.10.0.10,173.194.188.105,,,45734,443,0,36,17
1588616953.5880268,173.194.188.105,10.10.0.10,,,443,45734,0,1358,17
1588616953.591816,173.194.188.105,10.10.0.10,,,443,45734,0,1358,17
1588616953.593502,10.10.0.10,173.194.188.105,,,45734,443,0,36,17
1588616953.595537,173.194.188.105,10.10.0.10,,,443,45734,0,1358,17
1588616953.599352,173.194.188.105,10.10.0.10,,,443,45734,0,1358,17
1588616953.603127,173.194.188.105,10.10.0.10,,,443,45734,0,1358,17
1588616953.6069028,173.194.188.105,10.10.0.10,,,443,45734,0,29,17
1588616953.607002,173.194.188.105,10.10.0.10,,,443,45734,0,1358,17
1588616953.610848,173.194.188.105,10.10.0.10,,,443,45734,0,1358,17
1588616953.614622,173.194.188.105,10.10.0.10,,,443,45734,0,1358,17
1588616953.6183982,173.194.188.105,10.10.0.10,,,443,45734,0,1358,17
1588616953.6221259,173.194.188.105,10.10.0.10,,,443,45734,0,1358,17
1588616953.6235518,10.10.0.10,173.194.188.105,,,45734,443,0,36,17
1588616953.625046,10.10.0.10,173.194.188.105,,,45734,443,0,36,17
1588616953.625258,10.10.0.10,173.194.188.105,,,45734,443,0,36,17
1588616953.625906,173.194.188.105,10.10.0.10,,,443,45734,0,1358,17
1588616953.62896,10.10.0.10,173.194.188.105,,,45734,443,0,36,17
1588616953.6296608,173.194.188.105,10.10.0.10,,,443,45734,0,1358,17
1588616953.631565,10.10.0.10,173.194.188.105,,,45734,443,0,36,17
1588616953.633456,173.194.188.105,10.10.0.10,,,443,45734,0,1358,17
1588616953.6372721,173.194.188.105,10.10.0.10,,,443,45734,0,1358,17
1588616953.638852,10.10.0.10,173.194.188.105,,,45734,443,0,36,17
1588616953.641046,173.194.188.105,10.10.0.10,,,443,45734,0,1358,17
1588616953.644824,173.194.188.105,10.10.0.10,,,443,45734,0,1358,17
1588616953.646393,10.10.0.10,173.194.188.105,,,45734,443,0,36,17
1588616953.6485422,173.194.188.105,10.10.0.10,,,443,45734,0,1358,17
1588616953.6523304,173.194.188.105,10.10.0.10,,,443,45734,0,1358,17
1588616953.653897,10.10.0.10,173.194.188.105,,,45734,443,0,36,17
1588616953.6561458,173.194.188.105,10.10.0.10,,,443,45734,0,1358,17
1588616953.659893,173.194.188.105,10.10.0.10,,,443,45734,0,1358,17
1588616953.661435,10.10.0.10,173.194.188.105,,,45734,443,0,36,17
1588616953.6636946,173.194.188.105,10.10.0.10,,,443,45734,0,1358,17
1588616953.6674721,173.194.188.105,10.10.0.10,,,443,45734,0,1358,17
1588616953.670752,10.10.0.10,173.194.188.105,,,45734,443,0,36,17
1588616953.671205,173.194.188.105,10.10.0.10,,,443,45734,0,1358,17
1588616953.674985,173.194.188.105,10.10.0.10,,,443,45734,0,1358,17
1588616953.6764624,10.10.0.10,173.194.188.105,,,45734,443,0,36,17
1588616953.6787548,173.194.188.105,10.10.0.10,,,443,45734,0,1358,17
1588616953.6825712,173.194.188.105,10.10.0.10,,,443,45734,0,1358,17
1588616953.685001,10.10.0.10,173.194.188.105,,,45734,443,0,36,17
1588616953.6863458,173.194.188.105,10.10.0.10,,,443,45734,0,1358,17
1588616953.690135,173.194.188.105,10.10.0.10,,,443,45734,0,1358,17
1588616953.691888,10.10.0.10,173.194.188.105,,,45734,443,0,36,17
1588616953.6938946,173.194.188.105,10.10.0.10,,,443,45734,0,1358,17
1588616953.697669,173.194.188.105,10.10.0.10,,,443,45734,0,1358,17
1588616953.7004561,10.10.0.10,173.194.188.105,,,45734,443,0,36,17
1588616953.7014446,173.194.188.105,10.10.0.10,,,443,45734,0,1358,17
1588616953.7051716,173.194.188.105,10.10.0.10,,,443,45734,0,1358,17
1588616953.706868,10.10.0.10,173.194.188.105,,,45734,443,0,36,17
1588616953.7089539,173.194.188.105,10.10.0.10,,,443,45734,0,1358,17
1588616953.712769,173.194.188.105,10.10.0.10,,,443,45734,0,1358,17
1588616953.714375,10.10.0.10,173.194.188.105,,,45734,443,0,36,17
1588616953.7165446,173.194.188.105,10.10.0.10,,,443,45734,0,1358,17
1588616953.72032,173.194.188.105,10.10.0.10,,,443,45734,0,1358,17
1588616953.7219384,10.10.0.10,173.194.188.105,,,45734,443,0,49,17
1588616953.7240946,173.194.188.105,10.10.0.10,,,443,45734,0,1358,17
1588616953.72787,173.194.188.105,10.10.0.10,,,443,45734,0,1358,17
1588616953.729357,10.10.0.10,173.194.188.105,,,45734,443,0,36,17
1588616953.7316446,173.194.188.105,10.10.0.10,,,443,45734,0,1358,17
1588616953.735379,173.194.188.105,10.10.0.10,,,443,45734,0,1358,17
1588616953.737399,10.10.0.10,173.194.188.105,,,45734,443,0,36,17
1588616953.739169,173.194.188.105,10.10.0.10,,,443,45734,0,1358,17
1588616953.7429314,173.194.188.105,10.10.0.10,,,443,45734,0,1358,17
1588616953.7444668,10.10.0.10,173.194.188.105,,,45734,443,0,36,17
1588616953.7467446,173.194.188.105,10.10.0.10,,,443,45734,0,1358,17
1588616953.75052,173.194.188.105,10.10.0.10,,,443,45734,0,1358,17
1588616953.75296,10.10.0.10,173.194.188.105,,,45734,443,0,36,17
1588616953.7542946,173.194.188.105,10.10.0.10,,,443,45734,0,1358,17
1588616953.7580519,173.194.188.105,10.10.0.10,,,443,45734,0,1358,17
1588616953.759667,10.10.0.10,173.194.188.105,,,45734,443,0,36,17
1588616953.761857,173.194.188.105,10.10.0.10,,,443,45734,0,1358,17
1588616953.765575,173.194.188.105,10.10.0.10,,,443,45734,0,1358,17
1588616953.7672892,10.10.0.10,173.194.188.105,,,45734,443,0,36,17
1588616953.769394,173.194.188.105,10.10.0.10,,,443,45734,0,1358,17
1588616953.773168,173.194.188.105,10.10.0.10,,,443,45734,0,1358,17
1588616953.774733,10.10.0.10,173.194.188.105,,,45734,443,0,36,17
1588616953.776943,173.194.188.105,10.10.0.10,,,443,45734,0,1358,17
1588616953.7807178,173.194.188.105,10.10.0.10,,,443,45734,0,1358,17
1588616953.78239,10.10.0.10,173.194.188.105,,,45734,443,0,36,17
1588616953.7844932,173.194.188.105,10.10.0.10,,,443,45734,0,1358,17
1588616953.788269,173.194.188.105,10.10.0.10,,,443,45734,0,1358,17
1588616953.790517,10.10.0.10,173.194.188.105,,,45734,443,0,36,17
1588616953.791986,173.194.188.105,10.10.0.10,,,443,45734,0,1358,17
1588616953.8563118,10.10.0.10,173.194.188.105,,,45734,443,0,36,17
1588616953.8699572,173.194.188.105,10.10.0.10,,,443,45734,0,1358,17
1588616953.873733,173.194.188.105,10.10.0.10,,,443,45734,0,1358,17
1588616953.875456,10.10.0.10,173.194.188.105,,,45734,443,0,36,17
1588616953.922157,173.194.188.105,10.10.0.10,,,443,45734,0,1358,17
1588616953.9259708,173.194.188.105,10.10.0.10,,,443,45734,0,1358,17
1588616953.9296212,10.10.0.10,173.194.188.105,,,45734,443,0,36,17
1588616953.929698,173.194.188.105,10.10.0.10,,,443,45734,0,1358,17
1588616953.933484,173.194.188.105,10.10.0.10,,,443,45734,0,1358,17
1588616953.935343,10.10.0.10,173.194.188.105,,,45734,443,0,36,17
1588616953.9372249,173.194.188.105,10.10.0.10,,,443,45734,0,1358,17
1588616953.941032,173.194.188.105,10.10.0.10,,,443,45734,0,1358,17
1588616953.943862,10.10.0.10,173.194.188.105,,,45734,443,0,36,17
1588616953.9448106,173.194.188.105,10.10.0.10,,,443,45734,0,1358,17
1588616953.94855,173.194.188.105,10.10.0.10,,,443,45734,0,1358,17
1588616953.9523606,173.194.188.105,10.10.0.10,,,443,45734,0,1358,17
1588616953.95284,10.10.0.10,173.194.188.105,,,45734,443,0,36,17
1588616953.9561431,173.194.188.105,10.10.0.10,,,443,45734,0,1358,17
1588616953.959914,173.194.188.105,10.10.0.10,,,443,45734,0,1358,17
1588616953.9631162,10.10.0.10,173.194.188.105,,,45734,443,0,36,17
1588616953.963686,173.194.188.105,10.10.0.10,,,443,45734,0,1358,17
1588616953.9670758,10.10.0.10,173.194.188.105,,,45734,443,0,36,17
1588616953.9674618,173.194.188.105,10.10.0.10,,,443,45734,0,1358,17
1588616953.971202,173.194.188.105,10.10.0.10,,,443,45734,0,1358,17
1588616953.974174,10.10.0.10,173.194.188.105,,,45734,443,0,36,17
1588616953.975018,173.194.188.105,10.10.0.10,,,443,45734,0,1358,17
1588616953.9787831,173.194.188.105,10.10.0.10,,,443,45734,0,1358,17
1588616953.982568,173.194.188.105,10.10.0.10,,,443,45734,0,1358,17
1588616953.984212,10.10.0.10,173.194.188.105,,,45734,443,0,36,17
1588616953.9863238,173.194.188.105,10.10.0.10,,,443,45734,0,1358,17
1588616953.988134,10.10.0.10,173.194.188.105,,,45734,443,0,49,17
1588616953.9901412,173.194.188.105,10.10.0.10,,,443,45734,0,1358,17
1588616953.99388,173.194.188.105,10.10.0.10,,,443,45734,0,1358,17
1588616953.99769,173.194.188.105,10.10.0.10,,,443,45734,0,1358,17
1588616954.0014699,173.194.188.105,10.10.0.10,,,443,45734,0,1358,17
1588616954.005206,173.194.188.105,10.10.0.10,,,443,45734,0,1358,17
1588616954.008987,173.194.188.105,10.10.0.10,,,443,45734,0,1358,17
1588616954.012794,173.194.188.105,10.10.0.10,,,443,45734,0,1358,17
1588616954.015207,10.10.0.10,173.194.188.105,,,45734,443,0,36,17
1588616954.015541,10.10.0.10,173.194.188.105,,,45734,443,0,36,17
1588616954.015585,10.10.0.10,173.194.188.105,,,45734,443,0,36,17
1588616954.016568,173.194.188.105,10.10.0.10,,,443,45734,0,1358,17
1588616954.020344,173.194.188.105,10.10.0.10,,,443,45734,0,1358,17
1588616954.0241182,173.194.188.105,10.10.0.10,,,443,45734,0,1358,17
1588616954.027893,173.194.188.105,10.10.0.10,,,443,45734,0,1358,17
1588616954.0314536,10.10.0.10,173.194.188.105,,,45734,443,0,36,17
1588616954.0316038,173.194.188.105,10.10.0.10,,,443,45734,0,1358,17
1588616954.035408,173.194.188.105,10.10.0.10,,,443,45734,0,1358,17
1588616954.0391948,173.194.188.105,10.10.0.10,,,443,45734,0,1358,17
1588616954.042994,173.194.188.105,10.10.0.10,,,443,45734,0,1358,17
1588616954.046774,173.194.188.105,10.10.0.10,,,443,45734,0,1358,17
1588616954.046882,10.10.0.10,173.194.188.105,,,45734,443,0,36,17
1588616954.050007,10.10.0.10,173.194.188.105,,,45734,443,0,36,17
1588616954.050513,173.194.188.105,10.10.0.10,,,443,45734,0,1358,17
1588616954.05064,10.10.0.10,173.194.188.105,,,45734,443,0,36,17
1588616954.054285,173.194.188.105,10.10.0.10,,,443,45734,0,1358,17
1588616954.058093,173.194.188.105,10.10.0.10,,,443,45734,0,1358,17
1588616954.061873,173.194.188.105,10.10.0.10,,,443,45734,0,1358,17
1588616954.065606,173.194.188.105,10.10.0.10,,,443,45734,0,1358,17
1588616954.069418,173.194.188.105,10.10.0.10,,,443,45734,0,1358,17
1588616954.0710561,10.10.0.10,173.194.188.105,,,45734,443,0,36,17
1588616954.0714898,10.10.0.10,173.194.188.105,,,45734,443,0,36,17
1588616954.071858,10.10.0.10,173.194.188.105,,,45734,443,0,36,17
1588616954.073194,173.194.188.105,10.10.0.10,,,443,45734,0,1358,17
1588616954.0769026,173.194.188.105,10.10.0.10,,,443,45734,0,1358,17
1588616954.080743,173.194.188.105,10.10.0.10,,,443,45734,0,1358,17
1588616954.0845182,173.194.188.105,10.10.0.10,,,443,45734,0,1358,17
1588616954.088293,173.194.188.105,10.10.0.10,,,443,45734,0,1358,17
1588616954.092007,173.194.188.105,10.10.0.10,,,443,45734,0,1358,17
1588616954.0931606,10.10.0.10,173.194.188.105,,,45734,443,0,36,17
1588616954.0954401,10.10.0.10,173.194.188.105,,,45734,443,0,36,17
1588616954.0958366,10.10.0.10,173.194.188.105,,,45734,443,0,36,17
1588616954.0970569,10.10.0.10,173.194.188.105,,,45734,443,0,36,17
1588616954.0997136,173.194.188.105,10.10.0.10,,,443,45734,0,1358,17
1588616954.1035626,173.194.188.105,10.10.0.10,,,443,45734,0,1358,17
1588616954.1073382,173.194.188.105,10.10.0.10,,,443,45734,0,1358,17
1588616954.108581,10.10.0.10,173.194.188.105,,,45734,443,0,36,17
1588616954.1110525,173.194.188.105,10.10.0.10,,,443,45734,0,1358,17
1588616954.11483,173.194.188.105,10.10.0.10,,,443,45734,0,1358,17
1588616954.1185956,173.194.188.105,10.10.0.10,,,443,45734,0,1358,17
1588616954.1223948,173.194.188.105,10.10.0.10,,,443,45734,0,1358,17
1588616954.123033,10.10.0.10,173.194.188.105,,,45734,443,0,36,17
1588616954.126217,173.194.188.105,10.10.0.10,,,443,45734,0,1358,17
1588616954.1299546,173.194.188.105,10.10.0.10,,,443,45734,0,1358,17
1588616954.1337671,173.194.188.105,10.10.0.10,,,443,45734,0,1358,17
1588616954.137541,173.194.188.105,10.10.0.10,,,443,45734,0,1358,17
1588616954.141315,173.194.188.105,10.10.0.10,,,443,45734,0,1358,17
1588616954.1450908,173.194.188.105,10.10.0.10,,,443,45734,0,1358,17
1588616954.1488302,173.194.188.105,10.10.0.10,,,443,45734,0,1358,17
1588616954.15264,173.194.188.105,10.10.0.10,,,443,45734,0,1358,17
1588616954.156415,173.194.188.105,10.10.0.10,,,443,45734,0,1358,17
1588616954.160191,173.194.188.105,10.10.0.10,,,443,45734,0,1358,17
1588616954.163968,173.194.188.105,10.10.0.10,,,443,45734,0,1358,17
1588616954.167742,173.194.188.105,10.10.0.10,,,443,45734,0,1358,17
1588616954.171492,173.194.188.105,10.10.0.10,,,443,45734,0,1358,17
1588616954.1753812,173.194.188.105,10.10.0.10,,,443,45734,0,1358,17
1588616954.1771462,10.10.0.10,173.194.188.105,,,45734,443,0,36,17
1588616954.177795,10.10.0.10,173.194.188.105,,,45734,443,0,36,17
1588616954.179181,173.194.188.105,10.10.0.10,,,443,45734,0,1358,17
1588616954.179238,10.10.0.10,173.194.188.105,,,45734,443,0,36,17
1588616954.1829731,173.194.188.105,10.10.0.10,,,443,45734,0,1358,17
1588616954.187079,173.194.188.105,10.10.0.10,,,443,45734,0,1358,17
1588616954.190898,173.194.188.105,10.10.0.10,,,443,45734,0,1358,17
1588616954.1946518,173.194.188.105,10.10.0.10,,,443,45734,0,1358,17
1588616954.1984534,173.194.188.105,10.10.0.10,,,443,45734,0,1358,17
1588616954.202226,173.194.188.105,10.10.0.10,,,443,45734,0,1358,17
1588616954.2059972,173.194.188.105,10.10.0.10,,,443,45734,0,1358,17
1588616954.2097714,173.194.188.105,10.10.0.10,,,443,45734,0,1358,17
1588616954.209859,10.10.0.10,173.194.188.105,,,45734,443,0,49,17
1588616954.211479,10.10.0.10,173.194.188.105,,,45734,443,0,37,17
1588616954.211679,10.10.0.10,173.194.188.105,,,45734,443,0,37,17
1588616954.2122438,10.10.0.10,173.194.188.105,,,45734,443,0,37,17
1588616954.2122939,10.10.0.10,173.194.188.105,,,45734,443,0,37,17
1588616954.2125342,10.10.0.10,173.194.188.105,,,45734,443,0,37,17
1588616954.212566,10.10.0.10,173.194.188.105,,,45734,443,0,37,17
1588616954.212916,10.10.0.10,173.194.188.105,,,45734,443,0,37,17
1588616954.212966,10.10.0.10,173.194.188.105,,,45734,443,0,37,17
1588616954.2134302,10.10.0.10,173.194.188.105,,,45734,443,0,37,17
1588616954.213495,173.194.188.105,10.10.0.10,,,443,45734,0,1358,17
1588616954.2172508,173.194.188.105,10.10.0.10,,,443,45734,0,1358,17
1588616954.219395,10.10.0.10,173.194.188.105,,,45734,443,0,37,17
1588616954.221098,173.194.188.105,10.10.0.10,,,443,45734,0,1358,17
1588616954.224872,173.194.188.105,10.10.0.10,,,443,45734,0,1358,17
1588616954.227101,10.10.0.10,173.194.188.105,,,45734,443,0,37,17
1588616954.2286491,173.194.188.105,10.10.0.10,,,443,45734,0,1358,17
1588616954.232384,173.194.188.105,10.10.0.10,,,443,45734,0,1358,17
1588616954.234051,10.10.0.10,173.194.188.105,,,45734,443,0,37,17
1588616954.2361958,173.194.188.105,10.10.0.10,,,443,45734,0,1358,17
1588616954.240061,173.194.188.105,10.10.0.10,,,443,45734,0,1358,17
1588616954.242989,10.10.0.10,173.194.188.105,,,45734,443,0,37,17
1588616954.2439172,173.194.188.105,10.10.0.10,,,443,45734,0,1358,17
1588616954.247692,173.194.188.105,10.10.0.10,,,443,45734,0,1358,17
1588616954.2499151,10.10.0.10,173.194.188.105,,,45734,443,0,37,17
1588616954.251467,173.194.188.105,10.10.0.10,,,443,45734,0,1358,17
1588616954.255217,173.194.188.105,10.10.0.10,,,443,45734,0,1358,17
1588616954.2570686,10.10.0.10,173.194.188.105,,,45734,443,0,37,17
1588616954.258976,173.194.188.105,10.10.0.10,,,443,45734,0,1358,17
1588616954.262792,173.194.188.105,10.10.0.10,,,443,45734,0,1358,17
1588616954.26457,10.10.0.10,173.194.188.105,,,45734,443,0,37,17
1588616954.266566,173.194.188.105,10.10.0.10,,,443,45734,0,1358,17
1588616954.270281,173.194.188.105,10.10.0.10,,,443,45734,0,1358,17
1588616954.2733214,10.10.0.10,173.194.188.105,,,45734,443,0,37,17
1588616954.2740922,173.194.188.105,10.10.0.10,,,443,45734,0,1358,17
1588616954.278414,173.194.188.105,10.10.0.10,,,443,45734,0,1358,17
1588616954.281439,10.10.0.10,173.194.188.105,,,45734,443,0,37,17
1588616954.282231,173.194.188.105,10.10.0.10,,,443,45734,0,1358,17
1588616954.2860448,173.194.188.105,10.10.0.10,,,443,45734,0,1358,17
1588616954.288758,10.10.0.10,173.194.188.105,,,45734,443,0,37,17
1588616954.2898214,173.194.188.105,10.10.0.10,,,443,45734,0,1358,17
1588616954.2935948,173.194.188.105,10.10.0.10,,,443,45734,0,1358,17
1588616954.297372,173.194.188.105,10.10.0.10,,,443,45734,0,1358,17
1588616954.3010619,10.10.0.10,173.194.188.105,,,45734,443,0,50,17
1588616954.3011026,173.194.188.105,10.10.0.10,,,443,45734,0,1358,17
1588616954.3030071,10.10.0.10,173.194.188.105,,,45734,443,0,37,17
1588616954.3049214,173.194.188.105,10.10.0.10,,,443,45734,0,1358,17
1588616954.308625,173.194.188.105,10.10.0.10,,,443,45734,0,1358,17
1588616954.3103518,10.10.0.10,173.194.188.105,,,45734,443,0,37,17
1588616954.3124368,173.194.188.105,10.10.0.10,,,443,45734,0,1358,17
1588616954.3162348,173.194.188.105,10.10.0.10,,,443,45734,0,1358,17
1588616954.3183322,10.10.0.10,173.194.188.105,,,45734,443,0,37,17
1588616954.320009,173.194.188.105,10.10.0.10,,,443,45734,0,1358,17
1588616954.323785,173.194.188.105,10.10.0.10,,,443,45734,0,1358,17
1588616954.3255599,10.10.0.10,173.194.188.105,,,45734,443,0,37,17
1588616954.32756,173.194.188.105,10.10.0.10,,,443,45734,0,1358,17
1588616954.331291,173.194.188.105,10.10.0.10,,,443,45734,0,1358,17
1588616954.3331642,10.10.0.10,173.194.188.105,,,45734,443,0,37,17
1588616954.335074,173.194.188.105,10.10.0.10,,,443,45734,0,1358,17
1588616954.338985,173.194.188.105,10.10.0.10,,,443,45734,0,1358,17
1588616954.340879,10.10.0.10,173.194.188.105,,,45734,443,0,37,17
1588616954.342794,173.194.188.105,10.10.0.10,,,443,45734,0,1358,17
1588616954.346605,173.194.188.105,10.10.0.10,,,443,45734,0,1358,17
1588616954.348396,10.10.0.10,173.194.188.105,,,45734,443,0,37,17
1588616954.350382,173.194.188.105,10.10.0.10,,,443,45734,0,1358,17
1588616954.3541546,173.194.188.105,10.10.0.10,,,443,45734,0,1358,17
1588616954.3579302,173.194.188.105,10.10.0.10,,,443,45734,0,1358,17
1588616954.3588989,10.10.0.10,173.194.188.105,,,45734,443,0,37,17
1588616954.3617039,173.194.188.105,10.10.0.10,,,443,45734,0,1358,17
1588616954.3636599,10.10.0.10,173.194.188.105,,,45734,443,0,37,17
1588616954.3654401,173.194.188.105,10.10.0.10,,,443,45734,0,1358,17
1588616954.369255,173.194.188.105,10.10.0.10,,,443,45734,0,1358,17
1588616954.370786,10.10.0.10,173.194.188.105,,,45734,443,0,37,17
1588616954.3730302,173.194.188.105,10.10.0.10,,,443,45734,0,1358,17
1588616954.377095,173.194.188.105,10.10.0.10,,,443,45734,0,1358,17
1588616954.378865,10.10.0.10,173.194.188.105,,,45734,443,0,37,17
1588616954.38092,173.194.188.105,10.10.0.10,,,443,45734,0,1358,17
1588616954.3846939,173.194.188.105,10.10.0.10,,,443,45734,0,1358,17
1588616954.386268,10.10.0.10,173.194.188.105,,,45734,443,0,37,17
1588616954.3884852,173.194.188.105,10.10.0.10,,,443,45734,0,1358,17
1588616954.3922026,173.194.188.105,10.10.0.10,,,443,45734,0,1358,17
1588616954.3941019,10.10.0.10,173.194.188.105,,,45734,443,0,37,17
1588616954.396019,173.194.188.105,10.10.0.10,,,443,45734,0,1358,17
1588616954.399892,173.194.188.105,10.10.0.10,,,443,45734,0,1358,17
1588616954.4016418,10.10.0.10,173.194.188.105,,,45734,443,0,37,17
1588616954.4037368,173.194.188.105,10.10.0.10,,,443,45734,0,1358,17
1588616954.407514,173.194.188.105,10.10.0.10,,,443,45734,0,1358,17
1588616954.4092894,10.10.0.10,173.194.188.105,,,45734,443,0,37,17
1588616954.411288,173.194.188.105,10.10.0.10,,,443,45734,0,1358,17
1588616954.415045,173.194.188.105,10.10.0.10,,,443,45734,0,1358,17
1588616954.4167464,10.10.0.10,173.194.188.105,,,45734,443,0,37,17
1588616954.418794,173.194.188.105,10.10.0.10,,,443,45734,0,1358,17
1588616954.422611,173.194.188.105,10.10.0.10,,,443,45734,0,1358,17
1588616954.424266,10.10.0.10,173.194.188.105,,,45734,443,0,37,17
1588616954.4263868,173.194.188.105,10.10.0.10,,,443,45734,0,1358,17
1588616954.4301784,173.194.188.105,10.10.0.10,,,443,45734,0,1358,17
1588616954.4316838,10.10.0.10,173.194.188.105,,,45734,443,0,37,17
1588616954.4339368,173.194.188.105,10.10.0.10,,,443,45734,0,1358,17
1588616954.437712,173.194.188.105,10.10.0.10,,,443,45734,0,1265,17
1588616954.439832,10.10.0.10,173.194.188.105,,,45734,443,0,37,17
1588616954.4412348,173.194.188.105,10.10.0.10,,,443,45734,0,1358,17
1588616954.445008,173.194.188.105,10.10.0.10,,,443,45734,0,1358,17
1588616954.446578,10.10.0.10,173.194.188.105,,,45734,443,0,50,17
1588616954.4487422,173.194.188.105,10.10.0.10,,,443,45734,0,1358,17
1588616954.452518,173.194.188.105,10.10.0.10,,,443,45734,0,1358,17
1588616954.454224,10.10.0.10,173.194.188.105,,,45734,443,0,37,17
1588616954.4563332,173.194.188.105,10.10.0.10,,,443,45734,0,1358,17
1588616954.4583519,10.10.0.10,173.194.188.105,,,45734,443,0,729,17
1588616954.45859,10.10.0.10,173.194.188.105,,,45734,443,0,55,17
1588616954.46058,173.194.188.105,10.10.0.10,,,443,45734,0,690,17
1588616954.466111,173.194.188.105,10.10.0.10,,,443,45734,0,29,17
1588616954.4668891,173.194.188.105,10.10.0.10,,,443,45734,0,29,17
1588616954.467463,173.194.188.105,10.10.0.10,,,443,45734,0,114,17
1588616954.46787,173.194.188.105,10.10.0.10,,,443,45734,0,1358,17
1588616954.4697342,10.10.0.10,173.194.188.105,,,45734,443,0,37,17
1588616954.471656,173.194.188.105,10.10.0.10,,,443,45734,0,1358,17
1588616954.473669,10.10.0.10,173.194.188.105,,,45734,443,0,37,17
1588616954.4754279,173.194.188.105,10.10.0.10,,,443,45734,0,1358,17
1588616954.4792442,173.194.188.105,10.10.0.10,,,443,45734,0,1358,17
1588616954.480653,10.10.0.10,173.194.188.105,,,45734,443,0,732,17
1588616954.480712,10.10.0.10,173.194.188.105,,,45734,443,0,48,17
1588616954.4829938,173.194.188.105,10.10.0.10,,,443,45734,0,1358,17
1588616954.4845798,10.10.0.10,173.194.188.105,,,45734,443,0,37,17
1588616954.486767,173.194.188.105,10.10.0.10,,,443,45734,0,1358,17
1588616954.4905422,173.194.188.105,10.10.0.10,,,443,45734,0,1358,17
1588616954.4925196,10.10.0.10,173.194.188.105,,,45734,443,0,37,17
1588616954.494299,173.194.188.105,10.10.0.10,,,443,45734,0,1358,17
1588616954.498227,173.194.188.105,10.10.0.10,,,443,45734,0,1358,17
1588616954.4998062,10.10.0.10,173.194.188.105,,,45734,443,0,37,17
1588616954.502031,173.194.188.105,10.10.0.10,,,443,45734,0,1358,17
1588616954.5073378,173.194.188.105,10.10.0.10,,,443,45734,0,28,17
1588616954.507478,173.194.188.105,10.10.0.10,,,443,45734,0,1358,17
1588616954.509164,10.10.0.10,173.194.188.105,,,45734,443,0,37,17
1588616954.511323,173.194.188.105,10.10.0.10,,,443,45734,0,1358,17
1588616954.5152,173.194.188.105,10.10.0.10,,,443,45734,0,1358,17
1588616954.5168116,10.10.0.10,173.194.188.105,,,45734,443,0,37,17
1588616954.519,173.194.188.105,10.10.0.10,,,443,45734,0,1358,17
1588616954.522913,173.194.188.105,10.10.0.10,,,443,45734,0,1358,17
1588616954.524417,10.10.0.10,173.194.188.105,,,45734,443,0,37,17
1588616954.5267591,173.194.188.105,10.10.0.10,,,443,45734,0,1358,17
1588616954.530473,173.194.188.105,10.10.0.10,,,443,45734,0,1358,17
1588616954.5319965,10.10.0.10,173.194.188.105,,,45734,443,0,37,17
1588616954.5342462,173.194.188.105,10.10.0.10,,,443,45734,0,1358,17
1588616954.5380838,173.194.188.105,10.10.0.10,,,443,45734,0,1358,17
1588616954.5397027,10.10.0.10,173.194.188.105,,,45734,443,0,37,17
1588616954.5418699,173.194.188.105,10.10.0.10,,,443,45734,0,1358,17
1588616954.545591,173.194.188.105,10.10.0.10,,,443,45734,0,1358,17
1588616954.547644,10.10.0.10,173.194.188.105,,,45734,443,0,37,17
1588616954.549409,173.194.188.105,10.10.0.10,,,443,45734,0,1358,17
1588616954.553141,173.194.188.105,10.10.0.10,,,443,45734,0,1358,17
1588616954.554933,10.10.0.10,173.194.188.105,,,45734,443,0,37,17
1588616954.5569582,173.194.188.105,10.10.0.10,,,443,45734,0,1358,17
1588616954.5682821,173.194.188.105,10.10.0.10,,,443,45734,0,1358,17
1588616954.570016,10.10.0.10,173.194.188.105,,,45734,443,0,37,17
1588616954.5719948,173.194.188.105,10.10.0.10,,,443,45734,0,1358,17
1588616954.575801,173.194.188.105,10.10.0.10,,,443,45734,0,1358,17
1588616954.5788932,10.10.0.10,173.194.188.105,,,45734,443,0,37,17
1588616954.579567,173.194.188.105,10.10.0.10,,,443,45734,0,1358,17
1588616954.5833821,173.194.188.105,10.10.0.10,,,443,45734,0,1358,17
1588616954.5848892,10.10.0.10,173.194.188.105,,,45734,443,0,37,17
1588616954.5871148,173.194.188.105,10.10.0.10,,,443,45734,0,1358,17
1588616954.590935,173.194.188.105,10.10.0.10,,,443,45734,0,1358,17
1588616954.5924964,10.10.0.10,173.194.188.105,,,45734,443,0,37,17
1588616954.5947056,173.194.188.105,10.10.0.10,,,443,45734,0,1358,17
1588616954.5984929,173.194.188.105,10.10.0.10,,,443,45734,0,1358,17
1588616954.6001036,10.10.0.10,173.194.188.105,,,45734,443,0,37,17
1588616954.602226,173.194.188.105,10.10.0.10,,,443,45734,0,1358,17
1588616954.60604,173.194.188.105,10.10.0.10,,,443,45734,0,1358,17
1588616954.6084108,10.10.0.10,173.194.188.105,,,45734,443,0,37,17
1588616954.609806,173.194.188.105,10.10.0.10,,,443,45734,0,1358,17
1588616954.6135206,173.194.188.105,10.10.0.10,,,443,45734,0,1358,17
1588616954.615057,10.10.0.10,173.194.188.105,,,45734,443,0,37,17
1588616954.617356,173.194.188.105,10.10.0.10,,,443,45734,0,1358,17
1588616954.621131,173.194.188.105,10.10.0.10,,,443,45734,0,1358,17
1588616954.622912,10.10.0.10,173.194.188.105,,,45734,443,0,37,17
1588616954.6249044,173.194.188.105,10.10.0.10,,,443,45734,0,1358,17
1588616954.62862,173.194.188.105,10.10.0.10,,,443,45734,0,1358,17
1588616954.630287,10.10.0.10,173.194.188.105,,,45734,443,0,37,17
1588616954.6324122,173.194.188.105,10.10.0.10,,,443,45734,0,1358,17
1588616954.63623,173.194.188.105,10.10.0.10,,,443,45734,0,1358,17
1588616954.637742,10.10.0.10,173.194.188.105,,,45734,443,0,50,17
1588616954.640006,173.194.188.105,10.10.0.10,,,443,45734,0,1358,17
1588616954.6437812,173.194.188.105,10.10.0.10,,,443,45734,0,1358,17
1588616954.6453626,10.10.0.10,173.194.188.105,,,45734,443,0,37,17
1588616954.647528,173.194.188.105,10.10.0.10,,,443,45734,0,1358,17
1588616954.6551075,173.194.188.105,10.10.0.10,,,443,45734,0,1358,17
1588616954.6569982,10.10.0.10,173.194.188.105,,,45734,443,0,37,17
1588616954.6588366,173.194.188.105,10.10.0.10,,,443,45734,0,1358,17
1588616954.662655,173.194.188.105,10.10.0.10,,,443,45734,0,1358,17
1588616954.664264,10.10.0.10,173.194.188.105,,,45734,443,0,37,17
1588616954.66643,173.194.188.105,10.10.0.10,,,443,45734,0,1358,17
1588616954.670205,173.194.188.105,10.10.0.10,,,443,45734,0,1358,17
1588616954.672143,10.10.0.10,173.194.188.105,,,45734,443,0,37,17
1588616954.6739812,173.194.188.105,10.10.0.10,,,443,45734,0,1358,17
1588616954.6801288,173.194.188.105,10.10.0.10,,,443,45734,0,1358,17
1588616954.681803,10.10.0.10,173.194.188.105,,,45734,443,0,37,17
1588616954.683896,173.194.188.105,10.10.0.10,,,443,45734,0,1358,17
1588616954.6876998,173.194.188.105,10.10.0.10,,,443,45734,0,1358,17
1588616954.6909769,10.10.0.10,173.194.188.105,,,45734,443,0,37,17
1588616954.691434,173.194.188.105,10.10.0.10,,,443,45734,0,1358,17
1588616954.6952212,173.194.188.105,10.10.0.10,,,443,45734,0,1358,17
1588616954.696666,10.10.0.10,173.194.188.105,,,45734,443,0,37,17
1588616954.698982,173.194.188.105,10.10.0.10,,,443,45734,0,1358,17
1588616954.7027981,173.194.188.105,10.10.0.10,,,443,45734,0,1358,17
1588616954.704602,10.10.0.10,173.194.188.105,,,45734,443,0,37,17
1588616954.706574,173.194.188.105,10.10.0.10,,,443,45734,0,1358,17
1588616954.7103472,173.194.188.105,10.10.0.10,,,443,45734,0,1358,17
1588616954.712024,10.10.0.10,173.194.188.105,,,45734,443,0,37,17
1588616954.7141242,173.194.188.105,10.10.0.10,,,443,45734,0,1358,17
1588616954.7178988,173.194.188.105,10.10.0.10,,,443,45734,0,1358,17
1588616954.7195349,10.10.0.10,173.194.188.105,,,45734,443,0,37,17
1588616954.721673,173.194.188.105,10.10.0.10,,,443,45734,0,1358,17
1588616954.72544,173.194.188.105,10.10.0.10,,,443,45734,0,1358,17
1588616954.727162,10.10.0.10,173.194.188.105,,,45734,443,0,37,17
1588616954.729199,173.194.188.105,10.10.0.10,,,443,45734,0,1358,17
1588616954.732969,173.194.188.105,10.10.0.10,,,443,45734,0,1358,17
1588616954.7351189,10.10.0.10,173.194.188.105,,,45734,443,0,37,17
1588616954.736773,173.194.188.105,10.10.0.10,,,443,45734,0,1358,17
1588616954.740549,173.194.188.105,10.10.0.10,,,443,45734,0,1358,17
1588616954.7422428,10.10.0.10,173.194.188.105,,,45734,443,0,37,17
1588616954.7443252,173.194.188.105,10.10.0.10,,,443,45734,0,1358,17
1588616954.7480972,173.194.188.105,10.10.0.10,,,443,45734,0,1358,17
1588616954.750059,10.10.0.10,173.194.188.105,,,45734,443,0,37,17
1588616954.751875,173.194.188.105,10.10.0.10,,,443,45734,0,1358,17
1588616954.7556071,173.194.188.105,10.10.0.10,,,443,45734,0,1358,17
1588616954.7581651,10.10.0.10,173.194.188.105,,,45734,443,0,37,17
1588616954.759422,173.194.188.105,10.10.0.10,,,443,45734,0,1358,17
1588616954.7631981,173.194.188.105,10.10.0.10,,,443,45734,0,1358,17
1588616954.764865,10.10.0.10,173.194.188.105,,,45734,443,0,37,17
1588616954.7669456,173.194.188.105,10.10.0.10,,,443,45734,0,1358,17
1588616954.7707472,173.194.188.105,10.10.0.10,,,443,45734,0,1358,17
1588616954.7724285,10.10.0.10,173.194.188.105,,,45734,443,0,37,17
1588616954.7745216,173.194.188.105,10.10.0.10,,,443,45734,0,1358,17
1588616954.7782972,173.194.188.105,10.10.0.10,,,443,45734,0,1358,17
1588616954.7803311,10.10.0.10,173.194.188.105,,,45734,443,0,37,17
1588616954.7820098,173.194.188.105,10.10.0.10,,,443,45734,0,1358,17
1588616954.7858179,173.194.188.105,10.10.0.10,,,443,45734,0,1358,17
1588616954.787599,10.10.0.10,173.194.188.105,,,45734,443,0,37,17
1588616954.789622,173.194.188.105,10.10.0.10,,,443,45734,0,1358,17
1588616954.793399,173.194.188.105,10.10.0.10,,,443,45734,0,1358,17
1588616954.795232,10.10.0.10,173.194.188.105,,,45734,443,0,50,17
1588616954.7971098,173.194.188.105,10.10.0.10,,,443,45734,0,1358,17
1588616954.8008852,173.194.188.105,10.10.0.10,,,443,45734,0,1358,17
1588616954.802613,10.10.0.10,173.194.188.105,,,45734,443,0,37,17
1588616954.8047216,173.194.188.105,10.10.0.10,,,443,45734,0,1358,17
1588616954.8085082,173.194.188.105,10.10.0.10,,,443,45734,0,1358,17
1588616954.810455,10.10.0.10,173.194.188.105,,,45734,443,0,37,17
1588616954.81223,173.194.188.105,10.10.0.10,,,443,45734,0,1358,17
1588616954.8160179,173.194.188.105,10.10.0.10,,,443,45734,0,1358,17
1588616954.8180618,10.10.0.10,173.194.188.105,,,45734,443,0,37,17
1588616954.8198204,173.194.188.105,10.10.0.10,,,443,45734,0,1358,17
1588616954.823556,173.194.188.105,10.10.0.10,,,443,45734,0,1358,17
1588616954.825185,10.10.0.10,173.194.188.105,,,45734,443,0,37,17
1588616954.82737,173.194.188.105,10.10.0.10,,,443,45734,0,1358,17
1588616954.831149,173.194.188.105,10.10.0.10,,,443,45734,0,1358,17
1588616954.832849,10.10.0.10,173.194.188.105,,,45734,443,0,37,17
1588616954.834884,173.194.188.105,10.10.0.10,,,443,45734,0,1358,17
1588616954.8386312,173.194.188.105,10.10.0.10,,,443,45734,0,1358,17
1588616954.8405812,10.10.0.10,173.194.188.105,,,45734,443,0,37,17
1588616954.8424268,173.194.188.105,10.10.0.10,,,443,45734,0,1358,17
1588616954.846217,173.194.188.105,10.10.0.10,,,443,45734,0,1358,17
1588616954.8479948,10.10.0.10,173.194.188.105,,,45734,443,0,37,17
1588616954.85002,173.194.188.105,10.10.0.10,,,443,45734,0,1358,17
1588616954.8537939,173.194.188.105,10.10.0.10,,,443,45734,0,1358,17
1588616954.855808,10.10.0.10,173.194.188.105,,,45734,443,0,37,17
1588616954.8575304,173.194.188.105,10.10.0.10,,,443,45734,0,1358,17
1588616954.8613448,173.194.188.105,10.10.0.10,,,443,45734,0,1358,17
1588616954.8633099,10.10.0.10,173.194.188.105,,,45734,443,0,37,17
1588616954.865133,173.194.188.105,10.10.0.10,,,443,45734,0,1358,17
1588616954.868851,173.194.188.105,10.10.0.10,,,443,45734,0,1358,17
1588616954.8714118,10.10.0.10,173.194.188.105,,,45734,443,0,37,17
1588616954.8726141,173.194.188.105,10.10.0.10,,,443,45734,0,1358,17
1588616954.8764439,173.194.188.105,10.10.0.10,,,443,45734,0,1358,17
1588616954.8801699,173.194.188.105,10.10.0.10,,,443,45734,0,28,17
1588616954.8803172,173.194.188.105,10.10.0.10,,,443,45734,0,1358,17
1588616954.884176,173.194.188.105,10.10.0.10,,,443,45734,0,1358,17
1588616954.8879368,173.194.188.105,10.10.0.10,,,443,45734,0,1358,17
1588616954.891711,173.194.188.105,10.10.0.10,,,443,45734,0,1358,17
1588616954.895426,173.194.188.105,10.10.0.10,,,443,45734,0,1358,17
1588616954.899211,173.194.188.105,10.10.0.10,,,443,45734,0,1358,17
1588616954.902643,10.10.0.10,173.194.188.105,,,45734,443,0,37,17
1588616954.9029732,173.194.188.105,10.10.0.10,,,443,45734,0,1358,17
1588616954.90675,173.194.188.105,10.10.0.10,,,443,45734,0,1358,17
1588616954.9070542,10.10.0.10,173.194.188.105,,,45734,443,0,37,17
1588616954.9105332,173.194.188.105,10.10.0.10,,,443,45734,0,1358,17
1588616954.914345,173.194.188.105,10.10.0.10,,,443,45734,0,1358,17
1588616954.9181228,173.194.188.105,10.10.0.10,,,443,45734,0,1358,17
1588616954.9218528,173.194.188.105,10.10.0.10,,,443,45734,0,1358,17
1588616954.9236321,10.10.0.10,173.194.188.105,,,45734,443,0,37,17
1588616954.9251812,10.10.0.10,173.194.188.105,,,45734,443,0,37,17
1588616954.925615,173.194.188.105,10.10.0.10,,,443,45734,0,1358,17
1588616954.9256608,10.10.0.10,173.194.188.105,,,45734,443,0,37,17
1588616954.926496,10.10.0.10,173.194.188.105,,,45734,443,0,37,17
1588616954.9267642,10.10.0.10,173.194.188.105,,,45734,443,0,37,17
1588616954.929388,173.194.188.105,10.10.0.10,,,443,45734,0,1358,17
1588616954.931732,10.10.0.10,173.194.188.105,,,45734,443,0,37,17
1588616954.933194,173.194.188.105,10.10.0.10,,,443,45734,0,1358,17
1588616954.936973,173.194.188.105,10.10.0.10,,,443,45734,0,1358,17
1588616954.940777,173.194.188.105,10.10.0.10,,,443,45734,0,1358,17
1588616954.942699,10.10.0.10,173.194.188.105,,,45734,443,0,37,17
1588616954.944524,173.194.188.105,10.10.0.10,,,443,45734,0,1358,17
1588616954.9463892,10.10.0.10,173.194.188.105,,,45734,443,0,50,17
1588616954.9483259,173.194.188.105,10.10.0.10,,,443,45734,0,1358,17
1588616954.952041,173.194.188.105,10.10.0.10,,,443,45734,0,1358,17
1588616954.9538028,10.10.0.10,173.194.188.105,,,45734,443,0,37,17
1588616954.95585,173.194.188.105,10.10.0.10,,,443,45734,0,1358,17
1588616954.959624,173.194.188.105,10.10.0.10,,,443,45734,0,1358,17
1588616954.961659,10.10.0.10,173.194.188.105,,,45734,443,0,37,17
1588616954.963365,173.194.188.105,10.10.0.10,,,443,45734,0,1358,17
1588616954.9672089,173.194.188.105,10.10.0.10,,,443,45734,0,1358,17
1588616954.9690454,10.10.0.10,173.194.188.105,,,45734,443,0,37,17
1588616954.970983,173.194.188.105,10.10.0.10,,,443,45734,0,1358,17
1588616954.974759,173.194.188.105,10.10.0.10,,,443,45734,0,1358,17
1588616954.976845,10.10.0.10,173.194.188.105,,,45734,443,0,37,17
1588616954.9784749,173.194.188.105,10.10.0.10,,,443,45734,0,1358,17
1588616954.982241,173.194.188.105,10.10.0.10,,,443,45734,0,1358,17
1588616954.985168,10.10.0.10,173.194.188.105,,,45734,443,0,37,17
1588616954.986017,173.194.188.105,10.10.0.10,,,443,45734,0,1358,17
1588616954.9898202,173.194.188.105,10.10.0.10,,,443,45734,0,1358,17
1588616954.9914901,10.10.0.10,173.194.188.105,,,45734,443,0,37,17
1588616954.993595,173.194.188.105,10.10.0.10,,,443,45734,0,1358,17
1588616954.9973938,173.194.188.105,10.10.0.10,,,443,45734,0,1358,17
1588616955.001129,173.194.188.105,10.10.0.10,,,443,45734,0,1358,17
1588616955.0019698,10.10.0.10,173.194.188.105,,,45734,443,0,37,17
1588616955.0049438,173.194.188.105,10.10.0.10,,,443,45734,0,1358,17
1588616955.0067348,10.10.0.10,173.194.188.105,,,45734,443,0,37,17
1588616955.0086632,173.194.188.105,10.10.0.10,,,443,45734,0,1358,17
1588616955.01247,173.194.188.105,10.10.0.10,,,443,45734,0,1358,17
1588616955.0143812,10.10.0.10,173.194.188.105,,,45734,443,0,37,17
1588616955.0162685,173.194.188.105,10.10.0.10,,,443,45734,0,1358,17
1588616955.0200448,173.194.188.105,10.10.0.10,,,443,45734,0,1358,17
1588616955.021836,10.10.0.10,173.194.188.105,,,45734,443,0,37,17
1588616955.023823,173.194.188.105,10.10.0.10,,,443,45734,0,1358,17
1588616955.027599,173.194.188.105,10.10.0.10,,,443,45734,0,1358,17
1588616955.031124,10.10.0.10,173.194.188.105,,,45734,443,0,37,17
1588616955.031312,173.194.188.105,10.10.0.10,,,443,45734,0,1358,17
1588616955.035102,173.194.188.105,10.10.0.10,,,443,45734,0,1358,17
1588616955.0366828,10.10.0.10,173.194.188.105,,,45734,443,0,37,17
1588616955.038873,173.194.188.105,10.10.0.10,,,443,45734,0,1358,17
1588616955.042651,173.194.188.105,10.10.0.10,,,443,45734,0,1358,17
1588616955.044614,10.10.0.10,173.194.188.105,,,45734,443,0,37,17
1588616955.0464258,173.194.188.105,10.10.0.10,,,443,45734,0,1358,17
1588616955.0502524,173.194.188.105,10.10.0.10,,,443,45734,0,1358,17
1588616955.0540302,173.194.188.105,10.10.0.10,,,443,45734,0,1358,17
1588616955.0563462,10.10.0.10,173.194.188.105,,,45734,443,0,37,17
1588616955.057803,173.194.188.105,10.10.0.10,,,443,45734,0,1358,17
1588616955.06016,10.10.0.10,173.194.188.105,,,45734,443,0,37,17
1588616955.061576,173.194.188.105,10.10.0.10,,,443,45734,0,1358,17
1588616955.0652866,173.194.188.105,10.10.0.10,,,443,45734,0,1358,17
1588616955.0671878,10.10.0.10,173.194.188.105,,,45734,443,0,37,17
1588616955.069098,173.194.188.105,10.10.0.10,,,443,45734,0,1358,17
1588616955.0728776,173.194.188.105,10.10.0.10,,,443,45734,0,1358,17
1588616955.0757742,10.10.0.10,173.194.188.105,,,45734,443,0,37,17
1588616955.076615,173.194.188.105,10.10.0.10,,,443,45734,0,1358,17
1588616955.080389,173.194.188.105,10.10.0.10,,,443,45734,0,1358,17
1588616955.083719,10.10.0.10,173.194.188.105,,,45734,443,0,37,17
1588616955.084183,173.194.188.105,10.10.0.10,,,443,45734,0,1358,17
1588616955.0879939,173.194.188.105,10.10.0.10,,,443,45734,0,1358,17
1588616955.0909832,10.10.0.10,173.194.188.105,,,45734,443,0,37,17
1588616955.0917466,173.194.188.105,10.10.0.10,,,443,45734,0,1358,17
1588616955.0955222,173.194.188.105,10.10.0.10,,,443,45734,0,1358,17
1588616955.097392,10.10.0.10,173.194.188.105,,,45734,443,0,50,17
1588616955.0993106,173.194.188.105,10.10.0.10,,,443,45734,0,1358,17
1588616955.103078,173.194.188.105,10.10.0.10,,,443,45734,0,1358,17
1588616955.1048536,10.10.0.10,173.194.188.105,,,45734,443,0,37,17
1588616955.106875,173.194.188.105,10.10.0.10,,,443,45734,0,1358,17
1588616955.1106508,173.194.188.105,10.10.0.10,,,443,45734,0,1358,17
1588616955.1122944,10.10.0.10,173.194.188.105,,,45734,443,0,37,17
1588616955.1144311,173.194.188.105,10.10.0.10,,,443,45734,0,1358,17
1588616955.118206,173.194.188.105,10.10.0.10,,,443,45734,0,1358,17
1588616955.120877,10.10.0.10,173.194.188.105,,,45734,443,0,37,17
1588616955.1219149,173.194.188.105,10.10.0.10,,,443,45734,0,1358,17
1588616955.125721,173.194.188.105,10.10.0.10,,,443,45734,0,1358,17
1588616955.1275241,10.10.0.10,173.194.188.105,,,45734,443,0,37,17
1588616955.129529,173.194.188.105,10.10.0.10,,,443,45734,0,1358,17
1588616955.133303,173.194.188.105,10.10.0.10,,,443,45734,0,1358,17
1588616955.134954,10.10.0.10,173.194.188.105,,,45734,443,0,37,17
1588616955.137078,173.194.188.105,10.10.0.10,,,443,45734,0,1358,17
1588616955.140854,173.194.188.105,10.10.0.10,,,443,45734,0,1358,17
1588616955.142562,10.10.0.10,173.194.188.105,,,45734,443,0,37,17
1588616955.144598,173.194.188.105,10.10.0.10,,,443,45734,0,1358,17
1588616955.148402,173.194.188.105,10.10.0.10,,,443,45734,0,1358,17
1588616955.1503172,10.10.0.10,173.194.188.105,,,45734,443,0,37,17
1588616955.1521368,173.194.188.105,10.10.0.10,,,443,45734,0,1358,17
1588616955.155953,173.194.188.105,10.10.0.10,,,443,45734,0,1358,17
1588616955.158875,10.10.0.10,173.194.188.105,,,45734,443,0,37,17
1588616955.159729,173.194.188.105,10.10.0.10,,,443,45734,0,1358,17
1588616955.163503,173.194.188.105,10.10.0.10,,,443,45734,0,1358,17
1588616955.165288,10.10.0.10,173.194.188.105,,,45734,443,0,37,17
1588616955.1672802,173.194.188.105,10.10.0.10,,,443,45734,0,1358,17
1588616955.1710534,173.194.188.105,10.10.0.10,,,443,45734,0,1358,17
1588616955.174352,10.10.0.10,173.194.188.105,,,45734,443,0,37,17
1588616955.174797,173.194.188.105,10.10.0.10,,,443,45734,0,1358,17
1588616955.1785429,173.194.188.105,10.10.0.10,,,443,45734,0,1358,17
1588616955.180104,10.10.0.10,173.194.188.105,,,45734,443,0,37,17
1588616955.1823466,173.194.188.105,10.10.0.10,,,443,45734,0,1358,17
1588616955.186153,173.194.188.105,10.10.0.10,,,443,45734,0,1358,17
1588616955.1880052,10.10.0.10,173.194.188.105,,,45734,443,0,37,17
1588616955.1899278,173.194.188.105,10.10.0.10,,,443,45734,0,1358,17
1588616955.193702,173.194.188.105,10.10.0.10,,,443,45734,0,1358,17
1588616955.1954641,10.10.0.10,173.194.188.105,,,45734,443,0,37,17
1588616955.197457,173.194.188.105,10.10.0.10,,,443,45734,0,1358,17
1588616955.2012515,173.194.188.105,10.10.0.10,,,443,45734,0,1358,17
1588616955.2042758,10.10.0.10,173.194.188.105,,,45734,443,0,37,17
1588616955.2050052,173.194.188.105,10.10.0.10,,,443,45734,0,1358,17
1588616955.2087688,173.194.188.105,10.10.0.10,,,443,45734,0,1358,17
1588616955.210526,10.10.0.10,173.194.188.105,,,45734,443,0,37,17
1588616955.2125769,173.194.188.105,10.10.0.10,,,443,45734,0,1358,17
1588616955.216352,173.194.188.105,10.10.0.10,,,443,45734,0,1358,17
1588616955.21815,10.10.0.10,173.194.188.105,,,45734,443,0,37,17
1588616955.2201269,173.194.188.105,10.10.0.10,,,443,45734,0,1358,17
1588616955.223902,173.194.188.105,10.10.0.10,,,443,45734,0,1358,17
1588616955.22642,10.10.0.10,173.194.188.105,,,45734,443,0,37,17
1588616955.2276132,173.194.188.105,10.10.0.10,,,443,45734,0,1358,17
1588616955.231456,173.194.188.105,10.10.0.10,,,443,45734,0,1358,17
1588616955.2334616,10.10.0.10,173.194.188.105,,,45734,443,0,37,17
1588616955.2352028,173.194.188.105,10.10.0.10,,,443,45734,0,1358,17
1588616955.238952,173.194.188.105,10.10.0.10,,,443,45734,0,1358,17
1588616955.240783,10.10.0.10,173.194.188.105,,,45734,443,0,37,17
1588616955.242723,173.194.188.105,10.10.0.10,,,443,45734,0,1358,17
1588616955.246551,173.194.188.105,10.10.0.10,,,443,45734,0,1358,17
1588616955.248413,10.10.0.10,173.194.188.105,,,45734,443,0,50,17
1588616955.2503238,173.194.188.105,10.10.0.10,,,443,45734,0,1358,17
1588616955.254101,173.194.188.105,10.10.0.10,,,443,45734,0,1358,17
1588616955.2569652,10.10.0.10,173.194.188.105,,,45734,443,0,37,17
1588616955.2578428,173.194.188.105,10.10.0.10,,,443,45734,0,1358,17
1588616955.261588,173.194.188.105,10.10.0.10,,,443,45734,0,1358,17
1588616955.264894,10.10.0.10,173.194.188.105,,,45734,443,0,37,17
1588616955.265393,173.194.188.105,10.10.0.10,,,443,45734,0,1358,17
1588616955.269176,173.194.188.105,10.10.0.10,,,443,45734,0,1358,17
1588616955.2710428,10.10.0.10,173.194.188.105,,,45734,443,0,37,17
1588616955.272975,173.194.188.105,10.10.0.10,,,443,45734,0,1358,17
1588616955.276718,173.194.188.105,10.10.0.10,,,443,45734,0,1358,17
1588616955.2783332,10.10.0.10,173.194.188.105,,,45734,443,0,37,17
1588616955.2805269,173.194.188.105,10.10.0.10,,,443,45734,0,1358,17
1588616955.284298,173.194.188.105,10.10.0.10,,,443,45734,0,1358,17
1588616955.2860231,10.10.0.10,173.194.188.105,,,45734,443,0,37,17
1588616955.288079,173.194.188.105,10.10.0.10,,,443,45734,0,1358,17
1588616955.2918696,173.194.188.105,10.10.0.10,,,443,45734,0,1358,17
1588616955.2943046,10.10.0.10,173.194.188.105,,,45734,443,0,37,17
1588616955.2955961,173.194.188.105,10.10.0.10,,,443,45734,0,1358,17
1588616955.2993786,173.194.188.105,10.10.0.10,,,443,45734,0,1358,17
1588616955.300962,10.10.0.10,173.194.188.105,,,45734,443,0,37,17
1588616955.3031812,173.194.188.105,10.10.0.10,,,443,45734,0,1358,17
1588616955.306956,173.194.188.105,10.10.0.10,,,443,45734,0,1358,17
1588616955.3089411,10.10.0.10,173.194.188.105,,,45734,443,0,37,17
1588616955.3107312,173.194.188.105,10.10.0.10,,,443,45734,0,1358,17
1588616955.3144698,173.194.188.105,10.10.0.10,,,443,45734,0,1358,17
1588616955.3160071,10.10.0.10,173.194.188.105,,,45734,443,0,37,17
1588616955.31828,173.194.188.105,10.10.0.10,,,443,45734,0,1358,17
1588616955.3220189,173.194.188.105,10.10.0.10,,,443,45734,0,1358,17
1588616955.3235722,10.10.0.10,173.194.188.105,,,45734,443,0,37,17
1588616955.3257961,173.194.188.105,10.10.0.10,,,443,45734,0,1358,17
1588616955.329606,173.194.188.105,10.10.0.10,,,443,45734,0,1358,17
1588616955.3311148,10.10.0.10,173.194.188.105,,,45734,443,0,37,17
1588616955.3333142,173.194.188.105,10.10.0.10,,,443,45734,0,1358,17
1588616955.337125,173.194.188.105,10.10.0.10,,,443,45734,0,1358,17
1588616955.3386474,10.10.0.10,173.194.188.105,,,45734,443,0,37,17
1588616955.340899,173.194.188.105,10.10.0.10,,,443,45734,0,1358,17
1588616955.344701,173.194.188.105,10.10.0.10,,,443,45734,0,1358,17
1588616955.346317,10.10.0.10,173.194.188.105,,,45734,443,0,37,17
1588616955.34841,173.194.188.105,10.10.0.10,,,443,45734,0,1358,17
1588616955.3522198,173.194.188.105,10.10.0.10,,,443,45734,0,1358,17
1588616955.3543012,10.10.0.10,173.194.188.105,,,45734,443,0,37,17
1588616955.3560038,173.194.188.105,10.10.0.10,,,443,45734,0,1358,17
1588616955.359802,173.194.188.105,10.10.0.10,,,443,45734,0,1358,17
1588616955.3614008,10.10.0.10,173.194.188.105,,,45734,443,0,37,17
1588616955.363576,173.194.188.105,10.10.0.10,,,443,45734,0,1358,17
1588616955.367352,173.194.188.105,10.10.0.10,,,443,45734,0,1358,17
1588616955.3690898,10.10.0.10,173.194.188.105,,,45734,443,0,37,17
1588616955.3711262,173.194.188.105,10.10.0.10,,,443,45734,0,1358,17
1588616955.3749,173.194.188.105,10.10.0.10,,,443,45734,0,1358,17
1588616955.3773189,10.10.0.10,173.194.188.105,,,45734,443,0,37,17
1588616955.3786108,173.194.188.105,10.10.0.10,,,443,45734,0,1358,17
1588616955.3824186,173.194.188.105,10.10.0.10,,,443,45734,0,1358,17
1588616955.3844721,10.10.0.10,173.194.188.105,,,45734,443,0,37,17
1588616955.38623,173.194.188.105,10.10.0.10,,,443,45734,0,1358,17
1588616955.390004,173.194.188.105,10.10.0.10,,,443,45734,0,1358,17
1588616955.391781,10.10.0.10,173.194.188.105,,,45734,443,0,37,17
1588616955.393784,173.194.188.105,10.10.0.10,,,443,45734,0,1358,17
1588616955.397553,173.194.188.105,10.10.0.10,,,443,45734,0,1358,17
1588616955.399338,10.10.0.10,173.194.188.105,,,45734,443,0,50,17
1588616955.4013062,173.194.188.105,10.10.0.10,,,443,45734,0,1358,17
1588616955.4050488,173.194.188.105,10.10.0.10,,,443,45734,0,1358,17
1588616955.4078898,10.10.0.10,173.194.188.105,,,45734,443,0,37,17
1588616955.408849,173.194.188.105,10.10.0.10,,,443,45734,0,1358,17
1588616955.4126525,173.194.188.105,10.10.0.10,,,443,45734,0,1358,17
1588616955.414418,10.10.0.10,173.194.188.105,,,45734,443,0,37,17
1588616955.416427,173.194.188.105,10.10.0.10,,,443,45734,0,1358,17
1588616955.420203,173.194.188.105,10.10.0.10,,,443,45734,0,1358,17
1588616955.4220428,10.10.0.10,173.194.188.105,,,45734,443,0,37,17
1588616955.4239788,173.194.188.105,10.10.0.10,,,443,45734,0,1358,17
1588616955.4277158,173.194.188.105,10.10.0.10,,,443,45734,0,1358,17
1588616955.4293401,10.10.0.10,173.194.188.105,,,45734,443,0,37,17
1588616955.4315288,173.194.188.105,10.10.0.10,,,443,45734,0,1358,17
1588616955.4352348,173.194.188.105,10.10.0.10,,,443,45734,0,1358,17
1588616955.436847,10.10.0.10,173.194.188.105,,,45734,443,0,37,17
1588616955.4390428,173.194.188.105,10.10.0.10,,,443,45734,0,1358,17
1588616955.4428508,173.194.188.105,10.10.0.10,,,443,45734,0,1358,17
1588616955.4444249,10.10.0.10,173.194.188.105,,,45734,443,0,37,17
1588616955.4466279,173.194.188.105,10.10.0.10,,,443,45734,0,1358,17
1588616955.450402,173.194.188.105,10.10.0.10,,,443,45734,0,29,17
1588616955.450498,173.194.188.105,10.10.0.10,,,443,45734,0,1358,17
1588616955.452018,10.10.0.10,173.194.188.105,,,45734,443,0,37,17
1588616955.4543474,173.194.188.105,10.10.0.10,,,443,45734,0,1358,17
1588616955.458122,173.194.188.105,10.10.0.10,,,443,45734,0,1358,17
1588616955.45995,10.10.0.10,173.194.188.105,,,45734,443,0,37,17
1588616955.461875,173.194.188.105,10.10.0.10,,,443,45734,0,1358,17
1588616955.465631,173.194.188.105,10.10.0.10,,,443,45734,0,1358,17
1588616955.4671788,10.10.0.10,173.194.188.105,,,45734,443,0,37,17
1588616955.4694474,173.194.188.105,10.10.0.10,,,443,45734,0,1358,17
1588616955.473222,173.194.188.105,10.10.0.10,,,443,45734,0,1358,17
1588616955.474946,10.10.0.10,173.194.188.105,,,45734,443,0,37,17
1588616955.476998,173.194.188.105,10.10.0.10,,,443,45734,0,1358,17
1588616955.4807718,173.194.188.105,10.10.0.10,,,443,45734,0,1358,17
1588616955.4824038,10.10.0.10,173.194.188.105,,,45734,443,0,37,17
1588616955.4845474,173.194.188.105,10.10.0.10,,,443,45734,0,1358,17
1588616955.488325,173.194.188.105,10.10.0.10,,,443,45734,0,1358,17
1588616955.4900358,10.10.0.10,173.194.188.105,,,45734,443,0,37,17
1588616955.492064,173.194.188.105,10.10.0.10,,,443,45734,0,1358,17
1588616955.4958508,173.194.188.105,10.10.0.10,,,443,45734,0,1358,17
1588616955.4975162,10.10.0.10,173.194.188.105,,,45734,443,0,37,17
1588616955.4996526,173.194.188.105,10.10.0.10,,,443,45734,0,1358,17
1588616955.503425,173.194.188.105,10.10.0.10,,,443,45734,0,1358,17
1588616955.5052366,10.10.0.10,173.194.188.105,,,45734,443,0,37,17
1588616955.507201,173.194.188.105,10.10.0.10,,,443,45734,0,1358,17
1588616955.5109751,173.194.188.105,10.10.0.10,,,443,45734,0,1358,17
1588616955.5127876,10.10.0.10,173.194.188.105,,,45734,443,0,37,17
1588616955.51475,173.194.188.105,10.10.0.10,,,443,45734,0,1358,17
1588616955.5185359,173.194.188.105,10.10.0.10,,,443,45734,0,1358,17
1588616955.520226,10.10.0.10,173.194.188.105,,,45734,443,0,37,17
1588616955.522263,173.194.188.105,10.10.0.10,,,443,45734,0,1358,17
1588616955.526076,173.194.188.105,10.10.0.10,,,443,45734,0,1358,17
1588616955.527806,10.10.0.10,173.194.188.105,,,45734,443,0,37,17
1588616955.52985,173.194.188.105,10.10.0.10,,,443,45734,0,1358,17
1588616955.533624,173.194.188.105,10.10.0.10,,,443,45734,0,1358,17
1588616955.535558,10.10.0.10,173.194.188.105,,,45734,443,0,37,17
1588616955.5374038,173.194.188.105,10.10.0.10,,,443,45734,0,1358,17
1588616955.541178,173.194.188.105,10.10.0.10,,,443,45734,0,1358,17
1588616955.5441446,10.10.0.10,173.194.188.105,,,45734,443,0,37,17
1588616955.5449278,173.194.188.105,10.10.0.10,,,443,45734,0,1358,17
1588616955.5486898,173.194.188.105,10.10.0.10,,,443,45734,0,1358,17
1588616955.5502696,10.10.0.10,173.194.188.105,,,45734,443,0,50,17
1588616955.5524778,173.194.188.105,10.10.0.10,,,443,45734,0,1358,17
1588616955.55624,173.194.188.105,10.10.0.10,,,443,45734,0,1358,17
1588616955.5578964,10.10.0.10,173.194.188.105,,,45734,443,0,37,17
1588616955.560052,173.194.188.105,10.10.0.10,,,443,45734,0,1358,17
1588616955.5638268,173.194.188.105,10.10.0.10,,,443,45734,0,1358,17
1588616955.5654972,10.10.0.10,173.194.188.105,,,45734,443,0,37,17
1588616955.5675652,173.194.188.105,10.10.0.10,,,443,45734,0,1358,17
1588616955.571377,173.194.188.105,10.10.0.10,,,443,45734,0,1358,17
1588616955.573122,10.10.0.10,173.194.188.105,,,45734,443,0,37,17
1588616955.575178,173.194.188.105,10.10.0.10,,,443,45734,0,1358,17
1588616955.5788882,173.194.188.105,10.10.0.10,,,443,45734,0,1358,17
1588616955.582376,10.10.0.10,173.194.188.105,,,45734,443,0,37,17
1588616955.5826454,173.194.188.105,10.10.0.10,,,443,45734,0,1358,17
1588616955.586478,173.194.188.105,10.10.0.10,,,443,45734,0,1358,17
1588616955.5880802,10.10.0.10,173.194.188.105,,,45734,443,0,37,17
1588616955.590255,173.194.188.105,10.10.0.10,,,443,45734,0,1358,17
1588616955.5940282,173.194.188.105,10.10.0.10,,,443,45734,0,29,17
1588616955.5941172,173.194.188.105,10.10.0.10,,,443,45734,0,1358,17
1588616955.596188,10.10.0.10,173.194.188.105,,,45734,443,0,37,17
1588616955.5979474,173.194.188.105,10.10.0.10,,,443,45734,0,1358,17
1588616955.6017478,173.194.188.105,10.10.0.10,,,443,45734,0,1358,17
1588616955.60321,10.10.0.10,173.194.188.105,,,45734,443,0,37,17
1588616955.6054866,173.194.188.105,10.10.0.10,,,443,45734,0,1358,17
1588616955.6093,173.194.188.105,10.10.0.10,,,443,45734,0,1358,17
1588616955.61083,10.10.0.10,173.194.188.105,,,45734,443,0,37,17
1588616955.6130724,173.194.188.105,10.10.0.10,,,443,45734,0,1358,17
1588616955.616848,173.194.188.105,10.10.0.10,,,443,45734,0,1358,17
1588616955.6184301,10.10.0.10,173.194.188.105,,,45734,443,0,37,17
1588616955.620624,173.194.188.105,10.10.0.10,,,443,45734,0,1358,17
1588616955.624398,173.194.188.105,10.10.0.10,,,443,45734,0,1358,17
1588616955.626847,10.10.0.10,173.194.188.105,,,45734,443,0,37,17
1588616955.628173,173.194.188.105,10.10.0.10,,,443,45734,0,1358,17
1588616955.631885,173.194.188.105,10.10.0.10,,,443,45734,0,1358,17
1588616955.633413,10.10.0.10,173.194.188.105,,,45734,443,0,37,17
1588616955.6356838,173.194.188.105,10.10.0.10,,,443,45734,0,1358,17
1588616955.639498,173.194.188.105,10.10.0.10,,,443,45734,0,1358,17
1588616955.643017,10.10.0.10,173.194.188.105,,,45734,443,0,37,17
1588616955.643211,173.194.188.105,10.10.0.10,,,443,45734,0,1358,17
1588616955.647048,173.194.188.105,10.10.0.10,,,443,45734,0,1358,17
1588616955.648816,10.10.0.10,173.194.188.105,,,45734,443,0,37,17
1588616955.6507714,173.194.188.105,10.10.0.10,,,443,45734,0,1358,17
1588616955.654596,173.194.188.105,10.10.0.10,,,443,45734,0,1358,17
1588616955.656394,10.10.0.10,173.194.188.105,,,45734,443,0,37,17
1588616955.6583712,173.194.188.105,10.10.0.10,,,443,45734,0,1358,17
1588616955.6620922,173.194.188.105,10.10.0.10,,,443,45734,0,1358,17
1588616955.663684,10.10.0.10,173.194.188.105,,,45734,443,0,37,17
1588616955.6659222,173.194.188.105,10.10.0.10,,,443,45734,0,1358,17
1588616955.669697,173.194.188.105,10.10.0.10,,,443,45734,0,1358,17
1588616955.6712668,10.10.0.10,173.194.188.105,,,45734,443,0,37,17
1588616955.6734734,173.194.188.105,10.10.0.10,,,443,45734,0,1358,17
1588616955.677246,173.194.188.105,10.10.0.10,,,443,45734,0,1358,17
1588616955.6791482,10.10.0.10,173.194.188.105,,,45734,443,0,37,17
1588616955.6809778,173.194.188.105,10.10.0.10,,,443,45734,0,1358,17
1588616955.684796,173.194.188.105,10.10.0.10,,,443,45734,0,1358,17
1588616955.6866481,10.10.0.10,173.194.188.105,,,45734,443,0,37,17
1588616955.688551,173.194.188.105,10.10.0.10,,,443,45734,0,1358,17
1588616955.692303,173.194.188.105,10.10.0.10,,,443,45734,0,1358,17
1588616955.694083,10.10.0.10,173.194.188.105,,,45734,443,0,37,17
1588616955.6961222,173.194.188.105,10.10.0.10,,,443,45734,0,1358,17
1588616955.699896,173.194.188.105,10.10.0.10,,,443,45734,0,1358,17
1588616955.701997,10.10.0.10,173.194.188.105,,,45734,443,0,50,17
1588616955.70367,173.194.188.105,10.10.0.10,,,443,45734,0,1358,17
1588616955.707406,173.194.188.105,10.10.0.10,,,443,45734,0,1358,17
1588616955.710374,10.10.0.10,173.194.188.105,,,45734,443,0,37,17
1588616955.7111962,173.194.188.105,10.10.0.10,,,443,45734,0,1358,17
1588616955.714995,173.194.188.105,10.10.0.10,,,443,45734,0,1358,17
1588616955.7173948,10.10.0.10,173.194.188.105,,,45734,443,0,37,17
1588616955.718733,173.194.188.105,10.10.0.10,,,443,45734,0,1358,17
1588616955.722523,173.194.188.105,10.10.0.10,,,443,45734,0,1358,17
1588616955.7256222,10.10.0.10,173.194.188.105,,,45734,443,0,37,17
1588616955.7262812,173.194.188.105,10.10.0.10,,,443,45734,0,1358,17
1588616955.7300956,173.194.188.105,10.10.0.10,,,443,45734,0,1358,17
1588616955.73177,10.10.0.10,173.194.188.105,,,45734,443,0,37,17
1588616955.73387,173.194.188.105,10.10.0.10,,,443,45734,0,1358,17
1588616955.73765,173.194.188.105,10.10.0.10,,,443,45734,0,1358,17
1588616955.7397811,10.10.0.10,173.194.188.105,,,45734,443,0,37,17
1588616955.7413466,173.194.188.105,10.10.0.10,,,443,45734,0,1358,17
1588616955.7452052,173.194.188.105,10.10.0.10,,,443,45734,0,1358,17
1588616955.746824,10.10.0.10,173.194.188.105,,,45734,443,0,37,17
1588616955.74892,173.194.188.105,10.10.0.10,,,443,45734,0,1358,17
1588616955.752743,173.194.188.105,10.10.0.10,,,443,45734,0,1358,17
1588616955.7543054,10.10.0.10,173.194.188.105,,,45734,443,0,37,17
1588616955.756518,173.194.188.105,10.10.0.10,,,443,45734,0,1358,17
1588616955.7602944,173.194.188.105,10.10.0.10,,,443,45734,0,1358,17
1588616955.762007,10.10.0.10,173.194.188.105,,,45734,443,0,37,17
1588616955.76407,173.194.188.105,10.10.0.10,,,443,45734,0,1358,17
1588616955.7678454,173.194.188.105,10.10.0.10,,,443,45734,0,1358,17
1588616955.7695572,10.10.0.10,173.194.188.105,,,45734,443,0,37,17
1588616955.771591,173.194.188.105,10.10.0.10,,,443,45734,0,1358,17
1588616955.775321,173.194.188.105,10.10.0.10,,,443,45734,0,1358,17
1588616955.7776835,10.10.0.10,173.194.188.105,,,45734,443,0,37,17
1588616955.779144,173.194.188.105,10.10.0.10,,,443,45734,0,1358,17
1588616955.782871,173.194.188.105,10.10.0.10,,,443,45734,0,1358,17
1588616955.7844188,10.10.0.10,173.194.188.105,,,45734,443,0,37,17
1588616955.7867222,173.194.188.105,10.10.0.10,,,443,45734,0,1358,17
1588616955.790494,173.194.188.105,10.10.0.10,,,443,45734,0,1358,17
1588616955.7922685,10.10.0.10,173.194.188.105,,,45734,443,0,37,17
1588616955.7942688,173.194.188.105,10.10.0.10,,,443,45734,0,1358,17
1588616955.7980444,173.194.188.105,10.10.0.10,,,443,45734,0,1358,17
1588616955.799869,10.10.0.10,173.194.188.105,,,45734,443,0,37,17
1588616955.8018286,173.194.188.105,10.10.0.10,,,443,45734,0,1358,17
1588616955.8055544,173.194.188.105,10.10.0.10,,,443,45734,0,1358,17
1588616955.8074439,10.10.0.10,173.194.188.105,,,45734,443,0,37,17
1588616955.809368,173.194.188.105,10.10.0.10,,,443,45734,0,1358,17
1588616955.813144,173.194.188.105,10.10.0.10,,,443,45734,0,1358,17
1588616955.814894,10.10.0.10,173.194.188.105,,,45734,443,0,37,17
1588616955.816918,173.194.188.105,10.10.0.10,,,443,45734,0,1358,17
1588616955.820694,173.194.188.105,10.10.0.10,,,443,45734,0,1358,17
1588616955.822602,10.10.0.10,173.194.188.105,,,45734,443,0,37,17
1588616955.824468,173.194.188.105,10.10.0.10,,,443,45734,0,1358,17
1588616955.8282418,173.194.188.105,10.10.0.10,,,443,45734,0,1358,17
1588616955.830144,10.10.0.10,173.194.188.105,,,45734,443,0,37,17
1588616955.831942,173.194.188.105,10.10.0.10,,,443,45734,0,1358,17
1588616955.8357232,173.194.188.105,10.10.0.10,,,443,45734,0,1358,17
1588616955.8372734,10.10.0.10,173.194.188.105,,,45734,443,0,37,17
1588616955.8395581,173.194.188.105,10.10.0.10,,,443,45734,0,1358,17
1588616955.8433318,173.194.188.105,10.10.0.10,,,443,45734,0,1358,17
1588616955.845243,10.10.0.10,173.194.188.105,,,45734,443,0,37,17
1588616955.847107,173.194.188.105,10.10.0.10,,,443,45734,0,1358,17
1588616955.8508818,173.194.188.105,10.10.0.10,,,443,45734,0,1358,17
1588616955.8532605,10.10.0.10,173.194.188.105,,,45734,443,0,50,17
1588616955.854656,173.194.188.105,10.10.0.10,,,443,45734,0,1358,17
1588616955.858433,173.194.188.105,10.10.0.10,,,443,45734,0,1358,17
1588616955.860409,10.10.0.10,173.194.188.105,,,45734,443,0,37,17
1588616955.8621626,173.194.188.105,10.10.0.10,,,443,45734,0,1358,17
1588616955.865954,173.194.188.105,10.10.0.10,,,443,45734,0,1358,17
1588616955.8676589,10.10.0.10,173.194.188.105,,,45734,443,0,37,17
1588616955.8697572,173.194.188.105,10.10.0.10,,,443,45734,0,1358,17
1588616955.873532,173.194.188.105,10.10.0.10,,,443,45734,0,1358,17
1588616955.8762212,10.10.0.10,173.194.188.105,,,45734,443,0,37,17
1588616955.877306,173.194.188.105,10.10.0.10,,,443,45734,0,1358,17
1588616955.881094,173.194.188.105,10.10.0.10,,,443,45734,0,1358,17
1588616955.88295,10.10.0.10,173.194.188.105,,,45734,443,0,37,17
1588616955.884857,173.194.188.105,10.10.0.10,,,443,45734,0,1358,17
1588616955.8885732,173.194.188.105,10.10.0.10,,,443,45734,0,1358,17
1588616955.8901956,10.10.0.10,173.194.188.105,,,45734,443,0,37,17
1588616955.8923662,173.194.188.105,10.10.0.10,,,443,45734,0,29,17
1588616955.8925085,173.194.188.105,10.10.0.10,,,443,45734,0,1358,17
1588616955.896352,173.194.188.105,10.10.0.10,,,443,45734,0,1358,17
1588616955.898073,10.10.0.10,173.194.188.105,,,45734,443,0,37,17
1588616955.900127,173.194.188.105,10.10.0.10,,,443,45734,0,1358,17
1588616955.903902,173.194.188.105,10.10.0.10,,,443,45734,0,1358,17
1588616955.906033,10.10.0.10,173.194.188.105,,,45734,443,0,37,17
1588616955.907678,173.194.188.105,10.10.0.10,,,443,45734,0,1358,17
1588616955.9114258,173.194.188.105,10.10.0.10,,,443,45734,0,1358,17
1588616955.9133475,10.10.0.10,173.194.188.105,,,45734,443,0,37,17
1588616955.915208,173.194.188.105,10.10.0.10,,,443,45734,0,1358,17
1588616955.918962,173.194.188.105,10.10.0.10,,,443,45734,0,1358,17
1588616955.9209812,10.10.0.10,173.194.188.105,,,45734,443,0,37,17
1588616955.922776,173.194.188.105,10.10.0.10,,,443,45734,0,1358,17
1588616955.9265099,173.194.188.105,10.10.0.10,,,443,45734,0,1358,17
1588616955.928623,10.10.0.10,173.194.188.105,,,45734,443,0,37,17
1588616955.930326,173.194.188.105,10.10.0.10,,,443,45734,0,1358,17
1588616955.934062,173.194.188.105,10.10.0.10,,,443,45734,0,1358,17
1588616955.935865,10.10.0.10,173.194.188.105,,,45734,443,0,37,17
1588616955.9378777,173.194.188.105,10.10.0.10,,,443,45734,0,1358,17
1588616955.9416108,173.194.188.105,10.10.0.10,,,443,45734,0,1358,17
1588616955.943447,10.10.0.10,173.194.188.105,,,45734,443,0,37,17
1588616955.945385,173.194.188.105,10.10.0.10,,,443,45734,0,1358,17
1588616955.949176,173.194.188.105,10.10.0.10,,,443,45734,0,1358,17
1588616955.950768,10.10.0.10,173.194.188.105,,,45734,443,0,37,17
1588616955.9529116,173.194.188.105,10.10.0.10,,,443,45734,0,1358,17
1588616955.9567509,173.194.188.105,10.10.0.10,,,443,45734,0,1358,17
1588616955.960526,173.194.188.105,10.10.0.10,,,443,45734,0,1358,17
1588616955.960953,10.10.0.10,173.194.188.105,,,45734,443,0,37,17
1588616955.9643009,173.194.188.105,10.10.0.10,,,443,45734,0,1358,17
1588616955.9659688,10.10.0.10,173.194.188.105,,,45734,443,0,37,17
1588616955.9680762,173.194.188.105,10.10.0.10,,,443,45734,0,1358,17
1588616955.971863,173.194.188.105,10.10.0.10,,,443,45734,0,1358,17
1588616955.973613,10.10.0.10,173.194.188.105,,,45734,443,0,37,17
1588616955.975584,173.194.188.105,10.10.0.10,,,443,45734,0,1358,17
1588616955.9793599,173.194.188.105,10.10.0.10,,,443,45734,0,1358,17
1588616955.9809456,10.10.0.10,173.194.188.105,,,45734,443,0,37,17
1588616955.983178,173.194.188.105,10.10.0.10,,,443,45734,0,1358,17
1588616955.9869502,173.194.188.105,10.10.0.10,,,443,45734,0,1358,17
1588616955.9885955,10.10.0.10,173.194.188.105,,,45734,443,0,37,17
1588616955.990725,173.194.188.105,10.10.0.10,,,443,45734,0,1358,17
1588616955.994473,173.194.188.105,10.10.0.10,,,443,45734,0,1358,17
1588616955.99609,10.10.0.10,173.194.188.105,,,45734,443,0,37,17
1588616955.9982748,173.194.188.105,10.10.0.10,,,443,45734,0,1358,17
1588616956.00199,173.194.188.105,10.10.0.10,,,443,45734,0,1358,17
1588616956.0036528,10.10.0.10,173.194.188.105,,,45734,443,0,50,17
1588616956.005799,173.194.188.105,10.10.0.10,,,443,45734,0,1358,17
1588616956.0095742,173.194.188.105,10.10.0.10,,,443,45734,0,1358,17
1588616956.012324,10.10.0.10,173.194.188.105,,,45734,443,0,37,17
1588616956.013375,173.194.188.105,10.10.0.10,,,443,45734,0,1358,17
1588616956.0171502,173.194.188.105,10.10.0.10,,,443,45734,0,1358,17
1588616956.0208838,173.194.188.105,10.10.0.10,,,443,45734,0,1358,17
1588616956.0247002,173.194.188.105,10.10.0.10,,,443,45734,0,1358,17
1588616956.0284472,173.194.188.105,10.10.0.10,,,443,45734,0,1358,17
1588616956.0322099,173.194.188.105,10.10.0.10,,,443,45734,0,1358,17
1588616956.036024,173.194.188.105,10.10.0.10,,,443,45734,0,1358,17
1588616956.0398,173.194.188.105,10.10.0.10,,,443,45734,0,1358,17
1588616956.043576,173.194.188.105,10.10.0.10,,,443,45734,0,1358,17
1588616956.0473475,173.194.188.105,10.10.0.10,,,443,45734,0,1358,17
1588616956.051124,173.194.188.105,10.10.0.10,,,443,45734,0,1358,17
1588616956.054897,173.194.188.105,10.10.0.10,,,443,45734,0,1358,17
1588616956.0962286,173.194.188.105,10.10.0.10,,,443,45734,0,1358,17
1588616956.1729019,173.194.188.105,10.10.0.10,,,443,45734,0,1358,17
1588616956.182614,10.10.0.10,173.194.188.105,,,45734,443,0,40,17
1588616956.182673,10.10.0.10,173.194.188.105,,,45734,443,0,40,17
1588616956.183183,10.10.0.10,173.194.188.105,,,45734,443,0,40,17
1588616956.1847026,10.10.0.10,173.194.188.105,,,45734,443,0,40,17
1588616956.185698,10.10.0.10,173.194.188.105,,,45734,443,0,40,17
1588616956.18736,10.10.0.10,173.194.188.105,,,45734,443,0,40,17
1588616956.187999,173.194.188.105,10.10.0.10,,,443,45734,0,1358,17
1588616956.1880589,173.194.188.105,10.10.0.10,,,443,45734,0,1358,17
1588616956.19554,10.10.0.10,173.194.188.105,,,45734,443,0,40,17
1588616956.1957402,173.194.188.105,10.10.0.10,,,443,45734,0,1358,17
1588616956.195793,173.194.188.105,10.10.0.10,,,443,45734,0,1358,17
1588616956.197581,10.10.0.10,173.194.188.105,,,45734,443,0,40,17
1588616956.1997092,10.10.0.10,173.194.188.105,,,45734,443,0,40,17
1588616956.201009,10.10.0.10,173.194.188.105,,,45734,443,0,40,17
1588616956.2027812,173.194.188.105,10.10.0.10,,,443,45734,0,1358,17
1588616956.20284,173.194.188.105,10.10.0.10,,,443,45734,0,1358,17
1588616956.205242,10.10.0.10,173.194.188.105,,,45734,443,0,40,17
1588616956.209699,173.194.188.105,10.10.0.10,,,443,45734,0,1358,17
1588616956.2103078,173.194.188.105,10.10.0.10,,,443,45734,0,1358,17
1588616956.213158,10.10.0.10,173.194.188.105,,,45734,443,0,40,17
1588616956.2141252,173.194.188.105,10.10.0.10,,,443,45734,0,1358,17
1588616956.2179012,173.194.188.105,10.10.0.10,,,443,45734,0,1358,17
1588616956.2199464,10.10.0.10,173.194.188.105,,,45734,443,0,40,17
1588616956.2216759,173.194.188.105,10.10.0.10,,,443,45734,0,1358,17
1588616956.225451,173.194.188.105,10.10.0.10,,,443,45734,0,1358,17
1588616956.2292292,173.194.188.105,10.10.0.10,,,443,45734,0,1358,17
1588616956.2308724,10.10.0.10,173.194.188.105,,,45734,443,0,40,17
1588616956.233001,173.194.188.105,10.10.0.10,,,443,45734,0,1358,17
1588616956.234731,10.10.0.10,173.194.188.105,,,45734,443,0,40,17
1588616956.236775,173.194.188.105,10.10.0.10,,,443,45734,0,1358,17
1588616956.240549,173.194.188.105,10.10.0.10,,,443,45734,0,1358,17
1588616956.242209,10.10.0.10,173.194.188.105,,,45734,443,0,40,17
1588616956.2443235,173.194.188.105,10.10.0.10,,,443,45734,0,1358,17
1588616956.2480721,173.194.188.105,10.10.0.10,,,443,45734,0,1358,17
1588616956.249903,10.10.0.10,173.194.188.105,,,45734,443,0,40,17
1588616956.251874,173.194.188.105,10.10.0.10,,,443,45734,0,1358,17
1588616956.255608,173.194.188.105,10.10.0.10,,,443,45734,0,1358,17
1588616956.257422,10.10.0.10,173.194.188.105,,,45734,443,0,40,17
1588616956.259425,173.194.188.105,10.10.0.10,,,443,45734,0,1358,17
1588616956.263199,173.194.188.105,10.10.0.10,,,443,45734,0,1358,17
1588616956.264924,10.10.0.10,173.194.188.105,,,45734,443,0,53,17
1588616956.2669342,173.194.188.105,10.10.0.10,,,443,45734,0,1358,17
1588616956.270734,173.194.188.105,10.10.0.10,,,443,45734,0,1358,17
1588616956.272423,10.10.0.10,173.194.188.105,,,45734,443,0,40,17
1588616956.274498,173.194.188.105,10.10.0.10,,,443,45734,0,1358,17
1588616956.2763212,10.10.0.10,173.194.188.105,,,45734,443,0,42,17
1588616956.2782981,173.194.188.105,10.10.0.10,,,443,45734,0,1358,17
1588616956.280025,10.10.0.10,173.194.188.105,,,45734,443,0,40,17
1588616956.2820122,173.194.188.105,10.10.0.10,,,443,45734,0,1358,17
1588616956.285824,173.194.188.105,10.10.0.10,,,443,45734,0,1358,17
1588616956.2874231,10.10.0.10,173.194.188.105,,,45734,443,0,40,17
1588616956.289625,173.194.188.105,10.10.0.10,,,443,45734,0,1358,17
1588616956.293399,173.194.188.105,10.10.0.10,,,443,45734,0,1358,17
1588616956.2951946,10.10.0.10,173.194.188.105,,,45734,443,0,40,17
1588616956.297173,173.194.188.105,10.10.0.10,,,443,45734,0,1358,17
1588616956.3009012,173.194.188.105,10.10.0.10,,,443,45734,0,1358,17
1588616956.3024998,10.10.0.10,173.194.188.105,,,45734,443,0,40,17
1588616956.3047225,173.194.188.105,10.10.0.10,,,443,45734,0,1358,17
1588616956.3084838,173.194.188.105,10.10.0.10,,,443,45734,0,1358,17
1588616956.310593,10.10.0.10,173.194.188.105,,,45734,443,0,40,17
1588616956.312232,173.194.188.105,10.10.0.10,,,443,45734,0,29,17
1588616956.3123732,173.194.188.105,10.10.0.10,,,443,45734,0,1358,17
1588616956.316218,173.194.188.105,10.10.0.10,,,443,45734,0,1358,17
1588616956.319993,173.194.188.105,10.10.0.10,,,443,45734,0,1358,17
1588616956.32021,10.10.0.10,173.194.188.105,,,45734,443,0,37,17
1588616956.3237689,173.194.188.105,10.10.0.10,,,443,45734,0,1358,17
1588616956.326423,10.10.0.10,173.194.188.105,,,45734,443,0,37,17
1588616956.327545,173.194.188.105,10.10.0.10,,,443,45734,0,1358,17
1588616956.3313332,173.194.188.105,10.10.0.10,,,443,45734,0,1358,17
1588616956.3330688,10.10.0.10,173.194.188.105,,,45734,443,0,37,17
1588616956.3350348,173.194.188.105,10.10.0.10,,,443,45734,0,1358,17
1588616956.338816,173.194.188.105,10.10.0.10,,,443,45734,0,1358,17
1588616956.3406026,10.10.0.10,173.194.188.105,,,45734,443,0,37,17
1588616956.3426428,173.194.188.105,10.10.0.10,,,443,45734,0,1358,17
1588616956.346418,173.194.188.105,10.10.0.10,,,443,45734,0,1358,17
1588616956.348174,10.10.0.10,173.194.188.105,,,45734,443,0,37,17
1588616956.350193,173.194.188.105,10.10.0.10,,,443,45734,0,1358,17
1588616956.3539689,173.194.188.105,10.10.0.10,,,443,45734,0,1358,17
1588616956.355792,10.10.0.10,173.194.188.105,,,45734,443,0,37,17
1588616956.357743,173.194.188.105,10.10.0.10,,,443,45734,0,1358,17
1588616956.3615172,173.194.188.105,10.10.0.10,,,443,45734,0,1358,17
1588616956.363125,10.10.0.10,173.194.188.105,,,45734,443,0,37,17
1588616956.36523,173.194.188.105,10.10.0.10,,,443,45734,0,1358,17
1588616956.369027,173.194.188.105,10.10.0.10,,,443,45734,0,1358,17
1588616956.37109,10.10.0.10,173.194.188.105,,,45734,443,0,37,17
1588616956.3728428,173.194.188.105,10.10.0.10,,,443,45734,0,1358,17
1588616956.376617,173.194.188.105,10.10.0.10,,,443,45734,0,1358,17
1588616956.3788931,10.10.0.10,173.194.188.105,,,45734,443,0,37,17
1588616956.380392,173.194.188.105,10.10.0.10,,,443,45734,0,1358,17
1588616956.384167,173.194.188.105,10.10.0.10,,,443,45734,0,1358,17
1588616956.385798,10.10.0.10,173.194.188.105,,,45734,443,0,37,17
1588616956.387943,173.194.188.105,10.10.0.10,,,443,45734,0,1358,17
1588616956.3917172,173.194.188.105,10.10.0.10,,,443,45734,0,1358,17
1588616956.393527,10.10.0.10,173.194.188.105,,,45734,443,0,37,17
1588616956.395444,173.194.188.105,10.10.0.10,,,443,45734,0,1358,17
1588616956.399267,173.194.188.105,10.10.0.10,,,443,45734,0,1358,17
1588616956.401385,10.10.0.10,173.194.188.105,,,45734,443,0,37,17
1588616956.4030418,173.194.188.105,10.10.0.10,,,443,45734,0,1358,17
1588616956.406816,173.194.188.105,10.10.0.10,,,443,45734,0,1358,17
1588616956.408536,10.10.0.10,173.194.188.105,,,45734,443,0,50,17
1588616956.410592,173.194.188.105,10.10.0.10,,,443,45734,0,1358,17
1588616956.414305,173.194.188.105,10.10.0.10,,,443,45734,0,1358,17
1588616956.415968,10.10.0.10,173.194.188.105,,,45734,443,0,37,17
1588616956.418144,173.194.188.105,10.10.0.10,,,443,45734,0,1358,17
1588616956.421881,173.194.188.105,10.10.0.10,,,443,45734,0,1358,17
1588616956.423727,10.10.0.10,173.194.188.105,,,45734,443,0,37,17
1588616956.4256518,173.194.188.105,10.10.0.10,,,443,45734,0,1358,17
1588616956.4294598,173.194.188.105,10.10.0.10,,,443,45734,0,1358,17
1588616956.4319801,10.10.0.10,173.194.188.105,,,45734,443,0,37,17
1588616956.4332411,173.194.188.105,10.10.0.10,,,443,45734,0,1358,17
1588616956.4369562,173.194.188.105,10.10.0.10,,,443,45734,0,1358,17
1588616956.438647,10.10.0.10,173.194.188.105,,,45734,443,0,37,17
1588616956.4407902,173.194.188.105,10.10.0.10,,,443,45734,0,1358,17
1588616956.444566,173.194.188.105,10.10.0.10,,,443,45734,0,1358,17
1588616956.446398,10.10.0.10,173.194.188.105,,,45734,443,0,37,17
1588616956.4483411,173.194.188.105,10.10.0.10,,,443,45734,0,1358,17
1588616956.4520762,173.194.188.105,10.10.0.10,,,443,45734,0,1358,17
1588616956.453884,10.10.0.10,173.194.188.105,,,45734,443,0,37,17
1588616956.45589,173.194.188.105,10.10.0.10,,,443,45734,0,1358,17
1588616956.459666,173.194.188.105,10.10.0.10,,,443,45734,0,1358,17
1588616956.46344,173.194.188.105,10.10.0.10,,,443,45734,0,29,17
1588616956.463541,173.194.188.105,10.10.0.10,,,443,45734,0,1358,17
1588616956.463868,10.10.0.10,173.194.188.105,,,45734,443,0,37,17
1588616956.467386,173.194.188.105,10.10.0.10,,,443,45734,0,1358,17
1588616956.4689708,10.10.0.10,173.194.188.105,,,45734,443,0,37,17
1588616956.4711628,173.194.188.105,10.10.0.10,,,443,45734,0,1358,17
1588616956.474936,173.194.188.105,10.10.0.10,,,443,45734,0,1358,17
1588616956.4767554,10.10.0.10,173.194.188.105,,,45734,443,0,37,17
1588616956.4786491,173.194.188.105,10.10.0.10,,,443,45734,0,1358,17
1588616956.4824612,173.194.188.105,10.10.0.10,,,443,45734,0,1358,17
1588616956.4841518,10.10.0.10,173.194.188.105,,,45734,443,0,37,17
1588616956.48626,173.194.188.105,10.10.0.10,,,443,45734,0,1358,17
1588616956.4900348,173.194.188.105,10.10.0.10,,,443,45734,0,1358,17
1588616956.491632,10.10.0.10,173.194.188.105,,,45734,443,0,37,17
1588616956.493811,173.194.188.105,10.10.0.10,,,443,45734,0,1358,17
1588616956.4975839,173.194.188.105,10.10.0.10,,,443,45734,0,1358,17
1588616956.499183,10.10.0.10,173.194.188.105,,,45734,443,0,37,17
1588616956.501352,173.194.188.105,10.10.0.10,,,443,45734,0,1358,17
1588616956.5051491,173.194.188.105,10.10.0.10,,,443,45734,0,1358,17
1588616956.5088696,173.194.188.105,10.10.0.10,,,443,45734,0,1358,17
1588616956.512686,173.194.188.105,10.10.0.10,,,443,45734,0,1358,17
1588616956.5164602,173.194.188.105,10.10.0.10,,,443,45734,0,1358,17
1588616956.5202339,173.194.188.105,10.10.0.10,,,443,45734,0,1358,17
1588616956.524009,173.194.188.105,10.10.0.10,,,443,45734,0,1358,17
1588616956.5277839,173.194.188.105,10.10.0.10,,,443,45734,0,1358,17
1588616956.53156,173.194.188.105,10.10.0.10,,,443,45734,0,1358,17
1588616956.5352721,173.194.188.105,10.10.0.10,,,443,45734,0,1358,17
1588616956.5390842,173.194.188.105,10.10.0.10,,,443,45734,0,1358,17
1588616956.542885,173.194.188.105,10.10.0.10,,,443,45734,0,1358,17
1588616956.546659,173.194.188.105,10.10.0.10,,,443,45734,0,1358,17
1588616956.5504339,173.194.188.105,10.10.0.10,,,443,45734,0,1358,17
1588616956.551225,10.10.0.10,173.194.188.105,,,45734,443,0,37,17
1588616956.5535252,10.10.0.10,173.194.188.105,,,45734,443,0,37,17
1588616956.553584,10.10.0.10,173.194.188.105,,,45734,443,0,37,17
1588616956.554169,173.194.188.105,10.10.0.10,,,443,45734,0,1358,17
1588616956.5579572,173.194.188.105,10.10.0.10,,,443,45734,0,1358,17
1588616956.559534,10.10.0.10,173.194.188.105,,,45734,443,0,37,17
1588616956.55997,10.10.0.10,173.194.188.105,,,45734,443,0,37,17
1588616956.5603259,10.10.0.10,173.194.188.105,,,45734,443,0,37,17
1588616956.560679,10.10.0.10,173.194.188.105,,,45734,443,0,37,17
1588616956.561032,10.10.0.10,173.194.188.105,,,45734,443,0,50,17
1588616956.561697,173.194.188.105,10.10.0.10,,,443,45734,0,1358,17
1588616956.5654724,173.194.188.105,10.10.0.10,,,443,45734,0,1358,17
1588616956.566965,10.10.0.10,173.194.188.105,,,45734,443,0,37,17
1588616956.569234,173.194.188.105,10.10.0.10,,,443,45734,0,1358,17
1588616956.5730526,173.194.188.105,10.10.0.10,,,443,45734,0,1358,17
1588616956.57656,10.10.0.10,173.194.188.105,,,45734,443,0,37,17
1588616956.5767858,173.194.188.105,10.10.0.10,,,443,45734,0,1358,17
1588616956.580584,173.194.188.105,10.10.0.10,,,443,45734,0,29,17
1588616956.580729,173.194.188.105,10.10.0.10,,,443,45734,0,1358,17
1588616956.582352,10.10.0.10,173.194.188.105,,,45734,443,0,37,17
1588616956.584567,173.194.188.105,10.10.0.10,,,443,45734,0,1358,17
1588616956.5883431,173.194.188.105,10.10.0.10,,,443,45734,0,1358,17
1588616956.5902364,10.10.0.10,173.194.188.105,,,45734,443,0,37,17
1588616956.5920599,173.194.188.105,10.10.0.10,,,443,45734,0,1358,17
1588616956.595834,173.194.188.105,10.10.0.10,,,443,45734,0,1358,17
1588616956.59734,10.10.0.10,173.194.188.105,,,45734,443,0,37,17
1588616956.5996408,173.194.188.105,10.10.0.10,,,443,45734,0,1358,17
1588616956.603439,173.194.188.105,10.10.0.10,,,443,45734,0,1358,17
1588616956.6051412,10.10.0.10,173.194.188.105,,,45734,443,0,37,17
1588616956.607191,173.194.188.105,10.10.0.10,,,443,45734,0,1358,17
1588616956.610987,173.194.188.105,10.10.0.10,,,443,45734,0,1358,17
1588616956.6135788,10.10.0.10,173.194.188.105,,,45734,443,0,37,17
1588616956.6147618,173.194.188.105,10.10.0.10,,,443,45734,0,1358,17
1588616956.618527,173.194.188.105,10.10.0.10,,,443,45734,0,1358,17
1588616956.620209,10.10.0.10,173.194.188.105,,,45734,443,0,37,17
1588616956.622288,173.194.188.105,10.10.0.10,,,443,45734,0,1358,17
1588616956.6260922,173.194.188.105,10.10.0.10,,,443,45734,0,1358,17
1588616956.6288311,10.10.0.10,173.194.188.105,,,45734,443,0,37,17
1588616956.6298668,173.194.188.105,10.10.0.10,,,443,45734,0,1358,17
1588616956.6336482,173.194.188.105,10.10.0.10,,,443,45734,0,1358,17
1588616956.636575,10.10.0.10,173.194.188.105,,,45734,443,0,37,17
1588616956.6373599,173.194.188.105,10.10.0.10,,,443,45734,0,1358,17
1588616956.641135,173.194.188.105,10.10.0.10,,,443,45734,0,1358,17
1588616956.6427028,10.10.0.10,173.194.188.105,,,45734,443,0,37,17
1588616956.644943,173.194.188.105,10.10.0.10,,,443,45734,0,1358,17
1588616956.64871,173.194.188.105,10.10.0.10,,,443,45734,0,1358,17
1588616956.652357,10.10.0.10,173.194.188.105,,,45734,443,0,37,17
1588616956.652473,173.194.188.105,10.10.0.10,,,443,45734,0,1358,17
1588616956.656296,173.194.188.105,10.10.0.10,,,443,45734,0,1358,17
1588616956.658088,10.10.0.10,173.194.188.105,,,45734,443,0,37,17
1588616956.6600714,173.194.188.105,10.10.0.10,,,443,45734,0,1358,17
1588616956.663788,173.194.188.105,10.10.0.10,,,443,45734,0,1358,17
1588616956.667561,173.194.188.105,10.10.0.10,,,443,45734,0,1358,17
1588616956.6694071,10.10.0.10,173.194.188.105,,,45734,443,0,37,17
1588616956.671336,173.194.188.105,10.10.0.10,,,443,45734,0,1358,17
1588616956.6729252,10.10.0.10,173.194.188.105,,,45734,443,0,37,17
1588616956.675108,173.194.188.105,10.10.0.10,,,443,45734,0,1358,17
1588616956.6788778,173.194.188.105,10.10.0.10,,,443,45734,0,1358,17
1588616956.680552,10.10.0.10,173.194.188.105,,,45734,443,0,37,17
1588616956.6826642,173.194.188.105,10.10.0.10,,,443,45734,0,1358,17
1588616956.6864624,173.194.188.105,10.10.0.10,,,443,45734,0,1358,17
1588616956.688055,10.10.0.10,173.194.188.105,,,45734,443,0,37,17
1588616956.6902616,173.194.188.105,10.10.0.10,,,443,45734,0,1358,17
1588616956.6940384,173.194.188.105,10.10.0.10,,,443,45734,0,1358,17
1588616956.696137,10.10.0.10,173.194.188.105,,,45734,443,0,37,17
1588616956.6978116,173.194.188.105,10.10.0.10,,,443,45734,0,1358,17
1588616956.70159,173.194.188.105,10.10.0.10,,,443,45734,0,1358,17
1588616956.703193,10.10.0.10,173.194.188.105,,,45734,443,0,37,17
1588616956.705328,173.194.188.105,10.10.0.10,,,443,45734,0,1358,17
1588616956.7090821,173.194.188.105,10.10.0.10,,,443,45734,0,1358,17
1588616956.710633,10.10.0.10,173.194.188.105,,,45734,443,0,50,17
1588616956.712855,173.194.188.105,10.10.0.10,,,443,45734,0,1358,17
1588616956.7166598,173.194.188.105,10.10.0.10,,,443,45734,0,1358,17
1588616956.718287,10.10.0.10,173.194.188.105,,,45734,443,0,37,17
1588616956.720438,173.194.188.105,10.10.0.10,,,443,45734,0,1358,17
1588616956.72423,173.194.188.105,10.10.0.10,,,443,45734,0,1358,17
1588616956.7259572,10.10.0.10,173.194.188.105,,,45734,443,0,37,17
1588616956.727992,173.194.188.105,10.10.0.10,,,443,45734,0,1358,17
1588616956.73175,173.194.188.105,10.10.0.10,,,443,45734,0,1358,17
1588616956.733278,10.10.0.10,173.194.188.105,,,45734,443,0,37,17
1588616956.735542,173.194.188.105,10.10.0.10,,,443,45734,0,1358,17
1588616956.739348,173.194.188.105,10.10.0.10,,,443,45734,0,29,17
1588616956.739448,173.194.188.105,10.10.0.10,,,443,45734,0,1358,17
1588616956.7411046,10.10.0.10,173.194.188.105,,,45734,443,0,37,17
1588616956.743293,173.194.188.105,10.10.0.10,,,443,45734,0,1358,17
1588616956.7470696,173.194.188.105,10.10.0.10,,,443,45734,0,1358,17
1588616956.7488694,10.10.0.10,173.194.188.105,,,45734,443,0,37,17
1588616956.7507875,173.194.188.105,10.10.0.10,,,443,45734,0,1358,17
1588616956.754619,173.194.188.105,10.10.0.10,,,443,45734,0,1358,17
1588616956.7566438,10.10.0.10,173.194.188.105,,,45734,443,0,37,17
1588616956.758392,173.194.188.105,10.10.0.10,,,443,45734,0,1358,17
1588616956.762137,173.194.188.105,10.10.0.10,,,443,45734,0,1358,17
1588616956.76592,173.194.188.105,10.10.0.10,,,443,45734,0,1358,17
1588616956.766992,10.10.0.10,173.194.188.105,,,45734,443,0,37,17
1588616956.7697182,173.194.188.105,10.10.0.10,,,443,45734,0,1358,17
1588616956.7713466,10.10.0.10,173.194.188.105,,,45734,443,0,37,17
1588616956.7734606,173.194.188.105,10.10.0.10,,,443,45734,0,1358,17
1588616956.777268,173.194.188.105,10.10.0.10,,,443,45734,0,1358,17
1588616956.779246,10.10.0.10,173.194.188.105,,,45734,443,0,37,17
1588616956.7810428,173.194.188.105,10.10.0.10,,,443,45734,0,1358,17
1588616956.784818,173.194.188.105,10.10.0.10,,,443,45734,0,1358,17
1588616956.7870624,10.10.0.10,173.194.188.105,,,45734,443,0,37,17
1588616956.7885342,173.194.188.105,10.10.0.10,,,443,45734,0,1358,17
1588616956.7923028,173.194.188.105,10.10.0.10,,,443,45734,0,1358,17
1588616956.793881,10.10.0.10,173.194.188.105,,,45734,443,0,37,17
1588616956.796142,173.194.188.105,10.10.0.10,,,443,45734,0,1358,17
1588616956.7999165,173.194.188.105,10.10.0.10,,,443,45734,0,1358,17
1588616956.8015351,10.10.0.10,173.194.188.105,,,45734,443,0,37,17
1588616956.803691,173.194.188.105,10.10.0.10,,,443,45734,0,1358,17
1588616956.807466,173.194.188.105,10.10.0.10,,,443,45734,0,1358,17
1588616956.809058,10.10.0.10,173.194.188.105,,,45734,443,0,37,17
1588616956.811241,173.194.188.105,10.10.0.10,,,443,45734,0,1358,17
1588616956.815015,173.194.188.105,10.10.0.10,,,443,45734,0,1358,17
1588616956.817017,10.10.0.10,173.194.188.105,,,45734,443,0,37,17
1588616956.81876,173.194.188.105,10.10.0.10,,,443,45734,0,1358,17
1588616956.8225422,173.194.188.105,10.10.0.10,,,443,45734,0,1358,17
1588616956.824182,10.10.0.10,173.194.188.105,,,45734,443,0,37,17
1588616956.8262758,173.194.188.105,10.10.0.10,,,443,45734,0,1358,17
1588616956.8301148,173.194.188.105,10.10.0.10,,,443,45734,0,1358,17
1588616956.8316581,10.10.0.10,173.194.188.105,,,45734,443,0,37,17
1588616956.8338716,173.194.188.105,10.10.0.10,,,443,45734,0,1358,17
1588616956.8376234,173.194.188.105,10.10.0.10,,,443,45734,0,1358,17
1588616956.83939,10.10.0.10,173.194.188.105,,,45734,443,0,37,17
1588616956.841396,173.194.188.105,10.10.0.10,,,443,45734,0,1358,17
1588616956.845205,173.194.188.105,10.10.0.10,,,443,45734,0,1358,17
1588616956.8470829,10.10.0.10,173.194.188.105,,,45734,443,0,37,17
1588616956.8489618,173.194.188.105,10.10.0.10,,,443,45734,0,1358,17
1588616956.852769,173.194.188.105,10.10.0.10,,,443,45734,0,1358,17
1588616956.8547919,10.10.0.10,173.194.188.105,,,45734,443,0,37,17
1588616956.856544,173.194.188.105,10.10.0.10,,,443,45734,0,1358,17
1588616956.8603182,173.194.188.105,10.10.0.10,,,443,45734,0,1358,17
1588616956.8633919,10.10.0.10,173.194.188.105,,,45734,443,0,50,17
1588616956.8640618,173.194.188.105,10.10.0.10,,,443,45734,0,1358,17
1588616956.8678696,173.194.188.105,10.10.0.10,,,443,45734,0,1358,17
1588616956.869919,10.10.0.10,173.194.188.105,,,45734,443,0,37,17
1588616956.87161,173.194.188.105,10.10.0.10,,,443,45734,0,1358,17
1588616956.875361,173.194.188.105,10.10.0.10,,,443,45734,0,1358,17
1588616956.876993,10.10.0.10,173.194.188.105,,,45734,443,0,37,17
1588616956.87916,173.194.188.105,10.10.0.10,,,443,45734,0,1358,17
1588616956.882967,173.194.188.105,10.10.0.10,,,443,45734,0,1358,17
1588616956.8846204,10.10.0.10,173.194.188.105,,,45734,443,0,37,17
1588616956.886689,173.194.188.105,10.10.0.10,,,443,45734,0,1358,17
1588616956.8905182,173.194.188.105,10.10.0.10,,,443,45734,0,1358,17
1588616956.893582,10.10.0.10,173.194.188.105,,,45734,443,0,37,17
1588616956.894263,173.194.188.105,10.10.0.10,,,443,45734,0,1358,17
1588616956.898068,173.194.188.105,10.10.0.10,,,443,45734,0,1358,17
1588616956.9000828,10.10.0.10,173.194.188.105,,,45734,443,0,37,17
1588616956.901852,173.194.188.105,10.10.0.10,,,443,45734,0,1358,17
1588616956.9055822,173.194.188.105,10.10.0.10,,,443,45734,0,1358,17
1588616956.907375,10.10.0.10,173.194.188.105,,,45734,443,0,37,17
1588616956.909391,173.194.188.105,10.10.0.10,,,443,45734,0,1358,17
1588616956.913167,173.194.188.105,10.10.0.10,,,443,45734,0,29,17
1588616956.913265,173.194.188.105,10.10.0.10,,,443,45734,0,1358,17
1588616956.914871,10.10.0.10,173.194.188.105,,,45734,443,0,37,17
1588616956.917113,173.194.188.105,10.10.0.10,,,443,45734,0,1358,17
1588616956.9208882,173.194.188.105,10.10.0.10,,,443,45734,0,1358,17
1588616956.922414,10.10.0.10,173.194.188.105,,,45734,443,0,37,17
1588616956.9246619,173.194.188.105,10.10.0.10,,,443,45734,0,1358,17
1588616956.9284372,173.194.188.105,10.10.0.10,,,443,45734,0,1358,17
1588616956.9302044,10.10.0.10,173.194.188.105,,,45734,443,0,37,17
1588616956.9321814,173.194.188.105,10.10.0.10,,,443,45734,0,1358,17
1588616956.9364052,173.194.188.105,10.10.0.10,,,443,45734,0,1358,17
1588616956.9383562,10.10.0.10,173.194.188.105,,,45734,443,0,37,17
1588616956.940217,173.194.188.105,10.10.0.10,,,443,45734,0,1358,17
1588616956.943991,173.194.188.105,10.10.0.10,,,443,45734,0,1358,17
1588616956.947001,10.10.0.10,173.194.188.105,,,45734,443,0,37,17
1588616956.947743,173.194.188.105,10.10.0.10,,,443,45734,0,1358,17
1588616956.9515429,173.194.188.105,10.10.0.10,,,443,45734,0,1358,17
1588616956.953138,10.10.0.10,173.194.188.105,,,45734,443,0,37,17
1588616956.955249,173.194.188.105,10.10.0.10,,,443,45734,0,1358,17
1588616956.9590578,173.194.188.105,10.10.0.10,,,443,45734,0,1358,17
1588616956.960662,10.10.0.10,173.194.188.105,,,45734,443,0,37,17
1588616956.9628642,173.194.188.105,10.10.0.10,,,443,45734,0,1358,17
1588616956.96664,173.194.188.105,10.10.0.10,,,443,45734,0,1358,17
1588616956.968246,10.10.0.10,173.194.188.105,,,45734,443,0,37,17
1588616956.970416,173.194.188.105,10.10.0.10,,,443,45734,0,1358,17
1588616956.974189,173.194.188.105,10.10.0.10,,,443,45734,0,1358,17
1588616956.976041,10.10.0.10,173.194.188.105,,,45734,443,0,37,17
1588616956.9779012,173.194.188.105,10.10.0.10,,,443,45734,0,1358,17
1588616956.9817412,173.194.188.105,10.10.0.10,,,443,45734,0,1358,17
1588616956.983808,10.10.0.10,173.194.188.105,,,45734,443,0,37,17
1588616956.98548,173.194.188.105,10.10.0.10,,,443,45734,0,1358,17
1588616956.989289,173.194.188.105,10.10.0.10,,,443,45734,0,1358,17
1588616956.990934,10.10.0.10,173.194.188.105,,,45734,443,0,37,17
1588616956.993063,173.194.188.105,10.10.0.10,,,443,45734,0,1358,17
1588616956.996841,173.194.188.105,10.10.0.10,,,443,45734,0,1358,17
1588616956.9985108,10.10.0.10,173.194.188.105,,,45734,443,0,37,17
1588616957.000581,173.194.188.105,10.10.0.10,,,443,45734,0,1358,17
1588616957.004389,173.194.188.105,10.10.0.10,,,443,45734,0,1358,17
1588616957.0061214,10.10.0.10,173.194.188.105,,,45734,443,0,37,17
1588616957.00814,173.194.188.105,10.10.0.10,,,443,45734,0,1358,17
1588616957.0118818,173.194.188.105,10.10.0.10,,,443,45734,0,1358,17
1588616957.01375,10.10.0.10,173.194.188.105,,,45734,443,0,50,17
1588616957.0156796,173.194.188.105,10.10.0.10,,,443,45734,0,1358,17
1588616957.0194552,173.194.188.105,10.10.0.10,,,443,45734,0,1358,17
1588616957.023057,10.10.0.10,173.194.188.105,,,45734,443,0,37,17
1588616957.0231962,173.194.188.105,10.10.0.10,,,443,45734,0,1358,17
1588616957.02704,173.194.188.105,10.10.0.10,,,443,45734,0,1358,17
1588616957.0286682,10.10.0.10,173.194.188.105,,,45734,443,0,37,17
1588616957.030802,173.194.188.105,10.10.0.10,,,443,45734,0,1358,17
1588616957.034589,173.194.188.105,10.10.0.10,,,443,45734,0,1358,17
1588616957.0368721,10.10.0.10,173.194.188.105,,,45734,443,0,37,17
1588616957.038329,173.194.188.105,10.10.0.10,,,443,45734,0,1358,17
1588616957.0421062,173.194.188.105,10.10.0.10,,,443,45734,0,1358,17
1588616957.0438962,10.10.0.10,173.194.188.105,,,45734,443,0,37,17
1588616957.045913,173.194.188.105,10.10.0.10,,,443,45734,0,1358,17
1588616957.049688,173.194.188.105,10.10.0.10,,,443,45734,0,1358,17
1588616957.051372,10.10.0.10,173.194.188.105,,,45734,443,0,37,17
1588616957.053428,173.194.188.105,10.10.0.10,,,443,45734,0,1358,17
1588616957.057238,173.194.188.105,10.10.0.10,,,443,45734,0,1358,17
1588616957.059152,10.10.0.10,173.194.188.105,,,45734,443,0,37,17
1588616957.0610132,173.194.188.105,10.10.0.10,,,443,45734,0,1358,17
1588616957.064787,173.194.188.105,10.10.0.10,,,443,45734,0,1358,17
1588616957.067661,10.10.0.10,173.194.188.105,,,45734,443,0,37,17
1588616957.068506,173.194.188.105,10.10.0.10,,,443,45734,0,1358,17
1588616957.0723062,173.194.188.105,10.10.0.10,,,443,45734,0,29,17
1588616957.0724359,173.194.188.105,10.10.0.10,,,443,45734,0,1358,17
1588616957.074001,10.10.0.10,173.194.188.105,,,45734,443,0,37,17
1588616957.0762842,173.194.188.105,10.10.0.10,,,443,45734,0,1358,17
1588616957.0800602,173.194.188.105,10.10.0.10,,,443,45734,0,1358,17
1588616957.081913,10.10.0.10,173.194.188.105,,,45734,443,0,37,17
1588616957.083833,173.194.188.105,10.10.0.10,,,443,45734,0,1358,17
1588616957.0876071,173.194.188.105,10.10.0.10,,,443,45734,0,1358,17
1588616957.089241,10.10.0.10,173.194.188.105,,,45734,443,0,37,17
1588616957.091383,173.194.188.105,10.10.0.10,,,443,45734,0,1358,17
1588616957.095167,173.194.188.105,10.10.0.10,,,443,45734,0,1358,17
1588616957.097137,10.10.0.10,173.194.188.105,,,45734,443,0,37,17
1588616957.098901,173.194.188.105,10.10.0.10,,,443,45734,0,1358,17
1588616957.1027124,173.194.188.105,10.10.0.10,,,443,45734,0,1358,17
1588616957.104308,10.10.0.10,173.194.188.105,,,45734,443,0,37,17
1588616957.106483,173.194.188.105,10.10.0.10,,,443,45734,0,1358,17
1588616957.110258,173.194.188.105,10.10.0.10,,,443,45734,0,1358,17
1588616957.111848,10.10.0.10,173.194.188.105,,,45734,443,0,37,17
1588616957.114032,173.194.188.105,10.10.0.10,,,443,45734,0,1358,17
1588616957.1178071,173.194.188.105,10.10.0.10,,,443,45734,0,1358,17
1588616957.1193511,10.10.0.10,173.194.188.105,,,45734,443,0,37,17
1588616957.121582,173.194.188.105,10.10.0.10,,,443,45734,0,1358,17
1588616957.1252909,173.194.188.105,10.10.0.10,,,443,45734,0,1358,17
1588616957.127125,10.10.0.10,173.194.188.105,,,45734,443,0,37,17
1588616957.1291091,173.194.188.105,10.10.0.10,,,443,45734,0,1358,17
1588616957.132908,173.194.188.105,10.10.0.10,,,443,45734,0,1358,17
1588616957.134495,10.10.0.10,173.194.188.105,,,45734,443,0,37,17
1588616957.1366804,173.194.188.105,10.10.0.10,,,443,45734,0,1358,17
1588616957.140456,173.194.188.105,10.10.0.10,,,443,45734,0,1358,17
1588616957.14208,10.10.0.10,173.194.188.105,,,45734,443,0,37,17
1588616957.144232,173.194.188.105,10.10.0.10,,,443,45734,0,1358,17
1588616957.147986,173.194.188.105,10.10.0.10,,,443,45734,0,1358,17
1588616957.149915,10.10.0.10,173.194.188.105,,,45734,443,0,37,17
1588616957.1517801,173.194.188.105,10.10.0.10,,,443,45734,0,1358,17
1588616957.1555252,173.194.188.105,10.10.0.10,,,443,45734,0,1358,17
1588616957.1572678,10.10.0.10,173.194.188.105,,,45734,443,0,37,17
1588616957.1593304,173.194.188.105,10.10.0.10,,,443,45734,0,1358,17
1588616957.163106,173.194.188.105,10.10.0.10,,,443,45734,0,1358,17
1588616957.1650178,10.10.0.10,173.194.188.105,,,45734,443,0,50,17
1588616957.166884,173.194.188.105,10.10.0.10,,,443,45734,0,1358,17
1588616957.170623,173.194.188.105,10.10.0.10,,,443,45734,0,1358,17
1588616957.172353,10.10.0.10,173.194.188.105,,,45734,443,0,37,17
1588616957.1744301,173.194.188.105,10.10.0.10,,,443,45734,0,1358,17
1588616957.178206,173.194.188.105,10.10.0.10,,,443,45734,0,1358,17
1588616957.1801028,10.10.0.10,173.194.188.105,,,45734,443,0,37,17
1588616957.1819148,173.194.188.105,10.10.0.10,,,443,45734,0,1358,17
1588616957.1857245,173.194.188.105,10.10.0.10,,,443,45734,0,1358,17
1588616957.1874568,10.10.0.10,173.194.188.105,,,45734,443,0,37,17
1588616957.1895304,173.194.188.105,10.10.0.10,,,443,45734,0,1358,17
1588616957.193305,173.194.188.105,10.10.0.10,,,443,45734,0,1358,17
1588616957.195035,10.10.0.10,173.194.188.105,,,45734,443,0,37,17
1588616957.1970801,173.194.188.105,10.10.0.10,,,443,45734,0,1358,17
1588616957.200855,173.194.188.105,10.10.0.10,,,443,45734,0,1358,17
1588616957.2026842,10.10.0.10,173.194.188.105,,,45734,443,0,37,17
1588616957.2046292,173.194.188.105,10.10.0.10,,,443,45734,0,1358,17
1588616957.2084038,173.194.188.105,10.10.0.10,,,443,45734,0,1358,17
1588616957.210077,10.10.0.10,173.194.188.105,,,45734,443,0,37,17
1588616957.212156,173.194.188.105,10.10.0.10,,,443,45734,0,1358,17
1588616957.2159538,173.194.188.105,10.10.0.10,,,443,45734,0,1358,17
1588616957.2189722,10.10.0.10,173.194.188.105,,,45734,443,0,37,17
1588616957.2197082,173.194.188.105,10.10.0.10,,,443,45734,0,1358,17
1588616957.2235038,173.194.188.105,10.10.0.10,,,443,45734,0,1358,17
1588616957.2252278,10.10.0.10,173.194.188.105,,,45734,443,0,37,17
1588616957.2272801,173.194.188.105,10.10.0.10,,,443,45734,0,1358,17
1588616957.231057,173.194.188.105,10.10.0.10,,,443,45734,0,1358,17
1588616957.2333288,10.10.0.10,173.194.188.105,,,45734,443,0,37,17
1588616957.2348301,173.194.188.105,10.10.0.10,,,443,45734,0,1358,17
1588616957.238536,173.194.188.105,10.10.0.10,,,443,45734,0,1358,17
1588616957.241123,10.10.0.10,173.194.188.105,,,45734,443,0,37,17
1588616957.2423468,173.194.188.105,10.10.0.10,,,443,45734,0,1358,17
1588616957.2461536,173.194.188.105,10.10.0.10,,,443,45734,0,1358,17
1588616957.248197,10.10.0.10,173.194.188.105,,,45734,443,0,37,17
1588616957.249929,173.194.188.105,10.10.0.10,,,443,45734,0,1358,17
1588616957.253648,173.194.188.105,10.10.0.10,,,443,45734,0,1358,17
1588616957.2552118,10.10.0.10,173.194.188.105,,,45734,443,0,37,17
1588616957.257893,173.194.188.105,10.10.0.10,,,443,45734,0,1358,17
1588616957.2617068,173.194.188.105,10.10.0.10,,,443,45734,0,1358,17
1588616957.2633722,10.10.0.10,173.194.188.105,,,45734,443,0,37,17
1588616957.26545,173.194.188.105,10.10.0.10,,,443,45734,0,1358,17
1588616957.269257,173.194.188.105,10.10.0.10,,,443,45734,0,1358,17
1588616957.270849,10.10.0.10,173.194.188.105,,,45734,443,0,37,17
1588616957.273031,173.194.188.105,10.10.0.10,,,443,45734,0,1358,17
1588616957.276806,173.194.188.105,10.10.0.10,,,443,45734,0,1358,17
1588616957.278385,10.10.0.10,173.194.188.105,,,45734,443,0,37,17
1588616957.2805812,173.194.188.105,10.10.0.10,,,443,45734,0,1358,17
1588616957.284356,173.194.188.105,10.10.0.10,,,443,45734,0,1358,17
1588616957.285958,10.10.0.10,173.194.188.105,,,45734,443,0,37,17
1588616957.2880962,173.194.188.105,10.10.0.10,,,443,45734,0,1358,17
1588616957.2918699,173.194.188.105,10.10.0.10,,,443,45734,0,805,17
1588616957.293475,10.10.0.10,173.194.188.105,,,45734,443,0,37,17
1588616957.3072948,10.10.0.10,173.194.188.105,,,45734,443,0,730,17
1588616957.307339,10.10.0.10,173.194.188.105,,,45734,443,0,48,17
1588616957.311898,173.194.188.105,10.10.0.10,,,443,45734,0,115,17
1588616957.311936,173.194.188.105,10.10.0.10,,,443,45734,0,1358,17
1588616957.311954,173.194.188.105,10.10.0.10,,,443,45734,0,1358,17
1588616957.314,10.10.0.10,173.194.188.105,,,45734,443,0,37,17
1588616957.315591,173.194.188.105,10.10.0.10,,,443,45734,0,1358,17
1588616957.317286,10.10.0.10,173.194.188.105,,,45734,443,0,37,17
1588616957.319329,173.194.188.105,10.10.0.10,,,443,45734,0,1358,17
1588616957.323141,173.194.188.105,10.10.0.10,,,443,45734,0,1358,17
1588616957.324684,10.10.0.10,173.194.188.105,,,45734,443,0,37,17
1588616957.326912,173.194.188.105,10.10.0.10,,,443,45734,0,1358,17
1588616957.3280668,10.10.0.10,173.194.188.105,,,45734,443,0,726,17
1588616957.328111,10.10.0.10,173.194.188.105,,,45734,443,0,48,17
1588616957.330688,173.194.188.105,10.10.0.10,,,443,45734,0,1358,17
1588616957.332727,10.10.0.10,173.194.188.105,,,45734,443,0,37,17
1588616957.3344624,173.194.188.105,10.10.0.10,,,443,45734,0,1358,17
1588616957.3382418,173.194.188.105,10.10.0.10,,,443,45734,0,1358,17
1588616957.340502,10.10.0.10,173.194.188.105,,,45734,443,0,37,17
1588616957.341958,173.194.188.105,10.10.0.10,,,443,45734,0,1358,17
1588616957.345767,173.194.188.105,10.10.0.10,,,443,45734,0,1358,17
1588616957.3476348,10.10.0.10,173.194.188.105,,,45734,443,0,37,17
1588616957.349568,173.194.188.105,10.10.0.10,,,443,45734,0,1358,17
1588616957.353345,173.194.188.105,10.10.0.10,,,443,45734,0,1358,17
1588616957.356461,10.10.0.10,173.194.188.105,,,45734,443,0,37,17
1588616957.3570821,173.194.188.105,10.10.0.10,,,443,45734,0,29,17
1588616957.3572106,173.194.188.105,10.10.0.10,,,443,45734,0,1358,17
1588616957.3610268,173.194.188.105,10.10.0.10,,,443,45734,0,1358,17
1588616957.364839,173.194.188.105,10.10.0.10,,,443,45734,0,1358,17
1588616957.365403,10.10.0.10,173.194.188.105,,,45734,443,0,37,17
1588616957.368547,173.194.188.105,10.10.0.10,,,443,45734,0,1358,17
1588616957.3701892,10.10.0.10,173.194.188.105,,,45734,443,0,37,17
1588616957.3723538,173.194.188.105,10.10.0.10,,,443,45734,0,1358,17
1588616957.3761635,173.194.188.105,10.10.0.10,,,443,45734,0,1358,17
1588616957.377774,10.10.0.10,173.194.188.105,,,45734,443,0,37,17
1588616957.3799381,173.194.188.105,10.10.0.10,,,443,45734,0,1358,17
1588616957.383713,173.194.188.105,10.10.0.10,,,443,45734,0,1358,17
1588616957.3857148,10.10.0.10,173.194.188.105,,,45734,443,0,37,17
1588616957.3874884,173.194.188.105,10.10.0.10,,,443,45734,0,1358,17
1588616957.391264,173.194.188.105,10.10.0.10,,,443,45734,0,1358,17
1588616957.392926,10.10.0.10,173.194.188.105,,,45734,443,0,37,17
1588616957.3950071,173.194.188.105,10.10.0.10,,,443,45734,0,1358,17
1588616957.398778,173.194.188.105,10.10.0.10,,,443,45734,0,1358,17
1588616957.400609,10.10.0.10,173.194.188.105,,,45734,443,0,37,17
1588616957.4025881,173.194.188.105,10.10.0.10,,,443,45734,0,1358,17
1588616957.4063618,173.194.188.105,10.10.0.10,,,443,45734,0,1358,17
1588616957.407967,10.10.0.10,173.194.188.105,,,45734,443,0,37,17
1588616957.4101381,173.194.188.105,10.10.0.10,,,443,45734,0,1358,17
1588616957.413914,173.194.188.105,10.10.0.10,,,443,45734,0,1358,17
1588616957.415984,10.10.0.10,173.194.188.105,,,45734,443,0,37,17
1588616957.4176881,173.194.188.105,10.10.0.10,,,443,45734,0,1358,17
1588616957.421418,173.194.188.105,10.10.0.10,,,443,45734,0,1358,17
1588616957.423161,10.10.0.10,173.194.188.105,,,45734,443,0,37,17
1588616957.4251642,173.194.188.105,10.10.0.10,,,443,45734,0,1358,17
1588616957.4292269,173.194.188.105,10.10.0.10,,,443,45734,0,1358,17
1588616957.431215,10.10.0.10,173.194.188.105,,,45734,443,0,37,17
1588616957.4332528,173.194.188.105,10.10.0.10,,,443,45734,0,1358,17
1588616957.437294,173.194.188.105,10.10.0.10,,,443,45734,0,1358,17
1588616957.4413464,173.194.188.105,10.10.0.10,,,443,45734,0,1358,17
1588616957.445304,173.194.188.105,10.10.0.10,,,443,45734,0,1358,17
1588616957.449378,173.194.188.105,10.10.0.10,,,443,45734,0,1358,17
1588616957.4534302,173.194.188.105,10.10.0.10,,,443,45734,0,1358,17
1588616957.457457,173.194.188.105,10.10.0.10,,,443,45734,0,1358,17
1588616957.467566,10.10.0.10,173.194.188.105,,,45734,443,0,37,17
1588616957.471478,10.10.0.10,173.194.188.105,,,45734,443,0,37,17
1588616957.472401,10.10.0.10,173.194.188.105,,,45734,443,0,37,17
1588616957.472449,173.194.188.105,10.10.0.10,,,443,45734,0,1358,17
1588616957.4745548,10.10.0.10,173.194.188.105,,,45734,443,0,37,17
1588616957.4753091,173.194.188.105,10.10.0.10,,,443,45734,0,1358,17
1588616957.477162,173.194.188.105,10.10.0.10,,,443,45734,0,1358,17
1588616957.478905,10.10.0.10,173.194.188.105,,,45734,443,0,37,17
1588616957.479984,173.194.188.105,10.10.0.10,,,443,45734,0,1358,17
1588616957.484014,173.194.188.105,10.10.0.10,,,443,45734,0,1358,17
1588616957.485739,10.10.0.10,173.194.188.105,,,45734,443,0,50,17
1588616957.488039,173.194.188.105,10.10.0.10,,,443,45734,0,1358,17
1588616957.492021,173.194.188.105,10.10.0.10,,,443,45734,0,1358,17
1588616957.494193,10.10.0.10,173.194.188.105,,,45734,443,0,37,17
1588616957.4960446,173.194.188.105,10.10.0.10,,,443,45734,0,1358,17
1588616957.5001225,173.194.188.105,10.10.0.10,,,443,45734,0,1358,17
1588616957.5019002,10.10.0.10,173.194.188.105,,,45734,443,0,37,17
1588616957.5041509,173.194.188.105,10.10.0.10,,,443,45734,0,1358,17
1588616957.508179,173.194.188.105,10.10.0.10,,,443,45734,0,1358,17
1588616957.509967,10.10.0.10,173.194.188.105,,,45734,443,0,37,17
1588616957.512197,173.194.188.105,10.10.0.10,,,443,45734,0,1358,17
1588616957.516224,173.194.188.105,10.10.0.10,,,443,45734,0,1358,17
1588616957.517951,10.10.0.10,173.194.188.105,,,45734,443,0,37,17
1588616957.520255,173.194.188.105,10.10.0.10,,,443,45734,0,1358,17
1588616957.5242784,173.194.188.105,10.10.0.10,,,443,45734,0,1358,17
1588616957.5260642,10.10.0.10,173.194.188.105,,,45734,443,0,37,17
1588616957.528307,173.194.188.105,10.10.0.10,,,443,45734,0,1358,17
1588616957.5323381,173.194.188.105,10.10.0.10,,,443,45734,0,1358,17
1588616957.5342329,10.10.0.10,173.194.188.105,,,45734,443,0,37,17
1588616957.536299,173.194.188.105,10.10.0.10,,,443,45734,0,1358,17
1588616957.540388,173.194.188.105,10.10.0.10,,,443,45734,0,1358,17
1588616957.542168,10.10.0.10,173.194.188.105,,,45734,443,0,37,17
1588616957.544416,173.194.188.105,10.10.0.10,,,443,45734,0,1358,17
1588616957.5488794,173.194.188.105,10.10.0.10,,,443,45734,0,1358,17
1588616957.551106,10.10.0.10,173.194.188.105,,,45734,443,0,37,17
1588616957.552923,173.194.188.105,10.10.0.10,,,443,45734,0,1358,17
1588616957.556946,173.194.188.105,10.10.0.10,,,443,45734,0,1358,17
1588616957.560733,10.10.0.10,173.194.188.105,,,45734,443,0,37,17
1588616957.560949,173.194.188.105,10.10.0.10,,,443,45734,0,1358,17
1588616957.5650358,173.194.188.105,10.10.0.10,,,443,45734,0,1358,17
1588616957.5667126,10.10.0.10,173.194.188.105,,,45734,443,0,37,17
1588616957.569024,173.194.188.105,10.10.0.10,,,443,45734,0,1358,17
1588616957.5730908,173.194.188.105,10.10.0.10,,,443,45734,0,1358,17
1588616957.576603,10.10.0.10,173.194.188.105,,,45734,443,0,37,17
1588616957.5770788,173.194.188.105,10.10.0.10,,,443,45734,0,1358,17
1588616957.5810962,173.194.188.105,10.10.0.10,,,443,45734,0,1358,17
1588616957.583007,10.10.0.10,173.194.188.105,,,45734,443,0,37,17
1588616957.585113,173.194.188.105,10.10.0.10,,,443,45734,0,1358,17
1588616957.58914,173.194.188.105,10.10.0.10,,,443,45734,0,1358,17
1588616957.5931554,173.194.188.105,10.10.0.10,,,443,45734,0,1358,17
1588616957.5972419,173.194.188.105,10.10.0.10,,,443,45734,0,1358,17
1588616957.6012678,173.194.188.105,10.10.0.10,,,443,45734,0,1358,17
1588616957.605241,173.194.188.105,10.10.0.10,,,443,45734,0,1358,17
1588616957.6093106,173.194.188.105,10.10.0.10,,,443,45734,0,1358,17
1588616957.6124804,10.10.0.10,173.194.188.105,,,45734,443,0,37,17
1588616957.613294,173.194.188.105,10.10.0.10,,,443,45734,0,1358,17
1588616957.615474,10.10.0.10,173.194.188.105,,,45734,443,0,37,17
1588616957.616057,10.10.0.10,173.194.188.105,,,45734,443,0,37,17
1588616957.617321,173.194.188.105,10.10.0.10,,,443,45734,0,1358,17
1588616957.617502,10.10.0.10,173.194.188.105,,,45734,443,0,37,17
1588616957.6213582,173.194.188.105,10.10.0.10,,,443,45734,0,1358,17
1588616957.623063,10.10.0.10,173.194.188.105,,,45734,443,0,37,17
1588616957.625378,173.194.188.105,10.10.0.10,,,443,45734,0,1358,17
1588616957.6294134,173.194.188.105,10.10.0.10,,,443,45734,0,1358,17
1588616957.6310842,10.10.0.10,173.194.188.105,,,45734,443,0,37,17
1588616957.6334894,173.194.188.105,10.10.0.10,,,443,45734,0,1358,17
1588616957.6374881,173.194.188.105,10.10.0.10,,,443,45734,0,1358,17
1588616957.6392946,10.10.0.10,173.194.188.105,,,45734,443,0,37,17
1588616957.641547,173.194.188.105,10.10.0.10,,,443,45734,0,1358,17
1588616957.6455472,173.194.188.105,10.10.0.10,,,443,45734,0,1358,17
1588616957.647349,10.10.0.10,173.194.188.105,,,45734,443,0,50,17
1588616957.649545,173.194.188.105,10.10.0.10,,,443,45734,0,1358,17
1588616957.653583,173.194.188.105,10.10.0.10,,,443,45734,0,1358,17
1588616957.655794,10.10.0.10,173.194.188.105,,,45734,443,0,37,17
1588616957.657599,173.194.188.105,10.10.0.10,,,443,45734,0,1358,17
1588616957.661666,173.194.188.105,10.10.0.10,,,443,45734,0,1358,17
1588616957.663883,10.10.0.10,173.194.188.105,,,45734,443,0,37,17
1588616957.6656828,173.194.188.105,10.10.0.10,,,443,45734,0,1358,17
1588616957.669714,173.194.188.105,10.10.0.10,,,443,45734,0,1358,17
1588616957.671533,10.10.0.10,173.194.188.105,,,45734,443,0,37,17
1588616957.6737628,173.194.188.105,10.10.0.10,,,443,45734,0,1358,17
1588616957.677797,173.194.188.105,10.10.0.10,,,443,45734,0,1358,17
1588616957.679439,10.10.0.10,173.194.188.105,,,45734,443,0,37,17
1588616957.681833,173.194.188.105,10.10.0.10,,,443,45734,0,1358,17
1588616957.685792,173.194.188.105,10.10.0.10,,,443,45734,0,29,17
1588616957.6859715,173.194.188.105,10.10.0.10,,,443,45734,0,1358,17
1588616957.6874828,10.10.0.10,173.194.188.105,,,45734,443,0,37,17
1588616957.690001,173.194.188.105,10.10.0.10,,,443,45734,0,1358,17
1588616957.694061,173.194.188.105,10.10.0.10,,,443,45734,0,1358,17
1588616957.6962366,10.10.0.10,173.194.188.105,,,45734,443,0,37,17
1588616957.698123,173.194.188.105,10.10.0.10,,,443,45734,0,1358,17
1588616957.7021182,173.194.188.105,10.10.0.10,,,443,45734,0,1358,17
1588616957.70375,10.10.0.10,173.194.188.105,,,45734,443,0,37,17
1588616957.7061722,173.194.188.105,10.10.0.10,,,443,45734,0,1358,17
1588616957.710199,173.194.188.105,10.10.0.10,,,443,45734,0,1358,17
1588616957.7118278,10.10.0.10,173.194.188.105,,,45734,443,0,37,17
1588616957.714226,173.194.188.105,10.10.0.10,,,443,45734,0,1358,17
1588616957.7182634,173.194.188.105,10.10.0.10,,,443,45734,0,1358,17
1588616957.7199252,10.10.0.10,173.194.188.105,,,45734,443,0,37,17
1588616957.7222571,173.194.188.105,10.10.0.10,,,443,45734,0,1358,17
1588616957.7262518,173.194.188.105,10.10.0.10,,,443,45734,0,1358,17
1588616957.7277722,10.10.0.10,173.194.188.105,,,45734,443,0,37,17
1588616957.730275,173.194.188.105,10.10.0.10,,,443,45734,0,1358,17
1588616957.7343512,173.194.188.105,10.10.0.10,,,443,45734,0,1358,17
1588616957.735935,10.10.0.10,173.194.188.105,,,45734,443,0,37,17
1588616957.738367,173.194.188.105,10.10.0.10,,,443,45734,0,1358,17
1588616957.742392,173.194.188.105,10.10.0.10,,,443,45734,0,1358,17
1588616957.7440355,10.10.0.10,173.194.188.105,,,45734,443,0,37,17
1588616957.746423,173.194.188.105,10.10.0.10,,,443,45734,0,1358,17
1588616957.750415,173.194.188.105,10.10.0.10,,,443,45734,0,1358,17
1588616957.7532039,10.10.0.10,173.194.188.105,,,45734,443,0,37,17
1588616957.754479,173.194.188.105,10.10.0.10,,,443,45734,0,1358,17
1588616957.7585068,173.194.188.105,10.10.0.10,,,443,45734,0,1358,17
1588616957.760682,10.10.0.10,173.194.188.105,,,45734,443,0,37,17
1588616957.762566,173.194.188.105,10.10.0.10,,,443,45734,0,1358,17
1588616957.766593,173.194.188.105,10.10.0.10,,,443,45734,0,1358,17
1588616957.7682028,10.10.0.10,173.194.188.105,,,45734,443,0,37,17
1588616957.770621,173.194.188.105,10.10.0.10,,,443,45734,0,1358,17
1588616957.774646,173.194.188.105,10.10.0.10,,,443,45734,0,1358,17
1588616957.776495,10.10.0.10,173.194.188.105,,,45734,443,0,37,17
1588616957.778609,173.194.188.105,10.10.0.10,,,443,45734,0,1358,17
1588616957.7827039,173.194.188.105,10.10.0.10,,,443,45734,0,1358,17
1588616957.7845552,10.10.0.10,173.194.188.105,,,45734,443,0,37,17
1588616957.7867308,173.194.188.105,10.10.0.10,,,443,45734,0,1358,17
1588616957.790758,173.194.188.105,10.10.0.10,,,443,45734,0,1358,17
1588616957.7924302,10.10.0.10,173.194.188.105,,,45734,443,0,37,17
1588616957.794784,173.194.188.105,10.10.0.10,,,443,45734,0,1358,17
1588616957.7987812,173.194.188.105,10.10.0.10,,,443,45734,0,1358,17
1588616957.800391,10.10.0.10,173.194.188.105,,,45734,443,0,37,17
1588616957.802841,173.194.188.105,10.10.0.10,,,443,45734,0,1358,17
1588616957.806869,173.194.188.105,10.10.0.10,,,443,45734,0,1358,17
1588616957.808429,10.10.0.10,173.194.188.105,,,45734,443,0,50,17
1588616957.810894,173.194.188.105,10.10.0.10,,,443,45734,0,1358,17
1588616957.8149226,173.194.188.105,10.10.0.10,,,443,45734,0,1358,17
1588616957.8164678,10.10.0.10,173.194.188.105,,,45734,443,0,37,17
1588616957.818919,173.194.188.105,10.10.0.10,,,443,45734,0,1358,17
1588616957.822977,173.194.188.105,10.10.0.10,,,443,45734,0,1358,17
1588616957.8245351,10.10.0.10,173.194.188.105,,,45734,443,0,37,17
1588616957.8270054,173.194.188.105,10.10.0.10,,,443,45734,0,1358,17
1588616957.831033,173.194.188.105,10.10.0.10,,,443,45734,0,1358,17
1588616957.832807,10.10.0.10,173.194.188.105,,,45734,443,0,37,17
1588616957.8350608,173.194.188.105,10.10.0.10,,,443,45734,0,1358,17
1588616957.839061,173.194.188.105,10.10.0.10,,,443,45734,0,1358,17
1588616957.8407106,10.10.0.10,173.194.188.105,,,45734,443,0,37,17
1588616957.843087,173.194.188.105,10.10.0.10,,,443,45734,0,1358,17
1588616957.8471148,173.194.188.105,10.10.0.10,,,443,45734,0,1358,17
1588616957.8487446,10.10.0.10,173.194.188.105,,,45734,443,0,37,17
1588616957.8511422,173.194.188.105,10.10.0.10,,,443,45734,0,1358,17
1588616957.8551722,173.194.188.105,10.10.0.10,,,443,45734,0,1358,17
1588616957.856806,10.10.0.10,173.194.188.105,,,45734,443,0,37,17
1588616957.859198,173.194.188.105,10.10.0.10,,,443,45734,0,1358,17
1588616957.863224,173.194.188.105,10.10.0.10,,,443,45734,0,1358,17
1588616957.8658738,10.10.0.10,173.194.188.105,,,45734,443,0,37,17
1588616957.867251,173.194.188.105,10.10.0.10,,,443,45734,0,1358,17
1588616957.87125,173.194.188.105,10.10.0.10,,,443,45734,0,1358,17
1588616957.8730989,10.10.0.10,173.194.188.105,,,45734,443,0,37,17
1588616957.8752642,173.194.188.105,10.10.0.10,,,443,45734,0,1358,17
1588616957.879361,173.194.188.105,10.10.0.10,,,443,45734,0,1358,17
1588616957.881907,10.10.0.10,173.194.188.105,,,45734,443,0,37,17
1588616957.8833892,173.194.188.105,10.10.0.10,,,443,45734,0,1358,17
1588616957.887417,173.194.188.105,10.10.0.10,,,443,45734,0,1358,17
1588616957.8890119,10.10.0.10,173.194.188.105,,,45734,443,0,37,17
1588616957.891446,173.194.188.105,10.10.0.10,,,443,45734,0,1358,17
1588616957.89544,173.194.188.105,10.10.0.10,,,443,45734,0,1358,17
1588616957.897203,10.10.0.10,173.194.188.105,,,45734,443,0,37,17
1588616957.899501,173.194.188.105,10.10.0.10,,,443,45734,0,1358,17
1588616957.903526,173.194.188.105,10.10.0.10,,,443,45734,0,1358,17
1588616957.905232,10.10.0.10,173.194.188.105,,,45734,443,0,37,17
1588616957.9075332,173.194.188.105,10.10.0.10,,,443,45734,0,1358,17
1588616957.9115858,173.194.188.105,10.10.0.10,,,443,45734,0,1358,17
1588616957.913768,10.10.0.10,173.194.188.105,,,45734,443,0,37,17
1588616957.9155412,173.194.188.105,10.10.0.10,,,443,45734,0,1358,17
1588616957.9196384,173.194.188.105,10.10.0.10,,,443,45734,0,1358,17
1588616957.9212801,10.10.0.10,173.194.188.105,,,45734,443,0,37,17
1588616957.923665,173.194.188.105,10.10.0.10,,,443,45734,0,1358,17
1588616957.9276922,173.194.188.105,10.10.0.10,,,443,45734,0,1358,17
1588616957.9292376,10.10.0.10,173.194.188.105,,,45734,443,0,37,17
1588616957.9317179,173.194.188.105,10.10.0.10,,,443,45734,0,1358,17
1588616957.935715,173.194.188.105,10.10.0.10,,,443,45734,0,1358,17
1588616957.9371052,10.10.0.10,173.194.188.105,,,45734,443,0,37,17
1588616957.939774,173.194.188.105,10.10.0.10,,,443,45734,0,1358,17
1588616957.9438019,173.194.188.105,10.10.0.10,,,443,45734,0,1358,17
1588616957.945446,10.10.0.10,173.194.188.105,,,45734,443,0,37,17
1588616957.94783,173.194.188.105,10.10.0.10,,,443,45734,0,1358,17
1588616957.9518669,173.194.188.105,10.10.0.10,,,443,45734,0,1358,17
1588616957.953451,10.10.0.10,173.194.188.105,,,45734,443,0,37,17
1588616957.955863,173.194.188.105,10.10.0.10,,,443,45734,0,1358,17
1588616957.9599118,173.194.188.105,10.10.0.10,,,443,45734,0,1358,17
1588616957.961472,10.10.0.10,173.194.188.105,,,45734,443,0,40,17
1588616957.963939,173.194.188.105,10.10.0.10,,,443,45734,0,1358,17
1588616957.967966,173.194.188.105,10.10.0.10,,,443,45734,0,1358,17
1588616957.9719286,173.194.188.105,10.10.0.10,,,443,45734,0,1358,17
1588616957.975989,173.194.188.105,10.10.0.10,,,443,45734,0,1358,17
1588616957.9800498,173.194.188.105,10.10.0.10,,,443,45734,0,1358,17
1588616957.984045,173.194.188.105,10.10.0.10,,,443,45734,0,1358,17
1588616957.9881039,173.194.188.105,10.10.0.10,,,443,45734,0,1358,17
1588616957.992135,173.194.188.105,10.10.0.10,,,443,45734,0,1358,17
1588616957.996162,173.194.188.105,10.10.0.10,,,443,45734,0,1358,17
1588616958.00019,173.194.188.105,10.10.0.10,,,443,45734,0,1358,17
1588616958.004176,173.194.188.105,10.10.0.10,,,443,45734,0,1358,17
1588616958.008242,173.194.188.105,10.10.0.10,,,443,45734,0,1358,17
1588616958.0571165,173.194.188.105,10.10.0.10,,,443,45734,0,1358,17
1588616958.123788,10.10.0.10,173.194.188.105,,,45734,443,0,50,17
1588616958.1254275,10.10.0.10,173.194.188.105,,,45734,443,0,37,17
1588616958.126545,10.10.0.10,173.194.188.105,,,45734,443,0,37,17
1588616958.127671,10.10.0.10,173.194.188.105,,,45734,443,0,37,17
1588616958.129646,10.10.0.10,173.194.188.105,,,45734,443,0,37,17
1588616958.1300578,173.194.188.105,10.10.0.10,,,443,45734,0,1358,17
1588616958.130874,173.194.188.105,10.10.0.10,,,443,45734,0,1358,17
1588616958.133559,173.194.188.105,10.10.0.10,,,443,45734,0,1358,17
1588616958.142675,173.194.188.105,10.10.0.10,,,443,45734,0,1358,17
1588616958.14272,173.194.188.105,10.10.0.10,,,443,45734,0,1358,17
1588616958.1512446,173.194.188.105,10.10.0.10,,,443,45734,0,1358,17
1588616958.1512911,173.194.188.105,10.10.0.10,,,443,45734,0,1358,17
1588616958.160059,173.194.188.105,10.10.0.10,,,443,45734,0,1358,17
1588616958.2232704,10.10.0.10,173.194.188.105,,,45734,443,0,37,17
1588616958.2233171,10.10.0.10,173.194.188.105,,,45734,443,0,37,17
1588616958.2270842,10.10.0.10,173.194.188.105,,,45734,443,0,37,17
1588616958.227834,173.194.188.105,10.10.0.10,,,443,45734,0,1358,17
1588616958.2278821,173.194.188.105,10.10.0.10,,,443,45734,0,1358,17
1588616958.2291179,10.10.0.10,173.194.188.105,,,45734,443,0,37,17
1588616958.2297974,10.10.0.10,173.194.188.105,,,45734,443,0,37,17
1588616958.232206,10.10.0.10,173.194.188.105,,,45734,443,0,37,17
1588616958.233422,10.10.0.10,173.194.188.105,,,45734,443,0,37,17
1588616958.2368922,173.194.188.105,10.10.0.10,,,443,45734,0,1358,17
1588616958.236938,173.194.188.105,10.10.0.10,,,443,45734,0,1358,17
1588616958.2389839,10.10.0.10,173.194.188.105,,,45734,443,0,37,17
1588616958.2438052,173.194.188.105,10.10.0.10,,,443,45734,0,1358,17
1588616958.244385,173.194.188.105,10.10.0.10,,,443,45734,0,1358,17
1588616958.2458134,10.10.0.10,173.194.188.105,,,45734,443,0,37,17
1588616958.2484498,173.194.188.105,10.10.0.10,,,443,45734,0,1358,17
1588616958.25248,173.194.188.105,10.10.0.10,,,443,45734,0,1358,17
1588616958.2564619,173.194.188.105,10.10.0.10,,,443,45734,0,1358,17
1588616958.2605321,173.194.188.105,10.10.0.10,,,443,45734,0,1358,17
1588616958.264562,173.194.188.105,10.10.0.10,,,443,45734,0,1358,17
1588616958.268591,173.194.188.105,10.10.0.10,,,443,45734,0,1358,17
1588616958.272616,173.194.188.105,10.10.0.10,,,443,45734,0,1358,17
1588616958.2766418,173.194.188.105,10.10.0.10,,,443,45734,0,1358,17
1588616958.280672,173.194.188.105,10.10.0.10,,,443,45734,0,1358,17
1588616958.284698,173.194.188.105,10.10.0.10,,,443,45734,0,1358,17
1588616958.288727,173.194.188.105,10.10.0.10,,,443,45734,0,1358,17
1588616958.292753,173.194.188.105,10.10.0.10,,,443,45734,0,1358,17
1588616958.296779,173.194.188.105,10.10.0.10,,,443,45734,0,1358,17
1588616958.300809,173.194.188.105,10.10.0.10,,,443,45734,0,1358,17
1588616958.3048358,173.194.188.105,10.10.0.10,,,443,45734,0,1358,17
1588616958.308864,173.194.188.105,10.10.0.10,,,443,45734,0,1358,17
1588616958.3128898,173.194.188.105,10.10.0.10,,,443,45734,0,1358,17
1588616958.3429961,10.10.0.10,173.194.188.105,,,45734,443,0,37,17
1588616958.3456259,10.10.0.10,173.194.188.105,,,45734,443,0,37,17
1588616958.3478842,173.194.188.105,10.10.0.10,,,443,45734,0,1358,17
1588616958.350214,10.10.0.10,173.194.188.105,,,45734,443,0,37,17
1588616958.3507962,10.10.0.10,173.194.188.105,,,45734,443,0,37,17
1588616958.3508108,173.194.188.105,10.10.0.10,,,443,45734,0,1358,17
1588616958.351346,173.194.188.105,10.10.0.10,,,443,45734,0,1358,17
1588616958.3531182,10.10.0.10,173.194.188.105,,,45734,443,0,37,17
1588616958.354566,10.10.0.10,173.194.188.105,,,45734,443,0,37,17
1588616958.3551009,10.10.0.10,173.194.188.105,,,45734,443,0,50,17
1588616958.355286,10.10.0.10,173.194.188.105,,,45734,443,0,37,17
1588616958.3558302,10.10.0.10,173.194.188.105,,,45734,443,0,37,17
1588616958.3561082,10.10.0.10,173.194.188.105,,,45734,443,0,37,17
1588616958.3580284,173.194.188.105,10.10.0.10,,,443,45734,0,1358,17
1588616958.3594382,173.194.188.105,10.10.0.10,,,443,45734,0,1358,17
1588616958.359869,10.10.0.10,173.194.188.105,,,45734,443,0,37,17
1588616958.363471,173.194.188.105,10.10.0.10,,,443,45734,0,29,17
1588616958.3644972,173.194.188.105,10.10.0.10,,,443,45734,0,1358,17
1588616958.3676786,173.194.188.105,10.10.0.10,,,443,45734,0,1358,17
1588616958.367712,10.10.0.10,173.194.188.105,,,45734,443,0,37,17
1588616958.371714,173.194.188.105,10.10.0.10,,,443,45734,0,1358,17
1588616958.3757381,173.194.188.105,10.10.0.10,,,443,45734,0,1358,17
1588616958.3797722,173.194.188.105,10.10.0.10,,,443,45734,0,1358,17
1588616958.3837955,173.194.188.105,10.10.0.10,,,443,45734,0,1358,17
1588616958.387827,173.194.188.105,10.10.0.10,,,443,45734,0,1358,17
1588616958.3918538,173.194.188.105,10.10.0.10,,,443,45734,0,1358,17
1588616958.3958821,173.194.188.105,10.10.0.10,,,443,45734,0,1358,17
1588616958.399832,173.194.188.105,10.10.0.10,,,443,45734,0,1358,17
1588616958.4039366,173.194.188.105,10.10.0.10,,,443,45734,0,1358,17
1588616958.407938,173.194.188.105,10.10.0.10,,,443,45734,0,1358,17
1588616958.4119182,173.194.188.105,10.10.0.10,,,443,45734,0,1358,17
1588616958.416019,173.194.188.105,10.10.0.10,,,443,45734,0,1358,17
1588616958.420047,173.194.188.105,10.10.0.10,,,443,45734,0,1358,17
1588616958.424071,173.194.188.105,10.10.0.10,,,443,45734,0,1358,17
1588616958.428098,173.194.188.105,10.10.0.10,,,443,45734,0,1358,17
1588616958.432129,173.194.188.105,10.10.0.10,,,443,45734,0,1358,17
1588616958.4361565,173.194.188.105,10.10.0.10,,,443,45734,0,1358,17
1588616958.440181,173.194.188.105,10.10.0.10,,,443,45734,0,1358,17
1588616958.444205,173.194.188.105,10.10.0.10,,,443,45734,0,1358,17
1588616958.46339,10.10.0.10,173.194.188.105,,,45734,443,0,37,17
1588616958.4646275,10.10.0.10,173.194.188.105,,,45734,443,0,37,17
1588616958.466534,10.10.0.10,173.194.188.105,,,45734,443,0,37,17
1588616958.4673462,173.194.188.105,10.10.0.10,,,443,45734,0,1358,17
1588616958.468993,173.194.188.105,10.10.0.10,,,443,45734,0,1358,17
1588616958.4692,10.10.0.10,173.194.188.105,,,45734,443,0,37,17
1588616958.469239,10.10.0.10,173.194.188.105,,,45734,443,0,37,17
1588616958.470835,173.194.188.105,10.10.0.10,,,443,45734,0,1358,17
1588616958.47268,10.10.0.10,173.194.188.105,,,45734,443,0,37,17
1588616958.472733,10.10.0.10,173.194.188.105,,,45734,443,0,37,17
1588616958.474174,10.10.0.10,173.194.188.105,,,45734,443,0,37,17
1588616958.4761992,10.10.0.10,173.194.188.105,,,45734,443,0,37,17
1588616958.476626,173.194.188.105,10.10.0.10,,,443,45734,0,1358,17
1588616958.4788835,173.194.188.105,10.10.0.10,,,443,45734,0,1358,17
1588616958.4831078,173.194.188.105,10.10.0.10,,,443,45734,0,1358,17
1588616958.48403,10.10.0.10,173.194.188.105,,,45734,443,0,37,17
1588616958.484084,10.10.0.10,173.194.188.105,,,45734,443,0,37,17
1588616958.4859078,10.10.0.10,173.194.188.105,,,45734,443,0,37,17
1588616958.486666,10.10.0.10,173.194.188.105,,,45734,443,0,37,17
1588616958.4868898,173.194.188.105,10.10.0.10,,,443,45734,0,1358,17
1588616958.488468,10.10.0.10,173.194.188.105,,,45734,443,0,37,17
1588616958.490992,173.194.188.105,10.10.0.10,,,443,45734,0,1358,17
1588616958.495023,173.194.188.105,10.10.0.10,,,443,45734,0,1358,17
1588616958.49905,173.194.188.105,10.10.0.10,,,443,45734,0,1358,17
1588616958.503078,173.194.188.105,10.10.0.10,,,443,45734,0,1358,17
1588616958.507032,173.194.188.105,10.10.0.10,,,443,45734,0,1358,17
1588616958.511056,173.194.188.105,10.10.0.10,,,443,45734,0,1358,17
1588616958.5150845,173.194.188.105,10.10.0.10,,,443,45734,0,1358,17
1588616958.5191002,173.194.188.105,10.10.0.10,,,443,45734,0,1358,17
1588616958.523185,173.194.188.105,10.10.0.10,,,443,45734,0,1358,17
1588616958.527214,173.194.188.105,10.10.0.10,,,443,45734,0,1358,17
1588616958.5312462,173.194.188.105,10.10.0.10,,,443,45734,0,1358,17
1588616958.5352142,173.194.188.105,10.10.0.10,,,443,45734,0,1358,17
1588616958.5392392,173.194.188.105,10.10.0.10,,,443,45734,0,1358,17
1588616958.543326,173.194.188.105,10.10.0.10,,,443,45734,0,1358,17
1588616958.547353,173.194.188.105,10.10.0.10,,,443,45734,0,1358,17
1588616958.551354,173.194.188.105,10.10.0.10,,,443,45734,0,1358,17
1588616958.5553572,173.194.188.105,10.10.0.10,,,443,45734,0,1358,17
1588616958.5594418,173.194.188.105,10.10.0.10,,,443,45734,0,1358,17
1588616958.5634696,173.194.188.105,10.10.0.10,,,443,45734,0,1358,17
1588616958.5674374,173.194.188.105,10.10.0.10,,,443,45734,0,1358,17
1588616958.571526,173.194.188.105,10.10.0.10,,,443,45734,0,1358,17
1588616958.575524,173.194.188.105,10.10.0.10,,,443,45734,0,1358,17
1588616958.579518,173.194.188.105,10.10.0.10,,,443,45734,0,1358,17
1588616958.5864658,10.10.0.10,173.194.188.105,,,45734,443,0,50,17
1588616958.587487,10.10.0.10,173.194.188.105,,,45734,443,0,37,17
1588616958.588526,10.10.0.10,173.194.188.105,,,45734,443,0,37,17
1588616958.589145,10.10.0.10,173.194.188.105,,,45734,443,0,37,17
1588616958.5901198,10.10.0.10,173.194.188.105,,,45734,443,0,37,17
1588616958.59052,173.194.188.105,10.10.0.10,,,443,45734,0,1358,17
1588616958.5905552,173.194.188.105,10.10.0.10,,,443,45734,0,1358,17
1588616958.590681,10.10.0.10,173.194.188.105,,,45734,443,0,37,17
1588616958.592275,10.10.0.10,173.194.188.105,,,45734,443,0,37,17
1588616958.593677,10.10.0.10,173.194.188.105,,,45734,443,0,37,17
1588616958.594198,10.10.0.10,173.194.188.105,,,45734,443,0,37,17
1588616958.5956292,10.10.0.10,173.194.188.105,,,45734,443,0,37,17
1588616958.5957491,10.10.0.10,173.194.188.105,,,45734,443,0,37,17
1588616958.596441,173.194.188.105,10.10.0.10,,,443,45734,0,1358,17
1588616958.596882,10.10.0.10,173.194.188.105,,,45734,443,0,37,17
1588616958.5979252,10.10.0.10,173.194.188.105,,,45734,443,0,37,17
1588616958.598021,173.194.188.105,10.10.0.10,,,443,45734,0,1358,17
1588616958.603051,173.194.188.105,10.10.0.10,,,443,45734,0,1358,17
1588616958.604611,10.10.0.10,173.194.188.105,,,45734,443,0,37,17
1588616958.606071,173.194.188.105,10.10.0.10,,,443,45734,0,1358,17
1588616958.610126,173.194.188.105,10.10.0.10,,,443,45734,0,1358,17
1588616958.6140919,173.194.188.105,10.10.0.10,,,443,45734,0,1358,17
1588616958.618119,173.194.188.105,10.10.0.10,,,443,45734,0,1358,17
1588616958.6221464,173.194.188.105,10.10.0.10,,,443,45734,0,1358,17
1588616958.626207,173.194.188.105,10.10.0.10,,,443,45734,0,1358,17
1588616958.6302538,173.194.188.105,10.10.0.10,,,443,45734,0,1358,17
1588616958.6342828,173.194.188.105,10.10.0.10,,,443,45734,0,1358,17
1588616958.6382532,173.194.188.105,10.10.0.10,,,443,45734,0,1358,17
1588616958.642313,173.194.188.105,10.10.0.10,,,443,45734,0,1358,17
1588616958.64637,173.194.188.105,10.10.0.10,,,443,45734,0,1358,17
1588616958.650336,173.194.188.105,10.10.0.10,,,443,45734,0,1358,17
1588616958.654383,173.194.188.105,10.10.0.10,,,443,45734,0,1358,17
1588616958.658392,173.194.188.105,10.10.0.10,,,443,45734,0,1358,17
1588616958.6624498,173.194.188.105,10.10.0.10,,,443,45734,0,1358,17
1588616958.666502,173.194.188.105,10.10.0.10,,,443,45734,0,1358,17
1588616958.6704712,173.194.188.105,10.10.0.10,,,443,45734,0,1358,17
1588616958.6745565,173.194.188.105,10.10.0.10,,,443,45734,0,1358,17
1588616958.678535,173.194.188.105,10.10.0.10,,,443,45734,0,1358,17
1588616958.6825938,173.194.188.105,10.10.0.10,,,443,45734,0,1358,17
1588616958.686643,173.194.188.105,10.10.0.10,,,443,45734,0,1358,17
1588616958.6906722,173.194.188.105,10.10.0.10,,,443,45734,0,1358,17
1588616958.6947002,173.194.188.105,10.10.0.10,,,443,45734,0,1358,17
1588616958.698679,173.194.188.105,10.10.0.10,,,443,45734,0,1358,17
1588616958.7015102,10.10.0.10,173.194.188.105,,,45734,443,0,37,17
1588616958.702755,173.194.188.105,10.10.0.10,,,443,45734,0,1358,17
1588616958.706568,10.10.0.10,173.194.188.105,,,45734,443,0,37,17
1588616958.706722,173.194.188.105,10.10.0.10,,,443,45734,0,1358,17
1588616958.707247,10.10.0.10,173.194.188.105,,,45734,443,0,40,17
1588616958.707292,10.10.0.10,173.194.188.105,,,45734,443,0,37,17
1588616958.7087288,10.10.0.10,173.194.188.105,,,45734,443,0,37,17
1588616958.709787,10.10.0.10,173.194.188.105,,,45734,443,0,37,17
1588616958.710449,10.10.0.10,173.194.188.105,,,45734,443,0,50,17
1588616958.710784,173.194.188.105,10.10.0.10,,,443,45734,0,1358,17
1588616958.711863,10.10.0.10,173.194.188.105,,,45734,443,0,37,17
1588616958.712416,10.10.0.10,173.194.188.105,,,45734,443,0,37,17
1588616958.713942,10.10.0.10,173.194.188.105,,,45734,443,0,37,17
1588616958.7145402,10.10.0.10,173.194.188.105,,,45734,443,0,37,17
1588616958.714777,173.194.188.105,10.10.0.10,,,443,45734,0,1358,17
1588616958.718837,173.194.188.105,10.10.0.10,,,443,45734,0,1358,17
1588616958.722892,173.194.188.105,10.10.0.10,,,443,45734,0,1358,17
1588616958.726919,173.194.188.105,10.10.0.10,,,443,45734,0,1358,17
1588616958.7309306,173.194.188.105,10.10.0.10,,,443,45734,0,1358,17
1588616958.734974,173.194.188.105,10.10.0.10,,,443,45734,0,1358,17
1588616958.7389731,173.194.188.105,10.10.0.10,,,443,45734,0,1358,17
1588616958.74303,173.194.188.105,10.10.0.10,,,443,45734,0,1358,17
1588616958.747058,173.194.188.105,10.10.0.10,,,443,45734,0,1358,17
1588616958.751084,173.194.188.105,10.10.0.10,,,443,45734,0,1358,17
1588616958.755112,173.194.188.105,10.10.0.10,,,443,45734,0,1358,17
1588616958.7591162,173.194.188.105,10.10.0.10,,,443,45734,0,1358,17
1588616958.7631671,173.194.188.105,10.10.0.10,,,443,45734,0,1358,17
1588616958.767195,173.194.188.105,10.10.0.10,,,443,45734,0,1358,17
1588616958.771223,173.194.188.105,10.10.0.10,,,443,45734,0,1358,17
1588616958.775195,173.194.188.105,10.10.0.10,,,443,45734,0,1358,17
1588616958.779249,173.194.188.105,10.10.0.10,,,443,45734,0,1358,17
1588616958.783303,173.194.188.105,10.10.0.10,,,443,45734,0,1358,17
1588616958.7873304,173.194.188.105,10.10.0.10,,,443,45734,0,1358,17
1588616958.8300982,10.10.0.10,173.194.188.105,,,45734,443,0,37,17
1588616958.8301306,10.10.0.10,173.194.188.105,,,45734,443,0,37,17
1588616958.83383,10.10.0.10,173.194.188.105,,,45734,443,0,37,17
1588616958.83506,173.194.188.105,10.10.0.10,,,443,45734,0,1358,17
1588616958.8350868,173.194.188.105,10.10.0.10,,,443,45734,0,1358,17
1588616958.8368099,10.10.0.10,173.194.188.105,,,45734,443,0,37,17
1588616958.837858,10.10.0.10,173.194.188.105,,,45734,443,0,37,17
1588616958.838813,10.10.0.10,173.194.188.105,,,45734,443,0,37,17
1588616958.839818,10.10.0.10,173.194.188.105,,,45734,443,0,37,17
1588616958.840501,10.10.0.10,173.194.188.105,,,45734,443,0,37,17
1588616958.842248,173.194.188.105,10.10.0.10,,,443,45734,0,1358,17
1588616958.84253,173.194.188.105,10.10.0.10,,,443,45734,0,1358,17
1588616958.844263,10.10.0.10,173.194.188.105,,,45734,443,0,37,17
1588616958.844285,10.10.0.10,173.194.188.105,,,45734,443,0,37,17
1588616958.845294,10.10.0.10,173.194.188.105,,,45734,443,0,37,17
1588616958.846994,173.194.188.105,10.10.0.10,,,443,45734,0,1358,17
1588616958.8491938,10.10.0.10,173.194.188.105,,,45734,443,0,37,17
1588616958.849242,10.10.0.10,173.194.188.105,,,45734,443,0,37,17
1588616958.8492534,10.10.0.10,173.194.188.105,,,45734,443,0,37,17
1588616958.85064,173.194.188.105,10.10.0.10,,,443,45734,0,1358,17
1588616958.8546689,173.194.188.105,10.10.0.10,,,443,45734,0,1358,17
1588616958.8586311,173.194.188.105,10.10.0.10,,,443,45734,0,1358,17
1588616958.8627238,173.194.188.105,10.10.0.10,,,443,45734,0,1358,17
1588616958.8667526,173.194.188.105,10.10.0.10,,,443,45734,0,1358,17
1588616958.87076,173.194.188.105,10.10.0.10,,,443,45734,0,1358,17
1588616958.874811,173.194.188.105,10.10.0.10,,,443,45734,0,1358,17
1588616958.8788052,173.194.188.105,10.10.0.10,,,443,45734,0,1358,17
1588616958.882858,173.194.188.105,10.10.0.10,,,443,45734,0,1358,17
1588616958.886894,173.194.188.105,10.10.0.10,,,443,45734,0,1358,17
1588616958.890918,173.194.188.105,10.10.0.10,,,443,45734,0,1358,17
1588616958.894945,173.194.188.105,10.10.0.10,,,443,45734,0,1358,17
1588616958.898942,173.194.188.105,10.10.0.10,,,443,45734,0,1358,17
1588616958.903,173.194.188.105,10.10.0.10,,,443,45734,0,1358,17
1588616958.906962,173.194.188.105,10.10.0.10,,,443,45734,0,1358,17
1588616958.911056,173.194.188.105,10.10.0.10,,,443,45734,0,1358,17
1588616958.915083,173.194.188.105,10.10.0.10,,,443,45734,0,1358,17
1588616958.9191148,173.194.188.105,10.10.0.10,,,443,45734,0,1358,17
1588616958.9231422,173.194.188.105,10.10.0.10,,,443,45734,0,1358,17
1588616958.927166,173.194.188.105,10.10.0.10,,,443,45734,0,1358,17
1588616958.9311962,173.194.188.105,10.10.0.10,,,443,45734,0,1358,17
1588616958.935223,173.194.188.105,10.10.0.10,,,443,45734,0,1358,17
1588616958.943134,10.10.0.10,173.194.188.105,,,45734,443,0,37,17
1588616958.943178,10.10.0.10,173.194.188.105,,,45734,443,0,50,17
1588616958.943308,10.10.0.10,173.194.188.105,,,45734,443,0,37,17
1588616958.945601,10.10.0.10,173.194.188.105,,,45734,443,0,37,17
1588616958.947185,173.194.188.105,10.10.0.10,,,443,45734,0,1358,17
1588616958.9472284,173.194.188.105,10.10.0.10,,,443,45734,0,1358,17
1588616958.948182,10.10.0.10,173.194.188.105,,,45734,443,0,37,17
1588616958.949683,10.10.0.10,173.194.188.105,,,45734,443,0,37,17
1588616958.95176,10.10.0.10,173.194.188.105,,,45734,443,0,37,17
1588616958.9531572,173.194.188.105,10.10.0.10,,,443,45734,0,1358,17
1588616958.954625,10.10.0.10,173.194.188.105,,,45734,443,0,37,17
1588616958.9546692,10.10.0.10,173.194.188.105,,,45734,443,0,37,17
1588616958.9546692,173.194.188.105,10.10.0.10,,,443,45734,0,1358,17
1588616958.955197,10.10.0.10,173.194.188.105,,,45734,443,0,37,17
1588616958.956746,10.10.0.10,173.194.188.105,,,45734,443,0,37,17
1588616958.957362,10.10.0.10,173.194.188.105,,,45734,443,0,37,17
1588616958.9591188,173.194.188.105,10.10.0.10,,,443,45734,0,1358,17
1588616958.959166,10.10.0.10,173.194.188.105,,,45734,443,0,37,17
1588616958.9599972,10.10.0.10,173.194.188.105,,,45734,443,0,37,17
1588616958.9614108,10.10.0.10,173.194.188.105,,,45734,443,0,37,17
1588616958.962111,10.10.0.10,173.194.188.105,,,45734,443,0,37,17
1588616958.9627411,173.194.188.105,10.10.0.10,,,443,45734,0,1358,17
1588616958.964303,10.10.0.10,173.194.188.105,,,45734,443,0,37,17
1588616958.9667964,173.194.188.105,10.10.0.10,,,443,45734,0,1358,17
1588616958.9708214,173.194.188.105,10.10.0.10,,,443,45734,0,1358,17
1588616958.974854,173.194.188.105,10.10.0.10,,,443,45734,0,1358,17
1588616958.978878,173.194.188.105,10.10.0.10,,,443,45734,0,1358,17
1588616958.982904,173.194.188.105,10.10.0.10,,,443,45734,0,1358,17
1588616958.9869359,173.194.188.105,10.10.0.10,,,443,45734,0,1358,17
1588616958.990963,173.194.188.105,10.10.0.10,,,443,45734,0,1358,17
1588616958.9949868,173.194.188.105,10.10.0.10,,,443,45734,0,1358,17
1588616958.998975,173.194.188.105,10.10.0.10,,,443,45734,0,1358,17
1588616959.003042,173.194.188.105,10.10.0.10,,,443,45734,0,1358,17
1588616959.0070698,173.194.188.105,10.10.0.10,,,443,45734,0,1358,17
1588616959.0110989,173.194.188.105,10.10.0.10,,,443,45734,0,1358,17
1588616959.015137,173.194.188.105,10.10.0.10,,,443,45734,0,1358,17
1588616959.01913,173.194.188.105,10.10.0.10,,,443,45734,0,1358,17
1588616959.0231822,173.194.188.105,10.10.0.10,,,443,45734,0,1358,17
1588616959.027208,173.194.188.105,10.10.0.10,,,443,45734,0,1358,17
1588616959.0312188,173.194.188.105,10.10.0.10,,,443,45734,0,1358,17
1588616959.035208,173.194.188.105,10.10.0.10,,,443,45734,0,1358,17
1588616959.039257,173.194.188.105,10.10.0.10,,,443,45734,0,1358,17
1588616959.043317,173.194.188.105,10.10.0.10,,,443,45734,0,1358,17
1588616959.04732,173.194.188.105,10.10.0.10,,,443,45734,0,1358,17
1588616959.0513742,173.194.188.105,10.10.0.10,,,443,45734,0,1358,17
1588616959.055368,173.194.188.105,10.10.0.10,,,443,45734,0,1358,17
1588616959.0594258,173.194.188.105,10.10.0.10,,,443,45734,0,1358,17
1588616959.062927,10.10.0.10,173.194.188.105,,,45734,443,0,37,17
1588616959.063425,173.194.188.105,10.10.0.10,,,443,45734,0,1358,17
1588616959.0674288,173.194.188.105,10.10.0.10,,,443,45734,0,1358,17
1588616959.07151,173.194.188.105,10.10.0.10,,,443,45734,0,1358,17
1588616959.07172,10.10.0.10,173.194.188.105,,,45734,443,0,37,17
1588616959.0717638,10.10.0.10,173.194.188.105,,,45734,443,0,37,17
1588616959.0718482,10.10.0.10,173.194.188.105,,,45734,443,0,37,17
1588616959.0721474,10.10.0.10,173.194.188.105,,,45734,443,0,50,17
1588616959.0736668,10.10.0.10,173.194.188.105,,,45734,443,0,37,17
1588616959.07371,10.10.0.10,173.194.188.105,,,45734,443,0,37,17
1588616959.073736,10.10.0.10,173.194.188.105,,,45734,443,0,37,17
1588616959.074392,10.10.0.10,173.194.188.105,,,45734,443,0,37,17
1588616959.075536,173.194.188.105,10.10.0.10,,,443,45734,0,1358,17
1588616959.075742,10.10.0.10,173.194.188.105,,,45734,443,0,37,17
1588616959.075906,10.10.0.10,173.194.188.105,,,45734,443,0,37,17
1588616959.078866,10.10.0.10,173.194.188.105,,,45734,443,0,37,17
1588616959.0789099,10.10.0.10,173.194.188.105,,,45734,443,0,37,17
1588616959.0795412,173.194.188.105,10.10.0.10,,,443,45734,0,1358,17
1588616959.080674,10.10.0.10,173.194.188.105,,,45734,443,0,37,17
1588616959.0830624,10.10.0.10,173.194.188.105,,,45734,443,0,37,17
1588616959.083559,173.194.188.105,10.10.0.10,,,443,45734,0,1358,17
1588616959.0875962,173.194.188.105,10.10.0.10,,,443,45734,0,1358,17
1588616959.089475,10.10.0.10,173.194.188.105,,,45734,443,0,37,17
1588616959.0916526,173.194.188.105,10.10.0.10,,,443,45734,0,1358,17
1588616959.0959358,173.194.188.105,10.10.0.10,,,443,45734,0,1358,17
1588616959.0975342,10.10.0.10,173.194.188.105,,,45734,443,0,37,17
1588616959.100009,173.194.188.105,10.10.0.10,,,443,45734,0,1358,17
1588616959.104038,173.194.188.105,10.10.0.10,,,443,45734,0,1358,17
1588616959.1056411,10.10.0.10,173.194.188.105,,,45734,443,0,37,17
1588616959.1080608,173.194.188.105,10.10.0.10,,,443,45734,0,1358,17
1588616959.1120892,173.194.188.105,10.10.0.10,,,443,45734,0,1358,17
1588616959.1137052,10.10.0.10,173.194.188.105,,,45734,443,0,37,17
1588616959.1161158,173.194.188.105,10.10.0.10,,,443,45734,0,1358,17
1588616959.120144,173.194.188.105,10.10.0.10,,,443,45734,0,1358,17
1588616959.1216989,10.10.0.10,173.194.188.105,,,45734,443,0,37,17
1588616959.1241698,173.194.188.105,10.10.0.10,,,443,45734,0,1358,17
1588616959.128207,173.194.188.105,10.10.0.10,,,443,45734,0,1358,17
1588616959.129934,10.10.0.10,173.194.188.105,,,45734,443,0,37,17
1588616959.13219,173.194.188.105,10.10.0.10,,,443,45734,0,1358,17
1588616959.1362536,173.194.188.105,10.10.0.10,,,443,45734,0,1358,17
1588616959.138227,10.10.0.10,173.194.188.105,,,45734,443,0,37,17
1588616959.140282,173.194.188.105,10.10.0.10,,,443,45734,0,1358,17
1588616959.144309,173.194.188.105,10.10.0.10,,,443,45734,0,1358,17
1588616959.145935,10.10.0.10,173.194.188.105,,,45734,443,0,37,17
1588616959.148336,173.194.188.105,10.10.0.10,,,443,45734,0,1358,17
1588616959.1523259,173.194.188.105,10.10.0.10,,,443,45734,0,1358,17
1588616959.154473,10.10.0.10,173.194.188.105,,,45734,443,0,37,17
1588616959.1563902,173.194.188.105,10.10.0.10,,,443,45734,0,1358,17
1588616959.160419,173.194.188.105,10.10.0.10,,,443,45734,0,1358,17
1588616959.162009,10.10.0.10,173.194.188.105,,,45734,443,0,50,17
1588616959.164446,173.194.188.105,10.10.0.10,,,443,45734,0,1358,17
1588616959.16849,173.194.188.105,10.10.0.10,,,443,45734,0,1358,17
1588616959.1717432,10.10.0.10,173.194.188.105,,,45734,443,0,37,17
1588616959.1724498,173.194.188.105,10.10.0.10,,,443,45734,0,1358,17
1588616959.1765301,173.194.188.105,10.10.0.10,,,443,45734,0,1358,17
1588616959.178584,10.10.0.10,173.194.188.105,,,45734,443,0,37,17
1588616959.180557,173.194.188.105,10.10.0.10,,,443,45734,0,1358,17
1588616959.184583,173.194.188.105,10.10.0.10,,,443,45734,0,1358,17
1588616959.187144,10.10.0.10,173.194.188.105,,,45734,443,0,37,17
1588616959.18855,173.194.188.105,10.10.0.10,,,443,45734,0,1358,17
1588616959.1926384,173.194.188.105,10.10.0.10,,,443,45734,0,1358,17
1588616959.1941528,10.10.0.10,173.194.188.105,,,45734,443,0,37,17
1588616959.196665,173.194.188.105,10.10.0.10,,,443,45734,0,1358,17
1588616959.200623,173.194.188.105,10.10.0.10,,,443,45734,0,1358,17
1588616959.202327,10.10.0.10,173.194.188.105,,,45734,443,0,37,17
1588616959.2047212,173.194.188.105,10.10.0.10,,,443,45734,0,1358,17
1588616959.208678,173.194.188.105,10.10.0.10,,,443,45734,0,1358,17
1588616959.2104561,10.10.0.10,173.194.188.105,,,45734,443,0,37,17
1588616959.212776,173.194.188.105,10.10.0.10,,,443,45734,0,29,17
1588616959.2128801,173.194.188.105,10.10.0.10,,,443,45734,0,1358,17
1588616959.216985,173.194.188.105,10.10.0.10,,,443,45734,0,1358,17
1588616959.218658,10.10.0.10,173.194.188.105,,,45734,443,0,37,17
1588616959.221013,173.194.188.105,10.10.0.10,,,443,45734,0,1358,17
1588616959.225041,173.194.188.105,10.10.0.10,,,443,45734,0,1358,17
1588616959.227332,10.10.0.10,173.194.188.105,,,45734,443,0,37,17
1588616959.229033,173.194.188.105,10.10.0.10,,,443,45734,0,1358,17
1588616959.2331052,173.194.188.105,10.10.0.10,,,443,45734,0,1358,17
1588616959.234767,10.10.0.10,173.194.188.105,,,45734,443,0,37,17
1588616959.2371235,173.194.188.105,10.10.0.10,,,443,45734,0,1358,17
1588616959.24115,173.194.188.105,10.10.0.10,,,443,45734,0,1358,17
1588616959.242745,10.10.0.10,173.194.188.105,,,45734,443,0,37,17
1588616959.2451859,173.194.188.105,10.10.0.10,,,443,45734,0,1358,17
1588616959.249182,173.194.188.105,10.10.0.10,,,443,45734,0,1358,17
1588616959.252007,10.10.0.10,173.194.188.105,,,45734,443,0,37,17
1588616959.253232,173.194.188.105,10.10.0.10,,,443,45734,0,1358,17
1588616959.2572598,173.194.188.105,10.10.0.10,,,443,45734,0,1358,17
1588616959.259017,10.10.0.10,173.194.188.105,,,45734,443,0,37,17
1588616959.261287,173.194.188.105,10.10.0.10,,,443,45734,0,1358,17
1588616959.2652452,173.194.188.105,10.10.0.10,,,443,45734,0,1358,17
1588616959.2669318,10.10.0.10,173.194.188.105,,,45734,443,0,37,17
1588616959.2693422,173.194.188.105,10.10.0.10,,,443,45734,0,1358,17
1588616959.27337,173.194.188.105,10.10.0.10,,,443,45734,0,1358,17
1588616959.275038,10.10.0.10,173.194.188.105,,,45734,443,0,37,17
1588616959.277398,173.194.188.105,10.10.0.10,,,443,45734,0,1358,17
1588616959.281424,173.194.188.105,10.10.0.10,,,443,45734,0,1358,17
1588616959.283096,10.10.0.10,173.194.188.105,,,45734,443,0,37,17
1588616959.285415,173.194.188.105,10.10.0.10,,,443,45734,0,1358,17
1588616959.289479,173.194.188.105,10.10.0.10,,,443,45734,0,1358,17
1588616959.291364,10.10.0.10,173.194.188.105,,,45734,443,0,37,17
1588616959.293471,173.194.188.105,10.10.0.10,,,443,45734,0,1358,17
1588616959.2974918,173.194.188.105,10.10.0.10,,,443,45734,0,1358,17
1588616959.300348,10.10.0.10,173.194.188.105,,,45734,443,0,37,17
1588616959.3015628,173.194.188.105,10.10.0.10,,,443,45734,0,1358,17
1588616959.305551,173.194.188.105,10.10.0.10,,,443,45734,0,1358,17
1588616959.307762,10.10.0.10,173.194.188.105,,,45734,443,0,37,17
1588616959.309583,173.194.188.105,10.10.0.10,,,443,45734,0,1358,17
1588616959.3136456,173.194.188.105,10.10.0.10,,,443,45734,0,1358,17
1588616959.3153412,10.10.0.10,173.194.188.105,,,45734,443,0,37,17
1588616959.317672,173.194.188.105,10.10.0.10,,,443,45734,0,1358,17
1588616959.321701,173.194.188.105,10.10.0.10,,,443,45734,0,1358,17
1588616959.3235812,10.10.0.10,173.194.188.105,,,45734,443,0,50,17
1588616959.325691,173.194.188.105,10.10.0.10,,,443,45734,0,1358,17
1588616959.32974,173.194.188.105,10.10.0.10,,,443,45734,0,1358,17
1588616959.3314528,10.10.0.10,173.194.188.105,,,45734,443,0,37,17
1588616959.3337822,173.194.188.105,10.10.0.10,,,443,45734,0,1358,17
1588616959.3378088,173.194.188.105,10.10.0.10,,,443,45734,0,1358,17
1588616959.339725,10.10.0.10,173.194.188.105,,,45734,443,0,37,17
1588616959.3418071,173.194.188.105,10.10.0.10,,,443,45734,0,1358,17
1588616959.34584,173.194.188.105,10.10.0.10,,,443,45734,0,1358,17
1588616959.347753,10.10.0.10,173.194.188.105,,,45734,443,0,37,17
1588616959.349898,173.194.188.105,10.10.0.10,,,443,45734,0,1358,17
1588616959.3539252,173.194.188.105,10.10.0.10,,,443,45734,0,1358,17
1588616959.3566852,10.10.0.10,173.194.188.105,,,45734,443,0,37,17
1588616959.3579528,173.194.188.105,10.10.0.10,,,443,45734,0,1358,17
1588616959.3619056,173.194.188.105,10.10.0.10,,,443,45734,0,1358,17
1588616959.363432,10.10.0.10,173.194.188.105,,,45734,443,0,37,17
1588616959.3660052,173.194.188.105,10.10.0.10,,,443,45734,0,1358,17
1588616959.370034,173.194.188.105,10.10.0.10,,,443,45734,0,1358,17
1588616959.3716722,10.10.0.10,173.194.188.105,,,45734,443,0,37,17
1588616959.3740606,173.194.188.105,10.10.0.10,,,443,45734,0,1358,17
1588616959.378016,173.194.188.105,10.10.0.10,,,443,45734,0,1358,17
1588616959.3796248,10.10.0.10,173.194.188.105,,,45734,443,0,37,17
1588616959.3820784,173.194.188.105,10.10.0.10,,,443,45734,0,1358,17
1588616959.386144,173.194.188.105,10.10.0.10,,,443,45734,0,1358,17
1588616959.390098,173.194.188.105,10.10.0.10,,,443,45734,0,1358,17
1588616959.390639,10.10.0.10,173.194.188.105,,,45734,443,0,37,17
1588616959.394178,173.194.188.105,10.10.0.10,,,443,45734,0,1358,17
1588616959.3957012,10.10.0.10,173.194.188.105,,,45734,443,0,37,17
1588616959.398225,173.194.188.105,10.10.0.10,,,443,45734,0,1358,17
1588616959.402215,173.194.188.105,10.10.0.10,,,443,45734,0,1358,17
1588616959.4037464,10.10.0.10,173.194.188.105,,,45734,443,0,37,17
1588616959.4062786,173.194.188.105,10.10.0.10,,,443,45734,0,1358,17
1588616959.410295,173.194.188.105,10.10.0.10,,,443,45734,0,1358,17
1588616959.411892,10.10.0.10,173.194.188.105,,,45734,443,0,37,17
1588616959.414337,173.194.188.105,10.10.0.10,,,443,45734,0,29,17
1588616959.4144368,173.194.188.105,10.10.0.10,,,443,45734,0,1358,17
1588616959.418551,173.194.188.105,10.10.0.10,,,443,45734,0,1358,17
1588616959.420728,10.10.0.10,173.194.188.105,,,45734,443,0,37,17
1588616959.422533,173.194.188.105,10.10.0.10,,,443,45734,0,1358,17
1588616959.426601,173.194.188.105,10.10.0.10,,,443,45734,0,1358,17
1588616959.4284186,10.10.0.10,173.194.188.105,,,45734,443,0,37,17
1588616959.4306278,173.194.188.105,10.10.0.10,,,443,45734,0,1358,17
1588616959.434665,173.194.188.105,10.10.0.10,,,443,45734,0,1358,17
1588616959.4369366,10.10.0.10,173.194.188.105,,,45734,443,0,37,17
1588616959.4386108,173.194.188.105,10.10.0.10,,,443,45734,0,1358,17
1588616959.4427102,173.194.188.105,10.10.0.10,,,443,45734,0,1358,17
1588616959.4461858,10.10.0.10,173.194.188.105,,,45734,443,0,37,17
1588616959.4467,173.194.188.105,10.10.0.10,,,443,45734,0,1358,17
1588616959.4507651,173.194.188.105,10.10.0.10,,,443,45734,0,1358,17
1588616959.4523642,10.10.0.10,173.194.188.105,,,45734,443,0,37,17
1588616959.454782,173.194.188.105,10.10.0.10,,,443,45734,0,1358,17
1588616959.45877,173.194.188.105,10.10.0.10,,,443,45734,0,1358,17
1588616959.4607005,10.10.0.10,173.194.188.105,,,45734,443,0,37,17
1588616959.4628372,173.194.188.105,10.10.0.10,,,443,45734,0,1358,17
1588616959.466865,173.194.188.105,10.10.0.10,,,443,45734,0,1358,17
1588616959.4692829,10.10.0.10,173.194.188.105,,,45734,443,0,37,17
1588616959.4708931,173.194.188.105,10.10.0.10,,,443,45734,0,1358,17
1588616959.47492,173.194.188.105,10.10.0.10,,,443,45734,0,1358,17
1588616959.4764678,10.10.0.10,173.194.188.105,,,45734,443,0,37,17
1588616959.4789069,173.194.188.105,10.10.0.10,,,443,45734,0,1358,17
1588616959.482976,173.194.188.105,10.10.0.10,,,443,45734,0,1358,17
1588616959.4845562,10.10.0.10,173.194.188.105,,,45734,443,0,50,17
1588616959.4870028,173.194.188.105,10.10.0.10,,,443,45734,0,1358,17
1588616959.49103,173.194.188.105,10.10.0.10,,,443,45734,0,1358,17
1588616959.4939492,10.10.0.10,173.194.188.105,,,45734,443,0,37,17
1588616959.4950578,173.194.188.105,10.10.0.10,,,443,45734,0,1358,17
1588616959.499046,173.194.188.105,10.10.0.10,,,443,45734,0,1358,17
1588616959.500721,10.10.0.10,173.194.188.105,,,45734,443,0,37,17
1588616959.5031116,173.194.188.105,10.10.0.10,,,443,45734,0,1358,17
1588616959.5071054,173.194.188.105,10.10.0.10,,,443,45734,0,1358,17
1588616959.5088608,10.10.0.10,173.194.188.105,,,45734,443,0,37,17
1588616959.5111306,173.194.188.105,10.10.0.10,,,443,45734,0,1358,17
1588616959.515166,173.194.188.105,10.10.0.10,,,443,45734,0,1358,17
1588616959.516582,10.10.0.10,173.194.188.105,,,45734,443,0,37,17
1588616959.519207,173.194.188.105,10.10.0.10,,,443,45734,0,1358,17
1588616959.5232358,173.194.188.105,10.10.0.10,,,443,45734,0,1358,17
1588616959.525002,10.10.0.10,173.194.188.105,,,45734,443,0,37,17
1588616959.5272632,173.194.188.105,10.10.0.10,,,443,45734,0,1358,17
1588616959.5312982,173.194.188.105,10.10.0.10,,,443,45734,0,1358,17
1588616959.5329866,10.10.0.10,173.194.188.105,,,45734,443,0,37,17
1588616959.5352619,173.194.188.105,10.10.0.10,,,443,45734,0,1358,17
1588616959.539289,173.194.188.105,10.10.0.10,,,443,45734,0,1358,17
1588616959.5407548,10.10.0.10,173.194.188.105,,,45734,443,0,37,17
1588616959.5433788,173.194.188.105,10.10.0.10,,,443,45734,0,914,17
1588616959.546117,173.194.188.105,10.10.0.10,,,443,45734,0,29,17
1588616959.5950232,10.10.0.10,173.194.188.105,,,45734,443,0,37,17
1588616960.3473885,10.10.0.10,173.194.188.105,,,45734,443,0,730,17
1588616960.347439,10.10.0.10,173.194.188.105,,,45734,443,0,48,17
1588616960.351581,173.194.188.105,10.10.0.10,,,443,45734,0,115,17
1588616960.3516188,173.194.188.105,10.10.0.10,,,443,45734,0,1358,17
1588616960.35164,173.194.188.105,10.10.0.10,,,443,45734,0,1358,17
1588616960.353329,10.10.0.10,173.194.188.105,,,45734,443,0,37,17
1588616960.355527,173.194.188.105,10.10.0.10,,,443,45734,0,1358,17
1588616960.357521,10.10.0.10,173.194.188.105,,,45734,443,0,37,17
1588616960.359551,173.194.188.105,10.10.0.10,,,443,45734,0,1358,17
1588616960.363577,173.194.188.105,10.10.0.10,,,443,45734,0,1358,17
1588616960.3655412,10.10.0.10,173.194.188.105,,,45734,443,0,37,17
1588616960.3676052,173.194.188.105,10.10.0.10,,,443,45734,0,1358,17
1588616960.371632,173.194.188.105,10.10.0.10,,,443,45734,0,1358,17
1588616960.373539,10.10.0.10,173.194.188.105,,,45734,443,0,37,17
1588616960.375664,173.194.188.105,10.10.0.10,,,443,45734,0,1358,17
1588616960.3796608,173.194.188.105,10.10.0.10,,,443,45734,0,1358,17
1588616960.381453,10.10.0.10,173.194.188.105,,,45734,443,0,37,17
1588616960.383706,173.194.188.105,10.10.0.10,,,443,45734,0,1358,17
1588616960.387743,173.194.188.105,10.10.0.10,,,443,45734,0,1358,17
1588616960.39177,173.194.188.105,10.10.0.10,,,443,45734,0,1358,17
1588616960.3957562,173.194.188.105,10.10.0.10,,,443,45734,0,1358,17
1588616960.399787,173.194.188.105,10.10.0.10,,,443,45734,0,1358,17
1588616960.4038534,173.194.188.105,10.10.0.10,,,443,45734,0,1358,17
1588616960.407881,173.194.188.105,10.10.0.10,,,443,45734,0,1358,17
1588616960.411892,173.194.188.105,10.10.0.10,,,443,45734,0,1358,17
1588616960.4158974,173.194.188.105,10.10.0.10,,,443,45734,0,1358,17
1588616960.419964,173.194.188.105,10.10.0.10,,,443,45734,0,1358,17
1588616960.42399,173.194.188.105,10.10.0.10,,,443,45734,0,1358,17
1588616960.428009,173.194.188.105,10.10.0.10,,,443,45734,0,1358,17
1588616960.4319742,173.194.188.105,10.10.0.10,,,443,45734,0,1358,17
1588616960.4360619,173.194.188.105,10.10.0.10,,,443,45734,0,1358,17
1588616960.4384382,10.10.0.10,173.194.188.105,,,45734,443,0,37,17
1588616960.44009,173.194.188.105,10.10.0.10,,,443,45734,0,1358,17
1588616960.441369,10.10.0.10,173.194.188.105,,,45734,443,0,37,17
1588616960.441428,10.10.0.10,173.194.188.105,,,45734,443,0,37,17
1588616960.442409,10.10.0.10,173.194.188.105,,,45734,443,0,37,17
1588616960.443484,10.10.0.10,173.194.188.105,,,45734,443,0,37,17
1588616960.443985,10.10.0.10,173.194.188.105,,,45734,443,0,37,17
1588616960.444072,173.194.188.105,10.10.0.10,,,443,45734,0,1358,17
1588616960.445559,10.10.0.10,173.194.188.105,,,45734,443,0,37,17
1588616960.446275,10.10.0.10,173.194.188.105,,,45734,443,0,37,17
1588616960.4481466,173.194.188.105,10.10.0.10,,,443,45734,0,1358,17
1588616960.452129,173.194.188.105,10.10.0.10,,,443,45734,0,1358,17
1588616960.453945,10.10.0.10,173.194.188.105,,,45734,443,0,37,17
1588616960.456201,173.194.188.105,10.10.0.10,,,443,45734,0,1358,17
1588616960.4602294,173.194.188.105,10.10.0.10,,,443,45734,0,1358,17
1588616960.4623241,10.10.0.10,173.194.188.105,,,45734,443,0,37,17
1588616960.464256,173.194.188.105,10.10.0.10,,,443,45734,0,1358,17
1588616960.468283,173.194.188.105,10.10.0.10,,,443,45734,0,1358,17
1588616960.469942,10.10.0.10,173.194.188.105,,,45734,443,0,37,17
1588616960.472266,173.194.188.105,10.10.0.10,,,443,45734,0,1358,17
1588616960.4763384,173.194.188.105,10.10.0.10,,,443,45734,0,1358,17
1588616960.4779198,10.10.0.10,173.194.188.105,,,45734,443,0,37,17
1588616960.480366,173.194.188.105,10.10.0.10,,,443,45734,0,1358,17
1588616960.484393,173.194.188.105,10.10.0.10,,,443,45734,0,1358,17
1588616960.486048,10.10.0.10,173.194.188.105,,,45734,443,0,37,17
1588616960.4884212,173.194.188.105,10.10.0.10,,,443,45734,0,1358,17
1588616960.4924061,173.194.188.105,10.10.0.10,,,443,45734,0,1358,17
1588616960.494066,10.10.0.10,173.194.188.105,,,45734,443,0,37,17
1588616960.4964762,173.194.188.105,10.10.0.10,,,443,45734,0,1358,17
1588616960.500504,173.194.188.105,10.10.0.10,,,443,45734,0,1358,17
1588616960.502314,10.10.0.10,173.194.188.105,,,45734,443,0,50,17
1588616960.504488,173.194.188.105,10.10.0.10,,,443,45734,0,1358,17
1588616960.5084932,173.194.188.105,10.10.0.10,,,443,45734,0,1358,17
1588616960.510232,10.10.0.10,173.194.188.105,,,45734,443,0,37,17
1588616960.5125492,173.194.188.105,10.10.0.10,,,443,45734,0,1358,17
1588616960.5165384,173.194.188.105,10.10.0.10,,,443,45734,0,1358,17
1588616960.5180776,10.10.0.10,173.194.188.105,,,45734,443,0,37,17
1588616960.520601,173.194.188.105,10.10.0.10,,,443,45734,0,1358,17
1588616960.5246522,173.194.188.105,10.10.0.10,,,443,45734,0,1358,17
1588616960.5264122,10.10.0.10,173.194.188.105,,,45734,443,0,37,17
1588616960.5286472,173.194.188.105,10.10.0.10,,,443,45734,0,1358,17
1588616960.532649,173.194.188.105,10.10.0.10,,,443,45734,0,1358,17
1588616960.536708,173.194.188.105,10.10.0.10,,,443,45734,0,1358,17
1588616960.538334,10.10.0.10,173.194.188.105,,,45734,443,0,37,17
1588616960.540735,173.194.188.105,10.10.0.10,,,443,45734,0,1358,17
1588616960.542974,10.10.0.10,173.194.188.105,,,45734,443,0,37,17
1588616960.5447938,173.194.188.105,10.10.0.10,,,443,45734,0,1358,17
1588616960.5487962,173.194.188.105,10.10.0.10,,,443,45734,0,1358,17
1588616960.550502,10.10.0.10,173.194.188.105,,,45734,443,0,37,17
1588616960.55285,173.194.188.105,10.10.0.10,,,443,45734,0,1358,17
1588616960.556854,173.194.188.105,10.10.0.10,,,443,45734,0,1358,17
1588616960.558458,10.10.0.10,173.194.188.105,,,45734,443,0,37,17
1588616960.5608811,173.194.188.105,10.10.0.10,,,443,45734,0,1358,17
1588616960.564876,173.194.188.105,10.10.0.10,,,443,45734,0,1358,17
1588616960.566386,10.10.0.10,173.194.188.105,,,45734,443,0,37,17
1588616960.5689108,173.194.188.105,10.10.0.10,,,443,45734,0,1358,17
1588616960.5729306,173.194.188.105,10.10.0.10,,,443,45734,0,1358,17
1588616960.574769,10.10.0.10,173.194.188.105,,,45734,443,0,37,17
1588616960.5769901,173.194.188.105,10.10.0.10,,,443,45734,0,1358,17
1588616960.581018,173.194.188.105,10.10.0.10,,,443,45734,0,1358,17
1588616960.5827296,10.10.0.10,173.194.188.105,,,45734,443,0,37,17
1588616960.5850682,173.194.188.105,10.10.0.10,,,443,45734,0,1358,17
1588616960.5890696,173.194.188.105,10.10.0.10,,,443,45734,0,1358,17
1588616960.5906212,10.10.0.10,173.194.188.105,,,45734,443,0,37,17
1588616960.593122,173.194.188.105,10.10.0.10,,,443,45734,0,1358,17
1588616960.59715,173.194.188.105,10.10.0.10,,,443,45734,0,1358,17
1588616960.598998,10.10.0.10,173.194.188.105,,,45734,443,0,37,17
1588616960.601178,173.194.188.105,10.10.0.10,,,443,45734,0,29,17
1588616960.6012974,173.194.188.105,10.10.0.10,,,443,45734,0,1358,17
1588616960.6053288,173.194.188.105,10.10.0.10,,,443,45734,0,1358,17
1588616960.606793,10.10.0.10,173.194.188.105,,,45734,443,0,37,17
1588616960.609357,173.194.188.105,10.10.0.10,,,443,45734,0,1358,17
1588616960.613408,173.194.188.105,10.10.0.10,,,443,45734,0,1358,17
1588616960.614872,10.10.0.10,173.194.188.105,,,45734,443,0,37,17
1588616960.617466,173.194.188.105,10.10.0.10,,,443,45734,0,1358,17
1588616960.621494,173.194.188.105,10.10.0.10,,,443,45734,0,1358,17
1588616960.625475,173.194.188.105,10.10.0.10,,,443,45734,0,1358,17
1588616960.6254814,10.10.0.10,173.194.188.105,,,45734,443,0,37,17
1588616960.629549,173.194.188.105,10.10.0.10,,,443,45734,0,1358,17
1588616960.6313481,10.10.0.10,173.194.188.105,,,45734,443,0,37,17
1588616960.6335812,173.194.188.105,10.10.0.10,,,443,45734,0,1358,17
1588616960.6375482,173.194.188.105,10.10.0.10,,,443,45734,0,1358,17
1588616960.6391802,10.10.0.10,173.194.188.105,,,45734,443,0,37,17
1588616960.641577,173.194.188.105,10.10.0.10,,,443,45734,0,1358,17
1588616960.645602,173.194.188.105,10.10.0.10,,,443,45734,0,1358,17
1588616960.647,10.10.0.10,173.194.188.105,,,45734,443,0,37,17
1588616960.6496599,173.194.188.105,10.10.0.10,,,443,45734,0,1358,17
1588616960.6536922,173.194.188.105,10.10.0.10,,,443,45734,0,1358,17
1588616960.6572409,10.10.0.10,173.194.188.105,,,45734,443,0,37,17
1588616960.657686,173.194.188.105,10.10.0.10,,,443,45734,0,1358,17
1588616960.661775,173.194.188.105,10.10.0.10,,,443,45734,0,1358,17
1588616960.663434,10.10.0.10,173.194.188.105,,,45734,443,0,50,17
1588616960.665778,173.194.188.105,10.10.0.10,,,443,45734,0,1358,17
1588616960.669833,173.194.188.105,10.10.0.10,,,443,45734,0,1358,17
1588616960.6719005,10.10.0.10,173.194.188.105,,,45734,443,0,37,17
1588616960.6738632,173.194.188.105,10.10.0.10,,,443,45734,0,1358,17
1588616960.677866,173.194.188.105,10.10.0.10,,,443,45734,0,1358,17
1588616960.681865,173.194.188.105,10.10.0.10,,,443,45734,0,1358,17
1588616960.682298,10.10.0.10,173.194.188.105,,,45734,443,0,37,17
1588616960.685915,173.194.188.105,10.10.0.10,,,443,45734,0,1358,17
1588616960.687426,10.10.0.10,173.194.188.105,,,45734,443,0,37,17
1588616960.689973,173.194.188.105,10.10.0.10,,,443,45734,0,1358,17
1588616960.6939359,173.194.188.105,10.10.0.10,,,443,45734,0,1358,17
1588616960.695369,10.10.0.10,173.194.188.105,,,45734,443,0,37,17
1588616960.69803,173.194.188.105,10.10.0.10,,,443,45734,0,1358,17
1588616960.701993,173.194.188.105,10.10.0.10,,,443,45734,0,1358,17
1588616960.7035134,10.10.0.10,173.194.188.105,,,45734,443,0,37,17
1588616960.7060838,173.194.188.105,10.10.0.10,,,443,45734,0,1358,17
1588616960.7101102,173.194.188.105,10.10.0.10,,,443,45734,0,1358,17
1588616960.71209,10.10.0.10,173.194.188.105,,,45734,443,0,37,17
1588616960.714096,173.194.188.105,10.10.0.10,,,443,45734,0,1358,17
1588616960.718167,173.194.188.105,10.10.0.10,,,443,45734,0,1358,17
1588616960.7199118,10.10.0.10,173.194.188.105,,,45734,443,0,37,17
1588616960.722162,173.194.188.105,10.10.0.10,,,443,45734,0,1358,17
1588616960.72622,173.194.188.105,10.10.0.10,,,443,45734,0,1358,17
1588616960.727869,10.10.0.10,173.194.188.105,,,45734,443,0,37,17
1588616960.730249,173.194.188.105,10.10.0.10,,,443,45734,0,1358,17
1588616960.734277,173.194.188.105,10.10.0.10,,,443,45734,0,1358,17
1588616960.735827,10.10.0.10,173.194.188.105,,,45734,443,0,37,17
1588616960.738304,173.194.188.105,10.10.0.10,,,443,45734,0,1358,17
1588616960.742266,173.194.188.105,10.10.0.10,,,443,45734,0,1358,17
1588616960.7440786,10.10.0.10,173.194.188.105,,,45734,443,0,37,17
1588616960.7463422,173.194.188.105,10.10.0.10,,,443,45734,0,1358,17
1588616960.750391,173.194.188.105,10.10.0.10,,,443,45734,0,1358,17
1588616960.7523134,10.10.0.10,173.194.188.105,,,45734,443,0,37,17
1588616960.754417,173.194.188.105,10.10.0.10,,,443,45734,0,1358,17
1588616960.758445,173.194.188.105,10.10.0.10,,,443,45734,0,1358,17
1588616960.760232,10.10.0.10,173.194.188.105,,,45734,443,0,37,17
1588616960.762439,173.194.188.105,10.10.0.10,,,443,45734,0,1358,17
1588616960.7664988,173.194.188.105,10.10.0.10,,,443,45734,0,1358,17
1588616960.7684178,10.10.0.10,173.194.188.105,,,45734,443,0,37,17
1588616960.7705252,173.194.188.105,10.10.0.10,,,443,45734,0,1358,17
1588616960.7745528,173.194.188.105,10.10.0.10,,,443,45734,0,1358,17
1588616960.7765448,10.10.0.10,173.194.188.105,,,45734,443,0,37,17
1588616960.778538,173.194.188.105,10.10.0.10,,,443,45734,0,1358,17
1588616960.782609,173.194.188.105,10.10.0.10,,,443,45734,0,1358,17
1588616960.784543,10.10.0.10,173.194.188.105,,,45734,443,0,37,17
1588616960.7866359,173.194.188.105,10.10.0.10,,,443,45734,0,1358,17
1588616960.790663,173.194.188.105,10.10.0.10,,,443,45734,0,1358,17
1588616960.7924821,10.10.0.10,173.194.188.105,,,45734,443,0,37,17
1588616960.7946908,173.194.188.105,10.10.0.10,,,443,45734,0,1358,17
1588616960.7986536,173.194.188.105,10.10.0.10,,,443,45734,0,1358,17
1588616960.8003788,10.10.0.10,173.194.188.105,,,45734,443,0,37,17
1588616960.8027446,173.194.188.105,10.10.0.10,,,443,45734,0,1358,17
1588616960.8067741,173.194.188.105,10.10.0.10,,,443,45734,0,1358,17
1588616960.810786,173.194.188.105,10.10.0.10,,,443,45734,0,1358,17
1588616960.8108141,10.10.0.10,173.194.188.105,,,45734,443,0,37,17
1588616960.814774,173.194.188.105,10.10.0.10,,,443,45734,0,1358,17
1588616960.8164518,10.10.0.10,173.194.188.105,,,45734,443,0,37,17
1588616960.818798,173.194.188.105,10.10.0.10,,,443,45734,0,1358,17
1588616960.822836,173.194.188.105,10.10.0.10,,,443,45734,0,1358,17
1588616960.8253849,10.10.0.10,173.194.188.105,,,45734,443,0,50,17
1588616960.826851,173.194.188.105,10.10.0.10,,,443,45734,0,1358,17
1588616960.830879,173.194.188.105,10.10.0.10,,,443,45734,0,1358,17
1588616960.832519,10.10.0.10,173.194.188.105,,,45734,443,0,37,17
1588616960.834954,173.194.188.105,10.10.0.10,,,443,45734,0,1358,17
1588616960.838954,173.194.188.105,10.10.0.10,,,443,45734,0,1358,17
1588616960.840585,10.10.0.10,173.194.188.105,,,45734,443,0,37,17
1588616960.8429475,173.194.188.105,10.10.0.10,,,443,45734,0,1358,17
1588616960.84704,173.194.188.105,10.10.0.10,,,443,45734,0,1358,17
1588616960.8485308,10.10.0.10,173.194.188.105,,,45734,443,0,37,17
1588616960.8510695,173.194.188.105,10.10.0.10,,,443,45734,0,1358,17
1588616960.855097,173.194.188.105,10.10.0.10,,,443,45734,0,1358,17
1588616960.8569472,10.10.0.10,173.194.188.105,,,45734,443,0,37,17
1588616960.859096,173.194.188.105,10.10.0.10,,,443,45734,0,1358,17
1588616960.863154,173.194.188.105,10.10.0.10,,,443,45734,0,1358,17
1588616960.864865,10.10.0.10,173.194.188.105,,,45734,443,0,37,17
1588616960.867179,173.194.188.105,10.10.0.10,,,443,45734,0,1358,17
1588616960.871166,173.194.188.105,10.10.0.10,,,443,45734,0,1358,17
1588616960.8731458,10.10.0.10,173.194.188.105,,,45734,443,0,37,17
1588616960.8751721,173.194.188.105,10.10.0.10,,,443,45734,0,1358,17
1588616960.8792348,173.194.188.105,10.10.0.10,,,443,45734,0,1358,17
1588616960.88079,10.10.0.10,173.194.188.105,,,45734,443,0,37,17
1588616960.8832884,173.194.188.105,10.10.0.10,,,443,45734,0,1358,17
1588616960.887318,173.194.188.105,10.10.0.10,,,443,45734,0,1358,17
1588616960.889064,10.10.0.10,173.194.188.105,,,45734,443,0,37,17
1588616960.8913472,173.194.188.105,10.10.0.10,,,443,45734,0,1358,17
1588616960.8953102,173.194.188.105,10.10.0.10,,,443,45734,0,1358,17
1588616960.8969061,10.10.0.10,173.194.188.105,,,45734,443,0,37,17
1588616960.899401,173.194.188.105,10.10.0.10,,,443,45734,0,1358,17
1588616960.9034042,173.194.188.105,10.10.0.10,,,443,45734,0,1358,17
1588616960.905031,10.10.0.10,173.194.188.105,,,45734,443,0,37,17
1588616960.907455,173.194.188.105,10.10.0.10,,,443,45734,0,1358,17
1588616960.911488,173.194.188.105,10.10.0.10,,,443,45734,0,1358,17
1588616960.913179,10.10.0.10,173.194.188.105,,,45734,443,0,37,17
1588616960.915483,173.194.188.105,10.10.0.10,,,443,45734,0,1358,17
1588616960.9195411,173.194.188.105,10.10.0.10,,,443,45734,0,1358,17
1588616960.9224482,10.10.0.10,173.194.188.105,,,45734,443,0,37,17
1588616960.923568,173.194.188.105,10.10.0.10,,,443,45734,0,1358,17
1588616960.9275632,173.194.188.105,10.10.0.10,,,443,45734,0,1358,17
1588616960.929177,10.10.0.10,173.194.188.105,,,45734,443,0,37,17
1588616960.931622,173.194.188.105,10.10.0.10,,,443,45734,0,1358,17
1588616960.9355972,173.194.188.105,10.10.0.10,,,443,45734,0,1358,17
1588616960.9384599,10.10.0.10,173.194.188.105,,,45734,443,0,37,17
1588616960.9396489,173.194.188.105,10.10.0.10,,,443,45734,0,1358,17
1588616960.943702,173.194.188.105,10.10.0.10,,,443,45734,0,1358,17
1588616960.9452634,10.10.0.10,173.194.188.105,,,45734,443,0,37,17
1588616960.9477296,173.194.188.105,10.10.0.10,,,443,45734,0,1358,17
1588616960.951759,173.194.188.105,10.10.0.10,,,443,45734,0,1358,17
1588616960.9533012,10.10.0.10,173.194.188.105,,,45734,443,0,37,17
1588616960.9557624,173.194.188.105,10.10.0.10,,,443,45734,0,1358,17
1588616960.959812,173.194.188.105,10.10.0.10,,,443,45734,0,1358,17
1588616960.9613242,10.10.0.10,173.194.188.105,,,45734,443,0,37,17
1588616960.963841,173.194.188.105,10.10.0.10,,,443,45734,0,1358,17
1588616960.967869,173.194.188.105,10.10.0.10,,,443,45734,0,1358,17
1588616960.969554,10.10.0.10,173.194.188.105,,,45734,443,0,37,17
1588616960.971832,173.194.188.105,10.10.0.10,,,443,45734,0,1358,17
1588616960.9759223,173.194.188.105,10.10.0.10,,,443,45734,0,1358,17
1588616960.977784,10.10.0.10,173.194.188.105,,,45734,443,0,37,17
1588616960.9799511,173.194.188.105,10.10.0.10,,,443,45734,0,1358,17
1588616960.983978,173.194.188.105,10.10.0.10,,,443,45734,0,1358,17
1588616960.9857204,10.10.0.10,173.194.188.105,,,45734,443,0,50,17
1588616960.9880052,173.194.188.105,10.10.0.10,,,443,45734,0,1358,17
1588616960.9919698,173.194.188.105,10.10.0.10,,,443,45734,0,1358,17
1588616960.9938881,10.10.0.10,173.194.188.105,,,45734,443,0,37,17
1588616960.99606,173.194.188.105,10.10.0.10,,,443,45734,0,1358,17
1588616961.000088,173.194.188.105,10.10.0.10,,,443,45734,0,1358,17
1588616961.001733,10.10.0.10,173.194.188.105,,,45734,443,0,37,17
1588616961.0041149,173.194.188.105,10.10.0.10,,,443,45734,0,1358,17
1588616961.008143,173.194.188.105,10.10.0.10,,,443,45734,0,1358,17
1588616961.0106828,10.10.0.10,173.194.188.105,,,45734,443,0,37,17
1588616961.0121412,173.194.188.105,10.10.0.10,,,443,45734,0,1358,17
1588616961.016199,173.194.188.105,10.10.0.10,,,443,45734,0,1358,17
1588616961.017925,10.10.0.10,173.194.188.105,,,45734,443,0,37,17
1588616961.020232,173.194.188.105,10.10.0.10,,,443,45734,0,1358,17
1588616961.0242598,173.194.188.105,10.10.0.10,,,443,45734,0,1358,17
1588616961.0282884,173.194.188.105,10.10.0.10,,,443,45734,0,1358,17
1588616961.028906,10.10.0.10,173.194.188.105,,,45734,443,0,37,17
1588616961.032279,173.194.188.105,10.10.0.10,,,443,45734,0,1358,17
1588616961.0338724,10.10.0.10,173.194.188.105,,,45734,443,0,37,17
1588616961.0363429,173.194.188.105,10.10.0.10,,,443,45734,0,1358,17
1588616961.040339,173.194.188.105,10.10.0.10,,,443,45734,0,1358,17
1588616961.041987,10.10.0.10,173.194.188.105,,,45734,443,0,37,17
1588616961.044397,173.194.188.105,10.10.0.10,,,443,45734,0,1358,17
1588616961.048425,173.194.188.105,10.10.0.10,,,443,45734,0,1358,17
1588616961.049979,10.10.0.10,173.194.188.105,,,45734,443,0,37,17
1588616961.052417,173.194.188.105,10.10.0.10,,,443,45734,0,1358,17
1588616961.0564814,173.194.188.105,10.10.0.10,,,443,45734,0,1358,17
1588616961.058485,10.10.0.10,173.194.188.105,,,45734,443,0,37,17
1588616961.0605085,173.194.188.105,10.10.0.10,,,443,45734,0,1358,17
1588616961.0645351,173.194.188.105,10.10.0.10,,,443,45734,0,1358,17
1588616961.0661662,10.10.0.10,173.194.188.105,,,45734,443,0,37,17
1588616961.068541,173.194.188.105,10.10.0.10,,,443,45734,0,1358,17
1588616961.0725892,173.194.188.105,10.10.0.10,,,443,45734,0,1358,17
1588616961.076542,10.10.0.10,173.194.188.105,,,45734,443,0,37,17
1588616961.076577,173.194.188.105,10.10.0.10,,,443,45734,0,1358,17
1588616961.080612,173.194.188.105,10.10.0.10,,,443,45734,0,1358,17
1588616961.082423,10.10.0.10,173.194.188.105,,,45734,443,0,37,17
1588616961.084672,173.194.188.105,10.10.0.10,,,443,45734,0,1358,17
1588616961.088633,173.194.188.105,10.10.0.10,,,443,45734,0,1358,17
1588616961.090544,10.10.0.10,173.194.188.105,,,45734,443,0,37,17
1588616961.092727,173.194.188.105,10.10.0.10,,,443,45734,0,1358,17
1588616961.0967548,173.194.188.105,10.10.0.10,,,443,45734,0,1358,17
1588616961.0986214,10.10.0.10,173.194.188.105,,,45734,443,0,37,17
1588616961.100784,173.194.188.105,10.10.0.10,,,443,45734,0,1358,17
1588616961.104812,173.194.188.105,10.10.0.10,,,443,45734,0,1358,17
1588616961.106752,10.10.0.10,173.194.188.105,,,45734,443,0,37,17
1588616961.1088018,173.194.188.105,10.10.0.10,,,443,45734,0,1358,17
1588616961.112864,173.194.188.105,10.10.0.10,,,443,45734,0,1358,17
1588616961.1143706,10.10.0.10,173.194.188.105,,,45734,443,0,37,17
1588616961.116893,173.194.188.105,10.10.0.10,,,443,45734,0,1358,17
1588616961.1209214,173.194.188.105,10.10.0.10,,,443,45734,0,1358,17
1588616961.1223962,10.10.0.10,173.194.188.105,,,45734,443,0,37,17
1588616961.124946,173.194.188.105,10.10.0.10,,,443,45734,0,1358,17
1588616961.128941,173.194.188.105,10.10.0.10,,,443,45734,0,1358,17
1588616961.1314766,10.10.0.10,173.194.188.105,,,45734,443,0,37,17
1588616961.1330018,173.194.188.105,10.10.0.10,,,443,45734,0,1358,17
1588616961.137031,173.194.188.105,10.10.0.10,,,443,45734,0,1358,17
1588616961.138762,10.10.0.10,173.194.188.105,,,45734,443,0,37,17
1588616961.1410608,173.194.188.105,10.10.0.10,,,443,45734,0,1358,17
1588616961.1450908,173.194.188.105,10.10.0.10,,,443,45734,0,1358,17
1588616961.1474366,10.10.0.10,173.194.188.105,,,45734,443,0,50,17
1588616961.1490898,173.194.188.105,10.10.0.10,,,443,45734,0,1358,17
1588616961.153105,173.194.188.105,10.10.0.10,,,443,45734,0,1358,17
1588616961.1546464,10.10.0.10,173.194.188.105,,,45734,443,0,37,17
1588616961.157167,173.194.188.105,10.10.0.10,,,443,45734,0,1358,17
1588616961.1611962,173.194.188.105,10.10.0.10,,,443,45734,0,1358,17
1588616961.1628509,10.10.0.10,173.194.188.105,,,45734,443,0,37,17
1588616961.165208,173.194.188.105,10.10.0.10,,,443,45734,0,1358,17
1588616961.169249,173.194.188.105,10.10.0.10,,,443,45734,0,1358,17
1588616961.1708536,10.10.0.10,173.194.188.105,,,45734,443,0,37,17
1588616961.1732779,173.194.188.105,10.10.0.10,,,443,45734,0,1358,17
1588616961.177305,173.194.188.105,10.10.0.10,,,443,45734,0,1358,17
1588616961.178981,10.10.0.10,173.194.188.105,,,45734,443,0,37,17
1588616961.180334,10.10.0.10,173.194.188.105,,,45734,443,0,726,17
1588616961.1805172,10.10.0.10,173.194.188.105,,,45734,443,0,48,17
1588616961.1813085,173.194.188.105,10.10.0.10,,,443,45734,0,1358,17
1588616961.18529,173.194.188.105,10.10.0.10,,,443,45734,0,1358,17
1588616961.1871474,10.10.0.10,173.194.188.105,,,45734,443,0,37,17
1588616961.1893866,173.194.188.105,10.10.0.10,,,443,45734,0,1358,17
1588616961.193416,173.194.188.105,10.10.0.10,,,443,45734,0,1358,17
1588616961.195042,10.10.0.10,173.194.188.105,,,45734,443,0,37,17
1588616961.1974428,173.194.188.105,10.10.0.10,,,443,45734,0,1358,17
1588616961.201471,173.194.188.105,10.10.0.10,,,443,45734,0,1358,17
1588616961.2031062,10.10.0.10,173.194.188.105,,,45734,443,0,37,17
1588616961.205461,173.194.188.105,10.10.0.10,,,443,45734,0,1358,17
1588616961.209525,173.194.188.105,10.10.0.10,,,443,45734,0,1358,17
1588616961.211232,10.10.0.10,173.194.188.105,,,45734,443,0,37,17
1588616961.213552,173.194.188.105,10.10.0.10,,,443,45734,0,1358,17
1588616961.217579,173.194.188.105,10.10.0.10,,,443,45734,0,1358,17
1588616961.21944,10.10.0.10,173.194.188.105,,,45734,443,0,37,17
1588616961.221607,173.194.188.105,10.10.0.10,,,443,45734,0,1358,17
1588616961.225599,173.194.188.105,10.10.0.10,,,443,45734,0,1358,17
1588616961.227294,10.10.0.10,173.194.188.105,,,45734,443,0,37,17
1588616961.2296634,173.194.188.105,10.10.0.10,,,443,45734,0,1358,17
1588616961.2336519,173.194.188.105,10.10.0.10,,,443,45734,0,1358,17
1588616961.235234,10.10.0.10,173.194.188.105,,,45734,443,0,37,17
1588616961.2377155,173.194.188.105,10.10.0.10,,,443,45734,0,1358,17
1588616961.241744,173.194.188.105,10.10.0.10,,,443,45734,0,1358,17
1588616961.2457368,173.194.188.105,10.10.0.10,,,443,45734,0,1358,17
1588616961.247083,10.10.0.10,173.194.188.105,,,45734,443,0,37,17
1588616961.249799,173.194.188.105,10.10.0.10,,,443,45734,0,1358,17
1588616961.251296,10.10.0.10,173.194.188.105,,,45734,443,0,37,17
1588616961.2538269,173.194.188.105,10.10.0.10,,,443,45734,0,29,17
1588616961.2539349,173.194.188.105,10.10.0.10,,,443,45734,0,1358,17
1588616961.2580366,173.194.188.105,10.10.0.10,,,443,45734,0,1358,17
1588616961.2605011,10.10.0.10,173.194.188.105,,,45734,443,0,37,17
1588616961.2619972,173.194.188.105,10.10.0.10,,,443,45734,0,1358,17
1588616961.2660694,173.194.188.105,10.10.0.10,,,443,45734,0,1358,17
1588616961.268021,10.10.0.10,173.194.188.105,,,45734,443,0,37,17
1588616961.27012,173.194.188.105,10.10.0.10,,,443,45734,0,1358,17
1588616961.2741468,173.194.188.105,10.10.0.10,,,443,45734,0,1358,17
1588616961.278154,173.194.188.105,10.10.0.10,,,443,45734,0,1358,17
1588616961.282165,173.194.188.105,10.10.0.10,,,443,45734,0,1358,17
1588616961.2862296,173.194.188.105,10.10.0.10,,,443,45734,0,1358,17
1588616961.290256,173.194.188.105,10.10.0.10,,,443,45734,0,1358,17
1588616961.294283,173.194.188.105,10.10.0.10,,,443,45734,0,1358,17
1588616961.2983148,173.194.188.105,10.10.0.10,,,443,45734,0,1358,17
1588616961.3023431,173.194.188.105,10.10.0.10,,,443,45734,0,1358,17
1588616961.303432,10.10.0.10,173.194.188.105,,,45734,443,0,37,17
1588616961.306136,10.10.0.10,173.194.188.105,,,45734,443,0,37,17
1588616961.306303,173.194.188.105,10.10.0.10,,,443,45734,0,1358,17
1588616961.3085198,10.10.0.10,173.194.188.105,,,45734,443,0,37,17
1588616961.3090026,10.10.0.10,173.194.188.105,,,45734,443,0,37,17
1588616961.310385,173.194.188.105,10.10.0.10,,,443,45734,0,1358,17
1588616961.310414,10.10.0.10,173.194.188.105,,,45734,443,0,37,17
1588616961.3143892,173.194.188.105,10.10.0.10,,,443,45734,0,1358,17
1588616961.3163948,10.10.0.10,173.194.188.105,,,45734,443,0,37,17
1588616961.31845,173.194.188.105,10.10.0.10,,,443,45734,0,1358,17
1588616961.3224962,173.194.188.105,10.10.0.10,,,443,45734,0,1358,17
1588616961.324857,10.10.0.10,173.194.188.105,,,45734,443,0,37,17
1588616961.32647,173.194.188.105,10.10.0.10,,,443,45734,0,1358,17
1588616961.330535,173.194.188.105,10.10.0.10,,,443,45734,0,1358,17
1588616961.332185,10.10.0.10,173.194.188.105,,,45734,443,0,37,17
1588616961.334559,173.194.188.105,10.10.0.10,,,443,45734,0,1358,17
1588616961.3385448,173.194.188.105,10.10.0.10,,,443,45734,0,1358,17
1588616961.3415446,10.10.0.10,173.194.188.105,,,45734,443,0,50,17
1588616961.34255,173.194.188.105,10.10.0.10,,,443,45734,0,1358,17
1588616961.3466,173.194.188.105,10.10.0.10,,,443,45734,0,1358,17
1588616961.348099,10.10.0.10,173.194.188.105,,,45734,443,0,37,17
1588616961.350677,173.194.188.105,10.10.0.10,,,443,45734,0,1358,17
1588616961.354666,173.194.188.105,10.10.0.10,,,443,45734,0,1358,17
1588616961.3562589,10.10.0.10,173.194.188.105,,,45734,443,0,37,17
1588616961.3586588,173.194.188.105,10.10.0.10,,,443,45734,0,1358,17
1588616961.3627589,173.194.188.105,10.10.0.10,,,443,45734,0,1358,17
1588616961.3642588,10.10.0.10,173.194.188.105,,,45734,443,0,37,17
1588616961.366787,173.194.188.105,10.10.0.10,,,443,45734,0,1358,17
1588616961.370814,173.194.188.105,10.10.0.10,,,443,45734,0,1358,17
1588616961.3722956,10.10.0.10,173.194.188.105,,,45734,443,0,37,17
1588616961.374842,173.194.188.105,10.10.0.10,,,443,45734,0,1358,17
1588616961.3788302,173.194.188.105,10.10.0.10,,,443,45734,0,1358,17
1588616961.3809302,10.10.0.10,173.194.188.105,,,45734,443,0,37,17
1588616961.3828962,173.194.188.105,10.10.0.10,,,443,45734,0,1358,17
1588616961.3869245,173.194.188.105,10.10.0.10,,,443,45734,0,1358,17
1588616961.388768,10.10.0.10,173.194.188.105,,,45734,443,0,37,17
1588616961.3909519,173.194.188.105,10.10.0.10,,,443,45734,0,1358,17
1588616961.3949788,173.194.188.105,10.10.0.10,,,443,45734,0,1358,17
1588616961.397047,10.10.0.10,173.194.188.105,,,45734,443,0,37,17
1588616961.398969,173.194.188.105,10.10.0.10,,,443,45734,0,1358,17
1588616961.4030044,173.194.188.105,10.10.0.10,,,443,45734,0,1358,17
1588616961.404593,10.10.0.10,173.194.188.105,,,45734,443,0,37,17
1588616961.4070606,173.194.188.105,10.10.0.10,,,443,45734,0,1358,17
1588616961.411089,173.194.188.105,10.10.0.10,,,443,45734,0,1358,17
1588616961.41276,10.10.0.10,173.194.188.105,,,45734,443,0,37,17
1588616961.415117,173.194.188.105,10.10.0.10,,,443,45734,0,1358,17
1588616961.4191196,173.194.188.105,10.10.0.10,,,443,45734,0,1358,17
1588616961.421117,10.10.0.10,173.194.188.105,,,45734,443,0,37,17
1588616961.4231718,173.194.188.105,10.10.0.10,,,443,45734,0,1358,17
1588616961.427189,173.194.188.105,10.10.0.10,,,443,45734,0,1358,17
1588616961.428891,10.10.0.10,173.194.188.105,,,45734,443,0,37,17
1588616961.431218,173.194.188.105,10.10.0.10,,,443,45734,0,1358,17
1588616961.435209,173.194.188.105,10.10.0.10,,,443,45734,0,1358,17
1588616961.438441,10.10.0.10,173.194.188.105,,,45734,443,0,37,17
1588616961.4392452,173.194.188.105,10.10.0.10,,,443,45734,0,1358,17
1588616961.4433172,173.194.188.105,10.10.0.10,,,443,45734,0,1358,17
1588616961.445127,10.10.0.10,173.194.188.105,,,45734,443,0,37,17
1588616961.4473276,173.194.188.105,10.10.0.10,,,443,45734,0,1358,17
1588616961.4513538,173.194.188.105,10.10.0.10,,,443,45734,0,1358,17
1588616961.453253,10.10.0.10,173.194.188.105,,,45734,443,0,37,17
1588616961.45532,173.194.188.105,10.10.0.10,,,443,45734,0,1358,17
1588616961.459408,173.194.188.105,10.10.0.10,,,443,45734,0,1358,17
1588616961.4614198,10.10.0.10,173.194.188.105,,,45734,443,0,37,17
1588616961.4634366,173.194.188.105,10.10.0.10,,,443,45734,0,1358,17
1588616961.467463,173.194.188.105,10.10.0.10,,,443,45734,0,1358,17
1588616961.469182,10.10.0.10,173.194.188.105,,,45734,443,0,37,17
1588616961.4714918,173.194.188.105,10.10.0.10,,,443,45734,0,1358,17
1588616961.4754796,173.194.188.105,10.10.0.10,,,443,45734,0,1358,17
1588616961.479065,10.10.0.10,173.194.188.105,,,45734,443,0,37,17
1588616961.479507,173.194.188.105,10.10.0.10,,,443,45734,0,1358,17
1588616961.4835732,173.194.188.105,10.10.0.10,,,443,45734,0,1358,17
1588616961.4851468,10.10.0.10,173.194.188.105,,,45734,443,0,37,17
1588616961.487602,173.194.188.105,10.10.0.10,,,443,45734,0,1358,17
1588616961.49163,173.194.188.105,10.10.0.10,,,443,45734,0,1358,17
1588616961.49325,10.10.0.10,173.194.188.105,,,45734,443,0,37,17
1588616961.495615,173.194.188.105,10.10.0.10,,,443,45734,0,1358,17
1588616961.499685,173.194.188.105,10.10.0.10,,,443,45734,0,1358,17
1588616961.501732,10.10.0.10,173.194.188.105,,,45734,443,0,50,17
1588616961.503711,173.194.188.105,10.10.0.10,,,443,45734,0,1358,17
1588616961.5077412,173.194.188.105,10.10.0.10,,,443,45734,0,1358,17
1588616961.509975,10.10.0.10,173.194.188.105,,,45734,443,0,37,17
1588616961.5117671,173.194.188.105,10.10.0.10,,,443,45734,0,1358,17
1588616961.515769,173.194.188.105,10.10.0.10,,,443,45734,0,1358,17
1588616961.5174189,10.10.0.10,173.194.188.105,,,45734,443,0,37,17
1588616961.5198214,173.194.188.105,10.10.0.10,,,443,45734,0,1358,17
1588616961.52385,173.194.188.105,10.10.0.10,,,443,45734,0,1358,17
1588616961.525945,10.10.0.10,173.194.188.105,,,45734,443,0,37,17
1588616961.5278141,173.194.188.105,10.10.0.10,,,443,45734,0,1358,17
1588616961.531844,173.194.188.105,10.10.0.10,,,443,45734,0,1358,17
1588616961.533679,10.10.0.10,173.194.188.105,,,45734,443,0,37,17
1588616961.535858,173.194.188.105,10.10.0.10,,,443,45734,0,1358,17
1588616961.539922,173.194.188.105,10.10.0.10,,,443,45734,0,1358,17
1588616961.543947,173.194.188.105,10.10.0.10,,,443,45734,0,29,17
1588616961.5440922,173.194.188.105,10.10.0.10,,,443,45734,0,1358,17
1588616961.544661,10.10.0.10,173.194.188.105,,,45734,443,0,37,17
1588616961.5481858,173.194.188.105,10.10.0.10,,,443,45734,0,1358,17
1588616961.552116,10.10.0.10,173.194.188.105,,,45734,443,0,37,17
1588616961.5521526,173.194.188.105,10.10.0.10,,,443,45734,0,1358,17
1588616961.556192,173.194.188.105,10.10.0.10,,,443,45734,0,1358,17
1588616961.5576944,10.10.0.10,173.194.188.105,,,45734,443,0,37,17
1588616961.5602348,173.194.188.105,10.10.0.10,,,443,45734,0,1358,17
1588616961.5642908,173.194.188.105,10.10.0.10,,,443,45734,0,1358,17
1588616961.566011,10.10.0.10,173.194.188.105,,,45734,443,0,37,17
1588616961.568264,173.194.188.105,10.10.0.10,,,443,45734,0,1358,17
1588616961.5723221,173.194.188.105,10.10.0.10,,,443,45734,0,1358,17
1588616961.574235,10.10.0.10,173.194.188.105,,,45734,443,0,37,17
1588616961.5763788,173.194.188.105,10.10.0.10,,,443,45734,0,1358,17
1588616961.5804071,173.194.188.105,10.10.0.10,,,443,45734,0,1358,17
1588616961.582103,10.10.0.10,173.194.188.105,,,45734,443,0,37,17
1588616961.584436,173.194.188.105,10.10.0.10,,,443,45734,0,1358,17
1588616961.588469,173.194.188.105,10.10.0.10,,,443,45734,0,1358,17
1588616961.590172,10.10.0.10,173.194.188.105,,,45734,443,0,37,17
1588616961.592442,173.194.188.105,10.10.0.10,,,443,45734,0,1358,17
1588616961.5964696,173.194.188.105,10.10.0.10,,,443,45734,0,1358,17
1588616961.598235,10.10.0.10,173.194.188.105,,,45734,443,0,37,17
1588616961.60051,173.194.188.105,10.10.0.10,,,443,45734,0,1358,17
1588616961.604544,173.194.188.105,10.10.0.10,,,443,45734,0,1358,17
1588616961.6064675,10.10.0.10,173.194.188.105,,,45734,443,0,37,17
1588616961.6085384,173.194.188.105,10.10.0.10,,,443,45734,0,1358,17
1588616961.612606,173.194.188.105,10.10.0.10,,,443,45734,0,1358,17
1588616961.6143026,10.10.0.10,173.194.188.105,,,45734,443,0,37,17
1588616961.616602,173.194.188.105,10.10.0.10,,,443,45734,0,1358,17
1588616961.6206882,173.194.188.105,10.10.0.10,,,443,45734,0,1358,17
1588616961.622616,10.10.0.10,173.194.188.105,,,45734,443,0,37,17
1588616961.6247149,173.194.188.105,10.10.0.10,,,443,45734,0,1358,17
1588616961.6286788,173.194.188.105,10.10.0.10,,,443,45734,0,1358,17
1588616961.6302788,10.10.0.10,173.194.188.105,,,45734,443,0,37,17
1588616961.632712,173.194.188.105,10.10.0.10,,,443,45734,0,1358,17
1588616961.6367376,173.194.188.105,10.10.0.10,,,443,45734,0,1358,17
1588616961.638155,10.10.0.10,173.194.188.105,,,45734,443,0,37,17
1588616961.6407642,173.194.188.105,10.10.0.10,,,443,45734,0,1358,17
1588616961.644809,173.194.188.105,10.10.0.10,,,443,45734,0,1358,17
1588616961.6464686,10.10.0.10,173.194.188.105,,,45734,443,0,37,17
1588616961.648842,173.194.188.105,10.10.0.10,,,443,45734,0,1358,17
1588616961.6528964,173.194.188.105,10.10.0.10,,,443,45734,0,1358,17
1588616961.6552508,10.10.0.10,173.194.188.105,,,45734,443,0,37,17
1588616961.656929,173.194.188.105,10.10.0.10,,,443,45734,0,1358,17
1588616961.6609552,173.194.188.105,10.10.0.10,,,443,45734,0,1358,17
1588616961.6635811,10.10.0.10,173.194.188.105,,,45734,443,0,50,17
1588616961.664984,173.194.188.105,10.10.0.10,,,443,45734,0,1358,17
1588616961.6689599,173.194.188.105,10.10.0.10,,,443,45734,0,1358,17
1588616961.670391,10.10.0.10,173.194.188.105,,,45734,443,0,37,17
1588616961.672987,173.194.188.105,10.10.0.10,,,443,45734,0,1358,17
1588616961.6770382,173.194.188.105,10.10.0.10,,,443,45734,0,1358,17
1588616961.6792884,10.10.0.10,173.194.188.105,,,45734,443,0,37,17
1588616961.6810956,173.194.188.105,10.10.0.10,,,443,45734,0,1358,17
1588616961.685138,173.194.188.105,10.10.0.10,,,443,45734,0,1358,17
1588616961.6867075,10.10.0.10,173.194.188.105,,,45734,443,0,37,17
1588616961.689128,173.194.188.105,10.10.0.10,,,443,45734,0,1358,17
1588616961.693179,173.194.188.105,10.10.0.10,,,443,45734,0,1358,17
1588616961.695198,10.10.0.10,173.194.188.105,,,45734,443,0,37,17
1588616961.697207,173.194.188.105,10.10.0.10,,,443,45734,0,1358,17
1588616961.701234,173.194.188.105,10.10.0.10,,,443,45734,0,1358,17
1588616961.704061,10.10.0.10,173.194.188.105,,,45734,443,0,37,17
1588616961.705207,173.194.188.105,10.10.0.10,,,443,45734,0,29,17
1588616961.705408,173.194.188.105,10.10.0.10,,,443,45734,0,1358,17
1588616961.7094774,173.194.188.105,10.10.0.10,,,443,45734,0,1358,17
1588616961.71135,10.10.0.10,173.194.188.105,,,45734,443,0,37,17
1588616961.713506,173.194.188.105,10.10.0.10,,,443,45734,0,1358,17
1588616961.717533,173.194.188.105,10.10.0.10,,,443,45734,0,1358,17
1588616961.719308,10.10.0.10,173.194.188.105,,,45734,443,0,37,17
1588616961.72156,173.194.188.105,10.10.0.10,,,443,45734,0,1358,17
1588616961.7255561,173.194.188.105,10.10.0.10,,,443,45734,0,1358,17
1588616961.727119,10.10.0.10,173.194.188.105,,,45734,443,0,37,17
1588616961.729616,173.194.188.105,10.10.0.10,,,443,45734,0,1358,17
1588616961.733642,173.194.188.105,10.10.0.10,,,443,45734,0,1358,17
1588616961.735328,10.10.0.10,173.194.188.105,,,45734,443,0,37,17
1588616961.7376714,173.194.188.105,10.10.0.10,,,443,45734,0,1358,17
1588616961.741698,173.194.188.105,10.10.0.10,,,443,45734,0,1358,17
1588616961.7434132,10.10.0.10,173.194.188.105,,,45734,443,0,37,17
1588616961.7456932,173.194.188.105,10.10.0.10,,,443,45734,0,1358,17
1588616961.749753,173.194.188.105,10.10.0.10,,,443,45734,0,1358,17
1588616961.751264,10.10.0.10,173.194.188.105,,,45734,443,0,37,17
1588616961.753779,173.194.188.105,10.10.0.10,,,443,45734,0,1358,17
1588616961.757807,173.194.188.105,10.10.0.10,,,443,45734,0,1358,17
1588616961.7594962,10.10.0.10,173.194.188.105,,,45734,443,0,37,17
1588616961.7618446,173.194.188.105,10.10.0.10,,,443,45734,0,1358,17
1588616961.765841,173.194.188.105,10.10.0.10,,,443,45734,0,1358,17
1588616961.7676828,10.10.0.10,173.194.188.105,,,45734,443,0,37,17
1588616961.7698884,173.194.188.105,10.10.0.10,,,443,45734,0,1358,17
1588616961.7739162,173.194.188.105,10.10.0.10,,,443,45734,0,1358,17
1588616961.7762249,10.10.0.10,173.194.188.105,,,45734,443,0,37,17
1588616961.7779438,173.194.188.105,10.10.0.10,,,443,45734,0,1358,17
1588616961.7819052,173.194.188.105,10.10.0.10,,,443,45734,0,1358,17
1588616961.7834525,10.10.0.10,173.194.188.105,,,45734,443,0,37,17
1588616961.786001,173.194.188.105,10.10.0.10,,,443,45734,0,1358,17
1588616961.7900279,173.194.188.105,10.10.0.10,,,443,45734,0,1358,17
1588616961.7916381,10.10.0.10,173.194.188.105,,,45734,443,0,37,17
1588616961.794055,173.194.188.105,10.10.0.10,,,443,45734,0,1358,17
1588616961.798082,173.194.188.105,10.10.0.10,,,443,45734,0,1358,17
1588616961.7996366,10.10.0.10,173.194.188.105,,,45734,443,0,37,17
1588616961.802041,173.194.188.105,10.10.0.10,,,443,45734,0,1358,17
1588616961.8061366,173.194.188.105,10.10.0.10,,,443,45734,0,1358,17
1588616961.807827,10.10.0.10,173.194.188.105,,,45734,443,0,37,17
1588616961.8101652,173.194.188.105,10.10.0.10,,,443,45734,0,1358,17
1588616961.814208,173.194.188.105,10.10.0.10,,,443,45734,0,1358,17
1588616961.816211,10.10.0.10,173.194.188.105,,,45734,443,0,37,17
1588616961.818225,173.194.188.105,10.10.0.10,,,443,45734,0,1358,17
1588616961.822218,173.194.188.105,10.10.0.10,,,443,45734,0,1358,17
1588616961.8239002,10.10.0.10,173.194.188.105,,,45734,443,0,50,17
1588616961.8262842,173.194.188.105,10.10.0.10,,,443,45734,0,1358,17
1588616961.830286,173.194.188.105,10.10.0.10,,,443,45734,0,1358,17
1588616961.8330884,10.10.0.10,173.194.188.105,,,45734,443,0,37,17
1588616961.8343391,173.194.188.105,10.10.0.10,,,443,45734,0,1358,17
1588616961.8383286,173.194.188.105,10.10.0.10,,,443,45734,0,1358,17
1588616961.8405054,10.10.0.10,173.194.188.105,,,45734,443,0,37,17
1588616961.8423572,173.194.188.105,10.10.0.10,,,443,45734,0,1358,17
1588616961.846387,173.194.188.105,10.10.0.10,,,443,45734,0,1358,17
1588616961.84899,10.10.0.10,173.194.188.105,,,45734,443,0,37,17
1588616961.850401,173.194.188.105,10.10.0.10,,,443,45734,0,1358,17
1588616961.854442,173.194.188.105,10.10.0.10,,,443,45734,0,1358,17
1588616961.8563464,10.10.0.10,173.194.188.105,,,45734,443,0,37,17
1588616961.8584778,173.194.188.105,10.10.0.10,,,443,45734,0,29,17
1588616961.858606,173.194.188.105,10.10.0.10,,,443,45734,0,1358,17
1588616961.8626812,173.194.188.105,10.10.0.10,,,443,45734,0,1358,17
1588616961.865097,10.10.0.10,173.194.188.105,,,45734,443,0,37,17
1588616961.866714,173.194.188.105,10.10.0.10,,,443,45734,0,1358,17
1588616961.87077,173.194.188.105,10.10.0.10,,,443,45734,0,1358,17
1588616961.872359,10.10.0.10,173.194.188.105,,,45734,443,0,37,17
1588616961.8747964,173.194.188.105,10.10.0.10,,,443,45734,0,1358,17
1588616961.8787858,173.194.188.105,10.10.0.10,,,443,45734,0,1358,17
1588616961.880486,10.10.0.10,173.194.188.105,,,45734,443,0,37,17
1588616961.882851,173.194.188.105,10.10.0.10,,,443,45734,0,1358,17
1588616961.886879,173.194.188.105,10.10.0.10,,,443,45734,0,1358,17
1588616961.888515,10.10.0.10,173.194.188.105,,,45734,443,0,37,17
1588616961.890906,173.194.188.105,10.10.0.10,,,443,45734,0,1358,17
1588616961.8949332,173.194.188.105,10.10.0.10,,,443,45734,0,1358,17
1588616961.897003,10.10.0.10,173.194.188.105,,,45734,443,0,37,17
1588616961.898924,173.194.188.105,10.10.0.10,,,443,45734,0,1358,17
1588616961.9029891,173.194.188.105,10.10.0.10,,,443,45734,0,1358,17
1588616961.9043715,10.10.0.10,173.194.188.105,,,45734,443,0,37,17
1588616961.907015,173.194.188.105,10.10.0.10,,,443,45734,0,1358,17
1588616961.9110339,173.194.188.105,10.10.0.10,,,443,45734,0,1358,17
1588616961.9125562,10.10.0.10,173.194.188.105,,,45734,443,0,37,17
1588616961.9150634,173.194.188.105,10.10.0.10,,,443,45734,0,1358,17
1588616961.919065,173.194.188.105,10.10.0.10,,,443,45734,0,1358,17
1588616961.92108,10.10.0.10,173.194.188.105,,,45734,443,0,37,17
1588616961.9231172,173.194.188.105,10.10.0.10,,,443,45734,0,1358,17
1588616961.9271429,173.194.188.105,10.10.0.10,,,443,45734,0,1358,17
1588616961.928895,10.10.0.10,173.194.188.105,,,45734,443,0,37,17
1588616961.9311721,173.194.188.105,10.10.0.10,,,443,45734,0,1358,17
1588616961.9352052,173.194.188.105,10.10.0.10,,,443,45734,0,1358,17
1588616961.9368901,10.10.0.10,173.194.188.105,,,45734,443,0,37,17
1588616961.9392269,173.194.188.105,10.10.0.10,,,443,45734,0,1358,17
1588616961.943253,173.194.188.105,10.10.0.10,,,443,45734,0,1358,17
1588616961.94552,10.10.0.10,173.194.188.105,,,45734,443,0,37,17
1588616961.947256,173.194.188.105,10.10.0.10,,,443,45734,0,1358,17
1588616961.9513102,173.194.188.105,10.10.0.10,,,443,45734,0,1358,17
1588616961.9529402,10.10.0.10,173.194.188.105,,,45734,443,0,37,17
1588616961.955282,173.194.188.105,10.10.0.10,,,443,45734,0,1358,17
1588616961.9593642,173.194.188.105,10.10.0.10,,,443,45734,0,1358,17
1588616961.962414,10.10.0.10,173.194.188.105,,,45734,443,0,37,17
1588616961.963351,173.194.188.105,10.10.0.10,,,443,45734,0,1358,17
1588616961.967421,173.194.188.105,10.10.0.10,,,443,45734,0,1358,17
1588616961.969095,10.10.0.10,173.194.188.105,,,45734,443,0,37,17
1588616961.971448,173.194.188.105,10.10.0.10,,,443,45734,0,1358,17
1588616961.9754329,173.194.188.105,10.10.0.10,,,443,45734,0,1358,17
1588616961.977168,10.10.0.10,173.194.188.105,,,45734,443,0,37,17
1588616961.979501,173.194.188.105,10.10.0.10,,,443,45734,0,1358,17
1588616961.9835286,173.194.188.105,10.10.0.10,,,443,45734,0,1358,17
1588616961.985143,10.10.0.10,173.194.188.105,,,45734,443,0,50,17
1588616961.9875572,173.194.188.105,10.10.0.10,,,443,45734,0,1358,17
1588616961.9915571,173.194.188.105,10.10.0.10,,,443,45734,0,1358,17
1588616961.9934974,10.10.0.10,173.194.188.105,,,45734,443,0,37,17
1588616961.995554,173.194.188.105,10.10.0.10,,,443,45734,0,1358,17
1588616961.999622,173.194.188.105,10.10.0.10,,,443,45734,0,1358,17
1588616962.00139,10.10.0.10,173.194.188.105,,,45734,443,0,37,17
1588616962.0036678,173.194.188.105,10.10.0.10,,,443,45734,0,1358,17
1588616962.007694,173.194.188.105,10.10.0.10,,,443,45734,0,1358,17
1588616962.00962,10.10.0.10,173.194.188.105,,,45734,443,0,37,17
1588616962.0117214,173.194.188.105,10.10.0.10,,,443,45734,0,1358,17
1588616962.015702,173.194.188.105,10.10.0.10,,,443,45734,0,1358,17
1588616962.0172482,10.10.0.10,173.194.188.105,,,45734,443,0,37,17
1588616962.019777,173.194.188.105,10.10.0.10,,,443,45734,0,1358,17
1588616962.0238054,173.194.188.105,10.10.0.10,,,443,45734,0,1358,17
1588616962.0253158,10.10.0.10,173.194.188.105,,,45734,443,0,37,17
1588616962.0278301,173.194.188.105,10.10.0.10,,,443,45734,0,1358,17
1588616962.031871,173.194.188.105,10.10.0.10,,,443,45734,0,1358,17
1588616962.0334241,10.10.0.10,173.194.188.105,,,45734,443,0,37,17
1588616962.0358598,173.194.188.105,10.10.0.10,,,443,45734,0,1358,17
1588616962.0399132,173.194.188.105,10.10.0.10,,,443,45734,0,1358,17
1588616962.041699,10.10.0.10,173.194.188.105,,,45734,443,0,37,17
1588616962.043941,173.194.188.105,10.10.0.10,,,443,45734,0,1358,17
1588616962.0479689,173.194.188.105,10.10.0.10,,,443,45734,0,1358,17
1588616962.049623,10.10.0.10,173.194.188.105,,,45734,443,0,37,17
1588616962.051934,173.194.188.105,10.10.0.10,,,443,45734,0,1358,17
1588616962.0560222,173.194.188.105,10.10.0.10,,,443,45734,0,1358,17
1588616962.0577052,10.10.0.10,173.194.188.105,,,45734,443,0,37,17
1588616962.060036,173.194.188.105,10.10.0.10,,,443,45734,0,1358,17
1588616962.0640428,173.194.188.105,10.10.0.10,,,443,45734,0,1358,17
1588616962.065778,10.10.0.10,173.194.188.105,,,45734,443,0,37,17
1588616962.068053,173.194.188.105,10.10.0.10,,,443,45734,0,1358,17
1588616962.0720868,173.194.188.105,10.10.0.10,,,443,45734,0,1358,17
1588616962.073847,10.10.0.10,173.194.188.105,,,45734,443,0,37,17
1588616962.076161,173.194.188.105,10.10.0.10,,,443,45734,0,1358,17
1588616962.080194,173.194.188.105,10.10.0.10,,,443,45734,0,1358,17
1588616962.081816,10.10.0.10,173.194.188.105,,,45734,443,0,37,17
1588616962.084217,173.194.188.105,10.10.0.10,,,443,45734,0,1358,17
1588616962.088254,173.194.188.105,10.10.0.10,,,443,45734,0,1358,17
1588616962.089895,10.10.0.10,173.194.188.105,,,45734,443,0,37,17
1588616962.09223,173.194.188.105,10.10.0.10,,,443,45734,0,1358,17
1588616962.096297,173.194.188.105,10.10.0.10,,,443,45734,0,1358,17
1588616962.0978696,10.10.0.10,173.194.188.105,,,45734,443,0,37,17
1588616962.100326,173.194.188.105,10.10.0.10,,,443,45734,0,1358,17
1588616962.104353,173.194.188.105,10.10.0.10,,,443,45734,0,1358,17
1588616962.10587,10.10.0.10,173.194.188.105,,,45734,443,0,37,17
1588616962.10838,173.194.188.105,10.10.0.10,,,443,45734,0,1358,17
1588616962.1123672,173.194.188.105,10.10.0.10,,,443,45734,0,1358,17
1588616962.1141012,10.10.0.10,173.194.188.105,,,45734,443,0,37,17
1588616962.1164358,173.194.188.105,10.10.0.10,,,443,45734,0,1358,17
1588616962.1204221,173.194.188.105,10.10.0.10,,,443,45734,0,1358,17
1588616962.124491,173.194.188.105,10.10.0.10,,,443,45734,0,1358,17
1588616962.12853,173.194.188.105,10.10.0.10,,,443,45734,0,1358,17
1588616962.13252,173.194.188.105,10.10.0.10,,,443,45734,0,1358,17
1588616962.136573,173.194.188.105,10.10.0.10,,,443,45734,0,1358,17
1588616962.140599,173.194.188.105,10.10.0.10,,,443,45734,0,1358,17
1588616962.1681318,173.194.188.105,10.10.0.10,,,443,45734,0,1358,17
1588616962.203684,10.10.0.10,173.194.188.105,,,45734,443,0,37,17
1588616962.2056508,10.10.0.10,173.194.188.105,,,45734,443,0,37,17
1588616962.2076988,173.194.188.105,10.10.0.10,,,443,45734,0,1358,17
1588616962.207839,10.10.0.10,173.194.188.105,,,45734,443,0,37,17
1588616962.2086525,10.10.0.10,173.194.188.105,,,45734,443,0,50,17
1588616962.212266,173.194.188.105,10.10.0.10,,,443,45734,0,1358,17
1588616962.212325,173.194.188.105,10.10.0.10,,,443,45734,0,1358,17
1588616962.214976,10.10.0.10,173.194.188.105,,,45734,443,0,37,17
1588616962.2157652,173.194.188.105,10.10.0.10,,,443,45734,0,29,17
1588616962.2194452,173.194.188.105,10.10.0.10,,,443,45734,0,1358,17
1588616962.219928,173.194.188.105,10.10.0.10,,,443,45734,0,1358,17
1588616962.221519,10.10.0.10,173.194.188.105,,,45734,443,0,37,17
1588616962.230519,173.194.188.105,10.10.0.10,,,443,45734,0,1358,17
1588616962.230577,173.194.188.105,10.10.0.10,,,443,45734,0,1358,17
1588616962.2359982,173.194.188.105,10.10.0.10,,,443,45734,0,1358,17
1588616962.2380428,173.194.188.105,10.10.0.10,,,443,45734,0,1358,17
1588616962.242798,173.194.188.105,10.10.0.10,,,443,45734,0,1358,17
1588616962.2460964,173.194.188.105,10.10.0.10,,,443,45734,0,1358,17
1588616962.2505472,173.194.188.105,10.10.0.10,,,443,45734,0,1358,17
1588616962.254157,173.194.188.105,10.10.0.10,,,443,45734,0,1358,17
1588616962.258183,173.194.188.105,10.10.0.10,,,443,45734,0,1358,17
1588616962.2622118,173.194.188.105,10.10.0.10,,,443,45734,0,1358,17
1588616962.2662392,173.194.188.105,10.10.0.10,,,443,45734,0,1358,17
1588616962.3217492,10.10.0.10,173.194.188.105,,,45734,443,0,37,17
1588616962.3237052,10.10.0.10,173.194.188.105,,,45734,443,0,37,17
1588616962.3251965,10.10.0.10,173.194.188.105,,,45734,443,0,37,17
1588616962.326282,173.194.188.105,10.10.0.10,,,443,45734,0,1358,17
1588616962.3278842,173.194.188.105,10.10.0.10,,,443,45734,0,1358,17
1588616962.3280268,10.10.0.10,173.194.188.105,,,45734,443,0,37,17
1588616962.329779,173.194.188.105,10.10.0.10,,,443,45734,0,1358,17
1588616962.3317492,10.10.0.10,173.194.188.105,,,45734,443,0,37,17
1588616962.331898,10.10.0.10,173.194.188.105,,,45734,443,0,37,17
1588616962.3323276,10.10.0.10,173.194.188.105,,,45734,443,0,37,17
1588616962.33259,10.10.0.10,173.194.188.105,,,45734,443,0,37,17
1588616962.3367212,173.194.188.105,10.10.0.10,,,443,45734,0,1358,17
1588616962.3378365,173.194.188.105,10.10.0.10,,,443,45734,0,1358,17
1588616962.339408,10.10.0.10,173.194.188.105,,,45734,443,0,37,17
1588616962.3418741,173.194.188.105,10.10.0.10,,,443,45734,0,1358,17
1588616962.345826,173.194.188.105,10.10.0.10,,,443,45734,0,1358,17
1588616962.3499162,173.194.188.105,10.10.0.10,,,443,45734,0,1358,17
1588616962.353944,173.194.188.105,10.10.0.10,,,443,45734,0,1358,17
1588616962.3579311,173.194.188.105,10.10.0.10,,,443,45734,0,1358,17
1588616962.361939,173.194.188.105,10.10.0.10,,,443,45734,0,1358,17
1588616962.3660018,173.194.188.105,10.10.0.10,,,443,45734,0,1358,17
1588616962.3700528,173.194.188.105,10.10.0.10,,,443,45734,0,1358,17
1588616962.374082,173.194.188.105,10.10.0.10,,,443,45734,0,1358,17
1588616962.3781092,173.194.188.105,10.10.0.10,,,443,45734,0,1358,17
1588616962.382097,173.194.188.105,10.10.0.10,,,443,45734,0,1358,17
1588616962.386166,173.194.188.105,10.10.0.10,,,443,45734,0,1358,17
1588616962.3901956,173.194.188.105,10.10.0.10,,,443,45734,0,1358,17
1588616962.394224,173.194.188.105,10.10.0.10,,,443,45734,0,1358,17
1588616962.398247,173.194.188.105,10.10.0.10,,,443,45734,0,1358,17
1588616962.4022784,173.194.188.105,10.10.0.10,,,443,45734,0,1358,17
1588616962.406303,173.194.188.105,10.10.0.10,,,443,45734,0,1358,17
1588616962.437968,10.10.0.10,173.194.188.105,,,45734,443,0,37,17
1588616962.4380329,10.10.0.10,173.194.188.105,,,45734,443,0,37,17
1588616962.438049,10.10.0.10,173.194.188.105,,,45734,443,0,37,17
1588616962.438283,10.10.0.10,173.194.188.105,,,45734,443,0,37,17
1588616962.438301,10.10.0.10,173.194.188.105,,,45734,443,0,37,17
1588616962.4418929,10.10.0.10,173.194.188.105,,,45734,443,0,37,17
1588616962.4426134,173.194.188.105,10.10.0.10,,,443,45734,0,1358,17
1588616962.4426699,173.194.188.105,10.10.0.10,,,443,45734,0,1358,17
1588616962.444177,10.10.0.10,173.194.188.105,,,45734,443,0,37,17
1588616962.4442348,10.10.0.10,173.194.188.105,,,45734,443,0,37,17
1588616962.4453402,10.10.0.10,173.194.188.105,,,45734,443,0,50,17
1588616962.4465349,10.10.0.10,173.194.188.105,,,45734,443,0,37,17
1588616962.448191,173.194.188.105,10.10.0.10,,,443,45734,0,1358,17
1588616962.4497304,173.194.188.105,10.10.0.10,,,443,45734,0,1358,17
1588616962.451603,10.10.0.10,173.194.188.105,,,45734,443,0,37,17
1588616962.45357,173.194.188.105,10.10.0.10,,,443,45734,0,29,17
1588616962.455209,173.194.188.105,10.10.0.10,,,443,45734,0,1358,17
1588616962.4575222,173.194.188.105,10.10.0.10,,,443,45734,0,1358,17
1588616962.459311,10.10.0.10,173.194.188.105,,,45734,443,0,37,17
1588616962.461566,173.194.188.105,10.10.0.10,,,443,45734,0,1358,17
1588616962.465144,173.194.188.105,10.10.0.10,,,443,45734,0,1358,17
1588616962.4689062,173.194.188.105,10.10.0.10,,,443,45734,0,1358,17
1588616962.472785,173.194.188.105,10.10.0.10,,,443,45734,0,1358,17
1588616962.4765706,173.194.188.105,10.10.0.10,,,443,45734,0,1358,17
1588616962.480376,173.194.188.105,10.10.0.10,,,443,45734,0,1358,17
1588616962.484184,173.194.188.105,10.10.0.10,,,443,45734,0,1358,17
1588616962.4879901,173.194.188.105,10.10.0.10,,,443,45734,0,1358,17
1588616962.491804,173.194.188.105,10.10.0.10,,,443,45734,0,1358,17
1588616962.4955628,173.194.188.105,10.10.0.10,,,443,45734,0,1358,17
1588616962.499418,173.194.188.105,10.10.0.10,,,443,45734,0,1358,17
1588616962.5032258,173.194.188.105,10.10.0.10,,,443,45734,0,1358,17
1588616962.506972,173.194.188.105,10.10.0.10,,,443,45734,0,1358,17
1588616962.5108411,173.194.188.105,10.10.0.10,,,443,45734,0,1358,17
1588616962.5146508,173.194.188.105,10.10.0.10,,,443,45734,0,1358,17
1588616962.5184634,173.194.188.105,10.10.0.10,,,443,45734,0,1358,17
1588616962.5222268,173.194.188.105,10.10.0.10,,,443,45734,0,1358,17
1588616962.5260801,173.194.188.105,10.10.0.10,,,443,45734,0,1358,17
1588616962.5298884,173.194.188.105,10.10.0.10,,,443,45734,0,1358,17
1588616962.5336974,173.194.188.105,10.10.0.10,,,443,45734,0,1358,17
1588616962.5375054,173.194.188.105,10.10.0.10,,,443,45734,0,1358,17
1588616962.5413082,173.194.188.105,10.10.0.10,,,443,45734,0,1358,17
1588616962.5782561,10.10.0.10,173.194.188.105,,,45734,443,0,37,17
1588616962.5825384,173.194.188.105,10.10.0.10,,,443,45734,0,1358,17
1588616962.5825582,173.194.188.105,10.10.0.10,,,443,45734,0,1358,17
1588616962.684922,10.10.0.10,173.194.188.105,,,45734,443,0,37,17
1588616962.6883235,10.10.0.10,173.194.188.105,,,45734,443,0,37,17
1588616962.688912,173.194.188.105,10.10.0.10,,,443,45734,0,1358,17
1588616962.6902692,10.10.0.10,173.194.188.105,,,45734,443,0,37,17
1588616962.691426,10.10.0.10,173.194.188.105,,,45734,443,0,37,17
1588616962.69306,173.194.188.105,10.10.0.10,,,443,45734,0,1358,17
1588616962.6930828,173.194.188.105,10.10.0.10,,,443,45734,0,1358,17
1588616962.696217,10.10.0.10,173.194.188.105,,,45734,443,0,37,17
1588616962.6988866,10.10.0.10,173.194.188.105,,,45734,443,0,37,17
1588616962.6994438,10.10.0.10,173.194.188.105,,,45734,443,0,37,17
1588616962.700089,10.10.0.10,173.194.188.105,,,45734,443,0,37,17
1588616962.700397,173.194.188.105,10.10.0.10,,,443,45734,0,1358,17
1588616962.700424,173.194.188.105,10.10.0.10,,,443,45734,0,1358,17
1588616962.7015731,10.10.0.10,173.194.188.105,,,45734,443,0,37,17
1588616962.702136,10.10.0.10,173.194.188.105,,,45734,443,0,37,17
1588616962.705151,173.194.188.105,10.10.0.10,,,443,45734,0,1358,17
1588616962.706021,10.10.0.10,173.194.188.105,,,45734,443,0,37,17
1588616962.7077641,173.194.188.105,10.10.0.10,,,443,45734,0,1358,17
1588616962.7116,173.194.188.105,10.10.0.10,,,443,45734,0,1358,17
1588616962.7153478,173.194.188.105,10.10.0.10,,,443,45734,0,1358,17
1588616962.720334,173.194.188.105,10.10.0.10,,,443,45734,0,1358,17
1588616962.7230248,173.194.188.105,10.10.0.10,,,443,45734,0,1358,17
1588616962.7285929,173.194.188.105,10.10.0.10,,,443,45734,0,1358,17
1588616962.730648,173.194.188.105,10.10.0.10,,,443,45734,0,1358,17
1588616962.737746,173.194.188.105,10.10.0.10,,,443,45734,0,1358,17
1588616962.738239,173.194.188.105,10.10.0.10,,,443,45734,0,1358,17
1588616962.745828,173.194.188.105,10.10.0.10,,,443,45734,0,1358,17
1588616962.7458668,173.194.188.105,10.10.0.10,,,443,45734,0,1358,17
1588616962.7539,173.194.188.105,10.10.0.10,,,443,45734,0,1358,17
1588616962.7539382,173.194.188.105,10.10.0.10,,,443,45734,0,1358,17
1588616962.7624311,173.194.188.105,10.10.0.10,,,443,45734,0,1358,17
1588616962.76247,173.194.188.105,10.10.0.10,,,443,45734,0,1358,17
1588616962.7996562,10.10.0.10,173.194.188.105,,,45734,443,0,37,17
1588616962.7996972,10.10.0.10,173.194.188.105,,,45734,443,0,37,17
1588616962.802454,10.10.0.10,173.194.188.105,,,45734,443,0,37,17
1588616962.804064,173.194.188.105,10.10.0.10,,,443,45734,0,1358,17
1588616962.8041039,173.194.188.105,10.10.0.10,,,443,45734,0,1358,17
1588616962.8051062,10.10.0.10,173.194.188.105,,,45734,443,0,37,17
1588616962.807985,10.10.0.10,173.194.188.105,,,45734,443,0,50,17
1588616962.8089252,10.10.0.10,173.194.188.105,,,45734,443,0,37,17
1588616962.8102775,10.10.0.10,173.194.188.105,,,45734,443,0,37,17
1588616962.81124,173.194.188.105,10.10.0.10,,,443,45734,0,1358,17
1588616962.8112738,173.194.188.105,10.10.0.10,,,443,45734,0,1358,17
1588616962.811643,10.10.0.10,173.194.188.105,,,45734,443,0,37,17
1588616962.8130481,10.10.0.10,173.194.188.105,,,45734,443,0,37,17
1588616962.8139582,10.10.0.10,173.194.188.105,,,45734,443,0,37,17
1588616962.8149672,173.194.188.105,10.10.0.10,,,443,45734,0,29,17
1588616962.8154616,10.10.0.10,173.194.188.105,,,45734,443,0,37,17
1588616962.8164828,173.194.188.105,10.10.0.10,,,443,45734,0,1358,17
1588616962.816615,10.10.0.10,173.194.188.105,,,45734,443,0,37,17
1588616962.8177948,10.10.0.10,173.194.188.105,,,45734,443,0,37,17
1588616962.818973,173.194.188.105,10.10.0.10,,,443,45734,0,1358,17
1588616962.821177,10.10.0.10,173.194.188.105,,,45734,443,0,37,17
1588616962.82275,173.194.188.105,10.10.0.10,,,443,45734,0,1358,17
1588616962.82659,173.194.188.105,10.10.0.10,,,443,45734,0,1358,17
1588616962.8303332,173.194.188.105,10.10.0.10,,,443,45734,0,1358,17
1588616962.83421,173.194.188.105,10.10.0.10,,,443,45734,0,1358,17
1588616962.838017,173.194.188.105,10.10.0.10,,,443,45734,0,1358,17
1588616962.841846,173.194.188.105,10.10.0.10,,,443,45734,0,1358,17
1588616962.8455732,173.194.188.105,10.10.0.10,,,443,45734,0,1358,17
1588616962.849415,173.194.188.105,10.10.0.10,,,443,45734,0,1358,17
1588616962.853224,173.194.188.105,10.10.0.10,,,443,45734,0,1358,17
1588616962.857033,173.194.188.105,10.10.0.10,,,443,45734,0,1358,17
1588616962.860872,173.194.188.105,10.10.0.10,,,443,45734,0,1358,17
1588616962.86468,173.194.188.105,10.10.0.10,,,443,45734,0,1358,17
1588616962.8684998,173.194.188.105,10.10.0.10,,,443,45734,0,1358,17
1588616962.8722641,173.194.188.105,10.10.0.10,,,443,45734,0,1358,17
1588616962.8761091,173.194.188.105,10.10.0.10,,,443,45734,0,1358,17
1588616962.8799136,173.194.188.105,10.10.0.10,,,443,45734,0,1358,17
1588616962.8837225,173.194.188.105,10.10.0.10,,,443,45734,0,1358,17
1588616962.8874884,173.194.188.105,10.10.0.10,,,443,45734,0,1358,17
1588616962.8913405,173.194.188.105,10.10.0.10,,,443,45734,0,1358,17
1588616962.895113,173.194.188.105,10.10.0.10,,,443,45734,0,1358,17
1588616962.8989232,173.194.188.105,10.10.0.10,,,443,45734,0,1358,17
1588616962.902766,173.194.188.105,10.10.0.10,,,443,45734,0,1358,17
1588616962.906575,173.194.188.105,10.10.0.10,,,443,45734,0,1358,17
1588616962.910382,173.194.188.105,10.10.0.10,,,443,45734,0,1358,17
1588616962.914191,173.194.188.105,10.10.0.10,,,443,45734,0,1358,17
1588616962.917998,173.194.188.105,10.10.0.10,,,443,45734,0,1358,17
1588616962.9210598,10.10.0.10,173.194.188.105,,,45734,443,0,37,17
1588616962.9252946,173.194.188.105,10.10.0.10,,,443,45734,0,1358,17
1588616962.931724,10.10.0.10,173.194.188.105,,,45734,443,0,37,17
1588616962.93178,10.10.0.10,173.194.188.105,,,45734,443,0,37,17
1588616962.934402,10.10.0.10,173.194.188.105,,,45734,443,0,37,17
1588616962.9344552,10.10.0.10,173.194.188.105,,,45734,443,0,37,17
1588616962.935864,173.194.188.105,10.10.0.10,,,443,45734,0,1358,17
1588616962.9359136,173.194.188.105,10.10.0.10,,,443,45734,0,1358,17
1588616962.936544,10.10.0.10,173.194.188.105,,,45734,443,0,37,17
1588616962.936599,10.10.0.10,173.194.188.105,,,45734,443,0,37,17
1588616962.9383779,10.10.0.10,173.194.188.105,,,45734,443,0,37,17
1588616962.9388974,10.10.0.10,173.194.188.105,,,45734,443,0,37,17
1588616962.940845,10.10.0.10,173.194.188.105,,,45734,443,0,37,17
1588616962.941403,10.10.0.10,173.194.188.105,,,45734,443,0,50,17
1588616962.942282,10.10.0.10,173.194.188.105,,,45734,443,0,37,17
1588616962.942822,173.194.188.105,10.10.0.10,,,443,45734,0,1358,17
1588616962.942915,173.194.188.105,10.10.0.10,,,443,45734,0,1358,17
1588616962.944564,10.10.0.10,173.194.188.105,,,45734,443,0,37,17
1588616962.9447448,10.10.0.10,173.194.188.105,,,45734,443,0,37,17
1588616962.9458618,10.10.0.10,173.194.188.105,,,45734,443,0,37,17
1588616962.9472554,173.194.188.105,10.10.0.10,,,443,45734,0,1358,17
1588616962.9506106,173.194.188.105,10.10.0.10,,,443,45734,0,1358,17
1588616962.954421,173.194.188.105,10.10.0.10,,,443,45734,0,1358,17
1588616962.958232,173.194.188.105,10.10.0.10,,,443,45734,0,1358,17
1588616962.9620152,173.194.188.105,10.10.0.10,,,443,45734,0,1358,17
1588616962.965802,173.194.188.105,10.10.0.10,,,443,45734,0,1358,17
1588616962.969658,173.194.188.105,10.10.0.10,,,443,45734,0,1358,17
1588616962.973463,173.194.188.105,10.10.0.10,,,443,45734,0,1358,17
1588616962.977277,173.194.188.105,10.10.0.10,,,443,45734,0,1358,17
1588616962.981083,173.194.188.105,10.10.0.10,,,443,45734,0,1358,17
1588616962.9848702,173.194.188.105,10.10.0.10,,,443,45734,0,1358,17
1588616962.9887002,173.194.188.105,10.10.0.10,,,443,45734,0,1358,17
1588616962.992464,173.194.188.105,10.10.0.10,,,443,45734,0,1358,17
1588616962.9963162,173.194.188.105,10.10.0.10,,,443,45734,0,1358,17
1588616963.0000932,173.194.188.105,10.10.0.10,,,443,45734,0,1358,17
1588616963.00393,173.194.188.105,10.10.0.10,,,443,45734,0,1358,17
1588616963.0077386,173.194.188.105,10.10.0.10,,,443,45734,0,1358,17
1588616963.0115492,173.194.188.105,10.10.0.10,,,443,45734,0,1358,17
1588616963.0152838,173.194.188.105,10.10.0.10,,,443,45734,0,1358,17
1588616963.0191262,173.194.188.105,10.10.0.10,,,443,45734,0,1358,17
1588616963.022974,173.194.188.105,10.10.0.10,,,443,45734,0,1358,17
1588616963.026781,173.194.188.105,10.10.0.10,,,443,45734,0,1358,17
1588616963.030589,173.194.188.105,10.10.0.10,,,443,45734,0,1358,17
1588616963.0344,173.194.188.105,10.10.0.10,,,443,45734,0,1358,17
1588616963.038206,173.194.188.105,10.10.0.10,,,443,45734,0,1358,17
1588616963.039958,10.10.0.10,173.194.188.105,,,45734,443,0,37,17
1588616963.0419412,173.194.188.105,10.10.0.10,,,443,45734,0,1358,17
1588616963.045019,10.10.0.10,173.194.188.105,,,45734,443,0,37,17
1588616963.045782,173.194.188.105,10.10.0.10,,,443,45734,0,1358,17
1588616963.0470452,10.10.0.10,173.194.188.105,,,45734,443,0,37,17
1588616963.047615,10.10.0.10,173.194.188.105,,,45734,443,0,37,17
1588616963.049632,173.194.188.105,10.10.0.10,,,443,45734,0,1358,17
1588616963.050522,10.10.0.10,173.194.188.105,,,45734,443,0,37,17
1588616963.052836,10.10.0.10,173.194.188.105,,,45734,443,0,37,17
1588616963.0534039,173.194.188.105,10.10.0.10,,,443,45734,0,1358,17
1588616963.05472,10.10.0.10,173.194.188.105,,,45734,443,0,37,17
1588616963.0547948,10.10.0.10,173.194.188.105,,,45734,443,0,37,17
1588616963.0559769,10.10.0.10,173.194.188.105,,,45734,443,0,37,17
1588616963.0572062,173.194.188.105,10.10.0.10,,,443,45734,0,1358,17
1588616963.0574374,10.10.0.10,173.194.188.105,,,45734,443,0,37,17
1588616963.0584474,10.10.0.10,173.194.188.105,,,45734,443,0,37,17
1588616963.059928,10.10.0.10,173.194.188.105,,,45734,443,0,37,17
1588616963.0601141,10.10.0.10,173.194.188.105,,,45734,443,0,37,17
1588616963.0610151,173.194.188.105,10.10.0.10,,,443,45734,0,1358,17
1588616963.0639632,10.10.0.10,173.194.188.105,,,45734,443,0,37,17
1588616963.0641706,10.10.0.10,173.194.188.105,,,45734,443,0,37,17
1588616963.06484,173.194.188.105,10.10.0.10,,,443,45734,0,1358,17
1588616963.06583,10.10.0.10,173.194.188.105,,,45734,443,0,50,17
1588616963.066304,10.10.0.10,173.194.188.105,,,45734,443,0,37,17
1588616963.0686,173.194.188.105,10.10.0.10,,,443,45734,0,1358,17
1588616963.072447,173.194.188.105,10.10.0.10,,,443,45734,0,1358,17
1588616963.0762932,173.194.188.105,10.10.0.10,,,443,45734,0,1358,17
1588616963.080086,173.194.188.105,10.10.0.10,,,443,45734,0,1358,17
1588616963.083997,173.194.188.105,10.10.0.10,,,443,45734,0,1358,17
1588616963.08785,173.194.188.105,10.10.0.10,,,443,45734,0,1358,17
1588616963.092056,173.194.188.105,10.10.0.10,,,443,45734,0,1358,17
1588616963.09591,173.194.188.105,10.10.0.10,,,443,45734,0,1358,17
1588616963.0997562,173.194.188.105,10.10.0.10,,,443,45734,0,1358,17
1588616963.1035652,173.194.188.105,10.10.0.10,,,443,45734,0,1358,17
1588616963.1073706,173.194.188.105,10.10.0.10,,,443,45734,0,1358,17
1588616963.111182,173.194.188.105,10.10.0.10,,,443,45734,0,1358,17
1588616963.114988,173.194.188.105,10.10.0.10,,,443,45734,0,1358,17
1588616963.1187592,173.194.188.105,10.10.0.10,,,443,45734,0,1358,17
1588616963.122549,173.194.188.105,10.10.0.10,,,443,45734,0,1358,17
1588616963.1263812,173.194.188.105,10.10.0.10,,,443,45734,0,1358,17
1588616963.1301882,173.194.188.105,10.10.0.10,,,443,45734,0,1358,17
1588616963.134031,173.194.188.105,10.10.0.10,,,443,45734,0,1358,17
1588616963.13784,173.194.188.105,10.10.0.10,,,443,45734,0,1358,17
1588616963.1416118,173.194.188.105,10.10.0.10,,,443,45734,0,1358,17
1588616963.145419,173.194.188.105,10.10.0.10,,,443,45734,0,1358,17
1588616963.149241,173.194.188.105,10.10.0.10,,,443,45734,0,1358,17
1588616963.153073,173.194.188.105,10.10.0.10,,,443,45734,0,1358,17
1588616963.1568818,173.194.188.105,10.10.0.10,,,443,45734,0,1358,17
1588616963.160635,173.194.188.105,10.10.0.10,,,443,45734,0,1358,17
1588616963.161189,10.10.0.10,173.194.188.105,,,45734,443,0,37,17
1588616963.164463,173.194.188.105,10.10.0.10,,,443,45734,0,1358,17
1588616963.164482,10.10.0.10,173.194.188.105,,,45734,443,0,37,17
1588616963.165926,10.10.0.10,173.194.188.105,,,45734,443,0,37,17
1588616963.167366,10.10.0.10,173.194.188.105,,,45734,443,0,37,17
1588616963.168298,173.194.188.105,10.10.0.10,,,443,45734,0,1358,17
1588616963.1692588,10.10.0.10,173.194.188.105,,,45734,443,0,37,17
1588616963.16995,10.10.0.10,173.194.188.105,,,45734,443,0,37,17
1588616963.17204,173.194.188.105,10.10.0.10,,,443,45734,0,1358,17
1588616963.1735878,10.10.0.10,173.194.188.105,,,45734,443,0,37,17
1588616963.173642,10.10.0.10,173.194.188.105,,,45734,443,0,37,17
1588616963.175098,10.10.0.10,173.194.188.105,,,45734,443,0,37,17
1588616963.1756039,10.10.0.10,173.194.188.105,,,45734,443,0,37,17
1588616963.175852,173.194.188.105,10.10.0.10,,,443,45734,0,1358,17
1588616963.1794338,10.10.0.10,173.194.188.105,,,45734,443,0,37,17
1588616963.179662,173.194.188.105,10.10.0.10,,,443,45734,0,1358,17
1588616963.1810498,10.10.0.10,173.194.188.105,,,45734,443,0,37,17
1588616963.183177,10.10.0.10,173.194.188.105,,,45734,443,0,37,17
1588616963.1834311,10.10.0.10,173.194.188.105,,,45734,443,0,37,17
1588616963.1834712,173.194.188.105,10.10.0.10,,,443,45734,0,1358,17
1588616963.183918,10.10.0.10,173.194.188.105,,,45734,443,0,37,17
1588616963.187318,173.194.188.105,10.10.0.10,,,443,45734,0,1358,17
1588616963.190186,10.10.0.10,173.194.188.105,,,45734,443,0,37,17
1588616963.191158,173.194.188.105,10.10.0.10,,,443,45734,0,1358,17
1588616963.194967,173.194.188.105,10.10.0.10,,,443,45734,0,1358,17
1588616963.197002,10.10.0.10,173.194.188.105,,,45734,443,0,37,17
1588616963.198719,173.194.188.105,10.10.0.10,,,443,45734,0,1358,17
1588616963.202559,173.194.188.105,10.10.0.10,,,443,45734,0,1358,17
1588616963.2040448,10.10.0.10,173.194.188.105,,,45734,443,0,37,17
1588616963.2063699,173.194.188.105,10.10.0.10,,,443,45734,0,1358,17
1588616963.210201,173.194.188.105,10.10.0.10,,,443,45734,0,1358,17
1588616963.2117689,10.10.0.10,173.194.188.105,,,45734,443,0,50,17
1588616963.213972,173.194.188.105,10.10.0.10,,,443,45734,0,1358,17
1588616963.217746,173.194.188.105,10.10.0.10,,,443,45734,0,1358,17
1588616963.219289,10.10.0.10,173.194.188.105,,,45734,443,0,37,17
1588616963.2216258,173.194.188.105,10.10.0.10,,,443,45734,0,1358,17
1588616963.225397,173.194.188.105,10.10.0.10,,,443,45734,0,1358,17
1588616963.226941,10.10.0.10,173.194.188.105,,,45734,443,0,37,17
1588616963.229218,173.194.188.105,10.10.0.10,,,443,45734,0,1358,17
1588616963.2330508,173.194.188.105,10.10.0.10,,,443,45734,0,1358,17
1588616963.235241,10.10.0.10,173.194.188.105,,,45734,443,0,37,17
1588616963.2368624,173.194.188.105,10.10.0.10,,,443,45734,0,1358,17
1588616963.240669,173.194.188.105,10.10.0.10,,,443,45734,0,1358,17
1588616963.242192,10.10.0.10,173.194.188.105,,,45734,443,0,37,17
1588616963.244405,173.194.188.105,10.10.0.10,,,443,45734,0,1358,17
1588616963.248287,173.194.188.105,10.10.0.10,,,443,45734,0,29,17
1588616963.2483768,173.194.188.105,10.10.0.10,,,443,45734,0,1358,17
1588616963.250101,10.10.0.10,173.194.188.105,,,45734,443,0,37,17
1588616963.2522292,173.194.188.105,10.10.0.10,,,443,45734,0,1358,17
1588616963.2560759,173.194.188.105,10.10.0.10,,,443,45734,0,1358,17
1588616963.2576618,10.10.0.10,173.194.188.105,,,45734,443,0,37,17
1588616963.2598839,173.194.188.105,10.10.0.10,,,443,45734,0,1358,17
1588616963.263619,173.194.188.105,10.10.0.10,,,443,45734,0,1358,17
1588616963.2675009,173.194.188.105,10.10.0.10,,,443,45734,0,1358,17
1588616963.26879,10.10.0.10,173.194.188.105,,,45734,443,0,37,17
1588616963.271258,173.194.188.105,10.10.0.10,,,443,45734,0,1358,17
1588616963.272929,10.10.0.10,173.194.188.105,,,45734,443,0,37,17
1588616963.275108,173.194.188.105,10.10.0.10,,,443,45734,0,1358,17
1588616963.278873,173.194.188.105,10.10.0.10,,,443,45734,0,1358,17
1588616963.2814682,10.10.0.10,173.194.188.105,,,45734,443,0,37,17
1588616963.282725,173.194.188.105,10.10.0.10,,,443,45734,0,1358,17
1588616963.286534,173.194.188.105,10.10.0.10,,,443,45734,0,1358,17
1588616963.287981,10.10.0.10,173.194.188.105,,,45734,443,0,37,17
1588616963.2903411,173.194.188.105,10.10.0.10,,,443,45734,0,1358,17
1588616963.29415,173.194.188.105,10.10.0.10,,,443,45734,0,1358,17
1588616963.2970538,10.10.0.10,173.194.188.105,,,45734,443,0,37,17
1588616963.297978,173.194.188.105,10.10.0.10,,,443,45734,0,1358,17
1588616963.3017662,173.194.188.105,10.10.0.10,,,443,45734,0,1358,17
1588616963.3040738,10.10.0.10,173.194.188.105,,,45734,443,0,37,17
1588616963.305536,173.194.188.105,10.10.0.10,,,443,45734,0,1358,17
1588616963.309385,173.194.188.105,10.10.0.10,,,443,45734,0,1358,17
1588616963.3108852,10.10.0.10,173.194.188.105,,,45734,443,0,37,17
1588616963.3131928,173.194.188.105,10.10.0.10,,,443,45734,0,1358,17
1588616963.3170028,173.194.188.105,10.10.0.10,,,443,45734,0,1358,17
1588616963.31857,10.10.0.10,173.194.188.105,,,45734,443,0,37,17
1588616963.3208098,173.194.188.105,10.10.0.10,,,443,45734,0,1358,17
1588616963.3246188,173.194.188.105,10.10.0.10,,,443,45734,0,1358,17
1588616963.326241,10.10.0.10,173.194.188.105,,,45734,443,0,37,17
1588616963.328426,173.194.188.105,10.10.0.10,,,443,45734,0,1358,17
1588616963.3321939,173.194.188.105,10.10.0.10,,,443,45734,0,1358,17
1588616963.3344312,10.10.0.10,173.194.188.105,,,45734,443,0,37,17
1588616963.3360438,173.194.188.105,10.10.0.10,,,443,45734,0,1358,17
1588616963.3398519,173.194.188.105,10.10.0.10,,,443,45734,0,1358,17
1588616963.341366,10.10.0.10,173.194.188.105,,,45734,443,0,37,17
1588616963.3436599,173.194.188.105,10.10.0.10,,,443,45734,0,1358,17
1588616963.3474214,173.194.188.105,10.10.0.10,,,443,45734,0,1358,17
1588616963.349247,10.10.0.10,173.194.188.105,,,45734,443,0,37,17
1588616963.3512409,173.194.188.105,10.10.0.10,,,443,45734,0,1358,17
1588616963.3550339,173.194.188.105,10.10.0.10,,,443,45734,0,1358,17
1588616963.3588269,10.10.0.10,173.194.188.105,,,45734,443,0,37,17
1588616963.358842,173.194.188.105,10.10.0.10,,,443,45734,0,1358,17
1588616963.3626661,173.194.188.105,10.10.0.10,,,443,45734,0,1358,17
1588616963.3644118,10.10.0.10,173.194.188.105,,,45734,443,0,50,17
1588616963.3664749,173.194.188.105,10.10.0.10,,,443,45734,0,1358,17
1588616963.370269,173.194.188.105,10.10.0.10,,,443,45734,0,1358,17
1588616963.371868,10.10.0.10,173.194.188.105,,,45734,443,0,37,17
1588616963.3741019,173.194.188.105,10.10.0.10,,,443,45734,0,1358,17
1588616963.3779366,173.194.188.105,10.10.0.10,,,443,45734,0,1358,17
1588616963.3817458,173.194.188.105,10.10.0.10,,,443,45734,0,1358,17
1588616963.38223,10.10.0.10,173.194.188.105,,,45734,443,0,37,17
1588616963.385513,173.194.188.105,10.10.0.10,,,443,45734,0,1358,17
1588616963.3873038,10.10.0.10,173.194.188.105,,,45734,443,0,37,17
1588616963.38932,173.194.188.105,10.10.0.10,,,443,45734,0,1358,17
1588616963.3931699,173.194.188.105,10.10.0.10,,,443,45734,0,1358,17
1588616963.3965948,10.10.0.10,173.194.188.105,,,45734,443,0,37,17
1588616963.3969402,173.194.188.105,10.10.0.10,,,443,45734,0,1358,17
1588616963.4007876,173.194.188.105,10.10.0.10,,,443,45734,0,1358,17
1588616963.4024508,10.10.0.10,173.194.188.105,,,45734,443,0,37,17
1588616963.404596,173.194.188.105,10.10.0.10,,,443,45734,0,1358,17
1588616963.408406,173.194.188.105,10.10.0.10,,,443,45734,0,1358,17
1588616963.410072,10.10.0.10,173.194.188.105,,,45734,443,0,37,17
1588616963.412173,173.194.188.105,10.10.0.10,,,443,45734,0,1358,17
1588616963.416021,173.194.188.105,10.10.0.10,,,443,45734,0,1358,17
1588616963.417614,10.10.0.10,173.194.188.105,,,45734,443,0,37,17
1588616963.419831,173.194.188.105,10.10.0.10,,,443,45734,0,1358,17
1588616963.42364,173.194.188.105,10.10.0.10,,,443,45734,0,1358,17
1588616963.4252374,10.10.0.10,173.194.188.105,,,45734,443,0,37,17
1588616963.427447,173.194.188.105,10.10.0.10,,,443,45734,0,1358,17
1588616963.431257,173.194.188.105,10.10.0.10,,,443,45734,0,29,17
1588616963.431358,173.194.188.105,10.10.0.10,,,443,45734,0,1358,17
1588616963.4333699,10.10.0.10,173.194.188.105,,,45734,443,0,37,17
1588616963.4351876,173.194.188.105,10.10.0.10,,,443,45734,0,1358,17
1588616963.439,173.194.188.105,10.10.0.10,,,443,45734,0,1358,17
1588616963.4405296,10.10.0.10,173.194.188.105,,,45734,443,0,37,17
1588616963.4428544,173.194.188.105,10.10.0.10,,,443,45734,0,1358,17
1588616963.4466622,173.194.188.105,10.10.0.10,,,443,45734,0,1358,17
1588616963.448173,10.10.0.10,173.194.188.105,,,45734,443,0,37,17
1588616963.450469,173.194.188.105,10.10.0.10,,,443,45734,0,1358,17
1588616963.454279,173.194.188.105,10.10.0.10,,,443,45734,0,1358,17
1588616963.4559689,10.10.0.10,173.194.188.105,,,45734,443,0,37,17
1588616963.4580884,173.194.188.105,10.10.0.10,,,443,45734,0,1358,17
1588616963.461874,173.194.188.105,10.10.0.10,,,443,45734,0,1358,17
1588616963.46351,10.10.0.10,173.194.188.105,,,45734,443,0,37,17
1588616963.4656649,173.194.188.105,10.10.0.10,,,443,45734,0,1358,17
1588616963.469512,173.194.188.105,10.10.0.10,,,443,45734,0,1358,17
1588616963.4711802,10.10.0.10,173.194.188.105,,,45734,443,0,37,17
1588616963.4733212,173.194.188.105,10.10.0.10,,,443,45734,0,1358,17
1588616963.4771302,173.194.188.105,10.10.0.10,,,443,45734,0,1358,17
1588616963.4789946,10.10.0.10,173.194.188.105,,,45734,443,0,37,17
1588616963.4809554,173.194.188.105,10.10.0.10,,,443,45734,0,1358,17
1588616963.484746,173.194.188.105,10.10.0.10,,,443,45734,0,1358,17
1588616963.48791,10.10.0.10,173.194.188.105,,,45734,443,0,37,17
1588616963.488499,173.194.188.105,10.10.0.10,,,443,45734,0,1358,17
1588616963.4923232,173.194.188.105,10.10.0.10,,,443,45734,0,1358,17
1588616963.494084,10.10.0.10,173.194.188.105,,,45734,443,0,37,17
1588616963.496149,173.194.188.105,10.10.0.10,,,443,45734,0,1358,17
1588616963.4999812,173.194.188.105,10.10.0.10,,,443,45734,0,1358,17
1588616963.501615,10.10.0.10,173.194.188.105,,,45734,443,0,37,17
1588616963.5037892,173.194.188.105,10.10.0.10,,,443,45734,0,1358,17
1588616963.5075982,173.194.188.105,10.10.0.10,,,443,45734,0,1358,17
1588616963.509449,10.10.0.10,173.194.188.105,,,45734,443,0,37,17
1588616963.5114062,173.194.188.105,10.10.0.10,,,443,45734,0,1358,17
1588616963.515208,173.194.188.105,10.10.0.10,,,443,45734,0,1358,17
1588616963.5168462,10.10.0.10,173.194.188.105,,,45734,443,0,50,17
1588616963.5189831,173.194.188.105,10.10.0.10,,,443,45734,0,1358,17
1588616963.522831,173.194.188.105,10.10.0.10,,,443,45734,0,1358,17
1588616963.524589,10.10.0.10,173.194.188.105,,,45734,443,0,37,17
1588616963.52664,173.194.188.105,10.10.0.10,,,443,45734,0,1358,17
1588616963.530405,173.194.188.105,10.10.0.10,,,443,45734,0,1358,17
1588616963.5319538,10.10.0.10,173.194.188.105,,,45734,443,0,37,17
1588616963.5342624,173.194.188.105,10.10.0.10,,,443,45734,0,1358,17
1588616963.538066,173.194.188.105,10.10.0.10,,,443,45734,0,1358,17
1588616963.5398881,10.10.0.10,173.194.188.105,,,45734,443,0,37,17
1588616963.541874,173.194.188.105,10.10.0.10,,,443,45734,0,1358,17
1588616963.5456429,173.194.188.105,10.10.0.10,,,443,45734,0,1358,17
1588616963.54837,10.10.0.10,173.194.188.105,,,45734,443,0,37,17
1588616963.549491,173.194.188.105,10.10.0.10,,,443,45734,0,1358,17
1588616963.553299,173.194.188.105,10.10.0.10,,,443,45734,0,1358,17
1588616963.555076,10.10.0.10,173.194.188.105,,,45734,443,0,37,17
1588616963.557108,173.194.188.105,10.10.0.10,,,443,45734,0,1358,17
1588616963.5609171,173.194.188.105,10.10.0.10,,,443,45734,0,1358,17
1588616963.562825,10.10.0.10,173.194.188.105,,,45734,443,0,37,17
1588616963.564698,173.194.188.105,10.10.0.10,,,443,45734,0,1358,17
1588616963.5685012,173.194.188.105,10.10.0.10,,,443,45734,0,1358,17
1588616963.5702338,10.10.0.10,173.194.188.105,,,45734,443,0,37,17
1588616963.572293,173.194.188.105,10.10.0.10,,,443,45734,0,1358,17
1588616963.576117,173.194.188.105,10.10.0.10,,,443,45734,0,1358,17
1588616963.57768,10.10.0.10,173.194.188.105,,,45734,443,0,37,17
1588616963.579918,173.194.188.105,10.10.0.10,,,443,45734,0,1358,17
1588616963.5837245,173.194.188.105,10.10.0.10,,,443,45734,0,1358,17
1588616963.58571,10.10.0.10,173.194.188.105,,,45734,443,0,37,17
1588616963.5875616,173.194.188.105,10.10.0.10,,,443,45734,0,1358,17
1588616963.591369,173.194.188.105,10.10.0.10,,,443,45734,0,1358,17
1588616963.5936852,10.10.0.10,173.194.188.105,,,45734,443,0,37,17
1588616963.5951822,173.194.188.105,10.10.0.10,,,443,45734,0,1358,17
1588616963.598929,173.194.188.105,10.10.0.10,,,443,45734,0,1358,17
1588616963.60076,10.10.0.10,173.194.188.105,,,45734,443,0,37,17
1588616963.6027482,173.194.188.105,10.10.0.10,,,443,45734,0,1358,17
1588616963.606575,173.194.188.105,10.10.0.10,,,443,45734,0,1358,17
1588616963.6081538,10.10.0.10,173.194.188.105,,,45734,443,0,37,17
1588616963.6103911,173.194.188.105,10.10.0.10,,,443,45734,0,1358,17
1588616963.614225,173.194.188.105,10.10.0.10,,,443,45734,0,1358,17
1588616963.6164222,10.10.0.10,173.194.188.105,,,45734,443,0,37,17
1588616963.618033,173.194.188.105,10.10.0.10,,,443,45734,0,1358,17
1588616963.6218288,173.194.188.105,10.10.0.10,,,443,45734,0,1358,17
1588616963.6234891,10.10.0.10,173.194.188.105,,,45734,443,0,37,17
1588616963.625621,173.194.188.105,10.10.0.10,,,443,45734,0,1358,17
1588616963.629462,173.194.188.105,10.10.0.10,,,443,45734,0,1358,17
1588616963.631049,10.10.0.10,173.194.188.105,,,45734,443,0,37,17
1588616963.63324,173.194.188.105,10.10.0.10,,,443,45734,0,1358,17
1588616963.637078,173.194.188.105,10.10.0.10,,,443,45734,0,1358,17
1588616963.638562,10.10.0.10,173.194.188.105,,,45734,443,0,37,17
1588616963.6408448,173.194.188.105,10.10.0.10,,,443,45734,0,1358,17
1588616963.6446679,173.194.188.105,10.10.0.10,,,443,45734,0,1358,17
1588616963.6461241,10.10.0.10,173.194.188.105,,,45734,443,0,37,17
1588616963.6484456,173.194.188.105,10.10.0.10,,,443,45734,0,1358,17
1588616963.6522448,173.194.188.105,10.10.0.10,,,443,45734,0,1358,17
1588616963.653788,10.10.0.10,173.194.188.105,,,45734,443,0,37,17
1588616963.656114,173.194.188.105,10.10.0.10,,,443,45734,0,1358,17
1588616963.6598961,173.194.188.105,10.10.0.10,,,443,45734,0,1358,17
1588616963.661604,10.10.0.10,173.194.188.105,,,45734,443,0,37,17
1588616963.6637304,173.194.188.105,10.10.0.10,,,443,45734,0,1358,17
1588616963.6675398,173.194.188.105,10.10.0.10,,,443,45734,0,1358,17
1588616963.6692278,10.10.0.10,173.194.188.105,,,45734,443,0,50,17
1588616963.6713474,173.194.188.105,10.10.0.10,,,443,45734,0,1358,17
1588616963.6751359,173.194.188.105,10.10.0.10,,,443,45734,0,1358,17
1588616963.6766849,10.10.0.10,173.194.188.105,,,45734,443,0,37,17
1588616963.6789384,173.194.188.105,10.10.0.10,,,443,45734,0,1358,17
1588616963.682719,173.194.188.105,10.10.0.10,,,443,45734,0,1358,17
1588616963.6843555,10.10.0.10,173.194.188.105,,,45734,443,0,37,17
1588616963.686525,173.194.188.105,10.10.0.10,,,443,45734,0,1358,17
1588616963.6903331,173.194.188.105,10.10.0.10,,,443,45734,0,1358,17
1588616963.69239,10.10.0.10,173.194.188.105,,,45734,443,0,37,17
1588616963.694142,173.194.188.105,10.10.0.10,,,443,45734,0,1358,17
1588616963.6980119,173.194.188.105,10.10.0.10,,,443,45734,0,1358,17
1588616963.6998,10.10.0.10,173.194.188.105,,,45734,443,0,37,17
1588616963.701797,173.194.188.105,10.10.0.10,,,443,45734,0,1358,17
1588616963.705602,173.194.188.105,10.10.0.10,,,443,45734,0,1358,17
1588616963.70788,10.10.0.10,173.194.188.105,,,45734,443,0,37,17
1588616963.709408,173.194.188.105,10.10.0.10,,,443,45734,0,1358,17
1588616963.713246,173.194.188.105,10.10.0.10,,,443,45734,0,1358,17
1588616963.714839,10.10.0.10,173.194.188.105,,,45734,443,0,37,17
1588616963.717055,173.194.188.105,10.10.0.10,,,443,45734,0,1358,17
1588616963.7208366,173.194.188.105,10.10.0.10,,,443,45734,0,1358,17
1588616963.7223902,10.10.0.10,173.194.188.105,,,45734,443,0,37,17
1588616963.724653,173.194.188.105,10.10.0.10,,,443,45734,0,1358,17
1588616963.728425,173.194.188.105,10.10.0.10,,,443,45734,0,1358,17
1588616963.729881,10.10.0.10,173.194.188.105,,,45734,443,0,37,17
1588616963.7322598,173.194.188.105,10.10.0.10,,,443,45734,0,1358,17
1588616963.7361019,173.194.188.105,10.10.0.10,,,443,45734,0,1358,17
1588616963.7398882,173.194.188.105,10.10.0.10,,,443,45734,0,1358,17
1588616963.7437198,173.194.188.105,10.10.0.10,,,443,45734,0,1358,17
1588616963.743782,10.10.0.10,173.194.188.105,,,45734,443,0,37,17
1588616963.7451718,10.10.0.10,173.194.188.105,,,45734,443,0,37,17
1588616963.747542,173.194.188.105,10.10.0.10,,,443,45734,0,1358,17
1588616963.7513368,173.194.188.105,10.10.0.10,,,443,45734,0,1358,17
1588616963.753104,10.10.0.10,173.194.188.105,,,45734,443,0,37,17
1588616963.7551546,173.194.188.105,10.10.0.10,,,443,45734,0,1358,17
1588616963.7589242,173.194.188.105,10.10.0.10,,,443,45734,0,1358,17
1588616963.760851,10.10.0.10,173.194.188.105,,,45734,443,0,37,17
1588616963.7627628,173.194.188.105,10.10.0.10,,,443,45734,0,1358,17
1588616963.766574,173.194.188.105,10.10.0.10,,,443,45734,0,1358,17
1588616963.768381,10.10.0.10,173.194.188.105,,,45734,443,0,37,17
1588616963.7703822,173.194.188.105,10.10.0.10,,,443,45734,0,1358,17
1588616963.7741911,173.194.188.105,10.10.0.10,,,443,45734,0,1358,17
1588616963.775802,10.10.0.10,173.194.188.105,,,45734,443,0,37,17
1588616963.777999,173.194.188.105,10.10.0.10,,,443,45734,0,1358,17
1588616963.781818,173.194.188.105,10.10.0.10,,,443,45734,0,29,17
1588616963.7819078,173.194.188.105,10.10.0.10,,,443,45734,0,1358,17
1588616963.783566,10.10.0.10,173.194.188.105,,,45734,443,0,37,17
1588616963.785754,173.194.188.105,10.10.0.10,,,443,45734,0,1358,17
1588616963.789597,173.194.188.105,10.10.0.10,,,443,45734,0,1358,17
1588616963.7910438,10.10.0.10,173.194.188.105,,,45734,443,0,37,17
1588616963.793365,173.194.188.105,10.10.0.10,,,443,45734,0,1358,17
1588616963.7971892,173.194.188.105,10.10.0.10,,,443,45734,0,1358,17
1588616963.798793,10.10.0.10,173.194.188.105,,,45734,443,0,37,17
1588616963.801023,173.194.188.105,10.10.0.10,,,443,45734,0,1358,17
1588616963.804831,173.194.188.105,10.10.0.10,,,443,45734,0,1358,17
1588616963.8066099,10.10.0.10,173.194.188.105,,,45734,443,0,37,17
1588616963.8085752,173.194.188.105,10.10.0.10,,,443,45734,0,1358,17
1588616963.812417,173.194.188.105,10.10.0.10,,,443,45734,0,1358,17
1588616963.8144188,10.10.0.10,173.194.188.105,,,45734,443,0,37,17
1588616963.816257,173.194.188.105,10.10.0.10,,,443,45734,0,1358,17
1588616963.8200321,173.194.188.105,10.10.0.10,,,443,45734,0,1358,17
1588616963.8218179,10.10.0.10,173.194.188.105,,,45734,443,0,50,17
1588616963.823872,173.194.188.105,10.10.0.10,,,443,45734,0,1358,17
1588616963.827682,173.194.188.105,10.10.0.10,,,443,45734,0,1358,17
1588616963.829711,10.10.0.10,173.194.188.105,,,45734,443,0,37,17
1588616963.831491,173.194.188.105,10.10.0.10,,,443,45734,0,1358,17
1588616963.835231,173.194.188.105,10.10.0.10,,,443,45734,0,1358,17
1588616963.8390749,173.194.188.105,10.10.0.10,,,443,45734,0,1358,17
1588616963.8429158,173.194.188.105,10.10.0.10,,,443,45734,0,1358,17
1588616963.846678,173.194.188.105,10.10.0.10,,,443,45734,0,1358,17
1588616963.8505068,173.194.188.105,10.10.0.10,,,443,45734,0,1358,17
1588616963.8543148,173.194.188.105,10.10.0.10,,,443,45734,0,1358,17
1588616963.8581572,173.194.188.105,10.10.0.10,,,443,45734,0,1358,17
1588616963.8618946,173.194.188.105,10.10.0.10,,,443,45734,0,1358,17
1588616963.8628109,10.10.0.10,173.194.188.105,,,45734,443,0,37,17
1588616963.86475,10.10.0.10,173.194.188.105,,,45734,443,0,37,17
1588616963.864944,10.10.0.10,173.194.188.105,,,45734,443,0,37,17
1588616963.865735,173.194.188.105,10.10.0.10,,,443,45734,0,1358,17
1588616963.8672602,10.10.0.10,173.194.188.105,,,45734,443,0,37,17
1588616963.867526,10.10.0.10,173.194.188.105,,,45734,443,0,37,17
1588616963.8695831,173.194.188.105,10.10.0.10,,,443,45734,0,1358,17
1588616963.8733912,173.194.188.105,10.10.0.10,,,443,45734,0,1358,17
1588616963.875014,10.10.0.10,173.194.188.105,,,45734,443,0,37,17
1588616963.877198,173.194.188.105,10.10.0.10,,,443,45734,0,1358,17
1588616963.881007,173.194.188.105,10.10.0.10,,,443,45734,0,1358,17
1588616963.882869,10.10.0.10,173.194.188.105,,,45734,443,0,37,17
1588616963.884825,173.194.188.105,10.10.0.10,,,443,45734,0,1358,17
1588616963.888553,173.194.188.105,10.10.0.10,,,443,45734,0,1358,17
1588616963.8905554,10.10.0.10,173.194.188.105,,,45734,443,0,37,17
1588616963.8923972,173.194.188.105,10.10.0.10,,,443,45734,0,1358,17
1588616963.896195,173.194.188.105,10.10.0.10,,,443,45734,0,1358,17
1588616963.8978882,10.10.0.10,173.194.188.105,,,45734,443,0,37,17
1588616963.900031,173.194.188.105,10.10.0.10,,,443,45734,0,1358,17
1588616963.903858,173.194.188.105,10.10.0.10,,,443,45734,0,1358,17
1588616963.9053948,10.10.0.10,173.194.188.105,,,45734,443,0,37,17
1588616963.907667,173.194.188.105,10.10.0.10,,,443,45734,0,1358,17
1588616963.9114769,173.194.188.105,10.10.0.10,,,443,45734,0,1358,17
1588616963.9133394,10.10.0.10,173.194.188.105,,,45734,443,0,37,17
1588616963.915213,173.194.188.105,10.10.0.10,,,443,45734,0,1358,17
1588616963.919055,173.194.188.105,10.10.0.10,,,443,45734,0,1358,17
1588616963.920634,10.10.0.10,173.194.188.105,,,45734,443,0,37,17
1588616963.9229012,173.194.188.105,10.10.0.10,,,443,45734,0,1358,17
1588616963.92671,173.194.188.105,10.10.0.10,,,443,45734,0,1358,17
1588616963.9282384,10.10.0.10,173.194.188.105,,,45734,443,0,37,17
1588616963.930521,173.194.188.105,10.10.0.10,,,443,45734,0,1358,17
1588616963.9343262,173.194.188.105,10.10.0.10,,,443,45734,0,1358,17
1588616963.9359062,10.10.0.10,173.194.188.105,,,45734,443,0,37,17
1588616963.9381359,173.194.188.105,10.10.0.10,,,443,45734,0,1358,17
1588616963.941881,173.194.188.105,10.10.0.10,,,443,45734,0,1358,17
1588616963.9434738,10.10.0.10,173.194.188.105,,,45734,443,0,37,17
1588616963.945717,173.194.188.105,10.10.0.10,,,443,45734,0,1358,17
1588616963.9495652,173.194.188.105,10.10.0.10,,,443,45734,0,1358,17
1588616963.951224,10.10.0.10,173.194.188.105,,,45734,443,0,37,17
1588616963.9533722,173.194.188.105,10.10.0.10,,,443,45734,0,1358,17
1588616963.9571812,173.194.188.105,10.10.0.10,,,443,45734,0,1358,17
1588616963.958689,10.10.0.10,173.194.188.105,,,45734,443,0,37,17
1588616963.960988,173.194.188.105,10.10.0.10,,,443,45734,0,1358,17
1588616963.964797,173.194.188.105,10.10.0.10,,,443,45734,0,1358,17
1588616963.9665134,10.10.0.10,173.194.188.105,,,45734,443,0,37,17
1588616963.9685512,173.194.188.105,10.10.0.10,,,443,45734,0,1358,17
1588616963.972377,173.194.188.105,10.10.0.10,,,443,45734,0,1358,17
1588616963.974225,10.10.0.10,173.194.188.105,,,45734,443,0,50,17
1588616963.976223,173.194.188.105,10.10.0.10,,,443,45734,0,1358,17
1588616963.97999,173.194.188.105,10.10.0.10,,,443,45734,0,1358,17
1588616963.982051,10.10.0.10,173.194.188.105,,,45734,443,0,37,17
1588616963.983839,173.194.188.105,10.10.0.10,,,443,45734,0,1358,17
1588616963.98765,173.194.188.105,10.10.0.10,,,443,45734,0,1358,17
1588616963.989224,10.10.0.10,173.194.188.105,,,45734,443,0,37,17
1588616963.991456,173.194.188.105,10.10.0.10,,,443,45734,0,1358,17
1588616963.9952278,173.194.188.105,10.10.0.10,,,443,45734,0,1358,17
1588616963.998471,10.10.0.10,173.194.188.105,,,45734,443,0,37,17
1588616963.999034,173.194.188.105,10.10.0.10,,,443,45734,0,1358,17
1588616964.002896,173.194.188.105,10.10.0.10,,,443,45734,0,1358,17
1588616964.0044518,10.10.0.10,173.194.188.105,,,45734,443,0,37,17
1588616964.00669,173.194.188.105,10.10.0.10,,,443,45734,0,1358,17
1588616964.0105,173.194.188.105,10.10.0.10,,,443,45734,0,1358,17
1588616964.0120692,10.10.0.10,173.194.188.105,,,45734,443,0,37,17
1588616964.0143075,173.194.188.105,10.10.0.10,,,443,45734,0,1358,17
1588616964.0180776,173.194.188.105,10.10.0.10,,,443,45734,0,1358,17
1588616964.0201662,10.10.0.10,173.194.188.105,,,45734,443,0,37,17
1588616964.0218804,173.194.188.105,10.10.0.10,,,443,45734,0,1358,17
1588616964.0256932,173.194.188.105,10.10.0.10,,,443,45734,0,1358,17
1588616964.027265,10.10.0.10,173.194.188.105,,,45734,443,0,37,17
1588616964.029542,173.194.188.105,10.10.0.10,,,443,45734,0,1358,17
1588616964.03335,173.194.188.105,10.10.0.10,,,443,45734,0,1358,17
1588616964.0353148,10.10.0.10,173.194.188.105,,,45734,443,0,37,17
1588616964.037158,173.194.188.105,10.10.0.10,,,443,45734,0,1358,17
1588616964.040967,173.194.188.105,10.10.0.10,,,443,45734,0,1358,17
1588616964.0425148,10.10.0.10,173.194.188.105,,,45734,443,0,37,17
1588616964.044775,173.194.188.105,10.10.0.10,,,443,45734,0,1358,17
1588616964.048512,173.194.188.105,10.10.0.10,,,443,45734,0,1358,17
1588616964.0504348,10.10.0.10,173.194.188.105,,,45734,443,0,37,17
1588616964.0523539,173.194.188.105,10.10.0.10,,,443,45734,0,1358,17
1588616964.056201,173.194.188.105,10.10.0.10,,,443,45734,0,1358,17
1588616964.057722,10.10.0.10,173.194.188.105,,,45734,443,0,37,17
1588616964.06001,173.194.188.105,10.10.0.10,,,443,45734,0,1358,17
1588616964.063818,173.194.188.105,10.10.0.10,,,443,45734,0,1358,17
1588616964.065451,10.10.0.10,173.194.188.105,,,45734,443,0,37,17
1588616964.067628,173.194.188.105,10.10.0.10,,,443,45734,0,29,17
1588616964.067718,173.194.188.105,10.10.0.10,,,443,45734,0,1358,17
1588616964.071608,173.194.188.105,10.10.0.10,,,443,45734,0,1358,17
1588616964.073199,10.10.0.10,173.194.188.105,,,45734,443,0,37,17
1588616964.0753431,173.194.188.105,10.10.0.10,,,443,45734,0,1358,17
1588616964.079199,173.194.188.105,10.10.0.10,,,443,45734,0,1358,17
1588616964.0808098,10.10.0.10,173.194.188.105,,,45734,443,0,37,17
1588616964.0830321,173.194.188.105,10.10.0.10,,,443,45734,0,1358,17
1588616964.0868428,173.194.188.105,10.10.0.10,,,443,45734,0,1358,17
1588616964.088726,10.10.0.10,173.194.188.105,,,45734,443,0,37,17
1588616964.090624,173.194.188.105,10.10.0.10,,,443,45734,0,1358,17
1588616964.094458,173.194.188.105,10.10.0.10,,,443,45734,0,1358,17
1588616964.096224,10.10.0.10,173.194.188.105,,,45734,443,0,37,17
1588616964.098265,173.194.188.105,10.10.0.10,,,443,45734,0,1358,17
1588616964.1020026,173.194.188.105,10.10.0.10,,,443,45734,0,1358,17
1588616964.10356,10.10.0.10,173.194.188.105,,,45734,443,0,37,17
1588616964.1058614,173.194.188.105,10.10.0.10,,,443,45734,0,1358,17
1588616964.109691,173.194.188.105,10.10.0.10,,,443,45734,0,1358,17
1588616964.111929,10.10.0.10,173.194.188.105,,,45734,443,0,37,17
1588616964.113501,173.194.188.105,10.10.0.10,,,443,45734,0,1358,17
1588616964.117282,173.194.188.105,10.10.0.10,,,443,45734,0,1358,17
1588616964.1187859,10.10.0.10,173.194.188.105,,,45734,443,0,37,17
1588616964.1211169,173.194.188.105,10.10.0.10,,,443,45734,0,1358,17
1588616964.124927,173.194.188.105,10.10.0.10,,,443,45734,0,1358,17
1588616964.126517,10.10.0.10,173.194.188.105,,,45734,443,0,50,17
1588616964.1286619,173.194.188.105,10.10.0.10,,,443,45734,0,1358,17
1588616964.132516,173.194.188.105,10.10.0.10,,,443,45734,0,1358,17
1588616964.134351,10.10.0.10,173.194.188.105,,,45734,443,0,37,17
1588616964.1363502,173.194.188.105,10.10.0.10,,,443,45734,0,1358,17
1588616964.14018,173.194.188.105,10.10.0.10,,,443,45734,0,1358,17
1588616964.141785,10.10.0.10,173.194.188.105,,,45734,443,0,37,17
1588616964.14397,173.194.188.105,10.10.0.10,,,443,45734,0,1358,17
1588616964.1477768,173.194.188.105,10.10.0.10,,,443,45734,0,1358,17
1588616964.150102,10.10.0.10,173.194.188.105,,,45734,443,0,37,17
1588616964.1515849,173.194.188.105,10.10.0.10,,,443,45734,0,1358,17
1588616964.1553216,173.194.188.105,10.10.0.10,,,443,45734,0,1358,17
1588616964.15695,10.10.0.10,173.194.188.105,,,45734,443,0,37,17
1588616964.159178,173.194.188.105,10.10.0.10,,,443,45734,0,1358,17
1588616964.1630132,173.194.188.105,10.10.0.10,,,443,45734,0,1358,17
1588616964.165996,10.10.0.10,173.194.188.105,,,45734,443,0,37,17
1588616964.1667938,173.194.188.105,10.10.0.10,,,443,45734,0,1358,17
1588616964.1706278,173.194.188.105,10.10.0.10,,,443,45734,0,1358,17
1588616964.1722221,10.10.0.10,173.194.188.105,,,45734,443,0,37,17
1588616964.1744444,173.194.188.105,10.10.0.10,,,443,45734,0,1358,17
1588616964.178243,173.194.188.105,10.10.0.10,,,443,45734,0,1358,17
1588616964.1798851,10.10.0.10,173.194.188.105,,,45734,443,0,37,17
1588616964.181981,173.194.188.105,10.10.0.10,,,443,45734,0,1358,17
1588616964.1858118,173.194.188.105,10.10.0.10,,,443,45734,0,1358,17
1588616964.1874108,10.10.0.10,173.194.188.105,,,45734,443,0,37,17
1588616964.1896696,173.194.188.105,10.10.0.10,,,443,45734,0,1358,17
1588616964.1934788,173.194.188.105,10.10.0.10,,,443,45734,0,1358,17
1588616964.1949732,10.10.0.10,173.194.188.105,,,45734,443,0,37,17
1588616964.1972866,173.194.188.105,10.10.0.10,,,443,45734,0,1358,17
1588616964.201098,173.194.188.105,10.10.0.10,,,443,45734,0,1358,17
1588616964.2043061,10.10.0.10,173.194.188.105,,,45734,443,0,37,17
1588616964.204866,173.194.188.105,10.10.0.10,,,443,45734,0,1358,17
1588616964.20864,173.194.188.105,10.10.0.10,,,443,45734,0,1358,17
1588616964.210161,10.10.0.10,173.194.188.105,,,45734,443,0,37,17
1588616964.212521,173.194.188.105,10.10.0.10,,,443,45734,0,1358,17
1588616964.2163296,173.194.188.105,10.10.0.10,,,443,45734,0,1358,17
1588616964.218416,10.10.0.10,173.194.188.105,,,45734,443,0,37,17
1588616964.2201388,173.194.188.105,10.10.0.10,,,443,45734,0,1358,17
1588616964.2239466,173.194.188.105,10.10.0.10,,,443,45734,0,1358,17
1588616964.2254908,10.10.0.10,173.194.188.105,,,45734,443,0,37,17
1588616964.2277546,173.194.188.105,10.10.0.10,,,443,45734,0,1358,17
1588616964.231564,173.194.188.105,10.10.0.10,,,443,45734,0,1358,17
1588616964.2337232,10.10.0.10,173.194.188.105,,,45734,443,0,37,17
1588616964.235376,173.194.188.105,10.10.0.10,,,443,45734,0,1358,17
1588616964.2391858,173.194.188.105,10.10.0.10,,,443,45734,0,1358,17
1588616964.2409492,10.10.0.10,173.194.188.105,,,45734,443,0,37,17
1588616964.2429929,173.194.188.105,10.10.0.10,,,443,45734,0,1358,17
1588616964.246798,173.194.188.105,10.10.0.10,,,443,45734,0,1358,17
1588616964.2504258,10.10.0.10,173.194.188.105,,,45734,443,0,37,17
1588616964.2505472,173.194.188.105,10.10.0.10,,,443,45734,0,1358,17
1588616964.254414,173.194.188.105,10.10.0.10,,,443,45734,0,1358,17
1588616964.2561402,10.10.0.10,173.194.188.105,,,45734,443,0,37,17
1588616964.258222,173.194.188.105,10.10.0.10,,,443,45734,0,1358,17
1588616964.261959,173.194.188.105,10.10.0.10,,,443,45734,0,1358,17
1588616964.2637155,10.10.0.10,173.194.188.105,,,45734,443,0,37,17
1588616964.265813,173.194.188.105,10.10.0.10,,,443,45734,0,1358,17
1588616964.2696009,173.194.188.105,10.10.0.10,,,443,45734,0,1358,17
1588616964.2714062,10.10.0.10,173.194.188.105,,,45734,443,0,37,17
1588616964.2734554,173.194.188.105,10.10.0.10,,,443,45734,0,1358,17
1588616964.277267,173.194.188.105,10.10.0.10,,,443,45734,0,1358,17
1588616964.279185,10.10.0.10,173.194.188.105,,,45734,443,0,50,17
1588616964.2810724,173.194.188.105,10.10.0.10,,,443,45734,0,1358,17
1588616964.2848828,173.194.188.105,10.10.0.10,,,443,45734,0,1358,17
1588616964.287056,10.10.0.10,173.194.188.105,,,45734,443,0,37,17
1588616964.2886212,173.194.188.105,10.10.0.10,,,443,45734,0,1358,17
1588616964.292475,173.194.188.105,10.10.0.10,,,443,45734,0,1358,17
1588616964.29424,10.10.0.10,173.194.188.105,,,45734,443,0,37,17
1588616964.2963102,173.194.188.105,10.10.0.10,,,443,45734,0,1358,17
1588616964.3001158,173.194.188.105,10.10.0.10,,,443,45734,0,1358,17
1588616964.3019464,10.10.0.10,173.194.188.105,,,45734,443,0,37,17
1588616964.303926,173.194.188.105,10.10.0.10,,,443,45734,0,1358,17
1588616964.307698,173.194.188.105,10.10.0.10,,,443,45734,0,1358,17
1588616964.309592,10.10.0.10,173.194.188.105,,,45734,443,0,37,17
1588616964.3115325,173.194.188.105,10.10.0.10,,,443,45734,0,1358,17
1588616964.315279,173.194.188.105,10.10.0.10,,,443,45734,0,1358,17
1588616964.3177402,10.10.0.10,173.194.188.105,,,45734,443,0,37,17
1588616964.319119,173.194.188.105,10.10.0.10,,,443,45734,0,1358,17
1588616964.3229332,173.194.188.105,10.10.0.10,,,443,45734,0,29,17
1588616964.3230598,173.194.188.105,10.10.0.10,,,443,45734,0,1358,17
1588616964.324591,10.10.0.10,173.194.188.105,,,45734,443,0,37,17
1588616964.3269384,173.194.188.105,10.10.0.10,,,443,45734,0,1358,17
1588616964.3307474,173.194.188.105,10.10.0.10,,,443,45734,0,1358,17
1588616964.3345554,173.194.188.105,10.10.0.10,,,443,45734,0,1358,17
1588616964.3382368,10.10.0.10,173.194.188.105,,,45734,443,0,37,17
1588616964.338334,173.194.188.105,10.10.0.10,,,443,45734,0,1358,17
1588616964.339944,10.10.0.10,173.194.188.105,,,45734,443,0,37,17
1588616964.342133,173.194.188.105,10.10.0.10,,,443,45734,0,1358,17
1588616964.3459814,173.194.188.105,10.10.0.10,,,443,45734,0,1358,17
1588616964.347558,10.10.0.10,173.194.188.105,,,45734,443,0,37,17
1588616964.3497562,173.194.188.105,10.10.0.10,,,443,45734,0,1358,17
1588616964.353561,173.194.188.105,10.10.0.10,,,443,45734,0,1358,17
1588616964.3550286,10.10.0.10,173.194.188.105,,,45734,443,0,37,17
1588616964.357369,173.194.188.105,10.10.0.10,,,443,45734,0,1358,17
1588616964.361178,173.194.188.105,10.10.0.10,,,443,45734,0,1358,17
1588616964.362578,10.10.0.10,173.194.188.105,,,45734,443,0,37,17
1588616964.364987,173.194.188.105,10.10.0.10,,,443,45734,0,1358,17
1588616964.368779,173.194.188.105,10.10.0.10,,,443,45734,0,1358,17
1588616964.3713422,10.10.0.10,173.194.188.105,,,45734,443,0,37,17
1588616964.3726392,173.194.188.105,10.10.0.10,,,443,45734,0,1358,17
1588616964.3764489,173.194.188.105,10.10.0.10,,,443,45734,0,1358,17
1588616964.3782382,10.10.0.10,173.194.188.105,,,45734,443,0,37,17
1588616964.3802571,173.194.188.105,10.10.0.10,,,443,45734,0,1358,17
1588616964.3840652,173.194.188.105,10.10.0.10,,,443,45734,0,1358,17
1588616964.385694,10.10.0.10,173.194.188.105,,,45734,443,0,37,17
1588616964.3878741,173.194.188.105,10.10.0.10,,,443,45734,0,1358,17
1588616964.3916829,173.194.188.105,10.10.0.10,,,443,45734,0,1358,17
1588616964.3932538,10.10.0.10,173.194.188.105,,,45734,443,0,37,17
1588616964.39545,173.194.188.105,10.10.0.10,,,443,45734,0,1358,17
1588616964.399299,173.194.188.105,10.10.0.10,,,443,45734,0,1358,17
1588616964.401048,10.10.0.10,173.194.188.105,,,45734,443,0,37,17
1588616964.4031081,173.194.188.105,10.10.0.10,,,443,45734,0,1358,17
1588616964.406916,173.194.188.105,10.10.0.10,,,443,45734,0,1358,17
1588616964.4093132,10.10.0.10,173.194.188.105,,,45734,443,0,37,17
1588616964.410725,173.194.188.105,10.10.0.10,,,443,45734,0,1358,17
1588616964.4145331,173.194.188.105,10.10.0.10,,,443,45734,0,1358,17
1588616964.418345,173.194.188.105,10.10.0.10,,,443,45734,0,1358,17
1588616964.419008,10.10.0.10,173.194.188.105,,,45734,443,0,37,17
1588616964.4221091,173.194.188.105,10.10.0.10,,,443,45734,0,1358,17
1588616964.423742,10.10.0.10,173.194.188.105,,,45734,443,0,37,17
1588616964.4259582,173.194.188.105,10.10.0.10,,,443,45734,0,1358,17
1588616964.429768,173.194.188.105,10.10.0.10,,,443,45734,0,1358,17
1588616964.431486,10.10.0.10,173.194.188.105,,,45734,443,0,50,17
1588616964.4335759,173.194.188.105,10.10.0.10,,,443,45734,0,1358,17
1588616964.437384,173.194.188.105,10.10.0.10,,,443,45734,0,1358,17
1588616964.439068,10.10.0.10,173.194.188.105,,,45734,443,0,37,17
1588616964.4411929,173.194.188.105,10.10.0.10,,,443,45734,0,1358,17
1588616964.445011,173.194.188.105,10.10.0.10,,,443,45734,0,1358,17
1588616964.446694,10.10.0.10,173.194.188.105,,,45734,443,0,37,17
1588616964.4487894,173.194.188.105,10.10.0.10,,,443,45734,0,1358,17
1588616964.452618,173.194.188.105,10.10.0.10,,,443,45734,0,1358,17
1588616964.454224,10.10.0.10,173.194.188.105,,,45734,443,0,37,17
1588616964.456426,173.194.188.105,10.10.0.10,,,443,45734,0,1358,17
1588616964.460234,173.194.188.105,10.10.0.10,,,443,45734,0,1358,17
1588616964.461777,10.10.0.10,173.194.188.105,,,45734,443,0,37,17
1588616964.4640439,173.194.188.105,10.10.0.10,,,443,45734,0,1358,17
1588616964.4678519,173.194.188.105,10.10.0.10,,,443,45734,0,1358,17
1588616964.4697351,10.10.0.10,173.194.188.105,,,45734,443,0,37,17
1588616964.4716618,173.194.188.105,10.10.0.10,,,443,45734,0,1358,17
1588616964.4754188,173.194.188.105,10.10.0.10,,,443,45734,0,1358,17
1588616964.476926,10.10.0.10,173.194.188.105,,,45734,443,0,37,17
1588616964.4792776,173.194.188.105,10.10.0.10,,,443,45734,0,1358,17
1588616964.4830859,173.194.188.105,10.10.0.10,,,443,45734,0,1358,17
1588616964.48459,10.10.0.10,173.194.188.105,,,45734,443,0,37,17
1588616964.4868946,173.194.188.105,10.10.0.10,,,443,45734,0,1358,17
1588616964.4907038,173.194.188.105,10.10.0.10,,,443,45734,0,1358,17
1588616964.4923599,10.10.0.10,173.194.188.105,,,45734,443,0,37,17
1588616964.4945116,173.194.188.105,10.10.0.10,,,443,45734,0,1358,17
1588616964.4986944,173.194.188.105,10.10.0.10,,,443,45734,0,1358,17
1588616964.502291,10.10.0.10,173.194.188.105,,,45734,443,0,37,17
1588616964.502485,173.194.188.105,10.10.0.10,,,443,45734,0,1358,17
1588616964.5063546,173.194.188.105,10.10.0.10,,,443,45734,0,1358,17
1588616964.5101638,173.194.188.105,10.10.0.10,,,443,45734,0,1358,17
1588616964.5106509,10.10.0.10,173.194.188.105,,,45734,443,0,37,17
1588616964.513981,173.194.188.105,10.10.0.10,,,443,45734,0,1358,17
1588616964.515594,10.10.0.10,173.194.188.105,,,45734,443,0,37,17
1588616964.51779,173.194.188.105,10.10.0.10,,,443,45734,0,1358,17
1588616964.521598,173.194.188.105,10.10.0.10,,,443,45734,0,1358,17
1588616964.5230498,10.10.0.10,173.194.188.105,,,45734,443,0,37,17
1588616964.5253458,173.194.188.105,10.10.0.10,,,443,45734,0,1358,17
1588616964.5291822,173.194.188.105,10.10.0.10,,,443,45734,0,1358,17
1588616964.5307012,10.10.0.10,173.194.188.105,,,45734,443,0,37,17
1588616964.533014,173.194.188.105,10.10.0.10,,,443,45734,0,1358,17
1588616964.536825,173.194.188.105,10.10.0.10,,,443,45734,0,1358,17
1588616964.538422,10.10.0.10,173.194.188.105,,,45734,443,0,37,17
1588616964.540632,173.194.188.105,10.10.0.10,,,443,45734,0,1358,17
1588616964.5444908,173.194.188.105,10.10.0.10,,,443,45734,0,1358,17
1588616964.546175,10.10.0.10,173.194.188.105,,,45734,443,0,37,17
1588616964.548342,173.194.188.105,10.10.0.10,,,443,45734,0,1358,17
1588616964.552135,173.194.188.105,10.10.0.10,,,443,45734,0,1358,17
1588616964.55415,10.10.0.10,173.194.188.105,,,45734,443,0,37,17
1588616964.5559802,173.194.188.105,10.10.0.10,,,443,45734,0,1358,17
1588616964.559791,173.194.188.105,10.10.0.10,,,443,45734,0,1358,17
1588616964.56134,10.10.0.10,173.194.188.105,,,45734,443,0,37,17
1588616964.5635982,173.194.188.105,10.10.0.10,,,443,45734,0,1358,17
1588616964.5674062,173.194.188.105,10.10.0.10,,,443,45734,0,1358,17
1588616964.5691464,10.10.0.10,173.194.188.105,,,45734,443,0,37,17
1588616964.5712152,173.194.188.105,10.10.0.10,,,443,45734,0,1358,17
1588616964.575023,173.194.188.105,10.10.0.10,,,443,45734,0,1358,17
1588616964.576632,10.10.0.10,173.194.188.105,,,45734,443,0,37,17
1588616964.5787892,173.194.188.105,10.10.0.10,,,443,45734,0,1358,17
1588616964.5826411,173.194.188.105,10.10.0.10,,,443,45734,0,1358,17
1588616964.5855026,10.10.0.10,173.194.188.105,,,45734,443,0,50,17
1588616964.586421,173.194.188.105,10.10.0.10,,,443,45734,0,1358,17
1588616964.590231,173.194.188.105,10.10.0.10,,,443,45734,0,1358,17
1588616964.59197,10.10.0.10,173.194.188.105,,,45734,443,0,37,17
1588616964.594004,173.194.188.105,10.10.0.10,,,443,45734,0,1358,17
1588616964.5978372,173.194.188.105,10.10.0.10,,,443,45734,0,1358,17
1588616964.599444,10.10.0.10,173.194.188.105,,,45734,443,0,37,17
1588616964.6016169,173.194.188.105,10.10.0.10,,,443,45734,0,1358,17
1588616964.60545,173.194.188.105,10.10.0.10,,,443,45734,0,1358,17
1588616964.6092858,173.194.188.105,10.10.0.10,,,443,45734,0,1358,17
1588616964.609494,10.10.0.10,173.194.188.105,,,45734,443,0,37,17
1588616964.613067,173.194.188.105,10.10.0.10,,,443,45734,0,1358,17
1588616964.616225,10.10.0.10,173.194.188.105,,,45734,443,0,37,17
1588616964.6168542,173.194.188.105,10.10.0.10,,,443,45734,0,1358,17
1588616964.6206524,173.194.188.105,10.10.0.10,,,443,45734,0,1358,17
1588616964.6222372,10.10.0.10,173.194.188.105,,,45734,443,0,37,17
1588616964.6244922,173.194.188.105,10.10.0.10,,,443,45734,0,1358,17
1588616964.62833,173.194.188.105,10.10.0.10,,,443,45734,0,1358,17
1588616964.629961,10.10.0.10,173.194.188.105,,,45734,443,0,37,17
1588616964.6321142,173.194.188.105,10.10.0.10,,,443,45734,0,1358,17
1588616964.63595,173.194.188.105,10.10.0.10,,,443,45734,0,1358,17
1588616964.6375651,10.10.0.10,173.194.188.105,,,45734,443,0,37,17
1588616964.6397312,173.194.188.105,10.10.0.10,,,443,45734,0,1358,17
1588616964.643568,173.194.188.105,10.10.0.10,,,443,45734,0,1358,17
1588616964.6451652,10.10.0.10,173.194.188.105,,,45734,443,0,37,17
1588616964.647353,173.194.188.105,10.10.0.10,,,443,45734,0,1358,17
1588616964.651126,173.194.188.105,10.10.0.10,,,443,45734,0,1358,17
1588616964.652715,10.10.0.10,173.194.188.105,,,45734,443,0,37,17
1588616964.6549318,173.194.188.105,10.10.0.10,,,443,45734,0,1358,17
1588616964.6587481,173.194.188.105,10.10.0.10,,,443,45734,0,1358,17
1588616964.660337,10.10.0.10,173.194.188.105,,,45734,443,0,37,17
1588616964.662608,173.194.188.105,10.10.0.10,,,443,45734,0,1358,17
1588616964.666386,173.194.188.105,10.10.0.10,,,443,45734,0,1358,17
1588616964.6683571,10.10.0.10,173.194.188.105,,,45734,443,0,37,17
1588616964.670201,173.194.188.105,10.10.0.10,,,443,45734,0,1358,17
1588616964.6740339,173.194.188.105,10.10.0.10,,,443,45734,0,1358,17
1588616964.675602,10.10.0.10,173.194.188.105,,,45734,443,0,37,17
1588616964.6778429,173.194.188.105,10.10.0.10,,,443,45734,0,1358,17
1588616964.681625,173.194.188.105,10.10.0.10,,,443,45734,0,1358,17
1588616964.683325,10.10.0.10,173.194.188.105,,,45734,443,0,37,17
1588616964.6853971,173.194.188.105,10.10.0.10,,,443,45734,0,1358,17
1588616964.689211,173.194.188.105,10.10.0.10,,,443,45734,0,1358,17
1588616964.6906,10.10.0.10,173.194.188.105,,,45734,443,0,37,17
1588616964.693022,173.194.188.105,10.10.0.10,,,443,45734,0,1358,17
1588616964.696858,173.194.188.105,10.10.0.10,,,443,45734,0,1358,17
1588616964.6985302,10.10.0.10,173.194.188.105,,,45734,443,0,37,17
1588616964.7006755,173.194.188.105,10.10.0.10,,,443,45734,0,1358,17
1588616964.704518,173.194.188.105,10.10.0.10,,,443,45734,0,1358,17
1588616964.70608,10.10.0.10,173.194.188.105,,,45734,443,0,37,17
1588616964.7082932,173.194.188.105,10.10.0.10,,,443,45734,0,1358,17
1588616964.7120938,173.194.188.105,10.10.0.10,,,443,45734,0,1358,17
1588616964.715157,10.10.0.10,173.194.188.105,,,45734,443,0,37,17
1588616964.7159019,173.194.188.105,10.10.0.10,,,443,45734,0,1358,17
1588616964.719744,173.194.188.105,10.10.0.10,,,443,45734,0,1358,17
1588616964.7218509,10.10.0.10,173.194.188.105,,,45734,443,0,37,17
1588616964.723507,173.194.188.105,10.10.0.10,,,443,45734,0,1358,17
1588616964.727313,173.194.188.105,10.10.0.10,,,443,45734,0,1358,17
1588616964.7287278,10.10.0.10,173.194.188.105,,,45734,443,0,37,17
1588616964.731107,173.194.188.105,10.10.0.10,,,443,45734,0,1358,17
1588616964.7349172,173.194.188.105,10.10.0.10,,,443,45734,0,1358,17
1588616964.7365332,10.10.0.10,173.194.188.105,,,45734,443,0,50,17
1588616964.7387464,173.194.188.105,10.10.0.10,,,443,45734,0,1358,17
1588616964.742554,173.194.188.105,10.10.0.10,,,443,45734,0,1358,17
1588616964.7446,10.10.0.10,173.194.188.105,,,45734,443,0,37,17
1588616964.746362,173.194.188.105,10.10.0.10,,,443,45734,0,1358,17
1588616964.750173,173.194.188.105,10.10.0.10,,,443,45734,0,1358,17
1588616964.7527661,10.10.0.10,173.194.188.105,,,45734,443,0,37,17
1588616964.753984,173.194.188.105,10.10.0.10,,,443,45734,0,1358,17
1588616964.757816,173.194.188.105,10.10.0.10,,,443,45734,0,1358,17
1588616964.759807,10.10.0.10,173.194.188.105,,,45734,443,0,37,17
1588616964.7616348,173.194.188.105,10.10.0.10,,,443,45734,0,1358,17
1588616964.765411,173.194.188.105,10.10.0.10,,,443,45734,0,1358,17
1588616964.7670188,10.10.0.10,173.194.188.105,,,45734,443,0,37,17
1588616964.7691839,173.194.188.105,10.10.0.10,,,443,45734,0,1358,17
1588616964.7730534,173.194.188.105,10.10.0.10,,,443,45734,0,1358,17
1588616964.774621,10.10.0.10,173.194.188.105,,,45734,443,0,37,17
1588616964.776863,173.194.188.105,10.10.0.10,,,443,45734,0,1358,17
1588616964.7806716,173.194.188.105,10.10.0.10,,,443,45734,0,1358,17
1588616964.7821276,10.10.0.10,173.194.188.105,,,45734,443,0,37,17
1588616964.7844784,173.194.188.105,10.10.0.10,,,443,45734,0,1358,17
1588616964.788287,173.194.188.105,10.10.0.10,,,443,45734,0,1358,17
1588616964.789767,10.10.0.10,173.194.188.105,,,45734,443,0,37,17
1588616964.792034,173.194.188.105,10.10.0.10,,,443,45734,0,1358,17
1588616964.795881,173.194.188.105,10.10.0.10,,,443,45734,0,1358,17
1588616964.797456,10.10.0.10,173.194.188.105,,,45734,443,0,37,17
1588616964.799685,173.194.188.105,10.10.0.10,,,443,45734,0,1358,17
1588616964.8035214,173.194.188.105,10.10.0.10,,,443,45734,0,1358,17
1588616964.8051252,10.10.0.10,173.194.188.105,,,45734,443,0,37,17
1588616964.807301,173.194.188.105,10.10.0.10,,,443,45734,0,1358,17
1588616964.811137,173.194.188.105,10.10.0.10,,,443,45734,0,1358,17
1588616964.812883,10.10.0.10,173.194.188.105,,,45734,443,0,37,17
1588616964.8149474,173.194.188.105,10.10.0.10,,,443,45734,0,1358,17
1588616964.81873,173.194.188.105,10.10.0.10,,,443,45734,0,1358,17
1588616964.8202481,10.10.0.10,173.194.188.105,,,45734,443,0,37,17
1588616964.8225412,173.194.188.105,10.10.0.10,,,443,45734,0,1358,17
1588616964.826359,173.194.188.105,10.10.0.10,,,443,45734,0,1358,17
1588616964.8285599,10.10.0.10,173.194.188.105,,,45734,443,0,37,17
1588616964.830154,173.194.188.105,10.10.0.10,,,443,45734,0,1358,17
1588616964.833991,173.194.188.105,10.10.0.10,,,443,45734,0,1358,17
1588616964.835667,10.10.0.10,173.194.188.105,,,45734,443,0,37,17
1588616964.837799,173.194.188.105,10.10.0.10,,,443,45734,0,1358,17
1588616964.841608,173.194.188.105,10.10.0.10,,,443,45734,0,1358,17
1588616964.84344,10.10.0.10,173.194.188.105,,,45734,443,0,37,17
1588616964.8453894,173.194.188.105,10.10.0.10,,,443,45734,0,1358,17
1588616964.8491948,173.194.188.105,10.10.0.10,,,443,45734,0,1358,17
1588616964.850777,10.10.0.10,173.194.188.105,,,45734,443,0,37,17
1588616964.8530116,173.194.188.105,10.10.0.10,,,443,45734,0,1358,17
1588616964.8568199,173.194.188.105,10.10.0.10,,,443,45734,0,1358,17
1588616964.8586721,10.10.0.10,173.194.188.105,,,45734,443,0,37,17
1588616964.8606539,173.194.188.105,10.10.0.10,,,443,45734,0,1358,17
1588616964.8644602,173.194.188.105,10.10.0.10,,,443,45734,0,1358,17
1588616964.866591,10.10.0.10,173.194.188.105,,,45734,443,0,37,17
1588616964.8682704,173.194.188.105,10.10.0.10,,,443,45734,0,1358,17
1588616964.872016,173.194.188.105,10.10.0.10,,,443,45734,0,1358,17
1588616964.87386,10.10.0.10,173.194.188.105,,,45734,443,0,37,17
1588616964.875864,173.194.188.105,10.10.0.10,,,443,45734,0,1358,17
1588616964.879694,173.194.188.105,10.10.0.10,,,443,45734,0,1358,17
1588616964.8827558,10.10.0.10,173.194.188.105,,,45734,443,0,37,17
1588616964.8834784,173.194.188.105,10.10.0.10,,,443,45734,0,1358,17
1588616964.887311,173.194.188.105,10.10.0.10,,,443,45734,0,1358,17
1588616964.889358,10.10.0.10,173.194.188.105,,,45734,443,0,50,17
1588616964.8910818,173.194.188.105,10.10.0.10,,,443,45734,0,1358,17
1588616964.8949318,173.194.188.105,10.10.0.10,,,443,45734,0,1358,17
1588616964.8965082,10.10.0.10,173.194.188.105,,,45734,443,0,37,17
1588616964.8986769,173.194.188.105,10.10.0.10,,,443,45734,0,1358,17
1588616964.902526,173.194.188.105,10.10.0.10,,,443,45734,0,1358,17
1588616964.904137,10.10.0.10,173.194.188.105,,,45734,443,0,37,17
1588616964.906358,173.194.188.105,10.10.0.10,,,443,45734,0,1358,17
1588616964.910167,173.194.188.105,10.10.0.10,,,443,45734,0,1358,17
1588616964.9117632,10.10.0.10,173.194.188.105,,,45734,443,0,37,17
1588616964.913974,173.194.188.105,10.10.0.10,,,443,45734,0,1358,17
1588616964.917782,173.194.188.105,10.10.0.10,,,443,45734,0,1358,17
1588616964.920569,10.10.0.10,173.194.188.105,,,45734,443,0,37,17
1588616964.9215276,173.194.188.105,10.10.0.10,,,443,45734,0,1358,17
1588616964.925374,173.194.188.105,10.10.0.10,,,443,45734,0,1358,17
1588616964.9269722,10.10.0.10,173.194.188.105,,,45734,443,0,37,17
1588616964.929185,173.194.188.105,10.10.0.10,,,443,45734,0,1358,17
1588616964.933017,173.194.188.105,10.10.0.10,,,443,45734,0,1358,17
1588616964.934616,10.10.0.10,173.194.188.105,,,45734,443,0,37,17
1588616964.936761,173.194.188.105,10.10.0.10,,,443,45734,0,1358,17
1588616964.940634,173.194.188.105,10.10.0.10,,,443,45734,0,1358,17
1588616964.9420981,10.10.0.10,173.194.188.105,,,45734,443,0,37,17
1588616964.944443,173.194.188.105,10.10.0.10,,,443,45734,0,1358,17
1588616964.9482508,173.194.188.105,10.10.0.10,,,443,45734,0,1358,17
1588616964.950034,10.10.0.10,173.194.188.105,,,45734,443,0,37,17
1588616964.9520268,173.194.188.105,10.10.0.10,,,443,45734,0,1358,17
1588616964.9558446,173.194.188.105,10.10.0.10,,,443,45734,0,1358,17
1588616964.9573288,10.10.0.10,173.194.188.105,,,45734,443,0,37,17
1588616964.9596498,173.194.188.105,10.10.0.10,,,443,45734,0,1358,17
1588616964.963485,173.194.188.105,10.10.0.10,,,443,45734,0,1358,17
1588616964.9650366,10.10.0.10,173.194.188.105,,,45734,443,0,37,17
1588616964.967262,173.194.188.105,10.10.0.10,,,443,45734,0,1358,17
1588616964.971102,173.194.188.105,10.10.0.10,,,443,45734,0,1358,17
1588616964.9726784,10.10.0.10,173.194.188.105,,,45734,443,0,37,17
1588616964.974911,173.194.188.105,10.10.0.10,,,443,45734,0,1358,17
1588616964.9786522,173.194.188.105,10.10.0.10,,,443,45734,0,1358,17
1588616964.9806142,10.10.0.10,173.194.188.105,,,45734,443,0,37,17
1588616964.9824634,173.194.188.105,10.10.0.10,,,443,45734,0,1358,17
1588616964.986336,173.194.188.105,10.10.0.10,,,443,45734,0,1358,17
1588616964.9891431,10.10.0.10,173.194.188.105,,,45734,443,0,37,17
1588616964.990143,173.194.188.105,10.10.0.10,,,443,45734,0,1358,17
1588616964.993952,173.194.188.105,10.10.0.10,,,443,45734,0,1358,17
1588616964.9954438,10.10.0.10,173.194.188.105,,,45734,443,0,37,17
1588616964.9977276,173.194.188.105,10.10.0.10,,,443,45734,0,1358,17
1588616965.0015712,173.194.188.105,10.10.0.10,,,443,45734,0,1358,17
1588616965.0044508,10.10.0.10,173.194.188.105,,,45734,443,0,37,17
1588616965.005312,173.194.188.105,10.10.0.10,,,443,45734,0,1358,17
1588616965.009153,173.194.188.105,10.10.0.10,,,443,45734,0,1358,17
1588616965.010823,10.10.0.10,173.194.188.105,,,45734,443,0,37,17
1588616965.0129652,173.194.188.105,10.10.0.10,,,443,45734,0,1358,17
1588616965.0167801,173.194.188.105,10.10.0.10,,,443,45734,0,1358,17
1588616965.018556,10.10.0.10,173.194.188.105,,,45734,443,0,37,17
1588616965.0206118,173.194.188.105,10.10.0.10,,,443,45734,0,1358,17
1588616965.0244198,173.194.188.105,10.10.0.10,,,443,45734,0,1358,17
1588616965.0258946,10.10.0.10,173.194.188.105,,,45734,443,0,37,17
1588616965.0282278,173.194.188.105,10.10.0.10,,,443,45734,0,1358,17
1588616965.031974,173.194.188.105,10.10.0.10,,,443,45734,0,1358,17
1588616965.035109,10.10.0.10,173.194.188.105,,,45734,443,0,37,17
1588616965.035814,173.194.188.105,10.10.0.10,,,443,45734,0,1358,17
1588616965.039638,173.194.188.105,10.10.0.10,,,443,45734,0,1358,17
1588616965.0414536,10.10.0.10,173.194.188.105,,,45734,443,0,50,17
1588616965.0434618,173.194.188.105,10.10.0.10,,,443,45734,0,1358,17
1588616965.0472784,173.194.188.105,10.10.0.10,,,443,45734,0,1358,17
1588616965.0488648,10.10.0.10,173.194.188.105,,,45734,443,0,37,17
1588616965.051081,173.194.188.105,10.10.0.10,,,443,45734,0,1358,17
1588616965.054889,173.194.188.105,10.10.0.10,,,443,45734,0,1358,17
1588616965.056494,10.10.0.10,173.194.188.105,,,45734,443,0,37,17
1588616965.0586329,173.194.188.105,10.10.0.10,,,443,45734,0,1358,17
1588616965.062475,173.194.188.105,10.10.0.10,,,443,45734,0,1358,17
1588616965.064013,10.10.0.10,173.194.188.105,,,45734,443,0,37,17
1588616965.0662901,173.194.188.105,10.10.0.10,,,443,45734,0,1358,17
1588616965.070124,173.194.188.105,10.10.0.10,,,443,45734,0,1358,17
1588616965.0719,10.10.0.10,173.194.188.105,,,45734,443,0,37,17
1588616965.07393,173.194.188.105,10.10.0.10,,,443,45734,0,1358,17
1588616965.0777402,173.194.188.105,10.10.0.10,,,443,45734,0,1358,17
1588616965.0793562,10.10.0.10,173.194.188.105,,,45734,443,0,37,17
1588616965.0815468,173.194.188.105,10.10.0.10,,,443,45734,0,1358,17
1588616965.085292,173.194.188.105,10.10.0.10,,,443,45734,0,1358,17
1588616965.0869708,10.10.0.10,173.194.188.105,,,45734,443,0,37,17
1588616965.089135,173.194.188.105,10.10.0.10,,,443,45734,0,1358,17
1588616965.0929651,173.194.188.105,10.10.0.10,,,443,45734,0,1358,17
1588616965.094542,10.10.0.10,173.194.188.105,,,45734,443,0,37,17
1588616965.0967224,173.194.188.105,10.10.0.10,,,443,45734,0,1358,17
1588616965.1005962,173.194.188.105,10.10.0.10,,,443,45734,0,1358,17
1588616965.10227,10.10.0.10,173.194.188.105,,,45734,443,0,37,17
1588616965.1044028,173.194.188.105,10.10.0.10,,,443,45734,0,1358,17
1588616965.1082132,173.194.188.105,10.10.0.10,,,443,45734,0,1358,17
1588616965.109832,10.10.0.10,173.194.188.105,,,45734,443,0,37,17
1588616965.111954,173.194.188.105,10.10.0.10,,,443,45734,0,1358,17
1588616965.1157591,173.194.188.105,10.10.0.10,,,443,45734,0,1358,17
1588616965.11964,173.194.188.105,10.10.0.10,,,443,45734,0,1358,17
1588616965.123412,173.194.188.105,10.10.0.10,,,443,45734,0,1358,17
1588616965.1272461,173.194.188.105,10.10.0.10,,,443,45734,0,1358,17
1588616965.131063,173.194.188.105,10.10.0.10,,,443,45734,0,1358,17
1588616965.1348698,173.194.188.105,10.10.0.10,,,443,45734,0,1358,17
1588616965.14447,10.10.0.10,173.194.188.105,,,45734,443,0,37,17
1588616965.147634,10.10.0.10,173.194.188.105,,,45734,443,0,37,17
1588616965.1483555,10.10.0.10,173.194.188.105,,,45734,443,0,37,17
1588616965.1489012,173.194.188.105,10.10.0.10,,,443,45734,0,1358,17
1588616965.150625,10.10.0.10,173.194.188.105,,,45734,443,0,37,17
1588616965.1529384,173.194.188.105,10.10.0.10,,,443,45734,0,1358,17
1588616965.1529849,173.194.188.105,10.10.0.10,,,443,45734,0,1358,17
1588616965.1548774,10.10.0.10,173.194.188.105,,,45734,443,0,37,17
1588616965.159346,173.194.188.105,10.10.0.10,,,443,45734,0,1358,17
1588616965.160038,173.194.188.105,10.10.0.10,,,443,45734,0,1358,17
1588616965.161533,10.10.0.10,173.194.188.105,,,45734,443,0,37,17
1588616965.163872,173.194.188.105,10.10.0.10,,,443,45734,0,1358,17
1588616965.167682,173.194.188.105,10.10.0.10,,,443,45734,0,1358,17
1588616965.1698966,10.10.0.10,173.194.188.105,,,45734,443,0,37,17
1588616965.17149,173.194.188.105,10.10.0.10,,,443,45734,0,1358,17
1588616965.175301,173.194.188.105,10.10.0.10,,,443,45734,0,1358,17
1588616965.1768892,10.10.0.10,173.194.188.105,,,45734,443,0,37,17
1588616965.17911,173.194.188.105,10.10.0.10,,,443,45734,0,1358,17
1588616965.182848,173.194.188.105,10.10.0.10,,,443,45734,0,1358,17
1588616965.184524,10.10.0.10,173.194.188.105,,,45734,443,0,37,17
1588616965.186724,173.194.188.105,10.10.0.10,,,443,45734,0,1358,17
1588616965.1905315,173.194.188.105,10.10.0.10,,,443,45734,0,1358,17
1588616965.1921475,10.10.0.10,173.194.188.105,,,45734,443,0,37,17
1588616965.1943412,173.194.188.105,10.10.0.10,,,443,45734,0,1358,17
1588616965.1981478,173.194.188.105,10.10.0.10,,,443,45734,0,1358,17
1588616965.2001429,10.10.0.10,173.194.188.105,,,45734,443,0,50,17
1588616965.20189,173.194.188.105,10.10.0.10,,,443,45734,0,1358,17
1588616965.2057312,173.194.188.105,10.10.0.10,,,443,45734,0,1358,17
1588616965.2073278,10.10.0.10,173.194.188.105,,,45734,443,0,37,17
1588616965.209574,173.194.188.105,10.10.0.10,,,443,45734,0,1358,17
1588616965.213384,173.194.188.105,10.10.0.10,,,443,45734,0,1358,17
1588616965.214898,10.10.0.10,173.194.188.105,,,45734,443,0,37,17
1588616965.217191,173.194.188.105,10.10.0.10,,,443,45734,0,1358,17
1588616965.220999,173.194.188.105,10.10.0.10,,,443,45734,0,1358,17
1588616965.222665,10.10.0.10,173.194.188.105,,,45734,443,0,37,17
1588616965.224809,173.194.188.105,10.10.0.10,,,443,45734,0,1358,17
1588616965.2285519,173.194.188.105,10.10.0.10,,,443,45734,0,1358,17
1588616965.2301412,10.10.0.10,173.194.188.105,,,45734,443,0,37,17
1588616965.2323902,173.194.188.105,10.10.0.10,,,443,45734,0,1358,17
1588616965.236233,173.194.188.105,10.10.0.10,,,443,45734,0,1358,17
1588616965.239168,10.10.0.10,173.194.188.105,,,45734,443,0,37,17
1588616965.240018,173.194.188.105,10.10.0.10,,,443,45734,0,1358,17
1588616965.2438278,173.194.188.105,10.10.0.10,,,443,45734,0,1358,17
1588616965.2452474,10.10.0.10,173.194.188.105,,,45734,443,0,37,17
1588616965.247659,173.194.188.105,10.10.0.10,,,443,45734,0,1358,17
1588616965.251471,173.194.188.105,10.10.0.10,,,443,45734,0,1358,17
1588616965.253419,10.10.0.10,173.194.188.105,,,45734,443,0,37,17
1588616965.25521,173.194.188.105,10.10.0.10,,,443,45734,0,1358,17
1588616965.25905,173.194.188.105,10.10.0.10,,,443,45734,0,1358,17
1588616965.2609189,10.10.0.10,173.194.188.105,,,45734,443,0,37,17
1588616965.2628932,173.194.188.105,10.10.0.10,,,443,45734,0,1358,17
1588616965.2667027,173.194.188.105,10.10.0.10,,,443,45734,0,1358,17
1588616965.268639,10.10.0.10,173.194.188.105,,,45734,443,0,37,17
1588616965.2705116,173.194.188.105,10.10.0.10,,,443,45734,0,1358,17
1588616965.274319,173.194.188.105,10.10.0.10,,,443,45734,0,1358,17
1588616965.275955,10.10.0.10,173.194.188.105,,,45734,443,0,37,17
1588616965.278127,173.194.188.105,10.10.0.10,,,443,45734,0,1358,17
1588616965.281875,173.194.188.105,10.10.0.10,,,443,45734,0,1358,17
1588616965.283415,10.10.0.10,173.194.188.105,,,45734,443,0,37,17
1588616965.285711,173.194.188.105,10.10.0.10,,,443,45734,0,1358,17
1588616965.289553,173.194.188.105,10.10.0.10,,,443,45734,0,1358,17
1588616965.2911026,10.10.0.10,173.194.188.105,,,45734,443,0,37,17
1588616965.293362,173.194.188.105,10.10.0.10,,,443,45734,0,1358,17
1588616965.297169,173.194.188.105,10.10.0.10,,,443,45734,0,1358,17
1588616965.298769,10.10.0.10,173.194.188.105,,,45734,443,0,37,17
1588616965.300978,173.194.188.105,10.10.0.10,,,443,45734,0,1358,17
1588616965.304787,173.194.188.105,10.10.0.10,,,443,45734,0,1358,17
1588616965.306475,10.10.0.10,173.194.188.105,,,45734,443,0,37,17
1588616965.308541,173.194.188.105,10.10.0.10,,,443,45734,0,1358,17
1588616965.312368,173.194.188.105,10.10.0.10,,,443,45734,0,1358,17
1588616965.314105,10.10.0.10,173.194.188.105,,,45734,443,0,37,17
1588616965.316212,173.194.188.105,10.10.0.10,,,443,45734,0,1358,17
1588616965.3200214,173.194.188.105,10.10.0.10,,,443,45734,0,1358,17
1588616965.3221052,10.10.0.10,173.194.188.105,,,45734,443,0,37,17
1588616965.3238294,173.194.188.105,10.10.0.10,,,443,45734,0,1358,17
1588616965.327614,173.194.188.105,10.10.0.10,,,443,45734,0,1358,17
1588616965.330938,10.10.0.10,173.194.188.105,,,45734,443,0,37,17
1588616965.331411,173.194.188.105,10.10.0.10,,,443,45734,0,1358,17
1588616965.335207,173.194.188.105,10.10.0.10,,,443,45734,0,1358,17
1588616965.337999,10.10.0.10,173.194.188.105,,,45734,443,0,37,17
1588616965.3390205,173.194.188.105,10.10.0.10,,,443,45734,0,1358,17
1588616965.3428712,173.194.188.105,10.10.0.10,,,443,45734,0,1358,17
1588616965.344456,10.10.0.10,173.194.188.105,,,45734,443,0,37,17
1588616965.346679,173.194.188.105,10.10.0.10,,,443,45734,0,1358,17
1588616965.350445,173.194.188.105,10.10.0.10,,,443,45734,0,1358,17
1588616965.3521411,10.10.0.10,173.194.188.105,,,45734,443,0,50,17
1588616965.3542366,173.194.188.105,10.10.0.10,,,443,45734,0,1358,17
1588616965.358075,173.194.188.105,10.10.0.10,,,443,45734,0,1358,17
1588616965.3597405,10.10.0.10,173.194.188.105,,,45734,443,0,37,17
1588616965.361845,173.194.188.105,10.10.0.10,,,443,45734,0,1358,17
1588616965.3656876,173.194.188.105,10.10.0.10,,,443,45734,0,1358,17
1588616965.367586,10.10.0.10,173.194.188.105,,,45734,443,0,37,17
1588616965.36953,173.194.188.105,10.10.0.10,,,443,45734,0,1358,17
1588616965.3733401,173.194.188.105,10.10.0.10,,,443,45734,0,1358,17
1588616965.3748732,10.10.0.10,173.194.188.105,,,45734,443,0,37,17
1588616965.3771136,173.194.188.105,10.10.0.10,,,443,45734,0,1358,17
1588616965.3809562,173.194.188.105,10.10.0.10,,,443,45734,0,1358,17
1588616965.382642,10.10.0.10,173.194.188.105,,,45734,443,0,37,17
1588616965.3847642,173.194.188.105,10.10.0.10,,,443,45734,0,1358,17
1588616965.3885171,173.194.188.105,10.10.0.10,,,443,45734,0,1358,17
1588616965.3903732,10.10.0.10,173.194.188.105,,,45734,443,0,37,17
1588616965.3923461,173.194.188.105,10.10.0.10,,,443,45734,0,1358,17
1588616965.3961902,173.194.188.105,10.10.0.10,,,443,45734,0,1358,17
1588616965.397827,10.10.0.10,173.194.188.105,,,45734,443,0,37,17
1588616965.400015,173.194.188.105,10.10.0.10,,,443,45734,0,1358,17
1588616965.403772,173.194.188.105,10.10.0.10,,,443,45734,0,1358,17
1588616965.4055252,10.10.0.10,173.194.188.105,,,45734,443,0,37,17
1588616965.407615,173.194.188.105,10.10.0.10,,,443,45734,0,1358,17
1588616965.411424,173.194.188.105,10.10.0.10,,,443,45734,0,1358,17
1588616965.413183,10.10.0.10,173.194.188.105,,,45734,443,0,37,17
1588616965.415205,173.194.188.105,10.10.0.10,,,443,45734,0,1358,17
1588616965.419006,173.194.188.105,10.10.0.10,,,443,45734,0,1358,17
1588616965.4227052,10.10.0.10,173.194.188.105,,,45734,443,0,37,17
1588616965.4228532,173.194.188.105,10.10.0.10,,,443,45734,0,1358,17
1588616965.4266589,173.194.188.105,10.10.0.10,,,443,45734,0,1358,17
1588616965.428185,10.10.0.10,173.194.188.105,,,45734,443,0,37,17
1588616965.430467,173.194.188.105,10.10.0.10,,,443,45734,0,1358,17
1588616965.434274,173.194.188.105,10.10.0.10,,,443,45734,0,1358,17
1588616965.436001,10.10.0.10,173.194.188.105,,,45734,443,0,37,17
1588616965.4381812,173.194.188.105,10.10.0.10,,,443,45734,0,1358,17
1588616965.442006,173.194.188.105,10.10.0.10,,,443,45734,0,1358,17
1588616965.444176,10.10.0.10,173.194.188.105,,,45734,443,0,37,17
1588616965.44585,173.194.188.105,10.10.0.10,,,443,45734,0,1358,17
1588616965.449643,173.194.188.105,10.10.0.10,,,443,45734,0,1358,17
1588616965.45137,10.10.0.10,173.194.188.105,,,45734,443,0,37,17
1588616965.453489,173.194.188.105,10.10.0.10,,,443,45734,0,1358,17
1588616965.4572976,173.194.188.105,10.10.0.10,,,443,45734,0,1358,17
1588616965.458805,10.10.0.10,173.194.188.105,,,45734,443,0,37,17
1588616965.4611056,173.194.188.105,10.10.0.10,,,443,45734,0,1358,17
1588616965.4649172,173.194.188.105,10.10.0.10,,,443,45734,0,1358,17
1588616965.4664972,10.10.0.10,173.194.188.105,,,45734,443,0,37,17
1588616965.468657,173.194.188.105,10.10.0.10,,,443,45734,0,1358,17
1588616965.4725099,173.194.188.105,10.10.0.10,,,443,45734,0,1358,17
1588616965.474335,10.10.0.10,173.194.188.105,,,45734,443,0,37,17
1588616965.476341,173.194.188.105,10.10.0.10,,,443,45734,0,1358,17
1588616965.480149,173.194.188.105,10.10.0.10,,,443,45734,0,1358,17
1588616965.4819126,10.10.0.10,173.194.188.105,,,45734,443,0,37,17
1588616965.483959,173.194.188.105,10.10.0.10,,,443,45734,0,1358,17
1588616965.487767,173.194.188.105,10.10.0.10,,,443,45734,0,1358,17
1588616965.48945,10.10.0.10,173.194.188.105,,,45734,443,0,37,17
1588616965.491574,173.194.188.105,10.10.0.10,,,443,45734,0,1358,17
1588616965.4953158,173.194.188.105,10.10.0.10,,,443,45734,0,1358,17
1588616965.496849,10.10.0.10,173.194.188.105,,,45734,443,0,37,17
1588616965.4991686,173.194.188.105,10.10.0.10,,,443,45734,0,1358,17
1588616965.503001,173.194.188.105,10.10.0.10,,,443,45734,0,1358,17
1588616965.505214,10.10.0.10,173.194.188.105,,,45734,443,0,50,17
1588616965.506808,173.194.188.105,10.10.0.10,,,443,45734,0,1358,17
1588616965.510583,173.194.188.105,10.10.0.10,,,443,45734,0,1358,17
1588616965.51229,10.10.0.10,173.194.188.105,,,45734,443,0,37,17
1588616965.5143812,173.194.188.105,10.10.0.10,,,443,45734,0,1358,17
1588616965.5182018,173.194.188.105,10.10.0.10,,,443,45734,0,1358,17
1588616965.519769,10.10.0.10,173.194.188.105,,,45734,443,0,37,17
1588616965.521976,173.194.188.105,10.10.0.10,,,443,45734,0,1358,17
1588616965.525812,173.194.188.105,10.10.0.10,,,443,45734,0,1358,17
1588616965.5273552,10.10.0.10,173.194.188.105,,,45734,443,0,37,17
1588616965.529618,173.194.188.105,10.10.0.10,,,443,45734,0,1358,17
1588616965.533442,173.194.188.105,10.10.0.10,,,443,45734,0,1358,17
1588616965.5354,10.10.0.10,173.194.188.105,,,45734,443,0,37,17
1588616965.5372028,173.194.188.105,10.10.0.10,,,443,45734,0,1358,17
1588616965.541041,173.194.188.105,10.10.0.10,,,443,45734,0,1358,17
1588616965.543783,10.10.0.10,173.194.188.105,,,45734,443,0,37,17
1588616965.5448818,173.194.188.105,10.10.0.10,,,443,45734,0,1358,17
1588616965.5486279,173.194.188.105,10.10.0.10,,,443,45734,0,1358,17
1588616965.552472,173.194.188.105,10.10.0.10,,,443,45734,0,1358,17
1588616965.556083,10.10.0.10,173.194.188.105,,,45734,443,0,37,17
1588616965.556248,173.194.188.105,10.10.0.10,,,443,45734,0,1358,17
1588616965.557873,10.10.0.10,173.194.188.105,,,45734,443,0,37,17
1588616965.5600748,173.194.188.105,10.10.0.10,,,443,45734,0,1358,17
1588616965.563927,173.194.188.105,10.10.0.10,,,443,45734,0,1358,17
1588616965.5655036,10.10.0.10,173.194.188.105,,,45734,443,0,37,17
1588616965.567699,173.194.188.105,10.10.0.10,,,443,45734,0,1358,17
1588616965.571501,173.194.188.105,10.10.0.10,,,443,45734,0,1358,17
1588616965.573068,10.10.0.10,173.194.188.105,,,45734,443,0,37,17
1588616965.575289,173.194.188.105,10.10.0.10,,,443,45734,0,1358,17
1588616965.579099,173.194.188.105,10.10.0.10,,,443,45734,0,1358,17
1588616965.580471,10.10.0.10,173.194.188.105,,,45734,443,0,37,17
1588616965.5829391,173.194.188.105,10.10.0.10,,,443,45734,0,1358,17
1588616965.586785,173.194.188.105,10.10.0.10,,,443,45734,0,1358,17
1588616965.58839,10.10.0.10,173.194.188.105,,,45734,443,0,37,17
1588616965.590592,173.194.188.105,10.10.0.10,,,443,45734,0,1358,17
1588616965.594368,173.194.188.105,10.10.0.10,,,443,45734,0,1358,17
1588616965.596514,10.10.0.10,173.194.188.105,,,45734,443,0,37,17
1588616965.5982,173.194.188.105,10.10.0.10,,,443,45734,0,1358,17
1588616965.601946,173.194.188.105,10.10.0.10,,,443,45734,0,1358,17
1588616965.605791,173.194.188.105,10.10.0.10,,,443,45734,0,1358,17
1588616965.60685,10.10.0.10,173.194.188.105,,,45734,443,0,37,17
1588616965.6096249,173.194.188.105,10.10.0.10,,,443,45734,0,1358,17
1588616965.611203,10.10.0.10,173.194.188.105,,,45734,443,0,37,17
1588616965.6134338,173.194.188.105,10.10.0.10,,,443,45734,0,1358,17
1588616965.617197,173.194.188.105,10.10.0.10,,,443,45734,0,1358,17
1588616965.618762,10.10.0.10,173.194.188.105,,,45734,443,0,37,17
1588616965.6210039,173.194.188.105,10.10.0.10,,,443,45734,0,1358,17
1588616965.624812,173.194.188.105,10.10.0.10,,,443,45734,0,1358,17
1588616965.626608,10.10.0.10,173.194.188.105,,,45734,443,0,37,17
1588616965.6286054,173.194.188.105,10.10.0.10,,,443,45734,0,1358,17
1588616965.63245,173.194.188.105,10.10.0.10,,,443,45734,0,1358,17
1588616965.6340108,10.10.0.10,173.194.188.105,,,45734,443,0,37,17
1588616965.636256,173.194.188.105,10.10.0.10,,,443,45734,0,1358,17
1588616965.6400769,173.194.188.105,10.10.0.10,,,443,45734,0,1358,17
1588616965.641633,10.10.0.10,173.194.188.105,,,45734,443,0,37,17
1588616965.643899,173.194.188.105,10.10.0.10,,,443,45734,0,1358,17
1588616965.647707,173.194.188.105,10.10.0.10,,,443,45734,0,1358,17
1588616965.649367,10.10.0.10,173.194.188.105,,,45734,443,0,37,17
1588616965.6514714,173.194.188.105,10.10.0.10,,,443,45734,0,1358,17
1588616965.6552649,173.194.188.105,10.10.0.10,,,443,45734,0,1358,17
1588616965.6571321,10.10.0.10,173.194.188.105,,,45734,443,0,50,17
1588616965.659085,173.194.188.105,10.10.0.10,,,443,45734,0,1358,17
1588616965.662893,173.194.188.105,10.10.0.10,,,443,45734,0,1358,17
1588616965.664459,10.10.0.10,173.194.188.105,,,45734,443,0,37,17
1588616965.666702,173.194.188.105,10.10.0.10,,,443,45734,0,1358,17
1588616965.6705036,173.194.188.105,10.10.0.10,,,443,45734,0,1358,17
1588616965.6722028,10.10.0.10,173.194.188.105,,,45734,443,0,37,17
1588616965.6743689,173.194.188.105,10.10.0.10,,,443,45734,0,1358,17
1588616965.6781766,173.194.188.105,10.10.0.10,,,443,45734,0,1358,17
1588616965.68064,10.10.0.10,173.194.188.105,,,45734,443,0,37,17
1588616965.681925,173.194.188.105,10.10.0.10,,,443,45734,0,1358,17
1588616965.685767,173.194.188.105,10.10.0.10,,,443,45734,0,1358,17
1588616965.687495,10.10.0.10,173.194.188.105,,,45734,443,0,37,17
1588616965.689602,173.194.188.105,10.10.0.10,,,443,45734,0,1358,17
1588616965.6933565,173.194.188.105,10.10.0.10,,,443,45734,0,598,17
1588616965.6947188,10.10.0.10,173.194.188.105,,,45734,443,0,37,17
1588616965.7265232,10.10.0.10,173.194.188.105,,,45734,443,0,730,17
1588616965.726563,10.10.0.10,173.194.188.105,,,45734,443,0,48,17
1588616965.730953,173.194.188.105,10.10.0.10,,,443,45734,0,115,17
1588616965.7309868,173.194.188.105,10.10.0.10,,,443,45734,0,1358,17
1588616965.7310019,173.194.188.105,10.10.0.10,,,443,45734,0,1358,17
1588616965.7335892,10.10.0.10,173.194.188.105,,,45734,443,0,37,17
1588616965.734643,173.194.188.105,10.10.0.10,,,443,45734,0,1358,17
1588616965.7369242,10.10.0.10,173.194.188.105,,,45734,443,0,37,17
1588616965.7384498,173.194.188.105,10.10.0.10,,,443,45734,0,1358,17
1588616965.742255,173.194.188.105,10.10.0.10,,,443,45734,0,1358,17
1588616965.7441158,10.10.0.10,173.194.188.105,,,45734,443,0,37,17
1588616965.746066,173.194.188.105,10.10.0.10,,,443,45734,0,1358,17
1588616965.7499075,173.194.188.105,10.10.0.10,,,443,45734,0,1358,17
1588616965.7515712,10.10.0.10,173.194.188.105,,,45734,443,0,37,17
1588616965.7537148,173.194.188.105,10.10.0.10,,,443,45734,0,1358,17
1588616965.7575223,173.194.188.105,10.10.0.10,,,443,45734,0,1358,17
1588616965.7590652,10.10.0.10,173.194.188.105,,,45734,443,0,37,17
1588616965.7613304,173.194.188.105,10.10.0.10,,,443,45734,0,1358,17
1588616965.765147,173.194.188.105,10.10.0.10,,,443,45734,0,1358,17
1588616965.7677839,10.10.0.10,173.194.188.105,,,45734,443,0,37,17
1588616965.7689161,173.194.188.105,10.10.0.10,,,443,45734,0,1358,17
1588616965.772696,173.194.188.105,10.10.0.10,,,443,45734,0,1358,17
1588616965.774299,10.10.0.10,173.194.188.105,,,45734,443,0,37,17
1588616965.776565,173.194.188.105,10.10.0.10,,,443,45734,0,1358,17
1588616965.780375,173.194.188.105,10.10.0.10,,,443,45734,0,1358,17
1588616965.78245,10.10.0.10,173.194.188.105,,,45734,443,0,37,17
1588616965.784182,173.194.188.105,10.10.0.10,,,443,45734,0,1358,17
1588616965.787991,173.194.188.105,10.10.0.10,,,443,45734,0,1358,17
1588616965.789633,10.10.0.10,173.194.188.105,,,45734,443,0,37,17
1588616965.791775,173.194.188.105,10.10.0.10,,,443,45734,0,1358,17
1588616965.795577,173.194.188.105,10.10.0.10,,,443,45734,0,1358,17
1588616965.7976284,10.10.0.10,173.194.188.105,,,45734,443,0,37,17
1588616965.799418,173.194.188.105,10.10.0.10,,,443,45734,0,1358,17
1588616965.803231,173.194.188.105,10.10.0.10,,,443,45734,0,1358,17
1588616965.806907,10.10.0.10,173.194.188.105,,,45734,443,0,37,17
1588616965.8070269,173.194.188.105,10.10.0.10,,,443,45734,0,1358,17
1588616965.810843,173.194.188.105,10.10.0.10,,,443,45734,0,1358,17
1588616965.812911,10.10.0.10,173.194.188.105,,,45734,443,0,37,17
1588616965.8146179,173.194.188.105,10.10.0.10,,,443,45734,0,1358,17
1588616965.818436,173.194.188.105,10.10.0.10,,,443,45734,0,1358,17
1588616965.822237,173.194.188.105,10.10.0.10,,,443,45734,0,1358,17
1588616965.8231866,10.10.0.10,173.194.188.105,,,45734,443,0,37,17
1588616965.8260765,173.194.188.105,10.10.0.10,,,443,45734,0,1358,17
1588616965.8279731,10.10.0.10,173.194.188.105,,,45734,443,0,37,17
1588616965.8298619,173.194.188.105,10.10.0.10,,,443,45734,0,1358,17
1588616965.833695,173.194.188.105,10.10.0.10,,,443,45734,0,1358,17
1588616965.837503,173.194.188.105,10.10.0.10,,,443,45734,0,1358,17
1588616965.8390758,10.10.0.10,173.194.188.105,,,45734,443,0,37,17
1588616965.841312,173.194.188.105,10.10.0.10,,,443,45734,0,1358,17
1588616965.843606,10.10.0.10,173.194.188.105,,,45734,443,0,37,17
1588616965.845104,173.194.188.105,10.10.0.10,,,443,45734,0,1358,17
1588616965.848901,173.194.188.105,10.10.0.10,,,443,45734,0,1358,17
1588616965.850393,10.10.0.10,173.194.188.105,,,45734,443,0,37,17
1588616965.8527124,173.194.188.105,10.10.0.10,,,443,45734,0,1358,17
1588616965.8565528,173.194.188.105,10.10.0.10,,,443,45734,0,1358,17
1588616965.8584616,10.10.0.10,173.194.188.105,,,45734,443,0,37,17
1588616965.8603609,173.194.188.105,10.10.0.10,,,443,45734,0,1358,17
1588616965.8641698,173.194.188.105,10.10.0.10,,,443,45734,0,1358,17
1588616965.865797,10.10.0.10,173.194.188.105,,,45734,443,0,37,17
1588616965.8679779,173.194.188.105,10.10.0.10,,,443,45734,0,1358,17
1588616965.871799,173.194.188.105,10.10.0.10,,,443,45734,0,1358,17
1588616965.8733768,10.10.0.10,173.194.188.105,,,45734,443,0,50,17
1588616965.875584,173.194.188.105,10.10.0.10,,,443,45734,0,1358,17
1588616965.879402,173.194.188.105,10.10.0.10,,,443,45734,0,1358,17
1588616965.881754,10.10.0.10,173.194.188.105,,,45734,443,0,37,17
1588616965.8832119,173.194.188.105,10.10.0.10,,,443,45734,0,1358,17
1588616965.8870108,173.194.188.105,10.10.0.10,,,443,45734,0,1358,17
1588616965.8887231,10.10.0.10,173.194.188.105,,,45734,443,0,37,17
1588616965.890794,173.194.188.105,10.10.0.10,,,443,45734,0,1358,17
1588616965.894638,173.194.188.105,10.10.0.10,,,443,45734,0,1358,17
1588616965.89648,10.10.0.10,173.194.188.105,,,45734,443,0,37,17
1588616965.898446,173.194.188.105,10.10.0.10,,,443,45734,0,1358,17
1588616965.9022179,173.194.188.105,10.10.0.10,,,443,45734,0,1358,17
1588616965.9040241,10.10.0.10,173.194.188.105,,,45734,443,0,37,17
1588616965.906064,173.194.188.105,10.10.0.10,,,443,45734,0,1358,17
1588616965.909872,173.194.188.105,10.10.0.10,,,443,45734,0,1358,17
1588616965.9115136,10.10.0.10,173.194.188.105,,,45734,443,0,37,17
1588616965.913643,173.194.188.105,10.10.0.10,,,443,45734,0,1358,17
1588616965.917489,173.194.188.105,10.10.0.10,,,443,45734,0,1358,17
1588616965.9191482,10.10.0.10,173.194.188.105,,,45734,443,0,37,17
1588616965.921297,173.194.188.105,10.10.0.10,,,443,45734,0,1358,17
1588616965.9251142,173.194.188.105,10.10.0.10,,,443,45734,0,1358,17
1588616965.927334,10.10.0.10,173.194.188.105,,,45734,443,0,37,17
1588616965.9288778,173.194.188.105,10.10.0.10,,,443,45734,0,1358,17
1588616965.9326859,173.194.188.105,10.10.0.10,,,443,45734,0,1358,17
1588616965.934439,10.10.0.10,173.194.188.105,,,45734,443,0,37,17
1588616965.9364948,173.194.188.105,10.10.0.10,,,443,45734,0,1358,17
1588616965.9403398,173.194.188.105,10.10.0.10,,,443,45734,0,1358,17
1588616965.941905,10.10.0.10,173.194.188.105,,,45734,443,0,37,17
1588616965.944129,173.194.188.105,10.10.0.10,,,443,45734,0,1358,17
1588616965.9479554,173.194.188.105,10.10.0.10,,,443,45734,0,1358,17
1588616965.9498508,10.10.0.10,173.194.188.105,,,45734,443,0,37,17
1588616965.951695,173.194.188.105,10.10.0.10,,,443,45734,0,1358,17
1588616965.9555366,173.194.188.105,10.10.0.10,,,443,45734,0,1358,17
1588616965.9571671,10.10.0.10,173.194.188.105,,,45734,443,0,37,17
1588616965.959383,173.194.188.105,10.10.0.10,,,443,45734,0,1358,17
1588616965.963191,173.194.188.105,10.10.0.10,,,443,45734,0,1358,17
1588616965.9646866,10.10.0.10,173.194.188.105,,,45734,443,0,37,17
1588616965.966998,173.194.188.105,10.10.0.10,,,443,45734,0,1358,17
1588616965.970807,173.194.188.105,10.10.0.10,,,443,45734,0,1358,17
1588616965.972625,10.10.0.10,173.194.188.105,,,45734,443,0,37,17
1588616965.9745796,173.194.188.105,10.10.0.10,,,443,45734,0,1358,17
1588616965.978423,173.194.188.105,10.10.0.10,,,443,45734,0,1358,17
1588616965.9799562,10.10.0.10,173.194.188.105,,,45734,443,0,37,17
1588616965.982197,173.194.188.105,10.10.0.10,,,443,45734,0,1358,17
1588616965.986041,173.194.188.105,10.10.0.10,,,443,45734,0,1358,17
1588616965.9880881,10.10.0.10,173.194.188.105,,,45734,443,0,37,17
1588616965.9898489,173.194.188.105,10.10.0.10,,,443,45734,0,1358,17
1588616965.9936152,173.194.188.105,10.10.0.10,,,443,45734,0,1358,17
1588616965.995727,10.10.0.10,173.194.188.105,,,45734,443,0,37,17
1588616965.9974668,173.194.188.105,10.10.0.10,,,443,45734,0,1358,17
1588616966.001238,173.194.188.105,10.10.0.10,,,443,45734,0,1358,17
1588616966.002831,10.10.0.10,173.194.188.105,,,45734,443,0,37,17
1588616966.0050461,173.194.188.105,10.10.0.10,,,443,45734,0,1358,17
1588616966.008855,173.194.188.105,10.10.0.10,,,443,45734,0,1358,17
1588616966.0104609,10.10.0.10,173.194.188.105,,,45734,443,0,37,17
1588616966.0127,173.194.188.105,10.10.0.10,,,443,45734,0,1358,17
1588616966.016509,173.194.188.105,10.10.0.10,,,443,45734,0,1358,17
1588616966.0182018,10.10.0.10,173.194.188.105,,,45734,443,0,37,17
1588616966.020317,173.194.188.105,10.10.0.10,,,443,45734,0,1358,17
1588616966.024126,173.194.188.105,10.10.0.10,,,443,45734,0,1358,17
1588616966.0272748,10.10.0.10,173.194.188.105,,,45734,443,0,50,17
1588616966.0278988,173.194.188.105,10.10.0.10,,,443,45734,0,1358,17
1588616966.031696,173.194.188.105,10.10.0.10,,,443,45734,0,1358,17
1588616966.033463,10.10.0.10,173.194.188.105,,,45734,443,0,37,17
1588616966.035514,173.194.188.105,10.10.0.10,,,443,45734,0,1358,17
1588616966.0393634,173.194.188.105,10.10.0.10,,,443,45734,0,1358,17
1588616966.040965,10.10.0.10,173.194.188.105,,,45734,443,0,37,17
1588616966.0431485,173.194.188.105,10.10.0.10,,,443,45734,0,1358,17
1588616966.0469801,173.194.188.105,10.10.0.10,,,443,45734,0,1358,17
1588616966.048862,10.10.0.10,173.194.188.105,,,45734,443,0,37,17
1588616966.0508,173.194.188.105,10.10.0.10,,,443,45734,0,1358,17
1588616966.054598,173.194.188.105,10.10.0.10,,,443,45734,0,1358,17
1588616966.0576124,10.10.0.10,173.194.188.105,,,45734,443,0,37,17
1588616966.058369,173.194.188.105,10.10.0.10,,,443,45734,0,1358,17
1588616966.0621722,173.194.188.105,10.10.0.10,,,443,45734,0,1358,17
1588616966.063656,10.10.0.10,173.194.188.105,,,45734,443,0,37,17
1588616966.066032,173.194.188.105,10.10.0.10,,,443,45734,0,1358,17
1588616966.069832,173.194.188.105,10.10.0.10,,,443,45734,0,1358,17
1588616966.071378,10.10.0.10,173.194.188.105,,,45734,443,0,37,17
1588616966.073605,173.194.188.105,10.10.0.10,,,443,45734,0,1358,17
1588616966.077412,173.194.188.105,10.10.0.10,,,443,45734,0,1358,17
1588616966.0789628,10.10.0.10,173.194.188.105,,,45734,443,0,37,17
1588616966.081204,173.194.188.105,10.10.0.10,,,443,45734,0,1358,17
1588616966.0850525,173.194.188.105,10.10.0.10,,,443,45734,0,1358,17
1588616966.0865881,10.10.0.10,173.194.188.105,,,45734,443,0,37,17
1588616966.088831,173.194.188.105,10.10.0.10,,,443,45734,0,1358,17
1588616966.0926821,173.194.188.105,10.10.0.10,,,443,45734,0,1358,17
1588616966.0943382,10.10.0.10,173.194.188.105,,,45734,443,0,37,17
1588616966.096492,173.194.188.105,10.10.0.10,,,443,45734,0,1358,17
1588616966.1002991,173.194.188.105,10.10.0.10,,,443,45734,0,1358,17
1588616966.1018622,10.10.0.10,173.194.188.105,,,45734,443,0,37,17
1588616966.1041071,173.194.188.105,10.10.0.10,,,443,45734,0,1358,17
1588616966.107915,173.194.188.105,10.10.0.10,,,443,45734,0,1358,17
1588616966.1095052,10.10.0.10,173.194.188.105,,,45734,443,0,37,17
1588616966.1117241,173.194.188.105,10.10.0.10,,,443,45734,0,1358,17
1588616966.115495,173.194.188.105,10.10.0.10,,,443,45734,0,1358,17
1588616966.117088,10.10.0.10,173.194.188.105,,,45734,443,0,37,17
1588616966.1193411,173.194.188.105,10.10.0.10,,,443,45734,0,1358,17
1588616966.123111,173.194.188.105,10.10.0.10,,,443,45734,0,1358,17
1588616966.124756,10.10.0.10,173.194.188.105,,,45734,443,0,37,17
1588616966.126958,173.194.188.105,10.10.0.10,,,443,45734,0,1358,17
1588616966.1307662,173.194.188.105,10.10.0.10,,,443,45734,0,1358,17
1588616966.132274,10.10.0.10,173.194.188.105,,,45734,443,0,37,17
1588616966.134576,173.194.188.105,10.10.0.10,,,443,45734,0,1358,17
1588616966.1383832,173.194.188.105,10.10.0.10,,,443,45734,0,1358,17
1588616966.140009,10.10.0.10,173.194.188.105,,,45734,443,0,37,17
1588616966.142154,173.194.188.105,10.10.0.10,,,443,45734,0,1358,17
1588616966.1460009,173.194.188.105,10.10.0.10,,,443,45734,0,1358,17
1588616966.1488519,10.10.0.10,173.194.188.105,,,45734,443,0,37,17
1588616966.149809,173.194.188.105,10.10.0.10,,,443,45734,0,1358,17
1588616966.1536179,173.194.188.105,10.10.0.10,,,443,45734,0,1358,17
1588616966.1558368,10.10.0.10,173.194.188.105,,,45734,443,0,37,17
1588616966.1574259,173.194.188.105,10.10.0.10,,,443,45734,0,1358,17
1588616966.1612349,173.194.188.105,10.10.0.10,,,443,45734,0,1358,17
1588616966.1650438,173.194.188.105,10.10.0.10,,,443,45734,0,1358,17
1588616966.168809,173.194.188.105,10.10.0.10,,,443,45734,0,1358,17
1588616966.172663,173.194.188.105,10.10.0.10,,,443,45734,0,1358,17
1588616966.1764688,173.194.188.105,10.10.0.10,,,443,45734,0,1358,17
1588616966.180274,173.194.188.105,10.10.0.10,,,443,45734,0,1358,17
1588616966.210534,173.194.188.105,10.10.0.10,,,443,45734,0,1358,17
1588616966.2525349,173.194.188.105,10.10.0.10,,,443,45734,0,1358,17
1588616966.301614,10.10.0.10,173.194.188.105,,,45734,443,0,726,17
1588616966.301672,10.10.0.10,173.194.188.105,,,45734,443,0,48,17
1588616966.301815,10.10.0.10,173.194.188.105,,,45734,443,0,726,17
1588616966.306288,173.194.188.105,10.10.0.10,,,443,45734,0,29,17
1588616966.315439,10.10.0.10,173.194.188.105,,,45734,443,0,37,17
1588616966.316561,10.10.0.10,173.194.188.105,,,45734,443,0,37,17
1588616966.318414,10.10.0.10,173.194.188.105,,,45734,443,0,37,17
1588616966.320752,173.194.188.105,10.10.0.10,,,443,45734,0,1358,17
1588616966.3252678,173.194.188.105,10.10.0.10,,,443,45734,0,1358,17
1588616966.3253276,173.194.188.105,10.10.0.10,,,443,45734,0,1358,17
1588616966.333239,173.194.188.105,10.10.0.10,,,443,45734,0,1358,17
1588616966.333298,173.194.188.105,10.10.0.10,,,443,45734,0,1358,17
1588616966.339853,173.194.188.105,10.10.0.10,,,443,45734,0,1358,17
1588616966.3403132,173.194.188.105,10.10.0.10,,,443,45734,0,1358,17
1588616966.428949,10.10.0.10,173.194.188.105,,,45734,443,0,37,17
1588616966.429008,10.10.0.10,173.194.188.105,,,45734,443,0,48,17
1588616966.430884,10.10.0.10,173.194.188.105,,,45734,443,0,37,17
1588616966.433449,173.194.188.105,10.10.0.10,,,443,45734,0,1358,17
1588616966.433452,10.10.0.10,173.194.188.105,,,45734,443,0,37,17
1588616966.43351,173.194.188.105,10.10.0.10,,,443,45734,0,1358,17
1588616966.4386842,10.10.0.10,173.194.188.105,,,45734,443,0,37,17
1588616966.4387429,10.10.0.10,173.194.188.105,,,45734,443,0,37,17
1588616966.4398901,10.10.0.10,173.194.188.105,,,45734,443,0,37,17
1588616966.441376,173.194.188.105,10.10.0.10,,,443,45734,0,1358,17
1588616966.441436,173.194.188.105,10.10.0.10,,,443,45734,0,1358,17
1588616966.4498649,173.194.188.105,10.10.0.10,,,443,45734,0,1358,17
1588616966.449926,173.194.188.105,10.10.0.10,,,443,45734,0,1358,17
1588616966.457134,173.194.188.105,10.10.0.10,,,443,45734,0,1358,17
1588616966.4571939,173.194.188.105,10.10.0.10,,,443,45734,0,1358,17
1588616966.464705,173.194.188.105,10.10.0.10,,,443,45734,0,1358,17
1588616966.464765,173.194.188.105,10.10.0.10,,,443,45734,0,1358,17
1588616966.472449,173.194.188.105,10.10.0.10,,,443,45734,0,1358,17
1588616966.472511,173.194.188.105,10.10.0.10,,,443,45734,0,1358,17
1588616966.480079,173.194.188.105,10.10.0.10,,,443,45734,0,1358,17
1588616966.4801388,173.194.188.105,10.10.0.10,,,443,45734,0,1358,17
1588616966.487417,173.194.188.105,10.10.0.10,,,443,45734,0,1358,17
1588616966.487478,173.194.188.105,10.10.0.10,,,443,45734,0,1358,17
1588616966.537107,10.10.0.10,173.194.188.105,,,45734,443,0,37,17
1588616966.5384061,10.10.0.10,173.194.188.105,,,45734,443,0,37,17
1588616966.5414932,173.194.188.105,10.10.0.10,,,443,45734,0,1358,17
1588616966.541544,173.194.188.105,10.10.0.10,,,443,45734,0,1358,17
1588616966.543376,10.10.0.10,173.194.188.105,,,45734,443,0,37,17
1588616966.5434248,10.10.0.10,173.194.188.105,,,45734,443,0,37,17
1588616966.544344,10.10.0.10,173.194.188.105,,,45734,443,0,37,17
1588616966.544584,10.10.0.10,173.194.188.105,,,45734,443,0,37,17
1588616966.546177,10.10.0.10,173.194.188.105,,,45734,443,0,37,17
1588616966.546586,10.10.0.10,173.194.188.105,,,45734,443,0,37,17
1588616966.54899,173.194.188.105,10.10.0.10,,,443,45734,0,1358,17
1588616966.549012,173.194.188.105,10.10.0.10,,,443,45734,0,1358,17
1588616966.551483,10.10.0.10,173.194.188.105,,,45734,443,0,37,17
1588616966.556234,173.194.188.105,10.10.0.10,,,443,45734,0,1358,17
1588616966.556256,173.194.188.105,10.10.0.10,,,443,45734,0,1358,17
1588616966.559184,10.10.0.10,173.194.188.105,,,45734,443,0,37,17
1588616966.559969,173.194.188.105,10.10.0.10,,,443,45734,0,1358,17
1588616966.563839,173.194.188.105,10.10.0.10,,,443,45734,0,1358,17
1588616966.5676026,173.194.188.105,10.10.0.10,,,443,45734,0,1358,17
1588616966.571433,173.194.188.105,10.10.0.10,,,443,45734,0,1358,17
1588616966.575206,173.194.188.105,10.10.0.10,,,443,45734,0,1358,17
1588616966.579047,173.194.188.105,10.10.0.10,,,443,45734,0,1358,17
1588616966.582864,173.194.188.105,10.10.0.10,,,443,45734,0,1358,17
1588616966.5866961,173.194.188.105,10.10.0.10,,,443,45734,0,1358,17
1588616966.5905054,173.194.188.105,10.10.0.10,,,443,45734,0,1358,17
1588616966.594264,173.194.188.105,10.10.0.10,,,443,45734,0,1358,17
1588616966.5981011,173.194.188.105,10.10.0.10,,,443,45734,0,1358,17
1588616966.601864,173.194.188.105,10.10.0.10,,,443,45734,0,1358,17
1588616966.605695,173.194.188.105,10.10.0.10,,,443,45734,0,1358,17
1588616966.609534,173.194.188.105,10.10.0.10,,,443,45734,0,1358,17
1588616966.613346,173.194.188.105,10.10.0.10,,,443,45734,0,1358,17
1588616966.617154,173.194.188.105,10.10.0.10,,,443,45734,0,1358,17
1588616966.620962,173.194.188.105,10.10.0.10,,,443,45734,0,1358,17
1588616966.62477,173.194.188.105,10.10.0.10,,,443,45734,0,1358,17
1588616966.628524,173.194.188.105,10.10.0.10,,,443,45734,0,1358,17
1588616966.654071,10.10.0.10,173.194.188.105,,,45734,443,0,37,17
1588616966.658366,10.10.0.10,173.194.188.105,,,45734,443,0,37,17
1588616966.659081,173.194.188.105,10.10.0.10,,,443,45734,0,1358,17
1588616966.659827,10.10.0.10,173.194.188.105,,,45734,443,0,37,17
1588616966.660881,10.10.0.10,173.194.188.105,,,45734,443,0,37,17
1588616966.6615572,10.10.0.10,173.194.188.105,,,45734,443,0,50,17
1588616966.662663,173.194.188.105,10.10.0.10,,,443,45734,0,1358,17
1588616966.6626918,173.194.188.105,10.10.0.10,,,443,45734,0,1358,17
1588616966.6636178,10.10.0.10,173.194.188.105,,,45734,443,0,37,17
1588616966.6659224,10.10.0.10,173.194.188.105,,,45734,443,0,37,17
1588616966.667104,173.194.188.105,10.10.0.10,,,443,45734,0,29,17
1588616966.670017,173.194.188.105,10.10.0.10,,,443,45734,0,1358,17
1588616966.670112,173.194.188.105,10.10.0.10,,,443,45734,0,1358,17
1588616966.671887,10.10.0.10,173.194.188.105,,,45734,443,0,37,17
1588616966.6719172,10.10.0.10,173.194.188.105,,,45734,443,0,37,17
1588616966.672516,10.10.0.10,173.194.188.105,,,45734,443,0,37,17
1588616966.67391,10.10.0.10,173.194.188.105,,,45734,443,0,37,17
1588616966.676053,173.194.188.105,10.10.0.10,,,443,45734,0,1358,17
1588616966.676178,10.10.0.10,173.194.188.105,,,45734,443,0,37,17
1588616966.6777172,10.10.0.10,173.194.188.105,,,45734,443,0,37,17
1588616966.677751,173.194.188.105,10.10.0.10,,,443,45734,0,1358,17
1588616966.684912,173.194.188.105,10.10.0.10,,,443,45734,0,1358,17
1588616966.685359,173.194.188.105,10.10.0.10,,,443,45734,0,1358,17
1588616966.690973,173.194.188.105,10.10.0.10,,,443,45734,0,1358,17
1588616966.693024,173.194.188.105,10.10.0.10,,,443,45734,0,1358,17
1588616966.6982598,173.194.188.105,10.10.0.10,,,443,45734,0,1358,17
1588616966.7006452,173.194.188.105,10.10.0.10,,,443,45734,0,1358,17
1588616966.7052195,173.194.188.105,10.10.0.10,,,443,45734,0,1358,17
1588616966.708231,173.194.188.105,10.10.0.10,,,443,45734,0,1358,17
1588616966.7120678,173.194.188.105,10.10.0.10,,,443,45734,0,1358,17
1588616966.715877,173.194.188.105,10.10.0.10,,,443,45734,0,1358,17
1588616966.719686,173.194.188.105,10.10.0.10,,,443,45734,0,1358,17
1588616966.7234972,173.194.188.105,10.10.0.10,,,443,45734,0,1358,17
1588616966.7273068,173.194.188.105,10.10.0.10,,,443,45734,0,1358,17
1588616966.7311141,173.194.188.105,10.10.0.10,,,443,45734,0,1358,17
1588616966.734928,173.194.188.105,10.10.0.10,,,443,45734,0,1358,17
1588616966.7386699,173.194.188.105,10.10.0.10,,,443,45734,0,1358,17
1588616966.742524,173.194.188.105,10.10.0.10,,,443,45734,0,1358,17
1588616966.74635,173.194.188.105,10.10.0.10,,,443,45734,0,1358,17
1588616966.75016,173.194.188.105,10.10.0.10,,,443,45734,0,1358,17
1588616966.75397,173.194.188.105,10.10.0.10,,,443,45734,0,1358,17
1588616966.757778,173.194.188.105,10.10.0.10,,,443,45734,0,1358,17
1588616966.761585,173.194.188.105,10.10.0.10,,,443,45734,0,1358,17
1588616966.774758,10.10.0.10,173.194.188.105,,,45734,443,0,37,17
1588616966.7778141,10.10.0.10,173.194.188.105,,,45734,443,0,37,17
1588616966.7792618,173.194.188.105,10.10.0.10,,,443,45734,0,1358,17
1588616966.7798169,10.10.0.10,173.194.188.105,,,45734,443,0,37,17
1588616966.781768,10.10.0.10,173.194.188.105,,,45734,443,0,37,17
1588616966.7823179,173.194.188.105,10.10.0.10,,,443,45734,0,1358,17
1588616966.7825382,173.194.188.105,10.10.0.10,,,443,45734,0,1358,17
1588616966.7833226,10.10.0.10,173.194.188.105,,,45734,443,0,37,17
1588616966.783965,10.10.0.10,173.194.188.105,,,45734,443,0,37,17
1588616966.785989,10.10.0.10,173.194.188.105,,,45734,443,0,37,17
1588616966.786649,10.10.0.10,173.194.188.105,,,45734,443,0,37,17
1588616966.7885332,10.10.0.10,173.194.188.105,,,45734,443,0,37,17
1588616966.789,173.194.188.105,10.10.0.10,,,443,45734,0,1358,17
1588616966.7891526,10.10.0.10,173.194.188.105,,,45734,443,0,37,17
1588616966.789824,10.10.0.10,173.194.188.105,,,45734,443,0,37,17
1588616966.790158,173.194.188.105,10.10.0.10,,,443,45734,0,1358,17
1588616966.7914882,10.10.0.10,173.194.188.105,,,45734,443,0,50,17
1588616966.7938552,10.10.0.10,173.194.188.105,,,45734,443,0,37,17
1588616966.79463,10.10.0.10,173.194.188.105,,,45734,443,0,37,17
1588616966.7964444,173.194.188.105,10.10.0.10,,,443,45734,0,1358,17
1588616966.797806,173.194.188.105,10.10.0.10,,,443,45734,0,1358,17
1588616966.7980142,10.10.0.10,173.194.188.105,,,45734,443,0,37,17
1588616966.8047948,173.194.188.105,10.10.0.10,,,443,45734,0,1358,17
1588616966.805425,173.194.188.105,10.10.0.10,,,443,45734,0,1358,17
1588616966.8117108,173.194.188.105,10.10.0.10,,,443,45734,0,1358,17
1588616966.813039,173.194.188.105,10.10.0.10,,,443,45734,0,1358,17
1588616966.8184302,173.194.188.105,10.10.0.10,,,443,45734,0,1358,17
1588616966.820655,173.194.188.105,10.10.0.10,,,443,45734,0,1358,17
1588616966.824969,173.194.188.105,10.10.0.10,,,443,45734,0,1358,17
1588616966.828275,173.194.188.105,10.10.0.10,,,443,45734,0,1358,17
1588616966.83223,173.194.188.105,10.10.0.10,,,443,45734,0,1358,17
1588616966.83588,173.194.188.105,10.10.0.10,,,443,45734,0,1358,17
1588616966.8396678,173.194.188.105,10.10.0.10,,,443,45734,0,1358,17
1588616966.843514,173.194.188.105,10.10.0.10,,,443,45734,0,1358,17
1588616966.8473241,173.194.188.105,10.10.0.10,,,443,45734,0,1358,17
1588616966.8511322,173.194.188.105,10.10.0.10,,,443,45734,0,1358,17
1588616966.854883,173.194.188.105,10.10.0.10,,,443,45734,0,1358,17
1588616966.85868,173.194.188.105,10.10.0.10,,,443,45734,0,1358,17
1588616966.86256,173.194.188.105,10.10.0.10,,,443,45734,0,1358,17
1588616966.866329,173.194.188.105,10.10.0.10,,,443,45734,0,1358,17
1588616966.8701732,173.194.188.105,10.10.0.10,,,443,45734,0,1358,17
1588616966.8739822,173.194.188.105,10.10.0.10,,,443,45734,0,1358,17
1588616966.87779,173.194.188.105,10.10.0.10,,,443,45734,0,1358,17
1588616966.881599,173.194.188.105,10.10.0.10,,,443,45734,0,1358,17
1588616966.8853722,173.194.188.105,10.10.0.10,,,443,45734,0,1358,17
1588616966.889193,173.194.188.105,10.10.0.10,,,443,45734,0,1358,17
1588616966.8930259,173.194.188.105,10.10.0.10,,,443,45734,0,1358,17
1588616966.896182,10.10.0.10,173.194.188.105,,,45734,443,0,37,17
1588616966.8967962,173.194.188.105,10.10.0.10,,,443,45734,0,1358,17
1588616966.898679,10.10.0.10,173.194.188.105,,,45734,443,0,37,17
1588616966.9010851,173.194.188.105,10.10.0.10,,,443,45734,0,1358,17
1588616966.9018722,10.10.0.10,173.194.188.105,,,45734,443,0,37,17
1588616966.90292,10.10.0.10,173.194.188.105,,,45734,443,0,37,17
1588616966.9041386,10.10.0.10,173.194.188.105,,,45734,443,0,37,17
1588616966.904906,173.194.188.105,10.10.0.10,,,443,45734,0,1358,17
1588616966.905056,10.10.0.10,173.194.188.105,,,45734,443,0,37,17
1588616966.9064796,10.10.0.10,173.194.188.105,,,45734,443,0,37,17
1588616966.9070842,10.10.0.10,173.194.188.105,,,45734,443,0,37,17
1588616966.908711,173.194.188.105,10.10.0.10,,,443,45734,0,1358,17
1588616966.9091,10.10.0.10,173.194.188.105,,,45734,443,0,37,17
1588616966.91013,10.10.0.10,173.194.188.105,,,45734,443,0,37,17
1588616966.911625,10.10.0.10,173.194.188.105,,,45734,443,0,37,17
1588616966.911887,10.10.0.10,173.194.188.105,,,45734,443,0,37,17
1588616966.9124212,10.10.0.10,173.194.188.105,,,45734,443,0,37,17
1588616966.912482,173.194.188.105,10.10.0.10,,,443,45734,0,1358,17
1588616966.91436,10.10.0.10,173.194.188.105,,,45734,443,0,37,17
1588616966.9144292,10.10.0.10,173.194.188.105,,,45734,443,0,37,17
1588616966.9155238,10.10.0.10,173.194.188.105,,,45734,443,0,37,17
1588616966.9163349,173.194.188.105,10.10.0.10,,,443,45734,0,1358,17
1588616966.920145,173.194.188.105,10.10.0.10,,,443,45734,0,1358,17
1588616966.9239511,173.194.188.105,10.10.0.10,,,443,45734,0,1358,17
1588616966.927763,173.194.188.105,10.10.0.10,,,443,45734,0,1358,17
1588616966.931567,173.194.188.105,10.10.0.10,,,443,45734,0,1358,17
1588616966.935388,173.194.188.105,10.10.0.10,,,443,45734,0,1358,17
1588616966.93915,173.194.188.105,10.10.0.10,,,443,45734,0,1358,17
1588616966.9429991,173.194.188.105,10.10.0.10,,,443,45734,0,1358,17
1588616966.9467788,173.194.188.105,10.10.0.10,,,443,45734,0,1358,17
1588616966.950615,173.194.188.105,10.10.0.10,,,443,45734,0,1358,17
1588616966.9544294,173.194.188.105,10.10.0.10,,,443,45734,0,1358,17
1588616966.9582329,173.194.188.105,10.10.0.10,,,443,45734,0,1358,17
1588616966.9620454,173.194.188.105,10.10.0.10,,,443,45734,0,1358,17
1588616966.9658532,173.194.188.105,10.10.0.10,,,443,45734,0,1358,17
1588616966.9696622,173.194.188.105,10.10.0.10,,,443,45734,0,1358,17
1588616966.9734669,173.194.188.105,10.10.0.10,,,443,45734,0,1358,17
1588616966.977279,173.194.188.105,10.10.0.10,,,443,45734,0,1358,17
1588616966.981045,173.194.188.105,10.10.0.10,,,443,45734,0,1358,17
1588616966.984894,173.194.188.105,10.10.0.10,,,443,45734,0,1358,17
1588616966.9887052,173.194.188.105,10.10.0.10,,,443,45734,0,1358,17
1588616966.9925148,173.194.188.105,10.10.0.10,,,443,45734,0,1358,17
1588616966.9963222,173.194.188.105,10.10.0.10,,,443,45734,0,1358,17
1588616967.0001314,173.194.188.105,10.10.0.10,,,443,45734,0,1358,17
1588616967.0039392,173.194.188.105,10.10.0.10,,,443,45734,0,1358,17
1588616967.007714,173.194.188.105,10.10.0.10,,,443,45734,0,1358,17
1588616967.0115528,173.194.188.105,10.10.0.10,,,443,45734,0,1358,17
1588616967.014545,10.10.0.10,173.194.188.105,,,45734,443,0,50,17
1588616967.015363,173.194.188.105,10.10.0.10,,,443,45734,0,1358,17
1588616967.0168445,10.10.0.10,173.194.188.105,,,45734,443,0,37,17
1588616967.0191548,10.10.0.10,173.194.188.105,,,45734,443,0,37,17
1588616967.0191689,173.194.188.105,10.10.0.10,,,443,45734,0,1358,17
1588616967.0214882,10.10.0.10,173.194.188.105,,,45734,443,0,37,17
1588616967.0220964,10.10.0.10,173.194.188.105,,,45734,443,0,37,17
1588616967.0227342,10.10.0.10,173.194.188.105,,,45734,443,0,37,17
1588616967.022917,173.194.188.105,10.10.0.10,,,443,45734,0,1358,17
1588616967.02661,10.10.0.10,173.194.188.105,,,45734,443,0,37,17
1588616967.026664,10.10.0.10,173.194.188.105,,,45734,443,0,37,17
1588616967.0267308,173.194.188.105,10.10.0.10,,,443,45734,0,1358,17
1588616967.027977,10.10.0.10,173.194.188.105,,,45734,443,0,37,17
1588616967.029089,10.10.0.10,173.194.188.105,,,45734,443,0,37,17
1588616967.030098,10.10.0.10,173.194.188.105,,,45734,443,0,37,17
1588616967.030537,173.194.188.105,10.10.0.10,,,443,45734,0,1358,17
1588616967.031918,10.10.0.10,173.194.188.105,,,45734,443,0,37,17
1588616967.032544,10.10.0.10,173.194.188.105,,,45734,443,0,37,17
1588616967.0344028,173.194.188.105,10.10.0.10,,,443,45734,0,1358,17
1588616967.0345,10.10.0.10,173.194.188.105,,,45734,443,0,37,17
1588616967.034803,10.10.0.10,173.194.188.105,,,45734,443,0,37,17
1588616967.036135,10.10.0.10,173.194.188.105,,,45734,443,0,37,17
1588616967.038208,173.194.188.105,10.10.0.10,,,443,45734,0,1358,17
1588616967.0419462,173.194.188.105,10.10.0.10,,,443,45734,0,1358,17
1588616967.045788,173.194.188.105,10.10.0.10,,,443,45734,0,1358,17
1588616967.049633,173.194.188.105,10.10.0.10,,,443,45734,0,1358,17
1588616967.05344,173.194.188.105,10.10.0.10,,,443,45734,0,1358,17
1588616967.057249,173.194.188.105,10.10.0.10,,,443,45734,0,1358,17
1588616967.061059,173.194.188.105,10.10.0.10,,,443,45734,0,1358,17
1588616967.0648675,173.194.188.105,10.10.0.10,,,443,45734,0,1358,17
1588616967.0686052,173.194.188.105,10.10.0.10,,,443,45734,0,1358,17
1588616967.072464,173.194.188.105,10.10.0.10,,,443,45734,0,1358,17
1588616967.0762956,173.194.188.105,10.10.0.10,,,443,45734,0,1358,17
1588616967.0801039,173.194.188.105,10.10.0.10,,,443,45734,0,1358,17
1588616967.083912,173.194.188.105,10.10.0.10,,,443,45734,0,1358,17
1588616967.0876539,173.194.188.105,10.10.0.10,,,443,45734,0,1358,17
1588616967.091529,173.194.188.105,10.10.0.10,,,443,45734,0,1358,17
1588616967.095266,173.194.188.105,10.10.0.10,,,443,45734,0,1358,17
1588616967.0991216,173.194.188.105,10.10.0.10,,,443,45734,0,1358,17
1588616967.102918,173.194.188.105,10.10.0.10,,,443,45734,0,1358,17
1588616967.106767,173.194.188.105,10.10.0.10,,,443,45734,0,1358,17
1588616967.110572,173.194.188.105,10.10.0.10,,,443,45734,0,1358,17
1588616967.114379,173.194.188.105,10.10.0.10,,,443,45734,0,1358,17
1588616967.118189,173.194.188.105,10.10.0.10,,,443,45734,0,1358,17
1588616967.121925,173.194.188.105,10.10.0.10,,,443,45734,0,1358,17
1588616967.125767,173.194.188.105,10.10.0.10,,,443,45734,0,1358,17
1588616967.129614,173.194.188.105,10.10.0.10,,,443,45734,0,1358,17
1588616967.133423,173.194.188.105,10.10.0.10,,,443,45734,0,1358,17
1588616967.134481,10.10.0.10,173.194.188.105,,,45734,443,0,37,17
1588616967.137076,10.10.0.10,173.194.188.105,,,45734,443,0,37,17
1588616967.1372302,173.194.188.105,10.10.0.10,,,443,45734,0,1358,17
1588616967.137685,10.10.0.10,173.194.188.105,,,45734,443,0,37,17
1588616967.140758,10.10.0.10,173.194.188.105,,,45734,443,0,37,17
1588616967.140969,173.194.188.105,10.10.0.10,,,443,45734,0,1358,17
1588616967.143049,10.10.0.10,173.194.188.105,,,45734,443,0,50,17
1588616967.144848,173.194.188.105,10.10.0.10,,,443,45734,0,1358,17
1588616967.1472368,10.10.0.10,173.194.188.105,,,45734,443,0,37,17
1588616967.147292,10.10.0.10,173.194.188.105,,,45734,443,0,37,17
1588616967.1473026,10.10.0.10,173.194.188.105,,,45734,443,0,37,17
1588616967.147438,10.10.0.10,173.194.188.105,,,45734,443,0,37,17
1588616967.1485796,173.194.188.105,10.10.0.10,,,443,45734,0,1358,17
1588616967.150307,10.10.0.10,173.194.188.105,,,45734,443,0,37,17
1588616967.1503608,10.10.0.10,173.194.188.105,,,45734,443,0,37,17
1588616967.150394,10.10.0.10,173.194.188.105,,,45734,443,0,37,17
1588616967.1518679,10.10.0.10,173.194.188.105,,,45734,443,0,37,17
1588616967.152424,173.194.188.105,10.10.0.10,,,443,45734,0,1358,17
1588616967.1528811,10.10.0.10,173.194.188.105,,,45734,443,0,37,17
1588616967.153465,10.10.0.10,173.194.188.105,,,45734,443,0,37,17
1588616967.1544838,10.10.0.10,173.194.188.105,,,45734,443,0,37,17
1588616967.1562312,173.194.188.105,10.10.0.10,,,443,45734,0,1358,17
1588616967.1600456,173.194.188.105,10.10.0.10,,,443,45734,0,1358,17
1588616967.163818,173.194.188.105,10.10.0.10,,,443,45734,0,29,17
1588616967.163983,173.194.188.105,10.10.0.10,,,443,45734,0,1358,17
1588616967.167872,173.194.188.105,10.10.0.10,,,443,45734,0,1358,17
1588616967.17168,173.194.188.105,10.10.0.10,,,443,45734,0,1358,17
1588616967.1754508,173.194.188.105,10.10.0.10,,,443,45734,0,1358,17
1588616967.179297,173.194.188.105,10.10.0.10,,,443,45734,0,1358,17
1588616967.18309,173.194.188.105,10.10.0.10,,,443,45734,0,1358,17
1588616967.186913,173.194.188.105,10.10.0.10,,,443,45734,0,1358,17
1588616967.190684,173.194.188.105,10.10.0.10,,,443,45734,0,1358,17
1588616967.194505,173.194.188.105,10.10.0.10,,,443,45734,0,1358,17
1588616967.198314,173.194.188.105,10.10.0.10,,,443,45734,0,1358,17
1588616967.202109,173.194.188.105,10.10.0.10,,,443,45734,0,1358,17
1588616967.2059555,173.194.188.105,10.10.0.10,,,443,45734,0,1358,17
1588616967.209766,173.194.188.105,10.10.0.10,,,443,45734,0,1358,17
1588616967.2135732,173.194.188.105,10.10.0.10,,,443,45734,0,1358,17
1588616967.2173092,173.194.188.105,10.10.0.10,,,443,45734,0,1358,17
1588616967.221191,173.194.188.105,10.10.0.10,,,443,45734,0,1358,17
1588616967.224998,173.194.188.105,10.10.0.10,,,443,45734,0,1358,17
1588616967.2287571,173.194.188.105,10.10.0.10,,,443,45734,0,1358,17
1588616967.2326052,173.194.188.105,10.10.0.10,,,443,45734,0,1358,17
1588616967.2364151,173.194.188.105,10.10.0.10,,,443,45734,0,1358,17
1588616967.240223,173.194.188.105,10.10.0.10,,,443,45734,0,1358,17
1588616967.244031,173.194.188.105,10.10.0.10,,,443,45734,0,1358,17
1588616967.2478411,173.194.188.105,10.10.0.10,,,443,45734,0,1358,17
1588616967.25165,173.194.188.105,10.10.0.10,,,443,45734,0,1358,17
1588616967.255416,173.194.188.105,10.10.0.10,,,443,45734,0,1358,17
1588616967.255848,10.10.0.10,173.194.188.105,,,45734,443,0,37,17
1588616967.259265,173.194.188.105,10.10.0.10,,,443,45734,0,1358,17
1588616967.2608054,10.10.0.10,173.194.188.105,,,45734,443,0,37,17
1588616967.262929,10.10.0.10,173.194.188.105,,,45734,443,0,37,17
1588616967.263059,173.194.188.105,10.10.0.10,,,443,45734,0,1358,17
1588616967.2635634,10.10.0.10,173.194.188.105,,,45734,443,0,37,17
1588616967.266294,10.10.0.10,173.194.188.105,,,45734,443,0,37,17
1588616967.266835,173.194.188.105,10.10.0.10,,,443,45734,0,1358,17
1588616967.2674608,10.10.0.10,173.194.188.105,,,45734,443,0,37,17
1588616967.267519,10.10.0.10,173.194.188.105,,,45734,443,0,37,17
1588616967.2679632,10.10.0.10,173.194.188.105,,,45734,443,0,37,17
1588616967.27,10.10.0.10,173.194.188.105,,,45734,443,0,50,17
1588616967.270206,10.10.0.10,173.194.188.105,,,45734,443,0,37,17
1588616967.271096,173.194.188.105,10.10.0.10,,,443,45734,0,1358,17
1588616967.272168,10.10.0.10,173.194.188.105,,,45734,443,0,37,17
1588616967.272392,10.10.0.10,173.194.188.105,,,45734,443,0,37,17
1588616967.2749288,173.194.188.105,10.10.0.10,,,443,45734,0,1358,17
1588616967.275585,10.10.0.10,173.194.188.105,,,45734,443,0,37,17
1588616967.275625,10.10.0.10,173.194.188.105,,,45734,443,0,37,17
1588616967.2782028,10.10.0.10,173.194.188.105,,,45734,443,0,37,17
1588616967.278466,10.10.0.10,173.194.188.105,,,45734,443,0,37,17
1588616967.2787,173.194.188.105,10.10.0.10,,,443,45734,0,1358,17
1588616967.2825592,173.194.188.105,10.10.0.10,,,443,45734,0,1358,17
1588616967.2844179,10.10.0.10,173.194.188.105,,,45734,443,0,37,17
1588616967.286392,173.194.188.105,10.10.0.10,,,443,45734,0,1358,17
1588616967.290202,173.194.188.105,10.10.0.10,,,443,45734,0,1358,17
1588616967.291991,10.10.0.10,173.194.188.105,,,45734,443,0,37,17
1588616967.294008,173.194.188.105,10.10.0.10,,,443,45734,0,29,17
1588616967.2940998,173.194.188.105,10.10.0.10,,,443,45734,0,1358,17
1588616967.2979894,173.194.188.105,10.10.0.10,,,443,45734,0,1358,17
1588616967.299708,10.10.0.10,173.194.188.105,,,45734,443,0,37,17
1588616967.301811,173.194.188.105,10.10.0.10,,,443,45734,0,1358,17
1588616967.305566,173.194.188.105,10.10.0.10,,,443,45734,0,1358,17
1588616967.30725,10.10.0.10,173.194.188.105,,,45734,443,0,37,17
1588616967.309415,173.194.188.105,10.10.0.10,,,443,45734,0,1358,17
1588616967.3132231,173.194.188.105,10.10.0.10,,,443,45734,0,1358,17
1588616967.3152852,10.10.0.10,173.194.188.105,,,45734,443,0,37,17
1588616967.3170214,173.194.188.105,10.10.0.10,,,443,45734,0,1358,17
1588616967.32083,173.194.188.105,10.10.0.10,,,443,45734,0,1358,17
1588616967.322482,10.10.0.10,173.194.188.105,,,45734,443,0,37,17
1588616967.3246381,173.194.188.105,10.10.0.10,,,443,45734,0,1358,17
1588616967.328448,173.194.188.105,10.10.0.10,,,443,45734,0,1358,17
1588616967.3300948,10.10.0.10,173.194.188.105,,,45734,443,0,37,17
1588616967.3322115,173.194.188.105,10.10.0.10,,,443,45734,0,1358,17
1588616967.336066,173.194.188.105,10.10.0.10,,,443,45734,0,1358,17
1588616967.3381991,10.10.0.10,173.194.188.105,,,45734,443,0,37,17
1588616967.339874,173.194.188.105,10.10.0.10,,,443,45734,0,1358,17
1588616967.3436804,173.194.188.105,10.10.0.10,,,443,45734,0,1358,17
1588616967.3455331,10.10.0.10,173.194.188.105,,,45734,443,0,37,17
1588616967.3474898,173.194.188.105,10.10.0.10,,,443,45734,0,1358,17
1588616967.351298,173.194.188.105,10.10.0.10,,,443,45734,0,1358,17
1588616967.3529706,10.10.0.10,173.194.188.105,,,45734,443,0,37,17
1588616967.355044,173.194.188.105,10.10.0.10,,,443,45734,0,1358,17
1588616967.3588624,173.194.188.105,10.10.0.10,,,443,45734,0,1358,17
1588616967.3615592,10.10.0.10,173.194.188.105,,,45734,443,0,37,17
1588616967.3626866,173.194.188.105,10.10.0.10,,,443,45734,0,1358,17
1588616967.366481,173.194.188.105,10.10.0.10,,,443,45734,0,1358,17
1588616967.368095,10.10.0.10,173.194.188.105,,,45734,443,0,37,17
1588616967.370341,173.194.188.105,10.10.0.10,,,443,45734,0,1358,17
1588616967.374149,173.194.188.105,10.10.0.10,,,443,45734,0,1358,17
1588616967.3775651,10.10.0.10,173.194.188.105,,,45734,443,0,50,17
1588616967.377897,173.194.188.105,10.10.0.10,,,443,45734,0,1358,17
1588616967.3817458,173.194.188.105,10.10.0.10,,,443,45734,0,1358,17
1588616967.383388,10.10.0.10,173.194.188.105,,,45734,443,0,37,17
1588616967.385534,173.194.188.105,10.10.0.10,,,443,45734,0,1358,17
1588616967.389383,173.194.188.105,10.10.0.10,,,443,45734,0,1358,17
1588616967.392517,10.10.0.10,173.194.188.105,,,45734,443,0,37,17
1588616967.393146,173.194.188.105,10.10.0.10,,,443,45734,0,1358,17
1588616967.397,173.194.188.105,10.10.0.10,,,443,45734,0,1358,17
1588616967.398597,10.10.0.10,173.194.188.105,,,45734,443,0,37,17
1588616967.400809,173.194.188.105,10.10.0.10,,,443,45734,0,1358,17
1588616967.404617,173.194.188.105,10.10.0.10,,,443,45734,0,1358,17
1588616967.406234,10.10.0.10,173.194.188.105,,,45734,443,0,37,17
1588616967.4084258,173.194.188.105,10.10.0.10,,,443,45734,0,1358,17
1588616967.4122045,173.194.188.105,10.10.0.10,,,443,45734,0,1358,17
1588616967.416042,173.194.188.105,10.10.0.10,,,443,45734,0,29,17
1588616967.416144,173.194.188.105,10.10.0.10,,,443,45734,0,1358,17
1588616967.419799,10.10.0.10,173.194.188.105,,,45734,443,0,37,17
1588616967.4199884,173.194.188.105,10.10.0.10,,,443,45734,0,1358,17
1588616967.421352,10.10.0.10,173.194.188.105,,,45734,443,0,37,17
1588616967.4237962,173.194.188.105,10.10.0.10,,,443,45734,0,1358,17
1588616967.4276118,173.194.188.105,10.10.0.10,,,443,45734,0,1358,17
1588616967.4292748,10.10.0.10,173.194.188.105,,,45734,443,0,37,17
1588616967.431558,173.194.188.105,10.10.0.10,,,443,45734,0,1358,17
1588616967.4354892,173.194.188.105,10.10.0.10,,,443,45734,0,1358,17
1588616967.437095,10.10.0.10,173.194.188.105,,,45734,443,0,37,17
1588616967.4394698,173.194.188.105,10.10.0.10,,,443,45734,0,1358,17
1588616967.443413,173.194.188.105,10.10.0.10,,,443,45734,0,1358,17
1588616967.445051,10.10.0.10,173.194.188.105,,,45734,443,0,37,17
1588616967.447358,173.194.188.105,10.10.0.10,,,443,45734,0,1358,17
1588616967.4513009,173.194.188.105,10.10.0.10,,,443,45734,0,1358,17
1588616967.452949,10.10.0.10,173.194.188.105,,,45734,443,0,37,17
1588616967.455182,173.194.188.105,10.10.0.10,,,443,45734,0,1358,17
1588616967.4591632,173.194.188.105,10.10.0.10,,,443,45734,0,1358,17
1588616967.4631288,173.194.188.105,10.10.0.10,,,443,45734,0,1358,17
1588616967.467073,173.194.188.105,10.10.0.10,,,443,45734,0,1358,17
1588616967.4671226,10.10.0.10,173.194.188.105,,,45734,443,0,37,17
1588616967.4689288,10.10.0.10,173.194.188.105,,,45734,443,0,37,17
1588616967.471017,173.194.188.105,10.10.0.10,,,443,45734,0,1358,17
1588616967.474961,173.194.188.105,10.10.0.10,,,443,45734,0,1358,17
1588616967.476511,10.10.0.10,173.194.188.105,,,45734,443,0,37,17
1588616967.478863,173.194.188.105,10.10.0.10,,,443,45734,0,1358,17
1588616967.482848,173.194.188.105,10.10.0.10,,,443,45734,0,1358,17
1588616967.484593,10.10.0.10,173.194.188.105,,,45734,443,0,37,17
1588616967.4867902,173.194.188.105,10.10.0.10,,,443,45734,0,1358,17
1588616967.490734,173.194.188.105,10.10.0.10,,,443,45734,0,1358,17
1588616967.4923556,10.10.0.10,173.194.188.105,,,45734,443,0,37,17
1588616967.4946651,173.194.188.105,10.10.0.10,,,443,45734,0,1358,17
1588616967.498558,173.194.188.105,10.10.0.10,,,443,45734,0,1358,17
1588616967.5002608,10.10.0.10,173.194.188.105,,,45734,443,0,37,17
1588616967.502521,173.194.188.105,10.10.0.10,,,443,45734,0,1358,17
1588616967.506507,173.194.188.105,10.10.0.10,,,443,45734,0,1358,17
1588616967.510389,10.10.0.10,173.194.188.105,,,45734,443,0,37,17
1588616967.510422,173.194.188.105,10.10.0.10,,,443,45734,0,1358,17
1588616967.5143962,173.194.188.105,10.10.0.10,,,443,45734,0,1358,17
1588616967.5162358,10.10.0.10,173.194.188.105,,,45734,443,0,37,17
1588616967.5183492,173.194.188.105,10.10.0.10,,,443,45734,0,1358,17
1588616967.52224,173.194.188.105,10.10.0.10,,,443,45734,0,1358,17
1588616967.523969,10.10.0.10,173.194.188.105,,,45734,443,0,37,17
1588616967.5262241,173.194.188.105,10.10.0.10,,,443,45734,0,1358,17
1588616967.530168,173.194.188.105,10.10.0.10,,,443,45734,0,1358,17
1588616967.532205,10.10.0.10,173.194.188.105,,,45734,443,0,50,17
1588616967.534049,173.194.188.105,10.10.0.10,,,443,45734,0,1358,17
1588616967.53802,173.194.188.105,10.10.0.10,,,443,45734,0,1358,17
1588616967.539829,10.10.0.10,173.194.188.105,,,45734,443,0,37,17
1588616967.541932,173.194.188.105,10.10.0.10,,,443,45734,0,1358,17
1588616967.545904,173.194.188.105,10.10.0.10,,,443,45734,0,1358,17
1588616967.547822,10.10.0.10,173.194.188.105,,,45734,443,0,37,17
1588616967.54981,173.194.188.105,10.10.0.10,,,443,45734,0,1358,17
1588616967.553767,173.194.188.105,10.10.0.10,,,443,45734,0,1358,17
1588616967.555334,10.10.0.10,173.194.188.105,,,45734,443,0,37,17
1588616967.5577312,173.194.188.105,10.10.0.10,,,443,45734,0,1358,17
1588616967.5617,173.194.188.105,10.10.0.10,,,443,45734,0,1358,17
1588616967.563157,10.10.0.10,173.194.188.105,,,45734,443,0,37,17
1588616967.565597,173.194.188.105,10.10.0.10,,,443,45734,0,1358,17
1588616967.569558,173.194.188.105,10.10.0.10,,,443,45734,0,1358,17
1588616967.571336,10.10.0.10,173.194.188.105,,,45734,443,0,37,17
1588616967.5735312,173.194.188.105,10.10.0.10,,,443,45734,0,1358,17
1588616967.5774758,173.194.188.105,10.10.0.10,,,443,45734,0,1358,17
1588616967.579994,10.10.0.10,173.194.188.105,,,45734,443,0,37,17
1588616967.581832,173.194.188.105,10.10.0.10,,,443,45734,0,1358,17
1588616967.585813,173.194.188.105,10.10.0.10,,,443,45734,0,1358,17
1588616967.587598,10.10.0.10,173.194.188.105,,,45734,443,0,37,17
1588616967.58976,173.194.188.105,10.10.0.10,,,443,45734,0,1358,17
1588616967.5937269,173.194.188.105,10.10.0.10,,,443,45734,0,1358,17
1588616967.5966108,10.10.0.10,173.194.188.105,,,45734,443,0,37,17
1588616967.597611,173.194.188.105,10.10.0.10,,,443,45734,0,29,17
1588616967.5977812,173.194.188.105,10.10.0.10,,,443,45734,0,1358,17
1588616967.6017401,173.194.188.105,10.10.0.10,,,443,45734,0,1358,17
1588616967.6032536,10.10.0.10,173.194.188.105,,,45734,443,0,37,17
1588616967.6056714,173.194.188.105,10.10.0.10,,,443,45734,0,1358,17
1588616967.6096814,173.194.188.105,10.10.0.10,,,443,45734,0,1358,17
1588616967.611351,10.10.0.10,173.194.188.105,,,45734,443,0,37,17
1588616967.6135929,173.194.188.105,10.10.0.10,,,443,45734,0,1358,17
1588616967.61756,173.194.188.105,10.10.0.10,,,443,45734,0,1358,17
1588616967.6191044,10.10.0.10,173.194.188.105,,,45734,443,0,37,17
1588616967.6215038,173.194.188.105,10.10.0.10,,,443,45734,0,1358,17
1588616967.6254258,173.194.188.105,10.10.0.10,,,443,45734,0,1358,17
1588616967.626982,10.10.0.10,173.194.188.105,,,45734,443,0,37,17
1588616967.6293368,173.194.188.105,10.10.0.10,,,443,45734,0,1358,17
1588616967.6332881,173.194.188.105,10.10.0.10,,,443,45734,0,1358,17
1588616967.6348605,10.10.0.10,173.194.188.105,,,45734,443,0,37,17
1588616967.63722,173.194.188.105,10.10.0.10,,,443,45734,0,1358,17
1588616967.641175,173.194.188.105,10.10.0.10,,,443,45734,0,1358,17
1588616967.6429148,10.10.0.10,173.194.188.105,,,45734,443,0,37,17
1588616967.6451626,173.194.188.105,10.10.0.10,,,443,45734,0,1358,17
1588616967.649065,173.194.188.105,10.10.0.10,,,443,45734,0,1358,17
1588616967.6506991,10.10.0.10,173.194.188.105,,,45734,443,0,37,17
1588616967.6530259,173.194.188.105,10.10.0.10,,,443,45734,0,1358,17
1588616967.657002,173.194.188.105,10.10.0.10,,,443,45734,0,1358,17
1588616967.6604998,10.10.0.10,173.194.188.105,,,45734,443,0,37,17
1588616967.660914,173.194.188.105,10.10.0.10,,,443,45734,0,1358,17
1588616967.6648898,173.194.188.105,10.10.0.10,,,443,45734,0,1358,17
1588616967.6671982,10.10.0.10,173.194.188.105,,,45734,443,0,37,17
1588616967.668801,173.194.188.105,10.10.0.10,,,443,45734,0,1358,17
1588616967.6727262,173.194.188.105,10.10.0.10,,,443,45734,0,1358,17
1588616967.6744359,10.10.0.10,173.194.188.105,,,45734,443,0,37,17
1588616967.676655,173.194.188.105,10.10.0.10,,,443,45734,0,1358,17
1588616967.6806052,173.194.188.105,10.10.0.10,,,443,45734,0,1358,17
1588616967.684598,173.194.188.105,10.10.0.10,,,443,45734,0,1358,17
1588616967.6884868,173.194.188.105,10.10.0.10,,,443,45734,0,1358,17
1588616967.692425,173.194.188.105,10.10.0.10,,,443,45734,0,1358,17
1588616967.696369,173.194.188.105,10.10.0.10,,,443,45734,0,1358,17
1588616967.70035,173.194.188.105,10.10.0.10,,,443,45734,0,1358,17
1588616967.704317,173.194.188.105,10.10.0.10,,,443,45734,0,1358,17
1588616967.708202,173.194.188.105,10.10.0.10,,,443,45734,0,1358,17
1588616967.7083929,10.10.0.10,173.194.188.105,,,45734,443,0,37,17
1588616967.710425,10.10.0.10,173.194.188.105,,,45734,443,0,50,17
1588616967.710594,10.10.0.10,173.194.188.105,,,45734,443,0,37,17
1588616967.711858,10.10.0.10,173.194.188.105,,,45734,443,0,37,17
1588616967.712142,173.194.188.105,10.10.0.10,,,443,45734,0,1358,17
1588616967.7161405,173.194.188.105,10.10.0.10,,,443,45734,0,1358,17
1588616967.7200668,173.194.188.105,10.10.0.10,,,443,45734,0,1358,17
1588616967.724041,173.194.188.105,10.10.0.10,,,443,45734,0,1358,17
1588616967.7279608,173.194.188.105,10.10.0.10,,,443,45734,0,1358,17
1588616967.7318704,173.194.188.105,10.10.0.10,,,443,45734,0,1358,17
1588616967.7358372,173.194.188.105,10.10.0.10,,,443,45734,0,1358,17
1588616967.739813,173.194.188.105,10.10.0.10,,,443,45734,0,1358,17
1588616967.743758,173.194.188.105,10.10.0.10,,,443,45734,0,1358,17
1588616967.7477012,173.194.188.105,10.10.0.10,,,443,45734,0,1358,17
1588616967.751644,173.194.188.105,10.10.0.10,,,443,45734,0,1358,17
1588616967.7555358,173.194.188.105,10.10.0.10,,,443,45734,0,1358,17
1588616967.7595308,173.194.188.105,10.10.0.10,,,443,45734,0,1358,17
1588616967.763474,173.194.188.105,10.10.0.10,,,443,45734,0,1358,17
1588616967.767417,173.194.188.105,10.10.0.10,,,443,45734,0,1358,17
1588616967.7713618,173.194.188.105,10.10.0.10,,,443,45734,0,1358,17
1588616967.7752972,173.194.188.105,10.10.0.10,,,443,45734,0,1358,17
1588616967.7792509,173.194.188.105,10.10.0.10,,,443,45734,0,1358,17
1588616967.78319,173.194.188.105,10.10.0.10,,,443,45734,0,1358,17
1588616967.787138,173.194.188.105,10.10.0.10,,,443,45734,0,1358,17
1588616967.791074,173.194.188.105,10.10.0.10,,,443,45734,0,1358,17
1588616967.7930946,10.10.0.10,173.194.188.105,,,45734,443,0,37,17
1588616967.794918,10.10.0.10,173.194.188.105,,,45734,443,0,37,17
1588616967.7949786,173.194.188.105,10.10.0.10,,,443,45734,0,1358,17
1588616967.798167,10.10.0.10,173.194.188.105,,,45734,443,0,37,17
1588616967.7989662,173.194.188.105,10.10.0.10,,,443,45734,0,1358,17
1588616967.800198,10.10.0.10,173.194.188.105,,,45734,443,0,37,17
1588616967.801816,10.10.0.10,173.194.188.105,,,45734,443,0,37,17
1588616967.802907,173.194.188.105,10.10.0.10,,,443,45734,0,29,17
1588616967.803015,173.194.188.105,10.10.0.10,,,443,45734,0,1358,17
1588616967.804284,10.10.0.10,173.194.188.105,,,45734,443,0,37,17
1588616967.804327,10.10.0.10,173.194.188.105,,,45734,443,0,37,17
1588616967.8052258,10.10.0.10,173.194.188.105,,,45734,443,0,37,17
1588616967.806504,10.10.0.10,173.194.188.105,,,45734,443,0,37,17
1588616967.806978,173.194.188.105,10.10.0.10,,,443,45734,0,1358,17
1588616967.808091,10.10.0.10,173.194.188.105,,,45734,443,0,37,17
1588616967.810442,10.10.0.10,173.194.188.105,,,45734,443,0,37,17
1588616967.810484,10.10.0.10,173.194.188.105,,,45734,443,0,37,17
1588616967.8109412,173.194.188.105,10.10.0.10,,,443,45734,0,1358,17
1588616967.81232,10.10.0.10,173.194.188.105,,,45734,443,0,37,17
1588616967.812711,10.10.0.10,173.194.188.105,,,45734,443,0,37,17
1588616967.8149161,173.194.188.105,10.10.0.10,,,443,45734,0,1358,17
1588616967.8188589,173.194.188.105,10.10.0.10,,,443,45734,0,1358,17
1588616967.82092,10.10.0.10,173.194.188.105,,,45734,443,0,37,17
1588616967.822736,173.194.188.105,10.10.0.10,,,443,45734,0,1358,17
1588616967.8267472,173.194.188.105,10.10.0.10,,,443,45734,0,1358,17
1588616967.8306901,173.194.188.105,10.10.0.10,,,443,45734,0,1358,17
1588616967.8346288,173.194.188.105,10.10.0.10,,,443,45734,0,1358,17
1588616967.8385148,173.194.188.105,10.10.0.10,,,443,45734,0,1358,17
1588616967.8424964,173.194.188.105,10.10.0.10,,,443,45734,0,1358,17
1588616967.8464632,173.194.188.105,10.10.0.10,,,443,45734,0,1358,17
1588616967.8504052,173.194.188.105,10.10.0.10,,,443,45734,0,1358,17
1588616967.8512142,10.10.0.10,173.194.188.105,,,45734,443,0,37,17
1588616967.8542864,173.194.188.105,10.10.0.10,,,443,45734,0,1358,17
1588616967.8551662,10.10.0.10,173.194.188.105,,,45734,443,0,37,17
1588616967.8558884,10.10.0.10,173.194.188.105,,,45734,443,0,50,17
1588616967.8567214,10.10.0.10,173.194.188.105,,,45734,443,0,37,17
1588616967.8582392,173.194.188.105,10.10.0.10,,,443,45734,0,1358,17
1588616967.8598669,10.10.0.10,173.194.188.105,,,45734,443,0,37,17
1588616967.8621662,173.194.188.105,10.10.0.10,,,443,45734,0,1358,17
1588616967.866125,173.194.188.105,10.10.0.10,,,443,45734,0,1358,17
1588616967.867743,10.10.0.10,173.194.188.105,,,45734,443,0,37,17
1588616967.870067,173.194.188.105,10.10.0.10,,,443,45734,0,1358,17
1588616967.8740122,173.194.188.105,10.10.0.10,,,443,45734,0,1358,17
1588616967.8771641,10.10.0.10,173.194.188.105,,,45734,443,0,37,17
1588616967.877954,173.194.188.105,10.10.0.10,,,443,45734,0,1358,17
1588616967.881882,173.194.188.105,10.10.0.10,,,443,45734,0,1358,17
1588616967.883393,10.10.0.10,173.194.188.105,,,45734,443,0,37,17
1588616967.8858411,173.194.188.105,10.10.0.10,,,443,45734,0,1358,17
1588616967.8898268,173.194.188.105,10.10.0.10,,,443,45734,0,1358,17
1588616967.8913221,10.10.0.10,173.194.188.105,,,45734,443,0,37,17
1588616967.89377,173.194.188.105,10.10.0.10,,,443,45734,0,29,17
1588616967.8938909,173.194.188.105,10.10.0.10,,,443,45734,0,1358,17
1588616967.897912,173.194.188.105,10.10.0.10,,,443,45734,0,1358,17
1588616967.9006991,10.10.0.10,173.194.188.105,,,45734,443,0,37,17
1588616967.901867,173.194.188.105,10.10.0.10,,,443,45734,0,1358,17
1588616967.905761,173.194.188.105,10.10.0.10,,,443,45734,0,1358,17
1588616967.907416,10.10.0.10,173.194.188.105,,,45734,443,0,37,17
1588616967.9097419,173.194.188.105,10.10.0.10,,,443,45734,0,1358,17
1588616967.9136848,173.194.188.105,10.10.0.10,,,443,45734,0,1358,17
1588616967.915493,10.10.0.10,173.194.188.105,,,45734,443,0,37,17
1588616967.9176302,173.194.188.105,10.10.0.10,,,443,45734,0,1358,17
1588616967.9215882,173.194.188.105,10.10.0.10,,,443,45734,0,1358,17
1588616967.923327,10.10.0.10,173.194.188.105,,,45734,443,0,37,17
1588616967.925479,173.194.188.105,10.10.0.10,,,443,45734,0,1358,17
1588616967.929458,173.194.188.105,10.10.0.10,,,443,45734,0,1358,17
1588616967.931284,10.10.0.10,173.194.188.105,,,45734,443,0,37,17
1588616967.9334018,173.194.188.105,10.10.0.10,,,443,45734,0,1358,17
1588616967.937346,173.194.188.105,10.10.0.10,,,443,45734,0,1358,17
1588616967.93941,10.10.0.10,173.194.188.105,,,45734,443,0,37,17
1588616967.941289,173.194.188.105,10.10.0.10,,,443,45734,0,1358,17
1588616967.94521,173.194.188.105,10.10.0.10,,,443,45734,0,1358,17
1588616967.947114,10.10.0.10,173.194.188.105,,,45734,443,0,37,17
1588616967.949136,173.194.188.105,10.10.0.10,,,443,45734,0,1358,17
1588616967.953119,173.194.188.105,10.10.0.10,,,443,45734,0,1358,17
1588616967.954803,10.10.0.10,173.194.188.105,,,45734,443,0,37,17
1588616967.957062,173.194.188.105,10.10.0.10,,,443,45734,0,1358,17
1588616967.961008,173.194.188.105,10.10.0.10,,,443,45734,0,1358,17
1588616967.963216,10.10.0.10,173.194.188.105,,,45734,443,0,37,17
1588616967.9649491,173.194.188.105,10.10.0.10,,,443,45734,0,1358,17
1588616967.9688542,173.194.188.105,10.10.0.10,,,443,45734,0,1358,17
1588616967.970466,10.10.0.10,173.194.188.105,,,45734,443,0,37,17
1588616967.9728372,173.194.188.105,10.10.0.10,,,443,45734,0,1358,17
1588616967.976782,173.194.188.105,10.10.0.10,,,443,45734,0,1358,17
1588616967.979009,10.10.0.10,173.194.188.105,,,45734,443,0,37,17
1588616967.9807231,173.194.188.105,10.10.0.10,,,443,45734,0,1358,17
1588616967.9846294,173.194.188.105,10.10.0.10,,,443,45734,0,1358,17
1588616967.9865134,10.10.0.10,173.194.188.105,,,45734,443,0,37,17
1588616967.9885461,173.194.188.105,10.10.0.10,,,443,45734,0,1358,17
1588616967.9925172,173.194.188.105,10.10.0.10,,,443,45734,0,1358,17
1588616967.9950109,10.10.0.10,173.194.188.105,,,45734,443,0,37,17
1588616967.9964259,173.194.188.105,10.10.0.10,,,443,45734,0,1358,17
1588616968.000403,173.194.188.105,10.10.0.10,,,443,45734,0,1358,17
1588616968.00303,10.10.0.10,173.194.188.105,,,45734,443,0,50,17
1588616968.004383,173.194.188.105,10.10.0.10,,,443,45734,0,1358,17
1588616968.008327,173.194.188.105,10.10.0.10,,,443,45734,0,1358,17
1588616968.009991,10.10.0.10,173.194.188.105,,,45734,443,0,37,17
1588616968.012233,173.194.188.105,10.10.0.10,,,443,45734,0,1358,17
1588616968.016215,173.194.188.105,10.10.0.10,,,443,45734,0,1358,17
1588616968.017781,10.10.0.10,173.194.188.105,,,45734,443,0,37,17
1588616968.0201206,173.194.188.105,10.10.0.10,,,443,45734,0,1358,17
1588616968.0240998,173.194.188.105,10.10.0.10,,,443,45734,0,1358,17
1588616968.026409,10.10.0.10,173.194.188.105,,,45734,443,0,37,17
1588616968.0280418,173.194.188.105,10.10.0.10,,,443,45734,0,1358,17
1588616968.031916,173.194.188.105,10.10.0.10,,,443,45734,0,1358,17
1588616968.033509,10.10.0.10,173.194.188.105,,,45734,443,0,37,17
1588616968.035932,173.194.188.105,10.10.0.10,,,443,45734,0,1358,17
1588616968.0398738,173.194.188.105,10.10.0.10,,,443,45734,0,1358,17
1588616968.041468,10.10.0.10,173.194.188.105,,,45734,443,0,37,17
1588616968.043817,173.194.188.105,10.10.0.10,,,443,45734,0,1358,17
1588616968.04776,173.194.188.105,10.10.0.10,,,443,45734,0,1358,17
1588616968.0494199,10.10.0.10,173.194.188.105,,,45734,443,0,37,17
1588616968.051812,173.194.188.105,10.10.0.10,,,443,45734,0,1358,17
1588616968.0557885,173.194.188.105,10.10.0.10,,,443,45734,0,1358,17
1588616968.0576348,10.10.0.10,173.194.188.105,,,45734,443,0,37,17
1588616968.059768,173.194.188.105,10.10.0.10,,,443,45734,0,29,17
1588616968.0598679,173.194.188.105,10.10.0.10,,,443,45734,0,1358,17
1588616968.063888,173.194.188.105,10.10.0.10,,,443,45734,0,1358,17
1588616968.0654461,10.10.0.10,173.194.188.105,,,45734,443,0,37,17
1588616968.067833,173.194.188.105,10.10.0.10,,,443,45734,0,1358,17
1588616968.071776,173.194.188.105,10.10.0.10,,,443,45734,0,1358,17
1588616968.073342,10.10.0.10,173.194.188.105,,,45734,443,0,37,17
1588616968.0756838,173.194.188.105,10.10.0.10,,,443,45734,0,1358,17
1588616968.079664,173.194.188.105,10.10.0.10,,,443,45734,0,1358,17
1588616968.0813036,10.10.0.10,173.194.188.105,,,45734,443,0,37,17
1588616968.0835388,173.194.188.105,10.10.0.10,,,443,45734,0,1358,17
1588616968.0875492,173.194.188.105,10.10.0.10,,,443,45734,0,1358,17
1588616968.089133,10.10.0.10,173.194.188.105,,,45734,443,0,37,17
1588616968.091492,173.194.188.105,10.10.0.10,,,443,45734,0,1358,17
1588616968.0953991,173.194.188.105,10.10.0.10,,,443,45734,0,1358,17
1588616968.0970259,10.10.0.10,173.194.188.105,,,45734,443,0,37,17
1588616968.0993788,173.194.188.105,10.10.0.10,,,443,45734,0,1358,17
1588616968.103323,173.194.188.105,10.10.0.10,,,443,45734,0,1358,17
1588616968.1058881,10.10.0.10,173.194.188.105,,,45734,443,0,37,17
1588616968.107265,173.194.188.105,10.10.0.10,,,443,45734,0,1358,17
1588616968.1112108,173.194.188.105,10.10.0.10,,,443,45734,0,1358,17
1588616968.1128864,10.10.0.10,173.194.188.105,,,45734,443,0,37,17
1588616968.1151671,173.194.188.105,10.10.0.10,,,443,45734,0,1358,17
1588616968.119064,173.194.188.105,10.10.0.10,,,443,45734,0,1358,17
1588616968.120714,10.10.0.10,173.194.188.105,,,45734,443,0,37,17
1588616968.12304,173.194.188.105,10.10.0.10,,,443,45734,0,1358,17
1588616968.126985,173.194.188.105,10.10.0.10,,,443,45734,0,1358,17
1588616968.1286852,10.10.0.10,173.194.188.105,,,45734,443,0,37,17
1588616968.1308908,173.194.188.105,10.10.0.10,,,443,45734,0,1358,17
1588616968.1348698,173.194.188.105,10.10.0.10,,,443,45734,0,1358,17
1588616968.1364882,10.10.0.10,173.194.188.105,,,45734,443,0,37,17
1588616968.138778,173.194.188.105,10.10.0.10,,,443,45734,0,1358,17
1588616968.1427572,173.194.188.105,10.10.0.10,,,443,45734,0,1358,17
1588616968.1444461,10.10.0.10,173.194.188.105,,,45734,443,0,37,17
1588616968.146699,173.194.188.105,10.10.0.10,,,443,45734,0,1358,17
1588616968.1506438,173.194.188.105,10.10.0.10,,,443,45734,0,1358,17
1588616968.1527011,10.10.0.10,173.194.188.105,,,45734,443,0,37,17
1588616968.15455,173.194.188.105,10.10.0.10,,,443,45734,0,1358,17
1588616968.1585412,173.194.188.105,10.10.0.10,,,443,45734,0,1358,17
1588616968.1604302,10.10.0.10,173.194.188.105,,,45734,443,0,50,17
1588616968.1624491,173.194.188.105,10.10.0.10,,,443,45734,0,1358,17
1588616968.1664288,173.194.188.105,10.10.0.10,,,443,45734,0,1358,17
1588616968.1682134,10.10.0.10,173.194.188.105,,,45734,443,0,37,17
1588616968.170361,173.194.188.105,10.10.0.10,,,443,45734,0,1358,17
1588616968.174304,173.194.188.105,10.10.0.10,,,443,45734,0,1358,17
1588616968.176467,10.10.0.10,173.194.188.105,,,45734,443,0,37,17
1588616968.1782498,173.194.188.105,10.10.0.10,,,443,45734,0,1358,17
1588616968.182154,173.194.188.105,10.10.0.10,,,443,45734,0,1358,17
1588616968.1839068,10.10.0.10,173.194.188.105,,,45734,443,0,37,17
1588616968.1861331,173.194.188.105,10.10.0.10,,,443,45734,0,1358,17
1588616968.190077,173.194.188.105,10.10.0.10,,,443,45734,0,1358,17
1588616968.191847,10.10.0.10,173.194.188.105,,,45734,443,0,37,17
1588616968.1940198,173.194.188.105,10.10.0.10,,,443,45734,0,1358,17
1588616968.1979642,173.194.188.105,10.10.0.10,,,443,45734,0,1358,17
1588616968.199739,10.10.0.10,173.194.188.105,,,45734,443,0,37,17
1588616968.2018766,173.194.188.105,10.10.0.10,,,443,45734,0,1358,17
1588616968.2058249,173.194.188.105,10.10.0.10,,,443,45734,0,1358,17
1588616968.2091556,10.10.0.10,173.194.188.105,,,45734,443,0,37,17
1588616968.209758,173.194.188.105,10.10.0.10,,,443,45734,0,1358,17
1588616968.2137358,173.194.188.105,10.10.0.10,,,443,45734,0,1358,17
1588616968.2152526,10.10.0.10,173.194.188.105,,,45734,443,0,37,17
1588616968.2176812,173.194.188.105,10.10.0.10,,,443,45734,0,1358,17
1588616968.2216249,173.194.188.105,10.10.0.10,,,443,45734,0,1358,17
1588616968.223258,10.10.0.10,173.194.188.105,,,45734,443,0,37,17
1588616968.225529,173.194.188.105,10.10.0.10,,,443,45734,0,1358,17
1588616968.229511,173.194.188.105,10.10.0.10,,,443,45734,0,1358,17
1588616968.231412,10.10.0.10,173.194.188.105,,,45734,443,0,37,17
1588616968.233453,173.194.188.105,10.10.0.10,,,443,45734,0,29,17
1588616968.2335546,173.194.188.105,10.10.0.10,,,443,45734,0,1358,17
1588616968.237577,173.194.188.105,10.10.0.10,,,443,45734,0,1358,17
1588616968.239408,10.10.0.10,173.194.188.105,,,45734,443,0,37,17
1588616968.241518,173.194.188.105,10.10.0.10,,,443,45734,0,1358,17
1588616968.245427,173.194.188.105,10.10.0.10,,,443,45734,0,1358,17
1588616968.2471972,10.10.0.10,173.194.188.105,,,45734,443,0,37,17
1588616968.249407,173.194.188.105,10.10.0.10,,,443,45734,0,1358,17
1588616968.25335,173.194.188.105,10.10.0.10,,,443,45734,0,1358,17
1588616968.254967,10.10.0.10,173.194.188.105,,,45734,443,0,37,17
1588616968.2572925,173.194.188.105,10.10.0.10,,,443,45734,0,1358,17
1588616968.261249,173.194.188.105,10.10.0.10,,,443,45734,0,1358,17
1588616968.2633462,10.10.0.10,173.194.188.105,,,45734,443,0,37,17
1588616968.265191,173.194.188.105,10.10.0.10,,,443,45734,0,1358,17
1588616968.2690964,173.194.188.105,10.10.0.10,,,443,45734,0,1358,17
1588616968.270948,10.10.0.10,173.194.188.105,,,45734,443,0,37,17
1588616968.2730658,173.194.188.105,10.10.0.10,,,443,45734,0,1358,17
1588616968.27701,173.194.188.105,10.10.0.10,,,443,45734,0,1358,17
1588616968.2793438,10.10.0.10,173.194.188.105,,,45734,443,0,37,17
1588616968.280953,173.194.188.105,10.10.0.10,,,443,45734,0,1358,17
1588616968.2848961,173.194.188.105,10.10.0.10,,,443,45734,0,1358,17
1588616968.286602,10.10.0.10,173.194.188.105,,,45734,443,0,37,17
1588616968.288816,173.194.188.105,10.10.0.10,,,443,45734,0,1358,17
1588616968.292782,173.194.188.105,10.10.0.10,,,443,45734,0,1358,17
1588616968.294584,10.10.0.10,173.194.188.105,,,45734,443,0,37,17
1588616968.296726,173.194.188.105,10.10.0.10,,,443,45734,0,1358,17
1588616968.3006694,173.194.188.105,10.10.0.10,,,443,45734,0,1358,17
1588616968.302551,10.10.0.10,173.194.188.105,,,45734,443,0,37,17
1588616968.304576,173.194.188.105,10.10.0.10,,,443,45734,0,1358,17
1588616968.3085475,173.194.188.105,10.10.0.10,,,443,45734,0,1358,17
1588616968.312473,173.194.188.105,10.10.0.10,,,443,45734,0,1358,17
1588616968.313908,10.10.0.10,173.194.188.105,,,45734,443,0,37,17
1588616968.3164446,173.194.188.105,10.10.0.10,,,443,45734,0,1358,17
1588616968.318091,10.10.0.10,173.194.188.105,,,45734,443,0,50,17
1588616968.320386,173.194.188.105,10.10.0.10,,,443,45734,0,1358,17
1588616968.324329,173.194.188.105,10.10.0.10,,,443,45734,0,1358,17
1588616968.326051,10.10.0.10,173.194.188.105,,,45734,443,0,37,17
1588616968.328273,173.194.188.105,10.10.0.10,,,443,45734,0,1358,17
1588616968.3321798,173.194.188.105,10.10.0.10,,,443,45734,0,1358,17
1588616968.3338866,10.10.0.10,173.194.188.105,,,45734,443,0,37,17
1588616968.336142,173.194.188.105,10.10.0.10,,,443,45734,0,1358,17
1588616968.3401024,173.194.188.105,10.10.0.10,,,443,45734,0,1358,17
1588616968.34224,10.10.0.10,173.194.188.105,,,45734,443,0,37,17
1588616968.3440454,173.194.188.105,10.10.0.10,,,443,45734,0,1358,17
1588616968.3479881,173.194.188.105,10.10.0.10,,,443,45734,0,1358,17
1588616968.349824,10.10.0.10,173.194.188.105,,,45734,443,0,37,17
1588616968.3518622,173.194.188.105,10.10.0.10,,,443,45734,0,1358,17
1588616968.355822,173.194.188.105,10.10.0.10,,,443,45734,0,1358,17
1588616968.3574612,10.10.0.10,173.194.188.105,,,45734,443,0,37,17
1588616968.3597438,173.194.188.105,10.10.0.10,,,443,45734,0,1358,17
1588616968.3636858,173.194.188.105,10.10.0.10,,,443,45734,0,1358,17
1588616968.366122,10.10.0.10,173.194.188.105,,,45734,443,0,37,17
1588616968.3677099,173.194.188.105,10.10.0.10,,,443,45734,0,1358,17
1588616968.3716528,173.194.188.105,10.10.0.10,,,443,45734,0,1358,17
1588616968.3732,10.10.0.10,173.194.188.105,,,45734,443,0,37,17
1588616968.3755572,173.194.188.105,10.10.0.10,,,443,45734,0,1358,17
1588616968.3795412,173.194.188.105,10.10.0.10,,,443,45734,0,1358,17
1588616968.381308,10.10.0.10,173.194.188.105,,,45734,443,0,37,17
1588616968.383483,173.194.188.105,10.10.0.10,,,443,45734,0,1358,17
1588616968.3874269,173.194.188.105,10.10.0.10,,,443,45734,0,1358,17
1588616968.389057,10.10.0.10,173.194.188.105,,,45734,443,0,37,17
1588616968.3913689,173.194.188.105,10.10.0.10,,,443,45734,0,1358,17
1588616968.395246,173.194.188.105,10.10.0.10,,,443,45734,0,1358,17
1588616968.397182,10.10.0.10,173.194.188.105,,,45734,443,0,37,17
1588616968.3992329,173.194.188.105,10.10.0.10,,,443,45734,0,1358,17
1588616968.4031892,173.194.188.105,10.10.0.10,,,443,45734,0,1358,17
1588616968.404707,10.10.0.10,173.194.188.105,,,45734,443,0,37,17
1588616968.407133,173.194.188.105,10.10.0.10,,,443,45734,0,29,17
1588616968.4072409,173.194.188.105,10.10.0.10,,,443,45734,0,1358,17
1588616968.411226,173.194.188.105,10.10.0.10,,,443,45734,0,1358,17
1588616968.4137552,10.10.0.10,173.194.188.105,,,45734,443,0,37,17
1588616968.4152038,173.194.188.105,10.10.0.10,,,443,45734,0,1358,17
1588616968.4191172,173.194.188.105,10.10.0.10,,,443,45734,0,1358,17
1588616968.4206908,10.10.0.10,173.194.188.105,,,45734,443,0,37,17
1588616968.4230509,173.194.188.105,10.10.0.10,,,443,45734,0,1358,17
1588616968.4270296,173.194.188.105,10.10.0.10,,,443,45734,0,1358,17
1588616968.4286964,10.10.0.10,173.194.188.105,,,45734,443,0,37,17
1588616968.4309714,173.194.188.105,10.10.0.10,,,443,45734,0,1358,17
1588616968.4349158,173.194.188.105,10.10.0.10,,,443,45734,0,1358,17
1588616968.4365392,10.10.0.10,173.194.188.105,,,45734,443,0,37,17
1588616968.43882,173.194.188.105,10.10.0.10,,,443,45734,0,1358,17
1588616968.442801,173.194.188.105,10.10.0.10,,,443,45734,0,1358,17
1588616968.444525,10.10.0.10,173.194.188.105,,,45734,443,0,37,17
1588616968.446745,173.194.188.105,10.10.0.10,,,443,45734,0,1358,17
1588616968.4506881,173.194.188.105,10.10.0.10,,,443,45734,0,1358,17
1588616968.452114,10.10.0.10,173.194.188.105,,,45734,443,0,37,17
1588616968.4546142,173.194.188.105,10.10.0.10,,,443,45734,0,1358,17
1588616968.4585366,173.194.188.105,10.10.0.10,,,443,45734,0,1358,17
1588616968.460129,10.10.0.10,173.194.188.105,,,45734,443,0,37,17
1588616968.4624748,173.194.188.105,10.10.0.10,,,443,45734,0,1358,17
1588616968.4664614,173.194.188.105,10.10.0.10,,,443,45734,0,1358,17
1588616968.4681082,10.10.0.10,173.194.188.105,,,45734,443,0,37,17
1588616968.470404,173.194.188.105,10.10.0.10,,,443,45734,0,1358,17
1588616968.474348,173.194.188.105,10.10.0.10,,,443,45734,0,1358,17
1588616968.476091,10.10.0.10,173.194.188.105,,,45734,443,0,50,17
1588616968.4782908,173.194.188.105,10.10.0.10,,,443,45734,0,1358,17
1588616968.482191,173.194.188.105,10.10.0.10,,,443,45734,0,1358,17
1588616968.4840438,10.10.0.10,173.194.188.105,,,45734,443,0,37,17
1588616968.4861784,173.194.188.105,10.10.0.10,,,443,45734,0,1358,17
1588616968.490081,173.194.188.105,10.10.0.10,,,443,45734,0,1358,17
1588616968.491737,10.10.0.10,173.194.188.105,,,45734,443,0,37,17
1588616968.494065,173.194.188.105,10.10.0.10,,,443,45734,0,1358,17
1588616968.498008,173.194.188.105,10.10.0.10,,,443,45734,0,1358,17
1588616968.49988,10.10.0.10,173.194.188.105,,,45734,443,0,37,17
1588616968.501894,173.194.188.105,10.10.0.10,,,443,45734,0,1358,17
1588616968.505871,173.194.188.105,10.10.0.10,,,443,45734,0,1358,17
1588616968.507618,10.10.0.10,173.194.188.105,,,45734,443,0,37,17
1588616968.50984,173.194.188.105,10.10.0.10,,,443,45734,0,1358,17
1588616968.513754,173.194.188.105,10.10.0.10,,,443,45734,0,1358,17
1588616968.5165732,10.10.0.10,173.194.188.105,,,45734,443,0,37,17
1588616968.5177252,173.194.188.105,10.10.0.10,,,443,45734,0,1358,17
1588616968.5216696,173.194.188.105,10.10.0.10,,,443,45734,0,1358,17
1588616968.5234652,10.10.0.10,173.194.188.105,,,45734,443,0,37,17
1588616968.5255716,173.194.188.105,10.10.0.10,,,443,45734,0,1358,17
1588616968.5295546,173.194.188.105,10.10.0.10,,,443,45734,0,1358,17
1588616968.531191,10.10.0.10,173.194.188.105,,,45734,443,0,37,17
1588616968.5334988,173.194.188.105,10.10.0.10,,,443,45734,0,1358,17
1588616968.537441,173.194.188.105,10.10.0.10,,,443,45734,0,1358,17
1588616968.5391312,10.10.0.10,173.194.188.105,,,45734,443,0,37,17
1588616968.541386,173.194.188.105,10.10.0.10,,,443,45734,0,1358,17
1588616968.5452669,173.194.188.105,10.10.0.10,,,443,45734,0,1358,17
1588616968.547675,10.10.0.10,173.194.188.105,,,45734,443,0,37,17
1588616968.549273,173.194.188.105,10.10.0.10,,,443,45734,0,1358,17
1588616968.5531876,173.194.188.105,10.10.0.10,,,443,45734,0,1358,17
1588616968.5549119,10.10.0.10,173.194.188.105,,,45734,443,0,37,17
1588616968.55711,173.194.188.105,10.10.0.10,,,443,45734,0,1358,17
1588616968.5610552,173.194.188.105,10.10.0.10,,,443,45734,0,1358,17
1588616968.562577,10.10.0.10,173.194.188.105,,,45734,443,0,37,17
1588616968.5649958,173.194.188.105,10.10.0.10,,,443,45734,0,1358,17
1588616968.5689142,173.194.188.105,10.10.0.10,,,443,45734,0,1358,17
1588616968.570432,10.10.0.10,173.194.188.105,,,45734,443,0,37,17
1588616968.5728602,173.194.188.105,10.10.0.10,,,443,45734,0,29,17
1588616968.5730348,173.194.188.105,10.10.0.10,,,443,45734,0,1358,17
1588616968.576983,173.194.188.105,10.10.0.10,,,443,45734,0,1358,17
1588616968.5791645,10.10.0.10,173.194.188.105,,,45734,443,0,37,17
1588616968.580983,173.194.188.105,10.10.0.10,,,443,45734,0,1358,17
1588616968.584877,173.194.188.105,10.10.0.10,,,443,45734,0,1358,17
1588616968.586567,10.10.0.10,173.194.188.105,,,45734,443,0,37,17
1588616968.5888212,173.194.188.105,10.10.0.10,,,443,45734,0,1358,17
1588616968.5928118,173.194.188.105,10.10.0.10,,,443,45734,0,1358,17
1588616968.594452,10.10.0.10,173.194.188.105,,,45734,443,0,37,17
1588616968.5967278,173.194.188.105,10.10.0.10,,,443,45734,0,1358,17
1588616968.600699,173.194.188.105,10.10.0.10,,,443,45734,0,1358,17
1588616968.6046438,173.194.188.105,10.10.0.10,,,443,45734,0,1358,17
1588616968.6085286,173.194.188.105,10.10.0.10,,,443,45734,0,1358,17
1588616968.6089964,10.10.0.10,173.194.188.105,,,45734,443,0,37,17
1588616968.6105561,10.10.0.10,173.194.188.105,,,45734,443,0,37,17
1588616968.6125069,173.194.188.105,10.10.0.10,,,443,45734,0,1358,17
1588616968.616473,173.194.188.105,10.10.0.10,,,443,45734,0,1358,17
1588616968.618714,10.10.0.10,173.194.188.105,,,45734,443,0,37,17
1588616968.620415,173.194.188.105,10.10.0.10,,,443,45734,0,1358,17
1588616968.6243012,173.194.188.105,10.10.0.10,,,443,45734,0,1358,17
1588616968.626127,10.10.0.10,173.194.188.105,,,45734,443,0,37,17
1588616968.6282446,173.194.188.105,10.10.0.10,,,443,45734,0,1358,17
1588616968.6321962,173.194.188.105,10.10.0.10,,,443,45734,0,1358,17
1588616968.6337242,10.10.0.10,173.194.188.105,,,45734,443,0,50,17
1588616968.6361492,173.194.188.105,10.10.0.10,,,443,45734,0,1358,17
1588616968.640105,173.194.188.105,10.10.0.10,,,443,45734,0,1358,17
1588616968.641881,10.10.0.10,173.194.188.105,,,45734,443,0,37,17
1588616968.644075,173.194.188.105,10.10.0.10,,,443,45734,0,1358,17
1588616968.648018,173.194.188.105,10.10.0.10,,,443,45734,0,1358,17
1588616968.649895,10.10.0.10,173.194.188.105,,,45734,443,0,37,17
1588616968.6519039,173.194.188.105,10.10.0.10,,,443,45734,0,1358,17
1588616968.655848,173.194.188.105,10.10.0.10,,,443,45734,0,1358,17
1588616968.6573565,10.10.0.10,173.194.188.105,,,45734,443,0,37,17
1588616968.659802,173.194.188.105,10.10.0.10,,,443,45734,0,1358,17
1588616968.6637342,173.194.188.105,10.10.0.10,,,443,45734,0,1358,17
1588616968.6652124,10.10.0.10,173.194.188.105,,,45734,443,0,37,17
1588616968.6677382,173.194.188.105,10.10.0.10,,,443,45734,0,1358,17
1588616968.67168,173.194.188.105,10.10.0.10,,,443,45734,0,1358,17
1588616968.6733725,10.10.0.10,173.194.188.105,,,45734,443,0,37,17
1588616968.6755962,173.194.188.105,10.10.0.10,,,443,45734,0,1358,17
1588616968.679544,173.194.188.105,10.10.0.10,,,443,45734,0,1358,17
1588616968.68108,10.10.0.10,173.194.188.105,,,45734,443,0,37,17
1588616968.683511,173.194.188.105,10.10.0.10,,,443,45734,0,29,17
1588616968.683627,173.194.188.105,10.10.0.10,,,443,45734,0,1358,17
1588616968.687607,173.194.188.105,10.10.0.10,,,443,45734,0,1358,17
1588616968.68909,10.10.0.10,173.194.188.105,,,45734,443,0,37,17
1588616968.691518,173.194.188.105,10.10.0.10,,,443,45734,0,1358,17
1588616968.695472,173.194.188.105,10.10.0.10,,,443,45734,0,1358,17
1588616968.6971252,10.10.0.10,173.194.188.105,,,45734,443,0,37,17
1588616968.6994364,173.194.188.105,10.10.0.10,,,443,45734,0,1358,17
1588616968.703379,173.194.188.105,10.10.0.10,,,443,45734,0,1358,17
1588616968.704911,10.10.0.10,173.194.188.105,,,45734,443,0,37,17
1588616968.7073288,173.194.188.105,10.10.0.10,,,443,45734,0,1358,17
1588616968.711297,173.194.188.105,10.10.0.10,,,443,45734,0,1358,17
1588616968.7129798,10.10.0.10,173.194.188.105,,,45734,443,0,37,17
1588616968.715198,173.194.188.105,10.10.0.10,,,443,45734,0,1358,17
1588616968.7191556,173.194.188.105,10.10.0.10,,,443,45734,0,1358,17
1588616968.721023,10.10.0.10,173.194.188.105,,,45734,443,0,37,17
1588616968.7231278,173.194.188.105,10.10.0.10,,,443,45734,0,1358,17
1588616968.727071,173.194.188.105,10.10.0.10,,,443,45734,0,1358,17
1588616968.7285652,10.10.0.10,173.194.188.105,,,45734,443,0,37,17
1588616968.731014,173.194.188.105,10.10.0.10,,,443,45734,0,1358,17
1588616968.7349591,173.194.188.105,10.10.0.10,,,443,45734,0,1358,17
1588616968.736563,10.10.0.10,173.194.188.105,,,45734,443,0,37,17
1588616968.738873,173.194.188.105,10.10.0.10,,,443,45734,0,1358,17
1588616968.7428448,173.194.188.105,10.10.0.10,,,443,45734,0,1358,17
1588616968.7446349,10.10.0.10,173.194.188.105,,,45734,443,0,37,17
1588616968.746766,173.194.188.105,10.10.0.10,,,443,45734,0,1358,17
1588616968.750731,173.194.188.105,10.10.0.10,,,443,45734,0,1358,17
1588616968.752292,10.10.0.10,173.194.188.105,,,45734,443,0,37,17
1588616968.754674,173.194.188.105,10.10.0.10,,,443,45734,0,1358,17
1588616968.758554,173.194.188.105,10.10.0.10,,,443,45734,0,1358,17
1588616968.760058,10.10.0.10,173.194.188.105,,,45734,443,0,37,17
1588616968.762496,173.194.188.105,10.10.0.10,,,443,45734,0,1358,17
1588616968.766505,173.194.188.105,10.10.0.10,,,443,45734,0,1358,17
1588616968.768038,10.10.0.10,173.194.188.105,,,45734,443,0,37,17
1588616968.770448,173.194.188.105,10.10.0.10,,,443,45734,0,1358,17
1588616968.7743928,173.194.188.105,10.10.0.10,,,443,45734,0,1358,17
1588616968.7758348,10.10.0.10,173.194.188.105,,,45734,443,0,37,17
1588616968.7783349,173.194.188.105,10.10.0.10,,,443,45734,0,1358,17
1588616968.7822552,173.194.188.105,10.10.0.10,,,443,45734,0,1358,17
1588616968.7838142,10.10.0.10,173.194.188.105,,,45734,443,0,37,17
1588616968.786221,173.194.188.105,10.10.0.10,,,443,45734,0,1358,17
1588616968.7901652,173.194.188.105,10.10.0.10,,,443,45734,0,1358,17
1588616968.7922359,10.10.0.10,173.194.188.105,,,45734,443,0,50,17
1588616968.79408,173.194.188.105,10.10.0.10,,,443,45734,0,1358,17
1588616968.7980509,173.194.188.105,10.10.0.10,,,443,45734,0,1358,17
1588616968.799901,10.10.0.10,173.194.188.105,,,45734,443,0,37,17
1588616968.8019366,173.194.188.105,10.10.0.10,,,443,45734,0,1358,17
1588616968.805938,173.194.188.105,10.10.0.10,,,443,45734,0,1358,17
1588616968.8076,10.10.0.10,173.194.188.105,,,45734,443,0,37,17
1588616968.809881,173.194.188.105,10.10.0.10,,,443,45734,0,1358,17
1588616968.813801,173.194.188.105,10.10.0.10,,,443,45734,0,1358,17
1588616968.815525,10.10.0.10,173.194.188.105,,,45734,443,0,37,17
1588616968.817769,173.194.188.105,10.10.0.10,,,443,45734,0,1358,17
1588616968.821671,173.194.188.105,10.10.0.10,,,443,45734,0,1358,17
1588616968.8234382,10.10.0.10,173.194.188.105,,,45734,443,0,37,17
1588616968.8256035,173.194.188.105,10.10.0.10,,,443,45734,0,1358,17
1588616968.8295698,173.194.188.105,10.10.0.10,,,443,45734,0,1358,17
1588616968.8318882,10.10.0.10,173.194.188.105,,,45734,443,0,37,17
1588616968.833549,173.194.188.105,10.10.0.10,,,443,45734,0,1358,17
1588616968.837486,173.194.188.105,10.10.0.10,,,443,45734,0,1358,17
1588616968.8401089,10.10.0.10,173.194.188.105,,,45734,443,0,37,17
1588616968.8414,173.194.188.105,10.10.0.10,,,443,45734,0,1358,17
1588616968.845311,173.194.188.105,10.10.0.10,,,443,45734,0,1358,17
1588616968.847219,10.10.0.10,173.194.188.105,,,45734,443,0,37,17
1588616968.8492851,173.194.188.105,10.10.0.10,,,443,45734,0,1358,17
1588616968.853258,173.194.188.105,10.10.0.10,,,443,45734,0,1358,17
1588616968.8556,10.10.0.10,173.194.188.105,,,45734,443,0,37,17
1588616968.8571546,173.194.188.105,10.10.0.10,,,443,45734,0,1358,17
1588616968.861095,173.194.188.105,10.10.0.10,,,443,45734,0,1358,17
1588616968.8629491,10.10.0.10,173.194.188.105,,,45734,443,0,37,17
1588616968.865061,173.194.188.105,10.10.0.10,,,443,45734,0,1358,17
1588616968.8690042,173.194.188.105,10.10.0.10,,,443,45734,0,1358,17
1588616968.871046,10.10.0.10,173.194.188.105,,,45734,443,0,37,17
1588616968.872976,173.194.188.105,10.10.0.10,,,443,45734,0,1358,17
1588616968.8769212,173.194.188.105,10.10.0.10,,,443,45734,0,1358,17
1588616968.878689,10.10.0.10,173.194.188.105,,,45734,443,0,37,17
1588616968.8808641,173.194.188.105,10.10.0.10,,,443,45734,0,1358,17
1588616968.8848052,173.194.188.105,10.10.0.10,,,443,45734,0,1358,17
1588616968.886462,10.10.0.10,173.194.188.105,,,45734,443,0,37,17
1588616968.888721,173.194.188.105,10.10.0.10,,,443,45734,0,1358,17
1588616968.892691,173.194.188.105,10.10.0.10,,,443,45734,0,1358,17
1588616968.894378,10.10.0.10,173.194.188.105,,,45734,443,0,37,17
1588616968.8966348,173.194.188.105,10.10.0.10,,,443,45734,0,1358,17
1588616968.900579,173.194.188.105,10.10.0.10,,,443,45734,0,1358,17
1588616968.902127,10.10.0.10,173.194.188.105,,,45734,443,0,37,17
1588616968.9045222,173.194.188.105,10.10.0.10,,,443,45734,0,1358,17
1588616968.908472,173.194.188.105,10.10.0.10,,,443,45734,0,1358,17
1588616968.910406,10.10.0.10,173.194.188.105,,,45734,443,0,37,17
1588616968.9123812,173.194.188.105,10.10.0.10,,,443,45734,0,1358,17
1588616968.916352,173.194.188.105,10.10.0.10,,,443,45734,0,1358,17
1588616968.9178624,10.10.0.10,173.194.188.105,,,45734,443,0,37,17
1588616968.920295,173.194.188.105,10.10.0.10,,,443,45734,0,1358,17
1588616968.9242392,173.194.188.105,10.10.0.10,,,443,45734,0,1358,17
1588616968.9257562,10.10.0.10,173.194.188.105,,,45734,443,0,37,17
1588616968.9281821,173.194.188.105,10.10.0.10,,,443,45734,0,1358,17
1588616968.932097,173.194.188.105,10.10.0.10,,,443,45734,0,1358,17
1588616968.93363,10.10.0.10,173.194.188.105,,,45734,443,0,37,17
1588616968.936007,173.194.188.105,10.10.0.10,,,443,45734,0,1358,17
1588616968.9400132,173.194.188.105,10.10.0.10,,,443,45734,0,1358,17
1588616968.941716,10.10.0.10,173.194.188.105,,,45734,443,0,37,17
1588616968.9439552,173.194.188.105,10.10.0.10,,,443,45734,0,1358,17
1588616968.9478989,173.194.188.105,10.10.0.10,,,443,45734,0,1358,17
1588616968.949713,10.10.0.10,173.194.188.105,,,45734,443,0,50,17
1588616968.9518461,173.194.188.105,10.10.0.10,,,443,45734,0,1358,17
1588616968.955762,173.194.188.105,10.10.0.10,,,443,45734,0,1358,17
1588616968.959728,173.194.188.105,10.10.0.10,,,443,45734,0,1358,17
1588616968.9636724,173.194.188.105,10.10.0.10,,,443,45734,0,1358,17
1588616968.9676151,173.194.188.105,10.10.0.10,,,443,45734,0,1358,17
1588616968.971558,173.194.188.105,10.10.0.10,,,443,45734,0,1358,17
1588616968.975474,173.194.188.105,10.10.0.10,,,443,45734,0,1358,17
1588616968.9794452,173.194.188.105,10.10.0.10,,,443,45734,0,1358,17
1588616968.982031,10.10.0.10,173.194.188.105,,,45734,443,0,37,17
1588616968.9833386,173.194.188.105,10.10.0.10,,,443,45734,0,1358,17
1588616968.9843,10.10.0.10,173.194.188.105,,,45734,443,0,37,17
1588616968.98444,10.10.0.10,173.194.188.105,,,45734,443,0,37,17
1588616968.985773,10.10.0.10,173.194.188.105,,,45734,443,0,37,17
1588616968.9873312,173.194.188.105,10.10.0.10,,,443,45734,0,1358,17
1588616968.988895,10.10.0.10,173.194.188.105,,,45734,443,0,37,17
1588616968.991274,173.194.188.105,10.10.0.10,,,443,45734,0,1358,17
1588616968.9951706,173.194.188.105,10.10.0.10,,,443,45734,0,1358,17
1588616968.996799,10.10.0.10,173.194.188.105,,,45734,443,0,37,17
1588616968.9991386,173.194.188.105,10.10.0.10,,,443,45734,0,1358,17
1588616969.003106,173.194.188.105,10.10.0.10,,,443,45734,0,1358,17
1588616969.004666,10.10.0.10,173.194.188.105,,,45734,443,0,37,17
1588616969.0070488,173.194.188.105,10.10.0.10,,,443,45734,0,1358,17
1588616969.010991,173.194.188.105,10.10.0.10,,,443,45734,0,1358,17
1588616969.0127325,10.10.0.10,173.194.188.105,,,45734,443,0,37,17
1588616969.014935,173.194.188.105,10.10.0.10,,,443,45734,0,1358,17
1588616969.018848,173.194.188.105,10.10.0.10,,,443,45734,0,1358,17
1588616969.020605,10.10.0.10,173.194.188.105,,,45734,443,0,37,17
1588616969.0228221,173.194.188.105,10.10.0.10,,,443,45734,0,1358,17
1588616969.026766,173.194.188.105,10.10.0.10,,,443,45734,0,1358,17
1588616969.0282755,10.10.0.10,173.194.188.105,,,45734,443,0,37,17
1588616969.0307078,173.194.188.105,10.10.0.10,,,443,45734,0,1358,17
1588616969.034658,173.194.188.105,10.10.0.10,,,443,45734,0,1358,17
1588616969.036334,10.10.0.10,173.194.188.105,,,45734,443,0,37,17
1588616969.0385342,173.194.188.105,10.10.0.10,,,443,45734,0,1358,17
1588616969.042522,173.194.188.105,10.10.0.10,,,443,45734,0,1358,17
1588616969.044055,10.10.0.10,173.194.188.105,,,45734,443,0,37,17
1588616969.046489,173.194.188.105,10.10.0.10,,,443,45734,0,1358,17
1588616969.050432,173.194.188.105,10.10.0.10,,,443,45734,0,1358,17
1588616969.052305,10.10.0.10,173.194.188.105,,,45734,443,0,37,17
1588616969.054374,173.194.188.105,10.10.0.10,,,443,45734,0,1358,17
1588616969.0583172,173.194.188.105,10.10.0.10,,,443,45734,0,1358,17
1588616969.059995,10.10.0.10,173.194.188.105,,,45734,443,0,37,17
1588616969.0622294,173.194.188.105,10.10.0.10,,,443,45734,0,1358,17
1588616969.0662036,173.194.188.105,10.10.0.10,,,443,45734,0,1358,17
1588616969.0679688,10.10.0.10,173.194.188.105,,,45734,443,0,37,17
1588616969.0701478,173.194.188.105,10.10.0.10,,,443,45734,0,1358,17
1588616969.074091,173.194.188.105,10.10.0.10,,,443,45734,0,1358,17
1588616969.076119,10.10.0.10,173.194.188.105,,,45734,443,0,37,17
1588616969.078034,173.194.188.105,10.10.0.10,,,443,45734,0,1358,17
1588616969.081914,173.194.188.105,10.10.0.10,,,443,45734,0,1358,17
1588616969.083658,10.10.0.10,173.194.188.105,,,45734,443,0,37,17
1588616969.0858722,173.194.188.105,10.10.0.10,,,443,45734,0,1358,17
1588616969.089865,173.194.188.105,10.10.0.10,,,443,45734,0,1358,17
1588616969.091623,10.10.0.10,173.194.188.105,,,45734,443,0,37,17
1588616969.093807,173.194.188.105,10.10.0.10,,,443,45734,0,1358,17
1588616969.0977511,173.194.188.105,10.10.0.10,,,443,45734,0,1358,17
1588616969.100744,10.10.0.10,173.194.188.105,,,45734,443,0,37,17
1588616969.101629,173.194.188.105,10.10.0.10,,,443,45734,0,1358,17
1588616969.105608,173.194.188.105,10.10.0.10,,,443,45734,0,1358,17
1588616969.1075342,10.10.0.10,173.194.188.105,,,45734,443,0,50,17
1588616969.10955,173.194.188.105,10.10.0.10,,,443,45734,0,1358,17
1588616969.1135,173.194.188.105,10.10.0.10,,,443,45734,0,1358,17
1588616969.116345,10.10.0.10,173.194.188.105,,,45734,443,0,37,17
1588616969.1174438,173.194.188.105,10.10.0.10,,,443,45734,0,1358,17
1588616969.1214151,173.194.188.105,10.10.0.10,,,443,45734,0,1358,17
1588616969.123178,10.10.0.10,173.194.188.105,,,45734,443,0,37,17
1588616969.125288,173.194.188.105,10.10.0.10,,,443,45734,0,29,17
1588616969.1254618,173.194.188.105,10.10.0.10,,,443,45734,0,1358,17
1588616969.1294758,173.194.188.105,10.10.0.10,,,443,45734,0,1358,17
1588616969.131577,10.10.0.10,173.194.188.105,,,45734,443,0,37,17
1588616969.1333902,173.194.188.105,10.10.0.10,,,443,45734,0,1358,17
1588616969.1373632,173.194.188.105,10.10.0.10,,,443,45734,0,1358,17
1588616969.1389241,10.10.0.10,173.194.188.105,,,45734,443,0,37,17
1588616969.1413062,173.194.188.105,10.10.0.10,,,443,45734,0,1358,17
1588616969.145201,173.194.188.105,10.10.0.10,,,443,45734,0,1358,17
1588616969.14685,10.10.0.10,173.194.188.105,,,45734,443,0,37,17
1588616969.14917,173.194.188.105,10.10.0.10,,,443,45734,0,1358,17
1588616969.153136,173.194.188.105,10.10.0.10,,,443,45734,0,1358,17
1588616969.1547859,10.10.0.10,173.194.188.105,,,45734,443,0,37,17
1588616969.157088,173.194.188.105,10.10.0.10,,,443,45734,0,1358,17
1588616969.1610231,173.194.188.105,10.10.0.10,,,443,45734,0,1358,17
1588616969.1627462,10.10.0.10,173.194.188.105,,,45734,443,0,37,17
1588616969.164967,173.194.188.105,10.10.0.10,,,443,45734,0,1358,17
1588616969.1688788,173.194.188.105,10.10.0.10,,,443,45734,0,1358,17
1588616969.170467,10.10.0.10,173.194.188.105,,,45734,443,0,37,17
1588616969.1728532,173.194.188.105,10.10.0.10,,,443,45734,0,1358,17
1588616969.1767962,173.194.188.105,10.10.0.10,,,443,45734,0,1358,17
1588616969.178558,10.10.0.10,173.194.188.105,,,45734,443,0,37,17
1588616969.18074,173.194.188.105,10.10.0.10,,,443,45734,0,1358,17
1588616969.1846828,173.194.188.105,10.10.0.10,,,443,45734,0,1358,17
1588616969.187309,10.10.0.10,173.194.188.105,,,45734,443,0,37,17
1588616969.188562,173.194.188.105,10.10.0.10,,,443,45734,0,1358,17
1588616969.1925492,173.194.188.105,10.10.0.10,,,443,45734,0,1358,17
1588616969.1942658,10.10.0.10,173.194.188.105,,,45734,443,0,37,17
1588616969.1965141,173.194.188.105,10.10.0.10,,,443,45734,0,1358,17
1588616969.2004561,173.194.188.105,10.10.0.10,,,443,45734,0,1358,17
1588616969.202182,10.10.0.10,173.194.188.105,,,45734,443,0,37,17
1588616969.2044,173.194.188.105,10.10.0.10,,,443,45734,0,1358,17
1588616969.208343,173.194.188.105,10.10.0.10,,,443,45734,0,1358,17
1588616969.209948,10.10.0.10,173.194.188.105,,,45734,443,0,37,17
1588616969.212255,173.194.188.105,10.10.0.10,,,443,45734,0,1358,17
1588616969.2162304,173.194.188.105,10.10.0.10,,,443,45734,0,1358,17
1588616969.2179742,10.10.0.10,173.194.188.105,,,45734,443,0,37,17
1588616969.220174,173.194.188.105,10.10.0.10,,,443,45734,0,1358,17
1588616969.224096,173.194.188.105,10.10.0.10,,,443,45734,0,1358,17
1588616969.226325,10.10.0.10,173.194.188.105,,,45734,443,0,37,17
1588616969.2280602,173.194.188.105,10.10.0.10,,,443,45734,0,1358,17
1588616969.2319384,173.194.188.105,10.10.0.10,,,443,45734,0,1358,17
1588616969.2336614,10.10.0.10,173.194.188.105,,,45734,443,0,37,17
1588616969.2359462,173.194.188.105,10.10.0.10,,,443,45734,0,1358,17
1588616969.23989,173.194.188.105,10.10.0.10,,,443,45734,0,1358,17
1588616969.2417412,10.10.0.10,173.194.188.105,,,45734,443,0,37,17
1588616969.243834,173.194.188.105,10.10.0.10,,,443,45734,0,1358,17
1588616969.247778,173.194.188.105,10.10.0.10,,,443,45734,0,1358,17
1588616969.2503078,10.10.0.10,173.194.188.105,,,45734,443,0,37,17
1588616969.251722,173.194.188.105,10.10.0.10,,,443,45734,0,1358,17
1588616969.2556288,173.194.188.105,10.10.0.10,,,443,45734,0,1358,17
1588616969.257306,10.10.0.10,173.194.188.105,,,45734,443,0,37,17
1588616969.259607,173.194.188.105,10.10.0.10,,,443,45734,0,1358,17
1588616969.26355,173.194.188.105,10.10.0.10,,,443,45734,0,1358,17
1588616969.266409,10.10.0.10,173.194.188.105,,,45734,443,0,50,17
1588616969.267494,173.194.188.105,10.10.0.10,,,443,45734,0,1358,17
1588616969.2714374,173.194.188.105,10.10.0.10,,,443,45734,0,1358,17
1588616969.2731152,10.10.0.10,173.194.188.105,,,45734,443,0,37,17
1588616969.2753232,173.194.188.105,10.10.0.10,,,443,45734,0,1358,17
1588616969.279324,173.194.188.105,10.10.0.10,,,443,45734,0,1358,17
1588616969.2809038,10.10.0.10,173.194.188.105,,,45734,443,0,37,17
1588616969.2832668,173.194.188.105,10.10.0.10,,,443,45734,0,1358,17
1588616969.287211,173.194.188.105,10.10.0.10,,,443,45734,0,1358,17
1588616969.288805,10.10.0.10,173.194.188.105,,,45734,443,0,37,17
1588616969.291154,173.194.188.105,10.10.0.10,,,443,45734,0,29,17
1588616969.2912614,173.194.188.105,10.10.0.10,,,443,45734,0,1358,17
1588616969.2952132,173.194.188.105,10.10.0.10,,,443,45734,0,1358,17
1588616969.296848,10.10.0.10,173.194.188.105,,,45734,443,0,37,17
1588616969.299193,173.194.188.105,10.10.0.10,,,443,45734,0,1358,17
1588616969.3031619,173.194.188.105,10.10.0.10,,,443,45734,0,1358,17
1588616969.3046758,10.10.0.10,173.194.188.105,,,45734,443,0,37,17
1588616969.307107,173.194.188.105,10.10.0.10,,,443,45734,0,1358,17
1588616969.311049,173.194.188.105,10.10.0.10,,,443,45734,0,1358,17
1588616969.3129342,10.10.0.10,173.194.188.105,,,45734,443,0,37,17
1588616969.314961,173.194.188.105,10.10.0.10,,,443,45734,0,1358,17
1588616969.318901,173.194.188.105,10.10.0.10,,,443,45734,0,1358,17
1588616969.3205721,10.10.0.10,173.194.188.105,,,45734,443,0,37,17
1588616969.32288,173.194.188.105,10.10.0.10,,,443,45734,0,1358,17
1588616969.32679,173.194.188.105,10.10.0.10,,,443,45734,0,1358,17
1588616969.3283432,10.10.0.10,173.194.188.105,,,45734,443,0,37,17
1588616969.330765,173.194.188.105,10.10.0.10,,,443,45734,0,1358,17
1588616969.3347075,173.194.188.105,10.10.0.10,,,443,45734,0,1358,17
1588616969.33637,10.10.0.10,173.194.188.105,,,45734,443,0,37,17
1588616969.3385868,173.194.188.105,10.10.0.10,,,443,45734,0,1358,17
1588616969.3425946,173.194.188.105,10.10.0.10,,,443,45734,0,1358,17
1588616969.34416,10.10.0.10,173.194.188.105,,,45734,443,0,37,17
1588616969.3465376,173.194.188.105,10.10.0.10,,,443,45734,0,1358,17
1588616969.350482,173.194.188.105,10.10.0.10,,,443,45734,0,1358,17
1588616969.352077,10.10.0.10,173.194.188.105,,,45734,443,0,37,17
1588616969.354426,173.194.188.105,10.10.0.10,,,443,45734,0,1358,17
1588616969.3583472,173.194.188.105,10.10.0.10,,,443,45734,0,1358,17
1588616969.359876,10.10.0.10,173.194.188.105,,,45734,443,0,37,17
1588616969.362273,173.194.188.105,10.10.0.10,,,443,45734,0,1358,17
1588616969.366232,173.194.188.105,10.10.0.10,,,443,45734,0,1358,17
1588616969.368223,10.10.0.10,173.194.188.105,,,45734,443,0,37,17
1588616969.3701742,173.194.188.105,10.10.0.10,,,443,45734,0,1358,17
1588616969.3741171,173.194.188.105,10.10.0.10,,,443,45734,0,1358,17
1588616969.375647,10.10.0.10,173.194.188.105,,,45734,443,0,37,17
1588616969.3780599,173.194.188.105,10.10.0.10,,,443,45734,0,1358,17
1588616969.3819618,173.194.188.105,10.10.0.10,,,443,45734,0,1358,17
1588616969.383899,10.10.0.10,173.194.188.105,,,45734,443,0,37,17
1588616969.385921,173.194.188.105,10.10.0.10,,,443,45734,0,1358,17
1588616969.3899224,173.194.188.105,10.10.0.10,,,443,45734,0,1358,17
1588616969.391639,10.10.0.10,173.194.188.105,,,45734,443,0,37,17
1588616969.393882,173.194.188.105,10.10.0.10,,,443,45734,0,1358,17
1588616969.39781,173.194.188.105,10.10.0.10,,,443,45734,0,1358,17
1588616969.3995054,10.10.0.10,173.194.188.105,,,45734,443,0,37,17
1588616969.401727,173.194.188.105,10.10.0.10,,,443,45734,0,1358,17
1588616969.4056602,173.194.188.105,10.10.0.10,,,443,45734,0,1358,17
1588616969.4072132,10.10.0.10,173.194.188.105,,,45734,443,0,37,17
1588616969.409641,173.194.188.105,10.10.0.10,,,443,45734,0,1358,17
1588616969.413583,173.194.188.105,10.10.0.10,,,443,45734,0,1358,17
1588616969.41569,10.10.0.10,173.194.188.105,,,45734,443,0,37,17
1588616969.417527,173.194.188.105,10.10.0.10,,,443,45734,0,1358,17
1588616969.4214704,173.194.188.105,10.10.0.10,,,443,45734,0,1358,17
1588616969.4229796,10.10.0.10,173.194.188.105,,,45734,443,0,50,17
1588616969.425344,173.194.188.105,10.10.0.10,,,443,45734,0,1358,17
1588616969.4293158,173.194.188.105,10.10.0.10,,,443,45734,0,1358,17
1588616969.43096,10.10.0.10,173.194.188.105,,,45734,443,0,37,17
1588616969.4333012,173.194.188.105,10.10.0.10,,,443,45734,0,1358,17
1588616969.437243,173.194.188.105,10.10.0.10,,,443,45734,0,1358,17
1588616969.4388762,10.10.0.10,173.194.188.105,,,45734,443,0,37,17
1588616969.441189,173.194.188.105,10.10.0.10,,,443,45734,0,1358,17
1588616969.445142,173.194.188.105,10.10.0.10,,,443,45734,0,1358,17
1588616969.446817,10.10.0.10,173.194.188.105,,,45734,443,0,37,17
1588616969.4490368,173.194.188.105,10.10.0.10,,,443,45734,0,1358,17
1588616969.453016,173.194.188.105,10.10.0.10,,,443,45734,0,1358,17
1588616969.4546268,10.10.0.10,173.194.188.105,,,45734,443,0,37,17
1588616969.45696,173.194.188.105,10.10.0.10,,,443,45734,0,1358,17
1588616969.460904,173.194.188.105,10.10.0.10,,,443,45734,0,1358,17
1588616969.462688,10.10.0.10,173.194.188.105,,,45734,443,0,37,17
1588616969.464847,173.194.188.105,10.10.0.10,,,443,45734,0,1358,17
1588616969.4687526,173.194.188.105,10.10.0.10,,,443,45734,0,1358,17
1588616969.470777,10.10.0.10,173.194.188.105,,,45734,443,0,37,17
1588616969.472734,173.194.188.105,10.10.0.10,,,443,45734,0,1358,17
1588616969.4766777,173.194.188.105,10.10.0.10,,,443,45734,0,1358,17
1588616969.478483,10.10.0.10,173.194.188.105,,,45734,443,0,37,17
1588616969.480621,173.194.188.105,10.10.0.10,,,443,45734,0,1358,17
1588616969.484565,173.194.188.105,10.10.0.10,,,443,45734,0,1358,17
1588616969.486272,10.10.0.10,173.194.188.105,,,45734,443,0,37,17
1588616969.488519,173.194.188.105,10.10.0.10,,,443,45734,0,1358,17
1588616969.492411,173.194.188.105,10.10.0.10,,,443,45734,0,1358,17
1588616969.494129,10.10.0.10,173.194.188.105,,,45734,443,0,37,17
1588616969.496394,173.194.188.105,10.10.0.10,,,443,45734,0,1358,17
1588616969.500337,173.194.188.105,10.10.0.10,,,443,45734,0,1358,17
1588616969.5023599,10.10.0.10,173.194.188.105,,,45734,443,0,37,17
1588616969.504281,173.194.188.105,10.10.0.10,,,443,45734,0,1358,17
1588616969.50817,173.194.188.105,10.10.0.10,,,443,45734,0,1358,17
1588616969.51044,10.10.0.10,173.194.188.105,,,45734,443,0,37,17
1588616969.51213,173.194.188.105,10.10.0.10,,,443,45734,0,1358,17
1588616969.516073,173.194.188.105,10.10.0.10,,,443,45734,0,1358,17
1588616969.517776,10.10.0.10,173.194.188.105,,,45734,443,0,37,17
1588616969.520016,173.194.188.105,10.10.0.10,,,443,45734,0,1358,17
1588616969.5239608,173.194.188.105,10.10.0.10,,,443,45734,0,1358,17
1588616969.52565,10.10.0.10,173.194.188.105,,,45734,443,0,37,17
1588616969.5279398,173.194.188.105,10.10.0.10,,,443,45734,0,1358,17
1588616969.531833,173.194.188.105,10.10.0.10,,,443,45734,0,1358,17
1588616969.533732,10.10.0.10,173.194.188.105,,,45734,443,0,37,17
1588616969.5358028,173.194.188.105,10.10.0.10,,,443,45734,0,1358,17
1588616969.53977,173.194.188.105,10.10.0.10,,,443,45734,0,1358,17
1588616969.541904,10.10.0.10,173.194.188.105,,,45734,443,0,37,17
1588616969.5437136,173.194.188.105,10.10.0.10,,,443,45734,0,1358,17
1588616969.547657,173.194.188.105,10.10.0.10,,,443,45734,0,1358,17
1588616969.5494,10.10.0.10,173.194.188.105,,,45734,443,0,37,17
1588616969.5517092,173.194.188.105,10.10.0.10,,,443,45734,0,1358,17
1588616969.555696,173.194.188.105,10.10.0.10,,,443,45734,0,1358,17
1588616969.557272,10.10.0.10,173.194.188.105,,,45734,443,0,37,17
1588616969.559675,173.194.188.105,10.10.0.10,,,443,45734,0,1358,17
1588616969.563618,173.194.188.105,10.10.0.10,,,443,45734,0,1358,17
1588616969.565203,10.10.0.10,173.194.188.105,,,45734,443,0,37,17
1588616969.567569,173.194.188.105,10.10.0.10,,,443,45734,0,1358,17
1588616969.5715039,173.194.188.105,10.10.0.10,,,443,45734,0,1358,17
1588616969.5740569,10.10.0.10,173.194.188.105,,,45734,443,0,37,17
1588616969.575376,173.194.188.105,10.10.0.10,,,443,45734,0,1358,17
1588616969.579322,173.194.188.105,10.10.0.10,,,443,45734,0,1358,17
1588616969.5822248,10.10.0.10,173.194.188.105,,,45734,443,0,50,17
1588616969.583268,173.194.188.105,10.10.0.10,,,443,45734,0,1358,17
1588616969.58723,173.194.188.105,10.10.0.10,,,443,45734,0,1358,17
1588616969.589118,10.10.0.10,173.194.188.105,,,45734,443,0,37,17
1588616969.591201,173.194.188.105,10.10.0.10,,,443,45734,0,1358,17
1588616969.595159,173.194.188.105,10.10.0.10,,,443,45734,0,1358,17
1588616969.598797,10.10.0.10,173.194.188.105,,,45734,443,0,37,17
1588616969.5990288,173.194.188.105,10.10.0.10,,,443,45734,0,1358,17
1588616969.602982,173.194.188.105,10.10.0.10,,,443,45734,0,1358,17
1588616969.6045609,10.10.0.10,173.194.188.105,,,45734,443,0,37,17
1588616969.606946,173.194.188.105,10.10.0.10,,,443,45734,0,1358,17
1588616969.610894,173.194.188.105,10.10.0.10,,,443,45734,0,1358,17
1588616969.6129892,10.10.0.10,173.194.188.105,,,45734,443,0,37,17
1588616969.6148038,173.194.188.105,10.10.0.10,,,443,45734,0,1358,17
1588616969.618781,173.194.188.105,10.10.0.10,,,443,45734,0,1358,17
1588616969.6209092,10.10.0.10,173.194.188.105,,,45734,443,0,37,17
1588616969.622752,173.194.188.105,10.10.0.10,,,443,45734,0,1358,17
1588616969.6267009,173.194.188.105,10.10.0.10,,,443,45734,0,1358,17
1588616969.628402,10.10.0.10,173.194.188.105,,,45734,443,0,37,17
1588616969.6306438,173.194.188.105,10.10.0.10,,,443,45734,0,1358,17
1588616969.6345892,173.194.188.105,10.10.0.10,,,443,45734,0,1358,17
1588616969.636238,10.10.0.10,173.194.188.105,,,45734,443,0,37,17
1588616969.638531,173.194.188.105,10.10.0.10,,,443,45734,0,1358,17
1588616969.642427,173.194.188.105,10.10.0.10,,,443,45734,0,1358,17
1588616969.643986,10.10.0.10,173.194.188.105,,,45734,443,0,37,17
1588616969.646353,173.194.188.105,10.10.0.10,,,443,45734,0,1358,17
1588616969.650307,173.194.188.105,10.10.0.10,,,443,45734,0,1358,17
1588616969.651974,10.10.0.10,173.194.188.105,,,45734,443,0,37,17
1588616969.654244,173.194.188.105,10.10.0.10,,,443,45734,0,1358,17
1588616969.6582365,173.194.188.105,10.10.0.10,,,443,45734,0,1358,17
1588616969.659879,10.10.0.10,173.194.188.105,,,45734,443,0,37,17
1588616969.662157,173.194.188.105,10.10.0.10,,,443,45734,0,1358,17
1588616969.666127,173.194.188.105,10.10.0.10,,,443,45734,0,1358,17
1588616969.667743,10.10.0.10,173.194.188.105,,,45734,443,0,37,17
1588616969.670042,173.194.188.105,10.10.0.10,,,443,45734,0,1358,17
1588616969.674015,173.194.188.105,10.10.0.10,,,443,45734,0,1358,17
1588616969.675493,10.10.0.10,173.194.188.105,,,45734,443,0,37,17
1588616969.677959,173.194.188.105,10.10.0.10,,,443,45734,0,1358,17
1588616969.6818428,173.194.188.105,10.10.0.10,,,443,45734,0,1358,17
1588616969.683784,10.10.0.10,173.194.188.105,,,45734,443,0,37,17
1588616969.685784,173.194.188.105,10.10.0.10,,,443,45734,0,1358,17
1588616969.6897259,173.194.188.105,10.10.0.10,,,443,45734,0,1358,17
1588616969.69111,10.10.0.10,173.194.188.105,,,45734,443,0,37,17
1588616969.693786,173.194.188.105,10.10.0.10,,,443,45734,0,1358,17
1588616969.697797,173.194.188.105,10.10.0.10,,,443,45734,0,1358,17
1588616969.6994634,10.10.0.10,173.194.188.105,,,45734,443,0,37,17
1588616969.7017431,173.194.188.105,10.10.0.10,,,443,45734,0,1358,17
1588616969.705655,173.194.188.105,10.10.0.10,,,443,45734,0,1358,17
1588616969.707226,10.10.0.10,173.194.188.105,,,45734,443,0,37,17
1588616969.7096028,173.194.188.105,10.10.0.10,,,443,45734,0,1358,17
1588616969.7135699,173.194.188.105,10.10.0.10,,,443,45734,0,1358,17
1588616969.717512,173.194.188.105,10.10.0.10,,,443,45734,0,1358,17
1588616969.7210028,10.10.0.10,173.194.188.105,,,45734,443,0,37,17
1588616969.72143,173.194.188.105,10.10.0.10,,,443,45734,0,1358,17
1588616969.7235026,10.10.0.10,173.194.188.105,,,45734,443,0,37,17
1588616969.7253358,173.194.188.105,10.10.0.10,,,443,45734,0,1358,17
1588616969.7292874,173.194.188.105,10.10.0.10,,,443,45734,0,1358,17
1588616969.730778,10.10.0.10,173.194.188.105,,,45734,443,0,37,17
1588616969.733237,173.194.188.105,10.10.0.10,,,443,45734,0,1358,17
1588616969.737169,173.194.188.105,10.10.0.10,,,443,45734,0,1358,17
1588616969.738631,10.10.0.10,173.194.188.105,,,45734,443,0,50,17
1588616969.741144,173.194.188.105,10.10.0.10,,,443,45734,0,1358,17
1588616969.7450864,173.194.188.105,10.10.0.10,,,443,45734,0,1358,17
1588616969.7490268,173.194.188.105,10.10.0.10,,,443,45734,0,1358,17
1588616969.749969,10.10.0.10,173.194.188.105,,,45734,443,0,37,17
1588616969.7529972,173.194.188.105,10.10.0.10,,,443,45734,0,1358,17
1588616969.7569401,173.194.188.105,10.10.0.10,,,443,45734,0,1358,17
1588616969.758661,10.10.0.10,173.194.188.105,,,45734,443,0,37,17
1588616969.760866,173.194.188.105,10.10.0.10,,,443,45734,0,1358,17
1588616969.762785,10.10.0.10,173.194.188.105,,,45734,443,0,37,17
1588616969.76477,173.194.188.105,10.10.0.10,,,443,45734,0,1358,17
1588616969.7687461,173.194.188.105,10.10.0.10,,,443,45734,0,1358,17
1588616969.770387,10.10.0.10,173.194.188.105,,,45734,443,0,37,17
1588616969.772657,173.194.188.105,10.10.0.10,,,443,45734,0,29,17
1588616969.7728539,173.194.188.105,10.10.0.10,,,443,45734,0,1358,17
1588616969.7768366,173.194.188.105,10.10.0.10,,,443,45734,0,1358,17
1588616969.780243,10.10.0.10,173.194.188.105,,,45734,443,0,37,17
1588616969.780759,173.194.188.105,10.10.0.10,,,443,45734,0,1358,17
1588616969.7847252,173.194.188.105,10.10.0.10,,,443,45734,0,1358,17
1588616969.7864552,10.10.0.10,173.194.188.105,,,45734,443,0,37,17
1588616969.78861,173.194.188.105,10.10.0.10,,,443,45734,0,1358,17
1588616969.7926118,173.194.188.105,10.10.0.10,,,443,45734,0,1358,17
1588616969.794157,10.10.0.10,173.194.188.105,,,45734,443,0,37,17
1588616969.7965279,173.194.188.105,10.10.0.10,,,443,45734,0,1358,17
1588616969.800498,173.194.188.105,10.10.0.10,,,443,45734,0,1358,17
1588616969.804424,173.194.188.105,10.10.0.10,,,443,45734,0,1358,17
1588616969.807726,10.10.0.10,173.194.188.105,,,45734,443,0,37,17
1588616969.8083632,173.194.188.105,10.10.0.10,,,443,45734,0,1358,17
1588616969.809869,10.10.0.10,173.194.188.105,,,45734,443,0,37,17
1588616969.8123062,173.194.188.105,10.10.0.10,,,443,45734,0,1358,17
1588616969.816279,173.194.188.105,10.10.0.10,,,443,45734,0,1358,17
1588616969.8181136,10.10.0.10,173.194.188.105,,,45734,443,0,37,17
1588616969.8202221,173.194.188.105,10.10.0.10,,,443,45734,0,1358,17
1588616969.824165,173.194.188.105,10.10.0.10,,,443,45734,0,1358,17
1588616969.8258634,10.10.0.10,173.194.188.105,,,45734,443,0,37,17
1588616969.828112,173.194.188.105,10.10.0.10,,,443,45734,0,1358,17
1588616969.831989,173.194.188.105,10.10.0.10,,,443,45734,0,1358,17
1588616969.833656,10.10.0.10,173.194.188.105,,,45734,443,0,37,17
1588616969.8359964,173.194.188.105,10.10.0.10,,,443,45734,0,1358,17
1588616969.8399398,173.194.188.105,10.10.0.10,,,443,45734,0,1358,17
1588616969.841816,10.10.0.10,173.194.188.105,,,45734,443,0,37,17
1588616969.8438818,173.194.188.105,10.10.0.10,,,443,45734,0,1358,17
1588616969.847825,173.194.188.105,10.10.0.10,,,443,45734,0,1358,17
1588616969.849552,10.10.0.10,173.194.188.105,,,45734,443,0,37,17
1588616969.85177,173.194.188.105,10.10.0.10,,,443,45734,0,1358,17
1588616969.8556821,173.194.188.105,10.10.0.10,,,443,45734,0,1358,17
1588616969.8572838,10.10.0.10,173.194.188.105,,,45734,443,0,37,17
1588616969.859632,173.194.188.105,10.10.0.10,,,443,45734,0,1358,17
1588616969.863601,173.194.188.105,10.10.0.10,,,443,45734,0,1358,17
1588616969.867221,10.10.0.10,173.194.188.105,,,45734,443,0,37,17
1588616969.867482,173.194.188.105,10.10.0.10,,,443,45734,0,1358,17
1588616969.8714876,173.194.188.105,10.10.0.10,,,443,45734,0,1358,17
1588616969.8730268,10.10.0.10,173.194.188.105,,,45734,443,0,37,17
1588616969.8754,173.194.188.105,10.10.0.10,,,443,45734,0,1358,17
1588616969.879375,173.194.188.105,10.10.0.10,,,443,45734,0,1358,17
1588616969.8810108,10.10.0.10,173.194.188.105,,,45734,443,0,37,17
1588616969.883263,173.194.188.105,10.10.0.10,,,443,45734,0,1358,17
1588616969.8872619,173.194.188.105,10.10.0.10,,,443,45734,0,1358,17
1588616969.8893502,10.10.0.10,173.194.188.105,,,45734,443,0,37,17
1588616969.891206,173.194.188.105,10.10.0.10,,,443,45734,0,1358,17
1588616969.8951561,173.194.188.105,10.10.0.10,,,443,45734,0,1358,17
1588616969.897522,10.10.0.10,173.194.188.105,,,45734,443,0,50,17
1588616969.899024,173.194.188.105,10.10.0.10,,,443,45734,0,1358,17
1588616969.903001,173.194.188.105,10.10.0.10,,,443,45734,0,1358,17
1588616969.9046042,10.10.0.10,173.194.188.105,,,45734,443,0,37,17
1588616969.906936,173.194.188.105,10.10.0.10,,,443,45734,0,1358,17
1588616969.91092,173.194.188.105,10.10.0.10,,,443,45734,0,1358,17
1588616969.9125464,10.10.0.10,173.194.188.105,,,45734,443,0,37,17
1588616969.914798,173.194.188.105,10.10.0.10,,,443,45734,0,1358,17
1588616969.918775,173.194.188.105,10.10.0.10,,,443,45734,0,1358,17
1588616969.920342,10.10.0.10,173.194.188.105,,,45734,443,0,37,17
1588616969.922749,173.194.188.105,10.10.0.10,,,443,45734,0,1358,17
1588616969.9266918,173.194.188.105,10.10.0.10,,,443,45734,0,1358,17
1588616969.9285731,10.10.0.10,173.194.188.105,,,45734,443,0,37,17
1588616969.9306052,173.194.188.105,10.10.0.10,,,443,45734,0,29,17
1588616969.930744,173.194.188.105,10.10.0.10,,,443,45734,0,1358,17
1588616969.9347582,173.194.188.105,10.10.0.10,,,443,45734,0,1358,17
1588616969.9376106,10.10.0.10,173.194.188.105,,,45734,443,0,37,17
1588616969.938637,173.194.188.105,10.10.0.10,,,443,45734,0,1358,17
1588616969.942614,173.194.188.105,10.10.0.10,,,443,45734,0,1358,17
1588616969.9441102,10.10.0.10,173.194.188.105,,,45734,443,0,37,17
1588616969.946582,173.194.188.105,10.10.0.10,,,443,45734,0,1358,17
1588616969.950507,173.194.188.105,10.10.0.10,,,443,45734,0,1358,17
1588616969.952167,10.10.0.10,173.194.188.105,,,45734,443,0,37,17
1588616969.954475,173.194.188.105,10.10.0.10,,,443,45734,0,1358,17
1588616969.958418,173.194.188.105,10.10.0.10,,,443,45734,0,1358,17
1588616969.960237,10.10.0.10,173.194.188.105,,,45734,443,0,37,17
1588616969.9623322,173.194.188.105,10.10.0.10,,,443,45734,0,1358,17
1588616969.9663038,173.194.188.105,10.10.0.10,,,443,45734,0,1358,17
1588616969.9679642,10.10.0.10,173.194.188.105,,,45734,443,0,37,17
1588616969.970248,173.194.188.105,10.10.0.10,,,443,45734,0,1358,17
1588616969.974192,173.194.188.105,10.10.0.10,,,443,45734,0,1358,17
1588616969.975825,10.10.0.10,173.194.188.105,,,45734,443,0,37,17
1588616969.9781349,173.194.188.105,10.10.0.10,,,443,45734,0,1358,17
1588616969.98205,173.194.188.105,10.10.0.10,,,443,45734,0,1358,17
1588616969.9840748,10.10.0.10,173.194.188.105,,,45734,443,0,37,17
1588616969.9860241,173.194.188.105,10.10.0.10,,,443,45734,0,1358,17
1588616969.989969,173.194.188.105,10.10.0.10,,,443,45734,0,1358,17
1588616969.991575,10.10.0.10,173.194.188.105,,,45734,443,0,37,17
1588616969.9938452,173.194.188.105,10.10.0.10,,,443,45734,0,1358,17
1588616969.9978552,173.194.188.105,10.10.0.10,,,443,45734,0,1358,17
1588616970.0000124,10.10.0.10,173.194.188.105,,,45734,443,0,37,17
1588616970.0017366,173.194.188.105,10.10.0.10,,,443,45734,0,1358,17
1588616970.00571,173.194.188.105,10.10.0.10,,,443,45734,0,1358,17
1588616970.007368,10.10.0.10,173.194.188.105,,,45734,443,0,37,17
1588616970.0096602,173.194.188.105,10.10.0.10,,,443,45734,0,1358,17
1588616970.0136282,173.194.188.105,10.10.0.10,,,443,45734,0,1358,17
1588616970.0152614,10.10.0.10,173.194.188.105,,,45734,443,0,37,17
1588616970.017542,173.194.188.105,10.10.0.10,,,443,45734,0,1358,17
1588616970.0215251,173.194.188.105,10.10.0.10,,,443,45734,0,1358,17
1588616970.023103,10.10.0.10,173.194.188.105,,,45734,443,0,37,17
1588616970.025394,173.194.188.105,10.10.0.10,,,443,45734,0,1358,17
1588616970.029407,173.194.188.105,10.10.0.10,,,443,45734,0,1358,17
1588616970.0313342,10.10.0.10,173.194.188.105,,,45734,443,0,37,17
1588616970.033351,173.194.188.105,10.10.0.10,,,443,45734,0,1358,17
1588616970.0372946,173.194.188.105,10.10.0.10,,,443,45734,0,1358,17
1588616970.040039,10.10.0.10,173.194.188.105,,,45734,443,0,37,17
1588616970.041219,173.194.188.105,10.10.0.10,,,443,45734,0,1358,17
1588616970.045187,173.194.188.105,10.10.0.10,,,443,45734,0,1358,17
1588616970.0467439,10.10.0.10,173.194.188.105,,,45734,443,0,37,17
1588616970.0491002,173.194.188.105,10.10.0.10,,,443,45734,0,1358,17
1588616970.0530682,173.194.188.105,10.10.0.10,,,443,45734,0,1358,17
1588616970.054582,10.10.0.10,173.194.188.105,,,45734,443,0,50,17
1588616970.05701,173.194.188.105,10.10.0.10,,,443,45734,0,1358,17
1588616970.0609546,173.194.188.105,10.10.0.10,,,443,45734,0,1358,17
1588616970.062498,10.10.0.10,173.194.188.105,,,45734,443,0,37,17
1588616970.064897,173.194.188.105,10.10.0.10,,,443,45734,0,1358,17
1588616970.0688052,173.194.188.105,10.10.0.10,,,443,45734,0,1358,17
1588616970.070353,10.10.0.10,173.194.188.105,,,45734,443,0,37,17
1588616970.072785,173.194.188.105,10.10.0.10,,,443,45734,0,1358,17
1588616970.0767276,173.194.188.105,10.10.0.10,,,443,45734,0,1358,17
1588616970.0783322,10.10.0.10,173.194.188.105,,,45734,443,0,37,17
1588616970.0806758,173.194.188.105,10.10.0.10,,,443,45734,0,1358,17
1588616970.084615,173.194.188.105,10.10.0.10,,,443,45734,0,1358,17
1588616970.086751,10.10.0.10,173.194.188.105,,,45734,443,0,37,17
1588616970.088509,173.194.188.105,10.10.0.10,,,443,45734,0,29,17
1588616970.088658,173.194.188.105,10.10.0.10,,,443,45734,0,1358,17
1588616970.0926845,173.194.188.105,10.10.0.10,,,443,45734,0,1358,17
1588616970.0943706,10.10.0.10,173.194.188.105,,,45734,443,0,37,17
1588616970.096587,173.194.188.105,10.10.0.10,,,443,45734,0,1358,17
1588616970.100568,173.194.188.105,10.10.0.10,,,443,45734,0,1358,17
1588616970.102333,10.10.0.10,173.194.188.105,,,45734,443,0,37,17
1588616970.10451,173.194.188.105,10.10.0.10,,,443,45734,0,1358,17
1588616970.108465,173.194.188.105,10.10.0.10,,,443,45734,0,1358,17
1588616970.110021,10.10.0.10,173.194.188.105,,,45734,443,0,37,17
1588616970.112361,173.194.188.105,10.10.0.10,,,443,45734,0,1358,17
1588616970.11634,173.194.188.105,10.10.0.10,,,443,45734,0,1358,17
1588616970.118103,10.10.0.10,173.194.188.105,,,45734,443,0,37,17
1588616970.1202831,173.194.188.105,10.10.0.10,,,443,45734,0,1358,17
1588616970.1242268,173.194.188.105,10.10.0.10,,,443,45734,0,1358,17
1588616970.12584,10.10.0.10,173.194.188.105,,,45734,443,0,37,17
1588616970.1281712,173.194.188.105,10.10.0.10,,,443,45734,0,1358,17
1588616970.1320765,173.194.188.105,10.10.0.10,,,443,45734,0,1358,17
1588616970.133768,10.10.0.10,173.194.188.105,,,45734,443,0,37,17
1588616970.136066,173.194.188.105,10.10.0.10,,,443,45734,0,1358,17
1588616970.14,173.194.188.105,10.10.0.10,,,443,45734,0,1358,17
1588616970.1427715,10.10.0.10,173.194.188.105,,,45734,443,0,37,17
1588616970.143944,173.194.188.105,10.10.0.10,,,443,45734,0,1358,17
1588616970.147887,173.194.188.105,10.10.0.10,,,443,45734,0,1358,17
1588616970.1518419,173.194.188.105,10.10.0.10,,,443,45734,0,1358,17
1588616970.15575,173.194.188.105,10.10.0.10,,,443,45734,0,1358,17
1588616970.159717,173.194.188.105,10.10.0.10,,,443,45734,0,1358,17
1588616970.1618972,10.10.0.10,173.194.188.105,,,45734,443,0,37,17
1588616970.1636178,173.194.188.105,10.10.0.10,,,443,45734,0,1358,17
1588616970.163627,10.10.0.10,173.194.188.105,,,45734,443,0,37,17
1588616970.1663618,10.10.0.10,173.194.188.105,,,45734,443,0,37,17
1588616970.1676028,173.194.188.105,10.10.0.10,,,443,45734,0,1358,17
1588616970.1715472,173.194.188.105,10.10.0.10,,,443,45734,0,1358,17
1588616970.17327,10.10.0.10,173.194.188.105,,,45734,443,0,37,17
1588616970.175454,173.194.188.105,10.10.0.10,,,443,45734,0,1358,17
1588616970.1794329,173.194.188.105,10.10.0.10,,,443,45734,0,1358,17
1588616970.181184,10.10.0.10,173.194.188.105,,,45734,443,0,37,17
1588616970.183378,173.194.188.105,10.10.0.10,,,443,45734,0,1358,17
1588616970.1873212,173.194.188.105,10.10.0.10,,,443,45734,0,1358,17
1588616970.189229,10.10.0.10,173.194.188.105,,,45734,443,0,37,17
1588616970.1912632,173.194.188.105,10.10.0.10,,,443,45734,0,1358,17
1588616970.19521,173.194.188.105,10.10.0.10,,,443,45734,0,1358,17
1588616970.196872,10.10.0.10,173.194.188.105,,,45734,443,0,37,17
1588616970.199127,173.194.188.105,10.10.0.10,,,443,45734,0,1358,17
1588616970.203094,173.194.188.105,10.10.0.10,,,443,45734,0,1358,17
1588616970.2046852,10.10.0.10,173.194.188.105,,,45734,443,0,37,17
1588616970.2070372,173.194.188.105,10.10.0.10,,,443,45734,0,1358,17
1588616970.210979,173.194.188.105,10.10.0.10,,,443,45734,0,1358,17
1588616970.212561,10.10.0.10,173.194.188.105,,,45734,443,0,50,17
1588616970.214928,173.194.188.105,10.10.0.10,,,443,45734,0,1358,17
1588616970.218831,173.194.188.105,10.10.0.10,,,443,45734,0,1358,17
1588616970.2204561,10.10.0.10,173.194.188.105,,,45734,443,0,37,17
1588616970.22274,173.194.188.105,10.10.0.10,,,443,45734,0,1358,17
1588616970.226753,173.194.188.105,10.10.0.10,,,443,45734,0,1358,17
1588616970.228439,10.10.0.10,173.194.188.105,,,45734,443,0,37,17
1588616970.230676,173.194.188.105,10.10.0.10,,,443,45734,0,1358,17
1588616970.234641,173.194.188.105,10.10.0.10,,,443,45734,0,1358,17
1588616970.238519,173.194.188.105,10.10.0.10,,,443,45734,0,1358,17
1588616970.242502,173.194.188.105,10.10.0.10,,,443,45734,0,1358,17
1588616970.246432,173.194.188.105,10.10.0.10,,,443,45734,0,29,17
1588616970.2465699,173.194.188.105,10.10.0.10,,,443,45734,0,1358,17
1588616970.250592,173.194.188.105,10.10.0.10,,,443,45734,0,1358,17
1588616970.254534,173.194.188.105,10.10.0.10,,,443,45734,0,1358,17
1588616970.2584894,173.194.188.105,10.10.0.10,,,443,45734,0,1358,17
1588616970.261733,10.10.0.10,173.194.188.105,,,45734,443,0,37,17
1588616970.262351,173.194.188.105,10.10.0.10,,,443,45734,0,1358,17
1588616970.265809,10.10.0.10,173.194.188.105,,,45734,443,0,37,17
1588616970.2663279,173.194.188.105,10.10.0.10,,,443,45734,0,1358,17
1588616970.267027,10.10.0.10,173.194.188.105,,,45734,443,0,37,17
1588616970.270313,173.194.188.105,10.10.0.10,,,443,45734,0,1358,17
1588616970.270548,10.10.0.10,173.194.188.105,,,45734,443,0,37,17
1588616970.27087,10.10.0.10,173.194.188.105,,,45734,443,0,37,17
1588616970.274217,173.194.188.105,10.10.0.10,,,443,45734,0,1358,17
1588616970.2758598,10.10.0.10,173.194.188.105,,,45734,443,0,37,17
1588616970.278195,173.194.188.105,10.10.0.10,,,443,45734,0,1358,17
1588616970.2821429,173.194.188.105,10.10.0.10,,,443,45734,0,1358,17
1588616970.2838292,10.10.0.10,173.194.188.105,,,45734,443,0,37,17
1588616970.286082,173.194.188.105,10.10.0.10,,,443,45734,0,1358,17
1588616970.290026,173.194.188.105,10.10.0.10,,,443,45734,0,1358,17
1588616970.291602,10.10.0.10,173.194.188.105,,,45734,443,0,37,17
1588616970.293969,173.194.188.105,10.10.0.10,,,443,45734,0,1358,17
1588616970.297913,173.194.188.105,10.10.0.10,,,443,45734,0,1358,17
1588616970.2996268,10.10.0.10,173.194.188.105,,,45734,443,0,37,17
1588616970.301858,173.194.188.105,10.10.0.10,,,443,45734,0,1358,17
1588616970.3058028,173.194.188.105,10.10.0.10,,,443,45734,0,1358,17
1588616970.309742,173.194.188.105,10.10.0.10,,,443,45734,0,1358,17
1588616970.31366,173.194.188.105,10.10.0.10,,,443,45734,0,1358,17
1588616970.3176286,173.194.188.105,10.10.0.10,,,443,45734,0,1358,17
1588616970.321573,173.194.188.105,10.10.0.10,,,443,45734,0,1358,17
1588616970.3254778,173.194.188.105,10.10.0.10,,,443,45734,0,1358,17
1588616970.329458,173.194.188.105,10.10.0.10,,,443,45734,0,1358,17
1588616970.3334026,173.194.188.105,10.10.0.10,,,443,45734,0,1358,17
1588616970.3373456,173.194.188.105,10.10.0.10,,,443,45734,0,1358,17
1588616970.341288,173.194.188.105,10.10.0.10,,,443,45734,0,1358,17
1588616970.3452098,173.194.188.105,10.10.0.10,,,443,45734,0,1358,17
1588616970.3491511,173.194.188.105,10.10.0.10,,,443,45734,0,1358,17
1588616970.353122,173.194.188.105,10.10.0.10,,,443,45734,0,1358,17
1588616970.357066,173.194.188.105,10.10.0.10,,,443,45734,0,1358,17
1588616970.361007,173.194.188.105,10.10.0.10,,,443,45734,0,1358,17
1588616970.392675,10.10.0.10,173.194.188.105,,,45734,443,0,37,17
1588616970.3939805,10.10.0.10,173.194.188.105,,,45734,443,0,37,17
1588616970.39569,10.10.0.10,173.194.188.105,,,45734,443,0,37,17
1588616970.397393,173.194.188.105,10.10.0.10,,,443,45734,0,1358,17
1588616970.397398,10.10.0.10,173.194.188.105,,,45734,443,0,37,17
1588616970.3982658,173.194.188.105,10.10.0.10,,,443,45734,0,1358,17
1588616970.3985262,10.10.0.10,173.194.188.105,,,45734,443,0,37,17
1588616970.400213,10.10.0.10,173.194.188.105,,,45734,443,0,37,17
1588616970.400789,173.194.188.105,10.10.0.10,,,443,45734,0,1358,17
1588616970.4020882,10.10.0.10,173.194.188.105,,,45734,443,0,37,17
1588616970.4025822,10.10.0.10,173.194.188.105,,,45734,443,0,37,17
1588616970.403199,10.10.0.10,173.194.188.105,,,45734,443,0,50,17
1588616970.404938,10.10.0.10,173.194.188.105,,,45734,443,0,37,17
1588616970.4081779,173.194.188.105,10.10.0.10,,,443,45734,0,1358,17
1588616970.408675,173.194.188.105,10.10.0.10,,,443,45734,0,1358,17
1588616970.4104,10.10.0.10,173.194.188.105,,,45734,443,0,37,17
1588616970.415388,173.194.188.105,10.10.0.10,,,443,45734,0,1358,17
1588616970.4166028,173.194.188.105,10.10.0.10,,,443,45734,0,1358,17
1588616970.42049,173.194.188.105,10.10.0.10,,,443,45734,0,1358,17
1588616970.424494,173.194.188.105,10.10.0.10,,,443,45734,0,1358,17
1588616970.4284358,173.194.188.105,10.10.0.10,,,443,45734,0,1358,17
1588616970.4323802,173.194.188.105,10.10.0.10,,,443,45734,0,1358,17
1588616970.436284,173.194.188.105,10.10.0.10,,,443,45734,0,1358,17
1588616970.440263,173.194.188.105,10.10.0.10,,,443,45734,0,1358,17
1588616970.444206,173.194.188.105,10.10.0.10,,,443,45734,0,1358,17
1588616970.4481502,173.194.188.105,10.10.0.10,,,443,45734,0,1358,17
1588616970.452055,173.194.188.105,10.10.0.10,,,443,45734,0,1358,17
1588616970.456035,173.194.188.105,10.10.0.10,,,443,45734,0,1358,17
1588616970.4599645,173.194.188.105,10.10.0.10,,,443,45734,0,1358,17
1588616970.463922,173.194.188.105,10.10.0.10,,,443,45734,0,1358,17
1588616970.467866,173.194.188.105,10.10.0.10,,,443,45734,0,1358,17
1588616970.471815,173.194.188.105,10.10.0.10,,,443,45734,0,1358,17
1588616970.4757571,173.194.188.105,10.10.0.10,,,443,45734,0,1358,17
1588616970.4797,173.194.188.105,10.10.0.10,,,443,45734,0,1358,17
1588616970.4836442,173.194.188.105,10.10.0.10,,,443,45734,0,1358,17
1588616970.4875894,173.194.188.105,10.10.0.10,,,443,45734,0,1358,17
1588616970.491528,173.194.188.105,10.10.0.10,,,443,45734,0,1358,17
1588616970.5143652,10.10.0.10,173.194.188.105,,,45734,443,0,37,17
1588616970.5154982,10.10.0.10,173.194.188.105,,,45734,443,0,37,17
1588616970.517658,10.10.0.10,173.194.188.105,,,45734,443,0,37,17
1588616970.519174,10.10.0.10,173.194.188.105,,,45734,443,0,37,17
1588616970.519202,173.194.188.105,10.10.0.10,,,443,45734,0,1358,17
1588616970.5192616,173.194.188.105,10.10.0.10,,,443,45734,0,1358,17
1588616970.5197148,10.10.0.10,173.194.188.105,,,45734,443,0,37,17
1588616970.521211,10.10.0.10,173.194.188.105,,,45734,443,0,37,17
1588616970.5227149,10.10.0.10,173.194.188.105,,,45734,443,0,37,17
1588616970.523777,10.10.0.10,173.194.188.105,,,45734,443,0,37,17
1588616970.525209,10.10.0.10,173.194.188.105,,,45734,443,0,37,17
1588616970.5257502,10.10.0.10,173.194.188.105,,,45734,443,0,37,17
1588616970.527212,10.10.0.10,173.194.188.105,,,45734,443,0,37,17
1588616970.527241,173.194.188.105,10.10.0.10,,,443,45734,0,1358,17
1588616970.527296,173.194.188.105,10.10.0.10,,,443,45734,0,1358,17
1588616970.528857,10.10.0.10,173.194.188.105,,,45734,443,0,37,17
1588616970.533039,173.194.188.105,10.10.0.10,,,443,45734,0,1358,17
1588616970.53461,173.194.188.105,10.10.0.10,,,443,45734,0,1358,17
1588616970.535683,10.10.0.10,173.194.188.105,,,45734,443,0,37,17
1588616970.538724,173.194.188.105,10.10.0.10,,,443,45734,0,1358,17
1588616970.5424962,173.194.188.105,10.10.0.10,,,443,45734,0,1358,17
1588616970.546447,173.194.188.105,10.10.0.10,,,443,45734,0,1358,17
1588616970.550344,173.194.188.105,10.10.0.10,,,443,45734,0,1358,17
1588616970.554329,173.194.188.105,10.10.0.10,,,443,45734,0,1358,17
1588616970.5582714,173.194.188.105,10.10.0.10,,,443,45734,0,1358,17
1588616970.5622199,173.194.188.105,10.10.0.10,,,443,45734,0,1358,17
1588616970.566103,173.194.188.105,10.10.0.10,,,443,45734,0,1358,17
1588616970.570105,173.194.188.105,10.10.0.10,,,443,45734,0,1358,17
1588616970.5740569,173.194.188.105,10.10.0.10,,,443,45734,0,1358,17
1588616970.577962,173.194.188.105,10.10.0.10,,,443,45734,0,1358,17
1588616970.581871,173.194.188.105,10.10.0.10,,,443,45734,0,1358,17
1588616970.585842,173.194.188.105,10.10.0.10,,,443,45734,0,1358,17
1588616970.5897698,173.194.188.105,10.10.0.10,,,443,45734,0,1358,17
1588616970.5937102,173.194.188.105,10.10.0.10,,,443,45734,0,1358,17
1588616970.5976892,173.194.188.105,10.10.0.10,,,443,45734,0,1358,17
1588616970.601633,173.194.188.105,10.10.0.10,,,443,45734,0,1358,17
1588616970.605551,173.194.188.105,10.10.0.10,,,443,45734,0,1358,17
1588616970.6094658,173.194.188.105,10.10.0.10,,,443,45734,0,1358,17
1588616970.613416,173.194.188.105,10.10.0.10,,,443,45734,0,1358,17
1588616970.617378,173.194.188.105,10.10.0.10,,,443,45734,0,1358,17
1588616970.621351,173.194.188.105,10.10.0.10,,,443,45734,0,1358,17
1588616970.6252358,173.194.188.105,10.10.0.10,,,443,45734,0,1358,17
1588616970.6318774,10.10.0.10,173.194.188.105,,,45734,443,0,37,17
1588616970.6352446,10.10.0.10,173.194.188.105,,,45734,443,0,37,17
1588616970.6359322,10.10.0.10,173.194.188.105,,,45734,443,0,37,17
1588616970.636105,173.194.188.105,10.10.0.10,,,443,45734,0,1358,17
1588616970.637702,10.10.0.10,173.194.188.105,,,45734,443,0,37,17
1588616970.638249,10.10.0.10,173.194.188.105,,,45734,443,0,50,17
1588616970.6398554,173.194.188.105,10.10.0.10,,,443,45734,0,1358,17
1588616970.6398973,173.194.188.105,10.10.0.10,,,443,45734,0,1358,17
1588616970.640009,10.10.0.10,173.194.188.105,,,45734,443,0,37,17
1588616970.6416018,10.10.0.10,173.194.188.105,,,45734,443,0,37,17
1588616970.643141,10.10.0.10,173.194.188.105,,,45734,443,0,37,17
1588616970.643758,173.194.188.105,10.10.0.10,,,443,45734,0,29,17
1588616970.644071,10.10.0.10,173.194.188.105,,,45734,443,0,37,17
1588616970.645515,10.10.0.10,173.194.188.105,,,45734,443,0,37,17
1588616970.645968,173.194.188.105,10.10.0.10,,,443,45734,0,1358,17
1588616970.6475902,173.194.188.105,10.10.0.10,,,443,45734,0,1358,17
1588616970.6482868,10.10.0.10,173.194.188.105,,,45734,443,0,37,17
1588616970.6508925,10.10.0.10,173.194.188.105,,,45734,443,0,37,17
1588616970.650928,10.10.0.10,173.194.188.105,,,45734,443,0,37,17
1588616970.651476,173.194.188.105,10.10.0.10,,,443,45734,0,1358,17
1588616970.6544588,10.10.0.10,173.194.188.105,,,45734,443,0,37,17
1588616970.654983,10.10.0.10,173.194.188.105,,,45734,443,0,37,17
1588616970.65543,173.194.188.105,10.10.0.10,,,443,45734,0,1358,17
1588616970.656849,10.10.0.10,173.194.188.105,,,45734,443,0,37,17
1588616970.6593616,173.194.188.105,10.10.0.10,,,443,45734,0,1358,17
1588616970.66331,173.194.188.105,10.10.0.10,,,443,45734,0,1358,17
1588616970.6672456,173.194.188.105,10.10.0.10,,,443,45734,0,1358,17
1588616970.6712232,173.194.188.105,10.10.0.10,,,443,45734,0,1358,17
1588616970.675186,173.194.188.105,10.10.0.10,,,443,45734,0,1358,17
1588616970.679106,173.194.188.105,10.10.0.10,,,443,45734,0,1358,17
1588616970.6830778,173.194.188.105,10.10.0.10,,,443,45734,0,1358,17
1588616970.6869948,173.194.188.105,10.10.0.10,,,443,45734,0,1358,17
1588616970.6909082,173.194.188.105,10.10.0.10,,,443,45734,0,1358,17
1588616970.694887,173.194.188.105,10.10.0.10,,,443,45734,0,1358,17
1588616970.698822,173.194.188.105,10.10.0.10,,,443,45734,0,1358,17
1588616970.702749,173.194.188.105,10.10.0.10,,,443,45734,0,1358,17
1588616970.7067149,173.194.188.105,10.10.0.10,,,443,45734,0,1358,17
1588616970.710684,173.194.188.105,10.10.0.10,,,443,45734,0,1358,17
1588616970.7146,173.194.188.105,10.10.0.10,,,443,45734,0,1358,17
1588616970.7185242,173.194.188.105,10.10.0.10,,,443,45734,0,1358,17
1588616970.7224908,173.194.188.105,10.10.0.10,,,443,45734,0,1358,17
1588616970.726398,173.194.188.105,10.10.0.10,,,443,45734,0,1358,17
1588616970.7303526,173.194.188.105,10.10.0.10,,,443,45734,0,1358,17
1588616970.734348,173.194.188.105,10.10.0.10,,,443,45734,0,1358,17
1588616970.7382898,173.194.188.105,10.10.0.10,,,443,45734,0,1358,17
1588616970.7422054,173.194.188.105,10.10.0.10,,,443,45734,0,1358,17
1588616970.746175,173.194.188.105,10.10.0.10,,,443,45734,0,1358,17
1588616970.750119,173.194.188.105,10.10.0.10,,,443,45734,0,1358,17
1588616970.7533062,10.10.0.10,173.194.188.105,,,45734,443,0,37,17
1588616970.75404,173.194.188.105,10.10.0.10,,,443,45734,0,1358,17
1588616970.756721,10.10.0.10,173.194.188.105,,,45734,443,0,37,17
1588616970.757979,173.194.188.105,10.10.0.10,,,443,45734,0,1358,17
1588616970.7586758,10.10.0.10,173.194.188.105,,,45734,443,0,37,17
1588616970.760184,10.10.0.10,173.194.188.105,,,45734,443,0,37,17
1588616970.7618911,173.194.188.105,10.10.0.10,,,443,45734,0,1358,17
1588616970.762882,10.10.0.10,173.194.188.105,,,45734,443,0,37,17
1588616970.7629216,10.10.0.10,173.194.188.105,,,45734,443,0,37,17
1588616970.765874,173.194.188.105,10.10.0.10,,,443,45734,0,1358,17
1588616970.7663472,10.10.0.10,173.194.188.105,,,45734,443,0,37,17
1588616970.766383,10.10.0.10,173.194.188.105,,,45734,443,0,37,17
1588616970.7677572,10.10.0.10,173.194.188.105,,,45734,443,0,50,17
1588616970.769841,173.194.188.105,10.10.0.10,,,443,45734,0,1358,17
1588616970.77109,10.10.0.10,173.194.188.105,,,45734,443,0,37,17
1588616970.773258,10.10.0.10,173.194.188.105,,,45734,443,0,37,17
1588616970.773298,10.10.0.10,173.194.188.105,,,45734,443,0,37,17
1588616970.7737188,173.194.188.105,10.10.0.10,,,443,45734,0,1358,17
1588616970.7748818,10.10.0.10,173.194.188.105,,,45734,443,0,37,17
1588616970.7749221,10.10.0.10,173.194.188.105,,,45734,443,0,37,17
1588616970.775861,10.10.0.10,173.194.188.105,,,45734,443,0,37,17
1588616970.7777278,173.194.188.105,10.10.0.10,,,443,45734,0,1358,17
1588616970.7816699,173.194.188.105,10.10.0.10,,,443,45734,0,1358,17
1588616970.785583,173.194.188.105,10.10.0.10,,,443,45734,0,1358,17
1588616970.7895572,173.194.188.105,10.10.0.10,,,443,45734,0,29,17
1588616970.789666,173.194.188.105,10.10.0.10,,,443,45734,0,1358,17
1588616970.793647,173.194.188.105,10.10.0.10,,,443,45734,0,1358,17
1588616970.7976232,173.194.188.105,10.10.0.10,,,443,45734,0,1358,17
1588616970.8015661,173.194.188.105,10.10.0.10,,,443,45734,0,1358,17
1588616970.8054779,173.194.188.105,10.10.0.10,,,443,45734,0,1358,17
1588616970.8094301,173.194.188.105,10.10.0.10,,,443,45734,0,1358,17
1588616970.8133972,173.194.188.105,10.10.0.10,,,443,45734,0,1358,17
1588616970.8173401,173.194.188.105,10.10.0.10,,,443,45734,0,1358,17
1588616970.8212821,173.194.188.105,10.10.0.10,,,443,45734,0,1358,17
1588616970.8251982,173.194.188.105,10.10.0.10,,,443,45734,0,1358,17
1588616970.8291461,173.194.188.105,10.10.0.10,,,443,45734,0,1358,17
1588616970.8331132,173.194.188.105,10.10.0.10,,,443,45734,0,1358,17
1588616970.837069,173.194.188.105,10.10.0.10,,,443,45734,0,1358,17
1588616970.841001,173.194.188.105,10.10.0.10,,,443,45734,0,1358,17
1588616970.844943,173.194.188.105,10.10.0.10,,,443,45734,0,1358,17
1588616970.848855,173.194.188.105,10.10.0.10,,,443,45734,0,1358,17
1588616970.8528302,173.194.188.105,10.10.0.10,,,443,45734,0,1358,17
1588616970.856777,173.194.188.105,10.10.0.10,,,443,45734,0,1358,17
1588616970.860655,173.194.188.105,10.10.0.10,,,443,45734,0,1358,17
1588616970.864635,173.194.188.105,10.10.0.10,,,443,45734,0,1358,17
1588616970.868536,173.194.188.105,10.10.0.10,,,443,45734,0,1358,17
1588616970.8725262,173.194.188.105,10.10.0.10,,,443,45734,0,1358,17
1588616970.8764794,173.194.188.105,10.10.0.10,,,443,45734,0,1358,17
1588616970.8773012,10.10.0.10,173.194.188.105,,,45734,443,0,37,17
1588616970.8789332,10.10.0.10,173.194.188.105,,,45734,443,0,37,17
1588616970.8800828,10.10.0.10,173.194.188.105,,,45734,443,0,37,17
1588616970.880369,173.194.188.105,10.10.0.10,,,443,45734,0,1358,17
1588616970.8807259,10.10.0.10,173.194.188.105,,,45734,443,0,37,17
1588616970.8824508,10.10.0.10,173.194.188.105,,,45734,443,0,37,17
1588616970.884327,10.10.0.10,173.194.188.105,,,45734,443,0,37,17
1588616970.8843398,173.194.188.105,10.10.0.10,,,443,45734,0,1358,17
1588616970.887449,10.10.0.10,173.194.188.105,,,45734,443,0,37,17
1588616970.88775,10.10.0.10,173.194.188.105,,,45734,443,0,37,17
1588616970.887794,10.10.0.10,173.194.188.105,,,45734,443,0,37,17
1588616970.8882911,173.194.188.105,10.10.0.10,,,443,45734,0,1358,17
1588616970.8884602,10.10.0.10,173.194.188.105,,,45734,443,0,37,17
1588616970.891434,10.10.0.10,173.194.188.105,,,45734,443,0,37,17
1588616970.892233,173.194.188.105,10.10.0.10,,,443,45734,0,1358,17
1588616970.892782,10.10.0.10,173.194.188.105,,,45734,443,0,37,17
1588616970.895853,10.10.0.10,173.194.188.105,,,45734,443,0,37,17
1588616970.8958972,10.10.0.10,173.194.188.105,,,45734,443,0,50,17
1588616970.896144,173.194.188.105,10.10.0.10,,,443,45734,0,1358,17
1588616970.897111,10.10.0.10,173.194.188.105,,,45734,443,0,37,17
1588616970.900153,173.194.188.105,10.10.0.10,,,443,45734,0,1358,17
1588616970.904062,173.194.188.105,10.10.0.10,,,443,45734,0,1358,17
1588616970.908039,173.194.188.105,10.10.0.10,,,443,45734,0,1358,17
1588616970.9119172,173.194.188.105,10.10.0.10,,,443,45734,0,1358,17
1588616970.9159029,173.194.188.105,10.10.0.10,,,443,45734,0,29,17
1588616970.916032,173.194.188.105,10.10.0.10,,,443,45734,0,1358,17
1588616970.920048,173.194.188.105,10.10.0.10,,,443,45734,0,1358,17
1588616970.9239929,173.194.188.105,10.10.0.10,,,443,45734,0,1358,17
1588616970.9279351,173.194.188.105,10.10.0.10,,,443,45734,0,1358,17
1588616970.9318712,173.194.188.105,10.10.0.10,,,443,45734,0,1358,17
1588616970.9357958,173.194.188.105,10.10.0.10,,,443,45734,0,1358,17
1588616970.939698,173.194.188.105,10.10.0.10,,,443,45734,0,1358,17
1588616970.9436748,173.194.188.105,10.10.0.10,,,443,45734,0,1358,17
1588616970.9475849,173.194.188.105,10.10.0.10,,,443,45734,0,1358,17
1588616970.9515948,173.194.188.105,10.10.0.10,,,443,45734,0,1358,17
1588616970.9555054,173.194.188.105,10.10.0.10,,,443,45734,0,1358,17
1588616970.959481,173.194.188.105,10.10.0.10,,,443,45734,0,1358,17
1588616970.963425,173.194.188.105,10.10.0.10,,,443,45734,0,1358,17
1588616970.967368,173.194.188.105,10.10.0.10,,,443,45734,0,1358,17
1588616970.9713118,173.194.188.105,10.10.0.10,,,443,45734,0,1358,17
1588616970.9752061,173.194.188.105,10.10.0.10,,,443,45734,0,1358,17
1588616970.979202,173.194.188.105,10.10.0.10,,,443,45734,0,1358,17
1588616970.983144,173.194.188.105,10.10.0.10,,,443,45734,0,1358,17
1588616970.987087,173.194.188.105,10.10.0.10,,,443,45734,0,1358,17
1588616970.9910266,173.194.188.105,10.10.0.10,,,443,45734,0,1358,17
1588616970.9918132,10.10.0.10,173.194.188.105,,,45734,443,0,37,17
1588616970.993928,10.10.0.10,173.194.188.105,,,45734,443,0,37,17
1588616970.9949708,173.194.188.105,10.10.0.10,,,443,45734,0,1358,17
1588616970.995682,10.10.0.10,173.194.188.105,,,45734,443,0,37,17
1588616970.998915,173.194.188.105,10.10.0.10,,,443,45734,0,1358,17
1588616971.000447,10.10.0.10,173.194.188.105,,,45734,443,0,37,17
1588616971.0010588,10.10.0.10,173.194.188.105,,,45734,443,0,37,17
1588616971.001615,10.10.0.10,173.194.188.105,,,45734,443,0,37,17
1588616971.002702,10.10.0.10,173.194.188.105,,,45734,443,0,37,17
1588616971.0028381,173.194.188.105,10.10.0.10,,,443,45734,0,1358,17
1588616971.004126,10.10.0.10,173.194.188.105,,,45734,443,0,37,17
1588616971.0048108,10.10.0.10,173.194.188.105,,,45734,443,0,37,17
1588616971.00579,10.10.0.10,173.194.188.105,,,45734,443,0,37,17
1588616971.0068028,173.194.188.105,10.10.0.10,,,443,45734,0,1358,17
1588616971.0078702,10.10.0.10,173.194.188.105,,,45734,443,0,37,17
1588616971.008449,10.10.0.10,173.194.188.105,,,45734,443,0,37,17
1588616971.009391,10.10.0.10,173.194.188.105,,,45734,443,0,37,17
1588616971.0105,10.10.0.10,173.194.188.105,,,45734,443,0,37,17
1588616971.010682,173.194.188.105,10.10.0.10,,,443,45734,0,1358,17
1588616971.011011,10.10.0.10,173.194.188.105,,,45734,443,0,37,17
1588616971.014662,173.194.188.105,10.10.0.10,,,443,45734,0,1358,17
1588616971.0162098,10.10.0.10,173.194.188.105,,,45734,443,0,37,17
1588616971.0186439,173.194.188.105,10.10.0.10,,,443,45734,0,1358,17
1588616971.022528,173.194.188.105,10.10.0.10,,,443,45734,0,1358,17
1588616971.0265222,173.194.188.105,10.10.0.10,,,443,45734,0,1358,17
1588616971.030462,173.194.188.105,10.10.0.10,,,443,45734,0,1358,17
1588616971.034339,173.194.188.105,10.10.0.10,,,443,45734,0,1358,17
1588616971.0383482,173.194.188.105,10.10.0.10,,,443,45734,0,1358,17
1588616971.04226,173.194.188.105,10.10.0.10,,,443,45734,0,1358,17
1588616971.0462365,173.194.188.105,10.10.0.10,,,443,45734,0,1358,17
1588616971.0501778,173.194.188.105,10.10.0.10,,,443,45734,0,1358,17
1588616971.054122,173.194.188.105,10.10.0.10,,,443,45734,0,1358,17
1588616971.058073,173.194.188.105,10.10.0.10,,,443,45734,0,1358,17
1588616971.0619388,173.194.188.105,10.10.0.10,,,443,45734,0,1358,17
1588616971.065928,173.194.188.105,10.10.0.10,,,443,45734,0,1358,17
1588616971.0698981,173.194.188.105,10.10.0.10,,,443,45734,0,1358,17
1588616971.0738132,173.194.188.105,10.10.0.10,,,443,45734,0,1358,17
1588616971.077716,173.194.188.105,10.10.0.10,,,443,45734,0,1358,17
1588616971.0817242,173.194.188.105,10.10.0.10,,,443,45734,0,1358,17
1588616971.085616,173.194.188.105,10.10.0.10,,,443,45734,0,1358,17
1588616971.0896132,173.194.188.105,10.10.0.10,,,443,45734,0,1358,17
1588616971.093555,173.194.188.105,10.10.0.10,,,443,45734,0,1358,17
1588616971.0974991,173.194.188.105,10.10.0.10,,,443,45734,0,1358,17
1588616971.101442,173.194.188.105,10.10.0.10,,,443,45734,0,1358,17
1588616971.10532,173.194.188.105,10.10.0.10,,,443,45734,0,1358,17
1588616971.109329,173.194.188.105,10.10.0.10,,,443,45734,0,1358,17
1588616971.1132634,173.194.188.105,10.10.0.10,,,443,45734,0,1358,17
1588616971.116735,10.10.0.10,173.194.188.105,,,45734,443,0,37,17
1588616971.117179,173.194.188.105,10.10.0.10,,,443,45734,0,1358,17
1588616971.1186929,10.10.0.10,173.194.188.105,,,45734,443,0,37,17
1588616971.1210918,173.194.188.105,10.10.0.10,,,443,45734,0,1358,17
1588616971.1224098,10.10.0.10,173.194.188.105,,,45734,443,0,50,17
1588616971.122459,10.10.0.10,173.194.188.105,,,45734,443,0,37,17
1588616971.122479,10.10.0.10,173.194.188.105,,,45734,443,0,37,17
1588616971.123696,10.10.0.10,173.194.188.105,,,45734,443,0,37,17
1588616971.125062,173.194.188.105,10.10.0.10,,,443,45734,0,1358,17
1588616971.1255548,10.10.0.10,173.194.188.105,,,45734,443,0,37,17
1588616971.1262364,10.10.0.10,173.194.188.105,,,45734,443,0,37,17
1588616971.127225,10.10.0.10,173.194.188.105,,,45734,443,0,37,17
1588616971.128825,10.10.0.10,173.194.188.105,,,45734,443,0,37,17
1588616971.1288712,10.10.0.10,173.194.188.105,,,45734,443,0,37,17
1588616971.1289902,173.194.188.105,10.10.0.10,,,443,45734,0,1358,17
1588616971.130761,10.10.0.10,173.194.188.105,,,45734,443,0,37,17
1588616971.131335,10.10.0.10,173.194.188.105,,,45734,443,0,37,17
1588616971.132591,10.10.0.10,173.194.188.105,,,45734,443,0,37,17
1588616971.1329565,173.194.188.105,10.10.0.10,,,443,45734,0,1358,17
1588616971.134634,10.10.0.10,173.194.188.105,,,45734,443,0,37,17
1588616971.1369321,173.194.188.105,10.10.0.10,,,443,45734,0,1358,17
1588616971.1408749,173.194.188.105,10.10.0.10,,,443,45734,0,1358,17
1588616971.1448188,173.194.188.105,10.10.0.10,,,443,45734,0,1358,17
1588616971.148762,173.194.188.105,10.10.0.10,,,443,45734,0,1358,17
1588616971.152709,173.194.188.105,10.10.0.10,,,443,45734,0,1358,17
1588616971.1566525,173.194.188.105,10.10.0.10,,,443,45734,0,1358,17
1588616971.160592,173.194.188.105,10.10.0.10,,,443,45734,0,1358,17
1588616971.164535,173.194.188.105,10.10.0.10,,,443,45734,0,1358,17
1588616971.168488,173.194.188.105,10.10.0.10,,,443,45734,0,1358,17
1588616971.17239,173.194.188.105,10.10.0.10,,,443,45734,0,1358,17
1588616971.176366,173.194.188.105,10.10.0.10,,,443,45734,0,1358,17
1588616971.1802769,173.194.188.105,10.10.0.10,,,443,45734,0,1358,17
1588616971.1842532,173.194.188.105,10.10.0.10,,,443,45734,0,1358,17
1588616971.188199,173.194.188.105,10.10.0.10,,,443,45734,0,1358,17
1588616971.192107,173.194.188.105,10.10.0.10,,,443,45734,0,1358,17
1588616971.1960812,173.194.188.105,10.10.0.10,,,443,45734,0,1358,17
1588616971.200026,173.194.188.105,10.10.0.10,,,443,45734,0,1358,17
1588616971.2039714,173.194.188.105,10.10.0.10,,,443,45734,0,1358,17
1588616971.207849,173.194.188.105,10.10.0.10,,,443,45734,0,1358,17
1588616971.211866,173.194.188.105,10.10.0.10,,,443,45734,0,1358,17
1588616971.215776,173.194.188.105,10.10.0.10,,,443,45734,0,1358,17
1588616971.219741,173.194.188.105,10.10.0.10,,,443,45734,0,1358,17
1588616971.2236884,173.194.188.105,10.10.0.10,,,443,45734,0,1358,17
1588616971.2276292,173.194.188.105,10.10.0.10,,,443,45734,0,1358,17
1588616971.2311301,10.10.0.10,173.194.188.105,,,45734,443,0,37,17
1588616971.231542,173.194.188.105,10.10.0.10,,,443,45734,0,1358,17
1588616971.2352474,10.10.0.10,173.194.188.105,,,45734,443,0,37,17
1588616971.2352922,10.10.0.10,173.194.188.105,,,45734,443,0,37,17
1588616971.2354536,173.194.188.105,10.10.0.10,,,443,45734,0,1358,17
1588616971.2372599,10.10.0.10,173.194.188.105,,,45734,443,0,37,17
1588616971.239093,10.10.0.10,173.194.188.105,,,45734,443,0,37,17
1588616971.239425,173.194.188.105,10.10.0.10,,,443,45734,0,1358,17
1588616971.2400508,10.10.0.10,173.194.188.105,,,45734,443,0,37,17
1588616971.2414944,10.10.0.10,173.194.188.105,,,45734,443,0,37,17
1588616971.24247,10.10.0.10,173.194.188.105,,,45734,443,0,50,17
1588616971.243175,10.10.0.10,173.194.188.105,,,45734,443,0,37,17
1588616971.243337,173.194.188.105,10.10.0.10,,,443,45734,0,1358,17
1588616971.244919,10.10.0.10,173.194.188.105,,,45734,443,0,37,17
1588616971.245067,10.10.0.10,173.194.188.105,,,45734,443,0,37,17
1588616971.2465382,10.10.0.10,173.194.188.105,,,45734,443,0,37,17
1588616971.2471,10.10.0.10,173.194.188.105,,,45734,443,0,37,17
1588616971.2472801,173.194.188.105,10.10.0.10,,,443,45734,0,1358,17
1588616971.248913,10.10.0.10,173.194.188.105,,,45734,443,0,37,17
1588616971.249942,10.10.0.10,173.194.188.105,,,45734,443,0,37,17
1588616971.2512882,173.194.188.105,10.10.0.10,,,443,45734,0,1358,17
1588616971.255206,173.194.188.105,10.10.0.10,,,443,45734,0,1358,17
1588616971.256921,10.10.0.10,173.194.188.105,,,45734,443,0,37,17
1588616971.259178,173.194.188.105,10.10.0.10,,,443,45734,0,1358,17
1588616971.2631214,173.194.188.105,10.10.0.10,,,443,45734,0,1358,17
1588616971.2670622,173.194.188.105,10.10.0.10,,,443,45734,0,29,17
1588616971.267168,173.194.188.105,10.10.0.10,,,443,45734,0,1358,17
1588616971.271184,173.194.188.105,10.10.0.10,,,443,45734,0,1358,17
1588616971.275128,173.194.188.105,10.10.0.10,,,443,45734,0,1358,17
1588616971.27907,173.194.188.105,10.10.0.10,,,443,45734,0,1358,17
1588616971.283013,173.194.188.105,10.10.0.10,,,443,45734,0,1358,17
1588616971.286959,173.194.188.105,10.10.0.10,,,443,45734,0,1358,17
1588616971.2908678,173.194.188.105,10.10.0.10,,,443,45734,0,1358,17
1588616971.2948446,173.194.188.105,10.10.0.10,,,443,45734,0,1358,17
1588616971.298752,173.194.188.105,10.10.0.10,,,443,45734,0,1358,17
1588616971.3027296,173.194.188.105,10.10.0.10,,,443,45734,0,1358,17
1588616971.306674,173.194.188.105,10.10.0.10,,,443,45734,0,1358,17
1588616971.310617,173.194.188.105,10.10.0.10,,,443,45734,0,1358,17
1588616971.3145616,173.194.188.105,10.10.0.10,,,443,45734,0,1358,17
1588616971.318514,173.194.188.105,10.10.0.10,,,443,45734,0,1358,17
1588616971.322415,173.194.188.105,10.10.0.10,,,443,45734,0,1358,17
1588616971.326391,173.194.188.105,10.10.0.10,,,443,45734,0,1358,17
1588616971.3303342,173.194.188.105,10.10.0.10,,,443,45734,0,1358,17
1588616971.3342779,173.194.188.105,10.10.0.10,,,443,45734,0,1358,17
1588616971.3381536,173.194.188.105,10.10.0.10,,,443,45734,0,1358,17
1588616971.342113,173.194.188.105,10.10.0.10,,,443,45734,0,1358,17
1588616971.3460786,173.194.188.105,10.10.0.10,,,443,45734,0,1358,17
1588616971.3500578,173.194.188.105,10.10.0.10,,,443,45734,0,1358,17
1588616971.352942,10.10.0.10,173.194.188.105,,,45734,443,0,37,17
1588616971.3539786,173.194.188.105,10.10.0.10,,,443,45734,0,1358,17
1588616971.355173,10.10.0.10,173.194.188.105,,,45734,443,0,37,17
1588616971.356245,10.10.0.10,173.194.188.105,,,45734,443,0,37,17
1588616971.3574321,10.10.0.10,173.194.188.105,,,45734,443,0,37,17
1588616971.3579226,173.194.188.105,10.10.0.10,,,443,45734,0,1358,17
1588616971.358795,10.10.0.10,173.194.188.105,,,45734,443,0,37,17
1588616971.359753,10.10.0.10,173.194.188.105,,,45734,443,0,37,17
1588616971.3603199,10.10.0.10,173.194.188.105,,,45734,443,0,37,17
1588616971.3618212,173.194.188.105,10.10.0.10,,,443,45734,0,1358,17
1588616971.363611,10.10.0.10,173.194.188.105,,,45734,443,0,37,17
1588616971.3651412,10.10.0.10,173.194.188.105,,,45734,443,0,37,17
1588616971.365791,173.194.188.105,10.10.0.10,,,443,45734,0,1358,17
1588616971.365839,10.10.0.10,173.194.188.105,,,45734,443,0,37,17
1588616971.367344,10.10.0.10,173.194.188.105,,,45734,443,0,37,17
1588616971.36859,10.10.0.10,173.194.188.105,,,45734,443,0,50,17
1588616971.369774,173.194.188.105,10.10.0.10,,,443,45734,0,1358,17
1588616971.3704588,10.10.0.10,173.194.188.105,,,45734,443,0,37,17
1588616971.372782,10.10.0.10,173.194.188.105,,,45734,443,0,37,17
1588616971.3736439,173.194.188.105,10.10.0.10,,,443,45734,0,1358,17
1588616971.3752284,10.10.0.10,173.194.188.105,,,45734,443,0,37,17
1588616971.3776624,173.194.188.105,10.10.0.10,,,443,45734,0,1358,17
1588616971.381604,173.194.188.105,10.10.0.10,,,443,45734,0,1358,17
1588616971.383344,10.10.0.10,173.194.188.105,,,45734,443,0,37,17
1588616971.385511,173.194.188.105,10.10.0.10,,,443,45734,0,1358,17
1588616971.3894901,173.194.188.105,10.10.0.10,,,443,45734,0,1358,17
1588616971.39116,10.10.0.10,173.194.188.105,,,45734,443,0,37,17
1588616971.3934338,173.194.188.105,10.10.0.10,,,443,45734,0,1358,17
1588616971.39738,173.194.188.105,10.10.0.10,,,443,45734,0,1358,17
1588616971.4013245,173.194.188.105,10.10.0.10,,,443,45734,0,29,17
1588616971.401421,173.194.188.105,10.10.0.10,,,443,45734,0,1358,17
1588616971.405373,173.194.188.105,10.10.0.10,,,443,45734,0,1358,17
1588616971.409389,173.194.188.105,10.10.0.10,,,443,45734,0,1358,17
1588616971.4133332,173.194.188.105,10.10.0.10,,,443,45734,0,1358,17
1588616971.417225,173.194.188.105,10.10.0.10,,,443,45734,0,1358,17
1588616971.4212198,173.194.188.105,10.10.0.10,,,443,45734,0,1358,17
1588616971.425174,173.194.188.105,10.10.0.10,,,443,45734,0,1358,17
1588616971.4290679,173.194.188.105,10.10.0.10,,,443,45734,0,1358,17
1588616971.4330509,173.194.188.105,10.10.0.10,,,443,45734,0,1358,17
1588616971.436993,173.194.188.105,10.10.0.10,,,443,45734,0,1358,17
1588616971.4409359,173.194.188.105,10.10.0.10,,,443,45734,0,1358,17
1588616971.4448788,173.194.188.105,10.10.0.10,,,443,45734,0,1358,17
1588616971.448785,173.194.188.105,10.10.0.10,,,443,45734,0,1358,17
1588616971.4527662,173.194.188.105,10.10.0.10,,,443,45734,0,1358,17
1588616971.4567091,173.194.188.105,10.10.0.10,,,443,45734,0,1358,17
1588616971.460608,173.194.188.105,10.10.0.10,,,443,45734,0,1358,17
1588616971.4645972,173.194.188.105,10.10.0.10,,,443,45734,0,1358,17
1588616971.4685106,173.194.188.105,10.10.0.10,,,443,45734,0,1358,17
1588616971.4724588,173.194.188.105,10.10.0.10,,,443,45734,0,1358,17
1588616971.476426,173.194.188.105,10.10.0.10,,,443,45734,0,1358,17
1588616971.480378,173.194.188.105,10.10.0.10,,,443,45734,0,1358,17
1588616971.4815679,10.10.0.10,173.194.188.105,,,45734,443,0,37,17
1588616971.483178,10.10.0.10,173.194.188.105,,,45734,443,0,37,17
1588616971.484313,173.194.188.105,10.10.0.10,,,443,45734,0,1358,17
1588616971.4873624,10.10.0.10,173.194.188.105,,,45734,443,0,37,17
1588616971.488257,173.194.188.105,10.10.0.10,,,443,45734,0,1358,17
1588616971.4892569,10.10.0.10,173.194.188.105,,,45734,443,0,37,17
1588616971.4897635,10.10.0.10,173.194.188.105,,,45734,443,0,37,17
1588616971.4908442,10.10.0.10,173.194.188.105,,,45734,443,0,37,17
1588616971.4918652,10.10.0.10,173.194.188.105,,,45734,443,0,37,17
1588616971.492125,173.194.188.105,10.10.0.10,,,443,45734,0,1358,17
1588616971.4924605,10.10.0.10,173.194.188.105,,,45734,443,0,37,17
1588616971.494094,10.10.0.10,173.194.188.105,,,45734,443,0,37,17
1588616971.4950595,10.10.0.10,173.194.188.105,,,45734,443,0,37,17
1588616971.49613,173.194.188.105,10.10.0.10,,,443,45734,0,1358,17
1588616971.4964929,10.10.0.10,173.194.188.105,,,45734,443,0,37,17
1588616971.497071,10.10.0.10,173.194.188.105,,,45734,443,0,37,17
1588616971.497716,10.10.0.10,173.194.188.105,,,45734,443,0,37,17
1588616971.500061,173.194.188.105,10.10.0.10,,,443,45734,0,1358,17
1588616971.5017786,10.10.0.10,173.194.188.105,,,45734,443,0,37,17
1588616971.5040288,173.194.188.105,10.10.0.10,,,443,45734,0,1358,17
1588616971.507974,173.194.188.105,10.10.0.10,,,443,45734,0,1358,17
1588616971.509624,10.10.0.10,173.194.188.105,,,45734,443,0,50,17
1588616971.5118818,173.194.188.105,10.10.0.10,,,443,45734,0,1358,17
1588616971.515798,173.194.188.105,10.10.0.10,,,443,45734,0,1358,17
1588616971.5198028,173.194.188.105,10.10.0.10,,,443,45734,0,1358,17
1588616971.523747,173.194.188.105,10.10.0.10,,,443,45734,0,1358,17
1588616971.527689,173.194.188.105,10.10.0.10,,,443,45734,0,1358,17
1588616971.531632,173.194.188.105,10.10.0.10,,,443,45734,0,1358,17
1588616971.535534,173.194.188.105,10.10.0.10,,,443,45734,0,1358,17
1588616971.539536,173.194.188.105,10.10.0.10,,,443,45734,0,1358,17
1588616971.5434682,173.194.188.105,10.10.0.10,,,443,45734,0,29,17
1588616971.543479,10.10.0.10,173.194.188.105,,,45734,443,0,37,17
1588616971.543568,173.194.188.105,10.10.0.10,,,443,45734,0,1358,17
1588616971.54524,10.10.0.10,173.194.188.105,,,45734,443,0,37,17
1588616971.546943,10.10.0.10,173.194.188.105,,,45734,443,0,37,17
1588616971.5475464,173.194.188.105,10.10.0.10,,,443,45734,0,1358,17
1588616971.5475721,10.10.0.10,173.194.188.105,,,45734,443,0,37,17
1588616971.548184,10.10.0.10,173.194.188.105,,,45734,443,0,40,17
1588616971.5492108,10.10.0.10,173.194.188.105,,,45734,443,0,37,17
1588616971.5514884,173.194.188.105,10.10.0.10,,,443,45734,0,1358,17
1588616971.555433,173.194.188.105,10.10.0.10,,,443,45734,0,1358,17
1588616971.5569742,10.10.0.10,173.194.188.105,,,45734,443,0,37,17
1588616971.5594141,173.194.188.105,10.10.0.10,,,443,45734,0,1358,17
1588616971.563358,173.194.188.105,10.10.0.10,,,443,45734,0,1358,17
1588616971.5651262,10.10.0.10,173.194.188.105,,,45734,443,0,37,17
1588616971.567301,173.194.188.105,10.10.0.10,,,443,45734,0,1358,17
1588616971.5712461,173.194.188.105,10.10.0.10,,,443,45734,0,1358,17
1588616971.5729306,10.10.0.10,173.194.188.105,,,45734,443,0,37,17
1588616971.5751965,173.194.188.105,10.10.0.10,,,443,45734,0,1358,17
1588616971.5791078,173.194.188.105,10.10.0.10,,,443,45734,0,1358,17
1588616971.580643,10.10.0.10,173.194.188.105,,,45734,443,0,37,17
1588616971.5830364,173.194.188.105,10.10.0.10,,,443,45734,0,1358,17
1588616971.587018,173.194.188.105,10.10.0.10,,,443,45734,0,1358,17
1588616971.588683,10.10.0.10,173.194.188.105,,,45734,443,0,37,17
1588616971.590951,173.194.188.105,10.10.0.10,,,443,45734,0,1358,17
1588616971.5948956,173.194.188.105,10.10.0.10,,,443,45734,0,1358,17
1588616971.596893,10.10.0.10,173.194.188.105,,,45734,443,0,37,17
1588616971.5987859,173.194.188.105,10.10.0.10,,,443,45734,0,1358,17
1588616971.6027699,173.194.188.105,10.10.0.10,,,443,45734,0,1358,17
1588616971.6042619,10.10.0.10,173.194.188.105,,,45734,443,0,37,17
1588616971.606656,173.194.188.105,10.10.0.10,,,443,45734,0,1358,17
1588616971.610657,173.194.188.105,10.10.0.10,,,443,45734,0,1358,17
1588616971.6122522,10.10.0.10,173.194.188.105,,,45734,443,0,37,17
1588616971.614601,173.194.188.105,10.10.0.10,,,443,45734,0,1358,17
1588616971.6185234,173.194.188.105,10.10.0.10,,,443,45734,0,1358,17
1588616971.6202366,10.10.0.10,173.194.188.105,,,45734,443,0,37,17
1588616971.6224296,173.194.188.105,10.10.0.10,,,443,45734,0,1358,17
1588616971.626386,173.194.188.105,10.10.0.10,,,443,45734,0,1358,17
1588616971.628042,10.10.0.10,173.194.188.105,,,45734,443,0,37,17
1588616971.6303492,173.194.188.105,10.10.0.10,,,443,45734,0,1358,17
1588616971.634268,173.194.188.105,10.10.0.10,,,443,45734,0,1358,17
1588616971.6360009,10.10.0.10,173.194.188.105,,,45734,443,0,37,17
1588616971.638259,173.194.188.105,10.10.0.10,,,443,45734,0,1358,17
1588616971.6421812,173.194.188.105,10.10.0.10,,,443,45734,0,1358,17
1588616971.646126,173.194.188.105,10.10.0.10,,,443,45734,0,1358,17
1588616971.6487432,10.10.0.10,173.194.188.105,,,45734,443,0,37,17
1588616971.6500714,173.194.188.105,10.10.0.10,,,443,45734,0,1358,17
1588616971.6517026,10.10.0.10,173.194.188.105,,,45734,443,0,37,17
1588616971.653989,173.194.188.105,10.10.0.10,,,443,45734,0,1358,17
1588616971.657918,173.194.188.105,10.10.0.10,,,443,45734,0,1358,17
1588616971.6594758,10.10.0.10,173.194.188.105,,,45734,443,0,50,17
1588616971.6618598,173.194.188.105,10.10.0.10,,,443,45734,0,1358,17
1588616971.66586,173.194.188.105,10.10.0.10,,,443,45734,0,1358,17
1588616971.6675632,10.10.0.10,173.194.188.105,,,45734,443,0,37,17
1588616971.6698039,173.194.188.105,10.10.0.10,,,443,45734,0,1358,17
1588616971.6737242,173.194.188.105,10.10.0.10,,,443,45734,0,1358,17
1588616971.6753252,10.10.0.10,173.194.188.105,,,45734,443,0,37,17
1588616971.677695,173.194.188.105,10.10.0.10,,,443,45734,0,1358,17
1588616971.681638,173.194.188.105,10.10.0.10,,,443,45734,0,1358,17
1588616971.6849642,10.10.0.10,173.194.188.105,,,45734,443,0,37,17
1588616971.6855226,173.194.188.105,10.10.0.10,,,443,45734,0,1358,17
1588616971.689468,173.194.188.105,10.10.0.10,,,443,45734,0,1358,17
1588616971.690969,10.10.0.10,173.194.188.105,,,45734,443,0,37,17
1588616971.693407,173.194.188.105,10.10.0.10,,,443,45734,0,1358,17
1588616971.6973722,173.194.188.105,10.10.0.10,,,443,45734,0,1358,17
1588616971.699209,10.10.0.10,173.194.188.105,,,45734,443,0,37,17
1588616971.7013636,173.194.188.105,10.10.0.10,,,443,45734,0,1358,17
1588616971.7052374,173.194.188.105,10.10.0.10,,,443,45734,0,1358,17
1588616971.7068772,10.10.0.10,173.194.188.105,,,45734,443,0,37,17
1588616971.709179,173.194.188.105,10.10.0.10,,,443,45734,0,1358,17
1588616971.713181,173.194.188.105,10.10.0.10,,,443,45734,0,1358,17
1588616971.714898,10.10.0.10,173.194.188.105,,,45734,443,0,37,17
1588616971.717098,173.194.188.105,10.10.0.10,,,443,45734,0,1358,17
1588616971.721068,173.194.188.105,10.10.0.10,,,443,45734,0,1358,17
1588616971.7226946,10.10.0.10,173.194.188.105,,,45734,443,0,37,17
1588616971.725016,173.194.188.105,10.10.0.10,,,443,45734,0,29,17
1588616971.7251296,173.194.188.105,10.10.0.10,,,443,45734,0,1358,17
1588616971.729094,173.194.188.105,10.10.0.10,,,443,45734,0,1358,17
1588616971.730592,10.10.0.10,173.194.188.105,,,45734,443,0,37,17
1588616971.733032,173.194.188.105,10.10.0.10,,,443,45734,0,1358,17
1588616971.736995,173.194.188.105,10.10.0.10,,,443,45734,0,1358,17
1588616971.738751,10.10.0.10,173.194.188.105,,,45734,443,0,37,17
1588616971.7409642,173.194.188.105,10.10.0.10,,,443,45734,0,1358,17
1588616971.7449124,173.194.188.105,10.10.0.10,,,443,45734,0,1358,17
1588616971.7468922,10.10.0.10,173.194.188.105,,,45734,443,0,37,17
1588616971.748807,173.194.188.105,10.10.0.10,,,443,45734,0,1358,17
1588616971.752802,173.194.188.105,10.10.0.10,,,443,45734,0,1358,17
1588616971.754666,10.10.0.10,173.194.188.105,,,45734,443,0,37,17
1588616971.7567458,173.194.188.105,10.10.0.10,,,443,45734,0,1358,17
1588616971.7606454,173.194.188.105,10.10.0.10,,,443,45734,0,1358,17
1588616971.763421,10.10.0.10,173.194.188.105,,,45734,443,0,37,17
1588616971.764608,173.194.188.105,10.10.0.10,,,443,45734,0,1358,17
1588616971.7685351,173.194.188.105,10.10.0.10,,,443,45734,0,1358,17
1588616971.770055,10.10.0.10,173.194.188.105,,,45734,443,0,37,17
1588616971.7724972,173.194.188.105,10.10.0.10,,,443,45734,0,1358,17
1588616971.776463,173.194.188.105,10.10.0.10,,,443,45734,0,1358,17
1588616971.778126,10.10.0.10,173.194.188.105,,,45734,443,0,37,17
1588616971.780406,173.194.188.105,10.10.0.10,,,443,45734,0,1358,17
1588616971.7843492,173.194.188.105,10.10.0.10,,,443,45734,0,1358,17
1588616971.7882938,173.194.188.105,10.10.0.10,,,443,45734,0,1358,17
1588616971.792204,173.194.188.105,10.10.0.10,,,443,45734,0,1358,17
1588616971.792469,10.10.0.10,173.194.188.105,,,45734,443,0,37,17
1588616971.7947054,10.10.0.10,173.194.188.105,,,45734,443,0,37,17
1588616971.7961812,173.194.188.105,10.10.0.10,,,443,45734,0,1358,17
1588616971.800123,173.194.188.105,10.10.0.10,,,443,45734,0,1358,17
1588616971.80177,10.10.0.10,173.194.188.105,,,45734,443,0,37,17
1588616971.804036,173.194.188.105,10.10.0.10,,,443,45734,0,1358,17
1588616971.8080099,173.194.188.105,10.10.0.10,,,443,45734,0,1358,17
1588616971.8099165,10.10.0.10,173.194.188.105,,,45734,443,0,37,17
1588616971.8118901,173.194.188.105,10.10.0.10,,,443,45734,0,1358,17
1588616971.8158731,173.194.188.105,10.10.0.10,,,443,45734,0,1358,17
1588616971.8176448,10.10.0.10,173.194.188.105,,,45734,443,0,50,17
1588616971.819841,173.194.188.105,10.10.0.10,,,443,45734,0,1358,17
1588616971.823783,173.194.188.105,10.10.0.10,,,443,45734,0,1358,17
1588616971.825792,10.10.0.10,173.194.188.105,,,45734,443,0,37,17
1588616971.8277268,173.194.188.105,10.10.0.10,,,443,45734,0,1358,17
1588616971.8316731,173.194.188.105,10.10.0.10,,,443,45734,0,1358,17
1588616971.833375,10.10.0.10,173.194.188.105,,,45734,443,0,37,17
1588616971.835584,173.194.188.105,10.10.0.10,,,443,45734,0,1358,17
1588616971.8395581,173.194.188.105,10.10.0.10,,,443,45734,0,1358,17
1588616971.8411431,10.10.0.10,173.194.188.105,,,45734,443,0,37,17
1588616971.843477,173.194.188.105,10.10.0.10,,,443,45734,0,1358,17
1588616971.8474438,173.194.188.105,10.10.0.10,,,443,45734,0,1358,17
1588616971.849228,10.10.0.10,173.194.188.105,,,45734,443,0,37,17
1588616971.8513882,173.194.188.105,10.10.0.10,,,443,45734,0,1358,17
1588616971.8552668,173.194.188.105,10.10.0.10,,,443,45734,0,1358,17
1588616971.8570428,10.10.0.10,173.194.188.105,,,45734,443,0,37,17
1588616971.8592749,173.194.188.105,10.10.0.10,,,443,45734,0,1358,17
1588616971.863194,173.194.188.105,10.10.0.10,,,443,45734,0,1358,17
1588616971.865602,10.10.0.10,173.194.188.105,,,45734,443,0,37,17
1588616971.8671598,173.194.188.105,10.10.0.10,,,443,45734,0,1358,17
1588616971.871104,173.194.188.105,10.10.0.10,,,443,45734,0,1358,17
1588616971.8730438,10.10.0.10,173.194.188.105,,,45734,443,0,37,17
1588616971.875047,173.194.188.105,10.10.0.10,,,443,45734,0,1358,17
1588616971.87896,173.194.188.105,10.10.0.10,,,443,45734,0,1358,17
1588616971.880662,10.10.0.10,173.194.188.105,,,45734,443,0,37,17
1588616971.882934,173.194.188.105,10.10.0.10,,,443,45734,0,1358,17
1588616971.8868759,173.194.188.105,10.10.0.10,,,443,45734,0,1358,17
1588616971.888818,10.10.0.10,173.194.188.105,,,45734,443,0,37,17
1588616971.890825,173.194.188.105,10.10.0.10,,,443,45734,0,1358,17
1588616971.8947651,173.194.188.105,10.10.0.10,,,443,45734,0,1358,17
1588616971.8964374,10.10.0.10,173.194.188.105,,,45734,443,0,37,17
1588616971.8986435,173.194.188.105,10.10.0.10,,,443,45734,0,1358,17
1588616971.9026508,173.194.188.105,10.10.0.10,,,443,45734,0,1358,17
1588616971.9056444,10.10.0.10,173.194.188.105,,,45734,443,0,37,17
1588616971.906594,173.194.188.105,10.10.0.10,,,443,45734,0,1358,17
1588616971.910537,173.194.188.105,10.10.0.10,,,443,45734,0,1358,17
1588616971.912123,10.10.0.10,173.194.188.105,,,45734,443,0,37,17
1588616971.9144812,173.194.188.105,10.10.0.10,,,443,45734,0,1358,17
1588616971.918423,173.194.188.105,10.10.0.10,,,443,45734,0,1358,17
1588616971.9213548,10.10.0.10,173.194.188.105,,,45734,443,0,37,17
1588616971.9223368,173.194.188.105,10.10.0.10,,,443,45734,0,1358,17
1588616971.926311,173.194.188.105,10.10.0.10,,,443,45734,0,1358,17
1588616971.927999,10.10.0.10,173.194.188.105,,,45734,443,0,37,17
1588616971.930225,173.194.188.105,10.10.0.10,,,443,45734,0,1358,17
1588616971.9341972,173.194.188.105,10.10.0.10,,,443,45734,0,1358,17
1588616971.935809,10.10.0.10,173.194.188.105,,,45734,443,0,37,17
1588616971.938141,173.194.188.105,10.10.0.10,,,443,45734,0,1358,17
1588616971.9420538,173.194.188.105,10.10.0.10,,,443,45734,0,1358,17
1588616971.9436634,10.10.0.10,173.194.188.105,,,45734,443,0,37,17
1588616971.9460282,173.194.188.105,10.10.0.10,,,443,45734,0,1358,17
1588616971.949973,173.194.188.105,10.10.0.10,,,443,45734,0,1358,17
1588616971.9516408,10.10.0.10,173.194.188.105,,,45734,443,0,37,17
1588616971.9539142,173.194.188.105,10.10.0.10,,,443,45734,0,1358,17
1588616971.9578578,173.194.188.105,10.10.0.10,,,443,45734,0,1358,17
1588616971.961809,173.194.188.105,10.10.0.10,,,443,45734,0,1358,17
1588616971.9657214,173.194.188.105,10.10.0.10,,,443,45734,0,1358,17
1588616971.969687,173.194.188.105,10.10.0.10,,,443,45734,0,1358,17
1588616971.9736302,173.194.188.105,10.10.0.10,,,443,45734,0,1358,17
1588616971.977575,173.194.188.105,10.10.0.10,,,443,45734,0,1358,17
1588616971.98152,173.194.188.105,10.10.0.10,,,443,45734,0,1358,17
1588616971.9854622,173.194.188.105,10.10.0.10,,,443,45734,0,1358,17
1588616971.9893699,173.194.188.105,10.10.0.10,,,443,45734,0,1358,17
1588616971.993349,173.194.188.105,10.10.0.10,,,443,45734,0,1358,17
1588616971.9972498,173.194.188.105,10.10.0.10,,,443,45734,0,1358,17
1588616972.0012338,173.194.188.105,10.10.0.10,,,443,45734,0,1358,17
1588616972.003666,10.10.0.10,173.194.188.105,,,45734,443,0,37,17
1588616972.004775,10.10.0.10,173.194.188.105,,,45734,443,0,37,17
1588616972.00515,173.194.188.105,10.10.0.10,,,443,45734,0,1358,17
1588616972.007463,10.10.0.10,173.194.188.105,,,45734,443,0,50,17
1588616972.0078876,10.10.0.10,173.194.188.105,,,45734,443,0,37,17
1588616972.008574,10.10.0.10,173.194.188.105,,,45734,443,0,37,17
1588616972.009093,173.194.188.105,10.10.0.10,,,443,45734,0,1358,17
1588616972.0096366,10.10.0.10,173.194.188.105,,,45734,443,0,37,17
1588616972.010464,10.10.0.10,173.194.188.105,,,45734,443,0,37,17
1588616972.0130696,173.194.188.105,10.10.0.10,,,443,45734,0,1358,17
1588616972.014688,10.10.0.10,173.194.188.105,,,45734,443,0,37,17
1588616972.017008,173.194.188.105,10.10.0.10,,,443,45734,0,1358,17
1588616972.020951,173.194.188.105,10.10.0.10,,,443,45734,0,1358,17
1588616972.023688,10.10.0.10,173.194.188.105,,,45734,443,0,37,17
1588616972.024895,173.194.188.105,10.10.0.10,,,443,45734,0,1358,17
1588616972.028807,173.194.188.105,10.10.0.10,,,443,45734,0,1358,17
1588616972.03044,10.10.0.10,173.194.188.105,,,45734,443,0,37,17
1588616972.032783,173.194.188.105,10.10.0.10,,,443,45734,0,1358,17
1588616972.036726,173.194.188.105,10.10.0.10,,,443,45734,0,1358,17
1588616972.038527,10.10.0.10,173.194.188.105,,,45734,443,0,37,17
1588616972.0406694,173.194.188.105,10.10.0.10,,,443,45734,0,1358,17
1588616972.0446134,173.194.188.105,10.10.0.10,,,443,45734,0,1358,17
1588616972.0462918,10.10.0.10,173.194.188.105,,,45734,443,0,37,17
1588616972.0485342,173.194.188.105,10.10.0.10,,,443,45734,0,1358,17
1588616972.0524762,173.194.188.105,10.10.0.10,,,443,45734,0,1358,17
1588616972.055022,10.10.0.10,173.194.188.105,,,45734,443,0,37,17
1588616972.056443,173.194.188.105,10.10.0.10,,,443,45734,0,1358,17
1588616972.060386,173.194.188.105,10.10.0.10,,,443,45734,0,1358,17
1588616972.0619812,10.10.0.10,173.194.188.105,,,45734,443,0,37,17
1588616972.064329,173.194.188.105,10.10.0.10,,,443,45734,0,1358,17
1588616972.068272,173.194.188.105,10.10.0.10,,,443,45734,0,1358,17
1588616972.0706909,10.10.0.10,173.194.188.105,,,45734,443,0,37,17
1588616972.072184,173.194.188.105,10.10.0.10,,,443,45734,0,1358,17
1588616972.07616,173.194.188.105,10.10.0.10,,,443,45734,0,1358,17
1588616972.0777464,10.10.0.10,173.194.188.105,,,45734,443,0,37,17
1588616972.080102,173.194.188.105,10.10.0.10,,,443,45734,0,29,17
1588616972.08021,173.194.188.105,10.10.0.10,,,443,45734,0,1358,17
1588616972.0842292,173.194.188.105,10.10.0.10,,,443,45734,0,1358,17
1588616972.0858061,10.10.0.10,173.194.188.105,,,45734,443,0,37,17
1588616972.088111,173.194.188.105,10.10.0.10,,,443,45734,0,1329,17
1588616972.120999,10.10.0.10,173.194.188.105,,,45734,443,0,37,17
1588616972.1217134,10.10.0.10,173.194.188.105,,,45734,443,0,730,17
1588616972.1222696,10.10.0.10,173.194.188.105,,,45734,443,0,48,17
1588616972.126386,173.194.188.105,10.10.0.10,,,443,45734,0,29,17
1588616972.126538,173.194.188.105,10.10.0.10,,,443,45734,0,1358,17
1588616972.126568,173.194.188.105,10.10.0.10,,,443,45734,0,1358,17
1588616972.1288939,10.10.0.10,173.194.188.105,,,45734,443,0,37,17
1588616972.130007,173.194.188.105,10.10.0.10,,,443,45734,0,1358,17
1588616972.132358,10.10.0.10,173.194.188.105,,,45734,443,0,733,17
1588616972.132462,10.10.0.10,173.194.188.105,,,45734,443,0,48,17
1588616972.1339018,173.194.188.105,10.10.0.10,,,443,45734,0,1358,17
1588616972.1378338,173.194.188.105,10.10.0.10,,,443,45734,0,1358,17
1588616972.1394038,10.10.0.10,173.194.188.105,,,45734,443,0,37,17
1588616972.1418,173.194.188.105,10.10.0.10,,,443,45734,0,1358,17
1588616972.145737,173.194.188.105,10.10.0.10,,,443,45734,0,1358,17
1588616972.14734,10.10.0.10,173.194.188.105,,,45734,443,0,37,17
1588616972.1497068,173.194.188.105,10.10.0.10,,,443,45734,0,1358,17
1588616972.153651,173.194.188.105,10.10.0.10,,,443,45734,0,1358,17
1588616972.155603,10.10.0.10,173.194.188.105,,,45734,443,0,37,17
1588616972.157595,173.194.188.105,10.10.0.10,,,443,45734,0,1358,17
1588616972.1615381,173.194.188.105,10.10.0.10,,,443,45734,0,1358,17
1588616972.163311,10.10.0.10,173.194.188.105,,,45734,443,0,37,17
1588616972.1654508,173.194.188.105,10.10.0.10,,,443,45734,0,1358,17
1588616972.1694279,173.194.188.105,10.10.0.10,,,443,45734,0,1358,17
1588616972.1711679,10.10.0.10,173.194.188.105,,,45734,443,0,37,17
1588616972.173368,173.194.188.105,10.10.0.10,,,443,45734,0,1358,17
1588616972.17732,173.194.188.105,10.10.0.10,,,443,45734,0,29,17
1588616972.177419,173.194.188.105,10.10.0.10,,,443,45734,0,1358,17
1588616972.179124,10.10.0.10,173.194.188.105,,,45734,443,0,37,17
1588616972.181433,173.194.188.105,10.10.0.10,,,443,45734,0,1358,17
1588616972.185312,173.194.188.105,10.10.0.10,,,443,45734,0,1358,17
1588616972.186933,10.10.0.10,173.194.188.105,,,45734,443,0,37,17
1588616972.1893196,173.194.188.105,10.10.0.10,,,443,45734,0,1358,17
1588616972.193263,173.194.188.105,10.10.0.10,,,443,45734,0,1358,17
1588616972.1948152,10.10.0.10,173.194.188.105,,,45734,443,0,37,17
1588616972.197206,173.194.188.105,10.10.0.10,,,443,45734,0,1358,17
1588616972.201129,173.194.188.105,10.10.0.10,,,443,45734,0,1358,17
1588616972.202735,10.10.0.10,173.194.188.105,,,45734,443,0,37,17
1588616972.205066,173.194.188.105,10.10.0.10,,,443,45734,0,1358,17
1588616972.209006,173.194.188.105,10.10.0.10,,,443,45734,0,1358,17
1588616972.210766,10.10.0.10,173.194.188.105,,,45734,443,0,37,17
1588616972.2129798,173.194.188.105,10.10.0.10,,,443,45734,0,1358,17
1588616972.2169242,173.194.188.105,10.10.0.10,,,443,45734,0,1358,17
1588616972.218502,10.10.0.10,173.194.188.105,,,45734,443,0,37,17
1588616972.220866,173.194.188.105,10.10.0.10,,,443,45734,0,1358,17
1588616972.2248108,173.194.188.105,10.10.0.10,,,443,45734,0,1358,17
1588616972.226622,10.10.0.10,173.194.188.105,,,45734,443,0,37,17
1588616972.228722,173.194.188.105,10.10.0.10,,,443,45734,0,1358,17
1588616972.232698,173.194.188.105,10.10.0.10,,,443,45734,0,1358,17
1588616972.2345,10.10.0.10,173.194.188.105,,,45734,443,0,37,17
1588616972.23664,173.194.188.105,10.10.0.10,,,443,45734,0,1358,17
1588616972.2405958,173.194.188.105,10.10.0.10,,,443,45734,0,1358,17
1588616972.242247,10.10.0.10,173.194.188.105,,,45734,443,0,37,17
1588616972.2445269,173.194.188.105,10.10.0.10,,,443,45734,0,1358,17
1588616972.2484796,173.194.188.105,10.10.0.10,,,443,45734,0,1358,17
1588616972.2502036,10.10.0.10,173.194.188.105,,,45734,443,0,37,17
1588616972.2523901,173.194.188.105,10.10.0.10,,,443,45734,0,1358,17
1588616972.2563558,173.194.188.105,10.10.0.10,,,443,45734,0,1358,17
1588616972.258251,10.10.0.10,173.194.188.105,,,45734,443,0,37,17
1588616972.2603002,173.194.188.105,10.10.0.10,,,443,45734,0,1358,17
1588616972.264243,173.194.188.105,10.10.0.10,,,443,45734,0,1358,17
1588616972.265855,10.10.0.10,173.194.188.105,,,45734,443,0,37,17
1588616972.2681882,173.194.188.105,10.10.0.10,,,443,45734,0,1358,17
1588616972.2721012,173.194.188.105,10.10.0.10,,,443,45734,0,1358,17
1588616972.2747312,10.10.0.10,173.194.188.105,,,45734,443,0,37,17
1588616972.276073,173.194.188.105,10.10.0.10,,,443,45734,0,1358,17
1588616972.280017,173.194.188.105,10.10.0.10,,,443,45734,0,1358,17
1588616972.281456,10.10.0.10,173.194.188.105,,,45734,443,0,37,17
1588616972.2839608,173.194.188.105,10.10.0.10,,,443,45734,0,1358,17
1588616972.2879028,173.194.188.105,10.10.0.10,,,443,45734,0,1358,17
1588616972.2896442,10.10.0.10,173.194.188.105,,,45734,443,0,50,17
1588616972.291857,173.194.188.105,10.10.0.10,,,443,45734,0,1358,17
1588616972.295766,173.194.188.105,10.10.0.10,,,443,45734,0,1358,17
1588616972.2974696,10.10.0.10,173.194.188.105,,,45734,443,0,37,17
1588616972.299737,173.194.188.105,10.10.0.10,,,443,45734,0,1358,17
1588616972.3036768,173.194.188.105,10.10.0.10,,,443,45734,0,1358,17
1588616972.3057892,10.10.0.10,173.194.188.105,,,45734,443,0,37,17
1588616972.3076198,173.194.188.105,10.10.0.10,,,443,45734,0,1358,17
1588616972.3115628,173.194.188.105,10.10.0.10,,,443,45734,0,1358,17
1588616972.313201,10.10.0.10,173.194.188.105,,,45734,443,0,37,17
1588616972.315475,173.194.188.105,10.10.0.10,,,443,45734,0,1358,17
1588616972.3194509,173.194.188.105,10.10.0.10,,,443,45734,0,1358,17
1588616972.321166,10.10.0.10,173.194.188.105,,,45734,443,0,37,17
1588616972.3233619,173.194.188.105,10.10.0.10,,,443,45734,0,1358,17
1588616972.327338,173.194.188.105,10.10.0.10,,,443,45734,0,1358,17
1588616972.329144,10.10.0.10,173.194.188.105,,,45734,443,0,37,17
1588616972.331281,173.194.188.105,10.10.0.10,,,443,45734,0,1358,17
1588616972.3352,173.194.188.105,10.10.0.10,,,443,45734,0,1358,17
1588616972.336804,10.10.0.10,173.194.188.105,,,45734,443,0,37,17
1588616972.339144,173.194.188.105,10.10.0.10,,,443,45734,0,1358,17
1588616972.343111,173.194.188.105,10.10.0.10,,,443,45734,0,1358,17
1588616972.344832,10.10.0.10,173.194.188.105,,,45734,443,0,37,17
1588616972.347054,173.194.188.105,10.10.0.10,,,443,45734,0,1358,17
1588616972.350933,173.194.188.105,10.10.0.10,,,443,45734,0,1358,17
1588616972.352727,10.10.0.10,173.194.188.105,,,45734,443,0,37,17
1588616972.3549402,173.194.188.105,10.10.0.10,,,443,45734,0,1358,17
1588616972.3588538,173.194.188.105,10.10.0.10,,,443,45734,0,1358,17
1588616972.3604188,10.10.0.10,173.194.188.105,,,45734,443,0,37,17
1588616972.362777,173.194.188.105,10.10.0.10,,,443,45734,0,1358,17
1588616972.366716,173.194.188.105,10.10.0.10,,,443,45734,0,1358,17
1588616972.368266,10.10.0.10,173.194.188.105,,,45734,443,0,37,17
1588616972.3706589,173.194.188.105,10.10.0.10,,,443,45734,0,1358,17
1588616972.3746018,173.194.188.105,10.10.0.10,,,443,45734,0,1358,17
1588616972.376267,10.10.0.10,173.194.188.105,,,45734,443,0,37,17
1588616972.3785539,173.194.188.105,10.10.0.10,,,443,45734,0,1358,17
1588616972.382544,173.194.188.105,10.10.0.10,,,443,45734,0,29,17
1588616972.3826509,173.194.188.105,10.10.0.10,,,443,45734,0,1358,17
1588616972.384253,10.10.0.10,173.194.188.105,,,45734,443,0,37,17
1588616972.3866649,173.194.188.105,10.10.0.10,,,443,45734,0,1358,17
1588616972.390609,173.194.188.105,10.10.0.10,,,443,45734,0,1358,17
1588616972.3922682,10.10.0.10,173.194.188.105,,,45734,443,0,37,17
1588616972.394552,173.194.188.105,10.10.0.10,,,443,45734,0,1358,17
1588616972.3985028,173.194.188.105,10.10.0.10,,,443,45734,0,1358,17
1588616972.4001422,10.10.0.10,173.194.188.105,,,45734,443,0,37,17
1588616972.402415,173.194.188.105,10.10.0.10,,,443,45734,0,1358,17
1588616972.406382,173.194.188.105,10.10.0.10,,,443,45734,0,1358,17
1588616972.40835,10.10.0.10,173.194.188.105,,,45734,443,0,37,17
1588616972.410326,173.194.188.105,10.10.0.10,,,443,45734,0,1358,17
1588616972.4142694,173.194.188.105,10.10.0.10,,,443,45734,0,1358,17
1588616972.415876,10.10.0.10,173.194.188.105,,,45734,443,0,37,17
1588616972.418212,173.194.188.105,10.10.0.10,,,443,45734,0,1358,17
1588616972.422102,173.194.188.105,10.10.0.10,,,443,45734,0,1358,17
1588616972.4245038,10.10.0.10,173.194.188.105,,,45734,443,0,37,17
1588616972.4260778,173.194.188.105,10.10.0.10,,,443,45734,0,1358,17
1588616972.42993,173.194.188.105,10.10.0.10,,,443,45734,0,1358,17
1588616972.433425,10.10.0.10,173.194.188.105,,,45734,443,0,37,17
1588616972.43376,173.194.188.105,10.10.0.10,,,443,45734,0,1358,17
1588616972.43769,173.194.188.105,10.10.0.10,,,443,45734,0,1358,17
1588616972.4395108,10.10.0.10,173.194.188.105,,,45734,443,0,37,17
1588616972.441518,173.194.188.105,10.10.0.10,,,443,45734,0,1358,17
1588616972.445343,173.194.188.105,10.10.0.10,,,443,45734,0,1358,17
1588616972.4469216,10.10.0.10,173.194.188.105,,,45734,443,0,50,17
1588616972.449251,173.194.188.105,10.10.0.10,,,443,45734,0,1358,17
1588616972.453137,173.194.188.105,10.10.0.10,,,443,45734,0,1358,17
1588616972.4548972,10.10.0.10,173.194.188.105,,,45734,443,0,37,17
1588616972.456998,173.194.188.105,10.10.0.10,,,443,45734,0,1358,17
1588616972.4608588,173.194.188.105,10.10.0.10,,,443,45734,0,1358,17
1588616972.462569,10.10.0.10,173.194.188.105,,,45734,443,0,37,17
1588616972.4647212,173.194.188.105,10.10.0.10,,,443,45734,0,1358,17
1588616972.468545,173.194.188.105,10.10.0.10,,,443,45734,0,1358,17
1588616972.470819,10.10.0.10,173.194.188.105,,,45734,443,0,37,17
1588616972.472407,173.194.188.105,10.10.0.10,,,443,45734,0,1358,17
1588616972.4763038,173.194.188.105,10.10.0.10,,,443,45734,0,1358,17
1588616972.477926,10.10.0.10,173.194.188.105,,,45734,443,0,37,17
1588616972.480169,173.194.188.105,10.10.0.10,,,443,45734,0,1358,17
1588616972.4840288,173.194.188.105,10.10.0.10,,,443,45734,0,1358,17
1588616972.485673,10.10.0.10,173.194.188.105,,,45734,443,0,37,17
1588616972.487889,173.194.188.105,10.10.0.10,,,443,45734,0,1358,17
1588616972.49175,173.194.188.105,10.10.0.10,,,443,45734,0,1358,17
1588616972.4932988,10.10.0.10,173.194.188.105,,,45734,443,0,37,17
1588616972.495574,173.194.188.105,10.10.0.10,,,443,45734,0,1358,17
1588616972.4994724,173.194.188.105,10.10.0.10,,,443,45734,0,1358,17
1588616972.5013082,10.10.0.10,173.194.188.105,,,45734,443,0,37,17
1588616972.503333,173.194.188.105,10.10.0.10,,,443,45734,0,1358,17
1588616972.507159,173.194.188.105,10.10.0.10,,,443,45734,0,1358,17
1588616972.510201,10.10.0.10,173.194.188.105,,,45734,443,0,37,17
1588616972.5110312,173.194.188.105,10.10.0.10,,,443,45734,0,1358,17
1588616972.5149171,173.194.188.105,10.10.0.10,,,443,45734,0,1358,17
1588616972.516508,10.10.0.10,173.194.188.105,,,45734,443,0,37,17
1588616972.518743,173.194.188.105,10.10.0.10,,,443,45734,0,1358,17
1588616972.52257,173.194.188.105,10.10.0.10,,,443,45734,0,1358,17
1588616972.524256,10.10.0.10,173.194.188.105,,,45734,443,0,37,17
1588616972.5264509,173.194.188.105,10.10.0.10,,,443,45734,0,1358,17
1588616972.530313,173.194.188.105,10.10.0.10,,,443,45734,0,1358,17
1588616972.531895,10.10.0.10,173.194.188.105,,,45734,443,0,37,17
1588616972.5342019,173.194.188.105,10.10.0.10,,,443,45734,0,1358,17
1588616972.538064,173.194.188.105,10.10.0.10,,,443,45734,0,1358,17
1588616972.5412614,10.10.0.10,173.194.188.105,,,45734,443,0,37,17
1588616972.5418658,173.194.188.105,10.10.0.10,,,443,45734,0,1358,17
1588616972.545728,173.194.188.105,10.10.0.10,,,443,45734,0,1358,17
1588616972.547391,10.10.0.10,173.194.188.105,,,45734,443,0,37,17
1588616972.549609,173.194.188.105,10.10.0.10,,,443,45734,0,1358,17
1588616972.5534694,173.194.188.105,10.10.0.10,,,443,45734,0,1358,17
1588616972.554943,10.10.0.10,173.194.188.105,,,45734,443,0,37,17
1588616972.5573301,173.194.188.105,10.10.0.10,,,443,45734,0,1358,17
1588616972.5611732,173.194.188.105,10.10.0.10,,,443,45734,0,1358,17
1588616972.562856,10.10.0.10,173.194.188.105,,,45734,443,0,37,17
1588616972.5650961,173.194.188.105,10.10.0.10,,,443,45734,0,1358,17
1588616972.568934,173.194.188.105,10.10.0.10,,,443,45734,0,1358,17
1588616972.5705318,10.10.0.10,173.194.188.105,,,45734,443,0,37,17
1588616972.572824,173.194.188.105,10.10.0.10,,,443,45734,0,1358,17
1588616972.5766852,173.194.188.105,10.10.0.10,,,443,45734,0,1358,17
1588616972.5786269,10.10.0.10,173.194.188.105,,,45734,443,0,37,17
1588616972.5805464,173.194.188.105,10.10.0.10,,,443,45734,0,1358,17
1588616972.5843446,173.194.188.105,10.10.0.10,,,443,45734,0,1358,17
1588616972.5858061,10.10.0.10,173.194.188.105,,,45734,443,0,37,17
1588616972.5882275,173.194.188.105,10.10.0.10,,,443,45734,0,1358,17
1588616972.592078,173.194.188.105,10.10.0.10,,,443,45734,0,1358,17
1588616972.593603,10.10.0.10,173.194.188.105,,,45734,443,0,37,17
1588616972.5959342,173.194.188.105,10.10.0.10,,,443,45734,0,1358,17
1588616972.5998461,173.194.188.105,10.10.0.10,,,443,45734,0,1358,17
1588616972.601725,10.10.0.10,173.194.188.105,,,45734,443,0,50,17
1588616972.603689,173.194.188.105,10.10.0.10,,,443,45734,0,1358,17
1588616972.60757,173.194.188.105,10.10.0.10,,,443,45734,0,1358,17
1588616972.609519,10.10.0.10,173.194.188.105,,,45734,443,0,37,17
1588616972.6114314,173.194.188.105,10.10.0.10,,,443,45734,0,1358,17
1588616972.6152358,173.194.188.105,10.10.0.10,,,443,45734,0,1358,17
1588616972.616771,10.10.0.10,173.194.188.105,,,45734,443,0,37,17
1588616972.619097,173.194.188.105,10.10.0.10,,,443,45734,0,1358,17
1588616972.623016,173.194.188.105,10.10.0.10,,,443,45734,0,1358,17
1588616972.6250205,10.10.0.10,173.194.188.105,,,45734,443,0,37,17
1588616972.6268828,173.194.188.105,10.10.0.10,,,443,45734,0,1358,17
1588616972.6307151,173.194.188.105,10.10.0.10,,,443,45734,0,1358,17
1588616972.632472,10.10.0.10,173.194.188.105,,,45734,443,0,37,17
1588616972.634582,173.194.188.105,10.10.0.10,,,443,45734,0,1358,17
1588616972.638476,173.194.188.105,10.10.0.10,,,443,45734,0,1358,17
1588616972.640161,10.10.0.10,173.194.188.105,,,45734,443,0,37,17
1588616972.642299,173.194.188.105,10.10.0.10,,,443,45734,0,1358,17
1588616972.6461349,173.194.188.105,10.10.0.10,,,443,45734,0,1358,17
1588616972.649991,173.194.188.105,10.10.0.10,,,443,45734,0,1358,17
1588616972.6538525,173.194.188.105,10.10.0.10,,,443,45734,0,1358,17
1588616972.657745,173.194.188.105,10.10.0.10,,,443,45734,0,1358,17
1588616972.6616359,173.194.188.105,10.10.0.10,,,443,45734,0,1358,17
1588616972.6654658,173.194.188.105,10.10.0.10,,,443,45734,0,1358,17
1588616972.669358,173.194.188.105,10.10.0.10,,,443,45734,0,1358,17
1588616972.67322,173.194.188.105,10.10.0.10,,,443,45734,0,1358,17
1588616972.6770804,173.194.188.105,10.10.0.10,,,443,45734,0,1358,17
1588616972.680918,173.194.188.105,10.10.0.10,,,443,45734,0,1358,17
1588616972.684808,173.194.188.105,10.10.0.10,,,443,45734,0,1358,17
1588616972.6886039,173.194.188.105,10.10.0.10,,,443,45734,0,1358,17
1588616972.6925302,173.194.188.105,10.10.0.10,,,443,45734,0,1358,17
1588616972.696352,173.194.188.105,10.10.0.10,,,443,45734,0,1358,17
1588616972.700253,173.194.188.105,10.10.0.10,,,443,45734,0,1358,17
1588616972.7041152,173.194.188.105,10.10.0.10,,,443,45734,0,1358,17
1588616972.7079751,173.194.188.105,10.10.0.10,,,443,45734,0,1358,17
1588616972.7118454,173.194.188.105,10.10.0.10,,,443,45734,0,1358,17
1588616972.715703,173.194.188.105,10.10.0.10,,,443,45734,0,1358,17
1588616972.7195652,173.194.188.105,10.10.0.10,,,443,45734,0,1358,17
1588616972.723422,173.194.188.105,10.10.0.10,,,443,45734,0,1358,17
1588616972.72727,173.194.188.105,10.10.0.10,,,443,45734,0,1358,17
1588616972.728026,10.10.0.10,173.194.188.105,,,45734,443,0,37,17
1588616972.7291331,10.10.0.10,173.194.188.105,,,45734,443,0,37,17
1588616972.731143,173.194.188.105,10.10.0.10,,,443,45734,0,1358,17
1588616972.732775,10.10.0.10,173.194.188.105,,,45734,443,0,37,17
1588616972.733377,10.10.0.10,173.194.188.105,,,45734,443,0,37,17
1588616972.734858,10.10.0.10,173.194.188.105,,,45734,443,0,37,17
1588616972.7350018,173.194.188.105,10.10.0.10,,,443,45734,0,1358,17
1588616972.736294,10.10.0.10,173.194.188.105,,,45734,443,0,37,17
1588616972.738013,10.10.0.10,173.194.188.105,,,45734,443,0,37,17
1588616972.7386534,10.10.0.10,173.194.188.105,,,45734,443,0,37,17
1588616972.7388,173.194.188.105,10.10.0.10,,,443,45734,0,1358,17
1588616972.741526,10.10.0.10,173.194.188.105,,,45734,443,0,37,17
1588616972.741569,10.10.0.10,173.194.188.105,,,45734,443,0,37,17
1588616972.742118,10.10.0.10,173.194.188.105,,,45734,443,0,37,17
1588616972.7426946,173.194.188.105,10.10.0.10,,,443,45734,0,1358,17
1588616972.7446704,10.10.0.10,173.194.188.105,,,45734,443,0,37,17
1588616972.744847,10.10.0.10,173.194.188.105,,,45734,443,0,37,17
1588616972.746591,173.194.188.105,10.10.0.10,,,443,45734,0,1358,17
1588616972.74798,10.10.0.10,173.194.188.105,,,45734,443,0,37,17
1588616972.75045,173.194.188.105,10.10.0.10,,,443,45734,0,1358,17
1588616972.7543118,173.194.188.105,10.10.0.10,,,443,45734,0,1358,17
1588616972.756023,10.10.0.10,173.194.188.105,,,45734,443,0,50,17
1588616972.7581742,173.194.188.105,10.10.0.10,,,443,45734,0,1358,17
1588616972.761966,173.194.188.105,10.10.0.10,,,443,45734,0,1358,17
1588616972.7634768,10.10.0.10,173.194.188.105,,,45734,443,0,37,17
1588616972.7658696,173.194.188.105,10.10.0.10,,,443,45734,0,1358,17
1588616972.769757,173.194.188.105,10.10.0.10,,,443,45734,0,1358,17
1588616972.771278,10.10.0.10,173.194.188.105,,,45734,443,0,37,17
1588616972.773617,173.194.188.105,10.10.0.10,,,443,45734,0,1358,17
1588616972.777446,173.194.188.105,10.10.0.10,,,443,45734,0,1358,17
1588616972.780096,10.10.0.10,173.194.188.105,,,45734,443,0,37,17
1588616972.781341,173.194.188.105,10.10.0.10,,,443,45734,0,1358,17
1588616972.785204,173.194.188.105,10.10.0.10,,,443,45734,0,29,17
1588616972.7853036,173.194.188.105,10.10.0.10,,,443,45734,0,1358,17
1588616972.7867641,10.10.0.10,173.194.188.105,,,45734,443,0,37,17
1588616972.789215,173.194.188.105,10.10.0.10,,,443,45734,0,1358,17
1588616972.7931,173.194.188.105,10.10.0.10,,,443,45734,0,1358,17
1588616972.7946649,10.10.0.10,173.194.188.105,,,45734,443,0,37,17
1588616972.796962,173.194.188.105,10.10.0.10,,,443,45734,0,1358,17
1588616972.800835,173.194.188.105,10.10.0.10,,,443,45734,0,1358,17
1588616972.8046849,173.194.188.105,10.10.0.10,,,443,45734,0,1358,17
1588616972.8085182,173.194.188.105,10.10.0.10,,,443,45734,0,1358,17
1588616972.8123708,173.194.188.105,10.10.0.10,,,443,45734,0,1358,17
1588616972.8162682,173.194.188.105,10.10.0.10,,,443,45734,0,1358,17
1588616972.820129,173.194.188.105,10.10.0.10,,,443,45734,0,1358,17
1588616972.823992,173.194.188.105,10.10.0.10,,,443,45734,0,1358,17
1588616972.8278508,173.194.188.105,10.10.0.10,,,443,45734,0,1358,17
1588616972.8291464,10.10.0.10,173.194.188.105,,,45734,443,0,37,17
1588616972.83168,173.194.188.105,10.10.0.10,,,443,45734,0,1358,17
1588616972.835542,173.194.188.105,10.10.0.10,,,443,45734,0,1358,17
1588616972.839436,173.194.188.105,10.10.0.10,,,443,45734,0,1358,17
1588616972.843296,173.194.188.105,10.10.0.10,,,443,45734,0,1358,17
1588616972.8436186,10.10.0.10,173.194.188.105,,,45734,443,0,37,17
1588616972.8450682,10.10.0.10,173.194.188.105,,,45734,443,0,37,17
1588616972.8471339,173.194.188.105,10.10.0.10,,,443,45734,0,1358,17
1588616972.8485892,10.10.0.10,173.194.188.105,,,45734,443,0,37,17
1588616972.848633,10.10.0.10,173.194.188.105,,,45734,443,0,37,17
1588616972.848663,10.10.0.10,173.194.188.105,,,45734,443,0,37,17
1588616972.849876,10.10.0.10,173.194.188.105,,,45734,443,0,37,17
1588616972.851023,173.194.188.105,10.10.0.10,,,443,45734,0,1358,17
1588616972.85488,173.194.188.105,10.10.0.10,,,443,45734,0,1358,17
1588616972.856562,10.10.0.10,173.194.188.105,,,45734,443,0,37,17
1588616972.85871,173.194.188.105,10.10.0.10,,,443,45734,0,1358,17
1588616972.8625786,173.194.188.105,10.10.0.10,,,443,45734,0,1358,17
1588616972.8641028,10.10.0.10,173.194.188.105,,,45734,443,0,37,17
1588616972.8664658,173.194.188.105,10.10.0.10,,,443,45734,0,1358,17
1588616972.870329,173.194.188.105,10.10.0.10,,,443,45734,0,1358,17
1588616972.8719099,10.10.0.10,173.194.188.105,,,45734,443,0,37,17
1588616972.8741894,173.194.188.105,10.10.0.10,,,443,45734,0,1358,17
1588616972.8780534,173.194.188.105,10.10.0.10,,,443,45734,0,1358,17
1588616972.879838,10.10.0.10,173.194.188.105,,,45734,443,0,37,17
1588616972.8818774,173.194.188.105,10.10.0.10,,,443,45734,0,1358,17
1588616972.8857412,173.194.188.105,10.10.0.10,,,443,45734,0,1358,17
1588616972.8873158,10.10.0.10,173.194.188.105,,,45734,443,0,37,17
1588616972.8896382,173.194.188.105,10.10.0.10,,,443,45734,0,1358,17
1588616972.8934991,173.194.188.105,10.10.0.10,,,443,45734,0,1358,17
1588616972.895344,10.10.0.10,173.194.188.105,,,45734,443,0,37,17
1588616972.897361,173.194.188.105,10.10.0.10,,,443,45734,0,1358,17
1588616972.901222,173.194.188.105,10.10.0.10,,,443,45734,0,1358,17
1588616972.902818,10.10.0.10,173.194.188.105,,,45734,443,0,37,17
1588616972.905058,173.194.188.105,10.10.0.10,,,443,45734,0,1358,17
1588616972.908908,173.194.188.105,10.10.0.10,,,443,45734,0,1358,17
1588616972.911314,10.10.0.10,173.194.188.105,,,45734,443,0,50,17
1588616972.912806,173.194.188.105,10.10.0.10,,,443,45734,0,1358,17
1588616972.9166682,173.194.188.105,10.10.0.10,,,443,45734,0,1358,17
1588616972.9193714,10.10.0.10,173.194.188.105,,,45734,443,0,37,17
1588616972.9205024,173.194.188.105,10.10.0.10,,,443,45734,0,1358,17
1588616972.92439,173.194.188.105,10.10.0.10,,,443,45734,0,1358,17
1588616972.926385,10.10.0.10,173.194.188.105,,,45734,443,0,37,17
1588616972.928217,173.194.188.105,10.10.0.10,,,443,45734,0,1358,17
1588616972.9320762,173.194.188.105,10.10.0.10,,,443,45734,0,1358,17
1588616972.9337358,10.10.0.10,173.194.188.105,,,45734,443,0,37,17
1588616972.9359715,173.194.188.105,10.10.0.10,,,443,45734,0,1358,17
1588616972.9398365,173.194.188.105,10.10.0.10,,,443,45734,0,1358,17
1588616972.9430704,10.10.0.10,173.194.188.105,,,45734,443,0,37,17
1588616972.9436605,173.194.188.105,10.10.0.10,,,443,45734,0,1358,17
1588616972.9475572,173.194.188.105,10.10.0.10,,,443,45734,0,1358,17
1588616972.949255,10.10.0.10,173.194.188.105,,,45734,443,0,37,17
1588616972.951418,173.194.188.105,10.10.0.10,,,443,45734,0,1358,17
1588616972.95521,173.194.188.105,10.10.0.10,,,443,45734,0,1358,17
1588616972.9583206,10.10.0.10,173.194.188.105,,,45734,443,0,37,17
1588616972.9591012,173.194.188.105,10.10.0.10,,,443,45734,0,1358,17
1588616972.963003,173.194.188.105,10.10.0.10,,,443,45734,0,1358,17
1588616972.966867,173.194.188.105,10.10.0.10,,,443,45734,0,1358,17
1588616972.97069,173.194.188.105,10.10.0.10,,,443,45734,0,1358,17
1588616972.974592,173.194.188.105,10.10.0.10,,,443,45734,0,1358,17
1588616972.976744,10.10.0.10,173.194.188.105,,,45734,443,0,37,17
1588616972.976798,10.10.0.10,173.194.188.105,,,45734,443,0,37,17
1588616972.978466,173.194.188.105,10.10.0.10,,,443,45734,0,1358,17
1588616972.9801528,10.10.0.10,173.194.188.105,,,45734,443,0,37,17
1588616972.98224,173.194.188.105,10.10.0.10,,,443,45734,0,1358,17
1588616972.986174,173.194.188.105,10.10.0.10,,,443,45734,0,1358,17
1588616972.987822,10.10.0.10,173.194.188.105,,,45734,443,0,37,17
1588616972.9900358,173.194.188.105,10.10.0.10,,,443,45734,0,1358,17
1588616972.9938982,173.194.188.105,10.10.0.10,,,443,45734,0,1358,17
1588616972.9955502,10.10.0.10,173.194.188.105,,,45734,443,0,37,17
1588616972.9977589,173.194.188.105,10.10.0.10,,,443,45734,0,1358,17
1588616973.0015645,173.194.188.105,10.10.0.10,,,443,45734,0,1358,17
1588616973.0033052,10.10.0.10,173.194.188.105,,,45734,443,0,37,17
1588616973.0054429,173.194.188.105,10.10.0.10,,,443,45734,0,1358,17
1588616973.0093422,173.194.188.105,10.10.0.10,,,443,45734,0,1358,17
1588616973.0131662,173.194.188.105,10.10.0.10,,,443,45734,0,1358,17
1588616973.0136929,10.10.0.10,173.194.188.105,,,45734,443,0,37,17
1588616973.017065,173.194.188.105,10.10.0.10,,,443,45734,0,1358,17
1588616973.01863,10.10.0.10,173.194.188.105,,,45734,443,0,37,17
1588616973.020927,173.194.188.105,10.10.0.10,,,443,45734,0,1358,17
1588616973.0247881,173.194.188.105,10.10.0.10,,,443,45734,0,1358,17
1588616973.0270364,10.10.0.10,173.194.188.105,,,45734,443,0,37,17
1588616973.0285778,173.194.188.105,10.10.0.10,,,443,45734,0,1358,17
1588616973.032486,173.194.188.105,10.10.0.10,,,443,45734,0,1358,17
1588616973.0340762,10.10.0.10,173.194.188.105,,,45734,443,0,37,17
1588616973.0363731,173.194.188.105,10.10.0.10,,,443,45734,0,1358,17
1588616973.040195,173.194.188.105,10.10.0.10,,,443,45734,0,1358,17
1588616973.0419238,10.10.0.10,173.194.188.105,,,45734,443,0,37,17
1588616973.0440938,173.194.188.105,10.10.0.10,,,443,45734,0,1358,17
1588616973.0479548,173.194.188.105,10.10.0.10,,,443,45734,0,1358,17
1588616973.0515149,10.10.0.10,173.194.188.105,,,45734,443,0,37,17
1588616973.051745,173.194.188.105,10.10.0.10,,,443,45734,0,1358,17
1588616973.055641,173.194.188.105,10.10.0.10,,,443,45734,0,1358,17
1588616973.058223,10.10.0.10,173.194.188.105,,,45734,443,0,37,17
1588616973.0595398,173.194.188.105,10.10.0.10,,,443,45734,0,1358,17
1588616973.063374,173.194.188.105,10.10.0.10,,,443,45734,0,1358,17
1588616973.064816,10.10.0.10,173.194.188.105,,,45734,443,0,50,17
1588616973.0672624,173.194.188.105,10.10.0.10,,,443,45734,0,1358,17
1588616973.0711231,173.194.188.105,10.10.0.10,,,443,45734,0,1358,17
1588616973.072798,10.10.0.10,173.194.188.105,,,45734,443,0,37,17
1588616973.074984,173.194.188.105,10.10.0.10,,,443,45734,0,1358,17
1588616973.078808,173.194.188.105,10.10.0.10,,,443,45734,0,1358,17
1588616973.0805638,10.10.0.10,173.194.188.105,,,45734,443,0,37,17
1588616973.082707,173.194.188.105,10.10.0.10,,,443,45734,0,1358,17
1588616973.0865688,173.194.188.105,10.10.0.10,,,443,45734,0,1358,17
1588616973.0882368,10.10.0.10,173.194.188.105,,,45734,443,0,37,17
1588616973.09043,173.194.188.105,10.10.0.10,,,443,45734,0,1358,17
1588616973.09429,173.194.188.105,10.10.0.10,,,443,45734,0,1358,17
1588616973.096094,10.10.0.10,173.194.188.105,,,45734,443,0,37,17
1588616973.098152,173.194.188.105,10.10.0.10,,,443,45734,0,1358,17
1588616973.101941,173.194.188.105,10.10.0.10,,,443,45734,0,1358,17
1588616973.103568,10.10.0.10,173.194.188.105,,,45734,443,0,37,17
1588616973.10585,173.194.188.105,10.10.0.10,,,443,45734,0,1358,17
1588616973.109736,173.194.188.105,10.10.0.10,,,443,45734,0,1358,17
1588616973.112421,10.10.0.10,173.194.188.105,,,45734,443,0,37,17
1588616973.113598,173.194.188.105,10.10.0.10,,,443,45734,0,1358,17
1588616973.117471,173.194.188.105,10.10.0.10,,,443,45734,0,1358,17
1588616973.1191342,10.10.0.10,173.194.188.105,,,45734,443,0,37,17
1588616973.121705,173.194.188.105,10.10.0.10,,,443,45734,0,1358,17
1588616973.1256099,173.194.188.105,10.10.0.10,,,443,45734,0,1358,17
1588616973.127207,10.10.0.10,173.194.188.105,,,45734,443,0,37,17
1588616973.1295092,173.194.188.105,10.10.0.10,,,443,45734,0,1358,17
1588616973.13337,173.194.188.105,10.10.0.10,,,443,45734,0,1358,17
1588616973.134982,10.10.0.10,173.194.188.105,,,45734,443,0,37,17
1588616973.137232,173.194.188.105,10.10.0.10,,,443,45734,0,1358,17
1588616973.141094,173.194.188.105,10.10.0.10,,,443,45734,0,1358,17
1588616973.14322,10.10.0.10,173.194.188.105,,,45734,443,0,37,17
1588616973.144953,173.194.188.105,10.10.0.10,,,443,45734,0,1358,17
1588616973.148778,173.194.188.105,10.10.0.10,,,443,45734,0,1358,17
1588616973.1504312,10.10.0.10,173.194.188.105,,,45734,443,0,37,17
1588616973.152677,173.194.188.105,10.10.0.10,,,443,45734,0,1358,17
1588616973.156538,173.194.188.105,10.10.0.10,,,443,45734,0,1358,17
1588616973.1582198,10.10.0.10,173.194.188.105,,,45734,443,0,37,17
1588616973.1604,173.194.188.105,10.10.0.10,,,443,45734,0,1358,17
1588616973.16426,173.194.188.105,10.10.0.10,,,443,45734,0,1358,17
1588616973.1658852,10.10.0.10,173.194.188.105,,,45734,443,0,37,17
1588616973.1681206,173.194.188.105,10.10.0.10,,,443,45734,0,1358,17
1588616973.171911,173.194.188.105,10.10.0.10,,,443,45734,0,1358,17
1588616973.1737,10.10.0.10,173.194.188.105,,,45734,443,0,37,17
1588616973.1758199,173.194.188.105,10.10.0.10,,,443,45734,0,1358,17
1588616973.1797054,173.194.188.105,10.10.0.10,,,443,45734,0,1358,17
1588616973.181362,10.10.0.10,173.194.188.105,,,45734,443,0,37,17
1588616973.183568,173.194.188.105,10.10.0.10,,,443,45734,0,1358,17
1588616973.1874278,173.194.188.105,10.10.0.10,,,443,45734,0,1358,17
1588616973.1890721,10.10.0.10,173.194.188.105,,,45734,443,0,37,17
1588616973.191289,173.194.188.105,10.10.0.10,,,443,45734,0,1358,17
1588616973.1951618,173.194.188.105,10.10.0.10,,,443,45734,0,1358,17
1588616973.1989741,173.194.188.105,10.10.0.10,,,443,45734,0,1358,17
1588616973.1993196,10.10.0.10,173.194.188.105,,,45734,443,0,37,17
1588616973.2028642,173.194.188.105,10.10.0.10,,,443,45734,0,1358,17
1588616973.204375,10.10.0.10,173.194.188.105,,,45734,443,0,37,17
1588616973.206724,173.194.188.105,10.10.0.10,,,443,45734,0,1358,17
1588616973.2105858,173.194.188.105,10.10.0.10,,,443,45734,0,1358,17
1588616973.214447,173.194.188.105,10.10.0.10,,,443,45734,0,1358,17
1588616973.2183068,173.194.188.105,10.10.0.10,,,443,45734,0,1358,17
1588616973.2221286,173.194.188.105,10.10.0.10,,,443,45734,0,1358,17
1588616973.226031,173.194.188.105,10.10.0.10,,,443,45734,0,1358,17
1588616973.2298946,173.194.188.105,10.10.0.10,,,443,45734,0,1358,17
1588616973.233754,173.194.188.105,10.10.0.10,,,443,45734,0,1358,17
1588616973.237615,173.194.188.105,10.10.0.10,,,443,45734,0,1358,17
1588616973.241482,173.194.188.105,10.10.0.10,,,443,45734,0,1358,17
1588616973.2453089,173.194.188.105,10.10.0.10,,,443,45734,0,1358,17
1588616973.249203,173.194.188.105,10.10.0.10,,,443,45734,0,1358,17
1588616973.2530372,173.194.188.105,10.10.0.10,,,443,45734,0,1358,17
1588616973.256927,173.194.188.105,10.10.0.10,,,443,45734,0,1358,17
1588616973.260784,173.194.188.105,10.10.0.10,,,443,45734,0,1358,17
1588616973.264616,173.194.188.105,10.10.0.10,,,443,45734,0,1358,17
1588616973.26848,173.194.188.105,10.10.0.10,,,443,45734,0,1358,17
1588616973.272366,173.194.188.105,10.10.0.10,,,443,45734,0,1358,17
1588616973.27623,173.194.188.105,10.10.0.10,,,443,45734,0,1358,17
1588616973.2800946,173.194.188.105,10.10.0.10,,,443,45734,0,1358,17
1588616973.283952,173.194.188.105,10.10.0.10,,,443,45734,0,1358,17
1588616973.2878141,173.194.188.105,10.10.0.10,,,443,45734,0,1358,17
1588616973.2916784,173.194.188.105,10.10.0.10,,,443,45734,0,1358,17
1588616973.295506,173.194.188.105,10.10.0.10,,,443,45734,0,1358,17
1588616973.299401,173.194.188.105,10.10.0.10,,,443,45734,0,1358,17
1588616973.303256,173.194.188.105,10.10.0.10,,,443,45734,0,1358,17
1588616973.354802,10.10.0.10,173.194.188.105,,,45734,443,0,37,17
1588616973.356908,10.10.0.10,173.194.188.105,,,45734,443,0,50,17
1588616973.35805,10.10.0.10,173.194.188.105,,,45734,443,0,37,17
1588616973.359008,10.10.0.10,173.194.188.105,,,45734,443,0,37,17
1588616973.359232,173.194.188.105,10.10.0.10,,,443,45734,0,1358,17
1588616973.359284,173.194.188.105,10.10.0.10,,,443,45734,0,1358,17
1588616973.361635,10.10.0.10,173.194.188.105,,,45734,443,0,37,17
1588616973.3621712,10.10.0.10,173.194.188.105,,,45734,443,0,37,17
1588616973.3625276,173.194.188.105,10.10.0.10,,,443,45734,0,29,17
1588616973.3674722,173.194.188.105,10.10.0.10,,,443,45734,0,1358,17
1588616973.367516,173.194.188.105,10.10.0.10,,,443,45734,0,1358,17
1588616973.3688624,10.10.0.10,173.194.188.105,,,45734,443,0,37,17
1588616973.368903,10.10.0.10,173.194.188.105,,,45734,443,0,37,17
1588616973.3702939,10.10.0.10,173.194.188.105,,,45734,443,0,37,17
1588616973.370913,10.10.0.10,173.194.188.105,,,45734,443,0,37,17
1588616973.372928,10.10.0.10,173.194.188.105,,,45734,443,0,37,17
1588616973.373128,10.10.0.10,173.194.188.105,,,45734,443,0,37,17
1588616973.373473,173.194.188.105,10.10.0.10,,,443,45734,0,1358,17
1588616973.3746777,173.194.188.105,10.10.0.10,,,443,45734,0,1358,17
1588616973.375218,10.10.0.10,173.194.188.105,,,45734,443,0,37,17
1588616973.375886,10.10.0.10,173.194.188.105,,,45734,443,0,37,17
1588616973.378415,10.10.0.10,173.194.188.105,,,45734,443,0,37,17
1588616973.3785222,10.10.0.10,173.194.188.105,,,45734,443,0,37,17
1588616973.38036,173.194.188.105,10.10.0.10,,,443,45734,0,1358,17
1588616973.3824134,173.194.188.105,10.10.0.10,,,443,45734,0,1358,17
1588616973.383937,10.10.0.10,173.194.188.105,,,45734,443,0,37,17
1588616973.386282,173.194.188.105,10.10.0.10,,,443,45734,0,1358,17
1588616973.390135,173.194.188.105,10.10.0.10,,,443,45734,0,1358,17
1588616973.391835,10.10.0.10,173.194.188.105,,,45734,443,0,37,17
1588616973.393999,173.194.188.105,10.10.0.10,,,443,45734,0,1358,17
1588616973.3978589,173.194.188.105,10.10.0.10,,,443,45734,0,1358,17
1588616973.399457,10.10.0.10,173.194.188.105,,,45734,443,0,37,17
1588616973.4017198,173.194.188.105,10.10.0.10,,,443,45734,0,1358,17
1588616973.4055262,173.194.188.105,10.10.0.10,,,443,45734,0,1358,17
1588616973.407167,10.10.0.10,173.194.188.105,,,45734,443,0,37,17
1588616973.409443,173.194.188.105,10.10.0.10,,,443,45734,0,1358,17
1588616973.413305,173.194.188.105,10.10.0.10,,,443,45734,0,1358,17
1588616973.414823,10.10.0.10,173.194.188.105,,,45734,443,0,37,17
1588616973.417166,173.194.188.105,10.10.0.10,,,443,45734,0,1358,17
1588616973.421028,173.194.188.105,10.10.0.10,,,443,45734,0,1358,17
1588616973.4227278,10.10.0.10,173.194.188.105,,,45734,443,0,50,17
1588616973.4248614,173.194.188.105,10.10.0.10,,,443,45734,0,1358,17
1588616973.4286852,173.194.188.105,10.10.0.10,,,443,45734,0,1358,17
1588616973.431332,10.10.0.10,173.194.188.105,,,45734,443,0,37,17
1588616973.432611,173.194.188.105,10.10.0.10,,,443,45734,0,1358,17
1588616973.436449,173.194.188.105,10.10.0.10,,,443,45734,0,1358,17
1588616973.437973,10.10.0.10,173.194.188.105,,,45734,443,0,37,17
1588616973.440334,173.194.188.105,10.10.0.10,,,443,45734,0,1358,17
1588616973.4441955,173.194.188.105,10.10.0.10,,,443,45734,0,1358,17
1588616973.445891,10.10.0.10,173.194.188.105,,,45734,443,0,37,17
1588616973.448027,173.194.188.105,10.10.0.10,,,443,45734,0,29,17
1588616973.448161,173.194.188.105,10.10.0.10,,,443,45734,0,1358,17
1588616973.4520519,173.194.188.105,10.10.0.10,,,443,45734,0,1358,17
1588616973.4537961,10.10.0.10,173.194.188.105,,,45734,443,0,37,17
1588616973.4559536,173.194.188.105,10.10.0.10,,,443,45734,0,1358,17
1588616973.459815,173.194.188.105,10.10.0.10,,,443,45734,0,1358,17
1588616973.4616284,10.10.0.10,173.194.188.105,,,45734,443,0,37,17
1588616973.4636762,173.194.188.105,10.10.0.10,,,443,45734,0,1358,17
1588616973.467538,173.194.188.105,10.10.0.10,,,443,45734,0,1358,17
1588616973.469248,10.10.0.10,173.194.188.105,,,45734,443,0,37,17
1588616973.471358,173.194.188.105,10.10.0.10,,,443,45734,0,1358,17
1588616973.4752061,173.194.188.105,10.10.0.10,,,443,45734,0,1358,17
1588616973.4769638,10.10.0.10,173.194.188.105,,,45734,443,0,37,17
1588616973.479093,173.194.188.105,10.10.0.10,,,443,45734,0,1358,17
1588616973.482983,173.194.188.105,10.10.0.10,,,443,45734,0,1358,17
1588616973.4847732,10.10.0.10,173.194.188.105,,,45734,443,0,37,17
1588616973.486845,173.194.188.105,10.10.0.10,,,443,45734,0,1358,17
1588616973.490707,173.194.188.105,10.10.0.10,,,443,45734,0,1358,17
1588616973.4924188,10.10.0.10,173.194.188.105,,,45734,443,0,37,17
1588616973.4945672,173.194.188.105,10.10.0.10,,,443,45734,0,1358,17
1588616973.498427,173.194.188.105,10.10.0.10,,,443,45734,0,1358,17
1588616973.500225,10.10.0.10,173.194.188.105,,,45734,443,0,37,17
1588616973.502248,173.194.188.105,10.10.0.10,,,443,45734,0,1358,17
1588616973.50615,173.194.188.105,10.10.0.10,,,443,45734,0,1358,17
1588616973.508325,10.10.0.10,173.194.188.105,,,45734,443,0,37,17
1588616973.510011,173.194.188.105,10.10.0.10,,,443,45734,0,1358,17
1588616973.5138724,173.194.188.105,10.10.0.10,,,443,45734,0,1358,17
1588616973.515586,10.10.0.10,173.194.188.105,,,45734,443,0,37,17
1588616973.517733,173.194.188.105,10.10.0.10,,,443,45734,0,1358,17
1588616973.521574,173.194.188.105,10.10.0.10,,,443,45734,0,1358,17
1588616973.523399,10.10.0.10,173.194.188.105,,,45734,443,0,37,17
1588616973.525408,173.194.188.105,10.10.0.10,,,443,45734,0,1358,17
1588616973.5292692,173.194.188.105,10.10.0.10,,,443,45734,0,1358,17
1588616973.5309026,10.10.0.10,173.194.188.105,,,45734,443,0,37,17
1588616973.5331259,173.194.188.105,10.10.0.10,,,443,45734,0,1358,17
1588616973.5369892,173.194.188.105,10.10.0.10,,,443,45734,0,1358,17
1588616973.5385172,10.10.0.10,173.194.188.105,,,45734,443,0,37,17
1588616973.540835,173.194.188.105,10.10.0.10,,,443,45734,0,1358,17
1588616973.5446932,173.194.188.105,10.10.0.10,,,443,45734,0,1358,17
1588616973.546303,10.10.0.10,173.194.188.105,,,45734,443,0,37,17
1588616973.548553,173.194.188.105,10.10.0.10,,,443,45734,0,1358,17
1588616973.5524108,173.194.188.105,10.10.0.10,,,443,45734,0,1358,17
1588616973.554704,10.10.0.10,173.194.188.105,,,45734,443,0,37,17
1588616973.5562758,173.194.188.105,10.10.0.10,,,443,45734,0,1358,17
1588616973.560168,173.194.188.105,10.10.0.10,,,443,45734,0,1358,17
1588616973.5617352,10.10.0.10,173.194.188.105,,,45734,443,0,37,17
1588616973.5640268,173.194.188.105,10.10.0.10,,,443,45734,0,1358,17
1588616973.5678918,173.194.188.105,10.10.0.10,,,443,45734,0,1358,17
1588616973.5699232,10.10.0.10,173.194.188.105,,,45734,443,0,37,17
1588616973.5717778,173.194.188.105,10.10.0.10,,,443,45734,0,1358,17
1588616973.5756118,173.194.188.105,10.10.0.10,,,443,45734,0,1358,17
1588616973.5772612,10.10.0.10,173.194.188.105,,,45734,443,0,50,17
1588616973.5795019,173.194.188.105,10.10.0.10,,,443,45734,0,1358,17
1588616973.5833619,173.194.188.105,10.10.0.10,,,443,45734,0,1358,17
1588616973.587224,173.194.188.105,10.10.0.10,,,443,45734,0,1358,17
1588616973.588722,10.10.0.10,173.194.188.105,,,45734,443,0,37,17
1588616973.5910828,173.194.188.105,10.10.0.10,,,443,45734,0,1358,17
1588616973.5949302,173.194.188.105,10.10.0.10,,,443,45734,0,1358,17
1588616973.595364,10.10.0.10,173.194.188.105,,,45734,443,0,37,17
1588616973.598753,173.194.188.105,10.10.0.10,,,443,45734,0,1358,17
1588616973.6001706,10.10.0.10,173.194.188.105,,,45734,443,0,37,17
1588616973.60265,173.194.188.105,10.10.0.10,,,443,45734,0,1358,17
1588616973.606506,173.194.188.105,10.10.0.10,,,443,45734,0,1358,17
1588616973.608103,10.10.0.10,173.194.188.105,,,45734,443,0,37,17
1588616973.6103768,173.194.188.105,10.10.0.10,,,443,45734,0,1358,17
1588616973.614225,173.194.188.105,10.10.0.10,,,443,45734,0,1358,17
1588616973.6157582,10.10.0.10,173.194.188.105,,,45734,443,0,37,17
1588616973.618117,173.194.188.105,10.10.0.10,,,443,45734,0,1358,17
1588616973.6219199,173.194.188.105,10.10.0.10,,,443,45734,0,1358,17
1588616973.6248848,10.10.0.10,173.194.188.105,,,45734,443,0,37,17
1588616973.625813,173.194.188.105,10.10.0.10,,,443,45734,0,1358,17
1588616973.629677,173.194.188.105,10.10.0.10,,,443,45734,0,1358,17
1588616973.631177,10.10.0.10,173.194.188.105,,,45734,443,0,37,17
1588616973.633504,173.194.188.105,10.10.0.10,,,443,45734,0,1358,17
1588616973.6374009,173.194.188.105,10.10.0.10,,,443,45734,0,1358,17
1588616973.639108,10.10.0.10,173.194.188.105,,,45734,443,0,37,17
1588616973.6412618,173.194.188.105,10.10.0.10,,,443,45734,0,1358,17
1588616973.645128,173.194.188.105,10.10.0.10,,,443,45734,0,1358,17
1588616973.646871,10.10.0.10,173.194.188.105,,,45734,443,0,37,17
1588616973.648981,173.194.188.105,10.10.0.10,,,443,45734,0,1358,17
1588616973.6528692,173.194.188.105,10.10.0.10,,,443,45734,0,1358,17
1588616973.654597,10.10.0.10,173.194.188.105,,,45734,443,0,37,17
1588616973.656733,173.194.188.105,10.10.0.10,,,443,45734,0,1358,17
1588616973.6605349,173.194.188.105,10.10.0.10,,,443,45734,0,1358,17
1588616973.662454,10.10.0.10,173.194.188.105,,,45734,443,0,37,17
1588616973.6643946,173.194.188.105,10.10.0.10,,,443,45734,0,1358,17
1588616973.6682868,173.194.188.105,10.10.0.10,,,443,45734,0,1358,17
1588616973.669965,10.10.0.10,173.194.188.105,,,45734,443,0,37,17
1588616973.6721468,173.194.188.105,10.10.0.10,,,443,45734,0,1358,17
1588616973.6760108,173.194.188.105,10.10.0.10,,,443,45734,0,1358,17
1588616973.678447,10.10.0.10,173.194.188.105,,,45734,443,0,37,17
1588616973.679898,173.194.188.105,10.10.0.10,,,443,45734,0,1358,17
1588616973.6837332,173.194.188.105,10.10.0.10,,,443,45734,0,1358,17
1588616973.6852748,10.10.0.10,173.194.188.105,,,45734,443,0,37,17
1588616973.687622,173.194.188.105,10.10.0.10,,,443,45734,0,1358,17
1588616973.6914828,173.194.188.105,10.10.0.10,,,443,45734,0,1358,17
1588616973.6935961,10.10.0.10,173.194.188.105,,,45734,443,0,37,17
1588616973.6952848,173.194.188.105,10.10.0.10,,,443,45734,0,1358,17
1588616973.699183,173.194.188.105,10.10.0.10,,,443,45734,0,1358,17
1588616973.7030668,173.194.188.105,10.10.0.10,,,443,45734,0,1358,17
1588616973.7047238,10.10.0.10,173.194.188.105,,,45734,443,0,37,17
1588616973.7069304,173.194.188.105,10.10.0.10,,,443,45734,0,1358,17
1588616973.708456,10.10.0.10,173.194.188.105,,,45734,443,0,37,17
1588616973.7107642,173.194.188.105,10.10.0.10,,,443,45734,0,1358,17
1588616973.714654,173.194.188.105,10.10.0.10,,,443,45734,0,1358,17
1588616973.716361,10.10.0.10,173.194.188.105,,,45734,443,0,37,17
1588616973.7185216,173.194.188.105,10.10.0.10,,,443,45734,0,1358,17
1588616973.72235,173.194.188.105,10.10.0.10,,,443,45734,0,1358,17
1588616973.723867,10.10.0.10,173.194.188.105,,,45734,443,0,37,17
1588616973.7262409,173.194.188.105,10.10.0.10,,,443,45734,0,1358,17
1588616973.730104,173.194.188.105,10.10.0.10,,,443,45734,0,1358,17
1588616973.7316296,10.10.0.10,173.194.188.105,,,45734,443,0,50,17
1588616973.7339642,173.194.188.105,10.10.0.10,,,443,45734,0,1358,17
1588616973.737781,173.194.188.105,10.10.0.10,,,443,45734,0,1358,17
1588616973.7393582,10.10.0.10,173.194.188.105,,,45734,443,0,37,17
1588616973.7416859,173.194.188.105,10.10.0.10,,,443,45734,0,1358,17
1588616973.745517,173.194.188.105,10.10.0.10,,,443,45734,0,1358,17
1588616973.7471552,10.10.0.10,173.194.188.105,,,45734,443,0,37,17
1588616973.749409,173.194.188.105,10.10.0.10,,,443,45734,0,1358,17
1588616973.753277,173.194.188.105,10.10.0.10,,,443,45734,0,1358,17
1588616973.754777,10.10.0.10,173.194.188.105,,,45734,443,0,37,17
1588616973.757133,173.194.188.105,10.10.0.10,,,443,45734,0,1358,17
1588616973.760993,173.194.188.105,10.10.0.10,,,443,45734,0,1358,17
1588616973.7626288,10.10.0.10,173.194.188.105,,,45734,443,0,37,17
1588616973.7648532,173.194.188.105,10.10.0.10,,,443,45734,0,1358,17
1588616973.7686524,173.194.188.105,10.10.0.10,,,443,45734,0,1358,17
1588616973.770257,10.10.0.10,173.194.188.105,,,45734,443,0,37,17
1588616973.772552,173.194.188.105,10.10.0.10,,,443,45734,0,1358,17
1588616973.776439,173.194.188.105,10.10.0.10,,,443,45734,0,1358,17
1588616973.778504,10.10.0.10,173.194.188.105,,,45734,443,0,37,17
1588616973.780299,173.194.188.105,10.10.0.10,,,443,45734,0,1358,17
1588616973.7841618,173.194.188.105,10.10.0.10,,,443,45734,0,1358,17
1588616973.785858,10.10.0.10,173.194.188.105,,,45734,443,0,37,17
1588616973.788021,173.194.188.105,10.10.0.10,,,443,45734,0,1358,17
1588616973.7918649,173.194.188.105,10.10.0.10,,,443,45734,0,1358,17
1588616973.793591,10.10.0.10,173.194.188.105,,,45734,443,0,37,17
1588616973.7957149,173.194.188.105,10.10.0.10,,,443,45734,0,1358,17
1588616973.799607,173.194.188.105,10.10.0.10,,,443,45734,0,1358,17
1588616973.8012722,10.10.0.10,173.194.188.105,,,45734,443,0,37,17
1588616973.8034694,173.194.188.105,10.10.0.10,,,443,45734,0,1358,17
1588616973.8073301,173.194.188.105,10.10.0.10,,,443,45734,0,1358,17
1588616973.809199,10.10.0.10,173.194.188.105,,,45734,443,0,37,17
1588616973.8111892,173.194.188.105,10.10.0.10,,,443,45734,0,1358,17
1588616973.8150532,173.194.188.105,10.10.0.10,,,443,45734,0,1358,17
1588616973.818862,173.194.188.105,10.10.0.10,,,443,45734,0,1358,17
1588616973.8198054,10.10.0.10,173.194.188.105,,,45734,443,0,37,17
1588616973.8227732,173.194.188.105,10.10.0.10,,,443,45734,0,1358,17
1588616973.824573,10.10.0.10,173.194.188.105,,,45734,443,0,37,17
1588616973.8266108,173.194.188.105,10.10.0.10,,,443,45734,0,1358,17
1588616973.830496,173.194.188.105,10.10.0.10,,,443,45734,0,1358,17
1588616973.832337,10.10.0.10,173.194.188.105,,,45734,443,0,37,17
1588616973.834357,173.194.188.105,10.10.0.10,,,443,45734,0,1358,17
1588616973.838219,173.194.188.105,10.10.0.10,,,443,45734,0,1358,17
1588616973.8414292,10.10.0.10,173.194.188.105,,,45734,443,0,37,17
1588616973.8420491,173.194.188.105,10.10.0.10,,,443,45734,0,1358,17
1588616973.845941,173.194.188.105,10.10.0.10,,,443,45734,0,1358,17
1588616973.847719,10.10.0.10,173.194.188.105,,,45734,443,0,37,17
1588616973.849803,173.194.188.105,10.10.0.10,,,443,45734,0,1358,17
1588616973.8536394,173.194.188.105,10.10.0.10,,,443,45734,0,1358,17
1588616973.855316,10.10.0.10,173.194.188.105,,,45734,443,0,37,17
1588616973.857525,173.194.188.105,10.10.0.10,,,443,45734,0,1358,17
1588616973.8613892,173.194.188.105,10.10.0.10,,,443,45734,0,1358,17
1588616973.863698,10.10.0.10,173.194.188.105,,,45734,443,0,37,17
1588616973.865185,173.194.188.105,10.10.0.10,,,443,45734,0,1358,17
1588616973.8690882,173.194.188.105,10.10.0.10,,,443,45734,0,1358,17
1588616973.870684,10.10.0.10,173.194.188.105,,,45734,443,0,37,17
1588616973.872976,173.194.188.105,10.10.0.10,,,443,45734,0,1358,17
1588616973.876837,173.194.188.105,10.10.0.10,,,443,45734,0,1358,17
1588616973.878829,10.10.0.10,173.194.188.105,,,45734,443,0,37,17
1588616973.880698,173.194.188.105,10.10.0.10,,,443,45734,0,1358,17
1588616973.8845592,173.194.188.105,10.10.0.10,,,443,45734,0,1358,17
1588616973.8866804,10.10.0.10,173.194.188.105,,,45734,443,0,50,17
1588616973.888422,173.194.188.105,10.10.0.10,,,443,45734,0,1358,17
1588616973.8922482,173.194.188.105,10.10.0.10,,,443,45734,0,1358,17
1588616973.8938918,10.10.0.10,173.194.188.105,,,45734,443,0,37,17
1588616973.8961446,173.194.188.105,10.10.0.10,,,443,45734,0,1358,17
1588616973.900005,173.194.188.105,10.10.0.10,,,443,45734,0,1358,17
1588616973.901728,10.10.0.10,173.194.188.105,,,45734,443,0,37,17
1588616973.9038658,173.194.188.105,10.10.0.10,,,443,45734,0,1358,17
1588616973.907729,173.194.188.105,10.10.0.10,,,443,45734,0,1358,17
1588616973.9098115,10.10.0.10,173.194.188.105,,,45734,443,0,37,17
1588616973.911591,173.194.188.105,10.10.0.10,,,443,45734,0,1358,17
1588616973.915416,173.194.188.105,10.10.0.10,,,443,45734,0,1358,17
1588616973.9169116,10.10.0.10,173.194.188.105,,,45734,443,0,37,17
1588616973.919311,173.194.188.105,10.10.0.10,,,443,45734,0,1358,17
1588616973.9231732,173.194.188.105,10.10.0.10,,,443,45734,0,1358,17
1588616973.924848,10.10.0.10,173.194.188.105,,,45734,443,0,37,17
1588616973.9270349,173.194.188.105,10.10.0.10,,,443,45734,0,1358,17
1588616973.930897,173.194.188.105,10.10.0.10,,,443,45734,0,1358,17
1588616973.932643,10.10.0.10,173.194.188.105,,,45734,443,0,37,17
1588616973.9347398,173.194.188.105,10.10.0.10,,,443,45734,0,1358,17
1588616973.9385526,173.194.188.105,10.10.0.10,,,443,45734,0,1358,17
1588616973.940302,10.10.0.10,173.194.188.105,,,45734,443,0,37,17
1588616973.942457,173.194.188.105,10.10.0.10,,,443,45734,0,1358,17
1588616973.946342,173.194.188.105,10.10.0.10,,,443,45734,0,1358,17
1588616973.947954,10.10.0.10,173.194.188.105,,,45734,443,0,37,17
1588616973.950202,173.194.188.105,10.10.0.10,,,443,45734,0,1358,17
1588616973.9540062,173.194.188.105,10.10.0.10,,,443,45734,0,1358,17
1588616973.955703,10.10.0.10,173.194.188.105,,,45734,443,0,37,17
1588616973.957925,173.194.188.105,10.10.0.10,,,443,45734,0,1358,17
1588616973.9617982,173.194.188.105,10.10.0.10,,,443,45734,0,1358,17
1588616973.963433,10.10.0.10,173.194.188.105,,,45734,443,0,37,17
1588616973.9656124,173.194.188.105,10.10.0.10,,,443,45734,0,1358,17
1588616973.969508,173.194.188.105,10.10.0.10,,,443,45734,0,1358,17
1588616973.971122,10.10.0.10,173.194.188.105,,,45734,443,0,37,17
1588616973.9733698,173.194.188.105,10.10.0.10,,,443,45734,0,1358,17
1588616973.97723,173.194.188.105,10.10.0.10,,,443,45734,0,1358,17
1588616973.978849,10.10.0.10,173.194.188.105,,,45734,443,0,37,17
1588616973.9810932,173.194.188.105,10.10.0.10,,,443,45734,0,1358,17
1588616973.984924,173.194.188.105,10.10.0.10,,,443,45734,0,1358,17
1588616973.9865189,10.10.0.10,173.194.188.105,,,45734,443,0,37,17
1588616973.988759,173.194.188.105,10.10.0.10,,,443,45734,0,1358,17
1588616973.992684,173.194.188.105,10.10.0.10,,,443,45734,0,1358,17
1588616973.9946694,10.10.0.10,173.194.188.105,,,45734,443,0,37,17
1588616973.9965448,173.194.188.105,10.10.0.10,,,443,45734,0,1358,17
1588616974.0003822,173.194.188.105,10.10.0.10,,,443,45734,0,1358,17
1588616974.002002,10.10.0.10,173.194.188.105,,,45734,443,0,37,17
1588616974.004267,173.194.188.105,10.10.0.10,,,443,45734,0,1358,17
1588616974.0081296,173.194.188.105,10.10.0.10,,,443,45734,0,1358,17
1588616974.0109231,10.10.0.10,173.194.188.105,,,45734,443,0,37,17
1588616974.011918,173.194.188.105,10.10.0.10,,,443,45734,0,1358,17
1588616974.015827,173.194.188.105,10.10.0.10,,,443,45734,0,1358,17
1588616974.0173798,10.10.0.10,173.194.188.105,,,45734,443,0,37,17
1588616974.0197172,173.194.188.105,10.10.0.10,,,443,45734,0,1358,17
1588616974.023576,173.194.188.105,10.10.0.10,,,443,45734,0,1358,17
1588616974.0251582,10.10.0.10,173.194.188.105,,,45734,443,0,37,17
1588616974.0274365,173.194.188.105,10.10.0.10,,,443,45734,0,1358,17
1588616974.0312982,173.194.188.105,10.10.0.10,,,443,45734,0,1358,17
1588616974.033957,10.10.0.10,173.194.188.105,,,45734,443,0,37,17
1588616974.035131,173.194.188.105,10.10.0.10,,,443,45734,0,1358,17
1588616974.0389779,173.194.188.105,10.10.0.10,,,443,45734,0,1358,17
1588616974.04065,10.10.0.10,173.194.188.105,,,45734,443,0,50,17
1588616974.042881,173.194.188.105,10.10.0.10,,,443,45734,0,1358,17
1588616974.0467432,173.194.188.105,10.10.0.10,,,443,45734,0,1358,17
1588616974.048465,10.10.0.10,173.194.188.105,,,45734,443,0,37,17
1588616974.0506039,173.194.188.105,10.10.0.10,,,443,45734,0,1358,17
1588616974.054465,173.194.188.105,10.10.0.10,,,443,45734,0,1358,17
1588616974.0566866,10.10.0.10,173.194.188.105,,,45734,443,0,37,17
1588616974.058327,173.194.188.105,10.10.0.10,,,443,45734,0,1358,17
1588616974.062149,173.194.188.105,10.10.0.10,,,443,45734,0,1358,17
1588616974.0639431,10.10.0.10,173.194.188.105,,,45734,443,0,37,17
1588616974.0660498,173.194.188.105,10.10.0.10,,,443,45734,0,1358,17
1588616974.06991,173.194.188.105,10.10.0.10,,,443,45734,0,1358,17
1588616974.071697,10.10.0.10,173.194.188.105,,,45734,443,0,37,17
1588616974.0737722,173.194.188.105,10.10.0.10,,,443,45734,0,1358,17
1588616974.0775938,173.194.188.105,10.10.0.10,,,443,45734,0,1358,17
1588616974.081496,173.194.188.105,10.10.0.10,,,443,45734,0,1358,17
1588616974.0852828,173.194.188.105,10.10.0.10,,,443,45734,0,1358,17
1588616974.0891929,173.194.188.105,10.10.0.10,,,443,45734,0,1358,17
1588616974.0930786,173.194.188.105,10.10.0.10,,,443,45734,0,1358,17
1588616974.0969422,173.194.188.105,10.10.0.10,,,443,45734,0,1358,17
1588616974.1008,173.194.188.105,10.10.0.10,,,443,45734,0,1358,17
1588616974.1046634,173.194.188.105,10.10.0.10,,,443,45734,0,1358,17
1588616974.104843,10.10.0.10,173.194.188.105,,,45734,443,0,37,17
1588616974.108491,173.194.188.105,10.10.0.10,,,443,45734,0,1358,17
1588616974.108662,10.10.0.10,173.194.188.105,,,45734,443,0,37,17
1588616974.1105778,10.10.0.10,173.194.188.105,,,45734,443,0,37,17
1588616974.110631,10.10.0.10,173.194.188.105,,,45734,443,0,37,17
1588616974.11199,10.10.0.10,173.194.188.105,,,45734,443,0,37,17
1588616974.1123474,173.194.188.105,10.10.0.10,,,443,45734,0,1358,17
1588616974.1162472,173.194.188.105,10.10.0.10,,,443,45734,0,1358,17
1588616974.117855,10.10.0.10,173.194.188.105,,,45734,443,0,37,17
1588616974.120111,173.194.188.105,10.10.0.10,,,443,45734,0,1358,17
1588616974.1239731,173.194.188.105,10.10.0.10,,,443,45734,0,1358,17
1588616974.127048,10.10.0.10,173.194.188.105,,,45734,443,0,37,17
1588616974.127831,173.194.188.105,10.10.0.10,,,443,45734,0,1358,17
1588616974.1316602,173.194.188.105,10.10.0.10,,,443,45734,0,1358,17
1588616974.1333768,10.10.0.10,173.194.188.105,,,45734,443,0,37,17
1588616974.1355572,173.194.188.105,10.10.0.10,,,443,45734,0,1358,17
1588616974.139385,173.194.188.105,10.10.0.10,,,443,45734,0,1358,17
1588616974.14107,10.10.0.10,173.194.188.105,,,45734,443,0,37,17
1588616974.14328,173.194.188.105,10.10.0.10,,,443,45734,0,1358,17
1588616974.147138,173.194.188.105,10.10.0.10,,,443,45734,0,1358,17
1588616974.1488829,10.10.0.10,173.194.188.105,,,45734,443,0,37,17
1588616974.151003,173.194.188.105,10.10.0.10,,,443,45734,0,1358,17
1588616974.154858,173.194.188.105,10.10.0.10,,,443,45734,0,1358,17
1588616974.1565242,10.10.0.10,173.194.188.105,,,45734,443,0,37,17
1588616974.1586778,173.194.188.105,10.10.0.10,,,443,45734,0,1358,17
1588616974.1625812,173.194.188.105,10.10.0.10,,,443,45734,0,1358,17
1588616974.1646118,10.10.0.10,173.194.188.105,,,45734,443,0,37,17
1588616974.166442,173.194.188.105,10.10.0.10,,,443,45734,0,1358,17
1588616974.1703038,173.194.188.105,10.10.0.10,,,443,45734,0,1358,17
1588616974.1720538,10.10.0.10,173.194.188.105,,,45734,443,0,37,17
1588616974.174166,173.194.188.105,10.10.0.10,,,443,45734,0,1358,17
1588616974.1780279,173.194.188.105,10.10.0.10,,,443,45734,0,1358,17
1588616974.180295,10.10.0.10,173.194.188.105,,,45734,443,0,37,17
1588616974.1818929,173.194.188.105,10.10.0.10,,,443,45734,0,1358,17
1588616974.1857526,173.194.188.105,10.10.0.10,,,443,45734,0,1358,17
1588616974.1874852,10.10.0.10,173.194.188.105,,,45734,443,0,37,17
1588616974.189611,173.194.188.105,10.10.0.10,,,443,45734,0,1358,17
1588616974.1934721,173.194.188.105,10.10.0.10,,,443,45734,0,1358,17
1588616974.1958842,10.10.0.10,173.194.188.105,,,45734,443,0,50,17
1588616974.197333,173.194.188.105,10.10.0.10,,,443,45734,0,1358,17
1588616974.201157,173.194.188.105,10.10.0.10,,,443,45734,0,1358,17
1588616974.2029624,10.10.0.10,173.194.188.105,,,45734,443,0,37,17
1588616974.205055,173.194.188.105,10.10.0.10,,,443,45734,0,1358,17
1588616974.2089212,173.194.188.105,10.10.0.10,,,443,45734,0,1358,17
1588616974.2107232,10.10.0.10,173.194.188.105,,,45734,443,0,37,17
1588616974.212783,173.194.188.105,10.10.0.10,,,443,45734,0,1358,17
1588616974.2166438,173.194.188.105,10.10.0.10,,,443,45734,0,1358,17
1588616974.2185512,10.10.0.10,173.194.188.105,,,45734,443,0,37,17
1588616974.2205012,173.194.188.105,10.10.0.10,,,443,45734,0,1358,17
1588616974.2243626,173.194.188.105,10.10.0.10,,,443,45734,0,1358,17
1588616974.2263172,10.10.0.10,173.194.188.105,,,45734,443,0,37,17
1588616974.228226,173.194.188.105,10.10.0.10,,,443,45734,0,1358,17
1588616974.2320678,173.194.188.105,10.10.0.10,,,443,45734,0,1358,17
1588616974.233882,10.10.0.10,173.194.188.105,,,45734,443,0,37,17
1588616974.2359214,173.194.188.105,10.10.0.10,,,443,45734,0,1358,17
1588616974.239808,173.194.188.105,10.10.0.10,,,443,45734,0,1358,17
1588616974.241601,10.10.0.10,173.194.188.105,,,45734,443,0,37,17
1588616974.24367,173.194.188.105,10.10.0.10,,,443,45734,0,1358,17
1588616974.24753,173.194.188.105,10.10.0.10,,,443,45734,0,1358,17
1588616974.2506099,10.10.0.10,173.194.188.105,,,45734,443,0,37,17
1588616974.251367,173.194.188.105,10.10.0.10,,,443,45734,0,1358,17
1588616974.255213,173.194.188.105,10.10.0.10,,,443,45734,0,1358,17
1588616974.2570682,10.10.0.10,173.194.188.105,,,45734,443,0,37,17
1588616974.259078,173.194.188.105,10.10.0.10,,,443,45734,0,1358,17
1588616974.262975,173.194.188.105,10.10.0.10,,,443,45734,0,1358,17
1588616974.264964,10.10.0.10,173.194.188.105,,,45734,443,0,37,17
1588616974.2668376,173.194.188.105,10.10.0.10,,,443,45734,0,1358,17
1588616974.2706974,173.194.188.105,10.10.0.10,,,443,45734,0,1358,17
1588616974.272399,10.10.0.10,173.194.188.105,,,45734,443,0,37,17
1588616974.27456,173.194.188.105,10.10.0.10,,,443,45734,0,1358,17
1588616974.2784195,173.194.188.105,10.10.0.10,,,443,45734,0,1358,17
1588616974.280296,10.10.0.10,173.194.188.105,,,45734,443,0,37,17
1588616974.2822418,173.194.188.105,10.10.0.10,,,443,45734,0,1358,17
1588616974.286143,173.194.188.105,10.10.0.10,,,443,45734,0,1358,17
1588616974.287935,10.10.0.10,173.194.188.105,,,45734,443,0,37,17
1588616974.2900052,173.194.188.105,10.10.0.10,,,443,45734,0,1358,17
1588616974.293866,173.194.188.105,10.10.0.10,,,443,45734,0,1358,17
1588616974.2957351,10.10.0.10,173.194.188.105,,,45734,443,0,37,17
1588616974.2977269,173.194.188.105,10.10.0.10,,,443,45734,0,1358,17
1588616974.301589,173.194.188.105,10.10.0.10,,,443,45734,0,1358,17
1588616974.3032134,10.10.0.10,173.194.188.105,,,45734,443,0,37,17
1588616974.3054118,173.194.188.105,10.10.0.10,,,443,45734,0,1358,17
1588616974.3093116,173.194.188.105,10.10.0.10,,,443,45734,0,1358,17
1588616974.3109992,10.10.0.10,173.194.188.105,,,45734,443,0,37,17
1588616974.313173,173.194.188.105,10.10.0.10,,,443,45734,0,1358,17
1588616974.317034,173.194.188.105,10.10.0.10,,,443,45734,0,1358,17
1588616974.318684,10.10.0.10,173.194.188.105,,,45734,443,0,37,17
1588616974.320895,173.194.188.105,10.10.0.10,,,443,45734,0,1358,17
1588616974.324757,173.194.188.105,10.10.0.10,,,443,45734,0,1358,17
1588616974.326818,10.10.0.10,173.194.188.105,,,45734,443,0,37,17
1588616974.3285446,173.194.188.105,10.10.0.10,,,443,45734,0,1358,17
1588616974.3324552,173.194.188.105,10.10.0.10,,,443,45734,0,1358,17
1588616974.3339882,10.10.0.10,173.194.188.105,,,45734,443,0,37,17
1588616974.33634,173.194.188.105,10.10.0.10,,,443,45734,0,1358,17
1588616974.3402019,173.194.188.105,10.10.0.10,,,443,45734,0,1358,17
1588616974.3421519,10.10.0.10,173.194.188.105,,,45734,443,0,37,17
1588616974.344063,173.194.188.105,10.10.0.10,,,443,45734,0,1358,17
1588616974.3479238,173.194.188.105,10.10.0.10,,,443,45734,0,1358,17
1588616974.350008,10.10.0.10,173.194.188.105,,,45734,443,0,50,17
1588616974.351799,173.194.188.105,10.10.0.10,,,443,45734,0,1358,17
1588616974.355617,173.194.188.105,10.10.0.10,,,443,45734,0,1358,17
1588616974.3574634,10.10.0.10,173.194.188.105,,,45734,443,0,37,17
1588616974.3595092,173.194.188.105,10.10.0.10,,,443,45734,0,1358,17
1588616974.36336,173.194.188.105,10.10.0.10,,,443,45734,0,1358,17
1588616974.365098,10.10.0.10,173.194.188.105,,,45734,443,0,37,17
1588616974.367165,173.194.188.105,10.10.0.10,,,443,45734,0,1358,17
1588616974.371016,173.194.188.105,10.10.0.10,,,443,45734,0,1358,17
1588616974.3726606,10.10.0.10,173.194.188.105,,,45734,443,0,37,17
1588616974.374912,173.194.188.105,10.10.0.10,,,443,45734,0,1358,17
1588616974.3787699,173.194.188.105,10.10.0.10,,,443,45734,0,1358,17
1588616974.381581,10.10.0.10,173.194.188.105,,,45734,443,0,37,17
1588616974.382634,173.194.188.105,10.10.0.10,,,443,45734,0,1358,17
1588616974.3864908,173.194.188.105,10.10.0.10,,,443,45734,0,1358,17
1588616974.388162,10.10.0.10,173.194.188.105,,,45734,443,0,37,17
1588616974.390322,173.194.188.105,10.10.0.10,,,443,45734,0,1358,17
1588616974.394194,173.194.188.105,10.10.0.10,,,443,45734,0,1358,17
1588616974.396442,10.10.0.10,173.194.188.105,,,45734,443,0,37,17
1588616974.398047,173.194.188.105,10.10.0.10,,,443,45734,0,1358,17
1588616974.401911,173.194.188.105,10.10.0.10,,,443,45734,0,1358,17
1588616974.403467,10.10.0.10,173.194.188.105,,,45734,443,0,37,17
1588616974.405825,173.194.188.105,10.10.0.10,,,443,45734,0,1358,17
1588616974.409698,173.194.188.105,10.10.0.10,,,443,45734,0,1358,17
1588616974.4113688,10.10.0.10,173.194.188.105,,,45734,443,0,37,17
1588616974.413559,173.194.188.105,10.10.0.10,,,443,45734,0,1358,17
1588616974.417419,173.194.188.105,10.10.0.10,,,443,45734,0,1358,17
1588616974.418991,10.10.0.10,173.194.188.105,,,45734,443,0,37,17
1588616974.4212835,173.194.188.105,10.10.0.10,,,443,45734,0,1358,17
1588616974.425154,173.194.188.105,10.10.0.10,,,443,45734,0,1358,17
1588616974.428968,173.194.188.105,10.10.0.10,,,443,45734,0,29,17
1588616974.429105,173.194.188.105,10.10.0.10,,,443,45734,0,1358,17
1588616974.429733,10.10.0.10,173.194.188.105,,,45734,443,0,37,17
1588616974.4330409,173.194.188.105,10.10.0.10,,,443,45734,0,1358,17
1588616974.4346864,10.10.0.10,173.194.188.105,,,45734,443,0,37,17
1588616974.4369054,173.194.188.105,10.10.0.10,,,443,45734,0,1358,17
1588616974.440766,173.194.188.105,10.10.0.10,,,443,45734,0,1358,17
1588616974.443346,10.10.0.10,173.194.188.105,,,45734,443,0,37,17
1588616974.4446268,173.194.188.105,10.10.0.10,,,443,45734,0,1358,17
1588616974.448498,173.194.188.105,10.10.0.10,,,443,45734,0,1358,17
1588616974.450205,10.10.0.10,173.194.188.105,,,45734,443,0,37,17
1588616974.452306,173.194.188.105,10.10.0.10,,,443,45734,0,1358,17
1588616974.4561732,173.194.188.105,10.10.0.10,,,443,45734,0,1358,17
1588616974.457944,10.10.0.10,173.194.188.105,,,45734,443,0,37,17
1588616974.4600446,173.194.188.105,10.10.0.10,,,443,45734,0,1358,17
1588616974.4639342,173.194.188.105,10.10.0.10,,,443,45734,0,1358,17
1588616974.465558,10.10.0.10,173.194.188.105,,,45734,443,0,37,17
1588616974.467798,173.194.188.105,10.10.0.10,,,443,45734,0,1358,17
1588616974.471657,173.194.188.105,10.10.0.10,,,443,45734,0,1358,17
1588616974.4733956,10.10.0.10,173.194.188.105,,,45734,443,0,37,17
1588616974.4754796,173.194.188.105,10.10.0.10,,,443,45734,0,1358,17
1588616974.4793801,173.194.188.105,10.10.0.10,,,443,45734,0,1358,17
1588616974.4810612,10.10.0.10,173.194.188.105,,,45734,443,0,37,17
1588616974.48317,173.194.188.105,10.10.0.10,,,443,45734,0,1358,17
1588616974.487102,173.194.188.105,10.10.0.10,,,443,45734,0,1358,17
1588616974.488774,10.10.0.10,173.194.188.105,,,45734,443,0,37,17
1588616974.490976,173.194.188.105,10.10.0.10,,,443,45734,0,1358,17
1588616974.494824,173.194.188.105,10.10.0.10,,,443,45734,0,1358,17
1588616974.496706,10.10.0.10,173.194.188.105,,,45734,443,0,37,17
1588616974.498617,173.194.188.105,10.10.0.10,,,443,45734,0,1358,17
1588616974.5025241,173.194.188.105,10.10.0.10,,,443,45734,0,1358,17
1588616974.5041351,10.10.0.10,173.194.188.105,,,45734,443,0,50,17
1588616974.506408,173.194.188.105,10.10.0.10,,,443,45734,0,1358,17
1588616974.510271,173.194.188.105,10.10.0.10,,,443,45734,0,1358,17
1588616974.512102,10.10.0.10,173.194.188.105,,,45734,443,0,37,17
1588616974.5141332,173.194.188.105,10.10.0.10,,,443,45734,0,1358,17
1588616974.517993,173.194.188.105,10.10.0.10,,,443,45734,0,1358,17
1588616974.519897,10.10.0.10,173.194.188.105,,,45734,443,0,37,17
1588616974.521877,173.194.188.105,10.10.0.10,,,443,45734,0,1358,17
1588616974.5256786,173.194.188.105,10.10.0.10,,,443,45734,0,1358,17
1588616974.529164,10.10.0.10,173.194.188.105,,,45734,443,0,37,17
1588616974.529542,173.194.188.105,10.10.0.10,,,443,45734,0,1358,17
1588616974.533437,173.194.188.105,10.10.0.10,,,443,45734,0,1358,17
1588616974.535236,10.10.0.10,173.194.188.105,,,45734,443,0,37,17
1588616974.5373,173.194.188.105,10.10.0.10,,,443,45734,0,1358,17
1588616974.5411608,173.194.188.105,10.10.0.10,,,443,45734,0,1358,17
1588616974.545022,173.194.188.105,10.10.0.10,,,443,45734,0,1358,17
1588616974.5488448,173.194.188.105,10.10.0.10,,,443,45734,0,29,17
1588616974.5489798,173.194.188.105,10.10.0.10,,,443,45734,0,1358,17
1588616974.5495849,10.10.0.10,173.194.188.105,,,45734,443,0,37,17
1588616974.5529196,173.194.188.105,10.10.0.10,,,443,45734,0,1358,17
1588616974.5567286,173.194.188.105,10.10.0.10,,,443,45734,0,1358,17
1588616974.557583,10.10.0.10,173.194.188.105,,,45734,443,0,37,17
1588616974.5581422,10.10.0.10,173.194.188.105,,,45734,443,0,37,17
1588616974.560617,173.194.188.105,10.10.0.10,,,443,45734,0,1358,17
1588616974.56444,173.194.188.105,10.10.0.10,,,443,45734,0,1358,17
1588616974.566202,10.10.0.10,173.194.188.105,,,45734,443,0,37,17
1588616974.5682971,173.194.188.105,10.10.0.10,,,443,45734,0,1358,17
1588616974.5723276,173.194.188.105,10.10.0.10,,,443,45734,0,1358,17
1588616974.575379,10.10.0.10,173.194.188.105,,,45734,443,0,37,17
1588616974.5762508,173.194.188.105,10.10.0.10,,,443,45734,0,1358,17
1588616974.580086,173.194.188.105,10.10.0.10,,,443,45734,0,1358,17
1588616974.582027,10.10.0.10,173.194.188.105,,,45734,443,0,37,17
1588616974.5839715,173.194.188.105,10.10.0.10,,,443,45734,0,1358,17
1588616974.5877788,173.194.188.105,10.10.0.10,,,443,45734,0,1358,17
1588616974.58958,10.10.0.10,173.194.188.105,,,45734,443,0,37,17
1588616974.591639,173.194.188.105,10.10.0.10,,,443,45734,0,1358,17
1588616974.59553,173.194.188.105,10.10.0.10,,,443,45734,0,1358,17
1588616974.5975769,10.10.0.10,173.194.188.105,,,45734,443,0,37,17
1588616974.5993626,173.194.188.105,10.10.0.10,,,443,45734,0,1358,17
1588616974.603258,173.194.188.105,10.10.0.10,,,443,45734,0,1358,17
1588616974.605074,10.10.0.10,173.194.188.105,,,45734,443,0,37,17
1588616974.6071439,173.194.188.105,10.10.0.10,,,443,45734,0,1358,17
1588616974.611006,173.194.188.105,10.10.0.10,,,443,45734,0,1358,17
1588616974.6128054,10.10.0.10,173.194.188.105,,,45734,443,0,37,17
1588616974.614868,173.194.188.105,10.10.0.10,,,443,45734,0,1358,17
1588616974.618681,173.194.188.105,10.10.0.10,,,443,45734,0,1358,17
1588616974.620386,10.10.0.10,173.194.188.105,,,45734,443,0,37,17
1588616974.622591,173.194.188.105,10.10.0.10,,,443,45734,0,1358,17
1588616974.6264508,173.194.188.105,10.10.0.10,,,443,45734,0,1358,17
1588616974.630312,173.194.188.105,10.10.0.10,,,443,45734,0,1358,17
1588616974.6304376,10.10.0.10,173.194.188.105,,,45734,443,0,37,17
1588616974.634118,173.194.188.105,10.10.0.10,,,443,45734,0,1358,17
1588616974.6357546,10.10.0.10,173.194.188.105,,,45734,443,0,37,17
1588616974.637984,173.194.188.105,10.10.0.10,,,443,45734,0,1358,17
1588616974.641839,173.194.188.105,10.10.0.10,,,443,45734,0,1358,17
1588616974.6436489,10.10.0.10,173.194.188.105,,,45734,443,0,37,17
1588616974.645732,173.194.188.105,10.10.0.10,,,443,45734,0,1358,17
1588616974.649626,173.194.188.105,10.10.0.10,,,443,45734,0,1358,17
1588616974.651937,10.10.0.10,173.194.188.105,,,45734,443,0,37,17
1588616974.6534624,173.194.188.105,10.10.0.10,,,443,45734,0,1358,17
1588616974.657321,173.194.188.105,10.10.0.10,,,443,45734,0,1358,17
1588616974.6612098,173.194.188.105,10.10.0.10,,,443,45734,0,1358,17
1588616974.6648178,10.10.0.10,173.194.188.105,,,45734,443,0,50,17
1588616974.66501,173.194.188.105,10.10.0.10,,,443,45734,0,1358,17
1588616974.666729,10.10.0.10,173.194.188.105,,,45734,443,0,37,17
1588616974.668888,173.194.188.105,10.10.0.10,,,443,45734,0,1358,17
1588616974.672749,173.194.188.105,10.10.0.10,,,443,45734,0,1358,17
1588616974.674639,10.10.0.10,173.194.188.105,,,45734,443,0,37,17
1588616974.67661,173.194.188.105,10.10.0.10,,,443,45734,0,1358,17
1588616974.680462,173.194.188.105,10.10.0.10,,,443,45734,0,1358,17
1588616974.6821802,10.10.0.10,173.194.188.105,,,45734,443,0,37,17
1588616974.684345,173.194.188.105,10.10.0.10,,,443,45734,0,1358,17
1588616974.6882038,173.194.188.105,10.10.0.10,,,443,45734,0,1358,17
1588616974.690957,10.10.0.10,173.194.188.105,,,45734,443,0,37,17
1588616974.69205,173.194.188.105,10.10.0.10,,,443,45734,0,1358,17
1588616974.695894,173.194.188.105,10.10.0.10,,,443,45734,0,1358,17
1588616974.697431,10.10.0.10,173.194.188.105,,,45734,443,0,37,17
1588616974.699786,173.194.188.105,10.10.0.10,,,443,45734,0,1358,17
1588616974.7036474,173.194.188.105,10.10.0.10,,,443,45734,0,1358,17
1588616974.7054696,10.10.0.10,173.194.188.105,,,45734,443,0,37,17
1588616974.707479,173.194.188.105,10.10.0.10,,,443,45734,0,1358,17
1588616974.711344,173.194.188.105,10.10.0.10,,,443,45734,0,1358,17
1588616974.713518,10.10.0.10,173.194.188.105,,,45734,443,0,37,17
1588616974.7152019,173.194.188.105,10.10.0.10,,,443,45734,0,1358,17
1588616974.719065,173.194.188.105,10.10.0.10,,,443,45734,0,1358,17
1588616974.720648,10.10.0.10,173.194.188.105,,,45734,443,0,37,17
1588616974.72296,173.194.188.105,10.10.0.10,,,443,45734,0,1358,17
1588616974.7268212,173.194.188.105,10.10.0.10,,,443,45734,0,1358,17
1588616974.730712,173.194.188.105,10.10.0.10,,,443,45734,0,1358,17
1588616974.7345731,173.194.188.105,10.10.0.10,,,443,45734,0,1358,17
1588616974.735153,10.10.0.10,173.194.188.105,,,45734,443,0,37,17
1588616974.7364619,10.10.0.10,173.194.188.105,,,45734,443,0,37,17
1588616974.738373,173.194.188.105,10.10.0.10,,,443,45734,0,1358,17
1588616974.742265,173.194.188.105,10.10.0.10,,,443,45734,0,1358,17
1588616974.743941,10.10.0.10,173.194.188.105,,,45734,443,0,37,17
1588616974.7461572,173.194.188.105,10.10.0.10,,,443,45734,0,1358,17
1588616974.7500188,173.194.188.105,10.10.0.10,,,443,45734,0,1358,17
1588616974.752376,10.10.0.10,173.194.188.105,,,45734,443,0,37,17
1588616974.753856,173.194.188.105,10.10.0.10,,,443,45734,0,1358,17
1588616974.7577171,173.194.188.105,10.10.0.10,,,443,45734,0,1358,17
1588616974.7592368,10.10.0.10,173.194.188.105,,,45734,443,0,37,17
1588616974.7616026,173.194.188.105,10.10.0.10,,,443,45734,0,1358,17
1588616974.765435,173.194.188.105,10.10.0.10,,,443,45734,0,1358,17
1588616974.766924,10.10.0.10,173.194.188.105,,,45734,443,0,37,17
1588616974.7693279,173.194.188.105,10.10.0.10,,,443,45734,0,1358,17
1588616974.773189,173.194.188.105,10.10.0.10,,,443,45734,0,1358,17
1588616974.774742,10.10.0.10,173.194.188.105,,,45734,443,0,37,17
1588616974.777051,173.194.188.105,10.10.0.10,,,443,45734,0,1358,17
1588616974.7809124,173.194.188.105,10.10.0.10,,,443,45734,0,1358,17
1588616974.7826526,10.10.0.10,173.194.188.105,,,45734,443,0,37,17
1588616974.784774,173.194.188.105,10.10.0.10,,,443,45734,0,1358,17
1588616974.788572,173.194.188.105,10.10.0.10,,,443,45734,0,1358,17
1588616974.790085,10.10.0.10,173.194.188.105,,,45734,443,0,37,17
1588616974.792474,173.194.188.105,10.10.0.10,,,443,45734,0,1358,17
1588616974.796358,173.194.188.105,10.10.0.10,,,443,45734,0,1358,17
1588616974.797848,10.10.0.10,173.194.188.105,,,45734,443,0,37,17
1588616974.8002179,173.194.188.105,10.10.0.10,,,443,45734,0,1358,17
1588616974.8040588,173.194.188.105,10.10.0.10,,,443,45734,0,1358,17
1588616974.8057158,10.10.0.10,173.194.188.105,,,45734,443,0,37,17
1588616974.8079412,173.194.188.105,10.10.0.10,,,443,45734,0,1358,17
1588616974.811814,173.194.188.105,10.10.0.10,,,443,45734,0,1358,17
1588616974.813634,10.10.0.10,173.194.188.105,,,45734,443,0,50,17
1588616974.815632,173.194.188.105,10.10.0.10,,,443,45734,0,1358,17
1588616974.81946,173.194.188.105,10.10.0.10,,,443,45734,0,1358,17
1588616974.821175,10.10.0.10,173.194.188.105,,,45734,443,0,37,17
1588616974.823387,173.194.188.105,10.10.0.10,,,443,45734,0,1358,17
1588616974.827248,173.194.188.105,10.10.0.10,,,443,45734,0,1358,17
1588616974.830555,10.10.0.10,173.194.188.105,,,45734,443,0,37,17
1588616974.8310778,173.194.188.105,10.10.0.10,,,443,45734,0,1358,17
1588616974.8349712,173.194.188.105,10.10.0.10,,,443,45734,0,1358,17
1588616974.8366554,10.10.0.10,173.194.188.105,,,45734,443,0,37,17
1588616974.838801,173.194.188.105,10.10.0.10,,,443,45734,0,1358,17
1588616974.842694,173.194.188.105,10.10.0.10,,,443,45734,0,1358,17
1588616974.8445318,10.10.0.10,173.194.188.105,,,45734,443,0,37,17
1588616974.8465562,173.194.188.105,10.10.0.10,,,443,45734,0,29,17
1588616974.846657,173.194.188.105,10.10.0.10,,,443,45734,0,1358,17
1588616974.850591,173.194.188.105,10.10.0.10,,,443,45734,0,1358,17
1588616974.8532288,10.10.0.10,173.194.188.105,,,45734,443,0,37,17
1588616974.854451,173.194.188.105,10.10.0.10,,,443,45734,0,1358,17
1588616974.8583126,173.194.188.105,10.10.0.10,,,443,45734,0,1358,17
1588616974.86009,10.10.0.10,173.194.188.105,,,45734,443,0,37,17
1588616974.8621402,173.194.188.105,10.10.0.10,,,443,45734,0,1358,17
1588616974.86604,173.194.188.105,10.10.0.10,,,443,45734,0,1358,17
1588616974.868609,10.10.0.10,173.194.188.105,,,45734,443,0,37,17
1588616974.8698435,173.194.188.105,10.10.0.10,,,443,45734,0,1358,17
1588616974.873687,173.194.188.105,10.10.0.10,,,443,45734,0,1358,17
1588616974.8763642,10.10.0.10,173.194.188.105,,,45734,443,0,37,17
1588616974.8776188,173.194.188.105,10.10.0.10,,,443,45734,0,1358,17
1588616974.881491,173.194.188.105,10.10.0.10,,,443,45734,0,1358,17
1588616974.883423,10.10.0.10,173.194.188.105,,,45734,443,0,37,17
1588616974.885277,173.194.188.105,10.10.0.10,,,443,45734,0,1358,17
1588616974.889141,173.194.188.105,10.10.0.10,,,443,45734,0,1358,17
1588616974.8907812,10.10.0.10,173.194.188.105,,,45734,443,0,37,17
1588616974.893065,173.194.188.105,10.10.0.10,,,443,45734,0,1358,17
1588616974.8969262,173.194.188.105,10.10.0.10,,,443,45734,0,1358,17
1588616974.899428,10.10.0.10,173.194.188.105,,,45734,443,0,37,17
1588616974.9007466,173.194.188.105,10.10.0.10,,,443,45734,0,1358,17
1588616974.90465,173.194.188.105,10.10.0.10,,,443,45734,0,1358,17
1588616974.9063196,10.10.0.10,173.194.188.105,,,45734,443,0,37,17
1588616974.9085212,173.194.188.105,10.10.0.10,,,443,45734,0,1358,17
1588616974.912339,173.194.188.105,10.10.0.10,,,443,45734,0,1358,17
1588616974.9146981,10.10.0.10,173.194.188.105,,,45734,443,0,37,17
1588616974.9162428,173.194.188.105,10.10.0.10,,,443,45734,0,1358,17
1588616974.920095,173.194.188.105,10.10.0.10,,,443,45734,0,1358,17
1588616974.9216998,10.10.0.10,173.194.188.105,,,45734,443,0,37,17
1588616974.9239252,173.194.188.105,10.10.0.10,,,443,45734,0,1358,17
1588616974.9278169,173.194.188.105,10.10.0.10,,,443,45734,0,1358,17
1588616974.9300294,10.10.0.10,173.194.188.105,,,45734,443,0,37,17
1588616974.931693,173.194.188.105,10.10.0.10,,,443,45734,0,1358,17
1588616974.935504,173.194.188.105,10.10.0.10,,,443,45734,0,1358,17
1588616974.9371116,10.10.0.10,173.194.188.105,,,45734,443,0,37,17
1588616974.939401,173.194.188.105,10.10.0.10,,,443,45734,0,1358,17
1588616974.9432304,173.194.188.105,10.10.0.10,,,443,45734,0,1358,17
1588616974.945333,10.10.0.10,173.194.188.105,,,45734,443,0,37,17
1588616974.9471226,173.194.188.105,10.10.0.10,,,443,45734,0,1358,17
1588616974.950984,173.194.188.105,10.10.0.10,,,443,45734,0,1358,17
1588616974.952655,10.10.0.10,173.194.188.105,,,45734,443,0,37,17
1588616974.954817,173.194.188.105,10.10.0.10,,,443,45734,0,1358,17
1588616974.958642,173.194.188.105,10.10.0.10,,,443,45734,0,1358,17
1588616974.96157,10.10.0.10,173.194.188.105,,,45734,443,0,37,17
1588616974.962543,173.194.188.105,10.10.0.10,,,443,45734,0,1358,17
1588616974.9664292,173.194.188.105,10.10.0.10,,,443,45734,0,1358,17
1588616974.9680312,10.10.0.10,173.194.188.105,,,45734,443,0,50,17
1588616974.970258,173.194.188.105,10.10.0.10,,,443,45734,0,1358,17
1588616974.974153,173.194.188.105,10.10.0.10,,,443,45734,0,1358,17
1588616974.9760704,10.10.0.10,173.194.188.105,,,45734,443,0,37,17
1588616974.977981,173.194.188.105,10.10.0.10,,,443,45734,0,1358,17
1588616974.9818692,173.194.188.105,10.10.0.10,,,443,45734,0,1358,17
1588616974.9835231,10.10.0.10,173.194.188.105,,,45734,443,0,37,17
1588616974.9857054,173.194.188.105,10.10.0.10,,,443,45734,0,1358,17
1588616974.989597,173.194.188.105,10.10.0.10,,,443,45734,0,1358,17
1588616974.991112,10.10.0.10,173.194.188.105,,,45734,443,0,37,17
1588616974.993458,173.194.188.105,10.10.0.10,,,443,45734,0,1358,17
1588616974.99732,173.194.188.105,10.10.0.10,,,443,45734,0,1358,17
1588616974.9988284,10.10.0.10,173.194.188.105,,,45734,443,0,37,17
1588616975.0011642,173.194.188.105,10.10.0.10,,,443,45734,0,1358,17
1588616975.0050418,173.194.188.105,10.10.0.10,,,443,45734,0,1358,17
1588616975.006591,10.10.0.10,173.194.188.105,,,45734,443,0,37,17
1588616975.008872,173.194.188.105,10.10.0.10,,,443,45734,0,1358,17
1588616975.0127652,173.194.188.105,10.10.0.10,,,443,45734,0,1358,17
1588616975.0158222,10.10.0.10,173.194.188.105,,,45734,443,0,37,17
1588616975.016603,173.194.188.105,10.10.0.10,,,443,45734,0,1358,17
1588616975.020423,173.194.188.105,10.10.0.10,,,443,45734,0,1358,17
1588616975.0219069,10.10.0.10,173.194.188.105,,,45734,443,0,37,17
1588616975.0243492,173.194.188.105,10.10.0.10,,,443,45734,0,1358,17
1588616975.028213,173.194.188.105,10.10.0.10,,,443,45734,0,1358,17
1588616975.0303626,10.10.0.10,173.194.188.105,,,45734,443,0,37,17
1588616975.0320392,173.194.188.105,10.10.0.10,,,443,45734,0,1358,17
1588616975.035933,173.194.188.105,10.10.0.10,,,443,45734,0,1358,17
1588616975.0376134,10.10.0.10,173.194.188.105,,,45734,443,0,37,17
1588616975.039794,173.194.188.105,10.10.0.10,,,443,45734,0,1358,17
1588616975.0436552,173.194.188.105,10.10.0.10,,,443,45734,0,1358,17
1588616975.0461779,10.10.0.10,173.194.188.105,,,45734,443,0,37,17
1588616975.047458,173.194.188.105,10.10.0.10,,,443,45734,0,1358,17
1588616975.051379,173.194.188.105,10.10.0.10,,,443,45734,0,1358,17
1588616975.052902,10.10.0.10,173.194.188.105,,,45734,443,0,37,17
1588616975.055202,173.194.188.105,10.10.0.10,,,443,45734,0,1358,17
1588616975.059078,173.194.188.105,10.10.0.10,,,443,45734,0,1358,17
1588616975.0606544,10.10.0.10,173.194.188.105,,,45734,443,0,37,17
1588616975.062937,173.194.188.105,10.10.0.10,,,443,45734,0,1358,17
1588616975.066825,173.194.188.105,10.10.0.10,,,443,45734,0,1358,17
1588616975.0698204,10.10.0.10,173.194.188.105,,,45734,443,0,37,17
1588616975.0706851,173.194.188.105,10.10.0.10,,,443,45734,0,1358,17
1588616975.0745149,173.194.188.105,10.10.0.10,,,443,45734,0,1358,17
1588616975.0761788,10.10.0.10,173.194.188.105,,,45734,443,0,37,17
1588616975.0783432,173.194.188.105,10.10.0.10,,,443,45734,0,1358,17
1588616975.082236,173.194.188.105,10.10.0.10,,,443,45734,0,1358,17
1588616975.0839221,10.10.0.10,173.194.188.105,,,45734,443,0,37,17
1588616975.0861304,173.194.188.105,10.10.0.10,,,443,45734,0,1358,17
1588616975.089992,173.194.188.105,10.10.0.10,,,443,45734,0,1358,17
1588616975.0915651,10.10.0.10,173.194.188.105,,,45734,443,0,37,17
1588616975.0938532,173.194.188.105,10.10.0.10,,,443,45734,0,1358,17
1588616975.097713,173.194.188.105,10.10.0.10,,,443,45734,0,1358,17
1588616975.099568,10.10.0.10,173.194.188.105,,,45734,443,0,37,17
1588616975.101576,173.194.188.105,10.10.0.10,,,443,45734,0,1358,17
1588616975.1053972,173.194.188.105,10.10.0.10,,,443,45734,0,1358,17
1588616975.107154,10.10.0.10,173.194.188.105,,,45734,443,0,37,17
1588616975.109298,173.194.188.105,10.10.0.10,,,443,45734,0,1358,17
1588616975.11316,173.194.188.105,10.10.0.10,,,443,45734,0,1358,17
1588616975.1152382,10.10.0.10,173.194.188.105,,,45734,443,0,37,17
1588616975.117021,173.194.188.105,10.10.0.10,,,443,45734,0,1358,17
1588616975.120882,173.194.188.105,10.10.0.10,,,443,45734,0,1358,17
1588616975.122586,10.10.0.10,173.194.188.105,,,45734,443,0,50,17
1588616975.124743,173.194.188.105,10.10.0.10,,,443,45734,0,1358,17
1588616975.1285422,173.194.188.105,10.10.0.10,,,443,45734,0,1358,17
1588616975.130384,10.10.0.10,173.194.188.105,,,45734,443,0,37,17
1588616975.132442,173.194.188.105,10.10.0.10,,,443,45734,0,1358,17
1588616975.136328,173.194.188.105,10.10.0.10,,,443,45734,0,1358,17
1588616975.1383224,10.10.0.10,173.194.188.105,,,45734,443,0,37,17
1588616975.140146,173.194.188.105,10.10.0.10,,,443,45734,0,1358,17
1588616975.14405,173.194.188.105,10.10.0.10,,,443,45734,0,1358,17
1588616975.1458988,10.10.0.10,173.194.188.105,,,45734,443,0,37,17
1588616975.1479108,173.194.188.105,10.10.0.10,,,443,45734,0,1358,17
1588616975.1517732,173.194.188.105,10.10.0.10,,,443,45734,0,1358,17
1588616975.153486,10.10.0.10,173.194.188.105,,,45734,443,0,37,17
1588616975.1555822,173.194.188.105,10.10.0.10,,,443,45734,0,1358,17
1588616975.159496,173.194.188.105,10.10.0.10,,,443,45734,0,1358,17
1588616975.161314,10.10.0.10,173.194.188.105,,,45734,443,0,37,17
1588616975.1633186,173.194.188.105,10.10.0.10,,,443,45734,0,1358,17
1588616975.167218,173.194.188.105,10.10.0.10,,,443,45734,0,1358,17
1588616975.168799,10.10.0.10,173.194.188.105,,,45734,443,0,37,17
1588616975.1710794,173.194.188.105,10.10.0.10,,,443,45734,0,1358,17
1588616975.1749475,173.194.188.105,10.10.0.10,,,443,45734,0,1358,17
1588616975.1764998,10.10.0.10,173.194.188.105,,,45734,443,0,37,17
1588616975.178767,173.194.188.105,10.10.0.10,,,443,45734,0,1358,17
1588616975.1826642,173.194.188.105,10.10.0.10,,,443,45734,0,1358,17
1588616975.1842802,10.10.0.10,173.194.188.105,,,45734,443,0,37,17
1588616975.186525,173.194.188.105,10.10.0.10,,,443,45734,0,1358,17
1588616975.19039,173.194.188.105,10.10.0.10,,,443,45734,0,1358,17
1588616975.191912,10.10.0.10,173.194.188.105,,,45734,443,0,37,17
1588616975.194247,173.194.188.105,10.10.0.10,,,443,45734,0,1358,17
1588616975.1981082,173.194.188.105,10.10.0.10,,,443,45734,0,1358,17
1588616975.199844,10.10.0.10,173.194.188.105,,,45734,443,0,37,17
1588616975.2019038,173.194.188.105,10.10.0.10,,,443,45734,0,1358,17
1588616975.205807,173.194.188.105,10.10.0.10,,,443,45734,0,1358,17
1588616975.207482,10.10.0.10,173.194.188.105,,,45734,443,0,37,17
1588616975.2096686,173.194.188.105,10.10.0.10,,,443,45734,0,1358,17
1588616975.213553,173.194.188.105,10.10.0.10,,,443,45734,0,1358,17
1588616975.2157779,10.10.0.10,173.194.188.105,,,45734,443,0,37,17
1588616975.2174132,173.194.188.105,10.10.0.10,,,443,45734,0,1358,17
1588616975.221276,173.194.188.105,10.10.0.10,,,443,45734,0,1358,17
1588616975.2229474,10.10.0.10,173.194.188.105,,,45734,443,0,37,17
1588616975.2251468,173.194.188.105,10.10.0.10,,,443,45734,0,1358,17
1588616975.228967,173.194.188.105,10.10.0.10,,,443,45734,0,1358,17
1588616975.232827,173.194.188.105,10.10.0.10,,,443,45734,0,1358,17
1588616975.236721,173.194.188.105,10.10.0.10,,,443,45734,0,1358,17
1588616975.239194,10.10.0.10,173.194.188.105,,,45734,443,0,37,17
1588616975.240581,173.194.188.105,10.10.0.10,,,443,45734,0,1358,17
1588616975.2407162,10.10.0.10,173.194.188.105,,,45734,443,0,37,17
1588616975.244411,173.194.188.105,10.10.0.10,,,443,45734,0,1358,17
1588616975.2464678,10.10.0.10,173.194.188.105,,,45734,443,0,37,17
1588616975.248306,173.194.188.105,10.10.0.10,,,443,45734,0,1358,17
1588616975.252135,173.194.188.105,10.10.0.10,,,443,45734,0,1358,17
1588616975.2539892,10.10.0.10,173.194.188.105,,,45734,443,0,37,17
1588616975.25603,173.194.188.105,10.10.0.10,,,443,45734,0,1358,17
1588616975.2598882,173.194.188.105,10.10.0.10,,,443,45734,0,1358,17
1588616975.2624722,10.10.0.10,173.194.188.105,,,45734,443,0,37,17
1588616975.263726,173.194.188.105,10.10.0.10,,,443,45734,0,1358,17
1588616975.2675812,173.194.188.105,10.10.0.10,,,443,45734,0,1358,17
1588616975.2698214,10.10.0.10,173.194.188.105,,,45734,443,0,37,17
1588616975.271473,173.194.188.105,10.10.0.10,,,443,45734,0,1358,17
1588616975.2752678,173.194.188.105,10.10.0.10,,,443,45734,0,1358,17
1588616975.27701,10.10.0.10,173.194.188.105,,,45734,443,0,50,17
1588616975.2791722,173.194.188.105,10.10.0.10,,,443,45734,0,1358,17
1588616975.283057,173.194.188.105,10.10.0.10,,,443,45734,0,1358,17
1588616975.284843,10.10.0.10,173.194.188.105,,,45734,443,0,37,17
1588616975.2869182,173.194.188.105,10.10.0.10,,,443,45734,0,1358,17
1588616975.2907555,173.194.188.105,10.10.0.10,,,443,45734,0,29,17
1588616975.2908812,173.194.188.105,10.10.0.10,,,443,45734,0,1358,17
1588616975.292417,10.10.0.10,173.194.188.105,,,45734,443,0,37,17
1588616975.294815,173.194.188.105,10.10.0.10,,,443,45734,0,1358,17
1588616975.298609,173.194.188.105,10.10.0.10,,,443,45734,0,1358,17
1588616975.3004696,10.10.0.10,173.194.188.105,,,45734,443,0,37,17
1588616975.3025148,173.194.188.105,10.10.0.10,,,443,45734,0,1358,17
1588616975.306407,173.194.188.105,10.10.0.10,,,443,45734,0,1358,17
1588616975.3081539,10.10.0.10,173.194.188.105,,,45734,443,0,37,17
1588616975.3102279,173.194.188.105,10.10.0.10,,,443,45734,0,1358,17
1588616975.314122,173.194.188.105,10.10.0.10,,,443,45734,0,1358,17
1588616975.315841,10.10.0.10,173.194.188.105,,,45734,443,0,37,17
1588616975.3179822,173.194.188.105,10.10.0.10,,,443,45734,0,1358,17
1588616975.3218534,173.194.188.105,10.10.0.10,,,443,45734,0,1358,17
1588616975.323358,10.10.0.10,173.194.188.105,,,45734,443,0,37,17
1588616975.3256538,173.194.188.105,10.10.0.10,,,443,45734,0,1358,17
1588616975.329567,173.194.188.105,10.10.0.10,,,443,45734,0,1358,17
1588616975.3319461,10.10.0.10,173.194.188.105,,,45734,443,0,37,17
1588616975.3334286,173.194.188.105,10.10.0.10,,,443,45734,0,1358,17
1588616975.3372884,173.194.188.105,10.10.0.10,,,443,45734,0,1358,17
1588616975.3389866,10.10.0.10,173.194.188.105,,,45734,443,0,37,17
1588616975.341151,173.194.188.105,10.10.0.10,,,443,45734,0,1358,17
1588616975.345012,173.194.188.105,10.10.0.10,,,443,45734,0,1358,17
1588616975.34666,10.10.0.10,173.194.188.105,,,45734,443,0,37,17
1588616975.348844,173.194.188.105,10.10.0.10,,,443,45734,0,1358,17
1588616975.352741,173.194.188.105,10.10.0.10,,,443,45734,0,1358,17
1588616975.3545141,10.10.0.10,173.194.188.105,,,45734,443,0,37,17
1588616975.3565636,173.194.188.105,10.10.0.10,,,443,45734,0,1358,17
1588616975.360465,173.194.188.105,10.10.0.10,,,443,45734,0,1358,17
1588616975.364324,173.194.188.105,10.10.0.10,,,443,45734,0,1358,17
1588616975.368137,173.194.188.105,10.10.0.10,,,443,45734,0,1358,17
1588616975.3719778,173.194.188.105,10.10.0.10,,,443,45734,0,1358,17
1588616975.3758821,173.194.188.105,10.10.0.10,,,443,45734,0,1358,17
1588616975.379735,173.194.188.105,10.10.0.10,,,443,45734,0,1358,17
1588616975.383632,173.194.188.105,10.10.0.10,,,443,45734,0,1358,17
1588616975.387492,173.194.188.105,10.10.0.10,,,443,45734,0,1358,17
1588616975.3876038,10.10.0.10,173.194.188.105,,,45734,443,0,37,17
1588616975.390151,10.10.0.10,173.194.188.105,,,45734,443,0,37,17
1588616975.391727,10.10.0.10,173.194.188.105,,,45734,443,0,37,17
1588616975.3919199,10.10.0.10,173.194.188.105,,,45734,443,0,37,17
1588616975.3921962,173.194.188.105,10.10.0.10,,,443,45734,0,1358,17
1588616975.395408,10.10.0.10,173.194.188.105,,,45734,443,0,37,17
1588616975.396614,173.194.188.105,10.10.0.10,,,443,45734,0,1358,17
1588616975.3990748,173.194.188.105,10.10.0.10,,,443,45734,0,1358,17
1588616975.400723,10.10.0.10,173.194.188.105,,,45734,443,0,37,17
1588616975.40341,173.194.188.105,10.10.0.10,,,443,45734,0,1358,17
1588616975.4067972,173.194.188.105,10.10.0.10,,,443,45734,0,1358,17
1588616975.40843,10.10.0.10,173.194.188.105,,,45734,443,0,37,17
1588616975.410861,173.194.188.105,10.10.0.10,,,443,45734,0,1358,17
1588616975.414525,173.194.188.105,10.10.0.10,,,443,45734,0,1358,17
1588616975.417952,10.10.0.10,173.194.188.105,,,45734,443,0,37,17
1588616975.418478,173.194.188.105,10.10.0.10,,,443,45734,0,1358,17
1588616975.4222472,173.194.188.105,10.10.0.10,,,443,45734,0,1358,17
1588616975.4238858,10.10.0.10,173.194.188.105,,,45734,443,0,37,17
1588616975.426109,173.194.188.105,10.10.0.10,,,443,45734,0,1358,17
1588616975.429966,173.194.188.105,10.10.0.10,,,443,45734,0,1358,17
1588616975.4328249,10.10.0.10,173.194.188.105,,,45734,443,0,50,17
1588616975.433839,173.194.188.105,10.10.0.10,,,443,45734,0,1358,17
1588616975.43762,173.194.188.105,10.10.0.10,,,443,45734,0,1358,17
1588616975.439561,10.10.0.10,173.194.188.105,,,45734,443,0,37,17
1588616975.441551,173.194.188.105,10.10.0.10,,,443,45734,0,1358,17
1588616975.445416,173.194.188.105,10.10.0.10,,,443,45734,0,1358,17
1588616975.4470954,10.10.0.10,173.194.188.105,,,45734,443,0,37,17
1588616975.4492779,173.194.188.105,10.10.0.10,,,443,45734,0,1358,17
1588616975.4531386,173.194.188.105,10.10.0.10,,,443,45734,0,1358,17
1588616975.454692,10.10.0.10,173.194.188.105,,,45734,443,0,37,17
1588616975.4569972,173.194.188.105,10.10.0.10,,,443,45734,0,1358,17
1588616975.460863,173.194.188.105,10.10.0.10,,,443,45734,0,1358,17
1588616975.46292,10.10.0.10,173.194.188.105,,,45734,443,0,37,17
1588616975.464719,173.194.188.105,10.10.0.10,,,443,45734,0,1358,17
1588616975.46855,173.194.188.105,10.10.0.10,,,443,45734,0,1358,17
1588616975.4700818,10.10.0.10,173.194.188.105,,,45734,443,0,37,17
1588616975.4724429,173.194.188.105,10.10.0.10,,,443,45734,0,1358,17
1588616975.476307,173.194.188.105,10.10.0.10,,,443,45734,0,1358,17
1588616975.4793859,10.10.0.10,173.194.188.105,,,45734,443,0,37,17
1588616975.4801636,173.194.188.105,10.10.0.10,,,443,45734,0,1358,17
1588616975.484026,173.194.188.105,10.10.0.10,,,443,45734,0,1358,17
1588616975.485538,10.10.0.10,173.194.188.105,,,45734,443,0,37,17
1588616975.4878874,173.194.188.105,10.10.0.10,,,443,45734,0,1358,17
1588616975.491748,173.194.188.105,10.10.0.10,,,443,45734,0,1358,17
1588616975.4942648,10.10.0.10,173.194.188.105,,,45734,443,0,37,17
1588616975.49561,173.194.188.105,10.10.0.10,,,443,45734,0,1358,17
1588616975.499451,173.194.188.105,10.10.0.10,,,443,45734,0,1358,17
1588616975.5015519,10.10.0.10,173.194.188.105,,,45734,443,0,37,17
1588616975.5033062,173.194.188.105,10.10.0.10,,,443,45734,0,1358,17
1588616975.507198,173.194.188.105,10.10.0.10,,,443,45734,0,1358,17
1588616975.509056,10.10.0.10,173.194.188.105,,,45734,443,0,37,17
1588616975.511056,173.194.188.105,10.10.0.10,,,443,45734,0,1358,17
1588616975.514916,173.194.188.105,10.10.0.10,,,443,45734,0,1358,17
1588616975.5166721,10.10.0.10,173.194.188.105,,,45734,443,0,37,17
1588616975.5187411,173.194.188.105,10.10.0.10,,,443,45734,0,1358,17
1588616975.522615,173.194.188.105,10.10.0.10,,,443,45734,0,1358,17
1588616975.524368,10.10.0.10,173.194.188.105,,,45734,443,0,37,17
1588616975.5264995,173.194.188.105,10.10.0.10,,,443,45734,0,1358,17
1588616975.530361,173.194.188.105,10.10.0.10,,,443,45734,0,1358,17
1588616975.5320122,10.10.0.10,173.194.188.105,,,45734,443,0,37,17
1588616975.534224,173.194.188.105,10.10.0.10,,,443,45734,0,1358,17
1588616975.538098,173.194.188.105,10.10.0.10,,,443,45734,0,1358,17
1588616975.5398116,10.10.0.10,173.194.188.105,,,45734,443,0,37,17
1588616975.541883,173.194.188.105,10.10.0.10,,,443,45734,0,1358,17
1588616975.5457714,173.194.188.105,10.10.0.10,,,443,45734,0,1358,17
1588616975.547647,10.10.0.10,173.194.188.105,,,45734,443,0,37,17
1588616975.549631,173.194.188.105,10.10.0.10,,,443,45734,0,1358,17
1588616975.553533,173.194.188.105,10.10.0.10,,,443,45734,0,1358,17
1588616975.5551572,10.10.0.10,173.194.188.105,,,45734,443,0,37,17
1588616975.557393,173.194.188.105,10.10.0.10,,,443,45734,0,1358,17
1588616975.561192,173.194.188.105,10.10.0.10,,,443,45734,0,1358,17
1588616975.56308,10.10.0.10,173.194.188.105,,,45734,443,0,37,17
1588616975.5650542,173.194.188.105,10.10.0.10,,,443,45734,0,1358,17
1588616975.568912,173.194.188.105,10.10.0.10,,,443,45734,0,1358,17
1588616975.570618,10.10.0.10,173.194.188.105,,,45734,443,0,37,17
1588616975.572757,173.194.188.105,10.10.0.10,,,443,45734,0,1358,17
1588616975.5766509,173.194.188.105,10.10.0.10,,,443,45734,0,1358,17
1588616975.5783331,10.10.0.10,173.194.188.105,,,45734,443,0,37,17
1588616975.5805068,173.194.188.105,10.10.0.10,,,443,45734,0,1358,17
1588616975.584398,173.194.188.105,10.10.0.10,,,443,45734,0,1358,17
1588616975.588203,173.194.188.105,10.10.0.10,,,443,45734,0,1358,17
1588616975.589002,10.10.0.10,173.194.188.105,,,45734,443,0,50,17
1588616975.5920696,173.194.188.105,10.10.0.10,,,443,45734,0,1358,17
1588616975.593591,10.10.0.10,173.194.188.105,,,45734,443,0,37,17
1588616975.595929,173.194.188.105,10.10.0.10,,,443,45734,0,1358,17
1588616975.599794,173.194.188.105,10.10.0.10,,,443,45734,0,1358,17
1588616975.6020648,10.10.0.10,173.194.188.105,,,45734,443,0,37,17
1588616975.603647,173.194.188.105,10.10.0.10,,,443,45734,0,1358,17
1588616975.607541,173.194.188.105,10.10.0.10,,,443,45734,0,1358,17
1588616975.609624,10.10.0.10,173.194.188.105,,,45734,443,0,37,17
1588616975.6114278,173.194.188.105,10.10.0.10,,,443,45734,0,1358,17
1588616975.615232,173.194.188.105,10.10.0.10,,,443,45734,0,1358,17
1588616975.61679,10.10.0.10,173.194.188.105,,,45734,443,0,37,17
1588616975.6191251,173.194.188.105,10.10.0.10,,,443,45734,0,1358,17
1588616975.622991,173.194.188.105,10.10.0.10,,,443,45734,0,1358,17
1588616975.624984,10.10.0.10,173.194.188.105,,,45734,443,0,37,17
1588616975.6268554,173.194.188.105,10.10.0.10,,,443,45734,0,1358,17
1588616975.6306758,173.194.188.105,10.10.0.10,,,443,45734,0,1358,17
1588616975.632261,10.10.0.10,173.194.188.105,,,45734,443,0,37,17
1588616975.6345732,173.194.188.105,10.10.0.10,,,443,45734,0,1358,17
1588616975.63843,173.194.188.105,10.10.0.10,,,443,45734,0,1358,17
1588616975.640035,10.10.0.10,173.194.188.105,,,45734,443,0,37,17
1588616975.6422908,173.194.188.105,10.10.0.10,,,443,45734,0,1358,17
1588616975.646183,173.194.188.105,10.10.0.10,,,443,45734,0,1358,17
1588616975.648798,10.10.0.10,173.194.188.105,,,45734,443,0,37,17
1588616975.6500454,173.194.188.105,10.10.0.10,,,443,45734,0,1358,17
1588616975.653877,173.194.188.105,10.10.0.10,,,443,45734,0,1358,17
1588616975.6555722,10.10.0.10,173.194.188.105,,,45734,443,0,37,17
1588616975.6577132,173.194.188.105,10.10.0.10,,,443,45734,0,1358,17
1588616975.6615708,173.194.188.105,10.10.0.10,,,443,45734,0,1358,17
1588616975.663066,10.10.0.10,173.194.188.105,,,45734,443,0,37,17
1588616975.6654365,173.194.188.105,10.10.0.10,,,443,45734,0,1358,17
1588616975.6693099,173.194.188.105,10.10.0.10,,,443,45734,0,1358,17
1588616975.672081,10.10.0.10,173.194.188.105,,,45734,443,0,37,17
1588616975.673209,173.194.188.105,10.10.0.10,,,443,45734,0,1358,17
1588616975.677042,173.194.188.105,10.10.0.10,,,443,45734,0,1358,17
1588616975.678803,10.10.0.10,173.194.188.105,,,45734,443,0,37,17
1588616975.6809318,173.194.188.105,10.10.0.10,,,443,45734,0,1358,17
1588616975.684793,173.194.188.105,10.10.0.10,,,443,45734,0,1358,17
1588616975.686521,10.10.0.10,173.194.188.105,,,45734,443,0,37,17
1588616975.6885972,173.194.188.105,10.10.0.10,,,443,45734,0,1358,17
1588616975.6924922,173.194.188.105,10.10.0.10,,,443,45734,0,1358,17
1588616975.6942828,10.10.0.10,173.194.188.105,,,45734,443,0,37,17
1588616975.696321,173.194.188.105,10.10.0.10,,,443,45734,0,1358,17
1588616975.7002099,173.194.188.105,10.10.0.10,,,443,45734,0,1358,17
1588616975.701767,10.10.0.10,173.194.188.105,,,45734,443,0,37,17
1588616975.704074,173.194.188.105,10.10.0.10,,,443,45734,0,1358,17
1588616975.707934,173.194.188.105,10.10.0.10,,,443,45734,0,1358,17
1588616975.709584,10.10.0.10,173.194.188.105,,,45734,443,0,37,17
1588616975.7118278,173.194.188.105,10.10.0.10,,,443,45734,0,1358,17
1588616975.715659,173.194.188.105,10.10.0.10,,,443,45734,0,1358,17
1588616975.7173948,10.10.0.10,173.194.188.105,,,45734,443,0,37,17
1588616975.719545,173.194.188.105,10.10.0.10,,,443,45734,0,1358,17
1588616975.723406,173.194.188.105,10.10.0.10,,,443,45734,0,1358,17
1588616975.7250204,10.10.0.10,173.194.188.105,,,45734,443,0,37,17
1588616975.7272658,173.194.188.105,10.10.0.10,,,443,45734,0,1358,17
1588616975.731108,173.194.188.105,10.10.0.10,,,443,45734,0,1358,17
1588616975.732732,10.10.0.10,173.194.188.105,,,45734,443,0,37,17
1588616975.734993,173.194.188.105,10.10.0.10,,,443,45734,0,1358,17
1588616975.738827,173.194.188.105,10.10.0.10,,,443,45734,0,1358,17
1588616975.7404606,10.10.0.10,173.194.188.105,,,45734,443,0,50,17
1588616975.742717,173.194.188.105,10.10.0.10,,,443,45734,0,1358,17
1588616975.746579,173.194.188.105,10.10.0.10,,,443,45734,0,1358,17
1588616975.748626,10.10.0.10,173.194.188.105,,,45734,443,0,37,17
1588616975.7504401,173.194.188.105,10.10.0.10,,,443,45734,0,1358,17
1588616975.7543,173.194.188.105,10.10.0.10,,,443,45734,0,1358,17
1588616975.756133,10.10.0.10,173.194.188.105,,,45734,443,0,37,17
1588616975.758162,173.194.188.105,10.10.0.10,,,443,45734,0,1358,17
1588616975.761964,173.194.188.105,10.10.0.10,,,443,45734,0,1358,17
1588616975.765862,173.194.188.105,10.10.0.10,,,443,45734,0,1358,17
1588616975.7696931,10.10.0.10,173.194.188.105,,,45734,443,0,37,17
1588616975.769706,173.194.188.105,10.10.0.10,,,443,45734,0,1358,17
1588616975.771127,10.10.0.10,173.194.188.105,,,45734,443,0,37,17
1588616975.773606,173.194.188.105,10.10.0.10,,,443,45734,0,1358,17
1588616975.7774668,173.194.188.105,10.10.0.10,,,443,45734,0,1358,17
1588616975.778958,10.10.0.10,173.194.188.105,,,45734,443,0,37,17
1588616975.781329,173.194.188.105,10.10.0.10,,,443,45734,0,1358,17
1588616975.7851892,173.194.188.105,10.10.0.10,,,443,45734,0,1358,17
1588616975.787194,10.10.0.10,173.194.188.105,,,45734,443,0,37,17
1588616975.789025,173.194.188.105,10.10.0.10,,,443,45734,0,1358,17
1588616975.7929099,173.194.188.105,10.10.0.10,,,443,45734,0,1358,17
1588616975.794465,10.10.0.10,173.194.188.105,,,45734,443,0,37,17
1588616975.796775,173.194.188.105,10.10.0.10,,,443,45734,0,1358,17
1588616975.8006349,173.194.188.105,10.10.0.10,,,443,45734,0,1358,17
1588616975.8023384,10.10.0.10,173.194.188.105,,,45734,443,0,37,17
1588616975.804497,173.194.188.105,10.10.0.10,,,443,45734,0,1358,17
1588616975.8083599,173.194.188.105,10.10.0.10,,,443,45734,0,1358,17
1588616975.810152,10.10.0.10,173.194.188.105,,,45734,443,0,37,17
1588616975.8121948,173.194.188.105,10.10.0.10,,,443,45734,0,1358,17
1588616975.816083,173.194.188.105,10.10.0.10,,,443,45734,0,1358,17
1588616975.817715,10.10.0.10,173.194.188.105,,,45734,443,0,37,17
1588616975.819944,173.194.188.105,10.10.0.10,,,443,45734,0,1358,17
1588616975.823805,173.194.188.105,10.10.0.10,,,443,45734,0,1358,17
1588616975.8252714,10.10.0.10,173.194.188.105,,,45734,443,0,37,17
1588616975.8276658,173.194.188.105,10.10.0.10,,,443,45734,0,1358,17
1588616975.831527,173.194.188.105,10.10.0.10,,,443,45734,0,1358,17
1588616975.833303,10.10.0.10,173.194.188.105,,,45734,443,0,37,17
1588616975.835361,173.194.188.105,10.10.0.10,,,443,45734,0,1358,17
1588616975.839255,173.194.188.105,10.10.0.10,,,443,45734,0,1358,17
1588616975.841076,10.10.0.10,173.194.188.105,,,45734,443,0,37,17
1588616975.8431172,173.194.188.105,10.10.0.10,,,443,45734,0,1358,17
1588616975.8469286,173.194.188.105,10.10.0.10,,,443,45734,0,1358,17
1588616975.849657,10.10.0.10,173.194.188.105,,,45734,443,0,37,17
1588616975.8508394,173.194.188.105,10.10.0.10,,,443,45734,0,1358,17
1588616975.8547,173.194.188.105,10.10.0.10,,,443,45734,0,1358,17
1588616975.856543,10.10.0.10,173.194.188.105,,,45734,443,0,37,17
1588616975.858531,173.194.188.105,10.10.0.10,,,443,45734,0,1358,17
1588616975.862392,173.194.188.105,10.10.0.10,,,443,45734,0,1358,17
1588616975.8641858,10.10.0.10,173.194.188.105,,,45734,443,0,37,17
1588616975.866284,173.194.188.105,10.10.0.10,,,443,45734,0,1358,17
1588616975.8700998,173.194.188.105,10.10.0.10,,,443,45734,0,1358,17
1588616975.8716311,10.10.0.10,173.194.188.105,,,45734,443,0,37,17
1588616975.87396,173.194.188.105,10.10.0.10,,,443,45734,0,1358,17
1588616975.8778212,173.194.188.105,10.10.0.10,,,443,45734,0,1358,17
1588616975.8794758,10.10.0.10,173.194.188.105,,,45734,443,0,37,17
1588616975.8817315,173.194.188.105,10.10.0.10,,,443,45734,0,1358,17
1588616975.885561,173.194.188.105,10.10.0.10,,,443,45734,0,1358,17
1588616975.8881252,10.10.0.10,173.194.188.105,,,45734,443,0,37,17
1588616975.8894231,173.194.188.105,10.10.0.10,,,443,45734,0,1358,17
1588616975.8933158,173.194.188.105,10.10.0.10,,,443,45734,0,1358,17
1588616975.894938,10.10.0.10,173.194.188.105,,,45734,443,0,50,17
1588616975.897177,173.194.188.105,10.10.0.10,,,443,45734,0,1358,17
1588616975.901044,173.194.188.105,10.10.0.10,,,443,45734,0,1358,17
1588616975.902632,10.10.0.10,173.194.188.105,,,45734,443,0,37,17
1588616975.904904,173.194.188.105,10.10.0.10,,,443,45734,0,1358,17
1588616975.9087286,173.194.188.105,10.10.0.10,,,443,45734,0,1358,17
1588616975.910235,10.10.0.10,173.194.188.105,,,45734,443,0,37,17
1588616975.912626,173.194.188.105,10.10.0.10,,,443,45734,0,1358,17
1588616975.916496,173.194.188.105,10.10.0.10,,,443,45734,0,1358,17
1588616975.918068,10.10.0.10,173.194.188.105,,,45734,443,0,37,17
1588616975.9203384,173.194.188.105,10.10.0.10,,,443,45734,0,1358,17
1588616975.9242098,173.194.188.105,10.10.0.10,,,443,45734,0,1358,17
1588616975.9256759,10.10.0.10,173.194.188.105,,,45734,443,0,37,17
1588616975.928072,173.194.188.105,10.10.0.10,,,443,45734,0,1358,17
1588616975.9318721,173.194.188.105,10.10.0.10,,,443,45734,0,1358,17
1588616975.933843,10.10.0.10,173.194.188.105,,,45734,443,0,37,17
1588616975.93576,173.194.188.105,10.10.0.10,,,443,45734,0,1358,17
1588616975.9396286,173.194.188.105,10.10.0.10,,,443,45734,0,1358,17
1588616975.9417136,10.10.0.10,173.194.188.105,,,45734,443,0,37,17
1588616975.9435172,173.194.188.105,10.10.0.10,,,443,45734,0,1358,17
1588616975.947378,173.194.188.105,10.10.0.10,,,443,45734,0,1358,17
1588616975.9494028,10.10.0.10,173.194.188.105,,,45734,443,0,37,17
1588616975.951239,173.194.188.105,10.10.0.10,,,443,45734,0,1358,17
1588616975.955101,173.194.188.105,10.10.0.10,,,443,45734,0,1358,17
1588616975.95664,10.10.0.10,173.194.188.105,,,45734,443,0,37,17
1588616975.9589276,173.194.188.105,10.10.0.10,,,443,45734,0,1358,17
1588616975.962824,173.194.188.105,10.10.0.10,,,443,45734,0,1358,17
1588616975.9646974,10.10.0.10,173.194.188.105,,,45734,443,0,37,17
1588616975.966685,173.194.188.105,10.10.0.10,,,443,45734,0,1358,17
1588616975.970562,173.194.188.105,10.10.0.10,,,443,45734,0,1358,17
1588616975.9734864,10.10.0.10,173.194.188.105,,,45734,443,0,37,17
1588616975.974407,173.194.188.105,10.10.0.10,,,443,45734,0,1358,17
1588616975.9782689,173.194.188.105,10.10.0.10,,,443,45734,0,1358,17
1588616975.980741,10.10.0.10,173.194.188.105,,,45734,443,0,37,17
1588616975.982095,173.194.188.105,10.10.0.10,,,443,45734,0,1358,17
1588616975.985991,173.194.188.105,10.10.0.10,,,443,45734,0,1358,17
1588616975.9875262,10.10.0.10,173.194.188.105,,,45734,443,0,37,17
1588616975.9898536,173.194.188.105,10.10.0.10,,,443,45734,0,1358,17
1588616975.993714,173.194.188.105,10.10.0.10,,,443,45734,0,1358,17
1588616975.997575,173.194.188.105,10.10.0.10,,,443,45734,0,1358,17
1588616975.9986901,10.10.0.10,173.194.188.105,,,45734,443,0,37,17
1588616976.0014362,173.194.188.105,10.10.0.10,,,443,45734,0,1358,17
1588616976.003055,10.10.0.10,173.194.188.105,,,45734,443,0,37,17
1588616976.0052311,173.194.188.105,10.10.0.10,,,443,45734,0,1358,17
1588616976.009136,173.194.188.105,10.10.0.10,,,443,45734,0,1358,17
1588616976.0107849,10.10.0.10,173.194.188.105,,,45734,443,0,37,17
1588616976.012953,173.194.188.105,10.10.0.10,,,443,45734,0,1358,17
1588616976.016881,173.194.188.105,10.10.0.10,,,443,45734,0,1358,17
1588616976.0185401,10.10.0.10,173.194.188.105,,,45734,443,0,37,17
1588616976.0207438,173.194.188.105,10.10.0.10,,,443,45734,0,1358,17
1588616976.024605,173.194.188.105,10.10.0.10,,,443,45734,0,1358,17
1588616976.02619,10.10.0.10,173.194.188.105,,,45734,443,0,37,17
1588616976.0284762,173.194.188.105,10.10.0.10,,,443,45734,0,1358,17
1588616976.032295,173.194.188.105,10.10.0.10,,,443,45734,0,1358,17
1588616976.034945,10.10.0.10,173.194.188.105,,,45734,443,0,37,17
1588616976.036189,173.194.188.105,10.10.0.10,,,443,45734,0,1358,17
1588616976.040058,173.194.188.105,10.10.0.10,,,443,45734,0,1358,17
1588616976.041713,10.10.0.10,173.194.188.105,,,45734,443,0,37,17
1588616976.0438864,173.194.188.105,10.10.0.10,,,443,45734,0,1358,17
1588616976.047736,173.194.188.105,10.10.0.10,,,443,45734,0,1358,17
1588616976.0501974,10.10.0.10,173.194.188.105,,,45734,443,0,50,17
1588616976.0516198,173.194.188.105,10.10.0.10,,,443,45734,0,1358,17
1588616976.0554569,173.194.188.105,10.10.0.10,,,443,45734,0,1358,17
1588616976.0571961,10.10.0.10,173.194.188.105,,,45734,443,0,37,17
1588616976.05932,173.194.188.105,10.10.0.10,,,443,45734,0,1358,17
1588616976.063217,173.194.188.105,10.10.0.10,,,443,45734,0,1358,17
1588616976.065613,10.10.0.10,173.194.188.105,,,45734,443,0,37,17
1588616976.0670788,173.194.188.105,10.10.0.10,,,443,45734,0,1358,17
1588616976.070871,173.194.188.105,10.10.0.10,,,443,45734,0,1358,17
1588616976.072928,10.10.0.10,173.194.188.105,,,45734,443,0,37,17
1588616976.074801,173.194.188.105,10.10.0.10,,,443,45734,0,1358,17
1588616976.078596,173.194.188.105,10.10.0.10,,,443,45734,0,1358,17
1588616976.081903,10.10.0.10,173.194.188.105,,,45734,443,0,37,17
1588616976.0824811,173.194.188.105,10.10.0.10,,,443,45734,0,1358,17
1588616976.086349,173.194.188.105,10.10.0.10,,,443,45734,0,1358,17
1588616976.087943,10.10.0.10,173.194.188.105,,,45734,443,0,37,17
1588616976.0902462,173.194.188.105,10.10.0.10,,,443,45734,0,1358,17
1588616976.094107,173.194.188.105,10.10.0.10,,,443,45734,0,1358,17
1588616976.095799,10.10.0.10,173.194.188.105,,,45734,443,0,37,17
1588616976.097944,173.194.188.105,10.10.0.10,,,443,45734,0,1358,17
1588616976.101839,173.194.188.105,10.10.0.10,,,443,45734,0,1358,17
1588616976.1035464,10.10.0.10,173.194.188.105,,,45734,443,0,37,17
1588616976.105653,173.194.188.105,10.10.0.10,,,443,45734,0,1358,17
1588616976.1095548,173.194.188.105,10.10.0.10,,,443,45734,0,1358,17
1588616976.1111438,10.10.0.10,173.194.188.105,,,45734,443,0,37,17
1588616976.113413,173.194.188.105,10.10.0.10,,,443,45734,0,1358,17
1588616976.1172748,173.194.188.105,10.10.0.10,,,443,45734,0,1358,17
1588616976.119402,10.10.0.10,173.194.188.105,,,45734,443,0,37,17
1588616976.1211011,173.194.188.105,10.10.0.10,,,443,45734,0,1358,17
1588616976.124998,173.194.188.105,10.10.0.10,,,443,45734,0,1358,17
1588616976.126751,10.10.0.10,173.194.188.105,,,45734,443,0,37,17
1588616976.1288214,173.194.188.105,10.10.0.10,,,443,45734,0,1358,17
1588616976.13272,173.194.188.105,10.10.0.10,,,443,45734,0,1358,17
1588616976.1343381,10.10.0.10,173.194.188.105,,,45734,443,0,37,17
1588616976.13656,173.194.188.105,10.10.0.10,,,443,45734,0,1358,17
1588616976.1404452,173.194.188.105,10.10.0.10,,,443,45734,0,1358,17
1588616976.1427548,10.10.0.10,173.194.188.105,,,45734,443,0,37,17
1588616976.1443038,173.194.188.105,10.10.0.10,,,443,45734,0,1358,17
1588616976.1481652,173.194.188.105,10.10.0.10,,,443,45734,0,1358,17
1588616976.1506329,10.10.0.10,173.194.188.105,,,45734,443,0,37,17
1588616976.1519608,173.194.188.105,10.10.0.10,,,443,45734,0,1358,17
1588616976.155863,173.194.188.105,10.10.0.10,,,443,45734,0,1358,17
1588616976.157522,10.10.0.10,173.194.188.105,,,45734,443,0,37,17
1588616976.15975,173.194.188.105,10.10.0.10,,,443,45734,0,1358,17
1588616976.163613,173.194.188.105,10.10.0.10,,,443,45734,0,1358,17
1588616976.1652508,10.10.0.10,173.194.188.105,,,45734,443,0,37,17
1588616976.1674721,173.194.188.105,10.10.0.10,,,443,45734,0,1358,17
1588616976.171299,173.194.188.105,10.10.0.10,,,443,45734,0,1358,17
1588616976.172985,10.10.0.10,173.194.188.105,,,45734,443,0,37,17
1588616976.175182,173.194.188.105,10.10.0.10,,,443,45734,0,1358,17
1588616976.1790204,173.194.188.105,10.10.0.10,,,443,45734,0,1358,17
1588616976.1807196,10.10.0.10,173.194.188.105,,,45734,443,0,37,17
1588616976.182918,173.194.188.105,10.10.0.10,,,443,45734,0,1358,17
1588616976.1867802,173.194.188.105,10.10.0.10,,,443,45734,0,1358,17
1588616976.18832,10.10.0.10,173.194.188.105,,,45734,443,0,37,17
1588616976.190641,173.194.188.105,10.10.0.10,,,443,45734,0,1358,17
1588616976.1945012,173.194.188.105,10.10.0.10,,,443,45734,0,1358,17
1588616976.196441,10.10.0.10,173.194.188.105,,,45734,443,0,37,17
1588616976.1983626,173.194.188.105,10.10.0.10,,,443,45734,0,1358,17
1588616976.2021885,173.194.188.105,10.10.0.10,,,443,45734,0,1358,17
1588616976.203757,10.10.0.10,173.194.188.105,,,45734,443,0,50,17
1588616976.2060866,173.194.188.105,10.10.0.10,,,443,45734,0,1358,17
1588616976.2099464,173.194.188.105,10.10.0.10,,,443,45734,0,1358,17
1588616976.2115252,10.10.0.10,173.194.188.105,,,45734,443,0,37,17
1588616976.213807,173.194.188.105,10.10.0.10,,,443,45734,0,1358,17
1588616976.217601,173.194.188.105,10.10.0.10,,,443,45734,0,1358,17
1588616976.219233,10.10.0.10,173.194.188.105,,,45734,443,0,37,17
1588616976.22153,173.194.188.105,10.10.0.10,,,443,45734,0,1358,17
1588616976.225325,173.194.188.105,10.10.0.10,,,443,45734,0,1358,17
1588616976.2276962,10.10.0.10,173.194.188.105,,,45734,443,0,37,17
1588616976.2292519,173.194.188.105,10.10.0.10,,,443,45734,0,1358,17
1588616976.233115,173.194.188.105,10.10.0.10,,,443,45734,0,1358,17
1588616976.23533,10.10.0.10,173.194.188.105,,,45734,443,0,37,17
1588616976.2369769,173.194.188.105,10.10.0.10,,,443,45734,0,1358,17
1588616976.240839,173.194.188.105,10.10.0.10,,,443,45734,0,1358,17
1588616976.242505,10.10.0.10,173.194.188.105,,,45734,443,0,37,17
1588616976.2446976,173.194.188.105,10.10.0.10,,,443,45734,0,1358,17
1588616976.2485402,173.194.188.105,10.10.0.10,,,443,45734,0,1358,17
1588616976.250423,10.10.0.10,173.194.188.105,,,45734,443,0,37,17
1588616976.2523878,173.194.188.105,10.10.0.10,,,443,45734,0,1358,17
1588616976.2562802,173.194.188.105,10.10.0.10,,,443,45734,0,1186,17
1588616976.258124,10.10.0.10,173.194.188.105,,,45734,443,0,37,17
1588616976.286799,10.10.0.10,173.194.188.105,,,45734,443,0,730,17
1588616976.286847,10.10.0.10,173.194.188.105,,,45734,443,0,48,17
1588616976.291184,173.194.188.105,10.10.0.10,,,443,45734,0,115,17
1588616976.291225,173.194.188.105,10.10.0.10,,,443,45734,0,1358,17
1588616976.2912428,173.194.188.105,10.10.0.10,,,443,45734,0,1358,17
1588616976.2937381,10.10.0.10,173.194.188.105,,,45734,443,0,37,17
1588616976.294962,173.194.188.105,10.10.0.10,,,443,45734,0,1358,17
1588616976.2974648,10.10.0.10,173.194.188.105,,,45734,443,0,37,17
1588616976.2988222,173.194.188.105,10.10.0.10,,,443,45734,0,1358,17
1588616976.3026538,173.194.188.105,10.10.0.10,,,443,45734,0,1358,17
1588616976.30421,10.10.0.10,173.194.188.105,,,45734,443,0,37,17
1588616976.3065438,173.194.188.105,10.10.0.10,,,443,45734,0,1358,17
1588616976.310405,173.194.188.105,10.10.0.10,,,443,45734,0,1358,17
1588616976.31209,10.10.0.10,173.194.188.105,,,45734,443,0,37,17
1588616976.313281,10.10.0.10,173.194.188.105,,,45734,443,0,726,17
1588616976.313479,10.10.0.10,173.194.188.105,,,45734,443,0,48,17
1588616976.314263,173.194.188.105,10.10.0.10,,,443,45734,0,1358,17
1588616976.3180866,173.194.188.105,10.10.0.10,,,443,45734,0,1358,17
1588616976.320238,10.10.0.10,173.194.188.105,,,45734,443,0,37,17
1588616976.32192,173.194.188.105,10.10.0.10,,,443,45734,0,1358,17
1588616976.32581,173.194.188.105,10.10.0.10,,,443,45734,0,1358,17
1588616976.327393,10.10.0.10,173.194.188.105,,,45734,443,0,37,17
1588616976.329673,173.194.188.105,10.10.0.10,,,443,45734,0,1358,17
1588616976.3335712,173.194.188.105,10.10.0.10,,,443,45734,0,1358,17
1588616976.3356712,10.10.0.10,173.194.188.105,,,45734,443,0,37,17
1588616976.337431,173.194.188.105,10.10.0.10,,,443,45734,0,29,17
1588616976.337532,173.194.188.105,10.10.0.10,,,443,45734,0,1358,17
1588616976.3414366,173.194.188.105,10.10.0.10,,,443,45734,0,1358,17
1588616976.343195,10.10.0.10,173.194.188.105,,,45734,443,0,37,17
1588616976.3452618,173.194.188.105,10.10.0.10,,,443,45734,0,1358,17
1588616976.349168,173.194.188.105,10.10.0.10,,,443,45734,0,1358,17
1588616976.3509278,10.10.0.10,173.194.188.105,,,45734,443,0,37,17
1588616976.3530178,173.194.188.105,10.10.0.10,,,443,45734,0,1358,17
1588616976.3569179,173.194.188.105,10.10.0.10,,,443,45734,0,1358,17
1588616976.3585956,10.10.0.10,173.194.188.105,,,45734,443,0,37,17
1588616976.3607779,173.194.188.105,10.10.0.10,,,443,45734,0,1358,17
1588616976.364638,173.194.188.105,10.10.0.10,,,443,45734,0,1358,17
1588616976.3668392,10.10.0.10,173.194.188.105,,,45734,443,0,37,17
1588616976.368509,173.194.188.105,10.10.0.10,,,443,45734,0,1358,17
1588616976.372315,173.194.188.105,10.10.0.10,,,443,45734,0,1358,17
1588616976.373846,10.10.0.10,173.194.188.105,,,45734,443,0,37,17
1588616976.3761885,173.194.188.105,10.10.0.10,,,443,45734,0,1358,17
1588616976.380088,173.194.188.105,10.10.0.10,,,443,45734,0,1358,17
1588616976.383557,10.10.0.10,173.194.188.105,,,45734,443,0,37,17
1588616976.383877,173.194.188.105,10.10.0.10,,,443,45734,0,1358,17
1588616976.38781,173.194.188.105,10.10.0.10,,,443,45734,0,1358,17
1588616976.390141,10.10.0.10,173.194.188.105,,,45734,443,0,37,17
1588616976.3916712,173.194.188.105,10.10.0.10,,,443,45734,0,1358,17
1588616976.3954918,173.194.188.105,10.10.0.10,,,443,45734,0,1358,17
1588616976.3971162,10.10.0.10,173.194.188.105,,,45734,443,0,37,17
1588616976.3993928,173.194.188.105,10.10.0.10,,,443,45734,0,1358,17
1588616976.4032571,173.194.188.105,10.10.0.10,,,443,45734,0,1358,17
1588616976.404867,10.10.0.10,173.194.188.105,,,45734,443,0,37,17
1588616976.4071171,173.194.188.105,10.10.0.10,,,443,45734,0,1358,17
1588616976.4109778,173.194.188.105,10.10.0.10,,,443,45734,0,1358,17
1588616976.412534,10.10.0.10,173.194.188.105,,,45734,443,0,37,17
1588616976.414839,173.194.188.105,10.10.0.10,,,443,45734,0,1358,17
1588616976.4186275,173.194.188.105,10.10.0.10,,,443,45734,0,1358,17
1588616976.420231,10.10.0.10,173.194.188.105,,,45734,443,0,37,17
1588616976.4225366,173.194.188.105,10.10.0.10,,,443,45734,0,1358,17
1588616976.426423,173.194.188.105,10.10.0.10,,,443,45734,0,1358,17
1588616976.428031,10.10.0.10,173.194.188.105,,,45734,443,0,37,17
1588616976.4302852,173.194.188.105,10.10.0.10,,,443,45734,0,1358,17
1588616976.4341474,173.194.188.105,10.10.0.10,,,443,45734,0,1358,17
1588616976.4359412,10.10.0.10,173.194.188.105,,,45734,443,0,37,17
1588616976.438007,173.194.188.105,10.10.0.10,,,443,45734,0,1358,17
1588616976.441875,173.194.188.105,10.10.0.10,,,443,45734,0,1358,17
1588616976.4435349,10.10.0.10,173.194.188.105,,,45734,443,0,37,17
1588616976.445688,173.194.188.105,10.10.0.10,,,443,45734,0,1358,17
1588616976.449591,173.194.188.105,10.10.0.10,,,443,45734,0,1358,17
1588616976.451304,10.10.0.10,173.194.188.105,,,45734,443,0,37,17
1588616976.4534528,173.194.188.105,10.10.0.10,,,443,45734,0,1358,17
1588616976.457314,173.194.188.105,10.10.0.10,,,443,45734,0,1358,17
1588616976.45893,10.10.0.10,173.194.188.105,,,45734,443,0,37,17
1588616976.4611,173.194.188.105,10.10.0.10,,,443,45734,0,1358,17
1588616976.4650366,173.194.188.105,10.10.0.10,,,443,45734,0,1358,17
1588616976.467869,10.10.0.10,173.194.188.105,,,45734,443,0,50,17
1588616976.468858,173.194.188.105,10.10.0.10,,,443,45734,0,1358,17
1588616976.472758,173.194.188.105,10.10.0.10,,,443,45734,0,1358,17
1588616976.474282,10.10.0.10,173.194.188.105,,,45734,443,0,37,17
1588616976.4766202,173.194.188.105,10.10.0.10,,,443,45734,0,1358,17
1588616976.4804811,173.194.188.105,10.10.0.10,,,443,45734,0,1358,17
1588616976.4826221,10.10.0.10,173.194.188.105,,,45734,443,0,37,17
1588616976.484343,173.194.188.105,10.10.0.10,,,443,45734,0,1358,17
1588616976.4882028,173.194.188.105,10.10.0.10,,,443,45734,0,1358,17
1588616976.491193,10.10.0.10,173.194.188.105,,,45734,443,0,37,17
1588616976.491992,173.194.188.105,10.10.0.10,,,443,45734,0,1358,17
1588616976.4959009,173.194.188.105,10.10.0.10,,,443,45734,0,1358,17
1588616976.49745,10.10.0.10,173.194.188.105,,,45734,443,0,37,17
1588616976.49975,173.194.188.105,10.10.0.10,,,443,45734,0,1358,17
1588616976.50365,173.194.188.105,10.10.0.10,,,443,45734,0,1358,17
1588616976.5052838,10.10.0.10,173.194.188.105,,,45734,443,0,37,17
1588616976.5075102,173.194.188.105,10.10.0.10,,,443,45734,0,1358,17
1588616976.5113714,173.194.188.105,10.10.0.10,,,443,45734,0,1358,17
1588616976.513077,10.10.0.10,173.194.188.105,,,45734,443,0,37,17
1588616976.515176,173.194.188.105,10.10.0.10,,,443,45734,0,1358,17
1588616976.519057,173.194.188.105,10.10.0.10,,,443,45734,0,1358,17
1588616976.520676,10.10.0.10,173.194.188.105,,,45734,443,0,37,17
1588616976.5229561,173.194.188.105,10.10.0.10,,,443,45734,0,1358,17
1588616976.5268168,173.194.188.105,10.10.0.10,,,443,45734,0,1358,17
1588616976.5284526,10.10.0.10,173.194.188.105,,,45734,443,0,37,17
1588616976.530678,173.194.188.105,10.10.0.10,,,443,45734,0,1358,17
1588616976.5345402,173.194.188.105,10.10.0.10,,,443,45734,0,1358,17
1588616976.53626,10.10.0.10,173.194.188.105,,,45734,443,0,37,17
1588616976.538401,173.194.188.105,10.10.0.10,,,443,45734,0,1358,17
1588616976.542224,173.194.188.105,10.10.0.10,,,443,45734,0,1358,17
1588616976.5442884,10.10.0.10,173.194.188.105,,,45734,443,0,37,17
1588616976.5461226,173.194.188.105,10.10.0.10,,,443,45734,0,1358,17
1588616976.549985,173.194.188.105,10.10.0.10,,,443,45734,0,1358,17
1588616976.551595,10.10.0.10,173.194.188.105,,,45734,443,0,37,17
1588616976.553848,173.194.188.105,10.10.0.10,,,443,45734,0,1358,17
1588616976.5577092,173.194.188.105,10.10.0.10,,,443,45734,0,1358,17
1588616976.55939,10.10.0.10,173.194.188.105,,,45734,443,0,37,17
1588616976.5615714,173.194.188.105,10.10.0.10,,,443,45734,0,1358,17
1588616976.5653582,173.194.188.105,10.10.0.10,,,443,45734,0,1358,17
1588616976.5670302,10.10.0.10,173.194.188.105,,,45734,443,0,37,17
1588616976.5692651,173.194.188.105,10.10.0.10,,,443,45734,0,1358,17
1588616976.573153,173.194.188.105,10.10.0.10,,,443,45734,0,1358,17
1588616976.57694,173.194.188.105,10.10.0.10,,,443,45734,0,1358,17
1588616976.579173,10.10.0.10,173.194.188.105,,,45734,443,0,37,17
1588616976.5808132,173.194.188.105,10.10.0.10,,,443,45734,0,1358,17
1588616976.5829036,10.10.0.10,173.194.188.105,,,45734,443,0,37,17
1588616976.584697,173.194.188.105,10.10.0.10,,,443,45734,0,1358,17
1588616976.588526,173.194.188.105,10.10.0.10,,,443,45734,0,1358,17
1588616976.5901456,10.10.0.10,173.194.188.105,,,45734,443,0,37,17
1588616976.592389,173.194.188.105,10.10.0.10,,,443,45734,0,1358,17
1588616976.596273,173.194.188.105,10.10.0.10,,,443,45734,0,1358,17
1588616976.5991485,10.10.0.10,173.194.188.105,,,45734,443,0,37,17
1588616976.600158,173.194.188.105,10.10.0.10,,,443,45734,0,1358,17
1588616976.603959,173.194.188.105,10.10.0.10,,,443,45734,0,1358,17
1588616976.605815,10.10.0.10,173.194.188.105,,,45734,443,0,37,17
1588616976.607827,173.194.188.105,10.10.0.10,,,443,45734,0,1358,17
1588616976.6117172,173.194.188.105,10.10.0.10,,,443,45734,0,1358,17
1588616976.6133044,10.10.0.10,173.194.188.105,,,45734,443,0,37,17
1588616976.615576,173.194.188.105,10.10.0.10,,,443,45734,0,1358,17
1588616976.6194696,173.194.188.105,10.10.0.10,,,443,45734,0,1358,17
1588616976.621418,10.10.0.10,173.194.188.105,,,45734,443,0,50,17
1588616976.6232722,173.194.188.105,10.10.0.10,,,443,45734,0,1358,17
1588616976.627165,173.194.188.105,10.10.0.10,,,443,45734,0,1358,17
1588616976.6288762,10.10.0.10,173.194.188.105,,,45734,443,0,37,17
1588616976.631036,173.194.188.105,10.10.0.10,,,443,45734,0,1358,17
1588616976.6348605,173.194.188.105,10.10.0.10,,,443,45734,0,1358,17
1588616976.63872,173.194.188.105,10.10.0.10,,,443,45734,0,1358,17
1588616976.642587,173.194.188.105,10.10.0.10,,,443,45734,0,1358,17
1588616976.6464498,173.194.188.105,10.10.0.10,,,443,45734,0,1358,17
1588616976.650312,173.194.188.105,10.10.0.10,,,443,45734,0,1358,17
1588616976.654167,173.194.188.105,10.10.0.10,,,443,45734,0,1358,17
1588616976.6580286,173.194.188.105,10.10.0.10,,,443,45734,0,1358,17
1588616976.6618464,10.10.0.10,173.194.188.105,,,45734,443,0,37,17
1588616976.6645956,10.10.0.10,173.194.188.105,,,45734,443,0,37,17
1588616976.66539,10.10.0.10,173.194.188.105,,,45734,443,0,37,17
1588616976.6660268,173.194.188.105,10.10.0.10,,,443,45734,0,1358,17
1588616976.666888,10.10.0.10,173.194.188.105,,,45734,443,0,37,17
1588616976.669528,173.194.188.105,10.10.0.10,,,443,45734,0,1358,17
1588616976.669599,173.194.188.105,10.10.0.10,,,443,45734,0,1358,17
1588616976.672516,10.10.0.10,173.194.188.105,,,45734,443,0,37,17
1588616976.6773412,173.194.188.105,10.10.0.10,,,443,45734,0,1358,17
1588616976.6773582,173.194.188.105,10.10.0.10,,,443,45734,0,1358,17
1588616976.679372,10.10.0.10,173.194.188.105,,,45734,443,0,37,17
1588616976.6859126,173.194.188.105,10.10.0.10,,,443,45734,0,1358,17
1588616976.6859262,173.194.188.105,10.10.0.10,,,443,45734,0,1358,17
1588616976.6876292,10.10.0.10,173.194.188.105,,,45734,443,0,37,17
1588616976.6923196,173.194.188.105,10.10.0.10,,,443,45734,0,1358,17
1588616976.6930606,173.194.188.105,10.10.0.10,,,443,45734,0,1358,17
1588616976.694057,10.10.0.10,173.194.188.105,,,45734,443,0,37,17
1588616976.700425,173.194.188.105,10.10.0.10,,,443,45734,0,1358,17
1588616976.7008,173.194.188.105,10.10.0.10,,,443,45734,0,1358,17
1588616976.7026489,10.10.0.10,173.194.188.105,,,45734,443,0,37,17
1588616976.707173,173.194.188.105,10.10.0.10,,,443,45734,0,1358,17
1588616976.7085068,173.194.188.105,10.10.0.10,,,443,45734,0,1358,17
1588616976.7085474,10.10.0.10,173.194.188.105,,,45734,443,0,37,17
1588616976.7132409,173.194.188.105,10.10.0.10,,,443,45734,0,1358,17
1588616976.7147868,10.10.0.10,173.194.188.105,,,45734,443,0,37,17
1588616976.7162411,173.194.188.105,10.10.0.10,,,443,45734,0,1358,17
1588616976.720102,173.194.188.105,10.10.0.10,,,443,45734,0,1358,17
1588616976.7215528,10.10.0.10,173.194.188.105,,,45734,443,0,37,17
1588616976.723952,173.194.188.105,10.10.0.10,,,443,45734,0,1358,17
1588616976.7278259,173.194.188.105,10.10.0.10,,,443,45734,0,1358,17
1588616976.729328,10.10.0.10,173.194.188.105,,,45734,443,0,37,17
1588616976.7316868,173.194.188.105,10.10.0.10,,,443,45734,0,1358,17
1588616976.735546,173.194.188.105,10.10.0.10,,,443,45734,0,1358,17
1588616976.7370784,10.10.0.10,173.194.188.105,,,45734,443,0,37,17
1588616976.739409,173.194.188.105,10.10.0.10,,,443,45734,0,1358,17
1588616976.7432704,173.194.188.105,10.10.0.10,,,443,45734,0,1358,17
1588616976.744749,10.10.0.10,173.194.188.105,,,45734,443,0,37,17
1588616976.7471304,173.194.188.105,10.10.0.10,,,443,45734,0,1358,17
1588616976.750994,173.194.188.105,10.10.0.10,,,443,45734,0,1358,17
1588616976.7524738,10.10.0.10,173.194.188.105,,,45734,443,0,37,17
1588616976.754854,173.194.188.105,10.10.0.10,,,443,45734,0,1358,17
1588616976.758714,173.194.188.105,10.10.0.10,,,443,45734,0,1358,17
1588616976.760101,10.10.0.10,173.194.188.105,,,45734,443,0,37,17
1588616976.7625742,173.194.188.105,10.10.0.10,,,443,45734,0,1358,17
1588616976.766438,173.194.188.105,10.10.0.10,,,443,45734,0,1358,17
1588616976.76791,10.10.0.10,173.194.188.105,,,45734,443,0,37,17
1588616976.7703,173.194.188.105,10.10.0.10,,,443,45734,0,1358,17
1588616976.774159,173.194.188.105,10.10.0.10,,,443,45734,0,1358,17
1588616976.7755358,10.10.0.10,173.194.188.105,,,45734,443,0,50,17
1588616976.778022,173.194.188.105,10.10.0.10,,,443,45734,0,1358,17
1588616976.781871,173.194.188.105,10.10.0.10,,,443,45734,0,1358,17
1588616976.7835786,10.10.0.10,173.194.188.105,,,45734,443,0,37,17
1588616976.785743,173.194.188.105,10.10.0.10,,,443,45734,0,1358,17
1588616976.789607,173.194.188.105,10.10.0.10,,,443,45734,0,1358,17
1588616976.791141,10.10.0.10,173.194.188.105,,,45734,443,0,37,17
1588616976.793472,173.194.188.105,10.10.0.10,,,443,45734,0,1358,17
1588616976.797329,173.194.188.105,10.10.0.10,,,443,45734,0,1358,17
1588616976.8011901,173.194.188.105,10.10.0.10,,,443,45734,0,1358,17
1588616976.8017464,10.10.0.10,173.194.188.105,,,45734,443,0,37,17
1588616976.8050532,173.194.188.105,10.10.0.10,,,443,45734,0,1358,17
1588616976.8064759,10.10.0.10,173.194.188.105,,,45734,443,0,37,17
1588616976.8089108,173.194.188.105,10.10.0.10,,,443,45734,0,1358,17
1588616976.812823,173.194.188.105,10.10.0.10,,,443,45734,0,1358,17
1588616976.814449,10.10.0.10,173.194.188.105,,,45734,443,0,37,17
1588616976.8166852,173.194.188.105,10.10.0.10,,,443,45734,0,1358,17
1588616976.8205464,173.194.188.105,10.10.0.10,,,443,45734,0,1358,17
1588616976.822074,10.10.0.10,173.194.188.105,,,45734,443,0,37,17
1588616976.8243492,173.194.188.105,10.10.0.10,,,443,45734,0,1358,17
1588616976.828268,173.194.188.105,10.10.0.10,,,443,45734,0,1358,17
1588616976.829803,10.10.0.10,173.194.188.105,,,45734,443,0,37,17
1588616976.832104,173.194.188.105,10.10.0.10,,,443,45734,0,1358,17
1588616976.8359892,173.194.188.105,10.10.0.10,,,443,45734,0,1358,17
1588616976.837703,10.10.0.10,173.194.188.105,,,45734,443,0,37,17
1588616976.839854,173.194.188.105,10.10.0.10,,,443,45734,0,1358,17
1588616976.843713,173.194.188.105,10.10.0.10,,,443,45734,0,1358,17
1588616976.8456366,10.10.0.10,173.194.188.105,,,45734,443,0,37,17
1588616976.847575,173.194.188.105,10.10.0.10,,,443,45734,0,1358,17
1588616976.851378,173.194.188.105,10.10.0.10,,,443,45734,0,1358,17
1588616976.8533304,10.10.0.10,173.194.188.105,,,45734,443,0,37,17
1588616976.85524,173.194.188.105,10.10.0.10,,,443,45734,0,1358,17
1588616976.8591359,173.194.188.105,10.10.0.10,,,443,45734,0,1358,17
1588616976.8610358,10.10.0.10,173.194.188.105,,,45734,443,0,37,17
1588616976.8630204,173.194.188.105,10.10.0.10,,,443,45734,0,1358,17
1588616976.8668818,173.194.188.105,10.10.0.10,,,443,45734,0,1358,17
1588616976.8684974,10.10.0.10,173.194.188.105,,,45734,443,0,37,17
1588616976.8707259,173.194.188.105,10.10.0.10,,,443,45734,0,1358,17
1588616976.8746052,173.194.188.105,10.10.0.10,,,443,45734,0,1358,17
1588616976.87791,10.10.0.10,173.194.188.105,,,45734,443,0,37,17
1588616976.8784401,173.194.188.105,10.10.0.10,,,443,45734,0,1358,17
1588616976.8823,173.194.188.105,10.10.0.10,,,443,45734,0,1358,17
1588616976.8846,10.10.0.10,173.194.188.105,,,45734,443,0,37,17
1588616976.8861892,173.194.188.105,10.10.0.10,,,443,45734,0,1358,17
1588616976.890051,173.194.188.105,10.10.0.10,,,443,45734,0,1358,17
1588616976.891748,10.10.0.10,173.194.188.105,,,45734,443,0,37,17
1588616976.893913,173.194.188.105,10.10.0.10,,,443,45734,0,1358,17
1588616976.897774,173.194.188.105,10.10.0.10,,,443,45734,0,1358,17
1588616976.8994188,10.10.0.10,173.194.188.105,,,45734,443,0,37,17
1588616976.9016118,173.194.188.105,10.10.0.10,,,443,45734,0,1358,17
1588616976.90547,173.194.188.105,10.10.0.10,,,443,45734,0,1358,17
1588616976.9070988,10.10.0.10,173.194.188.105,,,45734,443,0,37,17
1588616976.90936,173.194.188.105,10.10.0.10,,,443,45734,0,1358,17
1588616976.913219,173.194.188.105,10.10.0.10,,,443,45734,0,1358,17
1588616976.914768,10.10.0.10,173.194.188.105,,,45734,443,0,37,17
1588616976.9170802,173.194.188.105,10.10.0.10,,,443,45734,0,1358,17
1588616976.920941,173.194.188.105,10.10.0.10,,,443,45734,0,1358,17
1588616976.922413,10.10.0.10,173.194.188.105,,,45734,443,0,37,17
1588616976.9248018,173.194.188.105,10.10.0.10,,,443,45734,0,1358,17
1588616976.928606,173.194.188.105,10.10.0.10,,,443,45734,0,1358,17
1588616976.9299948,10.10.0.10,173.194.188.105,,,45734,443,0,50,17
1588616976.932503,173.194.188.105,10.10.0.10,,,443,45734,0,1358,17
1588616976.9363868,173.194.188.105,10.10.0.10,,,443,45734,0,1358,17
1588616976.9379332,10.10.0.10,173.194.188.105,,,45734,443,0,37,17
1588616976.94068,173.194.188.105,10.10.0.10,,,443,45734,0,1358,17
1588616976.9445722,173.194.188.105,10.10.0.10,,,443,45734,0,1358,17
1588616976.9461849,10.10.0.10,173.194.188.105,,,45734,443,0,37,17
1588616976.9484358,173.194.188.105,10.10.0.10,,,443,45734,0,1358,17
1588616976.952268,173.194.188.105,10.10.0.10,,,443,45734,0,1358,17
1588616976.954391,10.10.0.10,173.194.188.105,,,45734,443,0,37,17
1588616976.9561565,173.194.188.105,10.10.0.10,,,443,45734,0,1358,17
1588616976.960018,173.194.188.105,10.10.0.10,,,443,45734,0,1358,17
1588616976.961495,10.10.0.10,173.194.188.105,,,45734,443,0,37,17
1588616976.9638786,173.194.188.105,10.10.0.10,,,443,45734,0,1358,17
1588616976.96774,173.194.188.105,10.10.0.10,,,443,45734,0,1358,17
1588616976.9694786,10.10.0.10,173.194.188.105,,,45734,443,0,37,17
1588616976.971601,173.194.188.105,10.10.0.10,,,443,45734,0,1358,17
1588616976.9754362,173.194.188.105,10.10.0.10,,,443,45734,0,1358,17
1588616976.977056,10.10.0.10,173.194.188.105,,,45734,443,0,37,17
1588616976.979325,173.194.188.105,10.10.0.10,,,443,45734,0,1358,17
1588616976.983158,173.194.188.105,10.10.0.10,,,443,45734,0,1358,17
1588616976.987041,173.194.188.105,10.10.0.10,,,443,45734,0,1358,17
1588616976.987067,10.10.0.10,173.194.188.105,,,45734,443,0,37,17
1588616976.990908,173.194.188.105,10.10.0.10,,,443,45734,0,1358,17
1588616976.992381,10.10.0.10,173.194.188.105,,,45734,443,0,37,17
1588616976.9947689,173.194.188.105,10.10.0.10,,,443,45734,0,1358,17
1588616976.998573,173.194.188.105,10.10.0.10,,,443,45734,0,1358,17
1588616977.0002682,10.10.0.10,173.194.188.105,,,45734,443,0,37,17
1588616977.0024712,173.194.188.105,10.10.0.10,,,443,45734,0,1358,17
1588616977.006353,173.194.188.105,10.10.0.10,,,443,45734,0,1358,17
1588616977.0082731,10.10.0.10,173.194.188.105,,,45734,443,0,37,17
1588616977.010214,173.194.188.105,10.10.0.10,,,443,45734,0,1358,17
1588616977.0140748,173.194.188.105,10.10.0.10,,,443,45734,0,1358,17
1588616977.0176866,10.10.0.10,173.194.188.105,,,45734,443,0,37,17
1588616977.017879,173.194.188.105,10.10.0.10,,,443,45734,0,1358,17
1588616977.0218039,173.194.188.105,10.10.0.10,,,443,45734,0,1358,17
1588616977.02339,10.10.0.10,173.194.188.105,,,45734,443,0,37,17
1588616977.0256338,173.194.188.105,10.10.0.10,,,443,45734,0,1358,17
1588616977.029521,173.194.188.105,10.10.0.10,,,443,45734,0,1358,17
1588616977.0311198,10.10.0.10,173.194.188.105,,,45734,443,0,37,17
1588616977.0333831,173.194.188.105,10.10.0.10,,,443,45734,0,1358,17
1588616977.037243,173.194.188.105,10.10.0.10,,,443,45734,0,1358,17
1588616977.0387962,10.10.0.10,173.194.188.105,,,45734,443,0,37,17
1588616977.041105,173.194.188.105,10.10.0.10,,,443,45734,0,1358,17
1588616977.044966,173.194.188.105,10.10.0.10,,,443,45734,0,1358,17
1588616977.0466876,10.10.0.10,173.194.188.105,,,45734,443,0,37,17
1588616977.0488062,173.194.188.105,10.10.0.10,,,443,45734,0,1358,17
1588616977.05269,173.194.188.105,10.10.0.10,,,443,45734,0,1358,17
1588616977.0543716,10.10.0.10,173.194.188.105,,,45734,443,0,37,17
1588616977.05655,173.194.188.105,10.10.0.10,,,443,45734,0,1358,17
1588616977.060411,173.194.188.105,10.10.0.10,,,443,45734,0,1358,17
1588616977.0642724,173.194.188.105,10.10.0.10,,,443,45734,0,1358,17
1588616977.0644784,10.10.0.10,173.194.188.105,,,45734,443,0,37,17
1588616977.068135,173.194.188.105,10.10.0.10,,,443,45734,0,1358,17
1588616977.070497,10.10.0.10,173.194.188.105,,,45734,443,0,37,17
1588616977.0719366,173.194.188.105,10.10.0.10,,,443,45734,0,1358,17
1588616977.075857,173.194.188.105,10.10.0.10,,,443,45734,0,1358,17
1588616977.077584,10.10.0.10,173.194.188.105,,,45734,443,0,37,17
1588616977.0797179,173.194.188.105,10.10.0.10,,,443,45734,0,1358,17
1588616977.0835805,173.194.188.105,10.10.0.10,,,443,45734,0,1358,17
1588616977.08542,10.10.0.10,173.194.188.105,,,45734,443,0,50,17
1588616977.087441,173.194.188.105,10.10.0.10,,,443,45734,0,1358,17
1588616977.0913012,173.194.188.105,10.10.0.10,,,443,45734,0,1358,17
1588616977.093038,10.10.0.10,173.194.188.105,,,45734,443,0,37,17
1588616977.09517,173.194.188.105,10.10.0.10,,,443,45734,0,1358,17
1588616977.098999,173.194.188.105,10.10.0.10,,,443,45734,0,1358,17
1588616977.100704,10.10.0.10,173.194.188.105,,,45734,443,0,37,17
1588616977.102886,173.194.188.105,10.10.0.10,,,443,45734,0,1358,17
1588616977.1067462,173.194.188.105,10.10.0.10,,,443,45734,0,1358,17
1588616977.108546,10.10.0.10,173.194.188.105,,,45734,443,0,37,17
1588616977.110608,173.194.188.105,10.10.0.10,,,443,45734,0,1358,17
1588616977.11447,173.194.188.105,10.10.0.10,,,443,45734,0,1358,17
1588616977.116891,10.10.0.10,173.194.188.105,,,45734,443,0,37,17
1588616977.11833,173.194.188.105,10.10.0.10,,,443,45734,0,1358,17
1588616977.1221652,173.194.188.105,10.10.0.10,,,443,45734,0,1358,17
1588616977.124008,10.10.0.10,173.194.188.105,,,45734,443,0,37,17
1588616977.1260538,173.194.188.105,10.10.0.10,,,443,45734,0,1358,17
1588616977.129915,173.194.188.105,10.10.0.10,,,443,45734,0,1358,17
1588616977.131474,10.10.0.10,173.194.188.105,,,45734,443,0,37,17
1588616977.133776,173.194.188.105,10.10.0.10,,,443,45734,0,1358,17
1588616977.1376376,173.194.188.105,10.10.0.10,,,443,45734,0,1358,17
1588616977.1391866,10.10.0.10,173.194.188.105,,,45734,443,0,37,17
1588616977.141498,173.194.188.105,10.10.0.10,,,443,45734,0,1358,17
1588616977.145302,173.194.188.105,10.10.0.10,,,443,45734,0,1358,17
1588616977.1471422,10.10.0.10,173.194.188.105,,,45734,443,0,37,17
1588616977.1492212,173.194.188.105,10.10.0.10,,,443,45734,0,1358,17
1588616977.1530821,173.194.188.105,10.10.0.10,,,443,45734,0,1358,17
1588616977.1546829,10.10.0.10,173.194.188.105,,,45734,443,0,37,17
1588616977.156945,173.194.188.105,10.10.0.10,,,443,45734,0,1358,17
1588616977.1608052,173.194.188.105,10.10.0.10,,,443,45734,0,1358,17
1588616977.162264,10.10.0.10,173.194.188.105,,,45734,443,0,37,17
1588616977.164666,173.194.188.105,10.10.0.10,,,443,45734,0,1358,17
1588616977.168519,173.194.188.105,10.10.0.10,,,443,45734,0,1358,17
1588616977.1701422,10.10.0.10,173.194.188.105,,,45734,443,0,37,17
1588616977.172369,173.194.188.105,10.10.0.10,,,443,45734,0,1358,17
1588616977.176233,173.194.188.105,10.10.0.10,,,443,45734,0,1358,17
1588616977.1782658,10.10.0.10,173.194.188.105,,,45734,443,0,37,17
1588616977.180112,173.194.188.105,10.10.0.10,,,443,45734,0,1358,17
1588616977.183977,173.194.188.105,10.10.0.10,,,443,45734,0,1358,17
1588616977.187834,173.194.188.105,10.10.0.10,,,443,45734,0,1358,17
1588616977.188872,10.10.0.10,173.194.188.105,,,45734,443,0,37,17
1588616977.1916964,173.194.188.105,10.10.0.10,,,443,45734,0,1358,17
1588616977.1931882,10.10.0.10,173.194.188.105,,,45734,443,0,37,17
1588616977.1955302,173.194.188.105,10.10.0.10,,,443,45734,0,1358,17
1588616977.1994188,173.194.188.105,10.10.0.10,,,443,45734,0,1358,17
1588616977.2012901,10.10.0.10,173.194.188.105,,,45734,443,0,37,17
1588616977.2032812,173.194.188.105,10.10.0.10,,,443,45734,0,1358,17
1588616977.2071412,173.194.188.105,10.10.0.10,,,443,45734,0,1358,17
1588616977.2090776,10.10.0.10,173.194.188.105,,,45734,443,0,37,17
1588616977.2110028,173.194.188.105,10.10.0.10,,,443,45734,0,1358,17
1588616977.214864,173.194.188.105,10.10.0.10,,,443,45734,0,1358,17
1588616977.216496,10.10.0.10,173.194.188.105,,,45734,443,0,37,17
1588616977.218699,173.194.188.105,10.10.0.10,,,443,45734,0,1358,17
1588616977.2206008,10.10.0.10,173.194.188.105,,,45734,443,0,40,17
1588616977.222586,173.194.188.105,10.10.0.10,,,443,45734,0,1358,17
1588616977.224083,10.10.0.10,173.194.188.105,,,45734,443,0,40,17
1588616977.226448,173.194.188.105,10.10.0.10,,,443,45734,0,1358,17
1588616977.228121,10.10.0.10,173.194.188.105,,,45734,443,0,53,17
1588616977.23031,173.194.188.105,10.10.0.10,,,443,45734,0,1358,17
1588616977.2321439,10.10.0.10,173.194.188.105,,,45734,443,0,40,17
1588616977.234143,173.194.188.105,10.10.0.10,,,443,45734,0,1358,17
1588616977.2380311,173.194.188.105,10.10.0.10,,,443,45734,0,1358,17
1588616977.2398758,10.10.0.10,173.194.188.105,,,45734,443,0,40,17
1588616977.2418554,173.194.188.105,10.10.0.10,,,443,45734,0,1358,17
1588616977.2457318,173.194.188.105,10.10.0.10,,,443,45734,0,29,17
1588616977.2458658,173.194.188.105,10.10.0.10,,,443,45734,0,1358,17
1588616977.2476,10.10.0.10,173.194.188.105,,,45734,443,0,37,17
1588616977.2497911,173.194.188.105,10.10.0.10,,,443,45734,0,1358,17
1588616977.254085,173.194.188.105,10.10.0.10,,,443,45734,0,1358,17
1588616977.256742,10.10.0.10,173.194.188.105,,,45734,443,0,37,17
1588616977.257952,173.194.188.105,10.10.0.10,,,443,45734,0,1358,17
1588616977.261843,173.194.188.105,10.10.0.10,,,443,45734,0,1358,17
1588616977.2633276,10.10.0.10,173.194.188.105,,,45734,443,0,37,17
1588616977.265671,173.194.188.105,10.10.0.10,,,443,45734,0,1358,17
1588616977.269561,173.194.188.105,10.10.0.10,,,443,45734,0,1358,17
1588616977.271179,10.10.0.10,173.194.188.105,,,45734,443,0,37,17
1588616977.273421,173.194.188.105,10.10.0.10,,,443,45734,0,1358,17
1588616977.277283,173.194.188.105,10.10.0.10,,,443,45734,0,1358,17
1588616977.278958,10.10.0.10,173.194.188.105,,,45734,443,0,37,17
1588616977.2811446,173.194.188.105,10.10.0.10,,,443,45734,0,1358,17
1588616977.285006,173.194.188.105,10.10.0.10,,,443,45734,0,1358,17
1588616977.287622,10.10.0.10,173.194.188.105,,,45734,443,0,37,17
1588616977.28884,173.194.188.105,10.10.0.10,,,443,45734,0,1358,17
1588616977.292728,173.194.188.105,10.10.0.10,,,443,45734,0,1358,17
1588616977.2941468,10.10.0.10,173.194.188.105,,,45734,443,0,37,17
1588616977.29659,173.194.188.105,10.10.0.10,,,443,45734,0,1358,17
1588616977.300433,173.194.188.105,10.10.0.10,,,443,45734,0,1358,17
1588616977.302027,10.10.0.10,173.194.188.105,,,45734,443,0,37,17
1588616977.304312,173.194.188.105,10.10.0.10,,,443,45734,0,1358,17
1588616977.308119,173.194.188.105,10.10.0.10,,,443,45734,0,1358,17
1588616977.3108392,10.10.0.10,173.194.188.105,,,45734,443,0,37,17
1588616977.311976,173.194.188.105,10.10.0.10,,,443,45734,0,1358,17
1588616977.3158374,173.194.188.105,10.10.0.10,,,443,45734,0,1358,17
1588616977.317209,10.10.0.10,173.194.188.105,,,45734,443,0,37,17
1588616977.319694,173.194.188.105,10.10.0.10,,,443,45734,0,1358,17
1588616977.3235571,173.194.188.105,10.10.0.10,,,443,45734,0,1358,17
1588616977.3270118,10.10.0.10,173.194.188.105,,,45734,443,0,37,17
1588616977.3274524,173.194.188.105,10.10.0.10,,,443,45734,0,1358,17
1588616977.33128,173.194.188.105,10.10.0.10,,,443,45734,0,1358,17
1588616977.3327026,10.10.0.10,173.194.188.105,,,45734,443,0,37,17
1588616977.3351831,173.194.188.105,10.10.0.10,,,443,45734,0,1358,17
1588616977.3390338,173.194.188.105,10.10.0.10,,,443,45734,0,1358,17
1588616977.340894,10.10.0.10,173.194.188.105,,,45734,443,0,37,17
1588616977.3429232,173.194.188.105,10.10.0.10,,,443,45734,0,1358,17
1588616977.346758,173.194.188.105,10.10.0.10,,,443,45734,0,1358,17
1588616977.348391,10.10.0.10,173.194.188.105,,,45734,443,0,37,17
1588616977.350647,173.194.188.105,10.10.0.10,,,443,45734,0,1358,17
1588616977.354507,173.194.188.105,10.10.0.10,,,443,45734,0,1358,17
1588616977.3564339,10.10.0.10,173.194.188.105,,,45734,443,0,37,17
1588616977.358378,173.194.188.105,10.10.0.10,,,443,45734,0,1358,17
1588616977.362202,173.194.188.105,10.10.0.10,,,443,45734,0,1358,17
1588616977.3641381,10.10.0.10,173.194.188.105,,,45734,443,0,37,17
1588616977.3660922,173.194.188.105,10.10.0.10,,,443,45734,0,1358,17
1588616977.369912,173.194.188.105,10.10.0.10,,,443,45734,0,1358,17
1588616977.3715134,10.10.0.10,173.194.188.105,,,45734,443,0,37,17
1588616977.3737679,173.194.188.105,10.10.0.10,,,443,45734,0,1358,17
1588616977.3776288,173.194.188.105,10.10.0.10,,,443,45734,0,1358,17
1588616977.379082,10.10.0.10,173.194.188.105,,,45734,443,0,50,17
1588616977.38149,173.194.188.105,10.10.0.10,,,443,45734,0,1358,17
1588616977.385373,173.194.188.105,10.10.0.10,,,443,45734,0,1358,17
1588616977.388536,10.10.0.10,173.194.188.105,,,45734,443,0,37,17
1588616977.3892329,173.194.188.105,10.10.0.10,,,443,45734,0,1358,17
1588616977.393121,173.194.188.105,10.10.0.10,,,443,45734,0,1358,17
1588616977.3946779,10.10.0.10,173.194.188.105,,,45734,443,0,37,17
1588616977.3969822,173.194.188.105,10.10.0.10,,,443,45734,0,1358,17
1588616977.400843,173.194.188.105,10.10.0.10,,,443,45734,0,1358,17
1588616977.403682,10.10.0.10,173.194.188.105,,,45734,443,0,37,17
1588616977.404705,173.194.188.105,10.10.0.10,,,443,45734,0,1358,17
1588616977.40853,173.194.188.105,10.10.0.10,,,443,45734,0,1358,17
1588616977.410223,10.10.0.10,173.194.188.105,,,45734,443,0,37,17
1588616977.4123812,173.194.188.105,10.10.0.10,,,443,45734,0,1358,17
1588616977.41627,173.194.188.105,10.10.0.10,,,443,45734,0,1358,17
1588616977.417998,10.10.0.10,173.194.188.105,,,45734,443,0,37,17
1588616977.42015,173.194.188.105,10.10.0.10,,,443,45734,0,1358,17
1588616977.4239962,173.194.188.105,10.10.0.10,,,443,45734,0,1358,17
1588616977.42748,10.10.0.10,173.194.188.105,,,45734,443,0,37,17
1588616977.42895,173.194.188.105,10.10.0.10,,,443,45734,0,1358,17
1588616977.433983,173.194.188.105,10.10.0.10,,,443,45734,0,1358,17
1588616977.435876,10.10.0.10,173.194.188.105,,,45734,443,0,37,17
1588616977.43898,173.194.188.105,10.10.0.10,,,443,45734,0,1358,17
1588616977.44401,173.194.188.105,10.10.0.10,,,443,45734,0,1358,17
1588616977.4454641,10.10.0.10,173.194.188.105,,,45734,443,0,37,17
1588616977.448978,173.194.188.105,10.10.0.10,,,443,45734,0,1358,17
1588616977.4540062,173.194.188.105,10.10.0.10,,,443,45734,0,1358,17
1588616977.4556348,10.10.0.10,173.194.188.105,,,45734,443,0,37,17
1588616977.458976,173.194.188.105,10.10.0.10,,,443,45734,0,1358,17
1588616977.463974,173.194.188.105,10.10.0.10,,,443,45734,0,1358,17
1588616977.465899,10.10.0.10,173.194.188.105,,,45734,443,0,37,17
1588616977.4689732,173.194.188.105,10.10.0.10,,,443,45734,0,1358,17
1588616977.474,173.194.188.105,10.10.0.10,,,443,45734,0,1358,17
1588616977.475524,10.10.0.10,173.194.188.105,,,45734,443,0,37,17
1588616977.478968,173.194.188.105,10.10.0.10,,,443,45734,0,1358,17
1588616977.4839964,173.194.188.105,10.10.0.10,,,443,45734,0,1358,17
1588616977.485546,10.10.0.10,173.194.188.105,,,45734,443,0,37,17
1588616977.488966,173.194.188.105,10.10.0.10,,,443,45734,0,1358,17
1588616977.493969,173.194.188.105,10.10.0.10,,,443,45734,0,1358,17
1588616977.495667,10.10.0.10,173.194.188.105,,,45734,443,0,37,17
1588616977.4989624,173.194.188.105,10.10.0.10,,,443,45734,0,1358,17
1588616977.5039892,173.194.188.105,10.10.0.10,,,443,45734,0,1358,17
1588616977.506002,10.10.0.10,173.194.188.105,,,45734,443,0,37,17
1588616977.5089538,173.194.188.105,10.10.0.10,,,443,45734,0,1358,17
1588616977.5139241,173.194.188.105,10.10.0.10,,,443,45734,0,1358,17
1588616977.5166454,10.10.0.10,173.194.188.105,,,45734,443,0,37,17
1588616977.518933,173.194.188.105,10.10.0.10,,,443,45734,0,1358,17
1588616977.523925,173.194.188.105,10.10.0.10,,,443,45734,0,1358,17
1588616977.5264268,10.10.0.10,173.194.188.105,,,45734,443,0,37,17
1588616977.5289464,173.194.188.105,10.10.0.10,,,443,45734,0,1358,17
1588616977.533969,173.194.188.105,10.10.0.10,,,443,45734,0,1358,17
1588616977.5361812,10.10.0.10,173.194.188.105,,,45734,443,0,37,17
1588616977.538945,173.194.188.105,10.10.0.10,,,443,45734,0,1358,17
1588616977.543968,173.194.188.105,10.10.0.10,,,443,45734,0,1358,17
1588616977.545578,10.10.0.10,173.194.188.105,,,45734,443,0,37,17
1588616977.548918,173.194.188.105,10.10.0.10,,,443,45734,0,1358,17
1588616977.5539162,173.194.188.105,10.10.0.10,,,443,45734,0,1358,17
1588616977.5555148,10.10.0.10,173.194.188.105,,,45734,443,0,37,17
1588616977.5589228,173.194.188.105,10.10.0.10,,,443,45734,0,1358,17
1588616977.5639641,173.194.188.105,10.10.0.10,,,443,45734,0,1358,17
1588616977.565726,10.10.0.10,173.194.188.105,,,45734,443,0,50,17
1588616977.569536,173.194.188.105,10.10.0.10,,,443,45734,0,1358,17
1588616977.57456,173.194.188.105,10.10.0.10,,,443,45734,0,1358,17
1588616977.576624,10.10.0.10,173.194.188.105,,,45734,443,0,37,17
1588616977.579558,173.194.188.105,10.10.0.10,,,443,45734,0,1358,17
1588616977.584558,173.194.188.105,10.10.0.10,,,443,45734,0,1358,17
1588616977.5871482,10.10.0.10,173.194.188.105,,,45734,443,0,37,17
1588616977.589494,173.194.188.105,10.10.0.10,,,443,45734,0,1358,17
1588616977.594525,173.194.188.105,10.10.0.10,,,443,45734,0,1358,17
1588616977.5961714,10.10.0.10,173.194.188.105,,,45734,443,0,37,17
1588616977.5995526,173.194.188.105,10.10.0.10,,,443,45734,0,1358,17
1588616977.6044884,173.194.188.105,10.10.0.10,,,443,45734,0,1358,17
1588616977.6061141,10.10.0.10,173.194.188.105,,,45734,443,0,37,17
1588616977.6095548,173.194.188.105,10.10.0.10,,,443,45734,0,1358,17
1588616977.6145458,173.194.188.105,10.10.0.10,,,443,45734,0,1358,17
1588616977.617811,10.10.0.10,173.194.188.105,,,45734,443,0,37,17
1588616977.619498,173.194.188.105,10.10.0.10,,,443,45734,0,1358,17
1588616977.6244829,173.194.188.105,10.10.0.10,,,443,45734,0,1358,17
1588616977.62603,10.10.0.10,173.194.188.105,,,45734,443,0,37,17
1588616977.6294801,173.194.188.105,10.10.0.10,,,443,45734,0,1358,17
1588616977.6345148,173.194.188.105,10.10.0.10,,,443,45734,0,1358,17
1588616977.636144,10.10.0.10,173.194.188.105,,,45734,443,0,37,17
1588616977.6395464,173.194.188.105,10.10.0.10,,,443,45734,0,1358,17
1588616977.644542,173.194.188.105,10.10.0.10,,,443,45734,0,1358,17
1588616977.647009,10.10.0.10,173.194.188.105,,,45734,443,0,37,17
1588616977.6495411,173.194.188.105,10.10.0.10,,,443,45734,0,1358,17
1588616977.6545384,173.194.188.105,10.10.0.10,,,443,45734,0,1358,17
1588616977.6564732,10.10.0.10,173.194.188.105,,,45734,443,0,37,17
1588616977.6594784,173.194.188.105,10.10.0.10,,,443,45734,0,1358,17
1588616977.6645384,173.194.188.105,10.10.0.10,,,443,45734,0,1358,17
1588616977.6662018,10.10.0.10,173.194.188.105,,,45734,443,0,37,17
1588616977.669471,173.194.188.105,10.10.0.10,,,443,45734,0,1358,17
1588616977.674535,173.194.188.105,10.10.0.10,,,443,45734,0,1358,17
1588616977.6764581,10.10.0.10,173.194.188.105,,,45734,443,0,37,17
1588616977.6795342,173.194.188.105,10.10.0.10,,,443,45734,0,1358,17
1588616977.684506,173.194.188.105,10.10.0.10,,,443,45734,0,1358,17
1588616977.688334,10.10.0.10,173.194.188.105,,,45734,443,0,37,17
1588616977.6895304,173.194.188.105,10.10.0.10,,,443,45734,0,1358,17
1588616977.6944988,173.194.188.105,10.10.0.10,,,443,45734,0,1358,17
1588616977.698304,10.10.0.10,173.194.188.105,,,45734,443,0,37,17
1588616977.6995199,173.194.188.105,10.10.0.10,,,443,45734,0,1358,17
1588616977.704518,173.194.188.105,10.10.0.10,,,443,45734,0,1358,17
1588616977.7066991,10.10.0.10,173.194.188.105,,,45734,443,0,37,17
1588616977.709527,173.194.188.105,10.10.0.10,,,443,45734,0,1358,17
1588616977.7145262,173.194.188.105,10.10.0.10,,,443,45734,0,1358,17
1588616977.7162278,10.10.0.10,173.194.188.105,,,45734,443,0,37,17
1588616977.719525,173.194.188.105,10.10.0.10,,,443,45734,0,1358,17
1588616977.724522,173.194.188.105,10.10.0.10,,,443,45734,0,1358,17
1588616977.7260606,10.10.0.10,173.194.188.105,,,45734,443,0,37,17
1588616977.729521,173.194.188.105,10.10.0.10,,,443,45734,0,1358,17
1588616977.7344828,173.194.188.105,10.10.0.10,,,443,45734,0,1358,17
1588616977.7361252,10.10.0.10,173.194.188.105,,,45734,443,0,37,17
1588616977.7395165,173.194.188.105,10.10.0.10,,,443,45734,0,1358,17
1588616977.744515,173.194.188.105,10.10.0.10,,,443,45734,0,1358,17
1588616977.746142,10.10.0.10,173.194.188.105,,,45734,443,0,37,17
1588616977.749512,173.194.188.105,10.10.0.10,,,443,45734,0,1358,17
1588616977.7544932,173.194.188.105,10.10.0.10,,,443,45734,0,1358,17
1588616977.7560608,10.10.0.10,173.194.188.105,,,45734,443,0,37,17
1588616977.759509,173.194.188.105,10.10.0.10,,,443,45734,0,1358,17
1588616977.764506,173.194.188.105,10.10.0.10,,,443,45734,0,1358,17
1588616977.766234,10.10.0.10,173.194.188.105,,,45734,443,0,50,17
1588616977.769489,173.194.188.105,10.10.0.10,,,443,45734,0,1358,17
1588616977.7744448,173.194.188.105,10.10.0.10,,,443,45734,0,1358,17
1588616977.7762392,10.10.0.10,173.194.188.105,,,45734,443,0,37,17
1588616977.779505,173.194.188.105,10.10.0.10,,,443,45734,0,1358,17
1588616977.784503,173.194.188.105,10.10.0.10,,,443,45734,0,1358,17
1588616977.786438,10.10.0.10,173.194.188.105,,,45734,443,0,37,17
1588616977.789502,173.194.188.105,10.10.0.10,,,443,45734,0,1358,17
1588616977.7945,173.194.188.105,10.10.0.10,,,443,45734,0,1358,17
1588616977.796489,10.10.0.10,173.194.188.105,,,45734,443,0,37,17
1588616977.7994974,173.194.188.105,10.10.0.10,,,443,45734,0,1358,17
1588616977.804496,173.194.188.105,10.10.0.10,,,443,45734,0,1358,17
1588616977.806691,10.10.0.10,173.194.188.105,,,45734,443,0,37,17
1588616977.8094974,173.194.188.105,10.10.0.10,,,443,45734,0,1358,17
1588616977.814512,173.194.188.105,10.10.0.10,,,443,45734,0,1358,17
1588616977.8165462,10.10.0.10,173.194.188.105,,,45734,443,0,37,17
1588616977.819491,173.194.188.105,10.10.0.10,,,443,45734,0,1358,17
1588616977.8244908,173.194.188.105,10.10.0.10,,,443,45734,0,1358,17
1588616977.827106,10.10.0.10,173.194.188.105,,,45734,443,0,37,17
1588616977.829488,173.194.188.105,10.10.0.10,,,443,45734,0,1358,17
1588616977.834416,173.194.188.105,10.10.0.10,,,443,45734,0,1358,17
1588616977.83777,10.10.0.10,173.194.188.105,,,45734,443,0,37,17
1588616977.8394818,173.194.188.105,10.10.0.10,,,443,45734,0,1358,17
1588616977.844482,173.194.188.105,10.10.0.10,,,443,45734,0,1358,17
1588616977.8465672,10.10.0.10,173.194.188.105,,,45734,443,0,37,17
1588616977.8494804,173.194.188.105,10.10.0.10,,,443,45734,0,1358,17
1588616977.854436,173.194.188.105,10.10.0.10,,,443,45734,0,1358,17
1588616977.856324,10.10.0.10,173.194.188.105,,,45734,443,0,37,17
1588616977.859476,173.194.188.105,10.10.0.10,,,443,45734,0,1358,17
1588616977.8644748,173.194.188.105,10.10.0.10,,,443,45734,0,1358,17
1588616977.8666394,10.10.0.10,173.194.188.105,,,45734,443,0,37,17
1588616977.869472,173.194.188.105,10.10.0.10,,,443,45734,0,1358,17
1588616977.874434,173.194.188.105,10.10.0.10,,,443,45734,0,1358,17
1588616977.876207,10.10.0.10,173.194.188.105,,,45734,443,0,37,17
1588616977.8794599,173.194.188.105,10.10.0.10,,,443,45734,0,1358,17
1588616977.8844602,173.194.188.105,10.10.0.10,,,443,45734,0,1358,17
1588616977.886166,10.10.0.10,173.194.188.105,,,45734,443,0,37,17
1588616977.889457,173.194.188.105,10.10.0.10,,,443,45734,0,1358,17
1588616977.894404,173.194.188.105,10.10.0.10,,,443,45734,0,1358,17
1588616977.896056,10.10.0.10,173.194.188.105,,,45734,443,0,37,17
1588616977.8994539,173.194.188.105,10.10.0.10,,,443,45734,0,1358,17
1588616977.90445,173.194.188.105,10.10.0.10,,,443,45734,0,1358,17
1588616977.906328,10.10.0.10,173.194.188.105,,,45734,443,0,37,17
1588616977.9094498,173.194.188.105,10.10.0.10,,,443,45734,0,1358,17
1588616977.914447,173.194.188.105,10.10.0.10,,,443,45734,0,1358,17
1588616977.9194598,173.194.188.105,10.10.0.10,,,443,45734,0,1358,17
1588616977.9244454,173.194.188.105,10.10.0.10,,,443,45734,0,1358,17
1588616977.9294438,173.194.188.105,10.10.0.10,,,443,45734,0,1358,17
1588616977.9344401,173.194.188.105,10.10.0.10,,,443,45734,0,1358,17
1588616977.93944,173.194.188.105,10.10.0.10,,,443,45734,0,1358,17
1588616977.945144,10.10.0.10,173.194.188.105,,,45734,443,0,37,17
1588616977.948071,10.10.0.10,173.194.188.105,,,45734,443,0,37,17
1588616977.948152,10.10.0.10,173.194.188.105,,,45734,443,0,37,17
1588616977.9497206,173.194.188.105,10.10.0.10,,,443,45734,0,1358,17
1588616977.9512124,10.10.0.10,173.194.188.105,,,45734,443,0,37,17
1588616977.9551554,173.194.188.105,10.10.0.10,,,443,45734,0,1358,17
1588616977.955214,173.194.188.105,10.10.0.10,,,443,45734,0,1358,17
1588616977.9573958,10.10.0.10,173.194.188.105,,,45734,443,0,37,17
1588616977.959484,173.194.188.105,10.10.0.10,,,443,45734,0,1358,17
1588616977.964477,173.194.188.105,10.10.0.10,,,443,45734,0,1358,17
1588616977.9662461,10.10.0.10,173.194.188.105,,,45734,443,0,50,17
1588616977.9694786,173.194.188.105,10.10.0.10,,,443,45734,0,1358,17
1588616977.9744446,173.194.188.105,10.10.0.10,,,443,45734,0,1358,17
1588616977.976312,10.10.0.10,173.194.188.105,,,45734,443,0,37,17
1588616977.9794712,173.194.188.105,10.10.0.10,,,443,45734,0,1358,17
1588616977.984471,173.194.188.105,10.10.0.10,,,443,45734,0,1358,17
1588616977.9880981,10.10.0.10,173.194.188.105,,,45734,443,0,37,17
1588616977.98947,173.194.188.105,10.10.0.10,,,443,45734,0,1358,17
1588616977.9944668,173.194.188.105,10.10.0.10,,,443,45734,0,1358,17
1588616977.9977722,10.10.0.10,173.194.188.105,,,45734,443,0,37,17
1588616977.9994678,173.194.188.105,10.10.0.10,,,443,45734,0,1358,17
1588616978.0044641,173.194.188.105,10.10.0.10,,,443,45734,0,1358,17
1588616978.0070634,10.10.0.10,173.194.188.105,,,45734,443,0,37,17
1588616978.009465,173.194.188.105,10.10.0.10,,,443,45734,0,1358,17
1588616978.014458,173.194.188.105,10.10.0.10,,,443,45734,0,1358,17
1588616978.016248,10.10.0.10,173.194.188.105,,,45734,443,0,37,17
1588616978.0194569,173.194.188.105,10.10.0.10,,,443,45734,0,29,17
1588616978.019615,173.194.188.105,10.10.0.10,,,443,45734,0,1358,17
1588616978.024683,173.194.188.105,10.10.0.10,,,443,45734,0,1358,17
1588616978.027649,10.10.0.10,173.194.188.105,,,45734,443,0,37,17
1588616978.0296788,173.194.188.105,10.10.0.10,,,443,45734,0,1358,17
1588616978.034678,173.194.188.105,10.10.0.10,,,443,45734,0,1358,17
1588616978.0382712,10.10.0.10,173.194.188.105,,,45734,443,0,37,17
1588616978.0396776,173.194.188.105,10.10.0.10,,,443,45734,0,1358,17
1588616978.044674,173.194.188.105,10.10.0.10,,,443,45734,0,1358,17
1588616978.046433,10.10.0.10,173.194.188.105,,,45734,443,0,37,17
1588616978.0496724,173.194.188.105,10.10.0.10,,,443,45734,0,1358,17
1588616978.054671,173.194.188.105,10.10.0.10,,,443,45734,0,1358,17
1588616978.056793,10.10.0.10,173.194.188.105,,,45734,443,0,37,17
1588616978.0596678,173.194.188.105,10.10.0.10,,,443,45734,0,1358,17
1588616978.064667,173.194.188.105,10.10.0.10,,,443,45734,0,1358,17
1588616978.069665,173.194.188.105,10.10.0.10,,,443,45734,0,1358,17
1588616978.0746348,173.194.188.105,10.10.0.10,,,443,45734,0,1358,17
1588616978.078567,10.10.0.10,173.194.188.105,,,45734,443,0,37,17
1588616978.0796616,173.194.188.105,10.10.0.10,,,443,45734,0,1358,17
1588616978.0846598,173.194.188.105,10.10.0.10,,,443,45734,0,1358,17
1588616978.089659,173.194.188.105,10.10.0.10,,,443,45734,0,1358,17
1588616978.0929382,10.10.0.10,173.194.188.105,,,45734,443,0,37,17
1588616978.0946288,173.194.188.105,10.10.0.10,,,443,45734,0,1358,17
1588616978.0946689,10.10.0.10,173.194.188.105,,,45734,443,0,37,17
1588616978.0968661,10.10.0.10,173.194.188.105,,,45734,443,0,37,17
1588616978.0996542,173.194.188.105,10.10.0.10,,,443,45734,0,1358,17
1588616978.1046536,173.194.188.105,10.10.0.10,,,443,45734,0,1358,17
1588616978.1069796,10.10.0.10,173.194.188.105,,,45734,443,0,37,17
1588616978.1096554,173.194.188.105,10.10.0.10,,,443,45734,0,1358,17
1588616978.114651,173.194.188.105,10.10.0.10,,,443,45734,0,1358,17
1588616978.116478,10.10.0.10,173.194.188.105,,,45734,443,0,37,17
1588616978.1196518,173.194.188.105,10.10.0.10,,,443,45734,0,1358,17
1588616978.12465,173.194.188.105,10.10.0.10,,,443,45734,0,1358,17
1588616978.126245,10.10.0.10,173.194.188.105,,,45734,443,0,37,17
1588616978.129634,173.194.188.105,10.10.0.10,,,443,45734,0,1358,17
1588616978.1346428,173.194.188.105,10.10.0.10,,,443,45734,0,1358,17
1588616978.1363492,10.10.0.10,173.194.188.105,,,45734,443,0,37,17
1588616978.139641,173.194.188.105,10.10.0.10,,,443,45734,0,1358,17
1588616978.1446428,173.194.188.105,10.10.0.10,,,443,45734,0,1358,17
1588616978.146224,10.10.0.10,173.194.188.105,,,45734,443,0,37,17
1588616978.1496382,173.194.188.105,10.10.0.10,,,443,45734,0,1358,17
1588616978.1546366,173.194.188.105,10.10.0.10,,,443,45734,0,1358,17
1588616978.156414,10.10.0.10,173.194.188.105,,,45734,443,0,37,17
1588616978.1596372,173.194.188.105,10.10.0.10,,,443,45734,0,1358,17
1588616978.164632,173.194.188.105,10.10.0.10,,,443,45734,0,1358,17
1588616978.166287,10.10.0.10,173.194.188.105,,,45734,443,0,50,17
1588616978.169633,173.194.188.105,10.10.0.10,,,443,45734,0,1358,17
1588616978.174632,173.194.188.105,10.10.0.10,,,443,45734,0,1358,17
1588616978.1762881,10.10.0.10,173.194.188.105,,,45734,443,0,37,17
1588616978.17963,173.194.188.105,10.10.0.10,,,443,45734,0,1358,17
1588616978.1846292,173.194.188.105,10.10.0.10,,,443,45734,0,1358,17
1588616978.186456,10.10.0.10,173.194.188.105,,,45734,443,0,37,17
1588616978.189626,173.194.188.105,10.10.0.10,,,443,45734,0,1358,17
1588616978.194625,173.194.188.105,10.10.0.10,,,443,45734,0,1358,17
1588616978.196183,10.10.0.10,173.194.188.105,,,45734,443,0,37,17
1588616978.199623,173.194.188.105,10.10.0.10,,,443,45734,0,1358,17
1588616978.204619,173.194.188.105,10.10.0.10,,,443,45734,0,1358,17
1588616978.206458,10.10.0.10,173.194.188.105,,,45734,443,0,37,17
1588616978.2096198,173.194.188.105,10.10.0.10,,,443,45734,0,1358,17
1588616978.2146142,173.194.188.105,10.10.0.10,,,443,45734,0,1358,17
1588616978.216584,10.10.0.10,173.194.188.105,,,45734,443,0,37,17
1588616978.219616,173.194.188.105,10.10.0.10,,,443,45734,0,1358,17
1588616978.2246108,173.194.188.105,10.10.0.10,,,443,45734,0,1358,17
1588616978.2262454,10.10.0.10,173.194.188.105,,,45734,443,0,37,17
1588616978.2296119,173.194.188.105,10.10.0.10,,,443,45734,0,1358,17
1588616978.234606,173.194.188.105,10.10.0.10,,,443,45734,0,1358,17
1588616978.2361462,10.10.0.10,173.194.188.105,,,45734,443,0,37,17
1588616978.2396038,173.194.188.105,10.10.0.10,,,443,45734,0,1358,17
1588616978.244602,173.194.188.105,10.10.0.10,,,443,45734,0,1358,17
1588616978.2463892,10.10.0.10,173.194.188.105,,,45734,443,0,37,17
1588616978.2496018,173.194.188.105,10.10.0.10,,,443,45734,0,1358,17
1588616978.254599,173.194.188.105,10.10.0.10,,,443,45734,0,1358,17
1588616978.256624,10.10.0.10,173.194.188.105,,,45734,443,0,37,17
1588616978.259597,173.194.188.105,10.10.0.10,,,443,45734,0,1358,17
1588616978.2645948,173.194.188.105,10.10.0.10,,,443,45734,0,1358,17
1588616978.266161,10.10.0.10,173.194.188.105,,,45734,443,0,37,17
1588616978.269594,173.194.188.105,10.10.0.10,,,443,45734,0,1358,17
1588616978.274592,173.194.188.105,10.10.0.10,,,443,45734,0,1358,17
1588616978.2763412,10.10.0.10,173.194.188.105,,,45734,443,0,37,17
1588616978.279591,173.194.188.105,10.10.0.10,,,443,45734,0,1358,17
1588616978.284592,173.194.188.105,10.10.0.10,,,443,45734,0,1358,17
1588616978.2866876,10.10.0.10,173.194.188.105,,,45734,443,0,37,17
1588616978.2895868,173.194.188.105,10.10.0.10,,,443,45734,0,1358,17
1588616978.294586,173.194.188.105,10.10.0.10,,,443,45734,0,1358,17
1588616978.29629,10.10.0.10,173.194.188.105,,,45734,443,0,37,17
1588616978.299583,173.194.188.105,10.10.0.10,,,443,45734,0,1358,17
1588616978.304585,173.194.188.105,10.10.0.10,,,443,45734,0,1358,17
1588616978.308289,10.10.0.10,173.194.188.105,,,45734,443,0,37,17
1588616978.309583,173.194.188.105,10.10.0.10,,,443,45734,0,1358,17
1588616978.3145502,173.194.188.105,10.10.0.10,,,443,45734,0,1358,17
1588616978.3166249,10.10.0.10,173.194.188.105,,,45734,443,0,37,17
1588616978.319576,173.194.188.105,10.10.0.10,,,443,45734,0,1358,17
1588616978.324576,173.194.188.105,10.10.0.10,,,443,45734,0,1358,17
1588616978.326513,10.10.0.10,173.194.188.105,,,45734,443,0,37,17
1588616978.329577,173.194.188.105,10.10.0.10,,,443,45734,0,1358,17
1588616978.334541,173.194.188.105,10.10.0.10,,,443,45734,0,1358,17
1588616978.3363519,10.10.0.10,173.194.188.105,,,45734,443,0,37,17
1588616978.339572,173.194.188.105,10.10.0.10,,,443,45734,0,1358,17
1588616978.344568,173.194.188.105,10.10.0.10,,,443,45734,0,1358,17
1588616978.346934,10.10.0.10,173.194.188.105,,,45734,443,0,37,17
1588616978.349565,173.194.188.105,10.10.0.10,,,443,45734,0,1358,17
1588616978.354563,173.194.188.105,10.10.0.10,,,443,45734,0,1358,17
1588616978.357435,10.10.0.10,173.194.188.105,,,45734,443,0,37,17
1588616978.359562,173.194.188.105,10.10.0.10,,,443,45734,0,1358,17
1588616978.36456,173.194.188.105,10.10.0.10,,,443,45734,0,1358,17
1588616978.366332,10.10.0.10,173.194.188.105,,,45734,443,0,50,17
1588616978.3695571,173.194.188.105,10.10.0.10,,,443,45734,0,1358,17
1588616978.3744972,173.194.188.105,10.10.0.10,,,443,45734,0,1358,17
1588616978.376175,10.10.0.10,173.194.188.105,,,45734,443,0,37,17
1588616978.379489,173.194.188.105,10.10.0.10,,,443,45734,0,1358,17
1588616978.3844838,173.194.188.105,10.10.0.10,,,443,45734,0,1358,17
1588616978.386082,10.10.0.10,173.194.188.105,,,45734,443,0,37,17
1588616978.389481,173.194.188.105,10.10.0.10,,,443,45734,0,1358,17
1588616978.39448,173.194.188.105,10.10.0.10,,,443,45734,0,1358,17
1588616978.3995464,173.194.188.105,10.10.0.10,,,443,45734,0,1358,17
1588616978.404551,173.194.188.105,10.10.0.10,,,443,45734,0,1358,17
1588616978.4095464,173.194.188.105,10.10.0.10,,,443,45734,0,1358,17
1588616978.414546,173.194.188.105,10.10.0.10,,,443,45734,0,1358,17
1588616978.419544,173.194.188.105,10.10.0.10,,,443,45734,0,1358,17
1588616978.4245381,173.194.188.105,10.10.0.10,,,443,45734,0,1358,17
1588616978.429541,173.194.188.105,10.10.0.10,,,443,45734,0,1358,17
1588616978.4345384,173.194.188.105,10.10.0.10,,,443,45734,0,1358,17
1588616978.4395332,173.194.188.105,10.10.0.10,,,443,45734,0,1358,17
1588616978.4445288,173.194.188.105,10.10.0.10,,,443,45734,0,1358,17
1588616978.473737,10.10.0.10,173.194.188.105,,,45734,443,0,37,17
1588616978.475967,10.10.0.10,173.194.188.105,,,45734,443,0,37,17
1588616978.4760249,10.10.0.10,173.194.188.105,,,45734,443,0,50,17
1588616978.477272,10.10.0.10,173.194.188.105,,,45734,443,0,37,17
1588616978.4786394,173.194.188.105,10.10.0.10,,,443,45734,0,1358,17
1588616978.4787009,173.194.188.105,10.10.0.10,,,443,45734,0,1358,17
1588616978.4789,10.10.0.10,173.194.188.105,,,45734,443,0,37,17
1588616978.478944,10.10.0.10,173.194.188.105,,,45734,443,0,37,17
1588616978.4807878,10.10.0.10,173.194.188.105,,,45734,443,0,37,17
1588616978.48296,173.194.188.105,10.10.0.10,,,443,45734,0,29,17
1588616978.483829,173.194.188.105,10.10.0.10,,,443,45734,0,1358,17
1588616978.485395,10.10.0.10,173.194.188.105,,,45734,443,0,37,17
1588616978.488186,173.194.188.105,10.10.0.10,,,443,45734,0,1358,17
1588616978.4931881,173.194.188.105,10.10.0.10,,,443,45734,0,1358,17
1588616978.4949708,10.10.0.10,173.194.188.105,,,45734,443,0,37,17
1588616978.4981885,173.194.188.105,10.10.0.10,,,443,45734,0,1358,17
1588616978.503187,173.194.188.105,10.10.0.10,,,443,45734,0,1358,17
1588616978.50814,173.194.188.105,10.10.0.10,,,443,45734,0,1358,17
1588616978.5131388,173.194.188.105,10.10.0.10,,,443,45734,0,1358,17
1588616978.5181394,173.194.188.105,10.10.0.10,,,443,45734,0,1358,17
1588616978.5231235,173.194.188.105,10.10.0.10,,,443,45734,0,1358,17
1588616978.528135,173.194.188.105,10.10.0.10,,,443,45734,0,1358,17
1588616978.5331054,173.194.188.105,10.10.0.10,,,443,45734,0,1358,17
1588616978.538132,173.194.188.105,10.10.0.10,,,443,45734,0,1358,17
1588616978.5431,173.194.188.105,10.10.0.10,,,443,45734,0,1358,17
1588616978.548093,173.194.188.105,10.10.0.10,,,443,45734,0,1358,17
1588616978.5530908,173.194.188.105,10.10.0.10,,,443,45734,0,1358,17
1588616978.55815,173.194.188.105,10.10.0.10,,,443,45734,0,1358,17
1588616978.5631466,173.194.188.105,10.10.0.10,,,443,45734,0,1358,17
1588616978.5681438,173.194.188.105,10.10.0.10,,,443,45734,0,1358,17
1588616978.573146,173.194.188.105,10.10.0.10,,,443,45734,0,1358,17
1588616978.5844312,10.10.0.10,173.194.188.105,,,45734,443,0,37,17
1588616978.58632,10.10.0.10,173.194.188.105,,,45734,443,0,37,17
1588616978.586543,10.10.0.10,173.194.188.105,,,45734,443,0,37,17
1588616978.5880651,10.10.0.10,173.194.188.105,,,45734,443,0,37,17
1588616978.588662,173.194.188.105,10.10.0.10,,,443,45734,0,1358,17
1588616978.5886881,173.194.188.105,10.10.0.10,,,443,45734,0,1358,17
1588616978.592262,10.10.0.10,173.194.188.105,,,45734,443,0,37,17
1588616978.5923002,10.10.0.10,173.194.188.105,,,45734,443,0,37,17
1588616978.592842,10.10.0.10,173.194.188.105,,,45734,443,0,37,17
1588616978.593477,10.10.0.10,173.194.188.105,,,45734,443,0,37,17
1588616978.5946202,10.10.0.10,173.194.188.105,,,45734,443,0,37,17
1588616978.595562,173.194.188.105,10.10.0.10,,,443,45734,0,1358,17
1588616978.5979812,173.194.188.105,10.10.0.10,,,443,45734,0,1358,17
1588616978.5995011,10.10.0.10,173.194.188.105,,,45734,443,0,37,17
1588616978.603805,173.194.188.105,10.10.0.10,,,443,45734,0,1358,17
1588616978.6079805,173.194.188.105,10.10.0.10,,,443,45734,0,1358,17
1588616978.6129801,173.194.188.105,10.10.0.10,,,443,45734,0,1358,17
1588616978.6179235,173.194.188.105,10.10.0.10,,,443,45734,0,1358,17
1588616978.622924,173.194.188.105,10.10.0.10,,,443,45734,0,1358,17
1588616978.6279092,173.194.188.105,10.10.0.10,,,443,45734,0,1358,17
1588616978.632977,173.194.188.105,10.10.0.10,,,443,45734,0,1358,17
1588616978.637959,173.194.188.105,10.10.0.10,,,443,45734,0,1358,17
1588616978.642932,173.194.188.105,10.10.0.10,,,443,45734,0,1358,17
1588616978.647957,173.194.188.105,10.10.0.10,,,443,45734,0,1358,17
1588616978.6528995,173.194.188.105,10.10.0.10,,,443,45734,0,1358,17
1588616978.6579332,173.194.188.105,10.10.0.10,,,443,45734,0,1358,17
1588616978.6628964,173.194.188.105,10.10.0.10,,,443,45734,0,1358,17
1588616978.667956,173.194.188.105,10.10.0.10,,,443,45734,0,1358,17
1588616978.672953,173.194.188.105,10.10.0.10,,,443,45734,0,1358,17
1588616978.6779509,173.194.188.105,10.10.0.10,,,443,45734,0,1358,17
1588616978.682953,173.194.188.105,10.10.0.10,,,443,45734,0,1358,17
1588616978.6879468,173.194.188.105,10.10.0.10,,,443,45734,0,1358,17
1588616978.692948,173.194.188.105,10.10.0.10,,,443,45734,0,1358,17
1588616978.6979456,173.194.188.105,10.10.0.10,,,443,45734,0,1358,17
1588616978.701708,10.10.0.10,173.194.188.105,,,45734,443,0,37,17
1588616978.702945,173.194.188.105,10.10.0.10,,,443,45734,0,1358,17
1588616978.706711,10.10.0.10,173.194.188.105,,,45734,443,0,37,17
1588616978.7067401,10.10.0.10,173.194.188.105,,,45734,443,0,37,17
1588616978.707944,173.194.188.105,10.10.0.10,,,443,45734,0,1358,17
1588616978.7081301,10.10.0.10,173.194.188.105,,,45734,443,0,50,17
1588616978.708663,10.10.0.10,173.194.188.105,,,45734,443,0,37,17
1588616978.711405,10.10.0.10,173.194.188.105,,,45734,443,0,37,17
1588616978.711449,10.10.0.10,173.194.188.105,,,45734,443,0,37,17
1588616978.712917,173.194.188.105,10.10.0.10,,,443,45734,0,1358,17
1588616978.713007,10.10.0.10,173.194.188.105,,,45734,443,0,37,17
1588616978.7144961,10.10.0.10,173.194.188.105,,,45734,443,0,37,17
1588616978.715889,10.10.0.10,173.194.188.105,,,45734,443,0,37,17
1588616978.716116,10.10.0.10,173.194.188.105,,,45734,443,0,37,17
1588616978.7179458,173.194.188.105,10.10.0.10,,,443,45734,0,1358,17
1588616978.719573,10.10.0.10,173.194.188.105,,,45734,443,0,37,17
1588616978.7229464,173.194.188.105,10.10.0.10,,,443,45734,0,29,17
1588616978.7231398,173.194.188.105,10.10.0.10,,,443,45734,0,1358,17
1588616978.728167,173.194.188.105,10.10.0.10,,,443,45734,0,1358,17
1588616978.7331688,173.194.188.105,10.10.0.10,,,443,45734,0,1358,17
1588616978.738167,173.194.188.105,10.10.0.10,,,443,45734,0,1358,17
1588616978.743161,173.194.188.105,10.10.0.10,,,443,45734,0,1358,17
1588616978.748153,173.194.188.105,10.10.0.10,,,443,45734,0,1358,17
1588616978.753161,173.194.188.105,10.10.0.10,,,443,45734,0,1358,17
1588616978.758157,173.194.188.105,10.10.0.10,,,443,45734,0,1358,17
1588616978.763155,173.194.188.105,10.10.0.10,,,443,45734,0,1358,17
1588616978.768153,173.194.188.105,10.10.0.10,,,443,45734,0,1358,17
1588616978.773151,173.194.188.105,10.10.0.10,,,443,45734,0,1358,17
1588616978.778148,173.194.188.105,10.10.0.10,,,443,45734,0,1358,17
1588616978.783149,173.194.188.105,10.10.0.10,,,443,45734,0,1358,17
1588616978.7881448,173.194.188.105,10.10.0.10,,,443,45734,0,1358,17
1588616978.7931461,173.194.188.105,10.10.0.10,,,443,45734,0,1358,17
1588616978.7981439,173.194.188.105,10.10.0.10,,,443,45734,0,1358,17
1588616978.803143,173.194.188.105,10.10.0.10,,,443,45734,0,1358,17
1588616978.808136,173.194.188.105,10.10.0.10,,,443,45734,0,1358,17
1588616978.8131359,173.194.188.105,10.10.0.10,,,443,45734,0,1358,17
1588616978.818109,173.194.188.105,10.10.0.10,,,443,45734,0,1358,17
1588616978.8218222,10.10.0.10,173.194.188.105,,,45734,443,0,37,17
1588616978.8231325,173.194.188.105,10.10.0.10,,,443,45734,0,1358,17
1588616978.8241801,10.10.0.10,173.194.188.105,,,45734,443,0,37,17
1588616978.8267572,10.10.0.10,173.194.188.105,,,45734,443,0,37,17
1588616978.82679,10.10.0.10,173.194.188.105,,,45734,443,0,37,17
1588616978.828104,173.194.188.105,10.10.0.10,,,443,45734,0,1358,17
1588616978.829408,10.10.0.10,173.194.188.105,,,45734,443,0,37,17
1588616978.8294532,10.10.0.10,173.194.188.105,,,45734,443,0,37,17
1588616978.8331056,173.194.188.105,10.10.0.10,,,443,45734,0,1358,17
1588616978.8334599,10.10.0.10,173.194.188.105,,,45734,443,0,37,17
1588616978.833513,10.10.0.10,173.194.188.105,,,45734,443,0,37,17
1588616978.8344169,10.10.0.10,173.194.188.105,,,45734,443,0,37,17
1588616978.836571,10.10.0.10,173.194.188.105,,,45734,443,0,37,17
1588616978.836615,10.10.0.10,173.194.188.105,,,45734,443,0,37,17
1588616978.8381276,173.194.188.105,10.10.0.10,,,443,45734,0,1358,17
1588616978.8398619,10.10.0.10,173.194.188.105,,,45734,443,0,50,17
1588616978.843125,173.194.188.105,10.10.0.10,,,443,45734,0,1358,17
1588616978.8481245,173.194.188.105,10.10.0.10,,,443,45734,0,1358,17
1588616978.853122,173.194.188.105,10.10.0.10,,,443,45734,0,1358,17
1588616978.85812,173.194.188.105,10.10.0.10,,,443,45734,0,1358,17
1588616978.863128,173.194.188.105,10.10.0.10,,,443,45734,0,1358,17
1588616978.868084,173.194.188.105,10.10.0.10,,,443,45734,0,29,17
1588616978.8682694,173.194.188.105,10.10.0.10,,,443,45734,0,1358,17
1588616978.8732748,173.194.188.105,10.10.0.10,,,443,45734,0,1358,17
1588616978.8782828,173.194.188.105,10.10.0.10,,,443,45734,0,1358,17
1588616978.883329,173.194.188.105,10.10.0.10,,,443,45734,0,1358,17
1588616978.888309,173.194.188.105,10.10.0.10,,,443,45734,0,1358,17
1588616978.8933089,173.194.188.105,10.10.0.10,,,443,45734,0,1358,17
1588616978.8983061,173.194.188.105,10.10.0.10,,,443,45734,0,1358,17
1588616978.903336,173.194.188.105,10.10.0.10,,,443,45734,0,1358,17
1588616978.908335,173.194.188.105,10.10.0.10,,,443,45734,0,1358,17
1588616978.913334,173.194.188.105,10.10.0.10,,,443,45734,0,1358,17
1588616978.918333,173.194.188.105,10.10.0.10,,,443,45734,0,1358,17
1588616978.923334,173.194.188.105,10.10.0.10,,,443,45734,0,1358,17
1588616978.9283311,173.194.188.105,10.10.0.10,,,443,45734,0,1358,17
1588616978.933328,173.194.188.105,10.10.0.10,,,443,45734,0,1358,17
1588616978.9383252,173.194.188.105,10.10.0.10,,,443,45734,0,1358,17
1588616978.9419801,10.10.0.10,173.194.188.105,,,45734,443,0,37,17
1588616978.9433231,173.194.188.105,10.10.0.10,,,443,45734,0,1358,17
1588616978.94419,10.10.0.10,173.194.188.105,,,45734,443,0,37,17
1588616978.945175,10.10.0.10,173.194.188.105,,,45734,443,0,37,17
1588616978.945844,10.10.0.10,173.194.188.105,,,45734,443,0,37,17
1588616978.9482946,173.194.188.105,10.10.0.10,,,443,45734,0,1358,17
1588616978.948999,10.10.0.10,173.194.188.105,,,45734,443,0,37,17
1588616978.949048,10.10.0.10,173.194.188.105,,,45734,443,0,37,17
1588616978.9533179,173.194.188.105,10.10.0.10,,,443,45734,0,1358,17
1588616978.9580884,10.10.0.10,173.194.188.105,,,45734,443,0,37,17
1588616978.958156,10.10.0.10,173.194.188.105,,,45734,443,0,37,17
1588616978.9582696,173.194.188.105,10.10.0.10,,,443,45734,0,1358,17
1588616978.9583368,10.10.0.10,173.194.188.105,,,45734,443,0,37,17
1588616978.9612632,10.10.0.10,173.194.188.105,,,45734,443,0,37,17
1588616978.96189,10.10.0.10,173.194.188.105,,,45734,443,0,37,17
1588616978.96319,10.10.0.10,173.194.188.105,,,45734,443,0,37,17
1588616978.9632692,173.194.188.105,10.10.0.10,,,443,45734,0,1358,17
1588616978.968313,173.194.188.105,10.10.0.10,,,443,45734,0,1358,17
1588616978.973311,173.194.188.105,10.10.0.10,,,443,45734,0,1358,17
1588616978.9783099,173.194.188.105,10.10.0.10,,,443,45734,0,1358,17
1588616978.983308,173.194.188.105,10.10.0.10,,,443,45734,0,1358,17
1588616978.9883091,173.194.188.105,10.10.0.10,,,443,45734,0,1358,17
1588616978.993305,173.194.188.105,10.10.0.10,,,443,45734,0,1358,17
1588616978.9983046,173.194.188.105,10.10.0.10,,,443,45734,0,1358,17
1588616979.0033,173.194.188.105,10.10.0.10,,,443,45734,0,1358,17
1588616979.0082989,173.194.188.105,10.10.0.10,,,443,45734,0,1358,17
1588616979.0132961,173.194.188.105,10.10.0.10,,,443,45734,0,1358,17
1588616979.018305,173.194.188.105,10.10.0.10,,,443,45734,0,1358,17
1588616979.023295,173.194.188.105,10.10.0.10,,,443,45734,0,1358,17
1588616979.028296,173.194.188.105,10.10.0.10,,,443,45734,0,1358,17
1588616979.033292,173.194.188.105,10.10.0.10,,,443,45734,0,1358,17
1588616979.038289,173.194.188.105,10.10.0.10,,,443,45734,0,1358,17
1588616979.0432932,173.194.188.105,10.10.0.10,,,443,45734,0,1358,17
1588616979.048291,173.194.188.105,10.10.0.10,,,443,45734,0,1358,17
1588616979.0532858,173.194.188.105,10.10.0.10,,,443,45734,0,1358,17
1588616979.058284,173.194.188.105,10.10.0.10,,,443,45734,0,1358,17
1588616979.0602329,10.10.0.10,173.194.188.105,,,45734,443,0,37,17
1588616979.063284,173.194.188.105,10.10.0.10,,,443,45734,0,1358,17
1588616979.064624,10.10.0.10,173.194.188.105,,,45734,443,0,37,17
1588616979.065883,10.10.0.10,173.194.188.105,,,45734,443,0,37,17
1588616979.0674891,10.10.0.10,173.194.188.105,,,45734,443,0,37,17
1588616979.0682812,173.194.188.105,10.10.0.10,,,443,45734,0,1358,17
1588616979.0684578,10.10.0.10,173.194.188.105,,,45734,443,0,37,17
1588616979.0701082,10.10.0.10,173.194.188.105,,,45734,443,0,37,17
1588616979.0701606,10.10.0.10,173.194.188.105,,,45734,443,0,37,17
1588616979.071526,10.10.0.10,173.194.188.105,,,45734,443,0,50,17
1588616979.0728602,10.10.0.10,173.194.188.105,,,45734,443,0,37,17
1588616979.073241,173.194.188.105,10.10.0.10,,,443,45734,0,1358,17
1588616979.07339,10.10.0.10,173.194.188.105,,,45734,443,0,37,17
1588616979.07399,10.10.0.10,173.194.188.105,,,45734,443,0,37,17
1588616979.075337,10.10.0.10,173.194.188.105,,,45734,443,0,37,17
1588616979.078239,173.194.188.105,10.10.0.10,,,443,45734,0,1358,17
1588616979.0832741,173.194.188.105,10.10.0.10,,,443,45734,0,1358,17
1588616979.084873,10.10.0.10,173.194.188.105,,,45734,443,0,37,17
1588616979.088202,173.194.188.105,10.10.0.10,,,443,45734,0,1358,17
1588616979.0935972,173.194.188.105,10.10.0.10,,,443,45734,0,1358,17
1588616979.098567,173.194.188.105,10.10.0.10,,,443,45734,0,1358,17
1588616979.103643,173.194.188.105,10.10.0.10,,,443,45734,0,1358,17
1588616979.10864,173.194.188.105,10.10.0.10,,,443,45734,0,1358,17
1588616979.113639,173.194.188.105,10.10.0.10,,,443,45734,0,1358,17
1588616979.1185892,173.194.188.105,10.10.0.10,,,443,45734,0,1358,17
1588616979.1236348,173.194.188.105,10.10.0.10,,,443,45734,0,1358,17
1588616979.128633,173.194.188.105,10.10.0.10,,,443,45734,0,1358,17
1588616979.13363,173.194.188.105,10.10.0.10,,,443,45734,0,1358,17
1588616979.1386292,173.194.188.105,10.10.0.10,,,443,45734,0,1358,17
1588616979.143625,173.194.188.105,10.10.0.10,,,443,45734,0,1358,17
1588616979.148626,173.194.188.105,10.10.0.10,,,443,45734,0,1358,17
1588616979.1536212,173.194.188.105,10.10.0.10,,,443,45734,0,1358,17
1588616979.158623,173.194.188.105,10.10.0.10,,,443,45734,0,1358,17
1588616979.1636212,173.194.188.105,10.10.0.10,,,443,45734,0,1358,17
1588616979.168623,173.194.188.105,10.10.0.10,,,443,45734,0,1358,17
1588616979.173615,173.194.188.105,10.10.0.10,,,443,45734,0,1358,17
1588616979.178617,173.194.188.105,10.10.0.10,,,443,45734,0,1358,17
1588616979.1819642,10.10.0.10,173.194.188.105,,,45734,443,0,37,17
1588616979.1835911,173.194.188.105,10.10.0.10,,,443,45734,0,1358,17
1588616979.1841712,10.10.0.10,173.194.188.105,,,45734,443,0,37,17
1588616979.186325,10.10.0.10,173.194.188.105,,,45734,443,0,37,17
1588616979.1863706,10.10.0.10,173.194.188.105,,,45734,443,0,37,17
1588616979.187911,10.10.0.10,173.194.188.105,,,45734,443,0,37,17
1588616979.188584,173.194.188.105,10.10.0.10,,,443,45734,0,1358,17
1588616979.1894472,10.10.0.10,173.194.188.105,,,45734,443,0,37,17
1588616979.190851,10.10.0.10,173.194.188.105,,,45734,443,0,37,17
1588616979.1936028,173.194.188.105,10.10.0.10,,,443,45734,0,1358,17
1588616979.1936312,10.10.0.10,173.194.188.105,,,45734,443,0,37,17
1588616979.194041,10.10.0.10,173.194.188.105,,,45734,443,0,37,17
1588616979.194104,10.10.0.10,173.194.188.105,,,45734,443,0,37,17
1588616979.194119,10.10.0.10,173.194.188.105,,,45734,443,0,37,17
1588616979.1986089,173.194.188.105,10.10.0.10,,,443,45734,0,1358,17
1588616979.2036028,173.194.188.105,10.10.0.10,,,443,45734,0,1358,17
1588616979.208605,173.194.188.105,10.10.0.10,,,443,45734,0,1358,17
1588616979.2136018,173.194.188.105,10.10.0.10,,,443,45734,0,1358,17
1588616979.218601,173.194.188.105,10.10.0.10,,,443,45734,0,1358,17
1588616979.223599,173.194.188.105,10.10.0.10,,,443,45734,0,1358,17
1588616979.228598,173.194.188.105,10.10.0.10,,,443,45734,0,1358,17
1588616979.233595,173.194.188.105,10.10.0.10,,,443,45734,0,1358,17
1588616979.2385929,173.194.188.105,10.10.0.10,,,443,45734,0,1358,17
1588616979.2435892,173.194.188.105,10.10.0.10,,,443,45734,0,1358,17
1588616979.248575,173.194.188.105,10.10.0.10,,,443,45734,0,1358,17
1588616979.2535875,173.194.188.105,10.10.0.10,,,443,45734,0,1358,17
1588616979.258586,173.194.188.105,10.10.0.10,,,443,45734,0,1358,17
1588616979.263584,173.194.188.105,10.10.0.10,,,443,45734,0,1358,17
1588616979.268558,173.194.188.105,10.10.0.10,,,443,45734,0,1358,17
1588616979.273581,173.194.188.105,10.10.0.10,,,443,45734,0,1358,17
1588616979.2785778,173.194.188.105,10.10.0.10,,,443,45734,0,1358,17
1588616979.283576,173.194.188.105,10.10.0.10,,,443,45734,0,1358,17
1588616979.288503,173.194.188.105,10.10.0.10,,,443,45734,0,1358,17
1588616979.2935731,173.194.188.105,10.10.0.10,,,443,45734,0,1358,17
1588616979.2985892,173.194.188.105,10.10.0.10,,,443,45734,0,1358,17
1588616979.303571,173.194.188.105,10.10.0.10,,,443,45734,0,1358,17
1588616979.308569,173.194.188.105,10.10.0.10,,,443,45734,0,1358,17
1588616979.313565,173.194.188.105,10.10.0.10,,,443,45734,0,1358,17
1588616979.3185804,10.10.0.10,173.194.188.105,,,45734,443,0,37,17
1588616979.32254,173.194.188.105,10.10.0.10,,,443,45734,0,1358,17
1588616979.323548,173.194.188.105,10.10.0.10,,,443,45734,0,1358,17
1588616979.426526,10.10.0.10,173.194.188.105,,,45734,443,0,37,17
1588616979.4280698,10.10.0.10,173.194.188.105,,,45734,443,0,37,17
1588616979.4292474,10.10.0.10,173.194.188.105,,,45734,443,0,50,17
1588616979.4308329,10.10.0.10,173.194.188.105,,,45734,443,0,37,17
1588616979.43101,173.194.188.105,10.10.0.10,,,443,45734,0,1358,17
1588616979.4310632,173.194.188.105,10.10.0.10,,,443,45734,0,1358,17
1588616979.43363,10.10.0.10,173.194.188.105,,,45734,443,0,37,17
1588616979.435014,10.10.0.10,173.194.188.105,,,45734,443,0,37,17
1588616979.435398,173.194.188.105,10.10.0.10,,,443,45734,0,29,17
1588616979.4381475,10.10.0.10,173.194.188.105,,,45734,443,0,37,17
1588616979.438258,173.194.188.105,10.10.0.10,,,443,45734,0,1358,17
1588616979.4391742,10.10.0.10,173.194.188.105,,,45734,443,0,37,17
1588616979.44026,10.10.0.10,173.194.188.105,,,45734,443,0,37,17
1588616979.4404972,173.194.188.105,10.10.0.10,,,443,45734,0,1358,17
1588616979.441659,10.10.0.10,173.194.188.105,,,45734,443,0,37,17
1588616979.4452198,10.10.0.10,173.194.188.105,,,45734,443,0,37,17
1588616979.4459398,10.10.0.10,173.194.188.105,,,45734,443,0,37,17
1588616979.4481332,10.10.0.10,173.194.188.105,,,45734,443,0,37,17
1588616979.450565,173.194.188.105,10.10.0.10,,,443,45734,0,1358,17
1588616979.450618,173.194.188.105,10.10.0.10,,,443,45734,0,1358,17
1588616979.46185,173.194.188.105,10.10.0.10,,,443,45734,0,1358,17
1588616979.461911,173.194.188.105,10.10.0.10,,,443,45734,0,1358,17
1588616979.470076,173.194.188.105,10.10.0.10,,,443,45734,0,1358,17
1588616979.4711628,173.194.188.105,10.10.0.10,,,443,45734,0,1358,17
1588616979.479505,173.194.188.105,10.10.0.10,,,443,45734,0,1358,17
1588616979.48116,173.194.188.105,10.10.0.10,,,443,45734,0,1358,17
1588616979.489064,173.194.188.105,10.10.0.10,,,443,45734,0,1358,17
1588616979.491156,173.194.188.105,10.10.0.10,,,443,45734,0,1358,17
1588616979.4980428,173.194.188.105,10.10.0.10,,,443,45734,0,1358,17
1588616979.501154,173.194.188.105,10.10.0.10,,,443,45734,0,1358,17
1588616979.508032,173.194.188.105,10.10.0.10,,,443,45734,0,1358,17
1588616979.51115,173.194.188.105,10.10.0.10,,,443,45734,0,1358,17
1588616979.517055,173.194.188.105,10.10.0.10,,,443,45734,0,1358,17
1588616979.5211446,173.194.188.105,10.10.0.10,,,443,45734,0,1358,17
1588616979.5261822,173.194.188.105,10.10.0.10,,,443,45734,0,1358,17
1588616979.53111,173.194.188.105,10.10.0.10,,,443,45734,0,1358,17
1588616979.5360909,173.194.188.105,10.10.0.10,,,443,45734,0,1358,17
1588616979.541066,173.194.188.105,10.10.0.10,,,443,45734,0,1358,17
1588616979.541179,10.10.0.10,173.194.188.105,,,45734,443,0,37,17
1588616979.5411901,10.10.0.10,173.194.188.105,,,45734,443,0,37,17
1588616979.544025,10.10.0.10,173.194.188.105,,,45734,443,0,37,17
1588616979.5461054,173.194.188.105,10.10.0.10,,,443,45734,0,1358,17
1588616979.5511198,173.194.188.105,10.10.0.10,,,443,45734,0,1358,17
1588616979.551464,10.10.0.10,173.194.188.105,,,45734,443,0,37,17
1588616979.555591,10.10.0.10,173.194.188.105,,,45734,443,0,37,17
1588616979.5558438,10.10.0.10,173.194.188.105,,,45734,443,0,37,17
1588616979.556062,173.194.188.105,10.10.0.10,,,443,45734,0,1358,17
1588616979.5561502,10.10.0.10,173.194.188.105,,,45734,443,0,37,17
1588616979.55616,10.10.0.10,173.194.188.105,,,45734,443,0,37,17
1588616979.556495,10.10.0.10,173.194.188.105,,,45734,443,0,37,17
1588616979.556513,10.10.0.10,173.194.188.105,,,45734,443,0,50,17
1588616979.5566714,10.10.0.10,173.194.188.105,,,45734,443,0,37,17
1588616979.557283,10.10.0.10,173.194.188.105,,,45734,443,0,37,17
1588616979.557296,10.10.0.10,173.194.188.105,,,45734,443,0,37,17
1588616979.5610988,173.194.188.105,10.10.0.10,,,443,45734,0,1358,17
1588616979.5637572,10.10.0.10,173.194.188.105,,,45734,443,0,37,17
1588616979.56612,173.194.188.105,10.10.0.10,,,443,45734,0,29,17
1588616979.566314,173.194.188.105,10.10.0.10,,,443,45734,0,1358,17
1588616979.571342,173.194.188.105,10.10.0.10,,,443,45734,0,1358,17
1588616979.5744472,10.10.0.10,173.194.188.105,,,45734,443,0,37,17
1588616979.576344,173.194.188.105,10.10.0.10,,,443,45734,0,1358,17
1588616979.5812988,173.194.188.105,10.10.0.10,,,443,45734,0,1358,17
1588616979.5829024,10.10.0.10,173.194.188.105,,,45734,443,0,37,17
1588616979.586344,173.194.188.105,10.10.0.10,,,443,45734,0,1358,17
1588616979.5912971,173.194.188.105,10.10.0.10,,,443,45734,0,1358,17
1588616979.592999,10.10.0.10,173.194.188.105,,,45734,443,0,37,17
1588616979.596287,173.194.188.105,10.10.0.10,,,443,45734,0,1358,17
1588616979.60134,173.194.188.105,10.10.0.10,,,443,45734,0,1358,17
1588616979.6031878,10.10.0.10,173.194.188.105,,,45734,443,0,37,17
1588616979.6062932,173.194.188.105,10.10.0.10,,,443,45734,0,1358,17
1588616979.611331,173.194.188.105,10.10.0.10,,,443,45734,0,1358,17
1588616979.613241,10.10.0.10,173.194.188.105,,,45734,443,0,37,17
1588616979.616328,173.194.188.105,10.10.0.10,,,443,45734,0,1358,17
1588616979.6213279,173.194.188.105,10.10.0.10,,,443,45734,0,1358,17
1588616979.6231322,10.10.0.10,173.194.188.105,,,45734,443,0,37,17
1588616979.626326,173.194.188.105,10.10.0.10,,,443,45734,0,1358,17
1588616979.631324,173.194.188.105,10.10.0.10,,,443,45734,0,1358,17
1588616979.6335561,10.10.0.10,173.194.188.105,,,45734,443,0,37,17
1588616979.6362624,173.194.188.105,10.10.0.10,,,443,45734,0,1358,17
1588616979.641279,173.194.188.105,10.10.0.10,,,443,45734,0,1358,17
1588616979.6428518,10.10.0.10,173.194.188.105,,,45734,443,0,37,17
1588616979.646327,173.194.188.105,10.10.0.10,,,443,45734,0,1358,17
1588616979.6513245,173.194.188.105,10.10.0.10,,,443,45734,0,1358,17
1588616979.6529405,10.10.0.10,173.194.188.105,,,45734,443,0,37,17
1588616979.656327,173.194.188.105,10.10.0.10,,,443,45734,0,1358,17
1588616979.661322,173.194.188.105,10.10.0.10,,,443,45734,0,1358,17
1588616979.663108,10.10.0.10,173.194.188.105,,,45734,443,0,37,17
1588616979.6663172,173.194.188.105,10.10.0.10,,,443,45734,0,1358,17
1588616979.6712675,173.194.188.105,10.10.0.10,,,443,45734,0,1358,17
1588616979.672806,10.10.0.10,173.194.188.105,,,45734,443,0,37,17
1588616979.676314,173.194.188.105,10.10.0.10,,,443,45734,0,1358,17
1588616979.681302,173.194.188.105,10.10.0.10,,,443,45734,0,1358,17
1588616979.685817,10.10.0.10,173.194.188.105,,,45734,443,0,37,17
1588616979.6862776,173.194.188.105,10.10.0.10,,,443,45734,0,1358,17
1588616979.691255,173.194.188.105,10.10.0.10,,,443,45734,0,1358,17
1588616979.6938438,10.10.0.10,173.194.188.105,,,45734,443,0,37,17
1588616979.6963036,173.194.188.105,10.10.0.10,,,443,45734,0,1358,17
1588616979.701302,173.194.188.105,10.10.0.10,,,443,45734,0,1358,17
1588616979.702987,10.10.0.10,173.194.188.105,,,45734,443,0,37,17
1588616979.7063012,173.194.188.105,10.10.0.10,,,443,45734,0,1358,17
1588616979.711297,173.194.188.105,10.10.0.10,,,443,45734,0,1358,17
1588616979.712863,10.10.0.10,173.194.188.105,,,45734,443,0,37,17
1588616979.7162962,173.194.188.105,10.10.0.10,,,443,45734,0,1358,17
1588616979.721301,173.194.188.105,10.10.0.10,,,443,45734,0,1358,17
1588616979.7228358,10.10.0.10,173.194.188.105,,,45734,443,0,50,17
1588616979.7262578,173.194.188.105,10.10.0.10,,,443,45734,0,1358,17
1588616979.731301,173.194.188.105,10.10.0.10,,,443,45734,0,1358,17
1588616979.7327714,10.10.0.10,173.194.188.105,,,45734,443,0,37,17
1588616979.736295,173.194.188.105,10.10.0.10,,,443,45734,0,1358,17
1588616979.7412946,173.194.188.105,10.10.0.10,,,443,45734,0,1358,17
1588616979.7432141,10.10.0.10,173.194.188.105,,,45734,443,0,37,17
1588616979.7463038,173.194.188.105,10.10.0.10,,,443,45734,0,1358,17
1588616979.7512946,173.194.188.105,10.10.0.10,,,443,45734,0,1358,17
1588616979.7527962,10.10.0.10,173.194.188.105,,,45734,443,0,37,17
1588616979.756292,173.194.188.105,10.10.0.10,,,443,45734,0,29,17
1588616979.7564838,173.194.188.105,10.10.0.10,,,443,45734,0,1358,17
1588616979.7615151,173.194.188.105,10.10.0.10,,,443,45734,0,1358,17
1588616979.7630439,10.10.0.10,173.194.188.105,,,45734,443,0,37,17
1588616979.7665148,173.194.188.105,10.10.0.10,,,443,45734,0,1358,17
1588616979.7715075,173.194.188.105,10.10.0.10,,,443,45734,0,1358,17
1588616979.7730534,10.10.0.10,173.194.188.105,,,45734,443,0,37,17
1588616979.776512,173.194.188.105,10.10.0.10,,,443,45734,0,1358,17
1588616979.7815044,173.194.188.105,10.10.0.10,,,443,45734,0,1358,17
1588616979.783087,10.10.0.10,173.194.188.105,,,45734,443,0,37,17
1588616979.7865028,173.194.188.105,10.10.0.10,,,443,45734,0,1358,17
1588616979.7914364,173.194.188.105,10.10.0.10,,,443,45734,0,1358,17
1588616979.792983,10.10.0.10,173.194.188.105,,,45734,443,0,37,17
1588616979.7964995,173.194.188.105,10.10.0.10,,,443,45734,0,1358,17
1588616979.801498,173.194.188.105,10.10.0.10,,,443,45734,0,1358,17
1588616979.803233,10.10.0.10,173.194.188.105,,,45734,443,0,37,17
1588616979.8065,173.194.188.105,10.10.0.10,,,443,45734,0,1358,17
1588616979.811496,173.194.188.105,10.10.0.10,,,443,45734,0,1358,17
1588616979.81317,10.10.0.10,173.194.188.105,,,45734,443,0,37,17
1588616979.8164961,173.194.188.105,10.10.0.10,,,443,45734,0,1358,17
1588616979.8214908,173.194.188.105,10.10.0.10,,,443,45734,0,1358,17
1588616979.823086,10.10.0.10,173.194.188.105,,,45734,443,0,37,17
1588616979.82649,173.194.188.105,10.10.0.10,,,443,45734,0,1358,17
1588616979.8314931,173.194.188.105,10.10.0.10,,,443,45734,0,1358,17
1588616979.833856,10.10.0.10,173.194.188.105,,,45734,443,0,37,17
1588616979.8364868,173.194.188.105,10.10.0.10,,,443,45734,0,1358,17
1588616979.8414881,173.194.188.105,10.10.0.10,,,443,45734,0,1358,17
1588616979.843625,10.10.0.10,173.194.188.105,,,45734,443,0,37,17
1588616979.846484,173.194.188.105,10.10.0.10,,,443,45734,0,1358,17
1588616979.851484,173.194.188.105,10.10.0.10,,,443,45734,0,1358,17
1588616979.853174,10.10.0.10,173.194.188.105,,,45734,443,0,37,17
1588616979.856484,173.194.188.105,10.10.0.10,,,443,45734,0,1358,17
1588616979.861481,173.194.188.105,10.10.0.10,,,443,45734,0,1358,17
1588616979.8639429,10.10.0.10,173.194.188.105,,,45734,443,0,37,17
1588616979.8664794,173.194.188.105,10.10.0.10,,,443,45734,0,1358,17
1588616979.871476,173.194.188.105,10.10.0.10,,,443,45734,0,1358,17
1588616979.873151,10.10.0.10,173.194.188.105,,,45734,443,0,37,17
1588616979.8764482,173.194.188.105,10.10.0.10,,,443,45734,0,1358,17
1588616979.881454,173.194.188.105,10.10.0.10,,,443,45734,0,1358,17
1588616979.883066,10.10.0.10,173.194.188.105,,,45734,443,0,37,17
1588616979.8864698,173.194.188.105,10.10.0.10,,,443,45734,0,1358,17
1588616979.8914454,173.194.188.105,10.10.0.10,,,443,45734,0,1358,17
1588616979.893236,10.10.0.10,173.194.188.105,,,45734,443,0,37,17
1588616979.896468,173.194.188.105,10.10.0.10,,,443,45734,0,1358,17
1588616979.901465,173.194.188.105,10.10.0.10,,,443,45734,0,1358,17
1588616979.903047,10.10.0.10,173.194.188.105,,,45734,443,0,37,17
1588616979.906458,173.194.188.105,10.10.0.10,,,443,45734,0,1358,17
1588616979.9114618,173.194.188.105,10.10.0.10,,,443,45734,0,1358,17
1588616979.913194,10.10.0.10,173.194.188.105,,,45734,443,0,37,17
1588616979.916464,173.194.188.105,10.10.0.10,,,443,45734,0,1358,17
1588616979.921459,173.194.188.105,10.10.0.10,,,443,45734,0,1358,17
1588616979.9233382,10.10.0.10,173.194.188.105,,,45734,443,0,50,17
1588616979.926456,173.194.188.105,10.10.0.10,,,443,45734,0,1358,17
1588616979.9314554,173.194.188.105,10.10.0.10,,,443,45734,0,1358,17
1588616979.933232,10.10.0.10,173.194.188.105,,,45734,443,0,37,17
1588616979.9364526,173.194.188.105,10.10.0.10,,,443,45734,0,1358,17
1588616979.9414508,173.194.188.105,10.10.0.10,,,443,45734,0,1358,17
1588616979.945717,10.10.0.10,173.194.188.105,,,45734,443,0,37,17
1588616979.946415,173.194.188.105,10.10.0.10,,,443,45734,0,1358,17
1588616979.951448,173.194.188.105,10.10.0.10,,,443,45734,0,1358,17
1588616979.953006,10.10.0.10,173.194.188.105,,,45734,443,0,37,17
1588616979.95641,173.194.188.105,10.10.0.10,,,443,45734,0,1358,17
1588616979.961443,173.194.188.105,10.10.0.10,,,443,45734,0,1358,17
1588616979.963279,10.10.0.10,173.194.188.105,,,45734,443,0,37,17
1588616979.966408,173.194.188.105,10.10.0.10,,,443,45734,0,1358,17
1588616979.971442,173.194.188.105,10.10.0.10,,,443,45734,0,1358,17
1588616979.9740279,10.10.0.10,173.194.188.105,,,45734,443,0,37,17
1588616979.976442,173.194.188.105,10.10.0.10,,,443,45734,0,29,17
1588616979.976638,173.194.188.105,10.10.0.10,,,443,45734,0,1358,17
1588616979.9816618,173.194.188.105,10.10.0.10,,,443,45734,0,1358,17
1588616979.9840882,10.10.0.10,173.194.188.105,,,45734,443,0,37,17
1588616979.986664,173.194.188.105,10.10.0.10,,,443,45734,0,1358,17
1588616979.991662,173.194.188.105,10.10.0.10,,,443,45734,0,1358,17
1588616979.993383,10.10.0.10,173.194.188.105,,,45734,443,0,37,17
1588616979.9966598,173.194.188.105,10.10.0.10,,,443,45734,0,1358,17
1588616980.001656,173.194.188.105,10.10.0.10,,,443,45734,0,1358,17
1588616980.0035238,10.10.0.10,173.194.188.105,,,45734,443,0,37,17
1588616980.006655,173.194.188.105,10.10.0.10,,,443,45734,0,1358,17
1588616980.011655,173.194.188.105,10.10.0.10,,,443,45734,0,1358,17
1588616980.013423,10.10.0.10,173.194.188.105,,,45734,443,0,37,17
1588616980.0166519,173.194.188.105,10.10.0.10,,,443,45734,0,1358,17
1588616980.0216491,173.194.188.105,10.10.0.10,,,443,45734,0,1358,17
1588616980.023392,10.10.0.10,173.194.188.105,,,45734,443,0,37,17
1588616980.026618,173.194.188.105,10.10.0.10,,,443,45734,0,1358,17
1588616980.0316448,173.194.188.105,10.10.0.10,,,443,45734,0,1358,17
1588616980.033275,10.10.0.10,173.194.188.105,,,45734,443,0,37,17
1588616980.0366435,173.194.188.105,10.10.0.10,,,443,45734,0,1358,17
1588616980.041642,173.194.188.105,10.10.0.10,,,443,45734,0,1358,17
1588616980.0433562,10.10.0.10,173.194.188.105,,,45734,443,0,37,17
1588616980.0466418,173.194.188.105,10.10.0.10,,,443,45734,0,1358,17
1588616980.051608,173.194.188.105,10.10.0.10,,,443,45734,0,1358,17
1588616980.053242,10.10.0.10,173.194.188.105,,,45734,443,0,37,17
1588616980.056647,173.194.188.105,10.10.0.10,,,443,45734,0,1358,17
1588616980.061642,173.194.188.105,10.10.0.10,,,443,45734,0,1358,17
1588616980.0633712,10.10.0.10,173.194.188.105,,,45734,443,0,37,17
1588616980.0666418,173.194.188.105,10.10.0.10,,,443,45734,0,1358,17
1588616980.071599,173.194.188.105,10.10.0.10,,,443,45734,0,1358,17
1588616980.073192,10.10.0.10,173.194.188.105,,,45734,443,0,37,17
1588616980.076635,173.194.188.105,10.10.0.10,,,443,45734,0,1358,17
1588616980.081624,173.194.188.105,10.10.0.10,,,443,45734,0,1358,17
1588616980.083239,10.10.0.10,173.194.188.105,,,45734,443,0,37,17
1588616980.086593,173.194.188.105,10.10.0.10,,,443,45734,0,1358,17
1588616980.0916214,173.194.188.105,10.10.0.10,,,443,45734,0,1358,17
1588616980.0932784,10.10.0.10,173.194.188.105,,,45734,443,0,37,17
1588616980.096619,173.194.188.105,10.10.0.10,,,443,45734,0,1358,17
1588616980.1016169,173.194.188.105,10.10.0.10,,,443,45734,0,1358,17
1588616980.103297,10.10.0.10,173.194.188.105,,,45734,443,0,37,17
1588616980.106616,173.194.188.105,10.10.0.10,,,443,45734,0,1358,17
1588616980.111613,173.194.188.105,10.10.0.10,,,443,45734,0,1358,17
1588616980.113424,10.10.0.10,173.194.188.105,,,45734,443,0,37,17
1588616980.116616,173.194.188.105,10.10.0.10,,,443,45734,0,1358,17
1588616980.1216118,173.194.188.105,10.10.0.10,,,443,45734,0,1358,17
1588616980.123235,10.10.0.10,173.194.188.105,,,45734,443,0,50,17
1588616980.126608,173.194.188.105,10.10.0.10,,,443,45734,0,1358,17
1588616980.131606,173.194.188.105,10.10.0.10,,,443,45734,0,1358,17
1588616980.133441,10.10.0.10,173.194.188.105,,,45734,443,0,37,17
1588616980.136606,173.194.188.105,10.10.0.10,,,443,45734,0,1358,17
1588616980.141562,173.194.188.105,10.10.0.10,,,443,45734,0,1358,17
1588616980.143818,10.10.0.10,173.194.188.105,,,45734,443,0,37,17
1588616980.146606,173.194.188.105,10.10.0.10,,,443,45734,0,1358,17
1588616980.151601,173.194.188.105,10.10.0.10,,,443,45734,0,1358,17
1588616980.1532779,10.10.0.10,173.194.188.105,,,45734,443,0,37,17
1588616980.156558,173.194.188.105,10.10.0.10,,,443,45734,0,1358,17
1588616980.161596,173.194.188.105,10.10.0.10,,,443,45734,0,1358,17
1588616980.1633198,10.10.0.10,173.194.188.105,,,45734,443,0,37,17
1588616980.166598,173.194.188.105,10.10.0.10,,,443,45734,0,1358,17
1588616980.171593,173.194.188.105,10.10.0.10,,,443,45734,0,1358,17
1588616980.1732569,10.10.0.10,173.194.188.105,,,45734,443,0,37,17
1588616980.17661,173.194.188.105,10.10.0.10,,,443,45734,0,1358,17
1588616980.181567,173.194.188.105,10.10.0.10,,,443,45734,0,1358,17
1588616980.183281,10.10.0.10,173.194.188.105,,,45734,443,0,37,17
1588616980.1865492,173.194.188.105,10.10.0.10,,,443,45734,0,1358,17
1588616980.191589,173.194.188.105,10.10.0.10,,,443,45734,0,1358,17
1588616980.1932561,10.10.0.10,173.194.188.105,,,45734,443,0,37,17
1588616980.196584,173.194.188.105,10.10.0.10,,,443,45734,0,1358,17
1588616980.201586,173.194.188.105,10.10.0.10,,,443,45734,0,1358,17
1588616980.203196,10.10.0.10,173.194.188.105,,,45734,443,0,37,17
1588616980.206584,173.194.188.105,10.10.0.10,,,443,45734,0,1358,17
1588616980.2115812,173.194.188.105,10.10.0.10,,,443,45734,0,1358,17
1588616980.213254,10.10.0.10,173.194.188.105,,,45734,443,0,37,17
1588616980.216577,173.194.188.105,10.10.0.10,,,443,45734,0,1358,17
1588616980.221574,173.194.188.105,10.10.0.10,,,443,45734,0,1358,17
1588616980.223375,10.10.0.10,173.194.188.105,,,45734,443,0,37,17
1588616980.2265732,173.194.188.105,10.10.0.10,,,443,45734,0,1358,17
1588616980.231575,173.194.188.105,10.10.0.10,,,443,45734,0,1358,17
1588616980.2332768,10.10.0.10,173.194.188.105,,,45734,443,0,37,17
1588616980.2365732,173.194.188.105,10.10.0.10,,,443,45734,0,1358,17
1588616980.2415671,173.194.188.105,10.10.0.10,,,443,45734,0,1358,17
1588616980.244071,10.10.0.10,173.194.188.105,,,45734,443,0,37,17
1588616980.246567,173.194.188.105,10.10.0.10,,,443,45734,0,1358,17
1588616980.251568,173.194.188.105,10.10.0.10,,,443,45734,0,1358,17
1588616980.2534866,10.10.0.10,173.194.188.105,,,45734,443,0,37,17
1588616980.256562,173.194.188.105,10.10.0.10,,,443,45734,0,1358,17
1588616980.2615645,173.194.188.105,10.10.0.10,,,443,45734,0,1358,17
1588616980.263488,10.10.0.10,173.194.188.105,,,45734,443,0,37,17
1588616980.2665591,173.194.188.105,10.10.0.10,,,443,45734,0,1358,17
1588616980.271557,173.194.188.105,10.10.0.10,,,443,45734,0,1358,17
1588616980.2732801,10.10.0.10,173.194.188.105,,,45734,443,0,37,17
1588616980.2765546,173.194.188.105,10.10.0.10,,,443,45734,0,1358,17
1588616980.281553,173.194.188.105,10.10.0.10,,,443,45734,0,1358,17
1588616980.283234,10.10.0.10,173.194.188.105,,,45734,443,0,37,17
1588616980.2865546,173.194.188.105,10.10.0.10,,,443,45734,0,1358,17
1588616980.2914882,173.194.188.105,10.10.0.10,,,443,45734,0,1358,17
1588616980.293132,10.10.0.10,173.194.188.105,,,45734,443,0,37,17
1588616980.296552,173.194.188.105,10.10.0.10,,,443,45734,0,1358,17
1588616980.3015196,173.194.188.105,10.10.0.10,,,443,45734,0,1358,17
1588616980.3032372,10.10.0.10,173.194.188.105,,,45734,443,0,37,17
1588616980.306545,173.194.188.105,10.10.0.10,,,443,45734,0,1358,17
1588616980.311542,173.194.188.105,10.10.0.10,,,443,45734,0,1358,17
1588616980.313385,10.10.0.10,173.194.188.105,,,45734,443,0,37,17
1588616980.316544,173.194.188.105,10.10.0.10,,,443,45734,0,1358,17
1588616980.32154,173.194.188.105,10.10.0.10,,,443,45734,0,1358,17
1588616980.323427,10.10.0.10,173.194.188.105,,,45734,443,0,50,17
1588616980.3265412,173.194.188.105,10.10.0.10,,,443,45734,0,1358,17
1588616980.331497,173.194.188.105,10.10.0.10,,,443,45734,0,1358,17
1588616980.333405,10.10.0.10,173.194.188.105,,,45734,443,0,37,17
1588616980.3365386,173.194.188.105,10.10.0.10,,,443,45734,0,1358,17
1588616980.3414679,173.194.188.105,10.10.0.10,,,443,45734,0,1358,17
1588616980.345259,10.10.0.10,173.194.188.105,,,45734,443,0,37,17
1588616980.3465312,173.194.188.105,10.10.0.10,,,443,45734,0,1358,17
1588616980.351528,173.194.188.105,10.10.0.10,,,443,45734,0,1358,17
1588616980.3533561,10.10.0.10,173.194.188.105,,,45734,443,0,37,17
1588616980.356526,173.194.188.105,10.10.0.10,,,443,45734,0,1358,17
1588616980.361524,173.194.188.105,10.10.0.10,,,443,45734,0,1358,17
1588616980.366526,173.194.188.105,10.10.0.10,,,443,45734,0,1358,17
1588616980.3666108,10.10.0.10,173.194.188.105,,,45734,443,0,37,17
1588616980.37149,173.194.188.105,10.10.0.10,,,443,45734,0,1358,17
1588616980.3731039,10.10.0.10,173.194.188.105,,,45734,443,0,37,17
1588616980.376473,173.194.188.105,10.10.0.10,,,443,45734,0,1358,17
1588616980.381489,173.194.188.105,10.10.0.10,,,443,45734,0,1358,17
1588616980.383626,10.10.0.10,173.194.188.105,,,45734,443,0,37,17
1588616980.3864882,173.194.188.105,10.10.0.10,,,443,45734,0,29,17
1588616980.386671,173.194.188.105,10.10.0.10,,,443,45734,0,1358,17
1588616980.3917394,173.194.188.105,10.10.0.10,,,443,45734,0,1358,17
1588616980.394946,10.10.0.10,173.194.188.105,,,45734,443,0,37,17
1588616980.3967378,173.194.188.105,10.10.0.10,,,443,45734,0,1358,17
1588616980.401736,173.194.188.105,10.10.0.10,,,443,45734,0,1358,17
1588616980.403291,10.10.0.10,173.194.188.105,,,45734,443,0,37,17
1588616980.406734,173.194.188.105,10.10.0.10,,,443,45734,0,1358,17
1588616980.4117332,173.194.188.105,10.10.0.10,,,443,45734,0,1358,17
1588616980.413485,10.10.0.10,173.194.188.105,,,45734,443,0,37,17
1588616980.4167302,173.194.188.105,10.10.0.10,,,443,45734,0,1358,17
1588616980.4217026,173.194.188.105,10.10.0.10,,,443,45734,0,1358,17
1588616980.423219,10.10.0.10,173.194.188.105,,,45734,443,0,37,17
1588616980.426665,173.194.188.105,10.10.0.10,,,443,45734,0,1358,17
1588616980.4317286,173.194.188.105,10.10.0.10,,,443,45734,0,1358,17
1588616980.433318,10.10.0.10,173.194.188.105,,,45734,443,0,37,17
1588616980.4366732,173.194.188.105,10.10.0.10,,,443,45734,0,1358,17
1588616980.441727,173.194.188.105,10.10.0.10,,,443,45734,0,1358,17
1588616980.443295,10.10.0.10,173.194.188.105,,,45734,443,0,37,17
1588616980.4466588,173.194.188.105,10.10.0.10,,,443,45734,0,1358,17
1588616980.451719,173.194.188.105,10.10.0.10,,,443,45734,0,1358,17
1588616980.453295,10.10.0.10,173.194.188.105,,,45734,443,0,37,17
1588616980.456717,173.194.188.105,10.10.0.10,,,443,45734,0,1358,17
1588616980.461719,173.194.188.105,10.10.0.10,,,443,45734,0,1358,17
1588616980.463423,10.10.0.10,173.194.188.105,,,45734,443,0,37,17
1588616980.4667132,173.194.188.105,10.10.0.10,,,443,45734,0,1358,17
1588616980.471709,173.194.188.105,10.10.0.10,,,443,45734,0,1358,17
1588616980.4736738,10.10.0.10,173.194.188.105,,,45734,443,0,37,17
1588616980.4767098,173.194.188.105,10.10.0.10,,,443,45734,0,1358,17
1588616980.481709,173.194.188.105,10.10.0.10,,,443,45734,0,1358,17
1588616980.486708,173.194.188.105,10.10.0.10,,,443,45734,0,1358,17
1588616980.4917052,173.194.188.105,10.10.0.10,,,443,45734,0,1358,17
1588616980.4967036,173.194.188.105,10.10.0.10,,,443,45734,0,1358,17
1588616980.5017068,173.194.188.105,10.10.0.10,,,443,45734,0,1358,17
1588616980.5066721,173.194.188.105,10.10.0.10,,,443,45734,0,1358,17
1588616980.508807,10.10.0.10,173.194.188.105,,,45734,443,0,37,17
1588616980.510581,10.10.0.10,173.194.188.105,,,45734,443,0,37,17
1588616980.511112,10.10.0.10,173.194.188.105,,,45734,443,0,37,17
1588616980.511657,173.194.188.105,10.10.0.10,,,443,45734,0,1358,17
1588616980.5135276,10.10.0.10,173.194.188.105,,,45734,443,0,37,17
1588616980.5167012,173.194.188.105,10.10.0.10,,,443,45734,0,1358,17
1588616980.521668,173.194.188.105,10.10.0.10,,,443,45734,0,1358,17
1588616980.5235288,10.10.0.10,173.194.188.105,,,45734,443,0,50,17
1588616980.5266972,173.194.188.105,10.10.0.10,,,443,45734,0,1358,17
1588616980.5316908,173.194.188.105,10.10.0.10,,,443,45734,0,1358,17
1588616980.533572,10.10.0.10,173.194.188.105,,,45734,443,0,37,17
1588616980.536691,173.194.188.105,10.10.0.10,,,443,45734,0,1358,17
1588616980.5416448,173.194.188.105,10.10.0.10,,,443,45734,0,1358,17
1588616980.544379,10.10.0.10,173.194.188.105,,,45734,443,0,37,17
1588616980.546688,173.194.188.105,10.10.0.10,,,443,45734,0,1358,17
1588616980.551625,173.194.188.105,10.10.0.10,,,443,45734,0,1358,17
1588616980.5532038,10.10.0.10,173.194.188.105,,,45734,443,0,37,17
1588616980.556616,173.194.188.105,10.10.0.10,,,443,45734,0,1358,17
1588616980.561625,173.194.188.105,10.10.0.10,,,443,45734,0,1358,17
1588616980.56308,10.10.0.10,173.194.188.105,,,45734,443,0,37,17
1588616980.5666401,173.194.188.105,10.10.0.10,,,443,45734,0,1358,17
1588616980.57166,173.194.188.105,10.10.0.10,,,443,45734,0,1358,17
1588616980.5733476,10.10.0.10,173.194.188.105,,,45734,443,0,37,17
1588616980.576642,173.194.188.105,10.10.0.10,,,443,45734,0,1358,17
1588616980.581613,173.194.188.105,10.10.0.10,,,443,45734,0,1358,17
1588616980.5834026,10.10.0.10,173.194.188.105,,,45734,443,0,37,17
1588616980.586615,173.194.188.105,10.10.0.10,,,443,45734,0,29,17
1588616980.5868418,173.194.188.105,10.10.0.10,,,443,45734,0,1358,17
1588616980.591855,173.194.188.105,10.10.0.10,,,443,45734,0,1358,17
1588616980.593622,10.10.0.10,173.194.188.105,,,45734,443,0,37,17
1588616980.5968518,173.194.188.105,10.10.0.10,,,443,45734,0,1358,17
1588616980.601856,173.194.188.105,10.10.0.10,,,443,45734,0,1358,17
1588616980.6036859,10.10.0.10,173.194.188.105,,,45734,443,0,37,17
1588616980.6068408,173.194.188.105,10.10.0.10,,,443,45734,0,1358,17
1588616980.611814,173.194.188.105,10.10.0.10,,,443,45734,0,1358,17
1588616980.6135252,10.10.0.10,173.194.188.105,,,45734,443,0,37,17
1588616980.6168444,173.194.188.105,10.10.0.10,,,443,45734,0,1358,17
1588616980.6218202,173.194.188.105,10.10.0.10,,,443,45734,0,1358,17
1588616980.6268108,173.194.188.105,10.10.0.10,,,443,45734,0,1358,17
1588616980.629335,10.10.0.10,173.194.188.105,,,45734,443,0,37,17
1588616980.631857,173.194.188.105,10.10.0.10,,,443,45734,0,1358,17
1588616980.636025,10.10.0.10,173.194.188.105,,,45734,443,0,37,17
1588616980.63684,173.194.188.105,10.10.0.10,,,443,45734,0,1358,17
1588616980.641807,173.194.188.105,10.10.0.10,,,443,45734,0,1358,17
1588616980.64363,10.10.0.10,173.194.188.105,,,45734,443,0,37,17
1588616980.646807,173.194.188.105,10.10.0.10,,,443,45734,0,1358,17
1588616980.6518312,173.194.188.105,10.10.0.10,,,443,45734,0,1358,17
1588616980.653559,10.10.0.10,173.194.188.105,,,45734,443,0,37,17
1588616980.656803,173.194.188.105,10.10.0.10,,,443,45734,0,1358,17
1588616980.6618268,173.194.188.105,10.10.0.10,,,443,45734,0,1358,17
1588616980.6635172,10.10.0.10,173.194.188.105,,,45734,443,0,37,17
1588616980.6668534,173.194.188.105,10.10.0.10,,,443,45734,0,1358,17
1588616980.671851,173.194.188.105,10.10.0.10,,,443,45734,0,1358,17
1588616980.6735165,10.10.0.10,173.194.188.105,,,45734,443,0,37,17
1588616980.676809,173.194.188.105,10.10.0.10,,,443,45734,0,1358,17
1588616980.681794,173.194.188.105,10.10.0.10,,,443,45734,0,1358,17
1588616980.6832411,10.10.0.10,173.194.188.105,,,45734,443,0,37,17
1588616980.686791,173.194.188.105,10.10.0.10,,,443,45734,0,1358,17
1588616980.6918569,173.194.188.105,10.10.0.10,,,443,45734,0,1358,17
1588616980.69363,10.10.0.10,173.194.188.105,,,45734,443,0,37,17
1588616980.6968482,173.194.188.105,10.10.0.10,,,443,45734,0,1358,17
1588616980.701853,173.194.188.105,10.10.0.10,,,443,45734,0,1358,17
1588616980.7046561,10.10.0.10,173.194.188.105,,,45734,443,0,37,17
1588616980.7067964,173.194.188.105,10.10.0.10,,,443,45734,0,1358,17
1588616980.711849,173.194.188.105,10.10.0.10,,,443,45734,0,1358,17
1588616980.7140071,10.10.0.10,173.194.188.105,,,45734,443,0,37,17
1588616980.716841,173.194.188.105,10.10.0.10,,,443,45734,0,1358,17
1588616980.721846,173.194.188.105,10.10.0.10,,,443,45734,0,1358,17
1588616980.7254891,10.10.0.10,173.194.188.105,,,45734,443,0,50,17
1588616980.72684,173.194.188.105,10.10.0.10,,,443,45734,0,1358,17
1588616980.731815,173.194.188.105,10.10.0.10,,,443,45734,0,1358,17
1588616980.7334714,10.10.0.10,173.194.188.105,,,45734,443,0,37,17
1588616980.7368374,173.194.188.105,10.10.0.10,,,443,45734,0,1358,17
1588616980.741841,173.194.188.105,10.10.0.10,,,443,45734,0,1358,17
1588616980.7438538,10.10.0.10,173.194.188.105,,,45734,443,0,37,17
1588616980.7468328,173.194.188.105,10.10.0.10,,,443,45734,0,1358,17
1588616980.751809,173.194.188.105,10.10.0.10,,,443,45734,0,1358,17
1588616980.7535331,10.10.0.10,173.194.188.105,,,45734,443,0,37,17
1588616980.75683,173.194.188.105,10.10.0.10,,,443,45734,0,1358,17
1588616980.76186,173.194.188.105,10.10.0.10,,,443,45734,0,1358,17
1588616980.7633939,10.10.0.10,173.194.188.105,,,45734,443,0,37,17
1588616980.76683,173.194.188.105,10.10.0.10,,,443,45734,0,1358,17
1588616980.771841,173.194.188.105,10.10.0.10,,,443,45734,0,1358,17
1588616980.773385,10.10.0.10,173.194.188.105,,,45734,443,0,37,17
1588616980.7768278,173.194.188.105,10.10.0.10,,,443,45734,0,1358,17
1588616980.781834,173.194.188.105,10.10.0.10,,,443,45734,0,1358,17
1588616980.783708,10.10.0.10,173.194.188.105,,,45734,443,0,37,17
1588616980.786823,173.194.188.105,10.10.0.10,,,443,45734,0,1358,17
1588616980.791831,173.194.188.105,10.10.0.10,,,443,45734,0,1358,17
1588616980.793365,10.10.0.10,173.194.188.105,,,45734,443,0,37,17
1588616980.796819,173.194.188.105,10.10.0.10,,,443,45734,0,29,17
1588616980.7969732,173.194.188.105,10.10.0.10,,,443,45734,0,1358,17
1588616980.8019788,173.194.188.105,10.10.0.10,,,443,45734,0,1358,17
1588616980.8045769,10.10.0.10,173.194.188.105,,,45734,443,0,37,17
1588616980.8070474,173.194.188.105,10.10.0.10,,,443,45734,0,1358,17
1588616980.812015,173.194.188.105,10.10.0.10,,,443,45734,0,1358,17
1588616980.8138769,10.10.0.10,173.194.188.105,,,45734,443,0,37,17
1588616980.817039,173.194.188.105,10.10.0.10,,,443,45734,0,1358,17
1588616980.8220394,173.194.188.105,10.10.0.10,,,443,45734,0,1358,17
1588616980.824021,10.10.0.10,173.194.188.105,,,45734,443,0,37,17
1588616980.827036,173.194.188.105,10.10.0.10,,,443,45734,0,1358,17
1588616980.8320348,173.194.188.105,10.10.0.10,,,443,45734,0,1358,17
1588616980.834354,10.10.0.10,173.194.188.105,,,45734,443,0,37,17
1588616980.837035,173.194.188.105,10.10.0.10,,,443,45734,0,1358,17
1588616980.84197,173.194.188.105,10.10.0.10,,,443,45734,0,1358,17
1588616980.84364,10.10.0.10,173.194.188.105,,,45734,443,0,37,17
1588616980.847035,173.194.188.105,10.10.0.10,,,443,45734,0,1358,17
1588616980.8520072,173.194.188.105,10.10.0.10,,,443,45734,0,1358,17
1588616980.8542588,10.10.0.10,173.194.188.105,,,45734,443,0,37,17
1588616980.857034,173.194.188.105,10.10.0.10,,,443,45734,0,1358,17
1588616980.862032,173.194.188.105,10.10.0.10,,,443,45734,0,1358,17
1588616980.865262,10.10.0.10,173.194.188.105,,,45734,443,0,37,17
1588616980.8670278,173.194.188.105,10.10.0.10,,,443,45734,0,1358,17
1588616980.871983,173.194.188.105,10.10.0.10,,,443,45734,0,1358,17
1588616980.8736515,10.10.0.10,173.194.188.105,,,45734,443,0,37,17
1588616980.876964,173.194.188.105,10.10.0.10,,,443,45734,0,1358,17
1588616980.8819964,173.194.188.105,10.10.0.10,,,443,45734,0,1358,17
1588616980.8835304,10.10.0.10,173.194.188.105,,,45734,443,0,37,17
1588616980.887024,173.194.188.105,10.10.0.10,,,443,45734,0,1358,17
1588616980.892008,173.194.188.105,10.10.0.10,,,443,45734,0,1358,17
1588616980.8946738,10.10.0.10,173.194.188.105,,,45734,443,0,37,17
1588616980.8970199,173.194.188.105,10.10.0.10,,,443,45734,0,1358,17
1588616980.902001,173.194.188.105,10.10.0.10,,,443,45734,0,1358,17
1588616980.9035482,10.10.0.10,173.194.188.105,,,45734,443,0,37,17
1588616980.907034,173.194.188.105,10.10.0.10,,,443,45734,0,1358,17
1588616980.9120178,173.194.188.105,10.10.0.10,,,443,45734,0,1358,17
1588616980.914865,10.10.0.10,173.194.188.105,,,45734,443,0,37,17
1588616980.9170132,173.194.188.105,10.10.0.10,,,443,45734,0,1358,17
1588616980.921985,173.194.188.105,10.10.0.10,,,443,45734,0,1358,17
1588616980.9235704,10.10.0.10,173.194.188.105,,,45734,443,0,50,17
1588616980.9270098,173.194.188.105,10.10.0.10,,,443,45734,0,1358,17
1588616980.932011,173.194.188.105,10.10.0.10,,,443,45734,0,1358,17
1588616980.9335716,10.10.0.10,173.194.188.105,,,45734,443,0,37,17
1588616980.936933,173.194.188.105,10.10.0.10,,,443,45734,0,1358,17
1588616980.942008,173.194.188.105,10.10.0.10,,,443,45734,0,1358,17
1588616980.9436738,10.10.0.10,173.194.188.105,,,45734,443,0,37,17
1588616980.947003,173.194.188.105,10.10.0.10,,,443,45734,0,1358,17
1588616980.952015,173.194.188.105,10.10.0.10,,,443,45734,0,1358,17
1588616980.9536572,10.10.0.10,173.194.188.105,,,45734,443,0,37,17
1588616980.956999,173.194.188.105,10.10.0.10,,,443,45734,0,1358,17
1588616980.9620008,173.194.188.105,10.10.0.10,,,443,45734,0,1358,17
1588616980.9646142,10.10.0.10,173.194.188.105,,,45734,443,0,37,17
1588616980.9669962,173.194.188.105,10.10.0.10,,,443,45734,0,1358,17
1588616980.971983,173.194.188.105,10.10.0.10,,,443,45734,0,1358,17
1588616980.973656,10.10.0.10,173.194.188.105,,,45734,443,0,37,17
1588616980.976991,173.194.188.105,10.10.0.10,,,443,45734,0,1358,17
1588616980.9819171,173.194.188.105,10.10.0.10,,,443,45734,0,1358,17
1588616980.986988,173.194.188.105,10.10.0.10,,,443,45734,0,1358,17
1588616980.992002,173.194.188.105,10.10.0.10,,,443,45734,0,1358,17
1588616980.9969866,173.194.188.105,10.10.0.10,,,443,45734,0,1358,17
1588616981.001986,173.194.188.105,10.10.0.10,,,443,45734,0,1358,17
1588616981.006984,173.194.188.105,10.10.0.10,,,443,45734,0,29,17
1588616981.007126,173.194.188.105,10.10.0.10,,,443,45734,0,1358,17
1588616981.012208,173.194.188.105,10.10.0.10,,,443,45734,0,1358,17
1588616981.0172062,173.194.188.105,10.10.0.10,,,443,45734,0,1358,17
1588616981.022206,173.194.188.105,10.10.0.10,,,443,45734,0,1358,17
1588616981.0272,173.194.188.105,10.10.0.10,,,443,45734,0,1358,17
1588616981.029367,10.10.0.10,173.194.188.105,,,45734,443,0,37,17
1588616981.030392,10.10.0.10,173.194.188.105,,,45734,443,0,37,17
1588616981.0321972,173.194.188.105,10.10.0.10,,,443,45734,0,1358,17
1588616981.0331779,10.10.0.10,173.194.188.105,,,45734,443,0,37,17
1588616981.033909,10.10.0.10,173.194.188.105,,,45734,443,0,37,17
1588616981.0354,10.10.0.10,173.194.188.105,,,45734,443,0,37,17
1588616981.036236,10.10.0.10,173.194.188.105,,,45734,443,0,37,17
1588616981.0371964,173.194.188.105,10.10.0.10,,,443,45734,0,1358,17
1588616981.0421972,173.194.188.105,10.10.0.10,,,443,45734,0,1358,17
1588616981.0437589,10.10.0.10,173.194.188.105,,,45734,443,0,37,17
1588616981.047144,173.194.188.105,10.10.0.10,,,443,45734,0,1358,17
1588616981.0521948,173.194.188.105,10.10.0.10,,,443,45734,0,1358,17
1588616981.053759,10.10.0.10,173.194.188.105,,,45734,443,0,37,17
1588616981.0571172,173.194.188.105,10.10.0.10,,,443,45734,0,1358,17
1588616981.06219,173.194.188.105,10.10.0.10,,,443,45734,0,1358,17
1588616981.064647,10.10.0.10,173.194.188.105,,,45734,443,0,37,17
1588616981.0671456,173.194.188.105,10.10.0.10,,,443,45734,0,1358,17
1588616981.072187,173.194.188.105,10.10.0.10,,,443,45734,0,1358,17
1588616981.0737581,10.10.0.10,173.194.188.105,,,45734,443,0,37,17
1588616981.077181,173.194.188.105,10.10.0.10,,,443,45734,0,1358,17
1588616981.082184,173.194.188.105,10.10.0.10,,,443,45734,0,1358,17
1588616981.0836961,10.10.0.10,173.194.188.105,,,45734,443,0,37,17
1588616981.0871382,173.194.188.105,10.10.0.10,,,443,45734,0,1358,17
1588616981.0921812,173.194.188.105,10.10.0.10,,,443,45734,0,1358,17
1588616981.0937798,10.10.0.10,173.194.188.105,,,45734,443,0,37,17
1588616981.0971751,173.194.188.105,10.10.0.10,,,443,45734,0,1358,17
1588616981.1021721,173.194.188.105,10.10.0.10,,,443,45734,0,1358,17
1588616981.103785,10.10.0.10,173.194.188.105,,,45734,443,0,37,17
1588616981.1071718,173.194.188.105,10.10.0.10,,,443,45734,0,1358,17
1588616981.112173,173.194.188.105,10.10.0.10,,,443,45734,0,1358,17
1588616981.1139472,10.10.0.10,173.194.188.105,,,45734,443,0,37,17
1588616981.117178,173.194.188.105,10.10.0.10,,,443,45734,0,1358,17
1588616981.1221662,173.194.188.105,10.10.0.10,,,443,45734,0,1358,17
1588616981.123999,10.10.0.10,173.194.188.105,,,45734,443,0,50,17
1588616981.1271632,173.194.188.105,10.10.0.10,,,443,45734,0,1358,17
1588616981.132118,173.194.188.105,10.10.0.10,,,443,45734,0,1358,17
1588616981.134056,10.10.0.10,173.194.188.105,,,45734,443,0,37,17
1588616981.13716,173.194.188.105,10.10.0.10,,,443,45734,0,1358,17
1588616981.1421628,173.194.188.105,10.10.0.10,,,443,45734,0,1358,17
1588616981.1438642,10.10.0.10,173.194.188.105,,,45734,443,0,37,17
1588616981.1471634,173.194.188.105,10.10.0.10,,,443,45734,0,1358,17
1588616981.1520998,173.194.188.105,10.10.0.10,,,443,45734,0,1358,17
1588616981.1538632,10.10.0.10,173.194.188.105,,,45734,443,0,37,17
1588616981.157158,173.194.188.105,10.10.0.10,,,443,45734,0,1358,17
1588616981.1620898,173.194.188.105,10.10.0.10,,,443,45734,0,1358,17
1588616981.164781,10.10.0.10,173.194.188.105,,,45734,443,0,37,17
1588616981.167148,173.194.188.105,10.10.0.10,,,443,45734,0,1358,17
1588616981.1721091,173.194.188.105,10.10.0.10,,,443,45734,0,1358,17
1588616981.173742,10.10.0.10,173.194.188.105,,,45734,443,0,37,17
1588616981.177145,173.194.188.105,10.10.0.10,,,443,45734,0,1358,17
1588616981.182081,173.194.188.105,10.10.0.10,,,443,45734,0,1358,17
1588616981.184259,10.10.0.10,173.194.188.105,,,45734,443,0,37,17
1588616981.187142,173.194.188.105,10.10.0.10,,,443,45734,0,1358,17
1588616981.1920776,173.194.188.105,10.10.0.10,,,443,45734,0,1358,17
1588616981.1937141,10.10.0.10,173.194.188.105,,,45734,443,0,37,17
1588616981.197093,173.194.188.105,10.10.0.10,,,443,45734,0,29,17
1588616981.1972976,173.194.188.105,10.10.0.10,,,443,45734,0,1358,17
1588616981.2023199,173.194.188.105,10.10.0.10,,,443,45734,0,1358,17
1588616981.2040784,10.10.0.10,173.194.188.105,,,45734,443,0,37,17
1588616981.2073526,173.194.188.105,10.10.0.10,,,443,45734,0,1358,17
1588616981.212322,173.194.188.105,10.10.0.10,,,443,45734,0,1358,17
1588616981.2143116,10.10.0.10,173.194.188.105,,,45734,443,0,37,17
1588616981.217352,173.194.188.105,10.10.0.10,,,443,45734,0,1358,17
1588616981.2223141,173.194.188.105,10.10.0.10,,,443,45734,0,1358,17
1588616981.223898,10.10.0.10,173.194.188.105,,,45734,443,0,37,17
1588616981.227349,173.194.188.105,10.10.0.10,,,443,45734,0,1358,17
1588616981.2322881,173.194.188.105,10.10.0.10,,,443,45734,0,1358,17
1588616981.2341056,10.10.0.10,173.194.188.105,,,45734,443,0,37,17
1588616981.237345,173.194.188.105,10.10.0.10,,,443,45734,0,1358,17
1588616981.242305,173.194.188.105,10.10.0.10,,,443,45734,0,1358,17
1588616981.244161,10.10.0.10,173.194.188.105,,,45734,443,0,37,17
1588616981.2473402,173.194.188.105,10.10.0.10,,,443,45734,0,1358,17
1588616981.2523026,173.194.188.105,10.10.0.10,,,443,45734,0,1358,17
1588616981.2540188,10.10.0.10,173.194.188.105,,,45734,443,0,37,17
1588616981.257336,173.194.188.105,10.10.0.10,,,443,45734,0,1358,17
1588616981.2622972,173.194.188.105,10.10.0.10,,,443,45734,0,1358,17
1588616981.264166,10.10.0.10,173.194.188.105,,,45734,443,0,37,17
1588616981.2673314,173.194.188.105,10.10.0.10,,,443,45734,0,1358,17
1588616981.272309,173.194.188.105,10.10.0.10,,,443,45734,0,1358,17
1588616981.2742188,10.10.0.10,173.194.188.105,,,45734,443,0,37,17
1588616981.277336,173.194.188.105,10.10.0.10,,,443,45734,0,1358,17
1588616981.282292,173.194.188.105,10.10.0.10,,,443,45734,0,1358,17
1588616981.2840269,10.10.0.10,173.194.188.105,,,45734,443,0,37,17
1588616981.2873359,173.194.188.105,10.10.0.10,,,443,45734,0,1358,17
1588616981.292331,173.194.188.105,10.10.0.10,,,443,45734,0,1358,17
1588616981.294114,10.10.0.10,173.194.188.105,,,45734,443,0,37,17
1588616981.297333,173.194.188.105,10.10.0.10,,,443,45734,0,1358,17
1588616981.3023322,173.194.188.105,10.10.0.10,,,443,45734,0,1358,17
1588616981.3063009,10.10.0.10,173.194.188.105,,,45734,443,0,37,17
1588616981.3073251,173.194.188.105,10.10.0.10,,,443,45734,0,1358,17
1588616981.3123262,173.194.188.105,10.10.0.10,,,443,45734,0,1358,17
1588616981.315901,10.10.0.10,173.194.188.105,,,45734,443,0,37,17
1588616981.317322,173.194.188.105,10.10.0.10,,,443,45734,0,1358,17
1588616981.3223238,173.194.188.105,10.10.0.10,,,443,45734,0,1358,17
1588616981.32425,10.10.0.10,173.194.188.105,,,45734,443,0,50,17
1588616981.3273196,173.194.188.105,10.10.0.10,,,443,45734,0,1358,17
1588616981.332319,173.194.188.105,10.10.0.10,,,443,45734,0,1358,17
1588616981.3341582,10.10.0.10,173.194.188.105,,,45734,443,0,37,17
1588616981.3373196,173.194.188.105,10.10.0.10,,,443,45734,0,1358,17
1588616981.342272,173.194.188.105,10.10.0.10,,,443,45734,0,1358,17
1588616981.344179,10.10.0.10,173.194.188.105,,,45734,443,0,37,17
1588616981.3472724,173.194.188.105,10.10.0.10,,,443,45734,0,1358,17
1588616981.352258,173.194.188.105,10.10.0.10,,,443,45734,0,1358,17
1588616981.3543322,10.10.0.10,173.194.188.105,,,45734,443,0,37,17
1588616981.3573024,173.194.188.105,10.10.0.10,,,443,45734,0,1358,17
1588616981.362299,173.194.188.105,10.10.0.10,,,443,45734,0,1358,17
1588616981.3651078,10.10.0.10,173.194.188.105,,,45734,443,0,37,17
1588616981.3672931,173.194.188.105,10.10.0.10,,,443,45734,0,1358,17
1588616981.372296,173.194.188.105,10.10.0.10,,,443,45734,0,1358,17
1588616981.37389,10.10.0.10,173.194.188.105,,,45734,443,0,37,17
1588616981.3772616,173.194.188.105,10.10.0.10,,,443,45734,0,1358,17
1588616981.382224,173.194.188.105,10.10.0.10,,,443,45734,0,1358,17
1588616981.38396,10.10.0.10,173.194.188.105,,,45734,443,0,37,17
1588616981.3872876,173.194.188.105,10.10.0.10,,,443,45734,0,1358,17
1588616981.3922448,173.194.188.105,10.10.0.10,,,443,45734,0,1358,17
1588616981.394187,10.10.0.10,173.194.188.105,,,45734,443,0,37,17
1588616981.3972821,173.194.188.105,10.10.0.10,,,443,45734,0,1358,17
1588616981.40224,173.194.188.105,10.10.0.10,,,443,45734,0,1358,17
1588616981.403792,10.10.0.10,173.194.188.105,,,45734,443,0,37,17
1588616981.407279,173.194.188.105,10.10.0.10,,,443,45734,0,1358,17
1588616981.4122374,173.194.188.105,10.10.0.10,,,443,45734,0,1358,17
1588616981.414248,10.10.0.10,173.194.188.105,,,45734,443,0,37,17
1588616981.417275,173.194.188.105,10.10.0.10,,,443,45734,0,1358,17
1588616981.4222338,173.194.188.105,10.10.0.10,,,443,45734,0,1358,17
1588616981.423955,10.10.0.10,173.194.188.105,,,45734,443,0,37,17
1588616981.4272838,173.194.188.105,10.10.0.10,,,443,45734,0,1358,17
1588616981.432226,173.194.188.105,10.10.0.10,,,443,45734,0,1358,17
1588616981.4339802,10.10.0.10,173.194.188.105,,,45734,443,0,37,17
1588616981.4372678,173.194.188.105,10.10.0.10,,,443,45734,0,1358,17
1588616981.442226,173.194.188.105,10.10.0.10,,,443,45734,0,1358,17
1588616981.443961,10.10.0.10,173.194.188.105,,,45734,443,0,37,17
1588616981.4472651,173.194.188.105,10.10.0.10,,,443,45734,0,1358,17
1588616981.452264,173.194.188.105,10.10.0.10,,,443,45734,0,1358,17
1588616981.4539778,10.10.0.10,173.194.188.105,,,45734,443,0,37,17
1588616981.457266,173.194.188.105,10.10.0.10,,,443,45734,0,1358,17
1588616981.462264,173.194.188.105,10.10.0.10,,,443,45734,0,1358,17
1588616981.465528,10.10.0.10,173.194.188.105,,,45734,443,0,37,17
1588616981.467258,173.194.188.105,10.10.0.10,,,443,45734,0,1358,17
1588616981.4722598,173.194.188.105,10.10.0.10,,,443,45734,0,1358,17
1588616981.47401,10.10.0.10,173.194.188.105,,,45734,443,0,37,17
1588616981.477259,173.194.188.105,10.10.0.10,,,443,45734,0,1358,17
1588616981.482226,173.194.188.105,10.10.0.10,,,443,45734,0,1358,17
1588616981.483896,10.10.0.10,173.194.188.105,,,45734,443,0,37,17
1588616981.4872518,173.194.188.105,10.10.0.10,,,443,45734,0,1358,17
1588616981.492262,173.194.188.105,10.10.0.10,,,443,45734,0,1358,17
1588616981.4939332,10.10.0.10,173.194.188.105,,,45734,443,0,37,17
1588616981.497248,173.194.188.105,10.10.0.10,,,443,45734,0,1358,17
1588616981.5021882,173.194.188.105,10.10.0.10,,,443,45734,0,1358,17
1588616981.5040214,10.10.0.10,173.194.188.105,,,45734,443,0,37,17
1588616981.5072482,173.194.188.105,10.10.0.10,,,443,45734,0,1358,17
1588616981.5122142,173.194.188.105,10.10.0.10,,,443,45734,0,1358,17
1588616981.5138755,10.10.0.10,173.194.188.105,,,45734,443,0,37,17
1588616981.5172439,173.194.188.105,10.10.0.10,,,443,45734,0,1358,17
1588616981.522177,173.194.188.105,10.10.0.10,,,443,45734,0,1358,17
1588616981.523855,10.10.0.10,173.194.188.105,,,45734,443,0,50,17
1588616981.527241,173.194.188.105,10.10.0.10,,,443,45734,0,1358,17
1588616981.532194,173.194.188.105,10.10.0.10,,,443,45734,0,1358,17
1588616981.5338528,10.10.0.10,173.194.188.105,,,45734,443,0,37,17
1588616981.5372329,173.194.188.105,10.10.0.10,,,443,45734,0,1358,17
1588616981.5421894,173.194.188.105,10.10.0.10,,,443,45734,0,1358,17
1588616981.543918,10.10.0.10,173.194.188.105,,,45734,443,0,37,17
1588616981.547231,173.194.188.105,10.10.0.10,,,443,45734,0,1358,17
1588616981.5522275,173.194.188.105,10.10.0.10,,,443,45734,0,1358,17
1588616981.554086,10.10.0.10,173.194.188.105,,,45734,443,0,37,17
1588616981.557183,173.194.188.105,10.10.0.10,,,443,45734,0,1358,17
1588616981.5622275,173.194.188.105,10.10.0.10,,,443,45734,0,1358,17
1588616981.564112,10.10.0.10,173.194.188.105,,,45734,443,0,37,17
1588616981.5671608,173.194.188.105,10.10.0.10,,,443,45734,0,1358,17
1588616981.5721571,173.194.188.105,10.10.0.10,,,443,45734,0,1358,17
1588616981.573781,10.10.0.10,173.194.188.105,,,45734,443,0,37,17
1588616981.5771554,173.194.188.105,10.10.0.10,,,443,45734,0,1358,17
1588616981.5821626,173.194.188.105,10.10.0.10,,,443,45734,0,1358,17
1588616981.584142,10.10.0.10,173.194.188.105,,,45734,443,0,37,17
1588616981.5872009,173.194.188.105,10.10.0.10,,,443,45734,0,1358,17
1588616981.592173,173.194.188.105,10.10.0.10,,,443,45734,0,1358,17
1588616981.5943458,10.10.0.10,173.194.188.105,,,45734,443,0,37,17
1588616981.5971742,173.194.188.105,10.10.0.10,,,443,45734,0,1358,17
1588616981.6021476,173.194.188.105,10.10.0.10,,,443,45734,0,1358,17
1588616981.6038141,10.10.0.10,173.194.188.105,,,45734,443,0,37,17
1588616981.607198,173.194.188.105,10.10.0.10,,,443,45734,0,29,17
1588616981.607391,173.194.188.105,10.10.0.10,,,443,45734,0,1358,17
1588616981.6123981,173.194.188.105,10.10.0.10,,,443,45734,0,1358,17
1588616981.6150842,10.10.0.10,173.194.188.105,,,45734,443,0,37,17
1588616981.6174178,173.194.188.105,10.10.0.10,,,443,45734,0,1358,17
1588616981.6223948,173.194.188.105,10.10.0.10,,,443,45734,0,1358,17
1588616981.624152,10.10.0.10,173.194.188.105,,,45734,443,0,37,17
1588616981.627415,173.194.188.105,10.10.0.10,,,443,45734,0,1358,17
1588616981.632376,173.194.188.105,10.10.0.10,,,443,45734,0,1358,17
1588616981.6339474,10.10.0.10,173.194.188.105,,,45734,443,0,37,17
1588616981.637375,173.194.188.105,10.10.0.10,,,443,45734,0,1358,17
1588616981.642348,173.194.188.105,10.10.0.10,,,443,45734,0,1358,17
1588616981.644308,10.10.0.10,173.194.188.105,,,45734,443,0,37,17
1588616981.6474054,173.194.188.105,10.10.0.10,,,443,45734,0,1358,17
1588616981.6523802,173.194.188.105,10.10.0.10,,,443,45734,0,1358,17
1588616981.654265,10.10.0.10,173.194.188.105,,,45734,443,0,37,17
1588616981.6574042,173.194.188.105,10.10.0.10,,,443,45734,0,1358,17
1588616981.662384,173.194.188.105,10.10.0.10,,,443,45734,0,1358,17
1588616981.6654658,10.10.0.10,173.194.188.105,,,45734,443,0,37,17
1588616981.667366,173.194.188.105,10.10.0.10,,,443,45734,0,1358,17
1588616981.672344,173.194.188.105,10.10.0.10,,,443,45734,0,1358,17
1588616981.6737552,10.10.0.10,173.194.188.105,,,45734,443,0,37,17
1588616981.677397,173.194.188.105,10.10.0.10,,,443,45734,0,1358,17
1588616981.682368,173.194.188.105,10.10.0.10,,,443,45734,0,1358,17
1588616981.6839714,10.10.0.10,173.194.188.105,,,45734,443,0,37,17
1588616981.687394,173.194.188.105,10.10.0.10,,,443,45734,0,1358,17
1588616981.6923661,173.194.188.105,10.10.0.10,,,443,45734,0,1358,17
1588616981.696553,10.10.0.10,173.194.188.105,,,45734,443,0,37,17
1588616981.697391,173.194.188.105,10.10.0.10,,,443,45734,0,1358,17
1588616981.702393,173.194.188.105,10.10.0.10,,,443,45734,0,1358,17
1588616981.7039068,10.10.0.10,173.194.188.105,,,45734,443,0,37,17
1588616981.7073252,173.194.188.105,10.10.0.10,,,443,45734,0,1358,17
1588616981.7123482,173.194.188.105,10.10.0.10,,,443,45734,0,1358,17
1588616981.714832,10.10.0.10,173.194.188.105,,,45734,443,0,37,17
1588616981.717337,173.194.188.105,10.10.0.10,,,443,45734,0,1358,17
1588616981.722352,173.194.188.105,10.10.0.10,,,443,45734,0,1358,17
1588616981.724905,10.10.0.10,173.194.188.105,,,45734,443,0,50,17
1588616981.727351,173.194.188.105,10.10.0.10,,,443,45734,0,1358,17
1588616981.732354,173.194.188.105,10.10.0.10,,,443,45734,0,1358,17
1588616981.733883,10.10.0.10,173.194.188.105,,,45734,443,0,37,17
1588616981.7373712,173.194.188.105,10.10.0.10,,,443,45734,0,1358,17
1588616981.7423458,173.194.188.105,10.10.0.10,,,443,45734,0,1358,17
1588616981.743925,10.10.0.10,173.194.188.105,,,45734,443,0,37,17
1588616981.7473679,173.194.188.105,10.10.0.10,,,443,45734,0,1358,17
1588616981.752342,173.194.188.105,10.10.0.10,,,443,45734,0,1358,17
1588616981.7549946,10.10.0.10,173.194.188.105,,,45734,443,0,37,17
1588616981.7573712,173.194.188.105,10.10.0.10,,,443,45734,0,1358,17
1588616981.762368,173.194.188.105,10.10.0.10,,,443,45734,0,1358,17
1588616981.767338,173.194.188.105,10.10.0.10,,,443,45734,0,1358,17
1588616981.772367,173.194.188.105,10.10.0.10,,,443,45734,0,1358,17
1588616981.777335,173.194.188.105,10.10.0.10,,,443,45734,0,1358,17
1588616981.782361,173.194.188.105,10.10.0.10,,,443,45734,0,1358,17
1588616981.7863119,10.10.0.10,173.194.188.105,,,45734,443,0,37,17
1588616981.787323,173.194.188.105,10.10.0.10,,,443,45734,0,1358,17
1588616981.7873352,10.10.0.10,173.194.188.105,,,45734,443,0,37,17
1588616981.7882438,10.10.0.10,173.194.188.105,,,45734,443,0,37,17
1588616981.79236,173.194.188.105,10.10.0.10,,,443,45734,0,1358,17
1588616981.793908,10.10.0.10,173.194.188.105,,,45734,443,0,37,17
1588616981.7973561,173.194.188.105,10.10.0.10,,,443,45734,0,1358,17
1588616981.8023558,173.194.188.105,10.10.0.10,,,443,45734,0,1358,17
1588616981.8038812,10.10.0.10,173.194.188.105,,,45734,443,0,37,17
1588616981.8073552,173.194.188.105,10.10.0.10,,,443,45734,0,1358,17
1588616981.8123276,173.194.188.105,10.10.0.10,,,443,45734,0,29,17
1588616981.8125439,173.194.188.105,10.10.0.10,,,443,45734,0,1358,17
1588616981.8142462,10.10.0.10,173.194.188.105,,,45734,443,0,37,17
1588616981.817576,173.194.188.105,10.10.0.10,,,443,45734,0,1358,17
1588616981.8225732,173.194.188.105,10.10.0.10,,,443,45734,0,1358,17
1588616981.824329,10.10.0.10,173.194.188.105,,,45734,443,0,37,17
1588616981.82757,173.194.188.105,10.10.0.10,,,443,45734,0,1358,17
1588616981.832569,173.194.188.105,10.10.0.10,,,443,45734,0,1358,17
1588616981.834327,10.10.0.10,173.194.188.105,,,45734,443,0,37,17
1588616981.837568,173.194.188.105,10.10.0.10,,,443,45734,0,1358,17
1588616981.842565,173.194.188.105,10.10.0.10,,,443,45734,0,1358,17
1588616981.8442452,10.10.0.10,173.194.188.105,,,45734,443,0,37,17
1588616981.8475628,173.194.188.105,10.10.0.10,,,443,45734,0,1358,17
1588616981.852562,173.194.188.105,10.10.0.10,,,443,45734,0,1358,17
1588616981.854368,10.10.0.10,173.194.188.105,,,45734,443,0,37,17
1588616981.857559,173.194.188.105,10.10.0.10,,,443,45734,0,1358,17
1588616981.8625321,173.194.188.105,10.10.0.10,,,443,45734,0,1358,17
1588616981.8645608,10.10.0.10,173.194.188.105,,,45734,443,0,37,17
1588616981.867556,173.194.188.105,10.10.0.10,,,443,45734,0,1358,17
1588616981.8725538,173.194.188.105,10.10.0.10,,,443,45734,0,1358,17
1588616981.8742428,10.10.0.10,173.194.188.105,,,45734,443,0,37,17
1588616981.877554,173.194.188.105,10.10.0.10,,,443,45734,0,1358,17
1588616981.8825312,173.194.188.105,10.10.0.10,,,443,45734,0,1358,17
1588616981.8846,10.10.0.10,173.194.188.105,,,45734,443,0,37,17
1588616981.887528,173.194.188.105,10.10.0.10,,,443,45734,0,1358,17
1588616981.8925252,173.194.188.105,10.10.0.10,,,443,45734,0,1358,17
1588616981.8941572,10.10.0.10,173.194.188.105,,,45734,443,0,37,17
1588616981.897525,173.194.188.105,10.10.0.10,,,443,45734,0,1358,17
1588616981.9025269,173.194.188.105,10.10.0.10,,,443,45734,0,1358,17
1588616981.904057,10.10.0.10,173.194.188.105,,,45734,443,0,37,17
1588616981.9075458,173.194.188.105,10.10.0.10,,,443,45734,0,1358,17
1588616981.9125216,173.194.188.105,10.10.0.10,,,443,45734,0,1358,17
1588616981.914374,10.10.0.10,173.194.188.105,,,45734,443,0,37,17
1588616981.917543,173.194.188.105,10.10.0.10,,,443,45734,0,1358,17
1588616981.9225216,173.194.188.105,10.10.0.10,,,443,45734,0,1358,17
1588616981.924969,10.10.0.10,173.194.188.105,,,45734,443,0,50,17
1588616981.927512,173.194.188.105,10.10.0.10,,,443,45734,0,1358,17
1588616981.932518,173.194.188.105,10.10.0.10,,,443,45734,0,1358,17
1588616981.93536,10.10.0.10,173.194.188.105,,,45734,443,0,37,17
1588616981.9375398,173.194.188.105,10.10.0.10,,,443,45734,0,1358,17
1588616981.942516,173.194.188.105,10.10.0.10,,,443,45734,0,1358,17
1588616981.9441311,10.10.0.10,173.194.188.105,,,45734,443,0,37,17
1588616981.947536,173.194.188.105,10.10.0.10,,,443,45734,0,1358,17
1588616981.9525368,173.194.188.105,10.10.0.10,,,443,45734,0,1358,17
1588616981.95465,10.10.0.10,173.194.188.105,,,45734,443,0,37,17
1588616981.957536,173.194.188.105,10.10.0.10,,,443,45734,0,1358,17
1588616981.9625304,173.194.188.105,10.10.0.10,,,443,45734,0,1358,17
1588616981.9642842,10.10.0.10,173.194.188.105,,,45734,443,0,37,17
1588616981.967533,173.194.188.105,10.10.0.10,,,443,45734,0,1358,17
1588616981.9725304,173.194.188.105,10.10.0.10,,,443,45734,0,1358,17
1588616981.974407,10.10.0.10,173.194.188.105,,,45734,443,0,37,17
1588616981.9775252,173.194.188.105,10.10.0.10,,,443,45734,0,1358,17
1588616981.9825242,173.194.188.105,10.10.0.10,,,443,45734,0,1358,17
1588616981.984965,10.10.0.10,173.194.188.105,,,45734,443,0,37,17
1588616981.9875212,173.194.188.105,10.10.0.10,,,443,45734,0,1358,17
1588616981.9925199,173.194.188.105,10.10.0.10,,,443,45734,0,1358,17
1588616981.9942188,10.10.0.10,173.194.188.105,,,45734,443,0,37,17
1588616981.9974859,173.194.188.105,10.10.0.10,,,443,45734,0,1358,17
1588616982.0025196,173.194.188.105,10.10.0.10,,,443,45734,0,1358,17
1588616982.0041552,10.10.0.10,173.194.188.105,,,45734,443,0,37,17
1588616982.0074818,173.194.188.105,10.10.0.10,,,443,45734,0,29,17
1588616982.0077028,173.194.188.105,10.10.0.10,,,443,45734,0,1358,17
1588616982.0127392,173.194.188.105,10.10.0.10,,,443,45734,0,1358,17
1588616982.015887,10.10.0.10,173.194.188.105,,,45734,443,0,37,17
1588616982.017737,173.194.188.105,10.10.0.10,,,443,45734,0,1358,17
1588616982.0227358,173.194.188.105,10.10.0.10,,,443,45734,0,1358,17
1588616982.0243402,10.10.0.10,173.194.188.105,,,45734,443,0,37,17
1588616982.027734,173.194.188.105,10.10.0.10,,,443,45734,0,1358,17
1588616982.0327349,173.194.188.105,10.10.0.10,,,443,45734,0,1358,17
1588616982.034577,10.10.0.10,173.194.188.105,,,45734,443,0,37,17
1588616982.0376651,173.194.188.105,10.10.0.10,,,443,45734,0,1358,17
1588616982.0427322,173.194.188.105,10.10.0.10,,,443,45734,0,1358,17
1588616982.0442321,10.10.0.10,173.194.188.105,,,45734,443,0,37,17
1588616982.047736,173.194.188.105,10.10.0.10,,,443,45734,0,1358,17
1588616982.052729,173.194.188.105,10.10.0.10,,,443,45734,0,1358,17
1588616982.054343,10.10.0.10,173.194.188.105,,,45734,443,0,37,17
1588616982.0577,173.194.188.105,10.10.0.10,,,443,45734,0,1358,17
1588616982.0627232,173.194.188.105,10.10.0.10,,,443,45734,0,1358,17
1588616982.064379,10.10.0.10,173.194.188.105,,,45734,443,0,37,17
1588616982.067719,173.194.188.105,10.10.0.10,,,443,45734,0,1358,17
1588616982.072721,173.194.188.105,10.10.0.10,,,443,45734,0,1358,17
1588616982.075115,10.10.0.10,173.194.188.105,,,45734,443,0,37,17
1588616982.077715,173.194.188.105,10.10.0.10,,,443,45734,0,1358,17
1588616982.0827148,173.194.188.105,10.10.0.10,,,443,45734,0,1358,17
1588616982.084702,10.10.0.10,173.194.188.105,,,45734,443,0,37,17
1588616982.0877118,173.194.188.105,10.10.0.10,,,443,45734,0,1358,17
1588616982.0927148,173.194.188.105,10.10.0.10,,,443,45734,0,1358,17
1588616982.0966349,10.10.0.10,173.194.188.105,,,45734,443,0,37,17
1588616982.0977082,173.194.188.105,10.10.0.10,,,443,45734,0,1358,17
1588616982.102709,173.194.188.105,10.10.0.10,,,443,45734,0,1358,17
1588616982.1048222,10.10.0.10,173.194.188.105,,,45734,443,0,37,17
1588616982.1076741,173.194.188.105,10.10.0.10,,,443,45734,0,1358,17
1588616982.1127028,173.194.188.105,10.10.0.10,,,443,45734,0,1358,17
1588616982.114634,10.10.0.10,173.194.188.105,,,45734,443,0,37,17
1588616982.1176775,173.194.188.105,10.10.0.10,,,443,45734,0,1358,17
1588616982.1227028,173.194.188.105,10.10.0.10,,,443,45734,0,1358,17
1588616982.1247199,10.10.0.10,173.194.188.105,,,45734,443,0,50,17
1588616982.1276786,173.194.188.105,10.10.0.10,,,443,45734,0,1358,17
1588616982.1327002,173.194.188.105,10.10.0.10,,,443,45734,0,1358,17
1588616982.136052,10.10.0.10,173.194.188.105,,,45734,443,0,37,17
1588616982.1376948,173.194.188.105,10.10.0.10,,,443,45734,0,1358,17
1588616982.1426961,173.194.188.105,10.10.0.10,,,443,45734,0,1358,17
1588616982.1460938,10.10.0.10,173.194.188.105,,,45734,443,0,37,17
1588616982.1476898,173.194.188.105,10.10.0.10,,,443,45734,0,1358,17
1588616982.152688,173.194.188.105,10.10.0.10,,,443,45734,0,1358,17
1588616982.154384,10.10.0.10,173.194.188.105,,,45734,443,0,37,17
1588616982.157687,173.194.188.105,10.10.0.10,,,443,45734,0,1358,17
1588616982.162689,173.194.188.105,10.10.0.10,,,443,45734,0,1358,17
1588616982.1655526,10.10.0.10,173.194.188.105,,,45734,443,0,37,17
1588616982.1676831,173.194.188.105,10.10.0.10,,,443,45734,0,1358,17
1588616982.1726851,173.194.188.105,10.10.0.10,,,443,45734,0,1358,17
1588616982.1744268,10.10.0.10,173.194.188.105,,,45734,443,0,37,17
1588616982.177681,173.194.188.105,10.10.0.10,,,443,45734,0,1358,17
1588616982.182678,173.194.188.105,10.10.0.10,,,443,45734,0,1358,17
1588616982.186307,10.10.0.10,173.194.188.105,,,45734,443,0,37,17
1588616982.1876762,173.194.188.105,10.10.0.10,,,443,45734,0,1358,17
1588616982.192678,173.194.188.105,10.10.0.10,,,443,45734,0,1358,17
1588616982.194384,10.10.0.10,173.194.188.105,,,45734,443,0,37,17
1588616982.1976724,173.194.188.105,10.10.0.10,,,443,45734,0,1358,17
1588616982.202673,173.194.188.105,10.10.0.10,,,443,45734,0,1358,17
1588616982.2043939,10.10.0.10,173.194.188.105,,,45734,443,0,37,17
1588616982.2076778,173.194.188.105,10.10.0.10,,,443,45734,0,29,17
1588616982.207825,173.194.188.105,10.10.0.10,,,443,45734,0,1358,17
1588616982.212904,173.194.188.105,10.10.0.10,,,443,45734,0,1358,17
1588616982.21471,10.10.0.10,173.194.188.105,,,45734,443,0,37,17
1588616982.2179005,173.194.188.105,10.10.0.10,,,443,45734,0,1358,17
1588616982.222902,173.194.188.105,10.10.0.10,,,443,45734,0,1358,17
1588616982.2257528,10.10.0.10,173.194.188.105,,,45734,443,0,37,17
1588616982.2278972,173.194.188.105,10.10.0.10,,,443,45734,0,1358,17
1588616982.2328944,173.194.188.105,10.10.0.10,,,443,45734,0,1358,17
1588616982.2352061,10.10.0.10,173.194.188.105,,,45734,443,0,37,17
1588616982.2378929,173.194.188.105,10.10.0.10,,,443,45734,0,1358,17
1588616982.2428908,173.194.188.105,10.10.0.10,,,443,45734,0,1358,17
1588616982.246663,10.10.0.10,173.194.188.105,,,45734,443,0,37,17
1588616982.247889,173.194.188.105,10.10.0.10,,,443,45734,0,1358,17
1588616982.2528908,173.194.188.105,10.10.0.10,,,443,45734,0,1358,17
1588616982.2546248,10.10.0.10,173.194.188.105,,,45734,443,0,37,17
1588616982.2578864,173.194.188.105,10.10.0.10,,,443,45734,0,1358,17
1588616982.262883,173.194.188.105,10.10.0.10,,,443,45734,0,1358,17
1588616982.266459,10.10.0.10,173.194.188.105,,,45734,443,0,37,17
1588616982.2678812,173.194.188.105,10.10.0.10,,,443,45734,0,1358,17
1588616982.272884,173.194.188.105,10.10.0.10,,,443,45734,0,1358,17
1588616982.2748349,10.10.0.10,173.194.188.105,,,45734,443,0,37,17
1588616982.277835,173.194.188.105,10.10.0.10,,,443,45734,0,1358,17
1588616982.2828748,173.194.188.105,10.10.0.10,,,443,45734,0,1358,17
1588616982.2857091,10.10.0.10,173.194.188.105,,,45734,443,0,37,17
1588616982.2883039,173.194.188.105,10.10.0.10,,,443,45734,0,1358,17
1588616982.293351,173.194.188.105,10.10.0.10,,,443,45734,0,1358,17
1588616982.2952569,10.10.0.10,173.194.188.105,,,45734,443,0,37,17
1588616982.2983458,173.194.188.105,10.10.0.10,,,443,45734,0,1358,17
1588616982.3033464,173.194.188.105,10.10.0.10,,,443,45734,0,1358,17
1588616982.3051422,10.10.0.10,173.194.188.105,,,45734,443,0,37,17
1588616982.308341,173.194.188.105,10.10.0.10,,,443,45734,0,1358,17
1588616982.3133402,173.194.188.105,10.10.0.10,,,443,45734,0,1358,17
1588616982.3152616,10.10.0.10,173.194.188.105,,,45734,443,0,37,17
1588616982.318337,173.194.188.105,10.10.0.10,,,443,45734,0,1358,17
1588616982.323336,173.194.188.105,10.10.0.10,,,443,45734,0,1358,17
1588616982.3251119,10.10.0.10,173.194.188.105,,,45734,443,0,50,17
1588616982.32831,173.194.188.105,10.10.0.10,,,443,45734,0,1358,17
1588616982.333296,173.194.188.105,10.10.0.10,,,443,45734,0,1358,17
1588616982.3351252,10.10.0.10,173.194.188.105,,,45734,443,0,37,17
1588616982.338331,173.194.188.105,10.10.0.10,,,443,45734,0,1358,17
1588616982.343329,173.194.188.105,10.10.0.10,,,443,45734,0,1358,17
1588616982.345099,10.10.0.10,173.194.188.105,,,45734,443,0,37,17
1588616982.3483279,173.194.188.105,10.10.0.10,,,443,45734,0,1358,17
1588616982.353329,173.194.188.105,10.10.0.10,,,443,45734,0,1358,17
1588616982.355104,10.10.0.10,173.194.188.105,,,45734,443,0,37,17
1588616982.3583262,173.194.188.105,10.10.0.10,,,443,45734,0,1358,17
1588616982.363326,173.194.188.105,10.10.0.10,,,443,45734,0,1358,17
1588616982.365046,10.10.0.10,173.194.188.105,,,45734,443,0,37,17
1588616982.3683252,173.194.188.105,10.10.0.10,,,443,45734,0,1358,17
1588616982.373323,173.194.188.105,10.10.0.10,,,443,45734,0,1358,17
1588616982.375234,10.10.0.10,173.194.188.105,,,45734,443,0,37,17
1588616982.37832,173.194.188.105,10.10.0.10,,,443,45734,0,1358,17
1588616982.383285,173.194.188.105,10.10.0.10,,,443,45734,0,1358,17
1588616982.385184,10.10.0.10,173.194.188.105,,,45734,443,0,37,17
1588616982.3883162,173.194.188.105,10.10.0.10,,,443,45734,0,1358,17
1588616982.3933158,173.194.188.105,10.10.0.10,,,443,45734,0,1358,17
1588616982.3951962,10.10.0.10,173.194.188.105,,,45734,443,0,37,17
1588616982.398314,173.194.188.105,10.10.0.10,,,443,45734,0,1358,17
1588616982.403311,173.194.188.105,10.10.0.10,,,443,45734,0,1358,17
1588616982.404983,10.10.0.10,173.194.188.105,,,45734,443,0,37,17
1588616982.4083102,173.194.188.105,10.10.0.10,,,443,45734,0,29,17
1588616982.408459,173.194.188.105,10.10.0.10,,,443,45734,0,1358,17
1588616982.4135342,173.194.188.105,10.10.0.10,,,443,45734,0,1358,17
1588616982.4153626,10.10.0.10,173.194.188.105,,,45734,443,0,37,17
1588616982.418536,173.194.188.105,10.10.0.10,,,443,45734,0,1358,17
1588616982.423487,173.194.188.105,10.10.0.10,,,443,45734,0,1358,17
1588616982.4257288,10.10.0.10,173.194.188.105,,,45734,443,0,37,17
1588616982.4285223,173.194.188.105,10.10.0.10,,,443,45734,0,1358,17
1588616982.432425,173.194.188.105,10.10.0.10,,,443,45734,0,1358,17
1588616982.435174,10.10.0.10,173.194.188.105,,,45734,443,0,37,17
1588616982.436383,173.194.188.105,10.10.0.10,,,443,45734,0,1358,17
1588616982.4403172,173.194.188.105,10.10.0.10,,,443,45734,0,1358,17
1588616982.442834,10.10.0.10,173.194.188.105,,,45734,443,0,37,17
1588616982.444256,173.194.188.105,10.10.0.10,,,443,45734,0,37,17
1588616982.457502,10.10.0.10,173.194.188.105,,,45734,443,0,737,17
1588616982.457562,10.10.0.10,173.194.188.105,,,45734,443,0,48,17
1588616982.4620118,173.194.188.105,10.10.0.10,,,443,45734,0,115,17
1588616982.462156,173.194.188.105,10.10.0.10,,,443,45734,0,1358,17
1588616982.462184,173.194.188.105,10.10.0.10,,,443,45734,0,1358,17
1588616982.4658642,173.194.188.105,10.10.0.10,,,443,45734,0,1358,17
1588616982.4697928,173.194.188.105,10.10.0.10,,,443,45734,0,1358,17
1588616982.473727,173.194.188.105,10.10.0.10,,,443,45734,0,1358,17
1588616982.4776258,173.194.188.105,10.10.0.10,,,443,45734,0,1358,17
1588616982.4815962,173.194.188.105,10.10.0.10,,,443,45734,0,1358,17
1588616982.485532,173.194.188.105,10.10.0.10,,,443,45734,0,1358,17
1588616982.489464,173.194.188.105,10.10.0.10,,,443,45734,0,1358,17
1588616982.493394,173.194.188.105,10.10.0.10,,,443,45734,0,1358,17
1588616982.497332,173.194.188.105,10.10.0.10,,,443,45734,0,1358,17
1588616982.501267,173.194.188.105,10.10.0.10,,,443,45734,0,1358,17
1588616982.505198,173.194.188.105,10.10.0.10,,,443,45734,0,1358,17
1588616982.5091321,173.194.188.105,10.10.0.10,,,443,45734,0,1358,17
1588616982.513025,173.194.188.105,10.10.0.10,,,443,45734,0,1358,17
1588616982.516998,173.194.188.105,10.10.0.10,,,443,45734,0,1358,17
1588616982.5209296,173.194.188.105,10.10.0.10,,,443,45734,0,1358,17
1588616982.524863,173.194.188.105,10.10.0.10,,,443,45734,0,1358,17
1588616982.528801,173.194.188.105,10.10.0.10,,,443,45734,0,1358,17
1588616982.5327342,173.194.188.105,10.10.0.10,,,443,45734,0,1358,17
1588616982.536623,173.194.188.105,10.10.0.10,,,443,45734,0,1358,17
1588616982.540599,173.194.188.105,10.10.0.10,,,443,45734,0,1358,17
1588616982.5421562,10.10.0.10,173.194.188.105,,,45734,443,0,726,17
1588616982.542206,10.10.0.10,173.194.188.105,,,45734,443,0,48,17
1588616982.544529,173.194.188.105,10.10.0.10,,,443,45734,0,1358,17
1588616982.546043,10.10.0.10,173.194.188.105,,,45734,443,0,37,17
1588616982.548141,10.10.0.10,173.194.188.105,,,45734,443,0,37,17
1588616982.548393,173.194.188.105,10.10.0.10,,,443,45734,0,29,17
1588616982.549979,10.10.0.10,173.194.188.105,,,45734,443,0,37,17
1588616982.551512,10.10.0.10,173.194.188.105,,,45734,443,0,37,17
1588616982.5520859,173.194.188.105,10.10.0.10,,,443,45734,0,1358,17
1588616982.552579,10.10.0.10,173.194.188.105,,,45734,443,0,37,17
1588616982.5526216,173.194.188.105,10.10.0.10,,,443,45734,0,1358,17
1588616982.554582,10.10.0.10,173.194.188.105,,,45734,443,0,37,17
1588616982.5560489,10.10.0.10,173.194.188.105,,,45734,443,0,37,17
1588616982.5564532,173.194.188.105,10.10.0.10,,,443,45734,0,1358,17
1588616982.557051,10.10.0.10,173.194.188.105,,,45734,443,0,37,17
1588616982.557702,10.10.0.10,173.194.188.105,,,45734,443,0,37,17
1588616982.5592382,10.10.0.10,173.194.188.105,,,45734,443,0,37,17
1588616982.5602775,10.10.0.10,173.194.188.105,,,45734,443,0,37,17
1588616982.560809,10.10.0.10,173.194.188.105,,,45734,443,0,37,17
1588616982.562431,10.10.0.10,173.194.188.105,,,45734,443,0,37,17
1588616982.565786,173.194.188.105,10.10.0.10,,,443,45734,0,1358,17
1588616982.5658364,173.194.188.105,10.10.0.10,,,443,45734,0,1358,17
1588616982.5684981,10.10.0.10,173.194.188.105,,,45734,443,0,37,17
1588616982.5746748,173.194.188.105,10.10.0.10,,,443,45734,0,1358,17
1588616982.5747359,173.194.188.105,10.10.0.10,,,443,45734,0,1358,17
1588616982.576644,10.10.0.10,173.194.188.105,,,45734,443,0,37,17
1588616982.583338,173.194.188.105,10.10.0.10,,,443,45734,0,1358,17
1588616982.583387,173.194.188.105,10.10.0.10,,,443,45734,0,1358,17
1588616982.585408,10.10.0.10,173.194.188.105,,,45734,443,0,37,17
1588616982.589306,173.194.188.105,10.10.0.10,,,443,45734,0,1358,17
1588616982.590648,173.194.188.105,10.10.0.10,,,443,45734,0,1358,17
1588616982.5908859,10.10.0.10,173.194.188.105,,,45734,443,0,37,17
1588616982.5978286,173.194.188.105,10.10.0.10,,,443,45734,0,1358,17
1588616982.5984972,173.194.188.105,10.10.0.10,,,443,45734,0,1358,17
1588616982.6047251,173.194.188.105,10.10.0.10,,,443,45734,0,1358,17
1588616982.606408,173.194.188.105,10.10.0.10,,,443,45734,0,1358,17
1588616982.6102939,173.194.188.105,10.10.0.10,,,443,45734,0,1358,17
1588616982.614253,173.194.188.105,10.10.0.10,,,443,45734,0,1358,17
1588616982.618191,173.194.188.105,10.10.0.10,,,443,45734,0,1358,17
1588616982.6221461,173.194.188.105,10.10.0.10,,,443,45734,0,1358,17
1588616982.626081,173.194.188.105,10.10.0.10,,,443,45734,0,1358,17
1588616982.6300151,173.194.188.105,10.10.0.10,,,443,45734,0,1358,17
1588616982.633948,173.194.188.105,10.10.0.10,,,443,45734,0,1358,17
1588616982.637882,173.194.188.105,10.10.0.10,,,443,45734,0,1358,17
1588616982.6418169,173.194.188.105,10.10.0.10,,,443,45734,0,1358,17
1588616982.645751,173.194.188.105,10.10.0.10,,,443,45734,0,1358,17
1588616982.6496394,173.194.188.105,10.10.0.10,,,443,45734,0,1358,17
1588616982.6535552,173.194.188.105,10.10.0.10,,,443,45734,0,1358,17
1588616982.657526,173.194.188.105,10.10.0.10,,,443,45734,0,1358,17
1588616982.6614606,173.194.188.105,10.10.0.10,,,443,45734,0,1358,17
1588616982.665392,173.194.188.105,10.10.0.10,,,443,45734,0,1358,17
1588616982.669357,173.194.188.105,10.10.0.10,,,443,45734,0,1358,17
1588616982.673291,173.194.188.105,10.10.0.10,,,443,45734,0,1358,17
1588616982.675223,10.10.0.10,173.194.188.105,,,45734,443,0,37,17
1588616982.677224,173.194.188.105,10.10.0.10,,,443,45734,0,1358,17
1588616982.6811562,173.194.188.105,10.10.0.10,,,443,45734,0,1358,17
1588616982.682015,10.10.0.10,173.194.188.105,,,45734,443,0,37,17
1588616982.684576,10.10.0.10,173.194.188.105,,,45734,443,0,50,17
1588616982.685041,173.194.188.105,10.10.0.10,,,443,45734,0,1358,17
1588616982.685962,10.10.0.10,173.194.188.105,,,45734,443,0,37,17
1588616982.686557,10.10.0.10,173.194.188.105,,,45734,443,0,37,17
1588616982.688045,10.10.0.10,173.194.188.105,,,45734,443,0,37,17
1588616982.6889741,173.194.188.105,10.10.0.10,,,443,45734,0,1358,17
1588616982.689557,10.10.0.10,173.194.188.105,,,45734,443,0,37,17
1588616982.690535,10.10.0.10,173.194.188.105,,,45734,443,0,37,17
1588616982.691493,10.10.0.10,173.194.188.105,,,45734,443,0,37,17
1588616982.692776,10.10.0.10,173.194.188.105,,,45734,443,0,37,17
1588616982.692892,173.194.188.105,10.10.0.10,,,443,45734,0,1358,17
1588616982.694248,10.10.0.10,173.194.188.105,,,45734,443,0,37,17
1588616982.6963322,10.10.0.10,173.194.188.105,,,45734,443,0,37,17
1588616982.6968539,173.194.188.105,10.10.0.10,,,443,45734,0,1358,17
1588616982.6969981,10.10.0.10,173.194.188.105,,,45734,443,0,37,17
1588616982.698226,10.10.0.10,173.194.188.105,,,45734,443,0,37,17
1588616982.7007878,173.194.188.105,10.10.0.10,,,443,45734,0,1358,17
1588616982.702936,10.10.0.10,173.194.188.105,,,45734,443,0,37,17
1588616982.7047238,173.194.188.105,10.10.0.10,,,443,45734,0,29,17
1588616982.7048864,173.194.188.105,10.10.0.10,,,443,45734,0,1358,17
1588616982.708822,173.194.188.105,10.10.0.10,,,443,45734,0,1358,17
1588616982.7127962,173.194.188.105,10.10.0.10,,,443,45734,0,1358,17
1588616982.716727,173.194.188.105,10.10.0.10,,,443,45734,0,1358,17
1588616982.7206204,173.194.188.105,10.10.0.10,,,443,45734,0,1358,17
1588616982.724577,173.194.188.105,10.10.0.10,,,443,45734,0,1358,17
1588616982.728498,173.194.188.105,10.10.0.10,,,443,45734,0,1358,17
1588616982.7324376,173.194.188.105,10.10.0.10,,,443,45734,0,1358,17
1588616982.736399,173.194.188.105,10.10.0.10,,,443,45734,0,1358,17
1588616982.740294,173.194.188.105,10.10.0.10,,,443,45734,0,1358,17
1588616982.7442696,173.194.188.105,10.10.0.10,,,443,45734,0,1358,17
1588616982.7482042,173.194.188.105,10.10.0.10,,,443,45734,0,1358,17
1588616982.752106,173.194.188.105,10.10.0.10,,,443,45734,0,1358,17
1588616982.756072,173.194.188.105,10.10.0.10,,,443,45734,0,1358,17
1588616982.7600071,173.194.188.105,10.10.0.10,,,443,45734,0,1358,17
1588616982.76391,173.194.188.105,10.10.0.10,,,443,45734,0,1358,17
1588616982.767874,173.194.188.105,10.10.0.10,,,443,45734,0,1358,17
1588616982.771792,173.194.188.105,10.10.0.10,,,443,45734,0,1358,17
1588616982.7756839,173.194.188.105,10.10.0.10,,,443,45734,0,1358,17
1588616982.7796738,173.194.188.105,10.10.0.10,,,443,45734,0,1358,17
1588616982.783566,173.194.188.105,10.10.0.10,,,443,45734,0,1358,17
1588616982.78754,173.194.188.105,10.10.0.10,,,443,45734,0,1358,17
1588616982.7914786,173.194.188.105,10.10.0.10,,,443,45734,0,1358,17
1588616982.7953882,173.194.188.105,10.10.0.10,,,443,45734,0,1358,17
1588616982.7993412,173.194.188.105,10.10.0.10,,,443,45734,0,1358,17
1588616982.801314,10.10.0.10,173.194.188.105,,,45734,443,0,37,17
1588616982.8027961,10.10.0.10,173.194.188.105,,,45734,443,0,37,17
1588616982.803243,173.194.188.105,10.10.0.10,,,443,45734,0,1358,17
1588616982.804026,10.10.0.10,173.194.188.105,,,45734,443,0,37,17
1588616982.8063822,10.10.0.10,173.194.188.105,,,45734,443,0,37,17
1588616982.806942,10.10.0.10,173.194.188.105,,,45734,443,0,37,17
1588616982.8071482,173.194.188.105,10.10.0.10,,,443,45734,0,1358,17
1588616982.8075778,10.10.0.10,173.194.188.105,,,45734,443,0,37,17
1588616982.809201,10.10.0.10,173.194.188.105,,,45734,443,0,37,17
1588616982.8107276,10.10.0.10,173.194.188.105,,,45734,443,0,50,17
1588616982.8111124,173.194.188.105,10.10.0.10,,,443,45734,0,1358,17
1588616982.811225,10.10.0.10,173.194.188.105,,,45734,443,0,37,17
1588616982.813138,10.10.0.10,173.194.188.105,,,45734,443,0,37,17
1588616982.814626,10.10.0.10,173.194.188.105,,,45734,443,0,37,17
1588616982.81503,173.194.188.105,10.10.0.10,,,443,45734,0,1358,17
1588616982.8152828,10.10.0.10,173.194.188.105,,,45734,443,0,37,17
1588616982.8162918,10.10.0.10,173.194.188.105,,,45734,443,0,37,17
1588616982.8177302,10.10.0.10,173.194.188.105,,,45734,443,0,37,17
1588616982.819011,173.194.188.105,10.10.0.10,,,443,45734,0,1358,17
1588616982.820959,10.10.0.10,173.194.188.105,,,45734,443,0,37,17
1588616982.8229446,173.194.188.105,10.10.0.10,,,443,45734,0,29,17
1588616982.8230536,173.194.188.105,10.10.0.10,,,443,45734,0,1358,17
1588616982.8270571,173.194.188.105,10.10.0.10,,,443,45734,0,1358,17
1588616982.8309634,173.194.188.105,10.10.0.10,,,443,45734,0,1358,17
1588616982.8349242,173.194.188.105,10.10.0.10,,,443,45734,0,1358,17
1588616982.838857,173.194.188.105,10.10.0.10,,,443,45734,0,1358,17
1588616982.842778,173.194.188.105,10.10.0.10,,,443,45734,0,1358,17
1588616982.8467262,173.194.188.105,10.10.0.10,,,443,45734,0,1358,17
1588616982.850656,173.194.188.105,10.10.0.10,,,443,45734,0,1358,17
1588616982.854592,173.194.188.105,10.10.0.10,,,443,45734,0,1358,17
1588616982.8585231,173.194.188.105,10.10.0.10,,,443,45734,0,1358,17
1588616982.862457,173.194.188.105,10.10.0.10,,,443,45734,0,1358,17
1588616982.8663929,173.194.188.105,10.10.0.10,,,443,45734,0,1358,17
1588616982.870326,173.194.188.105,10.10.0.10,,,443,45734,0,1358,17
1588616982.8742292,173.194.188.105,10.10.0.10,,,443,45734,0,1358,17
1588616982.878149,173.194.188.105,10.10.0.10,,,443,45734,0,1358,17
1588616982.882064,173.194.188.105,10.10.0.10,,,443,45734,0,1358,17
1588616982.8860462,173.194.188.105,10.10.0.10,,,443,45734,0,1358,17
1588616982.889996,173.194.188.105,10.10.0.10,,,443,45734,0,1358,17
1588616982.8939312,173.194.188.105,10.10.0.10,,,443,45734,0,1358,17
1588616982.897864,173.194.188.105,10.10.0.10,,,443,45734,0,1358,17
1588616982.901807,173.194.188.105,10.10.0.10,,,443,45734,0,1358,17
1588616982.9056995,173.194.188.105,10.10.0.10,,,443,45734,0,1358,17
1588616982.9096668,173.194.188.105,10.10.0.10,,,443,45734,0,1358,17
1588616982.913598,173.194.188.105,10.10.0.10,,,443,45734,0,1358,17
1588616982.9156961,10.10.0.10,173.194.188.105,,,45734,443,0,37,17
1588616982.9175322,173.194.188.105,10.10.0.10,,,443,45734,0,1358,17
1588616982.9214704,173.194.188.105,10.10.0.10,,,443,45734,0,1358,17
1588616982.9217231,10.10.0.10,173.194.188.105,,,45734,443,0,37,17
1588616982.923508,10.10.0.10,173.194.188.105,,,45734,443,0,37,17
1588616982.924676,10.10.0.10,173.194.188.105,,,45734,443,0,37,17
1588616982.9253662,173.194.188.105,10.10.0.10,,,443,45734,0,1358,17
1588616982.926787,10.10.0.10,173.194.188.105,,,45734,443,0,37,17
1588616982.9292428,10.10.0.10,173.194.188.105,,,45734,443,0,37,17
1588616982.9292898,10.10.0.10,173.194.188.105,,,45734,443,0,37,17
1588616982.929297,173.194.188.105,10.10.0.10,,,443,45734,0,1358,17
1588616982.930707,10.10.0.10,173.194.188.105,,,45734,443,0,37,17
1588616982.9319005,10.10.0.10,173.194.188.105,,,45734,443,0,37,17
1588616982.932395,10.10.0.10,173.194.188.105,,,45734,443,0,37,17
1588616982.933254,173.194.188.105,10.10.0.10,,,443,45734,0,1358,17
1588616982.9338524,10.10.0.10,173.194.188.105,,,45734,443,0,37,17
1588616982.9352188,10.10.0.10,173.194.188.105,,,45734,443,0,37,17
1588616982.93704,10.10.0.10,173.194.188.105,,,45734,443,0,50,17
1588616982.937202,173.194.188.105,10.10.0.10,,,443,45734,0,1358,17
1588616982.9374778,10.10.0.10,173.194.188.105,,,45734,443,0,37,17
1588616982.93843,10.10.0.10,173.194.188.105,,,45734,443,0,37,17
1588616982.9411118,173.194.188.105,10.10.0.10,,,443,45734,0,1358,17
1588616982.943756,10.10.0.10,173.194.188.105,,,45734,443,0,37,17
1588616982.9450462,173.194.188.105,10.10.0.10,,,443,45734,0,1358,17
1588616982.9489722,173.194.188.105,10.10.0.10,,,443,45734,0,1358,17
1588616982.952942,173.194.188.105,10.10.0.10,,,443,45734,0,1358,17
1588616982.9568772,173.194.188.105,10.10.0.10,,,443,45734,0,1358,17
1588616982.960808,173.194.188.105,10.10.0.10,,,443,45734,0,29,17
1588616982.9609098,173.194.188.105,10.10.0.10,,,443,45734,0,1358,17
1588616982.964921,173.194.188.105,10.10.0.10,,,443,45734,0,1358,17
1588616982.968819,173.194.188.105,10.10.0.10,,,443,45734,0,1358,17
1588616982.9727519,173.194.188.105,10.10.0.10,,,443,45734,0,1358,17
1588616982.976722,173.194.188.105,10.10.0.10,,,443,45734,0,1358,17
1588616982.98061,173.194.188.105,10.10.0.10,,,443,45734,0,1358,17
1588616982.9845526,173.194.188.105,10.10.0.10,,,443,45734,0,1358,17
1588616982.988538,173.194.188.105,10.10.0.10,,,443,45734,0,1358,17
1588616982.9924214,173.194.188.105,10.10.0.10,,,443,45734,0,1358,17
1588616982.996396,173.194.188.105,10.10.0.10,,,443,45734,0,1358,17
1588616983.0003269,173.194.188.105,10.10.0.10,,,443,45734,0,1358,17
1588616983.0042598,173.194.188.105,10.10.0.10,,,443,45734,0,1358,17
1588616983.008194,173.194.188.105,10.10.0.10,,,443,45734,0,1358,17
1588616983.012091,173.194.188.105,10.10.0.10,,,443,45734,0,1358,17
1588616983.016063,173.194.188.105,10.10.0.10,,,443,45734,0,1358,17
1588616983.019995,173.194.188.105,10.10.0.10,,,443,45734,0,1358,17
1588616983.023928,173.194.188.105,10.10.0.10,,,443,45734,0,1358,17
1588616983.0278606,173.194.188.105,10.10.0.10,,,443,45734,0,1358,17
1588616983.0317972,173.194.188.105,10.10.0.10,,,443,45734,0,1358,17
1588616983.035729,173.194.188.105,10.10.0.10,,,443,45734,0,1358,17
1588616983.039667,173.194.188.105,10.10.0.10,,,443,45734,0,1358,17
1588616983.043601,173.194.188.105,10.10.0.10,,,443,45734,0,1358,17
1588616983.047534,173.194.188.105,10.10.0.10,,,443,45734,0,1358,17
1588616983.0514612,173.194.188.105,10.10.0.10,,,443,45734,0,1358,17
1588616983.12392,173.194.188.105,10.10.0.10,,,443,45734,0,1358,17
1588616983.1578918,10.10.0.10,173.194.188.105,,,45734,443,0,37,17
1588616983.1610668,10.10.0.10,173.194.188.105,,,45734,443,0,43,17
1588616983.166407,173.194.188.105,10.10.0.10,,,443,45734,0,29,17
1588616983.166876,10.10.0.10,173.194.188.105,,,45734,443,0,37,17
1588616983.169842,10.10.0.10,173.194.188.105,,,45734,443,0,37,17
1588616983.170976,173.194.188.105,10.10.0.10,,,443,45734,0,1358,17
1588616983.171027,173.194.188.105,10.10.0.10,,,443,45734,0,1358,17
1588616983.171177,10.10.0.10,173.194.188.105,,,45734,443,0,37,17
1588616983.173608,10.10.0.10,173.194.188.105,,,45734,443,0,37,17
1588616983.1746411,10.10.0.10,173.194.188.105,,,45734,443,0,37,17
1588616983.1756382,10.10.0.10,173.194.188.105,,,45734,443,0,37,17
1588616983.1769464,10.10.0.10,173.194.188.105,,,45734,443,0,37,17
1588616983.177973,173.194.188.105,10.10.0.10,,,443,45734,0,1358,17
1588616983.1783652,10.10.0.10,173.194.188.105,,,45734,443,0,37,17
1588616983.178775,173.194.188.105,10.10.0.10,,,443,45734,0,1358,17
1588616983.1794374,10.10.0.10,173.194.188.105,,,45734,443,0,37,17
1588616983.180894,10.10.0.10,173.194.188.105,,,45734,443,0,37,17
1588616983.182484,10.10.0.10,173.194.188.105,,,45734,443,0,37,17
1588616983.1835172,10.10.0.10,173.194.188.105,,,45734,443,0,37,17
1588616983.1843019,173.194.188.105,10.10.0.10,,,443,45734,0,1358,17
1588616983.1866796,173.194.188.105,10.10.0.10,,,443,45734,0,1358,17
1588616983.190614,173.194.188.105,10.10.0.10,,,443,45734,0,1358,17
1588616983.194546,173.194.188.105,10.10.0.10,,,443,45734,0,1358,17
1588616983.1984851,173.194.188.105,10.10.0.10,,,443,45734,0,1358,17
1588616983.2024179,173.194.188.105,10.10.0.10,,,443,45734,0,1358,17
1588616983.206352,173.194.188.105,10.10.0.10,,,443,45734,0,1358,17
1588616983.2102842,173.194.188.105,10.10.0.10,,,443,45734,0,1358,17
1588616983.2142189,173.194.188.105,10.10.0.10,,,443,45734,0,1358,17
1588616983.2181492,173.194.188.105,10.10.0.10,,,443,45734,0,1358,17
1588616983.2220874,173.194.188.105,10.10.0.10,,,443,45734,0,1358,17
1588616983.2260199,173.194.188.105,10.10.0.10,,,443,45734,0,1358,17
1588616983.229927,173.194.188.105,10.10.0.10,,,443,45734,0,1358,17
1588616983.2338881,173.194.188.105,10.10.0.10,,,443,45734,0,1358,17
1588616983.237822,173.194.188.105,10.10.0.10,,,443,45734,0,1358,17
1588616983.241751,173.194.188.105,10.10.0.10,,,443,45734,0,1358,17
1588616983.245687,173.194.188.105,10.10.0.10,,,443,45734,0,1358,17
1588616983.249622,173.194.188.105,10.10.0.10,,,443,45734,0,1358,17
1588616983.2535222,173.194.188.105,10.10.0.10,,,443,45734,0,1358,17
1588616983.2574859,173.194.188.105,10.10.0.10,,,443,45734,0,1358,17
1588616983.279264,10.10.0.10,173.194.188.105,,,45734,443,0,37,17
1588616983.2824292,10.10.0.10,173.194.188.105,,,45734,443,0,37,17
1588616983.28356,173.194.188.105,10.10.0.10,,,443,45734,0,1358,17
1588616983.2836258,173.194.188.105,10.10.0.10,,,443,45734,0,1358,17
1588616983.2855902,10.10.0.10,173.194.188.105,,,45734,443,0,37,17
1588616983.286834,10.10.0.10,173.194.188.105,,,45734,443,0,37,17
1588616983.287644,10.10.0.10,173.194.188.105,,,45734,443,0,37,17
1588616983.289407,10.10.0.10,173.194.188.105,,,45734,443,0,37,17
1588616983.2904868,10.10.0.10,173.194.188.105,,,45734,443,0,37,17
1588616983.290999,173.194.188.105,10.10.0.10,,,443,45734,0,1358,17
1588616983.291049,173.194.188.105,10.10.0.10,,,443,45734,0,1358,17
1588616983.2918918,10.10.0.10,173.194.188.105,,,45734,443,0,50,17
1588616983.292798,10.10.0.10,173.194.188.105,,,45734,443,0,37,17
1588616983.2944062,10.10.0.10,173.194.188.105,,,45734,443,0,37,17
1588616983.295487,10.10.0.10,173.194.188.105,,,45734,443,0,37,17
1588616983.2966118,10.10.0.10,173.194.188.105,,,45734,443,0,37,17
1588616983.297443,173.194.188.105,10.10.0.10,,,443,45734,0,29,17
1588616983.2974908,173.194.188.105,10.10.0.10,,,443,45734,0,1358,17
1588616983.2975662,10.10.0.10,173.194.188.105,,,45734,443,0,37,17
1588616983.298286,10.10.0.10,173.194.188.105,,,45734,443,0,37,17
1588616983.2989402,173.194.188.105,10.10.0.10,,,443,45734,0,1358,17
1588616983.300427,10.10.0.10,173.194.188.105,,,45734,443,0,37,17
1588616983.3006382,10.10.0.10,173.194.188.105,,,45734,443,0,37,17
1588616983.3027,10.10.0.10,173.194.188.105,,,45734,443,0,37,17
1588616983.303218,173.194.188.105,10.10.0.10,,,443,45734,0,1358,17
1588616983.306834,173.194.188.105,10.10.0.10,,,443,45734,0,1358,17
1588616983.3107386,173.194.188.105,10.10.0.10,,,443,45734,0,1358,17
1588616983.3147,173.194.188.105,10.10.0.10,,,443,45734,0,1358,17
1588616983.31873,173.194.188.105,10.10.0.10,,,443,45734,0,1358,17
1588616983.322742,173.194.188.105,10.10.0.10,,,443,45734,0,1358,17
1588616983.326678,173.194.188.105,10.10.0.10,,,443,45734,0,1358,17
1588616983.330611,173.194.188.105,10.10.0.10,,,443,45734,0,1358,17
1588616983.334545,173.194.188.105,10.10.0.10,,,443,45734,0,1358,17
1588616983.3384829,173.194.188.105,10.10.0.10,,,443,45734,0,1358,17
1588616983.3424132,173.194.188.105,10.10.0.10,,,443,45734,0,1358,17
1588616983.3463502,173.194.188.105,10.10.0.10,,,443,45734,0,1358,17
1588616983.350271,173.194.188.105,10.10.0.10,,,443,45734,0,1358,17
1588616983.3541641,173.194.188.105,10.10.0.10,,,443,45734,0,1358,17
1588616983.358136,173.194.188.105,10.10.0.10,,,443,45734,0,1358,17
1588616983.36201,173.194.188.105,10.10.0.10,,,443,45734,0,1358,17
1588616983.3660038,173.194.188.105,10.10.0.10,,,443,45734,0,1358,17
1588616983.369937,173.194.188.105,10.10.0.10,,,443,45734,0,1358,17
1588616983.373872,173.194.188.105,10.10.0.10,,,443,45734,0,1358,17
1588616983.3778038,173.194.188.105,10.10.0.10,,,443,45734,0,1358,17
1588616983.381707,173.194.188.105,10.10.0.10,,,443,45734,0,1358,17
1588616983.385619,173.194.188.105,10.10.0.10,,,443,45734,0,1358,17
1588616983.3895652,173.194.188.105,10.10.0.10,,,443,45734,0,1358,17
1588616983.393538,173.194.188.105,10.10.0.10,,,443,45734,0,1358,17
1588616983.3974724,173.194.188.105,10.10.0.10,,,443,45734,0,1358,17
1588616983.401408,173.194.188.105,10.10.0.10,,,443,45734,0,1358,17
1588616983.402889,10.10.0.10,173.194.188.105,,,45734,443,0,37,17
1588616983.4052932,173.194.188.105,10.10.0.10,,,443,45734,0,1358,17
1588616983.4069061,10.10.0.10,173.194.188.105,,,45734,443,0,37,17
1588616983.407541,10.10.0.10,173.194.188.105,,,45734,443,0,37,17
1588616983.4075868,10.10.0.10,173.194.188.105,,,45734,443,0,37,17
1588616983.4092774,173.194.188.105,10.10.0.10,,,443,45734,0,452,17
1588616983.410105,10.10.0.10,173.194.188.105,,,45734,443,0,37,17
1588616983.4106042,173.194.188.105,10.10.0.10,,,443,45734,0,1358,17
1588616983.4114974,10.10.0.10,173.194.188.105,,,45734,443,0,37,17
1588616983.4127102,10.10.0.10,173.194.188.105,,,45734,443,0,37,17
1588616983.4133885,10.10.0.10,173.194.188.105,,,45734,443,0,37,17
1588616983.4145849,173.194.188.105,10.10.0.10,,,443,45734,0,1358,17
1588616983.4150019,10.10.0.10,173.194.188.105,,,45734,443,0,37,17
1588616983.416625,10.10.0.10,173.194.188.105,,,45734,443,0,37,17
1588616983.4183388,10.10.0.10,173.194.188.105,,,45734,443,0,50,17
1588616983.41847,173.194.188.105,10.10.0.10,,,443,45734,0,1358,17
1588616983.41954,10.10.0.10,173.194.188.105,,,45734,443,0,37,17
1588616983.4203641,10.10.0.10,173.194.188.105,,,45734,443,0,37,17
1588616983.4220614,10.10.0.10,173.194.188.105,,,45734,443,0,37,17
1588616983.4223492,10.10.0.10,173.194.188.105,,,45734,443,0,37,17
1588616983.4223802,173.194.188.105,10.10.0.10,,,443,45734,0,1358,17
1588616983.4263878,173.194.188.105,10.10.0.10,,,443,45734,0,1358,17
1588616983.4303238,173.194.188.105,10.10.0.10,,,443,45734,0,1358,17
1588616983.434257,173.194.188.105,10.10.0.10,,,443,45734,0,1358,17
1588616983.438191,173.194.188.105,10.10.0.10,,,443,45734,0,1358,17
1588616983.4420679,173.194.188.105,10.10.0.10,,,443,45734,0,1358,17
1588616983.446008,173.194.188.105,10.10.0.10,,,443,45734,0,1358,17
1588616983.4499822,173.194.188.105,10.10.0.10,,,443,45734,0,1358,17
1588616983.453916,173.194.188.105,10.10.0.10,,,443,45734,0,1358,17
1588616983.457822,173.194.188.105,10.10.0.10,,,443,45734,0,1358,17
1588616983.461784,173.194.188.105,10.10.0.10,,,443,45734,0,1358,17
1588616983.465718,173.194.188.105,10.10.0.10,,,443,45734,0,1358,17
1588616983.469623,173.194.188.105,10.10.0.10,,,443,45734,0,1358,17
1588616983.473585,173.194.188.105,10.10.0.10,,,443,45734,0,1358,17
1588616983.4775212,173.194.188.105,10.10.0.10,,,443,45734,0,1358,17
1588616983.481424,173.194.188.105,10.10.0.10,,,443,45734,0,1358,17
1588616983.485385,173.194.188.105,10.10.0.10,,,443,45734,0,1358,17
1588616983.4892578,173.194.188.105,10.10.0.10,,,443,45734,0,1358,17
1588616983.493238,173.194.188.105,10.10.0.10,,,443,45734,0,1358,17
1588616983.497191,173.194.188.105,10.10.0.10,,,443,45734,0,1358,17
1588616983.501121,173.194.188.105,10.10.0.10,,,443,45734,0,1358,17
1588616983.505064,173.194.188.105,10.10.0.10,,,443,45734,0,1358,17
1588616983.508987,173.194.188.105,10.10.0.10,,,443,45734,0,1358,17
1588616983.512884,173.194.188.105,10.10.0.10,,,443,45734,0,1358,17
1588616983.516793,173.194.188.105,10.10.0.10,,,443,45734,0,1358,17
1588616983.5180314,10.10.0.10,173.194.188.105,,,45734,443,0,37,17
1588616983.5202632,10.10.0.10,173.194.188.105,,,45734,443,0,37,17
1588616983.520725,173.194.188.105,10.10.0.10,,,443,45734,0,1358,17
1588616983.5227642,10.10.0.10,173.194.188.105,,,45734,443,0,37,17
1588616983.5241652,10.10.0.10,173.194.188.105,,,45734,443,0,37,17
1588616983.524657,173.194.188.105,10.10.0.10,,,443,45734,0,1358,17
1588616983.5257769,10.10.0.10,173.194.188.105,,,45734,443,0,37,17
1588616983.526582,10.10.0.10,173.194.188.105,,,45734,443,0,37,17
1588616983.527589,10.10.0.10,173.194.188.105,,,45734,443,0,37,17
1588616983.528582,173.194.188.105,10.10.0.10,,,443,45734,0,1358,17
1588616983.5291462,10.10.0.10,173.194.188.105,,,45734,443,0,37,17
1588616983.5305252,10.10.0.10,173.194.188.105,,,45734,443,0,37,17
1588616983.530781,10.10.0.10,173.194.188.105,,,45734,443,0,37,17
1588616983.532302,10.10.0.10,173.194.188.105,,,45734,443,0,37,17
1588616983.5325148,173.194.188.105,10.10.0.10,,,443,45734,0,1358,17
1588616983.5333092,10.10.0.10,173.194.188.105,,,45734,443,0,37,17
1588616983.5348198,10.10.0.10,173.194.188.105,,,45734,443,0,37,17
1588616983.5354028,10.10.0.10,173.194.188.105,,,45734,443,0,37,17
1588616983.5364828,173.194.188.105,10.10.0.10,,,443,45734,0,1358,17
1588616983.5374534,10.10.0.10,173.194.188.105,,,45734,443,0,37,17
1588616983.540384,173.194.188.105,10.10.0.10,,,443,45734,0,1358,17
1588616983.5421019,10.10.0.10,173.194.188.105,,,45734,443,0,50,17
1588616983.544328,173.194.188.105,10.10.0.10,,,443,45734,0,1358,17
1588616983.548254,173.194.188.105,10.10.0.10,,,443,45734,0,1358,17
1588616983.5521839,173.194.188.105,10.10.0.10,,,443,45734,0,1358,17
1588616983.556176,173.194.188.105,10.10.0.10,,,443,45734,0,1358,17
1588616983.5601099,173.194.188.105,10.10.0.10,,,443,45734,0,1358,17
1588616983.5640428,173.194.188.105,10.10.0.10,,,443,45734,0,1358,17
1588616983.5679555,173.194.188.105,10.10.0.10,,,443,45734,0,1358,17
1588616983.5718534,173.194.188.105,10.10.0.10,,,443,45734,0,1358,17
1588616983.575822,173.194.188.105,10.10.0.10,,,443,45734,0,1358,17
1588616983.579779,173.194.188.105,10.10.0.10,,,443,45734,0,1358,17
1588616983.5837119,173.194.188.105,10.10.0.10,,,443,45734,0,1358,17
1588616983.587646,173.194.188.105,10.10.0.10,,,443,45734,0,1358,17
1588616983.591521,173.194.188.105,10.10.0.10,,,443,45734,0,1358,17
1588616983.595452,173.194.188.105,10.10.0.10,,,443,45734,0,1358,17
1588616983.59939,173.194.188.105,10.10.0.10,,,443,45734,0,1358,17
1588616983.603323,173.194.188.105,10.10.0.10,,,443,45734,0,1358,17
1588616983.607295,173.194.188.105,10.10.0.10,,,443,45734,0,1358,17
1588616983.61125,173.194.188.105,10.10.0.10,,,443,45734,0,1358,17
1588616983.615192,173.194.188.105,10.10.0.10,,,443,45734,0,1358,17
1588616983.6190898,173.194.188.105,10.10.0.10,,,443,45734,0,1358,17
1588616983.6230528,173.194.188.105,10.10.0.10,,,443,45734,0,1358,17
1588616983.6269252,173.194.188.105,10.10.0.10,,,443,45734,0,1358,17
1588616983.630858,173.194.188.105,10.10.0.10,,,443,45734,0,1358,17
1588616983.6348062,173.194.188.105,10.10.0.10,,,443,45734,0,1358,17
1588616983.638727,173.194.188.105,10.10.0.10,,,443,45734,0,1358,17
1588616983.6403446,10.10.0.10,173.194.188.105,,,45734,443,0,37,17
1588616983.6415038,10.10.0.10,173.194.188.105,,,45734,443,0,37,17
1588616983.642691,173.194.188.105,10.10.0.10,,,443,45734,0,1358,17
1588616983.64304,10.10.0.10,173.194.188.105,,,45734,443,0,37,17
1588616983.644898,10.10.0.10,173.194.188.105,,,45734,443,0,37,17
1588616983.645621,10.10.0.10,173.194.188.105,,,45734,443,0,37,17
1588616983.646626,173.194.188.105,10.10.0.10,,,443,45734,0,1358,17
1588616983.647353,10.10.0.10,173.194.188.105,,,45734,443,0,37,17
1588616983.648104,10.10.0.10,173.194.188.105,,,45734,443,0,37,17
1588616983.650111,10.10.0.10,173.194.188.105,,,45734,443,0,37,17
1588616983.650543,173.194.188.105,10.10.0.10,,,443,45734,0,1358,17
1588616983.6521811,10.10.0.10,173.194.188.105,,,45734,443,0,37,17
1588616983.654495,173.194.188.105,10.10.0.10,,,443,45734,0,1358,17
1588616983.655456,10.10.0.10,173.194.188.105,,,45734,443,0,37,17
1588616983.656726,10.10.0.10,173.194.188.105,,,45734,443,0,37,17
1588616983.657398,10.10.0.10,173.194.188.105,,,45734,443,0,37,17
1588616983.6584678,173.194.188.105,10.10.0.10,,,443,45734,0,1358,17
1588616983.6596081,10.10.0.10,173.194.188.105,,,45734,443,0,37,17
1588616983.661358,10.10.0.10,173.194.188.105,,,45734,443,0,37,17
1588616983.661625,10.10.0.10,173.194.188.105,,,45734,443,0,37,17
1588616983.662338,173.194.188.105,10.10.0.10,,,443,45734,0,1358,17
1588616983.666269,173.194.188.105,10.10.0.10,,,443,45734,0,1358,17
1588616983.667795,10.10.0.10,173.194.188.105,,,45734,443,0,37,17
1588616983.6702259,173.194.188.105,10.10.0.10,,,443,45734,0,1358,17
1588616983.674158,173.194.188.105,10.10.0.10,,,443,45734,0,1358,17
1588616983.6761012,10.10.0.10,173.194.188.105,,,45734,443,0,37,17
1588616983.6780882,173.194.188.105,10.10.0.10,,,443,45734,0,1358,17
1588616983.681993,173.194.188.105,10.10.0.10,,,443,45734,0,1358,17
1588616983.6836882,10.10.0.10,173.194.188.105,,,45734,443,0,37,17
1588616983.685965,173.194.188.105,10.10.0.10,,,443,45734,0,1358,17
1588616983.6899226,173.194.188.105,10.10.0.10,,,443,45734,0,1358,17
1588616983.6915536,10.10.0.10,173.194.188.105,,,45734,443,0,37,17
1588616983.693857,173.194.188.105,10.10.0.10,,,443,45734,0,1358,17
1588616983.6977901,173.194.188.105,10.10.0.10,,,443,45734,0,1358,17
1588616983.699598,10.10.0.10,173.194.188.105,,,45734,443,0,50,17
1588616983.7017279,173.194.188.105,10.10.0.10,,,443,45734,0,1358,17
1588616983.7056,173.194.188.105,10.10.0.10,,,443,45734,0,1358,17
1588616983.70725,10.10.0.10,173.194.188.105,,,45734,443,0,37,17
1588616983.7095964,173.194.188.105,10.10.0.10,,,443,45734,0,1358,17
1588616983.7135308,173.194.188.105,10.10.0.10,,,443,45734,0,1358,17
1588616983.715064,10.10.0.10,173.194.188.105,,,45734,443,0,37,17
1588616983.717464,173.194.188.105,10.10.0.10,,,443,45734,0,1358,17
1588616983.721399,173.194.188.105,10.10.0.10,,,443,45734,0,1358,17
1588616983.7229,10.10.0.10,173.194.188.105,,,45734,443,0,37,17
1588616983.725268,173.194.188.105,10.10.0.10,,,443,45734,0,1358,17
1588616983.7292418,173.194.188.105,10.10.0.10,,,443,45734,0,29,17
1588616983.7293732,173.194.188.105,10.10.0.10,,,443,45734,0,1358,17
1588616983.730958,10.10.0.10,173.194.188.105,,,45734,443,0,37,17
1588616983.733377,173.194.188.105,10.10.0.10,,,443,45734,0,1358,17
1588616983.7373116,173.194.188.105,10.10.0.10,,,443,45734,0,1358,17
1588616983.739039,10.10.0.10,173.194.188.105,,,45734,443,0,37,17
1588616983.741256,173.194.188.105,10.10.0.10,,,443,45734,0,1358,17
1588616983.7451868,173.194.188.105,10.10.0.10,,,443,45734,0,1358,17
1588616983.746792,10.10.0.10,173.194.188.105,,,45734,443,0,37,17
1588616983.749078,173.194.188.105,10.10.0.10,,,443,45734,0,1358,17
1588616983.7530448,173.194.188.105,10.10.0.10,,,443,45734,0,1358,17
1588616983.754873,10.10.0.10,173.194.188.105,,,45734,443,0,37,17
1588616983.7569466,173.194.188.105,10.10.0.10,,,443,45734,0,1358,17
1588616983.760912,173.194.188.105,10.10.0.10,,,443,45734,0,1358,17
1588616983.7632108,10.10.0.10,173.194.188.105,,,45734,443,0,37,17
1588616983.764846,173.194.188.105,10.10.0.10,,,443,45734,0,1358,17
1588616983.7687492,173.194.188.105,10.10.0.10,,,443,45734,0,1358,17
1588616983.770753,10.10.0.10,173.194.188.105,,,45734,443,0,37,17
1588616983.7727141,173.194.188.105,10.10.0.10,,,443,45734,0,1358,17
1588616983.776648,173.194.188.105,10.10.0.10,,,443,45734,0,1358,17
1588616983.7785342,10.10.0.10,173.194.188.105,,,45734,443,0,37,17
1588616983.7805812,173.194.188.105,10.10.0.10,,,443,45734,0,1358,17
1588616983.784514,173.194.188.105,10.10.0.10,,,443,45734,0,1358,17
1588616983.786688,10.10.0.10,173.194.188.105,,,45734,443,0,37,17
1588616983.788448,173.194.188.105,10.10.0.10,,,443,45734,0,1358,17
1588616983.792347,173.194.188.105,10.10.0.10,,,443,45734,0,1358,17
1588616983.7940009,10.10.0.10,173.194.188.105,,,45734,443,0,37,17
1588616983.796315,173.194.188.105,10.10.0.10,,,443,45734,0,1358,17
1588616983.8002508,173.194.188.105,10.10.0.10,,,443,45734,0,1358,17
1588616983.8021429,10.10.0.10,173.194.188.105,,,45734,443,0,37,17
1588616983.804182,173.194.188.105,10.10.0.10,,,443,45734,0,1358,17
1588616983.808116,173.194.188.105,10.10.0.10,,,443,45734,0,1358,17
1588616983.809855,10.10.0.10,173.194.188.105,,,45734,443,0,37,17
1588616983.811985,173.194.188.105,10.10.0.10,,,443,45734,0,1358,17
1588616983.815984,173.194.188.105,10.10.0.10,,,443,45734,0,1358,17
1588616983.8179982,10.10.0.10,173.194.188.105,,,45734,443,0,37,17
1588616983.8199162,173.194.188.105,10.10.0.10,,,443,45734,0,1358,17
1588616983.82385,173.194.188.105,10.10.0.10,,,443,45734,0,1358,17
1588616983.8260634,10.10.0.10,173.194.188.105,,,45734,443,0,37,17
1588616983.827784,173.194.188.105,10.10.0.10,,,443,45734,0,1358,17
1588616983.8316774,173.194.188.105,10.10.0.10,,,443,45734,0,1358,17
1588616983.8336296,10.10.0.10,173.194.188.105,,,45734,443,0,37,17
1588616983.83562,173.194.188.105,10.10.0.10,,,443,45734,0,1358,17
1588616983.8395839,173.194.188.105,10.10.0.10,,,443,45734,0,1358,17
1588616983.841505,10.10.0.10,173.194.188.105,,,45734,443,0,37,17
1588616983.843518,173.194.188.105,10.10.0.10,,,443,45734,0,1358,17
1588616983.8474526,173.194.188.105,10.10.0.10,,,443,45734,0,1358,17
1588616983.8491464,10.10.0.10,173.194.188.105,,,45734,443,0,37,17
1588616983.8513868,173.194.188.105,10.10.0.10,,,443,45734,0,1358,17
1588616983.8552544,173.194.188.105,10.10.0.10,,,443,45734,0,1358,17
1588616983.858104,10.10.0.10,173.194.188.105,,,45734,443,0,50,17
1588616983.85923,173.194.188.105,10.10.0.10,,,443,45734,0,1358,17
1588616983.8631902,173.194.188.105,10.10.0.10,,,443,45734,0,1358,17
1588616983.86545,10.10.0.10,173.194.188.105,,,45734,443,0,37,17
1588616983.8671231,173.194.188.105,10.10.0.10,,,443,45734,0,1358,17
1588616983.871058,173.194.188.105,10.10.0.10,,,443,45734,0,1358,17
1588616983.8731554,10.10.0.10,173.194.188.105,,,45734,443,0,37,17
1588616983.874991,173.194.188.105,10.10.0.10,,,443,45734,0,1358,17
1588616983.87889,173.194.188.105,10.10.0.10,,,443,45734,0,1358,17
1588616983.880528,10.10.0.10,173.194.188.105,,,45734,443,0,37,17
1588616983.882834,173.194.188.105,10.10.0.10,,,443,45734,0,1358,17
1588616983.886764,173.194.188.105,10.10.0.10,,,443,45734,0,1358,17
1588616983.8886929,10.10.0.10,173.194.188.105,,,45734,443,0,37,17
1588616983.890697,173.194.188.105,10.10.0.10,,,443,45734,0,1358,17
1588616983.894663,173.194.188.105,10.10.0.10,,,443,45734,0,1358,17
1588616983.896197,10.10.0.10,173.194.188.105,,,45734,443,0,37,17
1588616983.8985422,173.194.188.105,10.10.0.10,,,443,45734,0,1358,17
1588616983.902515,173.194.188.105,10.10.0.10,,,443,45734,0,29,17
1588616983.902631,173.194.188.105,10.10.0.10,,,443,45734,0,1358,17
1588616983.904162,10.10.0.10,173.194.188.105,,,45734,443,0,37,17
1588616983.906641,173.194.188.105,10.10.0.10,,,443,45734,0,1358,17
1588616983.9105752,173.194.188.105,10.10.0.10,,,443,45734,0,1358,17
1588616983.9131172,10.10.0.10,173.194.188.105,,,45734,443,0,37,17
1588616983.9145124,173.194.188.105,10.10.0.10,,,443,45734,0,1358,17
1588616983.918443,173.194.188.105,10.10.0.10,,,443,45734,0,1358,17
1588616983.920634,10.10.0.10,173.194.188.105,,,45734,443,0,37,17
1588616983.922339,173.194.188.105,10.10.0.10,,,443,45734,0,1358,17
1588616983.9263089,173.194.188.105,10.10.0.10,,,443,45734,0,1358,17
1588616983.92801,10.10.0.10,173.194.188.105,,,45734,443,0,37,17
1588616983.9302435,173.194.188.105,10.10.0.10,,,443,45734,0,1358,17
1588616983.9341779,173.194.188.105,10.10.0.10,,,443,45734,0,1358,17
1588616983.935762,10.10.0.10,173.194.188.105,,,45734,443,0,37,17
1588616983.938112,173.194.188.105,10.10.0.10,,,443,45734,0,1358,17
1588616983.9419742,173.194.188.105,10.10.0.10,,,443,45734,0,1358,17
1588616983.943657,10.10.0.10,173.194.188.105,,,45734,443,0,37,17
1588616983.9459784,173.194.188.105,10.10.0.10,,,443,45734,0,1358,17
1588616983.9499106,173.194.188.105,10.10.0.10,,,443,45734,0,1358,17
1588616983.951618,10.10.0.10,173.194.188.105,,,45734,443,0,37,17
1588616983.953845,173.194.188.105,10.10.0.10,,,443,45734,0,1358,17
1588616983.957779,173.194.188.105,10.10.0.10,,,443,45734,0,1358,17
1588616983.959576,10.10.0.10,173.194.188.105,,,45734,443,0,37,17
1588616983.961676,173.194.188.105,10.10.0.10,,,443,45734,0,1358,17
1588616983.9656124,173.194.188.105,10.10.0.10,,,443,45734,0,1358,17
1588616983.9675708,10.10.0.10,173.194.188.105,,,45734,443,0,37,17
1588616983.969579,173.194.188.105,10.10.0.10,,,443,45734,0,1358,17
1588616983.9735134,173.194.188.105,10.10.0.10,,,443,45734,0,1358,17
1588616983.9752688,10.10.0.10,173.194.188.105,,,45734,443,0,37,17
1588616983.977446,173.194.188.105,10.10.0.10,,,443,45734,0,1358,17
1588616983.9813795,173.194.188.105,10.10.0.10,,,443,45734,0,1358,17
1588616983.9829798,10.10.0.10,173.194.188.105,,,45734,443,0,37,17
1588616983.9852428,173.194.188.105,10.10.0.10,,,443,45734,0,1358,17
1588616983.989248,173.194.188.105,10.10.0.10,,,443,45734,0,1358,17
1588616983.99143,10.10.0.10,173.194.188.105,,,45734,443,0,37,17
1588616983.9931805,173.194.188.105,10.10.0.10,,,443,45734,0,1358,17
1588616983.9971151,173.194.188.105,10.10.0.10,,,443,45734,0,1358,17
1588616983.9985812,10.10.0.10,173.194.188.105,,,45734,443,0,37,17
1588616984.001048,173.194.188.105,10.10.0.10,,,443,45734,0,1358,17
1588616984.004982,173.194.188.105,10.10.0.10,,,443,45734,0,1358,17
1588616984.006801,10.10.0.10,173.194.188.105,,,45734,443,0,37,17
1588616984.0088818,173.194.188.105,10.10.0.10,,,443,45734,0,1358,17
1588616984.012852,173.194.188.105,10.10.0.10,,,443,45734,0,1358,17
1588616984.0144348,10.10.0.10,173.194.188.105,,,45734,443,0,50,17
1588616984.016795,173.194.188.105,10.10.0.10,,,443,45734,0,1358,17
1588616984.0206964,173.194.188.105,10.10.0.10,,,443,45734,0,1358,17
1588616984.023531,10.10.0.10,173.194.188.105,,,45734,443,0,37,17
1588616984.0246522,173.194.188.105,10.10.0.10,,,443,45734,0,1358,17
1588616984.0285509,173.194.188.105,10.10.0.10,,,443,45734,0,1358,17
1588616984.030083,10.10.0.10,173.194.188.105,,,45734,443,0,37,17
1588616984.0324938,173.194.188.105,10.10.0.10,,,443,45734,0,1358,17
1588616984.036454,173.194.188.105,10.10.0.10,,,443,45734,0,1358,17
1588616984.038809,10.10.0.10,173.194.188.105,,,45734,443,0,37,17
1588616984.040388,173.194.188.105,10.10.0.10,,,443,45734,0,1358,17
1588616984.044321,173.194.188.105,10.10.0.10,,,443,45734,0,1358,17
1588616984.045788,10.10.0.10,173.194.188.105,,,45734,443,0,37,17
1588616984.048255,173.194.188.105,10.10.0.10,,,443,45734,0,1358,17
1588616984.05215,173.194.188.105,10.10.0.10,,,443,45734,0,1358,17
1588616984.053891,10.10.0.10,173.194.188.105,,,45734,443,0,37,17
1588616984.0560741,173.194.188.105,10.10.0.10,,,443,45734,0,1358,17
1588616984.060055,173.194.188.105,10.10.0.10,,,443,45734,0,29,17
1588616984.060153,173.194.188.105,10.10.0.10,,,443,45734,0,1358,17
1588616984.061769,10.10.0.10,173.194.188.105,,,45734,443,0,37,17
1588616984.0641284,173.194.188.105,10.10.0.10,,,443,45734,0,1358,17
1588616984.0681012,173.194.188.105,10.10.0.10,,,443,45734,0,1358,17
1588616984.0703714,10.10.0.10,173.194.188.105,,,45734,443,0,37,17
1588616984.0719619,173.194.188.105,10.10.0.10,,,443,45734,0,1358,17
1588616984.075968,173.194.188.105,10.10.0.10,,,443,45734,0,1358,17
1588616984.0775142,10.10.0.10,173.194.188.105,,,45734,443,0,37,17
1588616984.0799026,173.194.188.105,10.10.0.10,,,443,45734,0,1358,17
1588616984.083835,173.194.188.105,10.10.0.10,,,443,45734,0,1358,17
1588616984.085473,10.10.0.10,173.194.188.105,,,45734,443,0,37,17
1588616984.087769,173.194.188.105,10.10.0.10,,,443,45734,0,1358,17
1588616984.091702,173.194.188.105,10.10.0.10,,,443,45734,0,1358,17
1588616984.093561,10.10.0.10,173.194.188.105,,,45734,443,0,37,17
1588616984.095598,173.194.188.105,10.10.0.10,,,443,45734,0,1358,17
1588616984.0995688,173.194.188.105,10.10.0.10,,,443,45734,0,1358,17
1588616984.10131,10.10.0.10,173.194.188.105,,,45734,443,0,37,17
1588616984.103503,173.194.188.105,10.10.0.10,,,443,45734,0,1358,17
1588616984.1074376,173.194.188.105,10.10.0.10,,,443,45734,0,1358,17
1588616984.109228,10.10.0.10,173.194.188.105,,,45734,443,0,37,17
1588616984.1113696,173.194.188.105,10.10.0.10,,,443,45734,0,1358,17
1588616984.115231,173.194.188.105,10.10.0.10,,,443,45734,0,1358,17
1588616984.1171012,10.10.0.10,173.194.188.105,,,45734,443,0,37,17
1588616984.1191962,173.194.188.105,10.10.0.10,,,443,45734,0,1358,17
1588616984.1231706,173.194.188.105,10.10.0.10,,,443,45734,0,1358,17
1588616984.125241,10.10.0.10,173.194.188.105,,,45734,443,0,37,17
1588616984.1271038,173.194.188.105,10.10.0.10,,,443,45734,0,1358,17
1588616984.13104,173.194.188.105,10.10.0.10,,,443,45734,0,1358,17
1588616984.133041,10.10.0.10,173.194.188.105,,,45734,443,0,37,17
1588616984.1349714,173.194.188.105,10.10.0.10,,,443,45734,0,1358,17
1588616984.138867,173.194.188.105,10.10.0.10,,,443,45734,0,1358,17
1588616984.140935,10.10.0.10,173.194.188.105,,,45734,443,0,37,17
1588616984.142839,173.194.188.105,10.10.0.10,,,443,45734,0,1358,17
1588616984.146773,173.194.188.105,10.10.0.10,,,443,45734,0,1358,17
1588616984.148531,10.10.0.10,173.194.188.105,,,45734,443,0,37,17
1588616984.150683,173.194.188.105,10.10.0.10,,,443,45734,0,1358,17
1588616984.154641,173.194.188.105,10.10.0.10,,,443,45734,0,1358,17
1588616984.156517,10.10.0.10,173.194.188.105,,,45734,443,0,37,17
1588616984.1585462,173.194.188.105,10.10.0.10,,,443,45734,0,1358,17
1588616984.162484,173.194.188.105,10.10.0.10,,,443,45734,0,1358,17
1588616984.164205,10.10.0.10,173.194.188.105,,,45734,443,0,37,17
1588616984.166441,173.194.188.105,10.10.0.10,,,443,45734,0,1358,17
1588616984.1703742,173.194.188.105,10.10.0.10,,,443,45734,0,1358,17
1588616984.1730142,10.10.0.10,173.194.188.105,,,45734,443,0,50,17
1588616984.1743078,173.194.188.105,10.10.0.10,,,443,45734,0,1358,17
1588616984.178241,173.194.188.105,10.10.0.10,,,443,45734,0,1358,17
1588616984.1798232,10.10.0.10,173.194.188.105,,,45734,443,0,37,17
1588616984.1820989,173.194.188.105,10.10.0.10,,,443,45734,0,1358,17
1588616984.186107,173.194.188.105,10.10.0.10,,,443,45734,0,1358,17
1588616984.1888125,10.10.0.10,173.194.188.105,,,45734,443,0,37,17
1588616984.190016,173.194.188.105,10.10.0.10,,,443,45734,0,1358,17
1588616984.193976,173.194.188.105,10.10.0.10,,,443,45734,0,1358,17
1588616984.195697,10.10.0.10,173.194.188.105,,,45734,443,0,37,17
1588616984.197908,173.194.188.105,10.10.0.10,,,443,45734,0,1358,17
1588616984.201854,173.194.188.105,10.10.0.10,,,443,45734,0,1358,17
1588616984.2033892,10.10.0.10,173.194.188.105,,,45734,443,0,37,17
1588616984.2057366,173.194.188.105,10.10.0.10,,,443,45734,0,1358,17
1588616984.20971,173.194.188.105,10.10.0.10,,,443,45734,0,1358,17
1588616984.2112641,10.10.0.10,173.194.188.105,,,45734,443,0,37,17
1588616984.2136445,173.194.188.105,10.10.0.10,,,443,45734,0,1358,17
1588616984.217576,173.194.188.105,10.10.0.10,,,443,45734,0,29,17
1588616984.217674,173.194.188.105,10.10.0.10,,,443,45734,0,1358,17
1588616984.2192008,10.10.0.10,173.194.188.105,,,45734,443,0,37,17
1588616984.221689,173.194.188.105,10.10.0.10,,,443,45734,0,1358,17
1588616984.225584,173.194.188.105,10.10.0.10,,,443,45734,0,1358,17
1588616984.2274108,10.10.0.10,173.194.188.105,,,45734,443,0,37,17
1588616984.2295554,173.194.188.105,10.10.0.10,,,443,45734,0,1358,17
1588616984.23349,173.194.188.105,10.10.0.10,,,443,45734,0,1358,17
1588616984.235163,10.10.0.10,173.194.188.105,,,45734,443,0,37,17
1588616984.237423,173.194.188.105,10.10.0.10,,,443,45734,0,1358,17
1588616984.241357,173.194.188.105,10.10.0.10,,,443,45734,0,1358,17
1588616984.243137,10.10.0.10,173.194.188.105,,,45734,443,0,37,17
1588616984.2452302,173.194.188.105,10.10.0.10,,,443,45734,0,1358,17
1588616984.2492,173.194.188.105,10.10.0.10,,,443,45734,0,1358,17
1588616984.2508874,10.10.0.10,173.194.188.105,,,45734,443,0,37,17
1588616984.253158,173.194.188.105,10.10.0.10,,,443,45734,0,1358,17
1588616984.2570908,173.194.188.105,10.10.0.10,,,443,45734,0,1358,17
1588616984.2591429,10.10.0.10,173.194.188.105,,,45734,443,0,37,17
1588616984.261026,173.194.188.105,10.10.0.10,,,443,45734,0,1358,17
1588616984.264958,173.194.188.105,10.10.0.10,,,443,45734,0,1358,17
1588616984.2667868,10.10.0.10,173.194.188.105,,,45734,443,0,37,17
1588616984.268855,173.194.188.105,10.10.0.10,,,443,45734,0,1358,17
1588616984.2728019,173.194.188.105,10.10.0.10,,,443,45734,0,1358,17
1588616984.2750268,10.10.0.10,173.194.188.105,,,45734,443,0,37,17
1588616984.2767308,173.194.188.105,10.10.0.10,,,443,45734,0,1358,17
1588616984.280664,173.194.188.105,10.10.0.10,,,443,45734,0,1358,17
1588616984.2821732,10.10.0.10,173.194.188.105,,,45734,443,0,37,17
1588616984.284598,173.194.188.105,10.10.0.10,,,443,45734,0,1358,17
1588616984.2885172,173.194.188.105,10.10.0.10,,,443,45734,0,1358,17
1588616984.2902508,10.10.0.10,173.194.188.105,,,45734,443,0,37,17
1588616984.292466,173.194.188.105,10.10.0.10,,,443,45734,0,1358,17
1588616984.296399,173.194.188.105,10.10.0.10,,,443,45734,0,1358,17
1588616984.298046,10.10.0.10,173.194.188.105,,,45734,443,0,37,17
1588616984.300361,173.194.188.105,10.10.0.10,,,443,45734,0,1358,17
1588616984.3042939,173.194.188.105,10.10.0.10,,,443,45734,0,1358,17
1588616984.3061152,10.10.0.10,173.194.188.105,,,45734,443,0,37,17
1588616984.308218,173.194.188.105,10.10.0.10,,,443,45734,0,1358,17
1588616984.3121116,173.194.188.105,10.10.0.10,,,443,45734,0,1358,17
1588616984.313774,10.10.0.10,173.194.188.105,,,45734,443,0,37,17
1588616984.316086,173.194.188.105,10.10.0.10,,,443,45734,0,1358,17
1588616984.3200195,173.194.188.105,10.10.0.10,,,443,45734,0,1358,17
1588616984.323953,173.194.188.105,10.10.0.10,,,443,45734,0,1358,17
1588616984.327888,173.194.188.105,10.10.0.10,,,443,45734,0,1358,17
1588616984.331832,173.194.188.105,10.10.0.10,,,443,45734,0,1358,17
1588616984.3357134,173.194.188.105,10.10.0.10,,,443,45734,0,1358,17
1588616984.339688,173.194.188.105,10.10.0.10,,,443,45734,0,1358,17
1588616984.343621,173.194.188.105,10.10.0.10,,,443,45734,0,1358,17
1588616984.3447616,10.10.0.10,173.194.188.105,,,45734,443,0,37,17
1588616984.3453422,10.10.0.10,173.194.188.105,,,45734,443,0,50,17
1588616984.346599,10.10.0.10,173.194.188.105,,,45734,443,0,37,17
1588616984.347497,173.194.188.105,10.10.0.10,,,443,45734,0,1358,17
1588616984.349067,10.10.0.10,173.194.188.105,,,45734,443,0,37,17
1588616984.3514428,173.194.188.105,10.10.0.10,,,443,45734,0,1358,17
1588616984.3530688,10.10.0.10,173.194.188.105,,,45734,443,0,37,17
1588616984.355381,173.194.188.105,10.10.0.10,,,443,45734,0,1358,17
1588616984.359355,173.194.188.105,10.10.0.10,,,443,45734,0,1358,17
1588616984.3611634,10.10.0.10,173.194.188.105,,,45734,443,0,37,17
1588616984.3632882,173.194.188.105,10.10.0.10,,,443,45734,0,1358,17
1588616984.367222,173.194.188.105,10.10.0.10,,,443,45734,0,1358,17
1588616984.3688602,10.10.0.10,173.194.188.105,,,45734,443,0,37,17
1588616984.3711572,173.194.188.105,10.10.0.10,,,443,45734,0,1358,17
1588616984.3750892,173.194.188.105,10.10.0.10,,,443,45734,0,1358,17
1588616984.3773394,10.10.0.10,173.194.188.105,,,45734,443,0,37,17
1588616984.378981,173.194.188.105,10.10.0.10,,,443,45734,0,1358,17
1588616984.382909,173.194.188.105,10.10.0.10,,,443,45734,0,1358,17
1588616984.384391,10.10.0.10,173.194.188.105,,,45734,443,0,37,17
1588616984.3868532,173.194.188.105,10.10.0.10,,,443,45734,0,1358,17
1588616984.390787,173.194.188.105,10.10.0.10,,,443,45734,0,29,17
1588616984.3909314,173.194.188.105,10.10.0.10,,,443,45734,0,1358,17
1588616984.39359,10.10.0.10,173.194.188.105,,,45734,443,0,37,17
1588616984.394898,173.194.188.105,10.10.0.10,,,443,45734,0,1358,17
1588616984.398816,173.194.188.105,10.10.0.10,,,443,45734,0,1358,17
1588616984.400382,10.10.0.10,173.194.188.105,,,45734,443,0,37,17
1588616984.402765,173.194.188.105,10.10.0.10,,,443,45734,0,1358,17
1588616984.406671,173.194.188.105,10.10.0.10,,,443,45734,0,1358,17
1588616984.408384,10.10.0.10,173.194.188.105,,,45734,443,0,37,17
1588616984.4106698,173.194.188.105,10.10.0.10,,,443,45734,0,1358,17
1588616984.414562,173.194.188.105,10.10.0.10,,,443,45734,0,1358,17
1588616984.4162278,10.10.0.10,173.194.188.105,,,45734,443,0,37,17
1588616984.418535,173.194.188.105,10.10.0.10,,,443,45734,0,1358,17
1588616984.42243,173.194.188.105,10.10.0.10,,,443,45734,0,1358,17
1588616984.424135,10.10.0.10,173.194.188.105,,,45734,443,0,37,17
1588616984.4264052,173.194.188.105,10.10.0.10,,,443,45734,0,1358,17
1588616984.430337,173.194.188.105,10.10.0.10,,,443,45734,0,1358,17
1588616984.4319482,10.10.0.10,173.194.188.105,,,45734,443,0,37,17
1588616984.434271,173.194.188.105,10.10.0.10,,,443,45734,0,1358,17
1588616984.438205,173.194.188.105,10.10.0.10,,,443,45734,0,1358,17
1588616984.4398804,10.10.0.10,173.194.188.105,,,45734,443,0,37,17
1588616984.4420972,173.194.188.105,10.10.0.10,,,443,45734,0,1358,17
1588616984.446072,173.194.188.105,10.10.0.10,,,443,45734,0,1358,17
1588616984.447691,10.10.0.10,173.194.188.105,,,45734,443,0,37,17
1588616984.450006,173.194.188.105,10.10.0.10,,,443,45734,0,1358,17
1588616984.453939,173.194.188.105,10.10.0.10,,,443,45734,0,1358,17
1588616984.457114,10.10.0.10,173.194.188.105,,,45734,443,0,37,17
1588616984.457834,173.194.188.105,10.10.0.10,,,443,45734,0,1358,17
1588616984.46182,173.194.188.105,10.10.0.10,,,443,45734,0,1358,17
1588616984.4636884,10.10.0.10,173.194.188.105,,,45734,443,0,37,17
1588616984.4656944,173.194.188.105,10.10.0.10,,,443,45734,0,1358,17
1588616984.4696374,173.194.188.105,10.10.0.10,,,443,45734,0,1358,17
1588616984.4717221,10.10.0.10,173.194.188.105,,,45734,443,0,37,17
1588616984.4735699,173.194.188.105,10.10.0.10,,,443,45734,0,1358,17
1588616984.477504,173.194.188.105,10.10.0.10,,,443,45734,0,1358,17
1588616984.4804668,10.10.0.10,173.194.188.105,,,45734,443,0,37,17
1588616984.48143,173.194.188.105,10.10.0.10,,,443,45734,0,1358,17
1588616984.4853554,173.194.188.105,10.10.0.10,,,443,45734,0,1358,17
1588616984.487009,10.10.0.10,173.194.188.105,,,45734,443,0,50,17
1588616984.48929,173.194.188.105,10.10.0.10,,,443,45734,0,1358,17
1588616984.493274,173.194.188.105,10.10.0.10,,,443,45734,0,1358,17
1588616984.494946,10.10.0.10,173.194.188.105,,,45734,443,0,37,17
1588616984.497209,173.194.188.105,10.10.0.10,,,443,45734,0,1358,17
1588616984.501143,173.194.188.105,10.10.0.10,,,443,45734,0,1358,17
1588616984.503435,10.10.0.10,173.194.188.105,,,45734,443,0,37,17
1588616984.505017,173.194.188.105,10.10.0.10,,,443,45734,0,1358,17
1588616984.508959,173.194.188.105,10.10.0.10,,,443,45734,0,1358,17
1588616984.5128908,173.194.188.105,10.10.0.10,,,443,45734,0,1358,17
1588616984.5163784,10.10.0.10,173.194.188.105,,,45734,443,0,37,17
1588616984.516825,173.194.188.105,10.10.0.10,,,443,45734,0,1358,17
1588616984.5184472,10.10.0.10,173.194.188.105,,,45734,443,0,37,17
1588616984.5207715,173.194.188.105,10.10.0.10,,,443,45734,0,1358,17
1588616984.524703,173.194.188.105,10.10.0.10,,,443,45734,0,1358,17
1588616984.526348,10.10.0.10,173.194.188.105,,,45734,443,0,37,17
1588616984.5286062,173.194.188.105,10.10.0.10,,,443,45734,0,1358,17
1588616984.5325394,173.194.188.105,10.10.0.10,,,443,45734,0,1358,17
1588616984.534266,10.10.0.10,173.194.188.105,,,45734,443,0,37,17
1588616984.5365038,173.194.188.105,10.10.0.10,,,443,45734,0,1358,17
1588616984.540407,173.194.188.105,10.10.0.10,,,443,45734,0,29,17
1588616984.5405812,173.194.188.105,10.10.0.10,,,443,45734,0,1358,17
1588616984.5425296,10.10.0.10,173.194.188.105,,,45734,443,0,37,17
1588616984.544517,173.194.188.105,10.10.0.10,,,443,45734,0,1358,17
1588616984.548523,173.194.188.105,10.10.0.10,,,443,45734,0,1358,17
1588616984.5501616,10.10.0.10,173.194.188.105,,,45734,443,0,37,17
1588616984.5523992,173.194.188.105,10.10.0.10,,,443,45734,0,1358,17
1588616984.556386,173.194.188.105,10.10.0.10,,,443,45734,0,1358,17
1588616984.55812,10.10.0.10,173.194.188.105,,,45734,443,0,37,17
1588616984.560297,173.194.188.105,10.10.0.10,,,443,45734,0,1358,17
1588616984.5642538,173.194.188.105,10.10.0.10,,,443,45734,0,1358,17
1588616984.5663226,10.10.0.10,173.194.188.105,,,45734,443,0,37,17
1588616984.568135,173.194.188.105,10.10.0.10,,,443,45734,0,1358,17
1588616984.572058,173.194.188.105,10.10.0.10,,,443,45734,0,1358,17
1588616984.573643,10.10.0.10,173.194.188.105,,,45734,443,0,37,17
1588616984.5760212,173.194.188.105,10.10.0.10,,,443,45734,0,1358,17
1588616984.579953,173.194.188.105,10.10.0.10,,,443,45734,0,1358,17
1588616984.582202,10.10.0.10,173.194.188.105,,,45734,443,0,37,17
1588616984.583856,173.194.188.105,10.10.0.10,,,443,45734,0,1358,17
1588616984.5878491,173.194.188.105,10.10.0.10,,,443,45734,0,1358,17
1588616984.59179,173.194.188.105,10.10.0.10,,,443,45734,0,1358,17
1588616984.593562,10.10.0.10,173.194.188.105,,,45734,443,0,37,17
1588616984.5956874,173.194.188.105,10.10.0.10,,,443,45734,0,1358,17
1588616984.5972786,10.10.0.10,173.194.188.105,,,45734,443,0,37,17
1588616984.5996294,173.194.188.105,10.10.0.10,,,443,45734,0,1358,17
1588616984.603583,173.194.188.105,10.10.0.10,,,443,45734,0,1358,17
1588616984.605096,10.10.0.10,173.194.188.105,,,45734,443,0,37,17
1588616984.6074758,173.194.188.105,10.10.0.10,,,443,45734,0,1358,17
1588616984.6113892,173.194.188.105,10.10.0.10,,,443,45734,0,1358,17
1588616984.6129725,10.10.0.10,173.194.188.105,,,45734,443,0,37,17
1588616984.6153214,173.194.188.105,10.10.0.10,,,443,45734,0,1358,17
1588616984.619287,173.194.188.105,10.10.0.10,,,443,45734,0,1358,17
1588616984.621167,10.10.0.10,173.194.188.105,,,45734,443,0,37,17
1588616984.6232278,173.194.188.105,10.10.0.10,,,443,45734,0,1358,17
1588616984.6271849,173.194.188.105,10.10.0.10,,,443,45734,0,1358,17
1588616984.6287878,10.10.0.10,173.194.188.105,,,45734,443,0,37,17
1588616984.631117,173.194.188.105,10.10.0.10,,,443,45734,0,1358,17
1588616984.6350498,173.194.188.105,10.10.0.10,,,443,45734,0,1358,17
1588616984.6366632,10.10.0.10,173.194.188.105,,,45734,443,0,37,17
1588616984.6389608,173.194.188.105,10.10.0.10,,,443,45734,0,1358,17
1588616984.6428812,173.194.188.105,10.10.0.10,,,443,45734,0,1358,17
1588616984.644447,10.10.0.10,173.194.188.105,,,45734,443,0,50,17
1588616984.646807,173.194.188.105,10.10.0.10,,,443,45734,0,1358,17
1588616984.650723,173.194.188.105,10.10.0.10,,,443,45734,0,1358,17
1588616984.6522741,10.10.0.10,173.194.188.105,,,45734,443,0,37,17
1588616984.6546931,173.194.188.105,10.10.0.10,,,443,45734,0,1358,17
1588616984.658592,173.194.188.105,10.10.0.10,,,443,45734,0,1358,17
1588616984.660206,10.10.0.10,173.194.188.105,,,45734,443,0,37,17
1588616984.662562,173.194.188.105,10.10.0.10,,,443,45734,0,1358,17
1588616984.6664908,173.194.188.105,10.10.0.10,,,443,45734,0,1358,17
1588616984.668057,10.10.0.10,173.194.188.105,,,45734,443,0,37,17
1588616984.6704285,173.194.188.105,10.10.0.10,,,443,45734,0,1358,17
1588616984.67439,173.194.188.105,10.10.0.10,,,443,45734,0,1358,17
1588616984.6761081,10.10.0.10,173.194.188.105,,,45734,443,0,37,17
1588616984.6783235,173.194.188.105,10.10.0.10,,,443,45734,0,1358,17
1588616984.682231,173.194.188.105,10.10.0.10,,,443,45734,0,1358,17
1588616984.6845732,10.10.0.10,173.194.188.105,,,45734,443,0,37,17
1588616984.686194,173.194.188.105,10.10.0.10,,,443,45734,0,1358,17
1588616984.6901262,173.194.188.105,10.10.0.10,,,443,45734,0,1358,17
1588616984.691635,10.10.0.10,173.194.188.105,,,45734,443,0,37,17
1588616984.6940598,173.194.188.105,10.10.0.10,,,443,45734,0,1358,17
1588616984.697993,173.194.188.105,10.10.0.10,,,443,45734,0,1358,17
1588616984.6995332,10.10.0.10,173.194.188.105,,,45734,443,0,37,17
1588616984.701874,173.194.188.105,10.10.0.10,,,443,45734,0,1358,17
1588616984.7058358,173.194.188.105,10.10.0.10,,,443,45734,0,1358,17
1588616984.70751,10.10.0.10,173.194.188.105,,,45734,443,0,37,17
1588616984.7097938,173.194.188.105,10.10.0.10,,,443,45734,0,1358,17
1588616984.713728,173.194.188.105,10.10.0.10,,,443,45734,0,1358,17
1588616984.7153974,10.10.0.10,173.194.188.105,,,45734,443,0,37,17
1588616984.7176616,173.194.188.105,10.10.0.10,,,443,45734,0,1358,17
1588616984.7215948,173.194.188.105,10.10.0.10,,,443,45734,0,1358,17
1588616984.723291,10.10.0.10,173.194.188.105,,,45734,443,0,37,17
1588616984.725497,173.194.188.105,10.10.0.10,,,443,45734,0,1358,17
1588616984.729464,173.194.188.105,10.10.0.10,,,443,45734,0,1358,17
1588616984.730968,10.10.0.10,173.194.188.105,,,45734,443,0,37,17
1588616984.733333,173.194.188.105,10.10.0.10,,,443,45734,0,1358,17
1588616984.737329,173.194.188.105,10.10.0.10,,,443,45734,0,1358,17
1588616984.7390294,10.10.0.10,173.194.188.105,,,45734,443,0,37,17
1588616984.741238,173.194.188.105,10.10.0.10,,,443,45734,0,1358,17
1588616984.745196,173.194.188.105,10.10.0.10,,,443,45734,0,1358,17
1588616984.7468195,10.10.0.10,173.194.188.105,,,45734,443,0,37,17
1588616984.7491002,173.194.188.105,10.10.0.10,,,443,45734,0,1358,17
1588616984.7530649,173.194.188.105,10.10.0.10,,,443,45734,0,1358,17
1588616984.754657,10.10.0.10,173.194.188.105,,,45734,443,0,37,17
1588616984.756997,173.194.188.105,10.10.0.10,,,443,45734,0,1358,17
1588616984.7609308,173.194.188.105,10.10.0.10,,,443,45734,0,1358,17
1588616984.762558,10.10.0.10,173.194.188.105,,,45734,443,0,37,17
1588616984.764865,173.194.188.105,10.10.0.10,,,443,45734,0,1358,17
1588616984.76877,173.194.188.105,10.10.0.10,,,443,45734,0,1358,17
1588616984.770355,10.10.0.10,173.194.188.105,,,45734,443,0,37,17
1588616984.7727325,173.194.188.105,10.10.0.10,,,443,45734,0,1358,17
1588616984.7766669,173.194.188.105,10.10.0.10,,,443,45734,0,1358,17
1588616984.7783446,10.10.0.10,173.194.188.105,,,45734,443,0,37,17
1588616984.780604,173.194.188.105,10.10.0.10,,,443,45734,0,1358,17
1588616984.7845242,173.194.188.105,10.10.0.10,,,443,45734,0,1358,17
1588616984.7878268,10.10.0.10,173.194.188.105,,,45734,443,0,37,17
1588616984.788439,173.194.188.105,10.10.0.10,,,443,45734,0,1358,17
1588616984.7923732,173.194.188.105,10.10.0.10,,,443,45734,0,1358,17
1588616984.7944188,10.10.0.10,173.194.188.105,,,45734,443,0,37,17
1588616984.7963376,173.194.188.105,10.10.0.10,,,443,45734,0,1358,17
1588616984.800224,173.194.188.105,10.10.0.10,,,443,45734,0,1358,17
1588616984.802836,10.10.0.10,173.194.188.105,,,45734,443,0,50,17
1588616984.8042061,173.194.188.105,10.10.0.10,,,443,45734,0,1358,17
1588616984.808105,173.194.188.105,10.10.0.10,,,443,45734,0,1358,17
1588616984.80996,10.10.0.10,173.194.188.105,,,45734,443,0,37,17
1588616984.812008,173.194.188.105,10.10.0.10,,,443,45734,0,1358,17
1588616984.815967,173.194.188.105,10.10.0.10,,,443,45734,0,1358,17
1588616984.8177798,10.10.0.10,173.194.188.105,,,45734,443,0,37,17
1588616984.8199468,173.194.188.105,10.10.0.10,,,443,45734,0,1358,17
1588616984.8238802,173.194.188.105,10.10.0.10,,,443,45734,0,1358,17
1588616984.827614,10.10.0.10,173.194.188.105,,,45734,443,0,37,17
1588616984.827787,173.194.188.105,10.10.0.10,,,443,45734,0,1358,17
1588616984.8317466,173.194.188.105,10.10.0.10,,,443,45734,0,1358,17
1588616984.8352358,10.10.0.10,173.194.188.105,,,45734,443,0,37,17
1588616984.8356442,173.194.188.105,10.10.0.10,,,443,45734,0,1358,17
1588616984.8396132,173.194.188.105,10.10.0.10,,,443,45734,0,1358,17
1588616984.841318,10.10.0.10,173.194.188.105,,,45734,443,0,37,17
1588616984.8435225,173.194.188.105,10.10.0.10,,,443,45734,0,1358,17
1588616984.847482,173.194.188.105,10.10.0.10,,,443,45734,0,1358,17
1588616984.849279,10.10.0.10,173.194.188.105,,,45734,443,0,37,17
1588616984.851416,173.194.188.105,10.10.0.10,,,443,45734,0,1358,17
1588616984.855279,173.194.188.105,10.10.0.10,,,443,45734,0,1358,17
1588616984.858402,10.10.0.10,173.194.188.105,,,45734,443,0,37,17
1588616984.859256,173.194.188.105,10.10.0.10,,,443,45734,0,1358,17
1588616984.8632278,173.194.188.105,10.10.0.10,,,443,45734,0,1358,17
1588616984.864881,10.10.0.10,173.194.188.105,,,45734,443,0,37,17
1588616984.86715,173.194.188.105,10.10.0.10,,,443,45734,0,1358,17
1588616984.8710818,173.194.188.105,10.10.0.10,,,443,45734,0,1358,17
1588616984.87392,10.10.0.10,173.194.188.105,,,45734,443,0,37,17
1588616984.875018,173.194.188.105,10.10.0.10,,,443,45734,0,1358,17
1588616984.878911,173.194.188.105,10.10.0.10,,,443,45734,0,1358,17
1588616984.880528,10.10.0.10,173.194.188.105,,,45734,443,0,37,17
1588616984.8828838,173.194.188.105,10.10.0.10,,,443,45734,0,1358,17
1588616984.886787,173.194.188.105,10.10.0.10,,,443,45734,0,1358,17
1588616984.8907206,173.194.188.105,10.10.0.10,,,443,45734,0,1358,17
1588616984.890955,10.10.0.10,173.194.188.105,,,45734,443,0,37,17
1588616984.8946831,173.194.188.105,10.10.0.10,,,443,45734,0,1358,17
1588616984.896987,10.10.0.10,173.194.188.105,,,45734,443,0,37,17
1588616984.8985548,173.194.188.105,10.10.0.10,,,443,45734,0,1358,17
1588616984.9025269,173.194.188.105,10.10.0.10,,,443,45734,0,1358,17
1588616984.904109,10.10.0.10,173.194.188.105,,,45734,443,0,37,17
1588616984.906484,173.194.188.105,10.10.0.10,,,443,45734,0,1358,17
1588616984.91042,173.194.188.105,10.10.0.10,,,443,45734,0,1358,17
1588616984.9120526,10.10.0.10,173.194.188.105,,,45734,443,0,37,17
1588616984.914353,173.194.188.105,10.10.0.10,,,443,45734,0,1358,17
1588616984.9182868,173.194.188.105,10.10.0.10,,,443,45734,0,1358,17
1588616984.919903,10.10.0.10,173.194.188.105,,,45734,443,0,37,17
1588616984.922184,173.194.188.105,10.10.0.10,,,443,45734,0,1358,17
1588616984.926152,173.194.188.105,10.10.0.10,,,443,45734,0,1358,17
1588616984.927923,10.10.0.10,173.194.188.105,,,45734,443,0,37,17
1588616984.9300866,173.194.188.105,10.10.0.10,,,443,45734,0,1358,17
1588616984.9340189,173.194.188.105,10.10.0.10,,,443,45734,0,1358,17
1588616984.935649,10.10.0.10,173.194.188.105,,,45734,443,0,37,17
1588616984.937954,173.194.188.105,10.10.0.10,,,443,45734,0,1358,17
1588616984.9418778,173.194.188.105,10.10.0.10,,,443,45734,0,1358,17
1588616984.943486,10.10.0.10,173.194.188.105,,,45734,443,0,37,17
1588616984.9457982,173.194.188.105,10.10.0.10,,,443,45734,0,1358,17
1588616984.9497561,173.194.188.105,10.10.0.10,,,443,45734,0,1358,17
1588616984.9514391,10.10.0.10,173.194.188.105,,,45734,443,0,37,17
1588616984.9536884,173.194.188.105,10.10.0.10,,,443,45734,0,1358,17
1588616984.957623,173.194.188.105,10.10.0.10,,,443,45734,0,1358,17
1588616984.9593742,10.10.0.10,173.194.188.105,,,45734,443,0,50,17
1588616984.9614851,173.194.188.105,10.10.0.10,,,443,45734,0,1358,17
1588616984.965416,173.194.188.105,10.10.0.10,,,443,45734,0,1358,17
1588616984.966983,10.10.0.10,173.194.188.105,,,45734,443,0,37,17
1588616984.969422,173.194.188.105,10.10.0.10,,,443,45734,0,1358,17
1588616984.9733582,173.194.188.105,10.10.0.10,,,443,45734,0,1358,17
1588616984.975047,10.10.0.10,173.194.188.105,,,45734,443,0,37,17
1588616984.9772909,173.194.188.105,10.10.0.10,,,443,45734,0,1358,17
1588616984.981224,173.194.188.105,10.10.0.10,,,443,45734,0,1358,17
1588616984.982816,10.10.0.10,173.194.188.105,,,45734,443,0,37,17
1588616984.9851398,173.194.188.105,10.10.0.10,,,443,45734,0,1358,17
1588616984.989056,173.194.188.105,10.10.0.10,,,443,45734,0,1358,17
1588616984.9926908,10.10.0.10,173.194.188.105,,,45734,443,0,37,17
1588616984.992955,173.194.188.105,10.10.0.10,,,443,45734,0,1358,17
1588616984.996958,173.194.188.105,10.10.0.10,,,443,45734,0,1358,17
1588616984.998659,10.10.0.10,173.194.188.105,,,45734,443,0,37,17
1588616985.00085,173.194.188.105,10.10.0.10,,,443,45734,0,1358,17
1588616985.0048249,173.194.188.105,10.10.0.10,,,443,45734,0,1358,17
1588616985.0076964,10.10.0.10,173.194.188.105,,,45734,443,0,37,17
1588616985.0087235,173.194.188.105,10.10.0.10,,,443,45734,0,1358,17
1588616985.0126915,173.194.188.105,10.10.0.10,,,443,45734,0,1358,17
1588616985.014615,10.10.0.10,173.194.188.105,,,45734,443,0,37,17
1588616985.016568,173.194.188.105,10.10.0.10,,,443,45734,0,1358,17
1588616985.02056,173.194.188.105,10.10.0.10,,,443,45734,0,1358,17
1588616985.0222778,10.10.0.10,173.194.188.105,,,45734,443,0,37,17
1588616985.0244932,173.194.188.105,10.10.0.10,,,443,45734,0,1358,17
1588616985.028427,173.194.188.105,10.10.0.10,,,443,45734,0,29,17
1588616985.028528,173.194.188.105,10.10.0.10,,,443,45734,0,1358,17
1588616985.030234,10.10.0.10,173.194.188.105,,,45734,443,0,37,17
1588616985.0325158,173.194.188.105,10.10.0.10,,,443,45734,0,1358,17
1588616985.036473,173.194.188.105,10.10.0.10,,,443,45734,0,1358,17
1588616985.038131,10.10.0.10,173.194.188.105,,,45734,443,0,37,17
1588616985.040406,173.194.188.105,10.10.0.10,,,443,45734,0,1358,17
1588616985.0443392,173.194.188.105,10.10.0.10,,,443,45734,0,1358,17
1588616985.046046,10.10.0.10,173.194.188.105,,,45734,443,0,37,17
1588616985.0482738,173.194.188.105,10.10.0.10,,,443,45734,0,1358,17
1588616985.052171,173.194.188.105,10.10.0.10,,,443,45734,0,1358,17
1588616985.0538821,10.10.0.10,173.194.188.105,,,45734,443,0,37,17
1588616985.056142,173.194.188.105,10.10.0.10,,,443,45734,0,1358,17
1588616985.060074,173.194.188.105,10.10.0.10,,,443,45734,0,1358,17
1588616985.0618699,10.10.0.10,173.194.188.105,,,45734,443,0,37,17
1588616985.064007,173.194.188.105,10.10.0.10,,,443,45734,0,1358,17
1588616985.0679398,173.194.188.105,10.10.0.10,,,443,45734,0,1358,17
1588616985.0696929,10.10.0.10,173.194.188.105,,,45734,443,0,37,17
1588616985.0718758,173.194.188.105,10.10.0.10,,,443,45734,0,1358,17
1588616985.075784,173.194.188.105,10.10.0.10,,,443,45734,0,1358,17
1588616985.0774848,10.10.0.10,173.194.188.105,,,45734,443,0,37,17
1588616985.0797422,173.194.188.105,10.10.0.10,,,443,45734,0,1358,17
1588616985.0836759,173.194.188.105,10.10.0.10,,,443,45734,0,1358,17
1588616985.0852349,10.10.0.10,173.194.188.105,,,45734,443,0,37,17
1588616985.087609,173.194.188.105,10.10.0.10,,,443,45734,0,1358,17
1588616985.091544,173.194.188.105,10.10.0.10,,,443,45734,0,1358,17
1588616985.094249,10.10.0.10,173.194.188.105,,,45734,443,0,37,17
1588616985.0954401,173.194.188.105,10.10.0.10,,,443,45734,0,1358,17
1588616985.099374,173.194.188.105,10.10.0.10,,,443,45734,0,1358,17
1588616985.1009429,10.10.0.10,173.194.188.105,,,45734,443,0,37,17
1588616985.103344,173.194.188.105,10.10.0.10,,,443,45734,0,1358,17
1588616985.10724,173.194.188.105,10.10.0.10,,,443,45734,0,1358,17
1588616985.1091352,10.10.0.10,173.194.188.105,,,45734,443,0,37,17
1588616985.1112099,173.194.188.105,10.10.0.10,,,443,45734,0,1358,17
1588616985.115155,173.194.188.105,10.10.0.10,,,443,45734,0,1358,17
1588616985.1167688,10.10.0.10,173.194.188.105,,,45734,443,0,50,17
1588616985.119041,173.194.188.105,10.10.0.10,,,443,45734,0,1358,17
1588616985.1230118,173.194.188.105,10.10.0.10,,,443,45734,0,1358,17
1588616985.1249242,10.10.0.10,173.194.188.105,,,45734,443,0,37,17
1588616985.1269462,173.194.188.105,10.10.0.10,,,443,45734,0,1358,17
1588616985.130879,173.194.188.105,10.10.0.10,,,443,45734,0,1358,17
1588616985.133047,10.10.0.10,173.194.188.105,,,45734,443,0,37,17
1588616985.1348119,173.194.188.105,10.10.0.10,,,443,45734,0,1358,17
1588616985.138676,173.194.188.105,10.10.0.10,,,443,45734,0,1358,17
1588616985.1403322,10.10.0.10,173.194.188.105,,,45734,443,0,37,17
1588616985.142679,173.194.188.105,10.10.0.10,,,443,45734,0,1358,17
1588616985.1466134,173.194.188.105,10.10.0.10,,,443,45734,0,1358,17
1588616985.148151,10.10.0.10,173.194.188.105,,,45734,443,0,37,17
1588616985.1505456,173.194.188.105,10.10.0.10,,,443,45734,0,1358,17
1588616985.1544821,173.194.188.105,10.10.0.10,,,443,45734,0,1358,17
1588616985.156211,10.10.0.10,173.194.188.105,,,45734,443,0,37,17
1588616985.158416,173.194.188.105,10.10.0.10,,,443,45734,0,1358,17
1588616985.162312,173.194.188.105,10.10.0.10,,,443,45734,0,1358,17
1588616985.163898,10.10.0.10,173.194.188.105,,,45734,443,0,37,17
1588616985.166282,173.194.188.105,10.10.0.10,,,443,45734,0,1358,17
1588616985.1702151,173.194.188.105,10.10.0.10,,,443,45734,0,1358,17
1588616985.171906,10.10.0.10,173.194.188.105,,,45734,443,0,37,17
1588616985.1741474,173.194.188.105,10.10.0.10,,,443,45734,0,1358,17
1588616985.178082,173.194.188.105,10.10.0.10,,,443,45734,0,1358,17
1588616985.17984,10.10.0.10,173.194.188.105,,,45734,443,0,37,17
1588616985.1819446,173.194.188.105,10.10.0.10,,,443,45734,0,1358,17
1588616985.185949,173.194.188.105,10.10.0.10,,,443,45734,0,1358,17
1588616985.187751,10.10.0.10,173.194.188.105,,,45734,443,0,37,17
1588616985.1898842,173.194.188.105,10.10.0.10,,,443,45734,0,1358,17
1588616985.193815,173.194.188.105,10.10.0.10,,,443,45734,0,1358,17
1588616985.196794,10.10.0.10,173.194.188.105,,,45734,443,0,37,17
1588616985.19775,173.194.188.105,10.10.0.10,,,443,45734,0,1358,17
1588616985.201647,173.194.188.105,10.10.0.10,,,443,45734,0,1358,17
1588616985.203399,10.10.0.10,173.194.188.105,,,45734,443,0,37,17
1588616985.205561,173.194.188.105,10.10.0.10,,,443,45734,0,1358,17
1588616985.209552,173.194.188.105,10.10.0.10,,,443,45734,0,1358,17
1588616985.2114851,10.10.0.10,173.194.188.105,,,45734,443,0,37,17
1588616985.2134829,173.194.188.105,10.10.0.10,,,443,45734,0,1358,17
1588616985.217417,173.194.188.105,10.10.0.10,,,443,45734,0,1358,17
1588616985.219109,10.10.0.10,173.194.188.105,,,45734,443,0,37,17
1588616985.2213519,173.194.188.105,10.10.0.10,,,443,45734,0,1358,17
1588616985.225224,173.194.188.105,10.10.0.10,,,443,45734,0,1358,17
1588616985.228111,10.10.0.10,173.194.188.105,,,45734,443,0,37,17
1588616985.229192,173.194.188.105,10.10.0.10,,,443,45734,0,1358,17
1588616985.2331526,173.194.188.105,10.10.0.10,,,443,45734,0,1358,17
1588616985.2346961,10.10.0.10,173.194.188.105,,,45734,443,0,37,17
1588616985.2370481,173.194.188.105,10.10.0.10,,,443,45734,0,1358,17
1588616985.2410214,173.194.188.105,10.10.0.10,,,443,45734,0,1358,17
1588616985.2432964,10.10.0.10,173.194.188.105,,,45734,443,0,37,17
1588616985.244953,173.194.188.105,10.10.0.10,,,443,45734,0,1358,17
1588616985.248831,173.194.188.105,10.10.0.10,,,443,45734,0,1358,17
1588616985.2503982,10.10.0.10,173.194.188.105,,,45734,443,0,37,17
1588616985.252782,173.194.188.105,10.10.0.10,,,443,45734,0,1358,17
1588616985.256754,173.194.188.105,10.10.0.10,,,443,45734,0,1358,17
1588616985.259006,10.10.0.10,173.194.188.105,,,45734,443,0,37,17
1588616985.2606866,173.194.188.105,10.10.0.10,,,443,45734,0,1358,17
1588616985.264624,173.194.188.105,10.10.0.10,,,443,45734,0,1358,17
1588616985.26659,10.10.0.10,173.194.188.105,,,45734,443,0,37,17
1588616985.2685552,173.194.188.105,10.10.0.10,,,443,45734,0,1358,17
1588616985.272463,173.194.188.105,10.10.0.10,,,443,45734,0,1358,17
1588616985.2740881,10.10.0.10,173.194.188.105,,,45734,443,0,50,17
1588616985.27638,173.194.188.105,10.10.0.10,,,443,45734,0,1358,17
1588616985.280354,173.194.188.105,10.10.0.10,,,443,45734,0,1358,17
1588616985.281929,10.10.0.10,173.194.188.105,,,45734,443,0,37,17
1588616985.2842882,173.194.188.105,10.10.0.10,,,443,45734,0,1358,17
1588616985.288223,173.194.188.105,10.10.0.10,,,443,45734,0,1358,17
1588616985.2900894,10.10.0.10,173.194.188.105,,,45734,443,0,37,17
1588616985.29212,173.194.188.105,10.10.0.10,,,443,45734,0,1358,17
1588616985.2960892,173.194.188.105,10.10.0.10,,,443,45734,0,1358,17
1588616985.299378,10.10.0.10,173.194.188.105,,,45734,443,0,37,17
1588616985.2999878,173.194.188.105,10.10.0.10,,,443,45734,0,1358,17
1588616985.3039572,173.194.188.105,10.10.0.10,,,443,45734,0,1358,17
1588616985.3056931,10.10.0.10,173.194.188.105,,,45734,443,0,37,17
1588616985.3078911,173.194.188.105,10.10.0.10,,,443,45734,0,1358,17
1588616985.311833,173.194.188.105,10.10.0.10,,,443,45734,0,1358,17
1588616985.313631,10.10.0.10,173.194.188.105,,,45734,443,0,37,17
1588616985.3157332,173.194.188.105,10.10.0.10,,,443,45734,0,1358,17
1588616985.319691,173.194.188.105,10.10.0.10,,,443,45734,0,1358,17
1588616985.321381,10.10.0.10,173.194.188.105,,,45734,443,0,37,17
1588616985.3236248,173.194.188.105,10.10.0.10,,,443,45734,0,1358,17
1588616985.327558,173.194.188.105,10.10.0.10,,,443,45734,0,1358,17
1588616985.3295689,10.10.0.10,173.194.188.105,,,45734,443,0,37,17
1588616985.331491,173.194.188.105,10.10.0.10,,,443,45734,0,1358,17
1588616985.3353894,173.194.188.105,10.10.0.10,,,443,45734,0,29,17
1588616985.335525,173.194.188.105,10.10.0.10,,,443,45734,0,1358,17
1588616985.3371482,10.10.0.10,173.194.188.105,,,45734,443,0,37,17
1588616985.339537,173.194.188.105,10.10.0.10,,,443,45734,0,1358,17
1588616985.343472,173.194.188.105,10.10.0.10,,,443,45734,0,1358,17
1588616985.345063,10.10.0.10,173.194.188.105,,,45734,443,0,37,17
1588616985.347358,173.194.188.105,10.10.0.10,,,443,45734,0,1358,17
1588616985.3513384,173.194.188.105,10.10.0.10,,,443,45734,0,1358,17
1588616985.35294,10.10.0.10,173.194.188.105,,,45734,443,0,37,17
1588616985.3552089,173.194.188.105,10.10.0.10,,,443,45734,0,1358,17
1588616985.3591821,173.194.188.105,10.10.0.10,,,443,45734,0,1358,17
1588616985.361192,10.10.0.10,173.194.188.105,,,45734,443,0,37,17
1588616985.36314,173.194.188.105,10.10.0.10,,,443,45734,0,1358,17
1588616985.367074,173.194.188.105,10.10.0.10,,,443,45734,0,1358,17
1588616985.368581,10.10.0.10,173.194.188.105,,,45734,443,0,37,17
1588616985.371005,173.194.188.105,10.10.0.10,,,443,45734,0,1358,17
1588616985.374939,173.194.188.105,10.10.0.10,,,443,45734,0,1358,17
1588616985.376981,10.10.0.10,173.194.188.105,,,45734,443,0,37,17
1588616985.378839,173.194.188.105,10.10.0.10,,,443,45734,0,1358,17
1588616985.382807,173.194.188.105,10.10.0.10,,,443,45734,0,1358,17
1588616985.3844528,10.10.0.10,173.194.188.105,,,45734,443,0,37,17
1588616985.3867118,173.194.188.105,10.10.0.10,,,443,45734,0,1358,17
1588616985.3906775,173.194.188.105,10.10.0.10,,,443,45734,0,1358,17
1588616985.393049,10.10.0.10,173.194.188.105,,,45734,443,0,37,17
1588616985.3945699,173.194.188.105,10.10.0.10,,,443,45734,0,1358,17
1588616985.3985481,173.194.188.105,10.10.0.10,,,443,45734,0,1358,17
1588616985.4014294,10.10.0.10,173.194.188.105,,,45734,443,0,37,17
1588616985.4024508,173.194.188.105,10.10.0.10,,,443,45734,0,1358,17
1588616985.406412,173.194.188.105,10.10.0.10,,,443,45734,0,1358,17
1588616985.408519,10.10.0.10,173.194.188.105,,,45734,443,0,37,17
1588616985.4103448,173.194.188.105,10.10.0.10,,,443,45734,0,1358,17
1588616985.414279,173.194.188.105,10.10.0.10,,,443,45734,0,1358,17
1588616985.4159238,10.10.0.10,173.194.188.105,,,45734,443,0,37,17
1588616985.4182134,173.194.188.105,10.10.0.10,,,443,45734,0,1358,17
1588616985.422107,173.194.188.105,10.10.0.10,,,443,45734,0,1358,17
1588616985.4238648,10.10.0.10,173.194.188.105,,,45734,443,0,37,17
1588616985.42608,173.194.188.105,10.10.0.10,,,443,45734,0,1358,17
1588616985.429989,173.194.188.105,10.10.0.10,,,443,45734,0,1358,17
1588616985.43189,10.10.0.10,173.194.188.105,,,45734,443,0,50,17
1588616985.4339464,173.194.188.105,10.10.0.10,,,443,45734,0,1358,17
1588616985.437881,173.194.188.105,10.10.0.10,,,443,45734,0,1358,17
1588616985.439699,10.10.0.10,173.194.188.105,,,45734,443,0,37,17
1588616985.4418259,173.194.188.105,10.10.0.10,,,443,45734,0,1358,17
1588616985.4457092,173.194.188.105,10.10.0.10,,,443,45734,0,1358,17
1588616985.449681,173.194.188.105,10.10.0.10,,,443,45734,0,1358,17
1588616985.453615,173.194.188.105,10.10.0.10,,,443,45734,0,1358,17
1588616985.455849,10.10.0.10,173.194.188.105,,,45734,443,0,37,17
1588616985.456655,10.10.0.10,173.194.188.105,,,45734,443,0,37,17
1588616985.4575481,173.194.188.105,10.10.0.10,,,443,45734,0,1358,17
1588616985.4614828,173.194.188.105,10.10.0.10,,,443,45734,0,1358,17
1588616985.4634864,10.10.0.10,173.194.188.105,,,45734,443,0,37,17
1588616985.465343,173.194.188.105,10.10.0.10,,,443,45734,0,1358,17
1588616985.469351,173.194.188.105,10.10.0.10,,,443,45734,0,1358,17
1588616985.4711485,10.10.0.10,173.194.188.105,,,45734,443,0,37,17
1588616985.4732828,173.194.188.105,10.10.0.10,,,443,45734,0,1358,17
1588616985.477216,173.194.188.105,10.10.0.10,,,443,45734,0,1358,17
1588616985.478987,10.10.0.10,173.194.188.105,,,45734,443,0,37,17
1588616985.4811141,173.194.188.105,10.10.0.10,,,443,45734,0,1358,17
1588616985.4850829,173.194.188.105,10.10.0.10,,,443,45734,0,1358,17
1588616985.486841,10.10.0.10,173.194.188.105,,,45734,443,0,37,17
1588616985.4889786,173.194.188.105,10.10.0.10,,,443,45734,0,1358,17
1588616985.49295,173.194.188.105,10.10.0.10,,,443,45734,0,1358,17
1588616985.4945376,10.10.0.10,173.194.188.105,,,45734,443,0,37,17
1588616985.4968839,173.194.188.105,10.10.0.10,,,443,45734,0,1358,17
1588616985.500818,173.194.188.105,10.10.0.10,,,443,45734,0,1358,17
1588616985.5039446,10.10.0.10,173.194.188.105,,,45734,443,0,37,17
1588616985.5047262,173.194.188.105,10.10.0.10,,,443,45734,0,1358,17
1588616985.508613,173.194.188.105,10.10.0.10,,,443,45734,0,1358,17
1588616985.51159,10.10.0.10,173.194.188.105,,,45734,443,0,37,17
1588616985.5126178,173.194.188.105,10.10.0.10,,,443,45734,0,1358,17
1588616985.516553,173.194.188.105,10.10.0.10,,,443,45734,0,1358,17
1588616985.518783,10.10.0.10,173.194.188.105,,,45734,443,0,37,17
1588616985.520446,173.194.188.105,10.10.0.10,,,443,45734,0,1358,17
1588616985.524375,173.194.188.105,10.10.0.10,,,443,45734,0,1358,17
1588616985.5261538,10.10.0.10,173.194.188.105,,,45734,443,0,37,17
1588616985.528281,173.194.188.105,10.10.0.10,,,443,45734,0,1358,17
1588616985.5322258,173.194.188.105,10.10.0.10,,,443,45734,0,1358,17
1588616985.533898,10.10.0.10,173.194.188.105,,,45734,443,0,37,17
1588616985.5361958,173.194.188.105,10.10.0.10,,,443,45734,0,1358,17
1588616985.540128,173.194.188.105,10.10.0.10,,,443,45734,0,1358,17
1588616985.542033,10.10.0.10,173.194.188.105,,,45734,443,0,37,17
1588616985.544064,173.194.188.105,10.10.0.10,,,443,45734,0,1358,17
1588616985.547996,173.194.188.105,10.10.0.10,,,443,45734,0,1358,17
1588616985.5504699,10.10.0.10,173.194.188.105,,,45734,443,0,37,17
1588616985.551873,173.194.188.105,10.10.0.10,,,443,45734,0,1358,17
1588616985.55584,173.194.188.105,10.10.0.10,,,443,45734,0,1358,17
1588616985.5575118,10.10.0.10,173.194.188.105,,,45734,443,0,37,17
1588616985.5597546,173.194.188.105,10.10.0.10,,,443,45734,0,1358,17
1588616985.563704,173.194.188.105,10.10.0.10,,,443,45734,0,1358,17
1588616985.5667698,10.10.0.10,173.194.188.105,,,45734,443,0,37,17
1588616985.567609,173.194.188.105,10.10.0.10,,,443,45734,0,1358,17
1588616985.571574,173.194.188.105,10.10.0.10,,,443,45734,0,1358,17
1588616985.5732212,10.10.0.10,173.194.188.105,,,45734,443,0,37,17
1588616985.575508,173.194.188.105,10.10.0.10,,,443,45734,0,1358,17
1588616985.5794694,173.194.188.105,10.10.0.10,,,443,45734,0,1358,17
1588616985.581939,10.10.0.10,173.194.188.105,,,45734,443,0,37,17
1588616985.583375,173.194.188.105,10.10.0.10,,,443,45734,0,1358,17
1588616985.5873349,173.194.188.105,10.10.0.10,,,443,45734,0,1358,17
1588616985.5889199,10.10.0.10,173.194.188.105,,,45734,443,0,50,17
1588616985.591269,173.194.188.105,10.10.0.10,,,443,45734,0,1358,17
1588616985.595142,173.194.188.105,10.10.0.10,,,443,45734,0,1358,17
1588616985.599082,173.194.188.105,10.10.0.10,,,443,45734,0,1358,17
1588616985.60305,173.194.188.105,10.10.0.10,,,443,45734,0,1358,17
1588616985.606975,173.194.188.105,10.10.0.10,,,443,45734,0,1358,17
1588616985.6109116,173.194.188.105,10.10.0.10,,,443,45734,0,1358,17
1588616985.614868,173.194.188.105,10.10.0.10,,,443,45734,0,1358,17
1588616985.618776,173.194.188.105,10.10.0.10,,,443,45734,0,1358,17
1588616985.622736,173.194.188.105,10.10.0.10,,,443,45734,0,1358,17
1588616985.623085,10.10.0.10,173.194.188.105,,,45734,443,0,37,17
1588616985.626654,173.194.188.105,10.10.0.10,,,443,45734,0,1358,17
1588616985.6270974,10.10.0.10,173.194.188.105,,,45734,443,0,37,17
1588616985.628784,10.10.0.10,173.194.188.105,,,45734,443,0,37,17
1588616985.629039,10.10.0.10,173.194.188.105,,,45734,443,0,37,17
1588616985.629744,10.10.0.10,173.194.188.105,,,45734,443,0,37,17
1588616985.630582,173.194.188.105,10.10.0.10,,,443,45734,0,1358,17
1588616985.634521,173.194.188.105,10.10.0.10,,,443,45734,0,1358,17
1588616985.63605,10.10.0.10,173.194.188.105,,,45734,443,0,37,17
1588616985.638416,173.194.188.105,10.10.0.10,,,443,45734,0,1358,17
1588616985.642377,173.194.188.105,10.10.0.10,,,443,45734,0,1358,17
1588616985.6439269,10.10.0.10,173.194.188.105,,,45734,443,0,37,17
1588616985.646311,173.194.188.105,10.10.0.10,,,443,45734,0,1358,17
1588616985.6502776,173.194.188.105,10.10.0.10,,,443,45734,0,1358,17
1588616985.6542099,173.194.188.105,10.10.0.10,,,443,45734,0,1358,17
1588616985.65528,10.10.0.10,173.194.188.105,,,45734,443,0,37,17
1588616985.658144,173.194.188.105,10.10.0.10,,,443,45734,0,1358,17
1588616985.6608288,10.10.0.10,173.194.188.105,,,45734,443,0,37,17
1588616985.662027,173.194.188.105,10.10.0.10,,,443,45734,0,1358,17
1588616985.665953,173.194.188.105,10.10.0.10,,,443,45734,0,1358,17
1588616985.6674962,10.10.0.10,173.194.188.105,,,45734,443,0,37,17
1588616985.669889,173.194.188.105,10.10.0.10,,,443,45734,0,1358,17
1588616985.673831,173.194.188.105,10.10.0.10,,,443,45734,0,1358,17
1588616985.675304,10.10.0.10,173.194.188.105,,,45734,443,0,37,17
1588616985.6778214,173.194.188.105,10.10.0.10,,,443,45734,0,1358,17
1588616985.6817179,173.194.188.105,10.10.0.10,,,443,45734,0,1358,17
1588616985.68485,10.10.0.10,173.194.188.105,,,45734,443,0,37,17
1588616985.6856544,173.194.188.105,10.10.0.10,,,443,45734,0,1358,17
1588616985.689584,173.194.188.105,10.10.0.10,,,443,45734,0,1358,17
1588616985.691205,10.10.0.10,173.194.188.105,,,45734,443,0,37,17
1588616985.6935468,173.194.188.105,10.10.0.10,,,443,45734,0,1358,17
1588616985.69748,173.194.188.105,10.10.0.10,,,443,45734,0,1358,17
1588616985.6990368,10.10.0.10,173.194.188.105,,,45734,443,0,37,17
1588616985.701414,173.194.188.105,10.10.0.10,,,443,45734,0,1358,17
1588616985.7052894,173.194.188.105,10.10.0.10,,,443,45734,0,1358,17
1588616985.7079196,10.10.0.10,173.194.188.105,,,45734,443,0,37,17
1588616985.709287,173.194.188.105,10.10.0.10,,,443,45734,0,1358,17
1588616985.713218,173.194.188.105,10.10.0.10,,,443,45734,0,1358,17
1588616985.7147222,10.10.0.10,173.194.188.105,,,45734,443,0,37,17
1588616985.717158,173.194.188.105,10.10.0.10,,,443,45734,0,1358,17
1588616985.7210908,173.194.188.105,10.10.0.10,,,443,45734,0,1358,17
1588616985.722687,10.10.0.10,173.194.188.105,,,45734,443,0,37,17
1588616985.725025,173.194.188.105,10.10.0.10,,,443,45734,0,1358,17
1588616985.7289252,173.194.188.105,10.10.0.10,,,443,45734,0,1358,17
1588616985.730489,10.10.0.10,173.194.188.105,,,45734,443,0,37,17
1588616985.7328932,173.194.188.105,10.10.0.10,,,443,45734,0,1358,17
1588616985.736827,173.194.188.105,10.10.0.10,,,443,45734,0,1358,17
1588616985.7384052,10.10.0.10,173.194.188.105,,,45734,443,0,37,17
1588616985.7407641,173.194.188.105,10.10.0.10,,,443,45734,0,1358,17
1588616985.744693,173.194.188.105,10.10.0.10,,,443,45734,0,1358,17
1588616985.7463472,10.10.0.10,173.194.188.105,,,45734,443,0,50,17
1588616985.7485638,173.194.188.105,10.10.0.10,,,443,45734,0,1358,17
1588616985.752537,173.194.188.105,10.10.0.10,,,443,45734,0,1358,17
1588616985.7541635,10.10.0.10,173.194.188.105,,,45734,443,0,37,17
1588616985.7564962,173.194.188.105,10.10.0.10,,,443,45734,0,1358,17
1588616985.7604284,173.194.188.105,10.10.0.10,,,443,45734,0,1358,17
1588616985.7642918,10.10.0.10,173.194.188.105,,,45734,443,0,37,17
1588616985.7643206,173.194.188.105,10.10.0.10,,,443,45734,0,1358,17
1588616985.7682948,173.194.188.105,10.10.0.10,,,443,45734,0,1358,17
1588616985.7699769,10.10.0.10,173.194.188.105,,,45734,443,0,37,17
1588616985.772193,173.194.188.105,10.10.0.10,,,443,45734,0,1358,17
1588616985.776162,173.194.188.105,10.10.0.10,,,443,45734,0,1358,17
1588616985.7778294,10.10.0.10,173.194.188.105,,,45734,443,0,37,17
1588616985.7800438,173.194.188.105,10.10.0.10,,,443,45734,0,1358,17
1588616985.7840278,173.194.188.105,10.10.0.10,,,443,45734,0,1358,17
1588616985.7859228,10.10.0.10,173.194.188.105,,,45734,443,0,37,17
1588616985.7879634,173.194.188.105,10.10.0.10,,,443,45734,0,1358,17
1588616985.791825,173.194.188.105,10.10.0.10,,,443,45734,0,1358,17
1588616985.7939188,10.10.0.10,173.194.188.105,,,45734,443,0,37,17
1588616985.795808,173.194.188.105,10.10.0.10,,,443,45734,0,1358,17
1588616985.7997642,173.194.188.105,10.10.0.10,,,443,45734,0,1358,17
1588616985.801969,10.10.0.10,173.194.188.105,,,45734,443,0,37,17
1588616985.8036964,173.194.188.105,10.10.0.10,,,443,45734,0,1358,17
1588616985.8076382,173.194.188.105,10.10.0.10,,,443,45734,0,1358,17
1588616985.8115714,173.194.188.105,10.10.0.10,,,443,45734,0,1358,17
1588616985.8116038,10.10.0.10,173.194.188.105,,,45734,443,0,37,17
1588616985.815468,173.194.188.105,10.10.0.10,,,443,45734,0,1358,17
1588616985.8176508,10.10.0.10,173.194.188.105,,,45734,443,0,37,17
1588616985.8193798,173.194.188.105,10.10.0.10,,,443,45734,0,1358,17
1588616985.8233721,173.194.188.105,10.10.0.10,,,443,45734,0,1358,17
1588616985.8252418,10.10.0.10,173.194.188.105,,,45734,443,0,37,17
1588616985.827307,173.194.188.105,10.10.0.10,,,443,45734,0,1358,17
1588616985.831238,173.194.188.105,10.10.0.10,,,443,45734,0,1358,17
1588616985.83307,10.10.0.10,173.194.188.105,,,45734,443,0,37,17
1588616985.835184,173.194.188.105,10.10.0.10,,,443,45734,0,1358,17
1588616985.8390696,173.194.188.105,10.10.0.10,,,443,45734,0,1358,17
1588616985.840745,10.10.0.10,173.194.188.105,,,45734,443,0,37,17
1588616985.843041,173.194.188.105,10.10.0.10,,,443,45734,0,1358,17
1588616985.846977,173.194.188.105,10.10.0.10,,,443,45734,0,1358,17
1588616985.8485901,10.10.0.10,173.194.188.105,,,45734,443,0,37,17
1588616985.850908,173.194.188.105,10.10.0.10,,,443,45734,0,1358,17
1588616985.854841,173.194.188.105,10.10.0.10,,,443,45734,0,1358,17
1588616985.856606,10.10.0.10,173.194.188.105,,,45734,443,0,37,17
1588616985.858736,173.194.188.105,10.10.0.10,,,443,45734,0,1358,17
1588616985.862709,173.194.188.105,10.10.0.10,,,443,45734,0,1358,17
1588616985.8642929,10.10.0.10,173.194.188.105,,,45734,443,0,37,17
1588616985.866642,173.194.188.105,10.10.0.10,,,443,45734,0,1358,17
1588616985.870574,173.194.188.105,10.10.0.10,,,443,45734,0,1358,17
1588616985.8721821,10.10.0.10,173.194.188.105,,,45734,443,0,37,17
1588616985.874509,173.194.188.105,10.10.0.10,,,443,45734,0,1358,17
1588616985.8784444,173.194.188.105,10.10.0.10,,,443,45734,0,1358,17
1588616985.8801308,10.10.0.10,173.194.188.105,,,45734,443,0,37,17
1588616985.8823366,173.194.188.105,10.10.0.10,,,443,45734,0,1358,17
1588616985.8862526,173.194.188.105,10.10.0.10,,,443,45734,0,1358,17
1588616985.8877351,10.10.0.10,173.194.188.105,,,45734,443,0,37,17
1588616985.890209,173.194.188.105,10.10.0.10,,,443,45734,0,1358,17
1588616985.8941429,173.194.188.105,10.10.0.10,,,443,45734,0,1358,17
1588616985.895719,10.10.0.10,173.194.188.105,,,45734,443,0,37,17
1588616985.8980749,173.194.188.105,10.10.0.10,,,443,45734,0,1358,17
1588616985.901967,173.194.188.105,10.10.0.10,,,443,45734,0,1358,17
1588616985.9035099,10.10.0.10,173.194.188.105,,,45734,443,0,50,17
1588616985.9059439,173.194.188.105,10.10.0.10,,,443,45734,0,1358,17
1588616985.9098608,173.194.188.105,10.10.0.10,,,443,45734,0,1358,17
1588616985.9127252,10.10.0.10,173.194.188.105,,,45734,443,0,37,17
1588616985.9138448,173.194.188.105,10.10.0.10,,,443,45734,0,1358,17
1588616985.917778,173.194.188.105,10.10.0.10,,,443,45734,0,1358,17
1588616985.919359,10.10.0.10,173.194.188.105,,,45734,443,0,37,17
1588616985.921706,173.194.188.105,10.10.0.10,,,443,45734,0,1358,17
1588616985.925608,173.194.188.105,10.10.0.10,,,443,45734,0,1358,17
1588616985.927921,10.10.0.10,173.194.188.105,,,45734,443,0,37,17
1588616985.9295788,173.194.188.105,10.10.0.10,,,443,45734,0,1358,17
1588616985.9335132,173.194.188.105,10.10.0.10,,,443,45734,0,1358,17
1588616985.935217,10.10.0.10,173.194.188.105,,,45734,443,0,37,17
1588616985.937447,173.194.188.105,10.10.0.10,,,443,45734,0,1358,17
1588616985.9413812,173.194.188.105,10.10.0.10,,,443,45734,0,1358,17
1588616985.943384,10.10.0.10,173.194.188.105,,,45734,443,0,37,17
1588616985.9452932,173.194.188.105,10.10.0.10,,,443,45734,0,1358,17
1588616985.949226,173.194.188.105,10.10.0.10,,,443,45734,0,1358,17
1588616985.951232,10.10.0.10,173.194.188.105,,,45734,443,0,37,17
1588616985.953181,173.194.188.105,10.10.0.10,,,443,45734,0,1358,17
1588616985.957114,173.194.188.105,10.10.0.10,,,443,45734,0,1358,17
1588616985.960794,10.10.0.10,173.194.188.105,,,45734,443,0,37,17
1588616985.9609892,173.194.188.105,10.10.0.10,,,443,45734,0,1358,17
1588616985.964982,173.194.188.105,10.10.0.10,,,443,45734,0,1358,17
1588616985.966648,10.10.0.10,173.194.188.105,,,45734,443,0,37,17
1588616985.9688768,173.194.188.105,10.10.0.10,,,443,45734,0,1358,17
1588616985.9728491,173.194.188.105,10.10.0.10,,,443,45734,0,1358,17
1588616985.974421,10.10.0.10,173.194.188.105,,,45734,443,0,37,17
1588616985.976783,173.194.188.105,10.10.0.10,,,443,45734,0,1358,17
1588616985.9807162,173.194.188.105,10.10.0.10,,,443,45734,0,1358,17
1588616985.982983,10.10.0.10,173.194.188.105,,,45734,443,0,37,17
1588616985.98465,173.194.188.105,10.10.0.10,,,443,45734,0,1358,17
1588616985.9885228,173.194.188.105,10.10.0.10,,,443,45734,0,1358,17
1588616985.990299,10.10.0.10,173.194.188.105,,,45734,443,0,37,17
1588616985.9924922,173.194.188.105,10.10.0.10,,,443,45734,0,1358,17
1588616985.99645,173.194.188.105,10.10.0.10,,,443,45734,0,1358,17
1588616985.9983196,10.10.0.10,173.194.188.105,,,45734,443,0,37,17
1588616986.000384,173.194.188.105,10.10.0.10,,,443,45734,0,1358,17
1588616986.004319,173.194.188.105,10.10.0.10,,,443,45734,0,1358,17
1588616986.005858,10.10.0.10,173.194.188.105,,,45734,443,0,37,17
1588616986.008251,173.194.188.105,10.10.0.10,,,443,45734,0,1358,17
1588616986.0121481,173.194.188.105,10.10.0.10,,,443,45734,0,1358,17
1588616986.01473,10.10.0.10,173.194.188.105,,,45734,443,0,37,17
1588616986.016118,173.194.188.105,10.10.0.10,,,443,45734,0,1358,17
1588616986.0200038,173.194.188.105,10.10.0.10,,,443,45734,0,1358,17
1588616986.021538,10.10.0.10,173.194.188.105,,,45734,443,0,37,17
1588616986.023976,173.194.188.105,10.10.0.10,,,443,45734,0,1358,17
1588616986.02791,173.194.188.105,10.10.0.10,,,443,45734,0,1358,17
1588616986.029833,10.10.0.10,173.194.188.105,,,45734,443,0,37,17
1588616986.031858,173.194.188.105,10.10.0.10,,,443,45734,0,1358,17
1588616986.035752,173.194.188.105,10.10.0.10,,,443,45734,0,1358,17
1588616986.0372438,10.10.0.10,173.194.188.105,,,45734,443,0,37,17
1588616986.03971,173.194.188.105,10.10.0.10,,,443,45734,0,1358,17
1588616986.043643,173.194.188.105,10.10.0.10,,,443,45734,0,1358,17
1588616986.045385,10.10.0.10,173.194.188.105,,,45734,443,0,37,17
1588616986.047577,173.194.188.105,10.10.0.10,,,443,45734,0,1358,17
1588616986.0515099,173.194.188.105,10.10.0.10,,,443,45734,0,1358,17
1588616986.0533948,10.10.0.10,173.194.188.105,,,45734,443,0,37,17
1588616986.0554054,173.194.188.105,10.10.0.10,,,443,45734,0,1358,17
1588616986.059378,173.194.188.105,10.10.0.10,,,443,45734,0,1358,17
1588616986.0612679,10.10.0.10,173.194.188.105,,,45734,443,0,50,17
1588616986.063313,173.194.188.105,10.10.0.10,,,443,45734,0,1358,17
1588616986.0672052,173.194.188.105,10.10.0.10,,,443,45734,0,1358,17
1588616986.068852,10.10.0.10,173.194.188.105,,,45734,443,0,37,17
1588616986.071178,173.194.188.105,10.10.0.10,,,443,45734,0,1358,17
1588616986.0751119,173.194.188.105,10.10.0.10,,,443,45734,0,1358,17
1588616986.0768142,10.10.0.10,173.194.188.105,,,45734,443,0,37,17
1588616986.0790062,173.194.188.105,10.10.0.10,,,443,45734,0,1358,17
1588616986.082981,173.194.188.105,10.10.0.10,,,443,45734,0,1358,17
1588616986.084512,10.10.0.10,173.194.188.105,,,45734,443,0,37,17
1588616986.0869124,173.194.188.105,10.10.0.10,,,443,45734,0,1358,17
1588616986.090847,173.194.188.105,10.10.0.10,,,443,45734,0,1358,17
1588616986.0931866,10.10.0.10,173.194.188.105,,,45734,443,0,37,17
1588616986.094782,173.194.188.105,10.10.0.10,,,443,45734,0,1358,17
1588616986.0986528,173.194.188.105,10.10.0.10,,,443,45734,0,1358,17
1588616986.1002452,10.10.0.10,173.194.188.105,,,45734,443,0,37,17
1588616986.102648,173.194.188.105,10.10.0.10,,,443,45734,0,1358,17
1588616986.106583,173.194.188.105,10.10.0.10,,,443,45734,0,29,17
1588616986.106689,173.194.188.105,10.10.0.10,,,443,45734,0,1358,17
1588616986.108186,10.10.0.10,173.194.188.105,,,45734,443,0,37,17
1588616986.1106918,173.194.188.105,10.10.0.10,,,443,45734,0,1358,17
1588616986.114627,173.194.188.105,10.10.0.10,,,443,45734,0,1358,17
1588616986.117135,10.10.0.10,173.194.188.105,,,45734,443,0,37,17
1588616986.118536,173.194.188.105,10.10.0.10,,,443,45734,0,1358,17
1588616986.12247,173.194.188.105,10.10.0.10,,,443,45734,0,1358,17
1588616986.124016,10.10.0.10,173.194.188.105,,,45734,443,0,37,17
1588616986.126427,173.194.188.105,10.10.0.10,,,443,45734,0,1358,17
1588616986.13036,173.194.188.105,10.10.0.10,,,443,45734,0,1358,17
1588616986.1321619,10.10.0.10,173.194.188.105,,,45734,443,0,37,17
1588616986.134294,173.194.188.105,10.10.0.10,,,443,45734,0,1358,17
1588616986.1382296,173.194.188.105,10.10.0.10,,,443,45734,0,1358,17
1588616986.1399708,10.10.0.10,173.194.188.105,,,45734,443,0,37,17
1588616986.142121,173.194.188.105,10.10.0.10,,,443,45734,0,1358,17
1588616986.1460981,173.194.188.105,10.10.0.10,,,443,45734,0,1358,17
1588616986.148568,10.10.0.10,173.194.188.105,,,45734,443,0,37,17
1588616986.1500292,173.194.188.105,10.10.0.10,,,443,45734,0,1358,17
1588616986.153962,173.194.188.105,10.10.0.10,,,443,45734,0,1358,17
1588616986.155768,10.10.0.10,173.194.188.105,,,45734,443,0,37,17
1588616986.157896,173.194.188.105,10.10.0.10,,,443,45734,0,1358,17
1588616986.161841,173.194.188.105,10.10.0.10,,,443,45734,0,1358,17
1588616986.1634774,10.10.0.10,173.194.188.105,,,45734,443,0,37,17
1588616986.1657405,173.194.188.105,10.10.0.10,,,443,45734,0,1358,17
1588616986.169699,173.194.188.105,10.10.0.10,,,443,45734,0,1358,17
1588616986.171246,10.10.0.10,173.194.188.105,,,45734,443,0,37,17
1588616986.173631,173.194.188.105,10.10.0.10,,,443,45734,0,1358,17
1588616986.1775641,173.194.188.105,10.10.0.10,,,443,45734,0,1358,17
1588616986.1797225,10.10.0.10,173.194.188.105,,,45734,443,0,37,17
1588616986.1814976,173.194.188.105,10.10.0.10,,,443,45734,0,1358,17
1588616986.185391,173.194.188.105,10.10.0.10,,,443,45734,0,1358,17
1588616986.1875591,10.10.0.10,173.194.188.105,,,45734,443,0,37,17
1588616986.1893651,173.194.188.105,10.10.0.10,,,443,45734,0,1358,17
1588616986.193298,173.194.188.105,10.10.0.10,,,443,45734,0,1358,17
1588616986.1954372,10.10.0.10,173.194.188.105,,,45734,443,0,37,17
1588616986.197247,173.194.188.105,10.10.0.10,,,443,45734,0,1358,17
1588616986.2011662,173.194.188.105,10.10.0.10,,,443,45734,0,1358,17
1588616986.203104,10.10.0.10,173.194.188.105,,,45734,443,0,37,17
1588616986.2050989,173.194.188.105,10.10.0.10,,,443,45734,0,1358,17
1588616986.208992,173.194.188.105,10.10.0.10,,,443,45734,0,1358,17
1588616986.210622,10.10.0.10,173.194.188.105,,,45734,443,0,37,17
1588616986.212966,173.194.188.105,10.10.0.10,,,443,45734,0,1358,17
1588616986.2169,173.194.188.105,10.10.0.10,,,443,45734,0,1358,17
1588616986.219645,10.10.0.10,173.194.188.105,,,45734,443,0,50,17
1588616986.220836,173.194.188.105,10.10.0.10,,,443,45734,0,1358,17
1588616986.224768,173.194.188.105,10.10.0.10,,,443,45734,0,1358,17
1588616986.227536,10.10.0.10,173.194.188.105,,,45734,443,0,37,17
1588616986.22864,173.194.188.105,10.10.0.10,,,443,45734,0,1358,17
1588616986.2326338,173.194.188.105,10.10.0.10,,,443,45734,0,1358,17
1588616986.234227,10.10.0.10,173.194.188.105,,,45734,443,0,37,17
1588616986.236568,173.194.188.105,10.10.0.10,,,443,45734,0,1358,17
1588616986.2405019,173.194.188.105,10.10.0.10,,,443,45734,0,1358,17
1588616986.242112,10.10.0.10,173.194.188.105,,,45734,443,0,37,17
1588616986.2444348,173.194.188.105,10.10.0.10,,,443,45734,0,1358,17
1588616986.248368,173.194.188.105,10.10.0.10,,,443,45734,0,1358,17
1588616986.2501464,10.10.0.10,173.194.188.105,,,45734,443,0,37,17
1588616986.252263,173.194.188.105,10.10.0.10,,,443,45734,0,1358,17
1588616986.256235,173.194.188.105,10.10.0.10,,,443,45734,0,1358,17
1588616986.258014,10.10.0.10,173.194.188.105,,,45734,443,0,37,17
1588616986.260169,173.194.188.105,10.10.0.10,,,443,45734,0,1358,17
1588616986.264103,173.194.188.105,10.10.0.10,,,443,45734,0,1358,17
1588616986.266435,10.10.0.10,173.194.188.105,,,45734,443,0,37,17
1588616986.268038,173.194.188.105,10.10.0.10,,,443,45734,0,1358,17
1588616986.2719102,173.194.188.105,10.10.0.10,,,443,45734,0,1358,17
1588616986.273622,10.10.0.10,173.194.188.105,,,45734,443,0,37,17
1588616986.2759054,173.194.188.105,10.10.0.10,,,443,45734,0,1358,17
1588616986.279838,173.194.188.105,10.10.0.10,,,443,45734,0,1358,17
1588616986.2815788,10.10.0.10,173.194.188.105,,,45734,443,0,37,17
1588616986.2837722,173.194.188.105,10.10.0.10,,,443,45734,0,1358,17
1588616986.287704,173.194.188.105,10.10.0.10,,,443,45734,0,1358,17
1588616986.28958,10.10.0.10,173.194.188.105,,,45734,443,0,37,17
1588616986.2916381,173.194.188.105,10.10.0.10,,,443,45734,0,1358,17
1588616986.2955322,173.194.188.105,10.10.0.10,,,443,45734,0,1358,17
1588616986.29756,10.10.0.10,173.194.188.105,,,45734,443,0,37,17
1588616986.299506,173.194.188.105,10.10.0.10,,,443,45734,0,1358,17
1588616986.3034391,173.194.188.105,10.10.0.10,,,443,45734,0,1358,17
1588616986.3052359,10.10.0.10,173.194.188.105,,,45734,443,0,37,17
1588616986.307372,173.194.188.105,10.10.0.10,,,443,45734,0,1358,17
1588616986.311306,173.194.188.105,10.10.0.10,,,443,45734,0,1358,17
1588616986.3139136,10.10.0.10,173.194.188.105,,,45734,443,0,37,17
1588616986.315205,173.194.188.105,10.10.0.10,,,443,45734,0,1358,17
1588616986.3191464,173.194.188.105,10.10.0.10,,,443,45734,0,1358,17
1588616986.322193,10.10.0.10,173.194.188.105,,,45734,443,0,37,17
1588616986.3231068,173.194.188.105,10.10.0.10,,,443,45734,0,1358,17
1588616986.327041,173.194.188.105,10.10.0.10,,,443,45734,0,1358,17
1588616986.3288946,10.10.0.10,173.194.188.105,,,45734,443,0,37,17
1588616986.330974,173.194.188.105,10.10.0.10,,,443,45734,0,1358,17
1588616986.334882,173.194.188.105,10.10.0.10,,,443,45734,0,1358,17
1588616986.3366652,10.10.0.10,173.194.188.105,,,45734,443,0,37,17
1588616986.338797,173.194.188.105,10.10.0.10,,,443,45734,0,1358,17
1588616986.342776,173.194.188.105,10.10.0.10,,,443,45734,0,1358,17
1588616986.3449314,10.10.0.10,173.194.188.105,,,45734,443,0,37,17
1588616986.34671,173.194.188.105,10.10.0.10,,,443,45734,0,1358,17
1588616986.350642,173.194.188.105,10.10.0.10,,,443,45734,0,1358,17
1588616986.352243,10.10.0.10,173.194.188.105,,,45734,443,0,37,17
1588616986.3545752,173.194.188.105,10.10.0.10,,,443,45734,0,1358,17
1588616986.3585222,173.194.188.105,10.10.0.10,,,443,45734,0,1358,17
1588616986.3603911,10.10.0.10,173.194.188.105,,,45734,443,0,37,17
1588616986.362419,173.194.188.105,10.10.0.10,,,443,45734,0,1358,17
1588616986.3663769,173.194.188.105,10.10.0.10,,,443,45734,0,1358,17
1588616986.368331,10.10.0.10,173.194.188.105,,,45734,443,0,37,17
1588616986.37031,173.194.188.105,10.10.0.10,,,443,45734,0,1358,17
1588616986.3742435,173.194.188.105,10.10.0.10,,,443,45734,0,1358,17
1588616986.375906,10.10.0.10,173.194.188.105,,,45734,443,0,50,17
1588616986.3781798,173.194.188.105,10.10.0.10,,,443,45734,0,1358,17
1588616986.382068,173.194.188.105,10.10.0.10,,,443,45734,0,1358,17
1588616986.3840349,10.10.0.10,173.194.188.105,,,45734,443,0,37,17
1588616986.386018,173.194.188.105,10.10.0.10,,,443,45734,0,1358,17
1588616986.3899422,173.194.188.105,10.10.0.10,,,443,45734,0,1358,17
1588616986.3914428,10.10.0.10,173.194.188.105,,,45734,443,0,37,17
1588616986.393875,173.194.188.105,10.10.0.10,,,443,45734,0,1358,17
1588616986.397809,173.194.188.105,10.10.0.10,,,443,45734,0,29,17
1588616986.3979518,173.194.188.105,10.10.0.10,,,443,45734,0,1358,17
1588616986.3994362,10.10.0.10,173.194.188.105,,,45734,443,0,37,17
1588616986.401891,173.194.188.105,10.10.0.10,,,443,45734,0,1358,17
1588616986.405854,173.194.188.105,10.10.0.10,,,443,45734,0,1358,17
1588616986.407393,10.10.0.10,173.194.188.105,,,45734,443,0,37,17
1588616986.409787,173.194.188.105,10.10.0.10,,,443,45734,0,1358,17
1588616986.413759,173.194.188.105,10.10.0.10,,,443,45734,0,1358,17
1588616986.4176922,173.194.188.105,10.10.0.10,,,443,45734,0,1358,17
1588616986.4216268,173.194.188.105,10.10.0.10,,,443,45734,0,1358,17
1588616986.425517,173.194.188.105,10.10.0.10,,,443,45734,0,1358,17
1588616986.4294932,173.194.188.105,10.10.0.10,,,443,45734,0,1358,17
1588616986.433424,173.194.188.105,10.10.0.10,,,443,45734,0,1358,17
1588616986.4518578,10.10.0.10,173.194.188.105,,,45734,443,0,37,17
1588616986.456035,173.194.188.105,10.10.0.10,,,443,45734,0,1358,17
1588616986.462306,173.194.188.105,10.10.0.10,,,443,45734,0,1358,17
1588616986.4652882,10.10.0.10,173.194.188.105,,,45734,443,0,37,17
1588616986.467838,10.10.0.10,173.194.188.105,,,45734,443,0,37,17
1588616986.4682682,10.10.0.10,173.194.188.105,,,45734,443,0,37,17
1588616986.47201,173.194.188.105,10.10.0.10,,,443,45734,0,1358,17
1588616986.473725,10.10.0.10,173.194.188.105,,,45734,443,0,37,17
1588616986.476521,173.194.188.105,10.10.0.10,,,443,45734,0,1358,17
1588616986.4765801,173.194.188.105,10.10.0.10,,,443,45734,0,1358,17
1588616986.478689,10.10.0.10,173.194.188.105,,,45734,443,0,37,17
1588616986.482816,173.194.188.105,10.10.0.10,,,443,45734,0,1358,17
1588616986.483856,173.194.188.105,10.10.0.10,,,443,45734,0,1358,17
1588616986.4855642,10.10.0.10,173.194.188.105,,,45734,443,0,37,17
1588616986.487809,173.194.188.105,10.10.0.10,,,443,45734,0,1358,17
1588616986.4917412,173.194.188.105,10.10.0.10,,,443,45734,0,1358,17
1588616986.4935422,10.10.0.10,173.194.188.105,,,45734,443,0,37,17
1588616986.4956765,173.194.188.105,10.10.0.10,,,443,45734,0,1358,17
1588616986.499609,173.194.188.105,10.10.0.10,,,443,45734,0,1358,17
1588616986.501501,10.10.0.10,173.194.188.105,,,45734,443,0,37,17
1588616986.5035481,173.194.188.105,10.10.0.10,,,443,45734,0,1358,17
1588616986.507478,173.194.188.105,10.10.0.10,,,443,45734,0,1358,17
1588616986.5095608,10.10.0.10,173.194.188.105,,,45734,443,0,37,17
1588616986.511409,173.194.188.105,10.10.0.10,,,443,45734,0,1358,17
1588616986.5152922,173.194.188.105,10.10.0.10,,,443,45734,0,1358,17
1588616986.516997,10.10.0.10,173.194.188.105,,,45734,443,0,37,17
1588616986.5192802,173.194.188.105,10.10.0.10,,,443,45734,0,1358,17
1588616986.5232098,173.194.188.105,10.10.0.10,,,443,45734,0,1358,17
1588616986.5248694,10.10.0.10,173.194.188.105,,,45734,443,0,37,17
1588616986.527145,173.194.188.105,10.10.0.10,,,443,45734,0,1358,17
1588616986.5310776,173.194.188.105,10.10.0.10,,,443,45734,0,1358,17
1588616986.532845,10.10.0.10,173.194.188.105,,,45734,443,0,37,17
1588616986.5350118,173.194.188.105,10.10.0.10,,,443,45734,0,1358,17
1588616986.5389473,173.194.188.105,10.10.0.10,,,443,45734,0,1358,17
1588616986.5407462,10.10.0.10,173.194.188.105,,,45734,443,0,37,17
1588616986.5428786,173.194.188.105,10.10.0.10,,,443,45734,0,1358,17
1588616986.546813,173.194.188.105,10.10.0.10,,,443,45734,0,1358,17
1588616986.548809,10.10.0.10,173.194.188.105,,,45734,443,0,37,17
1588616986.5507472,173.194.188.105,10.10.0.10,,,443,45734,0,1358,17
1588616986.55463,173.194.188.105,10.10.0.10,,,443,45734,0,1358,17
1588616986.556207,10.10.0.10,173.194.188.105,,,45734,443,0,50,17
1588616986.5585456,173.194.188.105,10.10.0.10,,,443,45734,0,1358,17
1588616986.562502,173.194.188.105,10.10.0.10,,,443,45734,0,1358,17
1588616986.564032,10.10.0.10,173.194.188.105,,,45734,443,0,37,17
1588616986.566447,173.194.188.105,10.10.0.10,,,443,45734,0,1358,17
1588616986.5703769,173.194.188.105,10.10.0.10,,,443,45734,0,1358,17
1588616986.572142,10.10.0.10,173.194.188.105,,,45734,443,0,37,17
1588616986.5742755,173.194.188.105,10.10.0.10,,,443,45734,0,1358,17
1588616986.578218,173.194.188.105,10.10.0.10,,,443,45734,0,1358,17
1588616986.5797431,10.10.0.10,173.194.188.105,,,45734,443,0,37,17
1588616986.5821412,173.194.188.105,10.10.0.10,,,443,45734,0,1358,17
1588616986.5860732,173.194.188.105,10.10.0.10,,,443,45734,0,1358,17
1588616986.5900269,173.194.188.105,10.10.0.10,,,443,45734,0,1358,17
1588616986.592402,10.10.0.10,173.194.188.105,,,45734,443,0,37,17
1588616986.5939991,173.194.188.105,10.10.0.10,,,443,45734,0,1358,17
1588616986.595945,10.10.0.10,173.194.188.105,,,45734,443,0,37,17
1588616986.5978909,173.194.188.105,10.10.0.10,,,443,45734,0,1358,17
1588616986.6018279,173.194.188.105,10.10.0.10,,,443,45734,0,1358,17
1588616986.603442,10.10.0.10,173.194.188.105,,,45734,443,0,37,17
1588616986.605767,173.194.188.105,10.10.0.10,,,443,45734,0,1358,17
1588616986.6096866,173.194.188.105,10.10.0.10,,,443,45734,0,1358,17
1588616986.611885,10.10.0.10,173.194.188.105,,,45734,443,0,37,17
1588616986.6136081,173.194.188.105,10.10.0.10,,,443,45734,0,1358,17
1588616986.6175802,173.194.188.105,10.10.0.10,,,443,45734,0,1358,17
1588616986.6201801,10.10.0.10,173.194.188.105,,,45734,443,0,37,17
1588616986.621512,173.194.188.105,10.10.0.10,,,443,45734,0,1358,17
1588616986.625446,173.194.188.105,10.10.0.10,,,443,45734,0,1358,17
1588616986.6271162,10.10.0.10,173.194.188.105,,,45734,443,0,37,17
1588616986.629407,173.194.188.105,10.10.0.10,,,443,45734,0,1358,17
1588616986.6333158,173.194.188.105,10.10.0.10,,,443,45734,0,1358,17
1588616986.635008,10.10.0.10,173.194.188.105,,,45734,443,0,37,17
1588616986.637224,173.194.188.105,10.10.0.10,,,443,45734,0,1358,17
1588616986.641145,173.194.188.105,10.10.0.10,,,443,45734,0,1358,17
1588616986.643449,10.10.0.10,173.194.188.105,,,45734,443,0,37,17
1588616986.6451108,173.194.188.105,10.10.0.10,,,443,45734,0,1358,17
1588616986.6490119,173.194.188.105,10.10.0.10,,,443,45734,0,1358,17
1588616986.650718,10.10.0.10,173.194.188.105,,,45734,443,0,37,17
1588616986.652984,173.194.188.105,10.10.0.10,,,443,45734,0,1358,17
1588616986.656914,173.194.188.105,10.10.0.10,,,443,45734,0,1358,17
1588616986.6585221,10.10.0.10,173.194.188.105,,,45734,443,0,37,17
1588616986.6608765,173.194.188.105,10.10.0.10,,,443,45734,0,1358,17
1588616986.66475,173.194.188.105,10.10.0.10,,,443,45734,0,1358,17
1588616986.6664329,10.10.0.10,173.194.188.105,,,45734,443,0,37,17
1588616986.6686802,173.194.188.105,10.10.0.10,,,443,45734,0,1358,17
1588616986.6726446,173.194.188.105,10.10.0.10,,,443,45734,0,1358,17
1588616986.674906,10.10.0.10,173.194.188.105,,,45734,443,0,37,17
1588616986.6765606,173.194.188.105,10.10.0.10,,,443,45734,0,1358,17
1588616986.6805158,173.194.188.105,10.10.0.10,,,443,45734,0,1358,17
1588616986.6825929,10.10.0.10,173.194.188.105,,,45734,443,0,37,17
1588616986.6844769,173.194.188.105,10.10.0.10,,,443,45734,0,1358,17
1588616986.688411,173.194.188.105,10.10.0.10,,,443,45734,0,1358,17
1588616986.692317,173.194.188.105,10.10.0.10,,,443,45734,0,1358,17
1588616986.6962779,173.194.188.105,10.10.0.10,,,443,45734,0,1358,17
1588616986.7001698,173.194.188.105,10.10.0.10,,,443,45734,0,1358,17
1588616986.704145,173.194.188.105,10.10.0.10,,,443,45734,0,1358,17
1588616986.7080786,173.194.188.105,10.10.0.10,,,443,45734,0,1358,17
1588616986.711952,173.194.188.105,10.10.0.10,,,443,45734,0,1358,17
1588616986.7159214,173.194.188.105,10.10.0.10,,,443,45734,0,1358,17
1588616986.719881,173.194.188.105,10.10.0.10,,,443,45734,0,1358,17
1588616986.7238214,173.194.188.105,10.10.0.10,,,443,45734,0,1358,17
1588616986.727711,173.194.188.105,10.10.0.10,,,443,45734,0,1358,17
1588616986.773033,10.10.0.10,173.194.188.105,,,45734,443,0,37,17
1588616986.775553,173.194.188.105,10.10.0.10,,,443,45734,0,1358,17
1588616986.776353,10.10.0.10,173.194.188.105,,,45734,443,0,37,17
1588616986.780992,10.10.0.10,173.194.188.105,,,45734,443,0,37,17
1588616986.781035,10.10.0.10,173.194.188.105,,,45734,443,0,50,17
1588616986.781546,10.10.0.10,173.194.188.105,,,45734,443,0,37,17
1588616986.782778,10.10.0.10,173.194.188.105,,,45734,443,0,37,17
1588616986.783279,10.10.0.10,173.194.188.105,,,45734,443,0,37,17
1588616986.787418,173.194.188.105,10.10.0.10,,,443,45734,0,1358,17
1588616986.787458,173.194.188.105,10.10.0.10,,,443,45734,0,1358,17
1588616986.789358,10.10.0.10,173.194.188.105,,,45734,443,0,37,17
1588616986.790777,173.194.188.105,10.10.0.10,,,443,45734,0,1358,17
1588616986.794744,173.194.188.105,10.10.0.10,,,443,45734,0,1358,17
1588616986.7962909,10.10.0.10,173.194.188.105,,,45734,443,0,37,17
1588616986.798704,173.194.188.105,10.10.0.10,,,443,45734,0,1358,17
1588616986.802613,173.194.188.105,10.10.0.10,,,443,45734,0,1358,17
1588616986.8065732,173.194.188.105,10.10.0.10,,,443,45734,0,1358,17
1588616986.810506,173.194.188.105,10.10.0.10,,,443,45734,0,1358,17
1588616986.814438,173.194.188.105,10.10.0.10,,,443,45734,0,1358,17
1588616986.899318,10.10.0.10,173.194.188.105,,,45734,443,0,37,17
1588616986.9036536,10.10.0.10,173.194.188.105,,,45734,443,0,37,17
1588616986.9042108,173.194.188.105,10.10.0.10,,,443,45734,0,1358,17
1588616986.9051938,10.10.0.10,173.194.188.105,,,45734,443,0,37,17
1588616986.908288,173.194.188.105,10.10.0.10,,,443,45734,0,1358,17
1588616986.9098802,10.10.0.10,173.194.188.105,,,45734,443,0,37,17
1588616986.911594,173.194.188.105,10.10.0.10,,,443,45734,0,1358,17
1588616986.914168,173.194.188.105,10.10.0.10,,,443,45734,0,1358,17
1588616986.915806,10.10.0.10,173.194.188.105,,,45734,443,0,37,17
1588616986.9174461,173.194.188.105,10.10.0.10,,,443,45734,0,1358,17
1588616986.919976,173.194.188.105,10.10.0.10,,,443,45734,0,1358,17
1588616986.92384,173.194.188.105,10.10.0.10,,,443,45734,0,1358,17
1588616986.927449,173.194.188.105,10.10.0.10,,,443,45734,0,1358,17
1588616986.9313822,173.194.188.105,10.10.0.10,,,443,45734,0,1358,17
1588616987.0144508,10.10.0.10,173.194.188.105,,,45734,443,0,37,17
1588616987.01827,10.10.0.10,173.194.188.105,,,45734,443,0,37,17
1588616987.0183196,10.10.0.10,173.194.188.105,,,45734,443,0,37,17
1588616987.018646,173.194.188.105,10.10.0.10,,,443,45734,0,1358,17
1588616987.018699,173.194.188.105,10.10.0.10,,,443,45734,0,1358,17
1588616987.0252602,173.194.188.105,10.10.0.10,,,443,45734,0,1358,17
1588616987.0260036,173.194.188.105,10.10.0.10,,,443,45734,0,1358,17
1588616987.031169,173.194.188.105,10.10.0.10,,,443,45734,0,534,17
1588616987.1586099,10.10.0.10,173.194.188.105,,,45734,443,0,37,17
1588616987.159959,10.10.0.10,173.194.188.105,,,45734,443,0,37,17
1588616987.2584932,173.194.188.105,10.10.0.10,,,443,45734,0,534,17
1588616987.26218,10.10.0.10,173.194.188.105,,,45734,443,0,37,17
1588616987.3745158,10.10.0.10,173.194.188.105,,,45734,443,0,730,17
1588616987.374569,10.10.0.10,173.194.188.105,,,45734,443,0,48,17
1588616987.374752,10.10.0.10,173.194.188.105,,,45734,443,0,726,17
1588616987.3749242,10.10.0.10,173.194.188.105,,,45734,443,0,48,17
1588616987.378968,173.194.188.105,10.10.0.10,,,443,45734,0,115,17
1588616987.379016,173.194.188.105,10.10.0.10,,,443,45734,0,1358,17
1588616987.379039,173.194.188.105,10.10.0.10,,,443,45734,0,1358,17
1588616987.382819,173.194.188.105,10.10.0.10,,,443,45734,0,1358,17
1588616987.3828518,10.10.0.10,173.194.188.105,,,45734,443,0,37,17
1588616987.386752,173.194.188.105,10.10.0.10,,,443,45734,0,1358,17
1588616987.390643,173.194.188.105,10.10.0.10,,,443,45734,0,1358,17
1588616987.391654,10.10.0.10,173.194.188.105,,,45734,443,0,37,17
1588616987.3930118,10.10.0.10,173.194.188.105,,,45734,443,0,37,17
1588616987.3945732,173.194.188.105,10.10.0.10,,,443,45734,0,1358,17
1588616987.3984964,173.194.188.105,10.10.0.10,,,443,45734,0,1358,17
1588616987.4000509,10.10.0.10,173.194.188.105,,,45734,443,0,37,17
1588616987.4024358,173.194.188.105,10.10.0.10,,,443,45734,0,1358,17
1588616987.406412,173.194.188.105,10.10.0.10,,,443,45734,0,1358,17
1588616987.410344,173.194.188.105,10.10.0.10,,,443,45734,0,1358,17
1588616987.414278,173.194.188.105,10.10.0.10,,,443,45734,0,1358,17
1588616987.418212,173.194.188.105,10.10.0.10,,,443,45734,0,1358,17
1588616987.422083,173.194.188.105,10.10.0.10,,,443,45734,0,1358,17
1588616987.426033,173.194.188.105,10.10.0.10,,,443,45734,0,1358,17
1588616987.4312859,173.194.188.105,10.10.0.10,,,443,45734,0,1358,17
1588616987.436496,173.194.188.105,10.10.0.10,,,443,45734,0,1358,17
1588616987.4417038,173.194.188.105,10.10.0.10,,,443,45734,0,1358,17
1588616987.446918,173.194.188.105,10.10.0.10,,,443,45734,0,1358,17
1588616987.452121,173.194.188.105,10.10.0.10,,,443,45734,0,1358,17
1588616987.4573288,173.194.188.105,10.10.0.10,,,443,45734,0,1358,17
1588616987.462538,173.194.188.105,10.10.0.10,,,443,45734,0,1358,17
1588616987.4677482,173.194.188.105,10.10.0.10,,,443,45734,0,1358,17
1588616987.4988089,10.10.0.10,173.194.188.105,,,45734,443,0,37,17
1588616987.5003965,10.10.0.10,173.194.188.105,,,45734,443,0,37,17
1588616987.501097,10.10.0.10,173.194.188.105,,,45734,443,0,37,17
1588616987.5029242,10.10.0.10,173.194.188.105,,,45734,443,0,37,17
1588616987.5029712,173.194.188.105,10.10.0.10,,,443,45734,0,1358,17
1588616987.503026,173.194.188.105,10.10.0.10,,,443,45734,0,1358,17
1588616987.503669,10.10.0.10,173.194.188.105,,,45734,443,0,37,17
1588616987.506824,10.10.0.10,173.194.188.105,,,45734,443,0,37,17
1588616987.507809,10.10.0.10,173.194.188.105,,,45734,443,0,37,17
1588616987.508486,10.10.0.10,173.194.188.105,,,45734,443,0,37,17
1588616987.5086598,173.194.188.105,10.10.0.10,,,443,45734,0,1358,17
1588616987.5102189,10.10.0.10,173.194.188.105,,,45734,443,0,37,17
1588616987.512623,173.194.188.105,10.10.0.10,,,443,45734,0,1358,17
1588616987.517892,173.194.188.105,10.10.0.10,,,443,45734,0,1358,17
1588616987.519595,10.10.0.10,173.194.188.105,,,45734,443,0,37,17
1588616987.523102,173.194.188.105,10.10.0.10,,,443,45734,0,1358,17
1588616987.5283241,173.194.188.105,10.10.0.10,,,443,45734,0,1358,17
1588616987.5335221,173.194.188.105,10.10.0.10,,,443,45734,0,1358,17
1588616987.5387304,173.194.188.105,10.10.0.10,,,443,45734,0,1358,17
1588616987.543935,173.194.188.105,10.10.0.10,,,443,45734,0,1358,17
1588616987.549136,173.194.188.105,10.10.0.10,,,443,45734,0,1358,17
1588616987.5543199,173.194.188.105,10.10.0.10,,,443,45734,0,1358,17
1588616987.5594964,173.194.188.105,10.10.0.10,,,443,45734,0,1358,17
1588616987.564718,173.194.188.105,10.10.0.10,,,443,45734,0,1358,17
1588616987.5699039,173.194.188.105,10.10.0.10,,,443,45734,0,1358,17
1588616987.575177,173.194.188.105,10.10.0.10,,,443,45734,0,1358,17
1588616987.5803802,173.194.188.105,10.10.0.10,,,443,45734,0,1358,17
1588616987.5855632,173.194.188.105,10.10.0.10,,,443,45734,0,1358,17
1588616987.5907412,173.194.188.105,10.10.0.10,,,443,45734,0,1358,17
1588616987.5959618,173.194.188.105,10.10.0.10,,,443,45734,0,1358,17
1588616987.601218,173.194.188.105,10.10.0.10,,,443,45734,0,1358,17
1588616987.6064026,173.194.188.105,10.10.0.10,,,443,45734,0,1358,17
1588616987.611636,173.194.188.105,10.10.0.10,,,443,45734,0,1358,17
1588616987.616695,10.10.0.10,173.194.188.105,,,45734,443,0,37,17
1588616987.616834,173.194.188.105,10.10.0.10,,,443,45734,0,1358,17
1588616987.619402,10.10.0.10,173.194.188.105,,,45734,443,0,37,17
1588616987.621663,10.10.0.10,173.194.188.105,,,45734,443,0,37,17
1588616987.622644,173.194.188.105,10.10.0.10,,,443,45734,0,1358,17
1588616987.6232738,10.10.0.10,173.194.188.105,,,45734,443,0,37,17
1588616987.6238804,10.10.0.10,173.194.188.105,,,45734,443,0,37,17
1588616987.625233,10.10.0.10,173.194.188.105,,,45734,443,0,50,17
1588616987.6274018,10.10.0.10,173.194.188.105,,,45734,443,0,37,17
1588616987.627861,173.194.188.105,10.10.0.10,,,443,45734,0,1358,17
1588616987.6323626,10.10.0.10,173.194.188.105,,,45734,443,0,37,17
1588616987.6330292,10.10.0.10,173.194.188.105,,,45734,443,0,37,17
1588616987.633055,173.194.188.105,10.10.0.10,,,443,45734,0,1358,17
1588616987.633948,10.10.0.10,173.194.188.105,,,45734,443,0,37,17
1588616987.63826,173.194.188.105,10.10.0.10,,,443,45734,0,1358,17
1588616987.6383972,10.10.0.10,173.194.188.105,,,45734,443,0,37,17
1588616987.6434731,173.194.188.105,10.10.0.10,,,443,45734,0,1358,17
1588616987.6486568,173.194.188.105,10.10.0.10,,,443,45734,0,1358,17
1588616987.6538696,173.194.188.105,10.10.0.10,,,443,45734,0,1358,17
1588616987.659112,173.194.188.105,10.10.0.10,,,443,45734,0,1358,17
1588616987.6643481,173.194.188.105,10.10.0.10,,,443,45734,0,1358,17
1588616987.6695652,173.194.188.105,10.10.0.10,,,443,45734,0,1358,17
1588616987.674709,173.194.188.105,10.10.0.10,,,443,45734,0,1358,17
1588616987.679915,173.194.188.105,10.10.0.10,,,443,45734,0,1358,17
1588616987.6851876,173.194.188.105,10.10.0.10,,,443,45734,0,1358,17
1588616987.6903868,173.194.188.105,10.10.0.10,,,443,45734,0,1358,17
1588616987.69557,173.194.188.105,10.10.0.10,,,443,45734,0,1358,17
1588616987.7008119,173.194.188.105,10.10.0.10,,,443,45734,0,1358,17
1588616987.706019,173.194.188.105,10.10.0.10,,,443,45734,0,1358,17
1588616987.7111778,173.194.188.105,10.10.0.10,,,443,45734,0,1358,17
1588616987.716382,173.194.188.105,10.10.0.10,,,443,45734,0,1358,17
1588616987.721648,173.194.188.105,10.10.0.10,,,443,45734,0,1358,17
1588616987.726823,173.194.188.105,10.10.0.10,,,443,45734,0,1358,17
1588616987.7316759,10.10.0.10,173.194.188.105,,,45734,443,0,37,17
1588616987.732031,173.194.188.105,10.10.0.10,,,443,45734,0,1358,17
1588616987.737208,173.194.188.105,10.10.0.10,,,443,45734,0,1358,17
1588616987.740018,10.10.0.10,173.194.188.105,,,45734,443,0,37,17
1588616987.7422292,10.10.0.10,173.194.188.105,,,45734,443,0,37,17
1588616987.7441509,173.194.188.105,10.10.0.10,,,443,45734,0,1358,17
1588616987.7441866,10.10.0.10,173.194.188.105,,,45734,443,0,37,17
1588616987.7452419,10.10.0.10,173.194.188.105,,,45734,443,0,37,17
1588616987.745789,10.10.0.10,173.194.188.105,,,45734,443,0,37,17
1588616987.7475722,10.10.0.10,173.194.188.105,,,45734,443,0,37,17
1588616987.7476866,173.194.188.105,10.10.0.10,,,443,45734,0,1358,17
1588616987.748167,10.10.0.10,173.194.188.105,,,45734,443,0,37,17
1588616987.7505894,10.10.0.10,173.194.188.105,,,45734,443,0,37,17
1588616987.750854,10.10.0.10,173.194.188.105,,,45734,443,0,37,17
1588616987.7511342,10.10.0.10,173.194.188.105,,,45734,443,0,37,17
1588616987.752902,173.194.188.105,10.10.0.10,,,443,45734,0,1358,17
1588616987.7556946,10.10.0.10,173.194.188.105,,,45734,443,0,37,17
1588616987.758109,173.194.188.105,10.10.0.10,,,443,45734,0,1358,17
1588616987.76332,173.194.188.105,10.10.0.10,,,443,45734,0,1358,17
1588616987.764895,10.10.0.10,173.194.188.105,,,45734,443,0,37,17
1588616987.7685318,173.194.188.105,10.10.0.10,,,443,45734,0,1358,17
1588616987.773737,173.194.188.105,10.10.0.10,,,443,45734,0,1358,17
1588616987.7752602,10.10.0.10,173.194.188.105,,,45734,443,0,37,17
1588616987.778914,173.194.188.105,10.10.0.10,,,443,45734,0,1358,17
1588616987.784154,173.194.188.105,10.10.0.10,,,443,45734,0,1358,17
1588616987.78592,10.10.0.10,173.194.188.105,,,45734,443,0,50,17
1588616987.7893634,173.194.188.105,10.10.0.10,,,443,45734,0,1358,17
1588616987.794572,173.194.188.105,10.10.0.10,,,443,45734,0,1358,17
1588616987.7997801,173.194.188.105,10.10.0.10,,,443,45734,0,1358,17
1588616987.8049881,173.194.188.105,10.10.0.10,,,443,45734,0,1358,17
1588616987.810201,173.194.188.105,10.10.0.10,,,443,45734,0,1358,17
1588616987.815408,173.194.188.105,10.10.0.10,,,443,45734,0,1358,17
1588616987.820614,173.194.188.105,10.10.0.10,,,443,45734,0,1358,17
1588616987.825799,173.194.188.105,10.10.0.10,,,443,45734,0,1358,17
1588616987.831032,173.194.188.105,10.10.0.10,,,443,45734,0,1358,17
1588616987.8362439,173.194.188.105,10.10.0.10,,,443,45734,0,1358,17
1588616987.8414538,173.194.188.105,10.10.0.10,,,443,45734,0,1358,17
1588616987.846659,173.194.188.105,10.10.0.10,,,443,45734,0,1358,17
1588616987.851871,173.194.188.105,10.10.0.10,,,443,45734,0,1358,17
1588616987.857076,173.194.188.105,10.10.0.10,,,443,45734,0,1358,17
1588616987.8622868,173.194.188.105,10.10.0.10,,,443,45734,0,1358,17
1588616987.8674932,173.194.188.105,10.10.0.10,,,443,45734,0,1358,17
1588616987.8726618,173.194.188.105,10.10.0.10,,,443,45734,0,1358,17
1588616987.873573,10.10.0.10,173.194.188.105,,,45734,443,0,37,17
1588616987.874131,10.10.0.10,173.194.188.105,,,45734,443,0,37,17
1588616987.87517,10.10.0.10,173.194.188.105,,,45734,443,0,37,17
1588616987.8767002,10.10.0.10,173.194.188.105,,,45734,443,0,37,17
1588616987.8769279,10.10.0.10,173.194.188.105,,,45734,443,0,37,17
1588616987.8779109,173.194.188.105,10.10.0.10,,,443,45734,0,1358,17
1588616987.8787632,10.10.0.10,173.194.188.105,,,45734,443,0,37,17
1588616987.8801582,10.10.0.10,173.194.188.105,,,45734,443,0,37,17
1588616987.882817,10.10.0.10,173.194.188.105,,,45734,443,0,37,17
1588616987.883054,173.194.188.105,10.10.0.10,,,443,45734,0,1358,17
1588616987.884481,10.10.0.10,173.194.188.105,,,45734,443,0,37,17
1588616987.8882642,173.194.188.105,10.10.0.10,,,443,45734,0,1358,17
1588616987.889866,10.10.0.10,173.194.188.105,,,45734,443,0,37,17
1588616987.8935091,173.194.188.105,10.10.0.10,,,443,45734,0,1358,17
1588616987.8987231,173.194.188.105,10.10.0.10,,,443,45734,0,1358,17
1588616987.901385,10.10.0.10,173.194.188.105,,,45734,443,0,37,17
1588616987.903961,173.194.188.105,10.10.0.10,,,443,45734,0,1358,17
1588616987.9091306,173.194.188.105,10.10.0.10,,,443,45734,0,1358,17
1588616987.910865,10.10.0.10,173.194.188.105,,,45734,443,0,37,17
1588616987.91438,173.194.188.105,10.10.0.10,,,443,45734,0,1358,17
1588616987.919586,173.194.188.105,10.10.0.10,,,443,45734,0,1358,17
1588616987.921447,10.10.0.10,173.194.188.105,,,45734,443,0,37,17
1588616987.924795,173.194.188.105,10.10.0.10,,,443,45734,0,1358,17
1588616987.930003,173.194.188.105,10.10.0.10,,,443,45734,0,1358,17
1588616987.931921,10.10.0.10,173.194.188.105,,,45734,443,0,37,17
1588616987.935217,173.194.188.105,10.10.0.10,,,443,45734,0,1358,17
1588616987.940419,173.194.188.105,10.10.0.10,,,443,45734,0,1358,17
1588616987.942599,10.10.0.10,173.194.188.105,,,45734,443,0,37,17
1588616987.945632,173.194.188.105,10.10.0.10,,,443,45734,0,1358,17
1588616987.950839,173.194.188.105,10.10.0.10,,,443,45734,0,1358,17
1588616987.952641,10.10.0.10,173.194.188.105,,,45734,443,0,37,17
1588616987.956049,173.194.188.105,10.10.0.10,,,443,45734,0,1358,17
1588616987.961254,173.194.188.105,10.10.0.10,,,443,45734,0,1358,17
1588616987.964659,10.10.0.10,173.194.188.105,,,45734,443,0,37,17
1588616987.966463,173.194.188.105,10.10.0.10,,,443,45734,0,1358,17
1588616987.971672,173.194.188.105,10.10.0.10,,,443,45734,0,1358,17
1588616987.9732368,10.10.0.10,173.194.188.105,,,45734,443,0,37,17
1588616987.976887,173.194.188.105,10.10.0.10,,,443,45734,0,1358,17
1588616987.9820602,173.194.188.105,10.10.0.10,,,443,45734,0,1358,17
1588616987.9851182,10.10.0.10,173.194.188.105,,,45734,443,0,37,17
1588616987.987298,173.194.188.105,10.10.0.10,,,443,45734,0,1358,17
1588616987.992506,173.194.188.105,10.10.0.10,,,443,45734,0,1358,17
1588616987.994138,10.10.0.10,173.194.188.105,,,45734,443,0,50,17
1588616987.997715,173.194.188.105,10.10.0.10,,,443,45734,0,1358,17
1588616988.0029242,173.194.188.105,10.10.0.10,,,443,45734,0,1358,17
1588616988.0048,10.10.0.10,173.194.188.105,,,45734,443,0,37,17
1588616988.008136,173.194.188.105,10.10.0.10,,,443,45734,0,1358,17
1588616988.0133402,173.194.188.105,10.10.0.10,,,443,45734,0,1358,17
1588616988.0159092,10.10.0.10,173.194.188.105,,,45734,443,0,37,17
1588616988.018552,173.194.188.105,10.10.0.10,,,443,45734,0,1358,17
1588616988.0237572,173.194.188.105,10.10.0.10,,,443,45734,0,1358,17
1588616988.025413,10.10.0.10,173.194.188.105,,,45734,443,0,37,17
1588616988.0289671,173.194.188.105,10.10.0.10,,,443,45734,0,1358,17
1588616988.0341759,173.194.188.105,10.10.0.10,,,443,45734,0,1358,17
1588616988.035929,10.10.0.10,173.194.188.105,,,45734,443,0,37,17
1588616988.039387,173.194.188.105,10.10.0.10,,,443,45734,0,1358,17
1588616988.0445929,173.194.188.105,10.10.0.10,,,443,45734,0,1358,17
1588616988.0462608,10.10.0.10,173.194.188.105,,,45734,443,0,37,17
1588616988.0498042,173.194.188.105,10.10.0.10,,,443,45734,0,1358,17
1588616988.0550098,173.194.188.105,10.10.0.10,,,443,45734,0,1358,17
1588616988.057412,10.10.0.10,173.194.188.105,,,45734,443,0,37,17
1588616988.060217,173.194.188.105,10.10.0.10,,,443,45734,0,1358,17
1588616988.0653572,173.194.188.105,10.10.0.10,,,443,45734,0,1358,17
1588616988.067241,10.10.0.10,173.194.188.105,,,45734,443,0,37,17
1588616988.0706365,173.194.188.105,10.10.0.10,,,443,45734,0,1358,17
1588616988.075808,173.194.188.105,10.10.0.10,,,443,45734,0,1358,17
1588616988.0774472,10.10.0.10,173.194.188.105,,,45734,443,0,37,17
1588616988.081052,173.194.188.105,10.10.0.10,,,443,45734,0,1358,17
1588616988.0862641,173.194.188.105,10.10.0.10,,,443,45734,0,1358,17
1588616988.0880542,10.10.0.10,173.194.188.105,,,45734,443,0,37,17
1588616988.0914721,173.194.188.105,10.10.0.10,,,443,45734,0,1358,17
1588616988.096679,173.194.188.105,10.10.0.10,,,443,45734,0,1358,17
1588616988.100392,10.10.0.10,173.194.188.105,,,45734,443,0,37,17
1588616988.1018689,173.194.188.105,10.10.0.10,,,443,45734,0,1358,17
1588616988.1070988,173.194.188.105,10.10.0.10,,,443,45734,0,1358,17
1588616988.108973,10.10.0.10,173.194.188.105,,,45734,443,0,37,17
1588616988.1123052,173.194.188.105,10.10.0.10,,,443,45734,0,1358,17
1588616988.1175132,173.194.188.105,10.10.0.10,,,443,45734,0,1358,17
1588616988.119532,10.10.0.10,173.194.188.105,,,45734,443,0,37,17
1588616988.1227212,173.194.188.105,10.10.0.10,,,443,45734,0,1358,17
1588616988.127933,173.194.188.105,10.10.0.10,,,443,45734,0,1358,17
1588616988.130051,10.10.0.10,173.194.188.105,,,45734,443,0,37,17
1588616988.1331382,173.194.188.105,10.10.0.10,,,443,45734,0,1358,17
1588616988.138349,173.194.188.105,10.10.0.10,,,443,45734,0,1358,17
1588616988.140136,10.10.0.10,173.194.188.105,,,45734,443,0,37,17
1588616988.143556,173.194.188.105,10.10.0.10,,,443,45734,0,1358,17
1588616988.148769,173.194.188.105,10.10.0.10,,,443,45734,0,1358,17
1588616988.150868,10.10.0.10,173.194.188.105,,,45734,443,0,37,17
1588616988.153976,173.194.188.105,10.10.0.10,,,443,45734,0,1358,17
1588616988.159186,173.194.188.105,10.10.0.10,,,443,45734,0,1358,17
1588616988.16439,173.194.188.105,10.10.0.10,,,443,45734,0,1358,17
1588616988.169599,173.194.188.105,10.10.0.10,,,443,45734,0,1358,17
1588616988.174807,173.194.188.105,10.10.0.10,,,443,45734,0,1358,17
1588616988.1800199,173.194.188.105,10.10.0.10,,,443,45734,0,1358,17
1588616988.185232,173.194.188.105,10.10.0.10,,,443,45734,0,1358,17
1588616988.186741,10.10.0.10,173.194.188.105,,,45734,443,0,37,17
1588616988.190433,173.194.188.105,10.10.0.10,,,443,45734,0,1358,17
1588616988.1916456,10.10.0.10,173.194.188.105,,,45734,443,0,37,17
1588616988.192307,10.10.0.10,173.194.188.105,,,45734,443,0,37,17
1588616988.193593,10.10.0.10,173.194.188.105,,,45734,443,0,37,17
1588616988.195646,173.194.188.105,10.10.0.10,,,443,45734,0,1358,17
1588616988.2008526,173.194.188.105,10.10.0.10,,,443,45734,0,1358,17
1588616988.202846,10.10.0.10,173.194.188.105,,,45734,443,0,50,17
1588616988.2060616,173.194.188.105,10.10.0.10,,,443,45734,0,1358,17
1588616988.211268,173.194.188.105,10.10.0.10,,,443,45734,0,1358,17
1588616988.2130089,10.10.0.10,173.194.188.105,,,45734,443,0,37,17
1588616988.216481,173.194.188.105,10.10.0.10,,,443,45734,0,1358,17
1588616988.2216835,173.194.188.105,10.10.0.10,,,443,45734,0,1358,17
1588616988.2234044,10.10.0.10,173.194.188.105,,,45734,443,0,37,17
1588616988.226897,173.194.188.105,10.10.0.10,,,443,45734,0,1358,17
1588616988.232105,173.194.188.105,10.10.0.10,,,443,45734,0,1358,17
1588616988.23472,10.10.0.10,173.194.188.105,,,45734,443,0,37,17
1588616988.237314,173.194.188.105,10.10.0.10,,,443,45734,0,1358,17
1588616988.242526,173.194.188.105,10.10.0.10,,,443,45734,0,1358,17
1588616988.244157,10.10.0.10,173.194.188.105,,,45734,443,0,37,17
1588616988.247732,173.194.188.105,10.10.0.10,,,443,45734,0,1358,17
1588616988.2529402,173.194.188.105,10.10.0.10,,,443,45734,0,1358,17
1588616988.2545528,10.10.0.10,173.194.188.105,,,45734,443,0,37,17
1588616988.258148,173.194.188.105,10.10.0.10,,,443,45734,0,1358,17
1588616988.2633538,173.194.188.105,10.10.0.10,,,443,45734,0,1358,17
1588616988.2676694,10.10.0.10,173.194.188.105,,,45734,443,0,37,17
1588616988.268542,173.194.188.105,10.10.0.10,,,443,45734,0,1358,17
1588616988.273769,173.194.188.105,10.10.0.10,,,443,45734,0,1358,17
1588616988.275342,10.10.0.10,173.194.188.105,,,45734,443,0,37,17
1588616988.2789798,173.194.188.105,10.10.0.10,,,443,45734,0,1358,17
1588616988.2841885,173.194.188.105,10.10.0.10,,,443,45734,0,1358,17
1588616988.286473,10.10.0.10,173.194.188.105,,,45734,443,0,37,17
1588616988.2893958,173.194.188.105,10.10.0.10,,,443,45734,0,1358,17
1588616988.294608,173.194.188.105,10.10.0.10,,,443,45734,0,1358,17
1588616988.296594,10.10.0.10,173.194.188.105,,,45734,443,0,37,17
1588616988.2998168,173.194.188.105,10.10.0.10,,,443,45734,0,1358,17
1588616988.3049548,173.194.188.105,10.10.0.10,,,443,45734,0,1358,17
1588616988.3068461,10.10.0.10,173.194.188.105,,,45734,443,0,37,17
1588616988.310231,173.194.188.105,10.10.0.10,,,443,45734,0,1358,17
1588616988.3154044,173.194.188.105,10.10.0.10,,,443,45734,0,1358,17
1588616988.318094,10.10.0.10,173.194.188.105,,,45734,443,0,37,17
1588616988.3206522,173.194.188.105,10.10.0.10,,,443,45734,0,1358,17
1588616988.325857,173.194.188.105,10.10.0.10,,,443,45734,0,1358,17
1588616988.3275304,10.10.0.10,173.194.188.105,,,45734,443,0,37,17
1588616988.3310661,173.194.188.105,10.10.0.10,,,443,45734,0,1358,17
1588616988.336278,173.194.188.105,10.10.0.10,,,443,45734,0,1358,17
1588616988.3383224,10.10.0.10,173.194.188.105,,,45734,443,0,37,17
1588616988.3414829,173.194.188.105,10.10.0.10,,,443,45734,0,1358,17
1588616988.3466918,173.194.188.105,10.10.0.10,,,443,45734,0,1358,17
1588616988.349377,10.10.0.10,173.194.188.105,,,45734,443,0,37,17
1588616988.35184,173.194.188.105,10.10.0.10,,,443,45734,0,1358,17
1588616988.3570776,173.194.188.105,10.10.0.10,,,443,45734,0,1358,17
1588616988.358569,10.10.0.10,173.194.188.105,,,45734,443,0,37,17
1588616988.3623214,173.194.188.105,10.10.0.10,,,443,45734,0,1358,17
1588616988.3675342,173.194.188.105,10.10.0.10,,,443,45734,0,1358,17
1588616988.3713708,10.10.0.10,173.194.188.105,,,45734,443,0,37,17
1588616988.3727412,173.194.188.105,10.10.0.10,,,443,45734,0,1358,17
1588616988.3779464,173.194.188.105,10.10.0.10,,,443,45734,0,1358,17
1588616988.3797011,10.10.0.10,173.194.188.105,,,45734,443,0,37,17
1588616988.3831544,173.194.188.105,10.10.0.10,,,443,45734,0,1358,17
1588616988.388365,173.194.188.105,10.10.0.10,,,443,45734,0,1358,17
1588616988.390165,10.10.0.10,173.194.188.105,,,45734,443,0,37,17
1588616988.393538,173.194.188.105,10.10.0.10,,,443,45734,0,1358,17
1588616988.3987432,173.194.188.105,10.10.0.10,,,443,45734,0,1358,17
1588616988.4007466,10.10.0.10,173.194.188.105,,,45734,443,0,37,17
1588616988.403989,173.194.188.105,10.10.0.10,,,443,45734,0,1358,17
1588616988.409174,173.194.188.105,10.10.0.10,,,443,45734,0,1358,17
1588616988.410933,10.10.0.10,173.194.188.105,,,45734,443,0,50,17
1588616988.414406,173.194.188.105,10.10.0.10,,,443,45734,0,1358,17
1588616988.419615,173.194.188.105,10.10.0.10,,,443,45734,0,1358,17
1588616988.421602,10.10.0.10,173.194.188.105,,,45734,443,0,37,17
1588616988.424823,173.194.188.105,10.10.0.10,,,443,45734,0,1358,17
1588616988.430033,173.194.188.105,10.10.0.10,,,443,45734,0,1358,17
1588616988.4317012,10.10.0.10,173.194.188.105,,,45734,443,0,37,17
1588616988.435213,173.194.188.105,10.10.0.10,,,443,45734,0,1358,17
1588616988.44045,173.194.188.105,10.10.0.10,,,443,45734,0,1358,17
1588616988.4420571,10.10.0.10,173.194.188.105,,,45734,443,0,37,17
1588616988.445622,173.194.188.105,10.10.0.10,,,443,45734,0,1358,17
1588616988.450866,173.194.188.105,10.10.0.10,,,443,45734,0,1358,17
1588616988.4524932,10.10.0.10,173.194.188.105,,,45734,443,0,37,17
1588616988.456076,173.194.188.105,10.10.0.10,,,443,45734,0,1358,17
1588616988.4612849,173.194.188.105,10.10.0.10,,,443,45734,0,1358,17
1588616988.462929,10.10.0.10,173.194.188.105,,,45734,443,0,37,17
1588616988.4664972,173.194.188.105,10.10.0.10,,,443,45734,0,1358,17
1588616988.471705,173.194.188.105,10.10.0.10,,,443,45734,0,1358,17
1588616988.473969,10.10.0.10,173.194.188.105,,,45734,443,0,37,17
1588616988.4769092,173.194.188.105,10.10.0.10,,,443,45734,0,1358,17
1588616988.4821026,173.194.188.105,10.10.0.10,,,443,45734,0,1358,17
1588616988.484402,10.10.0.10,173.194.188.105,,,45734,443,0,37,17
1588616988.4873312,173.194.188.105,10.10.0.10,,,443,45734,0,1358,17
1588616988.4925392,173.194.188.105,10.10.0.10,,,443,45734,0,1358,17
1588616988.494573,10.10.0.10,173.194.188.105,,,45734,443,0,37,17
1588616988.4977438,173.194.188.105,10.10.0.10,,,443,45734,0,1358,17
1588616988.502957,173.194.188.105,10.10.0.10,,,443,45734,0,1358,17
1588616988.50464,10.10.0.10,173.194.188.105,,,45734,443,0,37,17
1588616988.508162,173.194.188.105,10.10.0.10,,,443,45734,0,1358,17
1588616988.513374,173.194.188.105,10.10.0.10,,,443,45734,0,1358,17
1588616988.514991,10.10.0.10,173.194.188.105,,,45734,443,0,37,17
1588616988.518582,173.194.188.105,10.10.0.10,,,443,45734,0,1358,17
1588616988.523778,173.194.188.105,10.10.0.10,,,443,45734,0,1358,17
1588616988.52551,10.10.0.10,173.194.188.105,,,45734,443,0,37,17
1588616988.52899,173.194.188.105,10.10.0.10,,,443,45734,0,1358,17
1588616988.534199,173.194.188.105,10.10.0.10,,,443,45734,0,1358,17
1588616988.536076,10.10.0.10,173.194.188.105,,,45734,443,0,37,17
1588616988.539408,173.194.188.105,10.10.0.10,,,443,45734,0,1358,17
1588616988.544617,173.194.188.105,10.10.0.10,,,443,45734,0,1358,17
1588616988.546424,10.10.0.10,173.194.188.105,,,45734,443,0,37,17
1588616988.549825,173.194.188.105,10.10.0.10,,,443,45734,0,1358,17
1588616988.55503,173.194.188.105,10.10.0.10,,,443,45734,0,1358,17
1588616988.556839,10.10.0.10,173.194.188.105,,,45734,443,0,37,17
1588616988.5602071,173.194.188.105,10.10.0.10,,,443,45734,0,1358,17
1588616988.565383,173.194.188.105,10.10.0.10,,,443,45734,0,1358,17
1588616988.566962,10.10.0.10,173.194.188.105,,,45734,443,0,37,17
1588616988.570618,173.194.188.105,10.10.0.10,,,443,45734,0,1358,17
1588616988.57583,173.194.188.105,10.10.0.10,,,443,45734,0,1358,17
1588616988.578003,10.10.0.10,173.194.188.105,,,45734,443,0,37,17
1588616988.58106,173.194.188.105,10.10.0.10,,,443,45734,0,1358,17
1588616988.5862179,173.194.188.105,10.10.0.10,,,443,45734,0,1358,17
1588616988.587903,10.10.0.10,173.194.188.105,,,45734,443,0,37,17
1588616988.591422,173.194.188.105,10.10.0.10,,,443,45734,0,1358,17
1588616988.596694,173.194.188.105,10.10.0.10,,,443,45734,0,1358,17
1588616988.598579,10.10.0.10,173.194.188.105,,,45734,443,0,37,17
1588616988.601841,173.194.188.105,10.10.0.10,,,443,45734,0,1358,17
1588616988.6071038,173.194.188.105,10.10.0.10,,,443,45734,0,1358,17
1588616988.608769,10.10.0.10,173.194.188.105,,,45734,443,0,37,17
1588616988.6122901,173.194.188.105,10.10.0.10,,,443,45734,0,1358,17
1588616988.61753,173.194.188.105,10.10.0.10,,,443,45734,0,1358,17
1588616988.619433,10.10.0.10,173.194.188.105,,,45734,443,0,50,17
1588616988.6226802,173.194.188.105,10.10.0.10,,,443,45734,0,1358,17
1588616988.627899,173.194.188.105,10.10.0.10,,,443,45734,0,1358,17
1588616988.6294918,10.10.0.10,173.194.188.105,,,45734,443,0,37,17
1588616988.633144,173.194.188.105,10.10.0.10,,,443,45734,0,1358,17
1588616988.6383526,173.194.188.105,10.10.0.10,,,443,45734,0,1358,17
1588616988.640209,10.10.0.10,173.194.188.105,,,45734,443,0,37,17
1588616988.6435616,173.194.188.105,10.10.0.10,,,443,45734,0,1358,17
1588616988.6487718,173.194.188.105,10.10.0.10,,,443,45734,0,1358,17
1588616988.650537,10.10.0.10,173.194.188.105,,,45734,443,0,37,17
1588616988.6539538,173.194.188.105,10.10.0.10,,,443,45734,0,1358,17
1588616988.6591609,173.194.188.105,10.10.0.10,,,443,45734,0,1358,17
1588616988.661082,10.10.0.10,173.194.188.105,,,45734,443,0,37,17
1588616988.6644,173.194.188.105,10.10.0.10,,,443,45734,0,1358,17
1588616988.669609,173.194.188.105,10.10.0.10,,,443,45734,0,1358,17
1588616988.6715019,10.10.0.10,173.194.188.105,,,45734,443,0,37,17
1588616988.6748168,173.194.188.105,10.10.0.10,,,443,45734,0,1358,17
1588616988.679987,173.194.188.105,10.10.0.10,,,443,45734,0,1358,17
1588616988.681548,10.10.0.10,173.194.188.105,,,45734,443,0,37,17
1588616988.685176,173.194.188.105,10.10.0.10,,,443,45734,0,1358,17
1588616988.690382,173.194.188.105,10.10.0.10,,,443,45734,0,1358,17
1588616988.692041,10.10.0.10,173.194.188.105,,,45734,443,0,37,17
1588616988.695621,173.194.188.105,10.10.0.10,,,443,45734,0,1358,17
1588616988.700839,173.194.188.105,10.10.0.10,,,443,45734,0,1358,17
1588616988.7023911,10.10.0.10,173.194.188.105,,,45734,443,0,37,17
1588616988.7060454,173.194.188.105,10.10.0.10,,,443,45734,0,1358,17
1588616988.711283,173.194.188.105,10.10.0.10,,,443,45734,0,1358,17
1588616988.712955,10.10.0.10,173.194.188.105,,,45734,443,0,37,17
1588616988.716466,173.194.188.105,10.10.0.10,,,443,45734,0,1358,17
1588616988.7217011,173.194.188.105,10.10.0.10,,,443,45734,0,1358,17
1588616988.723409,10.10.0.10,173.194.188.105,,,45734,443,0,37,17
1588616988.726913,173.194.188.105,10.10.0.10,,,443,45734,0,1358,17
1588616988.732089,173.194.188.105,10.10.0.10,,,443,45734,0,1358,17
1588616988.735197,10.10.0.10,173.194.188.105,,,45734,443,0,37,17
1588616988.7373312,173.194.188.105,10.10.0.10,,,443,45734,0,1358,17
1588616988.7425172,173.194.188.105,10.10.0.10,,,443,45734,0,1358,17
1588616988.744082,10.10.0.10,173.194.188.105,,,45734,443,0,37,17
1588616988.747746,173.194.188.105,10.10.0.10,,,443,45734,0,1358,17
1588616988.752958,173.194.188.105,10.10.0.10,,,443,45734,0,1358,17
1588616988.7545,10.10.0.10,173.194.188.105,,,45734,443,0,37,17
1588616988.758167,173.194.188.105,10.10.0.10,,,443,45734,0,1358,17
1588616988.7633471,173.194.188.105,10.10.0.10,,,443,45734,0,1358,17
1588616988.765242,10.10.0.10,173.194.188.105,,,45734,443,0,37,17
1588616988.7685401,173.194.188.105,10.10.0.10,,,443,45734,0,1358,17
1588616988.773753,173.194.188.105,10.10.0.10,,,443,45734,0,1358,17
1588616988.775309,10.10.0.10,173.194.188.105,,,45734,443,0,37,17
1588616988.779,173.194.188.105,10.10.0.10,,,443,45734,0,1358,17
1588616988.784177,173.194.188.105,10.10.0.10,,,443,45734,0,1358,17
1588616988.7860448,10.10.0.10,173.194.188.105,,,45734,443,0,37,17
1588616988.789417,173.194.188.105,10.10.0.10,,,443,45734,0,1358,17
1588616988.794625,173.194.188.105,10.10.0.10,,,443,45734,0,1358,17
1588616988.7963948,10.10.0.10,173.194.188.105,,,45734,443,0,37,17
1588616988.799834,173.194.188.105,10.10.0.10,,,443,45734,0,1358,17
1588616988.805044,173.194.188.105,10.10.0.10,,,443,45734,0,1358,17
1588616988.806639,10.10.0.10,173.194.188.105,,,45734,443,0,37,17
1588616988.810255,173.194.188.105,10.10.0.10,,,443,45734,0,1358,17
1588616988.815463,173.194.188.105,10.10.0.10,,,443,45734,0,1358,17
1588616988.819669,10.10.0.10,173.194.188.105,,,45734,443,0,37,17
1588616988.8206694,173.194.188.105,10.10.0.10,,,443,45734,0,1358,17
1588616988.8258839,173.194.188.105,10.10.0.10,,,443,45734,0,1358,17
1588616988.8277652,10.10.0.10,173.194.188.105,,,45734,443,0,50,17
1588616988.8310852,173.194.188.105,10.10.0.10,,,443,45734,0,1358,17
1588616988.836297,173.194.188.105,10.10.0.10,,,443,45734,0,1358,17
1588616988.838166,10.10.0.10,173.194.188.105,,,45734,443,0,37,17
1588616988.8415024,173.194.188.105,10.10.0.10,,,443,45734,0,1358,17
1588616988.8466704,173.194.188.105,10.10.0.10,,,443,45734,0,1358,17
1588616988.8483331,10.10.0.10,173.194.188.105,,,45734,443,0,37,17
1588616988.8518612,173.194.188.105,10.10.0.10,,,443,45734,0,1358,17
1588616988.8571332,173.194.188.105,10.10.0.10,,,443,45734,0,1358,17
1588616988.8590221,10.10.0.10,173.194.188.105,,,45734,443,0,37,17
1588616988.8623366,173.194.188.105,10.10.0.10,,,443,45734,0,1358,17
1588616988.86755,173.194.188.105,10.10.0.10,,,443,45734,0,1358,17
1588616988.869894,10.10.0.10,173.194.188.105,,,45734,443,0,37,17
1588616988.8727546,173.194.188.105,10.10.0.10,,,443,45734,0,1358,17
1588616988.8779652,173.194.188.105,10.10.0.10,,,443,45734,0,1358,17
1588616988.8799381,10.10.0.10,173.194.188.105,,,45734,443,0,37,17
1588616988.8831718,173.194.188.105,10.10.0.10,,,443,45734,0,1358,17
1588616988.88838,173.194.188.105,10.10.0.10,,,443,45734,0,1358,17
1588616988.8901188,10.10.0.10,173.194.188.105,,,45734,443,0,37,17
1588616988.893591,173.194.188.105,10.10.0.10,,,443,45734,0,1358,17
1588616988.898765,173.194.188.105,10.10.0.10,,,443,45734,0,1358,17
1588616988.900754,10.10.0.10,173.194.188.105,,,45734,443,0,37,17
1588616988.9040098,173.194.188.105,10.10.0.10,,,443,45734,0,1358,17
1588616988.909195,173.194.188.105,10.10.0.10,,,443,45734,0,29,17
1588616988.909408,173.194.188.105,10.10.0.10,,,443,45734,0,1358,17
1588616988.9107964,10.10.0.10,173.194.188.105,,,45734,443,0,37,17
1588616988.9146438,173.194.188.105,10.10.0.10,,,443,45734,0,1358,17
1588616988.919874,173.194.188.105,10.10.0.10,,,443,45734,0,1358,17
1588616988.9215019,10.10.0.10,173.194.188.105,,,45734,443,0,37,17
1588616988.925082,173.194.188.105,10.10.0.10,,,443,45734,0,1358,17
1588616988.93029,173.194.188.105,10.10.0.10,,,443,45734,0,1358,17
1588616988.931962,10.10.0.10,173.194.188.105,,,45734,443,0,37,17
1588616988.935498,173.194.188.105,10.10.0.10,,,443,45734,0,1358,17
1588616988.9407039,173.194.188.105,10.10.0.10,,,443,45734,0,1358,17
1588616988.942647,10.10.0.10,173.194.188.105,,,45734,443,0,37,17
1588616988.945913,173.194.188.105,10.10.0.10,,,443,45734,0,1358,17
1588616988.9511251,173.194.188.105,10.10.0.10,,,443,45734,0,1358,17
1588616988.954458,10.10.0.10,173.194.188.105,,,45734,443,0,37,17
1588616988.956335,173.194.188.105,10.10.0.10,,,443,45734,0,1358,17
1588616988.9615395,173.194.188.105,10.10.0.10,,,443,45734,0,1358,17
1588616988.963422,10.10.0.10,173.194.188.105,,,45734,443,0,37,17
1588616988.9667509,173.194.188.105,10.10.0.10,,,443,45734,0,1358,17
1588616988.97196,173.194.188.105,10.10.0.10,,,443,45734,0,1358,17
1588616988.9738376,10.10.0.10,173.194.188.105,,,45734,443,0,37,17
1588616988.9771712,173.194.188.105,10.10.0.10,,,443,45734,0,1358,17
1588616988.982378,173.194.188.105,10.10.0.10,,,443,45734,0,1358,17
1588616988.986944,10.10.0.10,173.194.188.105,,,45734,443,0,37,17
1588616988.9875581,173.194.188.105,10.10.0.10,,,443,45734,0,1358,17
1588616988.99279,173.194.188.105,10.10.0.10,,,443,45734,0,1358,17
1588616988.995143,10.10.0.10,173.194.188.105,,,45734,443,0,37,17
1588616988.998,173.194.188.105,10.10.0.10,,,443,45734,0,1358,17
1588616989.0032122,173.194.188.105,10.10.0.10,,,443,45734,0,1358,17
1588616989.004833,10.10.0.10,173.194.188.105,,,45734,443,0,37,17
1588616989.008416,173.194.188.105,10.10.0.10,,,443,45734,0,1358,17
1588616989.013558,173.194.188.105,10.10.0.10,,,443,45734,0,1358,17
1588616989.015105,10.10.0.10,173.194.188.105,,,45734,443,0,37,17
1588616989.0188348,173.194.188.105,10.10.0.10,,,443,45734,0,1358,17
1588616989.0240452,173.194.188.105,10.10.0.10,,,443,45734,0,1358,17
1588616989.025729,10.10.0.10,173.194.188.105,,,45734,443,0,37,17
1588616989.0292509,173.194.188.105,10.10.0.10,,,443,45734,0,1358,17
1588616989.03446,173.194.188.105,10.10.0.10,,,443,45734,0,1358,17
1588616989.0361662,10.10.0.10,173.194.188.105,,,45734,443,0,50,17
1588616989.039633,173.194.188.105,10.10.0.10,,,443,45734,0,1358,17
1588616989.0448089,173.194.188.105,10.10.0.10,,,443,45734,0,1358,17
1588616989.04655,10.10.0.10,173.194.188.105,,,45734,443,0,37,17
1588616989.050051,173.194.188.105,10.10.0.10,,,443,45734,0,1358,17
1588616989.055273,173.194.188.105,10.10.0.10,,,443,45734,0,1358,17
1588616989.056935,10.10.0.10,173.194.188.105,,,45734,443,0,37,17
1588616989.0604668,173.194.188.105,10.10.0.10,,,443,45734,0,1358,17
1588616989.0656831,173.194.188.105,10.10.0.10,,,443,45734,0,29,17
1588616989.0658731,173.194.188.105,10.10.0.10,,,443,45734,0,1358,17
1588616989.069081,10.10.0.10,173.194.188.105,,,45734,443,0,37,17
1588616989.0711555,173.194.188.105,10.10.0.10,,,443,45734,0,1358,17
1588616989.0763214,173.194.188.105,10.10.0.10,,,443,45734,0,1358,17
1588616989.07797,10.10.0.10,173.194.188.105,,,45734,443,0,37,17
1588616989.081542,173.194.188.105,10.10.0.10,,,443,45734,0,1358,17
1588616989.0867162,173.194.188.105,10.10.0.10,,,443,45734,0,1358,17
1588616989.0883422,10.10.0.10,173.194.188.105,,,45734,443,0,37,17
1588616989.091941,173.194.188.105,10.10.0.10,,,443,45734,0,1358,17
1588616989.097169,173.194.188.105,10.10.0.10,,,443,45734,0,1358,17
1588616989.098795,10.10.0.10,173.194.188.105,,,45734,443,0,37,17
1588616989.1024098,173.194.188.105,10.10.0.10,,,443,45734,0,1358,17
1588616989.107617,173.194.188.105,10.10.0.10,,,443,45734,0,1358,17
1588616989.1093225,10.10.0.10,173.194.188.105,,,45734,443,0,37,17
1588616989.112824,173.194.188.105,10.10.0.10,,,443,45734,0,1358,17
1588616989.118034,173.194.188.105,10.10.0.10,,,443,45734,0,1358,17
1588616989.1197212,10.10.0.10,173.194.188.105,,,45734,443,0,37,17
1588616989.123242,173.194.188.105,10.10.0.10,,,443,45734,0,1358,17
1588616989.1284518,173.194.188.105,10.10.0.10,,,443,45734,0,1358,17
1588616989.1302938,10.10.0.10,173.194.188.105,,,45734,443,0,37,17
1588616989.1336632,173.194.188.105,10.10.0.10,,,443,45734,0,1358,17
1588616989.138867,173.194.188.105,10.10.0.10,,,443,45734,0,1358,17
1588616989.140856,10.10.0.10,173.194.188.105,,,45734,443,0,37,17
1588616989.144079,173.194.188.105,10.10.0.10,,,443,45734,0,1358,17
1588616989.149284,173.194.188.105,10.10.0.10,,,443,45734,0,1358,17
1588616989.151607,10.10.0.10,173.194.188.105,,,45734,443,0,37,17
1588616989.154495,173.194.188.105,10.10.0.10,,,443,45734,0,1358,17
1588616989.159702,173.194.188.105,10.10.0.10,,,443,45734,0,1358,17
1588616989.1614802,10.10.0.10,173.194.188.105,,,45734,443,0,37,17
1588616989.164911,173.194.188.105,10.10.0.10,,,443,45734,0,1358,17
1588616989.1701279,173.194.188.105,10.10.0.10,,,443,45734,0,1358,17
1588616989.172106,10.10.0.10,173.194.188.105,,,45734,443,0,37,17
1588616989.1752882,173.194.188.105,10.10.0.10,,,443,45734,0,1358,17
1588616989.180537,173.194.188.105,10.10.0.10,,,443,45734,0,1358,17
1588616989.182255,10.10.0.10,173.194.188.105,,,45734,443,0,37,17
1588616989.185748,173.194.188.105,10.10.0.10,,,443,45734,0,1358,17
1588616989.190954,173.194.188.105,10.10.0.10,,,443,45734,0,1358,17
1588616989.1925962,10.10.0.10,173.194.188.105,,,45734,443,0,37,17
1588616989.196126,173.194.188.105,10.10.0.10,,,443,45734,0,1358,17
1588616989.2013712,173.194.188.105,10.10.0.10,,,443,45734,0,1358,17
1588616989.2031438,10.10.0.10,173.194.188.105,,,45734,443,0,37,17
1588616989.206578,173.194.188.105,10.10.0.10,,,443,45734,0,1358,17
1588616989.2117982,173.194.188.105,10.10.0.10,,,443,45734,0,1358,17
1588616989.213691,10.10.0.10,173.194.188.105,,,45734,443,0,37,17
1588616989.217001,173.194.188.105,10.10.0.10,,,443,45734,0,1358,17
1588616989.2222052,173.194.188.105,10.10.0.10,,,443,45734,0,1358,17
1588616989.22456,10.10.0.10,173.194.188.105,,,45734,443,0,37,17
1588616989.2274141,173.194.188.105,10.10.0.10,,,443,45734,0,1358,17
1588616989.2326221,173.194.188.105,10.10.0.10,,,443,45734,0,1358,17
1588616989.2346258,10.10.0.10,173.194.188.105,,,45734,443,0,37,17
1588616989.237834,173.194.188.105,10.10.0.10,,,443,45734,0,1358,17
1588616989.243041,173.194.188.105,10.10.0.10,,,443,45734,0,1358,17
1588616989.2448292,10.10.0.10,173.194.188.105,,,45734,443,0,50,17
1588616989.24821,173.194.188.105,10.10.0.10,,,443,45734,0,1358,17
1588616989.253457,173.194.188.105,10.10.0.10,,,443,45734,0,1358,17
1588616989.2553172,10.10.0.10,173.194.188.105,,,45734,443,0,37,17
1588616989.2586222,173.194.188.105,10.10.0.10,,,443,45734,0,1358,17
1588616989.2638721,173.194.188.105,10.10.0.10,,,443,45734,0,1358,17
1588616989.2657561,10.10.0.10,173.194.188.105,,,45734,443,0,37,17
1588616989.269086,173.194.188.105,10.10.0.10,,,443,45734,0,1358,17
1588616989.2742898,173.194.188.105,10.10.0.10,,,443,45734,0,29,17
1588616989.274466,173.194.188.105,10.10.0.10,,,443,45734,0,1358,17
1588616989.27625,10.10.0.10,173.194.188.105,,,45734,443,0,37,17
1588616989.2797382,173.194.188.105,10.10.0.10,,,443,45734,0,1358,17
1588616989.284944,173.194.188.105,10.10.0.10,,,443,45734,0,1358,17
1588616989.287273,10.10.0.10,173.194.188.105,,,45734,443,0,37,17
1588616989.290158,173.194.188.105,10.10.0.10,,,443,45734,0,1358,17
1588616989.295294,173.194.188.105,10.10.0.10,,,443,45734,0,1358,17
1588616989.298856,10.10.0.10,173.194.188.105,,,45734,443,0,37,17
1588616989.30057,173.194.188.105,10.10.0.10,,,443,45734,0,1358,17
1588616989.305744,173.194.188.105,10.10.0.10,,,443,45734,0,1358,17
1588616989.3073502,10.10.0.10,173.194.188.105,,,45734,443,0,37,17
1588616989.3109958,173.194.188.105,10.10.0.10,,,443,45734,0,1358,17
1588616989.316199,173.194.188.105,10.10.0.10,,,443,45734,0,1358,17
1588616989.3179786,10.10.0.10,173.194.188.105,,,45734,443,0,37,17
1588616989.321408,173.194.188.105,10.10.0.10,,,443,45734,0,1358,17
1588616989.3266132,173.194.188.105,10.10.0.10,,,443,45734,0,1358,17
1588616989.3281689,10.10.0.10,173.194.188.105,,,45734,443,0,37,17
1588616989.3318362,173.194.188.105,10.10.0.10,,,443,45734,0,1358,17
1588616989.3370438,173.194.188.105,10.10.0.10,,,443,45734,0,1358,17
1588616989.3387902,10.10.0.10,173.194.188.105,,,45734,443,0,37,17
1588616989.342242,173.194.188.105,10.10.0.10,,,443,45734,0,1358,17
1588616989.347451,173.194.188.105,10.10.0.10,,,443,45734,0,1358,17
1588616989.3492188,10.10.0.10,173.194.188.105,,,45734,443,0,37,17
1588616989.3526616,173.194.188.105,10.10.0.10,,,443,45734,0,1358,17
1588616989.357882,173.194.188.105,10.10.0.10,,,443,45734,0,1358,17
1588616989.359719,10.10.0.10,173.194.188.105,,,45734,443,0,37,17
1588616989.363082,173.194.188.105,10.10.0.10,,,443,45734,0,1358,17
1588616989.368289,173.194.188.105,10.10.0.10,,,443,45734,0,1358,17
1588616989.371986,10.10.0.10,173.194.188.105,,,45734,443,0,37,17
1588616989.373498,173.194.188.105,10.10.0.10,,,443,45734,0,1358,17
1588616989.3787162,173.194.188.105,10.10.0.10,,,443,45734,0,1358,17
1588616989.3808038,10.10.0.10,173.194.188.105,,,45734,443,0,37,17
1588616989.3839078,173.194.188.105,10.10.0.10,,,443,45734,0,1358,17
1588616989.389086,173.194.188.105,10.10.0.10,,,443,45734,0,1358,17
1588616989.39092,10.10.0.10,173.194.188.105,,,45734,443,0,37,17
1588616989.3942852,173.194.188.105,10.10.0.10,,,443,45734,0,1358,17
1588616989.3994641,173.194.188.105,10.10.0.10,,,443,45734,0,1358,17
1588616989.4011395,10.10.0.10,173.194.188.105,,,45734,443,0,37,17
1588616989.4047482,173.194.188.105,10.10.0.10,,,443,45734,0,1358,17
1588616989.4099581,173.194.188.105,10.10.0.10,,,443,45734,0,1358,17
1588616989.411565,10.10.0.10,173.194.188.105,,,45734,443,0,37,17
1588616989.41517,173.194.188.105,10.10.0.10,,,443,45734,0,1358,17
1588616989.420375,173.194.188.105,10.10.0.10,,,443,45734,0,1358,17
1588616989.422266,10.10.0.10,173.194.188.105,,,45734,443,0,37,17
1588616989.4255779,173.194.188.105,10.10.0.10,,,443,45734,0,1358,17
1588616989.4307866,173.194.188.105,10.10.0.10,,,443,45734,0,1358,17
1588616989.432466,10.10.0.10,173.194.188.105,,,45734,443,0,37,17
1588616989.435965,173.194.188.105,10.10.0.10,,,443,45734,0,1358,17
1588616989.4411812,173.194.188.105,10.10.0.10,,,443,45734,0,1358,17
1588616989.446369,173.194.188.105,10.10.0.10,,,443,45734,0,1358,17
1588616989.451618,173.194.188.105,10.10.0.10,,,443,45734,0,1358,17
1588616989.45683,173.194.188.105,10.10.0.10,,,443,45734,0,1358,17
1588616989.462039,173.194.188.105,10.10.0.10,,,443,45734,0,1358,17
1588616989.4648852,10.10.0.10,173.194.188.105,,,45734,443,0,37,17
1588616989.4654698,10.10.0.10,173.194.188.105,,,45734,443,0,50,17
1588616989.4660661,10.10.0.10,173.194.188.105,,,45734,443,0,37,17
1588616989.467242,173.194.188.105,10.10.0.10,,,443,45734,0,1358,17
1588616989.4724526,173.194.188.105,10.10.0.10,,,443,45734,0,1358,17
1588616989.47421,10.10.0.10,173.194.188.105,,,45734,443,0,37,17
1588616989.4776616,173.194.188.105,10.10.0.10,,,443,45734,0,1358,17
1588616989.482873,173.194.188.105,10.10.0.10,,,443,45734,0,1358,17
1588616989.48471,10.10.0.10,173.194.188.105,,,45734,443,0,37,17
1588616989.4880776,173.194.188.105,10.10.0.10,,,443,45734,0,1358,17
1588616989.4932852,173.194.188.105,10.10.0.10,,,443,45734,0,1358,17
1588616989.496309,10.10.0.10,173.194.188.105,,,45734,443,0,37,17
1588616989.498504,173.194.188.105,10.10.0.10,,,443,45734,0,1358,17
1588616989.5037026,173.194.188.105,10.10.0.10,,,443,45734,0,1358,17
1588616989.5053332,10.10.0.10,173.194.188.105,,,45734,443,0,37,17
1588616989.50887,173.194.188.105,10.10.0.10,,,443,45734,0,1358,17
1588616989.514125,173.194.188.105,10.10.0.10,,,443,45734,0,1358,17
1588616989.515776,10.10.0.10,173.194.188.105,,,45734,443,0,37,17
1588616989.5193331,173.194.188.105,10.10.0.10,,,443,45734,0,1358,17
1588616989.524542,173.194.188.105,10.10.0.10,,,443,45734,0,1358,17
1588616989.52625,10.10.0.10,173.194.188.105,,,45734,443,0,37,17
1588616989.52975,173.194.188.105,10.10.0.10,,,443,45734,0,1358,17
1588616989.5349536,173.194.188.105,10.10.0.10,,,443,45734,0,1358,17
1588616989.5372498,10.10.0.10,173.194.188.105,,,45734,443,0,37,17
1588616989.5401638,173.194.188.105,10.10.0.10,,,443,45734,0,1358,17
1588616989.545376,173.194.188.105,10.10.0.10,,,443,45734,0,1358,17
1588616989.547104,10.10.0.10,173.194.188.105,,,45734,443,0,37,17
1588616989.5505812,173.194.188.105,10.10.0.10,,,443,45734,0,1358,17
1588616989.555794,173.194.188.105,10.10.0.10,,,443,45734,0,1358,17
1588616989.560998,173.194.188.105,10.10.0.10,,,443,45734,0,1358,17
1588616989.563333,10.10.0.10,173.194.188.105,,,45734,443,0,37,17
1588616989.566211,173.194.188.105,10.10.0.10,,,443,45734,0,1358,17
1588616989.5680828,10.10.0.10,173.194.188.105,,,45734,443,0,37,17
1588616989.571385,173.194.188.105,10.10.0.10,,,443,45734,0,1358,17
1588616989.5765634,173.194.188.105,10.10.0.10,,,443,45734,0,1358,17
1588616989.578184,10.10.0.10,173.194.188.105,,,45734,443,0,37,17
1588616989.58177,173.194.188.105,10.10.0.10,,,443,45734,0,1358,17
1588616989.587026,173.194.188.105,10.10.0.10,,,443,45734,0,1358,17
1588616989.58876,10.10.0.10,173.194.188.105,,,45734,443,0,37,17
1588616989.5922098,173.194.188.105,10.10.0.10,,,443,45734,0,1358,17
1588616989.597448,173.194.188.105,10.10.0.10,,,443,45734,0,1358,17
1588616989.599992,10.10.0.10,173.194.188.105,,,45734,443,0,37,17
1588616989.602659,173.194.188.105,10.10.0.10,,,443,45734,0,1358,17
1588616989.607805,173.194.188.105,10.10.0.10,,,443,45734,0,1358,17
1588616989.610897,10.10.0.10,173.194.188.105,,,45734,443,0,37,17
1588616989.6130474,173.194.188.105,10.10.0.10,,,443,45734,0,1358,17
1588616989.6182828,173.194.188.105,10.10.0.10,,,443,45734,0,1358,17
1588616989.621576,10.10.0.10,173.194.188.105,,,45734,443,0,37,17
1588616989.6234908,173.194.188.105,10.10.0.10,,,443,45734,0,1358,17
1588616989.6286418,173.194.188.105,10.10.0.10,,,443,45734,0,1358,17
1588616989.6302588,10.10.0.10,173.194.188.105,,,45734,443,0,37,17
1588616989.633919,173.194.188.105,10.10.0.10,,,443,45734,0,1358,17
1588616989.639057,173.194.188.105,10.10.0.10,,,443,45734,0,1358,17
1588616989.6406784,10.10.0.10,173.194.188.105,,,45734,443,0,37,17
1588616989.6442685,173.194.188.105,10.10.0.10,,,443,45734,0,1358,17
1588616989.649529,173.194.188.105,10.10.0.10,,,443,45734,0,1358,17
1588616989.651407,10.10.0.10,173.194.188.105,,,45734,443,0,37,17
1588616989.65474,173.194.188.105,10.10.0.10,,,443,45734,0,1358,17
1588616989.6599472,173.194.188.105,10.10.0.10,,,443,45734,0,1358,17
1588616989.663327,10.10.0.10,173.194.188.105,,,45734,443,0,50,17
1588616989.665167,173.194.188.105,10.10.0.10,,,443,45734,0,1358,17
1588616989.670368,173.194.188.105,10.10.0.10,,,443,45734,0,1358,17
1588616989.6719027,10.10.0.10,173.194.188.105,,,45734,443,0,37,17
1588616989.675519,173.194.188.105,10.10.0.10,,,443,45734,0,1358,17
1588616989.680726,173.194.188.105,10.10.0.10,,,443,45734,0,1358,17
1588616989.682245,10.10.0.10,173.194.188.105,,,45734,443,0,37,17
1588616989.6859686,173.194.188.105,10.10.0.10,,,443,45734,0,1358,17
1588616989.6911626,173.194.188.105,10.10.0.10,,,443,45734,0,1358,17
1588616989.693248,10.10.0.10,173.194.188.105,,,45734,443,0,37,17
1588616989.696407,173.194.188.105,10.10.0.10,,,443,45734,0,1358,17
1588616989.701621,173.194.188.105,10.10.0.10,,,443,45734,0,1358,17
1588616989.7043395,10.10.0.10,173.194.188.105,,,45734,443,0,37,17
1588616989.706832,173.194.188.105,10.10.0.10,,,443,45734,0,1358,17
1588616989.712017,173.194.188.105,10.10.0.10,,,443,45734,0,1358,17
1588616989.714373,10.10.0.10,173.194.188.105,,,45734,443,0,37,17
1588616989.7172198,173.194.188.105,10.10.0.10,,,443,45734,0,1358,17
1588616989.7224214,173.194.188.105,10.10.0.10,,,443,45734,0,1358,17
1588616989.724008,10.10.0.10,173.194.188.105,,,45734,443,0,37,17
1588616989.7276602,173.194.188.105,10.10.0.10,,,443,45734,0,1358,17
1588616989.732868,173.194.188.105,10.10.0.10,,,443,45734,0,1358,17
1588616989.734532,10.10.0.10,173.194.188.105,,,45734,443,0,37,17
1588616989.7380762,173.194.188.105,10.10.0.10,,,443,45734,0,1358,17
1588616989.7432835,173.194.188.105,10.10.0.10,,,443,45734,0,1358,17
1588616989.744992,10.10.0.10,173.194.188.105,,,45734,443,0,37,17
1588616989.748501,173.194.188.105,10.10.0.10,,,443,45734,0,1358,17
1588616989.753707,173.194.188.105,10.10.0.10,,,443,45734,0,1358,17
1588616989.755287,10.10.0.10,173.194.188.105,,,45734,443,0,37,17
1588616989.758917,173.194.188.105,10.10.0.10,,,443,45734,0,1358,17
1588616989.764123,173.194.188.105,10.10.0.10,,,443,45734,0,1358,17
1588616989.765744,10.10.0.10,173.194.188.105,,,45734,443,0,37,17
1588616989.769335,173.194.188.105,10.10.0.10,,,443,45734,0,1358,17
1588616989.774542,173.194.188.105,10.10.0.10,,,443,45734,0,1358,17
1588616989.776097,10.10.0.10,173.194.188.105,,,45734,443,0,37,17
1588616989.779728,173.194.188.105,10.10.0.10,,,443,45734,0,1358,17
1588616989.7849581,173.194.188.105,10.10.0.10,,,443,45734,0,1358,17
1588616989.78662,10.10.0.10,173.194.188.105,,,45734,443,0,37,17
1588616989.79017,173.194.188.105,10.10.0.10,,,443,45734,0,1358,17
1588616989.795378,173.194.188.105,10.10.0.10,,,443,45734,0,1358,17
1588616989.796958,10.10.0.10,173.194.188.105,,,45734,443,0,37,17
1588616989.800561,173.194.188.105,10.10.0.10,,,443,45734,0,1358,17
1588616989.805768,173.194.188.105,10.10.0.10,,,443,45734,0,1358,17
1588616989.807361,10.10.0.10,173.194.188.105,,,45734,443,0,37,17
1588616989.811008,173.194.188.105,10.10.0.10,,,443,45734,0,1358,17
1588616989.8162198,173.194.188.105,10.10.0.10,,,443,45734,0,1358,17
1588616989.817842,10.10.0.10,173.194.188.105,,,45734,443,0,37,17
1588616989.821424,173.194.188.105,10.10.0.10,,,443,45734,0,1358,17
1588616989.826634,173.194.188.105,10.10.0.10,,,443,45734,0,1358,17
1588616989.8285751,10.10.0.10,173.194.188.105,,,45734,443,0,37,17
1588616989.8318448,173.194.188.105,10.10.0.10,,,443,45734,0,1358,17
1588616989.8370528,173.194.188.105,10.10.0.10,,,443,45734,0,1358,17
1588616989.8389359,10.10.0.10,173.194.188.105,,,45734,443,0,37,17
1588616989.84226,173.194.188.105,10.10.0.10,,,443,45734,0,1358,17
1588616989.847467,173.194.188.105,10.10.0.10,,,443,45734,0,1358,17
1588616989.8491118,10.10.0.10,173.194.188.105,,,45734,443,0,37,17
1588616989.8526778,173.194.188.105,10.10.0.10,,,443,45734,0,1358,17
1588616989.8578842,173.194.188.105,10.10.0.10,,,443,45734,0,1358,17
1588616989.8597171,10.10.0.10,173.194.188.105,,,45734,443,0,37,17
1588616989.863096,173.194.188.105,10.10.0.10,,,443,45734,0,1358,17
1588616989.868305,173.194.188.105,10.10.0.10,,,443,45734,0,1358,17
1588616989.870051,10.10.0.10,173.194.188.105,,,45734,443,0,50,17
1588616989.8735108,173.194.188.105,10.10.0.10,,,443,45734,0,1358,17
1588616989.8786714,173.194.188.105,10.10.0.10,,,443,45734,0,1358,17
1588616989.8802528,10.10.0.10,173.194.188.105,,,45734,443,0,37,17
1588616989.8839278,173.194.188.105,10.10.0.10,,,443,45734,0,1358,17
1588616989.8891392,173.194.188.105,10.10.0.10,,,443,45734,0,1358,17
1588616989.8912995,10.10.0.10,173.194.188.105,,,45734,443,0,37,17
1588616989.894325,173.194.188.105,10.10.0.10,,,443,45734,0,1358,17
1588616989.899529,173.194.188.105,10.10.0.10,,,443,45734,0,1358,17
1588616989.901259,10.10.0.10,173.194.188.105,,,45734,443,0,37,17
1588616989.9047651,173.194.188.105,10.10.0.10,,,443,45734,0,1358,17
1588616989.9099731,173.194.188.105,10.10.0.10,,,443,45734,0,29,17
1588616989.910137,173.194.188.105,10.10.0.10,,,443,45734,0,1358,17
1588616989.9119751,10.10.0.10,173.194.188.105,,,45734,443,0,37,17
1588616989.915391,173.194.188.105,10.10.0.10,,,443,45734,0,1358,17
1588616989.92063,173.194.188.105,10.10.0.10,,,443,45734,0,1358,17
1588616989.9223502,10.10.0.10,173.194.188.105,,,45734,443,0,37,17
1588616989.925835,173.194.188.105,10.10.0.10,,,443,45734,0,1358,17
1588616989.9310482,173.194.188.105,10.10.0.10,,,443,45734,0,1358,17
1588616989.932592,10.10.0.10,173.194.188.105,,,45734,443,0,37,17
1588616989.9362528,173.194.188.105,10.10.0.10,,,443,45734,0,1358,17
1588616989.9414608,173.194.188.105,10.10.0.10,,,443,45734,0,1358,17
1588616989.943075,10.10.0.10,173.194.188.105,,,45734,443,0,37,17
1588616989.946672,173.194.188.105,10.10.0.10,,,443,45734,0,1358,17
1588616989.9518821,173.194.188.105,10.10.0.10,,,443,45734,0,1358,17
1588616989.9534292,10.10.0.10,173.194.188.105,,,45734,443,0,37,17
1588616989.9570909,173.194.188.105,10.10.0.10,,,443,45734,0,1358,17
1588616989.962296,173.194.188.105,10.10.0.10,,,443,45734,0,1358,17
1588616989.9638882,10.10.0.10,173.194.188.105,,,45734,443,0,37,17
1588616989.9675078,173.194.188.105,10.10.0.10,,,443,45734,0,1358,17
1588616989.972717,173.194.188.105,10.10.0.10,,,443,45734,0,1358,17
1588616989.9743671,10.10.0.10,173.194.188.105,,,45734,443,0,37,17
1588616989.977922,173.194.188.105,10.10.0.10,,,443,45734,0,1358,17
1588616989.9831312,173.194.188.105,10.10.0.10,,,443,45734,0,1358,17
1588616989.9847412,10.10.0.10,173.194.188.105,,,45734,443,0,37,17
1588616989.9883552,173.194.188.105,10.10.0.10,,,443,45734,0,1358,17
1588616989.993549,173.194.188.105,10.10.0.10,,,443,45734,0,1358,17
1588616989.995211,10.10.0.10,173.194.188.105,,,45734,443,0,37,17
1588616989.9987235,173.194.188.105,10.10.0.10,,,443,45734,0,1358,17
1588616990.003969,173.194.188.105,10.10.0.10,,,443,45734,0,1358,17
1588616990.005929,10.10.0.10,173.194.188.105,,,45734,443,0,37,17
1588616990.0091732,173.194.188.105,10.10.0.10,,,443,45734,0,1358,17
1588616990.014383,173.194.188.105,10.10.0.10,,,443,45734,0,1358,17
1588616990.01625,10.10.0.10,173.194.188.105,,,45734,443,0,37,17
1588616990.019596,173.194.188.105,10.10.0.10,,,443,45734,0,1358,17
1588616990.024806,173.194.188.105,10.10.0.10,,,443,45734,0,1358,17
1588616990.0268302,10.10.0.10,173.194.188.105,,,45734,443,0,37,17
1588616990.0300279,173.194.188.105,10.10.0.10,,,443,45734,0,1358,17
1588616990.035208,173.194.188.105,10.10.0.10,,,443,45734,0,1358,17
1588616990.036959,10.10.0.10,173.194.188.105,,,45734,443,0,37,17
1588616990.040432,173.194.188.105,10.10.0.10,,,443,45734,0,1358,17
1588616990.0456474,173.194.188.105,10.10.0.10,,,443,45734,0,1358,17
1588616990.047209,10.10.0.10,173.194.188.105,,,45734,443,0,37,17
1588616990.050849,173.194.188.105,10.10.0.10,,,443,45734,0,1358,17
1588616990.056058,173.194.188.105,10.10.0.10,,,443,45734,0,1358,17
1588616990.057871,10.10.0.10,173.194.188.105,,,45734,443,0,37,17
1588616990.061265,173.194.188.105,10.10.0.10,,,443,45734,0,1358,17
1588616990.066478,173.194.188.105,10.10.0.10,,,443,45734,0,1358,17
1588616990.0683556,10.10.0.10,173.194.188.105,,,45734,443,0,37,17
1588616990.071683,173.194.188.105,10.10.0.10,,,443,45734,0,1358,17
1588616990.076894,173.194.188.105,10.10.0.10,,,443,45734,0,1358,17
1588616990.078797,10.10.0.10,173.194.188.105,,,45734,443,0,50,17
1588616990.082104,173.194.188.105,10.10.0.10,,,443,45734,0,1358,17
1588616990.0873132,173.194.188.105,10.10.0.10,,,443,45734,0,1358,17
1588616990.089276,10.10.0.10,173.194.188.105,,,45734,443,0,37,17
1588616990.0925221,173.194.188.105,10.10.0.10,,,443,45734,0,1358,17
1588616990.0976908,173.194.188.105,10.10.0.10,,,443,45734,0,1358,17
1588616990.0995822,10.10.0.10,173.194.188.105,,,45734,443,0,37,17
1588616990.102935,173.194.188.105,10.10.0.10,,,443,45734,0,1358,17
1588616990.1081429,173.194.188.105,10.10.0.10,,,443,45734,0,1358,17
1588616990.110757,10.10.0.10,173.194.188.105,,,45734,443,0,37,17
1588616990.113352,173.194.188.105,10.10.0.10,,,443,45734,0,1358,17
1588616990.1185422,173.194.188.105,10.10.0.10,,,443,45734,0,1358,17
1588616990.1217089,10.10.0.10,173.194.188.105,,,45734,443,0,37,17
1588616990.12377,173.194.188.105,10.10.0.10,,,443,45734,0,1358,17
1588616990.128978,173.194.188.105,10.10.0.10,,,443,45734,0,1358,17
1588616990.1305606,10.10.0.10,173.194.188.105,,,45734,443,0,37,17
1588616990.134187,173.194.188.105,10.10.0.10,,,443,45734,0,1358,17
1588616990.1393938,173.194.188.105,10.10.0.10,,,443,45734,0,1358,17
1588616990.141148,10.10.0.10,173.194.188.105,,,45734,443,0,37,17
1588616990.144607,173.194.188.105,10.10.0.10,,,443,45734,0,1358,17
1588616990.1498115,173.194.188.105,10.10.0.10,,,443,45734,0,1358,17
1588616990.151419,10.10.0.10,173.194.188.105,,,45734,443,0,37,17
1588616990.1550212,173.194.188.105,10.10.0.10,,,443,45734,0,1358,17
1588616990.160234,173.194.188.105,10.10.0.10,,,443,45734,0,1358,17
1588616990.1617491,10.10.0.10,173.194.188.105,,,45734,443,0,37,17
1588616990.16544,173.194.188.105,10.10.0.10,,,443,45734,0,1358,17
1588616990.170651,173.194.188.105,10.10.0.10,,,443,45734,0,1358,17
1588616990.172416,10.10.0.10,173.194.188.105,,,45734,443,0,37,17
1588616990.175805,173.194.188.105,10.10.0.10,,,443,45734,0,1358,17
1588616990.1810632,173.194.188.105,10.10.0.10,,,443,45734,0,1358,17
1588616990.18292,10.10.0.10,173.194.188.105,,,45734,443,0,37,17
1588616990.1862724,173.194.188.105,10.10.0.10,,,443,45734,0,1358,17
1588616990.1914818,173.194.188.105,10.10.0.10,,,443,45734,0,1358,17
1588616990.193187,10.10.0.10,173.194.188.105,,,45734,443,0,37,17
1588616990.1966932,173.194.188.105,10.10.0.10,,,443,45734,0,1358,17
1588616990.201873,173.194.188.105,10.10.0.10,,,443,45734,0,1358,17
1588616990.203712,10.10.0.10,173.194.188.105,,,45734,443,0,37,17
1588616990.2071078,173.194.188.105,10.10.0.10,,,443,45734,0,1358,17
1588616990.2122786,173.194.188.105,10.10.0.10,,,443,45734,0,1358,17
1588616990.214062,10.10.0.10,173.194.188.105,,,45734,443,0,37,17
1588616990.2175279,173.194.188.105,10.10.0.10,,,443,45734,0,1358,17
1588616990.222714,173.194.188.105,10.10.0.10,,,443,45734,0,1358,17
1588616990.2252321,10.10.0.10,173.194.188.105,,,45734,443,0,37,17
1588616990.227944,173.194.188.105,10.10.0.10,,,443,45734,0,1358,17
1588616990.233103,173.194.188.105,10.10.0.10,,,443,45734,0,1358,17
1588616990.2345939,10.10.0.10,173.194.188.105,,,45734,443,0,37,17
1588616990.2383652,173.194.188.105,10.10.0.10,,,443,45734,0,1358,17
1588616990.243575,173.194.188.105,10.10.0.10,,,443,45734,0,1358,17
1588616990.2452462,10.10.0.10,173.194.188.105,,,45734,443,0,37,17
1588616990.248783,173.194.188.105,10.10.0.10,,,443,45734,0,1358,17
1588616990.2539892,173.194.188.105,10.10.0.10,,,443,45734,0,1358,17
1588616990.255799,10.10.0.10,173.194.188.105,,,45734,443,0,37,17
1588616990.259201,173.194.188.105,10.10.0.10,,,443,45734,0,1358,17
1588616990.264409,173.194.188.105,10.10.0.10,,,443,45734,0,1358,17
1588616990.2659779,10.10.0.10,173.194.188.105,,,45734,443,0,37,17
1588616990.269614,173.194.188.105,10.10.0.10,,,443,45734,0,1358,17
1588616990.2747679,173.194.188.105,10.10.0.10,,,443,45734,0,1358,17
1588616990.2763982,10.10.0.10,173.194.188.105,,,45734,443,0,37,17
1588616990.2800052,173.194.188.105,10.10.0.10,,,443,45734,0,1358,17
1588616990.2852151,173.194.188.105,10.10.0.10,,,443,45734,0,1358,17
1588616990.286814,10.10.0.10,173.194.188.105,,,45734,443,0,50,17
1588616990.290448,173.194.188.105,10.10.0.10,,,443,45734,0,1358,17
1588616990.295656,173.194.188.105,10.10.0.10,,,443,45734,0,1358,17
1588616990.2973092,10.10.0.10,173.194.188.105,,,45734,443,0,37,17
1588616990.3008661,173.194.188.105,10.10.0.10,,,443,45734,0,1358,17
1588616990.306073,173.194.188.105,10.10.0.10,,,443,45734,0,1358,17
1588616990.307776,10.10.0.10,173.194.188.105,,,45734,443,0,37,17
1588616990.3112838,173.194.188.105,10.10.0.10,,,443,45734,0,1358,17
1588616990.316492,173.194.188.105,10.10.0.10,,,443,45734,0,29,17
1588616990.316646,173.194.188.105,10.10.0.10,,,443,45734,0,1358,17
1588616990.3183172,10.10.0.10,173.194.188.105,,,45734,443,0,37,17
1588616990.3218758,173.194.188.105,10.10.0.10,,,443,45734,0,1358,17
1588616990.3271186,173.194.188.105,10.10.0.10,,,443,45734,0,1358,17
1588616990.329005,10.10.0.10,173.194.188.105,,,45734,443,0,37,17
1588616990.3323572,173.194.188.105,10.10.0.10,,,443,45734,0,1358,17
1588616990.3375642,173.194.188.105,10.10.0.10,,,443,45734,0,1358,17
1588616990.3405476,10.10.0.10,173.194.188.105,,,45734,443,0,37,17
1588616990.342781,173.194.188.105,10.10.0.10,,,443,45734,0,1358,17
1588616990.3479831,173.194.188.105,10.10.0.10,,,443,45734,0,1358,17
1588616990.349797,10.10.0.10,173.194.188.105,,,45734,443,0,37,17
1588616990.3531866,173.194.188.105,10.10.0.10,,,443,45734,0,1358,17
1588616990.358396,173.194.188.105,10.10.0.10,,,443,45734,0,1358,17
1588616990.3600614,10.10.0.10,173.194.188.105,,,45734,443,0,37,17
1588616990.363539,173.194.188.105,10.10.0.10,,,443,45734,0,1358,17
1588616990.3687706,173.194.188.105,10.10.0.10,,,443,45734,0,1358,17
1588616990.3703802,10.10.0.10,173.194.188.105,,,45734,443,0,37,17
1588616990.374022,173.194.188.105,10.10.0.10,,,443,45734,0,1358,17
1588616990.3792355,173.194.188.105,10.10.0.10,,,443,45734,0,1358,17
1588616990.3809626,10.10.0.10,173.194.188.105,,,45734,443,0,37,17
1588616990.3844428,173.194.188.105,10.10.0.10,,,443,45734,0,1358,17
1588616990.3896532,173.194.188.105,10.10.0.10,,,443,45734,0,1358,17
1588616990.391608,10.10.0.10,173.194.188.105,,,45734,443,0,37,17
1588616990.394814,173.194.188.105,10.10.0.10,,,443,45734,0,1358,17
1588616990.400018,173.194.188.105,10.10.0.10,,,443,45734,0,1358,17
1588616990.4015431,10.10.0.10,173.194.188.105,,,45734,443,0,37,17
1588616990.405198,173.194.188.105,10.10.0.10,,,443,45734,0,1358,17
1588616990.410436,173.194.188.105,10.10.0.10,,,443,45734,0,1358,17
1588616990.412559,10.10.0.10,173.194.188.105,,,45734,443,0,37,17
1588616990.4156284,173.194.188.105,10.10.0.10,,,443,45734,0,1358,17
1588616990.42089,173.194.188.105,10.10.0.10,,,443,45734,0,1358,17
1588616990.4226649,10.10.0.10,173.194.188.105,,,45734,443,0,37,17
1588616990.4260998,173.194.188.105,10.10.0.10,,,443,45734,0,1358,17
1588616990.4313068,173.194.188.105,10.10.0.10,,,443,45734,0,1358,17
1588616990.433269,10.10.0.10,173.194.188.105,,,45734,443,0,37,17
1588616990.4365199,173.194.188.105,10.10.0.10,,,443,45734,0,1358,17
1588616990.441724,173.194.188.105,10.10.0.10,,,443,45734,0,1358,17
1588616990.443391,10.10.0.10,173.194.188.105,,,45734,443,0,37,17
1588616990.446933,173.194.188.105,10.10.0.10,,,443,45734,0,1358,17
1588616990.4521012,173.194.188.105,10.10.0.10,,,443,45734,0,1358,17
1588616990.453639,10.10.0.10,173.194.188.105,,,45734,443,0,37,17
1588616990.457348,173.194.188.105,10.10.0.10,,,443,45734,0,307,17
1588616990.5246851,10.10.0.10,173.194.188.105,,,45734,443,0,37,17
1588616991.189416,10.10.0.10,173.194.188.105,,,45734,443,0,726,17
1588616991.189467,10.10.0.10,173.194.188.105,,,45734,443,0,48,17
1588616991.194026,173.194.188.105,10.10.0.10,,,443,45734,0,115,17
1588616991.194072,173.194.188.105,10.10.0.10,,,443,45734,0,1358,17
1588616991.1940932,173.194.188.105,10.10.0.10,,,443,45734,0,1358,17
1588616991.199024,173.194.188.105,10.10.0.10,,,443,45734,0,1358,17
1588616991.2043052,173.194.188.105,10.10.0.10,,,443,45734,0,1358,17
1588616991.2095141,173.194.188.105,10.10.0.10,,,443,45734,0,1358,17
1588616991.2147224,173.194.188.105,10.10.0.10,,,443,45734,0,1358,17
1588616991.2199302,173.194.188.105,10.10.0.10,,,443,45734,0,1358,17
1588616991.26149,173.194.188.105,10.10.0.10,,,443,45734,0,1358,17
1588616991.271064,10.10.0.10,173.194.188.105,,,45734,443,0,37,17
1588616991.271628,10.10.0.10,173.194.188.105,,,45734,443,0,37,17
1588616991.271697,10.10.0.10,173.194.188.105,,,45734,443,0,37,17
1588616991.2729318,10.10.0.10,173.194.188.105,,,45734,443,0,37,17
1588616991.275776,173.194.188.105,10.10.0.10,,,443,45734,0,1358,17
1588616991.275826,173.194.188.105,10.10.0.10,,,443,45734,0,1358,17
1588616991.2798278,10.10.0.10,173.194.188.105,,,45734,443,0,37,17
1588616991.2863052,173.194.188.105,10.10.0.10,,,443,45734,0,1358,17
1588616991.2863548,173.194.188.105,10.10.0.10,,,443,45734,0,1358,17
1588616991.2879279,10.10.0.10,173.194.188.105,,,45734,443,0,37,17
1588616991.298318,173.194.188.105,10.10.0.10,,,443,45734,0,1358,17
1588616991.298367,173.194.188.105,10.10.0.10,,,443,45734,0,1358,17
1588616991.306689,173.194.188.105,10.10.0.10,,,443,45734,0,1358,17
1588616991.3080359,173.194.188.105,10.10.0.10,,,443,45734,0,1358,17
1588616991.31721,173.194.188.105,10.10.0.10,,,443,45734,0,1358,17
1588616991.3184538,173.194.188.105,10.10.0.10,,,443,45734,0,1358,17
1588616991.327107,173.194.188.105,10.10.0.10,,,443,45734,0,1358,17
1588616991.3288698,173.194.188.105,10.10.0.10,,,443,45734,0,1358,17
1588616991.337414,173.194.188.105,10.10.0.10,,,443,45734,0,1358,17
1588616991.3392868,173.194.188.105,10.10.0.10,,,443,45734,0,1358,17
1588616991.3482368,173.194.188.105,10.10.0.10,,,443,45734,0,1358,17
1588616991.349709,173.194.188.105,10.10.0.10,,,443,45734,0,1358,17
1588616991.3878634,10.10.0.10,173.194.188.105,,,45734,443,0,738,17
1588616991.387917,10.10.0.10,173.194.188.105,,,45734,443,0,48,17
1588616991.39043,10.10.0.10,173.194.188.105,,,45734,443,0,37,17
1588616991.391809,10.10.0.10,173.194.188.105,,,45734,443,0,37,17
1588616991.392041,173.194.188.105,10.10.0.10,,,443,45734,0,1358,17
1588616991.392879,10.10.0.10,173.194.188.105,,,45734,443,0,37,17
1588616991.393926,10.10.0.10,173.194.188.105,,,45734,443,0,37,17
1588616991.394669,173.194.188.105,10.10.0.10,,,443,45734,0,1358,17
1588616991.3948526,10.10.0.10,173.194.188.105,,,45734,443,0,37,17
1588616991.3955786,10.10.0.10,173.194.188.105,,,45734,443,0,37,17
1588616991.3965068,173.194.188.105,10.10.0.10,,,443,45734,0,1358,17
1588616991.3969102,10.10.0.10,173.194.188.105,,,45734,443,0,37,17
1588616991.40844,173.194.188.105,10.10.0.10,,,443,45734,0,1358,17
1588616991.4085,173.194.188.105,10.10.0.10,,,443,45734,0,1358,17
1588616991.410116,10.10.0.10,173.194.188.105,,,45734,443,0,37,17
1588616991.419352,173.194.188.105,10.10.0.10,,,443,45734,0,1358,17
1588616991.41941,173.194.188.105,10.10.0.10,,,443,45734,0,1358,17
1588616991.4288828,173.194.188.105,10.10.0.10,,,443,45734,0,1358,17
1588616991.428994,173.194.188.105,10.10.0.10,,,443,45734,0,1358,17
1588616991.43896,173.194.188.105,10.10.0.10,,,443,45734,0,1358,17
1588616991.4394338,173.194.188.105,10.10.0.10,,,443,45734,0,1358,17
1588616991.448854,173.194.188.105,10.10.0.10,,,443,45734,0,1358,17
1588616991.449899,173.194.188.105,10.10.0.10,,,443,45734,0,1358,17
1588616991.459772,173.194.188.105,10.10.0.10,,,443,45734,0,1358,17
1588616991.4602685,173.194.188.105,10.10.0.10,,,443,45734,0,1358,17
1588616991.4697368,173.194.188.105,10.10.0.10,,,443,45734,0,1358,17
1588616991.4707308,173.194.188.105,10.10.0.10,,,443,45734,0,1358,17
1588616991.4797974,173.194.188.105,10.10.0.10,,,443,45734,0,1358,17
1588616991.4811482,173.194.188.105,10.10.0.10,,,443,45734,0,1358,17
1588616991.4899642,173.194.188.105,10.10.0.10,,,443,45734,0,1358,17
1588616991.4915652,173.194.188.105,10.10.0.10,,,443,45734,0,1358,17
1588616991.5001779,173.194.188.105,10.10.0.10,,,443,45734,0,1358,17
1588616991.508609,10.10.0.10,173.194.188.105,,,45734,443,0,37,17
1588616991.5116212,10.10.0.10,173.194.188.105,,,45734,443,0,37,17
1588616991.512685,173.194.188.105,10.10.0.10,,,443,45734,0,1358,17
1588616991.5135732,10.10.0.10,173.194.188.105,,,45734,443,0,37,17
1588616991.5138106,10.10.0.10,173.194.188.105,,,45734,443,0,37,17
1588616991.5153348,10.10.0.10,173.194.188.105,,,45734,443,0,37,17
1588616991.515799,173.194.188.105,10.10.0.10,,,443,45734,0,1358,17
1588616991.5166712,10.10.0.10,173.194.188.105,,,45734,443,0,37,17
1588616991.517121,173.194.188.105,10.10.0.10,,,443,45734,0,1358,17
1588616991.5174508,10.10.0.10,173.194.188.105,,,45734,443,0,37,17
1588616991.5198321,10.10.0.10,173.194.188.105,,,45734,443,0,37,17
1588616991.520782,10.10.0.10,173.194.188.105,,,45734,443,0,37,17
1588616991.5214188,10.10.0.10,173.194.188.105,,,45734,443,0,37,17
1588616991.5218804,10.10.0.10,173.194.188.105,,,45734,443,0,37,17
1588616991.5249019,173.194.188.105,10.10.0.10,,,443,45734,0,1358,17
1588616991.527577,173.194.188.105,10.10.0.10,,,443,45734,0,1358,17
1588616991.5292456,10.10.0.10,173.194.188.105,,,45734,443,0,50,17
1588616991.533374,173.194.188.105,10.10.0.10,,,443,45734,0,1358,17
1588616991.5379891,173.194.188.105,10.10.0.10,,,443,45734,0,1358,17
1588616991.543201,173.194.188.105,10.10.0.10,,,443,45734,0,1358,17
1588616991.548433,173.194.188.105,10.10.0.10,,,443,45734,0,1358,17
1588616991.553642,173.194.188.105,10.10.0.10,,,443,45734,0,1358,17
1588616991.558826,173.194.188.105,10.10.0.10,,,443,45734,0,1358,17
1588616991.56407,173.194.188.105,10.10.0.10,,,443,45734,0,1358,17
1588616991.5692122,173.194.188.105,10.10.0.10,,,443,45734,0,1358,17
1588616991.574416,173.194.188.105,10.10.0.10,,,443,45734,0,1358,17
1588616991.5796616,173.194.188.105,10.10.0.10,,,443,45734,0,1358,17
1588616991.584896,173.194.188.105,10.10.0.10,,,443,45734,0,1358,17
1588616991.590106,173.194.188.105,10.10.0.10,,,443,45734,0,1358,17
1588616991.5952554,173.194.188.105,10.10.0.10,,,443,45734,0,1358,17
1588616991.6004634,173.194.188.105,10.10.0.10,,,443,45734,0,1358,17
1588616991.605694,173.194.188.105,10.10.0.10,,,443,45734,0,1358,17
1588616991.6108902,173.194.188.105,10.10.0.10,,,443,45734,0,1358,17
1588616991.616141,173.194.188.105,10.10.0.10,,,443,45734,0,1358,17
1588616991.6213481,173.194.188.105,10.10.0.10,,,443,45734,0,1358,17
1588616991.6265626,173.194.188.105,10.10.0.10,,,443,45734,0,1358,17
1588616991.6274462,10.10.0.10,173.194.188.105,,,45734,443,0,37,17
1588616991.631772,173.194.188.105,10.10.0.10,,,443,45734,0,1358,17
1588616991.6320028,10.10.0.10,173.194.188.105,,,45734,443,0,37,17
1588616991.6347141,10.10.0.10,173.194.188.105,,,45734,443,0,37,17
1588616991.6357422,10.10.0.10,173.194.188.105,,,45734,443,0,37,17
1588616991.636327,10.10.0.10,173.194.188.105,,,45734,443,0,37,17
1588616991.636919,173.194.188.105,10.10.0.10,,,443,45734,0,1358,17
1588616991.637801,10.10.0.10,173.194.188.105,,,45734,443,0,37,17
1588616991.6388528,10.10.0.10,173.194.188.105,,,45734,443,0,37,17
1588616991.63979,10.10.0.10,173.194.188.105,,,45734,443,0,37,17
1588616991.641763,10.10.0.10,173.194.188.105,,,45734,443,0,37,17
1588616991.6421402,173.194.188.105,10.10.0.10,,,443,45734,0,1358,17
1588616991.643265,10.10.0.10,173.194.188.105,,,45734,443,0,37,17
1588616991.6441422,10.10.0.10,173.194.188.105,,,45734,443,0,37,17
1588616991.647353,173.194.188.105,10.10.0.10,,,443,45734,0,1358,17
1588616991.650959,10.10.0.10,173.194.188.105,,,45734,443,0,37,17
1588616991.6525812,173.194.188.105,10.10.0.10,,,443,45734,0,1358,17
1588616991.6577892,173.194.188.105,10.10.0.10,,,443,45734,0,1358,17
1588616991.6630268,173.194.188.105,10.10.0.10,,,443,45734,0,1358,17
1588616991.668202,173.194.188.105,10.10.0.10,,,443,45734,0,1358,17
1588616991.6734428,173.194.188.105,10.10.0.10,,,443,45734,0,1358,17
1588616991.6786542,173.194.188.105,10.10.0.10,,,443,45734,0,1358,17
1588616991.6838589,173.194.188.105,10.10.0.10,,,443,45734,0,1358,17
1588616991.689068,173.194.188.105,10.10.0.10,,,443,45734,0,1358,17
1588616991.694276,173.194.188.105,10.10.0.10,,,443,45734,0,1358,17
1588616991.699498,173.194.188.105,10.10.0.10,,,443,45734,0,1358,17
1588616991.704693,173.194.188.105,10.10.0.10,,,443,45734,0,1358,17
1588616991.7099214,173.194.188.105,10.10.0.10,,,443,45734,0,1358,17
1588616991.7151198,173.194.188.105,10.10.0.10,,,443,45734,0,1358,17
1588616991.7203386,173.194.188.105,10.10.0.10,,,443,45734,0,1358,17
1588616991.725542,173.194.188.105,10.10.0.10,,,443,45734,0,1358,17
1588616991.7307482,173.194.188.105,10.10.0.10,,,443,45734,0,1358,17
1588616991.735956,173.194.188.105,10.10.0.10,,,443,45734,0,1358,17
1588616991.74113,173.194.188.105,10.10.0.10,,,443,45734,0,1358,17
1588616991.7463708,173.194.188.105,10.10.0.10,,,443,45734,0,1358,17
1588616991.7471938,10.10.0.10,173.194.188.105,,,45734,443,0,37,17
1588616991.751304,10.10.0.10,173.194.188.105,,,45734,443,0,37,17
1588616991.751514,173.194.188.105,10.10.0.10,,,443,45734,0,1358,17
1588616991.752871,10.10.0.10,173.194.188.105,,,45734,443,0,37,17
1588616991.75437,10.10.0.10,173.194.188.105,,,45734,443,0,37,17
1588616991.7558696,10.10.0.10,173.194.188.105,,,45734,443,0,37,17
1588616991.7567859,173.194.188.105,10.10.0.10,,,443,45734,0,1358,17
1588616991.7609491,10.10.0.10,173.194.188.105,,,45734,443,0,37,17
1588616991.761971,173.194.188.105,10.10.0.10,,,443,45734,0,1358,17
1588616991.7623632,10.10.0.10,173.194.188.105,,,45734,443,0,37,17
1588616991.763743,10.10.0.10,173.194.188.105,,,45734,443,0,50,17
1588616991.764303,10.10.0.10,173.194.188.105,,,45734,443,0,37,17
1588616991.765066,10.10.0.10,173.194.188.105,,,45734,443,0,37,17
1588616991.766527,10.10.0.10,173.194.188.105,,,45734,443,0,37,17
1588616991.7671788,173.194.188.105,10.10.0.10,,,443,45734,0,1358,17
1588616991.76869,10.10.0.10,173.194.188.105,,,45734,443,0,37,17
1588616991.772413,173.194.188.105,10.10.0.10,,,443,45734,0,1358,17
1588616991.777627,173.194.188.105,10.10.0.10,,,443,45734,0,1358,17
1588616991.78283,173.194.188.105,10.10.0.10,,,443,45734,0,1358,17
1588616991.787984,173.194.188.105,10.10.0.10,,,443,45734,0,1358,17
1588616991.793248,173.194.188.105,10.10.0.10,,,443,45734,0,1358,17
1588616991.798455,173.194.188.105,10.10.0.10,,,443,45734,0,1358,17
1588616991.8036768,173.194.188.105,10.10.0.10,,,443,45734,0,29,17
1588616991.8038292,173.194.188.105,10.10.0.10,,,443,45734,0,1358,17
1588616991.8091161,173.194.188.105,10.10.0.10,,,443,45734,0,1358,17
1588616991.814327,173.194.188.105,10.10.0.10,,,443,45734,0,1358,17
1588616991.819537,173.194.188.105,10.10.0.10,,,443,45734,0,1358,17
1588616991.8247464,173.194.188.105,10.10.0.10,,,443,45734,0,1358,17
1588616991.8252866,10.10.0.10,173.194.188.105,,,45734,443,0,37,17
1588616991.827497,10.10.0.10,173.194.188.105,,,45734,443,0,37,17
1588616991.8286989,10.10.0.10,173.194.188.105,,,45734,443,0,37,17
1588616991.8299458,173.194.188.105,10.10.0.10,,,443,45734,0,1358,17
1588616991.8312461,10.10.0.10,173.194.188.105,,,45734,443,0,37,17
1588616991.8313158,10.10.0.10,173.194.188.105,,,45734,443,0,37,17
1588616991.833301,10.10.0.10,173.194.188.105,,,45734,443,0,37,17
1588616991.835162,173.194.188.105,10.10.0.10,,,443,45734,0,1358,17
1588616991.8369699,10.10.0.10,173.194.188.105,,,45734,443,0,37,17
1588616991.840368,173.194.188.105,10.10.0.10,,,443,45734,0,1358,17
1588616991.845506,173.194.188.105,10.10.0.10,,,443,45734,0,1358,17
1588616991.847178,10.10.0.10,173.194.188.105,,,45734,443,0,37,17
1588616991.850786,173.194.188.105,10.10.0.10,,,443,45734,0,1358,17
1588616991.855969,173.194.188.105,10.10.0.10,,,443,45734,0,1358,17
1588616991.8583224,10.10.0.10,173.194.188.105,,,45734,443,0,37,17
1588616991.86118,173.194.188.105,10.10.0.10,,,443,45734,0,1358,17
1588616991.866409,173.194.188.105,10.10.0.10,,,443,45734,0,1358,17
1588616991.8681116,10.10.0.10,173.194.188.105,,,45734,443,0,37,17
1588616991.871614,173.194.188.105,10.10.0.10,,,443,45734,0,1358,17
1588616991.876823,173.194.188.105,10.10.0.10,,,443,45734,0,1358,17
1588616991.87893,10.10.0.10,173.194.188.105,,,45734,443,0,37,17
1588616991.881973,173.194.188.105,10.10.0.10,,,443,45734,0,1358,17
1588616991.887248,173.194.188.105,10.10.0.10,,,443,45734,0,1358,17
1588616991.888978,10.10.0.10,173.194.188.105,,,45734,443,0,37,17
1588616991.8924608,173.194.188.105,10.10.0.10,,,443,45734,0,1358,17
1588616991.897622,173.194.188.105,10.10.0.10,,,443,45734,0,1358,17
1588616991.899106,10.10.0.10,173.194.188.105,,,45734,443,0,37,17
1588616991.902864,173.194.188.105,10.10.0.10,,,443,45734,0,1358,17
1588616991.908073,173.194.188.105,10.10.0.10,,,443,45734,0,1358,17
1588616991.9099252,10.10.0.10,173.194.188.105,,,45734,443,0,37,17
1588616991.913281,173.194.188.105,10.10.0.10,,,443,45734,0,1358,17
1588616991.918503,173.194.188.105,10.10.0.10,,,443,45734,0,1358,17
1588616991.9203858,10.10.0.10,173.194.188.105,,,45734,443,0,37,17
1588616991.923698,173.194.188.105,10.10.0.10,,,443,45734,0,1358,17
1588616991.9288669,173.194.188.105,10.10.0.10,,,443,45734,0,1358,17
1588616991.9307554,10.10.0.10,173.194.188.105,,,45734,443,0,50,17
1588616991.93412,173.194.188.105,10.10.0.10,,,443,45734,0,1358,17
1588616991.939328,173.194.188.105,10.10.0.10,,,443,45734,0,1358,17
1588616991.941365,10.10.0.10,173.194.188.105,,,45734,443,0,37,17
1588616991.944538,173.194.188.105,10.10.0.10,,,443,45734,0,1358,17
1588616991.949742,173.194.188.105,10.10.0.10,,,443,45734,0,1358,17
1588616991.951426,10.10.0.10,173.194.188.105,,,45734,443,0,37,17
1588616991.954951,173.194.188.105,10.10.0.10,,,443,45734,0,1358,17
1588616991.9601624,173.194.188.105,10.10.0.10,,,443,45734,0,1358,17
1588616991.961898,10.10.0.10,173.194.188.105,,,45734,443,0,37,17
1588616991.9653714,173.194.188.105,10.10.0.10,,,443,45734,0,1358,17
1588616991.970577,173.194.188.105,10.10.0.10,,,443,45734,0,1358,17
1588616991.9721172,10.10.0.10,173.194.188.105,,,45734,443,0,37,17
1588616991.975785,173.194.188.105,10.10.0.10,,,443,45734,0,1358,17
1588616991.980997,173.194.188.105,10.10.0.10,,,443,45734,0,29,17
1588616991.981174,173.194.188.105,10.10.0.10,,,443,45734,0,1358,17
1588616991.982818,10.10.0.10,173.194.188.105,,,45734,443,0,37,17
1588616991.986442,173.194.188.105,10.10.0.10,,,443,45734,0,1358,17
1588616991.99165,173.194.188.105,10.10.0.10,,,443,45734,0,1358,17
1588616991.993237,10.10.0.10,173.194.188.105,,,45734,443,0,37,17
1588616991.996855,173.194.188.105,10.10.0.10,,,443,45734,0,1358,17
1588616992.002002,173.194.188.105,10.10.0.10,,,443,45734,0,1358,17
1588616992.007273,173.194.188.105,10.10.0.10,,,443,45734,0,1358,17
1588616992.012485,173.194.188.105,10.10.0.10,,,443,45734,0,1358,17
1588616992.017689,173.194.188.105,10.10.0.10,,,443,45734,0,1358,17
1588616992.0228686,173.194.188.105,10.10.0.10,,,443,45734,0,1358,17
1588616992.0266569,10.10.0.10,173.194.188.105,,,45734,443,0,37,17
1588616992.027622,10.10.0.10,173.194.188.105,,,45734,443,0,37,17
1588616992.0280669,173.194.188.105,10.10.0.10,,,443,45734,0,1358,17
1588616992.0292802,10.10.0.10,173.194.188.105,,,45734,443,0,37,17
1588616992.033315,173.194.188.105,10.10.0.10,,,443,45734,0,1358,17
1588616992.0349472,10.10.0.10,173.194.188.105,,,45734,443,0,37,17
1588616992.038527,173.194.188.105,10.10.0.10,,,443,45734,0,1358,17
1588616992.0437331,173.194.188.105,10.10.0.10,,,443,45734,0,1358,17
1588616992.0457196,10.10.0.10,173.194.188.105,,,45734,443,0,37,17
1588616992.048944,173.194.188.105,10.10.0.10,,,443,45734,0,1358,17
1588616992.054154,173.194.188.105,10.10.0.10,,,443,45734,0,1358,17
1588616992.056652,10.10.0.10,173.194.188.105,,,45734,443,0,37,17
1588616992.0593321,173.194.188.105,10.10.0.10,,,443,45734,0,1358,17
1588616992.064567,173.194.188.105,10.10.0.10,,,443,45734,0,1358,17
1588616992.067398,10.10.0.10,173.194.188.105,,,45734,443,0,37,17
1588616992.069779,173.194.188.105,10.10.0.10,,,443,45734,0,1358,17
1588616992.074985,173.194.188.105,10.10.0.10,,,443,45734,0,1358,17
1588616992.076941,10.10.0.10,173.194.188.105,,,45734,443,0,37,17
1588616992.080199,173.194.188.105,10.10.0.10,,,443,45734,0,1358,17
1588616992.085407,173.194.188.105,10.10.0.10,,,443,45734,0,1358,17
1588616992.087085,10.10.0.10,173.194.188.105,,,45734,443,0,37,17
1588616992.090611,173.194.188.105,10.10.0.10,,,443,45734,0,1358,17
1588616992.0958178,173.194.188.105,10.10.0.10,,,443,45734,0,1358,17
1588616992.0976772,10.10.0.10,173.194.188.105,,,45734,443,0,37,17
1588616992.101031,173.194.188.105,10.10.0.10,,,443,45734,0,1358,17
1588616992.106195,173.194.188.105,10.10.0.10,,,443,45734,0,1358,17
1588616992.1114454,173.194.188.105,10.10.0.10,,,443,45734,0,1358,17
1588616992.1139169,10.10.0.10,173.194.188.105,,,45734,443,0,37,17
1588616992.116658,173.194.188.105,10.10.0.10,,,443,45734,0,1358,17
1588616992.118256,10.10.0.10,173.194.188.105,,,45734,443,0,37,17
1588616992.1218634,173.194.188.105,10.10.0.10,,,443,45734,0,1358,17
1588616992.127075,173.194.188.105,10.10.0.10,,,443,45734,0,1358,17
1588616992.1292222,10.10.0.10,173.194.188.105,,,45734,443,0,37,17
1588616992.1322794,173.194.188.105,10.10.0.10,,,443,45734,0,1358,17
1588616992.13749,173.194.188.105,10.10.0.10,,,443,45734,0,1358,17
1588616992.139695,10.10.0.10,173.194.188.105,,,45734,443,0,50,17
1588616992.14265,173.194.188.105,10.10.0.10,,,443,45734,0,1358,17
1588616992.147904,173.194.188.105,10.10.0.10,,,443,45734,0,1358,17
1588616992.149844,10.10.0.10,173.194.188.105,,,45734,443,0,37,17
1588616992.1531172,173.194.188.105,10.10.0.10,,,443,45734,0,1358,17
1588616992.1583214,173.194.188.105,10.10.0.10,,,443,45734,0,1358,17
1588616992.16028,10.10.0.10,173.194.188.105,,,45734,443,0,37,17
1588616992.1635332,173.194.188.105,10.10.0.10,,,443,45734,0,1358,17
1588616992.1687431,173.194.188.105,10.10.0.10,,,443,45734,0,1358,17
1588616992.1739511,173.194.188.105,10.10.0.10,,,443,45734,0,1358,17
1588616992.1791306,173.194.188.105,10.10.0.10,,,443,45734,0,1358,17
1588616992.184368,173.194.188.105,10.10.0.10,,,443,45734,0,1358,17
1588616992.189576,173.194.188.105,10.10.0.10,,,443,45734,0,1358,17
1588616992.194781,173.194.188.105,10.10.0.10,,,443,45734,0,1358,17
1588616992.199992,173.194.188.105,10.10.0.10,,,443,45734,0,1358,17
1588616992.2052052,173.194.188.105,10.10.0.10,,,443,45734,0,1358,17
1588616992.2104108,173.194.188.105,10.10.0.10,,,443,45734,0,1358,17
1588616992.2156198,173.194.188.105,10.10.0.10,,,443,45734,0,1358,17
1588616992.220829,173.194.188.105,10.10.0.10,,,443,45734,0,29,17
1588616992.2210062,173.194.188.105,10.10.0.10,,,443,45734,0,1358,17
1588616992.226273,173.194.188.105,10.10.0.10,,,443,45734,0,1358,17
1588616992.231482,173.194.188.105,10.10.0.10,,,443,45734,0,1358,17
1588616992.2366884,173.194.188.105,10.10.0.10,,,443,45734,0,1358,17
1588616992.2418988,173.194.188.105,10.10.0.10,,,443,45734,0,1358,17
1588616992.2471075,173.194.188.105,10.10.0.10,,,443,45734,0,1358,17
1588616992.2523162,173.194.188.105,10.10.0.10,,,443,45734,0,1358,17
1588616992.25752,173.194.188.105,10.10.0.10,,,443,45734,0,1358,17
1588616992.2627358,173.194.188.105,10.10.0.10,,,443,45734,0,1358,17
1588616992.2679431,173.194.188.105,10.10.0.10,,,443,45734,0,1358,17
1588616992.273148,173.194.188.105,10.10.0.10,,,443,45734,0,1358,17
1588616992.2783554,173.194.188.105,10.10.0.10,,,443,45734,0,1358,17
1588616992.283565,173.194.188.105,10.10.0.10,,,443,45734,0,1358,17
1588616992.2886796,10.10.0.10,173.194.188.105,,,45734,443,0,37,17
1588616992.290965,10.10.0.10,173.194.188.105,,,45734,443,0,37,17
1588616992.291599,10.10.0.10,173.194.188.105,,,45734,443,0,37,17
1588616992.293008,10.10.0.10,173.194.188.105,,,45734,443,0,37,17
1588616992.293663,173.194.188.105,10.10.0.10,,,443,45734,0,1358,17
1588616992.2939296,173.194.188.105,10.10.0.10,,,443,45734,0,1358,17
1588616992.2954018,10.10.0.10,173.194.188.105,,,45734,443,0,37,17
1588616992.2954614,10.10.0.10,173.194.188.105,,,45734,443,0,37,17
1588616992.297911,10.10.0.10,173.194.188.105,,,45734,443,0,37,17
1588616992.2984214,10.10.0.10,173.194.188.105,,,45734,443,0,37,17
1588616992.298683,10.10.0.10,173.194.188.105,,,45734,443,0,37,17
1588616992.300764,10.10.0.10,173.194.188.105,,,45734,443,0,37,17
1588616992.300823,10.10.0.10,173.194.188.105,,,45734,443,0,37,17
1588616992.3013382,10.10.0.10,173.194.188.105,,,45734,443,0,37,17
1588616992.3027751,10.10.0.10,173.194.188.105,,,45734,443,0,37,17
1588616992.3028998,173.194.188.105,10.10.0.10,,,443,45734,0,1358,17
1588616992.3043964,173.194.188.105,10.10.0.10,,,443,45734,0,1358,17
1588616992.3059466,10.10.0.10,173.194.188.105,,,45734,443,0,37,17
1588616992.3102849,173.194.188.105,10.10.0.10,,,443,45734,0,1358,17
1588616992.3148198,173.194.188.105,10.10.0.10,,,443,45734,0,1358,17
1588616992.3164852,10.10.0.10,173.194.188.105,,,45734,443,0,37,17
1588616992.320039,173.194.188.105,10.10.0.10,,,443,45734,0,1358,17
1588616992.3252368,173.194.188.105,10.10.0.10,,,443,45734,0,1358,17
1588616992.3268988,10.10.0.10,173.194.188.105,,,45734,443,0,37,17
1588616992.330442,173.194.188.105,10.10.0.10,,,443,45734,0,1358,17
1588616992.335654,173.194.188.105,10.10.0.10,,,443,45734,0,1358,17
1588616992.337192,10.10.0.10,173.194.188.105,,,45734,443,0,37,17
1588616992.340863,173.194.188.105,10.10.0.10,,,443,45734,0,1358,17
1588616992.346068,173.194.188.105,10.10.0.10,,,443,45734,0,1358,17
1588616992.348234,10.10.0.10,173.194.188.105,,,45734,443,0,50,17
1588616992.3512762,173.194.188.105,10.10.0.10,,,443,45734,0,1358,17
1588616992.3564851,173.194.188.105,10.10.0.10,,,443,45734,0,1358,17
1588616992.357985,10.10.0.10,173.194.188.105,,,45734,443,0,37,17
1588616992.3616931,173.194.188.105,10.10.0.10,,,443,45734,0,1358,17
1588616992.366872,173.194.188.105,10.10.0.10,,,443,45734,0,1358,17
1588616992.368337,10.10.0.10,173.194.188.105,,,45734,443,0,37,17
1588616992.3721142,173.194.188.105,10.10.0.10,,,443,45734,0,1358,17
1588616992.3773189,173.194.188.105,10.10.0.10,,,443,45734,0,1358,17
1588616992.379049,10.10.0.10,173.194.188.105,,,45734,443,0,37,17
1588616992.3825312,173.194.188.105,10.10.0.10,,,443,45734,0,1358,17
1588616992.3877368,173.194.188.105,10.10.0.10,,,443,45734,0,1358,17
1588616992.389317,10.10.0.10,173.194.188.105,,,45734,443,0,37,17
1588616992.392949,173.194.188.105,10.10.0.10,,,443,45734,0,1358,17
1588616992.3981216,173.194.188.105,10.10.0.10,,,443,45734,0,1358,17
1588616992.399847,10.10.0.10,173.194.188.105,,,45734,443,0,37,17
1588616992.4033456,173.194.188.105,10.10.0.10,,,443,45734,0,1358,17
1588616992.4085386,173.194.188.105,10.10.0.10,,,443,45734,0,1358,17
1588616992.410469,10.10.0.10,173.194.188.105,,,45734,443,0,37,17
1588616992.4137795,173.194.188.105,10.10.0.10,,,443,45734,0,29,17
1588616992.413959,173.194.188.105,10.10.0.10,,,443,45734,0,1358,17
1588616992.4191868,173.194.188.105,10.10.0.10,,,443,45734,0,1358,17
1588616992.4208634,10.10.0.10,173.194.188.105,,,45734,443,0,37,17
1588616992.424372,173.194.188.105,10.10.0.10,,,443,45734,0,1358,17
1588616992.429632,173.194.188.105,10.10.0.10,,,443,45734,0,1358,17
1588616992.4316401,10.10.0.10,173.194.188.105,,,45734,443,0,37,17
1588616992.4348588,173.194.188.105,10.10.0.10,,,443,45734,0,1358,17
1588616992.4400668,173.194.188.105,10.10.0.10,,,443,45734,0,1358,17
1588616992.442018,10.10.0.10,173.194.188.105,,,45734,443,0,37,17
1588616992.445213,173.194.188.105,10.10.0.10,,,443,45734,0,1358,17
1588616992.450449,173.194.188.105,10.10.0.10,,,443,45734,0,1358,17
1588616992.452127,10.10.0.10,173.194.188.105,,,45734,443,0,37,17
1588616992.4556446,173.194.188.105,10.10.0.10,,,443,45734,0,1358,17
1588616992.4608908,173.194.188.105,10.10.0.10,,,443,45734,0,1358,17
1588616992.4634454,10.10.0.10,173.194.188.105,,,45734,443,0,37,17
1588616992.466074,173.194.188.105,10.10.0.10,,,443,45734,0,1358,17
1588616992.4713082,173.194.188.105,10.10.0.10,,,443,45734,0,1358,17
1588616992.4729822,10.10.0.10,173.194.188.105,,,45734,443,0,37,17
1588616992.4765198,173.194.188.105,10.10.0.10,,,443,45734,0,1358,17
1588616992.4817262,173.194.188.105,10.10.0.10,,,443,45734,0,1358,17
1588616992.4833171,10.10.0.10,173.194.188.105,,,45734,443,0,37,17
1588616992.4868774,173.194.188.105,10.10.0.10,,,443,45734,0,1358,17
1588616992.4921432,173.194.188.105,10.10.0.10,,,443,45734,0,1358,17
1588616992.493834,10.10.0.10,173.194.188.105,,,45734,443,0,37,17
1588616992.497352,173.194.188.105,10.10.0.10,,,443,45734,0,1358,17
1588616992.502521,173.194.188.105,10.10.0.10,,,443,45734,0,1358,17
1588616992.5052366,10.10.0.10,173.194.188.105,,,45734,443,0,37,17
1588616992.5077708,173.194.188.105,10.10.0.10,,,443,45734,0,1358,17
1588616992.5129788,173.194.188.105,10.10.0.10,,,443,45734,0,1358,17
1588616992.5151298,10.10.0.10,173.194.188.105,,,45734,443,0,37,17
1588616992.5181868,173.194.188.105,10.10.0.10,,,443,45734,0,1358,17
1588616992.5233982,173.194.188.105,10.10.0.10,,,443,45734,0,1358,17
1588616992.525219,10.10.0.10,173.194.188.105,,,45734,443,0,37,17
1588616992.528575,173.194.188.105,10.10.0.10,,,443,45734,0,1358,17
1588616992.533777,173.194.188.105,10.10.0.10,,,443,45734,0,1358,17
1588616992.5353286,10.10.0.10,173.194.188.105,,,45734,443,0,37,17
1588616992.53897,173.194.188.105,10.10.0.10,,,443,45734,0,1358,17
1588616992.5441961,173.194.188.105,10.10.0.10,,,443,45734,0,1358,17
1588616992.5459108,10.10.0.10,173.194.188.105,,,45734,443,0,37,17
1588616992.549425,173.194.188.105,10.10.0.10,,,443,45734,0,1358,17
1588616992.5546489,173.194.188.105,10.10.0.10,,,443,45734,0,1358,17
1588616992.55662,10.10.0.10,173.194.188.105,,,45734,443,0,50,17
1588616992.559784,173.194.188.105,10.10.0.10,,,443,45734,0,1358,17
1588616992.565023,173.194.188.105,10.10.0.10,,,443,45734,0,1358,17
1588616992.5666132,10.10.0.10,173.194.188.105,,,45734,443,0,37,17
1588616992.570261,173.194.188.105,10.10.0.10,,,443,45734,0,1358,17
1588616992.5754435,173.194.188.105,10.10.0.10,,,443,45734,0,1358,17
1588616992.577609,10.10.0.10,173.194.188.105,,,45734,443,0,37,17
1588616992.5806804,173.194.188.105,10.10.0.10,,,443,45734,0,1358,17
1588616992.5858908,173.194.188.105,10.10.0.10,,,443,45734,0,1358,17
1588616992.58748,10.10.0.10,173.194.188.105,,,45734,443,0,37,17
1588616992.5910974,173.194.188.105,10.10.0.10,,,443,45734,0,1358,17
1588616992.596247,173.194.188.105,10.10.0.10,,,443,45734,0,1358,17
1588616992.597818,10.10.0.10,173.194.188.105,,,45734,443,0,37,17
1588616992.60147,173.194.188.105,10.10.0.10,,,443,45734,0,1358,17
1588616992.606703,173.194.188.105,10.10.0.10,,,443,45734,0,1358,17
1588616992.6083171,10.10.0.10,173.194.188.105,,,45734,443,0,37,17
1588616992.61188,173.194.188.105,10.10.0.10,,,443,45734,0,1358,17
1588616992.6171482,173.194.188.105,10.10.0.10,,,443,45734,0,1358,17
1588616992.6223118,173.194.188.105,10.10.0.10,,,443,45734,0,1358,17
1588616992.623235,10.10.0.10,173.194.188.105,,,45734,443,0,37,17
1588616992.6275704,173.194.188.105,10.10.0.10,,,443,45734,0,1358,17
1588616992.62964,10.10.0.10,173.194.188.105,,,45734,443,0,37,17
1588616992.632738,173.194.188.105,10.10.0.10,,,443,45734,0,1358,17
1588616992.637932,173.194.188.105,10.10.0.10,,,443,45734,0,1358,17
1588616992.6394525,10.10.0.10,173.194.188.105,,,45734,443,0,37,17
1588616992.643136,173.194.188.105,10.10.0.10,,,443,45734,0,1358,17
1588616992.6483881,173.194.188.105,10.10.0.10,,,443,45734,0,1358,17
1588616992.6506732,10.10.0.10,173.194.188.105,,,45734,443,0,37,17
1588616992.653595,173.194.188.105,10.10.0.10,,,443,45734,0,29,17
1588616992.653791,173.194.188.105,10.10.0.10,,,443,45734,0,1358,17
1588616992.659014,173.194.188.105,10.10.0.10,,,443,45734,0,1358,17
1588616992.6625972,10.10.0.10,173.194.188.105,,,45734,443,0,37,17
1588616992.664248,173.194.188.105,10.10.0.10,,,443,45734,0,1358,17
1588616992.6694045,173.194.188.105,10.10.0.10,,,443,45734,0,1358,17
1588616992.671825,10.10.0.10,173.194.188.105,,,45734,443,0,37,17
1588616992.67467,173.194.188.105,10.10.0.10,,,443,45734,0,1358,17
1588616992.67985,173.194.188.105,10.10.0.10,,,443,45734,0,1358,17
1588616992.68279,10.10.0.10,173.194.188.105,,,45734,443,0,37,17
1588616992.685067,173.194.188.105,10.10.0.10,,,443,45734,0,1358,17
1588616992.690294,173.194.188.105,10.10.0.10,,,443,45734,0,1358,17
1588616992.691824,10.10.0.10,173.194.188.105,,,45734,443,0,37,17
1588616992.69551,173.194.188.105,10.10.0.10,,,443,45734,0,1358,17
1588616992.7006721,173.194.188.105,10.10.0.10,,,443,45734,0,1358,17
1588616992.702263,10.10.0.10,173.194.188.105,,,45734,443,0,37,17
1588616992.7058964,173.194.188.105,10.10.0.10,,,443,45734,0,1358,17
1588616992.7111359,173.194.188.105,10.10.0.10,,,443,45734,0,1358,17
1588616992.7127411,10.10.0.10,173.194.188.105,,,45734,443,0,37,17
1588616992.716347,173.194.188.105,10.10.0.10,,,443,45734,0,1358,17
1588616992.7215538,173.194.188.105,10.10.0.10,,,443,45734,0,1358,17
1588616992.7229881,10.10.0.10,173.194.188.105,,,45734,443,0,37,17
1588616992.726766,173.194.188.105,10.10.0.10,,,443,45734,0,1358,17
1588616992.7319539,173.194.188.105,10.10.0.10,,,443,45734,0,1358,17
1588616992.73345,10.10.0.10,173.194.188.105,,,45734,443,0,37,17
1588616992.7371812,173.194.188.105,10.10.0.10,,,443,45734,0,1358,17
1588616992.7423902,173.194.188.105,10.10.0.10,,,443,45734,0,1358,17
1588616992.743952,10.10.0.10,173.194.188.105,,,45734,443,0,37,17
1588616992.7476,173.194.188.105,10.10.0.10,,,443,45734,0,1358,17
1588616992.7528062,173.194.188.105,10.10.0.10,,,443,45734,0,1358,17
1588616992.7544081,10.10.0.10,173.194.188.105,,,45734,443,0,37,17
1588616992.758018,173.194.188.105,10.10.0.10,,,443,45734,0,1358,17
1588616992.7632284,173.194.188.105,10.10.0.10,,,443,45734,0,1358,17
1588616992.7649634,10.10.0.10,173.194.188.105,,,45734,443,0,50,17
1588616992.7684278,173.194.188.105,10.10.0.10,,,443,45734,0,1358,17
1588616992.7736368,173.194.188.105,10.10.0.10,,,443,45734,0,1358,17
1588616992.775308,10.10.0.10,173.194.188.105,,,45734,443,0,37,17
1588616992.7788212,173.194.188.105,10.10.0.10,,,443,45734,0,1358,17
1588616992.7840614,173.194.188.105,10.10.0.10,,,443,45734,0,1358,17
1588616992.7860851,10.10.0.10,173.194.188.105,,,45734,443,0,37,17
1588616992.789278,173.194.188.105,10.10.0.10,,,443,45734,0,1358,17
1588616992.7944796,173.194.188.105,10.10.0.10,,,443,45734,0,1358,17
1588616992.796208,10.10.0.10,173.194.188.105,,,45734,443,0,37,17
1588616992.799688,173.194.188.105,10.10.0.10,,,443,45734,0,1358,17
1588616992.80483,173.194.188.105,10.10.0.10,,,443,45734,0,1358,17
1588616992.807062,10.10.0.10,173.194.188.105,,,45734,443,0,37,17
1588616992.810104,173.194.188.105,10.10.0.10,,,443,45734,0,1358,17
1588616992.8152668,173.194.188.105,10.10.0.10,,,443,45734,0,1358,17
1588616992.816936,10.10.0.10,173.194.188.105,,,45734,443,0,37,17
1588616992.8205204,173.194.188.105,10.10.0.10,,,443,45734,0,1358,17
1588616992.8257296,173.194.188.105,10.10.0.10,,,443,45734,0,1358,17
1588616992.827814,10.10.0.10,173.194.188.105,,,45734,443,0,37,17
1588616992.8309412,173.194.188.105,10.10.0.10,,,443,45734,0,1358,17
1588616992.8361518,173.194.188.105,10.10.0.10,,,443,45734,0,1358,17
1588616992.837872,10.10.0.10,173.194.188.105,,,45734,443,0,37,17
1588616992.8413572,173.194.188.105,10.10.0.10,,,443,45734,0,1358,17
1588616992.8465679,173.194.188.105,10.10.0.10,,,443,45734,0,1358,17
1588616992.8484602,10.10.0.10,173.194.188.105,,,45734,443,0,37,17
1588616992.851773,173.194.188.105,10.10.0.10,,,443,45734,0,1358,17
1588616992.856982,173.194.188.105,10.10.0.10,,,443,45734,0,1358,17
1588616992.859206,10.10.0.10,173.194.188.105,,,45734,443,0,37,17
1588616992.86219,173.194.188.105,10.10.0.10,,,443,45734,0,1358,17
1588616992.8674018,173.194.188.105,10.10.0.10,,,443,45734,0,1358,17
1588616992.869082,10.10.0.10,173.194.188.105,,,45734,443,0,37,17
1588616992.8725832,173.194.188.105,10.10.0.10,,,443,45734,0,1358,17
1588616992.877815,173.194.188.105,10.10.0.10,,,443,45734,0,1358,17
1588616992.8795412,10.10.0.10,173.194.188.105,,,45734,443,0,37,17
1588616992.883025,173.194.188.105,10.10.0.10,,,443,45734,0,1358,17
1588616992.8882098,173.194.188.105,10.10.0.10,,,443,45734,0,1358,17
1588616992.889767,10.10.0.10,173.194.188.105,,,45734,443,0,37,17
1588616992.893442,173.194.188.105,10.10.0.10,,,443,45734,0,29,17
1588616992.8936052,173.194.188.105,10.10.0.10,,,443,45734,0,1358,17
1588616992.898833,173.194.188.105,10.10.0.10,,,443,45734,0,1358,17
1588616992.900432,10.10.0.10,173.194.188.105,,,45734,443,0,37,17
1588616992.904071,173.194.188.105,10.10.0.10,,,443,45734,0,1358,17
1588616992.909301,173.194.188.105,10.10.0.10,,,443,45734,0,1358,17
1588616992.910868,10.10.0.10,173.194.188.105,,,45734,443,0,37,17
1588616992.91451,173.194.188.105,10.10.0.10,,,443,45734,0,1358,17
1588616992.919719,173.194.188.105,10.10.0.10,,,443,45734,0,1358,17
1588616992.9216282,10.10.0.10,173.194.188.105,,,45734,443,0,37,17
1588616992.924865,173.194.188.105,10.10.0.10,,,443,45734,0,1358,17
1588616992.9301472,173.194.188.105,10.10.0.10,,,443,45734,0,1358,17
1588616992.931819,10.10.0.10,173.194.188.105,,,45734,443,0,37,17
1588616992.9353359,173.194.188.105,10.10.0.10,,,443,45734,0,1358,17
1588616992.940565,173.194.188.105,10.10.0.10,,,443,45734,0,1358,17
1588616992.9421492,10.10.0.10,173.194.188.105,,,45734,443,0,37,17
1588616992.945714,173.194.188.105,10.10.0.10,,,443,45734,0,1358,17
1588616992.950979,173.194.188.105,10.10.0.10,,,443,45734,0,1358,17
1588616992.9526038,10.10.0.10,173.194.188.105,,,45734,443,0,37,17
1588616992.9561868,173.194.188.105,10.10.0.10,,,443,45734,0,1358,17
1588616992.9613948,173.194.188.105,10.10.0.10,,,443,45734,0,1358,17
1588616992.9631946,10.10.0.10,173.194.188.105,,,45734,443,0,37,17
1588616992.9666042,173.194.188.105,10.10.0.10,,,443,45734,0,1358,17
1588616992.971817,173.194.188.105,10.10.0.10,,,443,45734,0,1358,17
1588616992.973425,10.10.0.10,173.194.188.105,,,45734,443,0,50,17
1588616992.9770222,173.194.188.105,10.10.0.10,,,443,45734,0,1358,17
1588616992.982233,173.194.188.105,10.10.0.10,,,443,45734,0,1358,17
1588616992.983816,10.10.0.10,173.194.188.105,,,45734,443,0,37,17
1588616992.987417,173.194.188.105,10.10.0.10,,,443,45734,0,1358,17
1588616992.9926612,173.194.188.105,10.10.0.10,,,443,45734,0,1358,17
1588616992.994211,10.10.0.10,173.194.188.105,,,45734,443,0,37,17
1588616992.9978578,173.194.188.105,10.10.0.10,,,443,45734,0,1358,17
1588616993.0030842,173.194.188.105,10.10.0.10,,,443,45734,0,1358,17
1588616993.004776,10.10.0.10,173.194.188.105,,,45734,443,0,37,17
1588616993.0082731,173.194.188.105,10.10.0.10,,,443,45734,0,1358,17
1588616993.0134828,173.194.188.105,10.10.0.10,,,443,45734,0,1358,17
1588616993.01555,10.10.0.10,173.194.188.105,,,45734,443,0,37,17
1588616993.0186205,173.194.188.105,10.10.0.10,,,443,45734,0,1358,17
1588616993.0239036,173.194.188.105,10.10.0.10,,,443,45734,0,1358,17
1588616993.025741,10.10.0.10,173.194.188.105,,,45734,443,0,37,17
1588616993.0291069,173.194.188.105,10.10.0.10,,,443,45734,0,1358,17
1588616993.034316,173.194.188.105,10.10.0.10,,,443,45734,0,1358,17
1588616993.036136,10.10.0.10,173.194.188.105,,,45734,443,0,37,17
1588616993.039528,173.194.188.105,10.10.0.10,,,443,45734,0,1358,17
1588616993.0447366,173.194.188.105,10.10.0.10,,,443,45734,0,1358,17
1588616993.046663,10.10.0.10,173.194.188.105,,,45734,443,0,37,17
1588616993.0499456,173.194.188.105,10.10.0.10,,,443,45734,0,1358,17
1588616993.055153,173.194.188.105,10.10.0.10,,,443,45734,0,1358,17
1588616993.056795,10.10.0.10,173.194.188.105,,,45734,443,0,37,17
1588616993.060359,173.194.188.105,10.10.0.10,,,443,45734,0,1358,17
1588616993.0655732,173.194.188.105,10.10.0.10,,,443,45734,0,1358,17
1588616993.067193,10.10.0.10,173.194.188.105,,,45734,443,0,37,17
1588616993.070776,173.194.188.105,10.10.0.10,,,443,45734,0,1358,17
1588616993.075985,173.194.188.105,10.10.0.10,,,443,45734,0,1358,17
1588616993.0807312,10.10.0.10,173.194.188.105,,,45734,443,0,37,17
1588616993.0811572,173.194.188.105,10.10.0.10,,,443,45734,0,1358,17
1588616993.086377,173.194.188.105,10.10.0.10,,,443,45734,0,1358,17
1588616993.088002,10.10.0.10,173.194.188.105,,,45734,443,0,37,17
1588616993.091611,173.194.188.105,10.10.0.10,,,443,45734,0,1358,17
1588616993.096749,173.194.188.105,10.10.0.10,,,443,45734,0,1358,17
1588616993.098781,10.10.0.10,173.194.188.105,,,45734,443,0,37,17
1588616993.102031,173.194.188.105,10.10.0.10,,,443,45734,0,1358,17
1588616993.1072366,173.194.188.105,10.10.0.10,,,443,45734,0,1358,17
1588616993.1089892,10.10.0.10,173.194.188.105,,,45734,443,0,37,17
1588616993.112448,173.194.188.105,10.10.0.10,,,443,45734,0,1358,17
1588616993.117657,173.194.188.105,10.10.0.10,,,443,45734,0,1358,17
1588616993.119503,10.10.0.10,173.194.188.105,,,45734,443,0,37,17
1588616993.122865,173.194.188.105,10.10.0.10,,,443,45734,0,1358,17
1588616993.128072,173.194.188.105,10.10.0.10,,,443,45734,0,1358,17
1588616993.1299222,10.10.0.10,173.194.188.105,,,45734,443,0,37,17
1588616993.133283,173.194.188.105,10.10.0.10,,,443,45734,0,1358,17
1588616993.1384974,173.194.188.105,10.10.0.10,,,443,45734,0,1358,17
1588616993.1403394,10.10.0.10,173.194.188.105,,,45734,443,0,37,17
1588616993.1437,173.194.188.105,10.10.0.10,,,443,45734,0,1358,17
1588616993.148908,173.194.188.105,10.10.0.10,,,443,45734,0,1358,17
1588616993.1509671,10.10.0.10,173.194.188.105,,,45734,443,0,37,17
1588616993.154114,173.194.188.105,10.10.0.10,,,443,45734,0,1358,17
1588616993.159327,173.194.188.105,10.10.0.10,,,443,45734,0,1358,17
1588616993.161026,10.10.0.10,173.194.188.105,,,45734,443,0,37,17
1588616993.1645422,173.194.188.105,10.10.0.10,,,443,45734,0,1358,17
1588616993.169744,173.194.188.105,10.10.0.10,,,443,45734,0,1358,17
1588616993.1715262,10.10.0.10,173.194.188.105,,,45734,443,0,37,17
1588616993.17495,173.194.188.105,10.10.0.10,,,443,45734,0,1358,17
1588616993.18016,173.194.188.105,10.10.0.10,,,443,45734,0,1358,17
1588616993.182732,10.10.0.10,173.194.188.105,,,45734,443,0,50,17
1588616993.1853359,173.194.188.105,10.10.0.10,,,443,45734,0,1358,17
1588616993.190579,173.194.188.105,10.10.0.10,,,443,45734,0,1358,17
1588616993.192151,10.10.0.10,173.194.188.105,,,45734,443,0,37,17
1588616993.1957822,173.194.188.105,10.10.0.10,,,443,45734,0,1358,17
1588616993.200992,173.194.188.105,10.10.0.10,,,443,45734,0,1358,17
1588616993.20263,10.10.0.10,173.194.188.105,,,45734,443,0,37,17
1588616993.2062118,173.194.188.105,10.10.0.10,,,443,45734,0,1358,17
1588616993.2114089,173.194.188.105,10.10.0.10,,,443,45734,0,1358,17
1588616993.21313,10.10.0.10,173.194.188.105,,,45734,443,0,37,17
1588616993.216622,173.194.188.105,10.10.0.10,,,443,45734,0,1358,17
1588616993.2218301,173.194.188.105,10.10.0.10,,,443,45734,0,1358,17
1588616993.223418,10.10.0.10,173.194.188.105,,,45734,443,0,37,17
1588616993.227039,173.194.188.105,10.10.0.10,,,443,45734,0,1358,17
1588616993.232248,173.194.188.105,10.10.0.10,,,443,45734,0,1358,17
1588616993.234043,10.10.0.10,173.194.188.105,,,45734,443,0,37,17
1588616993.2374525,173.194.188.105,10.10.0.10,,,443,45734,0,1358,17
1588616993.2426634,173.194.188.105,10.10.0.10,,,443,45734,0,1358,17
1588616993.244338,10.10.0.10,173.194.188.105,,,45734,443,0,37,17
1588616993.247869,173.194.188.105,10.10.0.10,,,443,45734,0,1358,17
1588616993.2530534,173.194.188.105,10.10.0.10,,,443,45734,0,1358,17
1588616993.255215,10.10.0.10,173.194.188.105,,,45734,443,0,37,17
1588616993.258286,173.194.188.105,10.10.0.10,,,443,45734,0,1358,17
1588616993.263494,173.194.188.105,10.10.0.10,,,443,45734,0,1358,17
1588616993.2657359,10.10.0.10,173.194.188.105,,,45734,443,0,37,17
1588616993.268714,173.194.188.105,10.10.0.10,,,443,45734,0,1358,17
1588616993.2739172,173.194.188.105,10.10.0.10,,,443,45734,0,1358,17
1588616993.279122,173.194.188.105,10.10.0.10,,,443,45734,0,1358,17
1588616993.284329,173.194.188.105,10.10.0.10,,,443,45734,0,1358,17
1588616993.2895381,173.194.188.105,10.10.0.10,,,443,45734,0,1358,17
1588616993.2947464,173.194.188.105,10.10.0.10,,,443,45734,0,1358,17
1588616993.2990036,10.10.0.10,173.194.188.105,,,45734,443,0,37,17
1588616993.299954,173.194.188.105,10.10.0.10,,,443,45734,0,1358,17
1588616993.305177,173.194.188.105,10.10.0.10,,,443,45734,0,1358,17
1588616993.3103561,173.194.188.105,10.10.0.10,,,443,45734,0,1358,17
1588616993.3141296,10.10.0.10,173.194.188.105,,,45734,443,0,37,17
1588616993.315581,173.194.188.105,10.10.0.10,,,443,45734,0,1358,17
1588616993.316386,10.10.0.10,173.194.188.105,,,45734,443,0,37,17
1588616993.3176508,10.10.0.10,173.194.188.105,,,45734,443,0,37,17
1588616993.3186915,10.10.0.10,173.194.188.105,,,45734,443,0,37,17
1588616993.32079,173.194.188.105,10.10.0.10,,,443,45734,0,1358,17
1588616993.326002,173.194.188.105,10.10.0.10,,,443,45734,0,29,17
1588616993.326192,173.194.188.105,10.10.0.10,,,443,45734,0,1358,17
1588616993.3277318,10.10.0.10,173.194.188.105,,,45734,443,0,37,17
1588616993.3314419,173.194.188.105,10.10.0.10,,,443,45734,0,1358,17
1588616993.3366554,173.194.188.105,10.10.0.10,,,443,45734,0,1358,17
1588616993.338421,10.10.0.10,173.194.188.105,,,45734,443,0,37,17
1588616993.341864,173.194.188.105,10.10.0.10,,,443,45734,0,1358,17
1588616993.3470721,173.194.188.105,10.10.0.10,,,443,45734,0,1358,17
1588616993.3491068,10.10.0.10,173.194.188.105,,,45734,443,0,37,17
1588616993.352243,173.194.188.105,10.10.0.10,,,443,45734,0,1358,17
1588616993.3574898,173.194.188.105,10.10.0.10,,,443,45734,0,1358,17
1588616993.3591518,10.10.0.10,173.194.188.105,,,45734,443,0,37,17
1588616993.3626974,173.194.188.105,10.10.0.10,,,443,45734,0,1358,17
1588616993.367906,173.194.188.105,10.10.0.10,,,443,45734,0,1358,17
1588616993.3731165,173.194.188.105,10.10.0.10,,,443,45734,0,1358,17
1588616993.3783262,173.194.188.105,10.10.0.10,,,443,45734,0,1358,17
1588616993.3835368,173.194.188.105,10.10.0.10,,,443,45734,0,1358,17
1588616993.3887448,173.194.188.105,10.10.0.10,,,443,45734,0,1358,17
1588616993.393952,173.194.188.105,10.10.0.10,,,443,45734,0,1358,17
1588616993.3990898,173.194.188.105,10.10.0.10,,,443,45734,0,1358,17
1588616993.404305,173.194.188.105,10.10.0.10,,,443,45734,0,1358,17
1588616993.407007,10.10.0.10,173.194.188.105,,,45734,443,0,37,17
1588616993.4095652,173.194.188.105,10.10.0.10,,,443,45734,0,1358,17
1588616993.409699,10.10.0.10,173.194.188.105,,,45734,443,0,37,17
1588616993.410724,10.10.0.10,173.194.188.105,,,45734,443,0,50,17
1588616993.4117491,10.10.0.10,173.194.188.105,,,45734,443,0,37,17
1588616993.4123,10.10.0.10,173.194.188.105,,,45734,443,0,37,17
1588616993.4147751,173.194.188.105,10.10.0.10,,,443,45734,0,1358,17
1588616993.419986,173.194.188.105,10.10.0.10,,,443,45734,0,1358,17
1588616993.422129,10.10.0.10,173.194.188.105,,,45734,443,0,37,17
1588616993.4251962,173.194.188.105,10.10.0.10,,,443,45734,0,1358,17
1588616993.4304,173.194.188.105,10.10.0.10,,,443,45734,0,1358,17
1588616993.4322364,10.10.0.10,173.194.188.105,,,45734,443,0,37,17
1588616993.4356098,173.194.188.105,10.10.0.10,,,443,45734,0,1358,17
1588616993.4407892,173.194.188.105,10.10.0.10,,,443,45734,0,1358,17
1588616993.4460282,173.194.188.105,10.10.0.10,,,443,45734,0,1358,17
1588616993.451239,173.194.188.105,10.10.0.10,,,443,45734,0,1358,17
1588616993.454942,10.10.0.10,173.194.188.105,,,45734,443,0,37,17
1588616993.4564445,173.194.188.105,10.10.0.10,,,443,45734,0,1358,17
1588616993.456873,10.10.0.10,173.194.188.105,,,45734,443,0,37,17
1588616993.4616518,173.194.188.105,10.10.0.10,,,443,45734,0,1358,17
1588616993.46367,10.10.0.10,173.194.188.105,,,45734,443,0,37,17
1588616993.466865,173.194.188.105,10.10.0.10,,,443,45734,0,1358,17
1588616993.472051,173.194.188.105,10.10.0.10,,,443,45734,0,1358,17
1588616993.4736614,10.10.0.10,173.194.188.105,,,45734,443,0,37,17
1588616993.4772818,173.194.188.105,10.10.0.10,,,443,45734,0,1358,17
1588616993.4824898,173.194.188.105,10.10.0.10,,,443,45734,0,1358,17
1588616993.484123,10.10.0.10,173.194.188.105,,,45734,443,0,37,17
1588616993.487648,173.194.188.105,10.10.0.10,,,443,45734,0,1358,17
1588616993.4929082,173.194.188.105,10.10.0.10,,,443,45734,0,1358,17
1588616993.494603,10.10.0.10,173.194.188.105,,,45734,443,0,37,17
1588616993.4981158,173.194.188.105,10.10.0.10,,,443,45734,0,1358,17
1588616993.5033245,173.194.188.105,10.10.0.10,,,443,45734,0,1358,17
1588616993.5050118,10.10.0.10,173.194.188.105,,,45734,443,0,37,17
1588616993.508545,173.194.188.105,10.10.0.10,,,443,45734,0,1358,17
1588616993.5136971,173.194.188.105,10.10.0.10,,,443,45734,0,1358,17
1588616993.515569,10.10.0.10,173.194.188.105,,,45734,443,0,37,17
1588616993.5189474,173.194.188.105,10.10.0.10,,,443,45734,0,1358,17
1588616993.524156,173.194.188.105,10.10.0.10,,,443,45734,0,29,17
1588616993.5243359,173.194.188.105,10.10.0.10,,,443,45734,0,1358,17
1588616993.525896,10.10.0.10,173.194.188.105,,,45734,443,0,37,17
1588616993.5296018,173.194.188.105,10.10.0.10,,,443,45734,0,1358,17
1588616993.534807,173.194.188.105,10.10.0.10,,,443,45734,0,1358,17
1588616993.5365412,10.10.0.10,173.194.188.105,,,45734,443,0,37,17
1588616993.540016,173.194.188.105,10.10.0.10,,,443,45734,0,1358,17
1588616993.545203,173.194.188.105,10.10.0.10,,,443,45734,0,1358,17
1588616993.547542,10.10.0.10,173.194.188.105,,,45734,443,0,37,17
1588616993.550385,173.194.188.105,10.10.0.10,,,443,45734,0,1358,17
1588616993.555591,173.194.188.105,10.10.0.10,,,443,45734,0,1358,17
1588616993.557179,10.10.0.10,173.194.188.105,,,45734,443,0,37,17
1588616993.560801,173.194.188.105,10.10.0.10,,,443,45734,0,1358,17
1588616993.56603,173.194.188.105,10.10.0.10,,,443,45734,0,1358,17
1588616993.567589,10.10.0.10,173.194.188.105,,,45734,443,0,37,17
1588616993.571221,173.194.188.105,10.10.0.10,,,443,45734,0,1358,17
1588616993.576414,173.194.188.105,10.10.0.10,,,443,45734,0,1358,17
1588616993.577935,10.10.0.10,173.194.188.105,,,45734,443,0,37,17
1588616993.581649,173.194.188.105,10.10.0.10,,,443,45734,0,1358,17
1588616993.5868552,173.194.188.105,10.10.0.10,,,443,45734,0,1358,17
1588616993.5897405,10.10.0.10,173.194.188.105,,,45734,443,0,37,17
1588616993.5920658,173.194.188.105,10.10.0.10,,,443,45734,0,1358,17
1588616993.5973024,173.194.188.105,10.10.0.10,,,443,45734,0,1358,17
1588616993.5988526,10.10.0.10,173.194.188.105,,,45734,443,0,50,17
1588616993.6024866,173.194.188.105,10.10.0.10,,,443,45734,0,1358,17
1588616993.6076686,173.194.188.105,10.10.0.10,,,443,45734,0,1358,17
1588616993.609607,10.10.0.10,173.194.188.105,,,45734,443,0,37,17
1588616993.6128678,173.194.188.105,10.10.0.10,,,443,45734,0,1358,17
1588616993.618088,173.194.188.105,10.10.0.10,,,443,45734,0,1358,17
1588616993.6225252,10.10.0.10,173.194.188.105,,,45734,443,0,37,17
1588616993.6233196,173.194.188.105,10.10.0.10,,,443,45734,0,1358,17
1588616993.628531,173.194.188.105,10.10.0.10,,,443,45734,0,1358,17
1588616993.631423,10.10.0.10,173.194.188.105,,,45734,443,0,37,17
1588616993.633768,173.194.188.105,10.10.0.10,,,443,45734,0,1358,17
1588616993.6389458,173.194.188.105,10.10.0.10,,,443,45734,0,1358,17
1588616993.6412446,10.10.0.10,173.194.188.105,,,45734,443,0,37,17
1588616993.6441462,173.194.188.105,10.10.0.10,,,443,45734,0,1358,17
1588616993.6493511,173.194.188.105,10.10.0.10,,,443,45734,0,1358,17
1588616993.6509519,10.10.0.10,173.194.188.105,,,45734,443,0,37,17
1588616993.6545892,173.194.188.105,10.10.0.10,,,443,45734,0,1358,17
1588616993.6597779,173.194.188.105,10.10.0.10,,,443,45734,0,1358,17
1588616993.662261,10.10.0.10,173.194.188.105,,,45734,443,0,37,17
1588616993.665012,173.194.188.105,10.10.0.10,,,443,45734,0,1358,17
1588616993.670216,173.194.188.105,10.10.0.10,,,443,45734,0,1358,17
1588616993.6723714,10.10.0.10,173.194.188.105,,,45734,443,0,37,17
1588616993.675444,173.194.188.105,10.10.0.10,,,443,45734,0,1358,17
1588616993.680597,173.194.188.105,10.10.0.10,,,443,45734,0,1358,17
1588616993.68202,10.10.0.10,173.194.188.105,,,45734,443,0,37,17
1588616993.685801,173.194.188.105,10.10.0.10,,,443,45734,0,1358,17
1588616993.691058,173.194.188.105,10.10.0.10,,,443,45734,0,1358,17
1588616993.696266,173.194.188.105,10.10.0.10,,,443,45734,0,1358,17
1588616993.7002811,10.10.0.10,173.194.188.105,,,45734,443,0,37,17
1588616993.701417,173.194.188.105,10.10.0.10,,,443,45734,0,1358,17
1588616993.703063,10.10.0.10,173.194.188.105,,,45734,443,0,37,17
1588616993.706683,173.194.188.105,10.10.0.10,,,443,45734,0,1358,17
1588616993.7118409,173.194.188.105,10.10.0.10,,,443,45734,0,29,17
1588616993.7120981,173.194.188.105,10.10.0.10,,,443,45734,0,1358,17
1588616993.714807,10.10.0.10,173.194.188.105,,,45734,443,0,37,17
1588616993.717337,173.194.188.105,10.10.0.10,,,443,45734,0,1358,17
1588616993.7225492,173.194.188.105,10.10.0.10,,,443,45734,0,1358,17
1588616993.7242134,10.10.0.10,173.194.188.105,,,45734,443,0,37,17
1588616993.7277582,173.194.188.105,10.10.0.10,,,443,45734,0,1358,17
1588616993.7329679,173.194.188.105,10.10.0.10,,,443,45734,0,1358,17
1588616993.73459,10.10.0.10,173.194.188.105,,,45734,443,0,37,17
1588616993.738178,173.194.188.105,10.10.0.10,,,443,45734,0,1358,17
1588616993.743385,173.194.188.105,10.10.0.10,,,443,45734,0,1358,17
1588616993.7461321,10.10.0.10,173.194.188.105,,,45734,443,0,37,17
1588616993.7485402,173.194.188.105,10.10.0.10,,,443,45734,0,1358,17
1588616993.753806,173.194.188.105,10.10.0.10,,,443,45734,0,1358,17
1588616993.7554288,10.10.0.10,173.194.188.105,,,45734,443,0,37,17
1588616993.7589571,173.194.188.105,10.10.0.10,,,443,45734,0,1358,17
1588616993.7642188,173.194.188.105,10.10.0.10,,,443,45734,0,1358,17
1588616993.765948,10.10.0.10,173.194.188.105,,,45734,443,0,37,17
1588616993.769397,173.194.188.105,10.10.0.10,,,443,45734,0,1358,17
1588616993.7746365,173.194.188.105,10.10.0.10,,,443,45734,0,1358,17
1588616993.777589,10.10.0.10,173.194.188.105,,,45734,443,0,37,17
1588616993.779849,173.194.188.105,10.10.0.10,,,443,45734,0,1358,17
1588616993.785052,173.194.188.105,10.10.0.10,,,443,45734,0,1358,17
1588616993.7867162,10.10.0.10,173.194.188.105,,,45734,443,0,37,17
1588616993.790267,173.194.188.105,10.10.0.10,,,443,45734,0,1358,17
1588616993.7954779,173.194.188.105,10.10.0.10,,,443,45734,0,1358,17
1588616993.7981849,10.10.0.10,173.194.188.105,,,45734,443,0,37,17
1588616993.800657,173.194.188.105,10.10.0.10,,,443,45734,0,1358,17
1588616993.8058932,173.194.188.105,10.10.0.10,,,443,45734,0,1358,17
1588616993.808248,10.10.0.10,173.194.188.105,,,45734,443,0,50,17
1588616993.8111026,173.194.188.105,10.10.0.10,,,443,45734,0,1358,17
1588616993.816296,173.194.188.105,10.10.0.10,,,443,45734,0,1358,17
1588616993.8211384,10.10.0.10,173.194.188.105,,,45734,443,0,37,17
1588616993.821485,173.194.188.105,10.10.0.10,,,443,45734,0,1358,17
1588616993.8267276,173.194.188.105,10.10.0.10,,,443,45734,0,1358,17
1588616993.8296418,10.10.0.10,173.194.188.105,,,45734,443,0,37,17
1588616993.83194,173.194.188.105,10.10.0.10,,,443,45734,0,1358,17
1588616993.8371458,173.194.188.105,10.10.0.10,,,443,45734,0,1358,17
1588616993.8391252,10.10.0.10,173.194.188.105,,,45734,443,0,37,17
1588616993.8423555,173.194.188.105,10.10.0.10,,,443,45734,0,1358,17
1588616993.847544,173.194.188.105,10.10.0.10,,,443,45734,0,1358,17
1588616993.8495831,10.10.0.10,173.194.188.105,,,45734,443,0,37,17
1588616993.8527732,173.194.188.105,10.10.0.10,,,443,45734,0,1358,17
1588616993.8579788,173.194.188.105,10.10.0.10,,,443,45734,0,1358,17
1588616993.8598518,10.10.0.10,173.194.188.105,,,45734,443,0,37,17
1588616993.8631892,173.194.188.105,10.10.0.10,,,443,45734,0,1358,17
1588616993.8683972,173.194.188.105,10.10.0.10,,,443,45734,0,1358,17
1588616993.8700988,10.10.0.10,173.194.188.105,,,45734,443,0,37,17
1588616993.873609,173.194.188.105,10.10.0.10,,,443,45734,0,1358,17
1588616993.8788168,173.194.188.105,10.10.0.10,,,443,45734,0,1358,17
1588616993.88099,10.10.0.10,173.194.188.105,,,45734,443,0,37,17
1588616993.8840258,173.194.188.105,10.10.0.10,,,443,45734,0,1358,17
1588616993.8892348,173.194.188.105,10.10.0.10,,,443,45734,0,1358,17
1588616993.8910851,10.10.0.10,173.194.188.105,,,45734,443,0,37,17
1588616993.8944442,173.194.188.105,10.10.0.10,,,443,45734,0,1358,17
1588616993.899588,173.194.188.105,10.10.0.10,,,443,45734,0,1358,17
1588616993.903616,10.10.0.10,173.194.188.105,,,45734,443,0,37,17
1588616993.904839,173.194.188.105,10.10.0.10,,,443,45734,0,1358,17
1588616993.9100714,173.194.188.105,10.10.0.10,,,443,45734,0,1358,17
1588616993.91175,10.10.0.10,173.194.188.105,,,45734,443,0,37,17
1588616993.9152358,173.194.188.105,10.10.0.10,,,443,45734,0,1358,17
1588616993.920489,173.194.188.105,10.10.0.10,,,443,45734,0,1358,17
1588616993.922194,10.10.0.10,173.194.188.105,,,45734,443,0,37,17
1588616993.925695,173.194.188.105,10.10.0.10,,,443,45734,0,29,17
1588616993.9258828,173.194.188.105,10.10.0.10,,,443,45734,0,1358,17
1588616993.931143,173.194.188.105,10.10.0.10,,,443,45734,0,1358,17
1588616993.936351,173.194.188.105,10.10.0.10,,,443,45734,0,1358,17
1588616993.941561,173.194.188.105,10.10.0.10,,,443,45734,0,1358,17
1588616993.946769,173.194.188.105,10.10.0.10,,,443,45734,0,1358,17
1588616993.951978,173.194.188.105,10.10.0.10,,,443,45734,0,1358,17
1588616993.957185,173.194.188.105,10.10.0.10,,,443,45734,0,1358,17
1588616993.9623492,173.194.188.105,10.10.0.10,,,443,45734,0,1358,17
1588616993.967603,173.194.188.105,10.10.0.10,,,443,45734,0,1358,17
1588616993.9728124,173.194.188.105,10.10.0.10,,,443,45734,0,1358,17
1588616993.9780214,173.194.188.105,10.10.0.10,,,443,45734,0,1358,17
1588616993.9832294,173.194.188.105,10.10.0.10,,,443,45734,0,1358,17
1588616993.988439,173.194.188.105,10.10.0.10,,,443,45734,0,1358,17
1588616993.993647,173.194.188.105,10.10.0.10,,,443,45734,0,1358,17
1588616993.998859,173.194.188.105,10.10.0.10,,,443,45734,0,1358,17
1588616994.0040634,173.194.188.105,10.10.0.10,,,443,45734,0,1358,17
1588616994.008807,10.10.0.10,173.194.188.105,,,45734,443,0,37,17
1588616994.0092142,173.194.188.105,10.10.0.10,,,443,45734,0,1358,17
1588616994.010242,10.10.0.10,173.194.188.105,,,45734,443,0,37,17
1588616994.0135634,10.10.0.10,173.194.188.105,,,45734,443,0,37,17
1588616994.0137565,10.10.0.10,173.194.188.105,,,45734,443,0,37,17
1588616994.014454,173.194.188.105,10.10.0.10,,,443,45734,0,1358,17
1588616994.0152528,10.10.0.10,173.194.188.105,,,45734,443,0,37,17
1588616994.0170698,10.10.0.10,173.194.188.105,,,45734,443,0,37,17
1588616994.0181036,10.10.0.10,173.194.188.105,,,45734,443,0,37,17
1588616994.01909,10.10.0.10,173.194.188.105,,,45734,443,0,37,17
1588616994.019651,173.194.188.105,10.10.0.10,,,443,45734,0,1358,17
1588616994.0198624,10.10.0.10,173.194.188.105,,,45734,443,0,50,17
1588616994.0249119,173.194.188.105,10.10.0.10,,,443,45734,0,1358,17
1588616994.02661,10.10.0.10,173.194.188.105,,,45734,443,0,37,17
1588616994.030097,173.194.188.105,10.10.0.10,,,443,45734,0,1358,17
1588616994.0352442,173.194.188.105,10.10.0.10,,,443,45734,0,1358,17
1588616994.039937,10.10.0.10,173.194.188.105,,,45734,443,0,37,17
1588616994.040474,173.194.188.105,10.10.0.10,,,443,45734,0,1358,17
1588616994.045728,173.194.188.105,10.10.0.10,,,443,45734,0,1358,17
1588616994.047391,10.10.0.10,173.194.188.105,,,45734,443,0,37,17
1588616994.050932,173.194.188.105,10.10.0.10,,,443,45734,0,1358,17
1588616994.056145,173.194.188.105,10.10.0.10,,,443,45734,0,29,17
1588616994.05632,173.194.188.105,10.10.0.10,,,443,45734,0,1358,17
1588616994.057765,10.10.0.10,173.194.188.105,,,45734,443,0,37,17
1588616994.061589,173.194.188.105,10.10.0.10,,,443,45734,0,1358,17
1588616994.066797,173.194.188.105,10.10.0.10,,,443,45734,0,1358,17
1588616994.068856,10.10.0.10,173.194.188.105,,,45734,443,0,37,17
1588616994.071973,173.194.188.105,10.10.0.10,,,443,45734,0,1358,17
1588616994.0772119,173.194.188.105,10.10.0.10,,,443,45734,0,1358,17
1588616994.078814,10.10.0.10,173.194.188.105,,,45734,443,0,37,17
1588616994.0824199,173.194.188.105,10.10.0.10,,,443,45734,0,1358,17
1588616994.087632,173.194.188.105,10.10.0.10,,,443,45734,0,1358,17
1588616994.0892909,10.10.0.10,173.194.188.105,,,45734,443,0,37,17
1588616994.092841,173.194.188.105,10.10.0.10,,,443,45734,0,1358,17
1588616994.0980446,173.194.188.105,10.10.0.10,,,443,45734,0,1358,17
1588616994.100935,10.10.0.10,173.194.188.105,,,45734,443,0,37,17
1588616994.1032588,173.194.188.105,10.10.0.10,,,443,45734,0,1358,17
1588616994.1084409,173.194.188.105,10.10.0.10,,,443,45734,0,1358,17
1588616994.1100588,10.10.0.10,173.194.188.105,,,45734,443,0,37,17
1588616994.113671,173.194.188.105,10.10.0.10,,,443,45734,0,1358,17
1588616994.11888,173.194.188.105,10.10.0.10,,,443,45734,0,1358,17
1588616994.1205802,10.10.0.10,173.194.188.105,,,45734,443,0,37,17
1588616994.124088,173.194.188.105,10.10.0.10,,,443,45734,0,1358,17
1588616994.129301,173.194.188.105,10.10.0.10,,,443,45734,0,1358,17
1588616994.1308641,10.10.0.10,173.194.188.105,,,45734,443,0,37,17
1588616994.134505,173.194.188.105,10.10.0.10,,,443,45734,0,1358,17
1588616994.139718,173.194.188.105,10.10.0.10,,,443,45734,0,1358,17
1588616994.1415188,10.10.0.10,173.194.188.105,,,45734,443,0,37,17
1588616994.144927,173.194.188.105,10.10.0.10,,,443,45734,0,1358,17
1588616994.150136,173.194.188.105,10.10.0.10,,,443,45734,0,1358,17
1588616994.1518755,10.10.0.10,173.194.188.105,,,45734,443,0,37,17
1588616994.155344,173.194.188.105,10.10.0.10,,,443,45734,0,1358,17
1588616994.160553,173.194.188.105,10.10.0.10,,,443,45734,0,1358,17
1588616994.1624188,10.10.0.10,173.194.188.105,,,45734,443,0,37,17
1588616994.16576,173.194.188.105,10.10.0.10,,,443,45734,0,1358,17
1588616994.1709652,173.194.188.105,10.10.0.10,,,443,45734,0,1358,17
1588616994.1728988,10.10.0.10,173.194.188.105,,,45734,443,0,37,17
1588616994.176175,173.194.188.105,10.10.0.10,,,443,45734,0,1358,17
1588616994.1813831,173.194.188.105,10.10.0.10,,,443,45734,0,1358,17
1588616994.184583,10.10.0.10,173.194.188.105,,,45734,443,0,37,17
1588616994.1865964,173.194.188.105,10.10.0.10,,,443,45734,0,1358,17
1588616994.191823,173.194.188.105,10.10.0.10,,,443,45734,0,1358,17
1588616994.193706,10.10.0.10,173.194.188.105,,,45734,443,0,37,17
1588616994.1970134,173.194.188.105,10.10.0.10,,,443,45734,0,1358,17
1588616994.202176,173.194.188.105,10.10.0.10,,,443,45734,0,1358,17
1588616994.204247,10.10.0.10,173.194.188.105,,,45734,443,0,37,17
1588616994.2074249,173.194.188.105,10.10.0.10,,,443,45734,0,1358,17
1588616994.2126381,173.194.188.105,10.10.0.10,,,443,45734,0,1358,17
1588616994.2176864,10.10.0.10,173.194.188.105,,,45734,443,0,37,17
1588616994.217825,173.194.188.105,10.10.0.10,,,443,45734,0,1358,17
1588616994.2230525,173.194.188.105,10.10.0.10,,,443,45734,0,1358,17
1588616994.225208,10.10.0.10,173.194.188.105,,,45734,443,0,50,17
1588616994.2282598,173.194.188.105,10.10.0.10,,,443,45734,0,1358,17
1588616994.233468,173.194.188.105,10.10.0.10,,,443,45734,0,1358,17
1588616994.2356188,10.10.0.10,173.194.188.105,,,45734,443,0,37,17
1588616994.238628,173.194.188.105,10.10.0.10,,,443,45734,0,1358,17
1588616994.243886,173.194.188.105,10.10.0.10,,,443,45734,0,1358,17
1588616994.2457464,10.10.0.10,173.194.188.105,,,45734,443,0,37,17
1588616994.2490768,173.194.188.105,10.10.0.10,,,443,45734,0,1358,17
1588616994.254303,173.194.188.105,10.10.0.10,,,443,45734,0,1358,17
1588616994.2562275,10.10.0.10,173.194.188.105,,,45734,443,0,37,17
1588616994.2595148,173.194.188.105,10.10.0.10,,,443,45734,0,1358,17
1588616994.2647214,173.194.188.105,10.10.0.10,,,443,45734,0,29,17
1588616994.2648995,173.194.188.105,10.10.0.10,,,443,45734,0,1358,17
1588616994.266926,10.10.0.10,173.194.188.105,,,45734,443,0,37,17
1588616994.270169,173.194.188.105,10.10.0.10,,,443,45734,0,1358,17
1588616994.275381,173.194.188.105,10.10.0.10,,,443,45734,0,1358,17
1588616994.27704,10.10.0.10,173.194.188.105,,,45734,443,0,37,17
1588616994.280586,173.194.188.105,10.10.0.10,,,443,45734,0,1358,17
1588616994.285795,173.194.188.105,10.10.0.10,,,443,45734,0,1358,17
1588616994.2874758,10.10.0.10,173.194.188.105,,,45734,443,0,37,17
1588616994.290999,173.194.188.105,10.10.0.10,,,443,45734,0,1358,17
1588616994.296212,173.194.188.105,10.10.0.10,,,443,45734,0,1358,17
1588616994.298184,10.10.0.10,173.194.188.105,,,45734,443,0,37,17
1588616994.301416,173.194.188.105,10.10.0.10,,,443,45734,0,1358,17
1588616994.306624,173.194.188.105,10.10.0.10,,,443,45734,0,1358,17
1588616994.309058,10.10.0.10,173.194.188.105,,,45734,443,0,37,17
1588616994.3118384,173.194.188.105,10.10.0.10,,,443,45734,0,1358,17
1588616994.3170464,173.194.188.105,10.10.0.10,,,443,45734,0,1358,17
1588616994.321196,10.10.0.10,173.194.188.105,,,45734,443,0,37,17
1588616994.3222542,173.194.188.105,10.10.0.10,,,443,45734,0,1358,17
1588616994.3274634,173.194.188.105,10.10.0.10,,,443,45734,0,1358,17
1588616994.3290222,10.10.0.10,173.194.188.105,,,45734,443,0,37,17
1588616994.332672,173.194.188.105,10.10.0.10,,,443,45734,0,1358,17
1588616994.3378804,173.194.188.105,10.10.0.10,,,443,45734,0,1358,17
1588616994.339809,10.10.0.10,173.194.188.105,,,45734,443,0,37,17
1588616994.343086,173.194.188.105,10.10.0.10,,,443,45734,0,1358,17
1588616994.348294,173.194.188.105,10.10.0.10,,,443,45734,0,1358,17
1588616994.349991,10.10.0.10,173.194.188.105,,,45734,443,0,37,17
1588616994.353502,173.194.188.105,10.10.0.10,,,443,45734,0,1358,17
1588616994.358649,173.194.188.105,10.10.0.10,,,443,45734,0,1358,17
1588616994.360308,10.10.0.10,173.194.188.105,,,45734,443,0,37,17
1588616994.3639011,173.194.188.105,10.10.0.10,,,443,45734,0,1358,17
1588616994.3691332,173.194.188.105,10.10.0.10,,,443,45734,0,1358,17
1588616994.3723779,10.10.0.10,173.194.188.105,,,45734,443,0,37,17
1588616994.374302,173.194.188.105,10.10.0.10,,,443,45734,0,1358,17
1588616994.379549,173.194.188.105,10.10.0.10,,,443,45734,0,1358,17
1588616994.381204,10.10.0.10,173.194.188.105,,,45734,443,0,37,17
1588616994.3847132,173.194.188.105,10.10.0.10,,,443,45734,0,1358,17
1588616994.389967,173.194.188.105,10.10.0.10,,,443,45734,0,1358,17
1588616994.391666,10.10.0.10,173.194.188.105,,,45734,443,0,37,17
1588616994.39516,173.194.188.105,10.10.0.10,,,443,45734,0,1358,17
1588616994.4003198,173.194.188.105,10.10.0.10,,,443,45734,0,1358,17
1588616994.402296,10.10.0.10,173.194.188.105,,,45734,443,0,37,17
1588616994.405535,173.194.188.105,10.10.0.10,,,443,45734,0,1358,17
1588616994.41076,173.194.188.105,10.10.0.10,,,443,45734,0,1358,17
1588616994.4130108,10.10.0.10,173.194.188.105,,,45734,443,0,37,17
1588616994.415968,173.194.188.105,10.10.0.10,,,443,45734,0,1358,17
1588616994.421177,173.194.188.105,10.10.0.10,,,443,45734,0,1358,17
1588616994.4234982,10.10.0.10,173.194.188.105,,,45734,443,0,37,17
1588616994.426423,173.194.188.105,10.10.0.10,,,443,45734,0,1358,17
1588616994.431635,173.194.188.105,10.10.0.10,,,443,45734,0,1358,17
1588616994.4332874,10.10.0.10,173.194.188.105,,,45734,443,0,50,17
1588616994.4368439,173.194.188.105,10.10.0.10,,,443,45734,0,1358,17
1588616994.442052,173.194.188.105,10.10.0.10,,,443,45734,0,1358,17
1588616994.44383,10.10.0.10,173.194.188.105,,,45734,443,0,37,17
1588616994.447256,173.194.188.105,10.10.0.10,,,443,45734,0,1358,17
1588616994.4524698,173.194.188.105,10.10.0.10,,,443,45734,0,1358,17
1588616994.4541638,10.10.0.10,173.194.188.105,,,45734,443,0,37,17
1588616994.457674,173.194.188.105,10.10.0.10,,,443,45734,0,1358,17
1588616994.462883,173.194.188.105,10.10.0.10,,,443,45734,0,1358,17
1588616994.464702,10.10.0.10,173.194.188.105,,,45734,443,0,37,17
1588616994.4680922,173.194.188.105,10.10.0.10,,,443,45734,0,1358,17
1588616994.473305,173.194.188.105,10.10.0.10,,,443,45734,0,1358,17
1588616994.4751024,10.10.0.10,173.194.188.105,,,45734,443,0,37,17
1588616994.478513,173.194.188.105,10.10.0.10,,,443,45734,0,1358,17
1588616994.483721,173.194.188.105,10.10.0.10,,,443,45734,0,29,17
1588616994.4838982,173.194.188.105,10.10.0.10,,,443,45734,0,1358,17
1588616994.485378,10.10.0.10,173.194.188.105,,,45734,443,0,37,17
1588616994.489166,173.194.188.105,10.10.0.10,,,443,45734,0,1358,17
1588616994.494374,173.194.188.105,10.10.0.10,,,443,45734,0,1358,17
1588616994.4962249,10.10.0.10,173.194.188.105,,,45734,443,0,37,17
1588616994.499582,173.194.188.105,10.10.0.10,,,443,45734,0,1358,17
1588616994.504787,173.194.188.105,10.10.0.10,,,443,45734,0,1358,17
1588616994.5065582,10.10.0.10,173.194.188.105,,,45734,443,0,37,17
1588616994.5099962,173.194.188.105,10.10.0.10,,,443,45734,0,1358,17
1588616994.5152018,173.194.188.105,10.10.0.10,,,443,45734,0,1358,17
1588616994.516975,10.10.0.10,173.194.188.105,,,45734,443,0,37,17
1588616994.5204134,173.194.188.105,10.10.0.10,,,443,45734,0,1358,17
1588616994.525623,173.194.188.105,10.10.0.10,,,443,45734,0,1358,17
1588616994.527265,10.10.0.10,173.194.188.105,,,45734,443,0,37,17
1588616994.530831,173.194.188.105,10.10.0.10,,,443,45734,0,1358,17
1588616994.5360448,173.194.188.105,10.10.0.10,,,443,45734,0,1358,17
1588616994.5378704,10.10.0.10,173.194.188.105,,,45734,443,0,37,17
1588616994.541248,173.194.188.105,10.10.0.10,,,443,45734,0,1358,17
1588616994.5464602,173.194.188.105,10.10.0.10,,,443,45734,0,1358,17
1588616994.5482454,10.10.0.10,173.194.188.105,,,45734,443,0,37,17
1588616994.551666,173.194.188.105,10.10.0.10,,,443,45734,0,1358,17
1588616994.5568776,173.194.188.105,10.10.0.10,,,443,45734,0,1358,17
1588616994.562088,173.194.188.105,10.10.0.10,,,443,45734,0,1358,17
1588616994.5672908,173.194.188.105,10.10.0.10,,,443,45734,0,1358,17
1588616994.5724988,173.194.188.105,10.10.0.10,,,443,45734,0,1358,17
1588616994.5776508,173.194.188.105,10.10.0.10,,,443,45734,0,1358,17
1588616994.58288,173.194.188.105,10.10.0.10,,,443,45734,0,1358,17
1588616994.583617,10.10.0.10,173.194.188.105,,,45734,443,0,37,17
1588616994.586297,10.10.0.10,173.194.188.105,,,45734,443,0,37,17
1588616994.586711,10.10.0.10,173.194.188.105,,,45734,443,0,37,17
1588616994.588078,173.194.188.105,10.10.0.10,,,443,45734,0,1358,17
1588616994.5899642,10.10.0.10,173.194.188.105,,,45734,443,0,37,17
1588616994.59332,173.194.188.105,10.10.0.10,,,443,45734,0,1358,17
1588616994.5985155,173.194.188.105,10.10.0.10,,,443,45734,0,1358,17
1588616994.6002538,10.10.0.10,173.194.188.105,,,45734,443,0,37,17
1588616994.603735,173.194.188.105,10.10.0.10,,,443,45734,0,1358,17
1588616994.6088989,173.194.188.105,10.10.0.10,,,443,45734,0,1358,17
1588616994.614132,173.194.188.105,10.10.0.10,,,443,45734,0,1358,17
1588616994.619339,173.194.188.105,10.10.0.10,,,443,45734,0,1358,17
1588616994.620382,10.10.0.10,173.194.188.105,,,45734,443,0,37,17
1588616994.622241,10.10.0.10,173.194.188.105,,,45734,443,0,37,17
1588616994.6245732,173.194.188.105,10.10.0.10,,,443,45734,0,1358,17
1588616994.629782,173.194.188.105,10.10.0.10,,,443,45734,0,1358,17
1588616994.63132,10.10.0.10,173.194.188.105,,,45734,443,0,37,17
1588616994.634973,173.194.188.105,10.10.0.10,,,443,45734,0,1358,17
1588616994.640183,173.194.188.105,10.10.0.10,,,443,45734,0,1358,17
1588616994.643067,10.10.0.10,173.194.188.105,,,45734,443,0,50,17
1588616994.6453831,173.194.188.105,10.10.0.10,,,443,45734,0,1358,17
1588616994.650574,173.194.188.105,10.10.0.10,,,443,45734,0,1358,17
1588616994.652052,10.10.0.10,173.194.188.105,,,45734,443,0,37,17
1588616994.655805,173.194.188.105,10.10.0.10,,,443,45734,0,1358,17
1588616994.6610365,173.194.188.105,10.10.0.10,,,443,45734,0,1358,17
1588616994.66368,10.10.0.10,173.194.188.105,,,45734,443,0,37,17
1588616994.6662452,173.194.188.105,10.10.0.10,,,443,45734,0,1358,17
1588616994.6714268,173.194.188.105,10.10.0.10,,,443,45734,0,1358,17
1588616994.674385,10.10.0.10,173.194.188.105,,,45734,443,0,37,17
1588616994.676665,173.194.188.105,10.10.0.10,,,443,45734,0,1358,17
1588616994.6818109,173.194.188.105,10.10.0.10,,,443,45734,0,1358,17
1588616994.683346,10.10.0.10,173.194.188.105,,,45734,443,0,37,17
1588616994.6870394,173.194.188.105,10.10.0.10,,,443,45734,0,1358,17
1588616994.6922612,173.194.188.105,10.10.0.10,,,443,45734,0,29,17
1588616994.6924922,173.194.188.105,10.10.0.10,,,443,45734,0,1358,17
1588616994.6943982,10.10.0.10,173.194.188.105,,,45734,443,0,37,17
1588616994.6977394,173.194.188.105,10.10.0.10,,,443,45734,0,1358,17
1588616994.702948,173.194.188.105,10.10.0.10,,,443,45734,0,1358,17
1588616994.708156,173.194.188.105,10.10.0.10,,,443,45734,0,1358,17
1588616994.713365,173.194.188.105,10.10.0.10,,,443,45734,0,1358,17
1588616994.7185464,173.194.188.105,10.10.0.10,,,443,45734,0,1358,17
1588616994.723737,173.194.188.105,10.10.0.10,,,443,45734,0,1358,17
1588616994.728938,173.194.188.105,10.10.0.10,,,443,45734,0,1358,17
1588616994.731822,10.10.0.10,173.194.188.105,,,45734,443,0,37,17
1588616994.734139,173.194.188.105,10.10.0.10,,,443,45734,0,1358,17
1588616994.7367148,10.10.0.10,173.194.188.105,,,45734,443,0,37,17
1588616994.7367306,10.10.0.10,173.194.188.105,,,45734,443,0,37,17
1588616994.737835,10.10.0.10,173.194.188.105,,,45734,443,0,37,17
1588616994.73934,173.194.188.105,10.10.0.10,,,443,45734,0,1358,17
1588616994.7445822,173.194.188.105,10.10.0.10,,,443,45734,0,1358,17
1588616994.746541,10.10.0.10,173.194.188.105,,,45734,443,0,37,17
1588616994.749782,173.194.188.105,10.10.0.10,,,443,45734,0,1358,17
1588616994.755021,173.194.188.105,10.10.0.10,,,443,45734,0,1358,17
1588616994.7569811,10.10.0.10,173.194.188.105,,,45734,443,0,37,17
1588616994.7602286,173.194.188.105,10.10.0.10,,,443,45734,0,1358,17
1588616994.765392,173.194.188.105,10.10.0.10,,,443,45734,0,1358,17
1588616994.767071,10.10.0.10,173.194.188.105,,,45734,443,0,37,17
1588616994.770652,173.194.188.105,10.10.0.10,,,443,45734,0,1358,17
1588616994.7758749,173.194.188.105,10.10.0.10,,,443,45734,0,1358,17
1588616994.7774668,10.10.0.10,173.194.188.105,,,45734,443,0,37,17
1588616994.78107,173.194.188.105,10.10.0.10,,,443,45734,0,1358,17
1588616994.786277,173.194.188.105,10.10.0.10,,,443,45734,0,1358,17
1588616994.7879238,10.10.0.10,173.194.188.105,,,45734,443,0,37,17
1588616994.7914839,173.194.188.105,10.10.0.10,,,443,45734,0,1358,17
1588616994.796666,173.194.188.105,10.10.0.10,,,443,45734,0,1358,17
1588616994.7983005,10.10.0.10,173.194.188.105,,,45734,443,0,37,17
1588616994.801862,173.194.188.105,10.10.0.10,,,443,45734,0,1358,17
1588616994.807084,173.194.188.105,10.10.0.10,,,443,45734,0,1358,17
1588616994.8088028,10.10.0.10,173.194.188.105,,,45734,443,0,37,17
1588616994.812319,173.194.188.105,10.10.0.10,,,443,45734,0,1358,17
1588616994.817528,173.194.188.105,10.10.0.10,,,443,45734,0,1358,17
1588616994.82118,10.10.0.10,173.194.188.105,,,45734,443,0,37,17
1588616994.822737,173.194.188.105,10.10.0.10,,,443,45734,0,1358,17
1588616994.827948,173.194.188.105,10.10.0.10,,,443,45734,0,1358,17
1588616994.8297632,10.10.0.10,173.194.188.105,,,45734,443,0,37,17
1588616994.833156,173.194.188.105,10.10.0.10,,,443,45734,0,1358,17
1588616994.8383384,173.194.188.105,10.10.0.10,,,443,45734,0,1358,17
1588616994.840013,10.10.0.10,173.194.188.105,,,45734,443,0,37,17
1588616994.8435712,173.194.188.105,10.10.0.10,,,443,45734,0,1358,17
1588616994.848754,173.194.188.105,10.10.0.10,,,443,45734,0,1358,17
1588616994.8505301,10.10.0.10,173.194.188.105,,,45734,443,0,50,17
1588616994.853934,173.194.188.105,10.10.0.10,,,443,45734,0,1358,17
1588616994.8591974,173.194.188.105,10.10.0.10,,,443,45734,0,1358,17
1588616994.8608198,10.10.0.10,173.194.188.105,,,45734,443,0,37,17
1588616994.864406,173.194.188.105,10.10.0.10,,,443,45734,0,1358,17
1588616994.869617,173.194.188.105,10.10.0.10,,,443,45734,0,1358,17
1588616994.8729699,10.10.0.10,173.194.188.105,,,45734,443,0,37,17
1588616994.874823,173.194.188.105,10.10.0.10,,,443,45734,0,1358,17
1588616994.880007,173.194.188.105,10.10.0.10,,,443,45734,0,1358,17
1588616994.885242,173.194.188.105,10.10.0.10,,,443,45734,0,1358,17
1588616994.890449,173.194.188.105,10.10.0.10,,,443,45734,0,1358,17
1588616994.895659,173.194.188.105,10.10.0.10,,,443,45734,0,1358,17
1588616994.900828,173.194.188.105,10.10.0.10,,,443,45734,0,1358,17
1588616994.906081,173.194.188.105,10.10.0.10,,,443,45734,0,1358,17
1588616994.91129,173.194.188.105,10.10.0.10,,,443,45734,0,1358,17
1588616994.916498,173.194.188.105,10.10.0.10,,,443,45734,0,1358,17
1588616994.921707,173.194.188.105,10.10.0.10,,,443,45734,0,1358,17
1588616994.926888,173.194.188.105,10.10.0.10,,,443,45734,0,1358,17
1588616994.932128,173.194.188.105,10.10.0.10,,,443,45734,0,1358,17
1588616994.937334,173.194.188.105,10.10.0.10,,,443,45734,0,1358,17
1588616994.942544,173.194.188.105,10.10.0.10,,,443,45734,0,29,17
1588616994.9427412,173.194.188.105,10.10.0.10,,,443,45734,0,1358,17
1588616994.9479878,173.194.188.105,10.10.0.10,,,443,45734,0,1358,17
1588616994.9531991,173.194.188.105,10.10.0.10,,,443,45734,0,1358,17
1588616994.958407,173.194.188.105,10.10.0.10,,,443,45734,0,1358,17
1588616994.9636116,173.194.188.105,10.10.0.10,,,443,45734,0,1358,17
1588616994.9644544,10.10.0.10,173.194.188.105,,,45734,443,0,37,17
1588616994.965976,10.10.0.10,173.194.188.105,,,45734,443,0,37,17
1588616994.9684632,10.10.0.10,173.194.188.105,,,45734,443,0,37,17
1588616994.968789,173.194.188.105,10.10.0.10,,,443,45734,0,1358,17
1588616994.970799,10.10.0.10,173.194.188.105,,,45734,443,0,37,17
1588616994.972858,10.10.0.10,173.194.188.105,,,45734,443,0,37,17
1588616994.972899,10.10.0.10,173.194.188.105,,,45734,443,0,37,17
1588616994.9739912,173.194.188.105,10.10.0.10,,,443,45734,0,1358,17
1588616994.9746132,10.10.0.10,173.194.188.105,,,45734,443,0,37,17
1588616994.9763188,10.10.0.10,173.194.188.105,,,45734,443,0,37,17
1588616994.977256,10.10.0.10,173.194.188.105,,,45734,443,0,37,17
1588616994.977819,10.10.0.10,173.194.188.105,,,45734,443,0,37,17
1588616994.97924,173.194.188.105,10.10.0.10,,,443,45734,0,1358,17
1588616994.9808118,10.10.0.10,173.194.188.105,,,45734,443,0,37,17
1588616994.9844508,173.194.188.105,10.10.0.10,,,443,45734,0,1358,17
1588616994.9896588,173.194.188.105,10.10.0.10,,,443,45734,0,1358,17
1588616994.9912946,10.10.0.10,173.194.188.105,,,45734,443,0,37,17
1588616994.9948668,173.194.188.105,10.10.0.10,,,443,45734,0,1358,17
1588616995.000074,173.194.188.105,10.10.0.10,,,443,45734,0,1358,17
1588616995.005286,173.194.188.105,10.10.0.10,,,443,45734,0,1358,17
1588616995.0104961,173.194.188.105,10.10.0.10,,,443,45734,0,1358,17
1588616995.0156348,173.194.188.105,10.10.0.10,,,443,45734,0,1358,17
1588616995.0209172,173.194.188.105,10.10.0.10,,,443,45734,0,1358,17
1588616995.0261252,173.194.188.105,10.10.0.10,,,443,45734,0,1358,17
1588616995.031342,173.194.188.105,10.10.0.10,,,443,45734,0,1358,17
1588616995.0365422,173.194.188.105,10.10.0.10,,,443,45734,0,1358,17
1588616995.0417476,173.194.188.105,10.10.0.10,,,443,45734,0,1358,17
1588616995.0469599,173.194.188.105,10.10.0.10,,,443,45734,0,1358,17
1588616995.0521722,173.194.188.105,10.10.0.10,,,443,45734,0,1358,17
1588616995.057375,173.194.188.105,10.10.0.10,,,443,45734,0,1358,17
1588616995.062582,173.194.188.105,10.10.0.10,,,443,45734,0,1358,17
1588616995.067793,173.194.188.105,10.10.0.10,,,443,45734,0,1358,17
1588616995.073007,173.194.188.105,10.10.0.10,,,443,45734,0,1358,17
1588616995.078208,173.194.188.105,10.10.0.10,,,443,45734,0,1358,17
1588616995.083416,173.194.188.105,10.10.0.10,,,443,45734,0,1358,17
1588616995.088607,173.194.188.105,10.10.0.10,,,443,45734,0,1358,17
1588616995.0894525,10.10.0.10,173.194.188.105,,,45734,443,0,37,17
1588616995.0900602,10.10.0.10,173.194.188.105,,,45734,443,0,37,17
1588616995.091562,10.10.0.10,173.194.188.105,,,45734,443,0,37,17
1588616995.0916278,10.10.0.10,173.194.188.105,,,45734,443,0,37,17
1588616995.0937223,10.10.0.10,173.194.188.105,,,45734,443,0,37,17
1588616995.093791,173.194.188.105,10.10.0.10,,,443,45734,0,1358,17
1588616995.09727,10.10.0.10,173.194.188.105,,,45734,443,0,50,17
1588616995.098608,10.10.0.10,173.194.188.105,,,45734,443,0,37,17
1588616995.0990062,173.194.188.105,10.10.0.10,,,443,45734,0,1358,17
1588616995.099405,10.10.0.10,173.194.188.105,,,45734,443,0,37,17
1588616995.1011398,10.10.0.10,173.194.188.105,,,45734,443,0,37,17
1588616995.1024652,10.10.0.10,173.194.188.105,,,45734,443,0,37,17
1588616995.104251,173.194.188.105,10.10.0.10,,,443,45734,0,1358,17
1588616995.105882,10.10.0.10,173.194.188.105,,,45734,443,0,37,17
1588616995.109458,173.194.188.105,10.10.0.10,,,443,45734,0,1358,17
1588616995.114667,173.194.188.105,10.10.0.10,,,443,45734,0,1358,17
1588616995.1198509,173.194.188.105,10.10.0.10,,,443,45734,0,1358,17
1588616995.125088,173.194.188.105,10.10.0.10,,,443,45734,0,1358,17
1588616995.1302938,173.194.188.105,10.10.0.10,,,443,45734,0,1358,17
1588616995.135505,173.194.188.105,10.10.0.10,,,443,45734,0,1358,17
1588616995.1407142,173.194.188.105,10.10.0.10,,,443,45734,0,1358,17
1588616995.1459222,173.194.188.105,10.10.0.10,,,443,45734,0,1358,17
1588616995.151132,173.194.188.105,10.10.0.10,,,443,45734,0,1358,17
1588616995.1563392,173.194.188.105,10.10.0.10,,,443,45734,0,1358,17
1588616995.161545,173.194.188.105,10.10.0.10,,,443,45734,0,1358,17
1588616995.1667528,173.194.188.105,10.10.0.10,,,443,45734,0,1358,17
1588616995.171966,173.194.188.105,10.10.0.10,,,443,45734,0,1358,17
1588616995.1771722,173.194.188.105,10.10.0.10,,,443,45734,0,1358,17
1588616995.182383,173.194.188.105,10.10.0.10,,,443,45734,0,1358,17
1588616995.187592,173.194.188.105,10.10.0.10,,,443,45734,0,1358,17
1588616995.1928,173.194.188.105,10.10.0.10,,,443,45734,0,1358,17
1588616995.198007,173.194.188.105,10.10.0.10,,,443,45734,0,1358,17
1588616995.2032151,173.194.188.105,10.10.0.10,,,443,45734,0,1358,17
1588616995.205329,10.10.0.10,173.194.188.105,,,45734,443,0,37,17
1588616995.207527,10.10.0.10,173.194.188.105,,,45734,443,0,37,17
1588616995.2075741,10.10.0.10,173.194.188.105,,,45734,443,0,37,17
1588616995.208409,173.194.188.105,10.10.0.10,,,443,45734,0,1358,17
1588616995.2100804,10.10.0.10,173.194.188.105,,,45734,443,0,37,17
1588616995.211065,10.10.0.10,173.194.188.105,,,45734,443,0,37,17
1588616995.2119718,10.10.0.10,173.194.188.105,,,45734,443,0,37,17
1588616995.2135198,10.10.0.10,173.194.188.105,,,45734,443,0,37,17
1588616995.2135901,173.194.188.105,10.10.0.10,,,443,45734,0,1358,17
1588616995.214623,10.10.0.10,173.194.188.105,,,45734,443,0,37,17
1588616995.215647,10.10.0.10,173.194.188.105,,,45734,443,0,37,17
1588616995.216594,10.10.0.10,173.194.188.105,,,45734,443,0,37,17
1588616995.21774,10.10.0.10,173.194.188.105,,,45734,443,0,37,17
1588616995.2188392,173.194.188.105,10.10.0.10,,,443,45734,0,1358,17
1588616995.2240489,173.194.188.105,10.10.0.10,,,443,45734,0,1358,17
1588616995.2257798,10.10.0.10,173.194.188.105,,,45734,443,0,37,17
1588616995.2292602,173.194.188.105,10.10.0.10,,,443,45734,0,1358,17
1588616995.2344372,173.194.188.105,10.10.0.10,,,443,45734,0,1358,17
1588616995.239678,173.194.188.105,10.10.0.10,,,443,45734,0,1358,17
1588616995.244894,173.194.188.105,10.10.0.10,,,443,45734,0,1358,17
1588616995.250082,173.194.188.105,10.10.0.10,,,443,45734,0,1358,17
1588616995.2553039,173.194.188.105,10.10.0.10,,,443,45734,0,1358,17
1588616995.260509,173.194.188.105,10.10.0.10,,,443,45734,0,1358,17
1588616995.2657206,173.194.188.105,10.10.0.10,,,443,45734,0,1358,17
1588616995.270928,173.194.188.105,10.10.0.10,,,443,45734,0,1358,17
1588616995.276136,173.194.188.105,10.10.0.10,,,443,45734,0,1358,17
1588616995.2813456,173.194.188.105,10.10.0.10,,,443,45734,0,1358,17
1588616995.2865562,173.194.188.105,10.10.0.10,,,443,45734,0,1358,17
1588616995.291761,173.194.188.105,10.10.0.10,,,443,45734,0,1358,17
1588616995.296969,173.194.188.105,10.10.0.10,,,443,45734,0,1358,17
1588616995.302177,173.194.188.105,10.10.0.10,,,443,45734,0,1358,17
1588616995.30739,173.194.188.105,10.10.0.10,,,443,45734,0,1358,17
1588616995.312598,173.194.188.105,10.10.0.10,,,443,45734,0,1358,17
1588616995.317805,173.194.188.105,10.10.0.10,,,443,45734,0,1358,17
1588616995.323013,173.194.188.105,10.10.0.10,,,443,45734,0,1358,17
1588616995.324436,10.10.0.10,173.194.188.105,,,45734,443,0,37,17
1588616995.3262892,10.10.0.10,173.194.188.105,,,45734,443,0,37,17
1588616995.32689,10.10.0.10,173.194.188.105,,,45734,443,0,50,17
1588616995.328221,173.194.188.105,10.10.0.10,,,443,45734,0,1358,17
1588616995.3289788,10.10.0.10,173.194.188.105,,,45734,443,0,37,17
1588616995.329682,10.10.0.10,173.194.188.105,,,45734,443,0,37,17
1588616995.331111,10.10.0.10,173.194.188.105,,,45734,443,0,37,17
1588616995.3317056,10.10.0.10,173.194.188.105,,,45734,443,0,37,17
1588616995.3334286,173.194.188.105,10.10.0.10,,,443,45734,0,1358,17
1588616995.334342,10.10.0.10,173.194.188.105,,,45734,443,0,37,17
1588616995.3357892,10.10.0.10,173.194.188.105,,,45734,443,0,37,17
1588616995.33864,173.194.188.105,10.10.0.10,,,443,45734,0,1358,17
1588616995.343849,173.194.188.105,10.10.0.10,,,443,45734,0,1358,17
1588616995.344681,10.10.0.10,173.194.188.105,,,45734,443,0,37,17
1588616995.3447301,10.10.0.10,173.194.188.105,,,45734,443,0,37,17
1588616995.346447,10.10.0.10,173.194.188.105,,,45734,443,0,37,17
1588616995.3489866,173.194.188.105,10.10.0.10,,,443,45734,0,1358,17
1588616995.354267,173.194.188.105,10.10.0.10,,,443,45734,0,1358,17
1588616995.359477,173.194.188.105,10.10.0.10,,,443,45734,0,1358,17
1588616995.364687,173.194.188.105,10.10.0.10,,,443,45734,0,1358,17
1588616995.369902,173.194.188.105,10.10.0.10,,,443,45734,0,1358,17
1588616995.375102,173.194.188.105,10.10.0.10,,,443,45734,0,1358,17
1588616995.3803148,173.194.188.105,10.10.0.10,,,443,45734,0,1358,17
1588616995.3855224,173.194.188.105,10.10.0.10,,,443,45734,0,1358,17
1588616995.3906918,173.194.188.105,10.10.0.10,,,443,45734,0,1358,17
1588616995.3959398,173.194.188.105,10.10.0.10,,,443,45734,0,1358,17
1588616995.4011462,173.194.188.105,10.10.0.10,,,443,45734,0,1358,17
1588616995.406358,173.194.188.105,10.10.0.10,,,443,45734,0,1358,17
1588616995.411565,173.194.188.105,10.10.0.10,,,443,45734,0,1358,17
1588616995.416776,173.194.188.105,10.10.0.10,,,443,45734,0,1358,17
1588616995.4219868,173.194.188.105,10.10.0.10,,,443,45734,0,1358,17
1588616995.4271972,173.194.188.105,10.10.0.10,,,443,45734,0,1358,17
1588616995.4324052,173.194.188.105,10.10.0.10,,,443,45734,0,1358,17
1588616995.43761,173.194.188.105,10.10.0.10,,,443,45734,0,1358,17
1588616995.4428198,173.194.188.105,10.10.0.10,,,443,45734,0,1358,17
1588616995.4442532,10.10.0.10,173.194.188.105,,,45734,443,0,37,17
1588616995.4447572,10.10.0.10,173.194.188.105,,,45734,443,0,37,17
1588616995.448026,173.194.188.105,10.10.0.10,,,443,45734,0,1358,17
1588616995.448184,10.10.0.10,173.194.188.105,,,45734,443,0,37,17
1588616995.4496028,10.10.0.10,173.194.188.105,,,45734,443,0,37,17
1588616995.450634,10.10.0.10,173.194.188.105,,,45734,443,0,37,17
1588616995.4517171,10.10.0.10,173.194.188.105,,,45734,443,0,37,17
1588616995.452252,10.10.0.10,173.194.188.105,,,45734,443,0,37,17
1588616995.453209,173.194.188.105,10.10.0.10,,,443,45734,0,1358,17
1588616995.4540858,10.10.0.10,173.194.188.105,,,45734,443,0,37,17
1588616995.454673,10.10.0.10,173.194.188.105,,,45734,443,0,37,17
1588616995.4563322,10.10.0.10,173.194.188.105,,,45734,443,0,37,17
1588616995.456556,10.10.0.10,173.194.188.105,,,45734,443,0,50,17
1588616995.458443,173.194.188.105,10.10.0.10,,,443,45734,0,1358,17
1588616995.463656,173.194.188.105,10.10.0.10,,,443,45734,0,1358,17
1588616995.4651878,10.10.0.10,173.194.188.105,,,45734,443,0,37,17
1588616995.4688652,173.194.188.105,10.10.0.10,,,443,45734,0,1358,17
1588616995.4740686,173.194.188.105,10.10.0.10,,,443,45734,0,1358,17
1588616995.47928,173.194.188.105,10.10.0.10,,,443,45734,0,1358,17
1588616995.484446,173.194.188.105,10.10.0.10,,,443,45734,0,1358,17
1588616995.4896948,173.194.188.105,10.10.0.10,,,443,45734,0,29,17
1588616995.4898489,173.194.188.105,10.10.0.10,,,443,45734,0,1358,17
1588616995.495144,173.194.188.105,10.10.0.10,,,443,45734,0,1358,17
1588616995.500352,173.194.188.105,10.10.0.10,,,443,45734,0,1358,17
1588616995.505528,173.194.188.105,10.10.0.10,,,443,45734,0,1358,17
1588616995.510765,173.194.188.105,10.10.0.10,,,443,45734,0,1358,17
1588616995.515936,173.194.188.105,10.10.0.10,,,443,45734,0,1358,17
1588616995.521185,173.194.188.105,10.10.0.10,,,443,45734,0,1358,17
1588616995.526352,173.194.188.105,10.10.0.10,,,443,45734,0,1358,17
1588616995.5316026,173.194.188.105,10.10.0.10,,,443,45734,0,1358,17
1588616995.536808,173.194.188.105,10.10.0.10,,,443,45734,0,1358,17
1588616995.542002,173.194.188.105,10.10.0.10,,,443,45734,0,1358,17
1588616995.547231,173.194.188.105,10.10.0.10,,,443,45734,0,1358,17
1588616995.552438,173.194.188.105,10.10.0.10,,,443,45734,0,1358,17
1588616995.557644,173.194.188.105,10.10.0.10,,,443,45734,0,1358,17
1588616995.562855,173.194.188.105,10.10.0.10,,,443,45734,0,1358,17
1588616995.5640292,10.10.0.10,173.194.188.105,,,45734,443,0,37,17
1588616995.5680602,173.194.188.105,10.10.0.10,,,443,45734,0,1358,17
1588616995.5732696,173.194.188.105,10.10.0.10,,,443,45734,0,1358,17
1588616995.573489,10.10.0.10,173.194.188.105,,,45734,443,0,37,17
1588616995.575205,10.10.0.10,173.194.188.105,,,45734,443,0,37,17
1588616995.5759401,10.10.0.10,173.194.188.105,,,45734,443,0,37,17
1588616995.577425,10.10.0.10,173.194.188.105,,,45734,443,0,37,17
1588616995.5781069,10.10.0.10,173.194.188.105,,,45734,443,0,37,17
1588616995.578404,173.194.188.105,10.10.0.10,,,443,45734,0,1358,17
1588616995.579585,10.10.0.10,173.194.188.105,,,45734,443,0,37,17
1588616995.580627,10.10.0.10,173.194.188.105,,,45734,443,0,37,17
1588616995.5816932,10.10.0.10,173.194.188.105,,,45734,443,0,37,17
1588616995.5831769,10.10.0.10,173.194.188.105,,,45734,443,0,37,17
1588616995.5836296,173.194.188.105,10.10.0.10,,,443,45734,0,1358,17
1588616995.587042,10.10.0.10,173.194.188.105,,,45734,443,0,37,17
1588616995.5883868,10.10.0.10,173.194.188.105,,,45734,443,0,37,17
1588616995.588856,173.194.188.105,10.10.0.10,,,443,45734,0,1358,17
1588616995.594034,173.194.188.105,10.10.0.10,,,443,45734,0,1358,17
1588616995.5992658,173.194.188.105,10.10.0.10,,,443,45734,0,1358,17
1588616995.60447,173.194.188.105,10.10.0.10,,,443,45734,0,1358,17
1588616995.609705,173.194.188.105,10.10.0.10,,,443,45734,0,1358,17
1588616995.614913,173.194.188.105,10.10.0.10,,,443,45734,0,1358,17
1588616995.6200762,173.194.188.105,10.10.0.10,,,443,45734,0,1358,17
1588616995.625274,173.194.188.105,10.10.0.10,,,443,45734,0,1358,17
1588616995.630543,173.194.188.105,10.10.0.10,,,443,45734,0,1358,17
1588616995.6357028,173.194.188.105,10.10.0.10,,,443,45734,0,1358,17
1588616995.6409378,173.194.188.105,10.10.0.10,,,443,45734,0,1358,17
1588616995.646169,173.194.188.105,10.10.0.10,,,443,45734,0,1358,17
1588616995.651362,173.194.188.105,10.10.0.10,,,443,45734,0,1358,17
1588616995.656543,173.194.188.105,10.10.0.10,,,443,45734,0,1358,17
1588616995.6617599,173.194.188.105,10.10.0.10,,,443,45734,0,1358,17
1588616995.6669388,173.194.188.105,10.10.0.10,,,443,45734,0,1358,17
1588616995.672182,173.194.188.105,10.10.0.10,,,443,45734,0,1358,17
1588616995.677417,173.194.188.105,10.10.0.10,,,443,45734,0,1358,17
1588616995.6826286,173.194.188.105,10.10.0.10,,,443,45734,0,1358,17
1588616995.6826448,10.10.0.10,173.194.188.105,,,45734,443,0,37,17
1588616995.687708,10.10.0.10,173.194.188.105,,,45734,443,0,37,17
1588616995.6877892,173.194.188.105,10.10.0.10,,,443,45734,0,1358,17
1588616995.6883302,10.10.0.10,173.194.188.105,,,45734,443,0,37,17
1588616995.6908169,10.10.0.10,173.194.188.105,,,45734,443,0,37,17
1588616995.692271,10.10.0.10,173.194.188.105,,,45734,443,0,37,17
1588616995.69293,10.10.0.10,173.194.188.105,,,45734,443,0,37,17
1588616995.693003,173.194.188.105,10.10.0.10,,,443,45734,0,1358,17
1588616995.6957092,10.10.0.10,173.194.188.105,,,45734,443,0,50,17
1588616995.696395,10.10.0.10,173.194.188.105,,,45734,443,0,37,17
1588616995.696917,10.10.0.10,173.194.188.105,,,45734,443,0,37,17
1588616995.69762,10.10.0.10,173.194.188.105,,,45734,443,0,37,17
1588616995.6982028,173.194.188.105,10.10.0.10,,,443,45734,0,1358,17
1588616995.699125,10.10.0.10,173.194.188.105,,,45734,443,0,37,17
1588616995.7034614,173.194.188.105,10.10.0.10,,,443,45734,0,1358,17
1588616995.7051878,10.10.0.10,173.194.188.105,,,45734,443,0,37,17
1588616995.7086115,173.194.188.105,10.10.0.10,,,443,45734,0,1358,17
1588616995.713881,173.194.188.105,10.10.0.10,,,443,45734,0,1358,17
1588616995.7190669,173.194.188.105,10.10.0.10,,,443,45734,0,1358,17
1588616995.724243,173.194.188.105,10.10.0.10,,,443,45734,0,29,17
1588616995.7244804,173.194.188.105,10.10.0.10,,,443,45734,0,1358,17
1588616995.729697,173.194.188.105,10.10.0.10,,,443,45734,0,1358,17
1588616995.7349546,173.194.188.105,10.10.0.10,,,443,45734,0,1358,17
1588616995.740144,173.194.188.105,10.10.0.10,,,443,45734,0,1358,17
1588616995.74531,173.194.188.105,10.10.0.10,,,443,45734,0,1358,17
1588616995.750537,173.194.188.105,10.10.0.10,,,443,45734,0,1358,17
1588616995.7557938,173.194.188.105,10.10.0.10,,,443,45734,0,1358,17
1588616995.760999,173.194.188.105,10.10.0.10,,,443,45734,0,1358,17
1588616995.766209,173.194.188.105,10.10.0.10,,,443,45734,0,1358,17
1588616995.771417,173.194.188.105,10.10.0.10,,,443,45734,0,1358,17
1588616995.7766268,173.194.188.105,10.10.0.10,,,443,45734,0,1358,17
1588616995.781841,173.194.188.105,10.10.0.10,,,443,45734,0,1358,17
1588616995.7870429,173.194.188.105,10.10.0.10,,,443,45734,0,1358,17
1588616995.7922552,173.194.188.105,10.10.0.10,,,443,45734,0,1358,17
1588616995.7974641,173.194.188.105,10.10.0.10,,,443,45734,0,1358,17
1588616995.8026528,173.194.188.105,10.10.0.10,,,443,45734,0,1358,17
1588616995.805332,10.10.0.10,173.194.188.105,,,45734,443,0,37,17
1588616995.8078802,173.194.188.105,10.10.0.10,,,443,45734,0,1358,17
1588616995.8079276,10.10.0.10,173.194.188.105,,,45734,443,0,37,17
1588616995.8119411,10.10.0.10,173.194.188.105,,,45734,443,0,37,17
1588616995.8130622,173.194.188.105,10.10.0.10,,,443,45734,0,1358,17
1588616995.813475,10.10.0.10,173.194.188.105,,,45734,443,0,37,17
1588616995.813624,10.10.0.10,173.194.188.105,,,45734,443,0,37,17
1588616995.8151948,10.10.0.10,173.194.188.105,,,45734,443,0,37,17
1588616995.816344,10.10.0.10,173.194.188.105,,,45734,443,0,37,17
1588616995.816983,10.10.0.10,173.194.188.105,,,45734,443,0,37,17
1588616995.818253,173.194.188.105,10.10.0.10,,,443,45734,0,1358,17
1588616995.81884,10.10.0.10,173.194.188.105,,,45734,443,0,37,17
1588616995.819418,10.10.0.10,173.194.188.105,,,45734,443,0,37,17
1588616995.8225384,10.10.0.10,173.194.188.105,,,45734,443,0,37,17
1588616995.8235052,173.194.188.105,10.10.0.10,,,443,45734,0,1358,17
1588616995.825754,10.10.0.10,173.194.188.105,,,45734,443,0,37,17
1588616995.8287132,173.194.188.105,10.10.0.10,,,443,45734,0,1358,17
1588616995.8339238,173.194.188.105,10.10.0.10,,,443,45734,0,1358,17
1588616995.839101,173.194.188.105,10.10.0.10,,,443,45734,0,1358,17
1588616995.844343,173.194.188.105,10.10.0.10,,,443,45734,0,1358,17
1588616995.8495321,173.194.188.105,10.10.0.10,,,443,45734,0,1358,17
1588616995.85476,173.194.188.105,10.10.0.10,,,443,45734,0,1358,17
1588616995.8599708,173.194.188.105,10.10.0.10,,,443,45734,0,1358,17
1588616995.865187,173.194.188.105,10.10.0.10,,,443,45734,0,1358,17
1588616995.8703866,173.194.188.105,10.10.0.10,,,443,45734,0,1358,17
1588616995.8755946,173.194.188.105,10.10.0.10,,,443,45734,0,1358,17
1588616995.8807821,173.194.188.105,10.10.0.10,,,443,45734,0,1358,17
1588616995.8859706,173.194.188.105,10.10.0.10,,,443,45734,0,1358,17
1588616995.891223,173.194.188.105,10.10.0.10,,,443,45734,0,1358,17
1588616995.8964052,173.194.188.105,10.10.0.10,,,443,45734,0,1358,17
1588616995.9016411,173.194.188.105,10.10.0.10,,,443,45734,0,1358,17
1588616995.906822,173.194.188.105,10.10.0.10,,,443,45734,0,1358,17
1588616995.9120214,173.194.188.105,10.10.0.10,,,443,45734,0,1358,17
1588616995.9172714,173.194.188.105,10.10.0.10,,,443,45734,0,1358,17
1588616995.922484,173.194.188.105,10.10.0.10,,,443,45734,0,1358,17
1588616995.9274368,10.10.0.10,173.194.188.105,,,45734,443,0,37,17
1588616995.927635,173.194.188.105,10.10.0.10,,,443,45734,0,1358,17
1588616995.928905,10.10.0.10,173.194.188.105,,,45734,443,0,37,17
1588616995.930308,10.10.0.10,173.194.188.105,,,45734,443,0,50,17
1588616995.9316282,10.10.0.10,173.194.188.105,,,45734,443,0,37,17
1588616995.932899,173.194.188.105,10.10.0.10,,,443,45734,0,1358,17
1588616995.9343786,10.10.0.10,173.194.188.105,,,45734,443,0,37,17
1588616995.935339,10.10.0.10,173.194.188.105,,,45734,443,0,37,17
1588616995.9372444,10.10.0.10,173.194.188.105,,,45734,443,0,37,17
1588616995.9381044,173.194.188.105,10.10.0.10,,,443,45734,0,1358,17
1588616995.9382498,10.10.0.10,173.194.188.105,,,45734,443,0,37,17
1588616995.94038,10.10.0.10,173.194.188.105,,,45734,443,0,37,17
1588616995.9408894,10.10.0.10,173.194.188.105,,,45734,443,0,37,17
1588616995.9409552,10.10.0.10,173.194.188.105,,,45734,443,0,37,17
1588616995.94332,173.194.188.105,10.10.0.10,,,443,45734,0,1358,17
1588616995.944996,10.10.0.10,173.194.188.105,,,45734,443,0,37,17
1588616995.948529,173.194.188.105,10.10.0.10,,,443,45734,0,1358,17
1588616995.9537358,173.194.188.105,10.10.0.10,,,443,45734,0,1358,17
1588616995.9589422,173.194.188.105,10.10.0.10,,,443,45734,0,29,17
1588616995.95911,173.194.188.105,10.10.0.10,,,443,45734,0,1358,17
1588616995.964377,173.194.188.105,10.10.0.10,,,443,45734,0,1358,17
1588616995.969523,173.194.188.105,10.10.0.10,,,443,45734,0,1358,17
1588616995.974797,173.194.188.105,10.10.0.10,,,443,45734,0,1358,17
1588616995.980006,173.194.188.105,10.10.0.10,,,443,45734,0,1358,17
1588616995.985198,173.194.188.105,10.10.0.10,,,443,45734,0,1358,17
1588616995.990419,173.194.188.105,10.10.0.10,,,443,45734,0,1358,17
1588616995.9956279,173.194.188.105,10.10.0.10,,,443,45734,0,1358,17
1588616996.000835,173.194.188.105,10.10.0.10,,,443,45734,0,1358,17
1588616996.006049,173.194.188.105,10.10.0.10,,,443,45734,0,1358,17
1588616996.0112526,173.194.188.105,10.10.0.10,,,443,45734,0,1358,17
1588616996.0164616,173.194.188.105,10.10.0.10,,,443,45734,0,1358,17
1588616996.021672,173.194.188.105,10.10.0.10,,,443,45734,0,1358,17
1588616996.0268838,173.194.188.105,10.10.0.10,,,443,45734,0,1358,17
1588616996.032092,173.194.188.105,10.10.0.10,,,443,45734,0,1358,17
1588616996.0373,173.194.188.105,10.10.0.10,,,443,45734,0,1358,17
1588616996.042509,173.194.188.105,10.10.0.10,,,443,45734,0,1358,17
1588616996.044156,10.10.0.10,173.194.188.105,,,45734,443,0,37,17
1588616996.047714,173.194.188.105,10.10.0.10,,,443,45734,0,1358,17
1588616996.0505881,10.10.0.10,173.194.188.105,,,45734,443,0,37,17
1588616996.0527859,10.10.0.10,173.194.188.105,,,45734,443,0,37,17
1588616996.0528932,173.194.188.105,10.10.0.10,,,443,45734,0,1358,17
1588616996.054627,10.10.0.10,173.194.188.105,,,45734,443,0,37,17
1588616996.055232,10.10.0.10,173.194.188.105,,,45734,443,0,37,17
1588616996.05679,10.10.0.10,173.194.188.105,,,45734,443,0,37,17
1588616996.057893,10.10.0.10,173.194.188.105,,,45734,443,0,37,17
1588616996.058074,173.194.188.105,10.10.0.10,,,443,45734,0,1358,17
1588616996.0609262,10.10.0.10,173.194.188.105,,,45734,443,0,37,17
1588616996.060984,10.10.0.10,173.194.188.105,,,45734,443,0,37,17
1588616996.061438,10.10.0.10,173.194.188.105,,,45734,443,0,37,17
1588616996.0624678,10.10.0.10,173.194.188.105,,,45734,443,0,50,17
1588616996.0633402,173.194.188.105,10.10.0.10,,,443,45734,0,1358,17
1588616996.0648198,10.10.0.10,173.194.188.105,,,45734,443,0,37,17
1588616996.0685318,173.194.188.105,10.10.0.10,,,443,45734,0,1358,17
1588616996.0737581,173.194.188.105,10.10.0.10,,,443,45734,0,1358,17
1588616996.07897,173.194.188.105,10.10.0.10,,,443,45734,0,1358,17
1588616996.084178,173.194.188.105,10.10.0.10,,,443,45734,0,1358,17
1588616996.0893881,173.194.188.105,10.10.0.10,,,443,45734,0,1358,17
1588616996.094595,173.194.188.105,10.10.0.10,,,443,45734,0,1358,17
1588616996.0998044,173.194.188.105,10.10.0.10,,,443,45734,0,29,17
1588616996.09998,173.194.188.105,10.10.0.10,,,443,45734,0,1358,17
1588616996.105216,173.194.188.105,10.10.0.10,,,443,45734,0,1358,17
1588616996.1104536,173.194.188.105,10.10.0.10,,,443,45734,0,1358,17
1588616996.1156669,173.194.188.105,10.10.0.10,,,443,45734,0,1358,17
1588616996.1208699,173.194.188.105,10.10.0.10,,,443,45734,0,1358,17
1588616996.126083,173.194.188.105,10.10.0.10,,,443,45734,0,1358,17
1588616996.131291,173.194.188.105,10.10.0.10,,,443,45734,0,1358,17
1588616996.136501,173.194.188.105,10.10.0.10,,,443,45734,0,1358,17
1588616996.141711,173.194.188.105,10.10.0.10,,,443,45734,0,1358,17
1588616996.146918,173.194.188.105,10.10.0.10,,,443,45734,0,1358,17
1588616996.1521251,173.194.188.105,10.10.0.10,,,443,45734,0,1358,17
1588616996.15733,173.194.188.105,10.10.0.10,,,443,45734,0,1358,17
1588616996.162543,173.194.188.105,10.10.0.10,,,443,45734,0,1358,17
1588616996.164926,10.10.0.10,173.194.188.105,,,45734,443,0,37,17
1588616996.167135,10.10.0.10,173.194.188.105,,,45734,443,0,37,17
1588616996.16771,173.194.188.105,10.10.0.10,,,443,45734,0,1358,17
1588616996.170321,10.10.0.10,173.194.188.105,,,45734,443,0,37,17
1588616996.1729279,173.194.188.105,10.10.0.10,,,443,45734,0,1358,17
1588616996.173512,10.10.0.10,173.194.188.105,,,45734,443,0,37,17
1588616996.175039,10.10.0.10,173.194.188.105,,,45734,443,0,37,17
1588616996.175602,10.10.0.10,173.194.188.105,,,45734,443,0,37,17
1588616996.1766748,10.10.0.10,173.194.188.105,,,45734,443,0,37,17
1588616996.177419,10.10.0.10,173.194.188.105,,,45734,443,0,37,17
1588616996.1781402,173.194.188.105,10.10.0.10,,,443,45734,0,1358,17
1588616996.179329,10.10.0.10,173.194.188.105,,,45734,443,0,37,17
1588616996.180365,10.10.0.10,173.194.188.105,,,45734,443,0,37,17
1588616996.1809251,10.10.0.10,173.194.188.105,,,45734,443,0,37,17
1588616996.183376,173.194.188.105,10.10.0.10,,,443,45734,0,1358,17
1588616996.1852188,10.10.0.10,173.194.188.105,,,45734,443,0,37,17
1588616996.1885526,173.194.188.105,10.10.0.10,,,443,45734,0,1358,17
1588616996.1937964,173.194.188.105,10.10.0.10,,,443,45734,0,1358,17
1588616996.199003,173.194.188.105,10.10.0.10,,,443,45734,0,1358,17
1588616996.204208,173.194.188.105,10.10.0.10,,,443,45734,0,1358,17
1588616996.209441,173.194.188.105,10.10.0.10,,,443,45734,0,1358,17
1588616996.214625,173.194.188.105,10.10.0.10,,,443,45734,0,1358,17
1588616996.219792,173.194.188.105,10.10.0.10,,,443,45734,0,1358,17
1588616996.225041,173.194.188.105,10.10.0.10,,,443,45734,0,1358,17
1588616996.2302554,173.194.188.105,10.10.0.10,,,443,45734,0,1358,17
1588616996.2354188,173.194.188.105,10.10.0.10,,,443,45734,0,1358,17
1588616996.240672,173.194.188.105,10.10.0.10,,,443,45734,0,1358,17
1588616996.2458804,173.194.188.105,10.10.0.10,,,443,45734,0,1358,17
1588616996.2510884,173.194.188.105,10.10.0.10,,,443,45734,0,1358,17
1588616996.2562973,173.194.188.105,10.10.0.10,,,443,45734,0,1358,17
1588616996.261502,173.194.188.105,10.10.0.10,,,443,45734,0,1358,17
1588616996.2667148,173.194.188.105,10.10.0.10,,,443,45734,0,1358,17
1588616996.2719252,173.194.188.105,10.10.0.10,,,443,45734,0,1358,17
1588616996.277129,173.194.188.105,10.10.0.10,,,443,45734,0,1358,17
1588616996.282341,173.194.188.105,10.10.0.10,,,443,45734,0,1358,17
1588616996.2862868,10.10.0.10,173.194.188.105,,,45734,443,0,734,17
1588616996.2863462,10.10.0.10,173.194.188.105,,,45734,443,0,48,17
1588616996.287517,173.194.188.105,10.10.0.10,,,443,45734,0,1358,17
1588616996.289014,10.10.0.10,173.194.188.105,,,45734,443,0,37,17
1588616996.292754,173.194.188.105,10.10.0.10,,,443,45734,0,1358,17
1588616996.2928748,10.10.0.10,173.194.188.105,,,45734,443,0,37,17
1588616996.2929301,10.10.0.10,173.194.188.105,,,45734,443,0,37,17
1588616996.2929661,10.10.0.10,173.194.188.105,,,45734,443,0,37,17
1588616996.29402,10.10.0.10,173.194.188.105,,,45734,443,0,37,17
1588616996.295578,10.10.0.10,173.194.188.105,,,45734,443,0,37,17
1588616996.2956612,10.10.0.10,173.194.188.105,,,45734,443,0,37,17
1588616996.297183,10.10.0.10,173.194.188.105,,,45734,443,0,37,17
1588616996.297962,173.194.188.105,10.10.0.10,,,443,45734,0,1358,17
1588616996.298325,10.10.0.10,173.194.188.105,,,45734,443,0,37,17
1588616996.299421,10.10.0.10,173.194.188.105,,,45734,443,0,37,17
1588616996.3031714,173.194.188.105,10.10.0.10,,,443,45734,0,1358,17
1588616996.3050294,10.10.0.10,173.194.188.105,,,45734,443,0,37,17
1588616996.3083801,173.194.188.105,10.10.0.10,,,443,45734,0,1358,17
1588616996.313587,173.194.188.105,10.10.0.10,,,443,45734,0,1358,17
1588616996.3187554,173.194.188.105,10.10.0.10,,,443,45734,0,1358,17
1588616996.32401,173.194.188.105,10.10.0.10,,,443,45734,0,1358,17
1588616996.329185,173.194.188.105,10.10.0.10,,,443,45734,0,1358,17
1588616996.334422,173.194.188.105,10.10.0.10,,,443,45734,0,1358,17
1588616996.339632,173.194.188.105,10.10.0.10,,,443,45734,0,1358,17
1588616996.34484,173.194.188.105,10.10.0.10,,,443,45734,0,1358,17
1588616996.3500464,173.194.188.105,10.10.0.10,,,443,45734,0,1358,17
1588616996.3552608,173.194.188.105,10.10.0.10,,,443,45734,0,1358,17
1588616996.3604355,173.194.188.105,10.10.0.10,,,443,45734,0,1358,17
1588616996.3656778,173.194.188.105,10.10.0.10,,,443,45734,0,1358,17
1588616996.370884,173.194.188.105,10.10.0.10,,,443,45734,0,1358,17
1588616996.3760948,173.194.188.105,10.10.0.10,,,443,45734,0,1358,17
1588616996.381305,173.194.188.105,10.10.0.10,,,443,45734,0,1358,17
1588616996.386514,173.194.188.105,10.10.0.10,,,443,45734,0,1358,17
1588616996.3916776,173.194.188.105,10.10.0.10,,,443,45734,0,1358,17
1588616996.39693,173.194.188.105,10.10.0.10,,,443,45734,0,1358,17
1588616996.402139,173.194.188.105,10.10.0.10,,,443,45734,0,1358,17
1588616996.405634,10.10.0.10,173.194.188.105,,,45734,443,0,37,17
1588616996.407308,173.194.188.105,10.10.0.10,,,443,45734,0,1358,17
1588616996.4086778,10.10.0.10,173.194.188.105,,,45734,443,0,37,17
1588616996.4125216,173.194.188.105,10.10.0.10,,,443,45734,0,1358,17
1588616996.4173849,10.10.0.10,173.194.188.105,,,45734,443,0,37,17
1588616996.4174519,10.10.0.10,173.194.188.105,,,45734,443,0,37,17
1588616996.417469,10.10.0.10,173.194.188.105,,,45734,443,0,37,17
1588616996.417721,173.194.188.105,10.10.0.10,,,443,45734,0,1358,17
1588616996.418691,10.10.0.10,173.194.188.105,,,45734,443,0,37,17
1588616996.418749,10.10.0.10,173.194.188.105,,,45734,443,0,37,17
1588616996.419244,10.10.0.10,173.194.188.105,,,45734,443,0,37,17
1588616996.419325,10.10.0.10,173.194.188.105,,,45734,443,0,50,17
1588616996.4199722,10.10.0.10,173.194.188.105,,,45734,443,0,37,17
1588616996.422184,10.10.0.10,173.194.188.105,,,45734,443,0,37,17
1588616996.42295,173.194.188.105,10.10.0.10,,,443,45734,0,1358,17
1588616996.424622,10.10.0.10,173.194.188.105,,,45734,443,0,37,17
1588616996.428161,173.194.188.105,10.10.0.10,,,443,45734,0,1358,17
1588616996.433395,173.194.188.105,10.10.0.10,,,443,45734,0,1358,17
1588616996.4385474,173.194.188.105,10.10.0.10,,,443,45734,0,1358,17
1588616996.443816,173.194.188.105,10.10.0.10,,,443,45734,0,1358,17
1588616996.4490259,173.194.188.105,10.10.0.10,,,443,45734,0,29,17
1588616996.449176,173.194.188.105,10.10.0.10,,,443,45734,0,1358,17
1588616996.454472,173.194.188.105,10.10.0.10,,,443,45734,0,1358,17
1588616996.4596796,173.194.188.105,10.10.0.10,,,443,45734,0,1358,17
1588616996.4648829,173.194.188.105,10.10.0.10,,,443,45734,0,1358,17
1588616996.470083,173.194.188.105,10.10.0.10,,,443,45734,0,1358,17
1588616996.4715078,10.10.0.10,173.194.188.105,,,45734,443,0,37,17
1588616996.4752624,173.194.188.105,10.10.0.10,,,443,45734,0,1358,17
1588616996.4752722,10.10.0.10,173.194.188.105,,,45734,443,0,37,17
1588616996.475329,10.10.0.10,173.194.188.105,,,45734,443,0,37,17
1588616996.4758651,10.10.0.10,173.194.188.105,,,45734,443,0,37,17
1588616996.476974,10.10.0.10,173.194.188.105,,,45734,443,0,37,17
1588616996.4805028,173.194.188.105,10.10.0.10,,,443,45734,0,1358,17
1588616996.482566,10.10.0.10,173.194.188.105,,,45734,443,0,37,17
1588616996.48568,173.194.188.105,10.10.0.10,,,443,45734,0,1358,17
1588616996.490921,173.194.188.105,10.10.0.10,,,443,45734,0,1358,17
1588616996.492566,10.10.0.10,173.194.188.105,,,45734,443,0,37,17
1588616996.4961288,173.194.188.105,10.10.0.10,,,443,45734,0,1358,17
1588616996.501338,173.194.188.105,10.10.0.10,,,443,45734,0,1358,17
1588616996.5030682,10.10.0.10,173.194.188.105,,,45734,443,0,37,17
1588616996.506547,173.194.188.105,10.10.0.10,,,443,45734,0,1358,17
1588616996.511751,173.194.188.105,10.10.0.10,,,443,45734,0,1358,17
1588616996.516122,10.10.0.10,173.194.188.105,,,45734,443,0,37,17
1588616996.516927,173.194.188.105,10.10.0.10,,,443,45734,0,1358,17
1588616996.522104,173.194.188.105,10.10.0.10,,,443,45734,0,1358,17
1588616996.523865,10.10.0.10,173.194.188.105,,,45734,443,0,37,17
1588616996.527328,173.194.188.105,10.10.0.10,,,443,45734,0,1358,17
1588616996.5325491,173.194.188.105,10.10.0.10,,,443,45734,0,1358,17
1588616996.536511,10.10.0.10,173.194.188.105,,,45734,443,0,37,17
1588616996.537734,173.194.188.105,10.10.0.10,,,443,45734,0,1358,17
1588616996.5429866,173.194.188.105,10.10.0.10,,,443,45734,0,1358,17
1588616996.545867,10.10.0.10,173.194.188.105,,,45734,443,0,37,17
1588616996.548137,173.194.188.105,10.10.0.10,,,443,45734,0,1358,17
1588616996.553383,173.194.188.105,10.10.0.10,,,443,45734,0,1358,17
1588616996.555206,10.10.0.10,173.194.188.105,,,45734,443,0,37,17
1588616996.55856,173.194.188.105,10.10.0.10,,,443,45734,0,1358,17
1588616996.5638268,173.194.188.105,10.10.0.10,,,443,45734,0,1358,17
1588616996.565729,10.10.0.10,173.194.188.105,,,45734,443,0,37,17
1588616996.569009,173.194.188.105,10.10.0.10,,,443,45734,0,1358,17
1588616996.5742,173.194.188.105,10.10.0.10,,,443,45734,0,1358,17
1588616996.575838,10.10.0.10,173.194.188.105,,,45734,443,0,37,17
1588616996.579408,173.194.188.105,10.10.0.10,,,443,45734,0,1358,17
1588616996.584617,173.194.188.105,10.10.0.10,,,443,45734,0,1358,17
1588616996.586216,10.10.0.10,173.194.188.105,,,45734,443,0,37,17
1588616996.589821,173.194.188.105,10.10.0.10,,,443,45734,0,1358,17
1588616996.595073,173.194.188.105,10.10.0.10,,,443,45734,0,1358,17
1588616996.5966818,10.10.0.10,173.194.188.105,,,45734,443,0,50,17
1588616996.600239,173.194.188.105,10.10.0.10,,,443,45734,0,1358,17
1588616996.605465,173.194.188.105,10.10.0.10,,,443,45734,0,1358,17
1588616996.607074,10.10.0.10,173.194.188.105,,,45734,443,0,37,17
1588616996.610674,173.194.188.105,10.10.0.10,,,443,45734,0,1358,17
1588616996.615907,173.194.188.105,10.10.0.10,,,443,45734,0,1358,17
1588616996.6175172,10.10.0.10,173.194.188.105,,,45734,443,0,37,17
1588616996.62112,173.194.188.105,10.10.0.10,,,443,45734,0,1358,17
1588616996.626304,173.194.188.105,10.10.0.10,,,443,45734,0,1358,17
1588616996.627856,10.10.0.10,173.194.188.105,,,45734,443,0,37,17
1588616996.631508,173.194.188.105,10.10.0.10,,,443,45734,0,1358,17
1588616996.636752,173.194.188.105,10.10.0.10,,,443,45734,0,29,17
1588616996.636918,173.194.188.105,10.10.0.10,,,443,45734,0,1358,17
1588616996.638391,10.10.0.10,173.194.188.105,,,45734,443,0,37,17
1588616996.642191,173.194.188.105,10.10.0.10,,,443,45734,0,1358,17
1588616996.6474009,173.194.188.105,10.10.0.10,,,443,45734,0,1358,17
1588616996.648998,10.10.0.10,173.194.188.105,,,45734,443,0,37,17
1588616996.652608,173.194.188.105,10.10.0.10,,,443,45734,0,1358,17
1588616996.657764,173.194.188.105,10.10.0.10,,,443,45734,0,1358,17
1588616996.662974,173.194.188.105,10.10.0.10,,,443,45734,0,1358,17
1588616996.6681821,173.194.188.105,10.10.0.10,,,443,45734,0,1358,17
1588616996.6734366,173.194.188.105,10.10.0.10,,,443,45734,0,1358,17
1588616996.678589,173.194.188.105,10.10.0.10,,,443,45734,0,1358,17
1588616996.683858,173.194.188.105,10.10.0.10,,,443,45734,0,1358,17
1588616996.689042,173.194.188.105,10.10.0.10,,,443,45734,0,1358,17
1588616996.694276,173.194.188.105,10.10.0.10,,,443,45734,0,1358,17
1588616996.6962929,10.10.0.10,173.194.188.105,,,45734,443,0,37,17
1588616996.697743,10.10.0.10,173.194.188.105,,,45734,443,0,37,17
1588616996.6988258,10.10.0.10,173.194.188.105,,,45734,443,0,37,17
1588616996.6994588,173.194.188.105,10.10.0.10,,,443,45734,0,1358,17
1588616996.699502,10.10.0.10,173.194.188.105,,,45734,443,0,37,17
1588616996.700897,10.10.0.10,173.194.188.105,,,45734,443,0,37,17
1588616996.704693,173.194.188.105,10.10.0.10,,,443,45734,0,1358,17
1588616996.709903,173.194.188.105,10.10.0.10,,,443,45734,0,1358,17
1588616996.7114758,10.10.0.10,173.194.188.105,,,45734,443,0,37,17
1588616996.715111,173.194.188.105,10.10.0.10,,,443,45734,0,1358,17
1588616996.7203252,173.194.188.105,10.10.0.10,,,443,45734,0,1358,17
1588616996.7218368,10.10.0.10,173.194.188.105,,,45734,443,0,37,17
1588616996.725528,173.194.188.105,10.10.0.10,,,443,45734,0,1358,17
1588616996.7307384,173.194.188.105,10.10.0.10,,,443,45734,0,1358,17
1588616996.7321901,10.10.0.10,173.194.188.105,,,45734,443,0,37,17
1588616996.735951,173.194.188.105,10.10.0.10,,,443,45734,0,1358,17
1588616996.741156,173.194.188.105,10.10.0.10,,,443,45734,0,1358,17
1588616996.743207,10.10.0.10,173.194.188.105,,,45734,443,0,37,17
1588616996.7463384,173.194.188.105,10.10.0.10,,,443,45734,0,1358,17
1588616996.751574,173.194.188.105,10.10.0.10,,,443,45734,0,1358,17
1588616996.756779,173.194.188.105,10.10.0.10,,,443,45734,0,1358,17
1588616996.7620811,173.194.188.105,10.10.0.10,,,443,45734,0,1358,17
1588616996.765079,10.10.0.10,173.194.188.105,,,45734,443,0,37,17
1588616996.767327,173.194.188.105,10.10.0.10,,,443,45734,0,1358,17
1588616996.767559,10.10.0.10,173.194.188.105,,,45734,443,0,37,17
1588616996.7725651,173.194.188.105,10.10.0.10,,,443,45734,0,1358,17
1588616996.775969,10.10.0.10,173.194.188.105,,,45734,443,0,37,17
1588616996.7777698,173.194.188.105,10.10.0.10,,,443,45734,0,1358,17
1588616996.7829795,173.194.188.105,10.10.0.10,,,443,45734,0,1358,17
1588616996.7846859,10.10.0.10,173.194.188.105,,,45734,443,0,37,17
1588616996.788198,173.194.188.105,10.10.0.10,,,443,45734,0,1358,17
1588616996.7934039,173.194.188.105,10.10.0.10,,,443,45734,0,1358,17
1588616996.795378,10.10.0.10,173.194.188.105,,,45734,443,0,37,17
1588616996.798616,173.194.188.105,10.10.0.10,,,443,45734,0,1358,17
1588616996.803826,173.194.188.105,10.10.0.10,,,443,45734,0,1358,17
1588616996.806513,10.10.0.10,173.194.188.105,,,45734,443,0,50,17
1588616996.809033,173.194.188.105,10.10.0.10,,,443,45734,0,1358,17
1588616996.814179,173.194.188.105,10.10.0.10,,,443,45734,0,1358,17
1588616996.815991,10.10.0.10,173.194.188.105,,,45734,443,0,37,17
1588616996.819447,173.194.188.105,10.10.0.10,,,443,45734,0,1358,17
1588616996.824656,173.194.188.105,10.10.0.10,,,443,45734,0,1358,17
1588616996.827889,10.10.0.10,173.194.188.105,,,45734,443,0,37,17
1588616996.829865,173.194.188.105,10.10.0.10,,,443,45734,0,1358,17
1588616996.8350089,173.194.188.105,10.10.0.10,,,443,45734,0,1358,17
1588616996.836659,10.10.0.10,173.194.188.105,,,45734,443,0,37,17
1588616996.8402839,173.194.188.105,10.10.0.10,,,443,45734,0,1358,17
1588616996.845495,173.194.188.105,10.10.0.10,,,443,45734,0,1358,17
1588616996.847069,10.10.0.10,173.194.188.105,,,45734,443,0,37,17
1588616996.850702,173.194.188.105,10.10.0.10,,,443,45734,0,1358,17
1588616996.855911,173.194.188.105,10.10.0.10,,,443,45734,0,29,17
1588616996.856107,173.194.188.105,10.10.0.10,,,443,45734,0,1358,17
1588616996.8613565,173.194.188.105,10.10.0.10,,,443,45734,0,1358,17
1588616996.866562,173.194.188.105,10.10.0.10,,,443,45734,0,1358,17
1588616996.8717706,173.194.188.105,10.10.0.10,,,443,45734,0,1358,17
1588616996.876978,173.194.188.105,10.10.0.10,,,443,45734,0,1358,17
1588616996.882187,173.194.188.105,10.10.0.10,,,443,45734,0,1358,17
1588616996.8874018,173.194.188.105,10.10.0.10,,,443,45734,0,1358,17
1588616996.8925812,173.194.188.105,10.10.0.10,,,443,45734,0,1358,17
1588616996.897814,173.194.188.105,10.10.0.10,,,443,45734,0,1358,17
1588616996.903022,173.194.188.105,10.10.0.10,,,443,45734,0,1358,17
1588616996.908208,173.194.188.105,10.10.0.10,,,443,45734,0,1358,17
1588616996.9134452,173.194.188.105,10.10.0.10,,,443,45734,0,1358,17
1588616996.918586,173.194.188.105,10.10.0.10,,,443,45734,0,1358,17
1588616996.923861,173.194.188.105,10.10.0.10,,,443,45734,0,1358,17
1588616996.929018,173.194.188.105,10.10.0.10,,,443,45734,0,1358,17
1588616996.934279,173.194.188.105,10.10.0.10,,,443,45734,0,1358,17
1588616996.9394894,173.194.188.105,10.10.0.10,,,443,45734,0,1358,17
1588616996.9446962,173.194.188.105,10.10.0.10,,,443,45734,0,1358,17
1588616996.9499052,173.194.188.105,10.10.0.10,,,443,45734,0,1358,17
1588616996.9551132,173.194.188.105,10.10.0.10,,,443,45734,0,1358,17
1588616996.9603238,173.194.188.105,10.10.0.10,,,443,45734,0,1358,17
1588616996.965534,173.194.188.105,10.10.0.10,,,443,45734,0,1358,17
1588616996.9707398,173.194.188.105,10.10.0.10,,,443,45734,0,1358,17
1588616996.9963136,10.10.0.10,173.194.188.105,,,45734,443,0,37,17
1588616996.998128,10.10.0.10,173.194.188.105,,,45734,443,0,37,17
1588616996.998605,173.194.188.105,10.10.0.10,,,443,45734,0,1358,17
1588616997.0003688,173.194.188.105,10.10.0.10,,,443,45734,0,1358,17
1588616997.00126,10.10.0.10,173.194.188.105,,,45734,443,0,37,17
1588616997.0018525,10.10.0.10,173.194.188.105,,,45734,443,0,37,17
1588616997.0030801,173.194.188.105,10.10.0.10,,,443,45734,0,1358,17
1588616997.0036259,10.10.0.10,173.194.188.105,,,45734,443,0,37,17
1588616997.0042279,10.10.0.10,173.194.188.105,,,45734,443,0,37,17
1588616997.0052776,10.10.0.10,173.194.188.105,,,45734,443,0,37,17
1588616997.0071714,10.10.0.10,173.194.188.105,,,45734,443,0,37,17
1588616997.007807,10.10.0.10,173.194.188.105,,,45734,443,0,37,17
1588616997.0082881,173.194.188.105,10.10.0.10,,,443,45734,0,1358,17
1588616997.012006,10.10.0.10,173.194.188.105,,,45734,443,0,37,17
1588616997.0120618,10.10.0.10,173.194.188.105,,,45734,443,0,37,17
1588616997.012207,10.10.0.10,173.194.188.105,,,45734,443,0,37,17
1588616997.012362,10.10.0.10,173.194.188.105,,,45734,443,0,37,17
1588616997.0126429,10.10.0.10,173.194.188.105,,,45734,443,0,37,17
1588616997.016626,173.194.188.105,10.10.0.10,,,443,45734,0,1358,17
1588616997.018743,173.194.188.105,10.10.0.10,,,443,45734,0,1358,17
1588616997.0209134,10.10.0.10,173.194.188.105,,,45734,443,0,37,17
1588616997.0239458,173.194.188.105,10.10.0.10,,,443,45734,0,1358,17
1588616997.0291214,173.194.188.105,10.10.0.10,,,443,45734,0,1358,17
1588616997.031207,10.10.0.10,173.194.188.105,,,45734,443,0,50,17
1588616997.0343652,173.194.188.105,10.10.0.10,,,443,45734,0,1358,17
1588616997.0371768,10.10.0.10,173.194.188.105,,,45734,443,0,738,17
1588616997.037225,10.10.0.10,173.194.188.105,,,45734,443,0,48,17
1588616997.0395732,173.194.188.105,10.10.0.10,,,443,45734,0,1358,17
1588616997.0447805,173.194.188.105,10.10.0.10,,,443,45734,0,1358,17
1588616997.0463948,10.10.0.10,173.194.188.105,,,45734,443,0,37,17
1588616997.0499892,173.194.188.105,10.10.0.10,,,443,45734,0,1358,17
1588616997.055203,173.194.188.105,10.10.0.10,,,443,45734,0,1358,17
1588616997.056991,10.10.0.10,173.194.188.105,,,45734,443,0,37,17
1588616997.060408,173.194.188.105,10.10.0.10,,,443,45734,0,1358,17
1588616997.065579,173.194.188.105,10.10.0.10,,,443,45734,0,1358,17
1588616997.067184,10.10.0.10,173.194.188.105,,,45734,443,0,37,17
1588616997.0708284,173.194.188.105,10.10.0.10,,,443,45734,0,1358,17
1588616997.075997,173.194.188.105,10.10.0.10,,,443,45734,0,1358,17
1588616997.0777204,10.10.0.10,173.194.188.105,,,45734,443,0,37,17
1588616997.081248,173.194.188.105,10.10.0.10,,,443,45734,0,1358,17
1588616997.086456,173.194.188.105,10.10.0.10,,,443,45734,0,1358,17
1588616997.0880852,10.10.0.10,173.194.188.105,,,45734,443,0,37,17
1588616997.091627,173.194.188.105,10.10.0.10,,,443,45734,0,1358,17
1588616997.096882,173.194.188.105,10.10.0.10,,,443,45734,0,29,17
1588616997.0970302,173.194.188.105,10.10.0.10,,,443,45734,0,1358,17
1588616997.098741,10.10.0.10,173.194.188.105,,,45734,443,0,37,17
1588616997.102322,173.194.188.105,10.10.0.10,,,443,45734,0,1358,17
1588616997.107542,173.194.188.105,10.10.0.10,,,443,45734,0,1358,17
1588616997.109641,10.10.0.10,173.194.188.105,,,45734,443,0,37,17
1588616997.112736,173.194.188.105,10.10.0.10,,,443,45734,0,1358,17
1588616997.1179464,173.194.188.105,10.10.0.10,,,443,45734,0,1358,17
1588616997.123152,173.194.188.105,10.10.0.10,,,443,45734,0,1358,17
1588616997.128362,173.194.188.105,10.10.0.10,,,443,45734,0,1358,17
1588616997.133575,173.194.188.105,10.10.0.10,,,443,45734,0,1358,17
1588616997.138783,173.194.188.105,10.10.0.10,,,443,45734,0,1358,17
1588616997.1439679,173.194.188.105,10.10.0.10,,,443,45734,0,1358,17
1588616997.1446571,10.10.0.10,173.194.188.105,,,45734,443,0,37,17
1588616997.145647,10.10.0.10,173.194.188.105,,,45734,443,0,37,17
1588616997.146249,10.10.0.10,173.194.188.105,,,45734,443,0,37,17
1588616997.149158,173.194.188.105,10.10.0.10,,,443,45734,0,1358,17
1588616997.1506329,10.10.0.10,173.194.188.105,,,45734,443,0,37,17
1588616997.1543398,173.194.188.105,10.10.0.10,,,443,45734,0,1358,17
1588616997.159617,173.194.188.105,10.10.0.10,,,443,45734,0,1358,17
1588616997.1612818,10.10.0.10,173.194.188.105,,,45734,443,0,37,17
1588616997.164823,173.194.188.105,10.10.0.10,,,443,45734,0,1358,17
1588616997.17003,173.194.188.105,10.10.0.10,,,443,45734,0,1358,17
1588616997.1716402,10.10.0.10,173.194.188.105,,,45734,443,0,37,17
1588616997.175213,173.194.188.105,10.10.0.10,,,443,45734,0,1358,17
1588616997.180375,173.194.188.105,10.10.0.10,,,443,45734,0,1358,17
1588616997.1822202,10.10.0.10,173.194.188.105,,,45734,443,0,37,17
1588616997.1856608,173.194.188.105,10.10.0.10,,,443,45734,0,1358,17
1588616997.190865,173.194.188.105,10.10.0.10,,,443,45734,0,1358,17
1588616997.1931558,10.10.0.10,173.194.188.105,,,45734,443,0,37,17
1588616997.196082,173.194.188.105,10.10.0.10,,,443,45734,0,1358,17
1588616997.201288,173.194.188.105,10.10.0.10,,,443,45734,0,1358,17
1588616997.20303,10.10.0.10,173.194.188.105,,,45734,443,0,37,17
1588616997.2064948,173.194.188.105,10.10.0.10,,,443,45734,0,1358,17
1588616997.2116284,173.194.188.105,10.10.0.10,,,443,45734,0,1358,17
1588616997.2135544,10.10.0.10,173.194.188.105,,,45734,443,0,37,17
1588616997.2169068,173.194.188.105,10.10.0.10,,,443,45734,0,1358,17
1588616997.222121,173.194.188.105,10.10.0.10,,,443,45734,0,1358,17
1588616997.2262428,10.10.0.10,173.194.188.105,,,45734,443,0,37,17
1588616997.2273242,173.194.188.105,10.10.0.10,,,443,45734,0,1358,17
1588616997.232538,173.194.188.105,10.10.0.10,,,443,45734,0,1358,17
1588616997.2343802,10.10.0.10,173.194.188.105,,,45734,443,0,37,17
1588616997.2377431,173.194.188.105,10.10.0.10,,,443,45734,0,1358,17
1588616997.2429562,173.194.188.105,10.10.0.10,,,443,45734,0,1358,17
1588616997.2452838,10.10.0.10,173.194.188.105,,,45734,443,0,50,17
1588616997.24816,173.194.188.105,10.10.0.10,,,443,45734,0,1358,17
1588616997.2533698,173.194.188.105,10.10.0.10,,,443,45734,0,1358,17
1588616997.255051,10.10.0.10,173.194.188.105,,,45734,443,0,37,17
1588616997.2585475,173.194.188.105,10.10.0.10,,,443,45734,0,1358,17
1588616997.2637858,173.194.188.105,10.10.0.10,,,443,45734,0,1358,17
1588616997.2658908,10.10.0.10,173.194.188.105,,,45734,443,0,37,17
1588616997.268999,173.194.188.105,10.10.0.10,,,443,45734,0,1358,17
1588616997.2742045,173.194.188.105,10.10.0.10,,,443,45734,0,1358,17
1588616997.2761948,10.10.0.10,173.194.188.105,,,45734,443,0,37,17
1588616997.279403,173.194.188.105,10.10.0.10,,,443,45734,0,1358,17
1588616997.284612,173.194.188.105,10.10.0.10,,,443,45734,0,1358,17
1588616997.2864811,10.10.0.10,173.194.188.105,,,45734,443,0,37,17
1588616997.289823,173.194.188.105,10.10.0.10,,,443,45734,0,1358,17
1588616997.2950275,173.194.188.105,10.10.0.10,,,443,45734,0,1358,17
1588616997.29694,10.10.0.10,173.194.188.105,,,45734,443,0,37,17
1588616997.3002374,173.194.188.105,10.10.0.10,,,443,45734,0,1358,17
1588616997.30545,173.194.188.105,10.10.0.10,,,443,45734,0,1358,17
1588616997.3076649,10.10.0.10,173.194.188.105,,,45734,443,0,37,17
1588616997.310614,173.194.188.105,10.10.0.10,,,443,45734,0,1358,17
1588616997.315839,173.194.188.105,10.10.0.10,,,443,45734,0,1358,17
1588616997.317692,10.10.0.10,173.194.188.105,,,45734,443,0,37,17
1588616997.321075,173.194.188.105,10.10.0.10,,,443,45734,0,1358,17
1588616997.32628,173.194.188.105,10.10.0.10,,,443,45734,0,1358,17
1588616997.328439,10.10.0.10,173.194.188.105,,,45734,443,0,37,17
1588616997.3314898,173.194.188.105,10.10.0.10,,,443,45734,0,1358,17
1588616997.3366988,173.194.188.105,10.10.0.10,,,443,45734,0,1358,17
1588616997.3385608,10.10.0.10,173.194.188.105,,,45734,443,0,37,17
1588616997.3418775,173.194.188.105,10.10.0.10,,,443,45734,0,1358,17
1588616997.347143,173.194.188.105,10.10.0.10,,,443,45734,0,1358,17
1588616997.3487182,10.10.0.10,173.194.188.105,,,45734,443,0,37,17
1588616997.3522682,173.194.188.105,10.10.0.10,,,443,45734,0,1358,17
1588616997.358108,173.194.188.105,10.10.0.10,,,443,45734,0,1358,17
1588616997.359996,10.10.0.10,173.194.188.105,,,45734,443,0,37,17
1588616997.3633652,173.194.188.105,10.10.0.10,,,443,45734,0,1358,17
1588616997.3685381,173.194.188.105,10.10.0.10,,,443,45734,0,1358,17
1588616997.370229,10.10.0.10,173.194.188.105,,,45734,443,0,37,17
1588616997.373784,173.194.188.105,10.10.0.10,,,443,45734,0,1358,17
1588616997.3789961,173.194.188.105,10.10.0.10,,,443,45734,0,1358,17
1588616997.381852,10.10.0.10,173.194.188.105,,,45734,443,0,37,17
1588616997.3841991,173.194.188.105,10.10.0.10,,,443,45734,0,1358,17
1588616997.389413,173.194.188.105,10.10.0.10,,,443,45734,0,1358,17
1588616997.392046,10.10.0.10,173.194.188.105,,,45734,443,0,37,17
1588616997.394618,173.194.188.105,10.10.0.10,,,443,45734,0,1358,17
1588616997.39983,173.194.188.105,10.10.0.10,,,443,45734,0,1358,17
1588616997.401479,10.10.0.10,173.194.188.105,,,45734,443,0,37,17
1588616997.4050045,173.194.188.105,10.10.0.10,,,443,45734,0,1358,17
1588616997.410206,173.194.188.105,10.10.0.10,,,443,45734,0,1358,17
1588616997.4118438,10.10.0.10,173.194.188.105,,,45734,443,0,37,17
1588616997.415411,173.194.188.105,10.10.0.10,,,443,45734,0,1358,17
1588616997.4206028,173.194.188.105,10.10.0.10,,,443,45734,0,1358,17
1588616997.4222348,10.10.0.10,173.194.188.105,,,45734,443,0,37,17
1588616997.425823,173.194.188.105,10.10.0.10,,,443,45734,0,1358,17
1588616997.4342108,173.194.188.105,10.10.0.10,,,443,45734,0,1358,17
1588616997.435982,10.10.0.10,173.194.188.105,,,45734,443,0,37,17
1588616997.4425228,173.194.188.105,10.10.0.10,,,443,45734,0,1358,17
1588616997.450902,173.194.188.105,10.10.0.10,,,443,45734,0,1358,17
1588616997.4525092,10.10.0.10,173.194.188.105,,,45734,443,0,37,17
1588616997.459248,173.194.188.105,10.10.0.10,,,443,45734,0,1358,17
1588616997.46759,173.194.188.105,10.10.0.10,,,443,45734,0,1358,17
1588616997.469505,10.10.0.10,173.194.188.105,,,45734,443,0,50,17
1588616997.4759312,173.194.188.105,10.10.0.10,,,443,45734,0,1358,17
1588616997.4842682,173.194.188.105,10.10.0.10,,,443,45734,0,1358,17
1588616997.486485,10.10.0.10,173.194.188.105,,,45734,443,0,37,17
1588616997.492614,173.194.188.105,10.10.0.10,,,443,45734,0,1358,17
1588616997.500957,173.194.188.105,10.10.0.10,,,443,45734,0,1358,17
1588616997.5026364,10.10.0.10,173.194.188.105,,,45734,443,0,37,17
1588616997.509293,173.194.188.105,10.10.0.10,,,443,45734,0,1358,17
1588616997.517565,173.194.188.105,10.10.0.10,,,443,45734,0,1358,17
1588616997.518958,10.10.0.10,173.194.188.105,,,45734,443,0,37,17
1588616997.525929,173.194.188.105,10.10.0.10,,,443,45734,0,1358,17
1588616997.534255,173.194.188.105,10.10.0.10,,,443,45734,0,1358,17
1588616997.535832,10.10.0.10,173.194.188.105,,,45734,443,0,37,17
1588616997.5426118,173.194.188.105,10.10.0.10,,,443,45734,0,1358,17
1588616997.550981,173.194.188.105,10.10.0.10,,,443,45734,0,1358,17
1588616997.5593262,173.194.188.105,10.10.0.10,,,443,45734,0,1358,17
1588616997.5676696,173.194.188.105,10.10.0.10,,,443,45734,0,1358,17
1588616997.575969,173.194.188.105,10.10.0.10,,,443,45734,0,1358,17
1588616997.584344,173.194.188.105,10.10.0.10,,,443,45734,0,1358,17
1588616997.592668,173.194.188.105,10.10.0.10,,,443,45734,0,1358,17
1588616997.6010358,173.194.188.105,10.10.0.10,,,443,45734,0,1358,17
1588616997.609316,173.194.188.105,10.10.0.10,,,443,45734,0,1358,17
1588616997.6176765,173.194.188.105,10.10.0.10,,,443,45734,0,1358,17
1588616997.626067,173.194.188.105,10.10.0.10,,,443,45734,0,1358,17
1588616997.634404,173.194.188.105,10.10.0.10,,,443,45734,0,1358,17
1588616997.6427019,173.194.188.105,10.10.0.10,,,443,45734,0,1358,17
1588616997.651062,173.194.188.105,10.10.0.10,,,443,45734,0,1358,17
1588616997.6593919,173.194.188.105,10.10.0.10,,,443,45734,0,1358,17
1588616997.667764,173.194.188.105,10.10.0.10,,,443,45734,0,1358,17
1588616997.676105,173.194.188.105,10.10.0.10,,,443,45734,0,1358,17
1588616997.6844552,173.194.188.105,10.10.0.10,,,443,45734,0,1358,17
1588616997.6927972,173.194.188.105,10.10.0.10,,,443,45734,0,1358,17
1588616997.701139,173.194.188.105,10.10.0.10,,,443,45734,0,1358,17
1588616997.709484,173.194.188.105,10.10.0.10,,,443,45734,0,1358,17
1588616997.717825,173.194.188.105,10.10.0.10,,,443,45734,0,1358,17
1588616997.726167,173.194.188.105,10.10.0.10,,,443,45734,0,1358,17
1588616997.7345092,173.194.188.105,10.10.0.10,,,443,45734,0,1358,17
1588616997.7428498,173.194.188.105,10.10.0.10,,,443,45734,0,1358,17
1588616997.7931411,10.10.0.10,173.194.188.105,,,45734,443,0,43,17
1588616997.798408,173.194.188.105,10.10.0.10,,,443,45734,0,29,17
1588616997.801594,173.194.188.105,10.10.0.10,,,443,45734,0,1358,17
1588616997.829292,10.10.0.10,173.194.188.105,,,45734,443,0,37,17
1588616997.8311381,10.10.0.10,173.194.188.105,,,45734,443,0,37,17
1588616997.8311868,10.10.0.10,173.194.188.105,,,45734,443,0,37,17
1588616997.846008,10.10.0.10,173.194.188.105,,,45734,443,0,37,17
1588616997.863792,10.10.0.10,173.194.188.105,,,45734,443,0,37,17
1588616997.865631,10.10.0.10,173.194.188.105,,,45734,443,0,37,17
1588616997.867141,10.10.0.10,173.194.188.105,,,45734,443,0,37,17
1588616997.8690536,10.10.0.10,173.194.188.105,,,45734,443,0,37,17
1588616997.8705502,10.10.0.10,173.194.188.105,,,45734,443,0,37,17
1588616997.8715198,10.10.0.10,173.194.188.105,,,45734,443,0,37,17
1588616997.872565,10.10.0.10,173.194.188.105,,,45734,443,0,37,17
1588616997.873627,10.10.0.10,173.194.188.105,,,45734,443,0,37,17
1588616997.8749056,10.10.0.10,173.194.188.105,,,45734,443,0,37,17
1588616997.87673,173.194.188.105,10.10.0.10,,,443,45734,0,1358,17
1588616997.8800669,173.194.188.105,10.10.0.10,,,443,45734,0,1358,17
1588616997.8815384,10.10.0.10,173.194.188.105,,,45734,443,0,37,17
1588616997.886504,173.194.188.105,10.10.0.10,,,443,45734,0,1358,17
1588616997.8922508,173.194.188.105,10.10.0.10,,,443,45734,0,1358,17
1588616997.8943136,10.10.0.10,173.194.188.105,,,45734,443,0,37,17
1588616997.9005885,173.194.188.105,10.10.0.10,,,443,45734,0,1358,17
1588616997.908875,173.194.188.105,10.10.0.10,,,443,45734,0,1358,17
1588616997.9106688,10.10.0.10,173.194.188.105,,,45734,443,0,37,17
1588616997.917275,173.194.188.105,10.10.0.10,,,443,45734,0,1358,17
1588616997.925618,173.194.188.105,10.10.0.10,,,443,45734,0,1358,17
1588616997.928001,10.10.0.10,173.194.188.105,,,45734,443,0,37,17
1588616997.933959,173.194.188.105,10.10.0.10,,,443,45734,0,1358,17
1588616997.942304,173.194.188.105,10.10.0.10,,,443,45734,0,1358,17
1588616997.944259,10.10.0.10,173.194.188.105,,,45734,443,0,37,17
1588616997.950642,173.194.188.105,10.10.0.10,,,443,45734,0,1358,17
1588616997.958987,173.194.188.105,10.10.0.10,,,443,45734,0,1358,17
1588616997.9610882,10.10.0.10,173.194.188.105,,,45734,443,0,37,17
1588616997.9673252,173.194.188.105,10.10.0.10,,,443,45734,0,1358,17
1588616997.9756649,173.194.188.105,10.10.0.10,,,443,45734,0,1358,17
1588616997.977794,10.10.0.10,173.194.188.105,,,45734,443,0,50,17
1588616997.984009,173.194.188.105,10.10.0.10,,,443,45734,0,1358,17
1588616997.992351,173.194.188.105,10.10.0.10,,,443,45734,0,1358,17
1588616997.9954581,10.10.0.10,173.194.188.105,,,45734,443,0,37,17
1588616998.000653,173.194.188.105,10.10.0.10,,,443,45734,0,1358,17
1588616998.009037,173.194.188.105,10.10.0.10,,,443,45734,0,1358,17
1588616998.0109036,10.10.0.10,173.194.188.105,,,45734,443,0,37,17
1588616998.017375,173.194.188.105,10.10.0.10,,,443,45734,0,1358,17
1588616998.025717,173.194.188.105,10.10.0.10,,,443,45734,0,1358,17
1588616998.028291,10.10.0.10,173.194.188.105,,,45734,443,0,37,17
1588616998.0340614,173.194.188.105,10.10.0.10,,,443,45734,0,1358,17
1588616998.04241,173.194.188.105,10.10.0.10,,,443,45734,0,1358,17
1588616998.0440452,10.10.0.10,173.194.188.105,,,45734,443,0,37,17
1588616998.050745,173.194.188.105,10.10.0.10,,,443,45734,0,1358,17
1588616998.0590599,173.194.188.105,10.10.0.10,,,443,45734,0,1358,17
1588616998.060636,10.10.0.10,173.194.188.105,,,45734,443,0,37,17
1588616998.067423,173.194.188.105,10.10.0.10,,,443,45734,0,1358,17
1588616998.07575,173.194.188.105,10.10.0.10,,,443,45734,0,1358,17
1588616998.0778842,10.10.0.10,173.194.188.105,,,45734,443,0,37,17
1588616998.084106,173.194.188.105,10.10.0.10,,,443,45734,0,1358,17
1588616998.0924509,173.194.188.105,10.10.0.10,,,443,45734,0,1358,17
1588616998.094424,10.10.0.10,173.194.188.105,,,45734,443,0,37,17
1588616998.10079,173.194.188.105,10.10.0.10,,,443,45734,0,1358,17
1588616998.1090932,173.194.188.105,10.10.0.10,,,443,45734,0,1358,17
1588616998.1174731,173.194.188.105,10.10.0.10,,,443,45734,0,1358,17
1588616998.1257722,173.194.188.105,10.10.0.10,,,443,45734,0,1358,17
1588616998.1341562,173.194.188.105,10.10.0.10,,,443,45734,0,1358,17
1588616998.142502,173.194.188.105,10.10.0.10,,,443,45734,0,1358,17
1588616998.1452668,10.10.0.10,173.194.188.105,,,45734,443,0,37,17
1588616998.1474366,10.10.0.10,173.194.188.105,,,45734,443,0,37,17
1588616998.1477149,10.10.0.10,173.194.188.105,,,45734,443,0,37,17
1588616998.15084,173.194.188.105,10.10.0.10,,,443,45734,0,1358,17
1588616998.1591802,173.194.188.105,10.10.0.10,,,443,45734,0,1358,17
1588616998.161422,10.10.0.10,173.194.188.105,,,45734,443,0,37,17
1588616998.167522,173.194.188.105,10.10.0.10,,,443,45734,0,1358,17
1588616998.175839,173.194.188.105,10.10.0.10,,,443,45734,0,1358,17
1588616998.177567,10.10.0.10,173.194.188.105,,,45734,443,0,37,17
1588616998.184205,173.194.188.105,10.10.0.10,,,443,45734,0,1358,17
1588616998.192577,173.194.188.105,10.10.0.10,,,443,45734,0,1358,17
1588616998.194442,10.10.0.10,173.194.188.105,,,45734,443,0,37,17
1588616998.2008884,173.194.188.105,10.10.0.10,,,443,45734,0,1358,17
1588616998.209232,173.194.188.105,10.10.0.10,,,443,45734,0,1358,17
1588616998.214016,10.10.0.10,173.194.188.105,,,45734,443,0,37,17
1588616998.2175708,173.194.188.105,10.10.0.10,,,443,45734,0,1358,17
1588616998.2258818,173.194.188.105,10.10.0.10,,,443,45734,0,1358,17
1588616998.227578,10.10.0.10,173.194.188.105,,,45734,443,0,37,17
1588616998.234254,173.194.188.105,10.10.0.10,,,443,45734,0,1358,17
1588616998.242601,173.194.188.105,10.10.0.10,,,443,45734,0,1358,17
1588616998.244359,10.10.0.10,173.194.188.105,,,45734,443,0,37,17
1588616998.2509394,173.194.188.105,10.10.0.10,,,443,45734,0,1358,17
1588616998.2592838,173.194.188.105,10.10.0.10,,,443,45734,0,1358,17
1588616998.2619221,10.10.0.10,173.194.188.105,,,45734,443,0,37,17
1588616998.267622,173.194.188.105,10.10.0.10,,,443,45734,0,1358,17
1588616998.275975,173.194.188.105,10.10.0.10,,,443,45734,0,1358,17
1588616998.277839,10.10.0.10,173.194.188.105,,,45734,443,0,37,17
1588616998.2843044,173.194.188.105,10.10.0.10,,,443,45734,0,1358,17
1588616998.292649,173.194.188.105,10.10.0.10,,,443,45734,0,1358,17
1588616998.294317,10.10.0.10,173.194.188.105,,,45734,443,0,37,17
1588616998.300991,173.194.188.105,10.10.0.10,,,443,45734,0,1358,17
1588616998.309333,173.194.188.105,10.10.0.10,,,443,45734,0,1358,17
1588616998.312047,10.10.0.10,173.194.188.105,,,45734,443,0,50,17
1588616998.317633,173.194.188.105,10.10.0.10,,,443,45734,0,1358,17
1588616998.326017,173.194.188.105,10.10.0.10,,,443,45734,0,1358,17
1588616998.3280268,10.10.0.10,173.194.188.105,,,45734,443,0,37,17
1588616998.334359,173.194.188.105,10.10.0.10,,,443,45734,0,1358,17
1588616998.3427002,173.194.188.105,10.10.0.10,,,443,45734,0,1358,17
1588616998.3453784,10.10.0.10,173.194.188.105,,,45734,443,0,37,17
1588616998.3510349,173.194.188.105,10.10.0.10,,,443,45734,0,1358,17
1588616998.3593788,173.194.188.105,10.10.0.10,,,443,45734,0,1358,17
1588616998.361422,10.10.0.10,173.194.188.105,,,45734,443,0,37,17
1588616998.3677242,173.194.188.105,10.10.0.10,,,443,45734,0,1358,17
1588616998.376066,173.194.188.105,10.10.0.10,,,443,45734,0,1358,17
1588616998.378744,10.10.0.10,173.194.188.105,,,45734,443,0,37,17
1588616998.384404,173.194.188.105,10.10.0.10,,,443,45734,0,1358,17
1588616998.392749,173.194.188.105,10.10.0.10,,,443,45734,0,1358,17
1588616998.3949099,10.10.0.10,173.194.188.105,,,45734,443,0,37,17
1588616998.4010859,173.194.188.105,10.10.0.10,,,443,45734,0,1358,17
1588616998.409386,173.194.188.105,10.10.0.10,,,443,45734,0,1358,17
1588616998.4177318,173.194.188.105,10.10.0.10,,,443,45734,0,1358,17
1588616998.4261026,173.194.188.105,10.10.0.10,,,443,45734,0,29,17
1588616998.426424,173.194.188.105,10.10.0.10,,,443,45734,0,1358,17
1588616998.43203,10.10.0.10,173.194.188.105,,,45734,443,0,37,17
1588616998.4336,10.10.0.10,173.194.188.105,,,45734,443,0,37,17
1588616998.4348214,173.194.188.105,10.10.0.10,,,443,45734,0,1358,17
1588616998.443166,173.194.188.105,10.10.0.10,,,443,45734,0,1358,17
1588616998.445013,10.10.0.10,173.194.188.105,,,45734,443,0,37,17
1588616998.4515052,173.194.188.105,10.10.0.10,,,443,45734,0,1358,17
1588616998.459817,173.194.188.105,10.10.0.10,,,443,45734,0,1358,17
1588616998.4621446,10.10.0.10,173.194.188.105,,,45734,443,0,37,17
1588616998.4681911,173.194.188.105,10.10.0.10,,,443,45734,0,1358,17
1588616998.4765332,173.194.188.105,10.10.0.10,,,443,45734,0,1358,17
1588616998.478224,10.10.0.10,173.194.188.105,,,45734,443,0,37,17
1588616998.484874,173.194.188.105,10.10.0.10,,,443,45734,0,1358,17
1588616998.493217,173.194.188.105,10.10.0.10,,,443,45734,0,1358,17
1588616998.495698,10.10.0.10,173.194.188.105,,,45734,443,0,37,17
1588616998.5015528,173.194.188.105,10.10.0.10,,,443,45734,0,1358,17
1588616998.509901,173.194.188.105,10.10.0.10,,,443,45734,0,1358,17
1588616998.51157,10.10.0.10,173.194.188.105,,,45734,443,0,37,17
1588616998.518238,173.194.188.105,10.10.0.10,,,443,45734,0,1358,17
1588616998.526583,173.194.188.105,10.10.0.10,,,443,45734,0,1358,17
1588616998.5287304,10.10.0.10,173.194.188.105,,,45734,443,0,37,17
1588616998.53486,173.194.188.105,10.10.0.10,,,443,45734,0,1358,17
1588616998.5432212,173.194.188.105,10.10.0.10,,,443,45734,0,1358,17
1588616998.551544,173.194.188.105,10.10.0.10,,,443,45734,0,1358,17
1588616998.552943,10.10.0.10,173.194.188.105,,,45734,443,0,37,17
1588616998.559892,173.194.188.105,10.10.0.10,,,443,45734,0,1358,17
1588616998.568249,173.194.188.105,10.10.0.10,,,443,45734,0,1358,17
1588616998.568985,10.10.0.10,173.194.188.105,,,45734,443,0,37,17
1588616998.576618,173.194.188.105,10.10.0.10,,,443,45734,0,1358,17
1588616998.5797234,10.10.0.10,173.194.188.105,,,45734,443,0,37,17
1588616998.584959,173.194.188.105,10.10.0.10,,,443,45734,0,1358,17
1588616998.5933092,173.194.188.105,10.10.0.10,,,443,45734,0,1358,17
1588616998.5949798,10.10.0.10,173.194.188.105,,,45734,443,0,37,17
1588616998.6016178,173.194.188.105,10.10.0.10,,,443,45734,0,1358,17
1588616998.609978,173.194.188.105,10.10.0.10,,,443,45734,0,1358,17
1588616998.61163,10.10.0.10,173.194.188.105,,,45734,443,0,37,17
1588616998.6183238,173.194.188.105,10.10.0.10,,,443,45734,0,1358,17
1588616998.6266682,173.194.188.105,10.10.0.10,,,443,45734,0,1358,17
1588616998.62986,10.10.0.10,173.194.188.105,,,45734,443,0,37,17
1588616998.6349552,173.194.188.105,10.10.0.10,,,443,45734,0,1358,17
1588616998.6432989,173.194.188.105,10.10.0.10,,,443,45734,0,1358,17
1588616998.6448612,10.10.0.10,173.194.188.105,,,45734,443,0,50,17
1588616998.651691,173.194.188.105,10.10.0.10,,,443,45734,0,1358,17
1588616998.660033,173.194.188.105,10.10.0.10,,,443,45734,0,1358,17
1588616998.663073,10.10.0.10,173.194.188.105,,,45734,443,0,37,17
1588616998.668373,173.194.188.105,10.10.0.10,,,443,45734,0,1358,17
1588616998.6766589,173.194.188.105,10.10.0.10,,,443,45734,0,1358,17
1588616998.678186,10.10.0.10,173.194.188.105,,,45734,443,0,37,17
1588616998.684998,173.194.188.105,10.10.0.10,,,443,45734,0,1358,17
1588616998.6933742,173.194.188.105,10.10.0.10,,,443,45734,0,1358,17
1588616998.695083,10.10.0.10,173.194.188.105,,,45734,443,0,37,17
1588616998.7017438,173.194.188.105,10.10.0.10,,,443,45734,0,1358,17
1588616998.710089,173.194.188.105,10.10.0.10,,,443,45734,0,1358,17
1588616998.712613,10.10.0.10,173.194.188.105,,,45734,443,0,37,17
1588616998.7184358,173.194.188.105,10.10.0.10,,,443,45734,0,1358,17
1588616998.726779,173.194.188.105,10.10.0.10,,,443,45734,0,1358,17
1588616998.728344,10.10.0.10,173.194.188.105,,,45734,443,0,37,17
1588616998.735121,173.194.188.105,10.10.0.10,,,443,45734,0,1358,17
1588616998.7434616,173.194.188.105,10.10.0.10,,,443,45734,0,1358,17
1588616998.7464561,10.10.0.10,173.194.188.105,,,45734,443,0,37,17
1588616998.7517679,173.194.188.105,10.10.0.10,,,443,45734,0,1358,17
1588616998.7601464,173.194.188.105,10.10.0.10,,,443,45734,0,1358,17
1588616998.7617636,10.10.0.10,173.194.188.105,,,45734,443,0,37,17
1588616998.7684898,173.194.188.105,10.10.0.10,,,443,45734,0,1358,17
1588616998.7768302,173.194.188.105,10.10.0.10,,,443,45734,0,1358,17
1588616998.778874,10.10.0.10,173.194.188.105,,,45734,443,0,37,17
1588616998.785175,173.194.188.105,10.10.0.10,,,443,45734,0,1358,17
1588616998.7935119,173.194.188.105,10.10.0.10,,,443,45734,0,1358,17
1588616998.795307,10.10.0.10,173.194.188.105,,,45734,443,0,37,17
1588616998.801855,173.194.188.105,10.10.0.10,,,443,45734,0,1358,17
1588616998.810193,173.194.188.105,10.10.0.10,,,443,45734,0,1358,17
1588616998.811954,10.10.0.10,173.194.188.105,,,45734,443,0,37,17
1588616998.818537,173.194.188.105,10.10.0.10,,,443,45734,0,1358,17
1588616998.8268828,173.194.188.105,10.10.0.10,,,443,45734,0,1358,17
1588616998.829033,10.10.0.10,173.194.188.105,,,45734,443,0,37,17
1588616998.8351722,173.194.188.105,10.10.0.10,,,443,45734,0,1358,17
1588616998.8435721,173.194.188.105,10.10.0.10,,,443,45734,0,1358,17
1588616998.845275,10.10.0.10,173.194.188.105,,,45734,443,0,37,17
1588616998.8518775,173.194.188.105,10.10.0.10,,,443,45734,0,1358,17
1588616998.860255,173.194.188.105,10.10.0.10,,,443,45734,0,1358,17
1588616998.861903,10.10.0.10,173.194.188.105,,,45734,443,0,37,17
1588616998.8685956,173.194.188.105,10.10.0.10,,,443,45734,0,1358,17
1588616998.876934,173.194.188.105,10.10.0.10,,,443,45734,0,1358,17
1588616998.8787332,10.10.0.10,173.194.188.105,,,45734,443,0,37,17
1588616998.885233,173.194.188.105,10.10.0.10,,,443,45734,0,1358,17
1588616998.893617,173.194.188.105,10.10.0.10,,,443,45734,0,1358,17
1588616998.8952868,10.10.0.10,173.194.188.105,,,45734,443,0,37,17
1588616998.9019165,173.194.188.105,10.10.0.10,,,443,45734,0,1358,17
1588616998.9102411,173.194.188.105,10.10.0.10,,,443,45734,0,1358,17
1588616998.91189,10.10.0.10,173.194.188.105,,,45734,443,0,37,17
1588616998.9185688,173.194.188.105,10.10.0.10,,,443,45734,0,1358,17
1588616998.926983,173.194.188.105,10.10.0.10,,,443,45734,0,1358,17
1588616998.9293606,10.10.0.10,173.194.188.105,,,45734,443,0,37,17
1588616998.935329,173.194.188.105,10.10.0.10,,,443,45734,0,1358,17
1588616998.94367,173.194.188.105,10.10.0.10,,,443,45734,0,1358,17
1588616998.945353,10.10.0.10,173.194.188.105,,,45734,443,0,37,17
1588616998.952013,173.194.188.105,10.10.0.10,,,443,45734,0,1358,17
1588616998.960352,173.194.188.105,10.10.0.10,,,443,45734,0,1358,17
1588616998.9630694,10.10.0.10,173.194.188.105,,,45734,443,0,37,17
1588616998.968695,173.194.188.105,10.10.0.10,,,443,45734,0,1358,17
1588616998.977033,173.194.188.105,10.10.0.10,,,443,45734,0,1358,17
1588616998.978873,10.10.0.10,173.194.188.105,,,45734,443,0,50,17
1588616998.985301,173.194.188.105,10.10.0.10,,,443,45734,0,1358,17
1588616998.9937198,173.194.188.105,10.10.0.10,,,443,45734,0,1358,17
1588616998.9954202,10.10.0.10,173.194.188.105,,,45734,443,0,37,17
1588616999.0020418,173.194.188.105,10.10.0.10,,,443,45734,0,1358,17
1588616999.010401,173.194.188.105,10.10.0.10,,,443,45734,0,1358,17
1588616999.012149,10.10.0.10,173.194.188.105,,,45734,443,0,37,17
1588616999.0186682,173.194.188.105,10.10.0.10,,,443,45734,0,1358,17
1588616999.027086,173.194.188.105,10.10.0.10,,,443,45734,0,1358,17
1588616999.0287118,10.10.0.10,173.194.188.105,,,45734,443,0,37,17
1588616999.0354278,173.194.188.105,10.10.0.10,,,443,45734,0,1358,17
1588616999.0437708,173.194.188.105,10.10.0.10,,,443,45734,0,1358,17
1588616999.046233,10.10.0.10,173.194.188.105,,,45734,443,0,37,17
1588616999.0521102,173.194.188.105,10.10.0.10,,,443,45734,0,29,17
1588616999.052438,173.194.188.105,10.10.0.10,,,443,45734,0,1358,17
1588616999.0608249,173.194.188.105,10.10.0.10,,,443,45734,0,1358,17
1588616999.0628738,10.10.0.10,173.194.188.105,,,45734,443,0,37,17
1588616999.0691671,173.194.188.105,10.10.0.10,,,443,45734,0,1358,17
1588616999.0775151,173.194.188.105,10.10.0.10,,,443,45734,0,1358,17
1588616999.0794392,10.10.0.10,173.194.188.105,,,45734,443,0,37,17
1588616999.0858538,173.194.188.105,10.10.0.10,,,443,45734,0,1358,17
1588616999.094192,173.194.188.105,10.10.0.10,,,443,45734,0,1358,17
1588616999.0961509,10.10.0.10,173.194.188.105,,,45734,443,0,37,17
1588616999.102534,173.194.188.105,10.10.0.10,,,443,45734,0,1358,17
1588616999.110875,173.194.188.105,10.10.0.10,,,443,45734,0,1358,17
1588616999.1125429,10.10.0.10,173.194.188.105,,,45734,443,0,37,17
1588616999.119193,173.194.188.105,10.10.0.10,,,443,45734,0,1358,17
1588616999.127558,173.194.188.105,10.10.0.10,,,443,45734,0,1358,17
1588616999.12921,10.10.0.10,173.194.188.105,,,45734,443,0,37,17
1588616999.13649,173.194.188.105,10.10.0.10,,,443,45734,0,1358,17
1588616999.1448605,173.194.188.105,10.10.0.10,,,443,45734,0,1358,17
1588616999.146878,10.10.0.10,173.194.188.105,,,45734,443,0,37,17
1588616999.1532009,173.194.188.105,10.10.0.10,,,443,45734,0,1358,17
1588616999.161546,173.194.188.105,10.10.0.10,,,443,45734,0,1358,17
1588616999.16329,10.10.0.10,173.194.188.105,,,45734,443,0,37,17
1588616999.1698868,173.194.188.105,10.10.0.10,,,443,45734,0,1358,17
1588616999.1782286,173.194.188.105,10.10.0.10,,,443,45734,0,1358,17
1588616999.1807716,10.10.0.10,173.194.188.105,,,45734,443,0,37,17
1588616999.1864932,173.194.188.105,10.10.0.10,,,443,45734,0,1358,17
1588616999.1948678,173.194.188.105,10.10.0.10,,,443,45734,0,1358,17
1588616999.1969798,10.10.0.10,173.194.188.105,,,45734,443,0,37,17
1588616999.203251,173.194.188.105,10.10.0.10,,,443,45734,0,1358,17
1588616999.2115948,173.194.188.105,10.10.0.10,,,443,45734,0,1358,17
1588616999.213417,10.10.0.10,173.194.188.105,,,45734,443,0,37,17
1588616999.219934,173.194.188.105,10.10.0.10,,,443,45734,0,1358,17
1588616999.2282329,173.194.188.105,10.10.0.10,,,443,45734,0,1358,17
1588616999.2301214,10.10.0.10,173.194.188.105,,,45734,443,0,37,17
1588616999.236615,173.194.188.105,10.10.0.10,,,443,45734,0,1358,17
1588616999.244961,173.194.188.105,10.10.0.10,,,443,45734,0,1358,17
1588616999.2467554,10.10.0.10,173.194.188.105,,,45734,443,0,37,17
1588616999.253299,173.194.188.105,10.10.0.10,,,443,45734,0,1358,17
1588616999.261641,173.194.188.105,10.10.0.10,,,443,45734,0,1358,17
1588616999.265617,10.10.0.10,173.194.188.105,,,45734,443,0,37,17
1588616999.269946,173.194.188.105,10.10.0.10,,,443,45734,0,1358,17
1588616999.2783241,173.194.188.105,10.10.0.10,,,443,45734,0,1358,17
1588616999.2807062,10.10.0.10,173.194.188.105,,,45734,443,0,37,17
1588616999.286669,173.194.188.105,10.10.0.10,,,443,45734,0,1358,17
1588616999.295008,173.194.188.105,10.10.0.10,,,443,45734,0,1358,17
1588616999.2968762,10.10.0.10,173.194.188.105,,,45734,443,0,37,17
1588616999.3033473,173.194.188.105,10.10.0.10,,,443,45734,0,1358,17
1588616999.311718,173.194.188.105,10.10.0.10,,,443,45734,0,1358,17
1588616999.313872,10.10.0.10,173.194.188.105,,,45734,443,0,50,17
1588616999.320033,173.194.188.105,10.10.0.10,,,443,45734,0,1358,17
1588616999.328335,173.194.188.105,10.10.0.10,,,443,45734,0,1358,17
1588616999.331263,10.10.0.10,173.194.188.105,,,45734,443,0,37,17
1588616999.3367171,173.194.188.105,10.10.0.10,,,443,45734,0,1358,17
1588616999.345056,173.194.188.105,10.10.0.10,,,443,45734,0,1358,17
1588616999.3479981,10.10.0.10,173.194.188.105,,,45734,443,0,37,17
1588616999.353399,173.194.188.105,10.10.0.10,,,443,45734,0,1358,17
1588616999.361744,173.194.188.105,10.10.0.10,,,443,45734,0,1358,17
1588616999.3643556,10.10.0.10,173.194.188.105,,,45734,443,0,37,17
1588616999.370085,173.194.188.105,10.10.0.10,,,443,45734,0,1358,17
1588616999.3784282,173.194.188.105,10.10.0.10,,,443,45734,0,1358,17
1588616999.3803134,10.10.0.10,173.194.188.105,,,45734,443,0,37,17
1588616999.3867679,173.194.188.105,10.10.0.10,,,443,45734,0,1358,17
1588616999.3951075,173.194.188.105,10.10.0.10,,,443,45734,0,1358,17
1588616999.396875,10.10.0.10,173.194.188.105,,,45734,443,0,37,17
1588616999.403451,173.194.188.105,10.10.0.10,,,443,45734,0,1358,17
1588616999.4117591,173.194.188.105,10.10.0.10,,,443,45734,0,1358,17
1588616999.4152372,10.10.0.10,173.194.188.105,,,45734,443,0,37,17
1588616999.4200964,173.194.188.105,10.10.0.10,,,443,45734,0,1358,17
1588616999.4284382,173.194.188.105,10.10.0.10,,,443,45734,0,1358,17
1588616999.4311092,10.10.0.10,173.194.188.105,,,45734,443,0,37,17
1588616999.436814,173.194.188.105,10.10.0.10,,,443,45734,0,1358,17
1588616999.44516,173.194.188.105,10.10.0.10,,,443,45734,0,1358,17
1588616999.4468699,10.10.0.10,173.194.188.105,,,45734,443,0,37,17
1588616999.4535005,173.194.188.105,10.10.0.10,,,443,45734,0,1358,17
1588616999.4618428,173.194.188.105,10.10.0.10,,,443,45734,0,1358,17
1588616999.46489,10.10.0.10,173.194.188.105,,,45734,443,0,37,17
1588616999.470184,173.194.188.105,10.10.0.10,,,443,45734,0,1358,17
1588616999.4785252,173.194.188.105,10.10.0.10,,,443,45734,0,1358,17
1588616999.4803536,10.10.0.10,173.194.188.105,,,45734,443,0,37,17
1588616999.4868634,173.194.188.105,10.10.0.10,,,443,45734,0,1358,17
1588616999.49521,173.194.188.105,10.10.0.10,,,443,45734,0,1358,17
1588616999.49721,10.10.0.10,173.194.188.105,,,45734,443,0,37,17
1588616999.503546,173.194.188.105,10.10.0.10,,,443,45734,0,1358,17
1588616999.5118911,173.194.188.105,10.10.0.10,,,443,45734,0,1358,17
1588616999.520228,173.194.188.105,10.10.0.10,,,443,45734,0,1358,17
1588616999.528575,173.194.188.105,10.10.0.10,,,443,45734,0,1358,17
1588616999.536911,173.194.188.105,10.10.0.10,,,443,45734,0,1358,17
1588616999.545259,173.194.188.105,10.10.0.10,,,443,45734,0,1358,17
1588616999.5535982,173.194.188.105,10.10.0.10,,,443,45734,0,1358,17
1588616999.591903,10.10.0.10,173.194.188.105,,,45734,443,0,37,17
1588616999.592475,10.10.0.10,173.194.188.105,,,45734,443,0,37,17
1588616999.593297,10.10.0.10,173.194.188.105,,,45734,443,0,37,17
1588616999.596217,173.194.188.105,10.10.0.10,,,443,45734,0,1358,17
1588616999.598026,10.10.0.10,173.194.188.105,,,45734,443,0,37,17
1588616999.60244,173.194.188.105,10.10.0.10,,,443,45734,0,1358,17
1588616999.6033616,173.194.188.105,10.10.0.10,,,443,45734,0,1358,17
1588616999.605048,10.10.0.10,173.194.188.105,,,45734,443,0,37,17
1588616999.6117196,173.194.188.105,10.10.0.10,,,443,45734,0,1358,17
1588616999.620034,173.194.188.105,10.10.0.10,,,443,45734,0,1358,17
1588616999.6283472,173.194.188.105,10.10.0.10,,,443,45734,0,1358,17
1588616999.6367474,173.194.188.105,10.10.0.10,,,443,45734,0,1358,17
1588616999.645087,173.194.188.105,10.10.0.10,,,443,45734,0,1358,17
1588616999.6534288,173.194.188.105,10.10.0.10,,,443,45734,0,1358,17
1588616999.6617222,173.194.188.105,10.10.0.10,,,443,45734,0,1358,17
1588616999.670082,173.194.188.105,10.10.0.10,,,443,45734,0,1358,17
1588616999.6784608,173.194.188.105,10.10.0.10,,,443,45734,0,1358,17
1588616999.6867974,173.194.188.105,10.10.0.10,,,443,45734,0,1358,17
1588616999.695081,173.194.188.105,10.10.0.10,,,443,45734,0,1358,17
1588616999.7034829,173.194.188.105,10.10.0.10,,,443,45734,0,1358,17
1588616999.70781,10.10.0.10,173.194.188.105,,,45734,443,0,37,17
1588616999.7103002,10.10.0.10,173.194.188.105,,,45734,443,0,37,17
1588616999.710334,10.10.0.10,173.194.188.105,,,45734,443,0,37,17
1588616999.7120152,173.194.188.105,10.10.0.10,,,443,45734,0,1358,17
1588616999.713742,10.10.0.10,173.194.188.105,,,45734,443,0,50,17
1588616999.716815,10.10.0.10,173.194.188.105,,,45734,443,0,37,17
1588616999.7168355,10.10.0.10,173.194.188.105,,,45734,443,0,37,17
1588616999.7185948,10.10.0.10,173.194.188.105,,,45734,443,0,37,17
1588616999.720102,173.194.188.105,10.10.0.10,,,443,45734,0,1358,17
1588616999.728516,173.194.188.105,10.10.0.10,,,443,45734,0,1358,17
1588616999.730313,10.10.0.10,173.194.188.105,,,45734,443,0,37,17
1588616999.736851,173.194.188.105,10.10.0.10,,,443,45734,0,29,17
1588616999.737191,173.194.188.105,10.10.0.10,,,443,45734,0,1358,17
1588616999.745574,173.194.188.105,10.10.0.10,,,443,45734,0,1358,17
1588616999.7539148,173.194.188.105,10.10.0.10,,,443,45734,0,1358,17
1588616999.7622569,173.194.188.105,10.10.0.10,,,443,45734,0,1358,17
1588616999.7705982,173.194.188.105,10.10.0.10,,,443,45734,0,1358,17
1588616999.7789388,173.194.188.105,10.10.0.10,,,443,45734,0,1358,17
1588616999.7872796,173.194.188.105,10.10.0.10,,,443,45734,0,1358,17
1588616999.795623,173.194.188.105,10.10.0.10,,,443,45734,0,1358,17
1588616999.80392,173.194.188.105,10.10.0.10,,,443,45734,0,1358,17
1588616999.812305,173.194.188.105,10.10.0.10,,,443,45734,0,1358,17
1588616999.820643,173.194.188.105,10.10.0.10,,,443,45734,0,1358,17
1588616999.828989,173.194.188.105,10.10.0.10,,,443,45734,0,1358,17
1588616999.831463,10.10.0.10,173.194.188.105,,,45734,443,0,37,17
1588616999.837327,173.194.188.105,10.10.0.10,,,443,45734,0,1358,17
1588616999.8404634,10.10.0.10,173.194.188.105,,,45734,443,0,37,17
1588616999.840504,10.10.0.10,173.194.188.105,,,45734,443,0,37,17
1588616999.841918,10.10.0.10,173.194.188.105,,,45734,443,0,37,17
1588616999.843008,10.10.0.10,173.194.188.105,,,45734,443,0,37,17
1588616999.8438132,10.10.0.10,173.194.188.105,,,45734,443,0,37,17
1588616999.8456721,173.194.188.105,10.10.0.10,,,443,45734,0,1358,17
1588616999.8496692,10.10.0.10,173.194.188.105,,,45734,443,0,37,17
1588616999.8540108,173.194.188.105,10.10.0.10,,,443,45734,0,1358,17
1588616999.86236,173.194.188.105,10.10.0.10,,,443,45734,0,1358,17
1588616999.870704,173.194.188.105,10.10.0.10,,,443,45734,0,1358,17
1588616999.879045,173.194.188.105,10.10.0.10,,,443,45734,0,1358,17
1588616999.8873868,173.194.188.105,10.10.0.10,,,443,45734,0,1358,17
1588616999.895691,173.194.188.105,10.10.0.10,,,443,45734,0,1358,17
1588616999.904073,173.194.188.105,10.10.0.10,,,443,45734,0,1358,17
1588616999.912354,173.194.188.105,10.10.0.10,,,443,45734,0,1358,17
1588616999.92075,173.194.188.105,10.10.0.10,,,443,45734,0,1358,17
1588616999.929092,173.194.188.105,10.10.0.10,,,443,45734,0,1358,17
1588616999.937438,173.194.188.105,10.10.0.10,,,443,45734,0,1358,17
1588616999.945778,173.194.188.105,10.10.0.10,,,443,45734,0,1358,17
1588616999.9465961,10.10.0.10,173.194.188.105,,,45734,443,0,37,17
1588616999.949672,10.10.0.10,173.194.188.105,,,45734,443,0,37,17
1588616999.9519718,10.10.0.10,173.194.188.105,,,45734,443,0,37,17
1588616999.953527,10.10.0.10,173.194.188.105,,,45734,443,0,37,17
1588616999.954082,173.194.188.105,10.10.0.10,,,443,45734,0,1358,17
1588616999.955035,10.10.0.10,173.194.188.105,,,45734,443,0,37,17
1588616999.955183,10.10.0.10,173.194.188.105,,,45734,443,0,37,17
1588616999.956573,10.10.0.10,173.194.188.105,,,45734,443,0,37,17
1588616999.9624221,173.194.188.105,10.10.0.10,,,443,45734,0,1358,17
1588616999.9708009,173.194.188.105,10.10.0.10,,,443,45734,0,1358,17
1588616999.9725778,10.10.0.10,173.194.188.105,,,45734,443,0,37,17
1588616999.9791422,173.194.188.105,10.10.0.10,,,443,45734,0,1358,17
1588616999.9874132,173.194.188.105,10.10.0.10,,,443,45734,0,1358,17
1588616999.99583,173.194.188.105,10.10.0.10,,,443,45734,0,1358,17
1588617000.0041714,173.194.188.105,10.10.0.10,,,443,45734,0,1358,17
1588617000.0125158,173.194.188.105,10.10.0.10,,,443,45734,0,1358,17
1588617000.0204382,10.10.0.10,173.194.188.105,,,45734,443,0,50,17
1588617000.0206418,10.10.0.10,173.194.188.105,,,45734,443,0,37,17
1588617000.020792,173.194.188.105,10.10.0.10,,,443,45734,0,1358,17
1588617000.0223331,10.10.0.10,173.194.188.105,,,45734,443,0,37,17
1588617000.0291939,173.194.188.105,10.10.0.10,,,443,45734,0,1358,17
1588617000.0375412,173.194.188.105,10.10.0.10,,,443,45734,0,1358,17
1588617000.039215,10.10.0.10,173.194.188.105,,,45734,443,0,37,17
1588617000.045883,173.194.188.105,10.10.0.10,,,443,45734,0,1358,17
1588617000.0542202,173.194.188.105,10.10.0.10,,,443,45734,0,1358,17
1588617000.0562696,10.10.0.10,173.194.188.105,,,45734,443,0,37,17
1588617000.062565,173.194.188.105,10.10.0.10,,,443,45734,0,1358,17
1588617000.0709028,173.194.188.105,10.10.0.10,,,443,45734,0,1358,17
1588617000.072834,10.10.0.10,173.194.188.105,,,45734,443,0,37,17
1588617000.079201,173.194.188.105,10.10.0.10,,,443,45734,0,1358,17
1588617000.08759,173.194.188.105,10.10.0.10,,,443,45734,0,1358,17
1588617000.0895214,10.10.0.10,173.194.188.105,,,45734,443,0,37,17
1588617000.0959332,173.194.188.105,10.10.0.10,,,443,45734,0,1358,17
1588617000.104269,173.194.188.105,10.10.0.10,,,443,45734,0,1358,17
1588617000.1063511,10.10.0.10,173.194.188.105,,,45734,443,0,37,17
1588617000.1126118,173.194.188.105,10.10.0.10,,,443,45734,0,1358,17
1588617000.1209528,173.194.188.105,10.10.0.10,,,443,45734,0,1358,17
1588617000.122849,10.10.0.10,173.194.188.105,,,45734,443,0,37,17
1588617000.129297,173.194.188.105,10.10.0.10,,,443,45734,0,1358,17
1588617000.13764,173.194.188.105,10.10.0.10,,,443,45734,0,1358,17
1588617000.1395214,10.10.0.10,173.194.188.105,,,45734,443,0,37,17
1588617000.145936,173.194.188.105,10.10.0.10,,,443,45734,0,1358,17
1588617000.1543179,173.194.188.105,10.10.0.10,,,443,45734,0,1358,17
1588617000.1571422,10.10.0.10,173.194.188.105,,,45734,443,0,37,17
1588617000.16266,173.194.188.105,10.10.0.10,,,443,45734,0,1358,17
1588617000.171006,173.194.188.105,10.10.0.10,,,443,45734,0,1358,17
1588617000.1726818,10.10.0.10,173.194.188.105,,,45734,443,0,37,17
1588617000.1793478,173.194.188.105,10.10.0.10,,,443,45734,0,1358,17
1588617000.187685,173.194.188.105,10.10.0.10,,,443,45734,0,1358,17
1588617000.189497,10.10.0.10,173.194.188.105,,,45734,443,0,37,17
1588617000.1960292,173.194.188.105,10.10.0.10,,,443,45734,0,1358,17
1588617000.2043734,173.194.188.105,10.10.0.10,,,443,45734,0,1358,17
1588617000.2060142,10.10.0.10,173.194.188.105,,,45734,443,0,37,17
1588617000.212714,173.194.188.105,10.10.0.10,,,443,45734,0,1358,17
1588617000.221051,173.194.188.105,10.10.0.10,,,443,45734,0,1358,17
1588617000.2229812,10.10.0.10,173.194.188.105,,,45734,443,0,37,17
1588617000.229397,173.194.188.105,10.10.0.10,,,443,45734,0,1358,17
1588617000.2377384,173.194.188.105,10.10.0.10,,,443,45734,0,1358,17
1588617000.2396624,10.10.0.10,173.194.188.105,,,45734,443,0,37,17
1588617000.2460802,173.194.188.105,10.10.0.10,,,443,45734,0,1358,17
1588617000.254418,173.194.188.105,10.10.0.10,,,443,45734,0,1358,17
1588617000.256309,10.10.0.10,173.194.188.105,,,45734,443,0,37,17
1588617000.2627628,173.194.188.105,10.10.0.10,,,443,45734,0,1358,17
1588617000.2711012,173.194.188.105,10.10.0.10,,,443,45734,0,1358,17
1588617000.272975,10.10.0.10,173.194.188.105,,,45734,443,0,37,17
1588617000.2794461,173.194.188.105,10.10.0.10,,,443,45734,0,1358,17
1588617000.287784,173.194.188.105,10.10.0.10,,,443,45734,0,1358,17
1588617000.28995,10.10.0.10,173.194.188.105,,,45734,443,0,37,17
1588617000.2961302,173.194.188.105,10.10.0.10,,,443,45734,0,1358,17
1588617000.304468,173.194.188.105,10.10.0.10,,,443,45734,0,1358,17
1588617000.3063881,10.10.0.10,173.194.188.105,,,45734,443,0,37,17
1588617000.312796,173.194.188.105,10.10.0.10,,,443,45734,0,1358,17
1588617000.3210845,173.194.188.105,10.10.0.10,,,443,45734,0,1358,17
1588617000.322994,10.10.0.10,173.194.188.105,,,45734,443,0,50,17
1588617000.329449,173.194.188.105,10.10.0.10,,,443,45734,0,1358,17
1588617000.337834,173.194.188.105,10.10.0.10,,,443,45734,0,1358,17
1588617000.339617,10.10.0.10,173.194.188.105,,,45734,443,0,37,17
1588617000.3461788,173.194.188.105,10.10.0.10,,,443,45734,0,1358,17
1588617000.3545132,173.194.188.105,10.10.0.10,,,443,45734,0,1358,17
1588617000.356198,10.10.0.10,173.194.188.105,,,45734,443,0,37,17
1588617000.3628578,173.194.188.105,10.10.0.10,,,443,45734,0,1358,17
1588617000.371202,173.194.188.105,10.10.0.10,,,443,45734,0,1358,17
1588617000.377232,10.10.0.10,173.194.188.105,,,45734,443,0,37,17
1588617000.3795092,173.194.188.105,10.10.0.10,,,443,45734,0,1358,17
1588617000.387882,173.194.188.105,10.10.0.10,,,443,45734,0,1358,17
1588617000.390263,10.10.0.10,173.194.188.105,,,45734,443,0,37,17
1588617000.396227,173.194.188.105,10.10.0.10,,,443,45734,0,1358,17
1588617000.4045699,173.194.188.105,10.10.0.10,,,443,45734,0,1358,17
1588617000.4064908,10.10.0.10,173.194.188.105,,,45734,443,0,37,17
1588617000.412833,173.194.188.105,10.10.0.10,,,443,45734,0,1358,17
1588617000.421202,173.194.188.105,10.10.0.10,,,443,45734,0,1358,17
1588617000.423595,10.10.0.10,173.194.188.105,,,45734,443,0,37,17
1588617000.4295485,173.194.188.105,10.10.0.10,,,443,45734,0,1358,17
1588617000.437924,173.194.188.105,10.10.0.10,,,443,45734,0,1358,17
1588617000.439632,10.10.0.10,173.194.188.105,,,45734,443,0,37,17
1588617000.44627,173.194.188.105,10.10.0.10,,,443,45734,0,1358,17
1588617000.454608,173.194.188.105,10.10.0.10,,,443,45734,0,1358,17
1588617000.456379,10.10.0.10,173.194.188.105,,,45734,443,0,37,17
1588617000.462933,173.194.188.105,10.10.0.10,,,443,45734,0,1358,17
1588617000.4712932,173.194.188.105,10.10.0.10,,,443,45734,0,1358,17
1588617000.473364,10.10.0.10,173.194.188.105,,,45734,443,0,37,17
1588617000.4796348,173.194.188.105,10.10.0.10,,,443,45734,0,1358,17
1588617000.487978,173.194.188.105,10.10.0.10,,,443,45734,0,1358,17
1588617000.489758,10.10.0.10,173.194.188.105,,,45734,443,0,37,17
1588617000.4963162,173.194.188.105,10.10.0.10,,,443,45734,0,1358,17
1588617000.504659,173.194.188.105,10.10.0.10,,,443,45734,0,1358,17
1588617000.5064838,10.10.0.10,173.194.188.105,,,45734,443,0,37,17
1588617000.5129998,173.194.188.105,10.10.0.10,,,443,45734,0,1358,17
1588617000.5213392,173.194.188.105,10.10.0.10,,,443,45734,0,1358,17
1588617000.523042,10.10.0.10,173.194.188.105,,,45734,443,0,37,17
1588617000.529685,173.194.188.105,10.10.0.10,,,443,45734,0,1358,17
1588617000.538022,173.194.188.105,10.10.0.10,,,443,45734,0,1358,17
1588617000.539752,10.10.0.10,173.194.188.105,,,45734,443,0,37,17
1588617000.546365,173.194.188.105,10.10.0.10,,,443,45734,0,1358,17
1588617000.5547092,173.194.188.105,10.10.0.10,,,443,45734,0,1358,17
1588617000.557029,10.10.0.10,173.194.188.105,,,45734,443,0,37,17
1588617000.5630472,173.194.188.105,10.10.0.10,,,443,45734,0,1358,17
1588617000.571392,173.194.188.105,10.10.0.10,,,443,45734,0,1358,17
1588617000.5732358,10.10.0.10,173.194.188.105,,,45734,443,0,37,17
1588617000.5796778,173.194.188.105,10.10.0.10,,,443,45734,0,1358,17
1588617000.588008,173.194.188.105,10.10.0.10,,,443,45734,0,1358,17
1588617000.589783,10.10.0.10,173.194.188.105,,,45734,443,0,37,17
1588617000.5963972,173.194.188.105,10.10.0.10,,,443,45734,0,1358,17
1588617000.604698,173.194.188.105,10.10.0.10,,,443,45734,0,1358,17
1588617000.6065722,10.10.0.10,173.194.188.105,,,45734,443,0,37,17
1588617000.6130528,173.194.188.105,10.10.0.10,,,443,45734,0,1358,17
1588617000.6214292,173.194.188.105,10.10.0.10,,,443,45734,0,1358,17
1588617000.6231878,10.10.0.10,173.194.188.105,,,45734,443,0,37,17
1588617000.6297472,173.194.188.105,10.10.0.10,,,443,45734,0,1358,17
1588617000.638056,173.194.188.105,10.10.0.10,,,443,45734,0,1358,17
1588617000.6401124,10.10.0.10,173.194.188.105,,,45734,443,0,37,17
1588617000.646394,173.194.188.105,10.10.0.10,,,443,45734,0,1358,17
1588617000.654801,173.194.188.105,10.10.0.10,,,443,45734,0,1358,17
1588617000.659327,10.10.0.10,173.194.188.105,,,45734,443,0,50,17
1588617000.6631439,173.194.188.105,10.10.0.10,,,443,45734,0,1358,17
1588617000.6714852,173.194.188.105,10.10.0.10,,,443,45734,0,1358,17
1588617000.67329,10.10.0.10,173.194.188.105,,,45734,443,0,37,17
1588617000.679769,173.194.188.105,10.10.0.10,,,443,45734,0,1358,17
1588617000.688157,173.194.188.105,10.10.0.10,,,443,45734,0,1358,17
1588617000.689827,10.10.0.10,173.194.188.105,,,45734,443,0,37,17
1588617000.6964748,173.194.188.105,10.10.0.10,,,443,45734,0,1358,17
1588617000.704839,173.194.188.105,10.10.0.10,,,443,45734,0,1358,17
1588617000.706667,10.10.0.10,173.194.188.105,,,45734,443,0,37,17
1588617000.7131279,173.194.188.105,10.10.0.10,,,443,45734,0,1358,17
1588617000.7214801,173.194.188.105,10.10.0.10,,,443,45734,0,1358,17
1588617000.723088,10.10.0.10,173.194.188.105,,,45734,443,0,37,17
1588617000.7298179,173.194.188.105,10.10.0.10,,,443,45734,0,1358,17
1588617000.738179,173.194.188.105,10.10.0.10,,,443,45734,0,1358,17
1588617000.7398698,10.10.0.10,173.194.188.105,,,45734,443,0,37,17
1588617000.74655,173.194.188.105,10.10.0.10,,,443,45734,0,1358,17
1588617000.754893,173.194.188.105,10.10.0.10,,,443,45734,0,1358,17
1588617000.756729,10.10.0.10,173.194.188.105,,,45734,443,0,37,17
1588617000.763233,173.194.188.105,10.10.0.10,,,443,45734,0,1358,17
1588617000.771575,173.194.188.105,10.10.0.10,,,443,45734,0,1358,17
1588617000.773335,10.10.0.10,173.194.188.105,,,45734,443,0,37,17
1588617000.779917,173.194.188.105,10.10.0.10,,,443,45734,0,1358,17
1588617000.7882614,173.194.188.105,10.10.0.10,,,443,45734,0,1358,17
1588617000.789941,10.10.0.10,173.194.188.105,,,45734,443,0,37,17
1588617000.7966,173.194.188.105,10.10.0.10,,,443,45734,0,1358,17
1588617000.804943,173.194.188.105,10.10.0.10,,,443,45734,0,1358,17
1588617000.8066866,10.10.0.10,173.194.188.105,,,45734,443,0,37,17
1588617000.813284,173.194.188.105,10.10.0.10,,,443,45734,0,1358,17
1588617000.821626,173.194.188.105,10.10.0.10,,,443,45734,0,1358,17
1588617000.823854,10.10.0.10,173.194.188.105,,,45734,443,0,37,17
1588617000.829969,173.194.188.105,10.10.0.10,,,443,45734,0,1358,17
1588617000.838311,173.194.188.105,10.10.0.10,,,443,45734,0,1358,17
1588617000.8401468,10.10.0.10,173.194.188.105,,,45734,443,0,37,17
1588617000.8466525,173.194.188.105,10.10.0.10,,,443,45734,0,1358,17
1588617000.8549938,173.194.188.105,10.10.0.10,,,443,45734,0,1358,17
1588617000.8633358,173.194.188.105,10.10.0.10,,,443,45734,0,1358,17
1588617000.8716738,173.194.188.105,10.10.0.10,,,443,45734,0,1358,17
1588617000.88002,173.194.188.105,10.10.0.10,,,443,45734,0,1358,17
1588617000.888358,173.194.188.105,10.10.0.10,,,443,45734,0,1358,17
1588617000.896699,173.194.188.105,10.10.0.10,,,443,45734,0,1358,17
1588617000.900295,10.10.0.10,173.194.188.105,,,45734,443,0,37,17
1588617000.9030044,10.10.0.10,173.194.188.105,,,45734,443,0,37,17
1588617000.9032106,10.10.0.10,173.194.188.105,,,45734,443,0,37,17
1588617000.905041,173.194.188.105,10.10.0.10,,,443,45734,0,1358,17
1588617000.906643,10.10.0.10,173.194.188.105,,,45734,443,0,37,17
1588617000.9133642,173.194.188.105,10.10.0.10,,,443,45734,0,1358,17
1588617000.9217026,173.194.188.105,10.10.0.10,,,443,45734,0,1358,17
1588617000.923585,10.10.0.10,173.194.188.105,,,45734,443,0,37,17
1588617000.930066,173.194.188.105,10.10.0.10,,,443,45734,0,1358,17
1588617000.9384098,173.194.188.105,10.10.0.10,,,443,45734,0,1358,17
1588617000.9401462,10.10.0.10,173.194.188.105,,,45734,443,0,37,17
1588617000.946753,173.194.188.105,10.10.0.10,,,443,45734,0,1358,17
1588617000.9550908,173.194.188.105,10.10.0.10,,,443,45734,0,1358,17
1588617000.963436,173.194.188.105,10.10.0.10,,,443,45734,0,1358,17
1588617000.971734,173.194.188.105,10.10.0.10,,,443,45734,0,1358,17
1588617000.980119,173.194.188.105,10.10.0.10,,,443,45734,0,1358,17
1588617000.9853961,10.10.0.10,173.194.188.105,,,45734,443,0,37,17
1588617000.988458,173.194.188.105,10.10.0.10,,,443,45734,0,1358,17
1588617000.9920301,10.10.0.10,173.194.188.105,,,45734,443,0,37,17
1588617000.9920619,10.10.0.10,173.194.188.105,,,45734,443,0,50,17
1588617000.9967752,173.194.188.105,10.10.0.10,,,443,45734,0,1358,17
1588617001.005143,173.194.188.105,10.10.0.10,,,443,45734,0,1358,17
1588617001.006792,10.10.0.10,173.194.188.105,,,45734,443,0,37,17
1588617001.013482,173.194.188.105,10.10.0.10,,,443,45734,0,1358,17
1588617001.021831,173.194.188.105,10.10.0.10,,,443,45734,0,1358,17
1588617001.0234542,10.10.0.10,173.194.188.105,,,45734,443,0,37,17
1588617001.0301652,173.194.188.105,10.10.0.10,,,443,45734,0,1358,17
1588617001.0385091,173.194.188.105,10.10.0.10,,,443,45734,0,1358,17
1588617001.040185,10.10.0.10,173.194.188.105,,,45734,443,0,37,17
1588617001.04685,173.194.188.105,10.10.0.10,,,443,45734,0,1358,17
1588617001.055184,173.194.188.105,10.10.0.10,,,443,45734,0,1358,17
1588617001.05681,10.10.0.10,173.194.188.105,,,45734,443,0,37,17
1588617001.063533,173.194.188.105,10.10.0.10,,,443,45734,0,1358,17
1588617001.071842,173.194.188.105,10.10.0.10,,,443,45734,0,1358,17
1588617001.073562,10.10.0.10,173.194.188.105,,,45734,443,0,37,17
1588617001.080214,173.194.188.105,10.10.0.10,,,443,45734,0,1358,17
1588617001.088527,173.194.188.105,10.10.0.10,,,443,45734,0,1358,17
1588617001.090382,10.10.0.10,173.194.188.105,,,45734,443,0,37,17
1588617001.0968974,173.194.188.105,10.10.0.10,,,443,45734,0,1358,17
1588617001.105242,173.194.188.105,10.10.0.10,,,443,45734,0,1358,17
1588617001.1070411,10.10.0.10,173.194.188.105,,,45734,443,0,37,17
1588617001.1135812,173.194.188.105,10.10.0.10,,,443,45734,0,1358,17
1588617001.1218758,173.194.188.105,10.10.0.10,,,443,45734,0,1358,17
1588617001.125466,10.10.0.10,173.194.188.105,,,45734,443,0,37,17
1588617001.1302712,173.194.188.105,10.10.0.10,,,443,45734,0,1358,17
1588617001.1386118,173.194.188.105,10.10.0.10,,,443,45734,0,1358,17
1588617001.1405342,10.10.0.10,173.194.188.105,,,45734,443,0,37,17
1588617001.146959,173.194.188.105,10.10.0.10,,,443,45734,0,1358,17
1588617001.155296,173.194.188.105,10.10.0.10,,,443,45734,0,1358,17
1588617001.157114,10.10.0.10,173.194.188.105,,,45734,443,0,37,17
1588617001.1636374,173.194.188.105,10.10.0.10,,,443,45734,0,1358,17
1588617001.1719544,173.194.188.105,10.10.0.10,,,443,45734,0,1358,17
1588617001.174047,10.10.0.10,173.194.188.105,,,45734,443,0,37,17
1588617001.1803179,173.194.188.105,10.10.0.10,,,443,45734,0,1358,17
1588617001.18864,173.194.188.105,10.10.0.10,,,443,45734,0,1358,17
1588617001.1910772,10.10.0.10,173.194.188.105,,,45734,443,0,734,17
1588617001.1917539,10.10.0.10,173.194.188.105,,,45734,443,0,55,17
1588617001.196959,173.194.188.105,10.10.0.10,,,443,45734,0,1358,17
1588617001.205346,173.194.188.105,10.10.0.10,,,443,45734,0,1358,17
1588617001.2069259,10.10.0.10,173.194.188.105,,,45734,443,0,37,17
1588617001.213685,173.194.188.105,10.10.0.10,,,443,45734,0,1358,17
1588617001.2219632,173.194.188.105,10.10.0.10,,,443,45734,0,1358,17
1588617001.223783,10.10.0.10,173.194.188.105,,,45734,443,0,37,17
1588617001.2303689,173.194.188.105,10.10.0.10,,,443,45734,0,1358,17
1588617001.2387106,173.194.188.105,10.10.0.10,,,443,45734,0,1358,17
1588617001.2406132,10.10.0.10,173.194.188.105,,,45734,443,0,37,17
1588617001.2470536,173.194.188.105,10.10.0.10,,,443,45734,0,1358,17
1588617001.255329,173.194.188.105,10.10.0.10,,,443,45734,0,1358,17
1588617001.257408,10.10.0.10,173.194.188.105,,,45734,443,0,37,17
1588617001.263735,173.194.188.105,10.10.0.10,,,443,45734,0,1358,17
1588617001.2720768,173.194.188.105,10.10.0.10,,,443,45734,0,1358,17
1588617001.273884,10.10.0.10,173.194.188.105,,,45734,443,0,37,17
1588617001.2804186,173.194.188.105,10.10.0.10,,,443,45734,0,29,17
1588617001.280758,173.194.188.105,10.10.0.10,,,443,45734,0,1358,17
1588617001.2891376,173.194.188.105,10.10.0.10,,,443,45734,0,1358,17
1588617001.2910721,10.10.0.10,173.194.188.105,,,45734,443,0,37,17
1588617001.2974784,173.194.188.105,10.10.0.10,,,443,45734,0,1358,17
1588617001.3058202,173.194.188.105,10.10.0.10,,,443,45734,0,1358,17
1588617001.307949,10.10.0.10,173.194.188.105,,,45734,443,0,37,17
1588617001.3141608,173.194.188.105,10.10.0.10,,,443,45734,0,1358,17
1588617001.32245,173.194.188.105,10.10.0.10,,,443,45734,0,1358,17
1588617001.3240461,10.10.0.10,173.194.188.105,,,45734,443,0,37,17
1588617001.330846,173.194.188.105,10.10.0.10,,,443,45734,0,1358,17
1588617001.339187,173.194.188.105,10.10.0.10,,,443,45734,0,1358,17
1588617001.341009,10.10.0.10,173.194.188.105,,,45734,443,0,37,17
1588617001.347529,173.194.188.105,10.10.0.10,,,443,45734,0,1358,17
1588617001.3558748,173.194.188.105,10.10.0.10,,,443,45734,0,1358,17
1588617001.3575964,10.10.0.10,173.194.188.105,,,45734,443,0,37,17
1588617001.3642142,173.194.188.105,10.10.0.10,,,443,45734,0,1358,17
1588617001.3725288,173.194.188.105,10.10.0.10,,,443,45734,0,1358,17
1588617001.3752818,10.10.0.10,173.194.188.105,,,45734,443,0,37,17
1588617001.380897,173.194.188.105,10.10.0.10,,,443,45734,0,1358,17
1588617001.3892374,173.194.188.105,10.10.0.10,,,443,45734,0,1358,17
1588617001.3918939,10.10.0.10,173.194.188.105,,,45734,443,0,37,17
1588617001.397579,173.194.188.105,10.10.0.10,,,443,45734,0,1358,17
1588617001.405925,173.194.188.105,10.10.0.10,,,443,45734,0,1358,17
1588617001.407849,10.10.0.10,173.194.188.105,,,45734,443,0,37,17
1588617001.414241,173.194.188.105,10.10.0.10,,,443,45734,0,1358,17
1588617001.422617,173.194.188.105,10.10.0.10,,,443,45734,0,1358,17
1588617001.4248748,10.10.0.10,173.194.188.105,,,45734,443,0,37,17
1588617001.4309502,173.194.188.105,10.10.0.10,,,443,45734,0,1358,17
1588617001.4392922,173.194.188.105,10.10.0.10,,,443,45734,0,1358,17
1588617001.4411619,10.10.0.10,173.194.188.105,,,45734,443,0,37,17
1588617001.447635,173.194.188.105,10.10.0.10,,,443,45734,0,1358,17
1588617001.455953,173.194.188.105,10.10.0.10,,,443,45734,0,1358,17
1588617001.4576461,10.10.0.10,173.194.188.105,,,45734,443,0,37,17
1588617001.464319,173.194.188.105,10.10.0.10,,,443,45734,0,1358,17
1588617001.4726598,173.194.188.105,10.10.0.10,,,443,45734,0,1358,17
1588617001.474792,10.10.0.10,173.194.188.105,,,45734,443,0,37,17
1588617001.4809608,173.194.188.105,10.10.0.10,,,443,45734,0,1358,17
1588617001.489341,173.194.188.105,10.10.0.10,,,443,45734,0,1358,17
1588617001.491145,10.10.0.10,173.194.188.105,,,45734,443,0,37,17
1588617001.4976828,173.194.188.105,10.10.0.10,,,443,45734,0,1358,17
1588617001.506006,173.194.188.105,10.10.0.10,,,443,45734,0,1358,17
1588617001.507686,10.10.0.10,173.194.188.105,,,45734,443,0,37,17
1588617001.515362,173.194.188.105,10.10.0.10,,,443,45734,0,1358,17
1588617001.5236769,173.194.188.105,10.10.0.10,,,443,45734,0,1358,17
1588617001.5253158,10.10.0.10,173.194.188.105,,,45734,443,0,50,17
1588617001.531976,173.194.188.105,10.10.0.10,,,443,45734,0,1358,17
1588617001.540386,173.194.188.105,10.10.0.10,,,443,45734,0,1358,17
1588617001.5421011,10.10.0.10,173.194.188.105,,,45734,443,0,37,17
1588617001.5487099,173.194.188.105,10.10.0.10,,,443,45734,0,1358,17
1588617001.557042,173.194.188.105,10.10.0.10,,,443,45734,0,1358,17
1588617001.5588748,10.10.0.10,173.194.188.105,,,45734,443,0,37,17
1588617001.5654118,173.194.188.105,10.10.0.10,,,443,45734,0,1358,17
1588617001.5737548,173.194.188.105,10.10.0.10,,,443,45734,0,1358,17
1588617001.575582,10.10.0.10,173.194.188.105,,,45734,443,0,37,17
1588617001.582092,173.194.188.105,10.10.0.10,,,443,45734,0,1358,17
1588617001.5904338,173.194.188.105,10.10.0.10,,,443,45734,0,1358,17
1588617001.592376,10.10.0.10,173.194.188.105,,,45734,443,0,37,17
1588617001.598721,173.194.188.105,10.10.0.10,,,443,45734,0,1358,17
1588617001.6070616,173.194.188.105,10.10.0.10,,,443,45734,0,1358,17
1588617001.6088061,10.10.0.10,173.194.188.105,,,45734,443,0,37,17
1588617001.6154268,173.194.188.105,10.10.0.10,,,443,45734,0,29,17
1588617001.615798,173.194.188.105,10.10.0.10,,,443,45734,0,1358,17
1588617001.624186,173.194.188.105,10.10.0.10,,,443,45734,0,1358,17
1588617001.626878,10.10.0.10,173.194.188.105,,,45734,443,0,37,17
1588617001.6324532,173.194.188.105,10.10.0.10,,,443,45734,0,1358,17
1588617001.640825,173.194.188.105,10.10.0.10,,,443,45734,0,1358,17
1588617001.6428268,10.10.0.10,173.194.188.105,,,45734,443,0,37,17
1588617001.64916,173.194.188.105,10.10.0.10,,,443,45734,0,1358,17
1588617001.6575305,173.194.188.105,10.10.0.10,,,443,45734,0,1358,17
1588617001.6592536,10.10.0.10,173.194.188.105,,,45734,443,0,37,17
1588617001.665821,173.194.188.105,10.10.0.10,,,443,45734,0,1358,17
1588617001.6742196,173.194.188.105,10.10.0.10,,,443,45734,0,1358,17
1588617001.6776302,10.10.0.10,173.194.188.105,,,45734,443,0,37,17
1588617001.6825402,173.194.188.105,10.10.0.10,,,443,45734,0,1358,17
1588617001.6909044,173.194.188.105,10.10.0.10,,,443,45734,0,1358,17
1588617001.694159,10.10.0.10,173.194.188.105,,,45734,443,0,37,17
1588617001.6992052,173.194.188.105,10.10.0.10,,,443,45734,0,1358,17
1588617001.707552,173.194.188.105,10.10.0.10,,,443,45734,0,1358,17
1588617001.7093039,10.10.0.10,173.194.188.105,,,45734,443,0,37,17
1588617001.715893,173.194.188.105,10.10.0.10,,,443,45734,0,1358,17
1588617001.7242384,173.194.188.105,10.10.0.10,,,443,45734,0,1358,17
1588617001.726583,10.10.0.10,173.194.188.105,,,45734,443,0,37,17
1588617001.732614,173.194.188.105,10.10.0.10,,,443,45734,0,1358,17
1588617001.740895,173.194.188.105,10.10.0.10,,,443,45734,0,1358,17
1588617001.742528,10.10.0.10,173.194.188.105,,,45734,443,0,37,17
1588617001.7492616,173.194.188.105,10.10.0.10,,,443,45734,0,1358,17
1588617001.75763,173.194.188.105,10.10.0.10,,,443,45734,0,1358,17
1588617001.759324,10.10.0.10,173.194.188.105,,,45734,443,0,37,17
1588617001.7659721,173.194.188.105,10.10.0.10,,,443,45734,0,1358,17
1588617001.7743108,173.194.188.105,10.10.0.10,,,443,45734,0,1358,17
1588617001.77743,10.10.0.10,173.194.188.105,,,45734,443,0,37,17
1588617001.782663,173.194.188.105,10.10.0.10,,,443,45734,0,1358,17
1588617001.791002,173.194.188.105,10.10.0.10,,,443,45734,0,1358,17
1588617001.792565,10.10.0.10,173.194.188.105,,,45734,443,0,37,17
1588617001.7993462,173.194.188.105,10.10.0.10,,,443,45734,0,1358,17
1588617001.807688,173.194.188.105,10.10.0.10,,,443,45734,0,1358,17
1588617001.8093169,10.10.0.10,173.194.188.105,,,45734,443,0,37,17
1588617001.8160279,173.194.188.105,10.10.0.10,,,443,45734,0,1358,17
1588617001.824373,173.194.188.105,10.10.0.10,,,443,45734,0,1358,17
1588617001.826139,10.10.0.10,173.194.188.105,,,45734,443,0,37,17
1588617001.8327134,173.194.188.105,10.10.0.10,,,443,45734,0,1358,17
1588617001.841057,173.194.188.105,10.10.0.10,,,443,45734,0,1358,17
1588617001.843895,10.10.0.10,173.194.188.105,,,45734,443,0,37,17
1588617001.849403,173.194.188.105,10.10.0.10,,,443,45734,0,1358,17
1588617001.857739,173.194.188.105,10.10.0.10,,,443,45734,0,1358,17
1588617001.859767,10.10.0.10,173.194.188.105,,,45734,443,0,50,17
1588617001.866083,173.194.188.105,10.10.0.10,,,443,45734,0,1358,17
1588617001.8744268,173.194.188.105,10.10.0.10,,,443,45734,0,1358,17
1588617001.876369,10.10.0.10,173.194.188.105,,,45734,443,0,37,17
1588617001.882765,173.194.188.105,10.10.0.10,,,443,45734,0,1358,17
1588617001.8911068,173.194.188.105,10.10.0.10,,,443,45734,0,1358,17
1588617001.893321,10.10.0.10,173.194.188.105,,,45734,443,0,37,17
1588617001.8994482,173.194.188.105,10.10.0.10,,,443,45734,0,1358,17
1588617001.907794,173.194.188.105,10.10.0.10,,,443,45734,0,1358,17
1588617001.909992,10.10.0.10,173.194.188.105,,,45734,443,0,37,17
1588617001.9160821,173.194.188.105,10.10.0.10,,,443,45734,0,1358,17
1588617001.924472,173.194.188.105,10.10.0.10,,,443,45734,0,1358,17
1588617001.926744,10.10.0.10,173.194.188.105,,,45734,443,0,37,17
1588617001.932817,173.194.188.105,10.10.0.10,,,443,45734,0,1358,17
1588617001.9411552,173.194.188.105,10.10.0.10,,,443,45734,0,1358,17
1588617001.9427626,10.10.0.10,173.194.188.105,,,45734,443,0,37,17
1588617001.9495,173.194.188.105,10.10.0.10,,,443,45734,0,29,17
1588617001.9498365,173.194.188.105,10.10.0.10,,,443,45734,0,1358,17
1588617001.958217,173.194.188.105,10.10.0.10,,,443,45734,0,1358,17
1588617001.9600348,10.10.0.10,173.194.188.105,,,45734,443,0,37,17
1588617001.966569,173.194.188.105,10.10.0.10,,,443,45734,0,1358,17
1588617001.9749026,173.194.188.105,10.10.0.10,,,443,45734,0,1358,17
1588617001.976553,10.10.0.10,173.194.188.105,,,45734,443,0,37,17
1588617001.9832444,173.194.188.105,10.10.0.10,,,443,45734,0,1358,17
1588617001.991584,173.194.188.105,10.10.0.10,,,443,45734,0,1358,17
1588617001.9935148,10.10.0.10,173.194.188.105,,,45734,443,0,37,17
1588617001.9999251,173.194.188.105,10.10.0.10,,,443,45734,0,1358,17
1588617002.0082688,173.194.188.105,10.10.0.10,,,443,45734,0,1358,17
1588617002.010366,10.10.0.10,173.194.188.105,,,45734,443,0,37,17
1588617002.0166118,173.194.188.105,10.10.0.10,,,443,45734,0,1358,17
1588617002.0249536,173.194.188.105,10.10.0.10,,,443,45734,0,1358,17
1588617002.0269196,10.10.0.10,173.194.188.105,,,45734,443,0,37,17
1588617002.033298,173.194.188.105,10.10.0.10,,,443,45734,0,1358,17
1588617002.041639,173.194.188.105,10.10.0.10,,,443,45734,0,1358,17
1588617002.0435214,10.10.0.10,173.194.188.105,,,45734,443,0,37,17
1588617002.049983,173.194.188.105,10.10.0.10,,,443,45734,0,1358,17
1588617002.058328,173.194.188.105,10.10.0.10,,,443,45734,0,1358,17
1588617002.06,10.10.0.10,173.194.188.105,,,45734,443,0,37,17
1588617002.066663,173.194.188.105,10.10.0.10,,,443,45734,0,1358,17
1588617002.0750039,173.194.188.105,10.10.0.10,,,443,45734,0,1358,17
1588617002.076709,10.10.0.10,173.194.188.105,,,45734,443,0,37,17
1588617002.0833464,173.194.188.105,10.10.0.10,,,443,45734,0,1358,17
1588617002.09167,173.194.188.105,10.10.0.10,,,443,45734,0,1358,17
1588617002.093354,10.10.0.10,173.194.188.105,,,45734,443,0,37,17
1588617002.1000311,173.194.188.105,10.10.0.10,,,443,45734,0,1358,17
1588617002.1083732,173.194.188.105,10.10.0.10,,,443,45734,0,1358,17
1588617002.116715,173.194.188.105,10.10.0.10,,,443,45734,0,1358,17
1588617002.125054,173.194.188.105,10.10.0.10,,,443,45734,0,1358,17
1588617002.133399,173.194.188.105,10.10.0.10,,,443,45734,0,1358,17
1588617002.141741,173.194.188.105,10.10.0.10,,,443,45734,0,1358,17
1588617002.1500828,173.194.188.105,10.10.0.10,,,443,45734,0,1358,17
1588617002.1584241,173.194.188.105,10.10.0.10,,,443,45734,0,1358,17
1588617002.1667652,173.194.188.105,10.10.0.10,,,443,45734,0,1358,17
1588617002.1751044,173.194.188.105,10.10.0.10,,,443,45734,0,1358,17
1588617002.183449,173.194.188.105,10.10.0.10,,,443,45734,0,1358,17
1588617002.1917892,173.194.188.105,10.10.0.10,,,443,45734,0,1358,17
1588617002.225801,10.10.0.10,173.194.188.105,,,45734,443,0,37,17
1588617002.2258508,10.10.0.10,173.194.188.105,,,45734,443,0,37,17
1588617002.2279892,10.10.0.10,173.194.188.105,,,45734,443,0,37,17
1588617002.2289972,10.10.0.10,173.194.188.105,,,45734,443,0,37,17
1588617002.2295878,173.194.188.105,10.10.0.10,,,443,45734,0,1358,17
1588617002.2297552,10.10.0.10,173.194.188.105,,,45734,443,0,37,17
1588617002.23121,10.10.0.10,173.194.188.105,,,45734,443,0,50,17
1588617002.2362616,173.194.188.105,10.10.0.10,,,443,45734,0,29,17
1588617002.2409608,173.194.188.105,10.10.0.10,,,443,45734,0,1358,17
1588617002.24101,173.194.188.105,10.10.0.10,,,443,45734,0,1358,17
1588617002.257271,10.10.0.10,173.194.188.105,,,45734,443,0,37,17
1588617002.2579572,173.194.188.105,10.10.0.10,,,443,45734,0,1358,17
1588617002.258008,173.194.188.105,10.10.0.10,,,443,45734,0,1358,17
1588617002.2722552,10.10.0.10,173.194.188.105,,,45734,443,0,37,17
1588617002.274385,173.194.188.105,10.10.0.10,,,443,45734,0,1358,17
1588617002.274434,173.194.188.105,10.10.0.10,,,443,45734,0,1358,17
1588617002.2762258,10.10.0.10,173.194.188.105,,,45734,443,0,37,17
1588617002.291162,173.194.188.105,10.10.0.10,,,443,45734,0,1358,17
1588617002.2912116,173.194.188.105,10.10.0.10,,,443,45734,0,1358,17
1588617002.292959,10.10.0.10,173.194.188.105,,,45734,443,0,37,17
1588617002.3072698,173.194.188.105,10.10.0.10,,,443,45734,0,1358,17
1588617002.3073199,173.194.188.105,10.10.0.10,,,443,45734,0,1358,17
1588617002.308999,10.10.0.10,173.194.188.105,,,45734,443,0,37,17
1588617002.3219645,173.194.188.105,10.10.0.10,,,443,45734,0,1358,17
1588617002.323522,173.194.188.105,10.10.0.10,,,443,45734,0,1358,17
1588617002.3244472,10.10.0.10,173.194.188.105,,,45734,443,0,37,17
1588617002.3357158,173.194.188.105,10.10.0.10,,,443,45734,0,1358,17
1588617002.337393,10.10.0.10,173.194.188.105,,,45734,443,0,37,17
1588617002.3402052,173.194.188.105,10.10.0.10,,,443,45734,0,1358,17
1588617002.350267,173.194.188.105,10.10.0.10,,,443,45734,0,1358,17
1588617002.352025,10.10.0.10,173.194.188.105,,,45734,443,0,37,17
1588617002.356891,173.194.188.105,10.10.0.10,,,443,45734,0,1358,17
1588617002.365234,173.194.188.105,10.10.0.10,,,443,45734,0,1358,17
1588617002.366889,10.10.0.10,173.194.188.105,,,45734,443,0,37,17
1588617002.373573,173.194.188.105,10.10.0.10,,,443,45734,0,1358,17
1588617002.381882,173.194.188.105,10.10.0.10,,,443,45734,0,1358,17
1588617002.383518,10.10.0.10,173.194.188.105,,,45734,443,0,37,17
1588617002.390255,173.194.188.105,10.10.0.10,,,443,45734,0,1358,17
1588617002.3985412,173.194.188.105,10.10.0.10,,,443,45734,0,1358,17
1588617002.4069386,173.194.188.105,10.10.0.10,,,443,45734,0,1358,17
1588617002.409703,10.10.0.10,173.194.188.105,,,45734,443,0,37,17
1588617002.415211,173.194.188.105,10.10.0.10,,,443,45734,0,1358,17
1588617002.41676,10.10.0.10,173.194.188.105,,,45734,443,0,37,17
1588617002.423577,173.194.188.105,10.10.0.10,,,443,45734,0,1358,17
1588617002.429486,173.194.188.105,10.10.0.10,,,443,45734,0,1358,17
1588617002.4322894,10.10.0.10,173.194.188.105,,,45734,443,0,37,17
1588617002.4353304,173.194.188.105,10.10.0.10,,,443,45734,0,1358,17
1588617002.441255,173.194.188.105,10.10.0.10,,,443,45734,0,1358,17
1588617002.442935,10.10.0.10,173.194.188.105,,,45734,443,0,37,17
1588617002.4471722,173.194.188.105,10.10.0.10,,,443,45734,0,1358,17
1588617002.4530606,173.194.188.105,10.10.0.10,,,443,45734,0,1358,17
1588617002.454956,10.10.0.10,173.194.188.105,,,45734,443,0,37,17
1588617002.458951,173.194.188.105,10.10.0.10,,,443,45734,0,1358,17
1588617002.46484,173.194.188.105,10.10.0.10,,,443,45734,0,1358,17
1588617002.466496,10.10.0.10,173.194.188.105,,,45734,443,0,37,17
1588617002.470725,173.194.188.105,10.10.0.10,,,443,45734,0,1358,17
1588617002.4766214,173.194.188.105,10.10.0.10,,,443,45734,0,1358,17
1588617002.4784489,10.10.0.10,173.194.188.105,,,45734,443,0,37,17
1588617002.482503,173.194.188.105,10.10.0.10,,,443,45734,0,1358,17
1588617002.488395,173.194.188.105,10.10.0.10,,,443,45734,0,1358,17
1588617002.490387,10.10.0.10,173.194.188.105,,,45734,443,0,37,17
1588617002.494281,173.194.188.105,10.10.0.10,,,443,45734,0,1358,17
1588617002.500176,173.194.188.105,10.10.0.10,,,443,45734,0,1358,17
1588617002.506062,173.194.188.105,10.10.0.10,,,443,45734,0,1358,17
1588617002.51192,173.194.188.105,10.10.0.10,,,443,45734,0,1358,17
1588617002.5178435,173.194.188.105,10.10.0.10,,,443,45734,0,1358,17
1588617002.523679,173.194.188.105,10.10.0.10,,,443,45734,0,1358,17
1588617002.5295632,173.194.188.105,10.10.0.10,,,443,45734,0,1358,17
1588617002.535433,173.194.188.105,10.10.0.10,,,443,45734,0,1358,17
1588617002.5413814,173.194.188.105,10.10.0.10,,,443,45734,0,1358,17
1588617002.5426452,10.10.0.10,173.194.188.105,,,45734,443,0,37,17
1588617002.5445511,10.10.0.10,173.194.188.105,,,45734,443,0,50,17
1588617002.5455382,10.10.0.10,173.194.188.105,,,45734,443,0,37,17
1588617002.5467398,10.10.0.10,173.194.188.105,,,45734,443,0,37,17
1588617002.547242,173.194.188.105,10.10.0.10,,,443,45734,0,1358,17
1588617002.549883,10.10.0.10,173.194.188.105,,,45734,443,0,37,17
1588617002.5531359,173.194.188.105,10.10.0.10,,,443,45734,0,1358,17
1588617002.5589938,173.194.188.105,10.10.0.10,,,443,45734,0,1358,17
1588617002.5607061,10.10.0.10,173.194.188.105,,,45734,443,0,37,17
1588617002.564878,173.194.188.105,10.10.0.10,,,443,45734,0,1358,17
1588617002.570784,173.194.188.105,10.10.0.10,,,443,45734,0,29,17
1588617002.571031,173.194.188.105,10.10.0.10,,,443,45734,0,1358,17
1588617002.5726151,10.10.0.10,173.194.188.105,,,45734,443,0,37,17
1588617002.5769858,173.194.188.105,10.10.0.10,,,443,45734,0,1358,17
1588617002.5828738,173.194.188.105,10.10.0.10,,,443,45734,0,1358,17
1588617002.584597,10.10.0.10,173.194.188.105,,,45734,443,0,37,17
1588617002.5887618,173.194.188.105,10.10.0.10,,,443,45734,0,1358,17
1588617002.594598,173.194.188.105,10.10.0.10,,,443,45734,0,1358,17
1588617002.5962682,10.10.0.10,173.194.188.105,,,45734,443,0,40,17
1588617002.600487,173.194.188.105,10.10.0.10,,,443,45734,0,1358,17
1588617002.604089,10.10.0.10,173.194.188.105,,,45734,443,0,37,17
1588617002.6064348,173.194.188.105,10.10.0.10,,,443,45734,0,1358,17
1588617002.6122944,173.194.188.105,10.10.0.10,,,443,45734,0,1358,17
1588617002.614851,10.10.0.10,173.194.188.105,,,45734,443,0,37,17
1588617002.6182098,173.194.188.105,10.10.0.10,,,443,45734,0,1358,17
1588617002.6240988,173.194.188.105,10.10.0.10,,,443,45734,0,1358,17
1588617002.625658,10.10.0.10,173.194.188.105,,,45734,443,0,37,17
1588617002.629965,173.194.188.105,10.10.0.10,,,443,45734,0,1358,17
1588617002.635823,173.194.188.105,10.10.0.10,,,443,45734,0,1358,17
1588617002.637441,10.10.0.10,173.194.188.105,,,45734,443,0,37,17
1588617002.641776,173.194.188.105,10.10.0.10,,,443,45734,0,1358,17
1588617002.647665,173.194.188.105,10.10.0.10,,,443,45734,0,1358,17
1588617002.6494932,10.10.0.10,173.194.188.105,,,45734,443,0,37,17
1588617002.653554,173.194.188.105,10.10.0.10,,,443,45734,0,1358,17
1588617002.659441,173.194.188.105,10.10.0.10,,,443,45734,0,1358,17
1588617002.661158,10.10.0.10,173.194.188.105,,,45734,443,0,37,17
1588617002.6652696,173.194.188.105,10.10.0.10,,,443,45734,0,1358,17
1588617002.671158,173.194.188.105,10.10.0.10,,,443,45734,0,1358,17
1588617002.672696,10.10.0.10,173.194.188.105,,,45734,443,0,37,17
1588617002.6770818,173.194.188.105,10.10.0.10,,,443,45734,0,1358,17
1588617002.6829982,173.194.188.105,10.10.0.10,,,443,45734,0,1358,17
1588617002.68468,10.10.0.10,173.194.188.105,,,45734,443,0,37,17
1588617002.688849,173.194.188.105,10.10.0.10,,,443,45734,0,1358,17
1588617002.694779,173.194.188.105,10.10.0.10,,,443,45734,0,1358,17
1588617002.697093,10.10.0.10,173.194.188.105,,,45734,443,0,37,17
1588617002.7006302,173.194.188.105,10.10.0.10,,,443,45734,0,1358,17
1588617002.706554,173.194.188.105,10.10.0.10,,,443,45734,0,1358,17
1588617002.709758,10.10.0.10,173.194.188.105,,,45734,443,0,37,17
1588617002.712411,173.194.188.105,10.10.0.10,,,443,45734,0,1358,17
1588617002.7183359,173.194.188.105,10.10.0.10,,,443,45734,0,1358,17
1588617002.7216618,10.10.0.10,173.194.188.105,,,45734,443,0,37,17
1588617002.724228,173.194.188.105,10.10.0.10,,,443,45734,0,1358,17
1588617002.730117,173.194.188.105,10.10.0.10,,,443,45734,0,1358,17
1588617002.731937,10.10.0.10,173.194.188.105,,,45734,443,0,37,17
1588617002.736006,173.194.188.105,10.10.0.10,,,443,45734,0,1358,17
1588617002.7419002,173.194.188.105,10.10.0.10,,,443,45734,0,1358,17
1588617002.7437458,10.10.0.10,173.194.188.105,,,45734,443,0,50,17
1588617002.747745,173.194.188.105,10.10.0.10,,,443,45734,0,1358,17
1588617002.7536762,173.194.188.105,10.10.0.10,,,443,45734,0,1358,17
1588617002.7554202,10.10.0.10,173.194.188.105,,,45734,443,0,37,17
1588617002.759566,173.194.188.105,10.10.0.10,,,443,45734,0,1358,17
1588617002.765455,173.194.188.105,10.10.0.10,,,443,45734,0,1358,17
1588617002.767031,10.10.0.10,173.194.188.105,,,45734,443,0,37,17
1588617002.771343,173.194.188.105,10.10.0.10,,,443,45734,0,1358,17
1588617002.77719,173.194.188.105,10.10.0.10,,,443,45734,0,1358,17
1588617002.778949,10.10.0.10,173.194.188.105,,,45734,443,0,37,17
1588617002.783118,173.194.188.105,10.10.0.10,,,443,45734,0,1358,17
1588617002.7890089,173.194.188.105,10.10.0.10,,,443,45734,0,1358,17
1588617002.790815,10.10.0.10,173.194.188.105,,,45734,443,0,37,17
1588617002.7949052,173.194.188.105,10.10.0.10,,,443,45734,0,1358,17
1588617002.800787,173.194.188.105,10.10.0.10,,,443,45734,0,1358,17
1588617002.8026938,10.10.0.10,173.194.188.105,,,45734,443,0,37,17
1588617002.8066778,173.194.188.105,10.10.0.10,,,443,45734,0,1358,17
1588617002.8125632,173.194.188.105,10.10.0.10,,,443,45734,0,1358,17
1588617002.814229,10.10.0.10,173.194.188.105,,,45734,443,0,37,17
1588617002.818419,173.194.188.105,10.10.0.10,,,443,45734,0,29,17
1588617002.818666,173.194.188.105,10.10.0.10,,,443,45734,0,1358,17
1588617002.8246062,173.194.188.105,10.10.0.10,,,443,45734,0,1358,17
1588617002.826833,10.10.0.10,173.194.188.105,,,45734,443,0,37,17
1588617002.8304946,173.194.188.105,10.10.0.10,,,443,45734,0,1358,17
1588617002.836388,173.194.188.105,10.10.0.10,,,443,45734,0,1358,17
1588617002.8386018,10.10.0.10,173.194.188.105,,,45734,443,0,37,17
1588617002.842273,173.194.188.105,10.10.0.10,,,443,45734,0,1358,17
1588617002.8481634,173.194.188.105,10.10.0.10,,,443,45734,0,1358,17
1588617002.849941,10.10.0.10,173.194.188.105,,,45734,443,0,37,17
1588617002.8540552,173.194.188.105,10.10.0.10,,,443,45734,0,1358,17
1588617002.8599439,173.194.188.105,10.10.0.10,,,443,45734,0,1358,17
1588617002.8620892,10.10.0.10,173.194.188.105,,,45734,443,0,37,17
1588617002.865833,173.194.188.105,10.10.0.10,,,443,45734,0,1358,17
1588617002.8716948,173.194.188.105,10.10.0.10,,,443,45734,0,1358,17
1588617002.8740802,10.10.0.10,173.194.188.105,,,45734,443,0,37,17
1588617002.8776052,173.194.188.105,10.10.0.10,,,443,45734,0,1358,17
1588617002.883497,173.194.188.105,10.10.0.10,,,443,45734,0,1358,17
1588617002.885247,10.10.0.10,173.194.188.105,,,45734,443,0,37,17
1588617002.889385,173.194.188.105,10.10.0.10,,,443,45734,0,1358,17
1588617002.8952231,173.194.188.105,10.10.0.10,,,443,45734,0,1358,17
1588617002.8968108,10.10.0.10,173.194.188.105,,,45734,443,0,37,17
1588617002.901164,173.194.188.105,10.10.0.10,,,443,45734,0,1358,17
1588617002.9070525,173.194.188.105,10.10.0.10,,,443,45734,0,1358,17
1588617002.910728,10.10.0.10,173.194.188.105,,,45734,443,0,37,17
1588617002.9129438,173.194.188.105,10.10.0.10,,,443,45734,0,1358,17
1588617002.918769,173.194.188.105,10.10.0.10,,,443,45734,0,1358,17
1588617002.9203322,10.10.0.10,173.194.188.105,,,45734,443,0,37,17
1588617002.924709,173.194.188.105,10.10.0.10,,,443,45734,0,1358,17
1588617002.930599,173.194.188.105,10.10.0.10,,,443,45734,0,1358,17
1588617002.932267,10.10.0.10,173.194.188.105,,,45734,443,0,37,17
1588617002.936487,173.194.188.105,10.10.0.10,,,443,45734,0,1358,17
1588617002.9423778,173.194.188.105,10.10.0.10,,,443,45734,0,1358,17
1588617002.9446151,10.10.0.10,173.194.188.105,,,45734,443,0,37,17
1588617002.948266,173.194.188.105,10.10.0.10,,,443,45734,0,1358,17
1588617002.954158,173.194.188.105,10.10.0.10,,,443,45734,0,1358,17
1588617002.95585,10.10.0.10,173.194.188.105,,,45734,443,0,37,17
1588617002.960047,173.194.188.105,10.10.0.10,,,443,45734,0,1358,17
1588617002.965935,173.194.188.105,10.10.0.10,,,443,45734,0,1358,17
1588617002.967928,10.10.0.10,173.194.188.105,,,45734,443,0,37,17
1588617002.971825,173.194.188.105,10.10.0.10,,,443,45734,0,1358,17
1588617002.9777136,173.194.188.105,10.10.0.10,,,443,45734,0,1358,17
1588617002.9793448,10.10.0.10,173.194.188.105,,,45734,443,0,50,17
1588617002.9836028,173.194.188.105,10.10.0.10,,,443,45734,0,1358,17
1588617002.989489,173.194.188.105,10.10.0.10,,,443,45734,0,1358,17
1588617002.9914489,10.10.0.10,173.194.188.105,,,45734,443,0,37,17
1588617002.9953609,173.194.188.105,10.10.0.10,,,443,45734,0,1358,17
1588617003.001267,173.194.188.105,10.10.0.10,,,443,45734,0,1358,17
1588617003.00299,10.10.0.10,173.194.188.105,,,45734,443,0,37,17
1588617003.007159,173.194.188.105,10.10.0.10,,,443,45734,0,1358,17
1588617003.013047,173.194.188.105,10.10.0.10,,,443,45734,0,1358,17
1588617003.015208,10.10.0.10,173.194.188.105,,,45734,443,0,37,17
1588617003.0188901,173.194.188.105,10.10.0.10,,,443,45734,0,1358,17
1588617003.024823,173.194.188.105,10.10.0.10,,,443,45734,0,1358,17
1588617003.0266595,10.10.0.10,173.194.188.105,,,45734,443,0,37,17
1588617003.03071,173.194.188.105,10.10.0.10,,,443,45734,0,1358,17
1588617003.0366054,173.194.188.105,10.10.0.10,,,443,45734,0,1358,17
1588617003.0382428,10.10.0.10,173.194.188.105,,,45734,443,0,37,17
1588617003.0424922,173.194.188.105,10.10.0.10,,,443,45734,0,1358,17
1588617003.048381,173.194.188.105,10.10.0.10,,,443,45734,0,1358,17
1588617003.0499642,10.10.0.10,173.194.188.105,,,45734,443,0,37,17
1588617003.054215,173.194.188.105,10.10.0.10,,,443,45734,0,1358,17
1588617003.0601554,173.194.188.105,10.10.0.10,,,443,45734,0,1358,17
1588617003.06172,10.10.0.10,173.194.188.105,,,45734,443,0,37,17
1588617003.0660179,173.194.188.105,10.10.0.10,,,443,45734,0,1358,17
1588617003.071904,173.194.188.105,10.10.0.10,,,443,45734,0,1358,17
1588617003.077825,173.194.188.105,10.10.0.10,,,443,45734,0,1358,17
1588617003.083714,173.194.188.105,10.10.0.10,,,443,45734,0,1358,17
1588617003.089604,173.194.188.105,10.10.0.10,,,443,45734,0,1358,17
1588617003.095492,173.194.188.105,10.10.0.10,,,443,45734,0,1358,17
1588617003.101382,173.194.188.105,10.10.0.10,,,443,45734,0,1358,17
1588617003.1072712,173.194.188.105,10.10.0.10,,,443,45734,0,1358,17
1588617003.113159,173.194.188.105,10.10.0.10,,,443,45734,0,1358,17
1588617003.1190438,173.194.188.105,10.10.0.10,,,443,45734,0,1358,17
1588617003.1249342,173.194.188.105,10.10.0.10,,,443,45734,0,1358,17
1588617003.130828,173.194.188.105,10.10.0.10,,,443,45734,0,1358,17
1588617003.1367161,173.194.188.105,10.10.0.10,,,443,45734,0,1358,17
1588617003.1425982,173.194.188.105,10.10.0.10,,,443,45734,0,1358,17
1588617003.155601,10.10.0.10,173.194.188.105,,,45734,443,0,37,17
1588617003.1574292,10.10.0.10,173.194.188.105,,,45734,443,0,37,17
1588617003.160016,173.194.188.105,10.10.0.10,,,443,45734,0,1358,17
1588617003.162407,173.194.188.105,10.10.0.10,,,443,45734,0,1358,17
1588617003.162889,10.10.0.10,173.194.188.105,,,45734,443,0,37,17
1588617003.165068,173.194.188.105,10.10.0.10,,,443,45734,0,1358,17
1588617003.1652489,10.10.0.10,173.194.188.105,,,45734,443,0,37,17
1588617003.165879,10.10.0.10,173.194.188.105,,,45734,443,0,37,17
1588617003.1673572,10.10.0.10,173.194.188.105,,,45734,443,0,37,17
1588617003.168313,10.10.0.10,173.194.188.105,,,45734,443,0,37,17
1588617003.1693301,10.10.0.10,173.194.188.105,,,45734,443,0,37,17
1588617003.1700108,10.10.0.10,173.194.188.105,,,45734,443,0,37,17
1588617003.1734908,173.194.188.105,10.10.0.10,,,443,45734,0,1358,17
1588617003.176881,173.194.188.105,10.10.0.10,,,443,45734,0,1358,17
1588617003.178643,10.10.0.10,173.194.188.105,,,45734,443,0,37,17
1588617003.183597,173.194.188.105,10.10.0.10,,,443,45734,0,1358,17
1588617003.188658,173.194.188.105,10.10.0.10,,,443,45734,0,1358,17
1588617003.1945472,173.194.188.105,10.10.0.10,,,443,45734,0,1358,17
1588617003.200435,173.194.188.105,10.10.0.10,,,443,45734,0,1358,17
1588617003.206325,173.194.188.105,10.10.0.10,,,443,45734,0,1358,17
1588617003.21221,173.194.188.105,10.10.0.10,,,443,45734,0,1358,17
1588617003.2180989,173.194.188.105,10.10.0.10,,,443,45734,0,1358,17
1588617003.22399,173.194.188.105,10.10.0.10,,,443,45734,0,1358,17
1588617003.22988,173.194.188.105,10.10.0.10,,,443,45734,0,1358,17
1588617003.235769,173.194.188.105,10.10.0.10,,,443,45734,0,1358,17
1588617003.241624,173.194.188.105,10.10.0.10,,,443,45734,0,1358,17
1588617003.247548,173.194.188.105,10.10.0.10,,,443,45734,0,1358,17
1588617003.2534359,173.194.188.105,10.10.0.10,,,443,45734,0,1358,17
1588617003.259324,173.194.188.105,10.10.0.10,,,443,45734,0,1358,17
1588617003.265214,173.194.188.105,10.10.0.10,,,443,45734,0,1358,17
1588617003.2711012,173.194.188.105,10.10.0.10,,,443,45734,0,1358,17
1588617003.276958,173.194.188.105,10.10.0.10,,,443,45734,0,1358,17
1588617003.280408,10.10.0.10,173.194.188.105,,,45734,443,0,37,17
1588617003.28175,10.10.0.10,173.194.188.105,,,45734,443,0,37,17
1588617003.2828784,173.194.188.105,10.10.0.10,,,443,45734,0,1358,17
1588617003.283072,10.10.0.10,173.194.188.105,,,45734,443,0,50,17
1588617003.285022,10.10.0.10,173.194.188.105,,,45734,443,0,37,17
1588617003.285642,10.10.0.10,173.194.188.105,,,45734,443,0,37,17
1588617003.2866259,10.10.0.10,173.194.188.105,,,45734,443,0,37,17
1588617003.2876039,10.10.0.10,173.194.188.105,,,45734,443,0,37,17
1588617003.28863,10.10.0.10,173.194.188.105,,,45734,443,0,37,17
1588617003.2887352,173.194.188.105,10.10.0.10,,,443,45734,0,1358,17
1588617003.289768,10.10.0.10,173.194.188.105,,,45734,443,0,37,17
1588617003.294655,173.194.188.105,10.10.0.10,,,443,45734,0,1358,17
1588617003.2964602,10.10.0.10,173.194.188.105,,,45734,443,0,37,17
1588617003.300544,173.194.188.105,10.10.0.10,,,443,45734,0,1358,17
1588617003.306433,173.194.188.105,10.10.0.10,,,443,45734,0,29,17
1588617003.3066454,173.194.188.105,10.10.0.10,,,443,45734,0,1358,17
1588617003.312526,173.194.188.105,10.10.0.10,,,443,45734,0,1358,17
1588617003.318481,173.194.188.105,10.10.0.10,,,443,45734,0,1358,17
1588617003.324351,173.194.188.105,10.10.0.10,,,443,45734,0,1358,17
1588617003.3302624,173.194.188.105,10.10.0.10,,,443,45734,0,1358,17
1588617003.336145,173.194.188.105,10.10.0.10,,,443,45734,0,1358,17
1588617003.342002,173.194.188.105,10.10.0.10,,,443,45734,0,1358,17
1588617003.3479214,173.194.188.105,10.10.0.10,,,443,45734,0,1358,17
1588617003.35377,173.194.188.105,10.10.0.10,,,443,45734,0,1358,17
1588617003.3596988,173.194.188.105,10.10.0.10,,,443,45734,0,1358,17
1588617003.365593,173.194.188.105,10.10.0.10,,,443,45734,0,1358,17
1588617003.3714821,173.194.188.105,10.10.0.10,,,443,45734,0,1358,17
1588617003.3773699,173.194.188.105,10.10.0.10,,,443,45734,0,1358,17
1588617003.383255,173.194.188.105,10.10.0.10,,,443,45734,0,1358,17
1588617003.389146,173.194.188.105,10.10.0.10,,,443,45734,0,1358,17
1588617003.3950331,173.194.188.105,10.10.0.10,,,443,45734,0,1358,17
1588617003.395317,10.10.0.10,173.194.188.105,,,45734,443,0,37,17
1588617003.400031,10.10.0.10,173.194.188.105,,,45734,443,0,37,17
1588617003.400902,173.194.188.105,10.10.0.10,,,443,45734,0,1358,17
1588617003.4013991,10.10.0.10,173.194.188.105,,,45734,443,0,37,17
1588617003.4036381,10.10.0.10,173.194.188.105,,,45734,443,0,37,17
1588617003.404167,10.10.0.10,173.194.188.105,,,45734,443,0,37,17
1588617003.4059322,10.10.0.10,173.194.188.105,,,45734,443,0,37,17
1588617003.4068122,173.194.188.105,10.10.0.10,,,443,45734,0,1358,17
1588617003.4078612,10.10.0.10,173.194.188.105,,,45734,443,0,37,17
1588617003.4085212,10.10.0.10,173.194.188.105,,,45734,443,0,37,17
1588617003.410053,10.10.0.10,173.194.188.105,,,45734,443,0,37,17
1588617003.4106786,10.10.0.10,173.194.188.105,,,45734,443,0,37,17
1588617003.4127061,173.194.188.105,10.10.0.10,,,443,45734,0,1358,17
1588617003.4185276,173.194.188.105,10.10.0.10,,,443,45734,0,1358,17
1588617003.4201422,10.10.0.10,173.194.188.105,,,45734,443,0,37,17
1588617003.4244778,173.194.188.105,10.10.0.10,,,443,45734,0,1358,17
1588617003.430366,173.194.188.105,10.10.0.10,,,443,45734,0,1358,17
1588617003.4362571,173.194.188.105,10.10.0.10,,,443,45734,0,1358,17
1588617003.4421475,173.194.188.105,10.10.0.10,,,443,45734,0,1358,17
1588617003.4480348,173.194.188.105,10.10.0.10,,,443,45734,0,1358,17
1588617003.4538612,173.194.188.105,10.10.0.10,,,443,45734,0,1358,17
1588617003.459818,173.194.188.105,10.10.0.10,,,443,45734,0,1358,17
1588617003.465704,173.194.188.105,10.10.0.10,,,443,45734,0,1358,17
1588617003.4715939,173.194.188.105,10.10.0.10,,,443,45734,0,1358,17
1588617003.4774828,173.194.188.105,10.10.0.10,,,443,45734,0,1358,17
1588617003.4833698,173.194.188.105,10.10.0.10,,,443,45734,0,1358,17
1588617003.4892616,173.194.188.105,10.10.0.10,,,443,45734,0,1358,17
1588617003.4951491,173.194.188.105,10.10.0.10,,,443,45734,0,1358,17
1588617003.5010376,173.194.188.105,10.10.0.10,,,443,45734,0,1358,17
1588617003.506928,173.194.188.105,10.10.0.10,,,443,45734,0,1358,17
1588617003.512817,173.194.188.105,10.10.0.10,,,443,45734,0,1358,17
1588617003.518661,173.194.188.105,10.10.0.10,,,443,45734,0,1358,17
1588617003.5245402,173.194.188.105,10.10.0.10,,,443,45734,0,1358,17
1588617003.530432,173.194.188.105,10.10.0.10,,,443,45734,0,1358,17
1588617003.536352,173.194.188.105,10.10.0.10,,,443,45734,0,1358,17
1588617003.623008,173.194.188.105,10.10.0.10,,,443,45734,0,1358,17
1588617003.6410918,10.10.0.10,173.194.188.105,,,45734,443,0,37,17
1588617003.6469688,10.10.0.10,173.194.188.105,,,45734,443,0,50,17
1588617003.649197,10.10.0.10,173.194.188.105,,,45734,443,0,37,17
1588617003.650739,10.10.0.10,173.194.188.105,,,45734,443,0,37,17
1588617003.651508,173.194.188.105,10.10.0.10,,,443,45734,0,1358,17
1588617003.6515398,173.194.188.105,10.10.0.10,,,443,45734,0,1358,17
1588617003.6523652,10.10.0.10,173.194.188.105,,,45734,443,0,37,17
1588617003.6533318,10.10.0.10,173.194.188.105,,,45734,443,0,37,17
1588617003.654868,10.10.0.10,173.194.188.105,,,45734,443,0,37,17
1588617003.657231,10.10.0.10,173.194.188.105,,,45734,443,0,37,17
1588617003.6585262,173.194.188.105,10.10.0.10,,,443,45734,0,1358,17
1588617003.661098,10.10.0.10,173.194.188.105,,,45734,443,0,37,17
1588617003.6611388,10.10.0.10,173.194.188.105,,,45734,443,0,37,17
1588617003.6613102,10.10.0.10,173.194.188.105,,,45734,443,0,37,17
1588617003.6618311,10.10.0.10,173.194.188.105,,,45734,443,0,37,17
1588617003.662454,173.194.188.105,10.10.0.10,,,443,45734,0,1358,17
1588617003.6683412,173.194.188.105,10.10.0.10,,,443,45734,0,1358,17
1588617003.674259,173.194.188.105,10.10.0.10,,,443,45734,0,1358,17
1588617003.680116,173.194.188.105,10.10.0.10,,,443,45734,0,1358,17
1588617003.686005,173.194.188.105,10.10.0.10,,,443,45734,0,1358,17
1588617003.6918714,173.194.188.105,10.10.0.10,,,443,45734,0,1358,17
1588617003.6978178,173.194.188.105,10.10.0.10,,,443,45734,0,1358,17
1588617003.7037158,173.194.188.105,10.10.0.10,,,443,45734,0,1358,17
1588617003.7095964,173.194.188.105,10.10.0.10,,,443,45734,0,1358,17
1588617003.715487,173.194.188.105,10.10.0.10,,,443,45734,0,1358,17
1588617003.721374,173.194.188.105,10.10.0.10,,,443,45734,0,1358,17
1588617003.7272642,173.194.188.105,10.10.0.10,,,443,45734,0,1358,17
1588617003.7331548,173.194.188.105,10.10.0.10,,,443,45734,0,1358,17
1588617003.7390418,173.194.188.105,10.10.0.10,,,443,45734,0,1358,17
1588617003.74493,173.194.188.105,10.10.0.10,,,443,45734,0,1358,17
1588617003.750823,173.194.188.105,10.10.0.10,,,443,45734,0,1358,17
1588617003.756667,173.194.188.105,10.10.0.10,,,443,45734,0,1358,17
1588617003.757211,10.10.0.10,173.194.188.105,,,45734,443,0,37,17
1588617003.760407,10.10.0.10,173.194.188.105,,,45734,443,0,37,17
1588617003.762467,10.10.0.10,173.194.188.105,,,45734,443,0,37,17
1588617003.762556,173.194.188.105,10.10.0.10,,,443,45734,0,1358,17
1588617003.765107,10.10.0.10,173.194.188.105,,,45734,443,0,37,17
1588617003.766577,10.10.0.10,173.194.188.105,,,45734,443,0,37,17
1588617003.767993,10.10.0.10,173.194.188.105,,,45734,443,0,37,17
1588617003.768448,173.194.188.105,10.10.0.10,,,443,45734,0,1358,17
1588617003.768496,10.10.0.10,173.194.188.105,,,45734,443,0,37,17
1588617003.769535,10.10.0.10,173.194.188.105,,,45734,443,0,37,17
1588617003.770183,10.10.0.10,173.194.188.105,,,45734,443,0,37,17
1588617003.7714634,10.10.0.10,173.194.188.105,,,45734,443,0,50,17
1588617003.774376,173.194.188.105,10.10.0.10,,,443,45734,0,1358,17
1588617003.7763224,10.10.0.10,173.194.188.105,,,45734,443,0,37,17
1588617003.7802682,173.194.188.105,10.10.0.10,,,443,45734,0,1358,17
1588617003.786152,173.194.188.105,10.10.0.10,,,443,45734,0,1358,17
1588617003.792046,173.194.188.105,10.10.0.10,,,443,45734,0,1358,17
1588617003.7979321,173.194.188.105,10.10.0.10,,,443,45734,0,1358,17
1588617003.803824,173.194.188.105,10.10.0.10,,,443,45734,0,1358,17
1588617003.8097012,173.194.188.105,10.10.0.10,,,443,45734,0,1358,17
1588617003.815562,173.194.188.105,10.10.0.10,,,443,45734,0,29,17
1588617003.8158212,173.194.188.105,10.10.0.10,,,443,45734,0,1358,17
1588617003.821753,173.194.188.105,10.10.0.10,,,443,45734,0,1358,17
1588617003.827642,173.194.188.105,10.10.0.10,,,443,45734,0,1358,17
1588617003.833534,173.194.188.105,10.10.0.10,,,443,45734,0,1358,17
1588617003.8394258,173.194.188.105,10.10.0.10,,,443,45734,0,1358,17
1588617003.8453062,173.194.188.105,10.10.0.10,,,443,45734,0,1358,17
1588617003.851201,173.194.188.105,10.10.0.10,,,443,45734,0,1358,17
1588617003.8570876,173.194.188.105,10.10.0.10,,,443,45734,0,1358,17
1588617003.862976,173.194.188.105,10.10.0.10,,,443,45734,0,1358,17
1588617003.8688688,173.194.188.105,10.10.0.10,,,443,45734,0,1358,17
1588617003.874756,173.194.188.105,10.10.0.10,,,443,45734,0,1358,17
1588617003.87616,10.10.0.10,173.194.188.105,,,45734,443,0,37,17
1588617003.8776762,10.10.0.10,173.194.188.105,,,45734,443,0,37,17
1588617003.8806348,173.194.188.105,10.10.0.10,,,443,45734,0,1358,17
1588617003.880733,10.10.0.10,173.194.188.105,,,45734,443,0,37,17
1588617003.882154,10.10.0.10,173.194.188.105,,,45734,443,0,37,17
1588617003.8840694,10.10.0.10,173.194.188.105,,,45734,443,0,37,17
1588617003.8852286,10.10.0.10,173.194.188.105,,,45734,443,0,37,17
1588617003.8865402,173.194.188.105,10.10.0.10,,,443,45734,0,1358,17
1588617003.886878,10.10.0.10,173.194.188.105,,,45734,443,0,37,17
1588617003.8883052,10.10.0.10,173.194.188.105,,,45734,443,0,37,17
1588617003.888864,10.10.0.10,173.194.188.105,,,45734,443,0,37,17
1588617003.890026,10.10.0.10,173.194.188.105,,,45734,443,0,37,17
1588617003.8923821,173.194.188.105,10.10.0.10,,,443,45734,0,1358,17
1588617003.8983102,173.194.188.105,10.10.0.10,,,443,45734,0,1358,17
1588617003.9000866,10.10.0.10,173.194.188.105,,,45734,443,0,37,17
1588617003.9042,173.194.188.105,10.10.0.10,,,443,45734,0,1358,17
1588617003.910091,173.194.188.105,10.10.0.10,,,443,45734,0,1358,17
1588617003.915977,173.194.188.105,10.10.0.10,,,443,45734,0,1358,17
1588617003.9218366,173.194.188.105,10.10.0.10,,,443,45734,0,1358,17
1588617003.927758,173.194.188.105,10.10.0.10,,,443,45734,0,1358,17
1588617003.933649,173.194.188.105,10.10.0.10,,,443,45734,0,1358,17
1588617003.939466,173.194.188.105,10.10.0.10,,,443,45734,0,1358,17
1588617003.9454286,173.194.188.105,10.10.0.10,,,443,45734,0,1358,17
1588617003.951314,173.194.188.105,10.10.0.10,,,443,45734,0,1358,17
1588617003.9572089,173.194.188.105,10.10.0.10,,,443,45734,0,1358,17
1588617003.9630961,173.194.188.105,10.10.0.10,,,443,45734,0,1358,17
1588617003.9689848,173.194.188.105,10.10.0.10,,,443,45734,0,1358,17
1588617003.974874,173.194.188.105,10.10.0.10,,,443,45734,0,1358,17
1588617003.9807642,173.194.188.105,10.10.0.10,,,443,45734,0,1358,17
1588617003.986622,173.194.188.105,10.10.0.10,,,443,45734,0,1358,17
1588617003.992505,173.194.188.105,10.10.0.10,,,443,45734,0,1358,17
1588617003.99807,10.10.0.10,173.194.188.105,,,45734,443,0,37,17
1588617003.998367,173.194.188.105,10.10.0.10,,,443,45734,0,1358,17
1588617004.000233,10.10.0.10,173.194.188.105,,,45734,443,0,37,17
1588617004.002321,10.10.0.10,173.194.188.105,,,45734,443,0,37,17
1588617004.0023382,10.10.0.10,173.194.188.105,,,45734,443,0,37,17
1588617004.0042682,173.194.188.105,10.10.0.10,,,443,45734,0,1358,17
1588617004.004698,10.10.0.10,173.194.188.105,,,45734,443,0,37,17
1588617004.005178,10.10.0.10,173.194.188.105,,,45734,443,0,37,17
1588617004.005774,10.10.0.10,173.194.188.105,,,45734,443,0,37,17
1588617004.006857,10.10.0.10,173.194.188.105,,,45734,443,0,50,17
1588617004.007214,10.10.0.10,173.194.188.105,,,45734,443,0,37,17
1588617004.0102036,173.194.188.105,10.10.0.10,,,443,45734,0,1067,17
1588617004.014864,173.194.188.105,10.10.0.10,,,443,45734,0,29,17
1588617004.114378,10.10.0.10,173.194.188.105,,,45734,443,0,738,17
1588617004.114432,10.10.0.10,173.194.188.105,,,45734,443,0,48,17
1588617004.1188278,173.194.188.105,10.10.0.10,,,443,45734,0,115,17
1588617004.1188762,173.194.188.105,10.10.0.10,,,443,45734,0,1358,17
1588617004.1188982,173.194.188.105,10.10.0.10,,,443,45734,0,1358,17
1588617004.121078,10.10.0.10,173.194.188.105,,,45734,443,0,37,17
1588617004.1245544,173.194.188.105,10.10.0.10,,,443,45734,0,1358,17
1588617004.126392,10.10.0.10,173.194.188.105,,,45734,443,0,37,17
1588617004.13044,173.194.188.105,10.10.0.10,,,443,45734,0,1358,17
1588617004.1363304,173.194.188.105,10.10.0.10,,,443,45734,0,1358,17
1588617004.139697,10.10.0.10,173.194.188.105,,,45734,443,0,37,17
1588617004.14223,173.194.188.105,10.10.0.10,,,443,45734,0,1358,17
1588617004.148116,173.194.188.105,10.10.0.10,,,443,45734,0,1358,17
1588617004.150722,10.10.0.10,173.194.188.105,,,45734,443,0,37,17
1588617004.154,173.194.188.105,10.10.0.10,,,443,45734,0,1358,17
1588617004.159889,173.194.188.105,10.10.0.10,,,443,45734,0,1358,17
1588617004.161793,10.10.0.10,173.194.188.105,,,45734,443,0,37,17
1588617004.165778,173.194.188.105,10.10.0.10,,,443,45734,0,1358,17
1588617004.171663,173.194.188.105,10.10.0.10,,,443,45734,0,1358,17
1588617004.173366,10.10.0.10,173.194.188.105,,,45734,443,0,37,17
1588617004.177551,173.194.188.105,10.10.0.10,,,443,45734,0,1358,17
1588617004.1834452,173.194.188.105,10.10.0.10,,,443,45734,0,1358,17
1588617004.185186,10.10.0.10,173.194.188.105,,,45734,443,0,37,17
1588617004.1892908,173.194.188.105,10.10.0.10,,,443,45734,0,1358,17
1588617004.195201,173.194.188.105,10.10.0.10,,,443,45734,0,1358,17
1588617004.196928,10.10.0.10,173.194.188.105,,,45734,443,0,37,17
1588617004.2011075,173.194.188.105,10.10.0.10,,,443,45734,0,1358,17
1588617004.2069955,173.194.188.105,10.10.0.10,,,443,45734,0,1358,17
1588617004.2086911,10.10.0.10,173.194.188.105,,,45734,443,0,37,17
1588617004.212847,173.194.188.105,10.10.0.10,,,443,45734,0,1358,17
1588617004.218778,173.194.188.105,10.10.0.10,,,443,45734,0,1358,17
1588617004.220621,10.10.0.10,173.194.188.105,,,45734,443,0,37,17
1588617004.224618,173.194.188.105,10.10.0.10,,,443,45734,0,1358,17
1588617004.230551,173.194.188.105,10.10.0.10,,,443,45734,0,1358,17
1588617004.232393,10.10.0.10,173.194.188.105,,,45734,443,0,37,17
1588617004.236442,173.194.188.105,10.10.0.10,,,443,45734,0,1358,17
1588617004.242329,173.194.188.105,10.10.0.10,,,443,45734,0,1358,17
1588617004.244622,10.10.0.10,173.194.188.105,,,45734,443,0,37,17
1588617004.2482188,173.194.188.105,10.10.0.10,,,443,45734,0,1358,17
1588617004.2541132,173.194.188.105,10.10.0.10,,,443,45734,0,1358,17
1588617004.256122,10.10.0.10,173.194.188.105,,,45734,443,0,37,17
1588617004.260001,173.194.188.105,10.10.0.10,,,443,45734,0,1358,17
1588617004.2658892,173.194.188.105,10.10.0.10,,,443,45734,0,1358,17
1588617004.2675786,10.10.0.10,173.194.188.105,,,45734,443,0,37,17
1588617004.2717779,173.194.188.105,10.10.0.10,,,443,45734,0,1358,17
1588617004.277673,173.194.188.105,10.10.0.10,,,443,45734,0,1358,17
1588617004.2795572,10.10.0.10,173.194.188.105,,,45734,443,0,37,17
1588617004.2835555,173.194.188.105,10.10.0.10,,,443,45734,0,1358,17
1588617004.2894409,173.194.188.105,10.10.0.10,,,443,45734,0,1358,17
1588617004.2913885,10.10.0.10,173.194.188.105,,,45734,443,0,37,17
1588617004.2953222,173.194.188.105,10.10.0.10,,,443,45734,0,1358,17
1588617004.30121,173.194.188.105,10.10.0.10,,,443,45734,0,1358,17
1588617004.305109,10.10.0.10,173.194.188.105,,,45734,443,0,37,17
1588617004.3070989,173.194.188.105,10.10.0.10,,,443,45734,0,1358,17
1588617004.312992,173.194.188.105,10.10.0.10,,,443,45734,0,1358,17
1588617004.314758,10.10.0.10,173.194.188.105,,,45734,443,0,37,17
1588617004.318882,173.194.188.105,10.10.0.10,,,443,45734,0,1358,17
1588617004.3247662,173.194.188.105,10.10.0.10,,,443,45734,0,1358,17
1588617004.3266132,10.10.0.10,173.194.188.105,,,45734,443,0,37,17
1588617004.3306508,173.194.188.105,10.10.0.10,,,443,45734,0,1358,17
1588617004.336551,173.194.188.105,10.10.0.10,,,443,45734,0,1358,17
1588617004.338257,10.10.0.10,173.194.188.105,,,45734,443,0,50,17
1588617004.3424668,173.194.188.105,10.10.0.10,,,443,45734,0,1358,17
1588617004.3483078,173.194.188.105,10.10.0.10,,,443,45734,0,1358,17
1588617004.350081,10.10.0.10,173.194.188.105,,,45734,443,0,37,17
1588617004.35421,173.194.188.105,10.10.0.10,,,443,45734,0,1358,17
1588617004.3600724,173.194.188.105,10.10.0.10,,,443,45734,0,1358,17
1588617004.362258,10.10.0.10,173.194.188.105,,,45734,443,0,37,17
1588617004.365993,173.194.188.105,10.10.0.10,,,443,45734,0,1358,17
1588617004.371855,173.194.188.105,10.10.0.10,,,443,45734,0,1358,17
1588617004.3734848,10.10.0.10,173.194.188.105,,,45734,443,0,37,17
1588617004.3777661,173.194.188.105,10.10.0.10,,,443,45734,0,1358,17
1588617004.383661,173.194.188.105,10.10.0.10,,,443,45734,0,1358,17
1588617004.385258,10.10.0.10,173.194.188.105,,,45734,443,0,37,17
1588617004.389548,173.194.188.105,10.10.0.10,,,443,45734,0,1358,17
1588617004.395415,173.194.188.105,10.10.0.10,,,443,45734,0,1358,17
1588617004.3970866,10.10.0.10,173.194.188.105,,,45734,443,0,37,17
1588617004.4013252,173.194.188.105,10.10.0.10,,,443,45734,0,1358,17
1588617004.4072108,173.194.188.105,10.10.0.10,,,443,45734,0,1358,17
1588617004.40884,10.10.0.10,173.194.188.105,,,45734,443,0,37,17
1588617004.4130852,173.194.188.105,10.10.0.10,,,443,45734,0,1358,17
1588617004.41894,173.194.188.105,10.10.0.10,,,443,45734,0,1358,17
1588617004.421575,10.10.0.10,173.194.188.105,,,45734,443,0,37,17
1588617004.424878,173.194.188.105,10.10.0.10,,,443,45734,0,1358,17
1588617004.43077,173.194.188.105,10.10.0.10,,,443,45734,0,1358,17
1588617004.4324882,10.10.0.10,173.194.188.105,,,45734,443,0,37,17
1588617004.4366598,173.194.188.105,10.10.0.10,,,443,45734,0,1358,17
1588617004.4425492,173.194.188.105,10.10.0.10,,,443,45734,0,1358,17
1588617004.444257,10.10.0.10,173.194.188.105,,,45734,443,0,37,17
1588617004.4484339,173.194.188.105,10.10.0.10,,,443,45734,0,1358,17
1588617004.454334,173.194.188.105,10.10.0.10,,,443,45734,0,1358,17
1588617004.4560199,10.10.0.10,173.194.188.105,,,45734,443,0,37,17
1588617004.4602108,173.194.188.105,10.10.0.10,,,443,45734,0,29,17
1588617004.4604282,173.194.188.105,10.10.0.10,,,443,45734,0,1358,17
1588617004.466368,173.194.188.105,10.10.0.10,,,443,45734,0,1358,17
1588617004.4684026,10.10.0.10,173.194.188.105,,,45734,443,0,37,17
1588617004.4722571,173.194.188.105,10.10.0.10,,,443,45734,0,1358,17
1588617004.478145,173.194.188.105,10.10.0.10,,,443,45734,0,1358,17
1588617004.479817,10.10.0.10,173.194.188.105,,,45734,443,0,37,17
1588617004.484038,173.194.188.105,10.10.0.10,,,443,45734,0,1358,17
1588617004.489927,173.194.188.105,10.10.0.10,,,443,45734,0,1358,17
1588617004.491502,10.10.0.10,173.194.188.105,,,45734,443,0,37,17
1588617004.49579,173.194.188.105,10.10.0.10,,,443,45734,0,1358,17
1588617004.501704,173.194.188.105,10.10.0.10,,,443,45734,0,1358,17
1588617004.503422,10.10.0.10,173.194.188.105,,,45734,443,0,37,17
1588617004.507593,173.194.188.105,10.10.0.10,,,443,45734,0,1358,17
1588617004.513478,173.194.188.105,10.10.0.10,,,443,45734,0,1358,17
1588617004.515264,10.10.0.10,173.194.188.105,,,45734,443,0,37,17
1588617004.5193722,173.194.188.105,10.10.0.10,,,443,45734,0,1358,17
1588617004.5252268,173.194.188.105,10.10.0.10,,,443,45734,0,1358,17
1588617004.5271492,10.10.0.10,173.194.188.105,,,45734,443,0,37,17
1588617004.5311482,173.194.188.105,10.10.0.10,,,443,45734,0,1358,17
1588617004.53704,173.194.188.105,10.10.0.10,,,443,45734,0,1358,17
1588617004.538973,10.10.0.10,173.194.188.105,,,45734,443,0,37,17
1588617004.542872,173.194.188.105,10.10.0.10,,,443,45734,0,1358,17
1588617004.548754,173.194.188.105,10.10.0.10,,,443,45734,0,1358,17
1588617004.550562,10.10.0.10,173.194.188.105,,,45734,443,0,37,17
1588617004.5546849,173.194.188.105,10.10.0.10,,,443,45734,0,1358,17
1588617004.560574,173.194.188.105,10.10.0.10,,,443,45734,0,1358,17
1588617004.562762,10.10.0.10,173.194.188.105,,,45734,443,0,37,17
1588617004.566463,173.194.188.105,10.10.0.10,,,443,45734,0,1358,17
1588617004.5723011,173.194.188.105,10.10.0.10,,,443,45734,0,1358,17
1588617004.574018,10.10.0.10,173.194.188.105,,,45734,443,0,50,17
1588617004.578247,173.194.188.105,10.10.0.10,,,443,45734,0,1358,17
1588617004.584111,173.194.188.105,10.10.0.10,,,443,45734,0,1358,17
1588617004.5857332,10.10.0.10,173.194.188.105,,,45734,443,0,37,17
1588617004.590026,173.194.188.105,10.10.0.10,,,443,45734,0,1358,17
1588617004.5958939,173.194.188.105,10.10.0.10,,,443,45734,0,1358,17
1588617004.5974884,10.10.0.10,173.194.188.105,,,45734,443,0,37,17
1588617004.601813,173.194.188.105,10.10.0.10,,,443,45734,0,1358,17
1588617004.60764,173.194.188.105,10.10.0.10,,,443,45734,0,1358,17
1588617004.6091821,10.10.0.10,173.194.188.105,,,45734,443,0,37,17
1588617004.6135302,173.194.188.105,10.10.0.10,,,443,45734,0,1358,17
1588617004.619477,173.194.188.105,10.10.0.10,,,443,45734,0,1358,17
1588617004.621207,10.10.0.10,173.194.188.105,,,45734,443,0,37,17
1588617004.6253011,173.194.188.105,10.10.0.10,,,443,45734,0,1358,17
1588617004.63125,173.194.188.105,10.10.0.10,,,443,45734,0,1358,17
1588617004.633584,10.10.0.10,173.194.188.105,,,45734,443,0,37,17
1588617004.637137,173.194.188.105,10.10.0.10,,,443,45734,0,1358,17
1588617004.643008,173.194.188.105,10.10.0.10,,,443,45734,0,1358,17
1588617004.644711,10.10.0.10,173.194.188.105,,,45734,443,0,37,17
1588617004.648865,173.194.188.105,10.10.0.10,,,443,45734,0,1358,17
1588617004.654752,173.194.188.105,10.10.0.10,,,443,45734,0,1358,17
1588617004.6573699,10.10.0.10,173.194.188.105,,,45734,443,0,37,17
1588617004.660687,173.194.188.105,10.10.0.10,,,443,45734,0,1358,17
1588617004.666554,173.194.188.105,10.10.0.10,,,443,45734,0,1358,17
1588617004.6682231,10.10.0.10,173.194.188.105,,,45734,443,0,37,17
1588617004.6724482,173.194.188.105,10.10.0.10,,,443,45734,0,1358,17
1588617004.6783645,173.194.188.105,10.10.0.10,,,443,45734,0,1358,17
1588617004.680104,10.10.0.10,173.194.188.105,,,45734,443,0,37,17
1588617004.684193,173.194.188.105,10.10.0.10,,,443,45734,0,1358,17
1588617004.6900814,173.194.188.105,10.10.0.10,,,443,45734,0,1358,17
1588617004.6915689,10.10.0.10,173.194.188.105,,,45734,443,0,37,17
1588617004.695975,173.194.188.105,10.10.0.10,,,443,45734,0,1358,17
1588617004.7018518,173.194.188.105,10.10.0.10,,,443,45734,0,1358,17
1588617004.703534,10.10.0.10,173.194.188.105,,,45734,443,0,37,17
1588617004.7078,173.194.188.105,10.10.0.10,,,443,45734,0,1358,17
1588617004.713691,173.194.188.105,10.10.0.10,,,443,45734,0,1358,17
1588617004.715298,10.10.0.10,173.194.188.105,,,45734,443,0,37,17
1588617004.719579,173.194.188.105,10.10.0.10,,,443,45734,0,1358,17
1588617004.725445,173.194.188.105,10.10.0.10,,,443,45734,0,1358,17
1588617004.72719,10.10.0.10,173.194.188.105,,,45734,443,0,37,17
1588617004.73136,173.194.188.105,10.10.0.10,,,443,45734,0,1358,17
1588617004.7372508,173.194.188.105,10.10.0.10,,,443,45734,0,1358,17
1588617004.7388608,10.10.0.10,173.194.188.105,,,45734,443,0,37,17
1588617004.7431412,173.194.188.105,10.10.0.10,,,443,45734,0,1358,17
1588617004.749032,173.194.188.105,10.10.0.10,,,443,45734,0,1358,17
1588617004.750631,10.10.0.10,173.194.188.105,,,45734,443,0,37,17
1588617004.754919,173.194.188.105,10.10.0.10,,,443,45734,0,1358,17
1588617004.760808,173.194.188.105,10.10.0.10,,,443,45734,0,1358,17
1588617004.76276,10.10.0.10,173.194.188.105,,,45734,443,0,37,17
1588617004.766686,173.194.188.105,10.10.0.10,,,443,45734,0,1358,17
1588617004.772591,173.194.188.105,10.10.0.10,,,443,45734,0,1358,17
1588617004.7741554,10.10.0.10,173.194.188.105,,,45734,443,0,37,17
1588617004.778413,173.194.188.105,10.10.0.10,,,443,45734,0,1358,17
1588617004.7843661,173.194.188.105,10.10.0.10,,,443,45734,0,1358,17
1588617004.786222,10.10.0.10,173.194.188.105,,,45734,443,0,37,17
1588617004.7902539,173.194.188.105,10.10.0.10,,,443,45734,0,1358,17
1588617004.7961464,173.194.188.105,10.10.0.10,,,443,45734,0,1358,17
1588617004.802014,173.194.188.105,10.10.0.10,,,443,45734,0,1358,17
1588617004.8079252,173.194.188.105,10.10.0.10,,,443,45734,0,1358,17
1588617004.81382,173.194.188.105,10.10.0.10,,,443,45734,0,1358,17
1588617004.8196812,173.194.188.105,10.10.0.10,,,443,45734,0,1358,17
1588617004.823695,10.10.0.10,173.194.188.105,,,45734,443,0,37,17
1588617004.825552,173.194.188.105,10.10.0.10,,,443,45734,0,1358,17
1588617004.8257492,10.10.0.10,173.194.188.105,,,45734,443,0,50,17
1588617004.828222,10.10.0.10,173.194.188.105,,,45734,443,0,37,17
1588617004.831465,173.194.188.105,10.10.0.10,,,443,45734,0,1358,17
1588617004.8335214,10.10.0.10,173.194.188.105,,,45734,443,0,37,17
1588617004.837373,173.194.188.105,10.10.0.10,,,443,45734,0,1358,17
1588617004.843261,173.194.188.105,10.10.0.10,,,443,45734,0,1358,17
1588617004.84908,10.10.0.10,173.194.188.105,,,45734,443,0,37,17
1588617004.849096,173.194.188.105,10.10.0.10,,,443,45734,0,1358,17
1588617004.855044,173.194.188.105,10.10.0.10,,,443,45734,0,1358,17
1588617004.8598435,10.10.0.10,173.194.188.105,,,45734,443,0,37,17
1588617004.86093,173.194.188.105,10.10.0.10,,,443,45734,0,1358,17
1588617004.8667972,173.194.188.105,10.10.0.10,,,443,45734,0,1358,17
1588617004.8685741,10.10.0.10,173.194.188.105,,,45734,443,0,37,17
1588617004.872705,173.194.188.105,10.10.0.10,,,443,45734,0,1358,17
1588617004.8785539,173.194.188.105,10.10.0.10,,,443,45734,0,1358,17
1588617004.881349,10.10.0.10,173.194.188.105,,,45734,443,0,37,17
1588617004.8844578,173.194.188.105,10.10.0.10,,,443,45734,0,1358,17
1588617004.8903732,173.194.188.105,10.10.0.10,,,443,45734,0,1358,17
1588617004.8918908,10.10.0.10,173.194.188.105,,,45734,443,0,37,17
1588617004.8962634,173.194.188.105,10.10.0.10,,,443,45734,0,1358,17
1588617004.902082,173.194.188.105,10.10.0.10,,,443,45734,0,1358,17
1588617004.9039214,10.10.0.10,173.194.188.105,,,45734,443,0,37,17
1588617004.908041,173.194.188.105,10.10.0.10,,,443,45734,0,1358,17
1588617004.913929,173.194.188.105,10.10.0.10,,,443,45734,0,1358,17
1588617004.9155881,10.10.0.10,173.194.188.105,,,45734,443,0,37,17
1588617004.9197626,173.194.188.105,10.10.0.10,,,443,45734,0,1358,17
1588617004.9256804,173.194.188.105,10.10.0.10,,,443,45734,0,1358,17
1588617004.9271019,10.10.0.10,173.194.188.105,,,45734,443,0,37,17
1588617004.9315698,173.194.188.105,10.10.0.10,,,443,45734,0,29,17
1588617004.931809,173.194.188.105,10.10.0.10,,,443,45734,0,1358,17
1588617004.937724,173.194.188.105,10.10.0.10,,,443,45734,0,1358,17
1588617004.9392214,10.10.0.10,173.194.188.105,,,45734,443,0,37,17
1588617004.943614,173.194.188.105,10.10.0.10,,,443,45734,0,1358,17
1588617004.949541,173.194.188.105,10.10.0.10,,,443,45734,0,1358,17
1588617004.9512286,10.10.0.10,173.194.188.105,,,45734,443,0,37,17
1588617004.95543,173.194.188.105,10.10.0.10,,,443,45734,0,1358,17
1588617004.9613152,173.194.188.105,10.10.0.10,,,443,45734,0,1358,17
1588617004.963744,10.10.0.10,173.194.188.105,,,45734,443,0,37,17
1588617004.967207,173.194.188.105,10.10.0.10,,,443,45734,0,1358,17
1588617004.9730976,173.194.188.105,10.10.0.10,,,443,45734,0,1358,17
1588617004.97476,10.10.0.10,173.194.188.105,,,45734,443,0,37,17
1588617004.978985,173.194.188.105,10.10.0.10,,,443,45734,0,1358,17
1588617004.984875,173.194.188.105,10.10.0.10,,,443,45734,0,1358,17
1588617004.9867,10.10.0.10,173.194.188.105,,,45734,443,0,37,17
1588617004.9907632,173.194.188.105,10.10.0.10,,,443,45734,0,1358,17
1588617004.996648,173.194.188.105,10.10.0.10,,,443,45734,0,1358,17
1588617004.998338,10.10.0.10,173.194.188.105,,,45734,443,0,37,17
1588617005.002541,173.194.188.105,10.10.0.10,,,443,45734,0,1358,17
1588617005.008426,173.194.188.105,10.10.0.10,,,443,45734,0,1358,17
1588617005.010071,10.10.0.10,173.194.188.105,,,45734,443,0,37,17
1588617005.0142891,173.194.188.105,10.10.0.10,,,443,45734,0,1358,17
1588617005.0202038,173.194.188.105,10.10.0.10,,,443,45734,0,1358,17
1588617005.0218446,10.10.0.10,173.194.188.105,,,45734,443,0,37,17
1588617005.026097,173.194.188.105,10.10.0.10,,,443,45734,0,1358,17
1588617005.031986,173.194.188.105,10.10.0.10,,,443,45734,0,1358,17
1588617005.0337136,10.10.0.10,173.194.188.105,,,45734,443,0,37,17
1588617005.037875,173.194.188.105,10.10.0.10,,,443,45734,0,1358,17
1588617005.043765,173.194.188.105,10.10.0.10,,,443,45734,0,1358,17
1588617005.045598,10.10.0.10,173.194.188.105,,,45734,443,0,50,17
1588617005.049649,173.194.188.105,10.10.0.10,,,443,45734,0,1358,17
1588617005.055524,173.194.188.105,10.10.0.10,,,443,45734,0,1358,17
1588617005.0572922,10.10.0.10,173.194.188.105,,,45734,443,0,37,17
1588617005.0614042,173.194.188.105,10.10.0.10,,,443,45734,0,1358,17
1588617005.0673149,173.194.188.105,10.10.0.10,,,443,45734,0,1358,17
1588617005.0689652,10.10.0.10,173.194.188.105,,,45734,443,0,37,17
1588617005.0732038,173.194.188.105,10.10.0.10,,,443,45734,0,1358,17
1588617005.079098,173.194.188.105,10.10.0.10,,,443,45734,0,1358,17
1588617005.0808446,10.10.0.10,173.194.188.105,,,45734,443,0,37,17
1588617005.084983,173.194.188.105,10.10.0.10,,,443,45734,0,1358,17
1588617005.0908759,173.194.188.105,10.10.0.10,,,443,45734,0,1358,17
1588617005.092393,10.10.0.10,173.194.188.105,,,45734,443,0,37,17
1588617005.096765,173.194.188.105,10.10.0.10,,,443,45734,0,1358,17
1588617005.102653,173.194.188.105,10.10.0.10,,,443,45734,0,1358,17
1588617005.104295,10.10.0.10,173.194.188.105,,,45734,443,0,37,17
1588617005.1085012,173.194.188.105,10.10.0.10,,,443,45734,0,1358,17
1588617005.1144269,173.194.188.105,10.10.0.10,,,443,45734,0,1358,17
1588617005.120321,173.194.188.105,10.10.0.10,,,443,45734,0,1358,17
1588617005.1219552,10.10.0.10,173.194.188.105,,,45734,443,0,37,17
1588617005.1262052,173.194.188.105,10.10.0.10,,,443,45734,0,1358,17
1588617005.128054,10.10.0.10,173.194.188.105,,,45734,443,0,37,17
1588617005.132057,173.194.188.105,10.10.0.10,,,443,45734,0,1358,17
1588617005.137988,173.194.188.105,10.10.0.10,,,443,45734,0,1358,17
1588617005.13976,10.10.0.10,173.194.188.105,,,45734,443,0,37,17
1588617005.1438758,173.194.188.105,10.10.0.10,,,443,45734,0,1358,17
1588617005.149762,173.194.188.105,10.10.0.10,,,443,45734,0,1358,17
1588617005.1514268,10.10.0.10,173.194.188.105,,,45734,443,0,37,17
1588617005.1556542,173.194.188.105,10.10.0.10,,,443,45734,0,1358,17
1588617005.1615412,173.194.188.105,10.10.0.10,,,443,45734,0,1358,17
1588617005.164866,10.10.0.10,173.194.188.105,,,45734,443,0,37,17
1588617005.167399,173.194.188.105,10.10.0.10,,,443,45734,0,1358,17
1588617005.173306,173.194.188.105,10.10.0.10,,,443,45734,0,1358,17
1588617005.1758,10.10.0.10,173.194.188.105,,,45734,443,0,37,17
1588617005.1792061,173.194.188.105,10.10.0.10,,,443,45734,0,1358,17
1588617005.1850991,173.194.188.105,10.10.0.10,,,443,45734,0,1358,17
1588617005.1868632,10.10.0.10,173.194.188.105,,,45734,443,0,37,17
1588617005.1909866,173.194.188.105,10.10.0.10,,,443,45734,0,1358,17
1588617005.196877,173.194.188.105,10.10.0.10,,,443,45734,0,1358,17
1588617005.1990962,10.10.0.10,173.194.188.105,,,45734,443,0,37,17
1588617005.2027652,173.194.188.105,10.10.0.10,,,443,45734,0,1358,17
1588617005.2086544,173.194.188.105,10.10.0.10,,,443,45734,0,1358,17
1588617005.2104301,10.10.0.10,173.194.188.105,,,45734,443,0,37,17
1588617005.214499,173.194.188.105,10.10.0.10,,,443,45734,0,1358,17
1588617005.2204268,173.194.188.105,10.10.0.10,,,443,45734,0,1358,17
1588617005.222632,10.10.0.10,173.194.188.105,,,45734,443,0,37,17
1588617005.226321,173.194.188.105,10.10.0.10,,,443,45734,0,1358,17
1588617005.232207,173.194.188.105,10.10.0.10,,,443,45734,0,1358,17
1588617005.233928,10.10.0.10,173.194.188.105,,,45734,443,0,37,17
1588617005.2380722,173.194.188.105,10.10.0.10,,,443,45734,0,1358,17
1588617005.2439878,173.194.188.105,10.10.0.10,,,443,45734,0,1358,17
1588617005.2456381,10.10.0.10,173.194.188.105,,,45734,443,0,37,17
1588617005.249808,173.194.188.105,10.10.0.10,,,443,45734,0,1358,17
1588617005.2557259,173.194.188.105,10.10.0.10,,,443,45734,0,1358,17
1588617005.2573812,10.10.0.10,173.194.188.105,,,45734,443,0,37,17
1588617005.261654,173.194.188.105,10.10.0.10,,,443,45734,0,1358,17
1588617005.267542,173.194.188.105,10.10.0.10,,,443,45734,0,1358,17
1588617005.2693381,10.10.0.10,173.194.188.105,,,45734,443,0,37,17
1588617005.27343,173.194.188.105,10.10.0.10,,,443,45734,0,1358,17
1588617005.2793171,173.194.188.105,10.10.0.10,,,443,45734,0,1358,17
1588617005.281284,10.10.0.10,173.194.188.105,,,45734,443,0,50,17
1588617005.2852054,173.194.188.105,10.10.0.10,,,443,45734,0,1358,17
1588617005.291095,173.194.188.105,10.10.0.10,,,443,45734,0,1358,17
1588617005.292922,10.10.0.10,173.194.188.105,,,45734,443,0,37,17
1588617005.296985,173.194.188.105,10.10.0.10,,,443,45734,0,1358,17
1588617005.302835,173.194.188.105,10.10.0.10,,,443,45734,0,1358,17
1588617005.3045928,10.10.0.10,173.194.188.105,,,45734,443,0,37,17
1588617005.3087661,173.194.188.105,10.10.0.10,,,443,45734,0,1358,17
1588617005.314625,173.194.188.105,10.10.0.10,,,443,45734,0,1358,17
1588617005.3165119,10.10.0.10,173.194.188.105,,,45734,443,0,37,17
1588617005.3205411,173.194.188.105,10.10.0.10,,,443,45734,0,1358,17
1588617005.326391,173.194.188.105,10.10.0.10,,,443,45734,0,1358,17
1588617005.32805,10.10.0.10,173.194.188.105,,,45734,443,0,37,17
1588617005.332318,173.194.188.105,10.10.0.10,,,443,45734,0,1358,17
1588617005.3382108,173.194.188.105,10.10.0.10,,,443,45734,0,29,17
1588617005.3384428,173.194.188.105,10.10.0.10,,,443,45734,0,1358,17
1588617005.33995,10.10.0.10,173.194.188.105,,,45734,443,0,37,17
1588617005.344367,173.194.188.105,10.10.0.10,,,443,45734,0,1358,17
1588617005.3502278,173.194.188.105,10.10.0.10,,,443,45734,0,1358,17
1588617005.352819,10.10.0.10,173.194.188.105,,,45734,443,0,37,17
1588617005.3561351,173.194.188.105,10.10.0.10,,,443,45734,0,1358,17
1588617005.362024,173.194.188.105,10.10.0.10,,,443,45734,0,1358,17
1588617005.363898,10.10.0.10,173.194.188.105,,,45734,443,0,37,17
1588617005.36791,173.194.188.105,10.10.0.10,,,443,45734,0,1358,17
1588617005.373758,173.194.188.105,10.10.0.10,,,443,45734,0,1358,17
1588617005.37536,10.10.0.10,173.194.188.105,,,45734,443,0,37,17
1588617005.379688,173.194.188.105,10.10.0.10,,,443,45734,0,1358,17
1588617005.385576,173.194.188.105,10.10.0.10,,,443,45734,0,1358,17
1588617005.3873339,10.10.0.10,173.194.188.105,,,45734,443,0,37,17
1588617005.391465,173.194.188.105,10.10.0.10,,,443,45734,0,1358,17
1588617005.3973591,173.194.188.105,10.10.0.10,,,443,45734,0,1358,17
1588617005.399644,10.10.0.10,173.194.188.105,,,45734,443,0,37,17
1588617005.4032445,173.194.188.105,10.10.0.10,,,443,45734,0,1358,17
1588617005.409108,173.194.188.105,10.10.0.10,,,443,45734,0,1358,17
1588617005.4106472,10.10.0.10,173.194.188.105,,,45734,443,0,37,17
1588617005.4150202,173.194.188.105,10.10.0.10,,,443,45734,0,1358,17
1588617005.420865,173.194.188.105,10.10.0.10,,,443,45734,0,1358,17
1588617005.422655,10.10.0.10,173.194.188.105,,,45734,443,0,37,17
1588617005.426761,173.194.188.105,10.10.0.10,,,443,45734,0,1358,17
1588617005.4326508,173.194.188.105,10.10.0.10,,,443,45734,0,1358,17
1588617005.434232,10.10.0.10,173.194.188.105,,,45734,443,0,37,17
1588617005.4385402,173.194.188.105,10.10.0.10,,,443,45734,0,1358,17
1588617005.444466,173.194.188.105,10.10.0.10,,,443,45734,0,1358,17
1588617005.446254,10.10.0.10,173.194.188.105,,,45734,443,0,37,17
1588617005.4503546,173.194.188.105,10.10.0.10,,,443,45734,0,1358,17
1588617005.456247,173.194.188.105,10.10.0.10,,,443,45734,0,1358,17
1588617005.4578755,10.10.0.10,173.194.188.105,,,45734,443,0,37,17
1588617005.46214,173.194.188.105,10.10.0.10,,,443,45734,0,1358,17
1588617005.468022,173.194.188.105,10.10.0.10,,,443,45734,0,1358,17
1588617005.4707892,10.10.0.10,173.194.188.105,,,45734,443,0,37,17
1588617005.4739149,173.194.188.105,10.10.0.10,,,443,45734,0,1358,17
1588617005.4798,173.194.188.105,10.10.0.10,,,443,45734,0,1358,17
1588617005.482959,10.10.0.10,173.194.188.105,,,45734,443,0,37,17
1588617005.4856925,173.194.188.105,10.10.0.10,,,443,45734,0,1358,17
1588617005.491577,173.194.188.105,10.10.0.10,,,443,45734,0,1358,17
1588617005.4935038,10.10.0.10,173.194.188.105,,,45734,443,0,37,17
1588617005.497471,173.194.188.105,10.10.0.10,,,443,45734,0,1358,17
1588617005.50336,173.194.188.105,10.10.0.10,,,443,45734,0,1358,17
1588617005.504935,10.10.0.10,173.194.188.105,,,45734,443,0,37,17
1588617005.5092292,173.194.188.105,10.10.0.10,,,443,45734,0,1358,17
1588617005.515137,173.194.188.105,10.10.0.10,,,443,45734,0,1358,17
1588617005.516813,10.10.0.10,173.194.188.105,,,45734,443,0,50,17
1588617005.521022,173.194.188.105,10.10.0.10,,,443,45734,0,1358,17
1588617005.5269141,173.194.188.105,10.10.0.10,,,443,45734,0,1358,17
1588617005.528526,10.10.0.10,173.194.188.105,,,45734,443,0,37,17
1588617005.5328,173.194.188.105,10.10.0.10,,,443,45734,0,1358,17
1588617005.5386918,173.194.188.105,10.10.0.10,,,443,45734,0,1358,17
1588617005.5403929,10.10.0.10,173.194.188.105,,,45734,443,0,37,17
1588617005.5445778,173.194.188.105,10.10.0.10,,,443,45734,0,1358,17
1588617005.5504668,173.194.188.105,10.10.0.10,,,443,45734,0,1358,17
1588617005.552623,10.10.0.10,173.194.188.105,,,45734,443,0,37,17
1588617005.55636,173.194.188.105,10.10.0.10,,,443,45734,0,1358,17
1588617005.562248,173.194.188.105,10.10.0.10,,,443,45734,0,1358,17
1588617005.564302,10.10.0.10,173.194.188.105,,,45734,443,0,37,17
1588617005.5680828,173.194.188.105,10.10.0.10,,,443,45734,0,1358,17
1588617005.5739741,173.194.188.105,10.10.0.10,,,443,45734,0,1358,17
1588617005.575614,10.10.0.10,173.194.188.105,,,45734,443,0,37,17
1588617005.5798962,173.194.188.105,10.10.0.10,,,443,45734,0,1358,17
1588617005.585728,173.194.188.105,10.10.0.10,,,443,45734,0,1358,17
1588617005.587552,10.10.0.10,173.194.188.105,,,45734,443,0,37,17
1588617005.5916748,173.194.188.105,10.10.0.10,,,443,45734,0,1358,17
1588617005.597541,173.194.188.105,10.10.0.10,,,443,45734,0,1358,17
1588617005.5992439,10.10.0.10,173.194.188.105,,,45734,443,0,37,17
1588617005.603455,173.194.188.105,10.10.0.10,,,443,45734,0,1358,17
1588617005.6093464,173.194.188.105,10.10.0.10,,,443,45734,0,1358,17
1588617005.6110358,10.10.0.10,173.194.188.105,,,45734,443,0,37,17
1588617005.615185,173.194.188.105,10.10.0.10,,,443,45734,0,1358,17
1588617005.6211252,173.194.188.105,10.10.0.10,,,443,45734,0,1358,17
1588617005.622824,10.10.0.10,173.194.188.105,,,45734,443,0,37,17
1588617005.6269572,173.194.188.105,10.10.0.10,,,443,45734,0,1358,17
1588617005.632879,173.194.188.105,10.10.0.10,,,443,45734,0,1358,17
1588617005.638415,10.10.0.10,173.194.188.105,,,45734,443,0,37,17
1588617005.6387632,173.194.188.105,10.10.0.10,,,443,45734,0,1358,17
1588617005.644681,173.194.188.105,10.10.0.10,,,443,45734,0,1358,17
1588617005.6473956,10.10.0.10,173.194.188.105,,,45734,443,0,37,17
1588617005.650574,173.194.188.105,10.10.0.10,,,443,45734,0,1358,17
1588617005.6564612,173.194.188.105,10.10.0.10,,,443,45734,0,1358,17
1588617005.658001,10.10.0.10,173.194.188.105,,,45734,443,0,37,17
1588617005.6623206,173.194.188.105,10.10.0.10,,,443,45734,0,1358,17
1588617005.668187,173.194.188.105,10.10.0.10,,,443,45734,0,1358,17
1588617005.669802,10.10.0.10,173.194.188.105,,,45734,443,0,37,17
1588617005.67412,173.194.188.105,10.10.0.10,,,443,45734,0,1358,17
1588617005.680008,173.194.188.105,10.10.0.10,,,443,45734,0,1358,17
1588617005.681654,10.10.0.10,173.194.188.105,,,45734,443,0,37,17
1588617005.6858964,173.194.188.105,10.10.0.10,,,443,45734,0,1358,17
1588617005.6917868,173.194.188.105,10.10.0.10,,,443,45734,0,1358,17
1588617005.693423,10.10.0.10,173.194.188.105,,,45734,443,0,37,17
1588617005.697681,173.194.188.105,10.10.0.10,,,443,45734,0,1358,17
1588617005.7035232,173.194.188.105,10.10.0.10,,,443,45734,0,1358,17
1588617005.7050614,10.10.0.10,173.194.188.105,,,45734,443,0,37,17
1588617005.709457,173.194.188.105,10.10.0.10,,,443,45734,0,1358,17
1588617005.715286,173.194.188.105,10.10.0.10,,,443,45734,0,1358,17
1588617005.71691,10.10.0.10,173.194.188.105,,,45734,443,0,37,17
1588617005.7212338,173.194.188.105,10.10.0.10,,,443,45734,0,1358,17
1588617005.7271252,173.194.188.105,10.10.0.10,,,443,45734,0,1358,17
1588617005.7288532,10.10.0.10,173.194.188.105,,,45734,443,0,37,17
1588617005.733014,173.194.188.105,10.10.0.10,,,443,45734,0,1358,17
1588617005.738856,173.194.188.105,10.10.0.10,,,443,45734,0,1358,17
1588617005.740791,10.10.0.10,173.194.188.105,,,45734,443,0,37,17
1588617005.744766,173.194.188.105,10.10.0.10,,,443,45734,0,1358,17
1588617005.750682,173.194.188.105,10.10.0.10,,,443,45734,0,1358,17
1588617005.7522874,10.10.0.10,173.194.188.105,,,45734,443,0,50,17
1588617005.7565742,173.194.188.105,10.10.0.10,,,443,45734,0,1358,17
1588617005.7624614,173.194.188.105,10.10.0.10,,,443,45734,0,1358,17
1588617005.7641082,10.10.0.10,173.194.188.105,,,45734,443,0,37,17
1588617005.768353,173.194.188.105,10.10.0.10,,,443,45734,0,1358,17
1588617005.774241,173.194.188.105,10.10.0.10,,,443,45734,0,1358,17
1588617005.77577,10.10.0.10,173.194.188.105,,,45734,443,0,37,17
1588617005.780127,173.194.188.105,10.10.0.10,,,443,45734,0,1358,17
1588617005.7860188,173.194.188.105,10.10.0.10,,,443,45734,0,1358,17
1588617005.7890089,10.10.0.10,173.194.188.105,,,45734,443,0,37,17
1588617005.7919116,173.194.188.105,10.10.0.10,,,443,45734,0,1358,17
1588617005.797793,173.194.188.105,10.10.0.10,,,443,45734,0,1358,17
1588617005.799707,10.10.0.10,173.194.188.105,,,45734,443,0,37,17
1588617005.8036852,173.194.188.105,10.10.0.10,,,443,45734,0,29,17
1588617005.8038988,173.194.188.105,10.10.0.10,,,443,45734,0,1358,17
1588617005.809867,173.194.188.105,10.10.0.10,,,443,45734,0,1358,17
1588617005.8117206,10.10.0.10,173.194.188.105,,,45734,443,0,37,17
1588617005.815736,173.194.188.105,10.10.0.10,,,443,45734,0,1358,17
1588617005.8216221,173.194.188.105,10.10.0.10,,,443,45734,0,1358,17
1588617005.8234491,10.10.0.10,173.194.188.105,,,45734,443,0,37,17
1588617005.827512,173.194.188.105,10.10.0.10,,,443,45734,0,1358,17
1588617005.8334,173.194.188.105,10.10.0.10,,,443,45734,0,1358,17
1588617005.8351119,10.10.0.10,173.194.188.105,,,45734,443,0,37,17
1588617005.8392901,173.194.188.105,10.10.0.10,,,443,45734,0,1358,17
1588617005.8451812,173.194.188.105,10.10.0.10,,,443,45734,0,1358,17
1588617005.846928,10.10.0.10,173.194.188.105,,,45734,443,0,37,17
1588617005.8510695,173.194.188.105,10.10.0.10,,,443,45734,0,1358,17
1588617005.8569546,173.194.188.105,10.10.0.10,,,443,45734,0,1358,17
1588617005.8589082,10.10.0.10,173.194.188.105,,,45734,443,0,37,17
1588617005.862848,173.194.188.105,10.10.0.10,,,443,45734,0,1358,17
1588617005.8687005,173.194.188.105,10.10.0.10,,,443,45734,0,1358,17
1588617005.8713858,10.10.0.10,173.194.188.105,,,45734,443,0,37,17
1588617005.874626,173.194.188.105,10.10.0.10,,,443,45734,0,1358,17
1588617005.88047,173.194.188.105,10.10.0.10,,,443,45734,0,1358,17
1588617005.882074,10.10.0.10,173.194.188.105,,,45734,443,0,37,17
1588617005.8864062,173.194.188.105,10.10.0.10,,,443,45734,0,1358,17
1588617005.8922918,173.194.188.105,10.10.0.10,,,443,45734,0,1358,17
1588617005.894075,10.10.0.10,173.194.188.105,,,45734,443,0,37,17
1588617005.8981798,173.194.188.105,10.10.0.10,,,443,45734,0,1358,17
1588617005.904071,173.194.188.105,10.10.0.10,,,443,45734,0,1358,17
1588617005.905634,10.10.0.10,173.194.188.105,,,45734,443,0,37,17
1588617005.9099581,173.194.188.105,10.10.0.10,,,443,45734,0,1358,17
1588617005.915847,173.194.188.105,10.10.0.10,,,443,45734,0,1358,17
1588617005.9177024,10.10.0.10,173.194.188.105,,,45734,443,0,37,17
1588617005.92171,173.194.188.105,10.10.0.10,,,443,45734,0,1358,17
1588617005.927599,173.194.188.105,10.10.0.10,,,443,45734,0,1358,17
1588617005.9298036,10.10.0.10,173.194.188.105,,,45734,443,0,37,17
1588617005.9334712,173.194.188.105,10.10.0.10,,,443,45734,0,1358,17
1588617005.93936,173.194.188.105,10.10.0.10,,,443,45734,0,1358,17
1588617005.9413252,10.10.0.10,173.194.188.105,,,45734,443,0,37,17
1588617005.9452848,173.194.188.105,10.10.0.10,,,443,45734,0,1358,17
1588617005.951187,173.194.188.105,10.10.0.10,,,443,45734,0,1358,17
1588617005.9528508,10.10.0.10,173.194.188.105,,,45734,443,0,37,17
1588617005.9570758,173.194.188.105,10.10.0.10,,,443,45734,0,1358,17
1588617005.9629312,173.194.188.105,10.10.0.10,,,443,45734,0,1358,17
1588617005.964709,10.10.0.10,173.194.188.105,,,45734,443,0,37,17
1588617005.968858,173.194.188.105,10.10.0.10,,,443,45734,0,1358,17
1588617005.9747431,173.194.188.105,10.10.0.10,,,443,45734,0,1358,17
1588617005.97648,10.10.0.10,173.194.188.105,,,45734,443,0,37,17
1588617005.980638,173.194.188.105,10.10.0.10,,,443,45734,0,1358,17
1588617005.986509,173.194.188.105,10.10.0.10,,,443,45734,0,1358,17
1588617005.9889224,10.10.0.10,173.194.188.105,,,45734,443,0,50,17
1588617005.992413,173.194.188.105,10.10.0.10,,,443,45734,0,1358,17
1588617005.9982991,173.194.188.105,10.10.0.10,,,443,45734,0,1358,17
1588617006.000374,10.10.0.10,173.194.188.105,,,45734,443,0,37,17
1588617006.004188,173.194.188.105,10.10.0.10,,,443,45734,0,1358,17
1588617006.0100338,173.194.188.105,10.10.0.10,,,443,45734,0,1358,17
1588617006.0115118,10.10.0.10,173.194.188.105,,,45734,443,0,37,17
1588617006.0159411,173.194.188.105,10.10.0.10,,,443,45734,0,1358,17
1588617006.0218608,173.194.188.105,10.10.0.10,,,443,45734,0,1358,17
1588617006.023581,10.10.0.10,173.194.188.105,,,45734,443,0,37,17
1588617006.027745,173.194.188.105,10.10.0.10,,,443,45734,0,1358,17
1588617006.0336359,173.194.188.105,10.10.0.10,,,443,45734,0,1358,17
1588617006.0361938,10.10.0.10,173.194.188.105,,,45734,443,0,37,17
1588617006.039526,173.194.188.105,10.10.0.10,,,443,45734,0,1358,17
1588617006.0454,173.194.188.105,10.10.0.10,,,443,45734,0,1358,17
1588617006.047022,10.10.0.10,173.194.188.105,,,45734,443,0,37,17
1588617006.051263,173.194.188.105,10.10.0.10,,,443,45734,0,1358,17
1588617006.057192,173.194.188.105,10.10.0.10,,,443,45734,0,1358,17
1588617006.059048,10.10.0.10,173.194.188.105,,,45734,443,0,37,17
1588617006.063084,173.194.188.105,10.10.0.10,,,443,45734,0,1358,17
1588617006.068939,173.194.188.105,10.10.0.10,,,443,45734,0,1358,17
1588617006.0707548,10.10.0.10,173.194.188.105,,,45734,443,0,37,17
1588617006.0748599,173.194.188.105,10.10.0.10,,,443,45734,0,1358,17
1588617006.0807474,173.194.188.105,10.10.0.10,,,443,45734,0,1358,17
1588617006.086641,173.194.188.105,10.10.0.10,,,443,45734,0,1358,17
1588617006.092524,173.194.188.105,10.10.0.10,,,443,45734,0,1358,17
1588617006.098416,173.194.188.105,10.10.0.10,,,443,45734,0,1358,17
1588617006.1043036,173.194.188.105,10.10.0.10,,,443,45734,0,1358,17
1588617006.1077662,10.10.0.10,173.194.188.105,,,45734,443,0,37,17
1588617006.107818,10.10.0.10,173.194.188.105,,,45734,443,0,37,17
1588617006.1085858,10.10.0.10,173.194.188.105,,,45734,443,0,37,17
1588617006.110192,173.194.188.105,10.10.0.10,,,443,45734,0,1358,17
1588617006.116082,173.194.188.105,10.10.0.10,,,443,45734,0,1358,17
1588617006.118258,10.10.0.10,173.194.188.105,,,45734,443,0,37,17
1588617006.121974,173.194.188.105,10.10.0.10,,,443,45734,0,1358,17
1588617006.1278632,173.194.188.105,10.10.0.10,,,443,45734,0,1358,17
1588617006.12969,10.10.0.10,173.194.188.105,,,45734,443,0,37,17
1588617006.1337519,173.194.188.105,10.10.0.10,,,443,45734,0,1358,17
1588617006.1396382,173.194.188.105,10.10.0.10,,,443,45734,0,1358,17
1588617006.141609,10.10.0.10,173.194.188.105,,,45734,443,0,37,17
1588617006.14553,173.194.188.105,10.10.0.10,,,443,45734,0,1358,17
1588617006.1514142,173.194.188.105,10.10.0.10,,,443,45734,0,1358,17
1588617006.15334,10.10.0.10,173.194.188.105,,,45734,443,0,37,17
1588617006.1573071,173.194.188.105,10.10.0.10,,,443,45734,0,1358,17
1588617006.163192,173.194.188.105,10.10.0.10,,,443,45734,0,1358,17
1588617006.164921,10.10.0.10,173.194.188.105,,,45734,443,0,37,17
1588617006.169086,173.194.188.105,10.10.0.10,,,443,45734,0,1358,17
1588617006.1749752,173.194.188.105,10.10.0.10,,,443,45734,0,1358,17
1588617006.178529,10.10.0.10,173.194.188.105,,,45734,443,0,37,17
1588617006.1808589,173.194.188.105,10.10.0.10,,,443,45734,0,1358,17
1588617006.1840668,10.10.0.10,173.194.188.105,,,45734,443,0,727,17
1588617006.184712,10.10.0.10,173.194.188.105,,,45734,443,0,55,17
1588617006.1867466,173.194.188.105,10.10.0.10,,,443,45734,0,1358,17
1588617006.192641,173.194.188.105,10.10.0.10,,,443,45734,0,1358,17
1588617006.194294,10.10.0.10,173.194.188.105,,,45734,443,0,37,17
1588617006.198529,173.194.188.105,10.10.0.10,,,443,45734,0,1358,17
1588617006.204419,173.194.188.105,10.10.0.10,,,443,45734,0,1358,17
1588617006.206022,10.10.0.10,173.194.188.105,,,45734,443,0,37,17
1588617006.210309,173.194.188.105,10.10.0.10,,,443,45734,0,29,17
1588617006.21054,173.194.188.105,10.10.0.10,,,443,45734,0,1358,17
1588617006.216408,173.194.188.105,10.10.0.10,,,443,45734,0,1358,17
1588617006.218678,10.10.0.10,173.194.188.105,,,45734,443,0,37,17
1588617006.2223492,173.194.188.105,10.10.0.10,,,443,45734,0,1358,17
1588617006.2281651,173.194.188.105,10.10.0.10,,,443,45734,0,1358,17
1588617006.229857,10.10.0.10,173.194.188.105,,,45734,443,0,37,17
1588617006.234126,173.194.188.105,10.10.0.10,,,443,45734,0,1358,17
1588617006.2400188,173.194.188.105,10.10.0.10,,,443,45734,0,1358,17
1588617006.245904,173.194.188.105,10.10.0.10,,,443,45734,0,1358,17
1588617006.2516675,10.10.0.10,173.194.188.105,,,45734,443,0,37,17
1588617006.251751,173.194.188.105,10.10.0.10,,,443,45734,0,1358,17
1588617006.253273,10.10.0.10,173.194.188.105,,,45734,443,0,37,17
1588617006.257686,173.194.188.105,10.10.0.10,,,443,45734,0,1358,17
1588617006.263576,173.194.188.105,10.10.0.10,,,443,45734,0,1358,17
1588617006.265142,10.10.0.10,173.194.188.105,,,45734,443,0,37,17
1588617006.269465,173.194.188.105,10.10.0.10,,,443,45734,0,1358,17
1588617006.27529,173.194.188.105,10.10.0.10,,,443,45734,0,1358,17
1588617006.276958,10.10.0.10,173.194.188.105,,,45734,443,0,37,17
1588617006.2812376,173.194.188.105,10.10.0.10,,,443,45734,0,1358,17
1588617006.287127,173.194.188.105,10.10.0.10,,,443,45734,0,1358,17
1588617006.2900321,10.10.0.10,173.194.188.105,,,45734,443,0,37,17
1588617006.29299,173.194.188.105,10.10.0.10,,,443,45734,0,1358,17
1588617006.298866,173.194.188.105,10.10.0.10,,,443,45734,0,1358,17
1588617006.3029652,10.10.0.10,173.194.188.105,,,45734,443,0,37,17
1588617006.3047948,173.194.188.105,10.10.0.10,,,443,45734,0,1358,17
1588617006.3106868,173.194.188.105,10.10.0.10,,,443,45734,0,1358,17
1588617006.312489,10.10.0.10,173.194.188.105,,,45734,443,0,37,17
1588617006.316576,173.194.188.105,10.10.0.10,,,443,45734,0,1358,17
1588617006.322386,173.194.188.105,10.10.0.10,,,443,45734,0,1358,17
1588617006.324507,10.10.0.10,173.194.188.105,,,45734,443,0,37,17
1588617006.328349,173.194.188.105,10.10.0.10,,,443,45734,0,1358,17
1588617006.334216,173.194.188.105,10.10.0.10,,,443,45734,0,1358,17
1588617006.3361044,10.10.0.10,173.194.188.105,,,45734,443,0,37,17
1588617006.340128,173.194.188.105,10.10.0.10,,,443,45734,0,1358,17
1588617006.3460212,173.194.188.105,10.10.0.10,,,443,45734,0,1358,17
1588617006.3477118,10.10.0.10,173.194.188.105,,,45734,443,0,37,17
1588617006.3518589,173.194.188.105,10.10.0.10,,,443,45734,0,1358,17
1588617006.3577948,173.194.188.105,10.10.0.10,,,443,45734,0,1358,17
1588617006.359817,10.10.0.10,173.194.188.105,,,45734,443,0,37,17
1588617006.363683,173.194.188.105,10.10.0.10,,,443,45734,0,1358,17
1588617006.369576,173.194.188.105,10.10.0.10,,,443,45734,0,1358,17
1588617006.3712518,10.10.0.10,173.194.188.105,,,45734,443,0,37,17
1588617006.375466,173.194.188.105,10.10.0.10,,,443,45734,0,1358,17
1588617006.3813546,173.194.188.105,10.10.0.10,,,443,45734,0,1358,17
1588617006.3833814,10.10.0.10,173.194.188.105,,,45734,443,0,37,17
1588617006.3872418,173.194.188.105,10.10.0.10,,,443,45734,0,1358,17
1588617006.3931189,173.194.188.105,10.10.0.10,,,443,45734,0,1358,17
1588617006.394786,10.10.0.10,173.194.188.105,,,45734,443,0,37,17
1588617006.3990119,173.194.188.105,10.10.0.10,,,443,45734,0,1358,17
1588617006.404897,173.194.188.105,10.10.0.10,,,443,45734,0,1358,17
1588617006.406647,10.10.0.10,173.194.188.105,,,45734,443,0,37,17
1588617006.41079,173.194.188.105,10.10.0.10,,,443,45734,0,1358,17
1588617006.4166439,173.194.188.105,10.10.0.10,,,443,45734,0,1358,17
1588617006.4190578,10.10.0.10,173.194.188.105,,,45734,443,0,50,17
1588617006.422517,173.194.188.105,10.10.0.10,,,443,45734,0,1358,17
1588617006.428415,173.194.188.105,10.10.0.10,,,443,45734,0,1358,17
1588617006.430076,10.10.0.10,173.194.188.105,,,45734,443,0,37,17
1588617006.4343398,173.194.188.105,10.10.0.10,,,443,45734,0,1358,17
1588617006.440234,173.194.188.105,10.10.0.10,,,443,45734,0,1358,17
1588617006.441873,10.10.0.10,173.194.188.105,,,45734,443,0,37,17
1588617006.44612,173.194.188.105,10.10.0.10,,,443,45734,0,29,17
1588617006.4463284,173.194.188.105,10.10.0.10,,,443,45734,0,1358,17
1588617006.4522748,173.194.188.105,10.10.0.10,,,443,45734,0,1358,17
1588617006.453928,10.10.0.10,173.194.188.105,,,45734,443,0,37,17
1588617006.4581635,173.194.188.105,10.10.0.10,,,443,45734,0,1358,17
1588617006.463991,173.194.188.105,10.10.0.10,,,443,45734,0,1358,17
1588617006.465625,10.10.0.10,173.194.188.105,,,45734,443,0,37,17
1588617006.4699461,173.194.188.105,10.10.0.10,,,443,45734,0,1358,17
1588617006.475843,173.194.188.105,10.10.0.10,,,443,45734,0,1358,17
1588617006.477492,10.10.0.10,173.194.188.105,,,45734,443,0,37,17
1588617006.481722,173.194.188.105,10.10.0.10,,,443,45734,0,1358,17
1588617006.487608,173.194.188.105,10.10.0.10,,,443,45734,0,1358,17
1588617006.489343,10.10.0.10,173.194.188.105,,,45734,443,0,37,17
1588617006.4935012,173.194.188.105,10.10.0.10,,,443,45734,0,1358,17
1588617006.4993858,173.194.188.105,10.10.0.10,,,443,45734,0,1358,17
1588617006.502433,10.10.0.10,173.194.188.105,,,45734,443,0,37,17
1588617006.5052118,173.194.188.105,10.10.0.10,,,443,45734,0,1358,17
1588617006.5111651,173.194.188.105,10.10.0.10,,,443,45734,0,1358,17
1588617006.5131238,10.10.0.10,173.194.188.105,,,45734,443,0,37,17
1588617006.5170536,173.194.188.105,10.10.0.10,,,443,45734,0,1358,17
1588617006.522943,173.194.188.105,10.10.0.10,,,443,45734,0,1358,17
1588617006.5246198,10.10.0.10,173.194.188.105,,,45734,443,0,37,17
1588617006.5288339,173.194.188.105,10.10.0.10,,,443,45734,0,1358,17
1588617006.5347238,173.194.188.105,10.10.0.10,,,443,45734,0,1358,17
1588617006.53656,10.10.0.10,173.194.188.105,,,45734,443,0,37,17
1588617006.5406098,173.194.188.105,10.10.0.10,,,443,45734,0,1358,17
1588617006.5465012,173.194.188.105,10.10.0.10,,,443,45734,0,1358,17
1588617006.549,10.10.0.10,173.194.188.105,,,45734,443,0,37,17
1588617006.5523572,173.194.188.105,10.10.0.10,,,443,45734,0,1358,17
1588617006.558275,173.194.188.105,10.10.0.10,,,443,45734,0,1358,17
1588617006.560016,10.10.0.10,173.194.188.105,,,45734,443,0,37,17
1588617006.564168,173.194.188.105,10.10.0.10,,,443,45734,0,1358,17
1588617006.570055,173.194.188.105,10.10.0.10,,,443,45734,0,1358,17
1588617006.5719366,10.10.0.10,173.194.188.105,,,45734,443,0,37,17
1588617006.575917,173.194.188.105,10.10.0.10,,,443,45734,0,1358,17
1588617006.5818348,173.194.188.105,10.10.0.10,,,443,45734,0,1358,17
1588617006.5845554,10.10.0.10,173.194.188.105,,,45734,443,0,37,17
1588617006.5877252,173.194.188.105,10.10.0.10,,,443,45734,0,1358,17
1588617006.5936122,173.194.188.105,10.10.0.10,,,443,45734,0,1358,17
1588617006.595488,10.10.0.10,173.194.188.105,,,45734,443,0,37,17
1588617006.599444,173.194.188.105,10.10.0.10,,,443,45734,0,1358,17
1588617006.6053288,173.194.188.105,10.10.0.10,,,443,45734,0,1358,17
1588617006.6081562,10.10.0.10,173.194.188.105,,,45734,443,0,37,17
1588617006.611238,173.194.188.105,10.10.0.10,,,443,45734,0,1358,17
1588617006.617126,173.194.188.105,10.10.0.10,,,443,45734,0,1358,17
1588617006.6202116,10.10.0.10,173.194.188.105,,,45734,443,0,37,17
1588617006.623039,173.194.188.105,10.10.0.10,,,443,45734,0,1358,17
1588617006.6288722,173.194.188.105,10.10.0.10,,,443,45734,0,1358,17
1588617006.6310089,10.10.0.10,173.194.188.105,,,45734,443,0,37,17
1588617006.6347651,173.194.188.105,10.10.0.10,,,443,45734,0,1358,17
1588617006.6407099,173.194.188.105,10.10.0.10,,,443,45734,0,1358,17
1588617006.6432776,10.10.0.10,173.194.188.105,,,45734,443,0,37,17
1588617006.646599,173.194.188.105,10.10.0.10,,,443,45734,0,1358,17
1588617006.6524649,173.194.188.105,10.10.0.10,,,443,45734,0,1358,17
1588617006.654092,10.10.0.10,173.194.188.105,,,45734,443,0,50,17
1588617006.658377,173.194.188.105,10.10.0.10,,,443,45734,0,1358,17
1588617006.6642349,173.194.188.105,10.10.0.10,,,443,45734,0,1358,17
1588617006.6657245,10.10.0.10,173.194.188.105,,,45734,443,0,37,17
1588617006.670132,173.194.188.105,10.10.0.10,,,443,45734,0,1358,17
1588617006.6759868,173.194.188.105,10.10.0.10,,,443,45734,0,1358,17
1588617006.6775308,10.10.0.10,173.194.188.105,,,45734,443,0,37,17
1588617006.6818724,173.194.188.105,10.10.0.10,,,443,45734,0,1358,17
1588617006.687822,173.194.188.105,10.10.0.10,,,443,45734,0,1358,17
1588617006.6895108,10.10.0.10,173.194.188.105,,,45734,443,0,37,17
1588617006.693655,173.194.188.105,10.10.0.10,,,443,45734,0,1358,17
1588617006.6995811,173.194.188.105,10.10.0.10,,,443,45734,0,1358,17
1588617006.702401,10.10.0.10,173.194.188.105,,,45734,443,0,37,17
1588617006.7054632,173.194.188.105,10.10.0.10,,,443,45734,0,1358,17
1588617006.711384,173.194.188.105,10.10.0.10,,,443,45734,0,1358,17
1588617006.713191,10.10.0.10,173.194.188.105,,,45734,443,0,37,17
1588617006.717272,173.194.188.105,10.10.0.10,,,443,45734,0,1358,17
1588617006.72316,173.194.188.105,10.10.0.10,,,443,45734,0,1358,17
1588617006.7248409,10.10.0.10,173.194.188.105,,,45734,443,0,37,17
1588617006.7289991,173.194.188.105,10.10.0.10,,,443,45734,0,1358,17
1588617006.7348852,173.194.188.105,10.10.0.10,,,443,45734,0,1358,17
1588617006.736449,10.10.0.10,173.194.188.105,,,45734,443,0,37,17
1588617006.740795,173.194.188.105,10.10.0.10,,,443,45734,0,1358,17
1588617006.746685,173.194.188.105,10.10.0.10,,,443,45734,0,1358,17
1588617006.748379,10.10.0.10,173.194.188.105,,,45734,443,0,37,17
1588617006.752597,173.194.188.105,10.10.0.10,,,443,45734,0,1358,17
1588617006.758498,173.194.188.105,10.10.0.10,,,443,45734,0,1358,17
1588617006.760511,10.10.0.10,173.194.188.105,,,45734,443,0,37,17
1588617006.764376,173.194.188.105,10.10.0.10,,,443,45734,0,1358,17
1588617006.7702696,173.194.188.105,10.10.0.10,,,443,45734,0,1358,17
1588617006.772075,10.10.0.10,173.194.188.105,,,45734,443,0,37,17
1588617006.776158,173.194.188.105,10.10.0.10,,,443,45734,0,1358,17
1588617006.78205,173.194.188.105,10.10.0.10,,,443,45734,0,1358,17
1588617006.7846339,10.10.0.10,173.194.188.105,,,45734,443,0,37,17
1588617006.7879431,173.194.188.105,10.10.0.10,,,443,45734,0,1358,17
1588617006.7938259,173.194.188.105,10.10.0.10,,,443,45734,0,1358,17
1588617006.7954712,10.10.0.10,173.194.188.105,,,45734,443,0,37,17
1588617006.799714,173.194.188.105,10.10.0.10,,,443,45734,0,1358,17
1588617006.805557,173.194.188.105,10.10.0.10,,,443,45734,0,1358,17
1588617006.807085,10.10.0.10,173.194.188.105,,,45734,443,0,37,17
1588617006.811468,173.194.188.105,10.10.0.10,,,443,45734,0,1358,17
1588617006.817388,173.194.188.105,10.10.0.10,,,443,45734,0,1358,17
1588617006.81925,10.10.0.10,173.194.188.105,,,45734,443,0,37,17
1588617006.8232784,173.194.188.105,10.10.0.10,,,443,45734,0,1358,17
1588617006.8291662,173.194.188.105,10.10.0.10,,,443,45734,0,1358,17
1588617006.830914,10.10.0.10,173.194.188.105,,,45734,443,0,37,17
1588617006.8350532,173.194.188.105,10.10.0.10,,,443,45734,0,1358,17
1588617006.840942,173.194.188.105,10.10.0.10,,,443,45734,0,1358,17
1588617006.842649,10.10.0.10,173.194.188.105,,,45734,443,0,37,17
1588617006.846831,173.194.188.105,10.10.0.10,,,443,45734,0,1358,17
1588617006.8527222,173.194.188.105,10.10.0.10,,,443,45734,0,1358,17
1588617006.8545241,10.10.0.10,173.194.188.105,,,45734,443,0,37,17
1588617006.858613,173.194.188.105,10.10.0.10,,,443,45734,0,1358,17
1588617006.8645012,173.194.188.105,10.10.0.10,,,443,45734,0,1358,17
1588617006.8664,10.10.0.10,173.194.188.105,,,45734,443,0,37,17
1588617006.8703902,173.194.188.105,10.10.0.10,,,443,45734,0,1358,17
1588617006.8762784,173.194.188.105,10.10.0.10,,,443,45734,0,1358,17
1588617006.882166,173.194.188.105,10.10.0.10,,,443,45734,0,1358,17
1588617006.888056,173.194.188.105,10.10.0.10,,,443,45734,0,1358,17
1588617006.893943,173.194.188.105,10.10.0.10,,,443,45734,0,1358,17
1588617006.8997972,173.194.188.105,10.10.0.10,,,443,45734,0,1358,17
1588617006.90569,173.194.188.105,10.10.0.10,,,443,45734,0,1358,17
1588617006.9116132,173.194.188.105,10.10.0.10,,,443,45734,0,1358,17
1588617006.949789,173.194.188.105,10.10.0.10,,,443,45734,0,1358,17
1588617007.0175226,173.194.188.105,10.10.0.10,,,443,45734,0,1358,17
1588617007.026979,10.10.0.10,173.194.188.105,,,45734,443,0,37,17
1588617007.028846,10.10.0.10,173.194.188.105,,,45734,443,0,50,17
1588617007.03035,10.10.0.10,173.194.188.105,,,45734,443,0,37,17
1588617007.0312948,10.10.0.10,173.194.188.105,,,45734,443,0,37,17
1588617007.033574,10.10.0.10,173.194.188.105,,,45734,443,0,37,17
1588617007.0337448,173.194.188.105,10.10.0.10,,,443,45734,0,1358,17
1588617007.040209,173.194.188.105,10.10.0.10,,,443,45734,0,1358,17
1588617007.040258,173.194.188.105,10.10.0.10,,,443,45734,0,1358,17
1588617007.041698,10.10.0.10,173.194.188.105,,,45734,443,0,37,17
1588617007.0496998,173.194.188.105,10.10.0.10,,,443,45734,0,1358,17
1588617007.051185,173.194.188.105,10.10.0.10,,,443,45734,0,1358,17
1588617007.0513446,10.10.0.10,173.194.188.105,,,45734,443,0,37,17
1588617007.0577376,173.194.188.105,10.10.0.10,,,443,45734,0,1358,17
1588617007.0593061,10.10.0.10,173.194.188.105,,,45734,443,0,37,17
1588617007.0629635,173.194.188.105,10.10.0.10,,,443,45734,0,1358,17
1588617007.0688028,173.194.188.105,10.10.0.10,,,443,45734,0,1358,17
1588617007.0704124,10.10.0.10,173.194.188.105,,,45734,443,0,37,17
1588617007.0747411,173.194.188.105,10.10.0.10,,,443,45734,0,1358,17
1588617007.08064,173.194.188.105,10.10.0.10,,,443,45734,0,1358,17
1588617007.082376,10.10.0.10,173.194.188.105,,,45734,443,0,37,17
1588617007.08652,173.194.188.105,10.10.0.10,,,443,45734,0,1358,17
1588617007.092409,173.194.188.105,10.10.0.10,,,443,45734,0,1358,17
1588617007.094286,10.10.0.10,173.194.188.105,,,45734,443,0,37,17
1588617007.0982618,173.194.188.105,10.10.0.10,,,443,45734,0,1358,17
1588617007.1041868,173.194.188.105,10.10.0.10,,,443,45734,0,1358,17
1588617007.106633,10.10.0.10,173.194.188.105,,,45734,443,0,37,17
1588617007.1100762,173.194.188.105,10.10.0.10,,,443,45734,0,1358,17
1588617007.115968,173.194.188.105,10.10.0.10,,,443,45734,0,1358,17
1588617007.117529,10.10.0.10,173.194.188.105,,,45734,443,0,37,17
1588617007.121865,173.194.188.105,10.10.0.10,,,443,45734,0,1358,17
1588617007.127754,173.194.188.105,10.10.0.10,,,443,45734,0,1358,17
1588617007.1293721,10.10.0.10,173.194.188.105,,,45734,443,0,37,17
1588617007.1335962,173.194.188.105,10.10.0.10,,,443,45734,0,1358,17
1588617007.1394944,173.194.188.105,10.10.0.10,,,443,45734,0,1358,17
1588617007.141028,10.10.0.10,173.194.188.105,,,45734,443,0,37,17
1588617007.145401,173.194.188.105,10.10.0.10,,,443,45734,0,1358,17
1588617007.1513062,173.194.188.105,10.10.0.10,,,443,45734,0,1358,17
1588617007.1530821,10.10.0.10,173.194.188.105,,,45734,443,0,37,17
1588617007.157196,173.194.188.105,10.10.0.10,,,443,45734,0,1358,17
1588617007.163088,173.194.188.105,10.10.0.10,,,443,45734,0,1358,17
1588617007.1649182,10.10.0.10,173.194.188.105,,,45734,443,0,37,17
1588617007.168976,173.194.188.105,10.10.0.10,,,443,45734,0,1358,17
1588617007.174866,173.194.188.105,10.10.0.10,,,443,45734,0,1358,17
1588617007.180751,173.194.188.105,10.10.0.10,,,443,45734,0,1358,17
1588617007.18664,173.194.188.105,10.10.0.10,,,443,45734,0,1358,17
1588617007.1925304,173.194.188.105,10.10.0.10,,,443,45734,0,1358,17
1588617007.198421,173.194.188.105,10.10.0.10,,,443,45734,0,1358,17
1588617007.2043002,173.194.188.105,10.10.0.10,,,443,45734,0,1358,17
1588617007.210202,173.194.188.105,10.10.0.10,,,443,45734,0,1358,17
1588617007.2160838,173.194.188.105,10.10.0.10,,,443,45734,0,1358,17
1588617007.221977,173.194.188.105,10.10.0.10,,,443,45734,0,1358,17
1588617007.227865,173.194.188.105,10.10.0.10,,,443,45734,0,1358,17
1588617007.23375,173.194.188.105,10.10.0.10,,,443,45734,0,1358,17
1588617007.239644,173.194.188.105,10.10.0.10,,,443,45734,0,1358,17
1588617007.245529,173.194.188.105,10.10.0.10,,,443,45734,0,1358,17
1588617007.2550278,10.10.0.10,173.194.188.105,,,45734,443,0,37,17
1588617007.256231,10.10.0.10,173.194.188.105,,,45734,443,0,37,17
1588617007.25932,173.194.188.105,10.10.0.10,,,443,45734,0,1358,17
1588617007.259375,173.194.188.105,10.10.0.10,,,443,45734,0,1358,17
1588617007.2647412,10.10.0.10,173.194.188.105,,,45734,443,0,37,17
1588617007.2652922,10.10.0.10,173.194.188.105,,,45734,443,0,37,17
1588617007.2676456,10.10.0.10,173.194.188.105,,,45734,443,0,50,17
1588617007.267737,173.194.188.105,10.10.0.10,,,443,45734,0,1358,17
1588617007.2696881,10.10.0.10,173.194.188.105,,,45734,443,0,37,17
1588617007.2702649,173.194.188.105,10.10.0.10,,,443,45734,0,1358,17
1588617007.271049,10.10.0.10,173.194.188.105,,,45734,443,0,37,17
1588617007.2735634,10.10.0.10,173.194.188.105,,,45734,443,0,37,17
1588617007.27421,10.10.0.10,173.194.188.105,,,45734,443,0,37,17
1588617007.276202,173.194.188.105,10.10.0.10,,,443,45734,0,29,17
1588617007.276392,173.194.188.105,10.10.0.10,,,443,45734,0,1358,17
1588617007.282346,173.194.188.105,10.10.0.10,,,443,45734,0,1358,17
1588617007.288235,173.194.188.105,10.10.0.10,,,443,45734,0,1358,17
1588617007.294123,173.194.188.105,10.10.0.10,,,443,45734,0,1358,17
1588617007.300016,173.194.188.105,10.10.0.10,,,443,45734,0,1358,17
1588617007.3059044,173.194.188.105,10.10.0.10,,,443,45734,0,1358,17
1588617007.311789,173.194.188.105,10.10.0.10,,,443,45734,0,1358,17
1588617007.3176515,173.194.188.105,10.10.0.10,,,443,45734,0,1358,17
1588617007.3235679,173.194.188.105,10.10.0.10,,,443,45734,0,1358,17
1588617007.3294618,173.194.188.105,10.10.0.10,,,443,45734,0,1358,17
1588617007.335274,173.194.188.105,10.10.0.10,,,443,45734,0,1358,17
1588617007.341239,173.194.188.105,10.10.0.10,,,443,45734,0,1358,17
1588617007.347128,173.194.188.105,10.10.0.10,,,443,45734,0,1358,17
1588617007.3530116,173.194.188.105,10.10.0.10,,,443,45734,0,1358,17
1588617007.358906,173.194.188.105,10.10.0.10,,,443,45734,0,1358,17
1588617007.364794,173.194.188.105,10.10.0.10,,,443,45734,0,1358,17
1588617007.37068,173.194.188.105,10.10.0.10,,,443,45734,0,1358,17
1588617007.3765721,173.194.188.105,10.10.0.10,,,443,45734,0,1358,17
1588617007.386689,10.10.0.10,173.194.188.105,,,45734,443,0,37,17
1588617007.389024,10.10.0.10,173.194.188.105,,,45734,443,0,37,17
1588617007.391028,10.10.0.10,173.194.188.105,,,45734,443,0,37,17
1588617007.3911376,173.194.188.105,10.10.0.10,,,443,45734,0,1358,17
1588617007.3916988,10.10.0.10,173.194.188.105,,,45734,443,0,37,17
1588617007.392082,10.10.0.10,173.194.188.105,,,45734,443,0,37,17
1588617007.393667,173.194.188.105,10.10.0.10,,,443,45734,0,1358,17
1588617007.396019,10.10.0.10,173.194.188.105,,,45734,443,0,37,17
1588617007.396197,173.194.188.105,10.10.0.10,,,443,45734,0,1358,17
1588617007.397125,10.10.0.10,173.194.188.105,,,45734,443,0,37,17
1588617007.4039235,173.194.188.105,10.10.0.10,,,443,45734,0,1358,17
1588617007.408008,173.194.188.105,10.10.0.10,,,443,45734,0,1358,17
1588617007.413898,173.194.188.105,10.10.0.10,,,443,45734,0,1358,17
1588617007.419715,173.194.188.105,10.10.0.10,,,443,45734,0,1358,17
1588617007.425614,173.194.188.105,10.10.0.10,,,443,45734,0,1358,17
1588617007.4306989,173.194.188.105,10.10.0.10,,,443,45734,0,1358,17
1588617007.4358258,173.194.188.105,10.10.0.10,,,443,45734,0,1358,17
1588617007.440938,173.194.188.105,10.10.0.10,,,443,45734,0,1358,17
1588617007.446017,173.194.188.105,10.10.0.10,,,443,45734,0,1358,17
1588617007.4511044,173.194.188.105,10.10.0.10,,,443,45734,0,1358,17
1588617007.492035,10.10.0.10,173.194.188.105,,,45734,443,0,37,17
1588617007.4941142,10.10.0.10,173.194.188.105,,,45734,443,0,37,17
1588617007.4962842,173.194.188.105,10.10.0.10,,,443,45734,0,1358,17
1588617007.4963431,173.194.188.105,10.10.0.10,,,443,45734,0,1358,17
1588617007.499827,10.10.0.10,173.194.188.105,,,45734,443,0,37,17
1588617007.502,10.10.0.10,173.194.188.105,,,45734,443,0,37,17
1588617007.503367,10.10.0.10,173.194.188.105,,,45734,443,0,37,17
1588617007.5038948,10.10.0.10,173.194.188.105,,,45734,443,0,37,17
1588617007.504097,173.194.188.105,10.10.0.10,,,443,45734,0,1358,17
1588617007.505768,173.194.188.105,10.10.0.10,,,443,45734,0,1358,17
1588617007.506941,10.10.0.10,173.194.188.105,,,45734,443,0,37,17
1588617007.5070002,10.10.0.10,173.194.188.105,,,45734,443,0,37,17
1588617007.508141,10.10.0.10,173.194.188.105,,,45734,443,0,50,17
1588617007.5082,10.10.0.10,173.194.188.105,,,45734,443,0,37,17
1588617007.509958,10.10.0.10,173.194.188.105,,,45734,443,0,37,17
1588617007.511844,173.194.188.105,10.10.0.10,,,443,45734,0,1358,17
1588617007.515955,173.194.188.105,10.10.0.10,,,443,45734,0,1358,17
1588617007.521038,173.194.188.105,10.10.0.10,,,443,45734,0,29,17
1588617007.5224464,173.194.188.105,10.10.0.10,,,443,45734,0,1358,17
1588617007.526294,173.194.188.105,10.10.0.10,,,443,45734,0,1358,17
1588617007.531384,173.194.188.105,10.10.0.10,,,443,45734,0,1358,17
1588617007.5364602,173.194.188.105,10.10.0.10,,,443,45734,0,1358,17
1588617007.5415962,173.194.188.105,10.10.0.10,,,443,45734,0,1358,17
1588617007.546665,173.194.188.105,10.10.0.10,,,443,45734,0,1358,17
1588617007.55172,173.194.188.105,10.10.0.10,,,443,45734,0,1358,17
1588617007.5568619,173.194.188.105,10.10.0.10,,,443,45734,0,1358,17
1588617007.5618901,173.194.188.105,10.10.0.10,,,443,45734,0,1358,17
1588617007.5670366,173.194.188.105,10.10.0.10,,,443,45734,0,1358,17
1588617007.572096,173.194.188.105,10.10.0.10,,,443,45734,0,1358,17
1588617007.577193,173.194.188.105,10.10.0.10,,,443,45734,0,1358,17
1588617007.582266,173.194.188.105,10.10.0.10,,,443,45734,0,1358,17
1588617007.587364,173.194.188.105,10.10.0.10,,,443,45734,0,1358,17
1588617007.592453,173.194.188.105,10.10.0.10,,,443,45734,0,1358,17
1588617007.5975628,173.194.188.105,10.10.0.10,,,443,45734,0,1358,17
1588617007.60265,173.194.188.105,10.10.0.10,,,443,45734,0,1358,17
1588617007.607743,173.194.188.105,10.10.0.10,,,443,45734,0,1358,17
1588617007.611916,10.10.0.10,173.194.188.105,,,45734,443,0,37,17
1588617007.6128302,173.194.188.105,10.10.0.10,,,443,45734,0,1358,17
1588617007.615695,10.10.0.10,173.194.188.105,,,45734,443,0,37,17
1588617007.6179,173.194.188.105,10.10.0.10,,,443,45734,0,1358,17
1588617007.6224391,10.10.0.10,173.194.188.105,,,45734,443,0,37,17
1588617007.6224804,10.10.0.10,173.194.188.105,,,45734,443,0,37,17
1588617007.622967,10.10.0.10,173.194.188.105,,,45734,443,0,37,17
1588617007.6232169,10.10.0.10,173.194.188.105,,,45734,443,0,37,17
1588617007.6235788,173.194.188.105,10.10.0.10,,,443,45734,0,1358,17
1588617007.6241992,10.10.0.10,173.194.188.105,,,45734,443,0,37,17
1588617007.6249769,10.10.0.10,173.194.188.105,,,45734,443,0,37,17
1588617007.626212,10.10.0.10,173.194.188.105,,,45734,443,0,37,17
1588617007.6267972,10.10.0.10,173.194.188.105,,,45734,443,0,37,17
1588617007.6280124,10.10.0.10,173.194.188.105,,,45734,443,0,37,17
1588617007.6286714,173.194.188.105,10.10.0.10,,,443,45734,0,1358,17
1588617007.630175,10.10.0.10,173.194.188.105,,,45734,443,0,37,17
1588617007.6337302,173.194.188.105,10.10.0.10,,,443,45734,0,1358,17
1588617007.638841,173.194.188.105,10.10.0.10,,,443,45734,0,1358,17
1588617007.6438944,173.194.188.105,10.10.0.10,,,443,45734,0,1358,17
1588617007.649014,173.194.188.105,10.10.0.10,,,443,45734,0,1358,17
1588617007.6541278,173.194.188.105,10.10.0.10,,,443,45734,0,1358,17
1588617007.659194,173.194.188.105,10.10.0.10,,,443,45734,0,1358,17
1588617007.664249,173.194.188.105,10.10.0.10,,,443,45734,0,1358,17
1588617007.6693635,173.194.188.105,10.10.0.10,,,443,45734,0,1358,17
1588617007.67448,173.194.188.105,10.10.0.10,,,443,45734,0,1358,17
1588617007.679568,173.194.188.105,10.10.0.10,,,443,45734,0,1358,17
1588617007.6846259,173.194.188.105,10.10.0.10,,,443,45734,0,1358,17
1588617007.689744,173.194.188.105,10.10.0.10,,,443,45734,0,1358,17
1588617007.6948054,173.194.188.105,10.10.0.10,,,443,45734,0,1358,17
1588617007.699917,173.194.188.105,10.10.0.10,,,443,45734,0,1358,17
1588617007.7050028,173.194.188.105,10.10.0.10,,,443,45734,0,1358,17
1588617007.7100909,173.194.188.105,10.10.0.10,,,443,45734,0,1358,17
1588617007.715179,173.194.188.105,10.10.0.10,,,443,45734,0,1358,17
1588617007.7202694,173.194.188.105,10.10.0.10,,,443,45734,0,1358,17
1588617007.7253554,173.194.188.105,10.10.0.10,,,443,45734,0,1358,17
1588617007.730401,173.194.188.105,10.10.0.10,,,443,45734,0,1358,17
1588617007.7304866,10.10.0.10,173.194.188.105,,,45734,443,0,37,17
1588617007.735499,173.194.188.105,10.10.0.10,,,443,45734,0,1358,17
1588617007.736383,10.10.0.10,173.194.188.105,,,45734,443,0,37,17
1588617007.740562,10.10.0.10,173.194.188.105,,,45734,443,0,37,17
1588617007.740579,173.194.188.105,10.10.0.10,,,443,45734,0,1358,17
1588617007.7406,10.10.0.10,173.194.188.105,,,45734,443,0,37,17
1588617007.741974,10.10.0.10,173.194.188.105,,,45734,443,0,37,17
1588617007.743028,10.10.0.10,173.194.188.105,,,45734,443,0,53,17
1588617007.7430658,10.10.0.10,173.194.188.105,,,45734,443,0,37,17
1588617007.743598,10.10.0.10,173.194.188.105,,,45734,443,0,37,17
1588617007.7450438,10.10.0.10,173.194.188.105,,,45734,443,0,37,17
1588617007.7455351,10.10.0.10,173.194.188.105,,,45734,443,0,37,17
1588617007.7456698,173.194.188.105,10.10.0.10,,,443,45734,0,1358,17
1588617007.748297,10.10.0.10,173.194.188.105,,,45734,443,0,37,17
1588617007.7498918,10.10.0.10,173.194.188.105,,,45734,443,0,37,17
1588617007.750795,173.194.188.105,10.10.0.10,,,443,45734,0,1358,17
1588617007.752521,10.10.0.10,173.194.188.105,,,45734,443,0,37,17
1588617007.755881,173.194.188.105,10.10.0.10,,,443,45734,0,1358,17
1588617007.7609751,173.194.188.105,10.10.0.10,,,443,45734,0,1358,17
1588617007.766062,173.194.188.105,10.10.0.10,,,443,45734,0,1358,17
1588617007.7711492,173.194.188.105,10.10.0.10,,,443,45734,0,1358,17
1588617007.7762358,173.194.188.105,10.10.0.10,,,443,45734,0,1358,17
1588617007.781324,173.194.188.105,10.10.0.10,,,443,45734,0,1358,17
1588617007.7864108,173.194.188.105,10.10.0.10,,,443,45734,0,1358,17
1588617007.791496,173.194.188.105,10.10.0.10,,,443,45734,0,1358,17
1588617007.7965848,173.194.188.105,10.10.0.10,,,443,45734,0,1358,17
1588617007.8016696,173.194.188.105,10.10.0.10,,,443,45734,0,1358,17
1588617007.8067558,173.194.188.105,10.10.0.10,,,443,45734,0,1358,17
1588617007.8118072,173.194.188.105,10.10.0.10,,,443,45734,0,1358,17
1588617007.8169308,173.194.188.105,10.10.0.10,,,443,45734,0,1358,17
1588617007.822021,173.194.188.105,10.10.0.10,,,443,45734,0,1358,17
1588617007.827108,173.194.188.105,10.10.0.10,,,443,45734,0,1358,17
1588617007.8321376,173.194.188.105,10.10.0.10,,,443,45734,0,1358,17
1588617007.83728,173.194.188.105,10.10.0.10,,,443,45734,0,1358,17
1588617007.842371,173.194.188.105,10.10.0.10,,,443,45734,0,1358,17
1588617007.847455,173.194.188.105,10.10.0.10,,,443,45734,0,1358,17
1588617007.850587,10.10.0.10,173.194.188.105,,,45734,443,0,37,17
1588617007.8525422,173.194.188.105,10.10.0.10,,,443,45734,0,1358,17
1588617007.8534946,10.10.0.10,173.194.188.105,,,45734,443,0,37,17
1588617007.8558366,10.10.0.10,173.194.188.105,,,45734,443,0,37,17
1588617007.8576288,173.194.188.105,10.10.0.10,,,443,45734,0,1358,17
1588617007.8578956,10.10.0.10,173.194.188.105,,,45734,443,0,37,17
1588617007.8589902,10.10.0.10,173.194.188.105,,,45734,443,0,37,17
1588617007.8600712,10.10.0.10,173.194.188.105,,,45734,443,0,37,17
1588617007.861544,10.10.0.10,173.194.188.105,,,45734,443,0,37,17
1588617007.862693,173.194.188.105,10.10.0.10,,,443,45734,0,1358,17
1588617007.8627179,10.10.0.10,173.194.188.105,,,45734,443,0,37,17
1588617007.86413,10.10.0.10,173.194.188.105,,,45734,443,0,37,17
1588617007.8647182,10.10.0.10,173.194.188.105,,,45734,443,0,37,17
1588617007.865689,10.10.0.10,173.194.188.105,,,45734,443,0,37,17
1588617007.8678026,173.194.188.105,10.10.0.10,,,443,45734,0,1358,17
1588617007.869313,10.10.0.10,173.194.188.105,,,45734,443,0,37,17
1588617007.8728259,173.194.188.105,10.10.0.10,,,443,45734,0,1358,17
1588617007.8779802,173.194.188.105,10.10.0.10,,,443,45734,0,1358,17
1588617007.883034,173.194.188.105,10.10.0.10,,,443,45734,0,1358,17
1588617007.8881528,173.194.188.105,10.10.0.10,,,443,45734,0,1358,17
1588617007.893241,173.194.188.105,10.10.0.10,,,443,45734,0,1358,17
1588617007.89833,173.194.188.105,10.10.0.10,,,443,45734,0,1358,17
1588617007.903416,173.194.188.105,10.10.0.10,,,443,45734,0,1358,17
1588617007.908509,173.194.188.105,10.10.0.10,,,443,45734,0,1358,17
1588617007.913592,173.194.188.105,10.10.0.10,,,443,45734,0,1358,17
1588617007.918678,173.194.188.105,10.10.0.10,,,443,45734,0,1358,17
1588617007.923766,173.194.188.105,10.10.0.10,,,443,45734,0,1358,17
1588617007.9288,173.194.188.105,10.10.0.10,,,443,45734,0,1358,17
1588617007.933884,173.194.188.105,10.10.0.10,,,443,45734,0,1358,17
1588617007.938968,173.194.188.105,10.10.0.10,,,443,45734,0,1358,17
1588617007.944058,173.194.188.105,10.10.0.10,,,443,45734,0,1358,17
1588617007.949208,173.194.188.105,10.10.0.10,,,443,45734,0,1358,17
1588617007.954298,173.194.188.105,10.10.0.10,,,443,45734,0,1358,17
1588617007.959384,173.194.188.105,10.10.0.10,,,443,45734,0,1358,17
1588617007.964471,173.194.188.105,10.10.0.10,,,443,45734,0,1358,17
1588617007.969556,173.194.188.105,10.10.0.10,,,443,45734,0,1358,17
1588617007.970741,10.10.0.10,173.194.188.105,,,45734,443,0,50,17
1588617007.9746456,173.194.188.105,10.10.0.10,,,443,45734,0,1358,17
1588617007.974979,10.10.0.10,173.194.188.105,,,45734,443,0,37,17
1588617007.976597,10.10.0.10,173.194.188.105,,,45734,443,0,37,17
1588617007.9788349,10.10.0.10,173.194.188.105,,,45734,443,0,37,17
1588617007.9794366,10.10.0.10,173.194.188.105,,,45734,443,0,37,17
1588617007.9796624,173.194.188.105,10.10.0.10,,,443,45734,0,1358,17
1588617007.981392,10.10.0.10,173.194.188.105,,,45734,443,0,37,17
1588617007.982048,10.10.0.10,173.194.188.105,,,45734,443,0,37,17
1588617007.9831526,10.10.0.10,173.194.188.105,,,45734,443,0,37,17
1588617007.9841251,10.10.0.10,173.194.188.105,,,45734,443,0,37,17
1588617007.984694,10.10.0.10,173.194.188.105,,,45734,443,0,37,17
1588617007.98482,173.194.188.105,10.10.0.10,,,443,45734,0,1358,17
1588617007.986174,10.10.0.10,173.194.188.105,,,45734,443,0,37,17
1588617007.9867,10.10.0.10,173.194.188.105,,,45734,443,0,37,17
1588617007.9899054,173.194.188.105,10.10.0.10,,,443,45734,0,1358,17
1588617007.9949946,173.194.188.105,10.10.0.10,,,443,45734,0,1358,17
1588617007.996927,10.10.0.10,173.194.188.105,,,45734,443,0,37,17
1588617008.00008,173.194.188.105,10.10.0.10,,,443,45734,0,1358,17
1588617008.0051718,173.194.188.105,10.10.0.10,,,443,45734,0,1358,17
1588617008.010259,173.194.188.105,10.10.0.10,,,443,45734,0,1358,17
1588617008.01531,173.194.188.105,10.10.0.10,,,443,45734,0,1358,17
1588617008.020433,173.194.188.105,10.10.0.10,,,443,45734,0,1358,17
1588617008.025523,173.194.188.105,10.10.0.10,,,443,45734,0,1358,17
1588617008.030607,173.194.188.105,10.10.0.10,,,443,45734,0,1358,17
1588617008.035656,173.194.188.105,10.10.0.10,,,443,45734,0,1358,17
1588617008.040782,173.194.188.105,10.10.0.10,,,443,45734,0,1358,17
1588617008.045845,173.194.188.105,10.10.0.10,,,443,45734,0,1358,17
1588617008.050961,173.194.188.105,10.10.0.10,,,443,45734,0,1358,17
1588617008.0560448,173.194.188.105,10.10.0.10,,,443,45734,0,1358,17
1588617008.061136,173.194.188.105,10.10.0.10,,,443,45734,0,1358,17
1588617008.0662222,173.194.188.105,10.10.0.10,,,443,45734,0,1358,17
1588617008.071306,173.194.188.105,10.10.0.10,,,443,45734,0,1358,17
1588617008.0763972,173.194.188.105,10.10.0.10,,,443,45734,0,1358,17
1588617008.081485,173.194.188.105,10.10.0.10,,,443,45734,0,1358,17
1588617008.086567,173.194.188.105,10.10.0.10,,,443,45734,0,1358,17
1588617008.091655,173.194.188.105,10.10.0.10,,,443,45734,0,1358,17
1588617008.0929725,10.10.0.10,173.194.188.105,,,45734,443,0,37,17
1588617008.095135,10.10.0.10,173.194.188.105,,,45734,443,0,37,17
1588617008.0967321,173.194.188.105,10.10.0.10,,,443,45734,0,1358,17
1588617008.0970595,10.10.0.10,173.194.188.105,,,45734,443,0,37,17
1588617008.098016,10.10.0.10,173.194.188.105,,,45734,443,0,37,17
1588617008.098592,10.10.0.10,173.194.188.105,,,45734,443,0,37,17
1588617008.1005511,10.10.0.10,173.194.188.105,,,45734,443,0,37,17
1588617008.1018178,173.194.188.105,10.10.0.10,,,443,45734,0,1358,17
1588617008.102515,10.10.0.10,173.194.188.105,,,45734,443,0,37,17
1588617008.102574,10.10.0.10,173.194.188.105,,,45734,443,0,50,17
1588617008.1040812,10.10.0.10,173.194.188.105,,,45734,443,0,37,17
1588617008.1041956,10.10.0.10,173.194.188.105,,,45734,443,0,37,17
1588617008.106911,173.194.188.105,10.10.0.10,,,443,45734,0,1358,17
1588617008.108553,10.10.0.10,173.194.188.105,,,45734,443,0,37,17
1588617008.1119642,173.194.188.105,10.10.0.10,,,443,45734,0,1358,17
1588617008.1170812,173.194.188.105,10.10.0.10,,,443,45734,0,1358,17
1588617008.122172,173.194.188.105,10.10.0.10,,,443,45734,0,1358,17
1588617008.1272602,173.194.188.105,10.10.0.10,,,443,45734,0,1358,17
1588617008.132349,173.194.188.105,10.10.0.10,,,443,45734,0,29,17
1588617008.132522,173.194.188.105,10.10.0.10,,,443,45734,0,1358,17
1588617008.1376612,173.194.188.105,10.10.0.10,,,443,45734,0,1358,17
1588617008.142752,173.194.188.105,10.10.0.10,,,443,45734,0,1358,17
1588617008.1478364,173.194.188.105,10.10.0.10,,,443,45734,0,1358,17
1588617008.152926,173.194.188.105,10.10.0.10,,,443,45734,0,1358,17
1588617008.1579485,173.194.188.105,10.10.0.10,,,443,45734,0,1358,17
1588617008.1630974,173.194.188.105,10.10.0.10,,,443,45734,0,1358,17
1588617008.168144,173.194.188.105,10.10.0.10,,,443,45734,0,1358,17
1588617008.173275,173.194.188.105,10.10.0.10,,,443,45734,0,1358,17
1588617008.178319,173.194.188.105,10.10.0.10,,,443,45734,0,1358,17
1588617008.1834528,173.194.188.105,10.10.0.10,,,443,45734,0,1358,17
1588617008.1885376,173.194.188.105,10.10.0.10,,,443,45734,0,1358,17
1588617008.193624,173.194.188.105,10.10.0.10,,,443,45734,0,1358,17
1588617008.1986911,173.194.188.105,10.10.0.10,,,443,45734,0,1358,17
1588617008.2037961,173.194.188.105,10.10.0.10,,,443,45734,0,1358,17
1588617008.2088542,173.194.188.105,10.10.0.10,,,443,45734,0,1358,17
1588617008.210534,10.10.0.10,173.194.188.105,,,45734,443,0,37,17
1588617008.2129998,10.10.0.10,173.194.188.105,,,45734,443,0,37,17
1588617008.21397,173.194.188.105,10.10.0.10,,,443,45734,0,1358,17
1588617008.2150588,10.10.0.10,173.194.188.105,,,45734,443,0,37,17
1588617008.2164588,10.10.0.10,173.194.188.105,,,45734,443,0,37,17
1588617008.2165732,10.10.0.10,173.194.188.105,,,45734,443,0,37,17
1588617008.2180884,10.10.0.10,173.194.188.105,,,45734,443,0,37,17
1588617008.2190561,173.194.188.105,10.10.0.10,,,443,45734,0,1358,17
1588617008.2191699,10.10.0.10,173.194.188.105,,,45734,443,0,37,17
1588617008.2201822,10.10.0.10,173.194.188.105,,,45734,443,0,37,17
1588617008.22085,10.10.0.10,173.194.188.105,,,45734,443,0,37,17
1588617008.2241461,173.194.188.105,10.10.0.10,,,443,45734,0,1358,17
1588617008.224456,10.10.0.10,173.194.188.105,,,45734,443,0,37,17
1588617008.22472,10.10.0.10,173.194.188.105,,,45734,443,0,37,17
1588617008.226816,10.10.0.10,173.194.188.105,,,45734,443,0,37,17
1588617008.2291892,173.194.188.105,10.10.0.10,,,443,45734,0,1358,17
1588617008.234319,173.194.188.105,10.10.0.10,,,443,45734,0,1358,17
1588617008.236921,10.10.0.10,173.194.188.105,,,45734,443,0,37,17
1588617008.239391,173.194.188.105,10.10.0.10,,,443,45734,0,1358,17
1588617008.244492,173.194.188.105,10.10.0.10,,,443,45734,0,1358,17
1588617008.2495182,173.194.188.105,10.10.0.10,,,443,45734,0,1358,17
1588617008.2546682,173.194.188.105,10.10.0.10,,,443,45734,0,1358,17
1588617008.259729,173.194.188.105,10.10.0.10,,,443,45734,0,1358,17
1588617008.264842,173.194.188.105,10.10.0.10,,,443,45734,0,1358,17
1588617008.269929,173.194.188.105,10.10.0.10,,,443,45734,0,1358,17
1588617008.275017,173.194.188.105,10.10.0.10,,,443,45734,0,1358,17
1588617008.280104,173.194.188.105,10.10.0.10,,,443,45734,0,1358,17
1588617008.2851946,173.194.188.105,10.10.0.10,,,443,45734,0,1358,17
1588617008.2902794,173.194.188.105,10.10.0.10,,,443,45734,0,1358,17
1588617008.295348,173.194.188.105,10.10.0.10,,,443,45734,0,1358,17
1588617008.300457,173.194.188.105,10.10.0.10,,,443,45734,0,1358,17
1588617008.3055398,173.194.188.105,10.10.0.10,,,443,45734,0,1358,17
1588617008.310628,173.194.188.105,10.10.0.10,,,443,45734,0,1358,17
1588617008.3157198,173.194.188.105,10.10.0.10,,,443,45734,0,1358,17
1588617008.320806,173.194.188.105,10.10.0.10,,,443,45734,0,1358,17
1588617008.3258278,173.194.188.105,10.10.0.10,,,443,45734,0,1358,17
1588617008.330975,173.194.188.105,10.10.0.10,,,443,45734,0,1358,17
1588617008.3319151,10.10.0.10,173.194.188.105,,,45734,443,0,37,17
1588617008.334352,10.10.0.10,173.194.188.105,,,45734,443,0,37,17
1588617008.334411,10.10.0.10,173.194.188.105,,,45734,443,0,37,17
1588617008.334506,10.10.0.10,173.194.188.105,,,45734,443,0,50,17
1588617008.336051,173.194.188.105,10.10.0.10,,,443,45734,0,1358,17
1588617008.336368,10.10.0.10,173.194.188.105,,,45734,443,0,37,17
1588617008.3365526,10.10.0.10,173.194.188.105,,,45734,443,0,37,17
1588617008.338079,10.10.0.10,173.194.188.105,,,45734,443,0,37,17
1588617008.34115,173.194.188.105,10.10.0.10,,,443,45734,0,1358,17
1588617008.341216,10.10.0.10,173.194.188.105,,,45734,443,0,37,17
1588617008.341281,10.10.0.10,173.194.188.105,,,45734,443,0,37,17
1588617008.3442118,10.10.0.10,173.194.188.105,,,45734,443,0,37,17
1588617008.346208,173.194.188.105,10.10.0.10,,,443,45734,0,1358,17
1588617008.3490472,10.10.0.10,173.194.188.105,,,45734,443,0,37,17
1588617008.35129,173.194.188.105,10.10.0.10,,,443,45734,0,1358,17
1588617008.356383,173.194.188.105,10.10.0.10,,,443,45734,0,1358,17
1588617008.3614988,173.194.188.105,10.10.0.10,,,443,45734,0,1358,17
1588617008.366587,173.194.188.105,10.10.0.10,,,443,45734,0,1358,17
1588617008.3716779,173.194.188.105,10.10.0.10,,,443,45734,0,29,17
1588617008.3718338,173.194.188.105,10.10.0.10,,,443,45734,0,1358,17
1588617008.376992,173.194.188.105,10.10.0.10,,,443,45734,0,1358,17
1588617008.382084,173.194.188.105,10.10.0.10,,,443,45734,0,1358,17
1588617008.387167,173.194.188.105,10.10.0.10,,,443,45734,0,1358,17
1588617008.392257,173.194.188.105,10.10.0.10,,,443,45734,0,1358,17
1588617008.397341,173.194.188.105,10.10.0.10,,,443,45734,0,1358,17
1588617008.402432,173.194.188.105,10.10.0.10,,,443,45734,0,1358,17
1588617008.4075189,173.194.188.105,10.10.0.10,,,443,45734,0,1358,17
1588617008.412606,173.194.188.105,10.10.0.10,,,443,45734,0,1358,17
1588617008.4176931,173.194.188.105,10.10.0.10,,,443,45734,0,1358,17
1588617008.422777,173.194.188.105,10.10.0.10,,,443,45734,0,1358,17
1588617008.4278061,173.194.188.105,10.10.0.10,,,443,45734,0,1358,17
1588617008.4328818,173.194.188.105,10.10.0.10,,,443,45734,0,1358,17
1588617008.4379704,173.194.188.105,10.10.0.10,,,443,45734,0,1358,17
1588617008.443057,173.194.188.105,10.10.0.10,,,443,45734,0,1358,17
1588617008.448144,173.194.188.105,10.10.0.10,,,443,45734,0,1358,17
1588617008.4493961,10.10.0.10,173.194.188.105,,,45734,443,0,37,17
1588617008.451515,10.10.0.10,173.194.188.105,,,45734,443,0,37,17
1588617008.4533012,173.194.188.105,10.10.0.10,,,443,45734,0,1358,17
1588617008.455807,10.10.0.10,173.194.188.105,,,45734,443,0,37,17
1588617008.458374,173.194.188.105,10.10.0.10,,,443,45734,0,1358,17
1588617008.4597619,10.10.0.10,173.194.188.105,,,45734,443,0,37,17
1588617008.4598286,10.10.0.10,173.194.188.105,,,45734,443,0,37,17
1588617008.4598482,10.10.0.10,173.194.188.105,,,45734,443,0,37,17
1588617008.4600608,10.10.0.10,173.194.188.105,,,45734,443,0,37,17
1588617008.4625475,10.10.0.10,173.194.188.105,,,45734,443,0,37,17
1588617008.4626234,10.10.0.10,173.194.188.105,,,45734,443,0,37,17
1588617008.463447,173.194.188.105,10.10.0.10,,,443,45734,0,1358,17
1588617008.4645052,10.10.0.10,173.194.188.105,,,45734,443,0,37,17
1588617008.46472,10.10.0.10,173.194.188.105,,,45734,443,0,37,17
1588617008.468534,173.194.188.105,10.10.0.10,,,443,45734,0,1358,17
1588617008.470362,10.10.0.10,173.194.188.105,,,45734,443,0,37,17
1588617008.47365,173.194.188.105,10.10.0.10,,,443,45734,0,1358,17
1588617008.478722,173.194.188.105,10.10.0.10,,,443,45734,0,1358,17
1588617008.483784,173.194.188.105,10.10.0.10,,,443,45734,0,1358,17
1588617008.488916,173.194.188.105,10.10.0.10,,,443,45734,0,1358,17
1588617008.493999,173.194.188.105,10.10.0.10,,,443,45734,0,1358,17
1588617008.49909,173.194.188.105,10.10.0.10,,,443,45734,0,1358,17
1588617008.5041466,173.194.188.105,10.10.0.10,,,443,45734,0,1358,17
1588617008.5092616,173.194.188.105,10.10.0.10,,,443,45734,0,1358,17
1588617008.5143492,173.194.188.105,10.10.0.10,,,443,45734,0,1358,17
1588617008.519439,173.194.188.105,10.10.0.10,,,443,45734,0,1358,17
1588617008.5245225,173.194.188.105,10.10.0.10,,,443,45734,0,1358,17
1588617008.529591,173.194.188.105,10.10.0.10,,,443,45734,0,1358,17
1588617008.534643,173.194.188.105,10.10.0.10,,,443,45734,0,1358,17
1588617008.5397172,173.194.188.105,10.10.0.10,,,443,45734,0,1358,17
1588617008.544862,173.194.188.105,10.10.0.10,,,443,45734,0,1358,17
1588617008.549925,173.194.188.105,10.10.0.10,,,443,45734,0,1358,17
1588617008.5549798,173.194.188.105,10.10.0.10,,,443,45734,0,1358,17
1588617008.5600748,173.194.188.105,10.10.0.10,,,443,45734,0,1358,17
1588617008.565164,173.194.188.105,10.10.0.10,,,443,45734,0,1358,17
1588617008.5703056,173.194.188.105,10.10.0.10,,,443,45734,0,1358,17
1588617008.570339,10.10.0.10,173.194.188.105,,,45734,443,0,50,17
1588617008.5743132,10.10.0.10,173.194.188.105,,,45734,443,0,37,17
1588617008.575325,173.194.188.105,10.10.0.10,,,443,45734,0,1358,17
1588617008.576692,10.10.0.10,173.194.188.105,,,45734,443,0,37,17
1588617008.576731,10.10.0.10,173.194.188.105,,,45734,443,0,37,17
1588617008.5781212,10.10.0.10,173.194.188.105,,,45734,443,0,37,17
1588617008.578161,10.10.0.10,173.194.188.105,,,45734,443,0,37,17
1588617008.5795438,10.10.0.10,173.194.188.105,,,45734,443,0,37,17
1588617008.5800538,10.10.0.10,173.194.188.105,,,45734,443,0,37,17
1588617008.5804482,173.194.188.105,10.10.0.10,,,443,45734,0,1358,17
1588617008.581568,10.10.0.10,173.194.188.105,,,45734,443,0,37,17
1588617008.582535,10.10.0.10,173.194.188.105,,,45734,443,0,37,17
1588617008.5834134,10.10.0.10,173.194.188.105,,,45734,443,0,37,17
1588617008.5855331,173.194.188.105,10.10.0.10,,,443,45734,0,1358,17
1588617008.5872445,10.10.0.10,173.194.188.105,,,45734,443,0,37,17
1588617008.5906286,173.194.188.105,10.10.0.10,,,443,45734,0,1358,17
1588617008.595709,173.194.188.105,10.10.0.10,,,443,45734,0,1358,17
1588617008.597359,10.10.0.10,173.194.188.105,,,45734,443,0,37,17
1588617008.6007652,173.194.188.105,10.10.0.10,,,443,45734,0,1358,17
1588617008.6058571,173.194.188.105,10.10.0.10,,,443,45734,0,1358,17
1588617008.611009,173.194.188.105,10.10.0.10,,,443,45734,0,1358,17
1588617008.616082,173.194.188.105,10.10.0.10,,,443,45734,0,1358,17
1588617008.6211689,173.194.188.105,10.10.0.10,,,443,45734,0,1358,17
1588617008.626258,173.194.188.105,10.10.0.10,,,443,45734,0,1358,17
1588617008.6313438,173.194.188.105,10.10.0.10,,,443,45734,0,1358,17
1588617008.6363811,173.194.188.105,10.10.0.10,,,443,45734,0,1358,17
1588617008.641466,173.194.188.105,10.10.0.10,,,443,45734,0,1358,17
1588617008.646586,173.194.188.105,10.10.0.10,,,443,45734,0,1358,17
1588617008.6516454,173.194.188.105,10.10.0.10,,,443,45734,0,1358,17
1588617008.6567779,173.194.188.105,10.10.0.10,,,443,45734,0,1358,17
1588617008.6618679,173.194.188.105,10.10.0.10,,,443,45734,0,1358,17
1588617008.666897,173.194.188.105,10.10.0.10,,,443,45734,0,1358,17
1588617008.6719868,173.194.188.105,10.10.0.10,,,443,45734,0,1358,17
1588617008.677133,173.194.188.105,10.10.0.10,,,443,45734,0,1358,17
1588617008.682192,173.194.188.105,10.10.0.10,,,443,45734,0,1358,17
1588617008.6872852,173.194.188.105,10.10.0.10,,,443,45734,0,1358,17
1588617008.692367,173.194.188.105,10.10.0.10,,,443,45734,0,1358,17
1588617008.693288,10.10.0.10,173.194.188.105,,,45734,443,0,37,17
1588617008.694702,10.10.0.10,173.194.188.105,,,45734,443,0,37,17
1588617008.696126,10.10.0.10,173.194.188.105,,,45734,443,0,37,17
1588617008.6967251,10.10.0.10,173.194.188.105,,,45734,443,0,37,17
1588617008.697458,173.194.188.105,10.10.0.10,,,443,45734,0,1358,17
1588617008.697793,10.10.0.10,173.194.188.105,,,45734,443,0,37,17
1588617008.7004864,10.10.0.10,173.194.188.105,,,45734,443,0,37,17
1588617008.7005332,10.10.0.10,173.194.188.105,,,45734,443,0,37,17
1588617008.7020829,10.10.0.10,173.194.188.105,,,45734,443,0,50,17
1588617008.7021296,10.10.0.10,173.194.188.105,,,45734,443,0,37,17
1588617008.702541,173.194.188.105,10.10.0.10,,,443,45734,0,1358,17
1588617008.7035306,10.10.0.10,173.194.188.105,,,45734,443,0,37,17
1588617008.707666,173.194.188.105,10.10.0.10,,,443,45734,0,1358,17
1588617008.709728,10.10.0.10,173.194.188.105,,,45734,443,0,37,17
1588617008.7127519,173.194.188.105,10.10.0.10,,,443,45734,0,1358,17
1588617008.717839,173.194.188.105,10.10.0.10,,,443,45734,0,1358,17
1588617008.722929,173.194.188.105,10.10.0.10,,,443,45734,0,1358,17
1588617008.728014,173.194.188.105,10.10.0.10,,,443,45734,0,1358,17
1588617008.733104,173.194.188.105,10.10.0.10,,,443,45734,0,1358,17
1588617008.738122,173.194.188.105,10.10.0.10,,,443,45734,0,1358,17
1588617008.743279,173.194.188.105,10.10.0.10,,,443,45734,0,1358,17
1588617008.7483642,173.194.188.105,10.10.0.10,,,443,45734,0,1358,17
1588617008.75345,173.194.188.105,10.10.0.10,,,443,45734,0,1358,17
1588617008.758542,173.194.188.105,10.10.0.10,,,443,45734,0,1358,17
1588617008.7636292,173.194.188.105,10.10.0.10,,,443,45734,0,1358,17
1588617008.768716,173.194.188.105,10.10.0.10,,,443,45734,0,1358,17
1588617008.7738042,173.194.188.105,10.10.0.10,,,443,45734,0,1358,17
1588617008.7788901,173.194.188.105,10.10.0.10,,,443,45734,0,1358,17
1588617008.783977,173.194.188.105,10.10.0.10,,,443,45734,0,1358,17
1588617008.7890382,173.194.188.105,10.10.0.10,,,443,45734,0,1358,17
1588617008.794152,173.194.188.105,10.10.0.10,,,443,45734,0,1358,17
1588617008.7992349,173.194.188.105,10.10.0.10,,,443,45734,0,1358,17
1588617008.804323,173.194.188.105,10.10.0.10,,,443,45734,0,1358,17
1588617008.809386,173.194.188.105,10.10.0.10,,,443,45734,0,1358,17
1588617008.8102524,10.10.0.10,173.194.188.105,,,45734,443,0,37,17
1588617008.813784,10.10.0.10,173.194.188.105,,,45734,443,0,37,17
1588617008.813832,10.10.0.10,173.194.188.105,,,45734,443,0,37,17
1588617008.814472,173.194.188.105,10.10.0.10,,,443,45734,0,1358,17
1588617008.8157306,10.10.0.10,173.194.188.105,,,45734,443,0,37,17
1588617008.8171322,10.10.0.10,173.194.188.105,,,45734,443,0,37,17
1588617008.819407,10.10.0.10,173.194.188.105,,,45734,443,0,37,17
1588617008.819566,173.194.188.105,10.10.0.10,,,443,45734,0,1358,17
1588617008.820863,10.10.0.10,173.194.188.105,,,45734,443,0,37,17
1588617008.82093,10.10.0.10,173.194.188.105,,,45734,443,0,37,17
1588617008.8237562,10.10.0.10,173.194.188.105,,,45734,443,0,37,17
1588617008.824671,173.194.188.105,10.10.0.10,,,443,45734,0,1358,17
1588617008.8266268,10.10.0.10,173.194.188.105,,,45734,443,0,37,17
1588617008.8268762,10.10.0.10,173.194.188.105,,,45734,443,0,37,17
1588617008.827112,10.10.0.10,173.194.188.105,,,45734,443,0,37,17
1588617008.8297222,173.194.188.105,10.10.0.10,,,443,45734,0,1358,17
1588617008.8348448,173.194.188.105,10.10.0.10,,,443,45734,0,1358,17
1588617008.8368998,10.10.0.10,173.194.188.105,,,45734,443,0,37,17
1588617008.8399382,173.194.188.105,10.10.0.10,,,443,45734,0,1358,17
1588617008.845022,173.194.188.105,10.10.0.10,,,443,45734,0,1358,17
1588617008.85011,173.194.188.105,10.10.0.10,,,443,45734,0,1358,17
1588617008.855203,173.194.188.105,10.10.0.10,,,443,45734,0,1358,17
1588617008.860283,173.194.188.105,10.10.0.10,,,443,45734,0,1358,17
1588617008.8653731,173.194.188.105,10.10.0.10,,,443,45734,0,1358,17
1588617008.8704581,173.194.188.105,10.10.0.10,,,443,45734,0,1358,17
1588617008.875546,173.194.188.105,10.10.0.10,,,443,45734,0,1358,17
1588617008.880631,173.194.188.105,10.10.0.10,,,443,45734,0,1358,17
1588617008.8856962,173.194.188.105,10.10.0.10,,,443,45734,0,1358,17
1588617008.890809,173.194.188.105,10.10.0.10,,,443,45734,0,1358,17
1588617008.895895,173.194.188.105,10.10.0.10,,,443,45734,0,1358,17
1588617008.900985,173.194.188.105,10.10.0.10,,,443,45734,0,1358,17
1588617008.9060712,173.194.188.105,10.10.0.10,,,443,45734,0,1358,17
1588617008.911155,173.194.188.105,10.10.0.10,,,443,45734,0,1358,17
1588617008.9162438,173.194.188.105,10.10.0.10,,,443,45734,0,1358,17
1588617008.921263,173.194.188.105,10.10.0.10,,,443,45734,0,1358,17
1588617008.926354,173.194.188.105,10.10.0.10,,,443,45734,0,1358,17
1588617008.931477,173.194.188.105,10.10.0.10,,,443,45734,0,1358,17
1588617008.9336214,10.10.0.10,173.194.188.105,,,45734,443,0,37,17
1588617008.9346619,10.10.0.10,173.194.188.105,,,45734,443,0,37,17
1588617008.935369,10.10.0.10,173.194.188.105,,,45734,443,0,37,17
1588617008.936574,173.194.188.105,10.10.0.10,,,443,45734,0,1358,17
1588617008.936935,10.10.0.10,173.194.188.105,,,45734,443,0,50,17
1588617008.9384818,10.10.0.10,173.194.188.105,,,45734,443,0,37,17
1588617008.9390619,10.10.0.10,173.194.188.105,,,45734,443,0,37,17
1588617008.941658,173.194.188.105,10.10.0.10,,,443,45734,0,1358,17
1588617008.9416852,10.10.0.10,173.194.188.105,,,45734,443,0,37,17
1588617008.9417171,10.10.0.10,173.194.188.105,,,45734,443,0,37,17
1588617008.9422908,10.10.0.10,173.194.188.105,,,45734,443,0,37,17
1588617008.943769,10.10.0.10,173.194.188.105,,,45734,443,0,37,17
1588617008.946739,173.194.188.105,10.10.0.10,,,443,45734,0,1358,17
1588617008.9483078,10.10.0.10,173.194.188.105,,,45734,443,0,37,17
1588617008.9518268,173.194.188.105,10.10.0.10,,,443,45734,0,29,17
1588617008.9520442,173.194.188.105,10.10.0.10,,,443,45734,0,1358,17
1588617008.957177,173.194.188.105,10.10.0.10,,,443,45734,0,1358,17
1588617008.962267,173.194.188.105,10.10.0.10,,,443,45734,0,1358,17
1588617008.967352,173.194.188.105,10.10.0.10,,,443,45734,0,1358,17
1588617008.972444,173.194.188.105,10.10.0.10,,,443,45734,0,1358,17
1588617008.9775288,173.194.188.105,10.10.0.10,,,443,45734,0,1358,17
1588617008.9826188,173.194.188.105,10.10.0.10,,,443,45734,0,1358,17
1588617008.9877028,173.194.188.105,10.10.0.10,,,443,45734,0,1358,17
1588617008.992791,173.194.188.105,10.10.0.10,,,443,45734,0,1358,17
1588617008.997876,173.194.188.105,10.10.0.10,,,443,45734,0,1358,17
1588617009.0029662,173.194.188.105,10.10.0.10,,,443,45734,0,1358,17
1588617009.008051,173.194.188.105,10.10.0.10,,,443,45734,0,1358,17
1588617009.013142,173.194.188.105,10.10.0.10,,,443,45734,0,1358,17
1588617009.018226,173.194.188.105,10.10.0.10,,,443,45734,0,1358,17
1588617009.023317,173.194.188.105,10.10.0.10,,,443,45734,0,1358,17
1588617009.0284052,173.194.188.105,10.10.0.10,,,443,45734,0,1358,17
1588617009.0334911,173.194.188.105,10.10.0.10,,,443,45734,0,1358,17
1588617009.038578,173.194.188.105,10.10.0.10,,,443,45734,0,1358,17
1588617009.0436661,173.194.188.105,10.10.0.10,,,443,45734,0,1358,17
1588617009.048753,173.194.188.105,10.10.0.10,,,443,45734,0,1358,17
1588617009.0490658,10.10.0.10,173.194.188.105,,,45734,443,0,37,17
1588617009.0537882,173.194.188.105,10.10.0.10,,,443,45734,0,1358,17
1588617009.054157,10.10.0.10,173.194.188.105,,,45734,443,0,37,17
1588617009.0541961,10.10.0.10,173.194.188.105,,,45734,443,0,37,17
1588617009.0544374,10.10.0.10,173.194.188.105,,,45734,443,0,37,17
1588617009.054558,10.10.0.10,173.194.188.105,,,45734,443,0,37,17
1588617009.057209,10.10.0.10,173.194.188.105,,,45734,443,0,37,17
1588617009.0588589,173.194.188.105,10.10.0.10,,,443,45734,0,1358,17
1588617009.060979,10.10.0.10,173.194.188.105,,,45734,443,0,37,17
1588617009.0611231,10.10.0.10,173.194.188.105,,,45734,443,0,37,17
1588617009.0616882,10.10.0.10,173.194.188.105,,,45734,443,0,37,17
1588617009.0618932,10.10.0.10,173.194.188.105,,,45734,443,0,37,17
1588617009.0630634,10.10.0.10,173.194.188.105,,,45734,443,0,37,17
1588617009.063976,173.194.188.105,10.10.0.10,,,443,45734,0,1358,17
1588617009.0670366,10.10.0.10,173.194.188.105,,,45734,443,0,37,17
1588617009.069062,173.194.188.105,10.10.0.10,,,443,45734,0,1358,17
1588617009.074151,173.194.188.105,10.10.0.10,,,443,45734,0,1358,17
1588617009.0765786,10.10.0.10,173.194.188.105,,,45734,443,0,50,17
1588617009.079271,173.194.188.105,10.10.0.10,,,443,45734,0,1358,17
1588617009.0843241,173.194.188.105,10.10.0.10,,,443,45734,0,1358,17
1588617009.089457,173.194.188.105,10.10.0.10,,,443,45734,0,1358,17
1588617009.0945392,173.194.188.105,10.10.0.10,,,443,45734,0,29,17
1588617009.094684,173.194.188.105,10.10.0.10,,,443,45734,0,1358,17
1588617009.0998142,173.194.188.105,10.10.0.10,,,443,45734,0,1358,17
1588617009.104943,173.194.188.105,10.10.0.10,,,443,45734,0,1358,17
1588617009.110026,173.194.188.105,10.10.0.10,,,443,45734,0,1358,17
1588617009.115113,173.194.188.105,10.10.0.10,,,443,45734,0,1358,17
1588617009.1202052,173.194.188.105,10.10.0.10,,,443,45734,0,1358,17
1588617009.125292,173.194.188.105,10.10.0.10,,,443,45734,0,1358,17
1588617009.130373,173.194.188.105,10.10.0.10,,,443,45734,0,1358,17
1588617009.1354249,173.194.188.105,10.10.0.10,,,443,45734,0,1358,17
1588617009.140553,173.194.188.105,10.10.0.10,,,443,45734,0,1358,17
1588617009.1456409,173.194.188.105,10.10.0.10,,,443,45734,0,1358,17
1588617009.150729,173.194.188.105,10.10.0.10,,,443,45734,0,1358,17
1588617009.155816,173.194.188.105,10.10.0.10,,,443,45734,0,1358,17
1588617009.1608849,173.194.188.105,10.10.0.10,,,443,45734,0,1358,17
1588617009.16599,173.194.188.105,10.10.0.10,,,443,45734,0,1358,17
1588617009.171074,173.194.188.105,10.10.0.10,,,443,45734,0,1358,17
1588617009.173872,10.10.0.10,173.194.188.105,,,45734,443,0,37,17
1588617009.1748278,10.10.0.10,173.194.188.105,,,45734,443,0,37,17
1588617009.1761308,173.194.188.105,10.10.0.10,,,443,45734,0,1358,17
1588617009.1779482,10.10.0.10,173.194.188.105,,,45734,443,0,37,17
1588617009.1791446,10.10.0.10,173.194.188.105,,,45734,443,0,37,17
1588617009.179343,10.10.0.10,173.194.188.105,,,45734,443,0,37,17
1588617009.179878,10.10.0.10,173.194.188.105,,,45734,443,0,37,17
1588617009.1805148,10.10.0.10,173.194.188.105,,,45734,443,0,37,17
1588617009.1812189,173.194.188.105,10.10.0.10,,,443,45734,0,1104,17
1588617009.1834042,10.10.0.10,173.194.188.105,,,45734,443,0,37,17
1588617009.184017,10.10.0.10,173.194.188.105,,,45734,443,0,37,17
1588617009.185167,10.10.0.10,173.194.188.105,,,45734,443,0,37,17
1588617009.289206,10.10.0.10,173.194.188.105,,,45734,443,0,738,17
1588617009.2892652,10.10.0.10,173.194.188.105,,,45734,443,0,48,17
1588617009.293649,173.194.188.105,10.10.0.10,,,443,45734,0,115,17
1588617009.2937012,173.194.188.105,10.10.0.10,,,443,45734,0,1358,17
1588617009.293727,173.194.188.105,10.10.0.10,,,443,45734,0,1358,17
1588617009.2964518,10.10.0.10,173.194.188.105,,,45734,443,0,37,17
1588617009.298564,173.194.188.105,10.10.0.10,,,443,45734,0,1358,17
1588617009.301773,10.10.0.10,173.194.188.105,,,45734,443,0,37,17
1588617009.303679,173.194.188.105,10.10.0.10,,,443,45734,0,1358,17
1588617009.308773,173.194.188.105,10.10.0.10,,,443,45734,0,1358,17
1588617009.3110845,10.10.0.10,173.194.188.105,,,45734,443,0,37,17
1588617009.313865,173.194.188.105,10.10.0.10,,,443,45734,0,1358,17
1588617009.3189466,173.194.188.105,10.10.0.10,,,443,45734,0,1358,17
1588617009.324001,173.194.188.105,10.10.0.10,,,443,45734,0,1358,17
1588617009.3283641,10.10.0.10,173.194.188.105,,,45734,443,0,37,17
1588617009.3290932,173.194.188.105,10.10.0.10,,,443,45734,0,1358,17
1588617009.3307822,10.10.0.10,173.194.188.105,,,45734,443,0,37,17
1588617009.3342042,173.194.188.105,10.10.0.10,,,443,45734,0,1358,17
1588617009.3392956,173.194.188.105,10.10.0.10,,,443,45734,0,1358,17
1588617009.343873,10.10.0.10,173.194.188.105,,,45734,443,0,37,17
1588617009.3443394,173.194.188.105,10.10.0.10,,,443,45734,0,1358,17
1588617009.3494658,173.194.188.105,10.10.0.10,,,443,45734,0,1358,17
1588617009.3512142,10.10.0.10,173.194.188.105,,,45734,443,0,37,17
1588617009.354551,173.194.188.105,10.10.0.10,,,443,45734,0,1358,17
1588617009.359638,173.194.188.105,10.10.0.10,,,443,45734,0,1358,17
1588617009.3624249,10.10.0.10,173.194.188.105,,,45734,443,0,37,17
1588617009.364727,173.194.188.105,10.10.0.10,,,443,45734,0,1358,17
1588617009.369815,173.194.188.105,10.10.0.10,,,443,45734,0,1358,17
1588617009.3715134,10.10.0.10,173.194.188.105,,,45734,443,0,37,17
1588617009.374901,173.194.188.105,10.10.0.10,,,443,45734,0,1358,17
1588617009.3799868,173.194.188.105,10.10.0.10,,,443,45734,0,1358,17
1588617009.381648,10.10.0.10,173.194.188.105,,,45734,443,0,37,17
1588617009.3850772,173.194.188.105,10.10.0.10,,,443,45734,0,1358,17
1588617009.3866682,10.10.0.10,173.194.188.105,,,45734,443,0,40,17
1588617009.3901641,173.194.188.105,10.10.0.10,,,443,45734,0,1358,17
1588617009.392533,10.10.0.10,173.194.188.105,,,45734,443,0,37,17
1588617009.3952222,173.194.188.105,10.10.0.10,,,443,45734,0,1358,17
1588617009.4003382,173.194.188.105,10.10.0.10,,,443,45734,0,1358,17
1588617009.402211,10.10.0.10,173.194.188.105,,,45734,443,0,37,17
1588617009.4053948,173.194.188.105,10.10.0.10,,,443,45734,0,1358,17
1588617009.410514,173.194.188.105,10.10.0.10,,,443,45734,0,1358,17
1588617009.4124212,10.10.0.10,173.194.188.105,,,45734,443,0,37,17
1588617009.4156,173.194.188.105,10.10.0.10,,,443,45734,0,1358,17
1588617009.420687,173.194.188.105,10.10.0.10,,,443,45734,0,1358,17
1588617009.4228518,10.10.0.10,173.194.188.105,,,45734,443,0,37,17
1588617009.425778,173.194.188.105,10.10.0.10,,,443,45734,0,1358,17
1588617009.430826,173.194.188.105,10.10.0.10,,,443,45734,0,1358,17
1588617009.4325054,10.10.0.10,173.194.188.105,,,45734,443,0,37,17
1588617009.4359481,173.194.188.105,10.10.0.10,,,443,45734,0,1358,17
1588617009.4410362,173.194.188.105,10.10.0.10,,,443,45734,0,1358,17
1588617009.443017,10.10.0.10,173.194.188.105,,,45734,443,0,37,17
1588617009.4461222,173.194.188.105,10.10.0.10,,,443,45734,0,1358,17
1588617009.45121,173.194.188.105,10.10.0.10,,,443,45734,0,1358,17
1588617009.4531386,10.10.0.10,173.194.188.105,,,45734,443,0,37,17
1588617009.4562972,173.194.188.105,10.10.0.10,,,443,45734,0,1358,17
1588617009.461387,173.194.188.105,10.10.0.10,,,443,45734,0,1358,17
1588617009.46469,10.10.0.10,173.194.188.105,,,45734,443,0,37,17
1588617009.4664724,173.194.188.105,10.10.0.10,,,443,45734,0,1358,17
1588617009.47156,173.194.188.105,10.10.0.10,,,443,45734,0,1358,17
1588617009.473375,10.10.0.10,173.194.188.105,,,45734,443,0,50,17
1588617009.476651,173.194.188.105,10.10.0.10,,,443,45734,0,1358,17
1588617009.4817386,173.194.188.105,10.10.0.10,,,443,45734,0,1358,17
1588617009.4833698,10.10.0.10,173.194.188.105,,,45734,443,0,37,17
1588617009.486795,173.194.188.105,10.10.0.10,,,443,45734,0,1358,17
1588617009.491912,173.194.188.105,10.10.0.10,,,443,45734,0,1358,17
1588617009.494643,10.10.0.10,173.194.188.105,,,45734,443,0,37,17
1588617009.4970002,173.194.188.105,10.10.0.10,,,443,45734,0,1358,17
1588617009.5020838,173.194.188.105,10.10.0.10,,,443,45734,0,1358,17
1588617009.5043304,10.10.0.10,173.194.188.105,,,45734,443,0,37,17
1588617009.507174,173.194.188.105,10.10.0.10,,,443,45734,0,1358,17
1588617009.5122595,173.194.188.105,10.10.0.10,,,443,45734,0,1358,17
1588617009.5140028,10.10.0.10,173.194.188.105,,,45734,443,0,37,17
1588617009.5173476,173.194.188.105,10.10.0.10,,,443,45734,0,1358,17
1588617009.522433,173.194.188.105,10.10.0.10,,,443,45734,0,1358,17
1588617009.524439,10.10.0.10,173.194.188.105,,,45734,443,0,37,17
1588617009.527526,173.194.188.105,10.10.0.10,,,443,45734,0,1358,17
1588617009.5325801,173.194.188.105,10.10.0.10,,,443,45734,0,1358,17
1588617009.5345216,10.10.0.10,173.194.188.105,,,45734,443,0,37,17
1588617009.537695,173.194.188.105,10.10.0.10,,,443,45734,0,1358,17
1588617009.542781,173.194.188.105,10.10.0.10,,,443,45734,0,1358,17
1588617009.545146,10.10.0.10,173.194.188.105,,,45734,443,0,37,17
1588617009.5478694,173.194.188.105,10.10.0.10,,,443,45734,0,1358,17
1588617009.552907,173.194.188.105,10.10.0.10,,,443,45734,0,1358,17
1588617009.5546932,10.10.0.10,173.194.188.105,,,45734,443,0,37,17
1588617009.558002,173.194.188.105,10.10.0.10,,,443,45734,0,1358,17
1588617009.563074,173.194.188.105,10.10.0.10,,,443,45734,0,1358,17
1588617009.5645359,10.10.0.10,173.194.188.105,,,45734,443,0,37,17
1588617009.5681431,173.194.188.105,10.10.0.10,,,443,45734,0,1358,17
1588617009.57323,173.194.188.105,10.10.0.10,,,443,45734,0,1358,17
1588617009.574884,10.10.0.10,173.194.188.105,,,45734,443,0,37,17
1588617009.578326,173.194.188.105,10.10.0.10,,,443,45734,0,1358,17
1588617009.58344,173.194.188.105,10.10.0.10,,,443,45734,0,1358,17
1588617009.5885158,173.194.188.105,10.10.0.10,,,443,45734,0,1358,17
1588617009.593602,173.194.188.105,10.10.0.10,,,443,45734,0,1358,17
1588617009.593912,10.10.0.10,173.194.188.105,,,45734,443,0,37,17
1588617009.5952508,10.10.0.10,173.194.188.105,,,45734,443,0,37,17
1588617009.598687,173.194.188.105,10.10.0.10,,,443,45734,0,1358,17
1588617009.603819,173.194.188.105,10.10.0.10,,,443,45734,0,1358,17
1588617009.605432,10.10.0.10,173.194.188.105,,,45734,443,0,37,17
1588617009.608907,173.194.188.105,10.10.0.10,,,443,45734,0,1358,17
1588617009.6139398,173.194.188.105,10.10.0.10,,,443,45734,0,1358,17
1588617009.6156714,10.10.0.10,173.194.188.105,,,45734,443,0,37,17
1588617009.619023,173.194.188.105,10.10.0.10,,,443,45734,0,1358,17
1588617009.6241686,173.194.188.105,10.10.0.10,,,443,45734,0,1358,17
1588617009.6272602,10.10.0.10,173.194.188.105,,,45734,443,0,37,17
1588617009.6292355,173.194.188.105,10.10.0.10,,,443,45734,0,1358,17
1588617009.634349,173.194.188.105,10.10.0.10,,,443,45734,0,1358,17
1588617009.636091,10.10.0.10,173.194.188.105,,,45734,443,0,37,17
1588617009.63944,173.194.188.105,10.10.0.10,,,443,45734,0,1358,17
1588617009.6445012,173.194.188.105,10.10.0.10,,,443,45734,0,1358,17
1588617009.646282,10.10.0.10,173.194.188.105,,,45734,443,0,37,17
1588617009.649554,173.194.188.105,10.10.0.10,,,443,45734,0,1358,17
1588617009.6546366,173.194.188.105,10.10.0.10,,,443,45734,0,1358,17
1588617009.6561732,10.10.0.10,173.194.188.105,,,45734,443,0,37,17
1588617009.6597712,173.194.188.105,10.10.0.10,,,443,45734,0,1358,17
1588617009.6648614,173.194.188.105,10.10.0.10,,,443,45734,0,1358,17
1588617009.6666794,10.10.0.10,173.194.188.105,,,45734,443,0,37,17
1588617009.6699471,173.194.188.105,10.10.0.10,,,443,45734,0,1358,17
1588617009.6750321,173.194.188.105,10.10.0.10,,,443,45734,0,1358,17
1588617009.6800694,173.194.188.105,10.10.0.10,,,443,45734,0,1358,17
1588617009.6804712,10.10.0.10,173.194.188.105,,,45734,443,0,50,17
1588617009.68515,173.194.188.105,10.10.0.10,,,443,45734,0,1358,17
1588617009.686701,10.10.0.10,173.194.188.105,,,45734,443,0,37,17
1588617009.6903002,173.194.188.105,10.10.0.10,,,443,45734,0,1358,17
1588617009.695358,173.194.188.105,10.10.0.10,,,443,45734,0,1358,17
1588617009.696992,10.10.0.10,173.194.188.105,,,45734,443,0,37,17
1588617009.7004762,173.194.188.105,10.10.0.10,,,443,45734,0,1358,17
1588617009.7055645,173.194.188.105,10.10.0.10,,,443,45734,0,1358,17
1588617009.70724,10.10.0.10,173.194.188.105,,,45734,443,0,37,17
1588617009.710649,173.194.188.105,10.10.0.10,,,443,45734,0,1358,17
1588617009.7157376,173.194.188.105,10.10.0.10,,,443,45734,0,1358,17
1588617009.7173262,10.10.0.10,173.194.188.105,,,45734,443,0,37,17
1588617009.720823,173.194.188.105,10.10.0.10,,,443,45734,0,1358,17
1588617009.7259102,173.194.188.105,10.10.0.10,,,443,45734,0,1358,17
1588617009.7275536,10.10.0.10,173.194.188.105,,,45734,443,0,37,17
1588617009.7310019,173.194.188.105,10.10.0.10,,,443,45734,0,1358,17
1588617009.736086,173.194.188.105,10.10.0.10,,,443,45734,0,1358,17
1588617009.737635,10.10.0.10,173.194.188.105,,,45734,443,0,37,17
1588617009.7411716,173.194.188.105,10.10.0.10,,,443,45734,0,1358,17
1588617009.746259,173.194.188.105,10.10.0.10,,,443,45734,0,1358,17
1588617009.748032,10.10.0.10,173.194.188.105,,,45734,443,0,37,17
1588617009.751346,173.194.188.105,10.10.0.10,,,443,45734,0,1358,17
1588617009.756435,173.194.188.105,10.10.0.10,,,443,45734,0,1358,17
1588617009.75841,10.10.0.10,173.194.188.105,,,45734,443,0,37,17
1588617009.7615206,173.194.188.105,10.10.0.10,,,443,45734,0,1358,17
1588617009.76661,173.194.188.105,10.10.0.10,,,443,45734,0,1358,17
1588617009.7681592,10.10.0.10,173.194.188.105,,,45734,443,0,37,17
1588617009.771696,173.194.188.105,10.10.0.10,,,443,45734,0,1358,17
1588617009.776783,173.194.188.105,10.10.0.10,,,443,45734,0,1358,17
1588617009.7785368,10.10.0.10,173.194.188.105,,,45734,443,0,37,17
1588617009.781873,173.194.188.105,10.10.0.10,,,443,45734,0,1358,17
1588617009.786962,173.194.188.105,10.10.0.10,,,443,45734,0,1358,17
1588617009.788538,10.10.0.10,173.194.188.105,,,45734,443,0,37,17
1588617009.79205,173.194.188.105,10.10.0.10,,,443,45734,0,1358,17
1588617009.797137,173.194.188.105,10.10.0.10,,,443,45734,0,1358,17
1588617009.7990804,10.10.0.10,173.194.188.105,,,45734,443,0,37,17
1588617009.802222,173.194.188.105,10.10.0.10,,,443,45734,0,1358,17
1588617009.8073099,173.194.188.105,10.10.0.10,,,443,45734,0,1358,17
1588617009.8093321,10.10.0.10,173.194.188.105,,,45734,443,0,37,17
1588617009.8123982,173.194.188.105,10.10.0.10,,,443,45734,0,1358,17
1588617009.817486,173.194.188.105,10.10.0.10,,,443,45734,0,1358,17
1588617009.819316,10.10.0.10,173.194.188.105,,,45734,443,0,37,17
1588617009.8225708,173.194.188.105,10.10.0.10,,,443,45734,0,1358,17
1588617009.827662,173.194.188.105,10.10.0.10,,,443,45734,0,1358,17
1588617009.8327482,173.194.188.105,10.10.0.10,,,443,45734,0,1358,17
1588617009.837812,173.194.188.105,10.10.0.10,,,443,45734,0,1358,17
1588617009.837831,10.10.0.10,173.194.188.105,,,45734,443,0,37,17
1588617009.8395581,10.10.0.10,173.194.188.105,,,45734,443,0,37,17
1588617009.842896,173.194.188.105,10.10.0.10,,,443,45734,0,1358,17
1588617009.848008,173.194.188.105,10.10.0.10,,,443,45734,0,1358,17
1588617009.8500988,10.10.0.10,173.194.188.105,,,45734,443,0,37,17
1588617009.8530939,173.194.188.105,10.10.0.10,,,443,45734,0,1358,17
1588617009.8581831,173.194.188.105,10.10.0.10,,,443,45734,0,1358,17
1588617009.8609116,10.10.0.10,173.194.188.105,,,45734,443,0,37,17
1588617009.8632698,173.194.188.105,10.10.0.10,,,443,45734,0,1358,17
1588617009.8683572,173.194.188.105,10.10.0.10,,,443,45734,0,1358,17
1588617009.870016,10.10.0.10,173.194.188.105,,,45734,443,0,37,17
1588617009.873446,173.194.188.105,10.10.0.10,,,443,45734,0,1358,17
1588617009.878534,173.194.188.105,10.10.0.10,,,443,45734,0,1358,17
1588617009.8812678,10.10.0.10,173.194.188.105,,,45734,443,0,50,17
1588617009.8836188,173.194.188.105,10.10.0.10,,,443,45734,0,1358,17
1588617009.888706,173.194.188.105,10.10.0.10,,,443,45734,0,1358,17
1588617009.8901641,10.10.0.10,173.194.188.105,,,45734,443,0,37,17
1588617009.8937948,173.194.188.105,10.10.0.10,,,443,45734,0,1358,17
1588617009.898882,173.194.188.105,10.10.0.10,,,443,45734,0,1358,17
1588617009.900977,10.10.0.10,173.194.188.105,,,45734,443,0,37,17
1588617009.9039679,173.194.188.105,10.10.0.10,,,443,45734,0,1358,17
1588617009.9090538,173.194.188.105,10.10.0.10,,,443,45734,0,1358,17
1588617009.910977,10.10.0.10,173.194.188.105,,,45734,443,0,37,17
1588617009.914142,173.194.188.105,10.10.0.10,,,443,45734,0,1358,17
1588617009.9192321,173.194.188.105,10.10.0.10,,,443,45734,0,1358,17
1588617009.924318,173.194.188.105,10.10.0.10,,,443,45734,0,1358,17
1588617009.9293652,173.194.188.105,10.10.0.10,,,443,45734,0,1358,17
1588617009.9344988,173.194.188.105,10.10.0.10,,,443,45734,0,1358,17
1588617009.939583,173.194.188.105,10.10.0.10,,,443,45734,0,1358,17
1588617009.944675,173.194.188.105,10.10.0.10,,,443,45734,0,1358,17
1588617009.945775,10.10.0.10,173.194.188.105,,,45734,443,0,37,17
1588617009.948414,10.10.0.10,173.194.188.105,,,45734,443,0,37,17
1588617009.948649,10.10.0.10,173.194.188.105,,,45734,443,0,37,17
1588617009.949761,173.194.188.105,10.10.0.10,,,443,45734,0,1358,17
1588617009.9513226,10.10.0.10,173.194.188.105,,,45734,443,0,37,17
1588617009.954851,173.194.188.105,10.10.0.10,,,443,45734,0,1358,17
1588617009.959934,173.194.188.105,10.10.0.10,,,443,45734,0,1358,17
1588617009.9620738,10.10.0.10,173.194.188.105,,,45734,443,0,37,17
1588617009.9650214,173.194.188.105,10.10.0.10,,,443,45734,0,1358,17
1588617009.9701116,173.194.188.105,10.10.0.10,,,443,45734,0,1358,17
1588617009.9716544,10.10.0.10,173.194.188.105,,,45734,443,0,37,17
1588617009.975199,173.194.188.105,10.10.0.10,,,443,45734,0,1358,17
1588617009.980256,173.194.188.105,10.10.0.10,,,443,45734,0,1358,17
1588617009.981889,10.10.0.10,173.194.188.105,,,45734,443,0,37,17
1588617009.985373,173.194.188.105,10.10.0.10,,,443,45734,0,1358,17
1588617009.990457,173.194.188.105,10.10.0.10,,,443,45734,0,1358,17
1588617009.992263,10.10.0.10,173.194.188.105,,,45734,443,0,37,17
1588617009.995503,173.194.188.105,10.10.0.10,,,443,45734,0,1358,17
1588617010.0006368,173.194.188.105,10.10.0.10,,,443,45734,0,1358,17
1588617010.0023868,10.10.0.10,173.194.188.105,,,45734,443,0,37,17
1588617010.0057216,173.194.188.105,10.10.0.10,,,443,45734,0,1358,17
1588617010.010809,173.194.188.105,10.10.0.10,,,443,45734,0,1358,17
1588617010.012867,10.10.0.10,173.194.188.105,,,45734,443,0,37,17
1588617010.0158699,173.194.188.105,10.10.0.10,,,443,45734,0,1358,17
1588617010.0209801,173.194.188.105,10.10.0.10,,,443,45734,0,1358,17
1588617010.022866,10.10.0.10,173.194.188.105,,,45734,443,0,37,17
1588617010.0260675,173.194.188.105,10.10.0.10,,,443,45734,0,1358,17
1588617010.0311544,173.194.188.105,10.10.0.10,,,443,45734,0,1358,17
1588617010.03297,10.10.0.10,173.194.188.105,,,45734,443,0,37,17
1588617010.036243,173.194.188.105,10.10.0.10,,,443,45734,0,1358,17
1588617010.0413306,173.194.188.105,10.10.0.10,,,443,45734,0,1358,17
1588617010.043403,10.10.0.10,173.194.188.105,,,45734,443,0,37,17
1588617010.046417,173.194.188.105,10.10.0.10,,,443,45734,0,1358,17
1588617010.051504,173.194.188.105,10.10.0.10,,,443,45734,0,1358,17
1588617010.053192,10.10.0.10,173.194.188.105,,,45734,443,0,37,17
1588617010.0565946,173.194.188.105,10.10.0.10,,,443,45734,0,1358,17
1588617010.061682,173.194.188.105,10.10.0.10,,,443,45734,0,1358,17
1588617010.064552,10.10.0.10,173.194.188.105,,,45734,443,0,37,17
1588617010.0667732,173.194.188.105,10.10.0.10,,,443,45734,0,1358,17
1588617010.071855,173.194.188.105,10.10.0.10,,,443,45734,0,1358,17
1588617010.073657,10.10.0.10,173.194.188.105,,,45734,443,0,37,17
1588617010.0769432,173.194.188.105,10.10.0.10,,,443,45734,0,1358,17
1588617010.081991,173.194.188.105,10.10.0.10,,,443,45734,0,1358,17
1588617010.083738,10.10.0.10,173.194.188.105,,,45734,443,0,50,17
1588617010.087118,173.194.188.105,10.10.0.10,,,443,45734,0,1358,17
1588617010.092205,173.194.188.105,10.10.0.10,,,443,45734,0,1358,17
1588617010.0939882,10.10.0.10,173.194.188.105,,,45734,443,0,37,17
1588617010.0972939,173.194.188.105,10.10.0.10,,,443,45734,0,1358,17
1588617010.1023786,173.194.188.105,10.10.0.10,,,443,45734,0,1358,17
1588617010.1041286,10.10.0.10,173.194.188.105,,,45734,443,0,37,17
1588617010.107466,173.194.188.105,10.10.0.10,,,443,45734,0,1358,17
1588617010.112553,173.194.188.105,10.10.0.10,,,443,45734,0,1358,17
1588617010.1143641,10.10.0.10,173.194.188.105,,,45734,443,0,37,17
1588617010.117641,173.194.188.105,10.10.0.10,,,443,45734,0,1358,17
1588617010.12271,173.194.188.105,10.10.0.10,,,443,45734,0,1358,17
1588617010.124409,10.10.0.10,173.194.188.105,,,45734,443,0,37,17
1588617010.127792,173.194.188.105,10.10.0.10,,,443,45734,0,1358,17
1588617010.132908,173.194.188.105,10.10.0.10,,,443,45734,0,1358,17
1588617010.134697,10.10.0.10,173.194.188.105,,,45734,443,0,37,17
1588617010.1379929,173.194.188.105,10.10.0.10,,,443,45734,0,1358,17
1588617010.1430788,173.194.188.105,10.10.0.10,,,443,45734,0,1358,17
1588617010.1457472,10.10.0.10,173.194.188.105,,,45734,443,0,37,17
1588617010.1481626,173.194.188.105,10.10.0.10,,,443,45734,0,1358,17
1588617010.153255,173.194.188.105,10.10.0.10,,,443,45734,0,1358,17
1588617010.1548462,10.10.0.10,173.194.188.105,,,45734,443,0,37,17
1588617010.158342,173.194.188.105,10.10.0.10,,,443,45734,0,1358,17
1588617010.163426,173.194.188.105,10.10.0.10,,,443,45734,0,1358,17
1588617010.1651812,10.10.0.10,173.194.188.105,,,45734,443,0,37,17
1588617010.1685169,173.194.188.105,10.10.0.10,,,443,45734,0,1358,17
1588617010.173601,173.194.188.105,10.10.0.10,,,443,45734,0,1358,17
1588617010.1753492,10.10.0.10,173.194.188.105,,,45734,443,0,37,17
1588617010.17869,173.194.188.105,10.10.0.10,,,443,45734,0,1358,17
1588617010.183774,173.194.188.105,10.10.0.10,,,443,45734,0,1358,17
1588617010.1855981,10.10.0.10,173.194.188.105,,,45734,443,0,37,17
1588617010.188865,173.194.188.105,10.10.0.10,,,443,45734,0,1358,17
1588617010.193953,173.194.188.105,10.10.0.10,,,443,45734,0,1358,17
1588617010.1959715,10.10.0.10,173.194.188.105,,,45734,443,0,37,17
1588617010.199039,173.194.188.105,10.10.0.10,,,443,45734,0,1358,17
1588617010.2041268,173.194.188.105,10.10.0.10,,,443,45734,0,1358,17
1588617010.2058682,10.10.0.10,173.194.188.105,,,45734,443,0,37,17
1588617010.209214,173.194.188.105,10.10.0.10,,,443,45734,0,1358,17
1588617010.214298,173.194.188.105,10.10.0.10,,,443,45734,0,1358,17
1588617010.2159052,10.10.0.10,173.194.188.105,,,45734,443,0,37,17
1588617010.2193868,173.194.188.105,10.10.0.10,,,443,45734,0,1358,17
1588617010.224472,173.194.188.105,10.10.0.10,,,443,45734,0,1358,17
1588617010.226179,10.10.0.10,173.194.188.105,,,45734,443,0,37,17
1588617010.22956,173.194.188.105,10.10.0.10,,,443,45734,0,1358,17
1588617010.23465,173.194.188.105,10.10.0.10,,,443,45734,0,1358,17
1588617010.2363439,10.10.0.10,173.194.188.105,,,45734,443,0,37,17
1588617010.2397368,173.194.188.105,10.10.0.10,,,443,45734,0,1358,17
1588617010.244825,173.194.188.105,10.10.0.10,,,443,45734,0,1358,17
1588617010.2465332,10.10.0.10,173.194.188.105,,,45734,443,0,37,17
1588617010.249913,173.194.188.105,10.10.0.10,,,443,45734,0,1358,17
1588617010.254997,173.194.188.105,10.10.0.10,,,443,45734,0,1358,17
1588617010.256633,10.10.0.10,173.194.188.105,,,45734,443,0,37,17
1588617010.260087,173.194.188.105,10.10.0.10,,,443,45734,0,1358,17
1588617010.2651732,173.194.188.105,10.10.0.10,,,443,45734,0,1358,17
1588617010.2670758,10.10.0.10,173.194.188.105,,,45734,443,0,37,17
1588617010.270262,173.194.188.105,10.10.0.10,,,443,45734,0,1358,17
1588617010.275312,173.194.188.105,10.10.0.10,,,443,45734,0,1358,17
1588617010.2774909,10.10.0.10,173.194.188.105,,,45734,443,0,37,17
1588617010.280434,173.194.188.105,10.10.0.10,,,443,45734,0,1358,17
1588617010.2855198,173.194.188.105,10.10.0.10,,,443,45734,0,1358,17
1588617010.287414,10.10.0.10,173.194.188.105,,,45734,443,0,50,17
1588617010.290608,173.194.188.105,10.10.0.10,,,443,45734,0,1358,17
1588617010.2956948,173.194.188.105,10.10.0.10,,,443,45734,0,1358,17
1588617010.2981148,10.10.0.10,173.194.188.105,,,45734,443,0,37,17
1588617010.300785,173.194.188.105,10.10.0.10,,,443,45734,0,1358,17
1588617010.305871,173.194.188.105,10.10.0.10,,,443,45734,0,1358,17
1588617010.3078446,10.10.0.10,173.194.188.105,,,45734,443,0,37,17
1588617010.3109562,173.194.188.105,10.10.0.10,,,443,45734,0,1358,17
1588617010.316047,173.194.188.105,10.10.0.10,,,443,45734,0,1358,17
1588617010.318134,10.10.0.10,173.194.188.105,,,45734,443,0,37,17
1588617010.321134,173.194.188.105,10.10.0.10,,,443,45734,0,1358,17
1588617010.3262205,173.194.188.105,10.10.0.10,,,443,45734,0,1358,17
1588617010.328599,10.10.0.10,173.194.188.105,,,45734,443,0,37,17
1588617010.331305,173.194.188.105,10.10.0.10,,,443,45734,0,1358,17
1588617010.3363948,173.194.188.105,10.10.0.10,,,443,45734,0,1358,17
1588617010.33816,10.10.0.10,173.194.188.105,,,45734,443,0,37,17
1588617010.34148,173.194.188.105,10.10.0.10,,,443,45734,0,1358,17
1588617010.3465712,173.194.188.105,10.10.0.10,,,443,45734,0,1358,17
1588617010.34848,10.10.0.10,173.194.188.105,,,45734,443,0,37,17
1588617010.351622,173.194.188.105,10.10.0.10,,,443,45734,0,1358,17
1588617010.353344,10.10.0.10,173.194.188.105,,,45734,443,0,40,17
1588617010.356744,173.194.188.105,10.10.0.10,,,443,45734,0,1358,17
1588617010.3585148,10.10.0.10,173.194.188.105,,,45734,443,0,37,17
1588617010.3618321,173.194.188.105,10.10.0.10,,,443,45734,0,1358,17
1588617010.366919,173.194.188.105,10.10.0.10,,,443,45734,0,1358,17
1588617010.368591,10.10.0.10,173.194.188.105,,,45734,443,0,37,17
1588617010.3720062,173.194.188.105,10.10.0.10,,,443,45734,0,1358,17
1588617010.377093,173.194.188.105,10.10.0.10,,,443,45734,0,1358,17
1588617010.38014,10.10.0.10,173.194.188.105,,,45734,443,0,37,17
1588617010.3821795,173.194.188.105,10.10.0.10,,,443,45734,0,1358,17
1588617010.387264,173.194.188.105,10.10.0.10,,,443,45734,0,1358,17
1588617010.3889706,10.10.0.10,173.194.188.105,,,45734,443,0,37,17
1588617010.3923519,173.194.188.105,10.10.0.10,,,443,45734,0,1358,17
1588617010.397447,173.194.188.105,10.10.0.10,,,443,45734,0,1358,17
1588617010.399354,10.10.0.10,173.194.188.105,,,45734,443,0,37,17
1588617010.402532,173.194.188.105,10.10.0.10,,,443,45734,0,1358,17
1588617010.407624,173.194.188.105,10.10.0.10,,,443,45734,0,1358,17
1588617010.4092882,10.10.0.10,173.194.188.105,,,45734,443,0,37,17
1588617010.4127092,173.194.188.105,10.10.0.10,,,443,45734,0,1358,17
1588617010.417794,173.194.188.105,10.10.0.10,,,443,45734,0,1358,17
1588617010.419496,10.10.0.10,173.194.188.105,,,45734,443,0,37,17
1588617010.4228652,173.194.188.105,10.10.0.10,,,443,45734,0,1358,17
1588617010.427973,173.194.188.105,10.10.0.10,,,443,45734,0,1358,17
1588617010.4302,10.10.0.10,173.194.188.105,,,45734,443,0,37,17
1588617010.4329982,173.194.188.105,10.10.0.10,,,443,45734,0,1358,17
1588617010.438083,173.194.188.105,10.10.0.10,,,443,45734,0,1358,17
1588617010.439676,10.10.0.10,173.194.188.105,,,45734,443,0,37,17
1588617010.443167,173.194.188.105,10.10.0.10,,,443,45734,0,1358,17
1588617010.448256,173.194.188.105,10.10.0.10,,,443,45734,0,1358,17
1588617010.4498944,10.10.0.10,173.194.188.105,,,45734,443,0,37,17
1588617010.453375,173.194.188.105,10.10.0.10,,,443,45734,0,1358,17
1588617010.4585118,173.194.188.105,10.10.0.10,,,443,45734,0,1358,17
1588617010.460246,10.10.0.10,173.194.188.105,,,45734,443,0,37,17
1588617010.463583,173.194.188.105,10.10.0.10,,,443,45734,0,1358,17
1588617010.4685981,173.194.188.105,10.10.0.10,,,443,45734,0,1358,17
1588617010.4704454,10.10.0.10,173.194.188.105,,,45734,443,0,37,17
1588617010.473758,173.194.188.105,10.10.0.10,,,443,45734,0,1358,17
1588617010.47885,173.194.188.105,10.10.0.10,,,443,45734,0,1358,17
1588617010.48071,10.10.0.10,173.194.188.105,,,45734,443,0,50,17
1588617010.4839342,173.194.188.105,10.10.0.10,,,443,45734,0,1358,17
1588617010.4890199,173.194.188.105,10.10.0.10,,,443,45734,0,1358,17
1588617010.490797,10.10.0.10,173.194.188.105,,,45734,443,0,37,17
1588617010.4941068,173.194.188.105,10.10.0.10,,,443,45734,0,1358,17
1588617010.4991946,173.194.188.105,10.10.0.10,,,443,45734,0,1358,17
1588617010.5009332,10.10.0.10,173.194.188.105,,,45734,443,0,37,17
1588617010.5042849,173.194.188.105,10.10.0.10,,,443,45734,0,1358,17
1588617010.5093699,173.194.188.105,10.10.0.10,,,443,45734,0,1358,17
1588617010.5114212,10.10.0.10,173.194.188.105,,,45734,443,0,37,17
1588617010.5144124,173.194.188.105,10.10.0.10,,,443,45734,0,1358,17
1588617010.519543,173.194.188.105,10.10.0.10,,,443,45734,0,1358,17
1588617010.5213332,10.10.0.10,173.194.188.105,,,45734,443,0,37,17
1588617010.524631,173.194.188.105,10.10.0.10,,,443,45734,0,1358,17
1588617010.5297172,173.194.188.105,10.10.0.10,,,443,45734,0,1358,17
1588617010.5315092,10.10.0.10,173.194.188.105,,,45734,443,0,37,17
1588617010.534803,173.194.188.105,10.10.0.10,,,443,45734,0,1358,17
1588617010.5398948,173.194.188.105,10.10.0.10,,,443,45734,0,1358,17
1588617010.542153,10.10.0.10,173.194.188.105,,,45734,443,0,37,17
1588617010.5449796,173.194.188.105,10.10.0.10,,,443,45734,0,1358,17
1588617010.5500698,173.194.188.105,10.10.0.10,,,443,45734,0,1358,17
1588617010.551882,10.10.0.10,173.194.188.105,,,45734,443,0,37,17
1588617010.5551572,173.194.188.105,10.10.0.10,,,443,45734,0,1358,17
1588617010.560241,173.194.188.105,10.10.0.10,,,443,45734,0,1358,17
1588617010.56199,10.10.0.10,173.194.188.105,,,45734,443,0,37,17
1588617010.565325,173.194.188.105,10.10.0.10,,,443,45734,0,1358,17
1588617010.5704198,173.194.188.105,10.10.0.10,,,443,45734,0,1358,17
1588617010.5722759,10.10.0.10,173.194.188.105,,,45734,443,0,37,17
1588617010.5754461,173.194.188.105,10.10.0.10,,,443,45734,0,1358,17
1588617010.5805252,173.194.188.105,10.10.0.10,,,443,45734,0,1358,17
1588617010.582208,10.10.0.10,173.194.188.105,,,45734,443,0,37,17
1588617010.585595,173.194.188.105,10.10.0.10,,,443,45734,0,1358,17
1588617010.59072,173.194.188.105,10.10.0.10,,,443,45734,0,1358,17
1588617010.5924606,10.10.0.10,173.194.188.105,,,45734,443,0,37,17
1588617010.5957725,173.194.188.105,10.10.0.10,,,443,45734,0,1358,17
1588617010.600888,173.194.188.105,10.10.0.10,,,443,45734,0,1358,17
1588617010.603112,10.10.0.10,173.194.188.105,,,45734,443,0,37,17
1588617010.605985,173.194.188.105,10.10.0.10,,,443,45734,0,1358,17
1588617010.611093,173.194.188.105,10.10.0.10,,,443,45734,0,1358,17
1588617010.612657,10.10.0.10,173.194.188.105,,,45734,443,0,37,17
1588617010.616176,173.194.188.105,10.10.0.10,,,443,45734,0,1358,17
1588617010.621208,173.194.188.105,10.10.0.10,,,443,45734,0,1358,17
1588617010.624406,10.10.0.10,173.194.188.105,,,45734,443,0,37,17
1588617010.6263616,173.194.188.105,10.10.0.10,,,443,45734,0,1358,17
1588617010.631419,173.194.188.105,10.10.0.10,,,443,45734,0,1358,17
1588617010.6333358,10.10.0.10,173.194.188.105,,,45734,443,0,37,17
1588617010.6364741,173.194.188.105,10.10.0.10,,,443,45734,0,1358,17
1588617010.641623,173.194.188.105,10.10.0.10,,,443,45734,0,1358,17
1588617010.6432939,10.10.0.10,173.194.188.105,,,45734,443,0,37,17
1588617010.6466491,173.194.188.105,10.10.0.10,,,443,45734,0,1358,17
1588617010.651797,173.194.188.105,10.10.0.10,,,443,45734,0,1358,17
1588617010.6534019,10.10.0.10,173.194.188.105,,,45734,443,0,37,17
1588617010.656879,173.194.188.105,10.10.0.10,,,443,45734,0,1358,17
1588617010.661909,173.194.188.105,10.10.0.10,,,443,45734,0,1358,17
1588617010.663958,10.10.0.10,173.194.188.105,,,45734,443,0,37,17
1588617010.667002,173.194.188.105,10.10.0.10,,,443,45734,0,1358,17
1588617010.672086,173.194.188.105,10.10.0.10,,,443,45734,0,1358,17
1588617010.6736019,10.10.0.10,173.194.188.105,,,45734,443,0,37,17
1588617010.677177,173.194.188.105,10.10.0.10,,,443,45734,0,1358,17
1588617010.682287,173.194.188.105,10.10.0.10,,,443,45734,0,1358,17
1588617010.6840699,10.10.0.10,173.194.188.105,,,45734,443,0,50,17
1588617010.687401,173.194.188.105,10.10.0.10,,,443,45734,0,1358,17
1588617010.6924381,173.194.188.105,10.10.0.10,,,443,45734,0,1358,17
1588617010.694448,10.10.0.10,173.194.188.105,,,45734,443,0,37,17
1588617010.6975222,173.194.188.105,10.10.0.10,,,443,45734,0,1358,17
1588617010.702626,173.194.188.105,10.10.0.10,,,443,45734,0,1358,17
1588617010.7055464,10.10.0.10,173.194.188.105,,,45734,443,0,37,17
1588617010.707756,173.194.188.105,10.10.0.10,,,443,45734,0,1358,17
1588617010.712817,173.194.188.105,10.10.0.10,,,443,45734,0,1358,17
1588617010.714415,10.10.0.10,173.194.188.105,,,45734,443,0,37,17
1588617010.7179332,173.194.188.105,10.10.0.10,,,443,45734,0,1358,17
1588617010.7229779,173.194.188.105,10.10.0.10,,,443,45734,0,1358,17
1588617010.724609,10.10.0.10,173.194.188.105,,,45734,443,0,37,17
1588617010.7281082,173.194.188.105,10.10.0.10,,,443,45734,0,1358,17
1588617010.7331939,173.194.188.105,10.10.0.10,,,443,45734,0,1358,17
1588617010.734753,10.10.0.10,173.194.188.105,,,45734,443,0,37,17
1588617010.7382882,173.194.188.105,10.10.0.10,,,443,45734,0,1358,17
1588617010.743374,173.194.188.105,10.10.0.10,,,443,45734,0,1358,17
1588617010.745141,10.10.0.10,173.194.188.105,,,45734,443,0,37,17
1588617010.748471,173.194.188.105,10.10.0.10,,,443,45734,0,1358,17
1588617010.753549,173.194.188.105,10.10.0.10,,,443,45734,0,1358,17
1588617010.755095,10.10.0.10,173.194.188.105,,,45734,443,0,37,17
1588617010.75864,173.194.188.105,10.10.0.10,,,443,45734,0,1358,17
1588617010.7637231,173.194.188.105,10.10.0.10,,,443,45734,0,1358,17
1588617010.7653158,10.10.0.10,173.194.188.105,,,45734,443,0,37,17
1588617010.768744,173.194.188.105,10.10.0.10,,,443,45734,0,1358,17
1588617010.773907,173.194.188.105,10.10.0.10,,,443,45734,0,1358,17
1588617010.775625,10.10.0.10,173.194.188.105,,,45734,443,0,37,17
1588617010.778949,173.194.188.105,10.10.0.10,,,443,45734,0,1358,17
1588617010.7840724,173.194.188.105,10.10.0.10,,,443,45734,0,1358,17
1588617010.785636,10.10.0.10,173.194.188.105,,,45734,443,0,37,17
1588617010.789137,173.194.188.105,10.10.0.10,,,443,45734,0,1358,17
1588617010.7942462,173.194.188.105,10.10.0.10,,,443,45734,0,1358,17
1588617010.796769,10.10.0.10,173.194.188.105,,,45734,443,0,37,17
1588617010.799304,173.194.188.105,10.10.0.10,,,443,45734,0,1358,17
1588617010.804423,173.194.188.105,10.10.0.10,,,443,45734,0,1358,17
1588617010.8070116,10.10.0.10,173.194.188.105,,,45734,443,0,37,17
1588617010.8095148,173.194.188.105,10.10.0.10,,,443,45734,0,1358,17
1588617010.814599,173.194.188.105,10.10.0.10,,,443,45734,0,1358,17
1588617010.816537,10.10.0.10,173.194.188.105,,,45734,443,0,37,17
1588617010.819688,173.194.188.105,10.10.0.10,,,443,45734,0,1358,17
1588617010.8247721,173.194.188.105,10.10.0.10,,,443,45734,0,1358,17
1588617010.826637,10.10.0.10,173.194.188.105,,,45734,443,0,37,17
1588617010.8298595,173.194.188.105,10.10.0.10,,,443,45734,0,1358,17
1588617010.8349102,173.194.188.105,10.10.0.10,,,443,45734,0,1358,17
1588617010.8371382,10.10.0.10,173.194.188.105,,,45734,443,0,37,17
1588617010.840034,173.194.188.105,10.10.0.10,,,443,45734,0,1358,17
1588617010.845096,173.194.188.105,10.10.0.10,,,443,45734,0,1358,17
1588617010.8475332,10.10.0.10,173.194.188.105,,,45734,443,0,37,17
1588617010.850207,173.194.188.105,10.10.0.10,,,443,45734,0,1358,17
1588617010.855249,173.194.188.105,10.10.0.10,,,443,45734,0,1358,17
1588617010.8569288,10.10.0.10,173.194.188.105,,,45734,443,0,37,17
1588617010.860359,173.194.188.105,10.10.0.10,,,443,45734,0,1358,17
1588617010.8654358,173.194.188.105,10.10.0.10,,,443,45734,0,1358,17
1588617010.867826,10.10.0.10,173.194.188.105,,,45734,443,0,37,17
1588617010.870561,173.194.188.105,10.10.0.10,,,443,45734,0,1358,17
1588617010.8756108,173.194.188.105,10.10.0.10,,,443,45734,0,1358,17
1588617010.8774366,10.10.0.10,173.194.188.105,,,45734,443,0,37,17
1588617010.8807352,173.194.188.105,10.10.0.10,,,443,45734,0,1358,17
1588617010.8857868,173.194.188.105,10.10.0.10,,,443,45734,0,1358,17
1588617010.8873882,10.10.0.10,173.194.188.105,,,45734,443,0,50,17
1588617010.8909092,173.194.188.105,10.10.0.10,,,443,45734,0,1358,17
1588617010.895997,173.194.188.105,10.10.0.10,,,443,45734,0,1358,17
1588617010.8993082,10.10.0.10,173.194.188.105,,,45734,443,0,37,17
1588617010.9010134,173.194.188.105,10.10.0.10,,,443,45734,0,1358,17
1588617010.90617,173.194.188.105,10.10.0.10,,,443,45734,0,1358,17
1588617010.9090598,10.10.0.10,173.194.188.105,,,45734,443,0,37,17
1588617010.911258,173.194.188.105,10.10.0.10,,,443,45734,0,1358,17
1588617010.9163456,173.194.188.105,10.10.0.10,,,443,45734,0,1358,17
1588617010.918201,10.10.0.10,173.194.188.105,,,45734,443,0,37,17
1588617010.921432,173.194.188.105,10.10.0.10,,,443,45734,0,1358,17
1588617010.9265242,173.194.188.105,10.10.0.10,,,443,45734,0,1358,17
1588617010.928139,10.10.0.10,173.194.188.105,,,45734,443,0,37,17
1588617010.931553,173.194.188.105,10.10.0.10,,,443,45734,0,1358,17
1588617010.936664,173.194.188.105,10.10.0.10,,,443,45734,0,29,17
1588617010.9368598,173.194.188.105,10.10.0.10,,,443,45734,0,1358,17
1588617010.9385562,10.10.0.10,173.194.188.105,,,45734,443,0,37,17
1588617010.9419384,173.194.188.105,10.10.0.10,,,443,45734,0,1358,17
1588617010.9470682,173.194.188.105,10.10.0.10,,,443,45734,0,1358,17
1588617010.949007,10.10.0.10,173.194.188.105,,,45734,443,0,37,17
1588617010.952125,173.194.188.105,10.10.0.10,,,443,45734,0,1358,17
1588617010.9572759,173.194.188.105,10.10.0.10,,,443,45734,0,1358,17
1588617010.9589179,10.10.0.10,173.194.188.105,,,45734,443,0,37,17
1588617010.962369,173.194.188.105,10.10.0.10,,,443,45734,0,1358,17
1588617010.9674618,173.194.188.105,10.10.0.10,,,443,45734,0,1358,17
1588617010.9691238,10.10.0.10,173.194.188.105,,,45734,443,0,37,17
1588617010.972539,173.194.188.105,10.10.0.10,,,443,45734,0,1358,17
1588617010.9776282,173.194.188.105,10.10.0.10,,,443,45734,0,1358,17
1588617010.981335,10.10.0.10,173.194.188.105,,,45734,443,0,37,17
1588617010.982718,173.194.188.105,10.10.0.10,,,443,45734,0,1358,17
1588617010.9877632,173.194.188.105,10.10.0.10,,,443,45734,0,1358,17
1588617010.9915366,10.10.0.10,173.194.188.105,,,45734,443,0,37,17
1588617010.992888,173.194.188.105,10.10.0.10,,,443,45734,0,1358,17
1588617010.99798,173.194.188.105,10.10.0.10,,,443,45734,0,1358,17
1588617011.0008292,10.10.0.10,173.194.188.105,,,45734,443,0,37,17
1588617011.0030668,173.194.188.105,10.10.0.10,,,443,45734,0,1358,17
1588617011.008154,173.194.188.105,10.10.0.10,,,443,45734,0,1358,17
1588617011.009696,10.10.0.10,173.194.188.105,,,45734,443,0,37,17
1588617011.013241,173.194.188.105,10.10.0.10,,,443,45734,0,1358,17
1588617011.018325,173.194.188.105,10.10.0.10,,,443,45734,0,1358,17
1588617011.019894,10.10.0.10,173.194.188.105,,,45734,443,0,37,17
1588617011.0234118,173.194.188.105,10.10.0.10,,,443,45734,0,1358,17
1588617011.02843,173.194.188.105,10.10.0.10,,,443,45734,0,1358,17
1588617011.030061,10.10.0.10,173.194.188.105,,,45734,443,0,37,17
1588617011.033586,173.194.188.105,10.10.0.10,,,443,45734,0,1358,17
1588617011.0386758,173.194.188.105,10.10.0.10,,,443,45734,0,1358,17
1588617011.040514,10.10.0.10,173.194.188.105,,,45734,443,0,37,17
1588617011.043736,173.194.188.105,10.10.0.10,,,443,45734,0,1358,17
1588617011.0488071,173.194.188.105,10.10.0.10,,,443,45734,0,1358,17
1588617011.050817,10.10.0.10,173.194.188.105,,,45734,443,0,37,17
1588617011.053934,173.194.188.105,10.10.0.10,,,443,45734,0,1358,17
1588617011.0589812,173.194.188.105,10.10.0.10,,,443,45734,0,1358,17
1588617011.0607116,10.10.0.10,173.194.188.105,,,45734,443,0,37,17
1588617011.064109,173.194.188.105,10.10.0.10,,,443,45734,0,1358,17
1588617011.0691679,173.194.188.105,10.10.0.10,,,443,45734,0,1358,17
1588617011.071232,10.10.0.10,173.194.188.105,,,45734,443,0,37,17
1588617011.074282,173.194.188.105,10.10.0.10,,,443,45734,0,1358,17
1588617011.079345,173.194.188.105,10.10.0.10,,,443,45734,0,1358,17
1588617011.082074,10.10.0.10,173.194.188.105,,,45734,443,0,37,17
1588617011.084448,173.194.188.105,10.10.0.10,,,443,45734,0,1358,17
1588617011.089536,173.194.188.105,10.10.0.10,,,443,45734,0,1358,17
1588617011.0912,10.10.0.10,173.194.188.105,,,45734,443,0,50,17
1588617011.094623,173.194.188.105,10.10.0.10,,,443,45734,0,1358,17
1588617011.09971,173.194.188.105,10.10.0.10,,,443,45734,0,1358,17
1588617011.102943,10.10.0.10,173.194.188.105,,,45734,443,0,37,17
1588617011.104798,173.194.188.105,10.10.0.10,,,443,45734,0,1358,17
1588617011.109824,173.194.188.105,10.10.0.10,,,443,45734,0,1358,17
1588617011.1115322,10.10.0.10,173.194.188.105,,,45734,443,0,37,17
1588617011.114988,173.194.188.105,10.10.0.10,,,443,45734,0,1358,17
1588617011.12008,173.194.188.105,10.10.0.10,,,443,45734,0,1358,17
1588617011.121723,10.10.0.10,173.194.188.105,,,45734,443,0,37,17
1588617011.125149,173.194.188.105,10.10.0.10,,,443,45734,0,1358,17
1588617011.130197,173.194.188.105,10.10.0.10,,,443,45734,0,1358,17
1588617011.132017,10.10.0.10,173.194.188.105,,,45734,443,0,37,17
1588617011.135289,173.194.188.105,10.10.0.10,,,443,45734,0,1358,17
1588617011.140369,173.194.188.105,10.10.0.10,,,443,45734,0,1358,17
1588617011.143016,10.10.0.10,173.194.188.105,,,45734,443,0,37,17
1588617011.14546,173.194.188.105,10.10.0.10,,,443,45734,0,1358,17
1588617011.150584,173.194.188.105,10.10.0.10,,,443,45734,0,1358,17
1588617011.1521769,10.10.0.10,173.194.188.105,,,45734,443,0,37,17
1588617011.155643,173.194.188.105,10.10.0.10,,,443,45734,0,1358,17
1588617011.160758,173.194.188.105,10.10.0.10,,,443,45734,0,1358,17
1588617011.162329,10.10.0.10,173.194.188.105,,,45734,443,0,37,17
1588617011.165847,173.194.188.105,10.10.0.10,,,443,45734,0,1358,17
1588617011.170933,173.194.188.105,10.10.0.10,,,443,45734,0,1358,17
1588617011.1725152,10.10.0.10,173.194.188.105,,,45734,443,0,37,17
1588617011.176024,173.194.188.105,10.10.0.10,,,443,45734,0,1358,17
1588617011.1811109,173.194.188.105,10.10.0.10,,,443,45734,0,1358,17
1588617011.183347,10.10.0.10,173.194.188.105,,,45734,443,0,37,17
1588617011.186198,173.194.188.105,10.10.0.10,,,443,45734,0,1358,17
1588617011.1886268,10.10.0.10,173.194.188.105,,,45734,443,0,734,17
1588617011.1886988,10.10.0.10,173.194.188.105,,,45734,443,0,48,17
1588617011.191282,173.194.188.105,10.10.0.10,,,443,45734,0,1358,17
1588617011.1963706,173.194.188.105,10.10.0.10,,,443,45734,0,1358,17
1588617011.201457,173.194.188.105,10.10.0.10,,,443,45734,0,1358,17
1588617011.206544,173.194.188.105,10.10.0.10,,,443,45734,0,1358,17
1588617011.211631,173.194.188.105,10.10.0.10,,,443,45734,0,29,17
1588617011.211793,173.194.188.105,10.10.0.10,,,443,45734,0,1358,17
1588617011.216917,173.194.188.105,10.10.0.10,,,443,45734,0,1358,17
1588617011.2214608,10.10.0.10,173.194.188.105,,,45734,443,0,37,17
1588617011.2219698,173.194.188.105,10.10.0.10,,,443,45734,0,1358,17
1588617011.2223892,10.10.0.10,173.194.188.105,,,45734,443,0,37,17
1588617011.22403,10.10.0.10,173.194.188.105,,,45734,443,0,37,17
1588617011.22712,173.194.188.105,10.10.0.10,,,443,45734,0,1358,17
1588617011.228764,10.10.0.10,173.194.188.105,,,45734,443,0,37,17
1588617011.2322106,173.194.188.105,10.10.0.10,,,443,45734,0,1358,17
1588617011.237298,173.194.188.105,10.10.0.10,,,443,45734,0,1358,17
1588617011.238992,10.10.0.10,173.194.188.105,,,45734,443,0,37,17
1588617011.242341,173.194.188.105,10.10.0.10,,,443,45734,0,1358,17
1588617011.247473,173.194.188.105,10.10.0.10,,,443,45734,0,1358,17
1588617011.2492461,10.10.0.10,173.194.188.105,,,45734,443,0,37,17
1588617011.2525628,173.194.188.105,10.10.0.10,,,443,45734,0,1358,17
1588617011.2576444,173.194.188.105,10.10.0.10,,,443,45734,0,1358,17
1588617011.259391,10.10.0.10,173.194.188.105,,,45734,443,0,37,17
1588617011.2627351,173.194.188.105,10.10.0.10,,,443,45734,0,1358,17
1588617011.267818,173.194.188.105,10.10.0.10,,,443,45734,0,1358,17
1588617011.269469,10.10.0.10,173.194.188.105,,,45734,443,0,37,17
1588617011.272912,173.194.188.105,10.10.0.10,,,443,45734,0,1358,17
1588617011.277993,173.194.188.105,10.10.0.10,,,443,45734,0,1358,17
1588617011.279743,10.10.0.10,173.194.188.105,,,45734,443,0,37,17
1588617011.2830858,173.194.188.105,10.10.0.10,,,443,45734,0,1358,17
1588617011.2881699,173.194.188.105,10.10.0.10,,,443,45734,0,1358,17
1588617011.289822,10.10.0.10,173.194.188.105,,,45734,443,0,37,17
1588617011.293261,173.194.188.105,10.10.0.10,,,443,45734,0,1358,17
1588617011.2983599,173.194.188.105,10.10.0.10,,,443,45734,0,1358,17
1588617011.303391,173.194.188.105,10.10.0.10,,,443,45734,0,1358,17
1588617011.308522,173.194.188.105,10.10.0.10,,,443,45734,0,1358,17
1588617011.313609,173.194.188.105,10.10.0.10,,,443,45734,0,1358,17
1588617011.318665,173.194.188.105,10.10.0.10,,,443,45734,0,1358,17
1588617011.323781,173.194.188.105,10.10.0.10,,,443,45734,0,1358,17
1588617011.3288732,173.194.188.105,10.10.0.10,,,443,45734,0,1358,17
1588617011.333959,173.194.188.105,10.10.0.10,,,443,45734,0,1358,17
1588617011.339014,173.194.188.105,10.10.0.10,,,443,45734,0,1358,17
1588617011.3441298,173.194.188.105,10.10.0.10,,,443,45734,0,1358,17
1588617011.3627546,173.194.188.105,10.10.0.10,,,443,45734,0,1358,17
1588617011.3799279,10.10.0.10,173.194.188.105,,,45734,443,0,37,17
1588617011.382274,10.10.0.10,173.194.188.105,,,45734,443,0,37,17
1588617011.38308,10.10.0.10,173.194.188.105,,,45734,443,0,37,17
1588617011.3848348,10.10.0.10,173.194.188.105,,,45734,443,0,37,17
1588617011.385912,10.10.0.10,173.194.188.105,,,45734,443,0,37,17
1588617011.386447,173.194.188.105,10.10.0.10,,,443,45734,0,1358,17
1588617011.386501,173.194.188.105,10.10.0.10,,,443,45734,0,1358,17
1588617011.386696,10.10.0.10,173.194.188.105,,,45734,443,0,37,17
1588617011.3886828,10.10.0.10,173.194.188.105,,,45734,443,0,37,17
1588617011.4001384,173.194.188.105,10.10.0.10,,,443,45734,0,1358,17
1588617011.400199,173.194.188.105,10.10.0.10,,,443,45734,0,1358,17
1588617011.4019608,10.10.0.10,173.194.188.105,,,45734,443,0,37,17
1588617011.4104614,173.194.188.105,10.10.0.10,,,443,45734,0,1358,17
1588617011.4105198,173.194.188.105,10.10.0.10,,,443,45734,0,1358,17
1588617011.419991,173.194.188.105,10.10.0.10,,,443,45734,0,1358,17
1588617011.4200509,173.194.188.105,10.10.0.10,,,443,45734,0,1358,17
1588617011.4300694,173.194.188.105,10.10.0.10,,,443,45734,0,1358,17
1588617011.430135,173.194.188.105,10.10.0.10,,,443,45734,0,1358,17
1588617011.439743,173.194.188.105,10.10.0.10,,,443,45734,0,1358,17
1588617011.44026,173.194.188.105,10.10.0.10,,,443,45734,0,1358,17
1588617011.4499671,173.194.188.105,10.10.0.10,,,443,45734,0,1358,17
1588617011.450425,173.194.188.105,10.10.0.10,,,443,45734,0,1358,17
1588617011.46067,173.194.188.105,10.10.0.10,,,443,45734,0,1358,17
1588617011.460729,173.194.188.105,10.10.0.10,,,443,45734,0,1358,17
1588617011.4702532,173.194.188.105,10.10.0.10,,,443,45734,0,1358,17
1588617011.470791,173.194.188.105,10.10.0.10,,,443,45734,0,1358,17
1588617011.4794724,173.194.188.105,10.10.0.10,,,443,45734,0,1358,17
1588617011.4996188,10.10.0.10,173.194.188.105,,,45734,443,0,37,17
1588617011.5019894,10.10.0.10,173.194.188.105,,,45734,443,0,50,17
1588617011.5043929,173.194.188.105,10.10.0.10,,,443,45734,0,1358,17
1588617011.504693,10.10.0.10,173.194.188.105,,,45734,443,0,37,17
1588617011.505192,10.10.0.10,173.194.188.105,,,45734,443,0,37,17
1588617011.5057054,173.194.188.105,10.10.0.10,,,443,45734,0,1358,17
1588617011.507389,10.10.0.10,173.194.188.105,,,45734,443,0,37,17
1588617011.507447,10.10.0.10,173.194.188.105,,,45734,443,0,37,17
1588617011.508774,173.194.188.105,10.10.0.10,,,443,45734,0,1358,17
1588617011.50905,10.10.0.10,173.194.188.105,,,45734,443,0,37,17
1588617011.509658,10.10.0.10,173.194.188.105,,,45734,443,0,37,17
1588617011.511458,10.10.0.10,173.194.188.105,,,45734,443,0,37,17
1588617011.5134768,10.10.0.10,173.194.188.105,,,45734,443,0,37,17
1588617011.517459,173.194.188.105,10.10.0.10,,,443,45734,0,1358,17
1588617011.5189722,173.194.188.105,10.10.0.10,,,443,45734,0,1358,17
1588617011.5206964,10.10.0.10,173.194.188.105,,,45734,443,0,37,17
1588617011.5240538,173.194.188.105,10.10.0.10,,,443,45734,0,1358,17
1588617011.529094,173.194.188.105,10.10.0.10,,,443,45734,0,1358,17
1588617011.5342321,173.194.188.105,10.10.0.10,,,443,45734,0,1358,17
1588617011.5393212,173.194.188.105,10.10.0.10,,,443,45734,0,1358,17
1588617011.5444038,173.194.188.105,10.10.0.10,,,443,45734,0,1358,17
1588617011.549491,173.194.188.105,10.10.0.10,,,443,45734,0,1358,17
1588617011.5545812,173.194.188.105,10.10.0.10,,,443,45734,0,1358,17
1588617011.559665,173.194.188.105,10.10.0.10,,,443,45734,0,1358,17
1588617011.56471,173.194.188.105,10.10.0.10,,,443,45734,0,1358,17
1588617011.569842,173.194.188.105,10.10.0.10,,,443,45734,0,1358,17
1588617011.5749302,173.194.188.105,10.10.0.10,,,443,45734,0,1358,17
1588617011.579984,173.194.188.105,10.10.0.10,,,443,45734,0,1358,17
1588617011.5850544,173.194.188.105,10.10.0.10,,,443,45734,0,1358,17
1588617011.590129,173.194.188.105,10.10.0.10,,,443,45734,0,1358,17
1588617011.5952098,173.194.188.105,10.10.0.10,,,443,45734,0,1358,17
1588617011.6003482,173.194.188.105,10.10.0.10,,,443,45734,0,1358,17
1588617011.605409,173.194.188.105,10.10.0.10,,,443,45734,0,1358,17
1588617011.610468,173.194.188.105,10.10.0.10,,,443,45734,0,1358,17
1588617011.615583,173.194.188.105,10.10.0.10,,,443,45734,0,1358,17
1588617011.619778,10.10.0.10,173.194.188.105,,,45734,443,0,37,17
1588617011.6206772,173.194.188.105,10.10.0.10,,,443,45734,0,1358,17
1588617011.623762,10.10.0.10,173.194.188.105,,,45734,443,0,37,17
1588617011.625761,173.194.188.105,10.10.0.10,,,443,45734,0,1358,17
1588617011.626936,10.10.0.10,173.194.188.105,,,45734,443,0,37,17
1588617011.628364,10.10.0.10,173.194.188.105,,,45734,443,0,37,17
1588617011.630874,173.194.188.105,10.10.0.10,,,443,45734,0,1358,17
1588617011.6308956,10.10.0.10,173.194.188.105,,,45734,443,0,37,17
1588617011.6319802,10.10.0.10,173.194.188.105,,,45734,443,0,37,17
1588617011.6326685,10.10.0.10,173.194.188.105,,,45734,443,0,37,17
1588617011.6342509,10.10.0.10,173.194.188.105,,,45734,443,0,37,17
1588617011.635943,173.194.188.105,10.10.0.10,,,443,45734,0,1358,17
1588617011.636082,10.10.0.10,173.194.188.105,,,45734,443,0,37,17
1588617011.637552,10.10.0.10,173.194.188.105,,,45734,443,0,37,17
1588617011.637988,10.10.0.10,173.194.188.105,,,45734,443,0,50,17
1588617011.63837,10.10.0.10,173.194.188.105,,,45734,443,0,37,17
1588617011.641034,173.194.188.105,10.10.0.10,,,443,45734,0,1358,17
1588617011.646105,173.194.188.105,10.10.0.10,,,443,45734,0,1358,17
1588617011.6512039,173.194.188.105,10.10.0.10,,,443,45734,0,1358,17
1588617011.65628,173.194.188.105,10.10.0.10,,,443,45734,0,1358,17
1588617011.661402,173.194.188.105,10.10.0.10,,,443,45734,0,1358,17
1588617011.6664839,173.194.188.105,10.10.0.10,,,443,45734,0,1358,17
1588617011.6715698,173.194.188.105,10.10.0.10,,,443,45734,0,1358,17
1588617011.676656,173.194.188.105,10.10.0.10,,,443,45734,0,1358,17
1588617011.681725,173.194.188.105,10.10.0.10,,,443,45734,0,1358,17
1588617011.686806,173.194.188.105,10.10.0.10,,,443,45734,0,1358,17
1588617011.691864,173.194.188.105,10.10.0.10,,,443,45734,0,1358,17
1588617011.6970134,173.194.188.105,10.10.0.10,,,443,45734,0,1358,17
1588617011.7020724,173.194.188.105,10.10.0.10,,,443,45734,0,1358,17
1588617011.707132,173.194.188.105,10.10.0.10,,,443,45734,0,1358,17
1588617011.712214,173.194.188.105,10.10.0.10,,,443,45734,0,1358,17
1588617011.7173562,173.194.188.105,10.10.0.10,,,443,45734,0,1358,17
1588617011.7224178,173.194.188.105,10.10.0.10,,,443,45734,0,1358,17
1588617011.727531,173.194.188.105,10.10.0.10,,,443,45734,0,1358,17
1588617011.7326188,173.194.188.105,10.10.0.10,,,443,45734,0,1358,17
1588617011.737706,173.194.188.105,10.10.0.10,,,443,45734,0,1358,17
1588617011.7407002,10.10.0.10,173.194.188.105,,,45734,443,0,37,17
1588617011.742792,173.194.188.105,10.10.0.10,,,443,45734,0,1358,17
1588617011.7428212,10.10.0.10,173.194.188.105,,,45734,443,0,37,17
1588617011.7452922,10.10.0.10,173.194.188.105,,,45734,443,0,37,17
1588617011.74788,173.194.188.105,10.10.0.10,,,443,45734,0,1358,17
1588617011.748818,10.10.0.10,173.194.188.105,,,45734,443,0,37,17
1588617011.750463,10.10.0.10,173.194.188.105,,,45734,443,0,37,17
1588617011.7523232,10.10.0.10,173.194.188.105,,,45734,443,0,37,17
1588617011.7529461,173.194.188.105,10.10.0.10,,,443,45734,0,1358,17
1588617011.753292,10.10.0.10,173.194.188.105,,,45734,443,0,37,17
1588617011.7541099,10.10.0.10,173.194.188.105,,,45734,443,0,37,17
1588617011.755039,10.10.0.10,173.194.188.105,,,45734,443,0,37,17
1588617011.7580602,173.194.188.105,10.10.0.10,,,443,45734,0,1358,17
1588617011.76199,10.10.0.10,173.194.188.105,,,45734,443,0,37,17
1588617011.762607,10.10.0.10,173.194.188.105,,,45734,443,0,37,17
1588617011.763106,173.194.188.105,10.10.0.10,,,443,45734,0,1358,17
1588617011.7640884,10.10.0.10,173.194.188.105,,,45734,443,0,37,17
1588617011.764815,10.10.0.10,173.194.188.105,,,45734,443,0,37,17
1588617011.768234,173.194.188.105,10.10.0.10,,,443,45734,0,1358,17
1588617011.77332,173.194.188.105,10.10.0.10,,,443,45734,0,1358,17
1588617011.778379,173.194.188.105,10.10.0.10,,,443,45734,0,1358,17
1588617011.7834976,173.194.188.105,10.10.0.10,,,443,45734,0,1358,17
1588617011.788586,173.194.188.105,10.10.0.10,,,443,45734,0,1358,17
1588617011.7936692,173.194.188.105,10.10.0.10,,,443,45734,0,1358,17
1588617011.798759,173.194.188.105,10.10.0.10,,,443,45734,0,1358,17
1588617011.803839,173.194.188.105,10.10.0.10,,,443,45734,0,1358,17
1588617011.808933,173.194.188.105,10.10.0.10,,,443,45734,0,1358,17
1588617011.813981,173.194.188.105,10.10.0.10,,,443,45734,0,1358,17
1588617011.8191226,173.194.188.105,10.10.0.10,,,443,45734,0,1358,17
1588617011.824194,173.194.188.105,10.10.0.10,,,443,45734,0,1358,17
1588617011.8292804,173.194.188.105,10.10.0.10,,,443,45734,0,1358,17
1588617011.834369,173.194.188.105,10.10.0.10,,,443,45734,0,1358,17
1588617011.839456,173.194.188.105,10.10.0.10,,,443,45734,0,1358,17
1588617011.844542,173.194.188.105,10.10.0.10,,,443,45734,0,1358,17
1588617011.849632,173.194.188.105,10.10.0.10,,,443,45734,0,1358,17
1588617011.854717,173.194.188.105,10.10.0.10,,,443,45734,0,1358,17
1588617011.8598044,173.194.188.105,10.10.0.10,,,443,45734,0,1358,17
1588617011.8648536,173.194.188.105,10.10.0.10,,,443,45734,0,1358,17
1588617011.8670108,10.10.0.10,173.194.188.105,,,45734,443,0,37,17
1588617011.867552,10.10.0.10,173.194.188.105,,,45734,443,0,37,17
1588617011.8682554,10.10.0.10,173.194.188.105,,,45734,443,0,37,17
1588617011.86894,10.10.0.10,173.194.188.105,,,45734,443,0,37,17
1588617011.8699572,173.194.188.105,10.10.0.10,,,443,45734,0,1358,17
1588617011.8713946,10.10.0.10,173.194.188.105,,,45734,443,0,37,17
1588617011.871421,10.10.0.10,173.194.188.105,,,45734,443,0,50,17
1588617011.875011,173.194.188.105,10.10.0.10,,,443,45734,0,1358,17
1588617011.87875,10.10.0.10,173.194.188.105,,,45734,443,0,37,17
1588617011.8801308,173.194.188.105,10.10.0.10,,,443,45734,0,1358,17
1588617011.8802614,10.10.0.10,173.194.188.105,,,45734,443,0,37,17
1588617011.8808658,10.10.0.10,173.194.188.105,,,45734,443,0,37,17
1588617011.8836892,10.10.0.10,173.194.188.105,,,45734,443,0,37,17
1588617011.884017,10.10.0.10,173.194.188.105,,,45734,443,0,37,17
1588617011.885199,173.194.188.105,10.10.0.10,,,443,45734,0,1358,17
1588617011.890329,173.194.188.105,10.10.0.10,,,443,45734,0,1358,17
1588617011.8954134,173.194.188.105,10.10.0.10,,,443,45734,0,1358,17
1588617011.900505,173.194.188.105,10.10.0.10,,,443,45734,0,1358,17
1588617011.905589,173.194.188.105,10.10.0.10,,,443,45734,0,1358,17
1588617011.9106698,173.194.188.105,10.10.0.10,,,443,45734,0,1358,17
1588617011.915766,173.194.188.105,10.10.0.10,,,443,45734,0,1358,17
1588617011.92085,173.194.188.105,10.10.0.10,,,443,45734,0,1358,17
1588617011.925953,173.194.188.105,10.10.0.10,,,443,45734,0,1358,17
1588617011.930976,173.194.188.105,10.10.0.10,,,443,45734,0,1358,17
1588617011.93607,173.194.188.105,10.10.0.10,,,443,45734,0,1358,17
1588617011.9411788,173.194.188.105,10.10.0.10,,,443,45734,0,1358,17
1588617011.946266,173.194.188.105,10.10.0.10,,,443,45734,0,1358,17
1588617011.9513538,173.194.188.105,10.10.0.10,,,443,45734,0,1358,17
1588617011.956467,173.194.188.105,10.10.0.10,,,443,45734,0,1358,17
1588617011.9615538,173.194.188.105,10.10.0.10,,,443,45734,0,1358,17
1588617011.9666429,173.194.188.105,10.10.0.10,,,443,45734,0,1358,17
1588617011.9717278,173.194.188.105,10.10.0.10,,,443,45734,0,1358,17
1588617011.9768178,173.194.188.105,10.10.0.10,,,443,45734,0,1358,17
1588617011.9808588,10.10.0.10,173.194.188.105,,,45734,443,0,37,17
1588617011.981876,173.194.188.105,10.10.0.10,,,443,45734,0,1358,17
1588617011.984144,10.10.0.10,173.194.188.105,,,45734,443,0,37,17
1588617011.98592,10.10.0.10,173.194.188.105,,,45734,443,0,37,17
1588617011.9869974,173.194.188.105,10.10.0.10,,,443,45734,0,1358,17
1588617011.9871259,10.10.0.10,173.194.188.105,,,45734,443,0,37,17
1588617011.988154,10.10.0.10,173.194.188.105,,,45734,443,0,37,17
1588617011.9899778,10.10.0.10,173.194.188.105,,,45734,443,0,37,17
1588617011.9905539,10.10.0.10,173.194.188.105,,,45734,443,0,37,17
1588617011.992039,173.194.188.105,10.10.0.10,,,443,45734,0,1358,17
1588617011.992586,10.10.0.10,173.194.188.105,,,45734,443,0,37,17
1588617011.9931805,10.10.0.10,173.194.188.105,,,45734,443,0,37,17
1588617011.99463,10.10.0.10,173.194.188.105,,,45734,443,0,37,17
1588617011.9950829,10.10.0.10,173.194.188.105,,,45734,443,0,37,17
1588617011.9971642,173.194.188.105,10.10.0.10,,,443,45734,0,1358,17
1588617011.999624,10.10.0.10,173.194.188.105,,,45734,443,0,37,17
1588617012.002223,173.194.188.105,10.10.0.10,,,443,45734,0,1358,17
1588617012.0073388,173.194.188.105,10.10.0.10,,,443,45734,0,1358,17
1588617012.012398,173.194.188.105,10.10.0.10,,,443,45734,0,1358,17
1588617012.017518,173.194.188.105,10.10.0.10,,,443,45734,0,1358,17
1588617012.022578,173.194.188.105,10.10.0.10,,,443,45734,0,1358,17
1588617012.0276508,173.194.188.105,10.10.0.10,,,443,45734,0,1358,17
1588617012.032783,173.194.188.105,10.10.0.10,,,443,45734,0,1358,17
1588617012.0378668,173.194.188.105,10.10.0.10,,,443,45734,0,1358,17
1588617012.04296,173.194.188.105,10.10.0.10,,,443,45734,0,1358,17
1588617012.048048,173.194.188.105,10.10.0.10,,,443,45734,0,1358,17
1588617012.0531301,173.194.188.105,10.10.0.10,,,443,45734,0,1358,17
1588617012.058193,173.194.188.105,10.10.0.10,,,443,45734,0,1358,17
1588617012.0633092,173.194.188.105,10.10.0.10,,,443,45734,0,1358,17
1588617012.068392,173.194.188.105,10.10.0.10,,,443,45734,0,1358,17
1588617012.0734842,173.194.188.105,10.10.0.10,,,443,45734,0,1358,17
1588617012.0785706,173.194.188.105,10.10.0.10,,,443,45734,0,1358,17
1588617012.083657,173.194.188.105,10.10.0.10,,,443,45734,0,1358,17
1588617012.088744,173.194.188.105,10.10.0.10,,,443,45734,0,1358,17
1588617012.0938294,173.194.188.105,10.10.0.10,,,443,45734,0,1358,17
1588617012.098921,173.194.188.105,10.10.0.10,,,443,45734,0,1358,17
1588617012.100523,10.10.0.10,173.194.188.105,,,45734,443,0,37,17
1588617012.104003,173.194.188.105,10.10.0.10,,,443,45734,0,1358,17
1588617012.104218,10.10.0.10,173.194.188.105,,,45734,443,0,37,17
1588617012.106159,10.10.0.10,173.194.188.105,,,45734,443,0,50,17
1588617012.107511,10.10.0.10,173.194.188.105,,,45734,443,0,37,17
1588617012.1090622,173.194.188.105,10.10.0.10,,,443,45734,0,1358,17
1588617012.109081,10.10.0.10,173.194.188.105,,,45734,443,0,37,17
1588617012.1100724,10.10.0.10,173.194.188.105,,,45734,443,0,37,17
1588617012.1121502,10.10.0.10,173.194.188.105,,,45734,443,0,37,17
1588617012.1121972,10.10.0.10,173.194.188.105,,,45734,443,0,37,17
1588617012.1135948,10.10.0.10,173.194.188.105,,,45734,443,0,37,17
1588617012.113661,10.10.0.10,173.194.188.105,,,45734,443,0,37,17
1588617012.1141438,173.194.188.105,10.10.0.10,,,443,45734,0,1358,17
1588617012.115203,10.10.0.10,173.194.188.105,,,45734,443,0,37,17
1588617012.1157148,10.10.0.10,173.194.188.105,,,45734,443,0,37,17
1588617012.119267,173.194.188.105,10.10.0.10,,,443,45734,0,1358,17
1588617012.124352,173.194.188.105,10.10.0.10,,,443,45734,0,1358,17
1588617012.1294384,173.194.188.105,10.10.0.10,,,443,45734,0,1358,17
1588617012.1345036,173.194.188.105,10.10.0.10,,,443,45734,0,1358,17
1588617012.13963,173.194.188.105,10.10.0.10,,,443,45734,0,29,17
1588617012.13977,173.194.188.105,10.10.0.10,,,443,45734,0,1358,17
1588617012.144926,173.194.188.105,10.10.0.10,,,443,45734,0,1358,17
1588617012.15002,173.194.188.105,10.10.0.10,,,443,45734,0,1358,17
1588617012.1551092,173.194.188.105,10.10.0.10,,,443,45734,0,1358,17
1588617012.160197,173.194.188.105,10.10.0.10,,,443,45734,0,1358,17
1588617012.165283,173.194.188.105,10.10.0.10,,,443,45734,0,1358,17
1588617012.170368,173.194.188.105,10.10.0.10,,,443,45734,0,1358,17
1588617012.175458,173.194.188.105,10.10.0.10,,,443,45734,0,1358,17
1588617012.180547,173.194.188.105,10.10.0.10,,,443,45734,0,1358,17
1588617012.1856358,173.194.188.105,10.10.0.10,,,443,45734,0,1358,17
1588617012.1907198,173.194.188.105,10.10.0.10,,,443,45734,0,1358,17
1588617012.195806,173.194.188.105,10.10.0.10,,,443,45734,0,1358,17
1588617012.2008939,173.194.188.105,10.10.0.10,,,443,45734,0,1358,17
1588617012.205982,173.194.188.105,10.10.0.10,,,443,45734,0,1358,17
1588617012.2110682,173.194.188.105,10.10.0.10,,,443,45734,0,1358,17
1588617012.216152,173.194.188.105,10.10.0.10,,,443,45734,0,1358,17
1588617012.219903,10.10.0.10,173.194.188.105,,,45734,443,0,37,17
1588617012.221241,173.194.188.105,10.10.0.10,,,443,45734,0,1358,17
1588617012.222544,10.10.0.10,173.194.188.105,,,45734,443,0,37,17
1588617012.2262578,10.10.0.10,173.194.188.105,,,45734,443,0,37,17
1588617012.2262864,173.194.188.105,10.10.0.10,,,443,45734,0,1358,17
1588617012.2268221,10.10.0.10,173.194.188.105,,,45734,443,0,37,17
1588617012.227908,10.10.0.10,173.194.188.105,,,45734,443,0,37,17
1588617012.23017,10.10.0.10,173.194.188.105,,,45734,443,0,37,17
1588617012.231414,173.194.188.105,10.10.0.10,,,443,45734,0,1358,17
1588617012.231555,10.10.0.10,173.194.188.105,,,45734,443,0,37,17
1588617012.233158,10.10.0.10,173.194.188.105,,,45734,443,0,37,17
1588617012.234297,10.10.0.10,173.194.188.105,,,45734,443,0,37,17
1588617012.236077,10.10.0.10,173.194.188.105,,,45734,443,0,37,17
1588617012.236222,10.10.0.10,173.194.188.105,,,45734,443,0,50,17
1588617012.236436,173.194.188.105,10.10.0.10,,,443,45734,0,1358,17
1588617012.237983,10.10.0.10,173.194.188.105,,,45734,443,0,37,17
1588617012.241554,173.194.188.105,10.10.0.10,,,443,45734,0,1358,17
1588617012.246681,173.194.188.105,10.10.0.10,,,443,45734,0,1358,17
1588617012.2517624,173.194.188.105,10.10.0.10,,,443,45734,0,1358,17
1588617012.256868,173.194.188.105,10.10.0.10,,,443,45734,0,1358,17
1588617012.2619412,173.194.188.105,10.10.0.10,,,443,45734,0,1358,17
1588617012.2670279,173.194.188.105,10.10.0.10,,,443,45734,0,1358,17
1588617012.2721171,173.194.188.105,10.10.0.10,,,443,45734,0,1358,17
1588617012.277201,173.194.188.105,10.10.0.10,,,443,45734,0,1358,17
1588617012.28229,173.194.188.105,10.10.0.10,,,443,45734,0,1358,17
1588617012.287375,173.194.188.105,10.10.0.10,,,443,45734,0,1358,17
1588617012.292463,173.194.188.105,10.10.0.10,,,443,45734,0,1358,17
1588617012.297548,173.194.188.105,10.10.0.10,,,443,45734,0,1358,17
1588617012.302639,173.194.188.105,10.10.0.10,,,443,45734,0,1358,17
1588617012.303209,10.10.0.10,173.194.188.105,,,45734,443,0,37,17
1588617012.305463,10.10.0.10,173.194.188.105,,,45734,443,0,50,17
1588617012.3077252,173.194.188.105,10.10.0.10,,,443,45734,0,1358,17
1588617012.3085706,10.10.0.10,173.194.188.105,,,45734,443,0,37,17
1588617012.3105226,10.10.0.10,173.194.188.105,,,45734,443,0,37,17
1588617012.312079,10.10.0.10,173.194.188.105,,,45734,443,0,37,17
1588617012.3127868,173.194.188.105,10.10.0.10,,,443,45734,0,1358,17
1588617012.3130622,10.10.0.10,173.194.188.105,,,45734,443,0,37,17
1588617012.3152258,10.10.0.10,173.194.188.105,,,45734,443,0,37,17
1588617012.317152,10.10.0.10,173.194.188.105,,,45734,443,0,37,17
1588617012.3178961,173.194.188.105,10.10.0.10,,,443,45734,0,1358,17
1588617012.319968,10.10.0.10,173.194.188.105,,,45734,443,0,37,17
1588617012.3229492,173.194.188.105,10.10.0.10,,,443,45734,0,1358,17
1588617012.328048,173.194.188.105,10.10.0.10,,,443,45734,0,1358,17
1588617012.33194,10.10.0.10,173.194.188.105,,,45734,443,0,37,17
1588617012.333159,173.194.188.105,10.10.0.10,,,443,45734,0,1358,17
1588617012.338246,173.194.188.105,10.10.0.10,,,443,45734,0,1358,17
1588617012.339898,10.10.0.10,173.194.188.105,,,45734,443,0,37,17
1588617012.343333,173.194.188.105,10.10.0.10,,,443,45734,0,1358,17
1588617012.348422,173.194.188.105,10.10.0.10,,,443,45734,0,1358,17
1588617012.350109,10.10.0.10,173.194.188.105,,,45734,443,0,37,17
1588617012.3535078,173.194.188.105,10.10.0.10,,,443,45734,0,1358,17
1588617012.358536,173.194.188.105,10.10.0.10,,,443,45734,0,1358,17
1588617012.360091,10.10.0.10,173.194.188.105,,,45734,443,0,37,17
1588617012.363684,173.194.188.105,10.10.0.10,,,443,45734,0,29,17
1588617012.3638391,173.194.188.105,10.10.0.10,,,443,45734,0,1358,17
1588617012.3689651,173.194.188.105,10.10.0.10,,,443,45734,0,1358,17
1588617012.3705142,10.10.0.10,173.194.188.105,,,45734,443,0,37,17
1588617012.374091,173.194.188.105,10.10.0.10,,,443,45734,0,1358,17
1588617012.379189,173.194.188.105,10.10.0.10,,,443,45734,0,1358,17
1588617012.380773,10.10.0.10,173.194.188.105,,,45734,443,0,37,17
1588617012.3842616,173.194.188.105,10.10.0.10,,,443,45734,0,1358,17
1588617012.3893492,173.194.188.105,10.10.0.10,,,443,45734,0,1358,17
1588617012.390933,10.10.0.10,173.194.188.105,,,45734,443,0,37,17
1588617012.3944368,173.194.188.105,10.10.0.10,,,443,45734,0,1358,17
1588617012.399529,173.194.188.105,10.10.0.10,,,443,45734,0,1358,17
1588617012.4012532,10.10.0.10,173.194.188.105,,,45734,443,0,37,17
1588617012.404614,173.194.188.105,10.10.0.10,,,443,45734,0,1358,17
1588617012.409702,173.194.188.105,10.10.0.10,,,443,45734,0,1358,17
1588617012.4115431,10.10.0.10,173.194.188.105,,,45734,443,0,37,17
1588617012.4147859,173.194.188.105,10.10.0.10,,,443,45734,0,1358,17
1588617012.419822,173.194.188.105,10.10.0.10,,,443,45734,0,1358,17
1588617012.422688,10.10.0.10,173.194.188.105,,,45734,443,0,37,17
1588617012.424968,173.194.188.105,10.10.0.10,,,443,45734,0,1358,17
1588617012.4309149,173.194.188.105,10.10.0.10,,,443,45734,0,1358,17
1588617012.434039,10.10.0.10,173.194.188.105,,,45734,443,0,37,17
1588617012.436858,173.194.188.105,10.10.0.10,,,443,45734,0,1358,17
1588617012.442806,173.194.188.105,10.10.0.10,,,443,45734,0,1358,17
1588617012.4452634,10.10.0.10,173.194.188.105,,,45734,443,0,37,17
1588617012.448688,173.194.188.105,10.10.0.10,,,443,45734,0,1358,17
1588617012.4547038,173.194.188.105,10.10.0.10,,,443,45734,0,1358,17
1588617012.4566188,10.10.0.10,173.194.188.105,,,45734,443,0,50,17
1588617012.460664,173.194.188.105,10.10.0.10,,,443,45734,0,1358,17
1588617012.46661,173.194.188.105,10.10.0.10,,,443,45734,0,1358,17
1588617012.468809,10.10.0.10,173.194.188.105,,,45734,443,0,37,17
1588617012.4725618,173.194.188.105,10.10.0.10,,,443,45734,0,1358,17
1588617012.47851,173.194.188.105,10.10.0.10,,,443,45734,0,1358,17
1588617012.484456,173.194.188.105,10.10.0.10,,,443,45734,0,1358,17
1588617012.490409,173.194.188.105,10.10.0.10,,,443,45734,0,1358,17
1588617012.496352,173.194.188.105,10.10.0.10,,,443,45734,0,1358,17
1588617012.502305,173.194.188.105,10.10.0.10,,,443,45734,0,1358,17
1588617012.50521,10.10.0.10,173.194.188.105,,,45734,443,0,37,17
1588617012.5079162,10.10.0.10,173.194.188.105,,,45734,443,0,37,17
1588617012.508178,173.194.188.105,10.10.0.10,,,443,45734,0,1358,17
1588617012.509183,10.10.0.10,173.194.188.105,,,45734,443,0,37,17
1588617012.514154,173.194.188.105,10.10.0.10,,,443,45734,0,1358,17
1588617012.515667,10.10.0.10,173.194.188.105,,,45734,443,0,37,17
1588617012.5200765,173.194.188.105,10.10.0.10,,,443,45734,0,1358,17
1588617012.5260448,173.194.188.105,10.10.0.10,,,443,45734,0,1358,17
1588617012.5280972,10.10.0.10,173.194.188.105,,,45734,443,0,37,17
1588617012.531962,173.194.188.105,10.10.0.10,,,443,45734,0,1358,17
1588617012.5379171,173.194.188.105,10.10.0.10,,,443,45734,0,1358,17
1588617012.53958,10.10.0.10,173.194.188.105,,,45734,443,0,37,17
1588617012.5438929,173.194.188.105,10.10.0.10,,,443,45734,0,1358,17
1588617012.5498722,173.194.188.105,10.10.0.10,,,443,45734,0,1358,17
1588617012.551545,10.10.0.10,173.194.188.105,,,45734,443,0,37,17
1588617012.555793,173.194.188.105,10.10.0.10,,,443,45734,0,1358,17
1588617012.561713,173.194.188.105,10.10.0.10,,,443,45734,0,1358,17
1588617012.5632858,10.10.0.10,173.194.188.105,,,45734,443,0,37,17
1588617012.5676599,173.194.188.105,10.10.0.10,,,443,45734,0,1358,17
1588617012.5736108,173.194.188.105,10.10.0.10,,,443,45734,0,1358,17
1588617012.575216,10.10.0.10,173.194.188.105,,,45734,443,0,37,17
1588617012.579558,173.194.188.105,10.10.0.10,,,443,45734,0,1358,17
1588617012.585537,173.194.188.105,10.10.0.10,,,443,45734,0,1358,17
1588617012.587485,10.10.0.10,173.194.188.105,,,45734,443,0,37,17
1588617012.5915134,173.194.188.105,10.10.0.10,,,443,45734,0,1358,17
1588617012.5974042,173.194.188.105,10.10.0.10,,,443,45734,0,1358,17
1588617012.598917,10.10.0.10,173.194.188.105,,,45734,443,0,37,17
1588617012.603393,173.194.188.105,10.10.0.10,,,443,45734,0,1358,17
1588617012.6093318,173.194.188.105,10.10.0.10,,,443,45734,0,1358,17
1588617012.610999,10.10.0.10,173.194.188.105,,,45734,443,0,37,17
1588617012.615246,173.194.188.105,10.10.0.10,,,443,45734,0,1358,17
1588617012.6212358,173.194.188.105,10.10.0.10,,,443,45734,0,1358,17
1588617012.6229546,10.10.0.10,173.194.188.105,,,45734,443,0,37,17
1588617012.627147,173.194.188.105,10.10.0.10,,,443,45734,0,1358,17
1588617012.6330988,173.194.188.105,10.10.0.10,,,443,45734,0,1358,17
1588617012.639085,173.194.188.105,10.10.0.10,,,443,45734,0,1358,17
1588617012.6409822,10.10.0.10,173.194.188.105,,,45734,443,0,37,17
1588617012.645055,173.194.188.105,10.10.0.10,,,443,45734,0,1358,17
1588617012.647808,10.10.0.10,173.194.188.105,,,45734,443,0,37,17
1588617012.6510036,173.194.188.105,10.10.0.10,,,443,45734,0,1358,17
1588617012.656952,173.194.188.105,10.10.0.10,,,443,45734,0,1358,17
1588617012.6586409,10.10.0.10,173.194.188.105,,,45734,443,0,37,17
1588617012.6629019,173.194.188.105,10.10.0.10,,,443,45734,0,1358,17
1588617012.6688552,173.194.188.105,10.10.0.10,,,443,45734,0,1358,17
1588617012.6705148,10.10.0.10,173.194.188.105,,,45734,443,0,37,17
1588617012.674752,173.194.188.105,10.10.0.10,,,443,45734,0,1358,17
1588617012.680756,173.194.188.105,10.10.0.10,,,443,45734,0,1358,17
1588617012.6822882,10.10.0.10,173.194.188.105,,,45734,443,0,37,17
1588617012.686702,173.194.188.105,10.10.0.10,,,443,45734,0,1358,17
1588617012.6926508,173.194.188.105,10.10.0.10,,,443,45734,0,1358,17
1588617012.694082,10.10.0.10,173.194.188.105,,,45734,443,0,50,17
1588617012.6985662,173.194.188.105,10.10.0.10,,,443,45734,0,1358,17
1588617012.704505,173.194.188.105,10.10.0.10,,,443,45734,0,1358,17
1588617012.706353,10.10.0.10,173.194.188.105,,,45734,443,0,37,17
1588617012.7104962,173.194.188.105,10.10.0.10,,,443,45734,0,1358,17
1588617012.7164445,173.194.188.105,10.10.0.10,,,443,45734,0,1358,17
1588617012.717997,10.10.0.10,173.194.188.105,,,45734,443,0,37,17
1588617012.722354,173.194.188.105,10.10.0.10,,,443,45734,0,1358,17
1588617012.728346,173.194.188.105,10.10.0.10,,,443,45734,0,1358,17
1588617012.7299552,10.10.0.10,173.194.188.105,,,45734,443,0,37,17
1588617012.734297,173.194.188.105,10.10.0.10,,,443,45734,0,1358,17
1588617012.740244,173.194.188.105,10.10.0.10,,,443,45734,0,1358,17
1588617012.7431052,10.10.0.10,173.194.188.105,,,45734,443,0,37,17
1588617012.7461958,173.194.188.105,10.10.0.10,,,443,45734,0,1358,17
1588617012.7521439,173.194.188.105,10.10.0.10,,,443,45734,0,1358,17
1588617012.753753,10.10.0.10,173.194.188.105,,,45734,443,0,37,17
1588617012.7580268,173.194.188.105,10.10.0.10,,,443,45734,0,1358,17
1588617012.764044,173.194.188.105,10.10.0.10,,,443,45734,0,1358,17
1588617012.7661,10.10.0.10,173.194.188.105,,,45734,443,0,37,17
1588617012.7699661,173.194.188.105,10.10.0.10,,,443,45734,0,1358,17
1588617012.775942,173.194.188.105,10.10.0.10,,,443,45734,0,1358,17
1588617012.777679,10.10.0.10,173.194.188.105,,,45734,443,0,37,17
1588617012.781872,173.194.188.105,10.10.0.10,,,443,45734,0,1358,17
1588617012.7878392,173.194.188.105,10.10.0.10,,,443,45734,0,1358,17
1588617012.7899652,10.10.0.10,173.194.188.105,,,45734,443,0,37,17
1588617012.7937891,173.194.188.105,10.10.0.10,,,443,45734,0,1358,17
1588617012.799737,173.194.188.105,10.10.0.10,,,443,45734,0,1358,17
1588617012.8013608,10.10.0.10,173.194.188.105,,,45734,443,0,37,17
1588617012.805686,173.194.188.105,10.10.0.10,,,443,45734,0,1358,17
1588617012.8116348,173.194.188.105,10.10.0.10,,,443,45734,0,1358,17
1588617012.8136141,10.10.0.10,173.194.188.105,,,45734,443,0,37,17
1588617012.817524,173.194.188.105,10.10.0.10,,,443,45734,0,1358,17
1588617012.823533,173.194.188.105,10.10.0.10,,,443,45734,0,1358,17
1588617012.8251572,10.10.0.10,173.194.188.105,,,45734,443,0,37,17
1588617012.8294554,173.194.188.105,10.10.0.10,,,443,45734,0,1358,17
1588617012.835433,173.194.188.105,10.10.0.10,,,443,45734,0,1358,17
1588617012.837386,10.10.0.10,173.194.188.105,,,45734,443,0,37,17
1588617012.841378,173.194.188.105,10.10.0.10,,,443,45734,0,1358,17
1588617012.847297,173.194.188.105,10.10.0.10,,,443,45734,0,1358,17
1588617012.849342,10.10.0.10,173.194.188.105,,,45734,443,0,37,17
1588617012.8532605,173.194.188.105,10.10.0.10,,,443,45734,0,1358,17
1588617012.8592286,173.194.188.105,10.10.0.10,,,443,45734,0,1358,17
1588617012.8608232,10.10.0.10,173.194.188.105,,,45734,443,0,37,17
1588617012.865144,173.194.188.105,10.10.0.10,,,443,45734,0,1358,17
1588617012.8711221,173.194.188.105,10.10.0.10,,,443,45734,0,1358,17
1588617012.8728454,10.10.0.10,173.194.188.105,,,45734,443,0,37,17
1588617012.877075,173.194.188.105,10.10.0.10,,,443,45734,0,1358,17
1588617012.883023,173.194.188.105,10.10.0.10,,,443,45734,0,1358,17
1588617012.8848898,10.10.0.10,173.194.188.105,,,45734,443,0,37,17
1588617012.8889391,173.194.188.105,10.10.0.10,,,443,45734,0,1358,17
1588617012.894921,173.194.188.105,10.10.0.10,,,443,45734,0,1358,17
1588617012.896528,10.10.0.10,173.194.188.105,,,45734,443,0,37,17
1588617012.9008696,173.194.188.105,10.10.0.10,,,443,45734,0,1358,17
1588617012.906818,173.194.188.105,10.10.0.10,,,443,45734,0,1358,17
1588617012.909032,10.10.0.10,173.194.188.105,,,45734,443,0,37,17
1588617012.912764,173.194.188.105,10.10.0.10,,,443,45734,0,1358,17
1588617012.9186811,173.194.188.105,10.10.0.10,,,443,45734,0,1358,17
1588617012.9205961,10.10.0.10,173.194.188.105,,,45734,443,0,37,17
1588617012.9246616,173.194.188.105,10.10.0.10,,,443,45734,0,1358,17
1588617012.93061,173.194.188.105,10.10.0.10,,,443,45734,0,1358,17
1588617012.932264,10.10.0.10,173.194.188.105,,,45734,443,0,50,17
1588617012.936487,173.194.188.105,10.10.0.10,,,443,45734,0,1358,17
1588617012.942455,173.194.188.105,10.10.0.10,,,443,45734,0,1358,17
1588617012.944192,10.10.0.10,173.194.188.105,,,45734,443,0,37,17
1588617012.948446,173.194.188.105,10.10.0.10,,,443,45734,0,1358,17
1588617012.9544,173.194.188.105,10.10.0.10,,,443,45734,0,1358,17
1588617012.9568536,10.10.0.10,173.194.188.105,,,45734,443,0,37,17
1588617012.9603472,173.194.188.105,10.10.0.10,,,443,45734,0,1358,17
1588617012.966292,173.194.188.105,10.10.0.10,,,443,45734,0,1358,17
1588617012.9684222,10.10.0.10,173.194.188.105,,,45734,443,0,37,17
1588617012.9722118,173.194.188.105,10.10.0.10,,,443,45734,0,1358,17
1588617012.978177,173.194.188.105,10.10.0.10,,,443,45734,0,1358,17
1588617012.979793,10.10.0.10,173.194.188.105,,,45734,443,0,37,17
1588617012.984142,173.194.188.105,10.10.0.10,,,443,45734,0,1358,17
1588617012.990088,173.194.188.105,10.10.0.10,,,443,45734,0,1358,17
1588617012.9917312,10.10.0.10,173.194.188.105,,,45734,443,0,37,17
1588617012.9960349,173.194.188.105,10.10.0.10,,,443,45734,0,1358,17
1588617013.0019536,173.194.188.105,10.10.0.10,,,443,45734,0,1358,17
1588617013.007879,173.194.188.105,10.10.0.10,,,443,45734,0,1358,17
1588617013.013886,173.194.188.105,10.10.0.10,,,443,45734,0,1358,17
1588617013.019831,173.194.188.105,10.10.0.10,,,443,45734,0,1358,17
1588617013.025783,173.194.188.105,10.10.0.10,,,443,45734,0,1358,17
1588617013.031728,173.194.188.105,10.10.0.10,,,443,45734,0,1358,17
1588617013.0376801,173.194.188.105,10.10.0.10,,,443,45734,0,1358,17
1588617013.0436282,173.194.188.105,10.10.0.10,,,443,45734,0,1358,17
1588617013.049578,173.194.188.105,10.10.0.10,,,443,45734,0,1358,17
1588617013.055526,173.194.188.105,10.10.0.10,,,443,45734,0,1358,17
1588617013.0614758,173.194.188.105,10.10.0.10,,,443,45734,0,1358,17
1588617013.067424,173.194.188.105,10.10.0.10,,,443,45734,0,1358,17
1588617013.073368,173.194.188.105,10.10.0.10,,,443,45734,0,1358,17
1588617013.0793214,173.194.188.105,10.10.0.10,,,443,45734,0,1358,17
1588617013.0852678,173.194.188.105,10.10.0.10,,,443,45734,0,1358,17
1588617013.0870595,10.10.0.10,173.194.188.105,,,45734,443,0,37,17
1588617013.090744,10.10.0.10,173.194.188.105,,,45734,443,0,37,17
1588617013.090801,10.10.0.10,173.194.188.105,,,45734,443,0,37,17
1588617013.091176,173.194.188.105,10.10.0.10,,,443,45734,0,1358,17
1588617013.091704,10.10.0.10,173.194.188.105,,,45734,443,0,37,17
1588617013.0924249,10.10.0.10,173.194.188.105,,,45734,443,0,37,17
1588617013.09352,10.10.0.10,173.194.188.105,,,45734,443,0,40,17
1588617013.0935788,10.10.0.10,173.194.188.105,,,45734,443,0,37,17
1588617013.095952,10.10.0.10,173.194.188.105,,,45734,443,0,37,17
1588617013.09601,10.10.0.10,173.194.188.105,,,45734,443,0,37,17
1588617013.0971632,173.194.188.105,10.10.0.10,,,443,45734,0,1358,17
1588617013.098754,10.10.0.10,173.194.188.105,,,45734,443,0,37,17
1588617013.1031132,173.194.188.105,10.10.0.10,,,443,45734,0,1358,17
1588617013.109065,173.194.188.105,10.10.0.10,,,443,45734,0,1358,17
1588617013.111066,10.10.0.10,173.194.188.105,,,45734,443,0,37,17
1588617013.11501,173.194.188.105,10.10.0.10,,,443,45734,0,1358,17
1588617013.120962,173.194.188.105,10.10.0.10,,,443,45734,0,1358,17
1588617013.122768,10.10.0.10,173.194.188.105,,,45734,443,0,37,17
1588617013.1269069,173.194.188.105,10.10.0.10,,,443,45734,0,1358,17
1588617013.132859,173.194.188.105,10.10.0.10,,,443,45734,0,1358,17
1588617013.1345232,10.10.0.10,173.194.188.105,,,45734,443,0,37,17
1588617013.138806,173.194.188.105,10.10.0.10,,,443,45734,0,1358,17
1588617013.144754,173.194.188.105,10.10.0.10,,,443,45734,0,1358,17
1588617013.146399,10.10.0.10,173.194.188.105,,,45734,443,0,37,17
1588617013.1507056,173.194.188.105,10.10.0.10,,,443,45734,0,1358,17
1588617013.1566498,173.194.188.105,10.10.0.10,,,443,45734,0,1358,17
1588617013.158228,10.10.0.10,173.194.188.105,,,45734,443,0,50,17
1588617013.1626,173.194.188.105,10.10.0.10,,,443,45734,0,1358,17
1588617013.168552,173.194.188.105,10.10.0.10,,,443,45734,0,1358,17
1588617013.1705148,10.10.0.10,173.194.188.105,,,45734,443,0,37,17
1588617013.1744974,173.194.188.105,10.10.0.10,,,443,45734,0,1358,17
1588617013.180463,173.194.188.105,10.10.0.10,,,443,45734,0,1358,17
1588617013.1826522,10.10.0.10,173.194.188.105,,,45734,443,0,37,17
1588617013.186397,173.194.188.105,10.10.0.10,,,443,45734,0,1358,17
1588617013.1923492,173.194.188.105,10.10.0.10,,,443,45734,0,1358,17
1588617013.1941721,10.10.0.10,173.194.188.105,,,45734,443,0,37,17
1588617013.1982918,173.194.188.105,10.10.0.10,,,443,45734,0,1358,17
1588617013.2001688,10.10.0.10,173.194.188.105,,,45734,443,0,40,17
1588617013.204244,173.194.188.105,10.10.0.10,,,443,45734,0,1358,17
1588617013.206269,10.10.0.10,173.194.188.105,,,45734,443,0,37,17
1588617013.21019,173.194.188.105,10.10.0.10,,,443,45734,0,1358,17
1588617013.216112,173.194.188.105,10.10.0.10,,,443,45734,0,1358,17
1588617013.218376,10.10.0.10,173.194.188.105,,,45734,443,0,37,17
1588617013.22209,173.194.188.105,10.10.0.10,,,443,45734,0,1358,17
1588617013.22804,173.194.188.105,10.10.0.10,,,443,45734,0,1358,17
1588617013.22977,10.10.0.10,173.194.188.105,,,45734,443,0,37,17
1588617013.2339878,173.194.188.105,10.10.0.10,,,443,45734,0,1358,17
1588617013.2399368,173.194.188.105,10.10.0.10,,,443,45734,0,1358,17
1588617013.2416296,10.10.0.10,173.194.188.105,,,45734,443,0,37,17
1588617013.2458858,173.194.188.105,10.10.0.10,,,443,45734,0,1358,17
1588617013.251834,173.194.188.105,10.10.0.10,,,443,45734,0,1358,17
1588617013.254418,10.10.0.10,173.194.188.105,,,45734,443,0,37,17
1588617013.257779,173.194.188.105,10.10.0.10,,,443,45734,0,29,17
1588617013.257992,173.194.188.105,10.10.0.10,,,443,45734,0,1358,17
1588617013.263997,173.194.188.105,10.10.0.10,,,443,45734,0,1358,17
1588617013.265792,10.10.0.10,173.194.188.105,,,45734,443,0,37,17
1588617013.269946,173.194.188.105,10.10.0.10,,,443,45734,0,1358,17
1588617013.2758946,173.194.188.105,10.10.0.10,,,443,45734,0,1358,17
1588617013.277663,10.10.0.10,173.194.188.105,,,45734,443,0,37,17
1588617013.281858,173.194.188.105,10.10.0.10,,,443,45734,0,1358,17
1588617013.2877948,173.194.188.105,10.10.0.10,,,443,45734,0,1358,17
1588617013.2897544,10.10.0.10,173.194.188.105,,,45734,443,0,37,17
1588617013.2937412,173.194.188.105,10.10.0.10,,,443,45734,0,1358,17
1588617013.299694,173.194.188.105,10.10.0.10,,,443,45734,0,1358,17
1588617013.3023012,10.10.0.10,173.194.188.105,,,45734,443,0,37,17
1588617013.305641,173.194.188.105,10.10.0.10,,,443,45734,0,1358,17
1588617013.3116019,173.194.188.105,10.10.0.10,,,443,45734,0,1358,17
1588617013.313314,10.10.0.10,173.194.188.105,,,45734,443,0,37,17
1588617013.3175359,173.194.188.105,10.10.0.10,,,443,45734,0,1358,17
1588617013.32343,173.194.188.105,10.10.0.10,,,443,45734,0,1358,17
1588617013.3251429,10.10.0.10,173.194.188.105,,,45734,443,0,37,17
1588617013.329447,173.194.188.105,10.10.0.10,,,443,45734,0,1358,17
1588617013.335386,173.194.188.105,10.10.0.10,,,443,45734,0,1358,17
1588617013.337147,10.10.0.10,173.194.188.105,,,45734,443,0,37,17
1588617013.341337,173.194.188.105,10.10.0.10,,,443,45734,0,1358,17
1588617013.347282,173.194.188.105,10.10.0.10,,,443,45734,0,1358,17
1588617013.3489196,10.10.0.10,173.194.188.105,,,45734,443,0,37,17
1588617013.353184,173.194.188.105,10.10.0.10,,,443,45734,0,1358,17
1588617013.359145,173.194.188.105,10.10.0.10,,,443,45734,0,1358,17
1588617013.360977,10.10.0.10,173.194.188.105,,,45734,443,0,37,17
1588617013.365096,173.194.188.105,10.10.0.10,,,443,45734,0,1358,17
1588617013.371075,173.194.188.105,10.10.0.10,,,443,45734,0,1358,17
1588617013.372623,10.10.0.10,173.194.188.105,,,45734,443,0,37,17
1588617013.377022,173.194.188.105,10.10.0.10,,,443,45734,0,1358,17
1588617013.382975,173.194.188.105,10.10.0.10,,,443,45734,0,1358,17
1588617013.384711,10.10.0.10,173.194.188.105,,,45734,443,0,50,17
1588617013.388923,173.194.188.105,10.10.0.10,,,443,45734,0,1358,17
1588617013.3948722,173.194.188.105,10.10.0.10,,,443,45734,0,1358,17
1588617013.396646,10.10.0.10,173.194.188.105,,,45734,443,0,37,17
1588617013.4007561,173.194.188.105,10.10.0.10,,,443,45734,0,1358,17
1588617013.4067712,173.194.188.105,10.10.0.10,,,443,45734,0,1358,17
1588617013.4086099,10.10.0.10,173.194.188.105,,,45734,443,0,37,17
1588617013.412714,173.194.188.105,10.10.0.10,,,443,45734,0,1358,17
1588617013.418633,173.194.188.105,10.10.0.10,,,443,45734,0,1358,17
1588617013.4224381,10.10.0.10,173.194.188.105,,,45734,443,0,37,17
1588617013.4246118,173.194.188.105,10.10.0.10,,,443,45734,0,1358,17
1588617013.430562,173.194.188.105,10.10.0.10,,,443,45734,0,1358,17
1588617013.4323974,10.10.0.10,173.194.188.105,,,45734,443,0,37,17
1588617013.436448,173.194.188.105,10.10.0.10,,,443,45734,0,1358,17
1588617013.4424212,173.194.188.105,10.10.0.10,,,443,45734,0,1358,17
1588617013.44394,10.10.0.10,173.194.188.105,,,45734,443,0,37,17
1588617013.4483712,173.194.188.105,10.10.0.10,,,443,45734,0,1358,17
1588617013.454319,173.194.188.105,10.10.0.10,,,443,45734,0,1358,17
1588617013.4564009,10.10.0.10,173.194.188.105,,,45734,443,0,37,17
1588617013.460305,173.194.188.105,10.10.0.10,,,443,45734,0,1358,17
1588617013.4662569,173.194.188.105,10.10.0.10,,,443,45734,0,1358,17
1588617013.469047,10.10.0.10,173.194.188.105,,,45734,443,0,37,17
1588617013.472206,173.194.188.105,10.10.0.10,,,443,45734,0,1358,17
1588617013.478152,173.194.188.105,10.10.0.10,,,443,45734,0,1358,17
1588617013.480002,10.10.0.10,173.194.188.105,,,45734,443,0,37,17
1588617013.484103,173.194.188.105,10.10.0.10,,,443,45734,0,1358,17
1588617013.4900515,173.194.188.105,10.10.0.10,,,443,45734,0,1358,17
1588617013.491767,10.10.0.10,173.194.188.105,,,45734,443,0,37,17
1588617013.4960098,173.194.188.105,10.10.0.10,,,443,45734,0,1358,17
1588617013.501962,173.194.188.105,10.10.0.10,,,443,45734,0,1358,17
1588617013.505314,10.10.0.10,173.194.188.105,,,45734,443,0,37,17
1588617013.507895,173.194.188.105,10.10.0.10,,,443,45734,0,1358,17
1588617013.509551,10.10.0.10,173.194.188.105,,,45734,443,0,40,17
1588617013.5137892,173.194.188.105,10.10.0.10,,,443,45734,0,1358,17
1588617013.5154052,10.10.0.10,173.194.188.105,,,45734,443,0,37,17
1588617013.5197332,173.194.188.105,10.10.0.10,,,443,45734,0,1358,17
1588617013.525702,173.194.188.105,10.10.0.10,,,443,45734,0,1358,17
1588617013.527623,10.10.0.10,173.194.188.105,,,45734,443,0,37,17
1588617013.531673,173.194.188.105,10.10.0.10,,,443,45734,0,1358,17
1588617013.5375779,173.194.188.105,10.10.0.10,,,443,45734,0,1358,17
1588617013.5400348,10.10.0.10,173.194.188.105,,,45734,443,0,37,17
1588617013.5435731,173.194.188.105,10.10.0.10,,,443,45734,0,1358,17
1588617013.5495238,173.194.188.105,10.10.0.10,,,443,45734,0,1358,17
1588617013.5510972,10.10.0.10,173.194.188.105,,,45734,443,0,37,17
1588617013.5554519,173.194.188.105,10.10.0.10,,,443,45734,0,1358,17
1588617013.561422,173.194.188.105,10.10.0.10,,,443,45734,0,1358,17
1588617013.5630774,10.10.0.10,173.194.188.105,,,45734,443,0,37,17
1588617013.567317,173.194.188.105,10.10.0.10,,,443,45734,0,1358,17
1588617013.5732641,173.194.188.105,10.10.0.10,,,443,45734,0,1358,17
1588617013.5750446,10.10.0.10,173.194.188.105,,,45734,443,0,37,17
1588617013.579231,173.194.188.105,10.10.0.10,,,443,45734,0,1358,17
1588617013.585224,173.194.188.105,10.10.0.10,,,443,45734,0,1358,17
1588617013.5869124,10.10.0.10,173.194.188.105,,,45734,443,0,37,17
1588617013.5911698,173.194.188.105,10.10.0.10,,,443,45734,0,1358,17
1588617013.5971198,173.194.188.105,10.10.0.10,,,443,45734,0,1358,17
1588617013.5988612,10.10.0.10,173.194.188.105,,,45734,443,0,37,17
1588617013.60303,173.194.188.105,10.10.0.10,,,443,45734,0,1358,17
1588617013.6089606,173.194.188.105,10.10.0.10,,,443,45734,0,1358,17
1588617013.6105251,10.10.0.10,173.194.188.105,,,45734,443,0,50,17
1588617013.6149,173.194.188.105,10.10.0.10,,,443,45734,0,1358,17
1588617013.620917,173.194.188.105,10.10.0.10,,,443,45734,0,1358,17
1588617013.6225548,10.10.0.10,173.194.188.105,,,45734,443,0,37,17
1588617013.6268349,173.194.188.105,10.10.0.10,,,443,45734,0,1358,17
1588617013.6328151,173.194.188.105,10.10.0.10,,,443,45734,0,1358,17
1588617013.6387026,173.194.188.105,10.10.0.10,,,443,45734,0,1358,17
1588617013.640195,10.10.0.10,173.194.188.105,,,45734,443,0,37,17
1588617013.644649,173.194.188.105,10.10.0.10,,,443,45734,0,1358,17
1588617013.646095,10.10.0.10,173.194.188.105,,,45734,443,0,37,17
1588617013.6506588,173.194.188.105,10.10.0.10,,,443,45734,0,1358,17
1588617013.656608,173.194.188.105,10.10.0.10,,,443,45734,0,1358,17
1588617013.6587439,10.10.0.10,173.194.188.105,,,45734,443,0,37,17
1588617013.6625302,173.194.188.105,10.10.0.10,,,443,45734,0,1358,17
1588617013.6685011,173.194.188.105,10.10.0.10,,,443,45734,0,1358,17
1588617013.6701431,10.10.0.10,173.194.188.105,,,45734,443,0,37,17
1588617013.674448,173.194.188.105,10.10.0.10,,,443,45734,0,1358,17
1588617013.680404,173.194.188.105,10.10.0.10,,,443,45734,0,1358,17
1588617013.681993,10.10.0.10,173.194.188.105,,,45734,443,0,37,17
1588617013.686351,173.194.188.105,10.10.0.10,,,443,45734,0,1358,17
1588617013.692301,173.194.188.105,10.10.0.10,,,443,45734,0,1358,17
1588617013.69415,10.10.0.10,173.194.188.105,,,45734,443,0,37,17
1588617013.6982498,173.194.188.105,10.10.0.10,,,443,45734,0,1358,17
1588617013.7041981,173.194.188.105,10.10.0.10,,,443,45734,0,1358,17
1588617013.705777,10.10.0.10,173.194.188.105,,,45734,443,0,37,17
1588617013.710152,173.194.188.105,10.10.0.10,,,443,45734,0,1358,17
1588617013.7161038,173.194.188.105,10.10.0.10,,,443,45734,0,1358,17
1588617013.717654,10.10.0.10,173.194.188.105,,,45734,443,0,37,17
1588617013.7220461,173.194.188.105,10.10.0.10,,,443,45734,0,1358,17
1588617013.727995,173.194.188.105,10.10.0.10,,,443,45734,0,1358,17
1588617013.729594,10.10.0.10,173.194.188.105,,,45734,443,0,37,17
1588617013.733911,173.194.188.105,10.10.0.10,,,443,45734,0,1358,17
1588617013.7398908,173.194.188.105,10.10.0.10,,,443,45734,0,1358,17
1588617013.741488,10.10.0.10,173.194.188.105,,,45734,443,0,37,17
1588617013.74581,173.194.188.105,10.10.0.10,,,443,45734,0,1358,17
1588617013.7517881,173.194.188.105,10.10.0.10,,,443,45734,0,1358,17
1588617013.7541492,10.10.0.10,173.194.188.105,,,45734,443,0,37,17
1588617013.7577405,173.194.188.105,10.10.0.10,,,443,45734,0,1358,17
1588617013.763688,173.194.188.105,10.10.0.10,,,443,45734,0,1358,17
1588617013.769635,173.194.188.105,10.10.0.10,,,443,45734,0,1358,17
1588617013.775586,173.194.188.105,10.10.0.10,,,443,45734,0,1358,17
1588617013.7815342,173.194.188.105,10.10.0.10,,,443,45734,0,1358,17
1588617013.787439,173.194.188.105,10.10.0.10,,,443,45734,0,1358,17
1588617013.7897801,10.10.0.10,173.194.188.105,,,45734,443,0,37,17
1588617013.79005,10.10.0.10,173.194.188.105,,,45734,443,0,37,17
1588617013.7902908,10.10.0.10,173.194.188.105,,,45734,443,0,37,17
1588617013.7934294,173.194.188.105,10.10.0.10,,,443,45734,0,1358,17
1588617013.799381,173.194.188.105,10.10.0.10,,,443,45734,0,1358,17
1588617013.801175,10.10.0.10,173.194.188.105,,,45734,443,0,37,17
1588617013.805308,173.194.188.105,10.10.0.10,,,443,45734,0,1358,17
1588617013.8080704,10.10.0.10,173.194.188.105,,,45734,443,0,40,17
1588617013.8112762,173.194.188.105,10.10.0.10,,,443,45734,0,1358,17
1588617013.814573,10.10.0.10,173.194.188.105,,,45734,443,0,37,17
1588617013.817226,173.194.188.105,10.10.0.10,,,443,45734,0,1358,17
1588617013.823141,173.194.188.105,10.10.0.10,,,443,45734,0,1358,17
1588617013.8249671,10.10.0.10,173.194.188.105,,,45734,443,0,37,17
1588617013.829104,173.194.188.105,10.10.0.10,,,443,45734,0,1358,17
1588617013.835071,173.194.188.105,10.10.0.10,,,443,45734,0,1358,17
1588617013.8382552,10.10.0.10,173.194.188.105,,,45734,443,0,50,17
1588617013.841021,173.194.188.105,10.10.0.10,,,443,45734,0,1358,17
1588617013.846967,173.194.188.105,10.10.0.10,,,443,45734,0,1358,17
1588617013.848507,10.10.0.10,173.194.188.105,,,45734,443,0,37,17
1588617013.8529158,173.194.188.105,10.10.0.10,,,443,45734,0,1358,17
1588617013.858867,173.194.188.105,10.10.0.10,,,443,45734,0,1358,17
1588617013.8604634,10.10.0.10,173.194.188.105,,,45734,443,0,37,17
1588617013.8648212,173.194.188.105,10.10.0.10,,,443,45734,0,1358,17
1588617013.8707652,173.194.188.105,10.10.0.10,,,443,45734,0,1358,17
1588617013.873034,10.10.0.10,173.194.188.105,,,45734,443,0,37,17
1588617013.8767116,173.194.188.105,10.10.0.10,,,443,45734,0,1358,17
1588617013.88266,173.194.188.105,10.10.0.10,,,443,45734,0,1358,17
1588617013.8844,10.10.0.10,173.194.188.105,,,45734,443,0,37,17
1588617013.8886108,173.194.188.105,10.10.0.10,,,443,45734,0,1358,17
1588617013.8945339,173.194.188.105,10.10.0.10,,,443,45734,0,1358,17
1588617013.8964765,10.10.0.10,173.194.188.105,,,45734,443,0,37,17
1588617013.900507,173.194.188.105,10.10.0.10,,,443,45734,0,1358,17
1588617013.906455,173.194.188.105,10.10.0.10,,,443,45734,0,1358,17
1588617013.908405,10.10.0.10,173.194.188.105,,,45734,443,0,37,17
1588617013.9124038,173.194.188.105,10.10.0.10,,,443,45734,0,1358,17
1588617013.918352,173.194.188.105,10.10.0.10,,,443,45734,0,1358,17
1588617013.922258,10.10.0.10,173.194.188.105,,,45734,443,0,37,17
1588617013.9243011,173.194.188.105,10.10.0.10,,,443,45734,0,1358,17
1588617013.9302518,173.194.188.105,10.10.0.10,,,443,45734,0,1358,17
1588617013.936136,173.194.188.105,10.10.0.10,,,443,45734,0,29,17
1588617013.936397,173.194.188.105,10.10.0.10,,,443,45734,0,1358,17
1588617013.9382179,10.10.0.10,173.194.188.105,,,45734,443,0,37,17
1588617013.9423866,173.194.188.105,10.10.0.10,,,443,45734,0,1358,17
1588617013.94472,10.10.0.10,173.194.188.105,,,45734,443,0,37,17
1588617013.9483712,173.194.188.105,10.10.0.10,,,443,45734,0,1358,17
1588617013.954322,173.194.188.105,10.10.0.10,,,443,45734,0,1358,17
1588617013.95618,10.10.0.10,173.194.188.105,,,45734,443,0,37,17
1588617013.9602685,173.194.188.105,10.10.0.10,,,443,45734,0,1358,17
1588617013.966218,173.194.188.105,10.10.0.10,,,443,45734,0,1358,17
1588617013.9678712,10.10.0.10,173.194.188.105,,,45734,443,0,37,17
1588617013.972169,173.194.188.105,10.10.0.10,,,443,45734,0,1358,17
1588617013.9781132,173.194.188.105,10.10.0.10,,,443,45734,0,1358,17
1588617013.98108,10.10.0.10,173.194.188.105,,,45734,443,0,37,17
1588617013.984081,173.194.188.105,10.10.0.10,,,443,45734,0,1358,17
1588617013.990015,173.194.188.105,10.10.0.10,,,443,45734,0,1358,17
1588617013.991808,10.10.0.10,173.194.188.105,,,45734,443,0,37,17
1588617013.995964,173.194.188.105,10.10.0.10,,,443,45734,0,1358,17
1588617014.001856,173.194.188.105,10.10.0.10,,,443,45734,0,1358,17
1588617014.003619,10.10.0.10,173.194.188.105,,,45734,443,0,37,17
1588617014.007865,173.194.188.105,10.10.0.10,,,443,45734,0,1358,17
1588617014.013806,173.194.188.105,10.10.0.10,,,443,45734,0,1358,17
1588617014.0156198,10.10.0.10,173.194.188.105,,,45734,443,0,37,17
1588617014.019758,173.194.188.105,10.10.0.10,,,443,45734,0,1358,17
1588617014.025703,173.194.188.105,10.10.0.10,,,443,45734,0,1358,17
1588617014.0278249,10.10.0.10,173.194.188.105,,,45734,443,0,37,17
1588617014.031598,173.194.188.105,10.10.0.10,,,443,45734,0,1358,17
1588617014.037605,173.194.188.105,10.10.0.10,,,443,45734,0,1358,17
1588617014.0393732,10.10.0.10,173.194.188.105,,,45734,443,0,37,17
1588617014.043514,173.194.188.105,10.10.0.10,,,443,45734,0,1358,17
1588617014.0495028,173.194.188.105,10.10.0.10,,,443,45734,0,1358,17
1588617014.0510988,10.10.0.10,173.194.188.105,,,45734,443,0,37,17
1588617014.055413,173.194.188.105,10.10.0.10,,,443,45734,0,1358,17
1588617014.0614,173.194.188.105,10.10.0.10,,,443,45734,0,1358,17
1588617014.0630786,10.10.0.10,173.194.188.105,,,45734,443,0,37,17
1588617014.067345,173.194.188.105,10.10.0.10,,,443,45734,0,1358,17
1588617014.0732946,173.194.188.105,10.10.0.10,,,443,45734,0,1358,17
1588617014.074952,10.10.0.10,173.194.188.105,,,45734,443,0,50,17
1588617014.0791812,173.194.188.105,10.10.0.10,,,443,45734,0,1358,17
1588617014.0851939,173.194.188.105,10.10.0.10,,,443,45734,0,1358,17
1588617014.087321,10.10.0.10,173.194.188.105,,,45734,443,0,37,17
1588617014.0911438,173.194.188.105,10.10.0.10,,,443,45734,0,1358,17
1588617014.097095,173.194.188.105,10.10.0.10,,,443,45734,0,1358,17
1588617014.0989358,10.10.0.10,173.194.188.105,,,45734,443,0,37,17
1588617014.103042,173.194.188.105,10.10.0.10,,,443,45734,0,1358,17
1588617014.1089902,173.194.188.105,10.10.0.10,,,443,45734,0,1358,17
1588617014.110702,10.10.0.10,173.194.188.105,,,45734,443,0,37,17
1588617014.11491,173.194.188.105,10.10.0.10,,,443,45734,0,1358,17
1588617014.120882,173.194.188.105,10.10.0.10,,,443,45734,0,1358,17
1588617014.1230738,10.10.0.10,173.194.188.105,,,45734,443,0,37,17
1588617014.126832,173.194.188.105,10.10.0.10,,,443,45734,0,1358,17
1588617014.13278,173.194.188.105,10.10.0.10,,,443,45734,0,1358,17
1588617014.1346009,10.10.0.10,173.194.188.105,,,45734,443,0,37,17
1588617014.1387296,173.194.188.105,10.10.0.10,,,443,45734,0,1358,17
1588617014.1446776,173.194.188.105,10.10.0.10,,,443,45734,0,1358,17
1588617014.146326,10.10.0.10,173.194.188.105,,,45734,443,0,37,17
1588617014.1505911,173.194.188.105,10.10.0.10,,,443,45734,0,1358,17
1588617014.1565788,173.194.188.105,10.10.0.10,,,443,45734,0,1358,17
1588617014.1586258,10.10.0.10,173.194.188.105,,,45734,443,0,37,17
1588617014.1625268,173.194.188.105,10.10.0.10,,,443,45734,0,1358,17
1588617014.1684759,173.194.188.105,10.10.0.10,,,443,45734,0,1358,17
1588617014.170268,10.10.0.10,173.194.188.105,,,45734,443,0,37,17
1588617014.174425,173.194.188.105,10.10.0.10,,,443,45734,0,1358,17
1588617014.180369,173.194.188.105,10.10.0.10,,,443,45734,0,1358,17
1588617014.182038,10.10.0.10,173.194.188.105,,,45734,443,0,37,17
1588617014.1863198,173.194.188.105,10.10.0.10,,,443,45734,0,1358,17
1588617014.192274,173.194.188.105,10.10.0.10,,,443,45734,0,1358,17
1588617014.1938758,10.10.0.10,173.194.188.105,,,45734,443,0,37,17
1588617014.1982205,173.194.188.105,10.10.0.10,,,443,45734,0,1358,17
1588617014.204168,173.194.188.105,10.10.0.10,,,443,45734,0,1358,17
1588617014.206413,10.10.0.10,173.194.188.105,,,45734,443,0,37,17
1588617014.210117,173.194.188.105,10.10.0.10,,,443,45734,0,1358,17
1588617014.216046,173.194.188.105,10.10.0.10,,,443,45734,0,1358,17
1588617014.2179961,10.10.0.10,173.194.188.105,,,45734,443,0,37,17
1588617014.2220142,173.194.188.105,10.10.0.10,,,443,45734,0,1358,17
1588617014.2279599,173.194.188.105,10.10.0.10,,,443,45734,0,1358,17
1588617014.2303069,10.10.0.10,173.194.188.105,,,45734,443,0,37,17
1588617014.233908,173.194.188.105,10.10.0.10,,,443,45734,0,1358,17
1588617014.239857,173.194.188.105,10.10.0.10,,,443,45734,0,1358,17
1588617014.2418349,10.10.0.10,173.194.188.105,,,45734,443,0,37,17
1588617014.245806,173.194.188.105,10.10.0.10,,,443,45734,0,1358,17
1588617014.2517278,173.194.188.105,10.10.0.10,,,443,45734,0,1358,17
1588617014.253472,10.10.0.10,173.194.188.105,,,45734,443,0,37,17
1588617014.257708,173.194.188.105,10.10.0.10,,,443,45734,0,1358,17
1588617014.2636616,173.194.188.105,10.10.0.10,,,443,45734,0,1358,17
1588617014.265336,10.10.0.10,173.194.188.105,,,45734,443,0,37,17
1588617014.269607,173.194.188.105,10.10.0.10,,,443,45734,0,1358,17
1588617014.275554,173.194.188.105,10.10.0.10,,,443,45734,0,1358,17
1588617014.2787142,10.10.0.10,173.194.188.105,,,45734,443,0,37,17
1588617014.2815056,173.194.188.105,10.10.0.10,,,443,45734,0,1358,17
1588617014.2874498,173.194.188.105,10.10.0.10,,,443,45734,0,1358,17
1588617014.2901301,10.10.0.10,173.194.188.105,,,45734,443,0,37,17
1588617014.293403,173.194.188.105,10.10.0.10,,,443,45734,0,1358,17
1588617014.299349,173.194.188.105,10.10.0.10,,,443,45734,0,1358,17
1588617014.301228,10.10.0.10,173.194.188.105,,,45734,443,0,37,17
1588617014.3053012,173.194.188.105,10.10.0.10,,,443,45734,0,1358,17
1588617014.311251,173.194.188.105,10.10.0.10,,,443,45734,0,1358,17
1588617014.312957,10.10.0.10,173.194.188.105,,,45734,443,0,50,17
1588617014.317199,173.194.188.105,10.10.0.10,,,443,45734,0,1358,17
1588617014.3231044,173.194.188.105,10.10.0.10,,,443,45734,0,1358,17
1588617014.329097,173.194.188.105,10.10.0.10,,,443,45734,0,1358,17
1588617014.335043,173.194.188.105,10.10.0.10,,,443,45734,0,1358,17
1588617014.340994,173.194.188.105,10.10.0.10,,,443,45734,0,1358,17
1588617014.3469384,173.194.188.105,10.10.0.10,,,443,45734,0,1358,17
1588617014.3528874,173.194.188.105,10.10.0.10,,,443,45734,0,1358,17
1588617014.358839,173.194.188.105,10.10.0.10,,,443,45734,0,1358,17
1588617014.3647866,173.194.188.105,10.10.0.10,,,443,45734,0,1358,17
1588617014.370738,173.194.188.105,10.10.0.10,,,443,45734,0,1358,17
1588617014.376683,173.194.188.105,10.10.0.10,,,443,45734,0,1358,17
1588617014.382634,173.194.188.105,10.10.0.10,,,443,45734,0,1358,17
1588617014.388584,173.194.188.105,10.10.0.10,,,443,45734,0,1358,17
1588617014.3945315,173.194.188.105,10.10.0.10,,,443,45734,0,1358,17
1588617014.4004776,173.194.188.105,10.10.0.10,,,443,45734,0,1358,17
1588617014.403168,10.10.0.10,173.194.188.105,,,45734,443,0,37,17
1588617014.405208,10.10.0.10,173.194.188.105,,,45734,443,0,37,17
1588617014.406425,173.194.188.105,10.10.0.10,,,443,45734,0,1358,17
1588617014.407496,10.10.0.10,173.194.188.105,,,45734,443,0,37,17
1588617014.40853,10.10.0.10,173.194.188.105,,,45734,443,0,37,17
1588617014.411654,10.10.0.10,173.194.188.105,,,45734,443,0,37,17
1588617014.4117026,10.10.0.10,173.194.188.105,,,45734,443,0,37,17
1588617014.4120998,10.10.0.10,173.194.188.105,,,45734,443,0,37,17
1588617014.4123044,173.194.188.105,10.10.0.10,,,443,45734,0,29,17
1588617014.4126,173.194.188.105,10.10.0.10,,,443,45734,0,1358,17
1588617014.4166188,10.10.0.10,173.194.188.105,,,45734,443,0,37,17
1588617014.41855,173.194.188.105,10.10.0.10,,,443,45734,0,1358,17
1588617014.420543,10.10.0.10,173.194.188.105,,,45734,443,0,37,17
1588617014.4245448,173.194.188.105,10.10.0.10,,,443,45734,0,1358,17
1588617014.430495,173.194.188.105,10.10.0.10,,,443,45734,0,1358,17
1588617014.432382,10.10.0.10,173.194.188.105,,,45734,443,0,37,17
1588617014.436397,173.194.188.105,10.10.0.10,,,443,45734,0,1358,17
1588617014.442352,173.194.188.105,10.10.0.10,,,443,45734,0,1358,17
1588617014.444129,10.10.0.10,173.194.188.105,,,45734,443,0,37,17
1588617014.448343,173.194.188.105,10.10.0.10,,,443,45734,0,1358,17
1588617014.454288,173.194.188.105,10.10.0.10,,,443,45734,0,1358,17
1588617014.456413,10.10.0.10,173.194.188.105,,,45734,443,0,37,17
1588617014.460237,173.194.188.105,10.10.0.10,,,443,45734,0,1358,17
1588617014.4661858,173.194.188.105,10.10.0.10,,,443,45734,0,1358,17
1588617014.4680169,10.10.0.10,173.194.188.105,,,45734,443,0,37,17
1588617014.4721382,173.194.188.105,10.10.0.10,,,443,45734,0,1358,17
1588617014.478083,173.194.188.105,10.10.0.10,,,443,45734,0,1358,17
1588617014.4800956,10.10.0.10,173.194.188.105,,,45734,443,0,37,17
1588617014.484032,173.194.188.105,10.10.0.10,,,443,45734,0,1358,17
1588617014.489986,173.194.188.105,10.10.0.10,,,443,45734,0,1358,17
1588617014.492943,10.10.0.10,173.194.188.105,,,45734,443,0,37,17
1588617014.495933,173.194.188.105,10.10.0.10,,,443,45734,0,1358,17
1588617014.5018818,173.194.188.105,10.10.0.10,,,443,45734,0,1358,17
1588617014.5038755,10.10.0.10,173.194.188.105,,,45734,443,0,37,17
1588617014.507831,173.194.188.105,10.10.0.10,,,443,45734,0,1358,17
1588617014.513776,173.194.188.105,10.10.0.10,,,443,45734,0,1358,17
1588617014.515674,10.10.0.10,173.194.188.105,,,45734,443,0,37,17
1588617014.5197241,173.194.188.105,10.10.0.10,,,443,45734,0,1358,17
1588617014.5256774,173.194.188.105,10.10.0.10,,,443,45734,0,1358,17
1588617014.527358,10.10.0.10,173.194.188.105,,,45734,443,0,37,17
1588617014.53156,173.194.188.105,10.10.0.10,,,443,45734,0,1358,17
1588617014.537504,173.194.188.105,10.10.0.10,,,443,45734,0,1358,17
1588617014.5396614,10.10.0.10,173.194.188.105,,,45734,443,0,37,17
1588617014.543449,173.194.188.105,10.10.0.10,,,443,45734,0,1358,17
1588617014.5494435,173.194.188.105,10.10.0.10,,,443,45734,0,1358,17
1588617014.555367,173.194.188.105,10.10.0.10,,,443,45734,0,1358,17
1588617014.559314,10.10.0.10,173.194.188.105,,,45734,443,0,50,17
1588617014.5613134,173.194.188.105,10.10.0.10,,,443,45734,0,1358,17
1588617014.5629478,10.10.0.10,173.194.188.105,,,45734,443,0,37,17
1588617014.5672605,173.194.188.105,10.10.0.10,,,443,45734,0,1358,17
1588617014.5732448,173.194.188.105,10.10.0.10,,,443,45734,0,1358,17
1588617014.5762641,10.10.0.10,173.194.188.105,,,45734,443,0,37,17
1588617014.5791962,173.194.188.105,10.10.0.10,,,443,45734,0,1358,17
1588617014.585088,173.194.188.105,10.10.0.10,,,443,45734,0,1358,17
1588617014.586805,10.10.0.10,173.194.188.105,,,45734,443,0,37,17
1588617014.591049,173.194.188.105,10.10.0.10,,,443,45734,0,1358,17
1588617014.597007,173.194.188.105,10.10.0.10,,,443,45734,0,1358,17
1588617014.598682,10.10.0.10,173.194.188.105,,,45734,443,0,37,17
1588617014.602968,173.194.188.105,10.10.0.10,,,443,45734,0,1358,17
1588617014.6089098,173.194.188.105,10.10.0.10,,,443,45734,0,1358,17
1588617014.610811,10.10.0.10,173.194.188.105,,,45734,443,0,37,17
1588617014.61489,173.194.188.105,10.10.0.10,,,443,45734,0,1358,17
1588617014.6208372,173.194.188.105,10.10.0.10,,,443,45734,0,1358,17
1588617014.622691,10.10.0.10,173.194.188.105,,,45734,443,0,37,17
1588617014.62673,173.194.188.105,10.10.0.10,,,443,45734,0,1358,17
1588617014.632676,173.194.188.105,10.10.0.10,,,443,45734,0,1358,17
1588617014.634131,10.10.0.10,173.194.188.105,,,45734,443,0,37,17
1588617014.63862,173.194.188.105,10.10.0.10,,,443,45734,0,1358,17
1588617014.644635,173.194.188.105,10.10.0.10,,,443,45734,0,1358,17
1588617014.646345,10.10.0.10,173.194.188.105,,,45734,443,0,37,17
1588617014.6505885,173.194.188.105,10.10.0.10,,,443,45734,0,1358,17
1588617014.6565368,173.194.188.105,10.10.0.10,,,443,45734,0,1358,17
1588617014.658183,10.10.0.10,173.194.188.105,,,45734,443,0,37,17
1588617014.662443,173.194.188.105,10.10.0.10,,,443,45734,0,1358,17
1588617014.668401,173.194.188.105,10.10.0.10,,,443,45734,0,1358,17
1588617014.66992,10.10.0.10,173.194.188.105,,,45734,443,0,37,17
1588617014.6743536,173.194.188.105,10.10.0.10,,,443,45734,0,1358,17
1588617014.680328,173.194.188.105,10.10.0.10,,,443,45734,0,1358,17
1588617014.682719,10.10.0.10,173.194.188.105,,,45734,443,0,37,17
1588617014.6862779,173.194.188.105,10.10.0.10,,,443,45734,0,1358,17
1588617014.692195,173.194.188.105,10.10.0.10,,,443,45734,0,1358,17
1588617014.6939054,10.10.0.10,173.194.188.105,,,45734,443,0,37,17
1588617014.6981769,173.194.188.105,10.10.0.10,,,443,45734,0,1358,17
1588617014.704126,173.194.188.105,10.10.0.10,,,443,45734,0,1358,17
1588617014.7058446,10.10.0.10,173.194.188.105,,,45734,443,0,37,17
1588617014.710075,173.194.188.105,10.10.0.10,,,443,45734,0,1358,17
1588617014.7160282,173.194.188.105,10.10.0.10,,,443,45734,0,1358,17
1588617014.7175848,10.10.0.10,173.194.188.105,,,45734,443,0,37,17
1588617014.72198,173.194.188.105,10.10.0.10,,,443,45734,0,1358,17
1588617014.727925,173.194.188.105,10.10.0.10,,,443,45734,0,1358,17
1588617014.7294939,10.10.0.10,173.194.188.105,,,45734,443,0,37,17
1588617014.733878,173.194.188.105,10.10.0.10,,,443,45734,0,1358,17
1588617014.7398279,173.194.188.105,10.10.0.10,,,443,45734,0,1358,17
1588617014.741704,10.10.0.10,173.194.188.105,,,45734,443,0,37,17
1588617014.74576,173.194.188.105,10.10.0.10,,,443,45734,0,1358,17
1588617014.7517278,173.194.188.105,10.10.0.10,,,443,45734,0,1358,17
1588617014.753561,10.10.0.10,173.194.188.105,,,45734,443,0,37,17
1588617014.7576768,173.194.188.105,10.10.0.10,,,443,45734,0,1358,17
1588617014.7636268,173.194.188.105,10.10.0.10,,,443,45734,0,1358,17
1588617014.765247,10.10.0.10,173.194.188.105,,,45734,443,0,37,17
1588617014.7695718,173.194.188.105,10.10.0.10,,,443,45734,0,1358,17
1588617014.775523,173.194.188.105,10.10.0.10,,,443,45734,0,1358,17
1588617014.777167,10.10.0.10,173.194.188.105,,,45734,443,0,37,17
1588617014.781471,173.194.188.105,10.10.0.10,,,443,45734,0,1358,17
1588617014.7874205,173.194.188.105,10.10.0.10,,,443,45734,0,1358,17
1588617014.790711,10.10.0.10,173.194.188.105,,,45734,443,0,50,17
1588617014.7933636,173.194.188.105,10.10.0.10,,,443,45734,0,1358,17
1588617014.799313,173.194.188.105,10.10.0.10,,,443,45734,0,1358,17
1588617014.8014376,10.10.0.10,173.194.188.105,,,45734,443,0,37,17
1588617014.805266,173.194.188.105,10.10.0.10,,,443,45734,0,1358,17
1588617014.8112106,173.194.188.105,10.10.0.10,,,443,45734,0,1358,17
1588617014.81425,10.10.0.10,173.194.188.105,,,45734,443,0,37,17
1588617014.817163,173.194.188.105,10.10.0.10,,,443,45734,0,1358,17
1588617014.823112,173.194.188.105,10.10.0.10,,,443,45734,0,1358,17
1588617014.8261821,10.10.0.10,173.194.188.105,,,45734,443,0,37,17
1588617014.829057,173.194.188.105,10.10.0.10,,,443,45734,0,29,17
1588617014.829289,173.194.188.105,10.10.0.10,,,443,45734,0,1358,17
1588617014.8352532,173.194.188.105,10.10.0.10,,,443,45734,0,1358,17
1588617014.837086,10.10.0.10,173.194.188.105,,,45734,443,0,37,17
1588617014.841224,173.194.188.105,10.10.0.10,,,443,45734,0,1358,17
1588617014.8471732,173.194.188.105,10.10.0.10,,,443,45734,0,1358,17
1588617014.8488731,10.10.0.10,173.194.188.105,,,45734,443,0,37,17
1588617014.853121,173.194.188.105,10.10.0.10,,,443,45734,0,1358,17
1588617014.859071,173.194.188.105,10.10.0.10,,,443,45734,0,1358,17
1588617014.8608608,10.10.0.10,173.194.188.105,,,45734,443,0,37,17
1588617014.8650222,173.194.188.105,10.10.0.10,,,443,45734,0,1358,17
1588617014.8709712,173.194.188.105,10.10.0.10,,,443,45734,0,1358,17
1588617014.8728762,10.10.0.10,173.194.188.105,,,45734,443,0,37,17
1588617014.87692,173.194.188.105,10.10.0.10,,,443,45734,0,1358,17
1588617014.882869,173.194.188.105,10.10.0.10,,,443,45734,0,1358,17
1588617014.884518,10.10.0.10,173.194.188.105,,,45734,443,0,37,17
1588617014.888817,173.194.188.105,10.10.0.10,,,443,45734,0,1358,17
1588617014.8947241,173.194.188.105,10.10.0.10,,,443,45734,0,1358,17
1588617014.896354,10.10.0.10,173.194.188.105,,,45734,443,0,37,17
1588617014.9007099,173.194.188.105,10.10.0.10,,,443,45734,0,1358,17
1588617014.9066641,173.194.188.105,10.10.0.10,,,443,45734,0,1358,17
1588617014.9086561,10.10.0.10,173.194.188.105,,,45734,443,0,37,17
1588617014.912608,173.194.188.105,10.10.0.10,,,443,45734,0,1358,17
1588617014.918536,173.194.188.105,10.10.0.10,,,443,45734,0,1358,17
1588617014.9202304,10.10.0.10,173.194.188.105,,,45734,443,0,37,17
1588617014.92451,173.194.188.105,10.10.0.10,,,443,45734,0,1358,17
1588617014.9304562,173.194.188.105,10.10.0.10,,,443,45734,0,1358,17
1588617014.932483,10.10.0.10,173.194.188.105,,,45734,443,0,37,17
1588617014.936337,173.194.188.105,10.10.0.10,,,443,45734,0,1358,17
1588617014.9422758,173.194.188.105,10.10.0.10,,,443,45734,0,1358,17
1588617014.9482908,173.194.188.105,10.10.0.10,,,443,45734,0,1358,17
1588617014.9483302,10.10.0.10,173.194.188.105,,,45734,443,0,37,17
1588617014.9542348,173.194.188.105,10.10.0.10,,,443,45734,0,1358,17
1588617014.9559398,10.10.0.10,173.194.188.105,,,45734,443,0,37,17
1588617014.9601884,173.194.188.105,10.10.0.10,,,443,45734,0,1358,17
1588617014.966146,173.194.188.105,10.10.0.10,,,443,45734,0,1358,17
1588617014.9677172,10.10.0.10,173.194.188.105,,,45734,443,0,37,17
1588617014.9720678,173.194.188.105,10.10.0.10,,,443,45734,0,1358,17
1588617014.978035,173.194.188.105,10.10.0.10,,,443,45734,0,1358,17
1588617014.9797635,10.10.0.10,173.194.188.105,,,45734,443,0,37,17
1588617014.9839878,173.194.188.105,10.10.0.10,,,443,45734,0,1358,17
1588617014.989932,173.194.188.105,10.10.0.10,,,443,45734,0,1358,17
1588617014.992436,10.10.0.10,173.194.188.105,,,45734,443,0,37,17
1588617014.9958851,173.194.188.105,10.10.0.10,,,443,45734,0,1358,17
1588617015.001799,173.194.188.105,10.10.0.10,,,443,45734,0,1358,17
1588617015.003474,10.10.0.10,173.194.188.105,,,45734,443,0,37,17
1588617015.0077481,173.194.188.105,10.10.0.10,,,443,45734,0,1358,17
1588617015.0137308,173.194.188.105,10.10.0.10,,,443,45734,0,1358,17
1588617015.0154269,10.10.0.10,173.194.188.105,,,45734,443,0,37,17
1588617015.019626,173.194.188.105,10.10.0.10,,,443,45734,0,1358,17
1588617015.0255628,173.194.188.105,10.10.0.10,,,443,45734,0,1358,17
1588617015.0272589,10.10.0.10,173.194.188.105,,,45734,443,0,50,17
1588617015.031574,173.194.188.105,10.10.0.10,,,443,45734,0,1358,17
1588617015.0375252,173.194.188.105,10.10.0.10,,,443,45734,0,1358,17
1588617015.043471,173.194.188.105,10.10.0.10,,,443,45734,0,1358,17
1588617015.049424,173.194.188.105,10.10.0.10,,,443,45734,0,1358,17
1588617015.0553381,173.194.188.105,10.10.0.10,,,443,45734,0,1358,17
1588617015.061265,173.194.188.105,10.10.0.10,,,443,45734,0,1358,17
1588617015.0648699,10.10.0.10,173.194.188.105,,,45734,443,0,37,17
1588617015.06723,173.194.188.105,10.10.0.10,,,443,45734,0,29,17
1588617015.0674784,173.194.188.105,10.10.0.10,,,443,45734,0,1358,17
1588617015.067784,10.10.0.10,173.194.188.105,,,45734,443,0,37,17
1588617015.068409,10.10.0.10,173.194.188.105,,,45734,443,0,37,17
1588617015.073447,173.194.188.105,10.10.0.10,,,443,45734,0,1358,17
1588617015.075593,10.10.0.10,173.194.188.105,,,45734,443,0,37,17
1588617015.079433,173.194.188.105,10.10.0.10,,,443,45734,0,1358,17
1588617015.085366,173.194.188.105,10.10.0.10,,,443,45734,0,1358,17
1588617015.087326,10.10.0.10,173.194.188.105,,,45734,443,0,37,17
1588617015.0913339,173.194.188.105,10.10.0.10,,,443,45734,0,1358,17
1588617015.0972779,173.194.188.105,10.10.0.10,,,443,45734,0,1358,17
1588617015.099101,10.10.0.10,173.194.188.105,,,45734,443,0,37,17
1588617015.103227,173.194.188.105,10.10.0.10,,,443,45734,0,1358,17
1588617015.1091812,173.194.188.105,10.10.0.10,,,443,45734,0,1358,17
1588617015.111638,10.10.0.10,173.194.188.105,,,45734,443,0,37,17
1588617015.1151235,173.194.188.105,10.10.0.10,,,443,45734,0,1358,17
1588617015.121077,173.194.188.105,10.10.0.10,,,443,45734,0,1358,17
1588617015.122947,10.10.0.10,173.194.188.105,,,45734,443,0,37,17
1588617015.1270258,173.194.188.105,10.10.0.10,,,443,45734,0,1358,17
1588617015.1329286,173.194.188.105,10.10.0.10,,,443,45734,0,1358,17
1588617015.1348052,10.10.0.10,173.194.188.105,,,45734,443,0,37,17
1588617015.1389186,173.194.188.105,10.10.0.10,,,443,45734,0,1358,17
1588617015.144827,173.194.188.105,10.10.0.10,,,443,45734,0,1358,17
1588617015.147074,10.10.0.10,173.194.188.105,,,45734,443,0,37,17
1588617015.1508212,173.194.188.105,10.10.0.10,,,443,45734,0,1358,17
1588617015.1567671,173.194.188.105,10.10.0.10,,,443,45734,0,1358,17
1588617015.15904,10.10.0.10,173.194.188.105,,,45734,443,0,37,17
1588617015.162718,173.194.188.105,10.10.0.10,,,443,45734,0,1358,17
1588617015.1686668,173.194.188.105,10.10.0.10,,,443,45734,0,1358,17
1588617015.170426,10.10.0.10,173.194.188.105,,,45734,443,0,37,17
1588617015.1746151,173.194.188.105,10.10.0.10,,,443,45734,0,1358,17
1588617015.180563,173.194.188.105,10.10.0.10,,,443,45734,0,1358,17
1588617015.182341,10.10.0.10,173.194.188.105,,,45734,443,0,37,17
1588617015.186512,173.194.188.105,10.10.0.10,,,443,45734,0,1358,17
1588617015.192431,173.194.188.105,10.10.0.10,,,443,45734,0,1358,17
1588617015.194754,10.10.0.10,173.194.188.105,,,45734,443,0,37,17
1588617015.1983778,173.194.188.105,10.10.0.10,,,443,45734,0,1358,17
1588617015.2043262,173.194.188.105,10.10.0.10,,,443,45734,0,1358,17
1588617015.205978,10.10.0.10,173.194.188.105,,,45734,443,0,37,17
1588617015.2102392,173.194.188.105,10.10.0.10,,,443,45734,0,1358,17
1588617015.216253,173.194.188.105,10.10.0.10,,,443,45734,0,1358,17
1588617015.2179716,10.10.0.10,173.194.188.105,,,45734,443,0,37,17
1588617015.2221732,173.194.188.105,10.10.0.10,,,443,45734,0,1358,17
1588617015.22815,173.194.188.105,10.10.0.10,,,443,45734,0,1358,17
1588617015.2297401,10.10.0.10,173.194.188.105,,,45734,443,0,37,17
1588617015.234102,173.194.188.105,10.10.0.10,,,443,45734,0,1358,17
1588617015.2400515,173.194.188.105,10.10.0.10,,,443,45734,0,1358,17
1588617015.241729,10.10.0.10,173.194.188.105,,,45734,443,0,37,17
1588617015.2459962,173.194.188.105,10.10.0.10,,,443,45734,0,1358,17
1588617015.251915,173.194.188.105,10.10.0.10,,,443,45734,0,1358,17
1588617015.25353,10.10.0.10,173.194.188.105,,,45734,443,0,37,17
1588617015.257894,173.194.188.105,10.10.0.10,,,443,45734,0,1358,17
1588617015.2638428,173.194.188.105,10.10.0.10,,,443,45734,0,1358,17
1588617015.265767,10.10.0.10,173.194.188.105,,,45734,443,0,50,17
1588617015.2697961,173.194.188.105,10.10.0.10,,,443,45734,0,1358,17
1588617015.275744,173.194.188.105,10.10.0.10,,,443,45734,0,1358,17
1588617015.278161,10.10.0.10,173.194.188.105,,,45734,443,0,37,17
1588617015.281688,173.194.188.105,10.10.0.10,,,443,45734,0,1358,17
1588617015.2876382,173.194.188.105,10.10.0.10,,,443,45734,0,1358,17
1588617015.2893689,10.10.0.10,173.194.188.105,,,45734,443,0,37,17
1588617015.293587,173.194.188.105,10.10.0.10,,,443,45734,0,1358,17
1588617015.29955,173.194.188.105,10.10.0.10,,,443,45734,0,1358,17
1588617015.302491,10.10.0.10,173.194.188.105,,,45734,443,0,37,17
1588617015.3054829,173.194.188.105,10.10.0.10,,,443,45734,0,29,17
1588617015.305696,173.194.188.105,10.10.0.10,,,443,45734,0,1358,17
1588617015.311702,173.194.188.105,10.10.0.10,,,443,45734,0,1358,17
1588617015.313535,10.10.0.10,173.194.188.105,,,45734,443,0,37,17
1588617015.3176198,173.194.188.105,10.10.0.10,,,443,45734,0,1358,17
1588617015.323599,173.194.188.105,10.10.0.10,,,443,45734,0,1358,17
1588617015.325769,10.10.0.10,173.194.188.105,,,45734,443,0,37,17
1588617015.329519,173.194.188.105,10.10.0.10,,,443,45734,0,1358,17
1588617015.3355002,173.194.188.105,10.10.0.10,,,443,45734,0,1358,17
1588617015.337366,10.10.0.10,173.194.188.105,,,45734,443,0,37,17
1588617015.341449,173.194.188.105,10.10.0.10,,,443,45734,0,1358,17
1588617015.347394,173.194.188.105,10.10.0.10,,,443,45734,0,1358,17
1588617015.349384,10.10.0.10,173.194.188.105,,,45734,443,0,37,17
1588617015.353342,173.194.188.105,10.10.0.10,,,443,45734,0,1358,17
1588617015.3592956,173.194.188.105,10.10.0.10,,,443,45734,0,1358,17
1588617015.360991,10.10.0.10,173.194.188.105,,,45734,443,0,37,17
1588617015.365214,173.194.188.105,10.10.0.10,,,443,45734,0,1358,17
1588617015.371193,173.194.188.105,10.10.0.10,,,443,45734,0,1358,17
1588617015.372782,10.10.0.10,173.194.188.105,,,45734,443,0,37,17
1588617015.3771422,173.194.188.105,10.10.0.10,,,443,45734,0,1358,17
1588617015.383086,173.194.188.105,10.10.0.10,,,443,45734,0,1358,17
1588617015.3846982,10.10.0.10,173.194.188.105,,,45734,443,0,37,17
1588617015.389042,173.194.188.105,10.10.0.10,,,443,45734,0,1358,17
1588617015.394988,173.194.188.105,10.10.0.10,,,443,45734,0,1358,17
1588617015.397114,10.10.0.10,173.194.188.105,,,45734,443,0,37,17
1588617015.400873,173.194.188.105,10.10.0.10,,,443,45734,0,1358,17
1588617015.4068544,173.194.188.105,10.10.0.10,,,443,45734,0,1358,17
1588617015.408565,10.10.0.10,173.194.188.105,,,45734,443,0,37,17
1588617015.412834,173.194.188.105,10.10.0.10,,,443,45734,0,1358,17
1588617015.418778,173.194.188.105,10.10.0.10,,,443,45734,0,1358,17
1588617015.420553,10.10.0.10,173.194.188.105,,,45734,443,0,37,17
1588617015.424727,173.194.188.105,10.10.0.10,,,443,45734,0,1358,17
1588617015.4306755,173.194.188.105,10.10.0.10,,,443,45734,0,1358,17
1588617015.432432,10.10.0.10,173.194.188.105,,,45734,443,0,37,17
1588617015.4366279,173.194.188.105,10.10.0.10,,,443,45734,0,1358,17
1588617015.442572,173.194.188.105,10.10.0.10,,,443,45734,0,1358,17
1588617015.4443238,10.10.0.10,173.194.188.105,,,45734,443,0,37,17
1588617015.4485388,173.194.188.105,10.10.0.10,,,443,45734,0,1358,17
1588617015.4544704,173.194.188.105,10.10.0.10,,,443,45734,0,1358,17
1588617015.45622,10.10.0.10,173.194.188.105,,,45734,443,0,37,17
1588617015.460424,173.194.188.105,10.10.0.10,,,443,45734,0,1358,17
1588617015.4663732,173.194.188.105,10.10.0.10,,,443,45734,0,1358,17
1588617015.467968,10.10.0.10,173.194.188.105,,,45734,443,0,37,17
1588617015.4723198,173.194.188.105,10.10.0.10,,,443,45734,0,1358,17
1588617015.4782698,173.194.188.105,10.10.0.10,,,443,45734,0,1358,17
1588617015.479883,10.10.0.10,173.194.188.105,,,45734,443,0,37,17
1588617015.484218,173.194.188.105,10.10.0.10,,,443,45734,0,1358,17
1588617015.4901779,173.194.188.105,10.10.0.10,,,443,45734,0,1358,17
1588617015.492184,10.10.0.10,173.194.188.105,,,45734,443,0,37,17
1588617015.496115,173.194.188.105,10.10.0.10,,,443,45734,0,1358,17
1588617015.502034,173.194.188.105,10.10.0.10,,,443,45734,0,1358,17
1588617015.503694,10.10.0.10,173.194.188.105,,,45734,443,0,50,17
1588617015.50801,173.194.188.105,10.10.0.10,,,443,45734,0,1358,17
1588617015.513958,173.194.188.105,10.10.0.10,,,443,45734,0,1358,17
1588617015.516969,10.10.0.10,173.194.188.105,,,45734,443,0,37,17
1588617015.5199099,173.194.188.105,10.10.0.10,,,443,45734,0,1358,17
1588617015.5258598,173.194.188.105,10.10.0.10,,,443,45734,0,1358,17
1588617015.527574,10.10.0.10,173.194.188.105,,,45734,443,0,37,17
1588617015.5318089,173.194.188.105,10.10.0.10,,,443,45734,0,1358,17
1588617015.5377526,173.194.188.105,10.10.0.10,,,443,45734,0,1358,17
1588617015.539574,10.10.0.10,173.194.188.105,,,45734,443,0,37,17
1588617015.543702,173.194.188.105,10.10.0.10,,,443,45734,0,1358,17
1588617015.549654,173.194.188.105,10.10.0.10,,,443,45734,0,1358,17
1588617015.551627,10.10.0.10,173.194.188.105,,,45734,443,0,37,17
1588617015.5555458,173.194.188.105,10.10.0.10,,,443,45734,0,29,17
1588617015.55581,173.194.188.105,10.10.0.10,,,443,45734,0,1358,17
1588617015.5617619,173.194.188.105,10.10.0.10,,,443,45734,0,1358,17
1588617015.563473,10.10.0.10,173.194.188.105,,,45734,443,0,37,17
1588617015.567751,173.194.188.105,10.10.0.10,,,443,45734,0,1358,17
1588617015.5737011,173.194.188.105,10.10.0.10,,,443,45734,0,1358,17
1588617015.575647,10.10.0.10,173.194.188.105,,,45734,443,0,37,17
1588617015.579648,173.194.188.105,10.10.0.10,,,443,45734,0,1358,17
1588617015.5855439,173.194.188.105,10.10.0.10,,,443,45734,0,1358,17
1588617015.5871642,10.10.0.10,173.194.188.105,,,45734,443,0,37,17
1588617015.591523,173.194.188.105,10.10.0.10,,,443,45734,0,1358,17
1588617015.597502,173.194.188.105,10.10.0.10,,,443,45734,0,1358,17
1588617015.602675,10.10.0.10,173.194.188.105,,,45734,443,0,37,17
1588617015.6034508,173.194.188.105,10.10.0.10,,,443,45734,0,1358,17
1588617015.609399,173.194.188.105,10.10.0.10,,,443,45734,0,1358,17
1588617015.610913,10.10.0.10,173.194.188.105,,,45734,443,0,37,17
1588617015.615334,173.194.188.105,10.10.0.10,,,443,45734,0,1358,17
1588617015.621248,173.194.188.105,10.10.0.10,,,443,45734,0,1358,17
1588617015.623049,10.10.0.10,173.194.188.105,,,45734,443,0,37,17
1588617015.6271868,173.194.188.105,10.10.0.10,,,443,45734,0,1358,17
1588617015.6331608,173.194.188.105,10.10.0.10,,,443,45734,0,1358,17
1588617015.634758,10.10.0.10,173.194.188.105,,,45734,443,0,37,17
1588617015.639107,173.194.188.105,10.10.0.10,,,443,45734,0,1358,17
1588617015.6450849,173.194.188.105,10.10.0.10,,,443,45734,0,1358,17
1588617015.646832,10.10.0.10,173.194.188.105,,,45734,443,0,37,17
1588617015.651032,173.194.188.105,10.10.0.10,,,443,45734,0,1358,17
1588617015.65693,173.194.188.105,10.10.0.10,,,443,45734,0,1358,17
1588617015.658783,10.10.0.10,173.194.188.105,,,45734,443,0,37,17
1588617015.662904,173.194.188.105,10.10.0.10,,,443,45734,0,1358,17
1588617015.6688519,173.194.188.105,10.10.0.10,,,443,45734,0,1358,17
1588617015.6710498,10.10.0.10,173.194.188.105,,,45734,443,0,37,17
1588617015.674838,173.194.188.105,10.10.0.10,,,443,45734,0,1358,17
1588617015.6807802,173.194.188.105,10.10.0.10,,,443,45734,0,1358,17
1588617015.6825242,10.10.0.10,173.194.188.105,,,45734,443,0,37,17
1588617015.686733,173.194.188.105,10.10.0.10,,,443,45734,0,1358,17
1588617015.6926222,173.194.188.105,10.10.0.10,,,443,45734,0,1358,17
1588617015.69466,10.10.0.10,173.194.188.105,,,45734,443,0,37,17
1588617015.698565,173.194.188.105,10.10.0.10,,,443,45734,0,1358,17
1588617015.704583,173.194.188.105,10.10.0.10,,,443,45734,0,1358,17
1588617015.706413,10.10.0.10,173.194.188.105,,,45734,443,0,37,17
1588617015.7104988,173.194.188.105,10.10.0.10,,,443,45734,0,1358,17
1588617015.7164788,173.194.188.105,10.10.0.10,,,443,45734,0,1358,17
1588617015.718647,10.10.0.10,173.194.188.105,,,45734,443,0,37,17
1588617015.7224028,173.194.188.105,10.10.0.10,,,443,45734,0,1358,17
1588617015.7283769,173.194.188.105,10.10.0.10,,,443,45734,0,1358,17
1588617015.730082,10.10.0.10,173.194.188.105,,,45734,443,0,37,17
1588617015.7342932,173.194.188.105,10.10.0.10,,,443,45734,0,1358,17
1588617015.740277,173.194.188.105,10.10.0.10,,,443,45734,0,1358,17
1588617015.7418828,10.10.0.10,173.194.188.105,,,45734,443,0,50,17
1588617015.7462258,173.194.188.105,10.10.0.10,,,443,45734,0,1358,17
1588617015.752178,173.194.188.105,10.10.0.10,,,443,45734,0,1358,17
1588617015.7581232,173.194.188.105,10.10.0.10,,,443,45734,0,1358,17
1588617015.7640722,173.194.188.105,10.10.0.10,,,443,45734,0,1358,17
1588617015.7699876,173.194.188.105,10.10.0.10,,,443,45734,0,1358,17
1588617015.7759712,173.194.188.105,10.10.0.10,,,443,45734,0,1358,17
1588617015.7819214,173.194.188.105,10.10.0.10,,,443,45734,0,1358,17
1588617015.7878716,173.194.188.105,10.10.0.10,,,443,45734,0,1358,17
1588617015.793816,173.194.188.105,10.10.0.10,,,443,45734,0,29,17
1588617015.7940464,173.194.188.105,10.10.0.10,,,443,45734,0,1358,17
1588617015.8000374,173.194.188.105,10.10.0.10,,,443,45734,0,1358,17
1588617015.80599,173.194.188.105,10.10.0.10,,,443,45734,0,1358,17
1588617015.811936,173.194.188.105,10.10.0.10,,,443,45734,0,1358,17
1588617015.8178804,173.194.188.105,10.10.0.10,,,443,45734,0,1358,17
1588617015.8238275,173.194.188.105,10.10.0.10,,,443,45734,0,1358,17
1588617015.829781,173.194.188.105,10.10.0.10,,,443,45734,0,1358,17
1588617015.8327572,10.10.0.10,173.194.188.105,,,45734,443,0,37,17
1588617015.8328018,10.10.0.10,173.194.188.105,,,45734,443,0,37,17
1588617015.8345332,10.10.0.10,173.194.188.105,,,45734,443,0,37,17
1588617015.835708,173.194.188.105,10.10.0.10,,,443,45734,0,1358,17
1588617015.837215,10.10.0.10,173.194.188.105,,,45734,443,0,37,17
1588617015.8404741,10.10.0.10,173.194.188.105,,,45734,443,0,37,17
1588617015.840518,10.10.0.10,173.194.188.105,,,45734,443,0,37,17
1588617015.8416748,173.194.188.105,10.10.0.10,,,443,45734,0,1358,17
1588617015.841857,10.10.0.10,173.194.188.105,,,45734,443,0,37,17
1588617015.8427546,10.10.0.10,173.194.188.105,,,45734,443,0,37,17
1588617015.8444214,10.10.0.10,173.194.188.105,,,45734,443,0,37,17
1588617015.847624,173.194.188.105,10.10.0.10,,,443,45734,0,1358,17
1588617015.853573,173.194.188.105,10.10.0.10,,,443,45734,0,1358,17
1588617015.858207,10.10.0.10,173.194.188.105,,,45734,443,0,37,17
1588617015.8595252,173.194.188.105,10.10.0.10,,,443,45734,0,1358,17
1588617015.865473,173.194.188.105,10.10.0.10,,,443,45734,0,1358,17
1588617015.87142,173.194.188.105,10.10.0.10,,,443,45734,0,1358,17
1588617015.877367,173.194.188.105,10.10.0.10,,,443,45734,0,1358,17
1588617015.8833182,173.194.188.105,10.10.0.10,,,443,45734,0,1358,17
1588617015.8892765,173.194.188.105,10.10.0.10,,,443,45734,0,1358,17
1588617015.8952026,173.194.188.105,10.10.0.10,,,443,45734,0,1358,17
1588617015.9011624,173.194.188.105,10.10.0.10,,,443,45734,0,1358,17
1588617015.907115,173.194.188.105,10.10.0.10,,,443,45734,0,1358,17
1588617015.913064,173.194.188.105,10.10.0.10,,,443,45734,0,1358,17
1588617015.9189801,173.194.188.105,10.10.0.10,,,443,45734,0,1358,17
1588617015.92496,173.194.188.105,10.10.0.10,,,443,45734,0,1358,17
1588617015.9309068,173.194.188.105,10.10.0.10,,,443,45734,0,1358,17
1588617015.9368598,173.194.188.105,10.10.0.10,,,443,45734,0,1358,17
1588617015.9427805,173.194.188.105,10.10.0.10,,,443,45734,0,1358,17
1588617015.948762,173.194.188.105,10.10.0.10,,,443,45734,0,1358,17
1588617015.9547038,173.194.188.105,10.10.0.10,,,443,45734,0,1358,17
1588617015.954737,10.10.0.10,173.194.188.105,,,45734,443,0,37,17
1588617015.954797,10.10.0.10,173.194.188.105,,,45734,443,0,37,17
1588617015.9566598,10.10.0.10,173.194.188.105,,,45734,443,0,37,17
1588617015.958216,10.10.0.10,173.194.188.105,,,45734,443,0,37,17
1588617015.961705,10.10.0.10,173.194.188.105,,,45734,443,0,37,17
1588617015.9617548,10.10.0.10,173.194.188.105,,,45734,443,0,37,17
1588617015.9624329,173.194.188.105,10.10.0.10,,,443,45734,0,1358,17
1588617015.9645548,10.10.0.10,173.194.188.105,,,45734,443,0,37,17
1588617015.964605,10.10.0.10,173.194.188.105,,,45734,443,0,37,17
1588617015.965194,10.10.0.10,173.194.188.105,,,45734,443,0,37,17
1588617015.9666028,173.194.188.105,10.10.0.10,,,443,45734,0,1358,17
1588617015.9744,173.194.188.105,10.10.0.10,,,443,45734,0,1358,17
1588617015.9768028,10.10.0.10,173.194.188.105,,,45734,443,0,50,17
1588617015.978503,173.194.188.105,10.10.0.10,,,443,45734,0,1358,17
1588617015.98445,173.194.188.105,10.10.0.10,,,443,45734,0,29,17
1588617015.986511,173.194.188.105,10.10.0.10,,,443,45734,0,1358,17
1588617015.990668,173.194.188.105,10.10.0.10,,,443,45734,0,1358,17
1588617015.998774,173.194.188.105,10.10.0.10,,,443,45734,0,1358,17
1588617016.002564,173.194.188.105,10.10.0.10,,,443,45734,0,1358,17
1588617016.010128,173.194.188.105,10.10.0.10,,,443,45734,0,1358,17
1588617016.0144632,173.194.188.105,10.10.0.10,,,443,45734,0,1358,17
1588617016.0224938,173.194.188.105,10.10.0.10,,,443,45734,0,1358,17
1588617016.026364,173.194.188.105,10.10.0.10,,,443,45734,0,1358,17
1588617016.034006,173.194.188.105,10.10.0.10,,,443,45734,0,1358,17
1588617016.0382595,173.194.188.105,10.10.0.10,,,443,45734,0,1358,17
1588617016.0454755,173.194.188.105,10.10.0.10,,,443,45734,0,1358,17
1588617016.050156,173.194.188.105,10.10.0.10,,,443,45734,0,1358,17
1588617016.0582118,173.194.188.105,10.10.0.10,,,443,45734,0,1358,17
1588617016.062056,173.194.188.105,10.10.0.10,,,443,45734,0,1358,17
1588617016.069073,173.194.188.105,10.10.0.10,,,443,45734,0,1358,17
1588617016.073906,173.194.188.105,10.10.0.10,,,443,45734,0,1358,17
1588617016.075842,10.10.0.10,173.194.188.105,,,45734,443,0,37,17
1588617016.0780509,10.10.0.10,173.194.188.105,,,45734,443,0,37,17
1588617016.0799878,173.194.188.105,10.10.0.10,,,443,45734,0,1358,17
1588617016.080102,10.10.0.10,173.194.188.105,,,45734,443,0,37,17
1588617016.081672,10.10.0.10,173.194.188.105,,,45734,443,0,37,17
1588617016.082767,10.10.0.10,173.194.188.105,,,45734,443,0,37,17
1588617016.0835812,10.10.0.10,173.194.188.105,,,45734,443,0,37,17
1588617016.085186,10.10.0.10,173.194.188.105,,,45734,443,0,37,17
1588617016.085823,173.194.188.105,10.10.0.10,,,443,45734,0,1358,17
1588617016.08631,10.10.0.10,173.194.188.105,,,45734,443,0,37,17
1588617016.08698,10.10.0.10,173.194.188.105,,,45734,443,0,37,17
1588617016.092057,173.194.188.105,10.10.0.10,,,443,45734,0,1358,17
1588617016.093949,10.10.0.10,173.194.188.105,,,45734,443,0,37,17
1588617016.097744,173.194.188.105,10.10.0.10,,,443,45734,0,1358,17
1588617016.1055224,173.194.188.105,10.10.0.10,,,443,45734,0,1358,17
1588617016.1096444,173.194.188.105,10.10.0.10,,,443,45734,0,1358,17
1588617016.1159322,173.194.188.105,10.10.0.10,,,443,45734,0,1358,17
1588617016.121543,173.194.188.105,10.10.0.10,,,443,45734,0,1358,17
1588617016.1274884,173.194.188.105,10.10.0.10,,,443,45734,0,1358,17
1588617016.1334348,173.194.188.105,10.10.0.10,,,443,45734,0,1358,17
1588617016.139388,173.194.188.105,10.10.0.10,,,443,45734,0,1358,17
1588617016.145272,173.194.188.105,10.10.0.10,,,443,45734,0,1358,17
1588617016.1512284,173.194.188.105,10.10.0.10,,,443,45734,0,1358,17
1588617016.157231,173.194.188.105,10.10.0.10,,,443,45734,0,1358,17
1588617016.163182,173.194.188.105,10.10.0.10,,,443,45734,0,1358,17
1588617016.1691322,173.194.188.105,10.10.0.10,,,443,45734,0,1358,17
1588617016.175082,173.194.188.105,10.10.0.10,,,443,45734,0,1358,17
1588617016.181026,173.194.188.105,10.10.0.10,,,443,45734,0,1358,17
1588617016.1869798,173.194.188.105,10.10.0.10,,,443,45734,0,1358,17
1588617016.19289,173.194.188.105,10.10.0.10,,,443,45734,0,1358,17
1588617016.1929634,10.10.0.10,173.194.188.105,,,45734,443,0,37,17
1588617016.195474,10.10.0.10,173.194.188.105,,,45734,443,0,37,17
1588617016.198873,173.194.188.105,10.10.0.10,,,443,45734,0,1358,17
1588617016.1993911,10.10.0.10,173.194.188.105,,,45734,443,0,37,17
1588617016.2012515,10.10.0.10,173.194.188.105,,,45734,443,0,37,17
1588617016.2029245,10.10.0.10,173.194.188.105,,,45734,443,0,37,17
1588617016.204806,173.194.188.105,10.10.0.10,,,443,45734,0,1358,17
1588617016.2048285,10.10.0.10,173.194.188.105,,,45734,443,0,37,17
1588617016.205455,10.10.0.10,173.194.188.105,,,45734,443,0,37,17
1588617016.2066758,10.10.0.10,173.194.188.105,,,45734,443,0,37,17
1588617016.20927,10.10.0.10,173.194.188.105,,,45734,443,0,37,17
1588617016.2097821,10.10.0.10,173.194.188.105,,,45734,443,0,50,17
1588617016.2107706,173.194.188.105,10.10.0.10,,,443,45734,0,1358,17
1588617016.2167199,173.194.188.105,10.10.0.10,,,443,45734,0,1358,17
1588617016.218341,10.10.0.10,173.194.188.105,,,45734,443,0,37,17
1588617016.222673,173.194.188.105,10.10.0.10,,,443,45734,0,29,17
1588617016.222892,173.194.188.105,10.10.0.10,,,443,45734,0,1358,17
1588617016.2288835,173.194.188.105,10.10.0.10,,,443,45734,0,1358,17
1588617016.2348359,173.194.188.105,10.10.0.10,,,443,45734,0,1358,17
1588617016.2407482,173.194.188.105,10.10.0.10,,,443,45734,0,1358,17
1588617016.246736,173.194.188.105,10.10.0.10,,,443,45734,0,1358,17
1588617016.252682,173.194.188.105,10.10.0.10,,,443,45734,0,1358,17
1588617016.2586348,173.194.188.105,10.10.0.10,,,443,45734,0,1358,17
1588617016.2645788,173.194.188.105,10.10.0.10,,,443,45734,0,1358,17
1588617016.27053,173.194.188.105,10.10.0.10,,,443,45734,0,1358,17
1588617016.276453,173.194.188.105,10.10.0.10,,,443,45734,0,1358,17
1588617016.282383,173.194.188.105,10.10.0.10,,,443,45734,0,1358,17
1588617016.288377,173.194.188.105,10.10.0.10,,,443,45734,0,1358,17
1588617016.294322,173.194.188.105,10.10.0.10,,,443,45734,0,1358,17
1588617016.3002748,173.194.188.105,10.10.0.10,,,443,45734,0,1358,17
1588617016.306157,173.194.188.105,10.10.0.10,,,443,45734,0,1358,17
1588617016.312175,173.194.188.105,10.10.0.10,,,443,45734,0,1358,17
1588617016.3180811,173.194.188.105,10.10.0.10,,,443,45734,0,1358,17
1588617016.324066,173.194.188.105,10.10.0.10,,,443,45734,0,1358,17
1588617016.330016,173.194.188.105,10.10.0.10,,,443,45734,0,1358,17
1588617016.335967,173.194.188.105,10.10.0.10,,,443,45734,0,1358,17
1588617016.34188,173.194.188.105,10.10.0.10,,,443,45734,0,1358,17
1588617016.3478599,173.194.188.105,10.10.0.10,,,443,45734,0,1358,17
1588617016.418639,173.194.188.105,10.10.0.10,,,443,45734,0,1358,17
1588617016.431608,10.10.0.10,173.194.188.105,,,45734,443,0,37,17
1588617016.4316692,10.10.0.10,173.194.188.105,,,45734,443,0,37,17
1588617016.436449,173.194.188.105,10.10.0.10,,,443,45734,0,1358,17
1588617016.436503,173.194.188.105,10.10.0.10,,,443,45734,0,1358,17
1588617016.448083,173.194.188.105,10.10.0.10,,,443,45734,0,1358,17
1588617016.4499626,10.10.0.10,173.194.188.105,,,45734,443,0,37,17
1588617016.451173,10.10.0.10,173.194.188.105,,,45734,443,0,37,17
1588617016.453325,10.10.0.10,173.194.188.105,,,45734,443,0,37,17
1588617016.454535,173.194.188.105,10.10.0.10,,,443,45734,0,1358,17
1588617016.4545882,173.194.188.105,10.10.0.10,,,443,45734,0,1358,17
1588617016.454842,10.10.0.10,173.194.188.105,,,45734,443,0,37,17
1588617016.455399,10.10.0.10,173.194.188.105,,,45734,443,0,37,17
1588617016.4579446,10.10.0.10,173.194.188.105,,,45734,443,0,37,17
1588617016.4665804,173.194.188.105,10.10.0.10,,,443,45734,0,1358,17
1588617016.46664,173.194.188.105,10.10.0.10,,,443,45734,0,1358,17
1588617016.477732,173.194.188.105,10.10.0.10,,,443,45734,0,1358,17
1588617016.477791,173.194.188.105,10.10.0.10,,,443,45734,0,1358,17
1588617016.488991,173.194.188.105,10.10.0.10,,,443,45734,0,1358,17
1588617016.4895306,173.194.188.105,10.10.0.10,,,443,45734,0,1358,17
1588617016.500437,173.194.188.105,10.10.0.10,,,443,45734,0,1358,17
1588617016.5014539,173.194.188.105,10.10.0.10,,,443,45734,0,1358,17
1588617016.510766,173.194.188.105,10.10.0.10,,,443,45734,0,1358,17
1588617016.5133548,173.194.188.105,10.10.0.10,,,443,45734,0,1358,17
1588617016.551717,10.10.0.10,173.194.188.105,,,45734,443,0,37,17
1588617016.551775,10.10.0.10,173.194.188.105,,,45734,443,0,37,17
1588617016.5561318,173.194.188.105,10.10.0.10,,,443,45734,0,1358,17
1588617016.5561929,173.194.188.105,10.10.0.10,,,443,45734,0,1358,17
1588617016.558904,10.10.0.10,173.194.188.105,,,45734,443,0,37,17
1588617016.5602741,10.10.0.10,173.194.188.105,,,45734,443,0,37,17
1588617016.563213,10.10.0.10,173.194.188.105,,,45734,443,0,37,17
1588617016.5656884,10.10.0.10,173.194.188.105,,,45734,443,0,37,17
1588617016.5657468,10.10.0.10,173.194.188.105,,,45734,443,0,37,17
1588617016.567432,173.194.188.105,10.10.0.10,,,443,45734,0,1358,17
1588617016.5674882,173.194.188.105,10.10.0.10,,,443,45734,0,1358,17
1588617016.570677,10.10.0.10,173.194.188.105,,,45734,443,0,37,17
1588617016.5707238,10.10.0.10,173.194.188.105,,,45734,443,0,37,17
1588617016.570847,10.10.0.10,173.194.188.105,,,45734,443,0,37,17
1588617016.5709708,10.10.0.10,173.194.188.105,,,45734,443,0,50,17
1588617016.571166,10.10.0.10,173.194.188.105,,,45734,443,0,37,17
1588617016.5718682,10.10.0.10,173.194.188.105,,,45734,443,0,37,17
1588617016.575243,173.194.188.105,10.10.0.10,,,443,45734,0,1358,17
1588617016.5770981,10.10.0.10,173.194.188.105,,,45734,443,0,37,17
1588617016.5790524,173.194.188.105,10.10.0.10,,,443,45734,0,1358,17
1588617016.587859,173.194.188.105,10.10.0.10,,,443,45734,0,1358,17
1588617016.590992,173.194.188.105,10.10.0.10,,,443,45734,0,558,17
1588617016.67741,10.10.0.10,173.194.188.105,,,45734,443,0,37,17
1588617016.791517,10.10.0.10,173.194.188.105,,,45734,443,0,37,17
1588617016.7918365,10.10.0.10,173.194.188.105,,,45734,443,0,731,17
1588617016.791847,10.10.0.10,173.194.188.105,,,45734,443,0,48,17
1588617016.796057,173.194.188.105,10.10.0.10,,,443,45734,0,138,17
1588617016.796084,173.194.188.105,10.10.0.10,,,443,45734,0,1358,17
1588617016.796096,173.194.188.105,10.10.0.10,,,443,45734,0,1358,17
1588617016.798609,10.10.0.10,173.194.188.105,,,45734,443,0,37,17
1588617016.801877,173.194.188.105,10.10.0.10,,,443,45734,0,1358,17
1588617016.8033562,10.10.0.10,173.194.188.105,,,45734,443,0,37,17
1588617016.8078668,173.194.188.105,10.10.0.10,,,443,45734,0,1358,17
1588617016.813818,173.194.188.105,10.10.0.10,,,443,45734,0,1358,17
1588617016.8157241,10.10.0.10,173.194.188.105,,,45734,443,0,37,17
1588617016.819769,173.194.188.105,10.10.0.10,,,443,45734,0,1358,17
1588617016.825689,173.194.188.105,10.10.0.10,,,443,45734,0,1358,17
1588617016.831667,173.194.188.105,10.10.0.10,,,443,45734,0,1358,17
1588617016.837616,173.194.188.105,10.10.0.10,,,443,45734,0,1358,17
1588617016.8435645,173.194.188.105,10.10.0.10,,,443,45734,0,1358,17
1588617016.8495162,173.194.188.105,10.10.0.10,,,443,45734,0,1358,17
1588617016.855463,173.194.188.105,10.10.0.10,,,443,45734,0,1358,17
1588617016.861424,173.194.188.105,10.10.0.10,,,443,45734,0,1358,17
1588617016.8625839,10.10.0.10,173.194.188.105,,,45734,443,0,37,17
1588617016.8646884,10.10.0.10,173.194.188.105,,,45734,443,0,37,17
1588617016.864728,10.10.0.10,173.194.188.105,,,45734,443,0,37,17
1588617016.8660538,10.10.0.10,173.194.188.105,,,45734,443,0,37,17
1588617016.867359,173.194.188.105,10.10.0.10,,,443,45734,0,1358,17
1588617016.8733091,173.194.188.105,10.10.0.10,,,443,45734,0,1358,17
1588617016.875008,10.10.0.10,173.194.188.105,,,45734,443,0,37,17
1588617016.879258,173.194.188.105,10.10.0.10,,,443,45734,0,1358,17
1588617016.88519,173.194.188.105,10.10.0.10,,,443,45734,0,1358,17
1588617016.886889,10.10.0.10,173.194.188.105,,,45734,443,0,37,17
1588617016.8911548,173.194.188.105,10.10.0.10,,,443,45734,0,1358,17
1588617016.897104,173.194.188.105,10.10.0.10,,,443,45734,0,1358,17
1588617016.898823,10.10.0.10,173.194.188.105,,,45734,443,0,37,17
1588617016.9030552,173.194.188.105,10.10.0.10,,,443,45734,0,1358,17
1588617016.9090009,173.194.188.105,10.10.0.10,,,443,45734,0,1358,17
1588617016.910592,10.10.0.10,173.194.188.105,,,45734,443,0,37,17
1588617016.91495,173.194.188.105,10.10.0.10,,,443,45734,0,1358,17
1588617016.920898,173.194.188.105,10.10.0.10,,,443,45734,0,1358,17
1588617016.9225512,10.10.0.10,173.194.188.105,,,45734,443,0,37,17
1588617016.926856,173.194.188.105,10.10.0.10,,,443,45734,0,1358,17
1588617016.932805,173.194.188.105,10.10.0.10,,,443,45734,0,1358,17
1588617016.934351,10.10.0.10,173.194.188.105,,,45734,443,0,37,17
1588617016.938752,173.194.188.105,10.10.0.10,,,443,45734,0,1358,17
1588617016.944674,173.194.188.105,10.10.0.10,,,443,45734,0,1358,17
1588617016.9463801,10.10.0.10,173.194.188.105,,,45734,443,0,37,17
1588617016.950655,173.194.188.105,10.10.0.10,,,443,45734,0,1358,17
1588617016.9566028,173.194.188.105,10.10.0.10,,,443,45734,0,1358,17
1588617016.9592009,10.10.0.10,173.194.188.105,,,45734,443,0,37,17
1588617016.962557,173.194.188.105,10.10.0.10,,,443,45734,0,1358,17
1588617016.9685082,173.194.188.105,10.10.0.10,,,443,45734,0,1358,17
1588617016.9701958,10.10.0.10,173.194.188.105,,,45734,443,0,37,17
1588617016.974425,173.194.188.105,10.10.0.10,,,443,45734,0,1358,17
1588617016.9804,173.194.188.105,10.10.0.10,,,443,45734,0,1358,17
1588617016.982193,10.10.0.10,173.194.188.105,,,45734,443,0,37,17
1588617016.9863591,173.194.188.105,10.10.0.10,,,443,45734,0,1358,17
1588617016.992296,173.194.188.105,10.10.0.10,,,443,45734,0,1358,17
1588617016.993927,10.10.0.10,173.194.188.105,,,45734,443,0,37,17
1588617016.9982462,173.194.188.105,10.10.0.10,,,443,45734,0,1358,17
1588617017.004199,173.194.188.105,10.10.0.10,,,443,45734,0,1358,17
1588617017.00599,10.10.0.10,173.194.188.105,,,45734,443,0,37,17
1588617017.0101461,173.194.188.105,10.10.0.10,,,443,45734,0,1358,17
1588617017.016095,173.194.188.105,10.10.0.10,,,443,45734,0,1358,17
1588617017.022018,173.194.188.105,10.10.0.10,,,443,45734,0,1358,17
1588617017.0279882,173.194.188.105,10.10.0.10,,,443,45734,0,1358,17
1588617017.033942,173.194.188.105,10.10.0.10,,,443,45734,0,1358,17
1588617017.0398908,173.194.188.105,10.10.0.10,,,443,45734,0,1358,17
1588617017.0465481,173.194.188.105,10.10.0.10,,,443,45734,0,1358,17
1588617017.0525026,173.194.188.105,10.10.0.10,,,443,45734,0,1358,17
1588617017.0584464,173.194.188.105,10.10.0.10,,,443,45734,0,1358,17
1588617017.0597901,10.10.0.10,173.194.188.105,,,45734,443,0,50,17
1588617017.061372,10.10.0.10,173.194.188.105,,,45734,443,0,37,17
1588617017.062046,10.10.0.10,173.194.188.105,,,45734,443,0,37,17
1588617017.064394,173.194.188.105,10.10.0.10,,,443,45734,0,1358,17
1588617017.0655742,10.10.0.10,173.194.188.105,,,45734,443,0,37,17
1588617017.0665536,10.10.0.10,173.194.188.105,,,45734,443,0,37,17
1588617017.070344,173.194.188.105,10.10.0.10,,,443,45734,0,1358,17
1588617017.076297,173.194.188.105,10.10.0.10,,,443,45734,0,1358,17
1588617017.0779238,10.10.0.10,173.194.188.105,,,45734,443,0,37,17
1588617017.082242,173.194.188.105,10.10.0.10,,,443,45734,0,1358,17
1588617017.0881946,173.194.188.105,10.10.0.10,,,443,45734,0,1358,17
1588617017.0899448,10.10.0.10,173.194.188.105,,,45734,443,0,37,17
1588617017.0941148,173.194.188.105,10.10.0.10,,,443,45734,0,1358,17
1588617017.100089,173.194.188.105,10.10.0.10,,,443,45734,0,1358,17
1588617017.1018894,10.10.0.10,173.194.188.105,,,45734,443,0,37,17
1588617017.10604,173.194.188.105,10.10.0.10,,,443,45734,0,1358,17
1588617017.1119876,173.194.188.105,10.10.0.10,,,443,45734,0,1358,17
1588617017.1137812,10.10.0.10,173.194.188.105,,,45734,443,0,37,17
1588617017.117936,173.194.188.105,10.10.0.10,,,443,45734,0,1358,17
1588617017.1238859,173.194.188.105,10.10.0.10,,,443,45734,0,1358,17
1588617017.125767,10.10.0.10,173.194.188.105,,,45734,443,0,37,17
1588617017.129831,173.194.188.105,10.10.0.10,,,443,45734,0,1358,17
1588617017.135782,173.194.188.105,10.10.0.10,,,443,45734,0,1358,17
1588617017.1374052,10.10.0.10,173.194.188.105,,,45734,443,0,37,17
1588617017.1417315,173.194.188.105,10.10.0.10,,,443,45734,0,1358,17
1588617017.1476169,173.194.188.105,10.10.0.10,,,443,45734,0,1358,17
1588617017.1494918,10.10.0.10,173.194.188.105,,,45734,443,0,37,17
1588617017.153643,173.194.188.105,10.10.0.10,,,443,45734,0,1358,17
1588617017.159577,173.194.188.105,10.10.0.10,,,443,45734,0,1358,17
1588617017.1611962,10.10.0.10,173.194.188.105,,,45734,443,0,37,17
1588617017.1655376,173.194.188.105,10.10.0.10,,,443,45734,0,1358,17
1588617017.171471,173.194.188.105,10.10.0.10,,,443,45734,0,29,17
1588617017.17171,173.194.188.105,10.10.0.10,,,443,45734,0,1358,17
1588617017.1733642,10.10.0.10,173.194.188.105,,,45734,443,0,37,17
1588617017.17769,173.194.188.105,10.10.0.10,,,443,45734,0,1358,17
1588617017.183638,173.194.188.105,10.10.0.10,,,443,45734,0,1358,17
1588617017.185863,10.10.0.10,173.194.188.105,,,45734,443,0,37,17
1588617017.189554,173.194.188.105,10.10.0.10,,,443,45734,0,1358,17
1588617017.19554,173.194.188.105,10.10.0.10,,,443,45734,0,1358,17
1588617017.197468,10.10.0.10,173.194.188.105,,,45734,443,0,37,17
1588617017.2014852,173.194.188.105,10.10.0.10,,,443,45734,0,1358,17
1588617017.207433,173.194.188.105,10.10.0.10,,,443,45734,0,1358,17
1588617017.2106366,10.10.0.10,173.194.188.105,,,45734,443,0,37,17
1588617017.213381,173.194.188.105,10.10.0.10,,,443,45734,0,1358,17
1588617017.2192588,173.194.188.105,10.10.0.10,,,443,45734,0,1358,17
1588617017.2212784,10.10.0.10,173.194.188.105,,,45734,443,0,37,17
1588617017.225241,173.194.188.105,10.10.0.10,,,443,45734,0,1358,17
1588617017.2312188,173.194.188.105,10.10.0.10,,,443,45734,0,1358,17
1588617017.233459,10.10.0.10,173.194.188.105,,,45734,443,0,37,17
1588617017.237168,173.194.188.105,10.10.0.10,,,443,45734,0,1358,17
1588617017.2438278,173.194.188.105,10.10.0.10,,,443,45734,0,1358,17
1588617017.2457318,10.10.0.10,173.194.188.105,,,45734,443,0,37,17
1588617017.2497768,173.194.188.105,10.10.0.10,,,443,45734,0,1358,17
1588617017.2556882,173.194.188.105,10.10.0.10,,,443,45734,0,1358,17
1588617017.2582731,10.10.0.10,173.194.188.105,,,45734,443,0,50,17
1588617017.261676,173.194.188.105,10.10.0.10,,,443,45734,0,1358,17
1588617017.2676241,173.194.188.105,10.10.0.10,,,443,45734,0,1358,17
1588617017.269629,10.10.0.10,173.194.188.105,,,45734,443,0,37,17
1588617017.273518,173.194.188.105,10.10.0.10,,,443,45734,0,1358,17
1588617017.2794561,173.194.188.105,10.10.0.10,,,443,45734,0,1358,17
1588617017.28117,10.10.0.10,173.194.188.105,,,45734,443,0,37,17
1588617017.285452,173.194.188.105,10.10.0.10,,,443,45734,0,1358,17
1588617017.2914221,173.194.188.105,10.10.0.10,,,443,45734,0,1358,17
1588617017.293188,10.10.0.10,173.194.188.105,,,45734,443,0,37,17
1588617017.297368,173.194.188.105,10.10.0.10,,,443,45734,0,1358,17
1588617017.303317,173.194.188.105,10.10.0.10,,,443,45734,0,1358,17
1588617017.304961,10.10.0.10,173.194.188.105,,,45734,443,0,37,17
1588617017.30927,173.194.188.105,10.10.0.10,,,443,45734,0,1358,17
1588617017.315172,173.194.188.105,10.10.0.10,,,443,45734,0,1358,17
1588617017.3211632,173.194.188.105,10.10.0.10,,,443,45734,0,1358,17
1588617017.3229198,10.10.0.10,173.194.188.105,,,45734,443,0,37,17
1588617017.3271134,173.194.188.105,10.10.0.10,,,443,45734,0,1358,17
1588617017.3285868,10.10.0.10,173.194.188.105,,,45734,443,0,37,17
1588617017.3330598,173.194.188.105,10.10.0.10,,,443,45734,0,1358,17
1588617017.339009,173.194.188.105,10.10.0.10,,,443,45734,0,1358,17
1588617017.3405242,10.10.0.10,173.194.188.105,,,45734,443,0,37,17
1588617017.344958,173.194.188.105,10.10.0.10,,,443,45734,0,1358,17
1588617017.3509068,173.194.188.105,10.10.0.10,,,443,45734,0,1358,17
1588617017.3525982,10.10.0.10,173.194.188.105,,,45734,443,0,37,17
1588617017.356856,173.194.188.105,10.10.0.10,,,443,45734,0,1358,17
1588617017.362804,173.194.188.105,10.10.0.10,,,443,45734,0,1358,17
1588617017.3652358,10.10.0.10,173.194.188.105,,,45734,443,0,37,17
1588617017.3687556,173.194.188.105,10.10.0.10,,,443,45734,0,1358,17
1588617017.374702,173.194.188.105,10.10.0.10,,,443,45734,0,1358,17
1588617017.3764179,10.10.0.10,173.194.188.105,,,45734,443,0,37,17
1588617017.3806498,173.194.188.105,10.10.0.10,,,443,45734,0,1358,17
1588617017.386598,173.194.188.105,10.10.0.10,,,443,45734,0,1358,17
1588617017.388378,10.10.0.10,173.194.188.105,,,45734,443,0,37,17
1588617017.3925474,173.194.188.105,10.10.0.10,,,443,45734,0,1358,17
1588617017.3984995,173.194.188.105,10.10.0.10,,,443,45734,0,1358,17
1588617017.4008772,10.10.0.10,173.194.188.105,,,45734,443,0,37,17
1588617017.404449,173.194.188.105,10.10.0.10,,,443,45734,0,1358,17
1588617017.410394,173.194.188.105,10.10.0.10,,,443,45734,0,1358,17
1588617017.41204,10.10.0.10,173.194.188.105,,,45734,443,0,37,17
1588617017.416343,173.194.188.105,10.10.0.10,,,443,45734,0,1358,17
1588617017.4222212,173.194.188.105,10.10.0.10,,,443,45734,0,1358,17
1588617017.424175,10.10.0.10,173.194.188.105,,,45734,443,0,37,17
1588617017.427728,173.194.188.105,10.10.0.10,,,443,45734,0,1358,17
1588617017.433168,173.194.188.105,10.10.0.10,,,443,45734,0,1358,17
1588617017.434842,10.10.0.10,173.194.188.105,,,45734,443,0,37,17
1588617017.438575,173.194.188.105,10.10.0.10,,,443,45734,0,1358,17
1588617017.444028,173.194.188.105,10.10.0.10,,,443,45734,0,1358,17
1588617017.4455822,10.10.0.10,173.194.188.105,,,45734,443,0,37,17
1588617017.449497,173.194.188.105,10.10.0.10,,,443,45734,0,1358,17
1588617017.4548988,173.194.188.105,10.10.0.10,,,443,45734,0,1358,17
1588617017.4568188,10.10.0.10,173.194.188.105,,,45734,443,0,37,17
1588617017.460386,173.194.188.105,10.10.0.10,,,443,45734,0,1358,17
1588617017.465827,173.194.188.105,10.10.0.10,,,443,45734,0,1358,17
1588617017.468616,10.10.0.10,173.194.188.105,,,45734,443,0,37,17
1588617017.471261,173.194.188.105,10.10.0.10,,,443,45734,0,1358,17
1588617017.476706,173.194.188.105,10.10.0.10,,,443,45734,0,1358,17
1588617017.478488,10.10.0.10,173.194.188.105,,,45734,443,0,37,17
1588617017.482125,173.194.188.105,10.10.0.10,,,443,45734,0,1358,17
1588617017.4875839,173.194.188.105,10.10.0.10,,,443,45734,0,1358,17
1588617017.4899552,10.10.0.10,173.194.188.105,,,45734,443,0,50,17
1588617017.493026,173.194.188.105,10.10.0.10,,,443,45734,0,1358,17
1588617017.498462,173.194.188.105,10.10.0.10,,,443,45734,0,1358,17
1588617017.500568,10.10.0.10,173.194.188.105,,,45734,443,0,37,17
1588617017.503908,173.194.188.105,10.10.0.10,,,443,45734,0,1358,17
1588617017.509347,173.194.188.105,10.10.0.10,,,443,45734,0,1358,17
1588617017.511173,10.10.0.10,173.194.188.105,,,45734,443,0,37,17
1588617017.5147948,173.194.188.105,10.10.0.10,,,443,45734,0,1358,17
1588617017.520224,173.194.188.105,10.10.0.10,,,443,45734,0,1358,17
1588617017.522072,10.10.0.10,173.194.188.105,,,45734,443,0,37,17
1588617017.525624,173.194.188.105,10.10.0.10,,,443,45734,0,1358,17
1588617017.5311036,173.194.188.105,10.10.0.10,,,443,45734,0,29,17
1588617017.5312688,173.194.188.105,10.10.0.10,,,443,45734,0,1358,17
1588617017.5329,10.10.0.10,173.194.188.105,,,45734,443,0,37,17
1588617017.5367901,173.194.188.105,10.10.0.10,,,443,45734,0,1358,17
1588617017.542231,173.194.188.105,10.10.0.10,,,443,45734,0,1358,17
1588617017.544134,10.10.0.10,173.194.188.105,,,45734,443,0,37,17
1588617017.547675,173.194.188.105,10.10.0.10,,,443,45734,0,1358,17
1588617017.5537634,173.194.188.105,10.10.0.10,,,443,45734,0,1358,17
1588617017.556068,10.10.0.10,173.194.188.105,,,45734,443,0,37,17
1588617017.559202,173.194.188.105,10.10.0.10,,,443,45734,0,1358,17
1588617017.564643,173.194.188.105,10.10.0.10,,,443,45734,0,1358,17
1588617017.5683172,10.10.0.10,173.194.188.105,,,45734,443,0,37,17
1588617017.570084,173.194.188.105,10.10.0.10,,,443,45734,0,1358,17
1588617017.575528,173.194.188.105,10.10.0.10,,,443,45734,0,1358,17
1588617017.5775938,10.10.0.10,173.194.188.105,,,45734,443,0,37,17
1588617017.580975,173.194.188.105,10.10.0.10,,,443,45734,0,1358,17
1588617017.586361,173.194.188.105,10.10.0.10,,,443,45734,0,1358,17
1588617017.5882108,10.10.0.10,173.194.188.105,,,45734,443,0,37,17
1588617017.5918472,173.194.188.105,10.10.0.10,,,443,45734,0,1358,17
1588617017.597225,173.194.188.105,10.10.0.10,,,443,45734,0,1358,17
1588617017.6026616,173.194.188.105,10.10.0.10,,,443,45734,0,1358,17
1588617017.6080961,173.194.188.105,10.10.0.10,,,443,45734,0,1358,17
1588617017.613601,173.194.188.105,10.10.0.10,,,443,45734,0,1358,17
1588617017.619041,173.194.188.105,10.10.0.10,,,443,45734,0,1358,17
1588617017.624439,173.194.188.105,10.10.0.10,,,443,45734,0,1358,17
1588617017.62517,10.10.0.10,173.194.188.105,,,45734,443,0,37,17
1588617017.627249,10.10.0.10,173.194.188.105,,,45734,443,0,37,17
1588617017.6285381,10.10.0.10,173.194.188.105,,,45734,443,0,37,17
1588617017.629849,173.194.188.105,10.10.0.10,,,443,45734,0,1358,17
1588617017.631237,10.10.0.10,173.194.188.105,,,45734,443,0,37,17
1588617017.635283,173.194.188.105,10.10.0.10,,,443,45734,0,1358,17
1588617017.640785,173.194.188.105,10.10.0.10,,,443,45734,0,1358,17
1588617017.642431,10.10.0.10,173.194.188.105,,,45734,443,0,37,17
1588617017.6462278,173.194.188.105,10.10.0.10,,,443,45734,0,1358,17
1588617017.651649,173.194.188.105,10.10.0.10,,,443,45734,0,1358,17
1588617017.6571078,173.194.188.105,10.10.0.10,,,443,45734,0,1358,17
1588617017.6624956,173.194.188.105,10.10.0.10,,,443,45734,0,1358,17
1588617017.6679466,173.194.188.105,10.10.0.10,,,443,45734,0,1358,17
1588617017.6734169,173.194.188.105,10.10.0.10,,,443,45734,0,1358,17
1588617017.6788678,173.194.188.105,10.10.0.10,,,443,45734,0,1358,17
1588617017.6843069,173.194.188.105,10.10.0.10,,,443,45734,0,1358,17
1588617017.687288,10.10.0.10,173.194.188.105,,,45734,443,0,37,17
1588617017.6888282,10.10.0.10,173.194.188.105,,,45734,443,0,37,17
1588617017.6897242,173.194.188.105,10.10.0.10,,,443,45734,0,1358,17
1588617017.6909142,10.10.0.10,173.194.188.105,,,45734,443,0,37,17
1588617017.691393,10.10.0.10,173.194.188.105,,,45734,443,0,37,17
1588617017.695128,173.194.188.105,10.10.0.10,,,443,45734,0,1358,17
1588617017.696945,10.10.0.10,173.194.188.105,,,45734,443,0,37,17
1588617017.700575,173.194.188.105,10.10.0.10,,,443,45734,0,1358,17
1588617017.706076,173.194.188.105,10.10.0.10,,,443,45734,0,1358,17
1588617017.708774,10.10.0.10,173.194.188.105,,,45734,443,0,50,17
1588617017.711517,173.194.188.105,10.10.0.10,,,443,45734,0,1358,17
1588617017.716957,173.194.188.105,10.10.0.10,,,443,45734,0,1358,17
1588617017.71857,10.10.0.10,173.194.188.105,,,45734,443,0,37,17
1588617017.7223651,173.194.188.105,10.10.0.10,,,443,45734,0,1358,17
1588617017.727783,173.194.188.105,10.10.0.10,,,443,45734,0,29,17
1588617017.7280214,173.194.188.105,10.10.0.10,,,443,45734,0,1358,17
1588617017.7300696,10.10.0.10,173.194.188.105,,,45734,443,0,37,17
1588617017.7334669,173.194.188.105,10.10.0.10,,,443,45734,0,1358,17
1588617017.7389116,173.194.188.105,10.10.0.10,,,443,45734,0,1358,17
1588617017.7404444,10.10.0.10,173.194.188.105,,,45734,443,0,37,17
1588617017.7443652,173.194.188.105,10.10.0.10,,,443,45734,0,1358,17
1588617017.7498438,173.194.188.105,10.10.0.10,,,443,45734,0,1358,17
1588617017.753459,10.10.0.10,173.194.188.105,,,45734,443,0,37,17
1588617017.7552428,173.194.188.105,10.10.0.10,,,443,45734,0,1358,17
1588617017.760712,173.194.188.105,10.10.0.10,,,443,45734,0,1358,17
1588617017.762598,10.10.0.10,173.194.188.105,,,45734,443,0,37,17
1588617017.766151,173.194.188.105,10.10.0.10,,,443,45734,0,1358,17
1588617017.7715662,173.194.188.105,10.10.0.10,,,443,45734,0,1358,17
1588617017.7734554,10.10.0.10,173.194.188.105,,,45734,443,0,37,17
1588617017.7770364,173.194.188.105,10.10.0.10,,,443,45734,0,1358,17
1588617017.7824779,173.194.188.105,10.10.0.10,,,443,45734,0,1358,17
1588617017.7840538,10.10.0.10,173.194.188.105,,,45734,443,0,37,17
1588617017.7879171,173.194.188.105,10.10.0.10,,,443,45734,0,1358,17
1588617017.793358,173.194.188.105,10.10.0.10,,,443,45734,0,1358,17
1588617017.7949288,10.10.0.10,173.194.188.105,,,45734,443,0,37,17
1588617017.7987974,173.194.188.105,10.10.0.10,,,443,45734,0,1358,17
1588617017.8042376,173.194.188.105,10.10.0.10,,,443,45734,0,1358,17
1588617017.8057039,10.10.0.10,173.194.188.105,,,45734,443,0,37,17
1588617017.8096788,173.194.188.105,10.10.0.10,,,443,45734,0,1358,17
1588617017.81512,173.194.188.105,10.10.0.10,,,443,45734,0,1358,17
1588617017.817388,10.10.0.10,173.194.188.105,,,45734,443,0,37,17
1588617017.820557,173.194.188.105,10.10.0.10,,,443,45734,0,1358,17
1588617017.826,173.194.188.105,10.10.0.10,,,443,45734,0,1358,17
1588617017.827616,10.10.0.10,173.194.188.105,,,45734,443,0,37,17
1588617017.83144,173.194.188.105,10.10.0.10,,,443,45734,0,1358,17
1588617017.8368368,173.194.188.105,10.10.0.10,,,443,45734,0,1358,17
1588617017.8384302,10.10.0.10,173.194.188.105,,,45734,443,0,37,17
1588617017.842317,173.194.188.105,10.10.0.10,,,443,45734,0,1358,17
1588617017.84776,173.194.188.105,10.10.0.10,,,443,45734,0,1358,17
1588617017.8493662,10.10.0.10,173.194.188.105,,,45734,443,0,37,17
1588617017.853199,173.194.188.105,10.10.0.10,,,443,45734,0,1358,17
1588617017.8586204,173.194.188.105,10.10.0.10,,,443,45734,0,1358,17
1588617017.861368,10.10.0.10,173.194.188.105,,,45734,443,0,37,17
1588617017.8640552,173.194.188.105,10.10.0.10,,,443,45734,0,1358,17
1588617017.8695214,173.194.188.105,10.10.0.10,,,443,45734,0,1358,17
1588617017.8722658,10.10.0.10,173.194.188.105,,,45734,443,0,37,17
1588617017.874958,173.194.188.105,10.10.0.10,,,443,45734,0,1358,17
1588617017.880401,173.194.188.105,10.10.0.10,,,443,45734,0,1358,17
1588617017.882377,10.10.0.10,173.194.188.105,,,45734,443,0,37,17
1588617017.8858411,173.194.188.105,10.10.0.10,,,443,45734,0,1358,17
1588617017.891279,173.194.188.105,10.10.0.10,,,443,45734,0,1358,17
1588617017.8935132,10.10.0.10,173.194.188.105,,,45734,443,0,37,17
1588617017.8967226,173.194.188.105,10.10.0.10,,,443,45734,0,1358,17
1588617017.902159,173.194.188.105,10.10.0.10,,,443,45734,0,1358,17
1588617017.9040372,10.10.0.10,173.194.188.105,,,45734,443,0,37,17
1588617017.9076009,173.194.188.105,10.10.0.10,,,443,45734,0,1358,17
1588617017.91304,173.194.188.105,10.10.0.10,,,443,45734,0,1358,17
1588617017.915208,10.10.0.10,173.194.188.105,,,45734,443,0,40,17
1588617017.9184818,173.194.188.105,10.10.0.10,,,443,45734,0,1358,17
1588617017.9206738,10.10.0.10,173.194.188.105,,,45734,443,0,50,17
1588617017.9238956,173.194.188.105,10.10.0.10,,,443,45734,0,1358,17
1588617017.9293811,173.194.188.105,10.10.0.10,,,443,45734,0,1358,17
1588617017.9333198,10.10.0.10,173.194.188.105,,,45734,443,0,37,17
1588617017.934807,173.194.188.105,10.10.0.10,,,443,45734,0,1358,17
1588617017.94025,173.194.188.105,10.10.0.10,,,443,45734,0,1358,17
1588617017.942173,10.10.0.10,173.194.188.105,,,45734,443,0,37,17
1588617017.945633,173.194.188.105,10.10.0.10,,,443,45734,0,1358,17
1588617017.951102,173.194.188.105,10.10.0.10,,,443,45734,0,1358,17
1588617017.9528852,10.10.0.10,173.194.188.105,,,45734,443,0,37,17
1588617017.956568,173.194.188.105,10.10.0.10,,,443,45734,0,1358,17
1588617017.9619641,173.194.188.105,10.10.0.10,,,443,45734,0,1358,17
1588617017.965023,10.10.0.10,173.194.188.105,,,45734,443,0,37,17
1588617017.9674456,173.194.188.105,10.10.0.10,,,443,45734,0,1358,17
1588617017.9728909,173.194.188.105,10.10.0.10,,,443,45734,0,1358,17
1588617017.975683,10.10.0.10,173.194.188.105,,,45734,443,0,37,17
1588617017.9783304,173.194.188.105,10.10.0.10,,,443,45734,0,1358,17
1588617017.9837742,173.194.188.105,10.10.0.10,,,443,45734,0,1358,17
1588617017.985745,10.10.0.10,173.194.188.105,,,45734,443,0,37,17
1588617017.989216,173.194.188.105,10.10.0.10,,,443,45734,0,29,17
1588617017.9893858,173.194.188.105,10.10.0.10,,,443,45734,0,1358,17
1588617017.994902,173.194.188.105,10.10.0.10,,,443,45734,0,1358,17
1588617017.9965286,10.10.0.10,173.194.188.105,,,45734,443,0,37,17
1588617018.0002804,173.194.188.105,10.10.0.10,,,443,45734,0,1358,17
1588617018.0057812,173.194.188.105,10.10.0.10,,,443,45734,0,1358,17
1588617018.007403,10.10.0.10,173.194.188.105,,,45734,443,0,37,17
1588617018.0112178,173.194.188.105,10.10.0.10,,,443,45734,0,1358,17
1588617018.0166578,173.194.188.105,10.10.0.10,,,443,45734,0,1358,17
1588617018.018411,10.10.0.10,173.194.188.105,,,45734,443,0,37,17
1588617018.022105,173.194.188.105,10.10.0.10,,,443,45734,0,1358,17
1588617018.0275388,173.194.188.105,10.10.0.10,,,443,45734,0,1358,17
1588617018.02916,10.10.0.10,173.194.188.105,,,45734,443,0,37,17
1588617018.032972,173.194.188.105,10.10.0.10,,,443,45734,0,1358,17
1588617018.0384188,173.194.188.105,10.10.0.10,,,443,45734,0,1358,17
1588617018.04001,10.10.0.10,173.194.188.105,,,45734,443,0,37,17
1588617018.0438588,173.194.188.105,10.10.0.10,,,443,45734,0,1358,17
1588617018.0493019,173.194.188.105,10.10.0.10,,,443,45734,0,1358,17
1588617018.05474,173.194.188.105,10.10.0.10,,,443,45734,0,1358,17
1588617018.060182,173.194.188.105,10.10.0.10,,,443,45734,0,1358,17
1588617018.065624,173.194.188.105,10.10.0.10,,,443,45734,0,1358,17
1588617018.0687046,10.10.0.10,173.194.188.105,,,45734,443,0,37,17
1588617018.06896,10.10.0.10,173.194.188.105,,,45734,443,0,37,17
1588617018.0710616,173.194.188.105,10.10.0.10,,,443,45734,0,1358,17
1588617018.0747228,10.10.0.10,173.194.188.105,,,45734,443,0,37,17
1588617018.0765011,173.194.188.105,10.10.0.10,,,443,45734,0,1358,17
1588617018.081945,173.194.188.105,10.10.0.10,,,443,45734,0,1358,17
1588617018.0835009,10.10.0.10,173.194.188.105,,,45734,443,0,37,17
1588617018.0873802,173.194.188.105,10.10.0.10,,,443,45734,0,1358,17
1588617018.0928216,173.194.188.105,10.10.0.10,,,443,45734,0,1358,17
1588617018.0946748,10.10.0.10,173.194.188.105,,,45734,443,0,37,17
1588617018.098264,173.194.188.105,10.10.0.10,,,443,45734,0,1358,17
1588617018.103704,173.194.188.105,10.10.0.10,,,443,45734,0,1358,17
1588617018.10558,10.10.0.10,173.194.188.105,,,45734,443,0,37,17
1588617018.109145,173.194.188.105,10.10.0.10,,,443,45734,0,1358,17
1588617018.11457,173.194.188.105,10.10.0.10,,,443,45734,0,1358,17
1588617018.116303,10.10.0.10,173.194.188.105,,,45734,443,0,37,17
1588617018.120024,173.194.188.105,10.10.0.10,,,443,45734,0,1358,17
1588617018.125464,173.194.188.105,10.10.0.10,,,443,45734,0,1358,17
1588617018.1273189,10.10.0.10,173.194.188.105,,,45734,443,0,37,17
1588617018.130906,173.194.188.105,10.10.0.10,,,443,45734,0,1358,17
1588617018.136346,173.194.188.105,10.10.0.10,,,443,45734,0,1358,17
1588617018.13803,10.10.0.10,173.194.188.105,,,45734,443,0,50,17
1588617018.141782,173.194.188.105,10.10.0.10,,,443,45734,0,1358,17
1588617018.147223,173.194.188.105,10.10.0.10,,,443,45734,0,1358,17
1588617018.1488712,10.10.0.10,173.194.188.105,,,45734,443,0,37,17
1588617018.152646,173.194.188.105,10.10.0.10,,,443,45734,0,1358,17
1588617018.158102,173.194.188.105,10.10.0.10,,,443,45734,0,1358,17
1588617018.159761,10.10.0.10,173.194.188.105,,,45734,443,0,37,17
1588617018.1635456,173.194.188.105,10.10.0.10,,,443,45734,0,1358,17
1588617018.168984,173.194.188.105,10.10.0.10,,,443,45734,0,1358,17
1588617018.170868,10.10.0.10,173.194.188.105,,,45734,443,0,37,17
1588617018.174423,173.194.188.105,10.10.0.10,,,443,45734,0,1358,17
1588617018.1798668,173.194.188.105,10.10.0.10,,,443,45734,0,1358,17
1588617018.183047,10.10.0.10,173.194.188.105,,,45734,443,0,37,17
1588617018.185298,173.194.188.105,10.10.0.10,,,443,45734,0,1358,17
1588617018.1907468,173.194.188.105,10.10.0.10,,,443,45734,0,1358,17
1588617018.1924288,10.10.0.10,173.194.188.105,,,45734,443,0,37,17
1588617018.196184,173.194.188.105,10.10.0.10,,,443,45734,0,1358,17
1588617018.2016268,173.194.188.105,10.10.0.10,,,443,45734,0,1358,17
1588617018.203324,10.10.0.10,173.194.188.105,,,45734,443,0,37,17
1588617018.2070668,173.194.188.105,10.10.0.10,,,443,45734,0,1358,17
1588617018.2125068,173.194.188.105,10.10.0.10,,,443,45734,0,29,17
1588617018.2127054,173.194.188.105,10.10.0.10,,,443,45734,0,1358,17
1588617018.2141798,10.10.0.10,173.194.188.105,,,45734,443,0,37,17
1588617018.218194,173.194.188.105,10.10.0.10,,,443,45734,0,1358,17
1588617018.223633,173.194.188.105,10.10.0.10,,,443,45734,0,1358,17
1588617018.225306,10.10.0.10,173.194.188.105,,,45734,443,0,37,17
1588617018.2290704,173.194.188.105,10.10.0.10,,,443,45734,0,1358,17
1588617018.234515,173.194.188.105,10.10.0.10,,,443,45734,0,1358,17
1588617018.2364302,10.10.0.10,173.194.188.105,,,45734,443,0,37,17
1588617018.2399511,173.194.188.105,10.10.0.10,,,443,45734,0,1358,17
1588617018.245395,173.194.188.105,10.10.0.10,,,443,45734,0,1358,17
1588617018.2471359,10.10.0.10,173.194.188.105,,,45734,443,0,37,17
1588617018.250834,173.194.188.105,10.10.0.10,,,443,45734,0,1358,17
1588617018.256272,173.194.188.105,10.10.0.10,,,443,45734,0,1358,17
1588617018.257905,10.10.0.10,173.194.188.105,,,45734,443,0,37,17
1588617018.261715,173.194.188.105,10.10.0.10,,,443,45734,0,1358,17
1588617018.2671552,173.194.188.105,10.10.0.10,,,443,45734,0,1358,17
1588617018.2689052,10.10.0.10,173.194.188.105,,,45734,443,0,37,17
1588617018.272595,173.194.188.105,10.10.0.10,,,443,45734,0,1358,17
1588617018.278032,173.194.188.105,10.10.0.10,,,443,45734,0,1358,17
1588617018.279655,10.10.0.10,173.194.188.105,,,45734,443,0,37,17
1588617018.283475,173.194.188.105,10.10.0.10,,,443,45734,0,1358,17
1588617018.288898,173.194.188.105,10.10.0.10,,,443,45734,0,1358,17
1588617018.290425,10.10.0.10,173.194.188.105,,,45734,443,0,37,17
1588617018.294356,173.194.188.105,10.10.0.10,,,443,45734,0,1358,17
1588617018.2998009,173.194.188.105,10.10.0.10,,,443,45734,0,1358,17
1588617018.301929,10.10.0.10,173.194.188.105,,,45734,443,0,37,17
1588617018.3052359,173.194.188.105,10.10.0.10,,,443,45734,0,1358,17
1588617018.310673,173.194.188.105,10.10.0.10,,,443,45734,0,1358,17
1588617018.312346,10.10.0.10,173.194.188.105,,,45734,443,0,37,17
1588617018.316113,173.194.188.105,10.10.0.10,,,443,45734,0,1358,17
1588617018.3215554,173.194.188.105,10.10.0.10,,,443,45734,0,1358,17
1588617018.323199,10.10.0.10,173.194.188.105,,,45734,443,0,37,17
1588617018.326997,173.194.188.105,10.10.0.10,,,443,45734,0,1358,17
1588617018.3324368,173.194.188.105,10.10.0.10,,,443,45734,0,1358,17
1588617018.3340518,10.10.0.10,173.194.188.105,,,45734,443,0,37,17
1588617018.337875,173.194.188.105,10.10.0.10,,,443,45734,0,1358,17
1588617018.3433151,173.194.188.105,10.10.0.10,,,443,45734,0,1358,17
1588617018.344943,10.10.0.10,173.194.188.105,,,45734,443,0,37,17
1588617018.3487024,173.194.188.105,10.10.0.10,,,443,45734,0,1358,17
1588617018.354194,173.194.188.105,10.10.0.10,,,443,45734,0,1358,17
1588617018.3561401,10.10.0.10,173.194.188.105,,,45734,443,0,50,17
1588617018.359634,173.194.188.105,10.10.0.10,,,443,45734,0,1358,17
1588617018.365074,173.194.188.105,10.10.0.10,,,443,45734,0,1358,17
1588617018.3669708,10.10.0.10,173.194.188.105,,,45734,443,0,37,17
1588617018.3705149,173.194.188.105,10.10.0.10,,,443,45734,0,1358,17
1588617018.3759608,173.194.188.105,10.10.0.10,,,443,45734,0,1358,17
1588617018.377597,10.10.0.10,173.194.188.105,,,45734,443,0,37,17
1588617018.3813946,173.194.188.105,10.10.0.10,,,443,45734,0,1358,17
1588617018.3868382,173.194.188.105,10.10.0.10,,,443,45734,0,1358,17
1588617018.3887875,10.10.0.10,173.194.188.105,,,45734,443,0,37,17
1588617018.3922794,173.194.188.105,10.10.0.10,,,443,45734,0,1358,17
1588617018.3977182,173.194.188.105,10.10.0.10,,,443,45734,0,1358,17
1588617018.3993206,10.10.0.10,173.194.188.105,,,45734,443,0,37,17
1588617018.4031572,173.194.188.105,10.10.0.10,,,443,45734,0,1358,17
1588617018.4085536,173.194.188.105,10.10.0.10,,,443,45734,0,1358,17
1588617018.410248,10.10.0.10,173.194.188.105,,,45734,443,0,37,17
1588617018.4140394,173.194.188.105,10.10.0.10,,,443,45734,0,1358,17
1588617018.4194758,173.194.188.105,10.10.0.10,,,443,45734,0,1358,17
1588617018.421365,10.10.0.10,173.194.188.105,,,45734,443,0,37,17
1588617018.4249182,173.194.188.105,10.10.0.10,,,443,45734,0,1358,17
1588617018.4303572,173.194.188.105,10.10.0.10,,,443,45734,0,29,17
1588617018.430557,173.194.188.105,10.10.0.10,,,443,45734,0,1358,17
1588617018.431946,10.10.0.10,173.194.188.105,,,45734,443,0,37,17
1588617018.436051,173.194.188.105,10.10.0.10,,,443,45734,0,1358,17
1588617018.4414828,173.194.188.105,10.10.0.10,,,443,45734,0,1358,17
1588617018.443529,10.10.0.10,173.194.188.105,,,45734,443,0,37,17
1588617018.446897,173.194.188.105,10.10.0.10,,,443,45734,0,1358,17
1588617018.452329,173.194.188.105,10.10.0.10,,,443,45734,0,1358,17
1588617018.454273,10.10.0.10,173.194.188.105,,,45734,443,0,37,17
1588617018.4578106,173.194.188.105,10.10.0.10,,,443,45734,0,1358,17
1588617018.4631991,173.194.188.105,10.10.0.10,,,443,45734,0,1358,17
1588617018.464895,10.10.0.10,173.194.188.105,,,45734,443,0,37,17
1588617018.4686859,173.194.188.105,10.10.0.10,,,443,45734,0,1358,17
1588617018.4741411,173.194.188.105,10.10.0.10,,,443,45734,0,1358,17
1588617018.4769342,10.10.0.10,173.194.188.105,,,45734,443,0,37,17
1588617018.479528,173.194.188.105,10.10.0.10,,,443,45734,0,1358,17
1588617018.48501,173.194.188.105,10.10.0.10,,,443,45734,0,1358,17
1588617018.4877481,10.10.0.10,173.194.188.105,,,45734,443,0,37,17
1588617018.4904509,173.194.188.105,10.10.0.10,,,443,45734,0,1358,17
1588617018.4958944,173.194.188.105,10.10.0.10,,,443,45734,0,1358,17
1588617018.4977472,10.10.0.10,173.194.188.105,,,45734,443,0,37,17
1588617018.5013342,173.194.188.105,10.10.0.10,,,443,45734,0,1358,17
1588617018.5067732,173.194.188.105,10.10.0.10,,,443,45734,0,1358,17
1588617018.508543,10.10.0.10,173.194.188.105,,,45734,443,0,37,17
1588617018.5122118,173.194.188.105,10.10.0.10,,,443,45734,0,1358,17
1588617018.5176518,173.194.188.105,10.10.0.10,,,443,45734,0,1358,17
1588617018.5192692,10.10.0.10,173.194.188.105,,,45734,443,0,37,17
1588617018.5230918,173.194.188.105,10.10.0.10,,,443,45734,0,1358,17
1588617018.5285091,173.194.188.105,10.10.0.10,,,443,45734,0,1358,17
1588617018.530098,10.10.0.10,173.194.188.105,,,45734,443,0,37,17
1588617018.5339482,173.194.188.105,10.10.0.10,,,443,45734,0,1358,17
1588617018.5393412,173.194.188.105,10.10.0.10,,,443,45734,0,1358,17
1588617018.5408409,10.10.0.10,173.194.188.105,,,45734,443,0,37,17
1588617018.544792,173.194.188.105,10.10.0.10,,,443,45734,0,1358,17
1588617018.550273,173.194.188.105,10.10.0.10,,,443,45734,0,1358,17
1588617018.5536518,10.10.0.10,173.194.188.105,,,45734,443,0,37,17
1588617018.5557132,173.194.188.105,10.10.0.10,,,443,45734,0,1358,17
1588617018.561098,173.194.188.105,10.10.0.10,,,443,45734,0,1358,17
1588617018.5626366,10.10.0.10,173.194.188.105,,,45734,443,0,37,17
1588617018.566571,173.194.188.105,10.10.0.10,,,443,45734,0,1358,17
1588617018.572018,173.194.188.105,10.10.0.10,,,443,45734,0,1358,17
1588617018.5736392,10.10.0.10,173.194.188.105,,,45734,443,0,50,17
1588617018.5774784,173.194.188.105,10.10.0.10,,,443,45734,0,1358,17
1588617018.5829172,173.194.188.105,10.10.0.10,,,443,45734,0,1358,17
1588617018.58603,10.10.0.10,173.194.188.105,,,45734,443,0,37,17
1588617018.5883582,173.194.188.105,10.10.0.10,,,443,45734,0,1358,17
1588617018.593801,173.194.188.105,10.10.0.10,,,443,45734,0,1358,17
1588617018.59564,10.10.0.10,173.194.188.105,,,45734,443,0,37,17
1588617018.599243,173.194.188.105,10.10.0.10,,,443,45734,0,1358,17
1588617018.604627,173.194.188.105,10.10.0.10,,,443,45734,0,1358,17
1588617018.606217,10.10.0.10,173.194.188.105,,,45734,443,0,37,17
1588617018.6100678,173.194.188.105,10.10.0.10,,,443,45734,0,1358,17
1588617018.61551,173.194.188.105,10.10.0.10,,,443,45734,0,1358,17
1588617018.617008,10.10.0.10,173.194.188.105,,,45734,443,0,37,17
1588617018.620993,173.194.188.105,10.10.0.10,,,443,45734,0,1358,17
1588617018.6264338,173.194.188.105,10.10.0.10,,,443,45734,0,1358,17
1588617018.628074,10.10.0.10,173.194.188.105,,,45734,443,0,37,17
1588617018.6318169,173.194.188.105,10.10.0.10,,,443,45734,0,1358,17
1588617018.6372929,173.194.188.105,10.10.0.10,,,443,45734,0,1358,17
1588617018.638925,10.10.0.10,173.194.188.105,,,45734,443,0,37,17
1588617018.6426976,173.194.188.105,10.10.0.10,,,443,45734,0,1358,17
1588617018.6481721,173.194.188.105,10.10.0.10,,,443,45734,0,1358,17
1588617018.650153,10.10.0.10,173.194.188.105,,,45734,443,0,37,17
1588617018.653614,173.194.188.105,10.10.0.10,,,443,45734,0,1358,17
1588617018.659051,173.194.188.105,10.10.0.10,,,443,45734,0,1358,17
1588617018.660842,10.10.0.10,173.194.188.105,,,45734,443,0,37,17
1588617018.664491,173.194.188.105,10.10.0.10,,,443,45734,0,1358,17
1588617018.6699011,173.194.188.105,10.10.0.10,,,443,45734,0,1358,17
1588617018.6713636,10.10.0.10,173.194.188.105,,,45734,443,0,37,17
1588617018.675369,173.194.188.105,10.10.0.10,,,443,45734,0,1358,17
1588617018.680838,173.194.188.105,10.10.0.10,,,443,45734,0,1358,17
1588617018.682501,10.10.0.10,173.194.188.105,,,45734,443,0,37,17
1588617018.686224,173.194.188.105,10.10.0.10,,,443,45734,0,1358,17
1588617018.6917212,173.194.188.105,10.10.0.10,,,443,45734,0,1358,17
1588617018.693407,10.10.0.10,173.194.188.105,,,45734,443,0,37,17
1588617018.697134,173.194.188.105,10.10.0.10,,,443,45734,0,1358,17
1588617018.702601,173.194.188.105,10.10.0.10,,,443,45734,0,1358,17
1588617018.704216,10.10.0.10,173.194.188.105,,,45734,443,0,37,17
1588617018.708042,173.194.188.105,10.10.0.10,,,443,45734,0,1358,17
1588617018.7134821,173.194.188.105,10.10.0.10,,,443,45734,0,1358,17
1588617018.715136,10.10.0.10,173.194.188.105,,,45734,443,0,37,17
1588617018.718924,173.194.188.105,10.10.0.10,,,443,45734,0,1358,17
1588617018.7243092,173.194.188.105,10.10.0.10,,,443,45734,0,1358,17
1588617018.725821,10.10.0.10,173.194.188.105,,,45734,443,0,37,17
1588617018.7298052,173.194.188.105,10.10.0.10,,,443,45734,0,1358,17
1588617018.735213,173.194.188.105,10.10.0.10,,,443,45734,0,1358,17
1588617018.736809,10.10.0.10,173.194.188.105,,,45734,443,0,37,17
1588617018.740688,173.194.188.105,10.10.0.10,,,443,45734,0,1358,17
1588617018.74613,173.194.188.105,10.10.0.10,,,443,45734,0,1358,17
1588617018.747793,10.10.0.10,173.194.188.105,,,45734,443,0,37,17
1588617018.7515671,173.194.188.105,10.10.0.10,,,443,45734,0,1358,17
1588617018.75701,173.194.188.105,10.10.0.10,,,443,45734,0,1358,17
1588617018.758625,10.10.0.10,173.194.188.105,,,45734,443,0,37,17
1588617018.76245,173.194.188.105,10.10.0.10,,,443,45734,0,1358,17
1588617018.767889,173.194.188.105,10.10.0.10,,,443,45734,0,1358,17
1588617018.7695642,10.10.0.10,173.194.188.105,,,45734,443,0,37,17
1588617018.7733278,173.194.188.105,10.10.0.10,,,443,45734,0,31,17
1588617018.797048,10.10.0.10,173.194.188.105,,,45734,443,0,738,17
1588617018.797345,10.10.0.10,173.194.188.105,,,45734,443,0,48,17
1588617018.801457,173.194.188.105,10.10.0.10,,,443,45734,0,115,17
1588617018.8014884,173.194.188.105,10.10.0.10,,,443,45734,0,1358,17
1588617018.801503,173.194.188.105,10.10.0.10,,,443,45734,0,1358,17
1588617018.804167,10.10.0.10,173.194.188.105,,,45734,443,0,37,17
1588617018.8067381,173.194.188.105,10.10.0.10,,,443,45734,0,1358,17
1588617018.8121786,173.194.188.105,10.10.0.10,,,443,45734,0,1358,17
1588617018.8147235,10.10.0.10,173.194.188.105,,,45734,443,0,734,17
1588617018.8147662,10.10.0.10,173.194.188.105,,,45734,443,0,37,17
1588617018.8149948,10.10.0.10,173.194.188.105,,,45734,443,0,48,17
1588617018.8175778,173.194.188.105,10.10.0.10,,,443,45734,0,1358,17
1588617018.8230588,173.194.188.105,10.10.0.10,,,443,45734,0,1358,17
1588617018.8246448,10.10.0.10,173.194.188.105,,,45734,443,0,37,17
1588617018.82851,173.194.188.105,10.10.0.10,,,443,45734,0,1358,17
1588617018.8339212,173.194.188.105,10.10.0.10,,,443,45734,0,1358,17
1588617018.839384,173.194.188.105,10.10.0.10,,,443,45734,0,1358,17
1588617018.8412292,10.10.0.10,173.194.188.105,,,45734,443,0,37,17
1588617018.844824,173.194.188.105,10.10.0.10,,,443,45734,0,1358,17
1588617018.846519,10.10.0.10,173.194.188.105,,,45734,443,0,37,17
1588617018.850267,173.194.188.105,10.10.0.10,,,443,45734,0,29,17
1588617018.850468,173.194.188.105,10.10.0.10,,,443,45734,0,1358,17
1588617018.855954,173.194.188.105,10.10.0.10,,,443,45734,0,1358,17
1588617018.8576741,10.10.0.10,173.194.188.105,,,45734,443,0,37,17
1588617018.86139,173.194.188.105,10.10.0.10,,,443,45734,0,1358,17
1588617018.866834,173.194.188.105,10.10.0.10,,,443,45734,0,1358,17
1588617018.8688474,10.10.0.10,173.194.188.105,,,45734,443,0,37,17
1588617018.8722384,173.194.188.105,10.10.0.10,,,443,45734,0,1358,17
1588617018.8777108,173.194.188.105,10.10.0.10,,,443,45734,0,1358,17
1588617018.883152,173.194.188.105,10.10.0.10,,,443,45734,0,1358,17
1588617018.888576,173.194.188.105,10.10.0.10,,,443,45734,0,1358,17
1588617018.8940349,173.194.188.105,10.10.0.10,,,443,45734,0,1358,17
1588617018.899477,173.194.188.105,10.10.0.10,,,443,45734,0,1358,17
1588617018.9049141,173.194.188.105,10.10.0.10,,,443,45734,0,1358,17
1588617018.9070976,10.10.0.10,173.194.188.105,,,45734,443,0,37,17
1588617018.9103544,173.194.188.105,10.10.0.10,,,443,45734,0,1358,17
1588617018.915882,173.194.188.105,10.10.0.10,,,443,45734,0,1358,17
1588617018.9213958,173.194.188.105,10.10.0.10,,,443,45734,0,1358,17
1588617018.922246,10.10.0.10,173.194.188.105,,,45734,443,0,37,17
1588617018.9232314,10.10.0.10,173.194.188.105,,,45734,443,0,37,17
1588617018.9240608,10.10.0.10,173.194.188.105,,,45734,443,0,37,17
1588617018.925227,10.10.0.10,173.194.188.105,,,45734,443,0,37,17
1588617018.9268,173.194.188.105,10.10.0.10,,,443,45734,0,1358,17
1588617018.9322786,173.194.188.105,10.10.0.10,,,443,45734,0,1358,17
1588617018.9342,10.10.0.10,173.194.188.105,,,45734,443,0,37,17
1588617018.937649,173.194.188.105,10.10.0.10,,,443,45734,0,1358,17
1588617018.9431162,173.194.188.105,10.10.0.10,,,443,45734,0,1358,17
1588617018.945049,10.10.0.10,173.194.188.105,,,45734,443,0,37,17
1588617018.948526,173.194.188.105,10.10.0.10,,,443,45734,0,1358,17
1588617018.953998,173.194.188.105,10.10.0.10,,,443,45734,0,1358,17
1588617018.9556382,10.10.0.10,173.194.188.105,,,45734,443,0,37,17
1588617018.959482,173.194.188.105,10.10.0.10,,,443,45734,0,1358,17
1588617018.964921,173.194.188.105,10.10.0.10,,,443,45734,0,1358,17
1588617018.966598,10.10.0.10,173.194.188.105,,,45734,443,0,37,17
1588617018.970365,173.194.188.105,10.10.0.10,,,443,45734,0,1358,17
1588617018.975802,173.194.188.105,10.10.0.10,,,443,45734,0,1358,17
1588617018.977519,10.10.0.10,173.194.188.105,,,45734,443,0,37,17
1588617018.981242,173.194.188.105,10.10.0.10,,,443,45734,0,1358,17
1588617018.986682,173.194.188.105,10.10.0.10,,,443,45734,0,1358,17
1588617018.989076,10.10.0.10,173.194.188.105,,,45734,443,0,37,17
1588617018.992125,173.194.188.105,10.10.0.10,,,443,45734,0,1358,17
1588617018.9975634,173.194.188.105,10.10.0.10,,,443,45734,0,1358,17
1588617018.9999359,10.10.0.10,173.194.188.105,,,45734,443,0,37,17
1588617019.003001,173.194.188.105,10.10.0.10,,,443,45734,0,1358,17
1588617019.0084438,173.194.188.105,10.10.0.10,,,443,45734,0,1358,17
1588617019.010161,10.10.0.10,173.194.188.105,,,45734,443,0,37,17
1588617019.0138829,173.194.188.105,10.10.0.10,,,443,45734,0,1358,17
1588617019.019324,173.194.188.105,10.10.0.10,,,443,45734,0,1358,17
1588617019.021227,10.10.0.10,173.194.188.105,,,45734,443,0,37,17
1588617019.024764,173.194.188.105,10.10.0.10,,,443,45734,0,1358,17
1588617019.0302038,173.194.188.105,10.10.0.10,,,443,45734,0,1358,17
1588617019.031824,10.10.0.10,173.194.188.105,,,45734,443,0,50,17
1588617019.035648,173.194.188.105,10.10.0.10,,,443,45734,0,1358,17
1588617019.0410829,173.194.188.105,10.10.0.10,,,443,45734,0,1358,17
1588617019.0426779,10.10.0.10,173.194.188.105,,,45734,443,0,37,17
1588617019.046524,173.194.188.105,10.10.0.10,,,443,45734,0,1358,17
1588617019.0519671,173.194.188.105,10.10.0.10,,,443,45734,0,1358,17
1588617019.0536828,10.10.0.10,173.194.188.105,,,45734,443,0,37,17
1588617019.0574038,173.194.188.105,10.10.0.10,,,443,45734,0,1358,17
1588617019.0628474,173.194.188.105,10.10.0.10,,,443,45734,0,1358,17
1588617019.064757,10.10.0.10,173.194.188.105,,,45734,443,0,37,17
1588617019.0682876,173.194.188.105,10.10.0.10,,,443,45734,0,1358,17
1588617019.0736554,173.194.188.105,10.10.0.10,,,443,45734,0,29,17
1588617019.073908,173.194.188.105,10.10.0.10,,,443,45734,0,1358,17
1588617019.0754776,10.10.0.10,173.194.188.105,,,45734,443,0,37,17
1588617019.0794108,173.194.188.105,10.10.0.10,,,443,45734,0,1358,17
1588617019.0848515,173.194.188.105,10.10.0.10,,,443,45734,0,1358,17
1588617019.0871608,10.10.0.10,173.194.188.105,,,45734,443,0,37,17
1588617019.0902221,173.194.188.105,10.10.0.10,,,443,45734,0,1358,17
1588617019.095736,173.194.188.105,10.10.0.10,,,443,45734,0,1358,17
1588617019.0977476,10.10.0.10,173.194.188.105,,,45734,443,0,37,17
1588617019.1011715,173.194.188.105,10.10.0.10,,,443,45734,0,1358,17
1588617019.1066198,173.194.188.105,10.10.0.10,,,443,45734,0,1358,17
1588617019.1087482,10.10.0.10,173.194.188.105,,,45734,443,0,37,17
1588617019.112055,173.194.188.105,10.10.0.10,,,443,45734,0,1358,17
1588617019.1178534,173.194.188.105,10.10.0.10,,,443,45734,0,1358,17
1588617019.1195982,10.10.0.10,173.194.188.105,,,45734,443,0,37,17
1588617019.1233392,173.194.188.105,10.10.0.10,,,443,45734,0,1358,17
1588617019.128746,173.194.188.105,10.10.0.10,,,443,45734,0,1358,17
1588617019.130305,10.10.0.10,173.194.188.105,,,45734,443,0,37,17
1588617019.134216,173.194.188.105,10.10.0.10,,,443,45734,0,1358,17
1588617019.1396544,173.194.188.105,10.10.0.10,,,443,45734,0,1358,17
1588617019.1412401,10.10.0.10,173.194.188.105,,,45734,443,0,37,17
1588617019.145098,173.194.188.105,10.10.0.10,,,443,45734,0,1358,17
1588617019.1505358,173.194.188.105,10.10.0.10,,,443,45734,0,1358,17
1588617019.1525161,10.10.0.10,173.194.188.105,,,45734,443,0,37,17
1588617019.155979,173.194.188.105,10.10.0.10,,,443,45734,0,1358,17
1588617019.1614199,173.194.188.105,10.10.0.10,,,443,45734,0,1358,17
1588617019.162946,10.10.0.10,173.194.188.105,,,45734,443,0,37,17
1588617019.1668599,173.194.188.105,10.10.0.10,,,443,45734,0,1358,17
1588617019.172299,173.194.188.105,10.10.0.10,,,443,45734,0,1358,17
1588617019.1741,10.10.0.10,173.194.188.105,,,45734,443,0,37,17
1588617019.17774,173.194.188.105,10.10.0.10,,,443,45734,0,1358,17
1588617019.183179,173.194.188.105,10.10.0.10,,,443,45734,0,1358,17
1588617019.1849902,10.10.0.10,173.194.188.105,,,45734,443,0,37,17
1588617019.188574,173.194.188.105,10.10.0.10,,,443,45734,0,1358,17
1588617019.1940598,173.194.188.105,10.10.0.10,,,443,45734,0,1358,17
1588617019.195784,10.10.0.10,173.194.188.105,,,45734,443,0,37,17
1588617019.199497,173.194.188.105,10.10.0.10,,,443,45734,0,1358,17
1588617019.204947,173.194.188.105,10.10.0.10,,,443,45734,0,1358,17
1588617019.207392,10.10.0.10,173.194.188.105,,,45734,443,0,37,17
1588617019.210377,173.194.188.105,10.10.0.10,,,443,45734,0,1358,17
1588617019.215821,173.194.188.105,10.10.0.10,,,443,45734,0,1358,17
1588617019.2175992,10.10.0.10,173.194.188.105,,,45734,443,0,37,17
1588617019.22126,173.194.188.105,10.10.0.10,,,443,45734,0,1358,17
1588617019.226702,173.194.188.105,10.10.0.10,,,443,45734,0,1358,17
1588617019.2290866,10.10.0.10,173.194.188.105,,,45734,443,0,37,17
1588617019.232141,173.194.188.105,10.10.0.10,,,443,45734,0,1358,17
1588617019.237582,173.194.188.105,10.10.0.10,,,443,45734,0,1358,17
1588617019.239681,10.10.0.10,173.194.188.105,,,45734,443,0,37,17
1588617019.243018,173.194.188.105,10.10.0.10,,,443,45734,0,1358,17
1588617019.248458,173.194.188.105,10.10.0.10,,,443,45734,0,1358,17
1588617019.250199,10.10.0.10,173.194.188.105,,,45734,443,0,50,17
1588617019.2539024,173.194.188.105,10.10.0.10,,,443,45734,0,1358,17
1588617019.2593439,173.194.188.105,10.10.0.10,,,443,45734,0,1358,17
1588617019.261179,10.10.0.10,173.194.188.105,,,45734,443,0,37,17
1588617019.2647822,173.194.188.105,10.10.0.10,,,443,45734,0,1358,17
1588617019.2702222,173.194.188.105,10.10.0.10,,,443,45734,0,1358,17
1588617019.2726624,10.10.0.10,173.194.188.105,,,45734,443,0,37,17
1588617019.275664,173.194.188.105,10.10.0.10,,,443,45734,0,1358,17
1588617019.281105,173.194.188.105,10.10.0.10,,,443,45734,0,1358,17
1588617019.282743,10.10.0.10,173.194.188.105,,,45734,443,0,37,17
1588617019.2865438,173.194.188.105,10.10.0.10,,,443,45734,0,1358,17
1588617019.2919812,173.194.188.105,10.10.0.10,,,443,45734,0,1358,17
1588617019.2949471,10.10.0.10,173.194.188.105,,,45734,443,0,37,17
1588617019.2974212,173.194.188.105,10.10.0.10,,,443,45734,0,1358,17
1588617019.3028612,173.194.188.105,10.10.0.10,,,443,45734,0,1358,17
1588617019.306014,10.10.0.10,173.194.188.105,,,45734,443,0,37,17
1588617019.3083005,173.194.188.105,10.10.0.10,,,443,45734,0,1358,17
1588617019.3137412,173.194.188.105,10.10.0.10,,,443,45734,0,1358,17
1588617019.315474,10.10.0.10,173.194.188.105,,,45734,443,0,37,17
1588617019.319183,173.194.188.105,10.10.0.10,,,443,45734,0,1358,17
1588617019.3246202,173.194.188.105,10.10.0.10,,,443,45734,0,1358,17
1588617019.326514,10.10.0.10,173.194.188.105,,,45734,443,0,37,17
1588617019.330065,173.194.188.105,10.10.0.10,,,443,45734,0,1358,17
1588617019.3355038,173.194.188.105,10.10.0.10,,,443,45734,0,1358,17
1588617019.3409245,173.194.188.105,10.10.0.10,,,443,45734,0,1358,17
1588617019.3409538,10.10.0.10,173.194.188.105,,,45734,443,0,37,17
1588617019.346384,173.194.188.105,10.10.0.10,,,443,45734,0,1358,17
1588617019.3480544,10.10.0.10,173.194.188.105,,,45734,443,0,37,17
1588617019.351826,173.194.188.105,10.10.0.10,,,443,45734,0,1358,17
1588617019.3572,173.194.188.105,10.10.0.10,,,443,45734,0,1358,17
1588617019.35884,10.10.0.10,173.194.188.105,,,45734,443,0,37,17
1588617019.362705,173.194.188.105,10.10.0.10,,,443,45734,0,1358,17
1588617019.368119,173.194.188.105,10.10.0.10,,,443,45734,0,1358,17
1588617019.369853,10.10.0.10,173.194.188.105,,,45734,443,0,37,17
1588617019.3735876,173.194.188.105,10.10.0.10,,,443,45734,0,1358,17
1588617019.379041,173.194.188.105,10.10.0.10,,,443,45734,0,1358,17
1588617019.381075,10.10.0.10,173.194.188.105,,,45734,443,0,37,17
1588617019.38447,173.194.188.105,10.10.0.10,,,443,45734,0,1358,17
1588617019.38991,173.194.188.105,10.10.0.10,,,443,45734,0,1358,17
1588617019.3916724,10.10.0.10,173.194.188.105,,,45734,443,0,37,17
1588617019.39535,173.194.188.105,10.10.0.10,,,443,45734,0,1358,17
1588617019.400726,173.194.188.105,10.10.0.10,,,443,45734,0,1358,17
1588617019.4023938,10.10.0.10,173.194.188.105,,,45734,443,0,37,17
1588617019.40623,173.194.188.105,10.10.0.10,,,443,45734,0,1358,17
1588617019.4116669,173.194.188.105,10.10.0.10,,,443,45734,0,1358,17
1588617019.413247,10.10.0.10,173.194.188.105,,,45734,443,0,37,17
1588617019.4171069,173.194.188.105,10.10.0.10,,,443,45734,0,1358,17
1588617019.4225461,173.194.188.105,10.10.0.10,,,443,45734,0,1358,17
1588617019.4242911,10.10.0.10,173.194.188.105,,,45734,443,0,37,17
1588617019.4279878,173.194.188.105,10.10.0.10,,,443,45734,0,1358,17
1588617019.433432,173.194.188.105,10.10.0.10,,,443,45734,0,1358,17
1588617019.4349751,10.10.0.10,173.194.188.105,,,45734,443,0,37,17
1588617019.4388669,173.194.188.105,10.10.0.10,,,443,45734,0,1358,17
1588617019.444256,173.194.188.105,10.10.0.10,,,443,45734,0,1358,17
1588617019.4458704,10.10.0.10,173.194.188.105,,,45734,443,0,37,17
1588617019.4497492,173.194.188.105,10.10.0.10,,,443,45734,0,1358,17
1588617019.455183,173.194.188.105,10.10.0.10,,,443,45734,0,1358,17
1588617019.4570212,10.10.0.10,173.194.188.105,,,45734,443,0,37,17
1588617019.4606311,173.194.188.105,10.10.0.10,,,443,45734,0,1358,17
1588617019.4660668,173.194.188.105,10.10.0.10,,,443,45734,0,1358,17
1588617019.467809,10.10.0.10,173.194.188.105,,,45734,443,0,50,17
1588617019.4715068,173.194.188.105,10.10.0.10,,,443,45734,0,1358,17
1588617019.476961,173.194.188.105,10.10.0.10,,,443,45734,0,1358,17
1588617019.479181,10.10.0.10,173.194.188.105,,,45734,443,0,37,17
1588617019.4823458,173.194.188.105,10.10.0.10,,,443,45734,0,1358,17
1588617019.4878292,173.194.188.105,10.10.0.10,,,443,45734,0,1358,17
1588617019.489665,10.10.0.10,173.194.188.105,,,45734,443,0,37,17
1588617019.4932694,173.194.188.105,10.10.0.10,,,443,45734,0,1358,17
1588617019.498681,173.194.188.105,10.10.0.10,,,443,45734,0,1358,17
1588617019.5037158,10.10.0.10,173.194.188.105,,,45734,443,0,37,17
1588617019.504111,173.194.188.105,10.10.0.10,,,443,45734,0,1358,17
1588617019.509521,173.194.188.105,10.10.0.10,,,443,45734,0,1358,17
1588617019.5116851,10.10.0.10,173.194.188.105,,,45734,443,0,37,17
1588617019.51496,173.194.188.105,10.10.0.10,,,443,45734,0,29,17
1588617019.515196,173.194.188.105,10.10.0.10,,,443,45734,0,1358,17
1588617019.520644,173.194.188.105,10.10.0.10,,,443,45734,0,1358,17
1588617019.523247,10.10.0.10,173.194.188.105,,,45734,443,0,37,17
1588617019.526074,173.194.188.105,10.10.0.10,,,443,45734,0,1358,17
1588617019.531512,173.194.188.105,10.10.0.10,,,443,45734,0,1358,17
1588617019.533087,10.10.0.10,173.194.188.105,,,45734,443,0,37,17
1588617019.536957,173.194.188.105,10.10.0.10,,,443,45734,0,1358,17
1588617019.5424302,173.194.188.105,10.10.0.10,,,443,45734,0,1358,17
1588617019.5440588,10.10.0.10,173.194.188.105,,,45734,443,0,37,17
1588617019.547895,173.194.188.105,10.10.0.10,,,443,45734,0,1358,17
1588617019.553336,173.194.188.105,10.10.0.10,,,443,45734,0,1358,17
1588617019.5548851,10.10.0.10,173.194.188.105,,,45734,443,0,37,17
1588617019.5587509,173.194.188.105,10.10.0.10,,,443,45734,0,1358,17
1588617019.5642204,173.194.188.105,10.10.0.10,,,443,45734,0,1358,17
1588617019.565867,10.10.0.10,173.194.188.105,,,45734,443,0,37,17
1588617019.5695992,173.194.188.105,10.10.0.10,,,443,45734,0,1358,17
1588617019.5750759,173.194.188.105,10.10.0.10,,,443,45734,0,1358,17
1588617019.5787196,10.10.0.10,173.194.188.105,,,45734,443,0,37,17
1588617019.5805302,173.194.188.105,10.10.0.10,,,443,45734,0,1358,17
1588617019.585982,173.194.188.105,10.10.0.10,,,443,45734,0,1358,17
1588617019.588578,10.10.0.10,173.194.188.105,,,45734,443,0,37,17
1588617019.5914,173.194.188.105,10.10.0.10,,,443,45734,0,1358,17
1588617019.596803,173.194.188.105,10.10.0.10,,,443,45734,0,1358,17
1588617019.598334,10.10.0.10,173.194.188.105,,,45734,443,0,37,17
1588617019.602243,173.194.188.105,10.10.0.10,,,443,45734,0,1358,17
1588617019.607753,173.194.188.105,10.10.0.10,,,443,45734,0,1358,17
1588617019.6093378,10.10.0.10,173.194.188.105,,,45734,443,0,37,17
1588617019.613152,173.194.188.105,10.10.0.10,,,443,45734,0,1358,17
1588617019.6185582,173.194.188.105,10.10.0.10,,,443,45734,0,1358,17
1588617019.620539,10.10.0.10,173.194.188.105,,,45734,443,0,37,17
1588617019.6240606,173.194.188.105,10.10.0.10,,,443,45734,0,1358,17
1588617019.6294384,173.194.188.105,10.10.0.10,,,443,45734,0,1358,17
1588617019.631174,10.10.0.10,173.194.188.105,,,45734,443,0,37,17
1588617019.6349158,173.194.188.105,10.10.0.10,,,443,45734,0,1358,17
1588617019.640378,173.194.188.105,10.10.0.10,,,443,45734,0,1358,17
1588617019.6420932,10.10.0.10,173.194.188.105,,,45734,443,0,37,17
1588617019.64576,173.194.188.105,10.10.0.10,,,443,45734,0,1358,17
1588617019.651199,173.194.188.105,10.10.0.10,,,443,45734,0,1358,17
1588617019.652951,10.10.0.10,173.194.188.105,,,45734,443,0,37,17
1588617019.6567054,173.194.188.105,10.10.0.10,,,443,45734,0,1358,17
1588617019.6621158,173.194.188.105,10.10.0.10,,,443,45734,0,1358,17
1588617019.6637251,10.10.0.10,173.194.188.105,,,45734,443,0,37,17
1588617019.667585,173.194.188.105,10.10.0.10,,,443,45734,0,1358,17
1588617019.673025,173.194.188.105,10.10.0.10,,,443,45734,0,1358,17
1588617019.6747012,10.10.0.10,173.194.188.105,,,45734,443,0,37,17
1588617019.678473,173.194.188.105,10.10.0.10,,,443,45734,0,1358,17
1588617019.6839068,173.194.188.105,10.10.0.10,,,443,45734,0,1358,17
1588617019.685513,10.10.0.10,173.194.188.105,,,45734,443,0,50,17
1588617019.6893492,173.194.188.105,10.10.0.10,,,443,45734,0,1358,17
1588617019.6947868,173.194.188.105,10.10.0.10,,,443,45734,0,1358,17
1588617019.6966221,10.10.0.10,173.194.188.105,,,45734,443,0,37,17
1588617019.7002301,173.194.188.105,10.10.0.10,,,443,45734,0,1358,17
1588617019.7056696,173.194.188.105,10.10.0.10,,,443,45734,0,1358,17
1588617019.707707,10.10.0.10,173.194.188.105,,,45734,443,0,37,17
1588617019.7111075,173.194.188.105,10.10.0.10,,,443,45734,0,1358,17
1588617019.7165458,173.194.188.105,10.10.0.10,,,443,45734,0,1358,17
1588617019.718058,10.10.0.10,173.194.188.105,,,45734,443,0,37,17
1588617019.7220054,173.194.188.105,10.10.0.10,,,443,45734,0,1358,17
1588617019.7274349,173.194.188.105,10.10.0.10,,,443,45734,0,1358,17
1588617019.7288961,10.10.0.10,173.194.188.105,,,45734,443,0,37,17
1588617019.732874,173.194.188.105,10.10.0.10,,,443,45734,0,1358,17
1588617019.7383142,173.194.188.105,10.10.0.10,,,443,45734,0,1358,17
1588617019.740025,10.10.0.10,173.194.188.105,,,45734,443,0,37,17
1588617019.743756,173.194.188.105,10.10.0.10,,,443,45734,0,1358,17
1588617019.7491982,173.194.188.105,10.10.0.10,,,443,45734,0,1358,17
1588617019.750836,10.10.0.10,173.194.188.105,,,45734,443,0,37,17
1588617019.754634,173.194.188.105,10.10.0.10,,,443,45734,0,1358,17
1588617019.7600784,173.194.188.105,10.10.0.10,,,443,45734,0,1358,17
1588617019.7619238,10.10.0.10,173.194.188.105,,,45734,443,0,37,17
1588617019.7655172,173.194.188.105,10.10.0.10,,,443,45734,0,1358,17
1588617019.770953,173.194.188.105,10.10.0.10,,,443,45734,0,1358,17
1588617019.7728188,10.10.0.10,173.194.188.105,,,45734,443,0,37,17
1588617019.7763982,173.194.188.105,10.10.0.10,,,443,45734,0,1358,17
1588617019.7818446,173.194.188.105,10.10.0.10,,,443,45734,0,1358,17
1588617019.784965,10.10.0.10,173.194.188.105,,,45734,443,0,37,17
1588617019.7872741,173.194.188.105,10.10.0.10,,,443,45734,0,1358,17
1588617019.7927165,173.194.188.105,10.10.0.10,,,443,45734,0,1358,17
1588617019.794631,10.10.0.10,173.194.188.105,,,45734,443,0,37,17
1588617019.7981539,173.194.188.105,10.10.0.10,,,443,45734,0,1358,17
1588617019.8035965,173.194.188.105,10.10.0.10,,,443,45734,0,1358,17
1588617019.806996,10.10.0.10,173.194.188.105,,,45734,443,0,37,17
1588617019.8090382,173.194.188.105,10.10.0.10,,,443,45734,0,1358,17
1588617019.814474,173.194.188.105,10.10.0.10,,,443,45734,0,1358,17
1588617019.816359,10.10.0.10,173.194.188.105,,,45734,443,0,37,17
1588617019.8199186,173.194.188.105,10.10.0.10,,,443,45734,0,1358,17
1588617019.825335,173.194.188.105,10.10.0.10,,,443,45734,0,1358,17
1588617019.8269384,10.10.0.10,173.194.188.105,,,45734,443,0,37,17
1588617019.8307948,173.194.188.105,10.10.0.10,,,443,45734,0,1358,17
1588617019.8362348,173.194.188.105,10.10.0.10,,,443,45734,0,1358,17
1588617019.837862,10.10.0.10,173.194.188.105,,,45734,443,0,37,17
1588617019.8416762,173.194.188.105,10.10.0.10,,,443,45734,0,1358,17
1588617019.847118,173.194.188.105,10.10.0.10,,,443,45734,0,1358,17
1588617019.848567,10.10.0.10,173.194.188.105,,,45734,443,0,37,17
1588617019.8525422,173.194.188.105,10.10.0.10,,,443,45734,0,1358,17
1588617019.8579962,173.194.188.105,10.10.0.10,,,443,45734,0,1358,17
1588617019.859711,10.10.0.10,173.194.188.105,,,45734,443,0,37,17
1588617019.8634374,173.194.188.105,10.10.0.10,,,443,45734,0,1358,17
1588617019.8688786,173.194.188.105,10.10.0.10,,,443,45734,0,1358,17
1588617019.870546,10.10.0.10,173.194.188.105,,,45734,443,0,37,17
1588617019.87432,173.194.188.105,10.10.0.10,,,443,45734,0,1358,17
1588617019.87976,173.194.188.105,10.10.0.10,,,443,45734,0,1358,17
1588617019.88144,10.10.0.10,173.194.188.105,,,45734,443,0,37,17
1588617019.885159,173.194.188.105,10.10.0.10,,,443,45734,0,1358,17
1588617019.890612,173.194.188.105,10.10.0.10,,,443,45734,0,1358,17
1588617019.8924859,10.10.0.10,173.194.188.105,,,45734,443,0,37,17
1588617019.89608,173.194.188.105,10.10.0.10,,,443,45734,0,1358,17
1588617019.9015172,173.194.188.105,10.10.0.10,,,443,45734,0,1358,17
1588617019.904791,10.10.0.10,173.194.188.105,,,45734,443,0,50,17
1588617019.9069252,173.194.188.105,10.10.0.10,,,443,45734,0,1358,17
1588617019.9124,173.194.188.105,10.10.0.10,,,443,45734,0,1358,17
1588617019.914422,10.10.0.10,173.194.188.105,,,45734,443,0,37,17
1588617019.917841,173.194.188.105,10.10.0.10,,,443,45734,0,1358,17
1588617019.9232829,173.194.188.105,10.10.0.10,,,443,45734,0,1358,17
1588617019.9249609,10.10.0.10,173.194.188.105,,,45734,443,0,37,17
1588617019.928652,173.194.188.105,10.10.0.10,,,443,45734,0,1358,17
1588617019.934092,173.194.188.105,10.10.0.10,,,443,45734,0,29,17
1588617019.934366,173.194.188.105,10.10.0.10,,,443,45734,0,1358,17
1588617019.935834,10.10.0.10,173.194.188.105,,,45734,443,0,37,17
1588617019.939811,173.194.188.105,10.10.0.10,,,443,45734,0,1358,17
1588617019.945283,173.194.188.105,10.10.0.10,,,443,45734,0,1358,17
1588617019.946861,10.10.0.10,173.194.188.105,,,45734,443,0,37,17
1588617019.950692,173.194.188.105,10.10.0.10,,,443,45734,0,1358,17
1588617019.956134,173.194.188.105,10.10.0.10,,,443,45734,0,1358,17
1588617019.958118,10.10.0.10,173.194.188.105,,,45734,443,0,37,17
1588617019.961587,173.194.188.105,10.10.0.10,,,443,45734,0,1358,17
1588617019.9670508,173.194.188.105,10.10.0.10,,,443,45734,0,1358,17
1588617019.9686544,10.10.0.10,173.194.188.105,,,45734,443,0,37,17
1588617019.9724948,173.194.188.105,10.10.0.10,,,443,45734,0,1358,17
1588617019.9779322,173.194.188.105,10.10.0.10,,,443,45734,0,1358,17
1588617019.9796178,10.10.0.10,173.194.188.105,,,45734,443,0,37,17
1588617019.983375,173.194.188.105,10.10.0.10,,,443,45734,0,1358,17
1588617019.988815,173.194.188.105,10.10.0.10,,,443,45734,0,1358,17
1588617019.9907398,10.10.0.10,173.194.188.105,,,45734,443,0,37,17
1588617019.9942534,173.194.188.105,10.10.0.10,,,443,45734,0,1358,17
1588617019.9996922,173.194.188.105,10.10.0.10,,,443,45734,0,1358,17
1588617020.00132,10.10.0.10,173.194.188.105,,,45734,443,0,37,17
1588617020.0051448,173.194.188.105,10.10.0.10,,,443,45734,0,1358,17
1588617020.0105731,173.194.188.105,10.10.0.10,,,443,45734,0,1358,17
1588617020.0131788,10.10.0.10,173.194.188.105,,,45734,443,0,37,17
1588617020.015945,173.194.188.105,10.10.0.10,,,443,45734,0,1358,17
1588617020.0214539,173.194.188.105,10.10.0.10,,,443,45734,0,1358,17
1588617020.0252292,10.10.0.10,173.194.188.105,,,45734,443,0,37,17
1588617020.0268939,173.194.188.105,10.10.0.10,,,443,45734,0,1358,17
1588617020.032341,173.194.188.105,10.10.0.10,,,443,45734,0,1358,17
1588617020.034033,10.10.0.10,173.194.188.105,,,45734,443,0,37,17
1588617020.037777,173.194.188.105,10.10.0.10,,,443,45734,0,1358,17
1588617020.0432212,173.194.188.105,10.10.0.10,,,443,45734,0,1358,17
1588617020.0449119,10.10.0.10,173.194.188.105,,,45734,443,0,37,17
1588617020.0486612,173.194.188.105,10.10.0.10,,,443,45734,0,1358,17
1588617020.0540988,173.194.188.105,10.10.0.10,,,443,45734,0,1358,17
1588617020.0558536,10.10.0.10,173.194.188.105,,,45734,443,0,37,17
1588617020.0595384,173.194.188.105,10.10.0.10,,,443,45734,0,1358,17
1588617020.064978,173.194.188.105,10.10.0.10,,,443,45734,0,1358,17
1588617020.066725,10.10.0.10,173.194.188.105,,,45734,443,0,37,17
1588617020.0704231,173.194.188.105,10.10.0.10,,,443,45734,0,1358,17
1588617020.0758634,173.194.188.105,10.10.0.10,,,443,45734,0,1358,17
1588617020.077703,10.10.0.10,173.194.188.105,,,45734,443,0,37,17
1588617020.0812988,173.194.188.105,10.10.0.10,,,443,45734,0,1358,17
1588617020.086738,173.194.188.105,10.10.0.10,,,443,45734,0,1358,17
1588617020.0886462,10.10.0.10,173.194.188.105,,,45734,443,0,37,17
1588617020.092144,173.194.188.105,10.10.0.10,,,443,45734,0,1358,17
1588617020.0976212,173.194.188.105,10.10.0.10,,,443,45734,0,1358,17
1588617020.099618,10.10.0.10,173.194.188.105,,,45734,443,0,37,17
1588617020.1030598,173.194.188.105,10.10.0.10,,,443,45734,0,1358,17
1588617020.1085038,173.194.188.105,10.10.0.10,,,443,45734,0,1358,17
1588617020.110182,10.10.0.10,173.194.188.105,,,45734,443,0,37,17
1588617020.113942,173.194.188.105,10.10.0.10,,,443,45734,0,1358,17
1588617020.1193798,173.194.188.105,10.10.0.10,,,443,45734,0,1358,17
1588617020.120951,10.10.0.10,173.194.188.105,,,45734,443,0,50,17
1588617020.1248188,173.194.188.105,10.10.0.10,,,443,45734,0,1358,17
1588617020.1302598,173.194.188.105,10.10.0.10,,,443,45734,0,1358,17
1588617020.1320198,10.10.0.10,173.194.188.105,,,45734,443,0,37,17
1588617020.13568,173.194.188.105,10.10.0.10,,,443,45734,0,1358,17
1588617020.1411395,173.194.188.105,10.10.0.10,,,443,45734,0,1358,17
1588617020.142807,10.10.0.10,173.194.188.105,,,45734,443,0,37,17
1588617020.146585,173.194.188.105,10.10.0.10,,,443,45734,0,1358,17
1588617020.152024,173.194.188.105,10.10.0.10,,,443,45734,0,29,17
1588617020.152202,173.194.188.105,10.10.0.10,,,443,45734,0,1358,17
1588617020.153761,10.10.0.10,173.194.188.105,,,45734,443,0,37,17
1588617020.1577196,173.194.188.105,10.10.0.10,,,443,45734,0,1358,17
1588617020.163152,173.194.188.105,10.10.0.10,,,443,45734,0,1358,17
1588617020.168592,173.194.188.105,10.10.0.10,,,443,45734,0,1358,17
1588617020.174031,173.194.188.105,10.10.0.10,,,443,45734,0,1358,17
1588617020.179472,173.194.188.105,10.10.0.10,,,443,45734,0,1358,17
1588617020.184865,173.194.188.105,10.10.0.10,,,443,45734,0,1358,17
1588617020.1885786,10.10.0.10,173.194.188.105,,,45734,443,0,37,17
1588617020.1894915,10.10.0.10,173.194.188.105,,,45734,443,0,37,17
1588617020.1901786,10.10.0.10,173.194.188.105,,,45734,443,0,37,17
1588617020.190347,173.194.188.105,10.10.0.10,,,443,45734,0,1358,17
1588617020.195789,173.194.188.105,10.10.0.10,,,443,45734,0,1358,17
1588617020.197597,10.10.0.10,173.194.188.105,,,45734,443,0,37,17
1588617020.2012286,173.194.188.105,10.10.0.10,,,443,45734,0,1358,17
1588617020.206671,173.194.188.105,10.10.0.10,,,443,45734,0,1358,17
1588617020.208583,10.10.0.10,173.194.188.105,,,45734,443,0,37,17
1588617020.2121134,173.194.188.105,10.10.0.10,,,443,45734,0,1358,17
1588617020.2175472,173.194.188.105,10.10.0.10,,,443,45734,0,1358,17
1588617020.219354,10.10.0.10,173.194.188.105,,,45734,443,0,37,17
1588617020.222989,173.194.188.105,10.10.0.10,,,443,45734,0,1358,17
1588617020.2250788,10.10.0.10,173.194.188.105,,,45734,443,0,40,17
1588617020.228426,173.194.188.105,10.10.0.10,,,443,45734,0,1358,17
1588617020.2301831,10.10.0.10,173.194.188.105,,,45734,443,0,37,17
1588617020.2338738,173.194.188.105,10.10.0.10,,,443,45734,0,1358,17
1588617020.239311,173.194.188.105,10.10.0.10,,,443,45734,0,1358,17
1588617020.241389,10.10.0.10,173.194.188.105,,,45734,443,0,37,17
1588617020.244751,173.194.188.105,10.10.0.10,,,443,45734,0,1358,17
1588617020.250191,173.194.188.105,10.10.0.10,,,443,45734,0,1358,17
1588617020.251875,10.10.0.10,173.194.188.105,,,45734,443,0,37,17
1588617020.25561,173.194.188.105,10.10.0.10,,,443,45734,0,1358,17
1588617020.2610712,173.194.188.105,10.10.0.10,,,443,45734,0,1358,17
1588617020.2626948,10.10.0.10,173.194.188.105,,,45734,443,0,37,17
1588617020.2665148,173.194.188.105,10.10.0.10,,,443,45734,0,1358,17
1588617020.2719386,173.194.188.105,10.10.0.10,,,443,45734,0,1358,17
1588617020.274137,10.10.0.10,173.194.188.105,,,45734,443,0,37,17
1588617020.277391,173.194.188.105,10.10.0.10,,,443,45734,0,1358,17
1588617020.2828321,173.194.188.105,10.10.0.10,,,443,45734,0,1358,17
1588617020.284682,10.10.0.10,173.194.188.105,,,45734,443,0,37,17
1588617020.2882738,173.194.188.105,10.10.0.10,,,443,45734,0,1358,17
1588617020.293711,173.194.188.105,10.10.0.10,,,443,45734,0,1358,17
1588617020.295415,10.10.0.10,173.194.188.105,,,45734,443,0,37,17
1588617020.2991538,173.194.188.105,10.10.0.10,,,443,45734,0,1358,17
1588617020.304595,173.194.188.105,10.10.0.10,,,443,45734,0,1358,17
1588617020.3069725,10.10.0.10,173.194.188.105,,,45734,443,0,37,17
1588617020.310035,173.194.188.105,10.10.0.10,,,443,45734,0,1358,17
1588617020.3154721,173.194.188.105,10.10.0.10,,,443,45734,0,1358,17
1588617020.320911,173.194.188.105,10.10.0.10,,,443,45734,0,1358,17
1588617020.3263562,173.194.188.105,10.10.0.10,,,443,45734,0,1358,17
1588617020.331793,173.194.188.105,10.10.0.10,,,443,45734,0,1358,17
1588617020.337236,173.194.188.105,10.10.0.10,,,443,45734,0,1358,17
1588617020.342672,173.194.188.105,10.10.0.10,,,443,45734,0,1358,17
1588617020.3480694,173.194.188.105,10.10.0.10,,,443,45734,0,1358,17
1588617020.3535528,173.194.188.105,10.10.0.10,,,443,45734,0,1358,17
1588617020.358992,173.194.188.105,10.10.0.10,,,443,45734,0,1358,17
1588617020.364435,173.194.188.105,10.10.0.10,,,443,45734,0,1358,17
1588617020.394259,173.194.188.105,10.10.0.10,,,443,45734,0,1358,17
1588617020.3978732,10.10.0.10,173.194.188.105,,,45734,443,0,37,17
1588617020.4002776,10.10.0.10,173.194.188.105,,,45734,443,0,50,17
1588617020.400481,10.10.0.10,173.194.188.105,,,45734,443,0,37,17
1588617020.4021318,10.10.0.10,173.194.188.105,,,45734,443,0,37,17
1588617020.403207,10.10.0.10,173.194.188.105,,,45734,443,0,37,17
1588617020.4039938,10.10.0.10,173.194.188.105,,,45734,443,0,37,17
1588617020.4069376,173.194.188.105,10.10.0.10,,,443,45734,0,1358,17
1588617020.406992,173.194.188.105,10.10.0.10,,,443,45734,0,1358,17
1588617020.4086962,10.10.0.10,173.194.188.105,,,45734,443,0,37,17
1588617020.41566,173.194.188.105,10.10.0.10,,,443,45734,0,1358,17
1588617020.417086,173.194.188.105,10.10.0.10,,,443,45734,0,1358,17
1588617020.4174428,10.10.0.10,173.194.188.105,,,45734,443,0,37,17
1588617020.427705,173.194.188.105,10.10.0.10,,,443,45734,0,1358,17
1588617020.427907,173.194.188.105,10.10.0.10,,,443,45734,0,1358,17
1588617020.4378061,173.194.188.105,10.10.0.10,,,443,45734,0,1358,17
1588617020.438839,173.194.188.105,10.10.0.10,,,443,45734,0,1358,17
1588617020.448391,173.194.188.105,10.10.0.10,,,443,45734,0,1358,17
1588617020.449683,173.194.188.105,10.10.0.10,,,443,45734,0,1358,17
1588617020.458153,173.194.188.105,10.10.0.10,,,443,45734,0,1358,17
1588617020.4605632,173.194.188.105,10.10.0.10,,,443,45734,0,1358,17
1588617020.4692822,173.194.188.105,10.10.0.10,,,443,45734,0,1358,17
1588617020.471479,173.194.188.105,10.10.0.10,,,443,45734,0,1358,17
1588617020.480378,173.194.188.105,10.10.0.10,,,443,45734,0,1358,17
1588617020.482363,173.194.188.105,10.10.0.10,,,443,45734,0,1358,17
1588617020.4908,173.194.188.105,10.10.0.10,,,443,45734,0,1358,17
1588617020.4932446,173.194.188.105,10.10.0.10,,,443,45734,0,1358,17
1588617020.4965882,10.10.0.10,173.194.188.105,,,45734,443,0,37,17
1588617020.4985318,10.10.0.10,173.194.188.105,,,45734,443,0,37,17
1588617020.5005958,10.10.0.10,173.194.188.105,,,45734,443,0,37,17
1588617020.500664,10.10.0.10,173.194.188.105,,,45734,443,0,37,17
1588617020.500691,10.10.0.10,173.194.188.105,,,45734,443,0,40,17
1588617020.5011642,173.194.188.105,10.10.0.10,,,443,45734,0,1358,17
1588617020.50268,10.10.0.10,173.194.188.105,,,45734,443,0,37,17
1588617020.503463,10.10.0.10,173.194.188.105,,,45734,443,0,37,17
1588617020.504094,173.194.188.105,10.10.0.10,,,443,45734,0,1358,17
1588617020.504503,10.10.0.10,173.194.188.105,,,45734,443,0,37,17
1588617020.5052989,10.10.0.10,173.194.188.105,,,45734,443,0,37,17
1588617020.505511,10.10.0.10,173.194.188.105,,,45734,443,0,37,17
1588617020.5102599,173.194.188.105,10.10.0.10,,,443,45734,0,1358,17
1588617020.514946,173.194.188.105,10.10.0.10,,,443,45734,0,1358,17
1588617020.516636,10.10.0.10,173.194.188.105,,,45734,443,0,37,17
1588617020.5204,173.194.188.105,10.10.0.10,,,443,45734,0,1358,17
1588617020.525809,173.194.188.105,10.10.0.10,,,443,45734,0,1358,17
1588617020.5273929,10.10.0.10,173.194.188.105,,,45734,443,0,37,17
1588617020.5313091,173.194.188.105,10.10.0.10,,,443,45734,0,1358,17
1588617020.536694,173.194.188.105,10.10.0.10,,,443,45734,0,1358,17
1588617020.538344,10.10.0.10,173.194.188.105,,,45734,443,0,37,17
1588617020.542159,173.194.188.105,10.10.0.10,,,443,45734,0,1358,17
1588617020.547574,173.194.188.105,10.10.0.10,,,443,45734,0,1358,17
1588617020.5493946,10.10.0.10,173.194.188.105,,,45734,443,0,50,17
1588617020.5530741,173.194.188.105,10.10.0.10,,,443,45734,0,1358,17
1588617020.5584786,173.194.188.105,10.10.0.10,,,443,45734,0,1358,17
1588617020.560083,10.10.0.10,173.194.188.105,,,45734,443,0,37,17
1588617020.5639286,173.194.188.105,10.10.0.10,,,443,45734,0,1358,17
1588617020.5693386,173.194.188.105,10.10.0.10,,,443,45734,0,1358,17
1588617020.5709972,10.10.0.10,173.194.188.105,,,45734,443,0,37,17
1588617020.574777,173.194.188.105,10.10.0.10,,,443,45734,0,1358,17
1588617020.58025,173.194.188.105,10.10.0.10,,,443,45734,0,1358,17
1588617020.5817866,10.10.0.10,173.194.188.105,,,45734,443,0,37,17
1588617020.585681,173.194.188.105,10.10.0.10,,,443,45734,0,1358,17
1588617020.5911582,173.194.188.105,10.10.0.10,,,443,45734,0,1358,17
1588617020.5930269,10.10.0.10,173.194.188.105,,,45734,443,0,37,17
1588617020.596603,173.194.188.105,10.10.0.10,,,443,45734,0,1358,17
1588617020.6019788,173.194.188.105,10.10.0.10,,,443,45734,0,1358,17
1588617020.603473,10.10.0.10,173.194.188.105,,,45734,443,0,37,17
1588617020.6074202,173.194.188.105,10.10.0.10,,,443,45734,0,1358,17
1588617020.6128588,173.194.188.105,10.10.0.10,,,443,45734,0,1358,17
1588617020.6144052,10.10.0.10,173.194.188.105,,,45734,443,0,37,17
1588617020.618309,173.194.188.105,10.10.0.10,,,443,45734,0,29,17
1588617020.618536,173.194.188.105,10.10.0.10,,,443,45734,0,1358,17
1588617020.624047,173.194.188.105,10.10.0.10,,,443,45734,0,1358,17
1588617020.6272292,10.10.0.10,173.194.188.105,,,45734,443,0,37,17
1588617020.6294851,173.194.188.105,10.10.0.10,,,443,45734,0,1358,17
1588617020.634866,173.194.188.105,10.10.0.10,,,443,45734,0,1358,17
1588617020.6372929,10.10.0.10,173.194.188.105,,,45734,443,0,37,17
1588617020.6403036,173.194.188.105,10.10.0.10,,,443,45734,0,1358,17
1588617020.645779,173.194.188.105,10.10.0.10,,,443,45734,0,1358,17
1588617020.647433,10.10.0.10,173.194.188.105,,,45734,443,0,37,17
1588617020.651217,173.194.188.105,10.10.0.10,,,443,45734,0,1358,17
1588617020.6566381,173.194.188.105,10.10.0.10,,,443,45734,0,1358,17
1588617020.6586668,10.10.0.10,173.194.188.105,,,45734,443,0,37,17
1588617020.662112,173.194.188.105,10.10.0.10,,,443,45734,0,1358,17
1588617020.6675718,173.194.188.105,10.10.0.10,,,443,45734,0,1358,17
1588617020.6692019,10.10.0.10,173.194.188.105,,,45734,443,0,37,17
1588617020.6730108,173.194.188.105,10.10.0.10,,,443,45734,0,1358,17
1588617020.678462,173.194.188.105,10.10.0.10,,,443,45734,0,1358,17
1588617020.6809092,10.10.0.10,173.194.188.105,,,45734,443,0,37,17
1588617020.6838918,173.194.188.105,10.10.0.10,,,443,45734,0,1358,17
1588617020.6893332,173.194.188.105,10.10.0.10,,,443,45734,0,1358,17
1588617020.690848,10.10.0.10,173.194.188.105,,,45734,443,0,37,17
1588617020.694775,173.194.188.105,10.10.0.10,,,443,45734,0,1358,17
1588617020.700224,173.194.188.105,10.10.0.10,,,443,45734,0,1358,17
1588617020.701734,10.10.0.10,173.194.188.105,,,45734,443,0,37,17
1588617020.705659,173.194.188.105,10.10.0.10,,,443,45734,0,1358,17
1588617020.7111,173.194.188.105,10.10.0.10,,,443,45734,0,1358,17
1588617020.7126946,10.10.0.10,173.194.188.105,,,45734,443,0,37,17
1588617020.716541,173.194.188.105,10.10.0.10,,,443,45734,0,1358,17
1588617020.7182775,10.10.0.10,173.194.188.105,,,45734,443,0,40,17
1588617020.721983,173.194.188.105,10.10.0.10,,,443,45734,0,1358,17
1588617020.723798,10.10.0.10,173.194.188.105,,,45734,443,0,37,17
1588617020.727421,173.194.188.105,10.10.0.10,,,443,45734,0,1358,17
1588617020.732818,173.194.188.105,10.10.0.10,,,443,45734,0,1358,17
1588617020.734503,10.10.0.10,173.194.188.105,,,45734,443,0,37,17
1588617020.7382786,173.194.188.105,10.10.0.10,,,443,45734,0,1358,17
1588617020.7437458,173.194.188.105,10.10.0.10,,,443,45734,0,1358,17
1588617020.745718,10.10.0.10,173.194.188.105,,,45734,443,0,37,17
1588617020.7491848,173.194.188.105,10.10.0.10,,,443,45734,0,1358,17
1588617020.754622,173.194.188.105,10.10.0.10,,,443,45734,0,1358,17
1588617020.756488,10.10.0.10,173.194.188.105,,,45734,443,0,50,17
1588617020.760061,173.194.188.105,10.10.0.10,,,443,45734,0,1358,17
1588617020.765503,173.194.188.105,10.10.0.10,,,443,45734,0,1358,17
1588617020.7672348,10.10.0.10,173.194.188.105,,,45734,443,0,37,17
1588617020.770942,173.194.188.105,10.10.0.10,,,443,45734,0,1358,17
1588617020.776386,173.194.188.105,10.10.0.10,,,443,45734,0,1358,17
1588617020.7781286,10.10.0.10,173.194.188.105,,,45734,443,0,37,17
1588617020.781825,173.194.188.105,10.10.0.10,,,443,45734,0,1358,17
1588617020.787261,173.194.188.105,10.10.0.10,,,443,45734,0,1358,17
1588617020.789905,10.10.0.10,173.194.188.105,,,45734,443,0,37,17
1588617020.792706,173.194.188.105,10.10.0.10,,,443,45734,0,1358,17
1588617020.7981431,173.194.188.105,10.10.0.10,,,443,45734,0,1358,17
1588617020.7999349,10.10.0.10,173.194.188.105,,,45734,443,0,37,17
1588617020.8035831,173.194.188.105,10.10.0.10,,,443,45734,0,1358,17
1588617020.809026,173.194.188.105,10.10.0.10,,,443,45734,0,1358,17
1588617020.810674,10.10.0.10,173.194.188.105,,,45734,443,0,37,17
1588617020.8144634,173.194.188.105,10.10.0.10,,,443,45734,0,1358,17
1588617020.819868,173.194.188.105,10.10.0.10,,,443,45734,0,1358,17
1588617020.821484,10.10.0.10,173.194.188.105,,,45734,443,0,37,17
1588617020.825346,173.194.188.105,10.10.0.10,,,443,45734,0,32,17
1588617020.8255591,173.194.188.105,10.10.0.10,,,443,45734,0,1358,17
1588617020.8310099,173.194.188.105,10.10.0.10,,,443,45734,0,1358,17
1588617020.832882,10.10.0.10,173.194.188.105,,,45734,443,0,37,17
1588617020.8364851,173.194.188.105,10.10.0.10,,,443,45734,0,1358,17
1588617020.8418784,173.194.188.105,10.10.0.10,,,443,45734,0,1358,17
1588617020.8435464,10.10.0.10,173.194.188.105,,,45734,443,0,37,17
1588617020.847363,173.194.188.105,10.10.0.10,,,443,45734,0,1358,17
1588617020.8528008,173.194.188.105,10.10.0.10,,,443,45734,0,1358,17
1588617020.854398,10.10.0.10,173.194.188.105,,,45734,443,0,37,17
1588617020.858242,173.194.188.105,10.10.0.10,,,443,45734,0,1358,17
1588617020.8636858,173.194.188.105,10.10.0.10,,,443,45734,0,1358,17
1588617020.8654692,10.10.0.10,173.194.188.105,,,45734,443,0,37,17
1588617020.869087,173.194.188.105,10.10.0.10,,,443,45734,0,1358,17
1588617020.8745642,173.194.188.105,10.10.0.10,,,443,45734,0,1358,17
1588617020.87676,10.10.0.10,173.194.188.105,,,45734,443,0,37,17
1588617020.880003,173.194.188.105,10.10.0.10,,,443,45734,0,1358,17
1588617020.885406,173.194.188.105,10.10.0.10,,,443,45734,0,1358,17
1588617020.8872578,10.10.0.10,173.194.188.105,,,45734,443,0,37,17
1588617020.890847,173.194.188.105,10.10.0.10,,,443,45734,0,1358,17
1588617020.896327,173.194.188.105,10.10.0.10,,,443,45734,0,1358,17
1588617020.8981948,10.10.0.10,173.194.188.105,,,45734,443,0,37,17
1588617020.901766,173.194.188.105,10.10.0.10,,,443,45734,0,1358,17
1588617020.907204,173.194.188.105,10.10.0.10,,,443,45734,0,1358,17
1588617020.9098868,10.10.0.10,173.194.188.105,,,45734,443,0,37,17
1588617020.912646,173.194.188.105,10.10.0.10,,,443,45734,0,1358,17
1588617020.918087,173.194.188.105,10.10.0.10,,,443,45734,0,1358,17
1588617020.920318,10.10.0.10,173.194.188.105,,,45734,443,0,37,17
1588617020.923528,173.194.188.105,10.10.0.10,,,443,45734,0,1358,17
1588617020.928969,173.194.188.105,10.10.0.10,,,443,45734,0,1358,17
1588617020.931047,10.10.0.10,173.194.188.105,,,45734,443,0,37,17
1588617020.934367,173.194.188.105,10.10.0.10,,,443,45734,0,1358,17
1588617020.9398508,173.194.188.105,10.10.0.10,,,443,45734,0,1358,17
1588617020.9414852,10.10.0.10,173.194.188.105,,,45734,443,0,37,17
1588617020.945271,173.194.188.105,10.10.0.10,,,443,45734,0,1358,17
1588617020.950696,173.194.188.105,10.10.0.10,,,443,45734,0,1358,17
1588617020.9522748,10.10.0.10,173.194.188.105,,,45734,443,0,37,17
1588617020.956165,173.194.188.105,10.10.0.10,,,443,45734,0,1358,17
1588617020.961606,173.194.188.105,10.10.0.10,,,443,45734,0,1358,17
1588617020.963337,10.10.0.10,173.194.188.105,,,45734,443,0,37,17
1588617020.967046,173.194.188.105,10.10.0.10,,,443,45734,0,1358,17
1588617020.9724884,173.194.188.105,10.10.0.10,,,443,45734,0,1358,17
1588617020.974278,10.10.0.10,173.194.188.105,,,45734,443,0,50,17
1588617020.977928,173.194.188.105,10.10.0.10,,,443,45734,0,1358,17
1588617020.9833698,173.194.188.105,10.10.0.10,,,443,45734,0,1358,17
1588617020.985068,10.10.0.10,173.194.188.105,,,45734,443,0,37,17
1588617020.988806,173.194.188.105,10.10.0.10,,,443,45734,0,1358,17
1588617020.994246,173.194.188.105,10.10.0.10,,,443,45734,0,1358,17
1588617020.997255,10.10.0.10,173.194.188.105,,,45734,443,0,37,17
1588617020.99965,173.194.188.105,10.10.0.10,,,443,45734,0,1358,17
1588617021.0051384,173.194.188.105,10.10.0.10,,,443,45734,0,1358,17
1588617021.006904,10.10.0.10,173.194.188.105,,,45734,443,0,37,17
1588617021.010567,173.194.188.105,10.10.0.10,,,443,45734,0,1358,17
1588617021.0160098,173.194.188.105,10.10.0.10,,,443,45734,0,1358,17
1588617021.0177321,10.10.0.10,173.194.188.105,,,45734,443,0,37,17
1588617021.021415,173.194.188.105,10.10.0.10,,,443,45734,0,1358,17
1588617021.0268884,173.194.188.105,10.10.0.10,,,443,45734,0,1358,17
1588617021.0289464,10.10.0.10,173.194.188.105,,,45734,443,0,37,17
1588617021.032331,173.194.188.105,10.10.0.10,,,443,45734,0,1358,17
1588617021.037768,173.194.188.105,10.10.0.10,,,443,45734,0,1358,17
1588617021.039632,10.10.0.10,173.194.188.105,,,45734,443,0,37,17
1588617021.0432124,173.194.188.105,10.10.0.10,,,443,45734,0,1358,17
1588617021.0486438,173.194.188.105,10.10.0.10,,,443,45734,0,1358,17
1588617021.0513608,10.10.0.10,173.194.188.105,,,45734,443,0,37,17
1588617021.0540938,173.194.188.105,10.10.0.10,,,443,45734,0,29,17
1588617021.0542881,173.194.188.105,10.10.0.10,,,443,45734,0,1358,17
1588617021.059777,173.194.188.105,10.10.0.10,,,443,45734,0,1358,17
1588617021.062176,10.10.0.10,173.194.188.105,,,45734,443,0,37,17
1588617021.0652,173.194.188.105,10.10.0.10,,,443,45734,0,1358,17
1588617021.070618,173.194.188.105,10.10.0.10,,,443,45734,0,1358,17
1588617021.0724692,10.10.0.10,173.194.188.105,,,45734,443,0,37,17
1588617021.0760946,173.194.188.105,10.10.0.10,,,443,45734,0,1358,17
1588617021.0815392,173.194.188.105,10.10.0.10,,,443,45734,0,1358,17
1588617021.0833812,10.10.0.10,173.194.188.105,,,45734,443,0,37,17
1588617021.086981,173.194.188.105,10.10.0.10,,,443,45734,0,1358,17
1588617021.092421,173.194.188.105,10.10.0.10,,,443,45734,0,1358,17
1588617021.094868,10.10.0.10,173.194.188.105,,,45734,443,0,37,17
1588617021.097855,173.194.188.105,10.10.0.10,,,443,45734,0,1358,17
1588617021.103296,173.194.188.105,10.10.0.10,,,443,45734,0,1358,17
1588617021.1050632,10.10.0.10,173.194.188.105,,,45734,443,0,37,17
1588617021.1087172,173.194.188.105,10.10.0.10,,,443,45734,0,1358,17
1588617021.114179,173.194.188.105,10.10.0.10,,,443,45734,0,1358,17
1588617021.1159391,10.10.0.10,173.194.188.105,,,45734,443,0,37,17
1588617021.119616,173.194.188.105,10.10.0.10,,,443,45734,0,1358,17
1588617021.1250598,173.194.188.105,10.10.0.10,,,443,45734,0,1358,17
1588617021.127007,10.10.0.10,173.194.188.105,,,45734,443,0,37,17
1588617021.130501,173.194.188.105,10.10.0.10,,,443,45734,0,1358,17
1588617021.135942,173.194.188.105,10.10.0.10,,,443,45734,0,1358,17
1588617021.1386461,10.10.0.10,173.194.188.105,,,45734,443,0,37,17
1588617021.141335,173.194.188.105,10.10.0.10,,,443,45734,0,1358,17
1588617021.146821,173.194.188.105,10.10.0.10,,,443,45734,0,1358,17
1588617021.149366,10.10.0.10,173.194.188.105,,,45734,443,0,37,17
1588617021.1522598,173.194.188.105,10.10.0.10,,,443,45734,0,1358,17
1588617021.157697,173.194.188.105,10.10.0.10,,,443,45734,0,1358,17
1588617021.159318,10.10.0.10,173.194.188.105,,,45734,443,0,37,17
1588617021.1631384,173.194.188.105,10.10.0.10,,,443,45734,0,1358,17
1588617021.168582,173.194.188.105,10.10.0.10,,,443,45734,0,1358,17
1588617021.170276,10.10.0.10,173.194.188.105,,,45734,443,0,37,17
1588617021.174018,173.194.188.105,10.10.0.10,,,443,45734,0,1358,17
1588617021.1794634,173.194.188.105,10.10.0.10,,,443,45734,0,1358,17
1588617021.1820884,10.10.0.10,173.194.188.105,,,45734,443,0,37,17
1588617021.1848981,173.194.188.105,10.10.0.10,,,443,45734,0,1358,17
1588617021.1903384,173.194.188.105,10.10.0.10,,,443,45734,0,1358,17
1588617021.193197,10.10.0.10,173.194.188.105,,,45734,443,0,50,17
1588617021.1957822,173.194.188.105,10.10.0.10,,,443,45734,0,1358,17
1588617021.201218,173.194.188.105,10.10.0.10,,,443,45734,0,1358,17
1588617021.203006,10.10.0.10,173.194.188.105,,,45734,443,0,37,17
1588617021.2066612,173.194.188.105,10.10.0.10,,,443,45734,0,1358,17
1588617021.2121027,173.194.188.105,10.10.0.10,,,443,45734,0,1358,17
1588617021.213857,10.10.0.10,173.194.188.105,,,45734,443,0,37,17
1588617021.2175398,173.194.188.105,10.10.0.10,,,443,45734,0,1358,17
1588617021.222943,173.194.188.105,10.10.0.10,,,443,45734,0,1358,17
1588617021.2249188,10.10.0.10,173.194.188.105,,,45734,443,0,37,17
1588617021.2284222,173.194.188.105,10.10.0.10,,,443,45734,0,1358,17
1588617021.2338598,173.194.188.105,10.10.0.10,,,443,45734,0,1358,17
1588617021.235759,10.10.0.10,173.194.188.105,,,45734,443,0,37,17
1588617021.2393026,173.194.188.105,10.10.0.10,,,443,45734,0,1358,17
1588617021.2447412,173.194.188.105,10.10.0.10,,,443,45734,0,1358,17
1588617021.246521,10.10.0.10,173.194.188.105,,,45734,443,0,37,17
1588617021.2501788,173.194.188.105,10.10.0.10,,,443,45734,0,1358,17
1588617021.255556,173.194.188.105,10.10.0.10,,,443,45734,0,1358,17
1588617021.257444,10.10.0.10,173.194.188.105,,,45734,443,0,37,17
1588617021.2610598,173.194.188.105,10.10.0.10,,,443,45734,0,1358,17
1588617021.266465,173.194.188.105,10.10.0.10,,,443,45734,0,1358,17
1588617021.268296,10.10.0.10,173.194.188.105,,,45734,443,0,37,17
1588617021.271898,173.194.188.105,10.10.0.10,,,443,45734,0,29,17
1588617021.2721438,173.194.188.105,10.10.0.10,,,443,45734,0,1358,17
1588617021.277616,173.194.188.105,10.10.0.10,,,443,45734,0,1358,17
1588617021.279616,10.10.0.10,173.194.188.105,,,45734,443,0,37,17
1588617021.283067,173.194.188.105,10.10.0.10,,,443,45734,0,1358,17
1588617021.2885098,173.194.188.105,10.10.0.10,,,443,45734,0,1358,17
1588617021.2901492,10.10.0.10,173.194.188.105,,,45734,443,0,37,17
1588617021.2939482,173.194.188.105,10.10.0.10,,,443,45734,0,1358,17
1588617021.299391,173.194.188.105,10.10.0.10,,,443,45734,0,1358,17
1588617021.3010876,10.10.0.10,173.194.188.105,,,45734,443,0,37,17
1588617021.304831,173.194.188.105,10.10.0.10,,,443,45734,0,1358,17
1588617021.310272,173.194.188.105,10.10.0.10,,,443,45734,0,1358,17
1588617021.313012,10.10.0.10,173.194.188.105,,,45734,443,0,37,17
1588617021.3157158,173.194.188.105,10.10.0.10,,,443,45734,0,1358,17
1588617021.321152,173.194.188.105,10.10.0.10,,,443,45734,0,1358,17
1588617021.3230052,10.10.0.10,173.194.188.105,,,45734,443,0,37,17
1588617021.326592,173.194.188.105,10.10.0.10,,,443,45734,0,1358,17
1588617021.332033,173.194.188.105,10.10.0.10,,,443,45734,0,1358,17
1588617021.333817,10.10.0.10,173.194.188.105,,,45734,443,0,37,17
1588617021.3374732,173.194.188.105,10.10.0.10,,,443,45734,0,1358,17
1588617021.3428679,173.194.188.105,10.10.0.10,,,443,45734,0,1358,17
1588617021.3449972,10.10.0.10,173.194.188.105,,,45734,443,0,37,17
1588617021.3483481,173.194.188.105,10.10.0.10,,,443,45734,0,1358,17
1588617021.3537948,173.194.188.105,10.10.0.10,,,443,45734,0,1358,17
1588617021.3557222,10.10.0.10,173.194.188.105,,,45734,443,0,37,17
1588617021.359201,173.194.188.105,10.10.0.10,,,443,45734,0,1358,17
1588617021.364674,173.194.188.105,10.10.0.10,,,443,45734,0,1358,17
1588617021.3665102,10.10.0.10,173.194.188.105,,,45734,443,0,37,17
1588617021.3701134,173.194.188.105,10.10.0.10,,,443,45734,0,1358,17
1588617021.3755572,173.194.188.105,10.10.0.10,,,443,45734,0,1358,17
1588617021.3781562,10.10.0.10,173.194.188.105,,,45734,443,0,37,17
1588617021.3809972,173.194.188.105,10.10.0.10,,,443,45734,0,1358,17
1588617021.3864374,173.194.188.105,10.10.0.10,,,443,45734,0,1358,17
1588617021.3883018,10.10.0.10,173.194.188.105,,,45734,443,0,37,17
1588617021.3918748,173.194.188.105,10.10.0.10,,,443,45734,0,1358,17
1588617021.3973188,173.194.188.105,10.10.0.10,,,443,45734,0,1358,17
1588617021.3989491,10.10.0.10,173.194.188.105,,,45734,443,0,37,17
1588617021.4027548,173.194.188.105,10.10.0.10,,,443,45734,0,1358,17
1588617021.408199,173.194.188.105,10.10.0.10,,,443,45734,0,1358,17
1588617021.4099472,10.10.0.10,173.194.188.105,,,45734,443,0,50,17
1588617021.4136355,173.194.188.105,10.10.0.10,,,443,45734,0,1358,17
1588617021.419039,173.194.188.105,10.10.0.10,,,443,45734,0,1358,17
1588617021.421819,10.10.0.10,173.194.188.105,,,45734,443,0,37,17
1588617021.4245155,173.194.188.105,10.10.0.10,,,443,45734,0,1358,17
1588617021.4299572,173.194.188.105,10.10.0.10,,,443,45734,0,1358,17
1588617021.431781,10.10.0.10,173.194.188.105,,,45734,443,0,37,17
1588617021.4353561,173.194.188.105,10.10.0.10,,,443,45734,0,1358,17
1588617021.440839,173.194.188.105,10.10.0.10,,,443,45734,0,1358,17
1588617021.4462776,173.194.188.105,10.10.0.10,,,443,45734,0,1358,17
1588617021.4516695,173.194.188.105,10.10.0.10,,,443,45734,0,1358,17
1588617021.457106,173.194.188.105,10.10.0.10,,,443,45734,0,1358,17
1588617021.4625466,173.194.188.105,10.10.0.10,,,443,45734,0,1358,17
1588617021.465873,10.10.0.10,173.194.188.105,,,45734,443,0,37,17
1588617021.467851,10.10.0.10,173.194.188.105,,,45734,443,0,37,17
1588617021.4679902,173.194.188.105,10.10.0.10,,,443,45734,0,1358,17
1588617021.468358,10.10.0.10,173.194.188.105,,,45734,443,0,37,17
1588617021.4734418,173.194.188.105,10.10.0.10,,,443,45734,0,1358,17
1588617021.475263,10.10.0.10,173.194.188.105,,,45734,443,0,37,17
1588617021.47892,173.194.188.105,10.10.0.10,,,443,45734,0,1358,17
1588617021.484362,173.194.188.105,10.10.0.10,,,443,45734,0,1358,17
1588617021.486114,10.10.0.10,173.194.188.105,,,45734,443,0,37,17
1588617021.489801,173.194.188.105,10.10.0.10,,,443,45734,0,1358,17
1588617021.495241,173.194.188.105,10.10.0.10,,,443,45734,0,1358,17
1588617021.4970698,10.10.0.10,173.194.188.105,,,45734,443,0,37,17
1588617021.5006769,173.194.188.105,10.10.0.10,,,443,45734,0,29,17
1588617021.5008569,173.194.188.105,10.10.0.10,,,443,45734,0,1358,17
1588617021.506368,173.194.188.105,10.10.0.10,,,443,45734,0,1358,17
1588617021.508258,10.10.0.10,173.194.188.105,,,45734,443,0,37,17
1588617021.511808,173.194.188.105,10.10.0.10,,,443,45734,0,1358,17
1588617021.517247,173.194.188.105,10.10.0.10,,,443,45734,0,1358,17
1588617021.519263,10.10.0.10,173.194.188.105,,,45734,443,0,37,17
1588617021.5226119,173.194.188.105,10.10.0.10,,,443,45734,0,1358,17
1588617021.528053,173.194.188.105,10.10.0.10,,,443,45734,0,1358,17
1588617021.529691,10.10.0.10,173.194.188.105,,,45734,443,0,37,17
1588617021.5334918,173.194.188.105,10.10.0.10,,,443,45734,0,1358,17
1588617021.538954,173.194.188.105,10.10.0.10,,,443,45734,0,1358,17
1588617021.540967,10.10.0.10,173.194.188.105,,,45734,443,0,37,17
1588617021.5444188,173.194.188.105,10.10.0.10,,,443,45734,0,1358,17
1588617021.5498018,173.194.188.105,10.10.0.10,,,443,45734,0,1358,17
1588617021.551385,10.10.0.10,173.194.188.105,,,45734,443,0,37,17
1588617021.5552454,173.194.188.105,10.10.0.10,,,443,45734,0,1358,17
1588617021.560744,173.194.188.105,10.10.0.10,,,443,45734,0,1358,17
1588617021.562408,10.10.0.10,173.194.188.105,,,45734,443,0,37,17
1588617021.566184,173.194.188.105,10.10.0.10,,,443,45734,0,1358,17
1588617021.571566,173.194.188.105,10.10.0.10,,,443,45734,0,1358,17
1588617021.573327,10.10.0.10,173.194.188.105,,,45734,443,0,37,17
1588617021.5770054,173.194.188.105,10.10.0.10,,,443,45734,0,1358,17
1588617021.5825038,173.194.188.105,10.10.0.10,,,443,45734,0,1358,17
1588617021.5846598,10.10.0.10,173.194.188.105,,,45734,443,0,37,17
1588617021.5879009,173.194.188.105,10.10.0.10,,,443,45734,0,1358,17
1588617021.593387,173.194.188.105,10.10.0.10,,,443,45734,0,1358,17
1588617021.5950372,10.10.0.10,173.194.188.105,,,45734,443,0,37,17
1588617021.5988019,173.194.188.105,10.10.0.10,,,443,45734,0,1358,17
1588617021.604249,173.194.188.105,10.10.0.10,,,443,45734,0,1358,17
1588617021.606007,10.10.0.10,173.194.188.105,,,45734,443,0,37,17
1588617021.609713,173.194.188.105,10.10.0.10,,,443,45734,0,1358,17
1588617021.615164,173.194.188.105,10.10.0.10,,,443,45734,0,1358,17
1588617021.620194,10.10.0.10,173.194.188.105,,,45734,443,0,37,17
1588617021.6205628,173.194.188.105,10.10.0.10,,,443,45734,0,1358,17
1588617021.626035,173.194.188.105,10.10.0.10,,,443,45734,0,1358,17
1588617021.627729,10.10.0.10,173.194.188.105,,,45734,443,0,50,17
1588617021.631474,173.194.188.105,10.10.0.10,,,443,45734,0,1358,17
1588617021.6368518,173.194.188.105,10.10.0.10,,,443,45734,0,1358,17
1588617021.6385405,10.10.0.10,173.194.188.105,,,45734,443,0,37,17
1588617021.6422892,173.194.188.105,10.10.0.10,,,443,45734,0,1358,17
1588617021.6477902,173.194.188.105,10.10.0.10,,,443,45734,0,1358,17
1588617021.65054,10.10.0.10,173.194.188.105,,,45734,443,0,37,17
1588617021.653206,173.194.188.105,10.10.0.10,,,443,45734,0,1358,17
1588617021.6586099,173.194.188.105,10.10.0.10,,,443,45734,0,1358,17
1588617021.661258,10.10.0.10,173.194.188.105,,,45734,443,0,37,17
1588617021.664099,173.194.188.105,10.10.0.10,,,443,45734,0,1358,17
1588617021.669529,173.194.188.105,10.10.0.10,,,443,45734,0,1358,17
1588617021.6710534,10.10.0.10,173.194.188.105,,,45734,443,0,37,17
1588617021.6749318,173.194.188.105,10.10.0.10,,,443,45734,0,1358,17
1588617021.6803718,173.194.188.105,10.10.0.10,,,443,45734,0,1358,17
1588617021.6818724,10.10.0.10,173.194.188.105,,,45734,443,0,37,17
1588617021.685821,173.194.188.105,10.10.0.10,,,443,45734,0,1358,17
1588617021.691304,173.194.188.105,10.10.0.10,,,443,45734,0,1358,17
1588617021.692987,10.10.0.10,173.194.188.105,,,45734,443,0,37,17
1588617021.6967251,173.194.188.105,10.10.0.10,,,443,45734,0,1358,17
1588617021.702162,173.194.188.105,10.10.0.10,,,443,45734,0,29,17
1588617021.7024028,173.194.188.105,10.10.0.10,,,443,45734,0,1358,17
1588617021.705015,10.10.0.10,173.194.188.105,,,45734,443,0,37,17
1588617021.707847,173.194.188.105,10.10.0.10,,,443,45734,0,1358,17
1588617021.7133212,173.194.188.105,10.10.0.10,,,443,45734,0,1358,17
1588617021.7149382,10.10.0.10,173.194.188.105,,,45734,443,0,37,17
1588617021.718733,173.194.188.105,10.10.0.10,,,443,45734,0,1358,17
1588617021.72421,173.194.188.105,10.10.0.10,,,443,45734,0,1358,17
1588617021.726075,10.10.0.10,173.194.188.105,,,45734,443,0,37,17
1588617021.7296472,173.194.188.105,10.10.0.10,,,443,45734,0,1358,17
1588617021.735084,173.194.188.105,10.10.0.10,,,443,45734,0,1358,17
1588617021.736786,10.10.0.10,173.194.188.105,,,45734,443,0,37,17
1588617021.7405276,173.194.188.105,10.10.0.10,,,443,45734,0,1358,17
1588617021.74597,173.194.188.105,10.10.0.10,,,443,45734,0,1358,17
1588617021.7475572,10.10.0.10,173.194.188.105,,,45734,443,0,37,17
1588617021.7514071,173.194.188.105,10.10.0.10,,,443,45734,0,1358,17
1588617021.7568474,173.194.188.105,10.10.0.10,,,443,45734,0,1358,17
1588617021.75846,10.10.0.10,173.194.188.105,,,45734,443,0,37,17
1588617021.7622864,173.194.188.105,10.10.0.10,,,443,45734,0,1358,17
1588617021.76773,173.194.188.105,10.10.0.10,,,443,45734,0,1358,17
1588617021.769903,10.10.0.10,173.194.188.105,,,45734,443,0,37,17
1588617021.7731712,173.194.188.105,10.10.0.10,,,443,45734,0,1358,17
1588617021.778567,173.194.188.105,10.10.0.10,,,443,45734,0,1358,17
1588617021.780414,10.10.0.10,173.194.188.105,,,45734,443,0,37,17
1588617021.784006,173.194.188.105,10.10.0.10,,,443,45734,0,1358,17
1588617021.78949,173.194.188.105,10.10.0.10,,,443,45734,0,1358,17
1588617021.791003,10.10.0.10,173.194.188.105,,,45734,443,0,37,17
1588617021.79493,173.194.188.105,10.10.0.10,,,443,45734,0,1358,17
1588617021.800369,173.194.188.105,10.10.0.10,,,443,45734,0,1358,17
1588617021.8022714,10.10.0.10,173.194.188.105,,,45734,443,0,37,17
1588617021.805811,173.194.188.105,10.10.0.10,,,443,45734,0,1358,17
1588617021.811248,173.194.188.105,10.10.0.10,,,443,45734,0,1358,17
1588617021.813343,10.10.0.10,173.194.188.105,,,45734,443,0,37,17
1588617021.816689,173.194.188.105,10.10.0.10,,,443,45734,0,1358,17
1588617021.822129,173.194.188.105,10.10.0.10,,,443,45734,0,1358,17
1588617021.825351,10.10.0.10,173.194.188.105,,,45734,443,0,37,17
1588617021.827575,173.194.188.105,10.10.0.10,,,443,45734,0,1358,17
1588617021.833016,173.194.188.105,10.10.0.10,,,443,45734,0,1358,17
1588617021.834754,10.10.0.10,173.194.188.105,,,45734,443,0,37,17
1588617021.838455,173.194.188.105,10.10.0.10,,,443,45734,0,1358,17
1588617021.8438964,173.194.188.105,10.10.0.10,,,443,45734,0,1358,17
1588617021.8460221,10.10.0.10,173.194.188.105,,,45734,443,0,50,17
1588617021.8493464,173.194.188.105,10.10.0.10,,,443,45734,0,1358,17
1588617021.854776,173.194.188.105,10.10.0.10,,,443,45734,0,1358,17
1588617021.85721,10.10.0.10,173.194.188.105,,,45734,443,0,37,17
1588617021.8602178,173.194.188.105,10.10.0.10,,,443,45734,0,1358,17
1588617021.8656561,173.194.188.105,10.10.0.10,,,443,45734,0,1358,17
1588617021.867359,10.10.0.10,173.194.188.105,,,45734,443,0,37,17
1588617021.8711011,173.194.188.105,10.10.0.10,,,443,45734,0,1358,17
1588617021.876539,173.194.188.105,10.10.0.10,,,443,45734,0,1358,17
1588617021.87823,10.10.0.10,173.194.188.105,,,45734,443,0,37,17
1588617021.881967,173.194.188.105,10.10.0.10,,,443,45734,0,1358,17
1588617021.887418,173.194.188.105,10.10.0.10,,,443,45734,0,1358,17
1588617021.889007,10.10.0.10,173.194.188.105,,,45734,443,0,37,17
1588617021.892857,173.194.188.105,10.10.0.10,,,443,45734,0,1358,17
1588617021.8983002,173.194.188.105,10.10.0.10,,,443,45734,0,1358,17
1588617021.9020288,10.10.0.10,173.194.188.105,,,45734,443,0,37,17
1588617021.9037368,173.194.188.105,10.10.0.10,,,443,45734,0,1358,17
1588617021.909178,173.194.188.105,10.10.0.10,,,443,45734,0,1358,17
1588617021.911314,10.10.0.10,173.194.188.105,,,45734,443,0,37,17
1588617021.914621,173.194.188.105,10.10.0.10,,,443,45734,0,1358,17
1588617021.9200602,173.194.188.105,10.10.0.10,,,443,45734,0,29,17
1588617021.920272,173.194.188.105,10.10.0.10,,,443,45734,0,1358,17
1588617021.922106,10.10.0.10,173.194.188.105,,,45734,443,0,37,17
1588617021.925745,173.194.188.105,10.10.0.10,,,443,45734,0,1358,17
1588617021.931185,173.194.188.105,10.10.0.10,,,443,45734,0,1358,17
1588617021.9330616,10.10.0.10,173.194.188.105,,,45734,443,0,37,17
1588617021.936625,173.194.188.105,10.10.0.10,,,443,45734,0,1358,17
1588617021.942069,173.194.188.105,10.10.0.10,,,443,45734,0,1358,17
1588617021.9453251,10.10.0.10,173.194.188.105,,,45734,443,0,37,17
1588617021.947506,173.194.188.105,10.10.0.10,,,443,45734,0,1358,17
1588617021.9529018,173.194.188.105,10.10.0.10,,,443,45734,0,1358,17
1588617021.954491,10.10.0.10,173.194.188.105,,,45734,443,0,37,17
1588617021.958385,173.194.188.105,10.10.0.10,,,443,45734,0,1358,17
1588617021.963825,173.194.188.105,10.10.0.10,,,443,45734,0,1358,17
1588617021.965439,10.10.0.10,173.194.188.105,,,45734,443,0,37,17
1588617021.969269,173.194.188.105,10.10.0.10,,,443,45734,0,1358,17
1588617021.974709,173.194.188.105,10.10.0.10,,,443,45734,0,1358,17
1588617021.976438,10.10.0.10,173.194.188.105,,,45734,443,0,37,17
1588617021.980149,173.194.188.105,10.10.0.10,,,443,45734,0,1358,17
1588617021.98559,173.194.188.105,10.10.0.10,,,443,45734,0,1358,17
1588617021.9875731,10.10.0.10,173.194.188.105,,,45734,443,0,37,17
1588617021.991026,173.194.188.105,10.10.0.10,,,443,45734,0,1358,17
1588617021.9964714,173.194.188.105,10.10.0.10,,,443,45734,0,1358,17
1588617021.997999,10.10.0.10,173.194.188.105,,,45734,443,0,37,17
1588617022.001849,173.194.188.105,10.10.0.10,,,443,45734,0,1358,17
1588617022.0073473,173.194.188.105,10.10.0.10,,,443,45734,0,1358,17
1588617022.008884,10.10.0.10,173.194.188.105,,,45734,443,0,37,17
1588617022.01279,173.194.188.105,10.10.0.10,,,443,45734,0,1358,17
1588617022.018232,173.194.188.105,10.10.0.10,,,443,45734,0,1358,17
1588617022.023675,173.194.188.105,10.10.0.10,,,443,45734,0,1358,17
1588617022.0291116,173.194.188.105,10.10.0.10,,,443,45734,0,1358,17
1588617022.0345511,173.194.188.105,10.10.0.10,,,443,45734,0,1358,17
1588617022.039995,173.194.188.105,10.10.0.10,,,443,45734,0,1358,17
1588617022.045435,173.194.188.105,10.10.0.10,,,443,45734,0,1358,17
1588617022.050873,173.194.188.105,10.10.0.10,,,443,45734,0,1358,17
1588617022.056313,173.194.188.105,10.10.0.10,,,443,45734,0,1358,17
1588617022.0617518,173.194.188.105,10.10.0.10,,,443,45734,0,1358,17
1588617022.067197,173.194.188.105,10.10.0.10,,,443,45734,0,1358,17
1588617022.0726366,173.194.188.105,10.10.0.10,,,443,45734,0,1358,17
1588617022.078076,173.194.188.105,10.10.0.10,,,443,45734,0,1358,17
1588617022.0835161,173.194.188.105,10.10.0.10,,,443,45734,0,1358,17
1588617022.088956,173.194.188.105,10.10.0.10,,,443,45734,0,1358,17
1588617022.094396,173.194.188.105,10.10.0.10,,,443,45734,0,1358,17
1588617022.099833,173.194.188.105,10.10.0.10,,,443,45734,0,1358,17
1588617022.100827,10.10.0.10,173.194.188.105,,,45734,443,0,37,17
1588617022.102205,10.10.0.10,173.194.188.105,,,45734,443,0,37,17
1588617022.1027539,10.10.0.10,173.194.188.105,,,45734,443,0,37,17
1588617022.104743,10.10.0.10,173.194.188.105,,,45734,443,0,37,17
1588617022.1052132,173.194.188.105,10.10.0.10,,,443,45734,0,1358,17
1588617022.105349,10.10.0.10,173.194.188.105,,,45734,443,0,50,17
1588617022.105994,10.10.0.10,173.194.188.105,,,45734,443,0,37,17
1588617022.1075132,10.10.0.10,173.194.188.105,,,45734,443,0,37,17
1588617022.108175,10.10.0.10,173.194.188.105,,,45734,443,0,37,17
1588617022.109298,10.10.0.10,173.194.188.105,,,45734,443,0,37,17
1588617022.110729,173.194.188.105,10.10.0.10,,,443,45734,0,1358,17
1588617022.116158,173.194.188.105,10.10.0.10,,,443,45734,0,1358,17
1588617022.1178179,10.10.0.10,173.194.188.105,,,45734,443,0,37,17
1588617022.121595,173.194.188.105,10.10.0.10,,,443,45734,0,29,17
1588617022.1217961,173.194.188.105,10.10.0.10,,,443,45734,0,1358,17
1588617022.127254,173.194.188.105,10.10.0.10,,,443,45734,0,1358,17
1588617022.1327238,173.194.188.105,10.10.0.10,,,443,45734,0,1358,17
1588617022.1381636,173.194.188.105,10.10.0.10,,,443,45734,0,1358,17
1588617022.143528,173.194.188.105,10.10.0.10,,,443,45734,0,1358,17
1588617022.149033,173.194.188.105,10.10.0.10,,,443,45734,0,1358,17
1588617022.1544812,173.194.188.105,10.10.0.10,,,443,45734,0,1358,17
1588617022.1599221,173.194.188.105,10.10.0.10,,,443,45734,0,1358,17
1588617022.16532,173.194.188.105,10.10.0.10,,,443,45734,0,1358,17
1588617022.1708019,173.194.188.105,10.10.0.10,,,443,45734,0,1358,17
1588617022.1762464,173.194.188.105,10.10.0.10,,,443,45734,0,1358,17
1588617022.181691,173.194.188.105,10.10.0.10,,,443,45734,0,1358,17
1588617022.1871223,173.194.188.105,10.10.0.10,,,443,45734,0,1358,17
1588617022.1925662,173.194.188.105,10.10.0.10,,,443,45734,0,1358,17
1588617022.198007,173.194.188.105,10.10.0.10,,,443,45734,0,1358,17
1588617022.2034461,173.194.188.105,10.10.0.10,,,443,45734,0,1358,17
1588617022.2088866,173.194.188.105,10.10.0.10,,,443,45734,0,1358,17
1588617022.214322,173.194.188.105,10.10.0.10,,,443,45734,0,1358,17
1588617022.219767,173.194.188.105,10.10.0.10,,,443,45734,0,1358,17
1588617022.225207,173.194.188.105,10.10.0.10,,,443,45734,0,1358,17
1588617022.230647,173.194.188.105,10.10.0.10,,,443,45734,0,1358,17
1588617022.2360852,173.194.188.105,10.10.0.10,,,443,45734,0,1358,17
1588617022.301373,10.10.0.10,173.194.188.105,,,45734,443,0,37,17
1588617022.302783,10.10.0.10,173.194.188.105,,,45734,443,0,37,17
1588617022.3048909,10.10.0.10,173.194.188.105,,,45734,443,0,37,17
1588617022.3058202,173.194.188.105,10.10.0.10,,,443,45734,0,1358,17
1588617022.3058758,173.194.188.105,10.10.0.10,,,443,45734,0,1358,17
1588617022.3066268,10.10.0.10,173.194.188.105,,,45734,443,0,37,17
1588617022.308616,10.10.0.10,173.194.188.105,,,45734,443,0,37,17
1588617022.308919,10.10.0.10,173.194.188.105,,,45734,443,0,37,17
1588617022.3103228,10.10.0.10,173.194.188.105,,,45734,443,0,37,17
1588617022.3109279,10.10.0.10,173.194.188.105,,,45734,443,0,37,17
1588617022.312782,10.10.0.10,173.194.188.105,,,45734,443,0,37,17
1588617022.3138409,10.10.0.10,173.194.188.105,,,45734,443,0,37,17
1588617022.320859,10.10.0.10,173.194.188.105,,,45734,443,0,37,17
1588617022.320983,173.194.188.105,10.10.0.10,,,443,45734,0,1358,17
1588617022.3210301,173.194.188.105,10.10.0.10,,,443,45734,0,1358,17
1588617022.3213036,10.10.0.10,173.194.188.105,,,45734,443,0,37,17
1588617022.3229866,10.10.0.10,173.194.188.105,,,45734,443,0,37,17
1588617022.327284,173.194.188.105,10.10.0.10,,,443,45734,0,1358,17
1588617022.3310714,173.194.188.105,10.10.0.10,,,443,45734,0,1358,17
1588617022.332695,10.10.0.10,173.194.188.105,,,45734,443,0,37,17
1588617022.3365085,173.194.188.105,10.10.0.10,,,443,45734,0,1358,17
1588617022.3419359,173.194.188.105,10.10.0.10,,,443,45734,0,1358,17
1588617022.3434439,10.10.0.10,173.194.188.105,,,45734,443,0,50,17
1588617022.3473885,173.194.188.105,10.10.0.10,,,443,45734,0,1358,17
1588617022.3528569,173.194.188.105,10.10.0.10,,,443,45734,0,1358,17
1588617022.3545089,10.10.0.10,173.194.188.105,,,45734,443,0,37,17
1588617022.3583262,173.194.188.105,10.10.0.10,,,443,45734,0,1358,17
1588617022.363769,173.194.188.105,10.10.0.10,,,443,45734,0,1358,17
1588617022.3653958,10.10.0.10,173.194.188.105,,,45734,443,0,37,17
1588617022.369211,173.194.188.105,10.10.0.10,,,443,45734,0,1358,17
1588617022.374651,173.194.188.105,10.10.0.10,,,443,45734,0,1358,17
1588617022.376326,10.10.0.10,173.194.188.105,,,45734,443,0,37,17
1588617022.38009,173.194.188.105,10.10.0.10,,,443,45734,0,1358,17
1588617022.3854988,173.194.188.105,10.10.0.10,,,443,45734,0,1358,17
1588617022.3871331,10.10.0.10,173.194.188.105,,,45734,443,0,37,17
1588617022.3909671,173.194.188.105,10.10.0.10,,,443,45734,0,1358,17
1588617022.3964071,173.194.188.105,10.10.0.10,,,443,45734,0,1358,17
1588617022.397954,10.10.0.10,173.194.188.105,,,45734,443,0,37,17
1588617022.401848,173.194.188.105,10.10.0.10,,,443,45734,0,1358,17
1588617022.407291,173.194.188.105,10.10.0.10,,,443,45734,0,1358,17
1588617022.408914,10.10.0.10,173.194.188.105,,,45734,443,0,37,17
1588617022.4127312,173.194.188.105,10.10.0.10,,,443,45734,0,1358,17
1588617022.418119,173.194.188.105,10.10.0.10,,,443,45734,0,1358,17
1588617022.4199634,10.10.0.10,173.194.188.105,,,45734,443,0,37,17
1588617022.4235628,173.194.188.105,10.10.0.10,,,443,45734,0,1358,17
1588617022.4286668,173.194.188.105,10.10.0.10,,,443,45734,0,1358,17
1588617022.4306188,10.10.0.10,173.194.188.105,,,45734,443,0,37,17
1588617022.4338331,173.194.188.105,10.10.0.10,,,443,45734,0,1358,17
1588617022.438961,173.194.188.105,10.10.0.10,,,443,45734,0,1358,17
1588617022.4412599,10.10.0.10,173.194.188.105,,,45734,443,0,37,17
1588617022.4441242,173.194.188.105,10.10.0.10,,,443,45734,0,1358,17
1588617022.449235,173.194.188.105,10.10.0.10,,,443,45734,0,1358,17
1588617022.4509082,10.10.0.10,173.194.188.105,,,45734,443,0,37,17
1588617022.454356,173.194.188.105,10.10.0.10,,,443,45734,0,1358,17
1588617022.4595196,173.194.188.105,10.10.0.10,,,443,45734,0,1358,17
1588617022.461787,10.10.0.10,173.194.188.105,,,45734,443,0,37,17
1588617022.464649,173.194.188.105,10.10.0.10,,,443,45734,0,1358,17
1588617022.4697769,173.194.188.105,10.10.0.10,,,443,45734,0,1358,17
1588617022.4716039,10.10.0.10,173.194.188.105,,,45734,443,0,37,17
1588617022.474907,173.194.188.105,10.10.0.10,,,443,45734,0,1358,17
1588617022.4800372,173.194.188.105,10.10.0.10,,,443,45734,0,1358,17
1588617022.4819179,10.10.0.10,173.194.188.105,,,45734,443,0,37,17
1588617022.485169,173.194.188.105,10.10.0.10,,,443,45734,0,1358,17
1588617022.490259,173.194.188.105,10.10.0.10,,,443,45734,0,1358,17
1588617022.492234,10.10.0.10,173.194.188.105,,,45734,443,0,37,17
1588617022.49543,173.194.188.105,10.10.0.10,,,443,45734,0,1358,17
1588617022.5005548,173.194.188.105,10.10.0.10,,,443,45734,0,1358,17
1588617022.502344,10.10.0.10,173.194.188.105,,,45734,443,0,37,17
1588617022.505687,173.194.188.105,10.10.0.10,,,443,45734,0,1358,17
1588617022.510816,173.194.188.105,10.10.0.10,,,443,45734,0,1358,17
1588617022.5124602,10.10.0.10,173.194.188.105,,,45734,443,0,37,17
1588617022.51595,173.194.188.105,10.10.0.10,,,443,45734,0,1358,17
1588617022.5210755,173.194.188.105,10.10.0.10,,,443,45734,0,1358,17
1588617022.522898,10.10.0.10,173.194.188.105,,,45734,443,0,37,17
1588617022.5262098,173.194.188.105,10.10.0.10,,,443,45734,0,1358,17
1588617022.531338,173.194.188.105,10.10.0.10,,,443,45734,0,1358,17
1588617022.533254,10.10.0.10,173.194.188.105,,,45734,443,0,37,17
1588617022.536392,173.194.188.105,10.10.0.10,,,443,45734,0,1358,17
1588617022.5415962,173.194.188.105,10.10.0.10,,,443,45734,0,1358,17
1588617022.543982,10.10.0.10,173.194.188.105,,,45734,443,0,37,17
1588617022.5466852,173.194.188.105,10.10.0.10,,,443,45734,0,1358,17
1588617022.55184,173.194.188.105,10.10.0.10,,,443,45734,0,1358,17
1588617022.554296,10.10.0.10,173.194.188.105,,,45734,443,0,50,17
1588617022.55691,173.194.188.105,10.10.0.10,,,443,45734,0,1358,17
1588617022.5620372,173.194.188.105,10.10.0.10,,,443,45734,0,1358,17
1588617022.5641232,10.10.0.10,173.194.188.105,,,45734,443,0,37,17
1588617022.567168,173.194.188.105,10.10.0.10,,,443,45734,0,1358,17
1588617022.572319,173.194.188.105,10.10.0.10,,,443,45734,0,1358,17
1588617022.5741706,10.10.0.10,173.194.188.105,,,45734,443,0,37,17
1588617022.5774202,173.194.188.105,10.10.0.10,,,443,45734,0,1358,17
1588617022.58255,173.194.188.105,10.10.0.10,,,443,45734,0,1358,17
1588617022.5846589,10.10.0.10,173.194.188.105,,,45734,443,0,37,17
1588617022.5877151,173.194.188.105,10.10.0.10,,,443,45734,0,1358,17
1588617022.592808,173.194.188.105,10.10.0.10,,,443,45734,0,1358,17
1588617022.594385,10.10.0.10,173.194.188.105,,,45734,443,0,37,17
1588617022.5979972,173.194.188.105,10.10.0.10,,,443,45734,0,1358,17
1588617022.6031306,173.194.188.105,10.10.0.10,,,443,45734,0,1358,17
1588617022.6047652,10.10.0.10,173.194.188.105,,,45734,443,0,37,17
1588617022.60823,173.194.188.105,10.10.0.10,,,443,45734,0,1358,17
1588617022.613391,173.194.188.105,10.10.0.10,,,443,45734,0,1358,17
1588617022.6150231,10.10.0.10,173.194.188.105,,,45734,443,0,37,17
1588617022.618474,173.194.188.105,10.10.0.10,,,443,45734,0,1358,17
1588617022.6235876,173.194.188.105,10.10.0.10,,,443,45734,0,1358,17
1588617022.625256,10.10.0.10,173.194.188.105,,,45734,443,0,37,17
1588617022.6287296,173.194.188.105,10.10.0.10,,,443,45734,0,1358,17
1588617022.633858,173.194.188.105,10.10.0.10,,,443,45734,0,1358,17
1588617022.6354668,10.10.0.10,173.194.188.105,,,45734,443,0,37,17
1588617022.6390042,173.194.188.105,10.10.0.10,,,443,45734,0,29,17
1588617022.639232,173.194.188.105,10.10.0.10,,,443,45734,0,1358,17
1588617022.6443946,173.194.188.105,10.10.0.10,,,443,45734,0,1358,17
1588617022.645969,10.10.0.10,173.194.188.105,,,45734,443,0,37,17
1588617022.649526,173.194.188.105,10.10.0.10,,,443,45734,0,1358,17
1588617022.654598,173.194.188.105,10.10.0.10,,,443,45734,0,1358,17
1588617022.6560829,10.10.0.10,173.194.188.105,,,45734,443,0,37,17
1588617022.6597242,173.194.188.105,10.10.0.10,,,443,45734,0,1358,17
1588617022.6648614,173.194.188.105,10.10.0.10,,,443,45734,0,1358,17
1588617022.6699948,173.194.188.105,10.10.0.10,,,443,45734,0,1358,17
1588617022.670995,10.10.0.10,173.194.188.105,,,45734,443,0,37,17
1588617022.675127,173.194.188.105,10.10.0.10,,,443,45734,0,1358,17
1588617022.6766698,10.10.0.10,173.194.188.105,,,45734,443,0,37,17
1588617022.6802962,173.194.188.105,10.10.0.10,,,443,45734,0,1358,17
1588617022.685368,173.194.188.105,10.10.0.10,,,443,45734,0,1358,17
1588617022.687135,10.10.0.10,173.194.188.105,,,45734,443,0,37,17
1588617022.690524,173.194.188.105,10.10.0.10,,,443,45734,0,1358,17
1588617022.695658,173.194.188.105,10.10.0.10,,,443,45734,0,1358,17
1588617022.700815,173.194.188.105,10.10.0.10,,,443,45734,0,1358,17
1588617022.702816,10.10.0.10,173.194.188.105,,,45734,443,0,37,17
1588617022.705889,173.194.188.105,10.10.0.10,,,443,45734,0,1358,17
1588617022.7085412,10.10.0.10,173.194.188.105,,,45734,443,0,37,17
1588617022.711074,173.194.188.105,10.10.0.10,,,443,45734,0,1358,17
1588617022.716203,173.194.188.105,10.10.0.10,,,443,45734,0,1358,17
1588617022.721333,173.194.188.105,10.10.0.10,,,443,45734,0,1358,17
1588617022.726463,173.194.188.105,10.10.0.10,,,443,45734,0,1358,17
1588617022.731575,173.194.188.105,10.10.0.10,,,443,45734,0,1358,17
1588617022.736722,173.194.188.105,10.10.0.10,,,443,45734,0,1358,17
1588617022.7418456,173.194.188.105,10.10.0.10,,,443,45734,0,1358,17
1588617022.74351,10.10.0.10,173.194.188.105,,,45734,443,0,37,17
1588617022.745546,10.10.0.10,173.194.188.105,,,45734,443,0,37,17
1588617022.746983,173.194.188.105,10.10.0.10,,,443,45734,0,1358,17
1588617022.7479632,10.10.0.10,173.194.188.105,,,45734,443,0,37,17
1588617022.7485158,10.10.0.10,173.194.188.105,,,45734,443,0,37,17
1588617022.752072,173.194.188.105,10.10.0.10,,,443,45734,0,1358,17
1588617022.75724,173.194.188.105,10.10.0.10,,,443,45734,0,1358,17
1588617022.7589011,10.10.0.10,173.194.188.105,,,45734,443,0,50,17
1588617022.7623699,173.194.188.105,10.10.0.10,,,443,45734,0,1358,17
1588617022.767498,173.194.188.105,10.10.0.10,,,443,45734,0,1358,17
1588617022.76915,10.10.0.10,173.194.188.105,,,45734,443,0,37,17
1588617022.7726269,173.194.188.105,10.10.0.10,,,443,45734,0,1358,17
1588617022.7777562,173.194.188.105,10.10.0.10,,,443,45734,0,1358,17
1588617022.78115,10.10.0.10,173.194.188.105,,,45734,443,0,37,17
1588617022.782886,173.194.188.105,10.10.0.10,,,443,45734,0,1358,17
1588617022.7879891,173.194.188.105,10.10.0.10,,,443,45734,0,1358,17
1588617022.7900188,10.10.0.10,173.194.188.105,,,45734,443,0,37,17
1588617022.7931492,173.194.188.105,10.10.0.10,,,443,45734,0,1358,17
1588617022.7982788,173.194.188.105,10.10.0.10,,,443,45734,0,1358,17
1588617022.800031,10.10.0.10,173.194.188.105,,,45734,443,0,37,17
1588617022.803408,173.194.188.105,10.10.0.10,,,443,45734,0,1358,17
1588617022.80854,173.194.188.105,10.10.0.10,,,443,45734,0,1358,17
1588617022.810427,10.10.0.10,173.194.188.105,,,45734,443,0,37,17
1588617022.8136668,173.194.188.105,10.10.0.10,,,443,45734,0,1358,17
1588617022.8188062,173.194.188.105,10.10.0.10,,,443,45734,0,1358,17
1588617022.820678,10.10.0.10,173.194.188.105,,,45734,443,0,37,17
1588617022.8239286,173.194.188.105,10.10.0.10,,,443,45734,0,1358,17
1588617022.8290539,173.194.188.105,10.10.0.10,,,443,45734,0,1358,17
1588617022.832176,10.10.0.10,173.194.188.105,,,45734,443,0,37,17
1588617022.834193,173.194.188.105,10.10.0.10,,,443,45734,0,1358,17
1588617022.839315,173.194.188.105,10.10.0.10,,,443,45734,0,1358,17
1588617022.8413038,10.10.0.10,173.194.188.105,,,45734,443,0,37,17
1588617022.8444445,173.194.188.105,10.10.0.10,,,443,45734,0,1358,17
1588617022.8495538,173.194.188.105,10.10.0.10,,,443,45734,0,1358,17
1588617022.8531332,10.10.0.10,173.194.188.105,,,45734,443,0,37,17
1588617022.8546786,173.194.188.105,10.10.0.10,,,443,45734,0,1358,17
1588617022.859831,173.194.188.105,10.10.0.10,,,443,45734,0,1358,17
1588617022.863255,10.10.0.10,173.194.188.105,,,45734,443,0,37,17
1588617022.864939,173.194.188.105,10.10.0.10,,,443,45734,0,29,17
1588617022.865133,173.194.188.105,10.10.0.10,,,443,45734,0,1358,17
1588617022.870323,173.194.188.105,10.10.0.10,,,443,45734,0,1358,17
1588617022.8734488,10.10.0.10,173.194.188.105,,,45734,443,0,37,17
1588617022.8754249,173.194.188.105,10.10.0.10,,,443,45734,0,1358,17
1588617022.880582,173.194.188.105,10.10.0.10,,,443,45734,0,1358,17
1588617022.8857136,173.194.188.105,10.10.0.10,,,443,45734,0,1358,17
1588617022.89084,173.194.188.105,10.10.0.10,,,443,45734,0,1358,17
1588617022.8937948,10.10.0.10,173.194.188.105,,,45734,443,0,37,17
1588617022.8956392,10.10.0.10,173.194.188.105,,,45734,443,0,37,17
1588617022.895943,173.194.188.105,10.10.0.10,,,443,45734,0,1358,17
1588617022.9011002,173.194.188.105,10.10.0.10,,,443,45734,0,1358,17
1588617022.9025972,10.10.0.10,173.194.188.105,,,45734,443,0,37,17
1588617022.906229,173.194.188.105,10.10.0.10,,,443,45734,0,1358,17
1588617022.911362,173.194.188.105,10.10.0.10,,,443,45734,0,1358,17
1588617022.913069,10.10.0.10,173.194.188.105,,,45734,443,0,37,17
1588617022.9164894,173.194.188.105,10.10.0.10,,,443,45734,0,1358,17
1588617022.921617,173.194.188.105,10.10.0.10,,,443,45734,0,1358,17
1588617022.923208,10.10.0.10,173.194.188.105,,,45734,443,0,37,17
1588617022.9267485,173.194.188.105,10.10.0.10,,,443,45734,0,1358,17
1588617022.9318569,173.194.188.105,10.10.0.10,,,443,45734,0,1358,17
1588617022.933884,10.10.0.10,173.194.188.105,,,45734,443,0,37,17
1588617022.937006,173.194.188.105,10.10.0.10,,,443,45734,0,1358,17
1588617022.9421196,173.194.188.105,10.10.0.10,,,443,45734,0,1358,17
1588617022.943969,10.10.0.10,173.194.188.105,,,45734,443,0,37,17
1588617022.947266,173.194.188.105,10.10.0.10,,,443,45734,0,1358,17
1588617022.9523628,173.194.188.105,10.10.0.10,,,443,45734,0,1358,17
1588617022.954297,10.10.0.10,173.194.188.105,,,45734,443,0,37,17
1588617022.9575322,173.194.188.105,10.10.0.10,,,443,45734,0,1358,17
1588617022.962659,173.194.188.105,10.10.0.10,,,443,45734,0,1358,17
1588617022.9644818,10.10.0.10,173.194.188.105,,,45734,443,0,50,17
1588617022.967797,173.194.188.105,10.10.0.10,,,443,45734,0,1358,17
1588617022.972918,173.194.188.105,10.10.0.10,,,443,45734,0,1358,17
1588617022.974503,10.10.0.10,173.194.188.105,,,45734,443,0,37,17
1588617022.9780474,173.194.188.105,10.10.0.10,,,443,45734,0,1358,17
1588617022.983178,173.194.188.105,10.10.0.10,,,443,45734,0,1358,17
1588617022.9848151,10.10.0.10,173.194.188.105,,,45734,443,0,37,17
1588617022.9883056,173.194.188.105,10.10.0.10,,,443,45734,0,1358,17
1588617022.993405,173.194.188.105,10.10.0.10,,,443,45734,0,1358,17
1588617022.994982,10.10.0.10,173.194.188.105,,,45734,443,0,37,17
1588617022.9985301,173.194.188.105,10.10.0.10,,,443,45734,0,1358,17
1588617023.003695,173.194.188.105,10.10.0.10,,,443,45734,0,1358,17
1588617023.005223,10.10.0.10,173.194.188.105,,,45734,443,0,37,17
1588617023.0087938,173.194.188.105,10.10.0.10,,,443,45734,0,1358,17
1588617023.013953,173.194.188.105,10.10.0.10,,,443,45734,0,1358,17
1588617023.016712,10.10.0.10,173.194.188.105,,,45734,443,0,37,17
1588617023.0190525,173.194.188.105,10.10.0.10,,,443,45734,0,1358,17
1588617023.024213,173.194.188.105,10.10.0.10,,,443,45734,0,1358,17
1588617023.025987,10.10.0.10,173.194.188.105,,,45734,443,0,37,17
1588617023.0293438,173.194.188.105,10.10.0.10,,,443,45734,0,1358,17
1588617023.034472,173.194.188.105,10.10.0.10,,,443,45734,0,1358,17
1588617023.0361214,10.10.0.10,173.194.188.105,,,45734,443,0,37,17
1588617023.039604,173.194.188.105,10.10.0.10,,,443,45734,0,1358,17
1588617023.044733,173.194.188.105,10.10.0.10,,,443,45734,0,1358,17
1588617023.0468,10.10.0.10,173.194.188.105,,,45734,443,0,37,17
1588617023.049863,173.194.188.105,10.10.0.10,,,443,45734,0,1358,17
1588617023.054989,173.194.188.105,10.10.0.10,,,443,45734,0,1358,17
1588617023.056585,10.10.0.10,173.194.188.105,,,45734,443,0,37,17
1588617023.060123,173.194.188.105,10.10.0.10,,,443,45734,0,1358,17
1588617023.065208,173.194.188.105,10.10.0.10,,,443,45734,0,1358,17
1588617023.06851,10.10.0.10,173.194.188.105,,,45734,443,0,37,17
1588617023.0703769,173.194.188.105,10.10.0.10,,,443,45734,0,1358,17
1588617023.075506,173.194.188.105,10.10.0.10,,,443,45734,0,1358,17
1588617023.077401,10.10.0.10,173.194.188.105,,,45734,443,0,37,17
1588617023.0806372,173.194.188.105,10.10.0.10,,,443,45734,0,1358,17
1588617023.0857446,173.194.188.105,10.10.0.10,,,443,45734,0,1358,17
1588617023.087609,10.10.0.10,173.194.188.105,,,45734,443,0,37,17
1588617023.0908961,173.194.188.105,10.10.0.10,,,443,45734,0,29,17
1588617023.0910842,173.194.188.105,10.10.0.10,,,443,45734,0,1358,17
1588617023.096257,173.194.188.105,10.10.0.10,,,443,45734,0,1358,17
1588617023.09899,10.10.0.10,173.194.188.105,,,45734,443,0,37,17
1588617023.1013868,173.194.188.105,10.10.0.10,,,443,45734,0,1358,17
1588617023.106519,173.194.188.105,10.10.0.10,,,443,45734,0,1358,17
1588617023.108256,10.10.0.10,173.194.188.105,,,45734,443,0,37,17
1588617023.111649,173.194.188.105,10.10.0.10,,,443,45734,0,1358,17
1588617023.116778,173.194.188.105,10.10.0.10,,,443,45734,0,1358,17
1588617023.1188602,10.10.0.10,173.194.188.105,,,45734,443,0,37,17
1588617023.121908,173.194.188.105,10.10.0.10,,,443,45734,0,1358,17
1588617023.1269689,173.194.188.105,10.10.0.10,,,443,45734,0,1358,17
1588617023.1285732,10.10.0.10,173.194.188.105,,,45734,443,0,37,17
1588617023.1321628,173.194.188.105,10.10.0.10,,,443,45734,0,1358,17
1588617023.1372268,173.194.188.105,10.10.0.10,,,443,45734,0,1358,17
1588617023.138839,10.10.0.10,173.194.188.105,,,45734,443,0,37,17
1588617023.142426,173.194.188.105,10.10.0.10,,,443,45734,0,1358,17
1588617023.147552,173.194.188.105,10.10.0.10,,,443,45734,0,1358,17
1588617023.149399,10.10.0.10,173.194.188.105,,,45734,443,0,37,17
1588617023.1526842,173.194.188.105,10.10.0.10,,,443,45734,0,1358,17
1588617023.15781,173.194.188.105,10.10.0.10,,,443,45734,0,1358,17
1588617023.1592932,10.10.0.10,173.194.188.105,,,45734,443,0,37,17
1588617023.1629422,173.194.188.105,10.10.0.10,,,443,45734,0,1358,17
1588617023.1680698,173.194.188.105,10.10.0.10,,,443,45734,0,1358,17
1588617023.1697538,10.10.0.10,173.194.188.105,,,45734,443,0,50,17
1588617023.173202,173.194.188.105,10.10.0.10,,,443,45734,0,1358,17
1588617023.1783302,173.194.188.105,10.10.0.10,,,443,45734,0,1358,17
1588617023.1801288,10.10.0.10,173.194.188.105,,,45734,443,0,37,17
1588617023.1834614,173.194.188.105,10.10.0.10,,,443,45734,0,1358,17
1588617023.188545,173.194.188.105,10.10.0.10,,,443,45734,0,1358,17
1588617023.191233,10.10.0.10,173.194.188.105,,,45734,443,0,37,17
1588617023.1937196,173.194.188.105,10.10.0.10,,,443,45734,0,1358,17
1588617023.198846,173.194.188.105,10.10.0.10,,,443,45734,0,1358,17
1588617023.2007332,10.10.0.10,173.194.188.105,,,45734,443,0,37,17
1588617023.203975,173.194.188.105,10.10.0.10,,,443,45734,0,1358,17
1588617023.209108,173.194.188.105,10.10.0.10,,,443,45734,0,1358,17
1588617023.2108588,10.10.0.10,173.194.188.105,,,45734,443,0,37,17
1588617023.2142372,173.194.188.105,10.10.0.10,,,443,45734,0,1358,17
1588617023.219368,173.194.188.105,10.10.0.10,,,443,45734,0,1358,17
1588617023.221172,10.10.0.10,173.194.188.105,,,45734,443,0,37,17
1588617023.2244961,173.194.188.105,10.10.0.10,,,443,45734,0,1358,17
1588617023.229626,173.194.188.105,10.10.0.10,,,443,45734,0,1358,17
1588617023.231386,10.10.0.10,173.194.188.105,,,45734,443,0,37,17
1588617023.2347548,173.194.188.105,10.10.0.10,,,443,45734,0,1358,17
1588617023.23988,173.194.188.105,10.10.0.10,,,443,45734,0,1358,17
1588617023.2415235,10.10.0.10,173.194.188.105,,,45734,443,0,37,17
1588617023.2450142,173.194.188.105,10.10.0.10,,,443,45734,0,1358,17
1588617023.250143,173.194.188.105,10.10.0.10,,,443,45734,0,1358,17
1588617023.252234,10.10.0.10,173.194.188.105,,,45734,443,0,37,17
1588617023.2552724,173.194.188.105,10.10.0.10,,,443,45734,0,1358,17
1588617023.260399,173.194.188.105,10.10.0.10,,,443,45734,0,1358,17
1588617023.262127,10.10.0.10,173.194.188.105,,,45734,443,0,37,17
1588617023.2655306,173.194.188.105,10.10.0.10,,,443,45734,0,1358,17
1588617023.2706606,173.194.188.105,10.10.0.10,,,443,45734,0,1358,17
1588617023.272485,10.10.0.10,173.194.188.105,,,45734,443,0,37,17
1588617023.27579,173.194.188.105,10.10.0.10,,,443,45734,0,1358,17
1588617023.2809222,173.194.188.105,10.10.0.10,,,443,45734,0,1358,17
1588617023.282754,10.10.0.10,173.194.188.105,,,45734,443,0,37,17
1588617023.2860448,173.194.188.105,10.10.0.10,,,443,45734,0,1358,17
1588617023.2911801,173.194.188.105,10.10.0.10,,,443,45734,0,1358,17
1588617023.2928624,10.10.0.10,173.194.188.105,,,45734,443,0,37,17
1588617023.2963092,173.194.188.105,10.10.0.10,,,443,45734,0,1358,17
1588617023.301438,173.194.188.105,10.10.0.10,,,443,45734,0,29,17
1588617023.3015964,173.194.188.105,10.10.0.10,,,443,45734,0,1358,17
1588617023.3034682,10.10.0.10,173.194.188.105,,,45734,443,0,37,17
1588617023.3068,173.194.188.105,10.10.0.10,,,443,45734,0,1358,17
1588617023.311887,173.194.188.105,10.10.0.10,,,443,45734,0,1358,17
1588617023.3135722,10.10.0.10,173.194.188.105,,,45734,443,0,37,17
1588617023.3170588,173.194.188.105,10.10.0.10,,,443,45734,0,1358,17
1588617023.3221881,173.194.188.105,10.10.0.10,,,443,45734,0,1358,17
1588617023.323969,10.10.0.10,173.194.188.105,,,45734,443,0,37,17
1588617023.3273242,173.194.188.105,10.10.0.10,,,443,45734,0,1358,17
1588617023.332449,173.194.188.105,10.10.0.10,,,443,45734,0,1358,17
1588617023.3345478,10.10.0.10,173.194.188.105,,,45734,443,0,37,17
1588617023.3375788,173.194.188.105,10.10.0.10,,,443,45734,0,1358,17
1588617023.342711,173.194.188.105,10.10.0.10,,,443,45734,0,1358,17
1588617023.3445704,10.10.0.10,173.194.188.105,,,45734,443,0,37,17
1588617023.3478372,173.194.188.105,10.10.0.10,,,443,45734,0,1358,17
1588617023.352925,173.194.188.105,10.10.0.10,,,443,45734,0,1358,17
1588617023.354657,10.10.0.10,173.194.188.105,,,45734,443,0,37,17
1588617023.358095,173.194.188.105,10.10.0.10,,,443,45734,0,1358,17
1588617023.363224,173.194.188.105,10.10.0.10,,,443,45734,0,1358,17
1588617023.3656778,10.10.0.10,173.194.188.105,,,45734,443,0,37,17
1588617023.368353,173.194.188.105,10.10.0.10,,,443,45734,0,1358,17
1588617023.3734848,173.194.188.105,10.10.0.10,,,443,45734,0,1358,17
1588617023.375361,10.10.0.10,173.194.188.105,,,45734,443,0,50,17
1588617023.3785698,173.194.188.105,10.10.0.10,,,443,45734,0,1358,17
1588617023.3837461,173.194.188.105,10.10.0.10,,,443,45734,0,1358,17
1588617023.3858418,10.10.0.10,173.194.188.105,,,45734,443,0,37,17
1588617023.3888738,173.194.188.105,10.10.0.10,,,443,45734,0,1358,17
1588617023.3940039,173.194.188.105,10.10.0.10,,,443,45734,0,1358,17
1588617023.395592,10.10.0.10,173.194.188.105,,,45734,443,0,37,17
1588617023.3991332,173.194.188.105,10.10.0.10,,,443,45734,0,1358,17
1588617023.404259,173.194.188.105,10.10.0.10,,,443,45734,0,1358,17
1588617023.406324,10.10.0.10,173.194.188.105,,,45734,443,0,37,17
1588617023.4093919,173.194.188.105,10.10.0.10,,,443,45734,0,1358,17
1588617023.4145231,173.194.188.105,10.10.0.10,,,443,45734,0,1358,17
1588617023.4168859,10.10.0.10,173.194.188.105,,,45734,443,0,37,17
1588617023.4196508,173.194.188.105,10.10.0.10,,,443,45734,0,1358,17
1588617023.424777,173.194.188.105,10.10.0.10,,,443,45734,0,1358,17
1588617023.427632,10.10.0.10,173.194.188.105,,,45734,443,0,37,17
1588617023.4299068,173.194.188.105,10.10.0.10,,,443,45734,0,1358,17
1588617023.4350364,173.194.188.105,10.10.0.10,,,443,45734,0,1358,17
1588617023.437093,10.10.0.10,173.194.188.105,,,45734,443,0,37,17
1588617023.4401698,173.194.188.105,10.10.0.10,,,443,45734,0,1358,17
1588617023.445299,173.194.188.105,10.10.0.10,,,443,45734,0,1358,17
1588617023.4471278,10.10.0.10,173.194.188.105,,,45734,443,0,37,17
1588617023.4504282,173.194.188.105,10.10.0.10,,,443,45734,0,1358,17
1588617023.455496,173.194.188.105,10.10.0.10,,,443,45734,0,1358,17
1588617023.460655,173.194.188.105,10.10.0.10,,,443,45734,0,1358,17
1588617023.4657958,173.194.188.105,10.10.0.10,,,443,45734,0,1358,17
1588617023.4709492,173.194.188.105,10.10.0.10,,,443,45734,0,1358,17
1588617023.4760828,173.194.188.105,10.10.0.10,,,443,45734,0,1358,17
1588617023.481212,173.194.188.105,10.10.0.10,,,443,45734,0,1358,17
1588617023.4863384,173.194.188.105,10.10.0.10,,,443,45734,0,1358,17
1588617023.491472,173.194.188.105,10.10.0.10,,,443,45734,0,1358,17
1588617023.4965544,173.194.188.105,10.10.0.10,,,443,45734,0,1358,17
1588617023.501732,173.194.188.105,10.10.0.10,,,443,45734,0,1358,17
1588617023.506855,173.194.188.105,10.10.0.10,,,443,45734,0,1358,17
1588617023.511989,173.194.188.105,10.10.0.10,,,443,45734,0,1358,17
1588617023.5171149,173.194.188.105,10.10.0.10,,,443,45734,0,1358,17
1588617023.522248,173.194.188.105,10.10.0.10,,,443,45734,0,1358,17
1588617023.527377,173.194.188.105,10.10.0.10,,,443,45734,0,1358,17
1588617023.532507,173.194.188.105,10.10.0.10,,,443,45734,0,1358,17
1588617023.537632,173.194.188.105,10.10.0.10,,,443,45734,0,1358,17
1588617023.5427651,173.194.188.105,10.10.0.10,,,443,45734,0,1358,17
1588617023.547895,173.194.188.105,10.10.0.10,,,443,45734,0,1358,17
1588617023.553023,173.194.188.105,10.10.0.10,,,443,45734,0,1358,17
1588617023.55815,173.194.188.105,10.10.0.10,,,443,45734,0,1358,17
1588617023.5632515,173.194.188.105,10.10.0.10,,,443,45734,0,1358,17
1588617023.568413,173.194.188.105,10.10.0.10,,,443,45734,0,1358,17
1588617023.573473,173.194.188.105,10.10.0.10,,,443,45734,0,1358,17
1588617023.578591,173.194.188.105,10.10.0.10,,,443,45734,0,1358,17
1588617023.583722,173.194.188.105,10.10.0.10,,,443,45734,0,1358,17
1588617023.638537,10.10.0.10,173.194.188.105,,,45734,443,0,43,17
1588617023.6444259,173.194.188.105,10.10.0.10,,,443,45734,0,29,17
1588617023.72042,173.194.188.105,10.10.0.10,,,443,45734,0,1358,17
1588617023.763289,10.10.0.10,173.194.188.105,,,45734,443,0,37,17
1588617023.7647731,10.10.0.10,173.194.188.105,,,45734,443,0,37,17
1588617023.766669,10.10.0.10,173.194.188.105,,,45734,443,0,37,17
1588617023.7672784,173.194.188.105,10.10.0.10,,,443,45734,0,1358,17
1588617023.7678552,10.10.0.10,173.194.188.105,,,45734,443,0,37,17
1588617023.7707078,10.10.0.10,173.194.188.105,,,45734,443,0,37,17
1588617023.7712376,10.10.0.10,173.194.188.105,,,45734,443,0,37,17
1588617023.771888,10.10.0.10,173.194.188.105,,,45734,443,0,37,17
1588617023.7735212,173.194.188.105,10.10.0.10,,,443,45734,0,1358,17
1588617023.773926,10.10.0.10,173.194.188.105,,,45734,443,0,37,17
1588617023.775497,10.10.0.10,173.194.188.105,,,45734,443,0,37,17
1588617023.7755172,173.194.188.105,10.10.0.10,,,443,45734,0,1358,17
1588617023.77553,10.10.0.10,173.194.188.105,,,45734,443,0,37,17
1588617023.776122,10.10.0.10,173.194.188.105,,,45734,443,0,37,17
1588617023.777576,10.10.0.10,173.194.188.105,,,45734,443,0,37,17
1588617023.777925,173.194.188.105,10.10.0.10,,,443,45734,0,1358,17
1588617023.7797492,10.10.0.10,173.194.188.105,,,45734,443,0,37,17
1588617023.7881882,173.194.188.105,10.10.0.10,,,443,45734,0,1358,17
1588617023.7882292,173.194.188.105,10.10.0.10,,,443,45734,0,1358,17
1588617023.797994,173.194.188.105,10.10.0.10,,,443,45734,0,1358,17
1588617023.79844,173.194.188.105,10.10.0.10,,,443,45734,0,1358,17
1588617023.806313,173.194.188.105,10.10.0.10,,,443,45734,0,1358,17
1588617023.8087358,173.194.188.105,10.10.0.10,,,443,45734,0,1358,17
1588617023.8164544,173.194.188.105,10.10.0.10,,,443,45734,0,1358,17
1588617023.818992,173.194.188.105,10.10.0.10,,,443,45734,0,1358,17
1588617023.8250668,173.194.188.105,10.10.0.10,,,443,45734,0,1358,17
1588617023.8292544,173.194.188.105,10.10.0.10,,,443,45734,0,1358,17
1588617023.8346908,173.194.188.105,10.10.0.10,,,443,45734,0,1358,17
1588617023.839537,173.194.188.105,10.10.0.10,,,443,45734,0,1358,17
1588617023.844609,173.194.188.105,10.10.0.10,,,443,45734,0,1358,17
1588617023.8497722,173.194.188.105,10.10.0.10,,,443,45734,0,1358,17
1588617023.854873,173.194.188.105,10.10.0.10,,,443,45734,0,1358,17
1588617023.8600285,173.194.188.105,10.10.0.10,,,443,45734,0,1358,17
1588617023.8651662,173.194.188.105,10.10.0.10,,,443,45734,0,1358,17
1588617023.870285,173.194.188.105,10.10.0.10,,,443,45734,0,1358,17
1588617023.8747196,10.10.0.10,173.194.188.105,,,45734,443,0,37,17
1588617023.875393,173.194.188.105,10.10.0.10,,,443,45734,0,1358,17
1588617023.877369,10.10.0.10,173.194.188.105,,,45734,443,0,37,17
1588617023.8800428,10.10.0.10,173.194.188.105,,,45734,443,0,37,17
1588617023.8804932,173.194.188.105,10.10.0.10,,,443,45734,0,1358,17
1588617023.881569,10.10.0.10,173.194.188.105,,,45734,443,0,37,17
1588617023.883455,10.10.0.10,173.194.188.105,,,45734,443,0,37,17
1588617023.884077,10.10.0.10,173.194.188.105,,,45734,443,0,37,17
1588617023.884641,10.10.0.10,173.194.188.105,,,45734,443,0,50,17
1588617023.8856602,173.194.188.105,10.10.0.10,,,443,45734,0,1358,17
1588617023.886965,10.10.0.10,173.194.188.105,,,45734,443,0,37,17
1588617023.8880901,10.10.0.10,173.194.188.105,,,45734,443,0,37,17
1588617023.8881311,10.10.0.10,173.194.188.105,,,45734,443,0,37,17
1588617023.8904035,10.10.0.10,173.194.188.105,,,45734,443,0,37,17
1588617023.890568,10.10.0.10,173.194.188.105,,,45734,443,0,37,17
1588617023.890742,173.194.188.105,10.10.0.10,,,443,45734,0,1358,17
1588617023.8927965,10.10.0.10,173.194.188.105,,,45734,443,0,37,17
1588617023.8936439,10.10.0.10,173.194.188.105,,,45734,443,0,37,17
1588617023.895936,173.194.188.105,10.10.0.10,,,443,45734,0,29,17
1588617023.896122,173.194.188.105,10.10.0.10,,,443,45734,0,1358,17
1588617023.9012961,173.194.188.105,10.10.0.10,,,443,45734,0,1358,17
1588617023.906386,173.194.188.105,10.10.0.10,,,443,45734,0,1358,17
1588617023.9115546,173.194.188.105,10.10.0.10,,,443,45734,0,1358,17
1588617023.916656,173.194.188.105,10.10.0.10,,,443,45734,0,1358,17
1588617023.921818,173.194.188.105,10.10.0.10,,,443,45734,0,1358,17
1588617023.926943,173.194.188.105,10.10.0.10,,,443,45734,0,1358,17
1588617023.9320748,173.194.188.105,10.10.0.10,,,443,45734,0,1358,17
1588617023.937204,173.194.188.105,10.10.0.10,,,443,45734,0,1358,17
1588617023.9423358,173.194.188.105,10.10.0.10,,,443,45734,0,1358,17
1588617023.947465,173.194.188.105,10.10.0.10,,,443,45734,0,1358,17
1588617023.9525304,173.194.188.105,10.10.0.10,,,443,45734,0,1358,17
1588617023.957694,173.194.188.105,10.10.0.10,,,443,45734,0,1358,17
1588617023.962818,173.194.188.105,10.10.0.10,,,443,45734,0,1358,17
1588617023.967984,173.194.188.105,10.10.0.10,,,443,45734,0,1358,17
1588617023.973066,173.194.188.105,10.10.0.10,,,443,45734,0,1358,17
1588617023.9782374,173.194.188.105,10.10.0.10,,,443,45734,0,1358,17
1588617023.9833708,173.194.188.105,10.10.0.10,,,443,45734,0,1358,17
1588617023.988503,173.194.188.105,10.10.0.10,,,443,45734,0,1358,17
1588617023.9913518,10.10.0.10,173.194.188.105,,,45734,443,0,37,17
1588617023.9936259,173.194.188.105,10.10.0.10,,,443,45734,0,1358,17
1588617023.998755,173.194.188.105,10.10.0.10,,,443,45734,0,1358,17
1588617024.003887,173.194.188.105,10.10.0.10,,,443,45734,0,1358,17
1588617024.0089831,173.194.188.105,10.10.0.10,,,443,45734,0,1358,17
1588617024.014144,173.194.188.105,10.10.0.10,,,443,45734,0,1358,17
1588617024.019275,173.194.188.105,10.10.0.10,,,443,45734,0,1358,17
1588617024.024361,173.194.188.105,10.10.0.10,,,443,45734,0,1358,17
1588617024.0295331,173.194.188.105,10.10.0.10,,,443,45734,0,1358,17
1588617024.0346658,173.194.188.105,10.10.0.10,,,443,45734,0,1358,17
1588617024.039768,173.194.188.105,10.10.0.10,,,443,45734,0,1358,17
1588617024.044895,173.194.188.105,10.10.0.10,,,443,45734,0,1358,17
1588617024.050051,173.194.188.105,10.10.0.10,,,443,45734,0,1358,17
1588617024.05518,173.194.188.105,10.10.0.10,,,443,45734,0,1358,17
1588617024.1176329,10.10.0.10,173.194.188.105,,,45734,443,0,37,17
1588617024.122056,173.194.188.105,10.10.0.10,,,443,45734,0,1358,17
1588617024.1221054,173.194.188.105,10.10.0.10,,,443,45734,0,1358,17
1588617024.128032,10.10.0.10,173.194.188.105,,,45734,443,0,37,17
1588617024.1301582,10.10.0.10,173.194.188.105,,,45734,443,0,37,17
1588617024.132517,173.194.188.105,10.10.0.10,,,443,45734,0,1358,17
1588617024.132568,173.194.188.105,10.10.0.10,,,443,45734,0,1358,17
1588617024.1331868,10.10.0.10,173.194.188.105,,,45734,443,0,37,17
1588617024.1351779,10.10.0.10,173.194.188.105,,,45734,443,0,37,17
1588617024.13651,10.10.0.10,173.194.188.105,,,45734,443,0,37,17
1588617024.1381798,10.10.0.10,173.194.188.105,,,45734,443,0,37,17
1588617024.1388721,10.10.0.10,173.194.188.105,,,45734,443,0,37,17
1588617024.141272,173.194.188.105,10.10.0.10,,,443,45734,0,1358,17
1588617024.1420908,173.194.188.105,10.10.0.10,,,443,45734,0,1358,17
1588617024.151249,173.194.188.105,10.10.0.10,,,443,45734,0,1358,17
1588617024.1523461,173.194.188.105,10.10.0.10,,,443,45734,0,1358,17
1588617024.161352,173.194.188.105,10.10.0.10,,,443,45734,0,1358,17
1588617024.162607,173.194.188.105,10.10.0.10,,,443,45734,0,1358,17
1588617024.1702259,173.194.188.105,10.10.0.10,,,443,45734,0,1358,17
1588617024.172866,173.194.188.105,10.10.0.10,,,443,45734,0,1358,17
1588617024.180049,173.194.188.105,10.10.0.10,,,443,45734,0,1358,17
1588617024.1831224,173.194.188.105,10.10.0.10,,,443,45734,0,1358,17
1588617024.188446,173.194.188.105,10.10.0.10,,,443,45734,0,1358,17
1588617024.193384,173.194.188.105,10.10.0.10,,,443,45734,0,1358,17
1588617024.2349699,10.10.0.10,173.194.188.105,,,45734,443,0,37,17
1588617024.235022,10.10.0.10,173.194.188.105,,,45734,443,0,37,17
1588617024.2365315,10.10.0.10,173.194.188.105,,,45734,443,0,37,17
1588617024.2384038,10.10.0.10,173.194.188.105,,,45734,443,0,50,17
1588617024.2396605,173.194.188.105,10.10.0.10,,,443,45734,0,1358,17
1588617024.239711,173.194.188.105,10.10.0.10,,,443,45734,0,1358,17
1588617024.2402608,10.10.0.10,173.194.188.105,,,45734,443,0,37,17
1588617024.2418618,10.10.0.10,173.194.188.105,,,45734,443,0,37,17
1588617024.244058,173.194.188.105,10.10.0.10,,,443,45734,0,29,17
1588617024.245508,10.10.0.10,173.194.188.105,,,45734,443,0,37,17
1588617024.246518,10.10.0.10,173.194.188.105,,,45734,443,0,37,17
1588617024.247259,10.10.0.10,173.194.188.105,,,45734,443,0,37,17
1588617024.248513,10.10.0.10,173.194.188.105,,,45734,443,0,37,17
1588617024.249757,173.194.188.105,10.10.0.10,,,443,45734,0,1358,17
1588617024.2498071,173.194.188.105,10.10.0.10,,,443,45734,0,1358,17
1588617024.251536,10.10.0.10,173.194.188.105,,,45734,443,0,37,17
1588617024.2516036,10.10.0.10,173.194.188.105,,,45734,443,0,37,17
1588617024.252784,10.10.0.10,173.194.188.105,,,45734,443,0,37,17
1588617024.2538311,10.10.0.10,173.194.188.105,,,45734,443,0,37,17
1588617024.2554202,10.10.0.10,173.194.188.105,,,45734,443,0,37,17
1588617024.2557938,173.194.188.105,10.10.0.10,,,443,45734,0,1358,17
1588617024.25671,10.10.0.10,173.194.188.105,,,45734,443,0,37,17
1588617024.2573311,10.10.0.10,173.194.188.105,,,45734,443,0,37,17
1588617024.2578974,10.10.0.10,173.194.188.105,,,45734,443,0,37,17
1588617024.259723,173.194.188.105,10.10.0.10,,,443,45734,0,1358,17
1588617024.269624,173.194.188.105,10.10.0.10,,,443,45734,0,1358,17
1588617024.269941,173.194.188.105,10.10.0.10,,,443,45734,0,1358,17
1588617024.278733,173.194.188.105,10.10.0.10,,,443,45734,0,1358,17
1588617024.280239,173.194.188.105,10.10.0.10,,,443,45734,0,1358,17
1588617024.287689,173.194.188.105,10.10.0.10,,,443,45734,0,1358,17
1588617024.2906542,173.194.188.105,10.10.0.10,,,443,45734,0,1358,17
1588617024.2970269,173.194.188.105,10.10.0.10,,,443,45734,0,1358,17
1588617024.3009171,173.194.188.105,10.10.0.10,,,443,45734,0,1358,17
1588617024.306615,173.194.188.105,10.10.0.10,,,443,45734,0,1358,17
1588617024.3111708,173.194.188.105,10.10.0.10,,,443,45734,0,1358,17
1588617024.3162365,173.194.188.105,10.10.0.10,,,443,45734,0,1358,17
1588617024.321432,173.194.188.105,10.10.0.10,,,443,45734,0,1358,17
1588617024.326565,173.194.188.105,10.10.0.10,,,443,45734,0,1358,17
1588617024.3316922,173.194.188.105,10.10.0.10,,,443,45734,0,1358,17
1588617024.336822,173.194.188.105,10.10.0.10,,,443,45734,0,1358,17
1588617024.3419502,173.194.188.105,10.10.0.10,,,443,45734,0,1358,17
1588617024.3470821,173.194.188.105,10.10.0.10,,,443,45734,0,1358,17
1588617024.3522089,173.194.188.105,10.10.0.10,,,443,45734,0,1358,17
1588617024.357047,10.10.0.10,173.194.188.105,,,45734,443,0,37,17
1588617024.3572679,173.194.188.105,10.10.0.10,,,443,45734,0,1358,17
1588617024.3586679,10.10.0.10,173.194.188.105,,,45734,443,0,37,17
1588617024.362472,173.194.188.105,10.10.0.10,,,443,45734,0,1358,17
1588617024.366914,10.10.0.10,173.194.188.105,,,45734,443,0,37,17
1588617024.3675704,173.194.188.105,10.10.0.10,,,443,45734,0,1358,17
1588617024.3704338,10.10.0.10,173.194.188.105,,,45734,443,0,37,17
1588617024.372071,10.10.0.10,173.194.188.105,,,45734,443,0,37,17
1588617024.3721216,10.10.0.10,173.194.188.105,,,45734,443,0,50,17
1588617024.3727028,173.194.188.105,10.10.0.10,,,443,45734,0,1358,17
1588617024.374135,10.10.0.10,173.194.188.105,,,45734,443,0,37,17
1588617024.374668,10.10.0.10,173.194.188.105,,,45734,443,0,37,17
1588617024.3747401,10.10.0.10,173.194.188.105,,,45734,443,0,37,17
1588617024.3758721,10.10.0.10,173.194.188.105,,,45734,443,0,37,17
1588617024.3763,10.10.0.10,173.194.188.105,,,45734,443,0,37,17
1588617024.3778205,173.194.188.105,10.10.0.10,,,443,45734,0,1358,17
1588617024.379424,10.10.0.10,173.194.188.105,,,45734,443,0,37,17
1588617024.382949,173.194.188.105,10.10.0.10,,,443,45734,0,1358,17
1588617024.388115,173.194.188.105,10.10.0.10,,,443,45734,0,29,17
1588617024.3883061,173.194.188.105,10.10.0.10,,,443,45734,0,1358,17
1588617024.3934758,173.194.188.105,10.10.0.10,,,443,45734,0,1358,17
1588617024.398609,173.194.188.105,10.10.0.10,,,443,45734,0,1358,17
1588617024.403738,173.194.188.105,10.10.0.10,,,443,45734,0,1358,17
1588617024.40887,173.194.188.105,10.10.0.10,,,443,45734,0,1358,17
1588617024.4139652,173.194.188.105,10.10.0.10,,,443,45734,0,1358,17
1588617024.4190972,173.194.188.105,10.10.0.10,,,443,45734,0,1358,17
1588617024.424256,173.194.188.105,10.10.0.10,,,443,45734,0,1358,17
1588617024.4293866,173.194.188.105,10.10.0.10,,,443,45734,0,1358,17
1588617024.4345136,173.194.188.105,10.10.0.10,,,443,45734,0,1358,17
1588617024.439643,173.194.188.105,10.10.0.10,,,443,45734,0,1358,17
1588617024.444735,173.194.188.105,10.10.0.10,,,443,45734,0,1358,17
1588617024.449904,173.194.188.105,10.10.0.10,,,443,45734,0,1358,17
1588617024.4550028,173.194.188.105,10.10.0.10,,,443,45734,0,1358,17
1588617024.4601278,173.194.188.105,10.10.0.10,,,443,45734,0,1358,17
1588617024.4652429,173.194.188.105,10.10.0.10,,,443,45734,0,1358,17
1588617024.47038,173.194.188.105,10.10.0.10,,,443,45734,0,1358,17
1588617024.475518,173.194.188.105,10.10.0.10,,,443,45734,0,1358,17
1588617024.4791028,10.10.0.10,173.194.188.105,,,45734,443,0,37,17
1588617024.480579,10.10.0.10,173.194.188.105,,,45734,443,0,37,17
1588617024.4806368,173.194.188.105,10.10.0.10,,,443,45734,0,1358,17
1588617024.4811919,10.10.0.10,173.194.188.105,,,45734,443,0,37,17
1588617024.4832108,10.10.0.10,173.194.188.105,,,45734,443,0,37,17
1588617024.4833422,10.10.0.10,173.194.188.105,,,45734,443,0,37,17
1588617024.484908,10.10.0.10,173.194.188.105,,,45734,443,0,37,17
1588617024.4858098,173.194.188.105,10.10.0.10,,,443,45734,0,1358,17
1588617024.485873,10.10.0.10,173.194.188.105,,,45734,443,0,37,17
1588617024.487161,10.10.0.10,173.194.188.105,,,45734,443,0,37,17
1588617024.4886858,10.10.0.10,173.194.188.105,,,45734,443,0,37,17
1588617024.48945,10.10.0.10,173.194.188.105,,,45734,443,0,37,17
1588617024.49094,173.194.188.105,10.10.0.10,,,443,45734,0,1358,17
1588617024.492592,10.10.0.10,173.194.188.105,,,45734,443,0,37,17
1588617024.496031,173.194.188.105,10.10.0.10,,,443,45734,0,1358,17
1588617024.501198,173.194.188.105,10.10.0.10,,,443,45734,0,1358,17
1588617024.5063279,173.194.188.105,10.10.0.10,,,443,45734,0,1358,17
1588617024.511457,173.194.188.105,10.10.0.10,,,443,45734,0,1358,17
1588617024.51659,173.194.188.105,10.10.0.10,,,443,45734,0,1358,17
1588617024.521716,173.194.188.105,10.10.0.10,,,443,45734,0,1358,17
1588617024.526835,173.194.188.105,10.10.0.10,,,443,45734,0,1358,17
1588617024.5319688,173.194.188.105,10.10.0.10,,,443,45734,0,1358,17
1588617024.537096,173.194.188.105,10.10.0.10,,,443,45734,0,1358,17
1588617024.5422275,173.194.188.105,10.10.0.10,,,443,45734,0,1358,17
1588617024.547353,173.194.188.105,10.10.0.10,,,443,45734,0,1358,17
1588617024.5524876,173.194.188.105,10.10.0.10,,,443,45734,0,1358,17
1588617024.557614,173.194.188.105,10.10.0.10,,,443,45734,0,1358,17
1588617024.5627458,173.194.188.105,10.10.0.10,,,443,45734,0,1358,17
1588617024.56787,173.194.188.105,10.10.0.10,,,443,45734,0,1358,17
1588617024.5730042,173.194.188.105,10.10.0.10,,,443,45734,0,1358,17
1588617024.578133,173.194.188.105,10.10.0.10,,,443,45734,0,1358,17
1588617024.5832,173.194.188.105,10.10.0.10,,,443,45734,0,1358,17
1588617024.588328,173.194.188.105,10.10.0.10,,,443,45734,0,1358,17
1588617024.593058,10.10.0.10,173.194.188.105,,,45734,443,0,37,17
1588617024.5934508,173.194.188.105,10.10.0.10,,,443,45734,0,1358,17
1588617024.5957446,10.10.0.10,173.194.188.105,,,45734,443,0,37,17
1588617024.597933,10.10.0.10,173.194.188.105,,,45734,443,0,50,17
1588617024.598489,10.10.0.10,173.194.188.105,,,45734,443,0,37,17
1588617024.598577,173.194.188.105,10.10.0.10,,,443,45734,0,1358,17
1588617024.6005142,10.10.0.10,173.194.188.105,,,45734,443,0,37,17
1588617024.6023116,10.10.0.10,173.194.188.105,,,45734,443,0,37,17
1588617024.603735,173.194.188.105,10.10.0.10,,,443,45734,0,1358,17
1588617024.603915,10.10.0.10,173.194.188.105,,,45734,443,0,37,17
1588617024.604957,10.10.0.10,173.194.188.105,,,45734,443,0,37,17
1588617024.6059132,10.10.0.10,173.194.188.105,,,45734,443,0,37,17
1588617024.607888,10.10.0.10,173.194.188.105,,,45734,443,0,37,17
1588617024.608495,10.10.0.10,173.194.188.105,,,45734,443,0,37,17
1588617024.608835,173.194.188.105,10.10.0.10,,,443,45734,0,1358,17
1588617024.613157,10.10.0.10,173.194.188.105,,,45734,443,0,37,17
1588617024.6139972,173.194.188.105,10.10.0.10,,,443,45734,0,1358,17
1588617024.6191301,173.194.188.105,10.10.0.10,,,443,45734,0,1358,17
1588617024.6242852,173.194.188.105,10.10.0.10,,,443,45734,0,1358,17
1588617024.628244,10.10.0.10,173.194.188.105,,,45734,443,0,37,17
1588617024.629414,173.194.188.105,10.10.0.10,,,443,45734,0,1358,17
1588617024.6325052,10.10.0.10,173.194.188.105,,,45734,443,0,37,17
1588617024.6344972,173.194.188.105,10.10.0.10,,,443,45734,0,1358,17
1588617024.639644,173.194.188.105,10.10.0.10,,,443,45734,0,1358,17
1588617024.6431632,10.10.0.10,173.194.188.105,,,45734,443,0,37,17
1588617024.644743,173.194.188.105,10.10.0.10,,,443,45734,0,1358,17
1588617024.6499078,173.194.188.105,10.10.0.10,,,443,45734,0,1358,17
1588617024.6515431,10.10.0.10,173.194.188.105,,,45734,443,0,37,17
1588617024.655038,173.194.188.105,10.10.0.10,,,443,45734,0,1358,17
1588617024.660132,173.194.188.105,10.10.0.10,,,443,45734,0,1358,17
1588617024.661762,10.10.0.10,173.194.188.105,,,45734,443,0,37,17
1588617024.665261,173.194.188.105,10.10.0.10,,,443,45734,0,1358,17
1588617024.670451,173.194.188.105,10.10.0.10,,,443,45734,0,1358,17
1588617024.672145,10.10.0.10,173.194.188.105,,,45734,443,0,37,17
1588617024.6755786,173.194.188.105,10.10.0.10,,,443,45734,0,1358,17
1588617024.68065,173.194.188.105,10.10.0.10,,,443,45734,0,1358,17
1588617024.6822329,10.10.0.10,173.194.188.105,,,45734,443,0,37,17
1588617024.6858118,173.194.188.105,10.10.0.10,,,443,45734,0,29,17
1588617024.6860282,173.194.188.105,10.10.0.10,,,443,45734,0,1358,17
1588617024.69116,173.194.188.105,10.10.0.10,,,443,45734,0,1358,17
1588617024.6926641,10.10.0.10,173.194.188.105,,,45734,443,0,37,17
1588617024.6963284,173.194.188.105,10.10.0.10,,,443,45734,0,1358,17
1588617024.701458,173.194.188.105,10.10.0.10,,,443,45734,0,1358,17
1588617024.705126,10.10.0.10,173.194.188.105,,,45734,443,0,37,17
1588617024.7065885,173.194.188.105,10.10.0.10,,,443,45734,0,1358,17
1588617024.711663,173.194.188.105,10.10.0.10,,,443,45734,0,1358,17
1588617024.713279,10.10.0.10,173.194.188.105,,,45734,443,0,37,17
1588617024.716789,173.194.188.105,10.10.0.10,,,443,45734,0,1358,17
1588617024.721912,173.194.188.105,10.10.0.10,,,443,45734,0,1358,17
1588617024.7233956,10.10.0.10,173.194.188.105,,,45734,443,0,50,17
1588617024.727102,173.194.188.105,10.10.0.10,,,443,45734,0,1358,17
1588617024.7322054,173.194.188.105,10.10.0.10,,,443,45734,0,1358,17
1588617024.734476,10.10.0.10,173.194.188.105,,,45734,443,0,37,17
1588617024.737306,173.194.188.105,10.10.0.10,,,443,45734,0,1358,17
1588617024.742464,173.194.188.105,10.10.0.10,,,443,45734,0,1358,17
1588617024.747623,173.194.188.105,10.10.0.10,,,443,45734,0,1358,17
1588617024.752758,173.194.188.105,10.10.0.10,,,443,45734,0,1358,17
1588617024.7578876,173.194.188.105,10.10.0.10,,,443,45734,0,1358,17
1588617024.763017,173.194.188.105,10.10.0.10,,,443,45734,0,1358,17
1588617024.768147,173.194.188.105,10.10.0.10,,,443,45734,0,1358,17
1588617024.773278,173.194.188.105,10.10.0.10,,,443,45734,0,1358,17
1588617024.7783706,173.194.188.105,10.10.0.10,,,443,45734,0,1358,17
1588617024.783537,173.194.188.105,10.10.0.10,,,443,45734,0,1358,17
1588617024.788666,173.194.188.105,10.10.0.10,,,443,45734,0,1358,17
1588617024.793794,173.194.188.105,10.10.0.10,,,443,45734,0,1358,17
1588617024.7989225,173.194.188.105,10.10.0.10,,,443,45734,0,1358,17
1588617024.804032,173.194.188.105,10.10.0.10,,,443,45734,0,1358,17
1588617024.8091679,173.194.188.105,10.10.0.10,,,443,45734,0,1358,17
1588617024.8143141,173.194.188.105,10.10.0.10,,,443,45734,0,1358,17
1588617024.819442,173.194.188.105,10.10.0.10,,,443,45734,0,1358,17
1588617024.824572,173.194.188.105,10.10.0.10,,,443,45734,0,1358,17
1588617024.829702,173.194.188.105,10.10.0.10,,,443,45734,0,1358,17
1588617024.834832,173.194.188.105,10.10.0.10,,,443,45734,0,1358,17
1588617024.839962,173.194.188.105,10.10.0.10,,,443,45734,0,1358,17
1588617024.8450902,173.194.188.105,10.10.0.10,,,443,45734,0,1358,17
1588617024.847639,10.10.0.10,173.194.188.105,,,45734,443,0,37,17
1588617024.8502188,173.194.188.105,10.10.0.10,,,443,45734,0,1358,17
1588617024.85535,173.194.188.105,10.10.0.10,,,443,45734,0,1358,17
1588617024.8604774,173.194.188.105,10.10.0.10,,,443,45734,0,1358,17
1588617024.863038,10.10.0.10,173.194.188.105,,,45734,443,0,40,17
1588617024.8630776,10.10.0.10,173.194.188.105,,,45734,443,0,40,17
1588617024.8655136,10.10.0.10,173.194.188.105,,,45734,443,0,40,17
1588617024.865565,173.194.188.105,10.10.0.10,,,443,45734,0,1358,17
1588617024.8668294,10.10.0.10,173.194.188.105,,,45734,443,0,40,17
1588617024.870442,10.10.0.10,173.194.188.105,,,45734,443,0,40,17
1588617024.8704839,10.10.0.10,173.194.188.105,,,45734,443,0,40,17
1588617024.870673,173.194.188.105,10.10.0.10,,,443,45734,0,1358,17
1588617024.870951,10.10.0.10,173.194.188.105,,,45734,443,0,40,17
1588617024.8730755,10.10.0.10,173.194.188.105,,,45734,443,0,40,17
1588617024.8758578,173.194.188.105,10.10.0.10,,,443,45734,0,1358,17
1588617024.8760428,10.10.0.10,173.194.188.105,,,45734,443,0,40,17
1588617024.876086,10.10.0.10,173.194.188.105,,,45734,443,0,40,17
1588617024.877896,10.10.0.10,173.194.188.105,,,45734,443,0,40,17
1588617024.879023,10.10.0.10,173.194.188.105,,,45734,443,0,40,17
1588617024.8797948,10.10.0.10,173.194.188.105,,,45734,443,0,40,17
1588617024.880983,173.194.188.105,10.10.0.10,,,443,45734,0,1358,17
1588617024.881007,10.10.0.10,173.194.188.105,,,45734,443,0,40,17
1588617024.8861349,173.194.188.105,10.10.0.10,,,443,45734,0,1358,17
1588617024.8882296,10.10.0.10,173.194.188.105,,,45734,443,0,40,17
1588617024.891231,173.194.188.105,10.10.0.10,,,443,45734,0,1358,17
1588617024.896385,173.194.188.105,10.10.0.10,,,443,45734,0,1358,17
1588617024.898058,10.10.0.10,173.194.188.105,,,45734,443,0,40,17
1588617024.9015136,173.194.188.105,10.10.0.10,,,443,45734,0,1358,17
1588617024.906613,173.194.188.105,10.10.0.10,,,443,45734,0,1358,17
1588617024.9117742,173.194.188.105,10.10.0.10,,,443,45734,0,1358,17
1588617024.9169052,173.194.188.105,10.10.0.10,,,443,45734,0,1358,17
1588617024.9219801,173.194.188.105,10.10.0.10,,,443,45734,0,1358,17
1588617024.927165,173.194.188.105,10.10.0.10,,,443,45734,0,1358,17
1588617024.9322915,173.194.188.105,10.10.0.10,,,443,45734,0,1358,17
1588617024.93742,173.194.188.105,10.10.0.10,,,443,45734,0,1358,17
1588617024.942517,173.194.188.105,10.10.0.10,,,443,45734,0,1358,17
1588617024.9476821,173.194.188.105,10.10.0.10,,,443,45734,0,1358,17
1588617024.9528134,173.194.188.105,10.10.0.10,,,443,45734,0,1358,17
1588617024.957914,173.194.188.105,10.10.0.10,,,443,45734,0,1358,17
1588617024.963043,173.194.188.105,10.10.0.10,,,443,45734,0,1358,17
1588617024.968174,173.194.188.105,10.10.0.10,,,443,45734,0,1358,17
1588617024.973302,173.194.188.105,10.10.0.10,,,443,45734,0,1358,17
1588617024.978431,173.194.188.105,10.10.0.10,,,443,45734,0,1358,17
1588617024.983598,173.194.188.105,10.10.0.10,,,443,45734,0,1358,17
1588617024.9887269,173.194.188.105,10.10.0.10,,,443,45734,0,1358,17
1588617024.993856,173.194.188.105,10.10.0.10,,,443,45734,0,1358,17
1588617024.998984,173.194.188.105,10.10.0.10,,,443,45734,0,1358,17
1588617025.0041099,173.194.188.105,10.10.0.10,,,443,45734,0,1358,17
1588617025.0092418,173.194.188.105,10.10.0.10,,,443,45734,0,1358,17
1588617025.014369,173.194.188.105,10.10.0.10,,,443,45734,0,1358,17
1588617025.0195026,173.194.188.105,10.10.0.10,,,443,45734,0,1358,17
1588617025.024631,173.194.188.105,10.10.0.10,,,443,45734,0,1358,17
1588617025.029758,173.194.188.105,10.10.0.10,,,443,45734,0,1358,17
1588617025.033442,10.10.0.10,173.194.188.105,,,45734,443,0,40,17
1588617025.034863,173.194.188.105,10.10.0.10,,,443,45734,0,1358,17
1588617025.0380616,10.10.0.10,173.194.188.105,,,45734,443,0,53,17
1588617025.03811,10.10.0.10,173.194.188.105,,,45734,443,0,40,17
1588617025.040017,173.194.188.105,10.10.0.10,,,443,45734,0,1358,17
1588617025.0400748,10.10.0.10,173.194.188.105,,,45734,443,0,40,17
1588617025.042253,10.10.0.10,173.194.188.105,,,45734,443,0,40,17
1588617025.0428462,10.10.0.10,173.194.188.105,,,45734,443,0,40,17
1588617025.043951,10.10.0.10,173.194.188.105,,,45734,443,0,40,17
1588617025.0450358,10.10.0.10,173.194.188.105,,,45734,443,0,40,17
1588617025.0451002,173.194.188.105,10.10.0.10,,,443,45734,0,1358,17
1588617025.046591,10.10.0.10,173.194.188.105,,,45734,443,0,40,17
1588617025.046654,10.10.0.10,173.194.188.105,,,45734,443,0,40,17
1588617025.048685,10.10.0.10,173.194.188.105,,,45734,443,0,40,17
1588617025.0493262,10.10.0.10,173.194.188.105,,,45734,443,0,40,17
1588617025.0502758,173.194.188.105,10.10.0.10,,,443,45734,0,1358,17
1588617025.050461,10.10.0.10,173.194.188.105,,,45734,443,0,40,17
1588617025.052027,10.10.0.10,173.194.188.105,,,45734,443,0,40,17
1588617025.052816,10.10.0.10,173.194.188.105,,,45734,443,0,40,17
1588617025.055335,173.194.188.105,10.10.0.10,,,443,45734,0,1358,17
1588617025.060535,173.194.188.105,10.10.0.10,,,443,45734,0,1358,17
1588617025.0622964,10.10.0.10,173.194.188.105,,,45734,443,0,40,17
1588617025.065591,173.194.188.105,10.10.0.10,,,443,45734,0,1358,17
1588617025.0707939,173.194.188.105,10.10.0.10,,,443,45734,0,1358,17
1588617025.072567,10.10.0.10,173.194.188.105,,,45734,443,0,40,17
1588617025.0758991,173.194.188.105,10.10.0.10,,,443,45734,0,1358,17
1588617025.0810258,173.194.188.105,10.10.0.10,,,443,45734,0,30,17
1588617025.081248,173.194.188.105,10.10.0.10,,,443,45734,0,1358,17
1588617025.082736,10.10.0.10,173.194.188.105,,,45734,443,0,37,17
1588617025.086418,173.194.188.105,10.10.0.10,,,443,45734,0,1358,17
1588617025.0915468,173.194.188.105,10.10.0.10,,,443,45734,0,1358,17
1588617025.093294,10.10.0.10,173.194.188.105,,,45734,443,0,37,17
1588617025.096677,173.194.188.105,10.10.0.10,,,443,45734,0,1358,17
1588617025.101808,173.194.188.105,10.10.0.10,,,443,45734,0,1358,17
1588617025.1034849,10.10.0.10,173.194.188.105,,,45734,443,0,37,17
1588617025.106935,173.194.188.105,10.10.0.10,,,443,45734,0,1358,17
1588617025.1120028,173.194.188.105,10.10.0.10,,,443,45734,0,1358,17
1588617025.1136231,10.10.0.10,173.194.188.105,,,45734,443,0,37,17
1588617025.117194,173.194.188.105,10.10.0.10,,,443,45734,0,1358,17
1588617025.122288,173.194.188.105,10.10.0.10,,,443,45734,0,1358,17
1588617025.123962,10.10.0.10,173.194.188.105,,,45734,443,0,50,17
1588617025.1274529,173.194.188.105,10.10.0.10,,,443,45734,0,1358,17
1588617025.132586,173.194.188.105,10.10.0.10,,,443,45734,0,1358,17
1588617025.1342988,10.10.0.10,173.194.188.105,,,45734,443,0,37,17
1588617025.1377149,173.194.188.105,10.10.0.10,,,443,45734,0,1358,17
1588617025.1428444,173.194.188.105,10.10.0.10,,,443,45734,0,1358,17
1588617025.144552,10.10.0.10,173.194.188.105,,,45734,443,0,37,17
1588617025.147974,173.194.188.105,10.10.0.10,,,443,45734,0,1358,17
1588617025.1531026,173.194.188.105,10.10.0.10,,,443,45734,0,1358,17
1588617025.155428,10.10.0.10,173.194.188.105,,,45734,443,0,37,17
1588617025.158233,173.194.188.105,10.10.0.10,,,443,45734,0,1358,17
1588617025.163344,173.194.188.105,10.10.0.10,,,443,45734,0,1358,17
1588617025.16505,10.10.0.10,173.194.188.105,,,45734,443,0,37,17
1588617025.168443,173.194.188.105,10.10.0.10,,,443,45734,0,1358,17
1588617025.1736212,173.194.188.105,10.10.0.10,,,443,45734,0,1358,17
1588617025.1752279,10.10.0.10,173.194.188.105,,,45734,443,0,37,17
1588617025.17876,173.194.188.105,10.10.0.10,,,443,45734,0,1358,17
1588617025.18388,173.194.188.105,10.10.0.10,,,443,45734,0,1358,17
1588617025.185718,10.10.0.10,173.194.188.105,,,45734,443,0,37,17
1588617025.18901,173.194.188.105,10.10.0.10,,,443,45734,0,1358,17
1588617025.194142,173.194.188.105,10.10.0.10,,,443,45734,0,1358,17
1588617025.195843,10.10.0.10,173.194.188.105,,,45734,443,0,37,17
1588617025.1992679,173.194.188.105,10.10.0.10,,,443,45734,0,1358,17
1588617025.2043982,173.194.188.105,10.10.0.10,,,443,45734,0,29,17
1588617025.20455,173.194.188.105,10.10.0.10,,,443,45734,0,1358,17
1588617025.206638,10.10.0.10,173.194.188.105,,,45734,443,0,37,17
1588617025.20976,173.194.188.105,10.10.0.10,,,443,45734,0,1358,17
1588617025.21489,173.194.188.105,10.10.0.10,,,443,45734,0,1358,17
1588617025.2166731,10.10.0.10,173.194.188.105,,,45734,443,0,37,17
1588617025.220018,173.194.188.105,10.10.0.10,,,443,45734,0,1358,17
1588617025.225152,173.194.188.105,10.10.0.10,,,443,45734,0,1358,17
1588617025.2272189,10.10.0.10,173.194.188.105,,,45734,443,0,37,17
1588617025.2302802,173.194.188.105,10.10.0.10,,,443,45734,0,1358,17
1588617025.2353342,173.194.188.105,10.10.0.10,,,443,45734,0,1358,17
1588617025.237421,10.10.0.10,173.194.188.105,,,45734,443,0,37,17
1588617025.240536,173.194.188.105,10.10.0.10,,,443,45734,0,1358,17
1588617025.245627,173.194.188.105,10.10.0.10,,,443,45734,0,1358,17
1588617025.247278,10.10.0.10,173.194.188.105,,,45734,443,0,37,17
1588617025.2507231,173.194.188.105,10.10.0.10,,,443,45734,0,1358,17
1588617025.2559252,173.194.188.105,10.10.0.10,,,443,45734,0,1358,17
1588617025.2575948,10.10.0.10,173.194.188.105,,,45734,443,0,37,17
1588617025.261052,173.194.188.105,10.10.0.10,,,443,45734,0,1358,17
1588617025.266184,173.194.188.105,10.10.0.10,,,443,45734,0,1358,17
1588617025.268199,10.10.0.10,173.194.188.105,,,45734,443,0,37,17
1588617025.2713132,173.194.188.105,10.10.0.10,,,443,45734,0,1358,17
1588617025.276439,173.194.188.105,10.10.0.10,,,443,45734,0,1358,17
1588617025.2815714,173.194.188.105,10.10.0.10,,,443,45734,0,1358,17
1588617025.286663,173.194.188.105,10.10.0.10,,,443,45734,0,1358,17
1588617025.2918339,173.194.188.105,10.10.0.10,,,443,45734,0,1358,17
1588617025.2969706,173.194.188.105,10.10.0.10,,,443,45734,0,1358,17
1588617025.3020911,173.194.188.105,10.10.0.10,,,443,45734,0,1358,17
1588617025.3036802,10.10.0.10,173.194.188.105,,,45734,443,0,37,17
1588617025.3072188,173.194.188.105,10.10.0.10,,,443,45734,0,1358,17
1588617025.3076358,10.10.0.10,173.194.188.105,,,45734,443,0,37,17
1588617025.3082454,10.10.0.10,173.194.188.105,,,45734,443,0,37,17
1588617025.3094704,10.10.0.10,173.194.188.105,,,45734,443,0,37,17
1588617025.312353,173.194.188.105,10.10.0.10,,,443,45734,0,1358,17
1588617025.3174784,173.194.188.105,10.10.0.10,,,443,45734,0,1358,17
1588617025.3193688,10.10.0.10,173.194.188.105,,,45734,443,0,37,17
1588617025.322568,173.194.188.105,10.10.0.10,,,443,45734,0,1358,17
1588617025.327696,173.194.188.105,10.10.0.10,,,443,45734,0,1358,17
1588617025.329256,10.10.0.10,173.194.188.105,,,45734,443,0,50,17
1588617025.332797,173.194.188.105,10.10.0.10,,,443,45734,0,1358,17
1588617025.3379571,173.194.188.105,10.10.0.10,,,443,45734,0,1358,17
1588617025.33979,10.10.0.10,173.194.188.105,,,45734,443,0,37,17
1588617025.3431149,173.194.188.105,10.10.0.10,,,443,45734,0,1358,17
1588617025.348244,173.194.188.105,10.10.0.10,,,443,45734,0,1358,17
1588617025.349888,10.10.0.10,173.194.188.105,,,45734,443,0,37,17
1588617025.3533142,173.194.188.105,10.10.0.10,,,443,45734,0,1358,17
1588617025.3585155,173.194.188.105,10.10.0.10,,,443,45734,0,1358,17
1588617025.360501,10.10.0.10,173.194.188.105,,,45734,443,0,37,17
1588617025.3636382,173.194.188.105,10.10.0.10,,,443,45734,0,1358,17
1588617025.3687642,173.194.188.105,10.10.0.10,,,443,45734,0,1358,17
1588617025.371231,10.10.0.10,173.194.188.105,,,45734,443,0,37,17
1588617025.3738508,173.194.188.105,10.10.0.10,,,443,45734,0,1358,17
1588617025.379027,173.194.188.105,10.10.0.10,,,443,45734,0,1358,17
1588617025.3806028,10.10.0.10,173.194.188.105,,,45734,443,0,37,17
1588617025.384153,173.194.188.105,10.10.0.10,,,443,45734,0,1358,17
1588617025.389284,173.194.188.105,10.10.0.10,,,443,45734,0,1358,17
1588617025.3910828,10.10.0.10,173.194.188.105,,,45734,443,0,37,17
1588617025.3944151,173.194.188.105,10.10.0.10,,,443,45734,0,1358,17
1588617025.399544,173.194.188.105,10.10.0.10,,,443,45734,0,1358,17
1588617025.401219,10.10.0.10,173.194.188.105,,,45734,443,0,37,17
1588617025.4046738,173.194.188.105,10.10.0.10,,,443,45734,0,1358,17
1588617025.409803,173.194.188.105,10.10.0.10,,,443,45734,0,1358,17
1588617025.4114199,10.10.0.10,173.194.188.105,,,45734,443,0,37,17
1588617025.414928,173.194.188.105,10.10.0.10,,,443,45734,0,1358,17
1588617025.4200618,173.194.188.105,10.10.0.10,,,443,45734,0,1358,17
1588617025.421921,10.10.0.10,173.194.188.105,,,45734,443,0,37,17
1588617025.4251919,173.194.188.105,10.10.0.10,,,443,45734,0,1358,17
1588617025.4303179,173.194.188.105,10.10.0.10,,,443,45734,0,1358,17
1588617025.435447,173.194.188.105,10.10.0.10,,,443,45734,0,1358,17
1588617025.440579,173.194.188.105,10.10.0.10,,,443,45734,0,1358,17
1588617025.445193,10.10.0.10,173.194.188.105,,,45734,443,0,37,17
1588617025.445657,173.194.188.105,10.10.0.10,,,443,45734,0,1358,17
1588617025.447376,10.10.0.10,173.194.188.105,,,45734,443,0,37,17
1588617025.450834,173.194.188.105,10.10.0.10,,,443,45734,0,1358,17
1588617025.4525652,10.10.0.10,173.194.188.105,,,45734,443,0,37,17
1588617025.4559171,173.194.188.105,10.10.0.10,,,443,45734,0,1358,17
1588617025.4610918,173.194.188.105,10.10.0.10,,,443,45734,0,1358,17
1588617025.463565,10.10.0.10,173.194.188.105,,,45734,443,0,37,17
1588617025.466184,173.194.188.105,10.10.0.10,,,443,45734,0,1358,17
1588617025.4713562,173.194.188.105,10.10.0.10,,,443,45734,0,1358,17
1588617025.4733546,10.10.0.10,173.194.188.105,,,45734,443,0,37,17
1588617025.476486,173.194.188.105,10.10.0.10,,,443,45734,0,1358,17
1588617025.4816108,173.194.188.105,10.10.0.10,,,443,45734,0,1358,17
1588617025.48335,10.10.0.10,173.194.188.105,,,45734,443,0,37,17
1588617025.486744,173.194.188.105,10.10.0.10,,,443,45734,0,1358,17
1588617025.491873,173.194.188.105,10.10.0.10,,,443,45734,0,1358,17
1588617025.4937296,10.10.0.10,173.194.188.105,,,45734,443,0,37,17
1588617025.4970028,173.194.188.105,10.10.0.10,,,443,45734,0,1358,17
1588617025.502132,173.194.188.105,10.10.0.10,,,443,45734,0,1358,17
1588617025.5045958,10.10.0.10,173.194.188.105,,,45734,443,0,37,17
1588617025.507262,173.194.188.105,10.10.0.10,,,443,45734,0,1358,17
1588617025.512393,173.194.188.105,10.10.0.10,,,443,45734,0,1358,17
1588617025.515582,10.10.0.10,173.194.188.105,,,45734,443,0,37,17
1588617025.517458,173.194.188.105,10.10.0.10,,,443,45734,0,1358,17
1588617025.5225868,173.194.188.105,10.10.0.10,,,443,45734,0,1358,17
1588617025.524324,10.10.0.10,173.194.188.105,,,45734,443,0,37,17
1588617025.527734,173.194.188.105,10.10.0.10,,,443,45734,0,1358,17
1588617025.5328898,173.194.188.105,10.10.0.10,,,443,45734,0,1358,17
1588617025.535414,10.10.0.10,173.194.188.105,,,45734,443,0,50,17
1588617025.537996,173.194.188.105,10.10.0.10,,,443,45734,0,1358,17
1588617025.543113,173.194.188.105,10.10.0.10,,,443,45734,0,1358,17
1588617025.54528,10.10.0.10,173.194.188.105,,,45734,443,0,37,17
1588617025.548224,173.194.188.105,10.10.0.10,,,443,45734,0,1358,17
1588617025.5533812,173.194.188.105,10.10.0.10,,,443,45734,0,1358,17
1588617025.5550866,10.10.0.10,173.194.188.105,,,45734,443,0,37,17
1588617025.558526,173.194.188.105,10.10.0.10,,,443,45734,0,1358,17
1588617025.563673,173.194.188.105,10.10.0.10,,,443,45734,0,1358,17
1588617025.5667279,10.10.0.10,173.194.188.105,,,45734,443,0,37,17
1588617025.568775,173.194.188.105,10.10.0.10,,,443,45734,0,1358,17
1588617025.5739028,173.194.188.105,10.10.0.10,,,443,45734,0,1358,17
1588617025.5767634,10.10.0.10,173.194.188.105,,,45734,443,0,37,17
1588617025.5790362,173.194.188.105,10.10.0.10,,,443,45734,0,1358,17
1588617025.584197,173.194.188.105,10.10.0.10,,,443,45734,0,1358,17
1588617025.585974,10.10.0.10,173.194.188.105,,,45734,443,0,37,17
1588617025.589326,173.194.188.105,10.10.0.10,,,443,45734,0,1358,17
1588617025.594393,173.194.188.105,10.10.0.10,,,443,45734,0,1358,17
1588617025.596529,10.10.0.10,173.194.188.105,,,45734,443,0,37,17
1588617025.5995224,173.194.188.105,10.10.0.10,,,443,45734,0,1358,17
1588617025.604682,173.194.188.105,10.10.0.10,,,443,45734,0,1358,17
1588617025.6066852,10.10.0.10,173.194.188.105,,,45734,443,0,37,17
1588617025.609807,173.194.188.105,10.10.0.10,,,443,45734,0,1358,17
1588617025.614967,173.194.188.105,10.10.0.10,,,443,45734,0,1358,17
1588617025.6175606,10.10.0.10,173.194.188.105,,,45734,443,0,37,17
1588617025.6200972,173.194.188.105,10.10.0.10,,,443,45734,0,1358,17
1588617025.625189,173.194.188.105,10.10.0.10,,,443,45734,0,1358,17
1588617025.626799,10.10.0.10,173.194.188.105,,,45734,443,0,37,17
1588617025.630295,173.194.188.105,10.10.0.10,,,443,45734,0,1358,17
1588617025.6354525,173.194.188.105,10.10.0.10,,,443,45734,0,1358,17
1588617025.6370668,10.10.0.10,173.194.188.105,,,45734,443,0,37,17
1588617025.6406202,173.194.188.105,10.10.0.10,,,443,45734,0,1358,17
1588617025.6457136,173.194.188.105,10.10.0.10,,,443,45734,0,1358,17
1588617025.6503232,10.10.0.10,173.194.188.105,,,45734,443,0,37,17
1588617025.6508439,173.194.188.105,10.10.0.10,,,443,45734,0,1358,17
1588617025.655999,173.194.188.105,10.10.0.10,,,443,45734,0,1358,17
1588617025.6595962,10.10.0.10,173.194.188.105,,,45734,443,0,37,17
1588617025.6610699,173.194.188.105,10.10.0.10,,,443,45734,0,1358,17
1588617025.6662028,173.194.188.105,10.10.0.10,,,443,45734,0,1358,17
1588617025.667751,10.10.0.10,173.194.188.105,,,45734,443,0,37,17
1588617025.6713939,173.194.188.105,10.10.0.10,,,443,45734,0,1358,17
1588617025.676522,173.194.188.105,10.10.0.10,,,443,45734,0,1358,17
1588617025.6815698,10.10.0.10,173.194.188.105,,,45734,443,0,37,17
1588617025.6816108,173.194.188.105,10.10.0.10,,,443,45734,0,1358,17
1588617025.6867821,173.194.188.105,10.10.0.10,,,443,45734,0,1358,17
1588617025.68959,10.10.0.10,173.194.188.105,,,45734,443,0,37,17
1588617025.6918595,173.194.188.105,10.10.0.10,,,443,45734,0,1358,17
1588617025.697042,173.194.188.105,10.10.0.10,,,443,45734,0,1358,17
1588617025.698659,10.10.0.10,173.194.188.105,,,45734,443,0,37,17
1588617025.702141,173.194.188.105,10.10.0.10,,,443,45734,0,1358,17
1588617025.7073,173.194.188.105,10.10.0.10,,,443,45734,0,1358,17
1588617025.7089698,10.10.0.10,173.194.188.105,,,45734,443,0,37,17
1588617025.7124,173.194.188.105,10.10.0.10,,,443,45734,0,1358,17
1588617025.717562,173.194.188.105,10.10.0.10,,,443,45734,0,1358,17
1588617025.72143,10.10.0.10,173.194.188.105,,,45734,443,0,37,17
1588617025.7226946,173.194.188.105,10.10.0.10,,,443,45734,0,1358,17
1588617025.727823,173.194.188.105,10.10.0.10,,,443,45734,0,1358,17
1588617025.729703,10.10.0.10,173.194.188.105,,,45734,443,0,37,17
1588617025.732954,173.194.188.105,10.10.0.10,,,443,45734,0,1358,17
1588617025.7380831,173.194.188.105,10.10.0.10,,,443,45734,0,1358,17
1588617025.7400348,10.10.0.10,173.194.188.105,,,45734,443,0,50,17
1588617025.7432132,173.194.188.105,10.10.0.10,,,443,45734,0,1358,17
1588617025.7483392,173.194.188.105,10.10.0.10,,,443,45734,0,1358,17
1588617025.7500696,10.10.0.10,173.194.188.105,,,45734,443,0,37,17
1588617025.753473,173.194.188.105,10.10.0.10,,,443,45734,0,1358,17
1588617025.758601,173.194.188.105,10.10.0.10,,,443,45734,0,1358,17
1588617025.7602642,10.10.0.10,173.194.188.105,,,45734,443,0,37,17
1588617025.7637286,173.194.188.105,10.10.0.10,,,443,45734,0,1358,17
1588617025.7688599,173.194.188.105,10.10.0.10,,,443,45734,0,1358,17
1588617025.7732852,10.10.0.10,173.194.188.105,,,45734,443,0,37,17
1588617025.773963,173.194.188.105,10.10.0.10,,,443,45734,0,968,17
1588617025.7776818,173.194.188.105,10.10.0.10,,,443,45734,0,29,17
1588617025.8009212,10.10.0.10,173.194.188.105,,,45734,443,0,739,17
1588617025.8024776,10.10.0.10,173.194.188.105,,,45734,443,0,48,17
1588617025.806605,173.194.188.105,10.10.0.10,,,443,45734,0,29,17
1588617025.807983,173.194.188.105,10.10.0.10,,,443,45734,0,1358,17
1588617025.8080301,173.194.188.105,10.10.0.10,,,443,45734,0,1358,17
1588617025.8105812,10.10.0.10,173.194.188.105,,,45734,443,0,37,17
1588617025.812046,10.10.0.10,173.194.188.105,,,45734,443,0,727,17
1588617025.812104,10.10.0.10,173.194.188.105,,,45734,443,0,48,17
1588617025.812404,173.194.188.105,10.10.0.10,,,443,45734,0,1358,17
1588617025.8175519,173.194.188.105,10.10.0.10,,,443,45734,0,1358,17
1588617025.819224,10.10.0.10,173.194.188.105,,,45734,443,0,37,17
1588617025.822649,173.194.188.105,10.10.0.10,,,443,45734,0,1358,17
1588617025.827816,173.194.188.105,10.10.0.10,,,443,45734,0,1358,17
1588617025.830121,10.10.0.10,173.194.188.105,,,45734,443,0,37,17
1588617025.8329446,173.194.188.105,10.10.0.10,,,443,45734,0,1358,17
1588617025.838075,173.194.188.105,10.10.0.10,,,443,45734,0,1358,17
1588617025.839839,10.10.0.10,173.194.188.105,,,45734,443,0,37,17
1588617025.8432071,173.194.188.105,10.10.0.10,,,443,45734,0,1358,17
1588617025.8482974,173.194.188.105,10.10.0.10,,,443,45734,0,1358,17
1588617025.8500679,10.10.0.10,173.194.188.105,,,45734,443,0,37,17
1588617025.853466,173.194.188.105,10.10.0.10,,,443,45734,0,1358,17
1588617025.8585432,173.194.188.105,10.10.0.10,,,443,45734,0,1358,17
1588617025.860568,10.10.0.10,173.194.188.105,,,45734,443,0,37,17
1588617025.8637269,173.194.188.105,10.10.0.10,,,443,45734,0,1358,17
1588617025.8688178,173.194.188.105,10.10.0.10,,,443,45734,0,1358,17
1588617025.873985,173.194.188.105,10.10.0.10,,,443,45734,0,29,17
1588617025.8741708,173.194.188.105,10.10.0.10,,,443,45734,0,1358,17
1588617025.8793461,173.194.188.105,10.10.0.10,,,443,45734,0,1358,17
1588617025.884475,173.194.188.105,10.10.0.10,,,443,45734,0,1358,17
1588617025.8896039,173.194.188.105,10.10.0.10,,,443,45734,0,1358,17
1588617025.894734,173.194.188.105,10.10.0.10,,,443,45734,0,1358,17
1588617025.8998249,173.194.188.105,10.10.0.10,,,443,45734,0,1358,17
1588617025.904998,173.194.188.105,10.10.0.10,,,443,45734,0,1358,17
1588617025.9101222,173.194.188.105,10.10.0.10,,,443,45734,0,1358,17
1588617025.9152448,173.194.188.105,10.10.0.10,,,443,45734,0,1358,17
1588617025.9203718,173.194.188.105,10.10.0.10,,,443,45734,0,1358,17
1588617025.925504,173.194.188.105,10.10.0.10,,,443,45734,0,1358,17
1588617025.930634,173.194.188.105,10.10.0.10,,,443,45734,0,1358,17
1588617025.9357634,173.194.188.105,10.10.0.10,,,443,45734,0,1358,17
1588617025.9408932,173.194.188.105,10.10.0.10,,,443,45734,0,1358,17
1588617025.946019,173.194.188.105,10.10.0.10,,,443,45734,0,1358,17
1588617025.951098,173.194.188.105,10.10.0.10,,,443,45734,0,1358,17
1588617025.95622,173.194.188.105,10.10.0.10,,,443,45734,0,1358,17
1588617025.9613411,173.194.188.105,10.10.0.10,,,443,45734,0,1358,17
1588617025.966536,173.194.188.105,10.10.0.10,,,443,45734,0,1358,17
1588617025.968066,10.10.0.10,173.194.188.105,,,45734,443,0,37,17
1588617025.9705892,10.10.0.10,173.194.188.105,,,45734,443,0,37,17
1588617025.9716392,173.194.188.105,10.10.0.10,,,443,45734,0,1358,17
1588617025.975541,10.10.0.10,173.194.188.105,,,45734,443,0,37,17
1588617025.975608,10.10.0.10,173.194.188.105,,,45734,443,0,37,17
1588617025.9756372,10.10.0.10,173.194.188.105,,,45734,443,0,37,17
1588617025.975792,10.10.0.10,173.194.188.105,,,45734,443,0,37,17
1588617025.976795,173.194.188.105,10.10.0.10,,,443,45734,0,1358,17
1588617025.977443,10.10.0.10,173.194.188.105,,,45734,443,0,37,17
1588617025.9792292,10.10.0.10,173.194.188.105,,,45734,443,0,37,17
1588617025.979288,10.10.0.10,173.194.188.105,,,45734,443,0,37,17
1588617025.9818964,173.194.188.105,10.10.0.10,,,443,45734,0,1358,17
1588617025.981919,10.10.0.10,173.194.188.105,,,45734,443,0,37,17
1588617025.9837039,10.10.0.10,173.194.188.105,,,45734,443,0,37,17
1588617025.984624,10.10.0.10,173.194.188.105,,,45734,443,0,37,17
1588617025.987014,173.194.188.105,10.10.0.10,,,443,45734,0,1358,17
1588617025.9921882,173.194.188.105,10.10.0.10,,,443,45734,0,1358,17
1588617025.9938438,10.10.0.10,173.194.188.105,,,45734,443,0,37,17
1588617025.997317,173.194.188.105,10.10.0.10,,,443,45734,0,1358,17
1588617026.0024009,173.194.188.105,10.10.0.10,,,443,45734,0,1358,17
1588617026.004145,10.10.0.10,173.194.188.105,,,45734,443,0,37,17
1588617026.0075312,173.194.188.105,10.10.0.10,,,443,45734,0,1358,17
1588617026.0127,173.194.188.105,10.10.0.10,,,443,45734,0,1358,17
1588617026.014517,10.10.0.10,173.194.188.105,,,45734,443,0,50,17
1588617026.017834,173.194.188.105,10.10.0.10,,,443,45734,0,1358,17
1588617026.02296,173.194.188.105,10.10.0.10,,,443,45734,0,1358,17
1588617026.025019,10.10.0.10,173.194.188.105,,,45734,443,0,37,17
1588617026.028088,173.194.188.105,10.10.0.10,,,443,45734,0,1358,17
1588617026.0332189,173.194.188.105,10.10.0.10,,,443,45734,0,1358,17
1588617026.0351038,10.10.0.10,173.194.188.105,,,45734,443,0,37,17
1588617026.0383492,173.194.188.105,10.10.0.10,,,443,45734,0,1358,17
1588617026.043479,173.194.188.105,10.10.0.10,,,443,45734,0,1358,17
1588617026.0452442,10.10.0.10,173.194.188.105,,,45734,443,0,37,17
1588617026.048613,173.194.188.105,10.10.0.10,,,443,45734,0,1358,17
1588617026.053691,173.194.188.105,10.10.0.10,,,443,45734,0,1358,17
1588617026.0554588,10.10.0.10,173.194.188.105,,,45734,443,0,37,17
1588617026.058871,173.194.188.105,10.10.0.10,,,443,45734,0,1358,17
1588617026.063997,173.194.188.105,10.10.0.10,,,443,45734,0,1358,17
1588617026.0659199,10.10.0.10,173.194.188.105,,,45734,443,0,37,17
1588617026.069129,173.194.188.105,10.10.0.10,,,443,45734,0,1358,17
1588617026.074213,173.194.188.105,10.10.0.10,,,443,45734,0,1358,17
1588617026.075954,10.10.0.10,173.194.188.105,,,45734,443,0,37,17
1588617026.079385,173.194.188.105,10.10.0.10,,,443,45734,0,1358,17
1588617026.0845182,173.194.188.105,10.10.0.10,,,443,45734,0,1358,17
1588617026.08675,10.10.0.10,173.194.188.105,,,45734,443,0,37,17
1588617026.089648,173.194.188.105,10.10.0.10,,,443,45734,0,1358,17
1588617026.094773,173.194.188.105,10.10.0.10,,,443,45734,0,1358,17
1588617026.096621,10.10.0.10,173.194.188.105,,,45734,443,0,37,17
1588617026.099906,173.194.188.105,10.10.0.10,,,443,45734,0,1358,17
1588617026.1050365,173.194.188.105,10.10.0.10,,,443,45734,0,1358,17
1588617026.1067252,10.10.0.10,173.194.188.105,,,45734,443,0,37,17
1588617026.110166,173.194.188.105,10.10.0.10,,,443,45734,0,1358,17
1588617026.115294,173.194.188.105,10.10.0.10,,,443,45734,0,1358,17
1588617026.116915,10.10.0.10,173.194.188.105,,,45734,443,0,37,17
1588617026.120423,173.194.188.105,10.10.0.10,,,443,45734,0,1358,17
1588617026.125553,173.194.188.105,10.10.0.10,,,443,45734,0,1358,17
1588617026.127434,10.10.0.10,173.194.188.105,,,45734,443,0,37,17
1588617026.130683,173.194.188.105,10.10.0.10,,,443,45734,0,1358,17
1588617026.1358151,173.194.188.105,10.10.0.10,,,443,45734,0,1358,17
1588617026.1375165,10.10.0.10,173.194.188.105,,,45734,443,0,37,17
1588617026.140939,173.194.188.105,10.10.0.10,,,443,45734,0,1358,17
1588617026.14607,173.194.188.105,10.10.0.10,,,443,45734,0,1358,17
1588617026.1477242,10.10.0.10,173.194.188.105,,,45734,443,0,37,17
1588617026.1511972,173.194.188.105,10.10.0.10,,,443,45734,0,1358,17
1588617026.156326,173.194.188.105,10.10.0.10,,,443,45734,0,1358,17
1588617026.1585946,10.10.0.10,173.194.188.105,,,45734,443,0,37,17
1588617026.161456,173.194.188.105,10.10.0.10,,,443,45734,0,1358,17
1588617026.166586,173.194.188.105,10.10.0.10,,,443,45734,0,1358,17
1588617026.168134,10.10.0.10,173.194.188.105,,,45734,443,0,37,17
1588617026.1717148,173.194.188.105,10.10.0.10,,,443,45734,0,1358,17
1588617026.176847,173.194.188.105,10.10.0.10,,,443,45734,0,1358,17
1588617026.178604,10.10.0.10,173.194.188.105,,,45734,443,0,37,17
1588617026.181978,173.194.188.105,10.10.0.10,,,443,45734,0,1358,17
1588617026.1871061,173.194.188.105,10.10.0.10,,,443,45734,0,1358,17
1588617026.189168,10.10.0.10,173.194.188.105,,,45734,443,0,37,17
1588617026.192231,173.194.188.105,10.10.0.10,,,443,45734,0,1358,17
1588617026.197362,173.194.188.105,10.10.0.10,,,443,45734,0,1358,17
1588617026.1991582,10.10.0.10,173.194.188.105,,,45734,443,0,37,17
1588617026.2024634,173.194.188.105,10.10.0.10,,,443,45734,0,1358,17
1588617026.20762,173.194.188.105,10.10.0.10,,,443,45734,0,1358,17
1588617026.2100186,10.10.0.10,173.194.188.105,,,45734,443,0,37,17
1588617026.212749,173.194.188.105,10.10.0.10,,,443,45734,0,1358,17
1588617026.2178788,173.194.188.105,10.10.0.10,,,443,45734,0,1358,17
1588617026.2197056,10.10.0.10,173.194.188.105,,,45734,443,0,50,17
1588617026.223015,173.194.188.105,10.10.0.10,,,443,45734,0,1358,17
1588617026.22811,173.194.188.105,10.10.0.10,,,443,45734,0,1358,17
1588617026.2297866,10.10.0.10,173.194.188.105,,,45734,443,0,37,17
1588617026.2332678,173.194.188.105,10.10.0.10,,,443,45734,0,1358,17
1588617026.2383974,173.194.188.105,10.10.0.10,,,443,45734,0,1358,17
1588617026.241534,10.10.0.10,173.194.188.105,,,45734,443,0,37,17
1588617026.243526,173.194.188.105,10.10.0.10,,,443,45734,0,1358,17
1588617026.2486286,173.194.188.105,10.10.0.10,,,443,45734,0,1358,17
1588617026.2504988,10.10.0.10,173.194.188.105,,,45734,443,0,37,17
1588617026.253768,173.194.188.105,10.10.0.10,,,443,45734,0,1358,17
1588617026.258915,173.194.188.105,10.10.0.10,,,443,45734,0,1358,17
1588617026.260705,10.10.0.10,173.194.188.105,,,45734,443,0,37,17
1588617026.264044,173.194.188.105,10.10.0.10,,,443,45734,0,1358,17
1588617026.2691731,173.194.188.105,10.10.0.10,,,443,45734,0,1358,17
1588617026.270767,10.10.0.10,173.194.188.105,,,45734,443,0,37,17
1588617026.274303,173.194.188.105,10.10.0.10,,,443,45734,0,1358,17
1588617026.279431,173.194.188.105,10.10.0.10,,,443,45734,0,1358,17
1588617026.2810981,10.10.0.10,173.194.188.105,,,45734,443,0,37,17
1588617026.28456,173.194.188.105,10.10.0.10,,,443,45734,0,1358,17
1588617026.2896602,173.194.188.105,10.10.0.10,,,443,45734,0,1358,17
1588617026.2912982,10.10.0.10,173.194.188.105,,,45734,443,0,37,17
1588617026.294787,173.194.188.105,10.10.0.10,,,443,45734,0,1358,17
1588617026.299951,173.194.188.105,10.10.0.10,,,443,45734,0,1358,17
1588617026.3019226,10.10.0.10,173.194.188.105,,,45734,443,0,37,17
1588617026.3050802,173.194.188.105,10.10.0.10,,,443,45734,0,1358,17
1588617026.310213,173.194.188.105,10.10.0.10,,,443,45734,0,1358,17
1588617026.312006,10.10.0.10,173.194.188.105,,,45734,443,0,37,17
1588617026.3153422,173.194.188.105,10.10.0.10,,,443,45734,0,1358,17
1588617026.320468,173.194.188.105,10.10.0.10,,,443,45734,0,1358,17
1588617026.321987,10.10.0.10,173.194.188.105,,,45734,443,0,37,17
1588617026.325597,173.194.188.105,10.10.0.10,,,443,45734,0,1358,17
1588617026.3307312,173.194.188.105,10.10.0.10,,,443,45734,0,1358,17
1588617026.3327012,10.10.0.10,173.194.188.105,,,45734,443,0,37,17
1588617026.335856,173.194.188.105,10.10.0.10,,,443,45734,0,1358,17
1588617026.3409548,173.194.188.105,10.10.0.10,,,443,45734,0,1358,17
1588617026.3428931,10.10.0.10,173.194.188.105,,,45734,443,0,37,17
1588617026.3461142,173.194.188.105,10.10.0.10,,,443,45734,0,1358,17
1588617026.3512444,173.194.188.105,10.10.0.10,,,443,45734,0,1358,17
1588617026.35295,10.10.0.10,173.194.188.105,,,45734,443,0,37,17
1588617026.356373,173.194.188.105,10.10.0.10,,,443,45734,0,1358,17
1588617026.3615036,173.194.188.105,10.10.0.10,,,443,45734,0,1358,17
1588617026.3631322,10.10.0.10,173.194.188.105,,,45734,443,0,37,17
1588617026.366632,173.194.188.105,10.10.0.10,,,443,45734,0,1358,17
1588617026.3717608,173.194.188.105,10.10.0.10,,,443,45734,0,1358,17
1588617026.3734288,10.10.0.10,173.194.188.105,,,45734,443,0,37,17
1588617026.376892,173.194.188.105,10.10.0.10,,,443,45734,0,1358,17
1588617026.381959,173.194.188.105,10.10.0.10,,,443,45734,0,1358,17
1588617026.3835151,10.10.0.10,173.194.188.105,,,45734,443,0,37,17
1588617026.38715,173.194.188.105,10.10.0.10,,,443,45734,0,1358,17
1588617026.3922842,173.194.188.105,10.10.0.10,,,443,45734,0,1358,17
1588617026.397415,173.194.188.105,10.10.0.10,,,443,45734,0,1358,17
1588617026.3997252,10.10.0.10,173.194.188.105,,,45734,443,0,37,17
1588617026.4025419,173.194.188.105,10.10.0.10,,,443,45734,0,1358,17
1588617026.4040961,10.10.0.10,173.194.188.105,,,45734,443,0,37,17
1588617026.4076722,173.194.188.105,10.10.0.10,,,443,45734,0,1358,17
1588617026.412802,173.194.188.105,10.10.0.10,,,443,45734,0,1358,17
1588617026.4148526,10.10.0.10,173.194.188.105,,,45734,443,0,37,17
1588617026.417926,173.194.188.105,10.10.0.10,,,443,45734,0,1358,17
1588617026.4230616,173.194.188.105,10.10.0.10,,,443,45734,0,1358,17
1588617026.425643,10.10.0.10,173.194.188.105,,,45734,443,0,50,17
1588617026.428185,173.194.188.105,10.10.0.10,,,443,45734,0,1358,17
1588617026.4333189,173.194.188.105,10.10.0.10,,,443,45734,0,1358,17
1588617026.4349961,10.10.0.10,173.194.188.105,,,45734,443,0,37,17
1588617026.4384446,173.194.188.105,10.10.0.10,,,443,45734,0,1358,17
1588617026.443577,173.194.188.105,10.10.0.10,,,443,45734,0,1358,17
1588617026.445246,10.10.0.10,173.194.188.105,,,45734,443,0,37,17
1588617026.4487078,173.194.188.105,10.10.0.10,,,443,45734,0,1358,17
1588617026.4538329,173.194.188.105,10.10.0.10,,,443,45734,0,1358,17
1588617026.455558,10.10.0.10,173.194.188.105,,,45734,443,0,37,17
1588617026.4589136,173.194.188.105,10.10.0.10,,,443,45734,0,1358,17
1588617026.464055,173.194.188.105,10.10.0.10,,,443,45734,0,1358,17
1588617026.465837,10.10.0.10,173.194.188.105,,,45734,443,0,37,17
1588617026.469184,173.194.188.105,10.10.0.10,,,443,45734,0,1358,17
1588617026.474314,173.194.188.105,10.10.0.10,,,443,45734,0,1358,17
1588617026.4760509,10.10.0.10,173.194.188.105,,,45734,443,0,37,17
1588617026.4794786,173.194.188.105,10.10.0.10,,,443,45734,0,1358,17
1588617026.484616,173.194.188.105,10.10.0.10,,,443,45734,0,1358,17
1588617026.489744,173.194.188.105,10.10.0.10,,,443,45734,0,1358,17
1588617026.494872,173.194.188.105,10.10.0.10,,,443,45734,0,1358,17
1588617026.500002,173.194.188.105,10.10.0.10,,,443,45734,0,1358,17
1588617026.505069,173.194.188.105,10.10.0.10,,,443,45734,0,1358,17
1588617026.5101948,173.194.188.105,10.10.0.10,,,443,45734,0,1358,17
1588617026.515324,173.194.188.105,10.10.0.10,,,443,45734,0,1358,17
1588617026.52044,173.194.188.105,10.10.0.10,,,443,45734,0,1358,17
1588617026.5256038,173.194.188.105,10.10.0.10,,,443,45734,0,1358,17
1588617026.530758,173.194.188.105,10.10.0.10,,,443,45734,0,1358,17
1588617026.5358338,173.194.188.105,10.10.0.10,,,443,45734,0,1358,17
1588617026.540978,173.194.188.105,10.10.0.10,,,443,45734,0,1358,17
1588617026.5461528,173.194.188.105,10.10.0.10,,,443,45734,0,1358,17
1588617026.551282,173.194.188.105,10.10.0.10,,,443,45734,0,1358,17
1588617026.5564141,173.194.188.105,10.10.0.10,,,443,45734,0,1358,17
1588617026.5615466,173.194.188.105,10.10.0.10,,,443,45734,0,1358,17
1588617026.5666769,173.194.188.105,10.10.0.10,,,443,45734,0,1358,17
1588617026.571816,173.194.188.105,10.10.0.10,,,443,45734,0,1358,17
1588617026.5769384,173.194.188.105,10.10.0.10,,,443,45734,0,1358,17
1588617026.582006,173.194.188.105,10.10.0.10,,,443,45734,0,1358,17
1588617026.5871305,173.194.188.105,10.10.0.10,,,443,45734,0,1358,17
1588617026.592273,173.194.188.105,10.10.0.10,,,443,45734,0,1358,17
1588617026.5974462,173.194.188.105,10.10.0.10,,,443,45734,0,1358,17
1588617026.6822188,10.10.0.10,173.194.188.105,,,45734,443,0,37,17
1588617026.6868439,173.194.188.105,10.10.0.10,,,443,45734,0,1358,17
1588617026.6868641,173.194.188.105,10.10.0.10,,,443,45734,0,1358,17
1588617026.6885,10.10.0.10,173.194.188.105,,,45734,443,0,37,17
1588617026.691984,10.10.0.10,173.194.188.105,,,45734,443,0,43,17
1588617026.693409,10.10.0.10,173.194.188.105,,,45734,443,0,37,17
1588617026.693425,173.194.188.105,10.10.0.10,,,443,45734,0,1358,17
1588617026.6940515,10.10.0.10,173.194.188.105,,,45734,443,0,37,17
1588617026.694591,10.10.0.10,173.194.188.105,,,45734,443,0,37,17
1588617026.6956818,10.10.0.10,173.194.188.105,,,45734,443,0,37,17
1588617026.6963801,173.194.188.105,10.10.0.10,,,443,45734,0,1358,17
1588617026.696409,10.10.0.10,173.194.188.105,,,45734,443,0,37,17
1588617026.696448,10.10.0.10,173.194.188.105,,,45734,443,0,37,17
1588617026.6969118,10.10.0.10,173.194.188.105,,,45734,443,0,37,17
1588617026.699249,10.10.0.10,173.194.188.105,,,45734,443,0,37,17
1588617026.699848,10.10.0.10,173.194.188.105,,,45734,443,0,37,17
1588617026.7012599,10.10.0.10,173.194.188.105,,,45734,443,0,37,17
1588617026.701475,173.194.188.105,10.10.0.10,,,443,45734,0,29,17
1588617026.701734,173.194.188.105,10.10.0.10,,,443,45734,0,1358,17
1588617026.702785,10.10.0.10,173.194.188.105,,,45734,443,0,37,17
1588617026.7036188,10.10.0.10,173.194.188.105,,,45734,443,0,37,17
1588617026.7069,173.194.188.105,10.10.0.10,,,443,45734,0,1358,17
1588617026.7104428,10.10.0.10,173.194.188.105,,,45734,443,0,37,17
1588617026.7120142,173.194.188.105,10.10.0.10,,,443,45734,0,1358,17
1588617026.7171645,173.194.188.105,10.10.0.10,,,443,45734,0,1358,17
1588617026.718799,10.10.0.10,173.194.188.105,,,45734,443,0,37,17
1588617026.722291,173.194.188.105,10.10.0.10,,,443,45734,0,1358,17
1588617026.727424,173.194.188.105,10.10.0.10,,,443,45734,0,1358,17
1588617026.7290301,10.10.0.10,173.194.188.105,,,45734,443,0,37,17
1588617026.732528,173.194.188.105,10.10.0.10,,,443,45734,0,1358,17
1588617026.7376866,173.194.188.105,10.10.0.10,,,443,45734,0,1358,17
1588617026.739491,10.10.0.10,173.194.188.105,,,45734,443,0,37,17
1588617026.742814,173.194.188.105,10.10.0.10,,,443,45734,0,1358,17
1588617026.7479398,173.194.188.105,10.10.0.10,,,443,45734,0,1358,17
1588617026.749597,10.10.0.10,173.194.188.105,,,45734,443,0,37,17
1588617026.7530382,173.194.188.105,10.10.0.10,,,443,45734,0,1358,17
1588617026.7582028,173.194.188.105,10.10.0.10,,,443,45734,0,1358,17
1588617026.7598908,10.10.0.10,173.194.188.105,,,45734,443,0,37,17
1588617026.763335,173.194.188.105,10.10.0.10,,,443,45734,0,1358,17
1588617026.768465,173.194.188.105,10.10.0.10,,,443,45734,0,1358,17
1588617026.771411,10.10.0.10,173.194.188.105,,,45734,443,0,37,17
1588617026.77359,173.194.188.105,10.10.0.10,,,443,45734,0,1358,17
1588617026.7786849,173.194.188.105,10.10.0.10,,,443,45734,0,1358,17
1588617026.781162,10.10.0.10,173.194.188.105,,,45734,443,0,50,17
1588617026.783854,173.194.188.105,10.10.0.10,,,443,45734,0,1358,17
1588617026.788968,173.194.188.105,10.10.0.10,,,443,45734,0,1358,17
1588617026.7910259,10.10.0.10,173.194.188.105,,,45734,443,0,37,17
1588617026.79411,173.194.188.105,10.10.0.10,,,443,45734,0,1358,17
1588617026.7992392,173.194.188.105,10.10.0.10,,,443,45734,0,1358,17
1588617026.8010788,10.10.0.10,173.194.188.105,,,45734,443,0,37,17
1588617026.804369,173.194.188.105,10.10.0.10,,,443,45734,0,1358,17
1588617026.8095002,173.194.188.105,10.10.0.10,,,443,45734,0,1358,17
1588617026.812581,10.10.0.10,173.194.188.105,,,45734,443,0,37,17
1588617026.814627,173.194.188.105,10.10.0.10,,,443,45734,0,1358,17
1588617026.819768,173.194.188.105,10.10.0.10,,,443,45734,0,1358,17
1588617026.821727,10.10.0.10,173.194.188.105,,,45734,443,0,37,17
1588617026.8248851,173.194.188.105,10.10.0.10,,,443,45734,0,1358,17
1588617026.830019,173.194.188.105,10.10.0.10,,,443,45734,0,1358,17
1588617026.8319552,10.10.0.10,173.194.188.105,,,45734,443,0,37,17
1588617026.8351555,173.194.188.105,10.10.0.10,,,443,45734,0,1358,17
1588617026.840249,173.194.188.105,10.10.0.10,,,443,45734,0,1358,17
1588617026.842726,10.10.0.10,173.194.188.105,,,45734,443,0,37,17
1588617026.845367,173.194.188.105,10.10.0.10,,,443,45734,0,29,17
1588617026.8455849,173.194.188.105,10.10.0.10,,,443,45734,0,1358,17
1588617026.8507652,173.194.188.105,10.10.0.10,,,443,45734,0,1358,17
1588617026.852374,10.10.0.10,173.194.188.105,,,45734,443,0,37,17
1588617026.8558724,173.194.188.105,10.10.0.10,,,443,45734,0,1358,17
1588617026.8610268,173.194.188.105,10.10.0.10,,,443,45734,0,1358,17
1588617026.863185,10.10.0.10,173.194.188.105,,,45734,443,0,37,17
1588617026.8661172,173.194.188.105,10.10.0.10,,,443,45734,0,1358,17
1588617026.8712852,173.194.188.105,10.10.0.10,,,443,45734,0,1358,17
1588617026.87396,10.10.0.10,173.194.188.105,,,45734,443,0,37,17
1588617026.876415,173.194.188.105,10.10.0.10,,,443,45734,0,1358,17
1588617026.881552,173.194.188.105,10.10.0.10,,,443,45734,0,1358,17
1588617026.8849332,10.10.0.10,173.194.188.105,,,45734,443,0,37,17
1588617026.886675,173.194.188.105,10.10.0.10,,,443,45734,0,1358,17
1588617026.8917725,173.194.188.105,10.10.0.10,,,443,45734,0,1358,17
1588617026.893774,10.10.0.10,173.194.188.105,,,45734,443,0,37,17
1588617026.896948,173.194.188.105,10.10.0.10,,,443,45734,0,1358,17
1588617026.902066,173.194.188.105,10.10.0.10,,,443,45734,0,1358,17
1588617026.90417,10.10.0.10,173.194.188.105,,,45734,443,0,37,17
1588617026.907193,173.194.188.105,10.10.0.10,,,443,45734,0,1358,17
1588617026.9123216,173.194.188.105,10.10.0.10,,,443,45734,0,1358,17
1588617026.913896,10.10.0.10,173.194.188.105,,,45734,443,0,37,17
1588617026.917451,173.194.188.105,10.10.0.10,,,443,45734,0,1358,17
1588617026.922584,173.194.188.105,10.10.0.10,,,443,45734,0,1358,17
1588617026.9274418,10.10.0.10,173.194.188.105,,,45734,443,0,37,17
1588617026.927639,173.194.188.105,10.10.0.10,,,443,45734,0,1358,17
1588617026.9328132,173.194.188.105,10.10.0.10,,,443,45734,0,1358,17
1588617026.9344668,10.10.0.10,173.194.188.105,,,45734,443,0,37,17
1588617026.937973,173.194.188.105,10.10.0.10,,,443,45734,0,1358,17
1588617026.943102,173.194.188.105,10.10.0.10,,,443,45734,0,1358,17
1588617026.945194,10.10.0.10,173.194.188.105,,,45734,443,0,37,17
1588617026.948228,173.194.188.105,10.10.0.10,,,443,45734,0,1358,17
1588617026.9533598,173.194.188.105,10.10.0.10,,,443,45734,0,1358,17
1588617026.9549801,10.10.0.10,173.194.188.105,,,45734,443,0,37,17
1588617026.9584198,173.194.188.105,10.10.0.10,,,443,45734,0,1358,17
1588617026.963582,173.194.188.105,10.10.0.10,,,443,45734,0,1358,17
1588617026.96516,10.10.0.10,173.194.188.105,,,45734,443,0,37,17
1588617026.96873,173.194.188.105,10.10.0.10,,,443,45734,0,1358,17
1588617026.9738748,173.194.188.105,10.10.0.10,,,443,45734,0,1358,17
1588617026.976294,10.10.0.10,173.194.188.105,,,45734,443,0,37,17
1588617026.9789894,173.194.188.105,10.10.0.10,,,443,45734,0,1358,17
1588617026.9841352,173.194.188.105,10.10.0.10,,,443,45734,0,1358,17
1588617026.9870212,10.10.0.10,173.194.188.105,,,45734,443,0,50,17
1588617026.9892669,173.194.188.105,10.10.0.10,,,443,45734,0,1358,17
1588617026.9943972,173.194.188.105,10.10.0.10,,,443,45734,0,1358,17
1588617026.9961882,10.10.0.10,173.194.188.105,,,45734,443,0,37,17
1588617026.999526,173.194.188.105,10.10.0.10,,,443,45734,0,1358,17
1588617027.0046508,173.194.188.105,10.10.0.10,,,443,45734,0,1358,17
1588617027.0063539,10.10.0.10,173.194.188.105,,,45734,443,0,37,17
1588617027.009785,173.194.188.105,10.10.0.10,,,443,45734,0,1358,17
1588617027.01491,173.194.188.105,10.10.0.10,,,443,45734,0,1358,17
1588617027.016617,10.10.0.10,173.194.188.105,,,45734,443,0,37,17
1588617027.020039,173.194.188.105,10.10.0.10,,,443,45734,0,1358,17
1588617027.02518,173.194.188.105,10.10.0.10,,,443,45734,0,1358,17
1588617027.027416,10.10.0.10,173.194.188.105,,,45734,443,0,37,17
1588617027.0303,173.194.188.105,10.10.0.10,,,443,45734,0,1358,17
1588617027.035406,173.194.188.105,10.10.0.10,,,443,45734,0,1358,17
1588617027.037055,10.10.0.10,173.194.188.105,,,45734,443,0,37,17
1588617027.040559,173.194.188.105,10.10.0.10,,,443,45734,0,1358,17
1588617027.0456982,173.194.188.105,10.10.0.10,,,443,45734,0,1358,17
1588617027.0475204,10.10.0.10,173.194.188.105,,,45734,443,0,37,17
1588617027.0514028,173.194.188.105,10.10.0.10,,,443,45734,0,1358,17
1588617027.056561,173.194.188.105,10.10.0.10,,,443,45734,0,1358,17
1588617027.0582519,10.10.0.10,173.194.188.105,,,45734,443,0,37,17
1588617027.06169,173.194.188.105,10.10.0.10,,,443,45734,0,1358,17
1588617027.06682,173.194.188.105,10.10.0.10,,,443,45734,0,1358,17
1588617027.0684779,10.10.0.10,173.194.188.105,,,45734,443,0,37,17
1588617027.071954,173.194.188.105,10.10.0.10,,,443,45734,0,1358,17
1588617027.0770829,173.194.188.105,10.10.0.10,,,443,45734,0,1358,17
1588617027.0793312,10.10.0.10,173.194.188.105,,,45734,443,0,37,17
1588617027.0822115,173.194.188.105,10.10.0.10,,,443,45734,0,1358,17
1588617027.0873392,173.194.188.105,10.10.0.10,,,443,45734,0,1358,17
1588617027.089416,10.10.0.10,173.194.188.105,,,45734,443,0,37,17
1588617027.092472,173.194.188.105,10.10.0.10,,,443,45734,0,1358,17
1588617027.097598,173.194.188.105,10.10.0.10,,,443,45734,0,1358,17
1588617027.0994186,10.10.0.10,173.194.188.105,,,45734,443,0,37,17
1588617027.102726,173.194.188.105,10.10.0.10,,,443,45734,0,1358,17
1588617027.1078598,173.194.188.105,10.10.0.10,,,443,45734,0,1358,17
1588617027.109718,10.10.0.10,173.194.188.105,,,45734,443,0,37,17
1588617027.1129892,173.194.188.105,10.10.0.10,,,443,45734,0,1358,17
1588617027.118115,173.194.188.105,10.10.0.10,,,443,45734,0,1358,17
1588617027.119833,10.10.0.10,173.194.188.105,,,45734,443,0,37,17
1588617027.123248,173.194.188.105,10.10.0.10,,,443,45734,0,1358,17
1588617027.128378,173.194.188.105,10.10.0.10,,,443,45734,0,1358,17
1588617027.131185,10.10.0.10,173.194.188.105,,,45734,443,0,37,17
1588617027.133503,173.194.188.105,10.10.0.10,,,443,45734,0,1358,17
1588617027.1385891,173.194.188.105,10.10.0.10,,,443,45734,0,1358,17
1588617027.140396,10.10.0.10,173.194.188.105,,,45734,443,0,37,17
1588617027.1437619,173.194.188.105,10.10.0.10,,,443,45734,0,1358,17
1588617027.148895,173.194.188.105,10.10.0.10,,,443,45734,0,1358,17
1588617027.1505182,10.10.0.10,173.194.188.105,,,45734,443,0,37,17
1588617027.1540198,173.194.188.105,10.10.0.10,,,443,45734,0,1358,17
1588617027.159157,173.194.188.105,10.10.0.10,,,443,45734,0,1358,17
1588617027.160831,10.10.0.10,173.194.188.105,,,45734,443,0,37,17
1588617027.1642802,173.194.188.105,10.10.0.10,,,443,45734,0,1358,17
1588617027.169413,173.194.188.105,10.10.0.10,,,443,45734,0,1358,17
1588617027.1713102,10.10.0.10,173.194.188.105,,,45734,443,0,37,17
1588617027.1745422,173.194.188.105,10.10.0.10,,,443,45734,0,1358,17
1588617027.17964,173.194.188.105,10.10.0.10,,,443,45734,0,1358,17
1588617027.1817696,10.10.0.10,173.194.188.105,,,45734,443,0,37,17
1588617027.184797,173.194.188.105,10.10.0.10,,,443,45734,0,1358,17
1588617027.1899269,173.194.188.105,10.10.0.10,,,443,45734,0,1358,17
1588617027.1942694,10.10.0.10,173.194.188.105,,,45734,443,0,50,17
1588617027.195055,173.194.188.105,10.10.0.10,,,443,45734,0,1358,17
1588617027.20019,173.194.188.105,10.10.0.10,,,443,45734,0,1358,17
1588617027.202088,10.10.0.10,173.194.188.105,,,45734,443,0,37,17
1588617027.2052732,173.194.188.105,10.10.0.10,,,443,45734,0,1358,17
1588617027.210454,173.194.188.105,10.10.0.10,,,443,45734,0,1358,17
1588617027.21319,10.10.0.10,173.194.188.105,,,45734,443,0,37,17
1588617027.215575,173.194.188.105,10.10.0.10,,,443,45734,0,1358,17
1588617027.2207036,173.194.188.105,10.10.0.10,,,443,45734,0,1358,17
1588617027.222351,10.10.0.10,173.194.188.105,,,45734,443,0,37,17
1588617027.2258382,173.194.188.105,10.10.0.10,,,443,45734,0,1358,17
1588617027.230967,173.194.188.105,10.10.0.10,,,443,45734,0,1358,17
1588617027.23256,10.10.0.10,173.194.188.105,,,45734,443,0,37,17
1588617027.236095,173.194.188.105,10.10.0.10,,,443,45734,0,1358,17
1588617027.241225,173.194.188.105,10.10.0.10,,,443,45734,0,1358,17
1588617027.242916,10.10.0.10,173.194.188.105,,,45734,443,0,37,17
1588617027.246353,173.194.188.105,10.10.0.10,,,443,45734,0,1358,17
1588617027.2514842,173.194.188.105,10.10.0.10,,,443,45734,0,1358,17
1588617027.253394,10.10.0.10,173.194.188.105,,,45734,443,0,37,17
1588617027.256613,173.194.188.105,10.10.0.10,,,443,45734,0,1358,17
1588617027.2617388,173.194.188.105,10.10.0.10,,,443,45734,0,1358,17
1588617027.264189,10.10.0.10,173.194.188.105,,,45734,443,0,37,17
1588617027.2668679,173.194.188.105,10.10.0.10,,,443,45734,0,1358,17
1588617027.272001,173.194.188.105,10.10.0.10,,,443,45734,0,1358,17
1588617027.2736619,10.10.0.10,173.194.188.105,,,45734,443,0,37,17
1588617027.277128,173.194.188.105,10.10.0.10,,,443,45734,0,1358,17
1588617027.2821972,173.194.188.105,10.10.0.10,,,443,45734,0,1358,17
1588617027.2838042,10.10.0.10,173.194.188.105,,,45734,443,0,37,17
1588617027.287385,173.194.188.105,10.10.0.10,,,443,45734,0,1358,17
1588617027.2925158,173.194.188.105,10.10.0.10,,,443,45734,0,1358,17
1588617027.2948508,10.10.0.10,173.194.188.105,,,45734,443,0,37,17
1588617027.2976446,173.194.188.105,10.10.0.10,,,443,45734,0,1358,17
1588617027.302779,173.194.188.105,10.10.0.10,,,443,45734,0,1358,17
1588617027.304373,10.10.0.10,173.194.188.105,,,45734,443,0,37,17
1588617027.3079028,173.194.188.105,10.10.0.10,,,443,45734,0,1358,17
1588617027.3130329,173.194.188.105,10.10.0.10,,,443,45734,0,1358,17
1588617027.314894,10.10.0.10,173.194.188.105,,,45734,443,0,37,17
1588617027.318161,173.194.188.105,10.10.0.10,,,443,45734,0,1358,17
1588617027.3232925,173.194.188.105,10.10.0.10,,,443,45734,0,1358,17
1588617027.325,10.10.0.10,173.194.188.105,,,45734,443,0,37,17
1588617027.328421,173.194.188.105,10.10.0.10,,,443,45734,0,1358,17
1588617027.333558,173.194.188.105,10.10.0.10,,,443,45734,0,1358,17
1588617027.335233,10.10.0.10,173.194.188.105,,,45734,443,0,37,17
1588617027.338684,173.194.188.105,10.10.0.10,,,443,45734,0,1358,17
1588617027.343809,173.194.188.105,10.10.0.10,,,443,45734,0,1358,17
1588617027.3462489,10.10.0.10,173.194.188.105,,,45734,443,0,37,17
1588617027.348925,173.194.188.105,10.10.0.10,,,443,45734,0,1358,17
1588617027.3540359,173.194.188.105,10.10.0.10,,,443,45734,0,1358,17
1588617027.356297,10.10.0.10,173.194.188.105,,,45734,443,0,37,17
1588617027.359158,173.194.188.105,10.10.0.10,,,443,45734,0,1358,17
1588617027.364327,173.194.188.105,10.10.0.10,,,443,45734,0,1358,17
1588617027.3660774,10.10.0.10,173.194.188.105,,,45734,443,0,37,17
1588617027.369457,173.194.188.105,10.10.0.10,,,443,45734,0,1358,17
1588617027.374596,173.194.188.105,10.10.0.10,,,443,45734,0,1358,17
1588617027.376442,10.10.0.10,173.194.188.105,,,45734,443,0,37,17
1588617027.379716,173.194.188.105,10.10.0.10,,,443,45734,0,1358,17
1588617027.384793,173.194.188.105,10.10.0.10,,,443,45734,0,1358,17
1588617027.386516,10.10.0.10,173.194.188.105,,,45734,443,0,37,17
1588617027.389976,173.194.188.105,10.10.0.10,,,443,45734,0,1358,17
1588617027.395104,173.194.188.105,10.10.0.10,,,443,45734,0,1358,17
1588617027.3968759,10.10.0.10,173.194.188.105,,,45734,443,0,50,17
1588617027.4008188,173.194.188.105,10.10.0.10,,,443,45734,0,1358,17
1588617027.405979,173.194.188.105,10.10.0.10,,,443,45734,0,1358,17
1588617027.4079108,10.10.0.10,173.194.188.105,,,45734,443,0,37,17
1588617027.4111068,173.194.188.105,10.10.0.10,,,443,45734,0,1358,17
1588617027.416222,173.194.188.105,10.10.0.10,,,443,45734,0,1358,17
1588617027.4177089,10.10.0.10,173.194.188.105,,,45734,443,0,37,17
1588617027.421298,173.194.188.105,10.10.0.10,,,443,45734,0,1358,17
1588617027.426538,173.194.188.105,10.10.0.10,,,443,45734,0,1358,17
1588617027.4290311,10.10.0.10,173.194.188.105,,,45734,443,0,37,17
1588617027.4318042,173.194.188.105,10.10.0.10,,,443,45734,0,1358,17
1588617027.4370098,173.194.188.105,10.10.0.10,,,443,45734,0,1358,17
1588617027.4421892,173.194.188.105,10.10.0.10,,,443,45734,0,1358,17
1588617027.447447,173.194.188.105,10.10.0.10,,,443,45734,0,1358,17
1588617027.4505188,10.10.0.10,173.194.188.105,,,45734,443,0,37,17
1588617027.4518714,10.10.0.10,173.194.188.105,,,45734,443,0,37,17
1588617027.452625,173.194.188.105,10.10.0.10,,,443,45734,0,1358,17
1588617027.457884,173.194.188.105,10.10.0.10,,,443,45734,0,1358,17
1588617027.460381,10.10.0.10,173.194.188.105,,,45734,443,0,37,17
1588617027.46309,173.194.188.105,10.10.0.10,,,443,45734,0,1358,17
1588617027.4683206,173.194.188.105,10.10.0.10,,,443,45734,0,1358,17
1588617027.4703062,10.10.0.10,173.194.188.105,,,45734,443,0,37,17
1588617027.4735148,173.194.188.105,10.10.0.10,,,443,45734,0,1358,17
1588617027.478697,173.194.188.105,10.10.0.10,,,443,45734,0,1358,17
1588617027.4803214,10.10.0.10,173.194.188.105,,,45734,443,0,37,17
1588617027.4839768,173.194.188.105,10.10.0.10,,,443,45734,0,1358,17
1588617027.489199,173.194.188.105,10.10.0.10,,,443,45734,0,1358,17
1588617027.492512,10.10.0.10,173.194.188.105,,,45734,443,0,37,17
1588617027.494414,173.194.188.105,10.10.0.10,,,443,45734,0,1358,17
1588617027.4996376,173.194.188.105,10.10.0.10,,,443,45734,0,1358,17
1588617027.5012612,10.10.0.10,173.194.188.105,,,45734,443,0,37,17
1588617027.5048552,173.194.188.105,10.10.0.10,,,443,45734,0,1358,17
1588617027.5100071,173.194.188.105,10.10.0.10,,,443,45734,0,1358,17
1588617027.5140634,10.10.0.10,173.194.188.105,,,45734,443,0,37,17
1588617027.5152285,173.194.188.105,10.10.0.10,,,443,45734,0,1358,17
1588617027.520433,173.194.188.105,10.10.0.10,,,443,45734,0,1358,17
1588617027.5221848,10.10.0.10,173.194.188.105,,,45734,443,0,37,17
1588617027.5256839,173.194.188.105,10.10.0.10,,,443,45734,0,1358,17
1588617027.5308852,173.194.188.105,10.10.0.10,,,443,45734,0,1358,17
1588617027.53615,173.194.188.105,10.10.0.10,,,443,45734,0,1358,17
1588617027.537193,10.10.0.10,173.194.188.105,,,45734,443,0,37,17
1588617027.5413089,173.194.188.105,10.10.0.10,,,443,45734,0,1358,17
1588617027.545767,10.10.0.10,173.194.188.105,,,45734,443,0,37,17
1588617027.546562,173.194.188.105,10.10.0.10,,,443,45734,0,1358,17
1588617027.551811,173.194.188.105,10.10.0.10,,,443,45734,0,1358,17
1588617027.553737,10.10.0.10,173.194.188.105,,,45734,443,0,37,17
1588617027.557023,173.194.188.105,10.10.0.10,,,443,45734,0,1358,17
1588617027.562218,173.194.188.105,10.10.0.10,,,443,45734,0,1358,17
1588617027.56382,10.10.0.10,173.194.188.105,,,45734,443,0,37,17
1588617027.567467,173.194.188.105,10.10.0.10,,,443,45734,0,1358,17
1588617027.572668,173.194.188.105,10.10.0.10,,,443,45734,0,1358,17
1588617027.574286,10.10.0.10,173.194.188.105,,,45734,443,0,37,17
1588617027.5778394,173.194.188.105,10.10.0.10,,,443,45734,0,1358,17
1588617027.5830634,173.194.188.105,10.10.0.10,,,443,45734,0,1358,17
1588617027.585275,10.10.0.10,173.194.188.105,,,45734,443,0,37,17
1588617027.58833,173.194.188.105,10.10.0.10,,,443,45734,0,1358,17
1588617027.593506,173.194.188.105,10.10.0.10,,,443,45734,0,1358,17
1588617027.5952241,10.10.0.10,173.194.188.105,,,45734,443,0,37,17
1588617027.598744,173.194.188.105,10.10.0.10,,,443,45734,0,1358,17
1588617027.603992,173.194.188.105,10.10.0.10,,,443,45734,0,1358,17
1588617027.6060321,10.10.0.10,173.194.188.105,,,45734,443,0,50,17
1588617027.609189,173.194.188.105,10.10.0.10,,,443,45734,0,1358,17
1588617027.614428,173.194.188.105,10.10.0.10,,,443,45734,0,1358,17
1588617027.616008,10.10.0.10,173.194.188.105,,,45734,443,0,37,17
1588617027.619585,173.194.188.105,10.10.0.10,,,443,45734,0,1358,17
1588617027.624817,173.194.188.105,10.10.0.10,,,443,45734,0,1358,17
1588617027.626399,10.10.0.10,173.194.188.105,,,45734,443,0,37,17
1588617027.6300788,173.194.188.105,10.10.0.10,,,443,45734,0,1358,17
1588617027.635241,173.194.188.105,10.10.0.10,,,443,45734,0,1358,17
1588617027.6369,10.10.0.10,173.194.188.105,,,45734,443,0,37,17
1588617027.6405199,173.194.188.105,10.10.0.10,,,443,45734,0,1358,17
1588617027.645737,173.194.188.105,10.10.0.10,,,443,45734,0,1358,17
1588617027.6509204,173.194.188.105,10.10.0.10,,,443,45734,0,1358,17
1588617027.6561172,173.194.188.105,10.10.0.10,,,443,45734,0,1358,17
1588617027.6613884,173.194.188.105,10.10.0.10,,,443,45734,0,1358,17
1588617027.6666052,173.194.188.105,10.10.0.10,,,443,45734,0,1358,17
1588617027.6718018,173.194.188.105,10.10.0.10,,,443,45734,0,1358,17
1588617027.677047,173.194.188.105,10.10.0.10,,,443,45734,0,1358,17
1588617027.682267,173.194.188.105,10.10.0.10,,,443,45734,0,1358,17
1588617027.6874845,173.194.188.105,10.10.0.10,,,443,45734,0,1358,17
1588617027.693309,173.194.188.105,10.10.0.10,,,443,45734,0,1358,17
1588617027.6985571,173.194.188.105,10.10.0.10,,,443,45734,0,1358,17
1588617027.703772,173.194.188.105,10.10.0.10,,,443,45734,0,1358,17
1588617027.70899,173.194.188.105,10.10.0.10,,,443,45734,0,1358,17
1588617027.714212,173.194.188.105,10.10.0.10,,,443,45734,0,1358,17
1588617027.71943,173.194.188.105,10.10.0.10,,,443,45734,0,1358,17
1588617027.7246456,173.194.188.105,10.10.0.10,,,443,45734,0,1358,17
1588617027.727731,10.10.0.10,173.194.188.105,,,45734,443,0,37,17
1588617027.729867,173.194.188.105,10.10.0.10,,,443,45734,0,1358,17
1588617027.7350821,173.194.188.105,10.10.0.10,,,443,45734,0,1358,17
1588617027.740304,173.194.188.105,10.10.0.10,,,443,45734,0,1358,17
1588617027.745523,173.194.188.105,10.10.0.10,,,443,45734,0,1358,17
1588617027.747335,10.10.0.10,173.194.188.105,,,45734,443,0,37,17
1588617027.748843,10.10.0.10,173.194.188.105,,,45734,443,0,37,17
1588617027.7498758,10.10.0.10,173.194.188.105,,,45734,443,0,37,17
1588617027.7507381,173.194.188.105,10.10.0.10,,,443,45734,0,1358,17
1588617027.750808,10.10.0.10,173.194.188.105,,,45734,443,0,37,17
1588617027.754044,10.10.0.10,173.194.188.105,,,45734,443,0,37,17
1588617027.7552106,10.10.0.10,173.194.188.105,,,45734,443,0,37,17
1588617027.755955,173.194.188.105,10.10.0.10,,,443,45734,0,1358,17
1588617027.7611752,173.194.188.105,10.10.0.10,,,443,45734,0,1358,17
1588617027.766393,173.194.188.105,10.10.0.10,,,443,45734,0,1358,17
1588617027.771611,173.194.188.105,10.10.0.10,,,443,45734,0,1358,17
1588617027.7768302,173.194.188.105,10.10.0.10,,,443,45734,0,1358,17
1588617027.7820508,173.194.188.105,10.10.0.10,,,443,45734,0,1358,17
1588617027.787267,173.194.188.105,10.10.0.10,,,443,45734,0,1358,17
1588617027.792488,173.194.188.105,10.10.0.10,,,443,45734,0,1358,17
1588617027.797697,173.194.188.105,10.10.0.10,,,443,45734,0,1358,17
1588617027.802925,173.194.188.105,10.10.0.10,,,443,45734,0,1358,17
1588617027.808109,173.194.188.105,10.10.0.10,,,443,45734,0,1358,17
1588617027.813361,173.194.188.105,10.10.0.10,,,443,45734,0,1358,17
1588617027.8185804,173.194.188.105,10.10.0.10,,,443,45734,0,1358,17
1588617027.823794,173.194.188.105,10.10.0.10,,,443,45734,0,1358,17
1588617027.829016,173.194.188.105,10.10.0.10,,,443,45734,0,1358,17
1588617027.834235,173.194.188.105,10.10.0.10,,,443,45734,0,1358,17
1588617027.839449,173.194.188.105,10.10.0.10,,,443,45734,0,1358,17
1588617027.8670769,10.10.0.10,173.194.188.105,,,45734,443,0,37,17
1588617027.86712,10.10.0.10,173.194.188.105,,,45734,443,0,37,17
1588617027.8684409,10.10.0.10,173.194.188.105,,,45734,443,0,37,17
1588617027.8705661,10.10.0.10,173.194.188.105,,,45734,443,0,37,17
1588617027.871027,173.194.188.105,10.10.0.10,,,443,45734,0,1358,17
1588617027.871066,173.194.188.105,10.10.0.10,,,443,45734,0,1358,17
1588617027.872673,10.10.0.10,173.194.188.105,,,45734,443,0,37,17
1588617027.8727171,10.10.0.10,173.194.188.105,,,45734,443,0,37,17
1588617027.874178,10.10.0.10,173.194.188.105,,,45734,443,0,37,17
1588617027.8747811,10.10.0.10,173.194.188.105,,,45734,443,0,37,17
1588617027.879168,173.194.188.105,10.10.0.10,,,443,45734,0,1358,17
1588617027.880757,173.194.188.105,10.10.0.10,,,443,45734,0,1358,17
1588617027.88825,173.194.188.105,10.10.0.10,,,443,45734,0,1358,17
1588617027.8911939,173.194.188.105,10.10.0.10,,,443,45734,0,1358,17
1588617027.8971539,173.194.188.105,10.10.0.10,,,443,45734,0,1358,17
1588617027.901631,173.194.188.105,10.10.0.10,,,443,45734,0,1358,17
1588617027.90685,173.194.188.105,10.10.0.10,,,443,45734,0,1358,17
1588617027.9120688,173.194.188.105,10.10.0.10,,,443,45734,0,1358,17
1588617027.917288,173.194.188.105,10.10.0.10,,,443,45734,0,1358,17
1588617027.9225068,173.194.188.105,10.10.0.10,,,443,45734,0,1358,17
1588617027.9277182,173.194.188.105,10.10.0.10,,,443,45734,0,1358,17
1588617027.932945,173.194.188.105,10.10.0.10,,,443,45734,0,1358,17
1588617027.93816,173.194.188.105,10.10.0.10,,,443,45734,0,1358,17
1588617027.943379,173.194.188.105,10.10.0.10,,,443,45734,0,1358,17
1588617027.9728944,10.10.0.10,173.194.188.105,,,45734,443,0,37,17
1588617027.972943,10.10.0.10,173.194.188.105,,,45734,443,0,50,17
1588617027.974407,10.10.0.10,173.194.188.105,,,45734,443,0,37,17
1588617027.9761548,10.10.0.10,173.194.188.105,,,45734,443,0,37,17
1588617027.979434,10.10.0.10,173.194.188.105,,,45734,443,0,37,17
1588617027.979882,173.194.188.105,10.10.0.10,,,443,45734,0,29,17
1588617027.984112,173.194.188.105,10.10.0.10,,,443,45734,0,1358,17
1588617027.9841619,173.194.188.105,10.10.0.10,,,443,45734,0,1358,17
1588617027.9865026,10.10.0.10,173.194.188.105,,,45734,443,0,37,17
1588617027.987533,10.10.0.10,173.194.188.105,,,45734,443,0,37,17
1588617027.9891038,10.10.0.10,173.194.188.105,,,45734,443,0,37,17
1588617027.9911618,10.10.0.10,173.194.188.105,,,45734,443,0,37,17
1588617027.991716,10.10.0.10,173.194.188.105,,,45734,443,0,37,17
1588617027.993313,10.10.0.10,173.194.188.105,,,45734,443,0,37,17
1588617027.9957929,10.10.0.10,173.194.188.105,,,45734,443,0,37,17
1588617027.995973,10.10.0.10,173.194.188.105,,,45734,443,0,37,17
1588617027.9961224,173.194.188.105,10.10.0.10,,,443,45734,0,1358,17
1588617027.996166,173.194.188.105,10.10.0.10,,,443,45734,0,1358,17
1588617028.005109,173.194.188.105,10.10.0.10,,,443,45734,0,1358,17
1588617028.005858,173.194.188.105,10.10.0.10,,,443,45734,0,1358,17
1588617028.0137155,173.194.188.105,10.10.0.10,,,443,45734,0,1358,17
1588617028.0162988,173.194.188.105,10.10.0.10,,,443,45734,0,1358,17
1588617028.0221179,173.194.188.105,10.10.0.10,,,443,45734,0,1358,17
1588617028.0267398,173.194.188.105,10.10.0.10,,,443,45734,0,1358,17
1588617028.03196,173.194.188.105,10.10.0.10,,,443,45734,0,1358,17
1588617028.0371768,173.194.188.105,10.10.0.10,,,443,45734,0,1358,17
1588617028.04236,173.194.188.105,10.10.0.10,,,443,45734,0,1358,17
1588617028.0476122,173.194.188.105,10.10.0.10,,,443,45734,0,1358,17
1588617028.052834,173.194.188.105,10.10.0.10,,,443,45734,0,1358,17
1588617028.058048,173.194.188.105,10.10.0.10,,,443,45734,0,1358,17
1588617028.063273,173.194.188.105,10.10.0.10,,,443,45734,0,1358,17
1588617028.068486,173.194.188.105,10.10.0.10,,,443,45734,0,1358,17
1588617028.0737028,173.194.188.105,10.10.0.10,,,443,45734,0,1358,17
1588617028.0789251,173.194.188.105,10.10.0.10,,,443,45734,0,1358,17
1588617028.08414,173.194.188.105,10.10.0.10,,,443,45734,0,1358,17
1588617028.08936,173.194.188.105,10.10.0.10,,,443,45734,0,1358,17
1588617028.089952,10.10.0.10,173.194.188.105,,,45734,443,0,37,17
1588617028.090007,10.10.0.10,173.194.188.105,,,45734,443,0,37,17
1588617028.092711,10.10.0.10,173.194.188.105,,,45734,443,0,37,17
1588617028.0945704,173.194.188.105,10.10.0.10,,,443,45734,0,1358,17
1588617028.094608,10.10.0.10,173.194.188.105,,,45734,443,0,37,17
1588617028.097323,10.10.0.10,173.194.188.105,,,45734,443,0,37,17
1588617028.0979571,10.10.0.10,173.194.188.105,,,45734,443,0,37,17
1588617028.0991626,10.10.0.10,173.194.188.105,,,45734,443,0,37,17
1588617028.0997572,173.194.188.105,10.10.0.10,,,443,45734,0,1358,17
1588617028.1003046,10.10.0.10,173.194.188.105,,,45734,443,0,37,17
1588617028.1025412,10.10.0.10,173.194.188.105,,,45734,443,0,50,17
1588617028.1049054,10.10.0.10,173.194.188.105,,,45734,443,0,37,17
1588617028.10497,173.194.188.105,10.10.0.10,,,443,45734,0,1358,17
1588617028.1054974,10.10.0.10,173.194.188.105,,,45734,443,0,37,17
1588617028.106558,10.10.0.10,173.194.188.105,,,45734,443,0,37,17
1588617028.107234,10.10.0.10,173.194.188.105,,,45734,443,0,37,17
1588617028.1102364,173.194.188.105,10.10.0.10,,,443,45734,0,1358,17
1588617028.1138294,10.10.0.10,173.194.188.105,,,45734,443,0,37,17
1588617028.1154542,173.194.188.105,10.10.0.10,,,443,45734,0,1358,17
1588617028.1206696,173.194.188.105,10.10.0.10,,,443,45734,0,29,17
1588617028.120839,173.194.188.105,10.10.0.10,,,443,45734,0,1358,17
1588617028.126127,173.194.188.105,10.10.0.10,,,443,45734,0,1358,17
1588617028.131346,173.194.188.105,10.10.0.10,,,443,45734,0,1358,17
1588617028.136561,173.194.188.105,10.10.0.10,,,443,45734,0,1358,17
1588617028.141782,173.194.188.105,10.10.0.10,,,443,45734,0,1358,17
1588617028.147001,173.194.188.105,10.10.0.10,,,443,45734,0,1358,17
1588617028.152214,173.194.188.105,10.10.0.10,,,443,45734,0,1358,17
1588617028.1574366,173.194.188.105,10.10.0.10,,,443,45734,0,1358,17
1588617028.162656,173.194.188.105,10.10.0.10,,,443,45734,0,1358,17
1588617028.1678698,173.194.188.105,10.10.0.10,,,443,45734,0,1358,17
1588617028.173088,173.194.188.105,10.10.0.10,,,443,45734,0,1358,17
1588617028.1783118,173.194.188.105,10.10.0.10,,,443,45734,0,1358,17
1588617028.1835322,173.194.188.105,10.10.0.10,,,443,45734,0,1358,17
1588617028.1887472,173.194.188.105,10.10.0.10,,,443,45734,0,1358,17
1588617028.1939619,173.194.188.105,10.10.0.10,,,443,45734,0,1358,17
1588617028.199184,173.194.188.105,10.10.0.10,,,443,45734,0,1358,17
1588617028.204403,173.194.188.105,10.10.0.10,,,443,45734,0,1358,17
1588617028.209568,173.194.188.105,10.10.0.10,,,443,45734,0,1358,17
1588617028.2096062,10.10.0.10,173.194.188.105,,,45734,443,0,37,17
1588617028.214836,173.194.188.105,10.10.0.10,,,443,45734,0,1358,17
1588617028.2153618,10.10.0.10,173.194.188.105,,,45734,443,0,37,17
1588617028.217473,10.10.0.10,173.194.188.105,,,45734,443,0,37,17
1588617028.2176428,10.10.0.10,173.194.188.105,,,45734,443,0,37,17
1588617028.2191448,10.10.0.10,173.194.188.105,,,45734,443,0,37,17
1588617028.220042,173.194.188.105,10.10.0.10,,,443,45734,0,1358,17
1588617028.2201972,10.10.0.10,173.194.188.105,,,45734,443,0,37,17
1588617028.2212038,10.10.0.10,173.194.188.105,,,45734,443,0,37,17
1588617028.2226696,10.10.0.10,173.194.188.105,,,45734,443,0,37,17
1588617028.2238376,10.10.0.10,173.194.188.105,,,45734,443,0,37,17
1588617028.2250981,10.10.0.10,173.194.188.105,,,45734,443,0,37,17
1588617028.2252612,173.194.188.105,10.10.0.10,,,443,45734,0,1358,17
1588617028.225684,10.10.0.10,173.194.188.105,,,45734,443,0,37,17
1588617028.230494,173.194.188.105,10.10.0.10,,,443,45734,0,1358,17
1588617028.232719,10.10.0.10,173.194.188.105,,,45734,443,0,37,17
1588617028.23571,173.194.188.105,10.10.0.10,,,443,45734,0,1358,17
1588617028.2409332,173.194.188.105,10.10.0.10,,,443,45734,0,1358,17
1588617028.2461472,173.194.188.105,10.10.0.10,,,443,45734,0,1358,17
1588617028.2512932,173.194.188.105,10.10.0.10,,,443,45734,0,1358,17
1588617028.2565868,173.194.188.105,10.10.0.10,,,443,45734,0,1358,17
1588617028.261801,173.194.188.105,10.10.0.10,,,443,45734,0,1358,17
1588617028.267023,173.194.188.105,10.10.0.10,,,443,45734,0,1358,17
1588617028.2722409,173.194.188.105,10.10.0.10,,,443,45734,0,1358,17
1588617028.277458,173.194.188.105,10.10.0.10,,,443,45734,0,1358,17
1588617028.2826786,173.194.188.105,10.10.0.10,,,443,45734,0,1358,17
1588617028.2878964,173.194.188.105,10.10.0.10,,,443,45734,0,1358,17
1588617028.2931151,173.194.188.105,10.10.0.10,,,443,45734,0,1358,17
1588617028.298334,173.194.188.105,10.10.0.10,,,443,45734,0,1358,17
1588617028.303552,173.194.188.105,10.10.0.10,,,443,45734,0,1358,17
1588617028.3087788,173.194.188.105,10.10.0.10,,,443,45734,0,1358,17
1588617028.3139892,173.194.188.105,10.10.0.10,,,443,45734,0,1358,17
1588617028.3191645,173.194.188.105,10.10.0.10,,,443,45734,0,1358,17
1588617028.3244214,173.194.188.105,10.10.0.10,,,443,45734,0,1358,17
1588617028.3296402,173.194.188.105,10.10.0.10,,,443,45734,0,1358,17
1588617028.334859,173.194.188.105,10.10.0.10,,,443,45734,0,1358,17
1588617028.3400762,173.194.188.105,10.10.0.10,,,443,45734,0,1358,17
1588617028.3428588,10.10.0.10,173.194.188.105,,,45734,443,0,37,17
1588617028.345292,173.194.188.105,10.10.0.10,,,443,45734,0,1358,17
1588617028.346911,10.10.0.10,173.194.188.105,,,45734,443,0,37,17
1588617028.3476348,10.10.0.10,173.194.188.105,,,45734,443,0,50,17
1588617028.350513,173.194.188.105,10.10.0.10,,,443,45734,0,1358,17
1588617028.350846,10.10.0.10,173.194.188.105,,,45734,443,0,37,17
1588617028.3524532,10.10.0.10,173.194.188.105,,,45734,443,0,37,17
1588617028.352875,10.10.0.10,173.194.188.105,,,45734,443,0,37,17
1588617028.3532634,10.10.0.10,173.194.188.105,,,45734,443,0,37,17
1588617028.353568,10.10.0.10,173.194.188.105,,,45734,443,0,37,17
1588617028.35393,10.10.0.10,173.194.188.105,,,45734,443,0,37,17
1588617028.354458,10.10.0.10,173.194.188.105,,,45734,443,0,37,17
1588617028.354794,10.10.0.10,173.194.188.105,,,45734,443,0,37,17
1588617028.355654,173.194.188.105,10.10.0.10,,,443,45734,0,1358,17
1588617028.360952,173.194.188.105,10.10.0.10,,,443,45734,0,1358,17
1588617028.3661091,173.194.188.105,10.10.0.10,,,443,45734,0,1358,17
1588617028.3713868,173.194.188.105,10.10.0.10,,,443,45734,0,1358,17
1588617028.3766088,173.194.188.105,10.10.0.10,,,443,45734,0,1358,17
1588617028.3818266,173.194.188.105,10.10.0.10,,,443,45734,0,29,17
1588617028.381978,173.194.188.105,10.10.0.10,,,443,45734,0,1358,17
1588617028.3872776,173.194.188.105,10.10.0.10,,,443,45734,0,1358,17
1588617028.3925,173.194.188.105,10.10.0.10,,,443,45734,0,1358,17
1588617028.3977141,173.194.188.105,10.10.0.10,,,443,45734,0,1358,17
1588617028.402937,173.194.188.105,10.10.0.10,,,443,45734,0,1358,17
1588617028.408155,173.194.188.105,10.10.0.10,,,443,45734,0,1358,17
1588617028.413369,173.194.188.105,10.10.0.10,,,443,45734,0,1358,17
1588617028.418549,173.194.188.105,10.10.0.10,,,443,45734,0,1358,17
1588617028.42381,173.194.188.105,10.10.0.10,,,443,45734,0,1358,17
1588617028.4290278,173.194.188.105,10.10.0.10,,,443,45734,0,1358,17
1588617028.434243,173.194.188.105,10.10.0.10,,,443,45734,0,1358,17
1588617028.4394624,173.194.188.105,10.10.0.10,,,443,45734,0,1358,17
1588617028.44464,173.194.188.105,10.10.0.10,,,443,45734,0,1358,17
1588617028.4495099,10.10.0.10,173.194.188.105,,,45734,443,0,37,17
1588617028.449861,173.194.188.105,10.10.0.10,,,443,45734,0,1358,17
1588617028.454097,10.10.0.10,173.194.188.105,,,45734,443,0,37,17
1588617028.4550939,173.194.188.105,10.10.0.10,,,443,45734,0,1358,17
1588617028.456433,10.10.0.10,173.194.188.105,,,45734,443,0,37,17
1588617028.459248,10.10.0.10,173.194.188.105,,,45734,443,0,37,17
1588617028.4597929,10.10.0.10,173.194.188.105,,,45734,443,0,37,17
1588617028.4602768,173.194.188.105,10.10.0.10,,,443,45734,0,1358,17
1588617028.461094,10.10.0.10,173.194.188.105,,,45734,443,0,37,17
1588617028.461619,10.10.0.10,173.194.188.105,,,45734,443,0,37,17
1588617028.4632561,10.10.0.10,173.194.188.105,,,45734,443,0,37,17
1588617028.463953,10.10.0.10,173.194.188.105,,,45734,443,0,40,17
1588617028.463989,10.10.0.10,173.194.188.105,,,45734,443,0,37,17
1588617028.4654062,10.10.0.10,173.194.188.105,,,45734,443,0,37,17
1588617028.465496,173.194.188.105,10.10.0.10,,,443,45734,0,1358,17
1588617028.4666948,10.10.0.10,173.194.188.105,,,45734,443,0,50,17
1588617028.4707608,173.194.188.105,10.10.0.10,,,443,45734,0,1358,17
1588617028.472632,10.10.0.10,173.194.188.105,,,45734,443,0,37,17
1588617028.475968,173.194.188.105,10.10.0.10,,,443,45734,0,1358,17
1588617028.48117,173.194.188.105,10.10.0.10,,,443,45734,0,1358,17
1588617028.486376,173.194.188.105,10.10.0.10,,,443,45734,0,1358,17
1588617028.4916358,173.194.188.105,10.10.0.10,,,443,45734,0,1358,17
1588617028.496855,173.194.188.105,10.10.0.10,,,443,45734,0,1358,17
1588617028.5020602,173.194.188.105,10.10.0.10,,,443,45734,0,1358,17
1588617028.5072956,173.194.188.105,10.10.0.10,,,443,45734,0,1358,17
1588617028.512469,173.194.188.105,10.10.0.10,,,443,45734,0,29,17
1588617028.5127,173.194.188.105,10.10.0.10,,,443,45734,0,1358,17
1588617028.5179641,173.194.188.105,10.10.0.10,,,443,45734,0,1358,17
1588617028.5231822,173.194.188.105,10.10.0.10,,,443,45734,0,1358,17
1588617028.528401,173.194.188.105,10.10.0.10,,,443,45734,0,1358,17
1588617028.533619,173.194.188.105,10.10.0.10,,,443,45734,0,1358,17
1588617028.5388381,173.194.188.105,10.10.0.10,,,443,45734,0,1358,17
1588617028.543995,173.194.188.105,10.10.0.10,,,443,45734,0,1358,17
1588617028.5492122,173.194.188.105,10.10.0.10,,,443,45734,0,1358,17
1588617028.5544765,173.194.188.105,10.10.0.10,,,443,45734,0,1358,17
1588617028.559666,173.194.188.105,10.10.0.10,,,443,45734,0,1358,17
1588617028.5648599,173.194.188.105,10.10.0.10,,,443,45734,0,1358,17
1588617028.5701141,173.194.188.105,10.10.0.10,,,443,45734,0,1358,17
1588617028.5724,10.10.0.10,173.194.188.105,,,45734,443,0,37,17
1588617028.574322,10.10.0.10,173.194.188.105,,,45734,443,0,37,17
1588617028.575295,173.194.188.105,10.10.0.10,,,443,45734,0,1358,17
1588617028.576123,10.10.0.10,173.194.188.105,,,45734,443,0,37,17
1588617028.577457,10.10.0.10,173.194.188.105,,,45734,443,0,37,17
1588617028.5805721,173.194.188.105,10.10.0.10,,,443,45734,0,1358,17
1588617028.582508,10.10.0.10,173.194.188.105,,,45734,443,0,37,17
1588617028.5825381,10.10.0.10,173.194.188.105,,,45734,443,0,37,17
1588617028.58396,10.10.0.10,173.194.188.105,,,45734,443,0,37,17
1588617028.583991,10.10.0.10,173.194.188.105,,,45734,443,0,37,17
1588617028.585422,10.10.0.10,173.194.188.105,,,45734,443,0,37,17
1588617028.5857599,173.194.188.105,10.10.0.10,,,443,45734,0,1358,17
1588617028.585795,10.10.0.10,173.194.188.105,,,45734,443,0,37,17
1588617028.5875304,10.10.0.10,173.194.188.105,,,45734,443,0,37,17
1588617028.590967,173.194.188.105,10.10.0.10,,,443,45734,0,1358,17
1588617028.596228,173.194.188.105,10.10.0.10,,,443,45734,0,1358,17
1588617028.601406,173.194.188.105,10.10.0.10,,,443,45734,0,1358,17
1588617028.606606,173.194.188.105,10.10.0.10,,,443,45734,0,1358,17
1588617028.611868,173.194.188.105,10.10.0.10,,,443,45734,0,1358,17
1588617028.6171124,173.194.188.105,10.10.0.10,,,443,45734,0,1358,17
1588617028.622296,173.194.188.105,10.10.0.10,,,443,45734,0,1358,17
1588617028.627542,173.194.188.105,10.10.0.10,,,443,45734,0,1358,17
1588617028.6326964,173.194.188.105,10.10.0.10,,,443,45734,0,1358,17
1588617028.637918,173.194.188.105,10.10.0.10,,,443,45734,0,1358,17
1588617028.6431751,173.194.188.105,10.10.0.10,,,443,45734,0,1358,17
1588617028.648423,173.194.188.105,10.10.0.10,,,443,45734,0,1358,17
1588617028.65364,173.194.188.105,10.10.0.10,,,443,45734,0,1358,17
1588617028.6588268,173.194.188.105,10.10.0.10,,,443,45734,0,1358,17
1588617028.664077,173.194.188.105,10.10.0.10,,,443,45734,0,1358,17
1588617028.669266,173.194.188.105,10.10.0.10,,,443,45734,0,1358,17
1588617028.6744509,173.194.188.105,10.10.0.10,,,443,45734,0,1358,17
1588617028.6797318,173.194.188.105,10.10.0.10,,,443,45734,0,1358,17
1588617028.6848881,173.194.188.105,10.10.0.10,,,443,45734,0,1358,17
1588617028.690041,10.10.0.10,173.194.188.105,,,45734,443,0,37,17
1588617028.690144,173.194.188.105,10.10.0.10,,,443,45734,0,1358,17
1588617028.6922915,10.10.0.10,173.194.188.105,,,45734,443,0,37,17
1588617028.694289,10.10.0.10,173.194.188.105,,,45734,443,0,37,17
1588617028.695317,173.194.188.105,10.10.0.10,,,443,45734,0,1358,17
1588617028.696165,10.10.0.10,173.194.188.105,,,45734,443,0,37,17
1588617028.698317,10.10.0.10,173.194.188.105,,,45734,443,0,37,17
1588617028.6995358,10.10.0.10,173.194.188.105,,,45734,443,0,37,17
1588617028.7005725,173.194.188.105,10.10.0.10,,,443,45734,0,1358,17
1588617028.701421,10.10.0.10,173.194.188.105,,,45734,443,0,37,17
1588617028.7030694,10.10.0.10,173.194.188.105,,,45734,443,0,50,17
1588617028.7030988,10.10.0.10,173.194.188.105,,,45734,443,0,37,17
1588617028.705199,10.10.0.10,173.194.188.105,,,45734,443,0,37,17
1588617028.705433,10.10.0.10,173.194.188.105,,,45734,443,0,37,17
1588617028.705785,173.194.188.105,10.10.0.10,,,443,45734,0,1358,17
1588617028.708146,10.10.0.10,173.194.188.105,,,45734,443,0,37,17
1588617028.711039,173.194.188.105,10.10.0.10,,,443,45734,0,1358,17
1588617028.71621,173.194.188.105,10.10.0.10,,,443,45734,0,1358,17
1588617028.7214758,173.194.188.105,10.10.0.10,,,443,45734,0,1358,17
1588617028.726663,173.194.188.105,10.10.0.10,,,443,45734,0,1358,17
1588617028.731872,173.194.188.105,10.10.0.10,,,443,45734,0,1358,17
1588617028.737132,173.194.188.105,10.10.0.10,,,443,45734,0,1358,17
1588617028.7423491,173.194.188.105,10.10.0.10,,,443,45734,0,1358,17
1588617028.7475688,173.194.188.105,10.10.0.10,,,443,45734,0,1358,17
1588617028.7527876,173.194.188.105,10.10.0.10,,,443,45734,0,29,17
1588617028.752984,173.194.188.105,10.10.0.10,,,443,45734,0,1358,17
1588617028.7582438,173.194.188.105,10.10.0.10,,,443,45734,0,1358,17
1588617028.7634358,173.194.188.105,10.10.0.10,,,443,45734,0,1358,17
1588617028.768657,173.194.188.105,10.10.0.10,,,443,45734,0,1358,17
1588617028.773867,173.194.188.105,10.10.0.10,,,443,45734,0,1358,17
1588617028.7791224,173.194.188.105,10.10.0.10,,,443,45734,0,1358,17
1588617028.784338,173.194.188.105,10.10.0.10,,,443,45734,0,1358,17
1588617028.78956,173.194.188.105,10.10.0.10,,,443,45734,0,1358,17
1588617028.7947788,173.194.188.105,10.10.0.10,,,443,45734,0,1358,17
1588617028.799998,173.194.188.105,10.10.0.10,,,443,45734,0,1358,17
1588617028.805216,173.194.188.105,10.10.0.10,,,443,45734,0,1358,17
1588617028.809145,10.10.0.10,173.194.188.105,,,45734,443,0,37,17
1588617028.81043,173.194.188.105,10.10.0.10,,,443,45734,0,1358,17
1588617028.812336,10.10.0.10,173.194.188.105,,,45734,443,0,37,17
1588617028.813692,10.10.0.10,173.194.188.105,,,45734,443,0,37,17
1588617028.815293,10.10.0.10,173.194.188.105,,,45734,443,0,37,17
1588617028.815613,173.194.188.105,10.10.0.10,,,443,45734,0,1358,17
1588617028.818684,10.10.0.10,173.194.188.105,,,45734,443,0,37,17
1588617028.820603,10.10.0.10,173.194.188.105,,,45734,443,0,37,17
1588617028.820799,173.194.188.105,10.10.0.10,,,443,45734,0,1358,17
1588617028.8223119,10.10.0.10,173.194.188.105,,,45734,443,0,37,17
1588617028.823426,10.10.0.10,173.194.188.105,,,45734,443,0,37,17
1588617028.8240721,10.10.0.10,173.194.188.105,,,45734,443,0,37,17
1588617028.82603,10.10.0.10,173.194.188.105,,,45734,443,0,37,17
1588617028.8260481,173.194.188.105,10.10.0.10,,,443,45734,0,1358,17
1588617028.826215,10.10.0.10,173.194.188.105,,,45734,443,0,40,17
1588617028.827252,10.10.0.10,173.194.188.105,,,45734,443,0,40,17
1588617028.827595,10.10.0.10,173.194.188.105,,,45734,443,0,40,17
1588617028.831309,173.194.188.105,10.10.0.10,,,443,45734,0,1358,17
1588617028.834411,10.10.0.10,173.194.188.105,,,45734,443,0,40,17
1588617028.836496,173.194.188.105,10.10.0.10,,,443,45734,0,1358,17
1588617028.841717,173.194.188.105,10.10.0.10,,,443,45734,0,1358,17
1588617028.8469582,173.194.188.105,10.10.0.10,,,443,45734,0,1358,17
1588617028.852142,173.194.188.105,10.10.0.10,,,443,45734,0,1358,17
1588617028.857399,173.194.188.105,10.10.0.10,,,443,45734,0,1358,17
1588617028.862617,173.194.188.105,10.10.0.10,,,443,45734,0,1358,17
1588617028.8678348,173.194.188.105,10.10.0.10,,,443,45734,0,1358,17
1588617028.873055,173.194.188.105,10.10.0.10,,,443,45734,0,1358,17
1588617028.878266,173.194.188.105,10.10.0.10,,,443,45734,0,1358,17
1588617028.9387472,10.10.0.10,173.194.188.105,,,45734,443,0,40,17
1588617028.939831,10.10.0.10,173.194.188.105,,,45734,443,0,53,17
1588617028.9404302,10.10.0.10,173.194.188.105,,,45734,443,0,40,17
1588617028.94156,10.10.0.10,173.194.188.105,,,45734,443,0,40,17
1588617028.942769,173.194.188.105,10.10.0.10,,,443,45734,0,1358,17
1588617028.9428186,173.194.188.105,10.10.0.10,,,443,45734,0,1358,17
1588617028.944442,10.10.0.10,173.194.188.105,,,45734,443,0,40,17
1588617028.9472866,173.194.188.105,10.10.0.10,,,443,45734,0,29,17
1588617028.95368,173.194.188.105,10.10.0.10,,,443,45734,0,1358,17
1588617028.9537349,173.194.188.105,10.10.0.10,,,443,45734,0,1358,17
1588617028.955432,10.10.0.10,173.194.188.105,,,45734,443,0,37,17
1588617028.9630842,173.194.188.105,10.10.0.10,,,443,45734,0,1358,17
1588617028.9633539,173.194.188.105,10.10.0.10,,,443,45734,0,1358,17
1588617028.9648125,10.10.0.10,173.194.188.105,,,45734,443,0,37,17
1588617028.972758,173.194.188.105,10.10.0.10,,,443,45734,0,1358,17
1588617028.973855,173.194.188.105,10.10.0.10,,,443,45734,0,1358,17
1588617028.974808,10.10.0.10,173.194.188.105,,,45734,443,0,37,17
1588617028.9821339,173.194.188.105,10.10.0.10,,,443,45734,0,1358,17
1588617028.983901,10.10.0.10,173.194.188.105,,,45734,443,0,37,17
1588617028.984254,173.194.188.105,10.10.0.10,,,443,45734,0,1358,17
1588617028.991478,173.194.188.105,10.10.0.10,,,443,45734,0,1358,17
1588617028.993071,10.10.0.10,173.194.188.105,,,45734,443,0,37,17
1588617028.99473,173.194.188.105,10.10.0.10,,,443,45734,0,1358,17
1588617028.9999511,173.194.188.105,10.10.0.10,,,443,45734,0,1358,17
1588617029.00157,10.10.0.10,173.194.188.105,,,45734,443,0,37,17
1588617029.005168,173.194.188.105,10.10.0.10,,,443,45734,0,1358,17
1588617029.010387,173.194.188.105,10.10.0.10,,,443,45734,0,1358,17
1588617029.012384,10.10.0.10,173.194.188.105,,,45734,443,0,37,17
1588617029.015608,173.194.188.105,10.10.0.10,,,443,45734,0,1358,17
1588617029.020783,173.194.188.105,10.10.0.10,,,443,45734,0,1358,17
1588617029.023442,10.10.0.10,173.194.188.105,,,45734,443,0,37,17
1588617029.0260358,173.194.188.105,10.10.0.10,,,443,45734,0,1358,17
1588617029.031268,173.194.188.105,10.10.0.10,,,443,45734,0,1358,17
1588617029.033977,10.10.0.10,173.194.188.105,,,45734,443,0,37,17
1588617029.036473,173.194.188.105,10.10.0.10,,,443,45734,0,1358,17
1588617029.0416858,173.194.188.105,10.10.0.10,,,443,45734,0,1358,17
1588617029.0433106,10.10.0.10,173.194.188.105,,,45734,443,0,37,17
1588617029.046908,173.194.188.105,10.10.0.10,,,443,45734,0,1358,17
1588617029.0521278,173.194.188.105,10.10.0.10,,,443,45734,0,1358,17
1588617029.054023,10.10.0.10,173.194.188.105,,,45734,443,0,37,17
1588617029.057296,173.194.188.105,10.10.0.10,,,443,45734,0,1358,17
1588617029.0625591,173.194.188.105,10.10.0.10,,,443,45734,0,1358,17
1588617029.064397,10.10.0.10,173.194.188.105,,,45734,443,0,37,17
1588617029.0677812,173.194.188.105,10.10.0.10,,,443,45734,0,1358,17
1588617029.0730019,173.194.188.105,10.10.0.10,,,443,45734,0,1358,17
1588617029.074815,10.10.0.10,173.194.188.105,,,45734,443,0,37,17
1588617029.078219,173.194.188.105,10.10.0.10,,,443,45734,0,1358,17
1588617029.083433,173.194.188.105,10.10.0.10,,,443,45734,0,1358,17
1588617029.0852349,10.10.0.10,173.194.188.105,,,45734,443,0,37,17
1588617029.0886598,173.194.188.105,10.10.0.10,,,443,45734,0,1358,17
1588617029.093875,173.194.188.105,10.10.0.10,,,443,45734,0,1358,17
1588617029.0956314,10.10.0.10,173.194.188.105,,,45734,443,0,37,17
1588617029.0990932,173.194.188.105,10.10.0.10,,,443,45734,0,1358,17
1588617029.104311,173.194.188.105,10.10.0.10,,,443,45734,0,1358,17
1588617029.106127,10.10.0.10,173.194.188.105,,,45734,443,0,37,17
1588617029.109529,173.194.188.105,10.10.0.10,,,443,45734,0,1358,17
1588617029.114745,173.194.188.105,10.10.0.10,,,443,45734,0,1358,17
1588617029.119966,173.194.188.105,10.10.0.10,,,443,45734,0,1358,17
1588617029.125189,173.194.188.105,10.10.0.10,,,443,45734,0,1358,17
1588617029.130397,173.194.188.105,10.10.0.10,,,443,45734,0,1001,17
1588617029.1433475,10.10.0.10,173.194.188.105,,,45734,443,0,50,17
1588617029.1459231,10.10.0.10,173.194.188.105,,,45734,443,0,37,17
1588617029.148766,173.194.188.105,10.10.0.10,,,443,45734,0,29,17
1588617029.1689315,10.10.0.10,173.194.188.105,,,45734,443,0,738,17
1588617029.168992,10.10.0.10,173.194.188.105,,,45734,443,0,48,17
1588617029.174953,173.194.188.105,10.10.0.10,,,443,45734,0,115,17
1588617029.1750028,173.194.188.105,10.10.0.10,,,443,45734,0,1358,17
1588617029.1750288,173.194.188.105,10.10.0.10,,,443,45734,0,1358,17
1588617029.17717,10.10.0.10,173.194.188.105,,,45734,443,0,37,17
1588617029.1800294,173.194.188.105,10.10.0.10,,,443,45734,0,1358,17
1588617029.184299,10.10.0.10,173.194.188.105,,,45734,443,0,733,17
1588617029.1845849,10.10.0.10,173.194.188.105,,,45734,443,0,55,17
1588617029.1852071,173.194.188.105,10.10.0.10,,,443,45734,0,1358,17
1588617029.1904616,173.194.188.105,10.10.0.10,,,443,45734,0,1358,17
1588617029.1921306,10.10.0.10,173.194.188.105,,,45734,443,0,37,17
1588617029.195684,173.194.188.105,10.10.0.10,,,443,45734,0,1358,17
1588617029.200902,173.194.188.105,10.10.0.10,,,443,45734,0,1358,17
1588617029.202626,10.10.0.10,173.194.188.105,,,45734,443,0,37,17
1588617029.2061212,173.194.188.105,10.10.0.10,,,443,45734,0,1358,17
1588617029.2113366,173.194.188.105,10.10.0.10,,,443,45734,0,1358,17
1588617029.2129388,10.10.0.10,173.194.188.105,,,45734,443,0,37,17
1588617029.216552,173.194.188.105,10.10.0.10,,,443,45734,0,1358,17
1588617029.221776,173.194.188.105,10.10.0.10,,,443,45734,0,1358,17
1588617029.223728,10.10.0.10,173.194.188.105,,,45734,443,0,37,17
1588617029.226994,173.194.188.105,10.10.0.10,,,443,45734,0,1358,17
1588617029.2322118,173.194.188.105,10.10.0.10,,,443,45734,0,1358,17
1588617029.233851,10.10.0.10,173.194.188.105,,,45734,443,0,37,17
1588617029.2373981,173.194.188.105,10.10.0.10,,,443,45734,0,29,17
1588617029.2376142,173.194.188.105,10.10.0.10,,,443,45734,0,1358,17
1588617029.2428849,173.194.188.105,10.10.0.10,,,443,45734,0,1358,17
1588617029.245456,10.10.0.10,173.194.188.105,,,45734,443,0,37,17
1588617029.2480989,173.194.188.105,10.10.0.10,,,443,45734,0,1358,17
1588617029.2533169,173.194.188.105,10.10.0.10,,,443,45734,0,1358,17
1588617029.254936,10.10.0.10,173.194.188.105,,,45734,443,0,37,17
1588617029.258539,173.194.188.105,10.10.0.10,,,443,45734,0,1358,17
1588617029.263753,173.194.188.105,10.10.0.10,,,443,45734,0,1358,17
1588617029.266047,10.10.0.10,173.194.188.105,,,45734,443,0,37,17
1588617029.268932,173.194.188.105,10.10.0.10,,,443,45734,0,1358,17
1588617029.274192,173.194.188.105,10.10.0.10,,,443,45734,0,1358,17
1588617029.276006,10.10.0.10,173.194.188.105,,,45734,443,0,37,17
1588617029.2794142,173.194.188.105,10.10.0.10,,,443,45734,0,1358,17
1588617029.284632,173.194.188.105,10.10.0.10,,,443,45734,0,1358,17
1588617029.286649,10.10.0.10,173.194.188.105,,,45734,443,0,37,17
1588617029.2898474,173.194.188.105,10.10.0.10,,,443,45734,0,1358,17
1588617029.2950685,173.194.188.105,10.10.0.10,,,443,45734,0,1358,17
1588617029.2968988,10.10.0.10,173.194.188.105,,,45734,443,0,37,17
1588617029.300287,173.194.188.105,10.10.0.10,,,443,45734,0,1358,17
1588617029.3055012,173.194.188.105,10.10.0.10,,,443,45734,0,1358,17
1588617029.3074598,10.10.0.10,173.194.188.105,,,45734,443,0,37,17
1588617029.3107214,173.194.188.105,10.10.0.10,,,443,45734,0,1358,17
1588617029.315938,173.194.188.105,10.10.0.10,,,443,45734,0,1358,17
1588617029.3181028,10.10.0.10,173.194.188.105,,,45734,443,0,37,17
1588617029.3211632,173.194.188.105,10.10.0.10,,,443,45734,0,1358,17
1588617029.326375,173.194.188.105,10.10.0.10,,,443,45734,0,1358,17
1588617029.328275,10.10.0.10,173.194.188.105,,,45734,443,0,37,17
1588617029.331593,173.194.188.105,10.10.0.10,,,443,45734,0,1358,17
1588617029.3368099,173.194.188.105,10.10.0.10,,,443,45734,0,1358,17
1588617029.338391,10.10.0.10,173.194.188.105,,,45734,443,0,37,17
1588617029.341969,173.194.188.105,10.10.0.10,,,443,45734,0,1358,17
1588617029.3472528,173.194.188.105,10.10.0.10,,,443,45734,0,1358,17
1588617029.3494961,10.10.0.10,173.194.188.105,,,45734,443,0,37,17
1588617029.352473,173.194.188.105,10.10.0.10,,,443,45734,0,1358,17
1588617029.3576849,173.194.188.105,10.10.0.10,,,443,45734,0,1358,17
1588617029.359159,10.10.0.10,173.194.188.105,,,45734,443,0,37,17
1588617029.3629036,173.194.188.105,10.10.0.10,,,443,45734,0,1358,17
1588617029.3681214,173.194.188.105,10.10.0.10,,,443,45734,0,1358,17
1588617029.3698118,10.10.0.10,173.194.188.105,,,45734,443,0,37,17
1588617029.373341,173.194.188.105,10.10.0.10,,,443,45734,0,1358,17
1588617029.3785641,173.194.188.105,10.10.0.10,,,443,45734,0,1358,17
1588617029.380207,10.10.0.10,173.194.188.105,,,45734,443,0,37,17
1588617029.3837821,173.194.188.105,10.10.0.10,,,443,45734,0,1358,17
1588617029.389,173.194.188.105,10.10.0.10,,,443,45734,0,1358,17
1588617029.390642,10.10.0.10,173.194.188.105,,,45734,443,0,50,17
1588617029.394218,173.194.188.105,10.10.0.10,,,443,45734,0,1358,17
1588617029.3994362,173.194.188.105,10.10.0.10,,,443,45734,0,1358,17
1588617029.401102,10.10.0.10,173.194.188.105,,,45734,443,0,37,17
1588617029.4046519,173.194.188.105,10.10.0.10,,,443,45734,0,1358,17
1588617029.409872,173.194.188.105,10.10.0.10,,,443,45734,0,1358,17
1588617029.411928,10.10.0.10,173.194.188.105,,,45734,443,0,37,17
1588617029.415087,173.194.188.105,10.10.0.10,,,443,45734,0,1358,17
1588617029.420309,173.194.188.105,10.10.0.10,,,443,45734,0,1358,17
1588617029.421991,10.10.0.10,173.194.188.105,,,45734,443,0,37,17
1588617029.425529,173.194.188.105,10.10.0.10,,,443,45734,0,1358,17
1588617029.430745,173.194.188.105,10.10.0.10,,,443,45734,0,1358,17
1588617029.4332762,10.10.0.10,173.194.188.105,,,45734,443,0,37,17
1588617029.4359012,173.194.188.105,10.10.0.10,,,443,45734,0,1358,17
1588617029.441183,173.194.188.105,10.10.0.10,,,443,45734,0,1358,17
1588617029.443686,10.10.0.10,173.194.188.105,,,45734,443,0,37,17
1588617029.446401,173.194.188.105,10.10.0.10,,,443,45734,0,1358,17
1588617029.451615,173.194.188.105,10.10.0.10,,,443,45734,0,29,17
1588617029.451801,173.194.188.105,10.10.0.10,,,443,45734,0,1358,17
1588617029.4533136,10.10.0.10,173.194.188.105,,,45734,443,0,37,17
1588617029.4570804,173.194.188.105,10.10.0.10,,,443,45734,0,1358,17
1588617029.462256,173.194.188.105,10.10.0.10,,,443,45734,0,1358,17
1588617029.463924,10.10.0.10,173.194.188.105,,,45734,443,0,37,17
1588617029.467472,173.194.188.105,10.10.0.10,,,443,45734,0,1358,17
1588617029.4727235,173.194.188.105,10.10.0.10,,,443,45734,0,1358,17
1588617029.474616,10.10.0.10,173.194.188.105,,,45734,443,0,37,17
1588617029.477943,173.194.188.105,10.10.0.10,,,443,45734,0,1358,17
1588617029.483162,173.194.188.105,10.10.0.10,,,443,45734,0,1358,17
1588617029.485126,10.10.0.10,173.194.188.105,,,45734,443,0,37,17
1588617029.4883802,173.194.188.105,10.10.0.10,,,443,45734,0,1358,17
1588617029.493598,173.194.188.105,10.10.0.10,,,443,45734,0,1358,17
1588617029.495482,10.10.0.10,173.194.188.105,,,45734,443,0,37,17
1588617029.498822,173.194.188.105,10.10.0.10,,,443,45734,0,1358,17
1588617029.504035,173.194.188.105,10.10.0.10,,,443,45734,0,1358,17
1588617029.505984,10.10.0.10,173.194.188.105,,,45734,443,0,37,17
1588617029.509258,173.194.188.105,10.10.0.10,,,443,45734,0,1358,17
1588617029.514472,173.194.188.105,10.10.0.10,,,443,45734,0,1358,17
1588617029.516313,10.10.0.10,173.194.188.105,,,45734,443,0,37,17
1588617029.5196922,173.194.188.105,10.10.0.10,,,443,45734,0,1358,17
1588617029.524848,173.194.188.105,10.10.0.10,,,443,45734,0,1358,17
1588617029.5265212,10.10.0.10,173.194.188.105,,,45734,443,0,37,17
1588617029.5301304,173.194.188.105,10.10.0.10,,,443,45734,0,1358,17
1588617029.535289,173.194.188.105,10.10.0.10,,,443,45734,0,1358,17
1588617029.5371876,10.10.0.10,173.194.188.105,,,45734,443,0,37,17
1588617029.540565,173.194.188.105,10.10.0.10,,,443,45734,0,1358,17
1588617029.545721,173.194.188.105,10.10.0.10,,,443,45734,0,1358,17
1588617029.547501,10.10.0.10,173.194.188.105,,,45734,443,0,37,17
1588617029.5510054,173.194.188.105,10.10.0.10,,,443,45734,0,1358,17
1588617029.5562036,173.194.188.105,10.10.0.10,,,443,45734,0,1358,17
1588617029.558337,10.10.0.10,173.194.188.105,,,45734,443,0,37,17
1588617029.561381,173.194.188.105,10.10.0.10,,,443,45734,0,1358,17
1588617029.566604,173.194.188.105,10.10.0.10,,,443,45734,0,1358,17
1588617029.568361,10.10.0.10,173.194.188.105,,,45734,443,0,37,17
1588617029.5718188,173.194.188.105,10.10.0.10,,,443,45734,0,1358,17
1588617029.5770779,173.194.188.105,10.10.0.10,,,443,45734,0,1358,17
1588617029.579841,10.10.0.10,173.194.188.105,,,45734,443,0,37,17
1588617029.58227,173.194.188.105,10.10.0.10,,,443,45734,0,1358,17
1588617029.587458,173.194.188.105,10.10.0.10,,,443,45734,0,1358,17
1588617029.58912,10.10.0.10,173.194.188.105,,,45734,443,0,37,17
1588617029.5927148,173.194.188.105,10.10.0.10,,,443,45734,0,1358,17
1588617029.5979538,173.194.188.105,10.10.0.10,,,443,45734,0,1358,17
1588617029.6000748,10.10.0.10,173.194.188.105,,,45734,443,0,50,17
1588617029.6031468,173.194.188.105,10.10.0.10,,,443,45734,0,1358,17
1588617029.60839,173.194.188.105,10.10.0.10,,,443,45734,0,1358,17
1588617029.6100998,10.10.0.10,173.194.188.105,,,45734,443,0,37,17
1588617029.6136134,173.194.188.105,10.10.0.10,,,443,45734,0,1358,17
1588617029.6187706,173.194.188.105,10.10.0.10,,,443,45734,0,1358,17
1588617029.6202776,10.10.0.10,173.194.188.105,,,45734,443,0,37,17
1588617029.624001,173.194.188.105,10.10.0.10,,,443,45734,0,1358,17
1588617029.6292374,173.194.188.105,10.10.0.10,,,443,45734,0,1358,17
1588617029.6308198,10.10.0.10,173.194.188.105,,,45734,443,0,37,17
1588617029.634491,173.194.188.105,10.10.0.10,,,443,45734,0,1358,17
1588617029.639708,173.194.188.105,10.10.0.10,,,443,45734,0,1358,17
1588617029.642587,10.10.0.10,173.194.188.105,,,45734,443,0,37,17
1588617029.644925,173.194.188.105,10.10.0.10,,,443,45734,0,1358,17
1588617029.650079,173.194.188.105,10.10.0.10,,,443,45734,0,1358,17
1588617029.6516874,10.10.0.10,173.194.188.105,,,45734,443,0,37,17
1588617029.655297,173.194.188.105,10.10.0.10,,,443,45734,0,1358,17
1588617029.6605446,173.194.188.105,10.10.0.10,,,443,45734,0,1358,17
1588617029.662699,10.10.0.10,173.194.188.105,,,45734,443,0,37,17
1588617029.665736,173.194.188.105,10.10.0.10,,,443,45734,0,1358,17
1588617029.670957,173.194.188.105,10.10.0.10,,,443,45734,0,1358,17
1588617029.6731172,10.10.0.10,173.194.188.105,,,45734,443,0,37,17
1588617029.676214,173.194.188.105,10.10.0.10,,,443,45734,0,1358,17
1588617029.68139,173.194.188.105,10.10.0.10,,,443,45734,0,1358,17
1588617029.6832302,10.10.0.10,173.194.188.105,,,45734,443,0,37,17
1588617029.6866288,173.194.188.105,10.10.0.10,,,443,45734,0,1358,17
1588617029.6918259,173.194.188.105,10.10.0.10,,,443,45734,0,1358,17
1588617029.693426,10.10.0.10,173.194.188.105,,,45734,443,0,37,17
1588617029.6971068,173.194.188.105,10.10.0.10,,,443,45734,0,1358,17
1588617029.702296,173.194.188.105,10.10.0.10,,,443,45734,0,1358,17
1588617029.703929,10.10.0.10,173.194.188.105,,,45734,443,0,37,17
1588617029.7075422,173.194.188.105,10.10.0.10,,,443,45734,0,1358,17
1588617029.712733,173.194.188.105,10.10.0.10,,,443,45734,0,1358,17
1588617029.7144108,10.10.0.10,173.194.188.105,,,45734,443,0,37,17
1588617029.717979,173.194.188.105,10.10.0.10,,,443,45734,0,1358,17
1588617029.723205,173.194.188.105,10.10.0.10,,,443,45734,0,1358,17
1588617029.724782,10.10.0.10,173.194.188.105,,,45734,443,0,37,17
1588617029.728431,173.194.188.105,10.10.0.10,,,443,45734,0,1358,17
1588617029.733641,173.194.188.105,10.10.0.10,,,443,45734,0,1358,17
1588617029.7351599,10.10.0.10,173.194.188.105,,,45734,443,0,37,17
1588617029.738864,173.194.188.105,10.10.0.10,,,443,45734,0,1358,17
1588617029.7440784,173.194.188.105,10.10.0.10,,,443,45734,0,1358,17
1588617029.7455509,10.10.0.10,173.194.188.105,,,45734,443,0,37,17
1588617029.749279,173.194.188.105,10.10.0.10,,,443,45734,0,1358,17
1588617029.7545161,173.194.188.105,10.10.0.10,,,443,45734,0,1358,17
1588617029.7560039,10.10.0.10,173.194.188.105,,,45734,443,0,37,17
1588617029.759745,173.194.188.105,10.10.0.10,,,443,45734,0,1358,17
1588617029.764951,173.194.188.105,10.10.0.10,,,443,45734,0,1358,17
1588617029.7664876,10.10.0.10,173.194.188.105,,,45734,443,0,37,17
1588617029.770175,173.194.188.105,10.10.0.10,,,443,45734,0,1358,17
1588617029.775391,173.194.188.105,10.10.0.10,,,443,45734,0,1358,17
1588617029.7768614,10.10.0.10,173.194.188.105,,,45734,443,0,37,17
1588617029.7806098,173.194.188.105,10.10.0.10,,,443,45734,0,1358,17
1588617029.785793,173.194.188.105,10.10.0.10,,,443,45734,0,1358,17
1588617029.787644,10.10.0.10,173.194.188.105,,,45734,443,0,37,17
1588617029.791048,173.194.188.105,10.10.0.10,,,443,45734,0,1358,17
1588617029.7962651,173.194.188.105,10.10.0.10,,,443,45734,0,1358,17
1588617029.797994,10.10.0.10,173.194.188.105,,,45734,443,0,37,17
1588617029.8014526,173.194.188.105,10.10.0.10,,,443,45734,0,1358,17
1588617029.806706,173.194.188.105,10.10.0.10,,,443,45734,0,1358,17
1588617029.808335,10.10.0.10,173.194.188.105,,,45734,443,0,50,17
1588617029.811872,173.194.188.105,10.10.0.10,,,443,45734,0,1358,17
1588617029.817144,173.194.188.105,10.10.0.10,,,443,45734,0,1358,17
1588617029.8190222,10.10.0.10,173.194.188.105,,,45734,443,0,37,17
1588617029.822365,173.194.188.105,10.10.0.10,,,443,45734,0,1358,17
1588617029.827585,173.194.188.105,10.10.0.10,,,443,45734,0,1358,17
1588617029.8292658,10.10.0.10,173.194.188.105,,,45734,443,0,37,17
1588617029.8328018,173.194.188.105,10.10.0.10,,,443,45734,0,1358,17
1588617029.8380196,173.194.188.105,10.10.0.10,,,443,45734,0,1358,17
1588617029.8398619,10.10.0.10,173.194.188.105,,,45734,443,0,37,17
1588617029.843167,173.194.188.105,10.10.0.10,,,443,45734,0,1358,17
1588617029.848465,173.194.188.105,10.10.0.10,,,443,45734,0,1358,17
1588617029.8508532,10.10.0.10,173.194.188.105,,,45734,443,0,37,17
1588617029.853672,173.194.188.105,10.10.0.10,,,443,45734,0,1358,17
1588617029.8588538,173.194.188.105,10.10.0.10,,,443,45734,0,1358,17
1588617029.860585,10.10.0.10,173.194.188.105,,,45734,443,0,37,17
1588617029.864109,173.194.188.105,10.10.0.10,,,443,45734,0,1358,17
1588617029.8693259,173.194.188.105,10.10.0.10,,,443,45734,0,1358,17
1588617029.871104,10.10.0.10,173.194.188.105,,,45734,443,0,37,17
1588617029.8745458,173.194.188.105,10.10.0.10,,,443,45734,0,1358,17
1588617029.879776,173.194.188.105,10.10.0.10,,,443,45734,0,1358,17
1588617029.881398,10.10.0.10,173.194.188.105,,,45734,443,0,37,17
1588617029.884985,173.194.188.105,10.10.0.10,,,443,45734,0,1358,17
1588617029.8902042,173.194.188.105,10.10.0.10,,,443,45734,0,1358,17
1588617029.891696,10.10.0.10,173.194.188.105,,,45734,443,0,37,17
1588617029.89535,173.194.188.105,10.10.0.10,,,443,45734,0,1358,17
1588617029.90064,173.194.188.105,10.10.0.10,,,443,45734,0,1358,17
1588617029.9025269,10.10.0.10,173.194.188.105,,,45734,443,0,37,17
1588617029.905834,173.194.188.105,10.10.0.10,,,443,45734,0,1358,17
1588617029.9110339,173.194.188.105,10.10.0.10,,,443,45734,0,1358,17
1588617029.912734,10.10.0.10,173.194.188.105,,,45734,443,0,37,17
1588617029.9162948,173.194.188.105,10.10.0.10,,,443,45734,0,1358,17
1588617029.9214668,173.194.188.105,10.10.0.10,,,443,45734,0,1358,17
1588617029.9232738,10.10.0.10,173.194.188.105,,,45734,443,0,37,17
1588617029.9267492,173.194.188.105,10.10.0.10,,,443,45734,0,1358,17
1588617029.9319556,173.194.188.105,10.10.0.10,,,443,45734,0,1358,17
1588617029.935048,10.10.0.10,173.194.188.105,,,45734,443,0,37,17
1588617029.9371688,173.194.188.105,10.10.0.10,,,443,45734,0,1358,17
1588617029.942394,173.194.188.105,10.10.0.10,,,443,45734,0,1358,17
1588617029.9451141,10.10.0.10,173.194.188.105,,,45734,443,0,37,17
1588617029.947607,173.194.188.105,10.10.0.10,,,443,45734,0,1358,17
1588617029.9528296,173.194.188.105,10.10.0.10,,,443,45734,0,1358,17
1588617029.955611,10.10.0.10,173.194.188.105,,,45734,443,0,37,17
1588617029.958044,173.194.188.105,10.10.0.10,,,443,45734,0,1358,17
1588617029.963219,173.194.188.105,10.10.0.10,,,443,45734,0,1358,17
1588617029.966743,10.10.0.10,173.194.188.105,,,45734,443,0,37,17
1588617029.968417,173.194.188.105,10.10.0.10,,,443,45734,0,1358,17
1588617029.9736972,173.194.188.105,10.10.0.10,,,443,45734,0,1358,17
1588617029.9758186,10.10.0.10,173.194.188.105,,,45734,443,0,37,17
1588617029.978878,173.194.188.105,10.10.0.10,,,443,45734,0,1358,17
1588617029.9841352,173.194.188.105,10.10.0.10,,,443,45734,0,1358,17
1588617029.9863212,10.10.0.10,173.194.188.105,,,45734,443,0,37,17
1588617029.989352,173.194.188.105,10.10.0.10,,,443,45734,0,1358,17
1588617029.9945712,173.194.188.105,10.10.0.10,,,443,45734,0,1358,17
1588617029.9964876,10.10.0.10,173.194.188.105,,,45734,443,0,37,17
1588617029.9997892,173.194.188.105,10.10.0.10,,,443,45734,0,1358,17
1588617030.005008,173.194.188.105,10.10.0.10,,,443,45734,0,1358,17
1588617030.006711,10.10.0.10,173.194.188.105,,,45734,443,0,37,17
1588617030.010225,173.194.188.105,10.10.0.10,,,443,45734,0,1358,17
1588617030.0154061,173.194.188.105,10.10.0.10,,,443,45734,0,1358,17
1588617030.0186489,10.10.0.10,173.194.188.105,,,45734,443,0,50,17
1588617030.0206618,173.194.188.105,10.10.0.10,,,443,45734,0,1358,17
1588617030.025858,173.194.188.105,10.10.0.10,,,443,45734,0,1358,17
1588617030.027715,10.10.0.10,173.194.188.105,,,45734,443,0,37,17
1588617030.0310988,173.194.188.105,10.10.0.10,,,443,45734,0,1358,17
1588617030.036318,173.194.188.105,10.10.0.10,,,443,45734,0,1358,17
1588617030.038111,10.10.0.10,173.194.188.105,,,45734,443,0,37,17
1588617030.0415368,173.194.188.105,10.10.0.10,,,443,45734,0,1358,17
1588617030.0467172,173.194.188.105,10.10.0.10,,,443,45734,0,29,17
1588617030.046951,173.194.188.105,10.10.0.10,,,443,45734,0,1358,17
1588617030.048506,10.10.0.10,173.194.188.105,,,45734,443,0,37,17
1588617030.0521722,173.194.188.105,10.10.0.10,,,443,45734,0,1358,17
1588617030.057428,173.194.188.105,10.10.0.10,,,443,45734,0,1358,17
1588617030.059256,10.10.0.10,173.194.188.105,,,45734,443,0,37,17
1588617030.062609,173.194.188.105,10.10.0.10,,,443,45734,0,1358,17
1588617030.067828,173.194.188.105,10.10.0.10,,,443,45734,0,1358,17
1588617030.070042,10.10.0.10,173.194.188.105,,,45734,443,0,37,17
1588617030.0730839,173.194.188.105,10.10.0.10,,,443,45734,0,1358,17
1588617030.0783012,173.194.188.105,10.10.0.10,,,443,45734,0,1358,17
1588617030.080321,10.10.0.10,173.194.188.105,,,45734,443,0,37,17
1588617030.0835214,173.194.188.105,10.10.0.10,,,443,45734,0,1358,17
1588617030.088743,173.194.188.105,10.10.0.10,,,443,45734,0,1358,17
1588617030.0902884,10.10.0.10,173.194.188.105,,,45734,443,0,37,17
1588617030.0939708,173.194.188.105,10.10.0.10,,,443,45734,0,1358,17
1588617030.0991802,173.194.188.105,10.10.0.10,,,443,45734,0,1358,17
1588617030.1008358,10.10.0.10,173.194.188.105,,,45734,443,0,37,17
1588617030.104398,173.194.188.105,10.10.0.10,,,443,45734,0,1358,17
1588617030.1095386,173.194.188.105,10.10.0.10,,,443,45734,0,1358,17
1588617030.1111069,10.10.0.10,173.194.188.105,,,45734,443,0,37,17
1588617030.1148338,173.194.188.105,10.10.0.10,,,443,45734,0,1358,17
1588617030.1200619,173.194.188.105,10.10.0.10,,,443,45734,0,1358,17
1588617030.121904,10.10.0.10,173.194.188.105,,,45734,443,0,37,17
1588617030.125224,173.194.188.105,10.10.0.10,,,443,45734,0,1358,17
1588617030.1304471,173.194.188.105,10.10.0.10,,,443,45734,0,1358,17
1588617030.1321518,10.10.0.10,173.194.188.105,,,45734,443,0,37,17
1588617030.1357038,173.194.188.105,10.10.0.10,,,443,45734,0,1358,17
1588617030.1409225,173.194.188.105,10.10.0.10,,,443,45734,0,1358,17
1588617030.1426694,10.10.0.10,173.194.188.105,,,45734,443,0,37,17
1588617030.146141,173.194.188.105,10.10.0.10,,,443,45734,0,1358,17
1588617030.15136,173.194.188.105,10.10.0.10,,,443,45734,0,1358,17
1588617030.1537519,10.10.0.10,173.194.188.105,,,45734,443,0,37,17
1588617030.1565778,173.194.188.105,10.10.0.10,,,443,45734,0,1358,17
1588617030.161797,173.194.188.105,10.10.0.10,,,443,45734,0,1358,17
1588617030.163568,10.10.0.10,173.194.188.105,,,45734,443,0,37,17
1588617030.167032,173.194.188.105,10.10.0.10,,,443,45734,0,1358,17
1588617030.1722472,173.194.188.105,10.10.0.10,,,443,45734,0,1358,17
1588617030.174025,10.10.0.10,173.194.188.105,,,45734,443,0,37,17
1588617030.177401,173.194.188.105,10.10.0.10,,,443,45734,0,1358,17
1588617030.182674,173.194.188.105,10.10.0.10,,,443,45734,0,1358,17
1588617030.184798,10.10.0.10,173.194.188.105,,,45734,443,0,37,17
1588617030.1878881,173.194.188.105,10.10.0.10,,,443,45734,0,1358,17
1588617030.193109,173.194.188.105,10.10.0.10,,,443,45734,0,1358,17
1588617030.1951306,10.10.0.10,173.194.188.105,,,45734,443,0,37,17
1588617030.1983235,173.194.188.105,10.10.0.10,,,443,45734,0,1358,17
1588617030.203542,173.194.188.105,10.10.0.10,,,443,45734,0,1358,17
1588617030.205503,10.10.0.10,173.194.188.105,,,45734,443,0,37,17
1588617030.2087224,173.194.188.105,10.10.0.10,,,443,45734,0,1358,17
1588617030.2139802,173.194.188.105,10.10.0.10,,,443,45734,0,1358,17
1588617030.215777,10.10.0.10,173.194.188.105,,,45734,443,0,37,17
1588617030.219175,173.194.188.105,10.10.0.10,,,443,45734,0,1358,17
1588617030.224417,173.194.188.105,10.10.0.10,,,443,45734,0,1358,17
1588617030.2262099,10.10.0.10,173.194.188.105,,,45734,443,0,50,17
1588617030.2296348,173.194.188.105,10.10.0.10,,,443,45734,0,1358,17
1588617030.2348518,173.194.188.105,10.10.0.10,,,443,45734,0,1358,17
1588617030.236816,10.10.0.10,173.194.188.105,,,45734,443,0,37,17
1588617030.240046,173.194.188.105,10.10.0.10,,,443,45734,0,1358,17
1588617030.2452214,173.194.188.105,10.10.0.10,,,443,45734,0,1358,17
1588617030.246901,10.10.0.10,173.194.188.105,,,45734,443,0,37,17
1588617030.250519,173.194.188.105,10.10.0.10,,,443,45734,0,1358,17
1588617030.25569,173.194.188.105,10.10.0.10,,,443,45734,0,29,17
1588617030.2559054,173.194.188.105,10.10.0.10,,,443,45734,0,1358,17
1588617030.2572901,10.10.0.10,173.194.188.105,,,45734,443,0,37,17
1588617030.26113,173.194.188.105,10.10.0.10,,,443,45734,0,1358,17
1588617030.266391,173.194.188.105,10.10.0.10,,,443,45734,0,1358,17
1588617030.2681198,10.10.0.10,173.194.188.105,,,45734,443,0,37,17
1588617030.2715821,173.194.188.105,10.10.0.10,,,443,45734,0,1358,17
1588617030.276791,173.194.188.105,10.10.0.10,,,443,45734,0,1358,17
1588617030.278285,10.10.0.10,173.194.188.105,,,45734,443,0,37,17
1588617030.282049,173.194.188.105,10.10.0.10,,,443,45734,0,1358,17
1588617030.287264,173.194.188.105,10.10.0.10,,,443,45734,0,1358,17
1588617030.288999,10.10.0.10,173.194.188.105,,,45734,443,0,37,17
1588617030.2924418,173.194.188.105,10.10.0.10,,,443,45734,0,1358,17
1588617030.2977,173.194.188.105,10.10.0.10,,,443,45734,0,1358,17
1588617030.2994142,10.10.0.10,173.194.188.105,,,45734,443,0,37,17
1588617030.3029182,173.194.188.105,10.10.0.10,,,443,45734,0,1358,17
1588617030.308137,173.194.188.105,10.10.0.10,,,443,45734,0,1358,17
1588617030.3100588,10.10.0.10,173.194.188.105,,,45734,443,0,37,17
1588617030.313361,173.194.188.105,10.10.0.10,,,443,45734,0,1358,17
1588617030.318559,173.194.188.105,10.10.0.10,,,443,45734,0,1358,17
1588617030.3224454,10.10.0.10,173.194.188.105,,,45734,443,0,37,17
1588617030.323791,173.194.188.105,10.10.0.10,,,443,45734,0,1358,17
1588617030.328944,173.194.188.105,10.10.0.10,,,443,45734,0,1358,17
1588617030.3305366,10.10.0.10,173.194.188.105,,,45734,443,0,37,17
1588617030.3342278,173.194.188.105,10.10.0.10,,,443,45734,0,1358,17
1588617030.339458,173.194.188.105,10.10.0.10,,,443,45734,0,1358,17
1588617030.3410974,10.10.0.10,173.194.188.105,,,45734,443,0,37,17
1588617030.3446634,173.194.188.105,10.10.0.10,,,443,45734,0,1358,17
1588617030.3498569,173.194.188.105,10.10.0.10,,,443,45734,0,1358,17
1588617030.352175,10.10.0.10,173.194.188.105,,,45734,443,0,37,17
1588617030.3551009,173.194.188.105,10.10.0.10,,,443,45734,0,1358,17
1588617030.3603349,173.194.188.105,10.10.0.10,,,443,45734,0,1358,17
1588617030.3619788,10.10.0.10,173.194.188.105,,,45734,443,0,37,17
1588617030.3655472,173.194.188.105,10.10.0.10,,,443,45734,0,1358,17
1588617030.370776,173.194.188.105,10.10.0.10,,,443,45734,0,1358,17
1588617030.373142,10.10.0.10,173.194.188.105,,,45734,443,0,37,17
1588617030.375976,173.194.188.105,10.10.0.10,,,443,45734,0,1358,17
1588617030.3811982,173.194.188.105,10.10.0.10,,,443,45734,0,1358,17
1588617030.3833306,10.10.0.10,173.194.188.105,,,45734,443,0,37,17
1588617030.386426,173.194.188.105,10.10.0.10,,,443,45734,0,1358,17
1588617030.391632,173.194.188.105,10.10.0.10,,,443,45734,0,1358,17
1588617030.3968532,173.194.188.105,10.10.0.10,,,443,45734,0,1358,17
1588617030.402071,173.194.188.105,10.10.0.10,,,443,45734,0,1358,17
1588617030.40729,173.194.188.105,10.10.0.10,,,443,45734,0,1358,17
1588617030.4125082,173.194.188.105,10.10.0.10,,,443,45734,0,1358,17
1588617030.4177241,173.194.188.105,10.10.0.10,,,443,45734,0,1358,17
1588617030.4267251,10.10.0.10,173.194.188.105,,,45734,443,0,37,17
1588617030.427754,10.10.0.10,173.194.188.105,,,45734,443,0,37,17
1588617030.428306,10.10.0.10,173.194.188.105,,,45734,443,0,37,17
1588617030.4305902,173.194.188.105,10.10.0.10,,,443,45734,0,1358,17
1588617030.4326189,10.10.0.10,173.194.188.105,,,45734,443,0,37,17
1588617030.435996,173.194.188.105,10.10.0.10,,,443,45734,0,1358,17
1588617030.436054,173.194.188.105,10.10.0.10,,,443,45734,0,1358,17
1588617030.43783,10.10.0.10,173.194.188.105,,,45734,443,0,50,17
1588617030.44223,173.194.188.105,10.10.0.10,,,443,45734,0,1358,17
1588617030.44573,173.194.188.105,10.10.0.10,,,443,45734,0,1358,17
1588617030.4472358,10.10.0.10,173.194.188.105,,,45734,443,0,37,17
1588617030.450946,173.194.188.105,10.10.0.10,,,443,45734,0,1358,17
1588617030.456166,173.194.188.105,10.10.0.10,,,443,45734,0,1358,17
1588617030.457892,10.10.0.10,173.194.188.105,,,45734,443,0,37,17
1588617030.461383,173.194.188.105,10.10.0.10,,,443,45734,0,1358,17
1588617030.466567,173.194.188.105,10.10.0.10,,,443,45734,0,1358,17
1588617030.468498,10.10.0.10,173.194.188.105,,,45734,443,0,37,17
1588617030.4717948,173.194.188.105,10.10.0.10,,,443,45734,0,1358,17
1588617030.4770362,173.194.188.105,10.10.0.10,,,443,45734,0,1358,17
1588617030.4786642,10.10.0.10,173.194.188.105,,,45734,443,0,37,17
1588617030.482208,173.194.188.105,10.10.0.10,,,443,45734,0,1358,17
1588617030.487474,173.194.188.105,10.10.0.10,,,443,45734,0,1358,17
1588617030.4893134,10.10.0.10,173.194.188.105,,,45734,443,0,37,17
1588617030.492694,173.194.188.105,10.10.0.10,,,443,45734,0,1358,17
1588617030.4979134,173.194.188.105,10.10.0.10,,,443,45734,0,1358,17
1588617030.4997652,10.10.0.10,173.194.188.105,,,45734,443,0,37,17
1588617030.503132,173.194.188.105,10.10.0.10,,,443,45734,0,1358,17
1588617030.5083482,173.194.188.105,10.10.0.10,,,443,45734,0,1358,17
1588617030.5102198,10.10.0.10,173.194.188.105,,,45734,443,0,37,17
1588617030.5135708,173.194.188.105,10.10.0.10,,,443,45734,0,1358,17
1588617030.518786,173.194.188.105,10.10.0.10,,,443,45734,0,1358,17
1588617030.520535,10.10.0.10,173.194.188.105,,,45734,443,0,37,17
1588617030.5240028,173.194.188.105,10.10.0.10,,,443,45734,0,1358,17
1588617030.529221,173.194.188.105,10.10.0.10,,,443,45734,0,1358,17
1588617030.530848,10.10.0.10,173.194.188.105,,,45734,443,0,37,17
1588617030.5344439,173.194.188.105,10.10.0.10,,,443,45734,0,1358,17
1588617030.539664,173.194.188.105,10.10.0.10,,,443,45734,0,1358,17
1588617030.5414536,10.10.0.10,173.194.188.105,,,45734,443,0,37,17
1588617030.5448804,173.194.188.105,10.10.0.10,,,443,45734,0,1358,17
1588617030.550098,173.194.188.105,10.10.0.10,,,443,45734,0,1358,17
1588617030.551955,10.10.0.10,173.194.188.105,,,45734,443,0,37,17
1588617030.5552852,173.194.188.105,10.10.0.10,,,443,45734,0,1358,17
1588617030.560533,173.194.188.105,10.10.0.10,,,443,45734,0,1358,17
1588617030.562243,10.10.0.10,173.194.188.105,,,45734,443,0,37,17
1588617030.565721,173.194.188.105,10.10.0.10,,,443,45734,0,1358,17
1588617030.570912,173.194.188.105,10.10.0.10,,,443,45734,0,1358,17
1588617030.5725632,10.10.0.10,173.194.188.105,,,45734,443,0,37,17
1588617030.5761492,173.194.188.105,10.10.0.10,,,443,45734,0,1358,17
1588617030.581351,173.194.188.105,10.10.0.10,,,443,45734,0,1358,17
1588617030.583192,10.10.0.10,173.194.188.105,,,45734,443,0,37,17
1588617030.586609,173.194.188.105,10.10.0.10,,,443,45734,0,1358,17
1588617030.591832,173.194.188.105,10.10.0.10,,,443,45734,0,1358,17
1588617030.593467,10.10.0.10,173.194.188.105,,,45734,443,0,37,17
1588617030.596999,173.194.188.105,10.10.0.10,,,443,45734,0,1358,17
1588617030.602212,173.194.188.105,10.10.0.10,,,443,45734,0,1358,17
1588617030.603729,10.10.0.10,173.194.188.105,,,45734,443,0,37,17
1588617030.607484,173.194.188.105,10.10.0.10,,,443,45734,0,1358,17
1588617030.61265,173.194.188.105,10.10.0.10,,,443,45734,0,1358,17
1588617030.614153,10.10.0.10,173.194.188.105,,,45734,443,0,37,17
1588617030.6179216,173.194.188.105,10.10.0.10,,,443,45734,0,1358,17
1588617030.6231148,173.194.188.105,10.10.0.10,,,443,45734,0,1358,17
1588617030.624958,10.10.0.10,173.194.188.105,,,45734,443,0,37,17
1588617030.628304,173.194.188.105,10.10.0.10,,,443,45734,0,1358,17
1588617030.633545,173.194.188.105,10.10.0.10,,,443,45734,0,1358,17
1588617030.635227,10.10.0.10,173.194.188.105,,,45734,443,0,37,17
1588617030.638765,173.194.188.105,10.10.0.10,,,443,45734,0,1358,17
1588617030.644018,173.194.188.105,10.10.0.10,,,443,45734,0,1358,17
1588617030.6455972,10.10.0.10,173.194.188.105,,,45734,443,0,50,17
1588617030.649175,173.194.188.105,10.10.0.10,,,443,45734,0,1358,17
1588617030.654403,173.194.188.105,10.10.0.10,,,443,45734,0,1358,17
1588617030.656209,10.10.0.10,173.194.188.105,,,45734,443,0,37,17
1588617030.659643,173.194.188.105,10.10.0.10,,,443,45734,0,1358,17
1588617030.664865,173.194.188.105,10.10.0.10,,,443,45734,0,1358,17
1588617030.666704,10.10.0.10,173.194.188.105,,,45734,443,0,37,17
1588617030.670109,173.194.188.105,10.10.0.10,,,443,45734,0,1358,17
1588617030.675267,173.194.188.105,10.10.0.10,,,443,45734,0,1358,17
1588617030.6767962,10.10.0.10,173.194.188.105,,,45734,443,0,37,17
1588617030.680556,173.194.188.105,10.10.0.10,,,443,45734,0,1358,17
1588617030.685708,173.194.188.105,10.10.0.10,,,443,45734,0,1358,17
1588617030.687304,10.10.0.10,173.194.188.105,,,45734,443,0,37,17
1588617030.6909242,173.194.188.105,10.10.0.10,,,443,45734,0,1358,17
1588617030.6962042,173.194.188.105,10.10.0.10,,,443,45734,0,1358,17
1588617030.698817,10.10.0.10,173.194.188.105,,,45734,443,0,37,17
1588617030.701422,173.194.188.105,10.10.0.10,,,443,45734,0,1358,17
1588617030.7065802,173.194.188.105,10.10.0.10,,,443,45734,0,1358,17
1588617030.7083561,10.10.0.10,173.194.188.105,,,45734,443,0,37,17
1588617030.7118568,173.194.188.105,10.10.0.10,,,443,45734,0,1358,17
1588617030.717078,173.194.188.105,10.10.0.10,,,443,45734,0,1358,17
1588617030.718657,10.10.0.10,173.194.188.105,,,45734,443,0,37,17
1588617030.722263,173.194.188.105,10.10.0.10,,,443,45734,0,1358,17
1588617030.727514,173.194.188.105,10.10.0.10,,,443,45734,0,1358,17
1588617030.7291546,10.10.0.10,173.194.188.105,,,45734,443,0,37,17
1588617030.732739,173.194.188.105,10.10.0.10,,,443,45734,0,1358,17
1588617030.7379148,173.194.188.105,10.10.0.10,,,443,45734,0,1358,17
1588617030.739469,10.10.0.10,173.194.188.105,,,45734,443,0,37,17
1588617030.743175,173.194.188.105,10.10.0.10,,,443,45734,0,1358,17
1588617030.7483964,173.194.188.105,10.10.0.10,,,443,45734,0,1358,17
1588617030.750072,10.10.0.10,173.194.188.105,,,45734,443,0,37,17
1588617030.7536142,173.194.188.105,10.10.0.10,,,443,45734,0,1358,17
1588617030.758831,173.194.188.105,10.10.0.10,,,443,45734,0,1358,17
1588617030.760448,10.10.0.10,173.194.188.105,,,45734,443,0,37,17
1588617030.764049,173.194.188.105,10.10.0.10,,,443,45734,0,1358,17
1588617030.7692678,173.194.188.105,10.10.0.10,,,443,45734,0,1358,17
1588617030.770948,10.10.0.10,173.194.188.105,,,45734,443,0,37,17
1588617030.7744892,173.194.188.105,10.10.0.10,,,443,45734,0,1358,17
1588617030.779706,173.194.188.105,10.10.0.10,,,443,45734,0,1358,17
1588617030.7812786,10.10.0.10,173.194.188.105,,,45734,443,0,37,17
1588617030.7849224,173.194.188.105,10.10.0.10,,,443,45734,0,1358,17
1588617030.790142,173.194.188.105,10.10.0.10,,,443,45734,0,1358,17
1588617030.791914,10.10.0.10,173.194.188.105,,,45734,443,0,37,17
1588617030.7953632,173.194.188.105,10.10.0.10,,,443,45734,0,1358,17
1588617030.8005528,173.194.188.105,10.10.0.10,,,443,45734,0,1358,17
1588617030.802527,10.10.0.10,173.194.188.105,,,45734,443,0,37,17
1588617030.805798,173.194.188.105,10.10.0.10,,,443,45734,0,1358,17
1588617030.8110142,173.194.188.105,10.10.0.10,,,443,45734,0,1358,17
1588617030.8128445,10.10.0.10,173.194.188.105,,,45734,443,0,37,17
1588617030.8162339,173.194.188.105,10.10.0.10,,,443,45734,0,1358,17
1588617030.821452,173.194.188.105,10.10.0.10,,,443,45734,0,1358,17
1588617030.8233054,10.10.0.10,173.194.188.105,,,45734,443,0,37,17
1588617030.8266716,173.194.188.105,10.10.0.10,,,443,45734,0,1358,17
1588617030.831866,173.194.188.105,10.10.0.10,,,443,45734,0,1358,17
1588617030.833991,10.10.0.10,173.194.188.105,,,45734,443,0,37,17
1588617030.837107,173.194.188.105,10.10.0.10,,,443,45734,0,1358,17
1588617030.8423266,173.194.188.105,10.10.0.10,,,443,45734,0,1358,17
1588617030.844247,10.10.0.10,173.194.188.105,,,45734,443,0,37,17
1588617030.847543,173.194.188.105,10.10.0.10,,,443,45734,0,1358,17
1588617030.852762,173.194.188.105,10.10.0.10,,,443,45734,0,1358,17
1588617030.854551,10.10.0.10,173.194.188.105,,,45734,443,0,50,17
1588617030.8579562,173.194.188.105,10.10.0.10,,,443,45734,0,1358,17
1588617030.863197,173.194.188.105,10.10.0.10,,,443,45734,0,1358,17
1588617030.8663151,10.10.0.10,173.194.188.105,,,45734,443,0,37,17
1588617030.868417,173.194.188.105,10.10.0.10,,,443,45734,0,1358,17
1588617030.8736348,173.194.188.105,10.10.0.10,,,443,45734,0,1358,17
1588617030.877031,10.10.0.10,173.194.188.105,,,45734,443,0,37,17
1588617030.878823,173.194.188.105,10.10.0.10,,,443,45734,0,1358,17
1588617030.884079,173.194.188.105,10.10.0.10,,,443,45734,0,1358,17
1588617030.8865638,10.10.0.10,173.194.188.105,,,45734,443,0,37,17
1588617030.889298,173.194.188.105,10.10.0.10,,,443,45734,0,1358,17
1588617030.8945172,173.194.188.105,10.10.0.10,,,443,45734,0,1358,17
1588617030.896122,10.10.0.10,173.194.188.105,,,45734,443,0,37,17
1588617030.899733,173.194.188.105,10.10.0.10,,,443,45734,0,1358,17
1588617030.904953,173.194.188.105,10.10.0.10,,,443,45734,0,1358,17
1588617030.907959,10.10.0.10,173.194.188.105,,,45734,443,0,37,17
1588617030.910176,173.194.188.105,10.10.0.10,,,443,45734,0,1358,17
1588617030.9153929,173.194.188.105,10.10.0.10,,,443,45734,0,1358,17
1588617030.917016,10.10.0.10,173.194.188.105,,,45734,443,0,37,17
1588617030.920613,173.194.188.105,10.10.0.10,,,443,45734,0,1358,17
1588617030.925833,173.194.188.105,10.10.0.10,,,443,45734,0,1358,17
1588617030.927367,10.10.0.10,173.194.188.105,,,45734,443,0,37,17
1588617030.9310489,173.194.188.105,10.10.0.10,,,443,45734,0,1358,17
1588617030.9362679,173.194.188.105,10.10.0.10,,,443,45734,0,1358,17
1588617030.9383118,10.10.0.10,173.194.188.105,,,45734,443,0,37,17
1588617030.9414818,173.194.188.105,10.10.0.10,,,443,45734,0,1358,17
1588617030.946704,173.194.188.105,10.10.0.10,,,443,45734,0,1358,17
1588617030.948535,10.10.0.10,173.194.188.105,,,45734,443,0,37,17
1588617030.9519231,173.194.188.105,10.10.0.10,,,443,45734,0,1358,17
1588617030.9571412,173.194.188.105,10.10.0.10,,,443,45734,0,1358,17
1588617030.959411,10.10.0.10,173.194.188.105,,,45734,443,0,37,17
1588617030.9623165,173.194.188.105,10.10.0.10,,,443,45734,0,1358,17
1588617030.9675438,173.194.188.105,10.10.0.10,,,443,45734,0,1358,17
1588617030.97026,10.10.0.10,173.194.188.105,,,45734,443,0,37,17
1588617030.972792,173.194.188.105,10.10.0.10,,,443,45734,0,1358,17
1588617030.978009,173.194.188.105,10.10.0.10,,,443,45734,0,1358,17
1588617030.98056,10.10.0.10,173.194.188.105,,,45734,443,0,37,17
1588617030.983234,173.194.188.105,10.10.0.10,,,443,45734,0,1358,17
1588617030.9884472,173.194.188.105,10.10.0.10,,,443,45734,0,1358,17
1588617030.990415,10.10.0.10,173.194.188.105,,,45734,443,0,37,17
1588617030.993666,173.194.188.105,10.10.0.10,,,443,45734,0,1358,17
1588617030.9988835,173.194.188.105,10.10.0.10,,,443,45734,0,1358,17
1588617031.000519,10.10.0.10,173.194.188.105,,,45734,443,0,37,17
1588617031.004101,173.194.188.105,10.10.0.10,,,443,45734,0,1358,17
1588617031.0093222,173.194.188.105,10.10.0.10,,,443,45734,0,1358,17
1588617031.0109339,10.10.0.10,173.194.188.105,,,45734,443,0,37,17
1588617031.0145388,173.194.188.105,10.10.0.10,,,443,45734,0,1358,17
1588617031.0197618,173.194.188.105,10.10.0.10,,,443,45734,0,1358,17
1588617031.021808,10.10.0.10,173.194.188.105,,,45734,443,0,37,17
1588617031.024975,173.194.188.105,10.10.0.10,,,443,45734,0,1358,17
1588617031.030195,173.194.188.105,10.10.0.10,,,443,45734,0,1358,17
1588617031.0318098,10.10.0.10,173.194.188.105,,,45734,443,0,37,17
1588617031.0354161,173.194.188.105,10.10.0.10,,,443,45734,0,1358,17
1588617031.040633,173.194.188.105,10.10.0.10,,,443,45734,0,1358,17
1588617031.0423322,10.10.0.10,173.194.188.105,,,45734,443,0,37,17
1588617031.0458536,173.194.188.105,10.10.0.10,,,443,45734,0,1358,17
1588617031.051068,173.194.188.105,10.10.0.10,,,443,45734,0,1358,17
1588617031.052622,10.10.0.10,173.194.188.105,,,45734,443,0,37,17
1588617031.0562901,173.194.188.105,10.10.0.10,,,443,45734,0,1358,17
1588617031.061504,173.194.188.105,10.10.0.10,,,443,45734,0,1358,17
1588617031.063268,10.10.0.10,173.194.188.105,,,45734,443,0,50,17
1588617031.066727,173.194.188.105,10.10.0.10,,,443,45734,0,1358,17
1588617031.071935,173.194.188.105,10.10.0.10,,,443,45734,0,1358,17
1588617031.0735939,10.10.0.10,173.194.188.105,,,45734,443,0,37,17
1588617031.07715,173.194.188.105,10.10.0.10,,,443,45734,0,1358,17
1588617031.0823276,173.194.188.105,10.10.0.10,,,443,45734,0,1358,17
1588617031.0840108,10.10.0.10,173.194.188.105,,,45734,443,0,37,17
1588617031.087586,173.194.188.105,10.10.0.10,,,443,45734,0,1358,17
1588617031.092804,173.194.188.105,10.10.0.10,,,443,45734,0,1358,17
1588617031.095159,10.10.0.10,173.194.188.105,,,45734,443,0,37,17
1588617031.097993,173.194.188.105,10.10.0.10,,,443,45734,0,1358,17
1588617031.1032438,173.194.188.105,10.10.0.10,,,443,45734,0,1358,17
1588617031.1055238,10.10.0.10,173.194.188.105,,,45734,443,0,37,17
1588617031.108473,173.194.188.105,10.10.0.10,,,443,45734,0,1358,17
1588617031.113678,173.194.188.105,10.10.0.10,,,443,45734,0,1358,17
1588617031.115248,10.10.0.10,173.194.188.105,,,45734,443,0,37,17
1588617031.118901,173.194.188.105,10.10.0.10,,,443,45734,0,1358,17
1588617031.124119,173.194.188.105,10.10.0.10,,,443,45734,0,1358,17
1588617031.125849,10.10.0.10,173.194.188.105,,,45734,443,0,37,17
1588617031.129334,173.194.188.105,10.10.0.10,,,443,45734,0,1358,17
1588617031.134557,173.194.188.105,10.10.0.10,,,443,45734,0,1358,17
1588617031.139058,10.10.0.10,173.194.188.105,,,45734,443,0,37,17
1588617031.139745,173.194.188.105,10.10.0.10,,,443,45734,0,1358,17
1588617031.14499,173.194.188.105,10.10.0.10,,,443,45734,0,1358,17
1588617031.146742,10.10.0.10,173.194.188.105,,,45734,443,0,37,17
1588617031.1502109,173.194.188.105,10.10.0.10,,,443,45734,0,1358,17
1588617031.1554296,173.194.188.105,10.10.0.10,,,443,45734,0,1358,17
1588617031.1574314,10.10.0.10,173.194.188.105,,,45734,443,0,37,17
1588617031.160645,173.194.188.105,10.10.0.10,,,443,45734,0,1358,17
1588617031.1658669,173.194.188.105,10.10.0.10,,,443,45734,0,1358,17
1588617031.167491,10.10.0.10,173.194.188.105,,,45734,443,0,37,17
1588617031.171081,173.194.188.105,10.10.0.10,,,443,45734,0,1358,17
1588617031.1763036,173.194.188.105,10.10.0.10,,,443,45734,0,1358,17
1588617031.1779492,10.10.0.10,173.194.188.105,,,45734,443,0,37,17
1588617031.1815171,173.194.188.105,10.10.0.10,,,443,45734,0,1358,17
1588617031.18674,173.194.188.105,10.10.0.10,,,443,45734,0,1358,17
1588617031.188602,10.10.0.10,173.194.188.105,,,45734,443,0,37,17
1588617031.1919582,173.194.188.105,10.10.0.10,,,443,45734,0,1358,17
1588617031.197177,173.194.188.105,10.10.0.10,,,443,45734,0,1358,17
1588617031.198906,10.10.0.10,173.194.188.105,,,45734,443,0,37,17
1588617031.202395,173.194.188.105,10.10.0.10,,,443,45734,0,1358,17
1588617031.2076132,173.194.188.105,10.10.0.10,,,443,45734,0,1358,17
1588617031.209325,10.10.0.10,173.194.188.105,,,45734,443,0,37,17
1588617031.212832,173.194.188.105,10.10.0.10,,,443,45734,0,1358,17
1588617031.2180462,173.194.188.105,10.10.0.10,,,443,45734,0,1358,17
1588617031.2199502,10.10.0.10,173.194.188.105,,,45734,443,0,37,17
1588617031.2232678,173.194.188.105,10.10.0.10,,,443,45734,0,1358,17
1588617031.228459,173.194.188.105,10.10.0.10,,,443,45734,0,1358,17
1588617031.2303052,10.10.0.10,173.194.188.105,,,45734,443,0,37,17
1588617031.233707,173.194.188.105,10.10.0.10,,,443,45734,0,1358,17
1588617031.2389224,173.194.188.105,10.10.0.10,,,443,45734,0,1358,17
1588617031.2408216,10.10.0.10,173.194.188.105,,,45734,443,0,37,17
1588617031.244138,173.194.188.105,10.10.0.10,,,443,45734,0,1358,17
1588617031.2493565,173.194.188.105,10.10.0.10,,,443,45734,0,1358,17
1588617031.251026,10.10.0.10,173.194.188.105,,,45734,443,0,37,17
1588617031.254574,173.194.188.105,10.10.0.10,,,443,45734,0,1358,17
1588617031.259792,173.194.188.105,10.10.0.10,,,443,45734,0,1358,17
1588617031.261616,10.10.0.10,173.194.188.105,,,45734,443,0,37,17
1588617031.2650099,173.194.188.105,10.10.0.10,,,443,45734,0,1358,17
1588617031.2702286,173.194.188.105,10.10.0.10,,,443,45734,0,1358,17
1588617031.2731812,10.10.0.10,173.194.188.105,,,45734,443,0,50,17
1588617031.275449,173.194.188.105,10.10.0.10,,,443,45734,0,1358,17
1588617031.2806668,173.194.188.105,10.10.0.10,,,443,45734,0,1358,17
1588617031.2858589,173.194.188.105,10.10.0.10,,,443,45734,0,1358,17
1588617031.2911026,173.194.188.105,10.10.0.10,,,443,45734,0,1358,17
1588617031.2915092,10.10.0.10,173.194.188.105,,,45734,443,0,37,17
1588617031.2929478,10.10.0.10,173.194.188.105,,,45734,443,0,37,17
1588617031.2962801,173.194.188.105,10.10.0.10,,,443,45734,0,1358,17
1588617031.301539,173.194.188.105,10.10.0.10,,,443,45734,0,29,17
1588617031.301717,173.194.188.105,10.10.0.10,,,443,45734,0,1358,17
1588617031.303386,10.10.0.10,173.194.188.105,,,45734,443,0,37,17
1588617031.306995,173.194.188.105,10.10.0.10,,,443,45734,0,1358,17
1588617031.312187,173.194.188.105,10.10.0.10,,,443,45734,0,1358,17
1588617031.315089,10.10.0.10,173.194.188.105,,,45734,443,0,37,17
1588617031.31739,173.194.188.105,10.10.0.10,,,443,45734,0,1358,17
1588617031.322649,173.194.188.105,10.10.0.10,,,443,45734,0,1358,17
1588617031.3242748,10.10.0.10,173.194.188.105,,,45734,443,0,37,17
1588617031.327827,173.194.188.105,10.10.0.10,,,443,45734,0,1358,17
1588617031.3330438,173.194.188.105,10.10.0.10,,,443,45734,0,1358,17
1588617031.3346908,10.10.0.10,173.194.188.105,,,45734,443,0,37,17
1588617031.338305,173.194.188.105,10.10.0.10,,,443,45734,0,1358,17
1588617031.3435216,173.194.188.105,10.10.0.10,,,443,45734,0,1358,17
1588617031.3454616,10.10.0.10,173.194.188.105,,,45734,443,0,37,17
1588617031.3487446,173.194.188.105,10.10.0.10,,,443,45734,0,1358,17
1588617031.353964,173.194.188.105,10.10.0.10,,,443,45734,0,1358,17
1588617031.356964,10.10.0.10,173.194.188.105,,,45734,443,0,37,17
1588617031.359153,173.194.188.105,10.10.0.10,,,443,45734,0,1358,17
1588617031.3643546,173.194.188.105,10.10.0.10,,,443,45734,0,1358,17
1588617031.366282,10.10.0.10,173.194.188.105,,,45734,443,0,37,17
1588617031.3696141,173.194.188.105,10.10.0.10,,,443,45734,0,1358,17
1588617031.374832,173.194.188.105,10.10.0.10,,,443,45734,0,1358,17
1588617031.3768039,10.10.0.10,173.194.188.105,,,45734,443,0,37,17
1588617031.380025,173.194.188.105,10.10.0.10,,,443,45734,0,1358,17
1588617031.385205,173.194.188.105,10.10.0.10,,,443,45734,0,1358,17
1588617031.387221,10.10.0.10,173.194.188.105,,,45734,443,0,37,17
1588617031.3904881,173.194.188.105,10.10.0.10,,,443,45734,0,1358,17
1588617031.3956618,173.194.188.105,10.10.0.10,,,443,45734,0,1358,17
1588617031.3972838,10.10.0.10,173.194.188.105,,,45734,443,0,37,17
1588617031.4009259,173.194.188.105,10.10.0.10,,,443,45734,0,1358,17
1588617031.4061446,173.194.188.105,10.10.0.10,,,443,45734,0,1358,17
1588617031.407927,10.10.0.10,173.194.188.105,,,45734,443,0,37,17
1588617031.411331,173.194.188.105,10.10.0.10,,,443,45734,0,1358,17
1588617031.416584,173.194.188.105,10.10.0.10,,,443,45734,0,1358,17
1588617031.41824,10.10.0.10,173.194.188.105,,,45734,443,0,37,17
1588617031.421798,173.194.188.105,10.10.0.10,,,443,45734,0,1358,17
1588617031.4270198,173.194.188.105,10.10.0.10,,,443,45734,0,1358,17
1588617031.428966,10.10.0.10,173.194.188.105,,,45734,443,0,37,17
1588617031.432239,173.194.188.105,10.10.0.10,,,443,45734,0,1358,17
1588617031.437454,173.194.188.105,10.10.0.10,,,443,45734,0,1358,17
1588617031.439114,10.10.0.10,173.194.188.105,,,45734,443,0,37,17
1588617031.442677,173.194.188.105,10.10.0.10,,,443,45734,0,1358,17
1588617031.4478898,173.194.188.105,10.10.0.10,,,443,45734,0,1358,17
1588617031.449699,10.10.0.10,173.194.188.105,,,45734,443,0,37,17
1588617031.45311,173.194.188.105,10.10.0.10,,,443,45734,0,1358,17
1588617031.458328,173.194.188.105,10.10.0.10,,,443,45734,0,1358,17
1588617031.460032,10.10.0.10,173.194.188.105,,,45734,443,0,37,17
1588617031.4635491,173.194.188.105,10.10.0.10,,,443,45734,0,1358,17
1588617031.4687119,173.194.188.105,10.10.0.10,,,443,45734,0,1358,17
1588617031.470271,10.10.0.10,173.194.188.105,,,45734,443,0,37,17
1588617031.4739802,173.194.188.105,10.10.0.10,,,443,45734,0,1358,17
1588617031.479168,173.194.188.105,10.10.0.10,,,443,45734,0,1358,17
1588617031.4821155,10.10.0.10,173.194.188.105,,,45734,443,0,50,17
1588617031.4843962,173.194.188.105,10.10.0.10,,,443,45734,0,1358,17
1588617031.489636,173.194.188.105,10.10.0.10,,,443,45734,0,1358,17
1588617031.4928439,10.10.0.10,173.194.188.105,,,45734,443,0,37,17
1588617031.494854,173.194.188.105,10.10.0.10,,,443,45734,0,1358,17
1588617031.500078,173.194.188.105,10.10.0.10,,,443,45734,0,1358,17
1588617031.501895,10.10.0.10,173.194.188.105,,,45734,443,0,37,17
1588617031.505263,173.194.188.105,10.10.0.10,,,443,45734,0,1358,17
1588617031.510515,173.194.188.105,10.10.0.10,,,443,45734,0,1358,17
1588617031.512034,10.10.0.10,173.194.188.105,,,45734,443,0,37,17
1588617031.5157318,173.194.188.105,10.10.0.10,,,443,45734,0,1358,17
1588617031.520948,173.194.188.105,10.10.0.10,,,443,45734,0,1358,17
1588617031.5230908,10.10.0.10,173.194.188.105,,,45734,443,0,37,17
1588617031.526162,173.194.188.105,10.10.0.10,,,443,45734,0,1358,17
1588617031.531385,173.194.188.105,10.10.0.10,,,443,45734,0,1358,17
1588617031.5347831,10.10.0.10,173.194.188.105,,,45734,443,0,37,17
1588617031.536603,173.194.188.105,10.10.0.10,,,443,45734,0,1358,17
1588617031.541825,173.194.188.105,10.10.0.10,,,443,45734,0,1358,17
1588617031.543362,10.10.0.10,173.194.188.105,,,45734,443,0,37,17
1588617031.54704,173.194.188.105,10.10.0.10,,,443,45734,0,1358,17
1588617031.5522668,173.194.188.105,10.10.0.10,,,443,45734,0,1358,17
1588617031.554051,10.10.0.10,173.194.188.105,,,45734,443,0,37,17
1588617031.5574758,173.194.188.105,10.10.0.10,,,443,45734,0,1358,17
1588617031.562632,173.194.188.105,10.10.0.10,,,443,45734,0,1358,17
1588617031.5644052,10.10.0.10,173.194.188.105,,,45734,443,0,37,17
1588617031.5679119,173.194.188.105,10.10.0.10,,,443,45734,0,1358,17
1588617031.573098,173.194.188.105,10.10.0.10,,,443,45734,0,1358,17
1588617031.578178,10.10.0.10,173.194.188.105,,,45734,443,0,37,17
1588617031.5783322,173.194.188.105,10.10.0.10,,,443,45734,0,1358,17
1588617031.583519,173.194.188.105,10.10.0.10,,,443,45734,0,1358,17
1588617031.585208,10.10.0.10,173.194.188.105,,,45734,443,0,37,17
1588617031.5887241,173.194.188.105,10.10.0.10,,,443,45734,0,1358,17
1588617031.5939894,173.194.188.105,10.10.0.10,,,443,45734,0,1358,17
1588617031.596,10.10.0.10,173.194.188.105,,,45734,443,0,37,17
1588617031.5991821,173.194.188.105,10.10.0.10,,,443,45734,0,1358,17
1588617031.604368,173.194.188.105,10.10.0.10,,,443,45734,0,1358,17
1588617031.6057706,10.10.0.10,173.194.188.105,,,45734,443,0,37,17
1588617031.6096199,173.194.188.105,10.10.0.10,,,443,45734,0,1358,17
1588617031.614866,173.194.188.105,10.10.0.10,,,443,45734,0,1358,17
1588617031.616459,10.10.0.10,173.194.188.105,,,45734,443,0,37,17
1588617031.620085,173.194.188.105,10.10.0.10,,,443,45734,0,1358,17
1588617031.625244,173.194.188.105,10.10.0.10,,,443,45734,0,1358,17
1588617031.626877,10.10.0.10,173.194.188.105,,,45734,443,0,37,17
1588617031.6305199,173.194.188.105,10.10.0.10,,,443,45734,0,1358,17
1588617031.6356812,173.194.188.105,10.10.0.10,,,443,45734,0,1358,17
1588617031.6371572,10.10.0.10,173.194.188.105,,,45734,443,0,37,17
1588617031.640913,173.194.188.105,10.10.0.10,,,443,45734,0,1358,17
1588617031.6461804,173.194.188.105,10.10.0.10,,,443,45734,0,1358,17
1588617031.6477349,10.10.0.10,173.194.188.105,,,45734,443,0,37,17
1588617031.6513972,173.194.188.105,10.10.0.10,,,443,45734,0,1358,17
1588617031.656616,173.194.188.105,10.10.0.10,,,443,45734,0,1358,17
1588617031.6585252,10.10.0.10,173.194.188.105,,,45734,443,0,37,17
1588617031.6618452,173.194.188.105,10.10.0.10,,,443,45734,0,1358,17
1588617031.667005,173.194.188.105,10.10.0.10,,,443,45734,0,1358,17
1588617031.6686919,10.10.0.10,173.194.188.105,,,45734,443,0,37,17
1588617031.6722329,173.194.188.105,10.10.0.10,,,443,45734,0,1358,17
1588617031.6774259,173.194.188.105,10.10.0.10,,,443,45734,0,1358,17
1588617031.682702,173.194.188.105,10.10.0.10,,,443,45734,0,1358,17
1588617031.687921,173.194.188.105,10.10.0.10,,,443,45734,0,1358,17
1588617031.6931384,173.194.188.105,10.10.0.10,,,443,45734,0,1358,17
1588617031.698359,173.194.188.105,10.10.0.10,,,443,45734,0,1358,17
1588617031.7035198,173.194.188.105,10.10.0.10,,,443,45734,0,1358,17
1588617031.705832,10.10.0.10,173.194.188.105,,,45734,443,0,37,17
1588617031.7079036,10.10.0.10,173.194.188.105,,,45734,443,0,50,17
1588617031.7087688,173.194.188.105,10.10.0.10,,,443,45734,0,1358,17
1588617031.7103162,10.10.0.10,173.194.188.105,,,45734,443,0,37,17
1588617031.7111108,10.10.0.10,173.194.188.105,,,45734,443,0,37,17
1588617031.713959,173.194.188.105,10.10.0.10,,,443,45734,0,1358,17
1588617031.7192366,173.194.188.105,10.10.0.10,,,443,45734,0,29,17
1588617031.7194376,173.194.188.105,10.10.0.10,,,443,45734,0,1358,17
1588617031.7211099,10.10.0.10,173.194.188.105,,,45734,443,0,37,17
1588617031.724693,173.194.188.105,10.10.0.10,,,443,45734,0,1358,17
1588617031.7298696,173.194.188.105,10.10.0.10,,,443,45734,0,1358,17
1588617031.7313795,10.10.0.10,173.194.188.105,,,45734,443,0,37,17
1588617031.7351284,173.194.188.105,10.10.0.10,,,443,45734,0,1358,17
1588617031.7403471,173.194.188.105,10.10.0.10,,,443,45734,0,1358,17
1588617031.742195,10.10.0.10,173.194.188.105,,,45734,443,0,37,17
1588617031.7455628,173.194.188.105,10.10.0.10,,,443,45734,0,1358,17
1588617031.7507849,173.194.188.105,10.10.0.10,,,443,45734,0,1358,17
1588617031.7523491,10.10.0.10,173.194.188.105,,,45734,443,0,37,17
1588617031.7560039,173.194.188.105,10.10.0.10,,,443,45734,0,1358,17
1588617031.761224,173.194.188.105,10.10.0.10,,,443,45734,0,1358,17
1588617031.762717,10.10.0.10,173.194.188.105,,,45734,443,0,37,17
1588617031.766438,173.194.188.105,10.10.0.10,,,443,45734,0,1358,17
1588617031.771657,173.194.188.105,10.10.0.10,,,443,45734,0,1358,17
1588617031.773217,10.10.0.10,173.194.188.105,,,45734,443,0,37,17
1588617031.7768776,173.194.188.105,10.10.0.10,,,443,45734,0,1358,17
1588617031.7820995,173.194.188.105,10.10.0.10,,,443,45734,0,1358,17
1588617031.783618,10.10.0.10,173.194.188.105,,,45734,443,0,37,17
1588617031.7873158,173.194.188.105,10.10.0.10,,,443,45734,0,1358,17
1588617031.792537,173.194.188.105,10.10.0.10,,,443,45734,0,1358,17
1588617031.795419,10.10.0.10,173.194.188.105,,,45734,443,0,37,17
1588617031.797752,173.194.188.105,10.10.0.10,,,443,45734,0,1358,17
1588617031.80297,173.194.188.105,10.10.0.10,,,443,45734,0,1358,17
1588617031.8081892,173.194.188.105,10.10.0.10,,,443,45734,0,1358,17
1588617031.8134089,173.194.188.105,10.10.0.10,,,443,45734,0,1358,17
1588617031.8186278,173.194.188.105,10.10.0.10,,,443,45734,0,1358,17
1588617031.823846,173.194.188.105,10.10.0.10,,,443,45734,0,1358,17
1588617031.8290641,173.194.188.105,10.10.0.10,,,443,45734,0,1358,17
1588617031.8342829,173.194.188.105,10.10.0.10,,,443,45734,0,1358,17
1588617031.8395019,173.194.188.105,10.10.0.10,,,443,45734,0,1358,17
1588617031.844664,173.194.188.105,10.10.0.10,,,443,45734,0,1358,17
1588617031.8499398,173.194.188.105,10.10.0.10,,,443,45734,0,1358,17
1588617031.85516,173.194.188.105,10.10.0.10,,,443,45734,0,1358,17
1588617031.883125,10.10.0.10,173.194.188.105,,,45734,443,0,37,17
1588617031.883306,173.194.188.105,10.10.0.10,,,443,45734,0,1358,17
1588617031.8846948,10.10.0.10,173.194.188.105,,,45734,443,0,37,17
1588617031.885276,10.10.0.10,173.194.188.105,,,45734,443,0,37,17
1588617031.887198,10.10.0.10,173.194.188.105,,,45734,443,0,37,17
1588617031.887566,173.194.188.105,10.10.0.10,,,443,45734,0,1358,17
1588617031.8897119,173.194.188.105,10.10.0.10,,,443,45734,0,1358,17
1588617031.8904884,10.10.0.10,173.194.188.105,,,45734,443,0,37,17
1588617031.8911119,10.10.0.10,173.194.188.105,,,45734,443,0,37,17
1588617031.8917544,10.10.0.10,173.194.188.105,,,45734,443,0,37,17
1588617031.893036,173.194.188.105,10.10.0.10,,,443,45734,0,1358,17
1588617031.894641,10.10.0.10,173.194.188.105,,,45734,443,0,37,17
1588617031.8987026,173.194.188.105,10.10.0.10,,,443,45734,0,1358,17
1588617031.9034748,173.194.188.105,10.10.0.10,,,443,45734,0,1358,17
1588617031.9052286,10.10.0.10,173.194.188.105,,,45734,443,0,37,17
1588617031.908632,173.194.188.105,10.10.0.10,,,443,45734,0,1358,17
1588617031.9139102,173.194.188.105,10.10.0.10,,,443,45734,0,1358,17
1588617031.919134,173.194.188.105,10.10.0.10,,,443,45734,0,1358,17
1588617031.924351,173.194.188.105,10.10.0.10,,,443,45734,0,1358,17
1588617031.929567,173.194.188.105,10.10.0.10,,,443,45734,0,1358,17
1588617031.9347858,173.194.188.105,10.10.0.10,,,443,45734,0,1358,17
1588617031.9399712,173.194.188.105,10.10.0.10,,,443,45734,0,1358,17
1588617031.9452,173.194.188.105,10.10.0.10,,,443,45734,0,1358,17
1588617031.950416,173.194.188.105,10.10.0.10,,,443,45734,0,1358,17
1588617031.955662,173.194.188.105,10.10.0.10,,,443,45734,0,1358,17
1588617031.9608762,173.194.188.105,10.10.0.10,,,443,45734,0,1358,17
1588617031.9660964,173.194.188.105,10.10.0.10,,,443,45734,0,1358,17
1588617031.9712632,173.194.188.105,10.10.0.10,,,443,45734,0,1358,17
1588617031.9764748,173.194.188.105,10.10.0.10,,,443,45734,0,1358,17
1588617031.981695,173.194.188.105,10.10.0.10,,,443,45734,0,1358,17
1588617031.9869132,173.194.188.105,10.10.0.10,,,443,45734,0,1358,17
1588617031.9921956,173.194.188.105,10.10.0.10,,,443,45734,0,1358,17
1588617031.997415,173.194.188.105,10.10.0.10,,,443,45734,0,1358,17
1588617032.00263,173.194.188.105,10.10.0.10,,,443,45734,0,1358,17
1588617032.0048866,10.10.0.10,173.194.188.105,,,45734,443,0,50,17
1588617032.006597,10.10.0.10,173.194.188.105,,,45734,443,0,37,17
1588617032.006651,10.10.0.10,173.194.188.105,,,45734,443,0,37,17
1588617032.009183,173.194.188.105,10.10.0.10,,,443,45734,0,1358,17
1588617032.0093641,10.10.0.10,173.194.188.105,,,45734,443,0,37,17
1588617032.011502,10.10.0.10,173.194.188.105,,,45734,443,0,37,17
1588617032.0115552,10.10.0.10,173.194.188.105,,,45734,443,0,37,17
1588617032.012153,10.10.0.10,173.194.188.105,,,45734,443,0,37,17
1588617032.012206,10.10.0.10,173.194.188.105,,,45734,443,0,37,17
1588617032.0128381,10.10.0.10,173.194.188.105,,,45734,443,0,37,17
1588617032.013015,173.194.188.105,10.10.0.10,,,443,45734,0,1358,17
1588617032.0140588,10.10.0.10,173.194.188.105,,,45734,443,0,37,17
1588617032.018728,173.194.188.105,10.10.0.10,,,443,45734,0,1358,17
1588617032.020344,10.10.0.10,173.194.188.105,,,45734,443,0,37,17
1588617032.0235069,173.194.188.105,10.10.0.10,,,443,45734,0,1358,17
1588617032.030216,173.194.188.105,10.10.0.10,,,443,45734,0,1358,17
1588617032.0339448,173.194.188.105,10.10.0.10,,,443,45734,0,1358,17
1588617032.039162,173.194.188.105,10.10.0.10,,,443,45734,0,1358,17
1588617032.0443811,173.194.188.105,10.10.0.10,,,443,45734,0,1358,17
1588617032.049603,173.194.188.105,10.10.0.10,,,443,45734,0,1358,17
1588617032.054816,173.194.188.105,10.10.0.10,,,443,45734,0,1358,17
1588617032.06004,173.194.188.105,10.10.0.10,,,443,45734,0,1358,17
1588617032.065217,173.194.188.105,10.10.0.10,,,443,45734,0,1358,17
1588617032.070477,173.194.188.105,10.10.0.10,,,443,45734,0,1358,17
1588617032.075691,173.194.188.105,10.10.0.10,,,443,45734,0,1358,17
1588617032.080908,173.194.188.105,10.10.0.10,,,443,45734,0,1358,17
1588617032.086097,173.194.188.105,10.10.0.10,,,443,45734,0,1358,17
1588617032.0913546,173.194.188.105,10.10.0.10,,,443,45734,0,1358,17
1588617032.0965679,173.194.188.105,10.10.0.10,,,443,45734,0,1358,17
1588617032.101783,173.194.188.105,10.10.0.10,,,443,45734,0,1358,17
1588617032.107001,173.194.188.105,10.10.0.10,,,443,45734,0,1358,17
1588617032.1122231,173.194.188.105,10.10.0.10,,,443,45734,0,1358,17
1588617032.1174376,173.194.188.105,10.10.0.10,,,443,45734,0,1358,17
1588617032.121408,10.10.0.10,173.194.188.105,,,45734,443,0,37,17
1588617032.122657,173.194.188.105,10.10.0.10,,,443,45734,0,1358,17
1588617032.1253624,10.10.0.10,173.194.188.105,,,45734,443,0,37,17
1588617032.127223,10.10.0.10,173.194.188.105,,,45734,443,0,37,17
1588617032.127381,10.10.0.10,173.194.188.105,,,45734,443,0,37,17
1588617032.1275759,10.10.0.10,173.194.188.105,,,45734,443,0,37,17
1588617032.1278362,173.194.188.105,10.10.0.10,,,443,45734,0,1358,17
1588617032.129518,10.10.0.10,173.194.188.105,,,45734,443,0,37,17
1588617032.130808,10.10.0.10,173.194.188.105,,,45734,443,0,37,17
1588617032.130862,10.10.0.10,173.194.188.105,,,45734,443,0,37,17
1588617032.132767,10.10.0.10,173.194.188.105,,,45734,443,0,37,17
1588617032.133021,173.194.188.105,10.10.0.10,,,443,45734,0,1358,17
1588617032.133774,10.10.0.10,173.194.188.105,,,45734,443,0,50,17
1588617032.1343582,10.10.0.10,173.194.188.105,,,45734,443,0,37,17
1588617032.1383119,173.194.188.105,10.10.0.10,,,443,45734,0,1358,17
1588617032.141161,10.10.0.10,173.194.188.105,,,45734,443,0,37,17
1588617032.143529,173.194.188.105,10.10.0.10,,,443,45734,0,1358,17
1588617032.148751,173.194.188.105,10.10.0.10,,,443,45734,0,1358,17
1588617032.153969,173.194.188.105,10.10.0.10,,,443,45734,0,1358,17
1588617032.1591878,173.194.188.105,10.10.0.10,,,443,45734,0,1358,17
1588617032.164406,173.194.188.105,10.10.0.10,,,443,45734,0,29,17
1588617032.1645582,173.194.188.105,10.10.0.10,,,443,45734,0,1358,17
1588617032.1698608,173.194.188.105,10.10.0.10,,,443,45734,0,1358,17
1588617032.1750364,173.194.188.105,10.10.0.10,,,443,45734,0,1358,17
1588617032.180294,173.194.188.105,10.10.0.10,,,443,45734,0,1358,17
1588617032.185515,173.194.188.105,10.10.0.10,,,443,45734,0,1358,17
1588617032.1907332,173.194.188.105,10.10.0.10,,,443,45734,0,1358,17
1588617032.195953,173.194.188.105,10.10.0.10,,,443,45734,0,1358,17
1588617032.20114,173.194.188.105,10.10.0.10,,,443,45734,0,1358,17
1588617032.2064035,173.194.188.105,10.10.0.10,,,443,45734,0,1358,17
1588617032.211608,173.194.188.105,10.10.0.10,,,443,45734,0,1358,17
1588617032.2168279,173.194.188.105,10.10.0.10,,,443,45734,0,1358,17
1588617032.2220454,173.194.188.105,10.10.0.10,,,443,45734,0,1358,17
1588617032.227263,173.194.188.105,10.10.0.10,,,443,45734,0,1358,17
1588617032.232439,173.194.188.105,10.10.0.10,,,443,45734,0,1358,17
1588617032.2376962,173.194.188.105,10.10.0.10,,,443,45734,0,1358,17
1588617032.241816,10.10.0.10,173.194.188.105,,,45734,443,0,37,17
1588617032.2429152,173.194.188.105,10.10.0.10,,,443,45734,0,1358,17
1588617032.24505,10.10.0.10,173.194.188.105,,,45734,443,0,37,17
1588617032.2466269,10.10.0.10,173.194.188.105,,,45734,443,0,37,17
1588617032.2476,10.10.0.10,173.194.188.105,,,45734,443,0,37,17
1588617032.248111,173.194.188.105,10.10.0.10,,,443,45734,0,1358,17
1588617032.2487671,10.10.0.10,173.194.188.105,,,45734,443,0,37,17
1588617032.2503223,10.10.0.10,173.194.188.105,,,45734,443,0,37,17
1588617032.251159,10.10.0.10,173.194.188.105,,,45734,443,0,37,17
1588617032.2530231,10.10.0.10,173.194.188.105,,,45734,443,0,37,17
1588617032.25329,173.194.188.105,10.10.0.10,,,443,45734,0,1358,17
1588617032.2536108,10.10.0.10,173.194.188.105,,,45734,443,0,37,17
1588617032.2546682,10.10.0.10,173.194.188.105,,,45734,443,0,37,17
1588617032.2554526,10.10.0.10,173.194.188.105,,,45734,443,0,37,17
1588617032.258573,173.194.188.105,10.10.0.10,,,443,45734,0,1358,17
1588617032.260622,10.10.0.10,173.194.188.105,,,45734,443,0,37,17
1588617032.2637882,173.194.188.105,10.10.0.10,,,443,45734,0,1358,17
1588617032.2690108,173.194.188.105,10.10.0.10,,,443,45734,0,1358,17
1588617032.2742288,173.194.188.105,10.10.0.10,,,443,45734,0,1358,17
1588617032.279447,173.194.188.105,10.10.0.10,,,443,45734,0,1358,17
1588617032.284661,173.194.188.105,10.10.0.10,,,443,45734,0,1358,17
1588617032.289883,173.194.188.105,10.10.0.10,,,443,45734,0,1358,17
1588617032.2950974,173.194.188.105,10.10.0.10,,,443,45734,0,1358,17
1588617032.300317,173.194.188.105,10.10.0.10,,,443,45734,0,1358,17
1588617032.3055394,173.194.188.105,10.10.0.10,,,443,45734,0,1358,17
1588617032.3107526,173.194.188.105,10.10.0.10,,,443,45734,0,1358,17
1588617032.315976,173.194.188.105,10.10.0.10,,,443,45734,0,1358,17
1588617032.321194,173.194.188.105,10.10.0.10,,,443,45734,0,1358,17
1588617032.3264089,173.194.188.105,10.10.0.10,,,443,45734,0,1358,17
1588617032.3316288,173.194.188.105,10.10.0.10,,,443,45734,0,1358,17
1588617032.336849,173.194.188.105,10.10.0.10,,,443,45734,0,1358,17
1588617032.342046,173.194.188.105,10.10.0.10,,,443,45734,0,1358,17
1588617032.347286,173.194.188.105,10.10.0.10,,,443,45734,0,1358,17
1588617032.3524988,173.194.188.105,10.10.0.10,,,443,45734,0,1358,17
1588617032.3577082,173.194.188.105,10.10.0.10,,,443,45734,0,1358,17
1588617032.3629308,173.194.188.105,10.10.0.10,,,443,45734,0,1358,17
1588617032.3631165,10.10.0.10,173.194.188.105,,,45734,443,0,37,17
1588617032.365032,10.10.0.10,173.194.188.105,,,45734,443,0,37,17
1588617032.3661606,10.10.0.10,173.194.188.105,,,45734,443,0,37,17
1588617032.3671572,10.10.0.10,173.194.188.105,,,45734,443,0,37,17
1588617032.368117,173.194.188.105,10.10.0.10,,,443,45734,0,1358,17
1588617032.368536,10.10.0.10,173.194.188.105,,,45734,443,0,37,17
1588617032.3691401,10.10.0.10,173.194.188.105,,,45734,443,0,50,17
1588617032.370223,10.10.0.10,173.194.188.105,,,45734,443,0,37,17
1588617032.3711238,10.10.0.10,173.194.188.105,,,45734,443,0,37,17
1588617032.3718722,10.10.0.10,173.194.188.105,,,45734,443,0,37,17
1588617032.3733358,173.194.188.105,10.10.0.10,,,443,45734,0,1358,17
1588617032.3772619,10.10.0.10,173.194.188.105,,,45734,443,0,37,17
1588617032.3777616,10.10.0.10,173.194.188.105,,,45734,443,0,37,17
1588617032.37855,173.194.188.105,10.10.0.10,,,443,45734,0,1358,17
1588617032.380599,10.10.0.10,173.194.188.105,,,45734,443,0,37,17
1588617032.383811,173.194.188.105,10.10.0.10,,,443,45734,0,1358,17
1588617032.388991,173.194.188.105,10.10.0.10,,,443,45734,0,1358,17
1588617032.39425,173.194.188.105,10.10.0.10,,,443,45734,0,1358,17
1588617032.3994641,173.194.188.105,10.10.0.10,,,443,45734,0,1358,17
1588617032.4046829,173.194.188.105,10.10.0.10,,,443,45734,0,29,17
1588617032.404839,173.194.188.105,10.10.0.10,,,443,45734,0,1358,17
1588617032.410153,173.194.188.105,10.10.0.10,,,443,45734,0,1358,17
1588617032.415318,173.194.188.105,10.10.0.10,,,443,45734,0,1358,17
1588617032.4205158,173.194.188.105,10.10.0.10,,,443,45734,0,1358,17
1588617032.425759,173.194.188.105,10.10.0.10,,,443,45734,0,1358,17
1588617032.430655,173.194.188.105,10.10.0.10,,,443,45734,0,1358,17
1588617032.4354932,173.194.188.105,10.10.0.10,,,443,45734,0,1358,17
1588617032.440404,173.194.188.105,10.10.0.10,,,443,45734,0,1358,17
1588617032.4452019,173.194.188.105,10.10.0.10,,,443,45734,0,1358,17
1588617032.4501462,173.194.188.105,10.10.0.10,,,443,45734,0,1358,17
1588617032.4549801,173.194.188.105,10.10.0.10,,,443,45734,0,1358,17
1588617032.4598932,173.194.188.105,10.10.0.10,,,443,45734,0,1358,17
1588617032.464725,173.194.188.105,10.10.0.10,,,443,45734,0,1358,17
1588617032.469578,173.194.188.105,10.10.0.10,,,443,45734,0,1358,17
1588617032.47446,173.194.188.105,10.10.0.10,,,443,45734,0,1358,17
1588617032.4793699,173.194.188.105,10.10.0.10,,,443,45734,0,1358,17
1588617032.4823172,10.10.0.10,173.194.188.105,,,45734,443,0,37,17
1588617032.484242,173.194.188.105,10.10.0.10,,,443,45734,0,1358,17
1588617032.4860532,10.10.0.10,173.194.188.105,,,45734,443,0,37,17
1588617032.48664,10.10.0.10,173.194.188.105,,,45734,443,0,37,17
1588617032.4881148,10.10.0.10,173.194.188.105,,,45734,443,0,37,17
1588617032.4890842,173.194.188.105,10.10.0.10,,,443,45734,0,1358,17
1588617032.4902,10.10.0.10,173.194.188.105,,,45734,443,0,37,17
1588617032.4902508,10.10.0.10,173.194.188.105,,,45734,443,0,37,17
1588617032.4916818,10.10.0.10,173.194.188.105,,,45734,443,0,40,17
1588617032.4922776,10.10.0.10,173.194.188.105,,,45734,443,0,37,17
1588617032.493984,173.194.188.105,10.10.0.10,,,443,45734,0,1358,17
1588617032.494478,10.10.0.10,173.194.188.105,,,45734,443,0,37,17
1588617032.495734,10.10.0.10,173.194.188.105,,,45734,443,0,37,17
1588617032.497518,10.10.0.10,173.194.188.105,,,45734,443,0,37,17
1588617032.497851,10.10.0.10,173.194.188.105,,,45734,443,0,37,17
1588617032.498859,173.194.188.105,10.10.0.10,,,443,45734,0,1358,17
1588617032.5005882,10.10.0.10,173.194.188.105,,,45734,443,0,37,17
1588617032.503727,173.194.188.105,10.10.0.10,,,443,45734,0,1358,17
1588617032.5085475,173.194.188.105,10.10.0.10,,,443,45734,0,1358,17
1588617032.5134716,173.194.188.105,10.10.0.10,,,443,45734,0,1358,17
1588617032.5183446,173.194.188.105,10.10.0.10,,,443,45734,0,1358,17
1588617032.5232134,173.194.188.105,10.10.0.10,,,443,45734,0,1358,17
1588617032.5280876,173.194.188.105,10.10.0.10,,,443,45734,0,1358,17
1588617032.5329552,173.194.188.105,10.10.0.10,,,443,45734,0,1358,17
1588617032.537831,173.194.188.105,10.10.0.10,,,443,45734,0,1358,17
1588617032.5426989,173.194.188.105,10.10.0.10,,,443,45734,0,1358,17
1588617032.5475721,173.194.188.105,10.10.0.10,,,443,45734,0,1358,17
1588617032.5524454,173.194.188.105,10.10.0.10,,,443,45734,0,1358,17
1588617032.5573158,173.194.188.105,10.10.0.10,,,443,45734,0,1358,17
1588617032.5621881,173.194.188.105,10.10.0.10,,,443,45734,0,1358,17
1588617032.5670578,173.194.188.105,10.10.0.10,,,443,45734,0,1358,17
1588617032.5719302,173.194.188.105,10.10.0.10,,,443,45734,0,1358,17
1588617032.576801,173.194.188.105,10.10.0.10,,,443,45734,0,1358,17
1588617032.581671,173.194.188.105,10.10.0.10,,,443,45734,0,1358,17
1588617032.586544,173.194.188.105,10.10.0.10,,,443,45734,0,1358,17
1588617032.591353,173.194.188.105,10.10.0.10,,,443,45734,0,1358,17
1588617032.596246,173.194.188.105,10.10.0.10,,,443,45734,0,1358,17
1588617032.601092,173.194.188.105,10.10.0.10,,,443,45734,0,1358,17
1588617032.6022365,10.10.0.10,173.194.188.105,,,45734,443,0,50,17
1588617032.6048536,10.10.0.10,173.194.188.105,,,45734,443,0,37,17
1588617032.605928,10.10.0.10,173.194.188.105,,,45734,443,0,37,17
1588617032.605968,173.194.188.105,10.10.0.10,,,443,45734,0,1358,17
1588617032.6086216,10.10.0.10,173.194.188.105,,,45734,443,0,37,17
1588617032.6086302,10.10.0.10,173.194.188.105,,,45734,443,0,37,17
1588617032.610856,173.194.188.105,10.10.0.10,,,443,45734,0,1358,17
1588617032.611074,10.10.0.10,173.194.188.105,,,45734,443,0,37,17
1588617032.611585,10.10.0.10,173.194.188.105,,,45734,443,0,37,17
1588617032.613514,10.10.0.10,173.194.188.105,,,45734,443,0,37,17
1588617032.614992,10.10.0.10,173.194.188.105,,,45734,443,0,37,17
1588617032.6156962,173.194.188.105,10.10.0.10,,,443,45734,0,1358,17
1588617032.617783,10.10.0.10,173.194.188.105,,,45734,443,0,37,17
1588617032.6192071,10.10.0.10,173.194.188.105,,,45734,443,0,37,17
1588617032.6199222,10.10.0.10,173.194.188.105,,,45734,443,0,37,17
1588617032.620598,173.194.188.105,10.10.0.10,,,443,45734,0,1358,17
1588617032.622133,10.10.0.10,173.194.188.105,,,45734,443,0,37,17
1588617032.6254685,173.194.188.105,10.10.0.10,,,443,45734,0,1358,17
1588617032.630343,173.194.188.105,10.10.0.10,,,443,45734,0,1358,17
1588617032.6351812,173.194.188.105,10.10.0.10,,,443,45734,0,1358,17
1588617032.6401188,173.194.188.105,10.10.0.10,,,443,45734,0,1358,17
1588617032.644991,173.194.188.105,10.10.0.10,,,443,45734,0,1358,17
1588617032.6498141,173.194.188.105,10.10.0.10,,,443,45734,0,1358,17
1588617032.654692,173.194.188.105,10.10.0.10,,,443,45734,0,1358,17
1588617032.659607,173.194.188.105,10.10.0.10,,,443,45734,0,1358,17
1588617032.6644552,173.194.188.105,10.10.0.10,,,443,45734,0,1358,17
1588617032.669352,173.194.188.105,10.10.0.10,,,443,45734,0,1358,17
1588617032.6742249,173.194.188.105,10.10.0.10,,,443,45734,0,1358,17
1588617032.6790428,173.194.188.105,10.10.0.10,,,443,45734,0,1358,17
1588617032.6839,173.194.188.105,10.10.0.10,,,443,45734,0,1358,17
1588617032.688782,173.194.188.105,10.10.0.10,,,443,45734,0,1358,17
1588617032.6937099,173.194.188.105,10.10.0.10,,,443,45734,0,1358,17
1588617032.698519,173.194.188.105,10.10.0.10,,,443,45734,0,1358,17
1588617032.7034428,173.194.188.105,10.10.0.10,,,443,45734,0,1358,17
1588617032.708298,173.194.188.105,10.10.0.10,,,443,45734,0,1358,17
1588617032.7131462,173.194.188.105,10.10.0.10,,,443,45734,0,1358,17
1588617032.717999,173.194.188.105,10.10.0.10,,,443,45734,0,1358,17
1588617032.7228932,173.194.188.105,10.10.0.10,,,443,45734,0,1358,17
1588617032.7238028,10.10.0.10,173.194.188.105,,,45734,443,0,37,17
1588617032.7257216,10.10.0.10,173.194.188.105,,,45734,443,0,37,17
1588617032.727776,173.194.188.105,10.10.0.10,,,443,45734,0,1358,17
1588617032.728392,10.10.0.10,173.194.188.105,,,45734,443,0,37,17
1588617032.732646,173.194.188.105,10.10.0.10,,,443,45734,0,1358,17
1588617032.7350428,10.10.0.10,173.194.188.105,,,45734,443,0,37,17
1588617032.735084,10.10.0.10,173.194.188.105,,,45734,443,0,37,17
1588617032.735413,10.10.0.10,173.194.188.105,,,45734,443,0,37,17
1588617032.735456,10.10.0.10,173.194.188.105,,,45734,443,0,37,17
1588617032.7354732,10.10.0.10,173.194.188.105,,,45734,443,0,50,17
1588617032.735786,10.10.0.10,173.194.188.105,,,45734,443,0,37,17
1588617032.737538,173.194.188.105,10.10.0.10,,,443,45734,0,1358,17
1588617032.738312,10.10.0.10,173.194.188.105,,,45734,443,0,37,17
1588617032.7384784,10.10.0.10,173.194.188.105,,,45734,443,0,37,17
1588617032.7392776,10.10.0.10,173.194.188.105,,,45734,443,0,37,17
1588617032.742397,173.194.188.105,10.10.0.10,,,443,45734,0,1358,17
1588617032.744477,10.10.0.10,173.194.188.105,,,45734,443,0,37,17
1588617032.7472641,173.194.188.105,10.10.0.10,,,443,45734,0,1358,17
1588617032.752169,173.194.188.105,10.10.0.10,,,443,45734,0,1358,17
1588617032.756972,173.194.188.105,10.10.0.10,,,443,45734,0,1358,17
1588617032.761914,173.194.188.105,10.10.0.10,,,443,45734,0,1358,17
1588617032.7667491,173.194.188.105,10.10.0.10,,,443,45734,0,29,17
1588617032.7669628,173.194.188.105,10.10.0.10,,,443,45734,0,1358,17
1588617032.771875,173.194.188.105,10.10.0.10,,,443,45734,0,1358,17
1588617032.7767189,173.194.188.105,10.10.0.10,,,443,45734,0,1358,17
1588617032.7816,173.194.188.105,10.10.0.10,,,443,45734,0,1358,17
1588617032.784022,10.10.0.10,173.194.188.105,,,45734,443,0,37,17
1588617032.7843812,10.10.0.10,173.194.188.105,,,45734,443,0,37,17
1588617032.7863884,10.10.0.10,173.194.188.105,,,45734,443,0,37,17
1588617032.7864456,173.194.188.105,10.10.0.10,,,443,45734,0,1358,17
1588617032.787607,10.10.0.10,173.194.188.105,,,45734,443,0,37,17
1588617032.7913651,173.194.188.105,10.10.0.10,,,443,45734,0,1358,17
1588617032.7933538,10.10.0.10,173.194.188.105,,,45734,443,0,37,17
1588617032.796233,173.194.188.105,10.10.0.10,,,443,45734,0,1358,17
1588617032.8011081,173.194.188.105,10.10.0.10,,,443,45734,0,1358,17
1588617032.802725,10.10.0.10,173.194.188.105,,,45734,443,0,37,17
1588617032.8059108,173.194.188.105,10.10.0.10,,,443,45734,0,1358,17
1588617032.81085,173.194.188.105,10.10.0.10,,,443,45734,0,1358,17
1588617032.8156881,173.194.188.105,10.10.0.10,,,443,45734,0,1358,17
1588617032.8205652,173.194.188.105,10.10.0.10,,,443,45734,0,1358,17
1588617032.8254278,173.194.188.105,10.10.0.10,,,443,45734,0,1358,17
1588617032.829083,10.10.0.10,173.194.188.105,,,45734,443,0,37,17
1588617032.8303304,173.194.188.105,10.10.0.10,,,443,45734,0,1358,17
1588617032.833589,10.10.0.10,173.194.188.105,,,45734,443,0,37,17
1588617032.834001,10.10.0.10,173.194.188.105,,,45734,443,0,37,17
1588617032.8352,173.194.188.105,10.10.0.10,,,443,45734,0,1358,17
1588617032.8400748,173.194.188.105,10.10.0.10,,,443,45734,0,1358,17
1588617032.842056,10.10.0.10,173.194.188.105,,,45734,443,0,37,17
1588617032.8449464,173.194.188.105,10.10.0.10,,,443,45734,0,1358,17
1588617032.849817,173.194.188.105,10.10.0.10,,,443,45734,0,1358,17
1588617032.8519928,10.10.0.10,173.194.188.105,,,45734,443,0,37,17
1588617032.8546894,173.194.188.105,10.10.0.10,,,443,45734,0,1358,17
1588617032.859561,173.194.188.105,10.10.0.10,,,443,45734,0,1358,17
1588617032.861629,10.10.0.10,173.194.188.105,,,45734,443,0,37,17
1588617032.864406,173.194.188.105,10.10.0.10,,,443,45734,0,1358,17
1588617032.8693092,173.194.188.105,10.10.0.10,,,443,45734,0,1358,17
1588617032.870936,10.10.0.10,173.194.188.105,,,45734,443,0,37,17
1588617032.8741412,173.194.188.105,10.10.0.10,,,443,45734,0,1358,17
1588617032.8790462,173.194.188.105,10.10.0.10,,,443,45734,0,1358,17
1588617032.8811884,10.10.0.10,173.194.188.105,,,45734,443,0,37,17
1588617032.8838801,173.194.188.105,10.10.0.10,,,443,45734,0,1358,17
1588617032.888793,173.194.188.105,10.10.0.10,,,443,45734,0,1358,17
1588617032.891246,10.10.0.10,173.194.188.105,,,45734,443,0,50,17
1588617032.893661,173.194.188.105,10.10.0.10,,,443,45734,0,1358,17
1588617032.8985288,173.194.188.105,10.10.0.10,,,443,45734,0,1358,17
1588617032.900169,10.10.0.10,173.194.188.105,,,45734,443,0,37,17
1588617032.9034061,173.194.188.105,10.10.0.10,,,443,45734,0,1358,17
1588617032.9082758,173.194.188.105,10.10.0.10,,,443,45734,0,1358,17
1588617032.9104762,10.10.0.10,173.194.188.105,,,45734,443,0,37,17
1588617032.9131448,173.194.188.105,10.10.0.10,,,443,45734,0,1358,17
1588617032.918009,173.194.188.105,10.10.0.10,,,443,45734,0,1358,17
1588617032.9196858,10.10.0.10,173.194.188.105,,,45734,443,0,37,17
1588617032.922888,173.194.188.105,10.10.0.10,,,443,45734,0,29,17
1588617032.923034,173.194.188.105,10.10.0.10,,,443,45734,0,1358,17
1588617032.9279802,173.194.188.105,10.10.0.10,,,443,45734,0,1358,17
1588617032.929542,10.10.0.10,173.194.188.105,,,45734,443,0,37,17
1588617032.9328554,173.194.188.105,10.10.0.10,,,443,45734,0,1358,17
1588617032.937722,173.194.188.105,10.10.0.10,,,443,45734,0,1358,17
1588617032.93925,10.10.0.10,173.194.188.105,,,45734,443,0,37,17
1588617032.942599,173.194.188.105,10.10.0.10,,,443,45734,0,1358,17
1588617032.947417,173.194.188.105,10.10.0.10,,,443,45734,0,1358,17
1588617032.9489572,10.10.0.10,173.194.188.105,,,45734,443,0,37,17
1588617032.952303,173.194.188.105,10.10.0.10,,,443,45734,0,1358,17
1588617032.957208,173.194.188.105,10.10.0.10,,,443,45734,0,1358,17
1588617032.9620562,173.194.188.105,10.10.0.10,,,443,45734,0,1358,17
1588617032.9669511,173.194.188.105,10.10.0.10,,,443,45734,0,1358,17
1588617032.971803,173.194.188.105,10.10.0.10,,,443,45734,0,1358,17
1588617032.976697,173.194.188.105,10.10.0.10,,,443,45734,0,1358,17
1588617032.9815722,173.194.188.105,10.10.0.10,,,443,45734,0,1358,17
1588617032.984659,10.10.0.10,173.194.188.105,,,45734,443,0,37,17
1588617032.98644,173.194.188.105,10.10.0.10,,,443,45734,0,1358,17
1588617032.988051,10.10.0.10,173.194.188.105,,,45734,443,0,37,17
1588617032.9881024,10.10.0.10,173.194.188.105,,,45734,443,0,37,17
1588617032.989697,10.10.0.10,173.194.188.105,,,45734,443,0,37,17
1588617032.9913151,173.194.188.105,10.10.0.10,,,443,45734,0,1358,17
1588617032.9961276,173.194.188.105,10.10.0.10,,,443,45734,0,1358,17
1588617032.997889,10.10.0.10,173.194.188.105,,,45734,443,0,37,17
1588617033.0010588,173.194.188.105,10.10.0.10,,,443,45734,0,1358,17
1588617033.0058901,173.194.188.105,10.10.0.10,,,443,45734,0,1358,17
1588617033.0075116,10.10.0.10,173.194.188.105,,,45734,443,0,37,17
1588617033.010797,173.194.188.105,10.10.0.10,,,443,45734,0,1358,17
1588617033.0156338,173.194.188.105,10.10.0.10,,,443,45734,0,1358,17
1588617033.0179858,10.10.0.10,173.194.188.105,,,45734,443,0,37,17
1588617033.02052,173.194.188.105,10.10.0.10,,,443,45734,0,1358,17
1588617033.025343,173.194.188.105,10.10.0.10,,,443,45734,0,1358,17
1588617033.0277562,10.10.0.10,173.194.188.105,,,45734,443,0,37,17
1588617033.0302901,173.194.188.105,10.10.0.10,,,443,45734,0,1358,17
1588617033.0350852,173.194.188.105,10.10.0.10,,,443,45734,0,1358,17
1588617033.0366292,10.10.0.10,173.194.188.105,,,45734,443,0,37,17
1588617033.04003,173.194.188.105,10.10.0.10,,,443,45734,0,1358,17
1588617033.0448608,173.194.188.105,10.10.0.10,,,443,45734,0,1358,17
1588617033.048579,10.10.0.10,173.194.188.105,,,45734,443,0,37,17
1588617033.0497725,173.194.188.105,10.10.0.10,,,443,45734,0,1358,17
1588617033.054616,173.194.188.105,10.10.0.10,,,443,45734,0,1358,17
1588617033.056138,10.10.0.10,173.194.188.105,,,45734,443,0,37,17
1588617033.0594828,173.194.188.105,10.10.0.10,,,443,45734,0,1358,17
1588617033.0643866,173.194.188.105,10.10.0.10,,,443,45734,0,1358,17
1588617033.0663419,10.10.0.10,173.194.188.105,,,45734,443,0,37,17
1588617033.069257,173.194.188.105,10.10.0.10,,,443,45734,0,1358,17
1588617033.0741296,173.194.188.105,10.10.0.10,,,443,45734,0,1358,17
1588617033.07576,10.10.0.10,173.194.188.105,,,45734,443,0,37,17
1588617033.079,173.194.188.105,10.10.0.10,,,443,45734,0,1358,17
1588617033.0838716,173.194.188.105,10.10.0.10,,,443,45734,0,1358,17
1588617033.085619,10.10.0.10,173.194.188.105,,,45734,443,0,50,17
1588617033.0887241,173.194.188.105,10.10.0.10,,,443,45734,0,1358,17
1588617033.0936186,173.194.188.105,10.10.0.10,,,443,45734,0,1358,17
1588617033.0953438,10.10.0.10,173.194.188.105,,,45734,443,0,37,17
1588617033.09849,173.194.188.105,10.10.0.10,,,443,45734,0,1358,17
1588617033.103357,173.194.188.105,10.10.0.10,,,443,45734,0,1358,17
1588617033.10503,10.10.0.10,173.194.188.105,,,45734,443,0,37,17
1588617033.1082294,173.194.188.105,10.10.0.10,,,443,45734,0,1358,17
1588617033.113105,173.194.188.105,10.10.0.10,,,443,45734,0,1358,17
1588617033.114759,10.10.0.10,173.194.188.105,,,45734,443,0,37,17
1588617033.117976,173.194.188.105,10.10.0.10,,,443,45734,0,1358,17
1588617033.1228268,173.194.188.105,10.10.0.10,,,443,45734,0,1358,17
1588617033.1277149,173.194.188.105,10.10.0.10,,,443,45734,0,29,17
1588617033.1278539,173.194.188.105,10.10.0.10,,,443,45734,0,1358,17
1588617033.1328108,173.194.188.105,10.10.0.10,,,443,45734,0,1358,17
1588617033.137678,173.194.188.105,10.10.0.10,,,443,45734,0,1358,17
1588617033.1425529,173.194.188.105,10.10.0.10,,,443,45734,0,1358,17
1588617033.147424,173.194.188.105,10.10.0.10,,,443,45734,0,1358,17
1588617033.152296,173.194.188.105,10.10.0.10,,,443,45734,0,1358,17
1588617033.157162,173.194.188.105,10.10.0.10,,,443,45734,0,1358,17
1588617033.162038,173.194.188.105,10.10.0.10,,,443,45734,0,1358,17
1588617033.1669102,173.194.188.105,10.10.0.10,,,443,45734,0,1358,17
1588617033.171781,173.194.188.105,10.10.0.10,,,443,45734,0,1358,17
1588617033.1766536,173.194.188.105,10.10.0.10,,,443,45734,0,1358,17
1588617033.1815212,173.194.188.105,10.10.0.10,,,443,45734,0,1358,17
1588617033.186391,173.194.188.105,10.10.0.10,,,443,45734,0,1358,17
1588617033.1912668,173.194.188.105,10.10.0.10,,,443,45734,0,1358,17
1588617033.1961286,173.194.188.105,10.10.0.10,,,443,45734,0,1358,17
1588617033.201001,173.194.188.105,10.10.0.10,,,443,45734,0,1358,17
1588617033.205872,173.194.188.105,10.10.0.10,,,443,45734,0,1358,17
1588617033.210743,173.194.188.105,10.10.0.10,,,443,45734,0,1358,17
1588617033.2156124,173.194.188.105,10.10.0.10,,,443,45734,0,1358,17
1588617033.2204866,173.194.188.105,10.10.0.10,,,443,45734,0,1358,17
1588617033.225326,173.194.188.105,10.10.0.10,,,443,45734,0,1358,17
1588617033.2302294,173.194.188.105,10.10.0.10,,,443,45734,0,1358,17
1588617033.2350724,173.194.188.105,10.10.0.10,,,443,45734,0,1358,17
1588617033.2399652,173.194.188.105,10.10.0.10,,,443,45734,0,1358,17
1588617033.2761052,173.194.188.105,10.10.0.10,,,443,45734,0,1358,17
1588617033.3045251,10.10.0.10,173.194.188.105,,,45734,443,0,43,17
1588617033.3098438,173.194.188.105,10.10.0.10,,,443,45734,0,29,17
1588617033.33148,10.10.0.10,173.194.188.105,,,45734,443,0,37,17
1588617033.3356779,173.194.188.105,10.10.0.10,,,443,45734,0,1358,17
1588617033.335982,10.10.0.10,173.194.188.105,,,45734,443,0,37,17
1588617033.340895,173.194.188.105,10.10.0.10,,,443,45734,0,1358,17
1588617033.3409548,173.194.188.105,10.10.0.10,,,443,45734,0,1358,17
1588617033.34396,10.10.0.10,173.194.188.105,,,45734,443,0,37,17
1588617033.368417,10.10.0.10,173.194.188.105,,,45734,443,0,37,17
1588617033.373152,173.194.188.105,10.10.0.10,,,443,45734,0,1358,17
1588617033.373214,173.194.188.105,10.10.0.10,,,443,45734,0,1358,17
1588617033.3839226,10.10.0.10,173.194.188.105,,,45734,443,0,37,17
1588617033.3857286,10.10.0.10,173.194.188.105,,,45734,443,0,37,17
1588617033.389081,173.194.188.105,10.10.0.10,,,443,45734,0,1358,17
1588617033.389156,173.194.188.105,10.10.0.10,,,443,45734,0,1358,17
1588617033.3895226,10.10.0.10,173.194.188.105,,,45734,443,0,37,17
1588617033.396409,10.10.0.10,173.194.188.105,,,45734,443,0,37,17
1588617033.3978946,173.194.188.105,10.10.0.10,,,443,45734,0,1358,17
1588617033.398114,173.194.188.105,10.10.0.10,,,443,45734,0,1358,17
1588617033.4106908,173.194.188.105,10.10.0.10,,,443,45734,0,1358,17
1588617033.4107509,173.194.188.105,10.10.0.10,,,443,45734,0,1358,17
1588617033.4206018,173.194.188.105,10.10.0.10,,,443,45734,0,1358,17
1588617033.4206612,173.194.188.105,10.10.0.10,,,443,45734,0,1358,17
1588617033.4214811,10.10.0.10,173.194.188.105,,,45734,443,0,37,17
1588617033.428967,173.194.188.105,10.10.0.10,,,443,45734,0,1358,17
1588617033.429688,173.194.188.105,10.10.0.10,,,443,45734,0,1358,17
1588617033.4374988,10.10.0.10,173.194.188.105,,,45734,443,0,37,17
1588617033.44077,10.10.0.10,173.194.188.105,,,45734,443,0,37,17
1588617033.4416,173.194.188.105,10.10.0.10,,,443,45734,0,1358,17
1588617033.4416552,173.194.188.105,10.10.0.10,,,443,45734,0,1358,17
1588617033.442736,10.10.0.10,173.194.188.105,,,45734,443,0,37,17
1588617033.451296,173.194.188.105,10.10.0.10,,,443,45734,0,1358,17
1588617033.451355,173.194.188.105,10.10.0.10,,,443,45734,0,1358,17
1588617033.4611628,173.194.188.105,10.10.0.10,,,443,45734,0,1358,17
1588617033.461224,173.194.188.105,10.10.0.10,,,443,45734,0,1358,17
1588617033.462733,10.10.0.10,173.194.188.105,,,45734,443,0,37,17
1588617033.470866,173.194.188.105,10.10.0.10,,,443,45734,0,1358,17
1588617033.4709241,173.194.188.105,10.10.0.10,,,443,45734,0,1358,17
1588617033.490132,10.10.0.10,173.194.188.105,,,45734,443,0,37,17
1588617033.4917538,10.10.0.10,173.194.188.105,,,45734,443,0,37,17
1588617033.494074,173.194.188.105,10.10.0.10,,,443,45734,0,1358,17
1588617033.49412,173.194.188.105,10.10.0.10,,,443,45734,0,1358,17
1588617033.501961,10.10.0.10,173.194.188.105,,,45734,443,0,37,17
1588617033.5043714,173.194.188.105,10.10.0.10,,,443,45734,0,1358,17
1588617033.504431,173.194.188.105,10.10.0.10,,,443,45734,0,1358,17
1588617033.5139,173.194.188.105,10.10.0.10,,,443,45734,0,1358,17
1588617033.5139544,173.194.188.105,10.10.0.10,,,443,45734,0,1358,17
1588617033.514656,10.10.0.10,173.194.188.105,,,45734,443,0,37,17
1588617033.517192,10.10.0.10,173.194.188.105,,,45734,443,0,37,17
1588617033.5185158,10.10.0.10,173.194.188.105,,,45734,443,0,37,17
1588617033.521568,10.10.0.10,173.194.188.105,,,45734,443,0,50,17
1588617033.5222278,173.194.188.105,10.10.0.10,,,443,45734,0,1358,17
1588617033.5231411,173.194.188.105,10.10.0.10,,,443,45734,0,1358,17
1588617033.5241132,10.10.0.10,173.194.188.105,,,45734,443,0,37,17
1588617033.526144,10.10.0.10,173.194.188.105,,,45734,443,0,37,17
1588617033.527071,10.10.0.10,173.194.188.105,,,45734,443,0,37,17
1588617033.5280552,173.194.188.105,10.10.0.10,,,443,45734,0,29,17
1588617033.5296788,10.10.0.10,173.194.188.105,,,45734,443,0,37,17
1588617033.5302,173.194.188.105,10.10.0.10,,,443,45734,0,1358,17
1588617033.530693,10.10.0.10,173.194.188.105,,,45734,443,0,37,17
1588617033.532506,10.10.0.10,173.194.188.105,,,45734,443,0,37,17
1588617033.533103,173.194.188.105,10.10.0.10,,,443,45734,0,1358,17
1588617033.535968,10.10.0.10,173.194.188.105,,,45734,443,0,37,17
1588617033.5361981,10.10.0.10,173.194.188.105,,,45734,443,0,37,17
1588617033.5365071,10.10.0.10,173.194.188.105,,,45734,443,0,37,17
1588617033.5367172,10.10.0.10,173.194.188.105,,,45734,443,0,37,17
1588617033.5406141,173.194.188.105,10.10.0.10,,,443,45734,0,1358,17
1588617033.542835,173.194.188.105,10.10.0.10,,,443,45734,0,1358,17
1588617033.5445118,10.10.0.10,173.194.188.105,,,45734,443,0,37,17
1588617033.5477214,173.194.188.105,10.10.0.10,,,443,45734,0,1358,17
1588617033.552635,173.194.188.105,10.10.0.10,,,443,45734,0,1358,17
1588617033.554281,10.10.0.10,173.194.188.105,,,45734,443,0,37,17
1588617033.5575078,173.194.188.105,10.10.0.10,,,443,45734,0,1358,17
1588617033.562352,173.194.188.105,10.10.0.10,,,443,45734,0,1358,17
1588617033.5655491,10.10.0.10,173.194.188.105,,,45734,443,0,37,17
1588617033.5672538,173.194.188.105,10.10.0.10,,,443,45734,0,1358,17
1588617033.572072,173.194.188.105,10.10.0.10,,,443,45734,0,1358,17
1588617033.573573,10.10.0.10,173.194.188.105,,,45734,443,0,37,17
1588617033.5769632,173.194.188.105,10.10.0.10,,,443,45734,0,1358,17
1588617033.581814,173.194.188.105,10.10.0.10,,,443,45734,0,1358,17
1588617033.586734,173.194.188.105,10.10.0.10,,,443,45734,0,1358,17
1588617033.5916052,173.194.188.105,10.10.0.10,,,443,45734,0,1358,17
1588617033.5964518,173.194.188.105,10.10.0.10,,,443,45734,0,1358,17
1588617033.60131,173.194.188.105,10.10.0.10,,,443,45734,0,1358,17
1588617033.60619,173.194.188.105,10.10.0.10,,,443,45734,0,1358,17
1588617033.6110358,173.194.188.105,10.10.0.10,,,443,45734,0,1358,17
1588617033.615944,173.194.188.105,10.10.0.10,,,443,45734,0,1358,17
1588617033.620839,173.194.188.105,10.10.0.10,,,443,45734,0,1358,17
1588617033.625682,173.194.188.105,10.10.0.10,,,443,45734,0,1358,17
1588617033.630585,173.194.188.105,10.10.0.10,,,443,45734,0,1358,17
1588617033.635392,173.194.188.105,10.10.0.10,,,443,45734,0,1358,17
1588617033.640267,173.194.188.105,10.10.0.10,,,443,45734,0,1358,17
1588617033.6451972,173.194.188.105,10.10.0.10,,,443,45734,0,1358,17
1588617033.650065,173.194.188.105,10.10.0.10,,,443,45734,0,1358,17
1588617033.6549351,173.194.188.105,10.10.0.10,,,443,45734,0,1358,17
1588617033.6597722,173.194.188.105,10.10.0.10,,,443,45734,0,1358,17
1588617033.662085,10.10.0.10,173.194.188.105,,,45734,443,0,37,17
1588617033.6629722,10.10.0.10,173.194.188.105,,,45734,443,0,37,17
1588617033.664684,173.194.188.105,10.10.0.10,,,443,45734,0,1358,17
1588617033.665417,10.10.0.10,173.194.188.105,,,45734,443,0,37,17
1588617033.6654522,10.10.0.10,173.194.188.105,,,45734,443,0,37,17
1588617033.6659012,10.10.0.10,173.194.188.105,,,45734,443,0,37,17
1588617033.667383,10.10.0.10,173.194.188.105,,,45734,443,0,50,17
1588617033.668801,10.10.0.10,173.194.188.105,,,45734,443,0,37,17
1588617033.669539,173.194.188.105,10.10.0.10,,,443,45734,0,1358,17
1588617033.6714704,10.10.0.10,173.194.188.105,,,45734,443,0,37,17
1588617033.67184,10.10.0.10,173.194.188.105,,,45734,443,0,37,17
1588617033.671851,10.10.0.10,173.194.188.105,,,45734,443,0,37,17
1588617033.67438,173.194.188.105,10.10.0.10,,,443,45734,0,1358,17
1588617033.67927,173.194.188.105,10.10.0.10,,,443,45734,0,1358,17
1588617033.680703,10.10.0.10,173.194.188.105,,,45734,443,0,37,17
1588617033.6841474,173.194.188.105,10.10.0.10,,,443,45734,0,1358,17
1588617033.6890109,173.194.188.105,10.10.0.10,,,443,45734,0,1358,17
1588617033.6905892,10.10.0.10,173.194.188.105,,,45734,443,0,37,17
1588617033.693916,173.194.188.105,10.10.0.10,,,443,45734,0,1358,17
1588617033.6987555,173.194.188.105,10.10.0.10,,,443,45734,0,1358,17
1588617033.700378,10.10.0.10,173.194.188.105,,,45734,443,0,37,17
1588617033.703667,173.194.188.105,10.10.0.10,,,443,45734,0,1358,17
1588617033.708526,173.194.188.105,10.10.0.10,,,443,45734,0,1358,17
1588617033.7101722,10.10.0.10,173.194.188.105,,,45734,443,0,37,17
1588617033.713401,173.194.188.105,10.10.0.10,,,443,45734,0,1358,17
1588617033.718274,173.194.188.105,10.10.0.10,,,443,45734,0,1358,17
1588617033.719917,10.10.0.10,173.194.188.105,,,45734,443,0,37,17
1588617033.723144,173.194.188.105,10.10.0.10,,,443,45734,0,1358,17
1588617033.7280169,173.194.188.105,10.10.0.10,,,443,45734,0,1358,17
1588617033.7300081,10.10.0.10,173.194.188.105,,,45734,443,0,37,17
1588617033.7328908,173.194.188.105,10.10.0.10,,,443,45734,0,1358,17
1588617033.73776,173.194.188.105,10.10.0.10,,,443,45734,0,1358,17
1588617033.7396998,10.10.0.10,173.194.188.105,,,45734,443,0,37,17
1588617033.7426348,173.194.188.105,10.10.0.10,,,443,45734,0,1358,17
1588617033.7475052,173.194.188.105,10.10.0.10,,,443,45734,0,1358,17
1588617033.74903,10.10.0.10,173.194.188.105,,,45734,443,0,37,17
1588617033.752379,173.194.188.105,10.10.0.10,,,443,45734,0,1358,17
1588617033.757246,173.194.188.105,10.10.0.10,,,443,45734,0,1358,17
1588617033.7588232,10.10.0.10,173.194.188.105,,,45734,443,0,37,17
1588617033.762116,173.194.188.105,10.10.0.10,,,443,45734,0,1358,17
1588617033.7669885,173.194.188.105,10.10.0.10,,,443,45734,0,1358,17
1588617033.7685962,10.10.0.10,173.194.188.105,,,45734,443,0,37,17
1588617033.771856,173.194.188.105,10.10.0.10,,,443,45734,0,1358,17
1588617033.776735,173.194.188.105,10.10.0.10,,,443,45734,0,1358,17
1588617033.780443,10.10.0.10,173.194.188.105,,,45734,443,0,37,17
1588617033.7816026,173.194.188.105,10.10.0.10,,,443,45734,0,1358,17
1588617033.786476,173.194.188.105,10.10.0.10,,,443,45734,0,1358,17
1588617033.7881482,10.10.0.10,173.194.188.105,,,45734,443,0,37,17
1588617033.791345,173.194.188.105,10.10.0.10,,,443,45734,0,1358,17
1588617033.7961948,173.194.188.105,10.10.0.10,,,443,45734,0,1358,17
1588617033.797828,10.10.0.10,173.194.188.105,,,45734,443,0,37,17
1588617033.801092,173.194.188.105,10.10.0.10,,,443,45734,0,1358,17
1588617033.805939,173.194.188.105,10.10.0.10,,,443,45734,0,1358,17
1588617033.80752,10.10.0.10,173.194.188.105,,,45734,443,0,37,17
1588617033.8108358,173.194.188.105,10.10.0.10,,,443,45734,0,1358,17
1588617033.8156724,173.194.188.105,10.10.0.10,,,443,45734,0,1358,17
1588617033.8173912,10.10.0.10,173.194.188.105,,,45734,443,0,37,17
1588617033.8205788,173.194.188.105,10.10.0.10,,,443,45734,0,1358,17
1588617033.8254151,173.194.188.105,10.10.0.10,,,443,45734,0,1358,17
1588617033.827287,10.10.0.10,173.194.188.105,,,45734,443,0,50,17
1588617033.830324,173.194.188.105,10.10.0.10,,,443,45734,0,1358,17
1588617033.835203,173.194.188.105,10.10.0.10,,,443,45734,0,1358,17
1588617033.837352,10.10.0.10,173.194.188.105,,,45734,443,0,37,17
1588617033.8400679,173.194.188.105,10.10.0.10,,,443,45734,0,1358,17
1588617033.844939,173.194.188.105,10.10.0.10,,,443,45734,0,1358,17
1588617033.848206,10.10.0.10,173.194.188.105,,,45734,443,0,37,17
1588617033.8497741,173.194.188.105,10.10.0.10,,,443,45734,0,1358,17
1588617033.854682,173.194.188.105,10.10.0.10,,,443,45734,0,1358,17
1588617033.856313,10.10.0.10,173.194.188.105,,,45734,443,0,37,17
1588617033.8595526,173.194.188.105,10.10.0.10,,,443,45734,0,1358,17
1588617033.864424,173.194.188.105,10.10.0.10,,,443,45734,0,1358,17
1588617033.866208,10.10.0.10,173.194.188.105,,,45734,443,0,37,17
1588617033.8692956,173.194.188.105,10.10.0.10,,,443,45734,0,1358,17
1588617033.874168,173.194.188.105,10.10.0.10,,,443,45734,0,1358,17
1588617033.875721,10.10.0.10,173.194.188.105,,,45734,443,0,37,17
1588617033.8790019,173.194.188.105,10.10.0.10,,,443,45734,0,1358,17
1588617033.883843,173.194.188.105,10.10.0.10,,,443,45734,0,1358,17
1588617033.88569,10.10.0.10,173.194.188.105,,,45734,443,0,37,17
1588617033.888746,173.194.188.105,10.10.0.10,,,443,45734,0,1358,17
1588617033.8936536,173.194.188.105,10.10.0.10,,,443,45734,0,1358,17
1588617033.896501,10.10.0.10,173.194.188.105,,,45734,443,0,37,17
1588617033.898533,173.194.188.105,10.10.0.10,,,443,45734,0,1358,17
1588617033.903395,173.194.188.105,10.10.0.10,,,443,45734,0,1358,17
1588617033.90523,10.10.0.10,173.194.188.105,,,45734,443,0,37,17
1588617033.9082668,173.194.188.105,10.10.0.10,,,443,45734,0,1358,17
1588617033.9131398,173.194.188.105,10.10.0.10,,,443,45734,0,1358,17
1588617033.9155312,10.10.0.10,173.194.188.105,,,45734,443,0,37,17
1588617033.91801,173.194.188.105,10.10.0.10,,,443,45734,0,1358,17
1588617033.922886,173.194.188.105,10.10.0.10,,,443,45734,0,1358,17
1588617033.924835,10.10.0.10,173.194.188.105,,,45734,443,0,37,17
1588617033.927757,173.194.188.105,10.10.0.10,,,443,45734,0,1358,17
1588617033.932628,173.194.188.105,10.10.0.10,,,443,45734,0,1358,17
1588617033.934439,10.10.0.10,173.194.188.105,,,45734,443,0,37,17
1588617033.937495,173.194.188.105,10.10.0.10,,,443,45734,0,1358,17
1588617033.942367,173.194.188.105,10.10.0.10,,,443,45734,0,1358,17
1588617033.944625,10.10.0.10,173.194.188.105,,,45734,443,0,37,17
1588617033.947242,173.194.188.105,10.10.0.10,,,443,45734,0,1358,17
1588617033.952112,173.194.188.105,10.10.0.10,,,443,45734,0,1358,17
1588617033.9537456,10.10.0.10,173.194.188.105,,,45734,443,0,37,17
1588617033.956985,173.194.188.105,10.10.0.10,,,443,45734,0,1358,17
1588617033.961858,173.194.188.105,10.10.0.10,,,443,45734,0,1358,17
1588617033.9634788,10.10.0.10,173.194.188.105,,,45734,443,0,37,17
1588617033.966724,173.194.188.105,10.10.0.10,,,443,45734,0,1358,17
1588617033.971526,173.194.188.105,10.10.0.10,,,443,45734,0,1358,17
1588617033.9731972,10.10.0.10,173.194.188.105,,,45734,443,0,37,17
1588617033.976433,173.194.188.105,10.10.0.10,,,443,45734,0,1358,17
1588617033.9813054,173.194.188.105,10.10.0.10,,,443,45734,0,1358,17
1588617033.9829464,10.10.0.10,173.194.188.105,,,45734,443,0,37,17
1588617033.986177,173.194.188.105,10.10.0.10,,,443,45734,0,1358,17
1588617033.9910474,173.194.188.105,10.10.0.10,,,443,45734,0,1358,17
1588617033.99256,10.10.0.10,173.194.188.105,,,45734,443,0,37,17
1588617033.9959278,173.194.188.105,10.10.0.10,,,443,45734,0,1358,17
1588617034.000822,173.194.188.105,10.10.0.10,,,443,45734,0,1358,17
1588617034.0026062,10.10.0.10,173.194.188.105,,,45734,443,0,37,17
1588617034.005658,173.194.188.105,10.10.0.10,,,443,45734,0,1358,17
1588617034.010566,173.194.188.105,10.10.0.10,,,443,45734,0,1358,17
1588617034.012396,10.10.0.10,173.194.188.105,,,45734,443,0,37,17
1588617034.0154018,173.194.188.105,10.10.0.10,,,443,45734,0,1358,17
1588617034.0203102,173.194.188.105,10.10.0.10,,,443,45734,0,1358,17
1588617034.0222852,10.10.0.10,173.194.188.105,,,45734,443,0,50,17
1588617034.025196,173.194.188.105,10.10.0.10,,,443,45734,0,1358,17
1588617034.030058,173.194.188.105,10.10.0.10,,,443,45734,0,1358,17
1588617034.032831,10.10.0.10,173.194.188.105,,,45734,443,0,37,17
1588617034.0349214,173.194.188.105,10.10.0.10,,,443,45734,0,1358,17
1588617034.039798,173.194.188.105,10.10.0.10,,,443,45734,0,1358,17
1588617034.042043,10.10.0.10,173.194.188.105,,,45734,443,0,37,17
1588617034.0446696,173.194.188.105,10.10.0.10,,,443,45734,0,1358,17
1588617034.049502,173.194.188.105,10.10.0.10,,,443,45734,0,1358,17
1588617034.0526302,10.10.0.10,173.194.188.105,,,45734,443,0,37,17
1588617034.054412,173.194.188.105,10.10.0.10,,,443,45734,0,1358,17
1588617034.0592828,173.194.188.105,10.10.0.10,,,443,45734,0,1358,17
1588617034.061025,10.10.0.10,173.194.188.105,,,45734,443,0,37,17
1588617034.064154,173.194.188.105,10.10.0.10,,,443,45734,0,1358,17
1588617034.06899,173.194.188.105,10.10.0.10,,,443,45734,0,1358,17
1588617034.073902,173.194.188.105,10.10.0.10,,,443,45734,0,1358,17
1588617034.078773,173.194.188.105,10.10.0.10,,,443,45734,0,1358,17
1588617034.0836446,173.194.188.105,10.10.0.10,,,443,45734,0,1358,17
1588617034.088522,173.194.188.105,10.10.0.10,,,443,45734,0,1358,17
1588617034.093387,173.194.188.105,10.10.0.10,,,443,45734,0,1358,17
1588617034.098259,173.194.188.105,10.10.0.10,,,443,45734,0,1358,17
1588617034.10313,173.194.188.105,10.10.0.10,,,443,45734,0,1358,17
1588617034.1079972,173.194.188.105,10.10.0.10,,,443,45734,0,1358,17
1588617034.112873,173.194.188.105,10.10.0.10,,,443,45734,0,1358,17
1588617034.117696,173.194.188.105,10.10.0.10,,,443,45734,0,1358,17
1588617034.1225832,173.194.188.105,10.10.0.10,,,443,45734,0,1358,17
1588617034.127485,173.194.188.105,10.10.0.10,,,443,45734,0,1358,17
1588617034.132359,173.194.188.105,10.10.0.10,,,443,45734,0,1358,17
1588617034.1372259,173.194.188.105,10.10.0.10,,,443,45734,0,1358,17
1588617034.142101,173.194.188.105,10.10.0.10,,,443,45734,0,1358,17
1588617034.1469266,173.194.188.105,10.10.0.10,,,443,45734,0,1358,17
1588617034.1518438,173.194.188.105,10.10.0.10,,,443,45734,0,1358,17
1588617034.15671,173.194.188.105,10.10.0.10,,,443,45734,0,1358,17
1588617034.158149,10.10.0.10,173.194.188.105,,,45734,443,0,37,17
1588617034.160192,10.10.0.10,173.194.188.105,,,45734,443,0,37,17
1588617034.1608481,10.10.0.10,173.194.188.105,,,45734,443,0,37,17
1588617034.1615572,173.194.188.105,10.10.0.10,,,443,45734,0,1358,17
1588617034.162891,10.10.0.10,173.194.188.105,,,45734,443,0,37,17
1588617034.163798,10.10.0.10,173.194.188.105,,,45734,443,0,37,17
1588617034.164057,10.10.0.10,173.194.188.105,,,45734,443,0,37,17
1588617034.1664279,173.194.188.105,10.10.0.10,,,443,45734,0,1358,17
1588617034.1713252,173.194.188.105,10.10.0.10,,,443,45734,0,1358,17
1588617034.171365,10.10.0.10,173.194.188.105,,,45734,443,0,37,17
1588617034.172402,10.10.0.10,173.194.188.105,,,45734,443,0,37,17
1588617034.17335,10.10.0.10,173.194.188.105,,,45734,443,0,37,17
1588617034.1751866,10.10.0.10,173.194.188.105,,,45734,443,0,37,17
1588617034.175242,10.10.0.10,173.194.188.105,,,45734,443,0,37,17
1588617034.176196,173.194.188.105,10.10.0.10,,,443,45734,0,1358,17
1588617034.177734,10.10.0.10,173.194.188.105,,,45734,443,0,37,17
1588617034.18104,173.194.188.105,10.10.0.10,,,443,45734,0,1358,17
1588617034.185891,173.194.188.105,10.10.0.10,,,443,45734,0,1358,17
1588617034.187464,10.10.0.10,173.194.188.105,,,45734,443,0,37,17
1588617034.19081,173.194.188.105,10.10.0.10,,,443,45734,0,1358,17
1588617034.195642,173.194.188.105,10.10.0.10,,,443,45734,0,1358,17
1588617034.1977732,10.10.0.10,173.194.188.105,,,45734,443,0,37,17
1588617034.200553,173.194.188.105,10.10.0.10,,,443,45734,0,1358,17
1588617034.205352,173.194.188.105,10.10.0.10,,,443,45734,0,1358,17
1588617034.2069228,10.10.0.10,173.194.188.105,,,45734,443,0,37,17
1588617034.2102964,173.194.188.105,10.10.0.10,,,443,45734,0,1358,17
1588617034.215179,173.194.188.105,10.10.0.10,,,443,45734,0,1358,17
1588617034.2200394,173.194.188.105,10.10.0.10,,,443,45734,0,1358,17
1588617034.22491,173.194.188.105,10.10.0.10,,,443,45734,0,1358,17
1588617034.229782,173.194.188.105,10.10.0.10,,,443,45734,0,1358,17
1588617034.234659,173.194.188.105,10.10.0.10,,,443,45734,0,1358,17
1588617034.239521,173.194.188.105,10.10.0.10,,,443,45734,0,1358,17
1588617034.244391,173.194.188.105,10.10.0.10,,,443,45734,0,1358,17
1588617034.2492552,173.194.188.105,10.10.0.10,,,443,45734,0,1358,17
1588617034.2540884,173.194.188.105,10.10.0.10,,,443,45734,0,1358,17
1588617034.25896,173.194.188.105,10.10.0.10,,,443,45734,0,1358,17
1588617034.2638776,173.194.188.105,10.10.0.10,,,443,45734,0,1358,17
1588617034.268728,173.194.188.105,10.10.0.10,,,443,45734,0,1358,17
1588617034.269944,10.10.0.10,173.194.188.105,,,45734,443,0,50,17
1588617034.271399,10.10.0.10,173.194.188.105,,,45734,443,0,37,17
1588617034.272841,10.10.0.10,173.194.188.105,,,45734,443,0,37,17
1588617034.273533,10.10.0.10,173.194.188.105,,,45734,443,0,37,17
1588617034.273586,173.194.188.105,10.10.0.10,,,443,45734,0,1358,17
1588617034.274822,10.10.0.10,173.194.188.105,,,45734,443,0,37,17
1588617034.2755759,10.10.0.10,173.194.188.105,,,45734,443,0,37,17
1588617034.276721,10.10.0.10,173.194.188.105,,,45734,443,0,37,17
1588617034.2784908,173.194.188.105,10.10.0.10,,,443,45734,0,1358,17
1588617034.2833712,173.194.188.105,10.10.0.10,,,443,45734,0,1358,17
1588617034.284966,10.10.0.10,173.194.188.105,,,45734,443,0,37,17
1588617034.288238,173.194.188.105,10.10.0.10,,,443,45734,0,1358,17
1588617034.29311,173.194.188.105,10.10.0.10,,,443,45734,0,1358,17
1588617034.2947268,10.10.0.10,173.194.188.105,,,45734,443,0,37,17
1588617034.297987,173.194.188.105,10.10.0.10,,,443,45734,0,1358,17
1588617034.3028526,173.194.188.105,10.10.0.10,,,443,45734,0,1358,17
1588617034.304626,10.10.0.10,173.194.188.105,,,45734,443,0,37,17
1588617034.307726,173.194.188.105,10.10.0.10,,,443,45734,0,1358,17
1588617034.3126,173.194.188.105,10.10.0.10,,,443,45734,0,1358,17
1588617034.315507,10.10.0.10,173.194.188.105,,,45734,443,0,37,17
1588617034.317467,173.194.188.105,10.10.0.10,,,443,45734,0,1358,17
1588617034.3223429,173.194.188.105,10.10.0.10,,,443,45734,0,1358,17
1588617034.3239002,10.10.0.10,173.194.188.105,,,45734,443,0,37,17
1588617034.327214,173.194.188.105,10.10.0.10,,,443,45734,0,1358,17
1588617034.332077,173.194.188.105,10.10.0.10,,,443,45734,0,1358,17
1588617034.333787,10.10.0.10,173.194.188.105,,,45734,443,0,37,17
1588617034.3369482,173.194.188.105,10.10.0.10,,,443,45734,0,1358,17
1588617034.3418202,173.194.188.105,10.10.0.10,,,443,45734,0,1358,17
1588617034.343473,10.10.0.10,173.194.188.105,,,45734,443,0,37,17
1588617034.3466866,173.194.188.105,10.10.0.10,,,443,45734,0,1358,17
1588617034.3515036,173.194.188.105,10.10.0.10,,,443,45734,0,1358,17
1588617034.353352,10.10.0.10,173.194.188.105,,,45734,443,0,37,17
1588617034.356428,173.194.188.105,10.10.0.10,,,443,45734,0,1358,17
1588617034.361259,173.194.188.105,10.10.0.10,,,443,45734,0,1358,17
1588617034.36287,10.10.0.10,173.194.188.105,,,45734,443,0,37,17
1588617034.366172,173.194.188.105,10.10.0.10,,,443,45734,0,1358,17
1588617034.371043,173.194.188.105,10.10.0.10,,,443,45734,0,1358,17
1588617034.3725386,10.10.0.10,173.194.188.105,,,45734,443,0,37,17
1588617034.375914,173.194.188.105,10.10.0.10,,,443,45734,0,1358,17
1588617034.3807876,173.194.188.105,10.10.0.10,,,443,45734,0,1358,17
1588617034.3824518,10.10.0.10,173.194.188.105,,,45734,443,0,37,17
1588617034.385616,173.194.188.105,10.10.0.10,,,443,45734,0,1358,17
1588617034.3905606,173.194.188.105,10.10.0.10,,,443,45734,0,1358,17
1588617034.3933911,10.10.0.10,173.194.188.105,,,45734,443,0,37,17
1588617034.395405,173.194.188.105,10.10.0.10,,,443,45734,0,1358,17
1588617034.4002776,173.194.188.105,10.10.0.10,,,443,45734,0,1358,17
1588617034.4019089,10.10.0.10,173.194.188.105,,,45734,443,0,37,17
1588617034.4051466,173.194.188.105,10.10.0.10,,,443,45734,0,1358,17
1588617034.410018,173.194.188.105,10.10.0.10,,,443,45734,0,1358,17
1588617034.4116588,10.10.0.10,173.194.188.105,,,45734,443,0,50,17
1588617034.414887,173.194.188.105,10.10.0.10,,,443,45734,0,1358,17
1588617034.4197571,173.194.188.105,10.10.0.10,,,443,45734,0,1358,17
1588617034.4214509,10.10.0.10,173.194.188.105,,,45734,443,0,37,17
1588617034.42464,173.194.188.105,10.10.0.10,,,443,45734,0,1358,17
1588617034.429516,173.194.188.105,10.10.0.10,,,443,45734,0,1358,17
1588617034.4313242,10.10.0.10,173.194.188.105,,,45734,443,0,37,17
1588617034.434376,173.194.188.105,10.10.0.10,,,443,45734,0,1358,17
1588617034.4392428,173.194.188.105,10.10.0.10,,,443,45734,0,1358,17
1588617034.441218,10.10.0.10,173.194.188.105,,,45734,443,0,37,17
1588617034.444114,173.194.188.105,10.10.0.10,,,443,45734,0,1358,17
1588617034.44899,173.194.188.105,10.10.0.10,,,443,45734,0,1358,17
1588617034.4518828,10.10.0.10,173.194.188.105,,,45734,443,0,37,17
1588617034.4538279,173.194.188.105,10.10.0.10,,,443,45734,0,1358,17
1588617034.458733,173.194.188.105,10.10.0.10,,,443,45734,0,1358,17
1588617034.461247,10.10.0.10,173.194.188.105,,,45734,443,0,37,17
1588617034.4636028,173.194.188.105,10.10.0.10,,,443,45734,0,1358,17
1588617034.468476,173.194.188.105,10.10.0.10,,,443,45734,0,1358,17
1588617034.4732964,173.194.188.105,10.10.0.10,,,443,45734,0,1358,17
1588617034.4781759,173.194.188.105,10.10.0.10,,,443,45734,0,1358,17
1588617034.4830842,173.194.188.105,10.10.0.10,,,443,45734,0,1358,17
1588617034.4879572,173.194.188.105,10.10.0.10,,,443,45734,0,1358,17
1588617034.492833,173.194.188.105,10.10.0.10,,,443,45734,0,1358,17
1588617034.4977038,173.194.188.105,10.10.0.10,,,443,45734,0,1358,17
1588617034.5025759,173.194.188.105,10.10.0.10,,,443,45734,0,1358,17
1588617034.507447,173.194.188.105,10.10.0.10,,,443,45734,0,1358,17
1588617034.512318,173.194.188.105,10.10.0.10,,,443,45734,0,1358,17
1588617034.5171876,173.194.188.105,10.10.0.10,,,443,45734,0,1358,17
1588617034.5219948,173.194.188.105,10.10.0.10,,,443,45734,0,1358,17
1588617034.5268786,173.194.188.105,10.10.0.10,,,443,45734,0,1358,17
1588617034.5317366,173.194.188.105,10.10.0.10,,,443,45734,0,1358,17
1588617034.5366569,173.194.188.105,10.10.0.10,,,443,45734,0,29,17
1588617034.536814,173.194.188.105,10.10.0.10,,,443,45734,0,1358,17
1588617034.5417464,173.194.188.105,10.10.0.10,,,443,45734,0,1358,17
1588617034.5465634,173.194.188.105,10.10.0.10,,,443,45734,0,1358,17
1588617034.5514915,173.194.188.105,10.10.0.10,,,443,45734,0,1358,17
1588617034.556362,173.194.188.105,10.10.0.10,,,443,45734,0,1358,17
1588617034.561238,173.194.188.105,10.10.0.10,,,443,45734,0,1358,17
1588617034.5661082,173.194.188.105,10.10.0.10,,,443,45734,0,1358,17
1588617034.570983,173.194.188.105,10.10.0.10,,,443,45734,0,1358,17
1588617034.5758538,173.194.188.105,10.10.0.10,,,443,45734,0,1358,17
1588617034.5807269,173.194.188.105,10.10.0.10,,,443,45734,0,1358,17
1588617034.585569,173.194.188.105,10.10.0.10,,,443,45734,0,1358,17
1588617034.588208,10.10.0.10,173.194.188.105,,,45734,443,0,37,17
1588617034.5904198,173.194.188.105,10.10.0.10,,,443,45734,0,1358,17
1588617034.5952759,173.194.188.105,10.10.0.10,,,443,45734,0,1358,17
1588617034.6002169,173.194.188.105,10.10.0.10,,,443,45734,0,1358,17
1588617034.602633,10.10.0.10,173.194.188.105,,,45734,443,0,37,17
1588617034.6050868,173.194.188.105,10.10.0.10,,,443,45734,0,1358,17
1588617034.605546,10.10.0.10,173.194.188.105,,,45734,443,0,37,17
1588617034.6074018,10.10.0.10,173.194.188.105,,,45734,443,0,37,17
1588617034.6079214,10.10.0.10,173.194.188.105,,,45734,443,0,37,17
1588617034.6094608,10.10.0.10,173.194.188.105,,,45734,443,0,37,17
1588617034.609927,173.194.188.105,10.10.0.10,,,443,45734,0,1358,17
1588617034.6113858,10.10.0.10,173.194.188.105,,,45734,443,0,37,17
1588617034.611928,10.10.0.10,173.194.188.105,,,45734,443,0,37,17
1588617034.6128998,10.10.0.10,173.194.188.105,,,45734,443,0,37,17
1588617034.614396,10.10.0.10,173.194.188.105,,,45734,443,0,37,17
1588617034.614797,173.194.188.105,10.10.0.10,,,443,45734,0,1358,17
1588617034.615631,10.10.0.10,173.194.188.105,,,45734,443,0,37,17
1588617034.615673,10.10.0.10,173.194.188.105,,,45734,443,0,37,17
1588617034.617557,10.10.0.10,173.194.188.105,,,45734,443,0,37,17
1588617034.6181262,10.10.0.10,173.194.188.105,,,45734,443,0,37,17
1588617034.6196694,173.194.188.105,10.10.0.10,,,443,45734,0,1358,17
1588617034.619838,10.10.0.10,173.194.188.105,,,45734,443,0,50,17
1588617034.6201231,10.10.0.10,173.194.188.105,,,45734,443,0,37,17
1588617034.624522,173.194.188.105,10.10.0.10,,,443,45734,0,1358,17
1588617034.626182,10.10.0.10,173.194.188.105,,,45734,443,0,37,17
1588617034.6293778,173.194.188.105,10.10.0.10,,,443,45734,0,1358,17
1588617034.634289,173.194.188.105,10.10.0.10,,,443,45734,0,1358,17
1588617034.635924,10.10.0.10,173.194.188.105,,,45734,443,0,37,17
1588617034.639152,173.194.188.105,10.10.0.10,,,443,45734,0,1358,17
1588617034.644056,173.194.188.105,10.10.0.10,,,443,45734,0,29,17
1588617034.644208,173.194.188.105,10.10.0.10,,,443,45734,0,1358,17
1588617034.6466,10.10.0.10,173.194.188.105,,,45734,443,0,37,17
1588617034.6491196,173.194.188.105,10.10.0.10,,,443,45734,0,1358,17
1588617034.6540186,173.194.188.105,10.10.0.10,,,443,45734,0,1358,17
1588617034.657063,10.10.0.10,173.194.188.105,,,45734,443,0,37,17
1588617034.6588602,173.194.188.105,10.10.0.10,,,443,45734,0,1358,17
1588617034.6637142,173.194.188.105,10.10.0.10,,,443,45734,0,1358,17
1588617034.6662028,10.10.0.10,173.194.188.105,,,45734,443,0,37,17
1588617034.6685688,173.194.188.105,10.10.0.10,,,443,45734,0,1358,17
1588617034.6735148,173.194.188.105,10.10.0.10,,,443,45734,0,1358,17
1588617034.678393,173.194.188.105,10.10.0.10,,,443,45734,0,1358,17
1588617034.680784,10.10.0.10,173.194.188.105,,,45734,443,0,37,17
1588617034.6832552,173.194.188.105,10.10.0.10,,,443,45734,0,1358,17
1588617034.688127,173.194.188.105,10.10.0.10,,,443,45734,0,1358,17
1588617034.6924891,10.10.0.10,173.194.188.105,,,45734,443,0,37,17
1588617034.6929634,173.194.188.105,10.10.0.10,,,443,45734,0,1358,17
1588617034.6944258,10.10.0.10,173.194.188.105,,,45734,443,0,37,17
1588617034.6978712,173.194.188.105,10.10.0.10,,,443,45734,0,1358,17
1588617034.702713,173.194.188.105,10.10.0.10,,,443,45734,0,1358,17
1588617034.7043462,10.10.0.10,173.194.188.105,,,45734,443,0,37,17
1588617034.707617,173.194.188.105,10.10.0.10,,,443,45734,0,1358,17
1588617034.712451,173.194.188.105,10.10.0.10,,,443,45734,0,1358,17
1588617034.714224,10.10.0.10,173.194.188.105,,,45734,443,0,37,17
1588617034.717359,173.194.188.105,10.10.0.10,,,443,45734,0,1358,17
1588617034.722194,173.194.188.105,10.10.0.10,,,443,45734,0,1358,17
1588617034.7238278,10.10.0.10,173.194.188.105,,,45734,443,0,37,17
1588617034.727102,173.194.188.105,10.10.0.10,,,443,45734,0,1358,17
1588617034.7319028,173.194.188.105,10.10.0.10,,,443,45734,0,1358,17
1588617034.733494,10.10.0.10,173.194.188.105,,,45734,443,0,37,17
1588617034.7368472,173.194.188.105,10.10.0.10,,,443,45734,0,1358,17
1588617034.741719,173.194.188.105,10.10.0.10,,,443,45734,0,1358,17
1588617034.743375,10.10.0.10,173.194.188.105,,,45734,443,0,37,17
1588617034.7465901,173.194.188.105,10.10.0.10,,,443,45734,0,1358,17
1588617034.751461,173.194.188.105,10.10.0.10,,,443,45734,0,1358,17
1588617034.753502,10.10.0.10,173.194.188.105,,,45734,443,0,37,17
1588617034.756333,173.194.188.105,10.10.0.10,,,443,45734,0,1358,17
1588617034.7611878,173.194.188.105,10.10.0.10,,,443,45734,0,1358,17
1588617034.762857,10.10.0.10,173.194.188.105,,,45734,443,0,37,17
1588617034.766076,173.194.188.105,10.10.0.10,,,443,45734,0,1358,17
1588617034.770948,173.194.188.105,10.10.0.10,,,443,45734,0,1358,17
1588617034.773104,10.10.0.10,173.194.188.105,,,45734,443,0,37,17
1588617034.775744,173.194.188.105,10.10.0.10,,,443,45734,0,1358,17
1588617034.78069,173.194.188.105,10.10.0.10,,,443,45734,0,1358,17
1588617034.7827342,10.10.0.10,173.194.188.105,,,45734,443,0,37,17
1588617034.785584,173.194.188.105,10.10.0.10,,,443,45734,0,1358,17
1588617034.790432,173.194.188.105,10.10.0.10,,,443,45734,0,1358,17
1588617034.7923124,10.10.0.10,173.194.188.105,,,45734,443,0,37,17
1588617034.795233,173.194.188.105,10.10.0.10,,,443,45734,0,1358,17
1588617034.800176,173.194.188.105,10.10.0.10,,,443,45734,0,1358,17
1588617034.8019,10.10.0.10,173.194.188.105,,,45734,443,0,50,17
1588617034.805048,173.194.188.105,10.10.0.10,,,443,45734,0,1358,17
1588617034.8099182,173.194.188.105,10.10.0.10,,,443,45734,0,1358,17
1588617034.811792,10.10.0.10,173.194.188.105,,,45734,443,0,37,17
1588617034.814791,173.194.188.105,10.10.0.10,,,443,45734,0,1358,17
1588617034.8196616,173.194.188.105,10.10.0.10,,,443,45734,0,1358,17
1588617034.8245368,173.194.188.105,10.10.0.10,,,443,45734,0,1358,17
1588617034.8251238,10.10.0.10,173.194.188.105,,,45734,443,0,37,17
1588617034.829371,173.194.188.105,10.10.0.10,,,443,45734,0,1358,17
1588617034.831525,10.10.0.10,173.194.188.105,,,45734,443,0,37,17
1588617034.8342028,173.194.188.105,10.10.0.10,,,443,45734,0,1358,17
1588617034.8391519,173.194.188.105,10.10.0.10,,,443,45734,0,1358,17
1588617034.8407712,10.10.0.10,173.194.188.105,,,45734,443,0,37,17
1588617034.844019,173.194.188.105,10.10.0.10,,,443,45734,0,1358,17
1588617034.8488169,173.194.188.105,10.10.0.10,,,443,45734,0,1358,17
1588617034.8505821,10.10.0.10,173.194.188.105,,,45734,443,0,37,17
1588617034.853762,173.194.188.105,10.10.0.10,,,443,45734,0,1358,17
1588617034.8586366,173.194.188.105,10.10.0.10,,,443,45734,0,1358,17
1588617034.861,10.10.0.10,173.194.188.105,,,45734,443,0,37,17
1588617034.8634946,173.194.188.105,10.10.0.10,,,443,45734,0,1358,17
1588617034.868376,173.194.188.105,10.10.0.10,,,443,45734,0,1358,17
1588617034.870914,10.10.0.10,173.194.188.105,,,45734,443,0,37,17
1588617034.87325,173.194.188.105,10.10.0.10,,,443,45734,0,1358,17
1588617034.878092,173.194.188.105,10.10.0.10,,,443,45734,0,1358,17
1588617034.8800669,10.10.0.10,173.194.188.105,,,45734,443,0,37,17
1588617034.8829632,173.194.188.105,10.10.0.10,,,443,45734,0,1358,17
1588617034.887823,173.194.188.105,10.10.0.10,,,443,45734,0,29,17
1588617034.888001,173.194.188.105,10.10.0.10,,,443,45734,0,1358,17
1588617034.889802,10.10.0.10,173.194.188.105,,,45734,443,0,37,17
1588617034.892953,173.194.188.105,10.10.0.10,,,443,45734,0,1358,17
1588617034.897824,173.194.188.105,10.10.0.10,,,443,45734,0,1358,17
1588617034.900025,10.10.0.10,173.194.188.105,,,45734,443,0,37,17
1588617034.9026961,173.194.188.105,10.10.0.10,,,443,45734,0,1358,17
1588617034.907566,173.194.188.105,10.10.0.10,,,443,45734,0,1358,17
1588617034.909102,10.10.0.10,173.194.188.105,,,45734,443,0,37,17
1588617034.9124,173.194.188.105,10.10.0.10,,,443,45734,0,1358,17
1588617034.917309,173.194.188.105,10.10.0.10,,,443,45734,0,1358,17
1588617034.918847,10.10.0.10,173.194.188.105,,,45734,443,0,37,17
1588617034.922143,173.194.188.105,10.10.0.10,,,443,45734,0,1358,17
1588617034.9269798,173.194.188.105,10.10.0.10,,,443,45734,0,1358,17
1588617034.9286199,10.10.0.10,173.194.188.105,,,45734,443,0,37,17
1588617034.931875,173.194.188.105,10.10.0.10,,,443,45734,0,1358,17
1588617034.9367938,173.194.188.105,10.10.0.10,,,443,45734,0,1358,17
1588617034.938549,10.10.0.10,173.194.188.105,,,45734,443,0,37,17
1588617034.9416661,173.194.188.105,10.10.0.10,,,443,45734,0,1358,17
1588617034.9465132,173.194.188.105,10.10.0.10,,,443,45734,0,1358,17
1588617034.9481242,10.10.0.10,173.194.188.105,,,45734,443,0,37,17
1588617034.9514089,173.194.188.105,10.10.0.10,,,443,45734,0,1358,17
1588617034.9562418,173.194.188.105,10.10.0.10,,,443,45734,0,1358,17
1588617034.9578981,10.10.0.10,173.194.188.105,,,45734,443,0,37,17
1588617034.961154,173.194.188.105,10.10.0.10,,,443,45734,0,1358,17
1588617034.9660108,173.194.188.105,10.10.0.10,,,443,45734,0,1358,17
1588617034.967689,10.10.0.10,173.194.188.105,,,45734,443,0,37,17
1588617034.970856,173.194.188.105,10.10.0.10,,,443,45734,0,1358,17
1588617034.9756944,173.194.188.105,10.10.0.10,,,443,45734,0,1358,17
1588617034.9773538,10.10.0.10,173.194.188.105,,,45734,443,0,37,17
1588617034.9806268,173.194.188.105,10.10.0.10,,,443,45734,0,1358,17
1588617034.9854589,173.194.188.105,10.10.0.10,,,443,45734,0,1358,17
1588617034.9871778,10.10.0.10,173.194.188.105,,,45734,443,0,37,17
1588617034.990371,173.194.188.105,10.10.0.10,,,443,45734,0,1358,17
1588617034.995215,173.194.188.105,10.10.0.10,,,443,45734,0,1358,17
1588617034.9978428,10.10.0.10,173.194.188.105,,,45734,443,0,50,17
1588617035.000084,173.194.188.105,10.10.0.10,,,443,45734,0,1358,17
1588617035.0049849,173.194.188.105,10.10.0.10,,,443,45734,0,1358,17
1588617035.0067642,10.10.0.10,173.194.188.105,,,45734,443,0,37,17
1588617035.009857,173.194.188.105,10.10.0.10,,,443,45734,0,1358,17
1588617035.0147266,173.194.188.105,10.10.0.10,,,443,45734,0,1358,17
1588617035.016681,10.10.0.10,173.194.188.105,,,45734,443,0,37,17
1588617035.0196,173.194.188.105,10.10.0.10,,,443,45734,0,1358,17
1588617035.024472,173.194.188.105,10.10.0.10,,,443,45734,0,1358,17
1588617035.0264108,10.10.0.10,173.194.188.105,,,45734,443,0,37,17
1588617035.0293422,173.194.188.105,10.10.0.10,,,443,45734,0,1358,17
1588617035.034215,173.194.188.105,10.10.0.10,,,443,45734,0,1358,17
1588617035.0360286,10.10.0.10,173.194.188.105,,,45734,443,0,37,17
1588617035.039044,173.194.188.105,10.10.0.10,,,443,45734,0,1358,17
1588617035.043942,173.194.188.105,10.10.0.10,,,443,45734,0,1358,17
1588617035.0457911,10.10.0.10,173.194.188.105,,,45734,443,0,37,17
1588617035.0487866,173.194.188.105,10.10.0.10,,,443,45734,0,1358,17
1588617035.0536995,173.194.188.105,10.10.0.10,,,443,45734,0,1358,17
1588617035.055696,10.10.0.10,173.194.188.105,,,45734,443,0,37,17
1588617035.058534,173.194.188.105,10.10.0.10,,,443,45734,0,1358,17
1588617035.063443,173.194.188.105,10.10.0.10,,,443,45734,0,1358,17
1588617035.067287,10.10.0.10,173.194.188.105,,,45734,443,0,37,17
1588617035.068312,173.194.188.105,10.10.0.10,,,443,45734,0,1358,17
1588617035.073185,173.194.188.105,10.10.0.10,,,443,45734,0,1358,17
1588617035.075578,10.10.0.10,173.194.188.105,,,45734,443,0,37,17
1588617035.078057,173.194.188.105,10.10.0.10,,,443,45734,0,1358,17
1588617035.082928,173.194.188.105,10.10.0.10,,,443,45734,0,1358,17
1588617035.0849712,10.10.0.10,173.194.188.105,,,45734,443,0,37,17
1588617035.087817,173.194.188.105,10.10.0.10,,,443,45734,0,1358,17
1588617035.0926714,173.194.188.105,10.10.0.10,,,443,45734,0,1358,17
1588617035.094366,10.10.0.10,173.194.188.105,,,45734,443,0,37,17
1588617035.097542,173.194.188.105,10.10.0.10,,,443,45734,0,1358,17
1588617035.102387,173.194.188.105,10.10.0.10,,,443,45734,0,1358,17
1588617035.1072881,173.194.188.105,10.10.0.10,,,443,45734,0,1358,17
1588617035.112159,173.194.188.105,10.10.0.10,,,443,45734,0,1358,17
1588617035.117032,173.194.188.105,10.10.0.10,,,443,45734,0,1358,17
1588617035.121903,173.194.188.105,10.10.0.10,,,443,45734,0,1358,17
1588617035.126775,173.194.188.105,10.10.0.10,,,443,45734,0,1358,17
1588617035.1316464,173.194.188.105,10.10.0.10,,,443,45734,0,1358,17
1588617035.136518,173.194.188.105,10.10.0.10,,,443,45734,0,1358,17
1588617035.141385,173.194.188.105,10.10.0.10,,,443,45734,0,1358,17
1588617035.1462598,173.194.188.105,10.10.0.10,,,443,45734,0,1358,17
1588617035.1510758,173.194.188.105,10.10.0.10,,,443,45734,0,1358,17
1588617035.156003,173.194.188.105,10.10.0.10,,,443,45734,0,1358,17
1588617035.1608748,173.194.188.105,10.10.0.10,,,443,45734,0,1358,17
1588617035.1657462,173.194.188.105,10.10.0.10,,,443,45734,0,1358,17
1588617035.1705868,173.194.188.105,10.10.0.10,,,443,45734,0,1358,17
1588617035.1754858,173.194.188.105,10.10.0.10,,,443,45734,0,1358,17
1588617035.1803591,173.194.188.105,10.10.0.10,,,443,45734,0,1358,17
1588617035.185201,173.194.188.105,10.10.0.10,,,443,45734,0,1358,17
1588617035.1900988,173.194.188.105,10.10.0.10,,,443,45734,0,1358,17
1588617035.1949742,173.194.188.105,10.10.0.10,,,443,45734,0,1358,17
1588617035.199846,173.194.188.105,10.10.0.10,,,443,45734,0,1358,17
1588617035.20472,173.194.188.105,10.10.0.10,,,443,45734,0,1358,17
1588617035.209589,173.194.188.105,10.10.0.10,,,443,45734,0,1358,17
1588617035.21446,173.194.188.105,10.10.0.10,,,443,45734,0,1358,17
1588617035.2193305,173.194.188.105,10.10.0.10,,,443,45734,0,1358,17
1588617035.224202,173.194.188.105,10.10.0.10,,,443,45734,0,1358,17
1588617035.2290301,173.194.188.105,10.10.0.10,,,443,45734,0,1358,17
1588617035.233945,173.194.188.105,10.10.0.10,,,443,45734,0,1358,17
1588617035.238815,173.194.188.105,10.10.0.10,,,443,45734,0,1358,17
1588617035.2971866,10.10.0.10,173.194.188.105,,,45734,443,0,43,17
1588617035.3028471,173.194.188.105,10.10.0.10,,,443,45734,0,29,17
1588617035.302928,10.10.0.10,173.194.188.105,,,45734,443,0,37,17
1588617035.304408,10.10.0.10,173.194.188.105,,,45734,443,0,37,17
1588617035.3058202,10.10.0.10,173.194.188.105,,,45734,443,0,37,17
1588617035.30682,10.10.0.10,173.194.188.105,,,45734,443,0,37,17
1588617035.307431,173.194.188.105,10.10.0.10,,,443,45734,0,1358,17
1588617035.307483,173.194.188.105,10.10.0.10,,,443,45734,0,1358,17
1588617035.3085132,10.10.0.10,173.194.188.105,,,45734,443,0,37,17
1588617035.309519,10.10.0.10,173.194.188.105,,,45734,443,0,37,17
1588617035.31016,10.10.0.10,173.194.188.105,,,45734,443,0,37,17
1588617035.3116348,10.10.0.10,173.194.188.105,,,45734,443,0,37,17
1588617035.3119235,10.10.0.10,173.194.188.105,,,45734,443,0,37,17
1588617035.313577,10.10.0.10,173.194.188.105,,,45734,443,0,37,17
1588617035.314219,10.10.0.10,173.194.188.105,,,45734,443,0,37,17
1588617035.3143716,173.194.188.105,10.10.0.10,,,443,45734,0,1358,17
1588617035.3160589,10.10.0.10,173.194.188.105,,,45734,443,0,37,17
1588617035.316473,173.194.188.105,10.10.0.10,,,443,45734,0,1358,17
1588617035.3169582,10.10.0.10,173.194.188.105,,,45734,443,0,37,17
1588617035.31877,10.10.0.10,173.194.188.105,,,45734,443,0,37,17
1588617035.318923,10.10.0.10,173.194.188.105,,,45734,443,0,37,17
1588617035.319509,10.10.0.10,173.194.188.105,,,45734,443,0,37,17
1588617035.320822,10.10.0.10,173.194.188.105,,,45734,443,0,37,17
1588617035.321327,173.194.188.105,10.10.0.10,,,443,45734,0,1358,17
1588617035.326271,173.194.188.105,10.10.0.10,,,443,45734,0,1358,17
1588617035.3279119,10.10.0.10,173.194.188.105,,,45734,443,0,37,17
1588617035.331146,173.194.188.105,10.10.0.10,,,443,45734,0,1358,17
1588617035.3360038,173.194.188.105,10.10.0.10,,,443,45734,0,1358,17
1588617035.337714,10.10.0.10,173.194.188.105,,,45734,443,0,37,17
1588617035.340878,173.194.188.105,10.10.0.10,,,443,45734,0,1358,17
1588617035.345754,173.194.188.105,10.10.0.10,,,443,45734,0,1358,17
1588617035.347594,10.10.0.10,173.194.188.105,,,45734,443,0,50,17
1588617035.3506212,173.194.188.105,10.10.0.10,,,443,45734,0,1358,17
1588617035.35545,173.194.188.105,10.10.0.10,,,443,45734,0,1358,17
1588617035.3570428,10.10.0.10,173.194.188.105,,,45734,443,0,37,17
1588617035.3603618,173.194.188.105,10.10.0.10,,,443,45734,0,1358,17
1588617035.365201,173.194.188.105,10.10.0.10,,,443,45734,0,1358,17
1588617035.3673198,10.10.0.10,173.194.188.105,,,45734,443,0,37,17
1588617035.37011,173.194.188.105,10.10.0.10,,,443,45734,0,1358,17
1588617035.374972,173.194.188.105,10.10.0.10,,,443,45734,0,1358,17
1588617035.376693,10.10.0.10,173.194.188.105,,,45734,443,0,37,17
1588617035.37985,173.194.188.105,10.10.0.10,,,443,45734,0,1358,17
1588617035.3847196,173.194.188.105,10.10.0.10,,,443,45734,0,1358,17
1588617035.3864696,10.10.0.10,173.194.188.105,,,45734,443,0,37,17
1588617035.389593,173.194.188.105,10.10.0.10,,,443,45734,0,1358,17
1588617035.394422,173.194.188.105,10.10.0.10,,,443,45734,0,1358,17
1588617035.396052,10.10.0.10,173.194.188.105,,,45734,443,0,37,17
1588617035.3993342,173.194.188.105,10.10.0.10,,,443,45734,0,1358,17
1588617035.404206,173.194.188.105,10.10.0.10,,,443,45734,0,1358,17
1588617035.405928,10.10.0.10,173.194.188.105,,,45734,443,0,37,17
1588617035.409052,173.194.188.105,10.10.0.10,,,443,45734,0,1358,17
1588617035.413949,173.194.188.105,10.10.0.10,,,443,45734,0,1358,17
1588617035.4157405,10.10.0.10,173.194.188.105,,,45734,443,0,37,17
1588617035.41878,173.194.188.105,10.10.0.10,,,443,45734,0,1358,17
1588617035.4236908,173.194.188.105,10.10.0.10,,,443,45734,0,1358,17
1588617035.425424,10.10.0.10,173.194.188.105,,,45734,443,0,37,17
1588617035.4284961,173.194.188.105,10.10.0.10,,,443,45734,0,1358,17
1588617035.433434,173.194.188.105,10.10.0.10,,,443,45734,0,1358,17
1588617035.435677,10.10.0.10,173.194.188.105,,,45734,443,0,37,17
1588617035.438306,173.194.188.105,10.10.0.10,,,443,45734,0,1358,17
1588617035.443131,173.194.188.105,10.10.0.10,,,443,45734,0,1358,17
1588617035.4448442,10.10.0.10,173.194.188.105,,,45734,443,0,37,17
1588617035.448052,173.194.188.105,10.10.0.10,,,443,45734,0,1358,17
1588617035.4529245,173.194.188.105,10.10.0.10,,,443,45734,0,1358,17
1588617035.454574,10.10.0.10,173.194.188.105,,,45734,443,0,37,17
1588617035.457792,173.194.188.105,10.10.0.10,,,443,45734,0,1358,17
1588617035.462667,173.194.188.105,10.10.0.10,,,443,45734,0,1358,17
1588617035.464344,10.10.0.10,173.194.188.105,,,45734,443,0,37,17
1588617035.467538,173.194.188.105,10.10.0.10,,,443,45734,0,1358,17
1588617035.4724061,173.194.188.105,10.10.0.10,,,443,45734,0,1358,17
1588617035.4754775,10.10.0.10,173.194.188.105,,,45734,443,0,37,17
1588617035.477242,173.194.188.105,10.10.0.10,,,443,45734,0,1358,17
1588617035.4821026,173.194.188.105,10.10.0.10,,,443,45734,0,1358,17
1588617035.485252,10.10.0.10,173.194.188.105,,,45734,443,0,37,17
1588617035.4870381,173.194.188.105,10.10.0.10,,,443,45734,0,1358,17
1588617035.491833,173.194.188.105,10.10.0.10,,,443,45734,0,1358,17
1588617035.493509,10.10.0.10,173.194.188.105,,,45734,443,0,37,17
1588617035.4967742,173.194.188.105,10.10.0.10,,,443,45734,0,1358,17
1588617035.501633,173.194.188.105,10.10.0.10,,,443,45734,0,1358,17
1588617035.504027,10.10.0.10,173.194.188.105,,,45734,443,0,37,17
1588617035.506511,173.194.188.105,10.10.0.10,,,443,45734,0,1358,17
1588617035.511376,173.194.188.105,10.10.0.10,,,443,45734,0,1358,17
1588617035.5132198,10.10.0.10,173.194.188.105,,,45734,443,0,37,17
1588617035.516252,173.194.188.105,10.10.0.10,,,443,45734,0,1358,17
1588617035.5211182,173.194.188.105,10.10.0.10,,,443,45734,0,1358,17
1588617035.52599,173.194.188.105,10.10.0.10,,,443,45734,0,1358,17
1588617035.530866,173.194.188.105,10.10.0.10,,,443,45734,0,1358,17
1588617035.5356922,173.194.188.105,10.10.0.10,,,443,45734,0,1358,17
1588617035.540605,173.194.188.105,10.10.0.10,,,443,45734,0,1358,17
1588617035.545418,173.194.188.105,10.10.0.10,,,443,45734,0,1358,17
1588617035.5465946,10.10.0.10,173.194.188.105,,,45734,443,0,37,17
1588617035.5466518,10.10.0.10,173.194.188.105,,,45734,443,0,37,17
1588617035.547889,10.10.0.10,173.194.188.105,,,45734,443,0,50,17
1588617035.550287,173.194.188.105,10.10.0.10,,,443,45734,0,1358,17
1588617035.551984,10.10.0.10,173.194.188.105,,,45734,443,0,37,17
1588617035.555151,173.194.188.105,10.10.0.10,,,443,45734,0,1358,17
1588617035.560052,173.194.188.105,10.10.0.10,,,443,45734,0,1358,17
1588617035.561862,10.10.0.10,173.194.188.105,,,45734,443,0,37,17
1588617035.5649252,173.194.188.105,10.10.0.10,,,443,45734,0,1358,17
1588617035.569819,173.194.188.105,10.10.0.10,,,443,45734,0,1358,17
1588617035.571667,10.10.0.10,173.194.188.105,,,45734,443,0,37,17
1588617035.5746338,173.194.188.105,10.10.0.10,,,443,45734,0,1358,17
1588617035.5795429,173.194.188.105,10.10.0.10,,,443,45734,0,1358,17
1588617035.581343,10.10.0.10,173.194.188.105,,,45734,443,0,37,17
1588617035.584435,173.194.188.105,10.10.0.10,,,443,45734,0,29,17
1588617035.584624,173.194.188.105,10.10.0.10,,,443,45734,0,1358,17
1588617035.589509,173.194.188.105,10.10.0.10,,,443,45734,0,1358,17
1588617035.5913026,10.10.0.10,173.194.188.105,,,45734,443,0,37,17
1588617035.5944035,173.194.188.105,10.10.0.10,,,443,45734,0,1358,17
1588617035.5992749,173.194.188.105,10.10.0.10,,,443,45734,0,1358,17
1588617035.6011946,10.10.0.10,173.194.188.105,,,45734,443,0,37,17
1588617035.60415,173.194.188.105,10.10.0.10,,,443,45734,0,1358,17
1588617035.608969,173.194.188.105,10.10.0.10,,,443,45734,0,1358,17
1588617035.610483,10.10.0.10,173.194.188.105,,,45734,443,0,37,17
1588617035.613828,173.194.188.105,10.10.0.10,,,443,45734,0,1358,17
1588617035.618708,173.194.188.105,10.10.0.10,,,443,45734,0,1358,17
1588617035.6203039,10.10.0.10,173.194.188.105,,,45734,443,0,37,17
1588617035.6236286,173.194.188.105,10.10.0.10,,,443,45734,0,1358,17
1588617035.628454,173.194.188.105,10.10.0.10,,,443,45734,0,1358,17
1588617035.631295,10.10.0.10,173.194.188.105,,,45734,443,0,37,17
1588617035.633372,173.194.188.105,10.10.0.10,,,443,45734,0,1358,17
1588617035.638249,173.194.188.105,10.10.0.10,,,443,45734,0,1358,17
1588617035.6398973,10.10.0.10,173.194.188.105,,,45734,443,0,37,17
1588617035.6430588,173.194.188.105,10.10.0.10,,,443,45734,0,1358,17
1588617035.6479304,173.194.188.105,10.10.0.10,,,443,45734,0,1358,17
1588617035.6494849,10.10.0.10,173.194.188.105,,,45734,443,0,37,17
1588617035.652807,173.194.188.105,10.10.0.10,,,443,45734,0,1358,17
1588617035.657701,173.194.188.105,10.10.0.10,,,443,45734,0,1358,17
1588617035.659661,10.10.0.10,173.194.188.105,,,45734,443,0,37,17
1588617035.6625779,173.194.188.105,10.10.0.10,,,443,45734,0,1358,17
1588617035.667474,173.194.188.105,10.10.0.10,,,443,45734,0,1358,17
1588617035.669863,10.10.0.10,173.194.188.105,,,45734,443,0,37,17
1588617035.672318,173.194.188.105,10.10.0.10,,,443,45734,0,1358,17
1588617035.6771822,173.194.188.105,10.10.0.10,,,443,45734,0,1358,17
1588617035.682022,173.194.188.105,10.10.0.10,,,443,45734,0,1358,17
1588617035.686959,173.194.188.105,10.10.0.10,,,443,45734,0,1358,17
1588617035.6918368,173.194.188.105,10.10.0.10,,,443,45734,0,1358,17
1588617035.6936278,10.10.0.10,173.194.188.105,,,45734,443,0,37,17
1588617035.694865,10.10.0.10,173.194.188.105,,,45734,443,0,37,17
1588617035.6966758,173.194.188.105,10.10.0.10,,,443,45734,0,1358,17
1588617035.698318,10.10.0.10,173.194.188.105,,,45734,443,0,37,17
1588617035.701571,173.194.188.105,10.10.0.10,,,443,45734,0,1358,17
1588617035.7064445,173.194.188.105,10.10.0.10,,,443,45734,0,1358,17
1588617035.7080526,10.10.0.10,173.194.188.105,,,45734,443,0,37,17
1588617035.7113152,173.194.188.105,10.10.0.10,,,443,45734,0,1358,17
1588617035.716126,173.194.188.105,10.10.0.10,,,443,45734,0,1358,17
1588617035.717818,10.10.0.10,173.194.188.105,,,45734,443,0,37,17
1588617035.7210598,173.194.188.105,10.10.0.10,,,443,45734,0,1358,17
1588617035.7259321,173.194.188.105,10.10.0.10,,,443,45734,0,1358,17
1588617035.7275062,10.10.0.10,173.194.188.105,,,45734,443,0,37,17
1588617035.730778,173.194.188.105,10.10.0.10,,,443,45734,0,1358,17
1588617035.7356439,173.194.188.105,10.10.0.10,,,443,45734,0,1358,17
1588617035.737275,10.10.0.10,173.194.188.105,,,45734,443,0,50,17
1588617035.7405438,173.194.188.105,10.10.0.10,,,443,45734,0,1358,17
1588617035.7453885,173.194.188.105,10.10.0.10,,,443,45734,0,1358,17
1588617035.747046,10.10.0.10,173.194.188.105,,,45734,443,0,37,17
1588617035.7502868,173.194.188.105,10.10.0.10,,,443,45734,0,1358,17
1588617035.755165,173.194.188.105,10.10.0.10,,,443,45734,0,1358,17
1588617035.756904,10.10.0.10,173.194.188.105,,,45734,443,0,37,17
1588617035.7600062,173.194.188.105,10.10.0.10,,,443,45734,0,1358,17
1588617035.7649012,173.194.188.105,10.10.0.10,,,443,45734,0,1358,17
1588617035.7665546,10.10.0.10,173.194.188.105,,,45734,443,0,37,17
1588617035.7697618,173.194.188.105,10.10.0.10,,,443,45734,0,1358,17
1588617035.7746508,173.194.188.105,10.10.0.10,,,443,45734,0,1358,17
1588617035.7762694,10.10.0.10,173.194.188.105,,,45734,443,0,37,17
1588617035.7795231,173.194.188.105,10.10.0.10,,,443,45734,0,1358,17
1588617035.784394,173.194.188.105,10.10.0.10,,,443,45734,0,1358,17
1588617035.7862544,10.10.0.10,173.194.188.105,,,45734,443,0,37,17
1588617035.7892652,173.194.188.105,10.10.0.10,,,443,45734,0,1358,17
1588617035.7941382,173.194.188.105,10.10.0.10,,,443,45734,0,1358,17
1588617035.795899,10.10.0.10,173.194.188.105,,,45734,443,0,37,17
1588617035.798976,173.194.188.105,10.10.0.10,,,443,45734,0,1358,17
1588617035.803851,173.194.188.105,10.10.0.10,,,443,45734,0,1358,17
1588617035.8055027,10.10.0.10,173.194.188.105,,,45734,443,0,37,17
1588617035.8087196,173.194.188.105,10.10.0.10,,,443,45734,0,1358,17
1588617035.813623,173.194.188.105,10.10.0.10,,,443,45734,0,1358,17
1588617035.816025,10.10.0.10,173.194.188.105,,,45734,443,0,37,17
1588617035.8185036,173.194.188.105,10.10.0.10,,,443,45734,0,1358,17
1588617035.8233652,173.194.188.105,10.10.0.10,,,443,45734,0,1358,17
1588617035.825,10.10.0.10,173.194.188.105,,,45734,443,0,37,17
1588617035.828251,173.194.188.105,10.10.0.10,,,443,45734,0,1358,17
1588617035.8331099,173.194.188.105,10.10.0.10,,,443,45734,0,1358,17
1588617035.8351939,10.10.0.10,173.194.188.105,,,45734,443,0,37,17
1588617035.8379812,173.194.188.105,10.10.0.10,,,443,45734,0,1358,17
1588617035.8428428,173.194.188.105,10.10.0.10,,,443,45734,0,1358,17
1588617035.8477228,173.194.188.105,10.10.0.10,,,443,45734,0,1358,17
1588617035.8525972,173.194.188.105,10.10.0.10,,,443,45734,0,1358,17
1588617035.85747,173.194.188.105,10.10.0.10,,,443,45734,0,1358,17
1588617035.8623052,173.194.188.105,10.10.0.10,,,443,45734,0,1358,17
1588617035.867213,173.194.188.105,10.10.0.10,,,443,45734,0,1358,17
1588617035.8720472,173.194.188.105,10.10.0.10,,,443,45734,0,1358,17
1588617035.876951,173.194.188.105,10.10.0.10,,,443,45734,0,1358,17
1588617035.8818364,173.194.188.105,10.10.0.10,,,443,45734,0,1358,17
1588617035.886693,173.194.188.105,10.10.0.10,,,443,45734,0,1358,17
1588617035.891565,173.194.188.105,10.10.0.10,,,443,45734,0,1358,17
1588617035.8964028,173.194.188.105,10.10.0.10,,,443,45734,0,1358,17
1588617035.901316,173.194.188.105,10.10.0.10,,,443,45734,0,1358,17
1588617035.9061801,173.194.188.105,10.10.0.10,,,443,45734,0,1358,17
1588617035.9110498,173.194.188.105,10.10.0.10,,,443,45734,0,1358,17
1588617035.915926,173.194.188.105,10.10.0.10,,,443,45734,0,1358,17
1588617035.920793,173.194.188.105,10.10.0.10,,,443,45734,0,1358,17
1588617035.9256668,173.194.188.105,10.10.0.10,,,443,45734,0,1358,17
1588617035.9263165,10.10.0.10,173.194.188.105,,,45734,443,0,37,17
1588617035.9291148,10.10.0.10,173.194.188.105,,,45734,443,0,37,17
1588617035.92976,10.10.0.10,173.194.188.105,,,45734,443,0,37,17
1588617035.930485,173.194.188.105,10.10.0.10,,,443,45734,0,1358,17
1588617035.931217,10.10.0.10,173.194.188.105,,,45734,443,0,37,17
1588617035.932245,10.10.0.10,173.194.188.105,,,45734,443,0,37,17
1588617035.9340508,10.10.0.10,173.194.188.105,,,45734,443,0,37,17
1588617035.935409,173.194.188.105,10.10.0.10,,,443,45734,0,1358,17
1588617035.938202,10.10.0.10,173.194.188.105,,,45734,443,0,37,17
1588617035.9382448,10.10.0.10,173.194.188.105,,,45734,443,0,37,17
1588617035.938391,10.10.0.10,173.194.188.105,,,45734,443,0,37,17
1588617035.938673,10.10.0.10,173.194.188.105,,,45734,443,0,50,17
1588617035.9402778,173.194.188.105,10.10.0.10,,,443,45734,0,1358,17
1588617035.941891,10.10.0.10,173.194.188.105,,,45734,443,0,37,17
1588617035.945159,173.194.188.105,10.10.0.10,,,443,45734,0,1358,17
1588617035.950022,173.194.188.105,10.10.0.10,,,443,45734,0,1358,17
1588617035.9548929,173.194.188.105,10.10.0.10,,,443,45734,0,1358,17
1588617035.9597638,173.194.188.105,10.10.0.10,,,443,45734,0,1358,17
1588617035.9646368,173.194.188.105,10.10.0.10,,,443,45734,0,1358,17
1588617035.9694748,173.194.188.105,10.10.0.10,,,443,45734,0,1358,17
1588617035.9743779,173.194.188.105,10.10.0.10,,,443,45734,0,1358,17
1588617035.979208,173.194.188.105,10.10.0.10,,,443,45734,0,1358,17
1588617035.9840908,173.194.188.105,10.10.0.10,,,443,45734,0,1358,17
1588617035.9889634,173.194.188.105,10.10.0.10,,,443,45734,0,1358,17
1588617035.9938734,173.194.188.105,10.10.0.10,,,443,45734,0,1358,17
1588617035.998749,173.194.188.105,10.10.0.10,,,443,45734,0,1358,17
1588617036.003618,173.194.188.105,10.10.0.10,,,443,45734,0,1358,17
1588617036.008499,173.194.188.105,10.10.0.10,,,443,45734,0,1358,17
1588617036.0133634,173.194.188.105,10.10.0.10,,,443,45734,0,1358,17
1588617036.018232,173.194.188.105,10.10.0.10,,,443,45734,0,1358,17
1588617036.023106,173.194.188.105,10.10.0.10,,,443,45734,0,29,17
1588617036.023243,173.194.188.105,10.10.0.10,,,443,45734,0,1358,17
1588617036.028199,173.194.188.105,10.10.0.10,,,443,45734,0,1358,17
1588617036.0330696,173.194.188.105,10.10.0.10,,,443,45734,0,1358,17
1588617036.037937,173.194.188.105,10.10.0.10,,,443,45734,0,1358,17
1588617036.040932,10.10.0.10,173.194.188.105,,,45734,443,0,37,17
1588617036.042809,173.194.188.105,10.10.0.10,,,443,45734,0,1358,17
1588617036.043838,10.10.0.10,173.194.188.105,,,45734,443,0,37,17
1588617036.045896,10.10.0.10,173.194.188.105,,,45734,443,0,37,17
1588617036.0469332,10.10.0.10,173.194.188.105,,,45734,443,0,37,17
1588617036.047695,173.194.188.105,10.10.0.10,,,443,45734,0,1358,17
1588617036.048314,10.10.0.10,173.194.188.105,,,45734,443,0,37,17
1588617036.04971,10.10.0.10,173.194.188.105,,,45734,443,0,37,17
1588617036.051516,10.10.0.10,173.194.188.105,,,45734,443,0,37,17
1588617036.052521,173.194.188.105,10.10.0.10,,,443,45734,0,1358,17
1588617036.0538619,10.10.0.10,173.194.188.105,,,45734,443,0,37,17
1588617036.056106,10.10.0.10,173.194.188.105,,,45734,443,0,37,17
1588617036.056168,10.10.0.10,173.194.188.105,,,45734,443,0,37,17
1588617036.0561929,10.10.0.10,173.194.188.105,,,45734,443,0,37,17
1588617036.057423,173.194.188.105,10.10.0.10,,,443,45734,0,1358,17
1588617036.057994,10.10.0.10,173.194.188.105,,,45734,443,0,37,17
1588617036.0622554,173.194.188.105,10.10.0.10,,,443,45734,0,1358,17
1588617036.0671651,173.194.188.105,10.10.0.10,,,443,45734,0,1358,17
1588617036.0719645,173.194.188.105,10.10.0.10,,,443,45734,0,1358,17
1588617036.076908,173.194.188.105,10.10.0.10,,,443,45734,0,1358,17
1588617036.0817919,173.194.188.105,10.10.0.10,,,443,45734,0,1358,17
1588617036.0866542,173.194.188.105,10.10.0.10,,,443,45734,0,1358,17
1588617036.091522,173.194.188.105,10.10.0.10,,,443,45734,0,1358,17
1588617036.0963929,173.194.188.105,10.10.0.10,,,443,45734,0,1358,17
1588617036.1012762,173.194.188.105,10.10.0.10,,,443,45734,0,1358,17
1588617036.1061401,173.194.188.105,10.10.0.10,,,443,45734,0,1358,17
1588617036.1110108,173.194.188.105,10.10.0.10,,,443,45734,0,1358,17
1588617036.1158595,173.194.188.105,10.10.0.10,,,443,45734,0,1358,17
1588617036.120754,173.194.188.105,10.10.0.10,,,443,45734,0,1358,17
1588617036.1256258,173.194.188.105,10.10.0.10,,,443,45734,0,1358,17
1588617036.130498,173.194.188.105,10.10.0.10,,,443,45734,0,1358,17
1588617036.135369,173.194.188.105,10.10.0.10,,,443,45734,0,1358,17
1588617036.14024,173.194.188.105,10.10.0.10,,,443,45734,0,1358,17
1588617036.1451068,173.194.188.105,10.10.0.10,,,443,45734,0,1358,17
1588617036.149982,173.194.188.105,10.10.0.10,,,443,45734,0,1358,17
1588617036.154849,173.194.188.105,10.10.0.10,,,443,45734,0,1358,17
1588617036.159722,173.194.188.105,10.10.0.10,,,443,45734,0,1358,17
1588617036.16357,10.10.0.10,173.194.188.105,,,45734,443,0,37,17
1588617036.164592,173.194.188.105,10.10.0.10,,,443,45734,0,1358,17
1588617036.1659071,10.10.0.10,173.194.188.105,,,45734,443,0,37,17
1588617036.167419,10.10.0.10,173.194.188.105,,,45734,443,0,37,17
1588617036.169464,173.194.188.105,10.10.0.10,,,443,45734,0,1358,17
1588617036.1704302,10.10.0.10,173.194.188.105,,,45734,443,0,37,17
1588617036.1711812,10.10.0.10,173.194.188.105,,,45734,443,0,37,17
1588617036.172742,10.10.0.10,173.194.188.105,,,45734,443,0,37,17
1588617036.173363,10.10.0.10,173.194.188.105,,,45734,443,0,50,17
1588617036.1743062,173.194.188.105,10.10.0.10,,,443,45734,0,1358,17
1588617036.174896,10.10.0.10,173.194.188.105,,,45734,443,0,37,17
1588617036.1760988,10.10.0.10,173.194.188.105,,,45734,443,0,37,17
1588617036.1772268,10.10.0.10,173.194.188.105,,,45734,443,0,37,17
1588617036.1786249,10.10.0.10,173.194.188.105,,,45734,443,0,37,17
1588617036.1789439,10.10.0.10,173.194.188.105,,,45734,443,0,37,17
1588617036.179134,173.194.188.105,10.10.0.10,,,443,45734,0,1358,17
1588617036.180743,10.10.0.10,173.194.188.105,,,45734,443,0,37,17
1588617036.184079,173.194.188.105,10.10.0.10,,,443,45734,0,1358,17
1588617036.188912,173.194.188.105,10.10.0.10,,,443,45734,0,1358,17
1588617036.1938212,173.194.188.105,10.10.0.10,,,443,45734,0,1358,17
1588617036.1986198,173.194.188.105,10.10.0.10,,,443,45734,0,1358,17
1588617036.203544,173.194.188.105,10.10.0.10,,,443,45734,0,1358,17
1588617036.208439,173.194.188.105,10.10.0.10,,,443,45734,0,1358,17
1588617036.2133071,173.194.188.105,10.10.0.10,,,443,45734,0,1358,17
1588617036.218182,173.194.188.105,10.10.0.10,,,443,45734,0,1358,17
1588617036.2230532,173.194.188.105,10.10.0.10,,,443,45734,0,1358,17
1588617036.227925,173.194.188.105,10.10.0.10,,,443,45734,0,1358,17
1588617036.2327962,173.194.188.105,10.10.0.10,,,443,45734,0,29,17
1588617036.232932,173.194.188.105,10.10.0.10,,,443,45734,0,1358,17
1588617036.237889,173.194.188.105,10.10.0.10,,,443,45734,0,1358,17
1588617036.24276,173.194.188.105,10.10.0.10,,,443,45734,0,1358,17
1588617036.2476268,173.194.188.105,10.10.0.10,,,443,45734,0,1358,17
1588617036.252502,173.194.188.105,10.10.0.10,,,443,45734,0,1358,17
1588617036.2573712,173.194.188.105,10.10.0.10,,,443,45734,0,1358,17
1588617036.262203,173.194.188.105,10.10.0.10,,,443,45734,0,1358,17
1588617036.2671142,173.194.188.105,10.10.0.10,,,443,45734,0,1358,17
1588617036.2719884,173.194.188.105,10.10.0.10,,,443,45734,0,1358,17
1588617036.2768571,173.194.188.105,10.10.0.10,,,443,45734,0,1358,17
1588617036.281717,173.194.188.105,10.10.0.10,,,443,45734,0,1358,17
1588617036.2817464,10.10.0.10,173.194.188.105,,,45734,443,0,37,17
1588617036.2851286,10.10.0.10,173.194.188.105,,,45734,443,0,37,17
1588617036.2865722,173.194.188.105,10.10.0.10,,,443,45734,0,1358,17
1588617036.288582,10.10.0.10,173.194.188.105,,,45734,443,0,37,17
1588617036.289892,10.10.0.10,173.194.188.105,,,45734,443,0,37,17
1588617036.28995,10.10.0.10,173.194.188.105,,,45734,443,0,37,17
1588617036.2914598,173.194.188.105,10.10.0.10,,,443,45734,0,1358,17
1588617036.292225,10.10.0.10,173.194.188.105,,,45734,443,0,37,17
1588617036.2928061,10.10.0.10,173.194.188.105,,,45734,443,0,37,17
1588617036.294987,10.10.0.10,173.194.188.105,,,45734,443,0,37,17
1588617036.296299,173.194.188.105,10.10.0.10,,,443,45734,0,1358,17
1588617036.297143,10.10.0.10,173.194.188.105,,,45734,443,0,37,17
1588617036.2982929,10.10.0.10,173.194.188.105,,,45734,443,0,37,17
1588617036.2989476,10.10.0.10,173.194.188.105,,,45734,443,0,37,17
1588617036.301032,10.10.0.10,173.194.188.105,,,45734,443,0,37,17
1588617036.3011858,173.194.188.105,10.10.0.10,,,443,45734,0,1358,17
1588617036.30436,10.10.0.10,173.194.188.105,,,45734,443,0,37,17
1588617036.306073,173.194.188.105,10.10.0.10,,,443,45734,0,1358,17
1588617036.310945,173.194.188.105,10.10.0.10,,,443,45734,0,1358,17
1588617036.3157911,173.194.188.105,10.10.0.10,,,443,45734,0,1358,17
1588617036.320689,173.194.188.105,10.10.0.10,,,443,45734,0,1358,17
1588617036.32552,173.194.188.105,10.10.0.10,,,443,45734,0,1358,17
1588617036.330431,173.194.188.105,10.10.0.10,,,443,45734,0,1358,17
1588617036.335276,173.194.188.105,10.10.0.10,,,443,45734,0,1358,17
1588617036.3401742,173.194.188.105,10.10.0.10,,,443,45734,0,1358,17
1588617036.3450446,173.194.188.105,10.10.0.10,,,443,45734,0,1358,17
1588617036.3499162,173.194.188.105,10.10.0.10,,,443,45734,0,1358,17
1588617036.3547552,173.194.188.105,10.10.0.10,,,443,45734,0,1358,17
1588617036.359659,173.194.188.105,10.10.0.10,,,443,45734,0,1358,17
1588617036.3645296,173.194.188.105,10.10.0.10,,,443,45734,0,1358,17
1588617036.369373,173.194.188.105,10.10.0.10,,,443,45734,0,1358,17
1588617036.374274,173.194.188.105,10.10.0.10,,,443,45734,0,1358,17
1588617036.379144,173.194.188.105,10.10.0.10,,,443,45734,0,1358,17
1588617036.384015,173.194.188.105,10.10.0.10,,,443,45734,0,1358,17
1588617036.3888292,173.194.188.105,10.10.0.10,,,443,45734,0,1358,17
1588617036.393759,173.194.188.105,10.10.0.10,,,443,45734,0,1358,17
1588617036.398591,173.194.188.105,10.10.0.10,,,443,45734,0,1358,17
1588617036.400884,10.10.0.10,173.194.188.105,,,45734,443,0,50,17
1588617036.4034748,173.194.188.105,10.10.0.10,,,443,45734,0,1358,17
1588617036.404014,10.10.0.10,173.194.188.105,,,45734,443,0,37,17
1588617036.4066062,10.10.0.10,173.194.188.105,,,45734,443,0,37,17
1588617036.408014,10.10.0.10,173.194.188.105,,,45734,443,0,37,17
1588617036.4083252,173.194.188.105,10.10.0.10,,,443,45734,0,1358,17
1588617036.4086845,10.10.0.10,173.194.188.105,,,45734,443,0,37,17
1588617036.410557,10.10.0.10,173.194.188.105,,,45734,443,0,37,17
1588617036.411104,10.10.0.10,173.194.188.105,,,45734,443,0,37,17
1588617036.4127119,10.10.0.10,173.194.188.105,,,45734,443,0,37,17
1588617036.413199,173.194.188.105,10.10.0.10,,,443,45734,0,1358,17
1588617036.414552,10.10.0.10,173.194.188.105,,,45734,443,0,37,17
1588617036.4166338,10.10.0.10,173.194.188.105,,,45734,443,0,37,17
1588617036.4171536,10.10.0.10,173.194.188.105,,,45734,443,0,37,17
1588617036.417758,10.10.0.10,173.194.188.105,,,45734,443,0,37,17
1588617036.418056,173.194.188.105,10.10.0.10,,,443,45734,0,1358,17
1588617036.4229882,173.194.188.105,10.10.0.10,,,443,45734,0,1358,17
1588617036.4246302,10.10.0.10,173.194.188.105,,,45734,443,0,37,17
1588617036.42787,173.194.188.105,10.10.0.10,,,443,45734,0,1358,17
1588617036.4327009,173.194.188.105,10.10.0.10,,,443,45734,0,1358,17
1588617036.437575,173.194.188.105,10.10.0.10,,,443,45734,0,1358,17
1588617036.4424741,173.194.188.105,10.10.0.10,,,443,45734,0,1358,17
1588617036.447345,173.194.188.105,10.10.0.10,,,443,45734,0,1358,17
1588617036.4521885,173.194.188.105,10.10.0.10,,,443,45734,0,1358,17
1588617036.457088,173.194.188.105,10.10.0.10,,,443,45734,0,1358,17
1588617036.46191,173.194.188.105,10.10.0.10,,,443,45734,0,1358,17
1588617036.466831,173.194.188.105,10.10.0.10,,,443,45734,0,1358,17
1588617036.4717019,173.194.188.105,10.10.0.10,,,443,45734,0,1358,17
1588617036.4765186,173.194.188.105,10.10.0.10,,,443,45734,0,1358,17
1588617036.481408,173.194.188.105,10.10.0.10,,,443,45734,0,1358,17
1588617036.4863148,173.194.188.105,10.10.0.10,,,443,45734,0,1358,17
1588617036.4911866,173.194.188.105,10.10.0.10,,,443,45734,0,1358,17
1588617036.496059,173.194.188.105,10.10.0.10,,,443,45734,0,1358,17
1588617036.500934,173.194.188.105,10.10.0.10,,,443,45734,0,1358,17
1588617036.505802,173.194.188.105,10.10.0.10,,,443,45734,0,1358,17
1588617036.5106769,173.194.188.105,10.10.0.10,,,443,45734,0,1358,17
1588617036.5155482,173.194.188.105,10.10.0.10,,,443,45734,0,1358,17
1588617036.520389,173.194.188.105,10.10.0.10,,,443,45734,0,1358,17
1588617036.5238776,10.10.0.10,173.194.188.105,,,45734,443,0,37,17
1588617036.5252578,173.194.188.105,10.10.0.10,,,443,45734,0,1358,17
1588617036.5257401,10.10.0.10,173.194.188.105,,,45734,443,0,37,17
1588617036.5272348,10.10.0.10,173.194.188.105,,,45734,443,0,37,17
1588617036.529639,10.10.0.10,173.194.188.105,,,45734,443,0,37,17
1588617036.530112,173.194.188.105,10.10.0.10,,,443,45734,0,1358,17
1588617036.531016,10.10.0.10,173.194.188.105,,,45734,443,0,37,17
1588617036.532377,10.10.0.10,173.194.188.105,,,45734,443,0,37,17
1588617036.534285,10.10.0.10,173.194.188.105,,,45734,443,0,37,17
1588617036.535005,173.194.188.105,10.10.0.10,,,443,45734,0,1358,17
1588617036.535491,10.10.0.10,173.194.188.105,,,45734,443,0,50,17
1588617036.537016,10.10.0.10,173.194.188.105,,,45734,443,0,37,17
1588617036.5380282,10.10.0.10,173.194.188.105,,,45734,443,0,37,17
1588617036.5389464,10.10.0.10,173.194.188.105,,,45734,443,0,37,17
1588617036.539901,173.194.188.105,10.10.0.10,,,443,45734,0,1358,17
1588617036.541439,10.10.0.10,173.194.188.105,,,45734,443,0,37,17
1588617036.544774,173.194.188.105,10.10.0.10,,,443,45734,0,1358,17
1588617036.549649,173.194.188.105,10.10.0.10,,,443,45734,0,1358,17
1588617036.554502,173.194.188.105,10.10.0.10,,,443,45734,0,1358,17
1588617036.5593262,173.194.188.105,10.10.0.10,,,443,45734,0,1358,17
1588617036.564197,173.194.188.105,10.10.0.10,,,443,45734,0,1358,17
1588617036.5690858,173.194.188.105,10.10.0.10,,,443,45734,0,1358,17
1588617036.57396,173.194.188.105,10.10.0.10,,,443,45734,0,1358,17
1588617036.578807,173.194.188.105,10.10.0.10,,,443,45734,0,29,17
1588617036.5790205,173.194.188.105,10.10.0.10,,,443,45734,0,1358,17
1588617036.583893,173.194.188.105,10.10.0.10,,,443,45734,0,1358,17
1588617036.5887961,173.194.188.105,10.10.0.10,,,443,45734,0,1358,17
1588617036.593695,173.194.188.105,10.10.0.10,,,443,45734,0,1358,17
1588617036.5985172,173.194.188.105,10.10.0.10,,,443,45734,0,1358,17
1588617036.603443,173.194.188.105,10.10.0.10,,,443,45734,0,1358,17
1588617036.6082852,173.194.188.105,10.10.0.10,,,443,45734,0,1358,17
1588617036.613186,173.194.188.105,10.10.0.10,,,443,45734,0,1358,17
1588617036.6179981,173.194.188.105,10.10.0.10,,,443,45734,0,1358,17
1588617036.6228669,173.194.188.105,10.10.0.10,,,443,45734,0,1358,17
1588617036.627772,173.194.188.105,10.10.0.10,,,443,45734,0,1358,17
1588617036.6326652,173.194.188.105,10.10.0.10,,,443,45734,0,1358,17
1588617036.637543,173.194.188.105,10.10.0.10,,,443,45734,0,1358,17
1588617036.6418538,10.10.0.10,173.194.188.105,,,45734,443,0,37,17
1588617036.642384,173.194.188.105,10.10.0.10,,,443,45734,0,1358,17
1588617036.647288,173.194.188.105,10.10.0.10,,,443,45734,0,1358,17
1588617036.650075,10.10.0.10,173.194.188.105,,,45734,443,0,37,17
1588617036.6516142,10.10.0.10,173.194.188.105,,,45734,443,0,37,17
1588617036.652126,173.194.188.105,10.10.0.10,,,443,45734,0,1358,17
1588617036.654266,10.10.0.10,173.194.188.105,,,45734,443,0,37,17
1588617036.654289,10.10.0.10,173.194.188.105,,,45734,443,0,37,17
1588617036.656656,10.10.0.10,173.194.188.105,,,45734,443,0,37,17
1588617036.656966,173.194.188.105,10.10.0.10,,,443,45734,0,1358,17
1588617036.6591392,10.10.0.10,173.194.188.105,,,45734,443,0,37,17
1588617036.6591802,10.10.0.10,173.194.188.105,,,45734,443,0,37,17
1588617036.6596189,10.10.0.10,173.194.188.105,,,45734,443,0,37,17
1588617036.661089,10.10.0.10,173.194.188.105,,,45734,443,0,37,17
1588617036.6618366,173.194.188.105,10.10.0.10,,,443,45734,0,284,17
1588617036.662083,10.10.0.10,173.194.188.105,,,45734,443,0,37,17
1588617036.6633892,10.10.0.10,173.194.188.105,,,45734,443,0,37,17
1588617036.6638498,10.10.0.10,173.194.188.105,,,45734,443,0,37,17
1588617036.7603822,10.10.0.10,173.194.188.105,,,45734,443,0,731,17
1588617036.7604132,10.10.0.10,173.194.188.105,,,45734,443,0,48,17
1588617036.76059,10.10.0.10,173.194.188.105,,,45734,443,0,727,17
1588617036.760751,10.10.0.10,173.194.188.105,,,45734,443,0,48,17
1588617036.764761,173.194.188.105,10.10.0.10,,,443,45734,0,115,17
1588617036.7647884,173.194.188.105,10.10.0.10,,,443,45734,0,1358,17
1588617036.7648,173.194.188.105,10.10.0.10,,,443,45734,0,1358,17
1588617036.767848,10.10.0.10,173.194.188.105,,,45734,443,0,37,17
1588617036.7695026,173.194.188.105,10.10.0.10,,,443,45734,0,1358,17
1588617036.7710738,10.10.0.10,173.194.188.105,,,45734,443,0,37,17
1588617036.7743812,173.194.188.105,10.10.0.10,,,443,45734,0,1358,17
1588617036.7792401,173.194.188.105,10.10.0.10,,,443,45734,0,1358,17
1588617036.7809882,10.10.0.10,173.194.188.105,,,45734,443,0,37,17
1588617036.784112,173.194.188.105,10.10.0.10,,,443,45734,0,1358,17
1588617036.788984,173.194.188.105,10.10.0.10,,,443,45734,0,1358,17
1588617036.7938561,173.194.188.105,10.10.0.10,,,443,45734,0,1358,17
1588617036.7987332,173.194.188.105,10.10.0.10,,,443,45734,0,1358,17
1588617036.803604,173.194.188.105,10.10.0.10,,,443,45734,0,1358,17
1588617036.8084474,173.194.188.105,10.10.0.10,,,443,45734,0,1358,17
1588617036.8133366,173.194.188.105,10.10.0.10,,,443,45734,0,1358,17
1588617036.818207,173.194.188.105,10.10.0.10,,,443,45734,0,1358,17
1588617036.82308,173.194.188.105,10.10.0.10,,,443,45734,0,1358,17
1588617036.827951,173.194.188.105,10.10.0.10,,,443,45734,0,1358,17
1588617036.832822,173.194.188.105,10.10.0.10,,,443,45734,0,1358,17
1588617036.837696,173.194.188.105,10.10.0.10,,,443,45734,0,1358,17
1588617036.842564,173.194.188.105,10.10.0.10,,,443,45734,0,1358,17
1588617036.8474338,173.194.188.105,10.10.0.10,,,443,45734,0,1358,17
1588617036.8523052,173.194.188.105,10.10.0.10,,,443,45734,0,1358,17
1588617036.85718,173.194.188.105,10.10.0.10,,,443,45734,0,1358,17
1588617036.861989,173.194.188.105,10.10.0.10,,,443,45734,0,1358,17
1588617036.8669212,173.194.188.105,10.10.0.10,,,443,45734,0,1358,17
1588617036.8718,173.194.188.105,10.10.0.10,,,443,45734,0,1358,17
1588617036.876656,173.194.188.105,10.10.0.10,,,443,45734,0,1358,17
1588617036.8805466,10.10.0.10,173.194.188.105,,,45734,443,0,37,17
1588617036.881506,173.194.188.105,10.10.0.10,,,443,45734,0,1358,17
1588617036.884209,10.10.0.10,173.194.188.105,,,45734,443,0,37,17
1588617036.8864052,173.194.188.105,10.10.0.10,,,443,45734,0,1358,17
1588617036.886944,10.10.0.10,173.194.188.105,,,45734,443,0,37,17
1588617036.8912768,173.194.188.105,10.10.0.10,,,443,45734,0,1358,17
1588617036.8912995,10.10.0.10,173.194.188.105,,,45734,443,0,37,17
1588617036.8913288,10.10.0.10,173.194.188.105,,,45734,443,0,37,17
1588617036.8915162,10.10.0.10,173.194.188.105,,,45734,443,0,37,17
1588617036.8920634,10.10.0.10,173.194.188.105,,,45734,443,0,37,17
1588617036.892838,10.10.0.10,173.194.188.105,,,45734,443,0,37,17
1588617036.894274,10.10.0.10,173.194.188.105,,,45734,443,0,37,17
1588617036.8949552,10.10.0.10,173.194.188.105,,,45734,443,0,37,17
1588617036.896125,173.194.188.105,10.10.0.10,,,443,45734,0,1358,17
1588617036.896561,10.10.0.10,173.194.188.105,,,45734,443,0,37,17
1588617036.897119,10.10.0.10,173.194.188.105,,,45734,443,0,37,17
1588617036.9010189,173.194.188.105,10.10.0.10,,,443,45734,0,1358,17
1588617036.905868,173.194.188.105,10.10.0.10,,,443,45734,0,1358,17
1588617036.9107628,173.194.188.105,10.10.0.10,,,443,45734,0,1358,17
1588617036.915607,173.194.188.105,10.10.0.10,,,443,45734,0,1358,17
1588617036.920505,173.194.188.105,10.10.0.10,,,443,45734,0,1358,17
1588617036.925316,173.194.188.105,10.10.0.10,,,443,45734,0,1358,17
1588617036.9302359,173.194.188.105,10.10.0.10,,,443,45734,0,1358,17
1588617036.935122,173.194.188.105,10.10.0.10,,,443,45734,0,1358,17
1588617036.93999,173.194.188.105,10.10.0.10,,,443,45734,0,1358,17
1588617036.944862,173.194.188.105,10.10.0.10,,,443,45734,0,1358,17
1588617036.9497359,173.194.188.105,10.10.0.10,,,443,45734,0,1358,17
1588617036.954608,173.194.188.105,10.10.0.10,,,443,45734,0,1358,17
1588617036.95948,173.194.188.105,10.10.0.10,,,443,45734,0,1358,17
1588617036.964351,173.194.188.105,10.10.0.10,,,443,45734,0,1358,17
1588617036.969197,173.194.188.105,10.10.0.10,,,443,45734,0,1358,17
1588617036.9740946,173.194.188.105,10.10.0.10,,,443,45734,0,1358,17
1588617036.9789288,173.194.188.105,10.10.0.10,,,443,45734,0,1358,17
1588617036.983833,173.194.188.105,10.10.0.10,,,443,45734,0,1358,17
1588617036.9886448,173.194.188.105,10.10.0.10,,,443,45734,0,1358,17
1588617036.993576,173.194.188.105,10.10.0.10,,,443,45734,0,1358,17
1588617036.9984472,173.194.188.105,10.10.0.10,,,443,45734,0,1358,17
1588617037.003318,173.194.188.105,10.10.0.10,,,443,45734,0,1358,17
1588617037.007571,10.10.0.10,173.194.188.105,,,45734,443,0,37,17
1588617037.008167,173.194.188.105,10.10.0.10,,,443,45734,0,1358,17
1588617037.013061,173.194.188.105,10.10.0.10,,,443,45734,0,1358,17
1588617037.017936,173.194.188.105,10.10.0.10,,,443,45734,0,1358,17
1588617037.0228052,173.194.188.105,10.10.0.10,,,443,45734,0,1358,17
1588617037.0233526,10.10.0.10,173.194.188.105,,,45734,443,0,37,17
1588617037.0282428,173.194.188.105,10.10.0.10,,,443,45734,0,1358,17
1588617037.033134,173.194.188.105,10.10.0.10,,,443,45734,0,1358,17
1588617037.038005,173.194.188.105,10.10.0.10,,,443,45734,0,1358,17
1588617037.125995,10.10.0.10,173.194.188.105,,,45734,443,0,37,17
1588617037.1306179,173.194.188.105,10.10.0.10,,,443,45734,0,1358,17
1588617037.130661,173.194.188.105,10.10.0.10,,,443,45734,0,1358,17
1588617037.133554,10.10.0.10,173.194.188.105,,,45734,443,0,37,17
1588617037.135334,10.10.0.10,173.194.188.105,,,45734,443,0,50,17
1588617037.1377509,173.194.188.105,10.10.0.10,,,443,45734,0,1358,17
1588617037.13891,10.10.0.10,173.194.188.105,,,45734,443,0,37,17
1588617037.139703,173.194.188.105,10.10.0.10,,,443,45734,0,1358,17
1588617037.1417608,10.10.0.10,173.194.188.105,,,45734,443,0,37,17
1588617037.144567,173.194.188.105,10.10.0.10,,,443,45734,0,29,17
1588617037.144759,173.194.188.105,10.10.0.10,,,443,45734,0,1358,17
1588617037.146128,10.10.0.10,173.194.188.105,,,45734,443,0,37,17
1588617037.1461706,10.10.0.10,173.194.188.105,,,45734,443,0,37,17
1588617037.1471472,10.10.0.10,173.194.188.105,,,45734,443,0,37,17
1588617037.14967,173.194.188.105,10.10.0.10,,,443,45734,0,1358,17
1588617037.15454,173.194.188.105,10.10.0.10,,,443,45734,0,1358,17
1588617037.159415,173.194.188.105,10.10.0.10,,,443,45734,0,1358,17
1588617037.1642818,173.194.188.105,10.10.0.10,,,443,45734,0,1358,17
1588617037.169159,173.194.188.105,10.10.0.10,,,443,45734,0,1358,17
1588617037.174027,173.194.188.105,10.10.0.10,,,443,45734,0,1358,17
1588617037.1789012,173.194.188.105,10.10.0.10,,,443,45734,0,1358,17
1588617037.183772,173.194.188.105,10.10.0.10,,,443,45734,0,1358,17
1588617037.188616,173.194.188.105,10.10.0.10,,,443,45734,0,1358,17
1588617037.193511,173.194.188.105,10.10.0.10,,,443,45734,0,1358,17
1588617037.1983812,173.194.188.105,10.10.0.10,,,443,45734,0,1358,17
1588617037.199328,10.10.0.10,173.194.188.105,,,45734,443,0,37,17
1588617037.19937,10.10.0.10,173.194.188.105,,,45734,443,0,37,17
1588617037.203239,173.194.188.105,10.10.0.10,,,443,45734,0,1358,17
1588617037.2036376,10.10.0.10,173.194.188.105,,,45734,443,0,37,17
1588617037.2046402,10.10.0.10,173.194.188.105,,,45734,443,0,37,17
1588617037.2072868,10.10.0.10,173.194.188.105,,,45734,443,0,37,17
1588617037.2073278,10.10.0.10,173.194.188.105,,,45734,443,0,37,17
1588617037.2081242,173.194.188.105,10.10.0.10,,,443,45734,0,1358,17
1588617037.209516,10.10.0.10,173.194.188.105,,,45734,443,0,37,17
1588617037.210751,10.10.0.10,173.194.188.105,,,45734,443,0,37,17
1588617037.212126,10.10.0.10,173.194.188.105,,,45734,443,0,37,17
1588617037.21297,173.194.188.105,10.10.0.10,,,443,45734,0,1358,17
1588617037.213104,10.10.0.10,173.194.188.105,,,45734,443,0,37,17
1588617037.213683,10.10.0.10,173.194.188.105,,,45734,443,0,37,17
1588617037.21514,10.10.0.10,173.194.188.105,,,45734,443,0,37,17
1588617037.2172835,10.10.0.10,173.194.188.105,,,45734,443,0,37,17
1588617037.217849,173.194.188.105,10.10.0.10,,,443,45734,0,1358,17
1588617037.2189012,10.10.0.10,173.194.188.105,,,45734,443,0,37,17
1588617037.2194755,10.10.0.10,173.194.188.105,,,45734,443,0,50,17
1588617037.2227411,173.194.188.105,10.10.0.10,,,443,45734,0,1358,17
1588617037.224387,10.10.0.10,173.194.188.105,,,45734,443,0,37,17
1588617037.227615,173.194.188.105,10.10.0.10,,,443,45734,0,1358,17
1588617037.232451,173.194.188.105,10.10.0.10,,,443,45734,0,1358,17
1588617037.234017,10.10.0.10,173.194.188.105,,,45734,443,0,37,17
1588617037.237362,173.194.188.105,10.10.0.10,,,443,45734,0,1358,17
1588617037.242226,173.194.188.105,10.10.0.10,,,443,45734,0,1358,17
1588617037.2439039,10.10.0.10,173.194.188.105,,,45734,443,0,37,17
1588617037.247066,173.194.188.105,10.10.0.10,,,443,45734,0,1358,17
1588617037.252483,173.194.188.105,10.10.0.10,,,443,45734,0,1358,17
1588617037.255457,10.10.0.10,173.194.188.105,,,45734,443,0,37,17
1588617037.257424,173.194.188.105,10.10.0.10,,,443,45734,0,1358,17
1588617037.262264,173.194.188.105,10.10.0.10,,,443,45734,0,1358,17
1588617037.2639492,10.10.0.10,173.194.188.105,,,45734,443,0,37,17
1588617037.267166,173.194.188.105,10.10.0.10,,,443,45734,0,1358,17
1588617037.2719731,173.194.188.105,10.10.0.10,,,443,45734,0,1358,17
1588617037.27397,10.10.0.10,173.194.188.105,,,45734,443,0,37,17
1588617037.2769089,173.194.188.105,10.10.0.10,,,443,45734,0,1358,17
1588617037.281791,173.194.188.105,10.10.0.10,,,443,45734,0,1358,17
1588617037.283534,10.10.0.10,173.194.188.105,,,45734,443,0,37,17
1588617037.286621,173.194.188.105,10.10.0.10,,,443,45734,0,1358,17
1588617037.2915251,173.194.188.105,10.10.0.10,,,443,45734,0,1358,17
1588617037.2936769,10.10.0.10,173.194.188.105,,,45734,443,0,37,17
1588617037.296403,173.194.188.105,10.10.0.10,,,443,45734,0,1358,17
1588617037.3012748,173.194.188.105,10.10.0.10,,,443,45734,0,1358,17
1588617037.303544,10.10.0.10,173.194.188.105,,,45734,443,0,37,17
1588617037.306158,173.194.188.105,10.10.0.10,,,443,45734,0,1358,17
1588617037.311017,173.194.188.105,10.10.0.10,,,443,45734,0,1358,17
1588617037.313129,10.10.0.10,173.194.188.105,,,45734,443,0,37,17
1588617037.3158894,173.194.188.105,10.10.0.10,,,443,45734,0,1358,17
1588617037.320751,173.194.188.105,10.10.0.10,,,443,45734,0,1358,17
1588617037.322607,10.10.0.10,173.194.188.105,,,45734,443,0,37,17
1588617037.325592,173.194.188.105,10.10.0.10,,,443,45734,0,1358,17
1588617037.330504,173.194.188.105,10.10.0.10,,,443,45734,0,1358,17
1588617037.3322108,10.10.0.10,173.194.188.105,,,45734,443,0,37,17
1588617037.335304,173.194.188.105,10.10.0.10,,,443,45734,0,1358,17
1588617037.3402462,173.194.188.105,10.10.0.10,,,443,45734,0,1358,17
1588617037.3421082,10.10.0.10,173.194.188.105,,,45734,443,0,37,17
1588617037.345083,173.194.188.105,10.10.0.10,,,443,45734,0,1358,17
1588617037.3499901,173.194.188.105,10.10.0.10,,,443,45734,0,1358,17
1588617037.351681,10.10.0.10,173.194.188.105,,,45734,443,0,37,17
1588617037.3548028,173.194.188.105,10.10.0.10,,,443,45734,0,1358,17
1588617037.359731,173.194.188.105,10.10.0.10,,,443,45734,0,1358,17
1588617037.361481,10.10.0.10,173.194.188.105,,,45734,443,0,37,17
1588617037.3646019,173.194.188.105,10.10.0.10,,,443,45734,0,1358,17
1588617037.369475,173.194.188.105,10.10.0.10,,,443,45734,0,1358,17
1588617037.371528,10.10.0.10,173.194.188.105,,,45734,443,0,37,17
1588617037.374346,173.194.188.105,10.10.0.10,,,443,45734,0,1358,17
1588617037.379193,173.194.188.105,10.10.0.10,,,443,45734,0,1358,17
1588617037.3808372,10.10.0.10,173.194.188.105,,,45734,443,0,37,17
1588617037.384089,173.194.188.105,10.10.0.10,,,443,45734,0,1358,17
1588617037.388923,173.194.188.105,10.10.0.10,,,443,45734,0,1358,17
1588617037.390713,10.10.0.10,173.194.188.105,,,45734,443,0,37,17
1588617037.393831,173.194.188.105,10.10.0.10,,,443,45734,0,1358,17
1588617037.398664,173.194.188.105,10.10.0.10,,,443,45734,0,1358,17
1588617037.4003556,10.10.0.10,173.194.188.105,,,45734,443,0,37,17
1588617037.4035769,173.194.188.105,10.10.0.10,,,443,45734,0,1358,17
1588617037.408408,173.194.188.105,10.10.0.10,,,443,45734,0,1358,17
1588617037.4101439,10.10.0.10,173.194.188.105,,,45734,443,0,53,17
1588617037.4133158,173.194.188.105,10.10.0.10,,,443,45734,0,1358,17
1588617037.415026,10.10.0.10,173.194.188.105,,,45734,443,0,37,17
1588617037.4181318,173.194.188.105,10.10.0.10,,,443,45734,0,1358,17
1588617037.423005,173.194.188.105,10.10.0.10,,,443,45734,0,1358,17
1588617037.4249039,10.10.0.10,173.194.188.105,,,45734,443,0,37,17
1588617037.4277198,173.194.188.105,10.10.0.10,,,443,45734,0,1358,17
1588617037.4323351,173.194.188.105,10.10.0.10,,,443,45734,0,1358,17
1588617037.4339821,10.10.0.10,173.194.188.105,,,45734,443,0,37,17
1588617037.43703,173.194.188.105,10.10.0.10,,,443,45734,0,1358,17
1588617037.4416852,173.194.188.105,10.10.0.10,,,443,45734,0,1358,17
1588617037.443354,10.10.0.10,173.194.188.105,,,45734,443,0,37,17
1588617037.4463322,173.194.188.105,10.10.0.10,,,443,45734,0,1358,17
1588617037.450988,173.194.188.105,10.10.0.10,,,443,45734,0,1358,17
1588617037.4526188,10.10.0.10,173.194.188.105,,,45734,443,0,37,17
1588617037.4556,173.194.188.105,10.10.0.10,,,443,45734,0,1358,17
1588617037.4602964,173.194.188.105,10.10.0.10,,,443,45734,0,1358,17
1588617037.4619422,10.10.0.10,173.194.188.105,,,45734,443,0,37,17
1588617037.4649134,173.194.188.105,10.10.0.10,,,443,45734,0,1358,17
1588617037.469608,173.194.188.105,10.10.0.10,,,443,45734,0,1358,17
1588617037.471376,10.10.0.10,173.194.188.105,,,45734,443,0,37,17
1588617037.4742649,173.194.188.105,10.10.0.10,,,443,45734,0,1358,17
1588617037.478873,173.194.188.105,10.10.0.10,,,443,45734,0,1358,17
1588617037.4808035,10.10.0.10,173.194.188.105,,,45734,443,0,37,17
1588617037.483575,173.194.188.105,10.10.0.10,,,443,45734,0,1358,17
1588617037.4882321,173.194.188.105,10.10.0.10,,,443,45734,0,1358,17
1588617037.4928858,173.194.188.105,10.10.0.10,,,443,45734,0,1358,17
1588617037.4975276,173.194.188.105,10.10.0.10,,,443,45734,0,1358,17
1588617037.4977582,10.10.0.10,173.194.188.105,,,45734,443,0,37,17
1588617037.499176,10.10.0.10,173.194.188.105,,,45734,443,0,37,17
1588617037.5021448,173.194.188.105,10.10.0.10,,,443,45734,0,1358,17
1588617037.506851,173.194.188.105,10.10.0.10,,,443,45734,0,1358,17
1588617037.509598,10.10.0.10,173.194.188.105,,,45734,443,0,37,17
1588617037.5115075,173.194.188.105,10.10.0.10,,,443,45734,0,1358,17
1588617037.5161624,173.194.188.105,10.10.0.10,,,443,45734,0,1358,17
1588617037.5179582,10.10.0.10,173.194.188.105,,,45734,443,0,37,17
1588617037.520819,173.194.188.105,10.10.0.10,,,443,45734,0,1358,17
1588617037.5254278,173.194.188.105,10.10.0.10,,,443,45734,0,1358,17
1588617037.527117,10.10.0.10,173.194.188.105,,,45734,443,0,37,17
1588617037.530129,173.194.188.105,10.10.0.10,,,443,45734,0,1358,17
1588617037.534785,173.194.188.105,10.10.0.10,,,443,45734,0,1358,17
1588617037.5364988,10.10.0.10,173.194.188.105,,,45734,443,0,37,17
1588617037.5394409,173.194.188.105,10.10.0.10,,,443,45734,0,1358,17
1588617037.5440972,173.194.188.105,10.10.0.10,,,443,45734,0,1358,17
1588617037.545704,10.10.0.10,173.194.188.105,,,45734,443,0,37,17
1588617037.548712,173.194.188.105,10.10.0.10,,,443,45734,0,1358,17
1588617037.553407,173.194.188.105,10.10.0.10,,,443,45734,0,1358,17
1588617037.555024,10.10.0.10,173.194.188.105,,,45734,443,0,37,17
1588617037.558064,173.194.188.105,10.10.0.10,,,443,45734,0,1358,17
1588617037.562691,173.194.188.105,10.10.0.10,,,443,45734,0,1358,17
1588617037.564226,10.10.0.10,173.194.188.105,,,45734,443,0,37,17
1588617037.5673401,173.194.188.105,10.10.0.10,,,443,45734,0,1358,17
1588617037.571968,173.194.188.105,10.10.0.10,,,443,45734,0,1358,17
1588617037.573577,10.10.0.10,173.194.188.105,,,45734,443,0,37,17
1588617037.576686,173.194.188.105,10.10.0.10,,,443,45734,0,1358,17
1588617037.581342,173.194.188.105,10.10.0.10,,,443,45734,0,1358,17
1588617037.582998,10.10.0.10,173.194.188.105,,,45734,443,0,37,17
1588617037.585997,173.194.188.105,10.10.0.10,,,443,45734,0,1358,17
1588617037.5905955,173.194.188.105,10.10.0.10,,,443,45734,0,1358,17
1588617037.593085,10.10.0.10,173.194.188.105,,,45734,443,0,50,17
1588617037.595246,173.194.188.105,10.10.0.10,,,443,45734,0,1358,17
1588617037.5999012,173.194.188.105,10.10.0.10,,,443,45734,0,1358,17
1588617037.601418,10.10.0.10,173.194.188.105,,,45734,443,0,37,17
1588617037.6045752,173.194.188.105,10.10.0.10,,,443,45734,0,1358,17
1588617037.6092231,173.194.188.105,10.10.0.10,,,443,45734,0,1358,17
1588617037.610945,10.10.0.10,173.194.188.105,,,45734,443,0,37,17
1588617037.613858,173.194.188.105,10.10.0.10,,,443,45734,0,1358,17
1588617037.618511,173.194.188.105,10.10.0.10,,,443,45734,0,1358,17
1588617037.6202214,10.10.0.10,173.194.188.105,,,45734,443,0,37,17
1588617037.6232018,173.194.188.105,10.10.0.10,,,443,45734,0,1358,17
1588617037.6278698,173.194.188.105,10.10.0.10,,,443,45734,0,1358,17
1588617037.629517,10.10.0.10,173.194.188.105,,,45734,443,0,37,17
1588617037.632519,173.194.188.105,10.10.0.10,,,443,45734,0,1358,17
1588617037.637199,173.194.188.105,10.10.0.10,,,443,45734,0,1358,17
1588617037.639373,10.10.0.10,173.194.188.105,,,45734,443,0,37,17
1588617037.6418526,173.194.188.105,10.10.0.10,,,443,45734,0,1358,17
1588617037.6465092,173.194.188.105,10.10.0.10,,,443,45734,0,1358,17
1588617037.648203,10.10.0.10,173.194.188.105,,,45734,443,0,37,17
1588617037.651169,173.194.188.105,10.10.0.10,,,443,45734,0,1358,17
1588617037.655762,173.194.188.105,10.10.0.10,,,443,45734,0,1358,17
1588617037.657576,10.10.0.10,173.194.188.105,,,45734,443,0,37,17
1588617037.660423,173.194.188.105,10.10.0.10,,,443,45734,0,1358,17
1588617037.6651492,173.194.188.105,10.10.0.10,,,443,45734,0,1358,17
1588617037.666827,10.10.0.10,173.194.188.105,,,45734,443,0,37,17
1588617037.669793,173.194.188.105,10.10.0.10,,,443,45734,0,1358,17
1588617037.6744509,173.194.188.105,10.10.0.10,,,443,45734,0,1358,17
1588617037.6763902,10.10.0.10,173.194.188.105,,,45734,443,0,37,17
1588617037.6790748,173.194.188.105,10.10.0.10,,,443,45734,0,1358,17
1588617037.6837056,173.194.188.105,10.10.0.10,,,443,45734,0,1358,17
1588617037.688226,10.10.0.10,173.194.188.105,,,45734,443,0,37,17
1588617037.6883802,173.194.188.105,10.10.0.10,,,443,45734,0,1358,17
1588617037.6935716,173.194.188.105,10.10.0.10,,,443,45734,0,1358,17
1588617037.6950538,10.10.0.10,173.194.188.105,,,45734,443,0,37,17
1588617037.698224,173.194.188.105,10.10.0.10,,,443,45734,0,1358,17
1588617037.702929,173.194.188.105,10.10.0.10,,,443,45734,0,1358,17
1588617037.7045276,10.10.0.10,173.194.188.105,,,45734,443,0,37,17
1588617037.707562,173.194.188.105,10.10.0.10,,,443,45734,0,1358,17
1588617037.7122452,173.194.188.105,10.10.0.10,,,443,45734,0,1358,17
1588617037.7138882,10.10.0.10,173.194.188.105,,,45734,443,0,37,17
1588617037.716899,173.194.188.105,10.10.0.10,,,443,45734,0,1358,17
1588617037.721555,173.194.188.105,10.10.0.10,,,443,45734,0,1358,17
1588617037.7233698,10.10.0.10,173.194.188.105,,,45734,443,0,37,17
1588617037.726161,173.194.188.105,10.10.0.10,,,443,45734,0,1358,17
1588617037.730806,173.194.188.105,10.10.0.10,,,443,45734,0,1358,17
1588617037.732311,10.10.0.10,173.194.188.105,,,45734,443,0,37,17
1588617037.7354898,173.194.188.105,10.10.0.10,,,443,45734,0,1358,17
1588617037.740173,173.194.188.105,10.10.0.10,,,443,45734,0,1358,17
1588617037.7421641,10.10.0.10,173.194.188.105,,,45734,443,0,37,17
1588617037.7448292,173.194.188.105,10.10.0.10,,,443,45734,0,1358,17
1588617037.749484,173.194.188.105,10.10.0.10,,,443,45734,0,1358,17
1588617037.751049,10.10.0.10,173.194.188.105,,,45734,443,0,37,17
1588617037.7541401,173.194.188.105,10.10.0.10,,,443,45734,0,1358,17
1588617037.758769,173.194.188.105,10.10.0.10,,,443,45734,0,1358,17
1588617037.7603831,10.10.0.10,173.194.188.105,,,45734,443,0,37,17
1588617037.763456,173.194.188.105,10.10.0.10,,,443,45734,0,1358,17
1588617037.768111,173.194.188.105,10.10.0.10,,,443,45734,0,1358,17
1588617037.7696881,10.10.0.10,173.194.188.105,,,45734,443,0,37,17
1588617037.772768,173.194.188.105,10.10.0.10,,,443,45734,0,1358,17
1588617037.7774222,173.194.188.105,10.10.0.10,,,443,45734,0,1358,17
1588617037.7789311,10.10.0.10,173.194.188.105,,,45734,443,0,50,17
1588617037.782049,173.194.188.105,10.10.0.10,,,443,45734,0,1358,17
1588617037.7867332,173.194.188.105,10.10.0.10,,,443,45734,0,1358,17
1588617037.7883902,10.10.0.10,173.194.188.105,,,45734,443,0,37,17
1588617037.7913885,173.194.188.105,10.10.0.10,,,443,45734,0,1358,17
1588617037.7960439,173.194.188.105,10.10.0.10,,,443,45734,0,1358,17
1588617037.797689,10.10.0.10,173.194.188.105,,,45734,443,0,37,17
1588617037.8007019,173.194.188.105,10.10.0.10,,,443,45734,0,1358,17
1588617037.805295,173.194.188.105,10.10.0.10,,,443,45734,0,1358,17
1588617037.8070989,10.10.0.10,173.194.188.105,,,45734,443,0,37,17
1588617037.81001,173.194.188.105,10.10.0.10,,,443,45734,0,1358,17
1588617037.814667,173.194.188.105,10.10.0.10,,,443,45734,0,1358,17
1588617037.8163052,10.10.0.10,173.194.188.105,,,45734,443,0,37,17
1588617037.819322,173.194.188.105,10.10.0.10,,,443,45734,0,1358,17
1588617037.823978,173.194.188.105,10.10.0.10,,,443,45734,0,1358,17
1588617037.8255572,10.10.0.10,173.194.188.105,,,45734,443,0,37,17
1588617037.8285725,173.194.188.105,10.10.0.10,,,443,45734,0,1358,17
1588617037.8332481,173.194.188.105,10.10.0.10,,,443,45734,0,1358,17
1588617037.8348482,10.10.0.10,173.194.188.105,,,45734,443,0,37,17
1588617037.837944,173.194.188.105,10.10.0.10,,,443,45734,0,1358,17
1588617037.8425992,173.194.188.105,10.10.0.10,,,443,45734,0,1358,17
1588617037.8443284,10.10.0.10,173.194.188.105,,,45734,443,0,37,17
1588617037.847256,173.194.188.105,10.10.0.10,,,443,45734,0,1358,17
1588617037.8518536,173.194.188.105,10.10.0.10,,,443,45734,0,1358,17
1588617037.8535619,10.10.0.10,173.194.188.105,,,45734,443,0,37,17
1588617037.8565671,173.194.188.105,10.10.0.10,,,443,45734,0,1358,17
1588617037.861223,173.194.188.105,10.10.0.10,,,443,45734,0,1358,17
1588617037.8633056,10.10.0.10,173.194.188.105,,,45734,443,0,37,17
1588617037.8658464,173.194.188.105,10.10.0.10,,,443,45734,0,1358,17
1588617037.8705318,173.194.188.105,10.10.0.10,,,443,45734,0,1358,17
1588617037.8724554,10.10.0.10,173.194.188.105,,,45734,443,0,37,17
1588617037.875184,173.194.188.105,10.10.0.10,,,443,45734,0,1358,17
1588617037.879847,173.194.188.105,10.10.0.10,,,443,45734,0,1358,17
1588617037.882143,10.10.0.10,173.194.188.105,,,45734,443,0,37,17
1588617037.8844981,173.194.188.105,10.10.0.10,,,443,45734,0,1358,17
1588617037.8891304,173.194.188.105,10.10.0.10,,,443,45734,0,1358,17
1588617037.8913069,10.10.0.10,173.194.188.105,,,45734,443,0,37,17
1588617037.893811,173.194.188.105,10.10.0.10,,,443,45734,0,1358,17
1588617037.898473,173.194.188.105,10.10.0.10,,,443,45734,0,1358,17
1588617037.9000974,10.10.0.10,173.194.188.105,,,45734,443,0,37,17
1588617037.903121,173.194.188.105,10.10.0.10,,,443,45734,0,1358,17
1588617037.9077759,173.194.188.105,10.10.0.10,,,443,45734,0,1358,17
1588617037.909536,10.10.0.10,173.194.188.105,,,45734,443,0,37,17
1588617037.912409,173.194.188.105,10.10.0.10,,,443,45734,0,1358,17
1588617037.917088,173.194.188.105,10.10.0.10,,,443,45734,0,1358,17
1588617037.918658,10.10.0.10,173.194.188.105,,,45734,443,0,37,17
1588617037.9217439,173.194.188.105,10.10.0.10,,,443,45734,0,1358,17
1588617037.926399,173.194.188.105,10.10.0.10,,,443,45734,0,1358,17
1588617037.9278722,10.10.0.10,173.194.188.105,,,45734,443,0,37,17
1588617037.931055,173.194.188.105,10.10.0.10,,,443,45734,0,1358,17
1588617037.9356828,173.194.188.105,10.10.0.10,,,443,45734,0,1358,17
1588617037.9372668,10.10.0.10,173.194.188.105,,,45734,443,0,37,17
1588617037.940366,173.194.188.105,10.10.0.10,,,443,45734,0,1358,17
1588617037.945025,173.194.188.105,10.10.0.10,,,443,45734,0,1358,17
1588617037.946686,10.10.0.10,173.194.188.105,,,45734,443,0,37,17
1588617037.9496784,173.194.188.105,10.10.0.10,,,443,45734,0,1358,17
1588617037.954334,173.194.188.105,10.10.0.10,,,443,45734,0,1358,17
1588617037.9581056,10.10.0.10,173.194.188.105,,,45734,443,0,37,17
1588617037.95896,173.194.188.105,10.10.0.10,,,443,45734,0,1358,17
1588617037.9636161,173.194.188.105,10.10.0.10,,,443,45734,0,1358,17
1588617037.9651198,10.10.0.10,173.194.188.105,,,45734,443,0,50,17
1588617037.9683,173.194.188.105,10.10.0.10,,,443,45734,0,1358,17
1588617037.9729562,173.194.188.105,10.10.0.10,,,443,45734,0,1358,17
1588617037.9748108,10.10.0.10,173.194.188.105,,,45734,443,0,37,17
1588617037.9776108,173.194.188.105,10.10.0.10,,,443,45734,0,1358,17
1588617037.982232,173.194.188.105,10.10.0.10,,,443,45734,0,1358,17
1588617037.983797,10.10.0.10,173.194.188.105,,,45734,443,0,37,17
1588617037.986902,173.194.188.105,10.10.0.10,,,443,45734,0,1358,17
1588617037.9915562,173.194.188.105,10.10.0.10,,,443,45734,0,1358,17
1588617037.9942741,10.10.0.10,173.194.188.105,,,45734,443,0,37,17
1588617037.996238,173.194.188.105,10.10.0.10,,,443,45734,0,1358,17
1588617038.000895,173.194.188.105,10.10.0.10,,,443,45734,0,1358,17
1588617038.002739,10.10.0.10,173.194.188.105,,,45734,443,0,37,17
1588617038.005512,173.194.188.105,10.10.0.10,,,443,45734,0,1358,17
1588617038.01021,173.194.188.105,10.10.0.10,,,443,45734,0,1358,17
1588617038.012917,10.10.0.10,173.194.188.105,,,45734,443,0,37,17
1588617038.0148358,173.194.188.105,10.10.0.10,,,443,45734,0,1358,17
1588617038.0195189,173.194.188.105,10.10.0.10,,,443,45734,0,1358,17
1588617038.02116,10.10.0.10,173.194.188.105,,,45734,443,0,37,17
1588617038.024176,173.194.188.105,10.10.0.10,,,443,45734,0,1358,17
1588617038.0287938,173.194.188.105,10.10.0.10,,,443,45734,0,1358,17
1588617038.03039,10.10.0.10,173.194.188.105,,,45734,443,0,37,17
1588617038.033486,173.194.188.105,10.10.0.10,,,443,45734,0,1358,17
1588617038.0381155,173.194.188.105,10.10.0.10,,,443,45734,0,1358,17
1588617038.0407224,10.10.0.10,173.194.188.105,,,45734,443,0,37,17
1588617038.0427961,173.194.188.105,10.10.0.10,,,443,45734,0,1358,17
1588617038.0474534,173.194.188.105,10.10.0.10,,,443,45734,0,1358,17
1588617038.0489929,10.10.0.10,173.194.188.105,,,45734,443,0,37,17
1588617038.052072,173.194.188.105,10.10.0.10,,,443,45734,0,1358,17
1588617038.0567641,173.194.188.105,10.10.0.10,,,443,45734,0,1358,17
1588617038.0584528,10.10.0.10,173.194.188.105,,,45734,443,0,37,17
1588617038.0614188,173.194.188.105,10.10.0.10,,,443,45734,0,1358,17
1588617038.0660741,173.194.188.105,10.10.0.10,,,443,45734,0,1358,17
1588617038.067679,10.10.0.10,173.194.188.105,,,45734,443,0,37,17
1588617038.070732,173.194.188.105,10.10.0.10,,,443,45734,0,1358,17
1588617038.075319,173.194.188.105,10.10.0.10,,,443,45734,0,1358,17
1588617038.080041,173.194.188.105,10.10.0.10,,,443,45734,0,1358,17
1588617038.084697,173.194.188.105,10.10.0.10,,,443,45734,0,1358,17
1588617038.0893571,173.194.188.105,10.10.0.10,,,443,45734,0,1358,17
1588617038.0940099,173.194.188.105,10.10.0.10,,,443,45734,0,29,17
1588617038.0941439,173.194.188.105,10.10.0.10,,,443,45734,0,1358,17
1588617038.0988774,173.194.188.105,10.10.0.10,,,443,45734,0,1358,17
1588617038.101865,10.10.0.10,173.194.188.105,,,45734,443,0,37,17
1588617038.1034286,10.10.0.10,173.194.188.105,,,45734,443,0,37,17
1588617038.1034892,173.194.188.105,10.10.0.10,,,443,45734,0,1358,17
1588617038.105891,10.10.0.10,173.194.188.105,,,45734,443,0,37,17
1588617038.1066804,10.10.0.10,173.194.188.105,,,45734,443,0,37,17
1588617038.108186,173.194.188.105,10.10.0.10,,,443,45734,0,1358,17
1588617038.1128454,173.194.188.105,10.10.0.10,,,443,45734,0,1358,17
1588617038.114413,10.10.0.10,173.194.188.105,,,45734,443,0,37,17
1588617038.1174989,173.194.188.105,10.10.0.10,,,443,45734,0,1358,17
1588617038.1221561,173.194.188.105,10.10.0.10,,,443,45734,0,1358,17
1588617038.1239069,10.10.0.10,173.194.188.105,,,45734,443,0,37,17
1588617038.1268098,173.194.188.105,10.10.0.10,,,443,45734,0,1358,17
1588617038.131463,173.194.188.105,10.10.0.10,,,443,45734,0,1358,17
1588617038.133157,10.10.0.10,173.194.188.105,,,45734,443,0,37,17
1588617038.1361196,173.194.188.105,10.10.0.10,,,443,45734,0,1358,17
1588617038.140775,173.194.188.105,10.10.0.10,,,443,45734,0,1358,17
1588617038.142558,10.10.0.10,173.194.188.105,,,45734,443,0,37,17
1588617038.1454115,173.194.188.105,10.10.0.10,,,443,45734,0,1358,17
1588617038.1500852,173.194.188.105,10.10.0.10,,,443,45734,0,1358,17
1588617038.154742,173.194.188.105,10.10.0.10,,,443,45734,0,1358,17
1588617038.159329,173.194.188.105,10.10.0.10,,,443,45734,0,1358,17
1588617038.164055,173.194.188.105,10.10.0.10,,,443,45734,0,1358,17
1588617038.168711,173.194.188.105,10.10.0.10,,,443,45734,0,1358,17
1588617038.173366,173.194.188.105,10.10.0.10,,,443,45734,0,1358,17
1588617038.1780221,173.194.188.105,10.10.0.10,,,443,45734,0,1358,17
1588617038.182679,173.194.188.105,10.10.0.10,,,443,45734,0,1358,17
1588617038.187333,173.194.188.105,10.10.0.10,,,443,45734,0,1358,17
1588617038.1919878,173.194.188.105,10.10.0.10,,,443,45734,0,1358,17
1588617038.196646,173.194.188.105,10.10.0.10,,,443,45734,0,1358,17
1588617038.201298,173.194.188.105,10.10.0.10,,,443,45734,0,1358,17
1588617038.2059555,173.194.188.105,10.10.0.10,,,443,45734,0,1358,17
1588617038.210613,173.194.188.105,10.10.0.10,,,443,45734,0,1358,17
1588617038.215268,173.194.188.105,10.10.0.10,,,443,45734,0,1358,17
1588617038.2199225,173.194.188.105,10.10.0.10,,,443,45734,0,1358,17
1588617038.224577,173.194.188.105,10.10.0.10,,,443,45734,0,1358,17
1588617038.229233,173.194.188.105,10.10.0.10,,,443,45734,0,1358,17
1588617038.2338881,173.194.188.105,10.10.0.10,,,443,45734,0,1358,17
1588617038.238543,173.194.188.105,10.10.0.10,,,443,45734,0,1358,17
1588617038.2431972,173.194.188.105,10.10.0.10,,,443,45734,0,1358,17
1588617038.2478518,173.194.188.105,10.10.0.10,,,443,45734,0,1358,17
1588617038.252507,173.194.188.105,10.10.0.10,,,443,45734,0,1358,17
1588617038.2571628,173.194.188.105,10.10.0.10,,,443,45734,0,1358,17
1588617038.26183,173.194.188.105,10.10.0.10,,,443,45734,0,1358,17
1588617038.2657044,10.10.0.10,173.194.188.105,,,45734,443,0,50,17
1588617038.266472,173.194.188.105,10.10.0.10,,,443,45734,0,1358,17
1588617038.27111,173.194.188.105,10.10.0.10,,,443,45734,0,1358,17
1588617038.273459,10.10.0.10,173.194.188.105,,,45734,443,0,37,17
1588617038.2749784,10.10.0.10,173.194.188.105,,,45734,443,0,37,17
1588617038.275789,173.194.188.105,10.10.0.10,,,443,45734,0,1358,17
1588617038.2773228,10.10.0.10,173.194.188.105,,,45734,443,0,37,17
1588617038.2795026,10.10.0.10,173.194.188.105,,,45734,443,0,37,17
1588617038.27955,10.10.0.10,173.194.188.105,,,45734,443,0,37,17
1588617038.2795582,10.10.0.10,173.194.188.105,,,45734,443,0,37,17
1588617038.280084,10.10.0.10,173.194.188.105,,,45734,443,0,37,17
1588617038.280405,173.194.188.105,10.10.0.10,,,443,45734,0,1358,17
1588617038.281566,10.10.0.10,173.194.188.105,,,45734,443,0,37,17
1588617038.2822142,10.10.0.10,173.194.188.105,,,45734,443,0,37,17
1588617038.284107,10.10.0.10,173.194.188.105,,,45734,443,0,37,17
1588617038.284173,10.10.0.10,173.194.188.105,,,45734,443,0,37,17
1588617038.2850964,173.194.188.105,10.10.0.10,,,443,45734,0,1358,17
1588617038.285793,10.10.0.10,173.194.188.105,,,45734,443,0,37,17
1588617038.2881026,10.10.0.10,173.194.188.105,,,45734,443,0,37,17
1588617038.2896,10.10.0.10,173.194.188.105,,,45734,443,0,37,17
1588617038.2897468,173.194.188.105,10.10.0.10,,,443,45734,0,1358,17
1588617038.292015,10.10.0.10,173.194.188.105,,,45734,443,0,37,17
1588617038.294382,173.194.188.105,10.10.0.10,,,443,45734,0,1358,17
1588617038.2990642,173.194.188.105,10.10.0.10,,,443,45734,0,1358,17
1588617038.301286,10.10.0.10,173.194.188.105,,,45734,443,0,37,17
1588617038.303719,173.194.188.105,10.10.0.10,,,443,45734,0,1358,17
1588617038.3083732,173.194.188.105,10.10.0.10,,,443,45734,0,1358,17
1588617038.3103092,10.10.0.10,173.194.188.105,,,45734,443,0,37,17
1588617038.3130279,173.194.188.105,10.10.0.10,,,443,45734,0,1358,17
1588617038.317684,173.194.188.105,10.10.0.10,,,443,45734,0,1358,17
1588617038.3193018,10.10.0.10,173.194.188.105,,,45734,443,0,37,17
1588617038.3223386,173.194.188.105,10.10.0.10,,,443,45734,0,1358,17
1588617038.326999,173.194.188.105,10.10.0.10,,,443,45734,0,1358,17
1588617038.328641,10.10.0.10,173.194.188.105,,,45734,443,0,37,17
1588617038.33161,173.194.188.105,10.10.0.10,,,443,45734,0,1358,17
1588617038.3363106,173.194.188.105,10.10.0.10,,,443,45734,0,1358,17
1588617038.338038,10.10.0.10,173.194.188.105,,,45734,443,0,50,17
1588617038.3409688,173.194.188.105,10.10.0.10,,,443,45734,0,1358,17
1588617038.34562,173.194.188.105,10.10.0.10,,,443,45734,0,1358,17
1588617038.3473332,10.10.0.10,173.194.188.105,,,45734,443,0,37,17
1588617038.350234,173.194.188.105,10.10.0.10,,,443,45734,0,1358,17
1588617038.3549304,173.194.188.105,10.10.0.10,,,443,45734,0,1358,17
1588617038.356649,10.10.0.10,173.194.188.105,,,45734,443,0,37,17
1588617038.35959,173.194.188.105,10.10.0.10,,,443,45734,0,1358,17
1588617038.364247,173.194.188.105,10.10.0.10,,,443,45734,0,29,17
1588617038.364377,173.194.188.105,10.10.0.10,,,443,45734,0,1358,17
1588617038.366039,10.10.0.10,173.194.188.105,,,45734,443,0,37,17
1588617038.369074,173.194.188.105,10.10.0.10,,,443,45734,0,1358,17
1588617038.373769,173.194.188.105,10.10.0.10,,,443,45734,0,1358,17
1588617038.3760028,10.10.0.10,173.194.188.105,,,45734,443,0,37,17
1588617038.378424,173.194.188.105,10.10.0.10,,,443,45734,0,1358,17
1588617038.38308,173.194.188.105,10.10.0.10,,,443,45734,0,1358,17
1588617038.3847322,10.10.0.10,173.194.188.105,,,45734,443,0,37,17
1588617038.3876634,173.194.188.105,10.10.0.10,,,443,45734,0,1358,17
1588617038.3923519,173.194.188.105,10.10.0.10,,,443,45734,0,1358,17
1588617038.394607,10.10.0.10,173.194.188.105,,,45734,443,0,37,17
1588617038.397048,173.194.188.105,10.10.0.10,,,443,45734,0,1358,17
1588617038.4016998,173.194.188.105,10.10.0.10,,,443,45734,0,1358,17
1588617038.403567,10.10.0.10,173.194.188.105,,,45734,443,0,37,17
1588617038.406358,173.194.188.105,10.10.0.10,,,443,45734,0,1358,17
1588617038.4110134,173.194.188.105,10.10.0.10,,,443,45734,0,1358,17
1588617038.412819,10.10.0.10,173.194.188.105,,,45734,443,0,37,17
1588617038.41563,173.194.188.105,10.10.0.10,,,443,45734,0,1358,17
1588617038.420263,173.194.188.105,10.10.0.10,,,443,45734,0,1358,17
1588617038.4219198,10.10.0.10,173.194.188.105,,,45734,443,0,37,17
1588617038.424978,173.194.188.105,10.10.0.10,,,443,45734,0,1358,17
1588617038.4295619,173.194.188.105,10.10.0.10,,,443,45734,0,1358,17
1588617038.431254,10.10.0.10,173.194.188.105,,,45734,443,0,37,17
1588617038.434289,173.194.188.105,10.10.0.10,,,443,45734,0,1358,17
1588617038.4389071,173.194.188.105,10.10.0.10,,,443,45734,0,1358,17
1588617038.440608,10.10.0.10,173.194.188.105,,,45734,443,0,37,17
1588617038.4436,173.194.188.105,10.10.0.10,,,443,45734,0,1358,17
1588617038.448256,173.194.188.105,10.10.0.10,,,443,45734,0,1358,17
1588617038.449789,10.10.0.10,173.194.188.105,,,45734,443,0,37,17
1588617038.452913,173.194.188.105,10.10.0.10,,,443,45734,0,1358,17
1588617038.457567,173.194.188.105,10.10.0.10,,,443,45734,0,1358,17
1588617038.4597082,10.10.0.10,173.194.188.105,,,45734,443,0,37,17
1588617038.4621859,173.194.188.105,10.10.0.10,,,443,45734,0,1358,17
1588617038.4668348,173.194.188.105,10.10.0.10,,,443,45734,0,1358,17
1588617038.4683518,10.10.0.10,173.194.188.105,,,45734,443,0,37,17
1588617038.471534,173.194.188.105,10.10.0.10,,,443,45734,0,1358,17
1588617038.4761894,173.194.188.105,10.10.0.10,,,443,45734,0,1358,17
1588617038.4778118,10.10.0.10,173.194.188.105,,,45734,443,0,37,17
1588617038.4808028,173.194.188.105,10.10.0.10,,,443,45734,0,1358,17
1588617038.485446,173.194.188.105,10.10.0.10,,,443,45734,0,1358,17
1588617038.487012,10.10.0.10,173.194.188.105,,,45734,443,0,37,17
1588617038.4901464,173.194.188.105,10.10.0.10,,,443,45734,0,1358,17
1588617038.494802,173.194.188.105,10.10.0.10,,,443,45734,0,1358,17
1588617038.49641,10.10.0.10,173.194.188.105,,,45734,443,0,37,17
1588617038.4994578,173.194.188.105,10.10.0.10,,,443,45734,0,1358,17
1588617038.5041132,173.194.188.105,10.10.0.10,,,443,45734,0,1358,17
1588617038.507057,10.10.0.10,173.194.188.105,,,45734,443,0,37,17
1588617038.508719,173.194.188.105,10.10.0.10,,,443,45734,0,1358,17
1588617038.513361,173.194.188.105,10.10.0.10,,,443,45734,0,1358,17
1588617038.515126,10.10.0.10,173.194.188.105,,,45734,443,0,37,17
1588617038.5180428,173.194.188.105,10.10.0.10,,,443,45734,0,1358,17
1588617038.5227199,173.194.188.105,10.10.0.10,,,443,45734,0,1358,17
1588617038.524816,10.10.0.10,173.194.188.105,,,45734,443,0,50,17
1588617038.5273798,173.194.188.105,10.10.0.10,,,443,45734,0,1358,17
1588617038.531974,173.194.188.105,10.10.0.10,,,443,45734,0,1358,17
1588617038.5337741,10.10.0.10,173.194.188.105,,,45734,443,0,37,17
1588617038.5366268,173.194.188.105,10.10.0.10,,,443,45734,0,1358,17
1588617038.5413148,173.194.188.105,10.10.0.10,,,443,45734,0,1358,17
1588617038.545966,173.194.188.105,10.10.0.10,,,443,45734,0,1358,17
1588617038.546371,10.10.0.10,173.194.188.105,,,45734,443,0,37,17
1588617038.5506392,173.194.188.105,10.10.0.10,,,443,45734,0,1358,17
1588617038.552177,10.10.0.10,173.194.188.105,,,45734,443,0,37,17
1588617038.555254,173.194.188.105,10.10.0.10,,,443,45734,0,1358,17
1588617038.559973,173.194.188.105,10.10.0.10,,,443,45734,0,1358,17
1588617038.5616019,10.10.0.10,173.194.188.105,,,45734,443,0,37,17
1588617038.564566,173.194.188.105,10.10.0.10,,,443,45734,0,1358,17
1588617038.5692518,173.194.188.105,10.10.0.10,,,443,45734,0,1358,17
1588617038.5706868,10.10.0.10,173.194.188.105,,,45734,443,0,37,17
1588617038.573909,173.194.188.105,10.10.0.10,,,443,45734,0,1358,17
1588617038.578529,173.194.188.105,10.10.0.10,,,443,45734,0,29,17
1588617038.578758,173.194.188.105,10.10.0.10,,,443,45734,0,1358,17
1588617038.580696,10.10.0.10,173.194.188.105,,,45734,443,0,37,17
1588617038.583456,173.194.188.105,10.10.0.10,,,443,45734,0,1358,17
1588617038.588111,173.194.188.105,10.10.0.10,,,443,45734,0,1358,17
1588617038.589799,10.10.0.10,173.194.188.105,,,45734,443,0,37,17
1588617038.5927546,173.194.188.105,10.10.0.10,,,443,45734,0,1358,17
1588617038.597363,173.194.188.105,10.10.0.10,,,443,45734,0,1358,17
1588617038.598878,10.10.0.10,173.194.188.105,,,45734,443,0,37,17
1588617038.602032,173.194.188.105,10.10.0.10,,,443,45734,0,1358,17
1588617038.606731,173.194.188.105,10.10.0.10,,,443,45734,0,1358,17
1588617038.608632,10.10.0.10,173.194.188.105,,,45734,443,0,37,17
1588617038.611362,173.194.188.105,10.10.0.10,,,443,45734,0,1358,17
1588617038.616042,173.194.188.105,10.10.0.10,,,443,45734,0,1358,17
1588617038.617585,10.10.0.10,173.194.188.105,,,45734,443,0,37,17
1588617038.620698,173.194.188.105,10.10.0.10,,,443,45734,0,1358,17
1588617038.625296,173.194.188.105,10.10.0.10,,,443,45734,0,1358,17
1588617038.626847,10.10.0.10,173.194.188.105,,,45734,443,0,37,17
1588617038.629952,173.194.188.105,10.10.0.10,,,443,45734,0,1358,17
1588617038.6346061,173.194.188.105,10.10.0.10,,,443,45734,0,1358,17
1588617038.636082,10.10.0.10,173.194.188.105,,,45734,443,0,37,17
1588617038.639301,173.194.188.105,10.10.0.10,,,443,45734,0,1358,17
1588617038.6439786,173.194.188.105,10.10.0.10,,,443,45734,0,1358,17
1588617038.645592,10.10.0.10,173.194.188.105,,,45734,443,0,37,17
1588617038.648575,173.194.188.105,10.10.0.10,,,443,45734,0,1358,17
1588617038.653291,173.194.188.105,10.10.0.10,,,443,45734,0,1358,17
1588617038.6549046,10.10.0.10,173.194.188.105,,,45734,443,0,37,17
1588617038.657946,173.194.188.105,10.10.0.10,,,443,45734,0,1358,17
1588617038.6625721,173.194.188.105,10.10.0.10,,,443,45734,0,1358,17
1588617038.664217,10.10.0.10,173.194.188.105,,,45734,443,0,37,17
1588617038.667238,173.194.188.105,10.10.0.10,,,443,45734,0,1358,17
1588617038.6718578,173.194.188.105,10.10.0.10,,,443,45734,0,1358,17
1588617038.6738632,10.10.0.10,173.194.188.105,,,45734,443,0,37,17
1588617038.676576,173.194.188.105,10.10.0.10,,,443,45734,0,1358,17
1588617038.681231,173.194.188.105,10.10.0.10,,,443,45734,0,1358,17
1588617038.683131,10.10.0.10,173.194.188.105,,,45734,443,0,37,17
1588617038.685853,173.194.188.105,10.10.0.10,,,443,45734,0,1358,17
1588617038.690543,173.194.188.105,10.10.0.10,,,443,45734,0,1358,17
1588617038.69205,10.10.0.10,173.194.188.105,,,45734,443,0,37,17
1588617038.695197,173.194.188.105,10.10.0.10,,,443,45734,0,1358,17
1588617038.6998534,173.194.188.105,10.10.0.10,,,443,45734,0,1358,17
1588617038.701449,10.10.0.10,173.194.188.105,,,45734,443,0,37,17
1588617038.704509,173.194.188.105,10.10.0.10,,,443,45734,0,1358,17
1588617038.7091331,173.194.188.105,10.10.0.10,,,443,45734,0,1358,17
1588617038.710712,10.10.0.10,173.194.188.105,,,45734,443,0,50,17
1588617038.7138212,173.194.188.105,10.10.0.10,,,443,45734,0,1358,17
1588617038.7184849,173.194.188.105,10.10.0.10,,,443,45734,0,1358,17
1588617038.7200675,10.10.0.10,173.194.188.105,,,45734,443,0,37,17
1588617038.7231321,173.194.188.105,10.10.0.10,,,443,45734,0,1358,17
1588617038.727766,173.194.188.105,10.10.0.10,,,443,45734,0,1358,17
1588617038.729281,10.10.0.10,173.194.188.105,,,45734,443,0,37,17
1588617038.7324119,173.194.188.105,10.10.0.10,,,443,45734,0,1358,17
1588617038.737099,173.194.188.105,10.10.0.10,,,443,45734,0,1358,17
1588617038.739034,10.10.0.10,173.194.188.105,,,45734,443,0,37,17
1588617038.7417526,173.194.188.105,10.10.0.10,,,443,45734,0,1358,17
1588617038.746409,173.194.188.105,10.10.0.10,,,443,45734,0,1358,17
1588617038.748172,10.10.0.10,173.194.188.105,,,45734,443,0,37,17
1588617038.751041,173.194.188.105,10.10.0.10,,,443,45734,0,1358,17
1588617038.7556891,173.194.188.105,10.10.0.10,,,443,45734,0,1358,17
1588617038.757443,10.10.0.10,173.194.188.105,,,45734,443,0,37,17
1588617038.760376,173.194.188.105,10.10.0.10,,,443,45734,0,1358,17
1588617038.765031,173.194.188.105,10.10.0.10,,,443,45734,0,1358,17
1588617038.7670908,10.10.0.10,173.194.188.105,,,45734,443,0,37,17
1588617038.7696881,173.194.188.105,10.10.0.10,,,443,45734,0,1358,17
1588617038.774343,173.194.188.105,10.10.0.10,,,443,45734,0,1358,17
1588617038.777339,10.10.0.10,173.194.188.105,,,45734,443,0,37,17
1588617038.7789662,173.194.188.105,10.10.0.10,,,443,45734,0,1358,17
1588617038.783653,173.194.188.105,10.10.0.10,,,443,45734,0,29,17
1588617038.783793,173.194.188.105,10.10.0.10,,,443,45734,0,1358,17
1588617038.7856991,10.10.0.10,173.194.188.105,,,45734,443,0,37,17
1588617038.7885358,173.194.188.105,10.10.0.10,,,443,45734,0,1358,17
1588617038.793134,173.194.188.105,10.10.0.10,,,443,45734,0,1358,17
1588617038.7947102,10.10.0.10,173.194.188.105,,,45734,443,0,37,17
1588617038.79783,173.194.188.105,10.10.0.10,,,443,45734,0,1358,17
1588617038.8024518,173.194.188.105,10.10.0.10,,,443,45734,0,1358,17
1588617038.804442,10.10.0.10,173.194.188.105,,,45734,443,0,37,17
1588617038.8070898,173.194.188.105,10.10.0.10,,,443,45734,0,1358,17
1588617038.8118038,173.194.188.105,10.10.0.10,,,443,45734,0,1358,17
1588617038.813403,10.10.0.10,173.194.188.105,,,45734,443,0,37,17
1588617038.8164544,173.194.188.105,10.10.0.10,,,443,45734,0,1358,17
1588617038.821108,173.194.188.105,10.10.0.10,,,443,45734,0,1358,17
1588617038.8227732,10.10.0.10,173.194.188.105,,,45734,443,0,37,17
1588617038.8257332,173.194.188.105,10.10.0.10,,,443,45734,0,1358,17
1588617038.8304188,173.194.188.105,10.10.0.10,,,443,45734,0,1358,17
1588617038.8319108,10.10.0.10,173.194.188.105,,,45734,443,0,37,17
1588617038.835077,173.194.188.105,10.10.0.10,,,443,45734,0,1358,17
1588617038.839753,173.194.188.105,10.10.0.10,,,443,45734,0,1358,17
1588617038.841368,10.10.0.10,173.194.188.105,,,45734,443,0,37,17
1588617038.844394,173.194.188.105,10.10.0.10,,,443,45734,0,1358,17
1588617038.849013,173.194.188.105,10.10.0.10,,,443,45734,0,1358,17
1588617038.8512444,10.10.0.10,173.194.188.105,,,45734,443,0,37,17
1588617038.853646,173.194.188.105,10.10.0.10,,,443,45734,0,1358,17
1588617038.858361,173.194.188.105,10.10.0.10,,,443,45734,0,1358,17
1588617038.860223,10.10.0.10,173.194.188.105,,,45734,443,0,37,17
1588617038.862982,173.194.188.105,10.10.0.10,,,443,45734,0,1358,17
1588617038.8676732,173.194.188.105,10.10.0.10,,,443,45734,0,1358,17
1588617038.8693054,10.10.0.10,173.194.188.105,,,45734,443,0,37,17
1588617038.8722908,173.194.188.105,10.10.0.10,,,443,45734,0,1358,17
1588617038.876982,173.194.188.105,10.10.0.10,,,443,45734,0,1358,17
1588617038.8787632,10.10.0.10,173.194.188.105,,,45734,443,0,37,17
1588617038.8816366,173.194.188.105,10.10.0.10,,,443,45734,0,1358,17
1588617038.8862932,173.194.188.105,10.10.0.10,,,443,45734,0,1358,17
1588617038.8879642,10.10.0.10,173.194.188.105,,,45734,443,0,37,17
1588617038.890949,173.194.188.105,10.10.0.10,,,443,45734,0,1358,17
1588617038.895565,173.194.188.105,10.10.0.10,,,443,45734,0,1358,17
1588617038.8974738,10.10.0.10,173.194.188.105,,,45734,443,0,50,17
1588617038.9002595,173.194.188.105,10.10.0.10,,,443,45734,0,1358,17
1588617038.9049149,173.194.188.105,10.10.0.10,,,443,45734,0,1358,17
1588617038.9083238,10.10.0.10,173.194.188.105,,,45734,443,0,37,17
1588617038.90957,173.194.188.105,10.10.0.10,,,443,45734,0,1358,17
1588617038.914233,173.194.188.105,10.10.0.10,,,443,45734,0,1358,17
1588617038.9165795,10.10.0.10,173.194.188.105,,,45734,443,0,37,17
1588617038.9188929,173.194.188.105,10.10.0.10,,,443,45734,0,1358,17
1588617038.923538,173.194.188.105,10.10.0.10,,,443,45734,0,1358,17
1588617038.925172,10.10.0.10,173.194.188.105,,,45734,443,0,37,17
1588617038.9281929,173.194.188.105,10.10.0.10,,,443,45734,0,1358,17
1588617038.9328518,173.194.188.105,10.10.0.10,,,443,45734,0,1358,17
1588617038.934415,10.10.0.10,173.194.188.105,,,45734,443,0,37,17
1588617038.9375038,173.194.188.105,10.10.0.10,,,443,45734,0,1358,17
1588617038.94216,173.194.188.105,10.10.0.10,,,443,45734,0,1358,17
1588617038.9438288,10.10.0.10,173.194.188.105,,,45734,443,0,37,17
1588617038.9467802,173.194.188.105,10.10.0.10,,,443,45734,0,1358,17
1588617038.951474,173.194.188.105,10.10.0.10,,,443,45734,0,1358,17
1588617038.9531019,10.10.0.10,173.194.188.105,,,45734,443,0,37,17
1588617038.956064,173.194.188.105,10.10.0.10,,,443,45734,0,1358,17
1588617038.9607859,173.194.188.105,10.10.0.10,,,443,45734,0,1358,17
1588617038.96244,10.10.0.10,173.194.188.105,,,45734,443,0,37,17
1588617038.965424,173.194.188.105,10.10.0.10,,,443,45734,0,1358,17
1588617038.970096,173.194.188.105,10.10.0.10,,,443,45734,0,1358,17
1588617038.971601,10.10.0.10,173.194.188.105,,,45734,443,0,37,17
1588617038.974752,173.194.188.105,10.10.0.10,,,443,45734,0,1358,17
1588617038.979409,173.194.188.105,10.10.0.10,,,443,45734,0,1358,17
1588617038.981045,10.10.0.10,173.194.188.105,,,45734,443,0,37,17
1588617038.9840279,173.194.188.105,10.10.0.10,,,443,45734,0,1358,17
1588617038.9886758,173.194.188.105,10.10.0.10,,,443,45734,0,29,17
1588617038.988875,173.194.188.105,10.10.0.10,,,443,45734,0,1358,17
1588617038.9903526,10.10.0.10,173.194.188.105,,,45734,443,0,37,17
1588617038.9935422,173.194.188.105,10.10.0.10,,,443,45734,0,1358,17
1588617038.998241,173.194.188.105,10.10.0.10,,,443,45734,0,1358,17
1588617038.9999142,10.10.0.10,173.194.188.105,,,45734,443,0,37,17
1588617039.002896,173.194.188.105,10.10.0.10,,,443,45734,0,1358,17
1588617039.007552,173.194.188.105,10.10.0.10,,,443,45734,0,1358,17
1588617039.0119262,10.10.0.10,173.194.188.105,,,45734,443,0,37,17
1588617039.012132,173.194.188.105,10.10.0.10,,,443,45734,0,1358,17
1588617039.0168624,173.194.188.105,10.10.0.10,,,443,45734,0,1358,17
1588617039.018543,10.10.0.10,173.194.188.105,,,45734,443,0,37,17
1588617039.021519,173.194.188.105,10.10.0.10,,,443,45734,0,1358,17
1588617039.026173,173.194.188.105,10.10.0.10,,,443,45734,0,1358,17
1588617039.029166,10.10.0.10,173.194.188.105,,,45734,443,0,37,17
1588617039.0308282,173.194.188.105,10.10.0.10,,,443,45734,0,1358,17
1588617039.0354464,173.194.188.105,10.10.0.10,,,443,45734,0,1358,17
1588617039.0370169,10.10.0.10,173.194.188.105,,,45734,443,0,37,17
1588617039.040143,173.194.188.105,10.10.0.10,,,443,45734,0,1358,17
1588617039.0448,173.194.188.105,10.10.0.10,,,443,45734,0,1358,17
1588617039.04669,10.10.0.10,173.194.188.105,,,45734,443,0,37,17
1588617039.0494509,173.194.188.105,10.10.0.10,,,443,45734,0,1358,17
1588617039.054107,173.194.188.105,10.10.0.10,,,443,45734,0,1358,17
1588617039.055918,10.10.0.10,173.194.188.105,,,45734,443,0,37,17
1588617039.058761,173.194.188.105,10.10.0.10,,,443,45734,0,1358,17
1588617039.063418,173.194.188.105,10.10.0.10,,,443,45734,0,1358,17
1588617039.0652122,10.10.0.10,173.194.188.105,,,45734,443,0,37,17
1588617039.068073,173.194.188.105,10.10.0.10,,,443,45734,0,1358,17
1588617039.0727322,173.194.188.105,10.10.0.10,,,443,45734,0,1358,17
1588617039.0744762,10.10.0.10,173.194.188.105,,,45734,443,0,37,17
1588617039.077383,173.194.188.105,10.10.0.10,,,443,45734,0,1358,17
1588617039.082024,173.194.188.105,10.10.0.10,,,443,45734,0,1358,17
1588617039.0835812,10.10.0.10,173.194.188.105,,,45734,443,0,50,17
1588617039.08669,173.194.188.105,10.10.0.10,,,443,45734,0,1358,17
1588617039.091346,173.194.188.105,10.10.0.10,,,443,45734,0,1358,17
1588617039.0951972,10.10.0.10,173.194.188.105,,,45734,443,0,37,17
1588617039.095997,173.194.188.105,10.10.0.10,,,443,45734,0,1358,17
1588617039.100949,173.194.188.105,10.10.0.10,,,443,45734,0,1358,17
1588617039.102488,10.10.0.10,173.194.188.105,,,45734,443,0,37,17
1588617039.105654,173.194.188.105,10.10.0.10,,,443,45734,0,1358,17
1588617039.1103091,173.194.188.105,10.10.0.10,,,443,45734,0,1358,17
1588617039.112119,10.10.0.10,173.194.188.105,,,45734,443,0,37,17
1588617039.1149626,173.194.188.105,10.10.0.10,,,443,45734,0,1358,17
1588617039.119619,173.194.188.105,10.10.0.10,,,443,45734,0,1358,17
1588617039.121219,10.10.0.10,173.194.188.105,,,45734,443,0,37,17
1588617039.124275,173.194.188.105,10.10.0.10,,,443,45734,0,1358,17
1588617039.1289332,173.194.188.105,10.10.0.10,,,443,45734,0,1358,17
1588617039.1307216,10.10.0.10,173.194.188.105,,,45734,443,0,37,17
1588617039.133586,173.194.188.105,10.10.0.10,,,443,45734,0,1358,17
1588617039.13824,173.194.188.105,10.10.0.10,,,443,45734,0,1358,17
1588617039.1404278,10.10.0.10,173.194.188.105,,,45734,443,0,37,17
1588617039.1429012,173.194.188.105,10.10.0.10,,,443,45734,0,1358,17
1588617039.147551,173.194.188.105,10.10.0.10,,,443,45734,0,1358,17
1588617039.1502461,10.10.0.10,173.194.188.105,,,45734,443,0,37,17
1588617039.152223,173.194.188.105,10.10.0.10,,,443,45734,0,1358,17
1588617039.1568668,173.194.188.105,10.10.0.10,,,443,45734,0,1358,17
1588617039.159014,10.10.0.10,173.194.188.105,,,45734,443,0,37,17
1588617039.1615179,173.194.188.105,10.10.0.10,,,443,45734,0,1358,17
1588617039.166178,173.194.188.105,10.10.0.10,,,443,45734,0,1358,17
1588617039.167886,10.10.0.10,173.194.188.105,,,45734,443,0,37,17
1588617039.170831,173.194.188.105,10.10.0.10,,,443,45734,0,1358,17
1588617039.1754842,173.194.188.105,10.10.0.10,,,443,45734,0,1358,17
1588617039.177326,10.10.0.10,173.194.188.105,,,45734,443,0,37,17
1588617039.1801412,173.194.188.105,10.10.0.10,,,443,45734,0,1358,17
1588617039.184796,173.194.188.105,10.10.0.10,,,443,45734,0,1358,17
1588617039.186471,10.10.0.10,173.194.188.105,,,45734,443,0,37,17
1588617039.1894526,173.194.188.105,10.10.0.10,,,443,45734,0,1358,17
1588617039.194077,173.194.188.105,10.10.0.10,,,443,45734,0,1358,17
1588617039.196034,10.10.0.10,173.194.188.105,,,45734,443,0,37,17
1588617039.198766,173.194.188.105,10.10.0.10,,,443,45734,0,1358,17
1588617039.203418,173.194.188.105,10.10.0.10,,,443,45734,0,1358,17
1588617039.2051182,10.10.0.10,173.194.188.105,,,45734,443,0,37,17
1588617039.2080748,173.194.188.105,10.10.0.10,,,443,45734,0,1358,17
1588617039.212733,173.194.188.105,10.10.0.10,,,443,45734,0,1358,17
1588617039.2147589,10.10.0.10,173.194.188.105,,,45734,443,0,37,17
1588617039.2173884,173.194.188.105,10.10.0.10,,,443,45734,0,1358,17
1588617039.222009,173.194.188.105,10.10.0.10,,,443,45734,0,1358,17
1588617039.223742,10.10.0.10,173.194.188.105,,,45734,443,0,37,17
1588617039.2266989,173.194.188.105,10.10.0.10,,,443,45734,0,1358,17
1588617039.2313552,173.194.188.105,10.10.0.10,,,443,45734,0,1358,17
1588617039.233177,10.10.0.10,173.194.188.105,,,45734,443,0,37,17
1588617039.236008,173.194.188.105,10.10.0.10,,,443,45734,0,1358,17
1588617039.2406669,173.194.188.105,10.10.0.10,,,443,45734,0,1358,17
1588617039.24297,10.10.0.10,173.194.188.105,,,45734,443,0,37,17
1588617039.245321,173.194.188.105,10.10.0.10,,,443,45734,0,1358,17
1588617039.2499769,173.194.188.105,10.10.0.10,,,443,45734,0,1358,17
1588617039.2519119,10.10.0.10,173.194.188.105,,,45734,443,0,37,17
1588617039.254628,173.194.188.105,10.10.0.10,,,443,45734,0,1358,17
1588617039.2592602,173.194.188.105,10.10.0.10,,,443,45734,0,1358,17
1588617039.2639391,173.194.188.105,10.10.0.10,,,443,45734,0,1358,17
1588617039.264033,10.10.0.10,173.194.188.105,,,45734,443,0,37,17
1588617039.268572,173.194.188.105,10.10.0.10,,,443,45734,0,1358,17
1588617039.2703881,10.10.0.10,173.194.188.105,,,45734,443,0,50,17
1588617039.2732508,173.194.188.105,10.10.0.10,,,443,45734,0,1358,17
1588617039.277905,173.194.188.105,10.10.0.10,,,443,45734,0,1358,17
1588617039.279614,10.10.0.10,173.194.188.105,,,45734,443,0,37,17
1588617039.282562,173.194.188.105,10.10.0.10,,,443,45734,0,1358,17
1588617039.287217,173.194.188.105,10.10.0.10,,,443,45734,0,29,17
1588617039.287357,173.194.188.105,10.10.0.10,,,443,45734,0,1358,17
1588617039.2889473,10.10.0.10,173.194.188.105,,,45734,443,0,37,17
1588617039.2920678,173.194.188.105,10.10.0.10,,,443,45734,0,1358,17
1588617039.29675,173.194.188.105,10.10.0.10,,,443,45734,0,1358,17
1588617039.2984269,10.10.0.10,173.194.188.105,,,45734,443,0,37,17
1588617039.301394,173.194.188.105,10.10.0.10,,,443,45734,0,1358,17
1588617039.3060539,173.194.188.105,10.10.0.10,,,443,45734,0,1358,17
1588617039.307675,10.10.0.10,173.194.188.105,,,45734,443,0,37,17
1588617039.3107061,173.194.188.105,10.10.0.10,,,443,45734,0,1358,17
1588617039.315366,173.194.188.105,10.10.0.10,,,443,45734,0,1358,17
1588617039.3172214,10.10.0.10,173.194.188.105,,,45734,443,0,37,17
1588617039.320022,173.194.188.105,10.10.0.10,,,443,45734,0,1358,17
1588617039.3246758,173.194.188.105,10.10.0.10,,,443,45734,0,1358,17
1588617039.328092,10.10.0.10,173.194.188.105,,,45734,443,0,37,17
1588617039.3293312,173.194.188.105,10.10.0.10,,,443,45734,0,1358,17
1588617039.333987,173.194.188.105,10.10.0.10,,,443,45734,0,1358,17
1588617039.3356762,10.10.0.10,173.194.188.105,,,45734,443,0,37,17
1588617039.338582,173.194.188.105,10.10.0.10,,,443,45734,0,1358,17
1588617039.3432932,173.194.188.105,10.10.0.10,,,443,45734,0,1358,17
1588617039.3451881,10.10.0.10,173.194.188.105,,,45734,443,0,37,17
1588617039.347949,173.194.188.105,10.10.0.10,,,443,45734,0,1358,17
1588617039.3525796,173.194.188.105,10.10.0.10,,,443,45734,0,1358,17
1588617039.3542588,10.10.0.10,173.194.188.105,,,45734,443,0,37,17
1588617039.357262,173.194.188.105,10.10.0.10,,,443,45734,0,1358,17
1588617039.361866,173.194.188.105,10.10.0.10,,,443,45734,0,1358,17
1588617039.3665721,173.194.188.105,10.10.0.10,,,443,45734,0,1358,17
1588617039.3712268,173.194.188.105,10.10.0.10,,,443,45734,0,1358,17
1588617039.3758588,173.194.188.105,10.10.0.10,,,443,45734,0,1358,17
1588617039.380538,173.194.188.105,10.10.0.10,,,443,45734,0,1358,17
1588617039.385175,173.194.188.105,10.10.0.10,,,443,45734,0,1358,17
1588617039.3889158,10.10.0.10,173.194.188.105,,,45734,443,0,37,17
1588617039.389823,173.194.188.105,10.10.0.10,,,443,45734,0,1358,17
1588617039.390268,10.10.0.10,173.194.188.105,,,45734,443,0,37,17
1588617039.3909402,10.10.0.10,173.194.188.105,,,45734,443,0,37,17
1588617039.3915331,10.10.0.10,173.194.188.105,,,45734,443,0,37,17
1588617039.394474,173.194.188.105,10.10.0.10,,,443,45734,0,1358,17
1588617039.3991172,173.194.188.105,10.10.0.10,,,443,45734,0,1358,17
1588617039.4009259,10.10.0.10,173.194.188.105,,,45734,443,0,37,17
1588617039.403754,173.194.188.105,10.10.0.10,,,443,45734,0,1358,17
1588617039.4084835,173.194.188.105,10.10.0.10,,,443,45734,0,1358,17
1588617039.41005,10.10.0.10,173.194.188.105,,,45734,443,0,37,17
1588617039.413127,173.194.188.105,10.10.0.10,,,443,45734,0,1358,17
1588617039.417783,173.194.188.105,10.10.0.10,,,443,45734,0,1358,17
1588617039.4194,10.10.0.10,173.194.188.105,,,45734,443,0,37,17
1588617039.422399,173.194.188.105,10.10.0.10,,,443,45734,0,1358,17
1588617039.4270918,173.194.188.105,10.10.0.10,,,443,45734,0,1358,17
1588617039.4289286,10.10.0.10,173.194.188.105,,,45734,443,0,37,17
1588617039.43175,173.194.188.105,10.10.0.10,,,443,45734,0,1358,17
1588617039.4364038,173.194.188.105,10.10.0.10,,,443,45734,0,1358,17
1588617039.4381368,10.10.0.10,173.194.188.105,,,45734,443,0,37,17
1588617039.441062,173.194.188.105,10.10.0.10,,,443,45734,0,1358,17
1588617039.445674,173.194.188.105,10.10.0.10,,,443,45734,0,1358,17
1588617039.4474275,10.10.0.10,173.194.188.105,,,45734,443,0,37,17
1588617039.4503708,173.194.188.105,10.10.0.10,,,443,45734,0,1358,17
1588617039.454985,173.194.188.105,10.10.0.10,,,443,45734,0,1358,17
1588617039.456867,10.10.0.10,173.194.188.105,,,45734,443,0,50,17
1588617039.459681,173.194.188.105,10.10.0.10,,,443,45734,0,1358,17
1588617039.4643376,173.194.188.105,10.10.0.10,,,443,45734,0,1358,17
1588617039.466032,10.10.0.10,173.194.188.105,,,45734,443,0,37,17
1588617039.468952,173.194.188.105,10.10.0.10,,,443,45734,0,1358,17
1588617039.473648,173.194.188.105,10.10.0.10,,,443,45734,0,1358,17
1588617039.475542,10.10.0.10,173.194.188.105,,,45734,443,0,37,17
1588617039.4782786,173.194.188.105,10.10.0.10,,,443,45734,0,1358,17
1588617039.4829268,173.194.188.105,10.10.0.10,,,443,45734,0,1358,17
1588617039.4845548,10.10.0.10,173.194.188.105,,,45734,443,0,37,17
1588617039.487578,173.194.188.105,10.10.0.10,,,443,45734,0,1358,17
1588617039.492217,173.194.188.105,10.10.0.10,,,443,45734,0,1358,17
1588617039.4942,10.10.0.10,173.194.188.105,,,45734,443,0,37,17
1588617039.496927,173.194.188.105,10.10.0.10,,,443,45734,0,1358,17
1588617039.501583,173.194.188.105,10.10.0.10,,,443,45734,0,1358,17
1588617039.5035012,10.10.0.10,173.194.188.105,,,45734,443,0,37,17
1588617039.506238,173.194.188.105,10.10.0.10,,,443,45734,0,1358,17
1588617039.510894,173.194.188.105,10.10.0.10,,,443,45734,0,1358,17
1588617039.51508,10.10.0.10,173.194.188.105,,,45734,443,0,37,17
1588617039.515496,173.194.188.105,10.10.0.10,,,443,45734,0,1358,17
1588617039.5201519,173.194.188.105,10.10.0.10,,,443,45734,0,1358,17
1588617039.521848,10.10.0.10,173.194.188.105,,,45734,443,0,37,17
1588617039.524822,173.194.188.105,10.10.0.10,,,443,45734,0,1358,17
1588617039.5295002,173.194.188.105,10.10.0.10,,,443,45734,0,1358,17
1588617039.533246,10.10.0.10,173.194.188.105,,,45734,443,0,37,17
1588617039.534154,173.194.188.105,10.10.0.10,,,443,45734,0,1358,17
1588617039.538772,173.194.188.105,10.10.0.10,,,443,45734,0,1358,17
1588617039.5428169,10.10.0.10,173.194.188.105,,,45734,443,0,37,17
1588617039.5434132,173.194.188.105,10.10.0.10,,,443,45734,0,1358,17
1588617039.5480769,173.194.188.105,10.10.0.10,,,443,45734,0,1358,17
1588617039.550339,10.10.0.10,173.194.188.105,,,45734,443,0,37,17
1588617039.5527554,173.194.188.105,10.10.0.10,,,443,45734,0,1358,17
1588617039.5574381,173.194.188.105,10.10.0.10,,,443,45734,0,1358,17
1588617039.5590365,10.10.0.10,173.194.188.105,,,45734,443,0,37,17
1588617039.5620651,173.194.188.105,10.10.0.10,,,443,45734,0,1358,17
1588617039.5667539,173.194.188.105,10.10.0.10,,,443,45734,0,1358,17
1588617039.568441,10.10.0.10,173.194.188.105,,,45734,443,0,37,17
1588617039.571409,173.194.188.105,10.10.0.10,,,443,45734,0,1358,17
1588617039.5760348,173.194.188.105,10.10.0.10,,,443,45734,0,1358,17
1588617039.578567,10.10.0.10,173.194.188.105,,,45734,443,0,37,17
1588617039.5806801,173.194.188.105,10.10.0.10,,,443,45734,0,1358,17
1588617039.5853212,173.194.188.105,10.10.0.10,,,443,45734,0,1358,17
1588617039.586822,10.10.0.10,173.194.188.105,,,45734,443,0,37,17
1588617039.5900035,173.194.188.105,10.10.0.10,,,443,45734,0,1358,17
1588617039.594657,173.194.188.105,10.10.0.10,,,443,45734,0,1358,17
1588617039.5967262,10.10.0.10,173.194.188.105,,,45734,443,0,37,17
1588617039.599343,173.194.188.105,10.10.0.10,,,443,45734,0,1358,17
1588617039.6039982,173.194.188.105,10.10.0.10,,,443,45734,0,1358,17
1588617039.605725,10.10.0.10,173.194.188.105,,,45734,443,0,37,17
1588617039.6085901,173.194.188.105,10.10.0.10,,,443,45734,0,1358,17
1588617039.613257,173.194.188.105,10.10.0.10,,,443,45734,0,1358,17
1588617039.614812,10.10.0.10,173.194.188.105,,,45734,443,0,37,17
1588617039.617903,173.194.188.105,10.10.0.10,,,443,45734,0,1358,17
1588617039.6225839,173.194.188.105,10.10.0.10,,,443,45734,0,1358,17
1588617039.624266,10.10.0.10,173.194.188.105,,,45734,443,0,37,17
1588617039.6272428,173.194.188.105,10.10.0.10,,,443,45734,0,1358,17
1588617039.631863,173.194.188.105,10.10.0.10,,,443,45734,0,1358,17
1588617039.63356,10.10.0.10,173.194.188.105,,,45734,443,0,37,17
1588617039.6365492,173.194.188.105,10.10.0.10,,,443,45734,0,1358,17
1588617039.641233,173.194.188.105,10.10.0.10,,,443,45734,0,1358,17
1588617039.643168,10.10.0.10,173.194.188.105,,,45734,443,0,50,17
1588617039.645831,173.194.188.105,10.10.0.10,,,443,45734,0,1358,17
1588617039.650486,173.194.188.105,10.10.0.10,,,443,45734,0,1358,17
1588617039.6521661,10.10.0.10,173.194.188.105,,,45734,443,0,37,17
1588617039.6551561,173.194.188.105,10.10.0.10,,,443,45734,0,1358,17
1588617039.659836,173.194.188.105,10.10.0.10,,,443,45734,0,1358,17
1588617039.662298,10.10.0.10,173.194.188.105,,,45734,443,0,37,17
1588617039.664454,173.194.188.105,10.10.0.10,,,443,45734,0,1358,17
1588617039.669144,173.194.188.105,10.10.0.10,,,443,45734,0,1358,17
1588617039.6728268,10.10.0.10,173.194.188.105,,,45734,443,0,37,17
1588617039.6738,173.194.188.105,10.10.0.10,,,443,45734,0,1358,17
1588617039.678508,173.194.188.105,10.10.0.10,,,443,45734,0,1358,17
1588617039.6804779,10.10.0.10,173.194.188.105,,,45734,443,0,37,17
1588617039.6831431,173.194.188.105,10.10.0.10,,,443,45734,0,1358,17
1588617039.687799,173.194.188.105,10.10.0.10,,,443,45734,0,1358,17
1588617039.6894338,10.10.0.10,173.194.188.105,,,45734,443,0,37,17
1588617039.692424,173.194.188.105,10.10.0.10,,,443,45734,0,1358,17
1588617039.697046,173.194.188.105,10.10.0.10,,,443,45734,0,1358,17
1588617039.6987689,10.10.0.10,173.194.188.105,,,45734,443,0,37,17
1588617039.701765,173.194.188.105,10.10.0.10,,,443,45734,0,1358,17
1588617039.7064214,173.194.188.105,10.10.0.10,,,443,45734,0,29,17
1588617039.7065609,173.194.188.105,10.10.0.10,,,443,45734,0,1358,17
1588617039.7081661,10.10.0.10,173.194.188.105,,,45734,443,0,37,17
1588617039.711288,173.194.188.105,10.10.0.10,,,443,45734,0,1358,17
1588617039.715919,173.194.188.105,10.10.0.10,,,443,45734,0,1358,17
1588617039.717579,10.10.0.10,173.194.188.105,,,45734,443,0,37,17
1588617039.720608,173.194.188.105,10.10.0.10,,,443,45734,0,1358,17
1588617039.725193,173.194.188.105,10.10.0.10,,,443,45734,0,1358,17
1588617039.726852,10.10.0.10,173.194.188.105,,,45734,443,0,37,17
1588617039.7298784,173.194.188.105,10.10.0.10,,,443,45734,0,1358,17
1588617039.734565,173.194.188.105,10.10.0.10,,,443,45734,0,1358,17
1588617039.7379742,10.10.0.10,173.194.188.105,,,45734,443,0,37,17
1588617039.739196,173.194.188.105,10.10.0.10,,,443,45734,0,1358,17
1588617039.7438755,173.194.188.105,10.10.0.10,,,443,45734,0,1358,17
1588617039.7481382,10.10.0.10,173.194.188.105,,,45734,443,0,37,17
1588617039.7484946,173.194.188.105,10.10.0.10,,,443,45734,0,1358,17
1588617039.753156,173.194.188.105,10.10.0.10,,,443,45734,0,1358,17
1588617039.754831,10.10.0.10,173.194.188.105,,,45734,443,0,37,17
1588617039.757783,173.194.188.105,10.10.0.10,,,443,45734,0,1358,17
1588617039.76247,173.194.188.105,10.10.0.10,,,443,45734,0,1358,17
1588617039.7639902,10.10.0.10,173.194.188.105,,,45734,443,0,37,17
1588617039.767153,173.194.188.105,10.10.0.10,,,443,45734,0,1358,17
1588617039.771816,173.194.188.105,10.10.0.10,,,443,45734,0,1358,17
1588617039.773393,10.10.0.10,173.194.188.105,,,45734,443,0,37,17
1588617039.776465,173.194.188.105,10.10.0.10,,,443,45734,0,1358,17
1588617039.7811186,173.194.188.105,10.10.0.10,,,443,45734,0,1358,17
1588617039.7829359,10.10.0.10,173.194.188.105,,,45734,443,0,37,17
1588617039.785744,173.194.188.105,10.10.0.10,,,443,45734,0,1358,17
1588617039.79043,173.194.188.105,10.10.0.10,,,443,45734,0,1358,17
1588617039.7921422,10.10.0.10,173.194.188.105,,,45734,443,0,37,17
1588617039.7950866,173.194.188.105,10.10.0.10,,,443,45734,0,1358,17
1588617039.7997189,173.194.188.105,10.10.0.10,,,443,45734,0,1358,17
1588617039.80129,10.10.0.10,173.194.188.105,,,45734,443,0,37,17
1588617039.804383,173.194.188.105,10.10.0.10,,,443,45734,0,1358,17
1588617039.809024,173.194.188.105,10.10.0.10,,,443,45734,0,1358,17
1588617039.810878,10.10.0.10,173.194.188.105,,,45734,443,0,37,17
1588617039.8137171,173.194.188.105,10.10.0.10,,,443,45734,0,1358,17
1588617039.8183026,173.194.188.105,10.10.0.10,,,443,45734,0,1358,17
1588617039.819983,10.10.0.10,173.194.188.105,,,45734,443,0,37,17
1588617039.823024,173.194.188.105,10.10.0.10,,,443,45734,0,1358,17
1588617039.827681,173.194.188.105,10.10.0.10,,,443,45734,0,1358,17
1588617039.8295634,10.10.0.10,173.194.188.105,,,45734,443,0,50,17
1588617039.832303,173.194.188.105,10.10.0.10,,,443,45734,0,1358,17
1588617039.836991,173.194.188.105,10.10.0.10,,,443,45734,0,1358,17
1588617039.8386009,10.10.0.10,173.194.188.105,,,45734,443,0,37,17
1588617039.8416526,173.194.188.105,10.10.0.10,,,443,45734,0,1358,17
1588617039.846302,173.194.188.105,10.10.0.10,,,443,45734,0,1358,17
1588617039.8478801,10.10.0.10,173.194.188.105,,,45734,443,0,37,17
1588617039.850959,173.194.188.105,10.10.0.10,,,443,45734,0,1358,17
1588617039.8555546,173.194.188.105,10.10.0.10,,,443,45734,0,1358,17
1588617039.857108,10.10.0.10,173.194.188.105,,,45734,443,0,37,17
1588617039.8602679,173.194.188.105,10.10.0.10,,,443,45734,0,1358,17
1588617039.8649251,173.194.188.105,10.10.0.10,,,443,45734,0,1358,17
1588617039.866672,10.10.0.10,173.194.188.105,,,45734,443,0,37,17
1588617039.8695822,173.194.188.105,10.10.0.10,,,443,45734,0,1358,17
1588617039.874235,173.194.188.105,10.10.0.10,,,443,45734,0,1358,17
1588617039.8776588,10.10.0.10,173.194.188.105,,,45734,443,0,37,17
1588617039.8788571,173.194.188.105,10.10.0.10,,,443,45734,0,1358,17
1588617039.8835511,173.194.188.105,10.10.0.10,,,443,45734,0,1358,17
1588617039.8850696,10.10.0.10,173.194.188.105,,,45734,443,0,37,17
1588617039.888205,173.194.188.105,10.10.0.10,,,443,45734,0,1358,17
1588617039.8928616,173.194.188.105,10.10.0.10,,,443,45734,0,1358,17
1588617039.894552,10.10.0.10,173.194.188.105,,,45734,443,0,37,17
1588617039.897521,173.194.188.105,10.10.0.10,,,443,45734,0,1358,17
1588617039.9021358,173.194.188.105,10.10.0.10,,,443,45734,0,1358,17
1588617039.9039161,10.10.0.10,173.194.188.105,,,45734,443,0,37,17
1588617039.9068284,173.194.188.105,10.10.0.10,,,443,45734,0,1358,17
1588617039.9114828,173.194.188.105,10.10.0.10,,,443,45734,0,1358,17
1588617039.9136946,10.10.0.10,173.194.188.105,,,45734,443,0,37,17
1588617039.916143,173.194.188.105,10.10.0.10,,,443,45734,0,1358,17
1588617039.920794,173.194.188.105,10.10.0.10,,,443,45734,0,29,17
1588617039.920928,173.194.188.105,10.10.0.10,,,443,45734,0,1358,17
1588617039.922633,10.10.0.10,173.194.188.105,,,45734,443,0,37,17
1588617039.9256651,173.194.188.105,10.10.0.10,,,443,45734,0,1358,17
1588617039.93032,173.194.188.105,10.10.0.10,,,443,45734,0,1358,17
1588617039.931907,10.10.0.10,173.194.188.105,,,45734,443,0,37,17
1588617039.934973,173.194.188.105,10.10.0.10,,,443,45734,0,1358,17
1588617039.9396286,173.194.188.105,10.10.0.10,,,443,45734,0,1358,17
1588617039.941174,10.10.0.10,173.194.188.105,,,45734,443,0,37,17
1588617039.9442828,173.194.188.105,10.10.0.10,,,443,45734,0,1358,17
1588617039.9489381,173.194.188.105,10.10.0.10,,,443,45734,0,1358,17
1588617039.950509,10.10.0.10,173.194.188.105,,,45734,443,0,37,17
1588617039.953598,173.194.188.105,10.10.0.10,,,443,45734,0,1358,17
1588617039.9582498,173.194.188.105,10.10.0.10,,,443,45734,0,1358,17
1588617039.95988,10.10.0.10,173.194.188.105,,,45734,443,0,37,17
1588617039.9629092,173.194.188.105,10.10.0.10,,,443,45734,0,1358,17
1588617039.9675634,173.194.188.105,10.10.0.10,,,443,45734,0,1358,17
1588617039.9692569,10.10.0.10,173.194.188.105,,,45734,443,0,37,17
1588617039.9721801,173.194.188.105,10.10.0.10,,,443,45734,0,1358,17
1588617039.976872,173.194.188.105,10.10.0.10,,,443,45734,0,1358,17
1588617039.981499,173.194.188.105,10.10.0.10,,,443,45734,0,1358,17
1588617039.9861536,173.194.188.105,10.10.0.10,,,443,45734,0,1358,17
1588617039.990842,173.194.188.105,10.10.0.10,,,443,45734,0,1358,17
1588617039.9954598,173.194.188.105,10.10.0.10,,,443,45734,0,1358,17
1588617040.0001562,173.194.188.105,10.10.0.10,,,443,45734,0,1358,17
1588617040.0048099,173.194.188.105,10.10.0.10,,,443,45734,0,1358,17
1588617040.009469,173.194.188.105,10.10.0.10,,,443,45734,0,1358,17
1588617040.0141242,173.194.188.105,10.10.0.10,,,443,45734,0,1358,17
1588617040.0187812,173.194.188.105,10.10.0.10,,,443,45734,0,1358,17
1588617040.0602748,10.10.0.10,173.194.188.105,,,45734,443,0,37,17
1588617040.0618956,10.10.0.10,173.194.188.105,,,45734,443,0,37,17
1588617040.061948,10.10.0.10,173.194.188.105,,,45734,443,0,37,17
1588617040.0639331,10.10.0.10,173.194.188.105,,,45734,443,0,37,17
1588617040.0644348,10.10.0.10,173.194.188.105,,,45734,443,0,50,17
1588617040.0648508,173.194.188.105,10.10.0.10,,,443,45734,0,1358,17
1588617040.0649068,173.194.188.105,10.10.0.10,,,443,45734,0,1358,17
1588617040.0667028,10.10.0.10,173.194.188.105,,,45734,443,0,37,17
1588617040.070471,173.194.188.105,10.10.0.10,,,443,45734,0,29,17
1588617040.0735805,173.194.188.105,10.10.0.10,,,443,45734,0,1358,17
1588617040.0736804,173.194.188.105,10.10.0.10,,,443,45734,0,1358,17
1588617040.075205,10.10.0.10,173.194.188.105,,,45734,443,0,37,17
1588617040.083304,173.194.188.105,10.10.0.10,,,443,45734,0,1358,17
1588617040.083358,173.194.188.105,10.10.0.10,,,443,45734,0,1358,17
1588617040.091511,173.194.188.105,10.10.0.10,,,443,45734,0,1358,17
1588617040.0923812,173.194.188.105,10.10.0.10,,,443,45734,0,1358,17
1588617040.1000881,173.194.188.105,10.10.0.10,,,443,45734,0,1358,17
1588617040.1016898,173.194.188.105,10.10.0.10,,,443,45734,0,1358,17
1588617040.108454,173.194.188.105,10.10.0.10,,,443,45734,0,1358,17
1588617040.111003,173.194.188.105,10.10.0.10,,,443,45734,0,1358,17
1588617040.117413,173.194.188.105,10.10.0.10,,,443,45734,0,1358,17
1588617040.1203132,173.194.188.105,10.10.0.10,,,443,45734,0,1358,17
1588617040.1259878,173.194.188.105,10.10.0.10,,,443,45734,0,1358,17
1588617040.1296284,173.194.188.105,10.10.0.10,,,443,45734,0,1358,17
1588617040.134607,173.194.188.105,10.10.0.10,,,443,45734,0,1358,17
1588617040.1389382,173.194.188.105,10.10.0.10,,,443,45734,0,1358,17
1588617040.1772866,10.10.0.10,173.194.188.105,,,45734,443,0,37,17
1588617040.179236,10.10.0.10,173.194.188.105,,,45734,443,0,37,17
1588617040.180865,10.10.0.10,173.194.188.105,,,45734,443,0,37,17
1588617040.1809242,10.10.0.10,173.194.188.105,,,45734,443,0,37,17
1588617040.1813939,173.194.188.105,10.10.0.10,,,443,45734,0,1358,17
1588617040.1814508,173.194.188.105,10.10.0.10,,,443,45734,0,1358,17
1588617040.1833632,10.10.0.10,173.194.188.105,,,45734,443,0,37,17
1588617040.183422,10.10.0.10,173.194.188.105,,,45734,443,0,37,17
1588617040.185479,10.10.0.10,173.194.188.105,,,45734,443,0,37,17
1588617040.186018,10.10.0.10,173.194.188.105,,,45734,443,0,37,17
1588617040.190973,173.194.188.105,10.10.0.10,,,443,45734,0,1358,17
1588617040.191032,173.194.188.105,10.10.0.10,,,443,45734,0,1358,17
1588617040.192673,10.10.0.10,173.194.188.105,,,45734,443,0,37,17
1588617040.197115,173.194.188.105,10.10.0.10,,,443,45734,0,1358,17
1588617040.19871,10.10.0.10,173.194.188.105,,,45734,443,0,37,17
1588617040.199658,173.194.188.105,10.10.0.10,,,443,45734,0,1358,17
1588617040.2052991,173.194.188.105,10.10.0.10,,,443,45734,0,1358,17
1588617040.2089686,173.194.188.105,10.10.0.10,,,443,45734,0,1358,17
1588617040.213632,173.194.188.105,10.10.0.10,,,443,45734,0,1358,17
1588617040.218286,173.194.188.105,10.10.0.10,,,443,45734,0,1358,17
1588617040.2229412,173.194.188.105,10.10.0.10,,,443,45734,0,1358,17
1588617040.227594,173.194.188.105,10.10.0.10,,,443,45734,0,1358,17
1588617040.232208,173.194.188.105,10.10.0.10,,,443,45734,0,1358,17
1588617040.2369056,173.194.188.105,10.10.0.10,,,443,45734,0,1358,17
1588617040.241561,173.194.188.105,10.10.0.10,,,443,45734,0,1358,17
1588617040.246217,173.194.188.105,10.10.0.10,,,443,45734,0,1358,17
1588617040.2508762,173.194.188.105,10.10.0.10,,,443,45734,0,1358,17
1588617040.25553,173.194.188.105,10.10.0.10,,,443,45734,0,1358,17
1588617040.260186,173.194.188.105,10.10.0.10,,,443,45734,0,1358,17
1588617040.264842,173.194.188.105,10.10.0.10,,,443,45734,0,1358,17
1588617040.2694972,173.194.188.105,10.10.0.10,,,443,45734,0,1358,17
1588617040.274153,173.194.188.105,10.10.0.10,,,443,45734,0,1358,17
1588617040.278808,173.194.188.105,10.10.0.10,,,443,45734,0,1358,17
1588617040.28346,173.194.188.105,10.10.0.10,,,443,45734,0,1358,17
1588617040.2955902,10.10.0.10,173.194.188.105,,,45734,443,0,37,17
1588617040.300584,173.194.188.105,10.10.0.10,,,443,45734,0,1358,17
1588617040.301267,10.10.0.10,173.194.188.105,,,45734,443,0,37,17
1588617040.301325,10.10.0.10,173.194.188.105,,,45734,443,0,37,17
1588617040.301805,10.10.0.10,173.194.188.105,,,45734,443,0,37,17
1588617040.304194,10.10.0.10,173.194.188.105,,,45734,443,0,37,17
1588617040.3042526,10.10.0.10,173.194.188.105,,,45734,443,0,37,17
1588617040.3052988,10.10.0.10,173.194.188.105,,,45734,443,0,37,17
1588617040.3054776,173.194.188.105,10.10.0.10,,,443,45734,0,1358,17
1588617040.305527,173.194.188.105,10.10.0.10,,,443,45734,0,1358,17
1588617040.3063278,10.10.0.10,173.194.188.105,,,45734,443,0,50,17
1588617040.307026,10.10.0.10,173.194.188.105,,,45734,443,0,37,17
1588617040.3085618,10.10.0.10,173.194.188.105,,,45734,443,0,37,17
1588617040.30912,10.10.0.10,173.194.188.105,,,45734,443,0,37,17
1588617040.311744,173.194.188.105,10.10.0.10,,,443,45734,0,1358,17
1588617040.314165,173.194.188.105,10.10.0.10,,,443,45734,0,1358,17
1588617040.3172762,10.10.0.10,173.194.188.105,,,45734,443,0,37,17
1588617040.3187802,173.194.188.105,10.10.0.10,,,443,45734,0,1358,17
1588617040.3206098,10.10.0.10,173.194.188.105,,,45734,443,0,37,17
1588617040.3234804,173.194.188.105,10.10.0.10,,,443,45734,0,1358,17
1588617040.328134,173.194.188.105,10.10.0.10,,,443,45734,0,1358,17
1588617040.332794,173.194.188.105,10.10.0.10,,,443,45734,0,1358,17
1588617040.3374438,173.194.188.105,10.10.0.10,,,443,45734,0,1358,17
1588617040.342104,173.194.188.105,10.10.0.10,,,443,45734,0,1358,17
1588617040.346759,173.194.188.105,10.10.0.10,,,443,45734,0,1358,17
1588617040.3514106,173.194.188.105,10.10.0.10,,,443,45734,0,1358,17
1588617040.3560429,173.194.188.105,10.10.0.10,,,443,45734,0,1358,17
1588617040.3607216,173.194.188.105,10.10.0.10,,,443,45734,0,1358,17
1588617040.365381,173.194.188.105,10.10.0.10,,,443,45734,0,1358,17
1588617040.370033,173.194.188.105,10.10.0.10,,,443,45734,0,1358,17
1588617040.374657,173.194.188.105,10.10.0.10,,,443,45734,0,1358,17
1588617040.379342,173.194.188.105,10.10.0.10,,,443,45734,0,1358,17
1588617040.384003,173.194.188.105,10.10.0.10,,,443,45734,0,1358,17
1588617040.3886616,173.194.188.105,10.10.0.10,,,443,45734,0,1358,17
1588617040.3932838,173.194.188.105,10.10.0.10,,,443,45734,0,1358,17
1588617040.397966,173.194.188.105,10.10.0.10,,,443,45734,0,1358,17
1588617040.4026248,173.194.188.105,10.10.0.10,,,443,45734,0,1358,17
1588617040.4072778,173.194.188.105,10.10.0.10,,,443,45734,0,1358,17
1588617040.411937,173.194.188.105,10.10.0.10,,,443,45734,0,1358,17
1588617040.416588,173.194.188.105,10.10.0.10,,,443,45734,0,1358,17
1588617040.4172099,10.10.0.10,173.194.188.105,,,45734,443,0,37,17
1588617040.420611,10.10.0.10,173.194.188.105,,,45734,443,0,37,17
1588617040.421203,173.194.188.105,10.10.0.10,,,443,45734,0,1358,17
1588617040.422107,10.10.0.10,173.194.188.105,,,45734,443,0,37,17
1588617040.4235349,10.10.0.10,173.194.188.105,,,45734,443,0,37,17
1588617040.424726,10.10.0.10,173.194.188.105,,,45734,443,0,37,17
1588617040.4247868,10.10.0.10,173.194.188.105,,,45734,443,0,37,17
1588617040.4258714,173.194.188.105,10.10.0.10,,,443,45734,0,1358,17
1588617040.426373,10.10.0.10,173.194.188.105,,,45734,443,0,37,17
1588617040.4268534,10.10.0.10,173.194.188.105,,,45734,443,0,37,17
1588617040.428344,10.10.0.10,173.194.188.105,,,45734,443,0,37,17
1588617040.4289439,10.10.0.10,173.194.188.105,,,45734,443,0,37,17
1588617040.430421,10.10.0.10,173.194.188.105,,,45734,443,0,37,17
1588617040.430495,173.194.188.105,10.10.0.10,,,443,45734,0,1358,17
1588617040.4308612,10.10.0.10,173.194.188.105,,,45734,443,0,37,17
1588617040.435194,173.194.188.105,10.10.0.10,,,443,45734,0,1358,17
1588617040.436856,10.10.0.10,173.194.188.105,,,45734,443,0,37,17
1588617040.4398658,173.194.188.105,10.10.0.10,,,443,45734,0,1358,17
1588617040.4444811,173.194.188.105,10.10.0.10,,,443,45734,0,1358,17
1588617040.449183,173.194.188.105,10.10.0.10,,,443,45734,0,1358,17
1588617040.4538374,173.194.188.105,10.10.0.10,,,443,45734,0,1358,17
1588617040.4584908,173.194.188.105,10.10.0.10,,,443,45734,0,1358,17
1588617040.4631472,173.194.188.105,10.10.0.10,,,443,45734,0,1358,17
1588617040.4678042,173.194.188.105,10.10.0.10,,,443,45734,0,1358,17
1588617040.4724581,173.194.188.105,10.10.0.10,,,443,45734,0,1358,17
1588617040.47711,173.194.188.105,10.10.0.10,,,443,45734,0,1358,17
1588617040.481766,173.194.188.105,10.10.0.10,,,443,45734,0,1358,17
1588617040.4863849,173.194.188.105,10.10.0.10,,,443,45734,0,1358,17
1588617040.4910774,173.194.188.105,10.10.0.10,,,443,45734,0,1358,17
1588617040.495702,173.194.188.105,10.10.0.10,,,443,45734,0,1358,17
1588617040.500387,173.194.188.105,10.10.0.10,,,443,45734,0,1358,17
1588617040.5050418,173.194.188.105,10.10.0.10,,,443,45734,0,1358,17
1588617040.5096989,173.194.188.105,10.10.0.10,,,443,45734,0,1358,17
1588617040.514353,173.194.188.105,10.10.0.10,,,443,45734,0,1358,17
1588617040.5190132,173.194.188.105,10.10.0.10,,,443,45734,0,1358,17
1588617040.5236359,173.194.188.105,10.10.0.10,,,443,45734,0,1358,17
1588617040.528284,173.194.188.105,10.10.0.10,,,443,45734,0,1358,17
1588617040.5329342,173.194.188.105,10.10.0.10,,,443,45734,0,1358,17
1588617040.5369332,10.10.0.10,173.194.188.105,,,45734,443,0,37,17
1588617040.537601,173.194.188.105,10.10.0.10,,,443,45734,0,1358,17
1588617040.5405402,10.10.0.10,173.194.188.105,,,45734,443,0,50,17
1588617040.541496,10.10.0.10,173.194.188.105,,,45734,443,0,37,17
1588617040.542244,173.194.188.105,10.10.0.10,,,443,45734,0,1358,17
1588617040.542957,10.10.0.10,173.194.188.105,,,45734,443,0,37,17
1588617040.5439732,10.10.0.10,173.194.188.105,,,45734,443,0,37,17
1588617040.5451412,10.10.0.10,173.194.188.105,,,45734,443,0,37,17
1588617040.5456452,10.10.0.10,173.194.188.105,,,45734,443,0,37,17
1588617040.5468998,173.194.188.105,10.10.0.10,,,443,45734,0,1358,17
1588617040.547976,10.10.0.10,173.194.188.105,,,45734,443,0,37,17
1588617040.549018,10.10.0.10,173.194.188.105,,,45734,443,0,37,17
1588617040.549031,10.10.0.10,173.194.188.105,,,45734,443,0,37,17
1588617040.5500221,10.10.0.10,173.194.188.105,,,45734,443,0,37,17
1588617040.550714,10.10.0.10,173.194.188.105,,,45734,443,0,37,17
1588617040.551525,173.194.188.105,10.10.0.10,,,443,45734,0,1358,17
1588617040.553618,10.10.0.10,173.194.188.105,,,45734,443,0,37,17
1588617040.5562198,173.194.188.105,10.10.0.10,,,443,45734,0,1358,17
1588617040.5608358,173.194.188.105,10.10.0.10,,,443,45734,0,1358,17
1588617040.562364,10.10.0.10,173.194.188.105,,,45734,443,0,37,17
1588617040.565526,173.194.188.105,10.10.0.10,,,443,45734,0,1358,17
1588617040.570152,173.194.188.105,10.10.0.10,,,443,45734,0,1358,17
1588617040.5748668,173.194.188.105,10.10.0.10,,,443,45734,0,1358,17
1588617040.5794964,173.194.188.105,10.10.0.10,,,443,45734,0,1358,17
1588617040.584132,173.194.188.105,10.10.0.10,,,443,45734,0,1358,17
1588617040.588786,173.194.188.105,10.10.0.10,,,443,45734,0,1358,17
1588617040.5934649,173.194.188.105,10.10.0.10,,,443,45734,0,1358,17
1588617040.5980852,173.194.188.105,10.10.0.10,,,443,45734,0,1358,17
1588617040.602761,173.194.188.105,10.10.0.10,,,443,45734,0,1358,17
1588617040.6074538,173.194.188.105,10.10.0.10,,,443,45734,0,1358,17
1588617040.6120849,173.194.188.105,10.10.0.10,,,443,45734,0,1358,17
1588617040.6167061,173.194.188.105,10.10.0.10,,,443,45734,0,1358,17
1588617040.621375,173.194.188.105,10.10.0.10,,,443,45734,0,1358,17
1588617040.626049,173.194.188.105,10.10.0.10,,,443,45734,0,1358,17
1588617040.63074,173.194.188.105,10.10.0.10,,,443,45734,0,1358,17
1588617040.6353312,173.194.188.105,10.10.0.10,,,443,45734,0,1358,17
1588617040.64005,173.194.188.105,10.10.0.10,,,443,45734,0,1358,17
1588617040.644706,173.194.188.105,10.10.0.10,,,443,45734,0,1358,17
1588617040.649339,173.194.188.105,10.10.0.10,,,443,45734,0,1358,17
1588617040.6539538,173.194.188.105,10.10.0.10,,,443,45734,0,1358,17
1588617040.658605,173.194.188.105,10.10.0.10,,,443,45734,0,1358,17
1588617040.660221,10.10.0.10,173.194.188.105,,,45734,443,0,37,17
1588617040.661632,10.10.0.10,173.194.188.105,,,45734,443,0,37,17
1588617040.662188,10.10.0.10,173.194.188.105,,,45734,443,0,37,17
1588617040.6633296,173.194.188.105,10.10.0.10,,,443,45734,0,1358,17
1588617040.663627,10.10.0.10,173.194.188.105,,,45734,443,0,37,17
1588617040.66471,10.10.0.10,173.194.188.105,,,45734,443,0,37,17
1588617040.667952,173.194.188.105,10.10.0.10,,,443,45734,0,1358,17
1588617040.667956,10.10.0.10,173.194.188.105,,,45734,443,0,37,17
1588617040.667998,10.10.0.10,173.194.188.105,,,45734,443,0,37,17
1588617040.6686828,10.10.0.10,173.194.188.105,,,45734,443,0,50,17
1588617040.668726,10.10.0.10,173.194.188.105,,,45734,443,0,37,17
1588617040.670751,10.10.0.10,173.194.188.105,,,45734,443,0,37,17
1588617040.670795,10.10.0.10,173.194.188.105,,,45734,443,0,37,17
1588617040.672641,173.194.188.105,10.10.0.10,,,443,45734,0,1358,17
1588617040.674314,10.10.0.10,173.194.188.105,,,45734,443,0,37,17
1588617040.6772358,173.194.188.105,10.10.0.10,,,443,45734,0,1358,17
1588617040.681884,173.194.188.105,10.10.0.10,,,443,45734,0,1358,17
1588617040.6835332,10.10.0.10,173.194.188.105,,,45734,443,0,37,17
1588617040.686575,173.194.188.105,10.10.0.10,,,443,45734,0,1358,17
1588617040.6912696,173.194.188.105,10.10.0.10,,,443,45734,0,1358,17
1588617040.6959262,173.194.188.105,10.10.0.10,,,443,45734,0,1358,17
1588617040.700541,173.194.188.105,10.10.0.10,,,443,45734,0,1358,17
1588617040.705175,173.194.188.105,10.10.0.10,,,443,45734,0,1358,17
1588617040.7098696,173.194.188.105,10.10.0.10,,,443,45734,0,1358,17
1588617040.714551,173.194.188.105,10.10.0.10,,,443,45734,0,1358,17
1588617040.719181,173.194.188.105,10.10.0.10,,,443,45734,0,1358,17
1588617040.723823,173.194.188.105,10.10.0.10,,,443,45734,0,1358,17
1588617040.7285225,173.194.188.105,10.10.0.10,,,443,45734,0,1358,17
1588617040.7331722,173.194.188.105,10.10.0.10,,,443,45734,0,1358,17
1588617040.737832,173.194.188.105,10.10.0.10,,,443,45734,0,1358,17
1588617040.7424898,173.194.188.105,10.10.0.10,,,443,45734,0,1358,17
1588617040.747144,173.194.188.105,10.10.0.10,,,443,45734,0,1358,17
1588617040.7518,173.194.188.105,10.10.0.10,,,443,45734,0,1358,17
1588617040.7564552,173.194.188.105,10.10.0.10,,,443,45734,0,1358,17
1588617040.7611089,173.194.188.105,10.10.0.10,,,443,45734,0,1358,17
1588617040.7657652,173.194.188.105,10.10.0.10,,,443,45734,0,1358,17
1588617040.770421,173.194.188.105,10.10.0.10,,,443,45734,0,1358,17
1588617040.775072,173.194.188.105,10.10.0.10,,,443,45734,0,1358,17
1588617040.7796998,173.194.188.105,10.10.0.10,,,443,45734,0,1358,17
1588617040.781076,10.10.0.10,173.194.188.105,,,45734,443,0,37,17
1588617040.781641,10.10.0.10,173.194.188.105,,,45734,443,0,37,17
1588617040.7828212,10.10.0.10,173.194.188.105,,,45734,443,0,37,17
1588617040.78376,10.10.0.10,173.194.188.105,,,45734,443,0,37,17
1588617040.784346,173.194.188.105,10.10.0.10,,,443,45734,0,1358,17
1588617040.785221,10.10.0.10,173.194.188.105,,,45734,443,0,37,17
1588617040.7858539,10.10.0.10,173.194.188.105,,,45734,443,0,37,17
1588617040.7877412,10.10.0.10,173.194.188.105,,,45734,443,0,37,17
1588617040.7883039,10.10.0.10,173.194.188.105,,,45734,443,0,37,17
1588617040.7890134,173.194.188.105,10.10.0.10,,,443,45734,0,1358,17
1588617040.7893386,10.10.0.10,173.194.188.105,,,45734,443,0,37,17
1588617040.7908359,10.10.0.10,173.194.188.105,,,45734,443,0,37,17
1588617040.791841,10.10.0.10,173.194.188.105,,,45734,443,0,37,17
1588617040.793695,173.194.188.105,10.10.0.10,,,443,45734,0,1358,17
1588617040.795251,10.10.0.10,173.194.188.105,,,45734,443,0,37,17
1588617040.79835,173.194.188.105,10.10.0.10,,,443,45734,0,1358,17
1588617040.8029802,173.194.188.105,10.10.0.10,,,443,45734,0,1358,17
1588617040.807587,173.194.188.105,10.10.0.10,,,443,45734,0,1358,17
1588617040.81232,173.194.188.105,10.10.0.10,,,443,45734,0,1358,17
1588617040.816977,173.194.188.105,10.10.0.10,,,443,45734,0,1358,17
1588617040.82163,173.194.188.105,10.10.0.10,,,443,45734,0,1358,17
1588617040.826282,173.194.188.105,10.10.0.10,,,443,45734,0,1358,17
1588617040.8308694,173.194.188.105,10.10.0.10,,,443,45734,0,1358,17
1588617040.8355439,173.194.188.105,10.10.0.10,,,443,45734,0,1358,17
1588617040.840239,173.194.188.105,10.10.0.10,,,443,45734,0,1358,17
1588617040.8448956,173.194.188.105,10.10.0.10,,,443,45734,0,1358,17
1588617040.849551,173.194.188.105,10.10.0.10,,,443,45734,0,1358,17
1588617040.8542118,173.194.188.105,10.10.0.10,,,443,45734,0,1358,17
1588617040.858833,173.194.188.105,10.10.0.10,,,443,45734,0,1358,17
1588617040.863518,173.194.188.105,10.10.0.10,,,443,45734,0,1358,17
1588617040.8681734,173.194.188.105,10.10.0.10,,,443,45734,0,1358,17
1588617040.8728292,173.194.188.105,10.10.0.10,,,443,45734,0,1358,17
1588617040.8774881,173.194.188.105,10.10.0.10,,,443,45734,0,1358,17
1588617040.8820848,173.194.188.105,10.10.0.10,,,443,45734,0,1358,17
1588617040.8867419,173.194.188.105,10.10.0.10,,,443,45734,0,1358,17
1588617040.891451,173.194.188.105,10.10.0.10,,,443,45734,0,1358,17
1588617040.896107,173.194.188.105,10.10.0.10,,,443,45734,0,1358,17
1588617040.8971431,10.10.0.10,173.194.188.105,,,45734,443,0,37,17
1588617040.899647,10.10.0.10,173.194.188.105,,,45734,443,0,37,17
1588617040.9006321,10.10.0.10,173.194.188.105,,,45734,443,0,50,17
1588617040.9007332,173.194.188.105,10.10.0.10,,,443,45734,0,1358,17
1588617040.902343,10.10.0.10,173.194.188.105,,,45734,443,0,37,17
1588617040.9038668,10.10.0.10,173.194.188.105,,,45734,443,0,37,17
1588617040.9053092,10.10.0.10,173.194.188.105,,,45734,443,0,37,17
1588617040.905386,173.194.188.105,10.10.0.10,,,443,45734,0,1358,17
1588617040.906211,10.10.0.10,173.194.188.105,,,45734,443,0,37,17
1588617040.9084132,10.10.0.10,173.194.188.105,,,45734,443,0,37,17
1588617040.9084911,10.10.0.10,173.194.188.105,,,45734,443,0,37,17
1588617040.909033,10.10.0.10,173.194.188.105,,,45734,443,0,37,17
1588617040.9100518,173.194.188.105,10.10.0.10,,,443,45734,0,1358,17
1588617040.9105148,10.10.0.10,173.194.188.105,,,45734,443,0,37,17
1588617040.911155,10.10.0.10,173.194.188.105,,,45734,443,0,37,17
1588617040.9147284,173.194.188.105,10.10.0.10,,,443,45734,0,1358,17
1588617040.9174821,10.10.0.10,173.194.188.105,,,45734,443,0,37,17
1588617040.91939,173.194.188.105,10.10.0.10,,,443,45734,0,1358,17
1588617040.924041,173.194.188.105,10.10.0.10,,,443,45734,0,29,17
1588617040.924178,173.194.188.105,10.10.0.10,,,443,45734,0,1358,17
1588617040.9288769,173.194.188.105,10.10.0.10,,,443,45734,0,1358,17
1588617040.93357,173.194.188.105,10.10.0.10,,,443,45734,0,1358,17
1588617040.938225,173.194.188.105,10.10.0.10,,,443,45734,0,1358,17
1588617040.9428804,173.194.188.105,10.10.0.10,,,443,45734,0,1358,17
1588617040.9474714,173.194.188.105,10.10.0.10,,,443,45734,0,1358,17
1588617040.9521158,173.194.188.105,10.10.0.10,,,443,45734,0,1358,17
1588617040.956839,173.194.188.105,10.10.0.10,,,443,45734,0,1358,17
1588617040.961494,173.194.188.105,10.10.0.10,,,443,45734,0,1358,17
1588617040.96615,173.194.188.105,10.10.0.10,,,443,45734,0,1358,17
1588617040.970781,173.194.188.105,10.10.0.10,,,443,45734,0,1358,17
1588617040.975285,10.10.0.10,173.194.188.105,,,45734,443,0,37,17
1588617040.975344,10.10.0.10,173.194.188.105,,,45734,443,0,37,17
1588617040.975424,173.194.188.105,10.10.0.10,,,443,45734,0,1358,17
1588617040.9766948,10.10.0.10,173.194.188.105,,,45734,443,0,37,17
1588617040.9778042,10.10.0.10,173.194.188.105,,,45734,443,0,37,17
1588617040.979198,10.10.0.10,173.194.188.105,,,45734,443,0,37,17
1588617040.9797401,10.10.0.10,173.194.188.105,,,45734,443,0,37,17
1588617040.980077,173.194.188.105,10.10.0.10,,,443,45734,0,1358,17
1588617040.981859,10.10.0.10,173.194.188.105,,,45734,443,0,37,17
1588617040.9847262,173.194.188.105,10.10.0.10,,,443,45734,0,1358,17
1588617040.9863384,10.10.0.10,173.194.188.105,,,45734,443,0,37,17
1588617040.989391,173.194.188.105,10.10.0.10,,,443,45734,0,1358,17
1588617040.994082,173.194.188.105,10.10.0.10,,,443,45734,0,1358,17
1588617040.9956028,10.10.0.10,173.194.188.105,,,45734,443,0,37,17
1588617040.998677,173.194.188.105,10.10.0.10,,,443,45734,0,1358,17
1588617041.003393,173.194.188.105,10.10.0.10,,,443,45734,0,1358,17
1588617041.004983,10.10.0.10,173.194.188.105,,,45734,443,0,50,17
1588617041.0080285,173.194.188.105,10.10.0.10,,,443,45734,0,1358,17
1588617041.012664,173.194.188.105,10.10.0.10,,,443,45734,0,1358,17
1588617041.0153608,10.10.0.10,173.194.188.105,,,45734,443,0,37,17
1588617041.017361,173.194.188.105,10.10.0.10,,,443,45734,0,1358,17
1588617041.0219538,173.194.188.105,10.10.0.10,,,443,45734,0,1358,17
1588617041.023565,10.10.0.10,173.194.188.105,,,45734,443,0,37,17
1588617041.0266461,173.194.188.105,10.10.0.10,,,443,45734,0,1358,17
1588617041.031326,173.194.188.105,10.10.0.10,,,443,45734,0,1358,17
1588617041.0342338,10.10.0.10,173.194.188.105,,,45734,443,0,37,17
1588617041.0359821,173.194.188.105,10.10.0.10,,,443,45734,0,1358,17
1588617041.040637,173.194.188.105,10.10.0.10,,,443,45734,0,1358,17
1588617041.044316,10.10.0.10,173.194.188.105,,,45734,443,0,37,17
1588617041.0452714,173.194.188.105,10.10.0.10,,,443,45734,0,1358,17
1588617041.0499492,173.194.188.105,10.10.0.10,,,443,45734,0,1358,17
1588617041.051878,10.10.0.10,173.194.188.105,,,45734,443,0,37,17
1588617041.054616,173.194.188.105,10.10.0.10,,,443,45734,0,1358,17
1588617041.059218,173.194.188.105,10.10.0.10,,,443,45734,0,1358,17
1588617041.061107,10.10.0.10,173.194.188.105,,,45734,443,0,37,17
1588617041.063875,173.194.188.105,10.10.0.10,,,443,45734,0,1358,17
1588617041.0685318,173.194.188.105,10.10.0.10,,,443,45734,0,1358,17
1588617041.070526,10.10.0.10,173.194.188.105,,,45734,443,0,37,17
1588617041.0732286,173.194.188.105,10.10.0.10,,,443,45734,0,29,17
1588617041.0733669,173.194.188.105,10.10.0.10,,,443,45734,0,1358,17
1588617041.078066,173.194.188.105,10.10.0.10,,,443,45734,0,1358,17
1588617041.0799398,10.10.0.10,173.194.188.105,,,45734,443,0,37,17
1588617041.0827491,173.194.188.105,10.10.0.10,,,443,45734,0,1358,17
1588617041.0874028,173.194.188.105,10.10.0.10,,,443,45734,0,1358,17
1588617041.089176,10.10.0.10,173.194.188.105,,,45734,443,0,37,17
1588617041.091998,173.194.188.105,10.10.0.10,,,443,45734,0,1358,17
1588617041.096715,173.194.188.105,10.10.0.10,,,443,45734,0,1358,17
1588617041.099544,10.10.0.10,173.194.188.105,,,45734,443,0,37,17
1588617041.1013699,173.194.188.105,10.10.0.10,,,443,45734,0,1358,17
1588617041.106001,173.194.188.105,10.10.0.10,,,443,45734,0,1358,17
1588617041.1077929,10.10.0.10,173.194.188.105,,,45734,443,0,37,17
1588617041.110681,173.194.188.105,10.10.0.10,,,443,45734,0,1358,17
1588617041.115342,173.194.188.105,10.10.0.10,,,443,45734,0,1358,17
1588617041.1181881,10.10.0.10,173.194.188.105,,,45734,443,0,37,17
1588617041.119996,173.194.188.105,10.10.0.10,,,443,45734,0,1358,17
1588617041.124648,173.194.188.105,10.10.0.10,,,443,45734,0,1358,17
1588617041.126153,10.10.0.10,173.194.188.105,,,45734,443,0,37,17
1588617041.1293068,173.194.188.105,10.10.0.10,,,443,45734,0,1358,17
1588617041.133959,173.194.188.105,10.10.0.10,,,443,45734,0,1358,17
1588617041.1355839,10.10.0.10,173.194.188.105,,,45734,443,0,37,17
1588617041.138619,173.194.188.105,10.10.0.10,,,443,45734,0,1358,17
1588617041.1432712,173.194.188.105,10.10.0.10,,,443,45734,0,1358,17
1588617041.1448119,10.10.0.10,173.194.188.105,,,45734,443,0,37,17
1588617041.147927,173.194.188.105,10.10.0.10,,,443,45734,0,1358,17
1588617041.152586,173.194.188.105,10.10.0.10,,,443,45734,0,1358,17
1588617041.1545858,10.10.0.10,173.194.188.105,,,45734,443,0,37,17
1588617041.1572368,173.194.188.105,10.10.0.10,,,443,45734,0,1358,17
1588617041.161896,173.194.188.105,10.10.0.10,,,443,45734,0,1358,17
1588617041.163524,10.10.0.10,173.194.188.105,,,45734,443,0,37,17
1588617041.166552,173.194.188.105,10.10.0.10,,,443,45734,0,1358,17
1588617041.171207,173.194.188.105,10.10.0.10,,,443,45734,0,1358,17
1588617041.172875,10.10.0.10,173.194.188.105,,,45734,443,0,37,17
1588617041.1758618,173.194.188.105,10.10.0.10,,,443,45734,0,1358,17
1588617041.1805189,173.194.188.105,10.10.0.10,,,443,45734,0,1358,17
1588617041.182655,10.10.0.10,173.194.188.105,,,45734,443,0,37,17
1588617041.185174,173.194.188.105,10.10.0.10,,,443,45734,0,1358,17
1588617041.18983,173.194.188.105,10.10.0.10,,,443,45734,0,1358,17
1588617041.1944828,173.194.188.105,10.10.0.10,,,443,45734,0,1095,17
1588617041.2032769,10.10.0.10,173.194.188.105,,,45734,443,0,50,17
1588617041.209106,173.194.188.105,10.10.0.10,,,443,45734,0,29,17
1588617041.2291892,10.10.0.10,173.194.188.105,,,45734,443,0,37,17
1588617041.2301958,10.10.0.10,173.194.188.105,,,45734,443,0,731,17
1588617041.2310526,10.10.0.10,173.194.188.105,,,45734,443,0,48,17
1588617041.235326,173.194.188.105,10.10.0.10,,,443,45734,0,115,17
1588617041.2353768,173.194.188.105,10.10.0.10,,,443,45734,0,1358,17
1588617041.2354019,173.194.188.105,10.10.0.10,,,443,45734,0,1358,17
1588617041.237087,10.10.0.10,173.194.188.105,,,45734,443,0,37,17
1588617041.2398598,173.194.188.105,10.10.0.10,,,443,45734,0,1358,17
1588617041.241643,10.10.0.10,173.194.188.105,,,45734,443,0,37,17
1588617041.244513,173.194.188.105,10.10.0.10,,,443,45734,0,1358,17
1588617041.2491715,173.194.188.105,10.10.0.10,,,443,45734,0,1358,17
1588617041.2512689,10.10.0.10,173.194.188.105,,,45734,443,0,37,17
1588617041.252738,10.10.0.10,173.194.188.105,,,45734,443,0,727,17
1588617041.2529638,10.10.0.10,173.194.188.105,,,45734,443,0,48,17
1588617041.253783,173.194.188.105,10.10.0.10,,,443,45734,0,1358,17
1588617041.2584932,173.194.188.105,10.10.0.10,,,443,45734,0,1358,17
1588617041.2599301,10.10.0.10,173.194.188.105,,,45734,443,0,37,17
1588617041.263135,173.194.188.105,10.10.0.10,,,443,45734,0,1358,17
1588617041.2677894,173.194.188.105,10.10.0.10,,,443,45734,0,1358,17
1588617041.2693741,10.10.0.10,173.194.188.105,,,45734,443,0,37,17
1588617041.272406,173.194.188.105,10.10.0.10,,,443,45734,0,1358,17
1588617041.2771,173.194.188.105,10.10.0.10,,,443,45734,0,1358,17
1588617041.278612,10.10.0.10,173.194.188.105,,,45734,443,0,37,17
1588617041.2817562,173.194.188.105,10.10.0.10,,,443,45734,0,1358,17
1588617041.286386,173.194.188.105,10.10.0.10,,,443,45734,0,1358,17
1588617041.2879992,10.10.0.10,173.194.188.105,,,45734,443,0,37,17
1588617041.291068,173.194.188.105,10.10.0.10,,,443,45734,0,1358,17
1588617041.295686,173.194.188.105,10.10.0.10,,,443,45734,0,1358,17
1588617041.297482,10.10.0.10,173.194.188.105,,,45734,443,0,37,17
1588617041.3003802,173.194.188.105,10.10.0.10,,,443,45734,0,29,17
1588617041.300519,173.194.188.105,10.10.0.10,,,443,45734,0,1358,17
1588617041.305191,173.194.188.105,10.10.0.10,,,443,45734,0,1358,17
1588617041.307078,10.10.0.10,173.194.188.105,,,45734,443,0,37,17
1588617041.3099012,173.194.188.105,10.10.0.10,,,443,45734,0,1358,17
1588617041.3145304,173.194.188.105,10.10.0.10,,,443,45734,0,1358,17
1588617041.316207,10.10.0.10,173.194.188.105,,,45734,443,0,37,17
1588617041.319187,173.194.188.105,10.10.0.10,,,443,45734,0,1358,17
1588617041.3238668,173.194.188.105,10.10.0.10,,,443,45734,0,1358,17
1588617041.3254788,10.10.0.10,173.194.188.105,,,45734,443,0,37,17
1588617041.3285332,173.194.188.105,10.10.0.10,,,443,45734,0,1358,17
1588617041.3331778,173.194.188.105,10.10.0.10,,,443,45734,0,1358,17
1588617041.335626,10.10.0.10,173.194.188.105,,,45734,443,0,37,17
1588617041.3378372,173.194.188.105,10.10.0.10,,,443,45734,0,1358,17
1588617041.342464,173.194.188.105,10.10.0.10,,,443,45734,0,1358,17
1588617041.34617,10.10.0.10,173.194.188.105,,,45734,443,0,37,17
1588617041.3471448,173.194.188.105,10.10.0.10,,,443,45734,0,1358,17
1588617041.351812,173.194.188.105,10.10.0.10,,,443,45734,0,1358,17
1588617041.353538,10.10.0.10,173.194.188.105,,,45734,443,0,37,17
1588617041.356456,173.194.188.105,10.10.0.10,,,443,45734,0,1358,17
1588617041.361111,173.194.188.105,10.10.0.10,,,443,45734,0,1358,17
1588617041.3626866,10.10.0.10,173.194.188.105,,,45734,443,0,37,17
1588617041.365726,173.194.188.105,10.10.0.10,,,443,45734,0,1358,17
1588617041.370426,173.194.188.105,10.10.0.10,,,443,45734,0,1358,17
1588617041.3720329,10.10.0.10,173.194.188.105,,,45734,443,0,37,17
1588617041.3750794,173.194.188.105,10.10.0.10,,,443,45734,0,1358,17
1588617041.379735,173.194.188.105,10.10.0.10,,,443,45734,0,1358,17
1588617041.3822286,10.10.0.10,173.194.188.105,,,45734,443,0,37,17
1588617041.3843892,173.194.188.105,10.10.0.10,,,443,45734,0,1358,17
1588617041.3890028,173.194.188.105,10.10.0.10,,,443,45734,0,1358,17
1588617041.392648,10.10.0.10,173.194.188.105,,,45734,443,0,37,17
1588617041.393639,173.194.188.105,10.10.0.10,,,443,45734,0,1358,17
1588617041.3983572,173.194.188.105,10.10.0.10,,,443,45734,0,1358,17
1588617041.400001,10.10.0.10,173.194.188.105,,,45734,443,0,37,17
1588617041.4030132,173.194.188.105,10.10.0.10,,,443,45734,0,1358,17
1588617041.407667,173.194.188.105,10.10.0.10,,,443,45734,0,1358,17
1588617041.409298,10.10.0.10,173.194.188.105,,,45734,443,0,37,17
1588617041.41228,173.194.188.105,10.10.0.10,,,443,45734,0,1358,17
1588617041.41695,173.194.188.105,10.10.0.10,,,443,45734,0,1358,17
1588617041.418593,10.10.0.10,173.194.188.105,,,45734,443,0,37,17
1588617041.421633,173.194.188.105,10.10.0.10,,,443,45734,0,1358,17
1588617041.4262884,173.194.188.105,10.10.0.10,,,443,45734,0,1358,17
1588617041.42783,10.10.0.10,173.194.188.105,,,45734,443,0,37,17
1588617041.430943,173.194.188.105,10.10.0.10,,,443,45734,0,1358,17
1588617041.43556,173.194.188.105,10.10.0.10,,,443,45734,0,1358,17
1588617041.437145,10.10.0.10,173.194.188.105,,,45734,443,0,50,17
1588617041.4402552,173.194.188.105,10.10.0.10,,,443,45734,0,1358,17
1588617041.444912,173.194.188.105,10.10.0.10,,,443,45734,0,1358,17
1588617041.4466052,10.10.0.10,173.194.188.105,,,45734,443,0,37,17
1588617041.449567,173.194.188.105,10.10.0.10,,,443,45734,0,1358,17
1588617041.4542232,173.194.188.105,10.10.0.10,,,443,45734,0,1358,17
1588617041.4558258,10.10.0.10,173.194.188.105,,,45734,443,0,37,17
1588617041.4588358,173.194.188.105,10.10.0.10,,,443,45734,0,1358,17
1588617041.4635339,173.194.188.105,10.10.0.10,,,443,45734,0,1358,17
1588617041.4652462,10.10.0.10,173.194.188.105,,,45734,443,0,37,17
1588617041.468188,173.194.188.105,10.10.0.10,,,443,45734,0,1358,17
1588617041.472844,173.194.188.105,10.10.0.10,,,443,45734,0,1358,17
1588617041.474416,10.10.0.10,173.194.188.105,,,45734,443,0,37,17
1588617041.4774988,173.194.188.105,10.10.0.10,,,443,45734,0,1358,17
1588617041.4821134,173.194.188.105,10.10.0.10,,,443,45734,0,1358,17
1588617041.4840634,10.10.0.10,173.194.188.105,,,45734,443,0,37,17
1588617041.486751,173.194.188.105,10.10.0.10,,,443,45734,0,1358,17
1588617041.4914286,173.194.188.105,10.10.0.10,,,443,45734,0,1358,17
1588617041.493294,10.10.0.10,173.194.188.105,,,45734,443,0,37,17
1588617041.4961221,173.194.188.105,10.10.0.10,,,443,45734,0,1358,17
1588617041.500776,173.194.188.105,10.10.0.10,,,443,45734,0,1358,17
1588617041.5030632,10.10.0.10,173.194.188.105,,,45734,443,0,37,17
1588617041.5053911,173.194.188.105,10.10.0.10,,,443,45734,0,1358,17
1588617041.51009,173.194.188.105,10.10.0.10,,,443,45734,0,1358,17
1588617041.5120974,10.10.0.10,173.194.188.105,,,45734,443,0,37,17
1588617041.514744,173.194.188.105,10.10.0.10,,,443,45734,0,1358,17
1588617041.519399,173.194.188.105,10.10.0.10,,,443,45734,0,1358,17
1588617041.52108,10.10.0.10,173.194.188.105,,,45734,443,0,37,17
1588617041.524056,173.194.188.105,10.10.0.10,,,443,45734,0,1358,17
1588617041.5286481,173.194.188.105,10.10.0.10,,,443,45734,0,1358,17
1588617041.530333,10.10.0.10,173.194.188.105,,,45734,443,0,37,17
1588617041.533365,173.194.188.105,10.10.0.10,,,443,45734,0,1358,17
1588617041.538023,173.194.188.105,10.10.0.10,,,443,45734,0,1358,17
1588617041.540046,10.10.0.10,173.194.188.105,,,45734,443,0,37,17
1588617041.5426776,173.194.188.105,10.10.0.10,,,443,45734,0,1358,17
1588617041.547296,173.194.188.105,10.10.0.10,,,443,45734,0,1358,17
1588617041.548974,10.10.0.10,173.194.188.105,,,45734,443,0,37,17
1588617041.5519252,173.194.188.105,10.10.0.10,,,443,45734,0,1358,17
1588617041.556607,173.194.188.105,10.10.0.10,,,443,45734,0,1358,17
1588617041.558288,10.10.0.10,173.194.188.105,,,45734,443,0,37,17
1588617041.5612562,173.194.188.105,10.10.0.10,,,443,45734,0,1358,17
1588617041.565916,173.194.188.105,10.10.0.10,,,443,45734,0,1358,17
1588617041.5690649,10.10.0.10,173.194.188.105,,,45734,443,0,37,17
1588617041.570549,173.194.188.105,10.10.0.10,,,443,45734,0,1358,17
1588617041.575191,173.194.188.105,10.10.0.10,,,443,45734,0,1358,17
1588617041.576659,10.10.0.10,173.194.188.105,,,45734,443,0,37,17
1588617041.5798864,173.194.188.105,10.10.0.10,,,443,45734,0,1358,17
1588617041.5845242,173.194.188.105,10.10.0.10,,,443,45734,0,1358,17
1588617041.5861795,10.10.0.10,173.194.188.105,,,45734,443,0,37,17
1588617041.5892212,173.194.188.105,10.10.0.10,,,443,45734,0,1358,17
1588617041.593876,173.194.188.105,10.10.0.10,,,443,45734,0,1358,17
1588617041.595537,10.10.0.10,173.194.188.105,,,45734,443,0,37,17
1588617041.598524,173.194.188.105,10.10.0.10,,,443,45734,0,1358,17
1588617041.603143,173.194.188.105,10.10.0.10,,,443,45734,0,1358,17
1588617041.604551,10.10.0.10,173.194.188.105,,,45734,443,0,37,17
1588617041.6078448,173.194.188.105,10.10.0.10,,,443,45734,0,1358,17
1588617041.612478,173.194.188.105,10.10.0.10,,,443,45734,0,1358,17
1588617041.614352,10.10.0.10,173.194.188.105,,,45734,443,0,37,17
1588617041.6171556,173.194.188.105,10.10.0.10,,,443,45734,0,1358,17
1588617041.621785,173.194.188.105,10.10.0.10,,,443,45734,0,1358,17
1588617041.623461,10.10.0.10,173.194.188.105,,,45734,443,0,50,17
1588617041.626468,173.194.188.105,10.10.0.10,,,443,45734,0,1358,17
1588617041.631122,173.194.188.105,10.10.0.10,,,443,45734,0,1358,17
1588617041.6327882,10.10.0.10,173.194.188.105,,,45734,443,0,37,17
1588617041.635735,173.194.188.105,10.10.0.10,,,443,45734,0,1358,17
1588617041.640377,173.194.188.105,10.10.0.10,,,443,45734,0,1358,17
1588617041.642561,10.10.0.10,173.194.188.105,,,45734,443,0,37,17
1588617041.645032,173.194.188.105,10.10.0.10,,,443,45734,0,1358,17
1588617041.6497052,173.194.188.105,10.10.0.10,,,443,45734,0,1358,17
1588617041.6512122,10.10.0.10,173.194.188.105,,,45734,443,0,37,17
1588617041.6543422,173.194.188.105,10.10.0.10,,,443,45734,0,1358,17
1588617041.6590161,173.194.188.105,10.10.0.10,,,443,45734,0,1358,17
1588617041.660529,10.10.0.10,173.194.188.105,,,45734,443,0,37,17
1588617041.6637056,173.194.188.105,10.10.0.10,,,443,45734,0,1358,17
1588617041.668361,173.194.188.105,10.10.0.10,,,443,45734,0,1358,17
1588617041.669903,10.10.0.10,173.194.188.105,,,45734,443,0,37,17
1588617041.672958,173.194.188.105,10.10.0.10,,,443,45734,0,1358,17
1588617041.6776292,173.194.188.105,10.10.0.10,,,443,45734,0,1358,17
1588617041.679154,10.10.0.10,173.194.188.105,,,45734,443,0,37,17
1588617041.682304,173.194.188.105,10.10.0.10,,,443,45734,0,1358,17
1588617041.686986,173.194.188.105,10.10.0.10,,,443,45734,0,1358,17
1588617041.688545,10.10.0.10,173.194.188.105,,,45734,443,0,37,17
1588617041.691647,173.194.188.105,10.10.0.10,,,443,45734,0,1358,17
1588617041.6963012,173.194.188.105,10.10.0.10,,,443,45734,0,1358,17
1588617041.6990418,10.10.0.10,173.194.188.105,,,45734,443,0,37,17
1588617041.700917,173.194.188.105,10.10.0.10,,,443,45734,0,1358,17
1588617041.705585,173.194.188.105,10.10.0.10,,,443,45734,0,1358,17
1588617041.7071102,10.10.0.10,173.194.188.105,,,45734,443,0,37,17
1588617041.7102532,173.194.188.105,10.10.0.10,,,443,45734,0,1358,17
1588617041.714927,173.194.188.105,10.10.0.10,,,443,45734,0,1358,17
1588617041.7167866,10.10.0.10,173.194.188.105,,,45734,443,0,37,17
1588617041.719579,173.194.188.105,10.10.0.10,,,443,45734,0,1358,17
1588617041.7242205,173.194.188.105,10.10.0.10,,,443,45734,0,1358,17
1588617041.7259786,10.10.0.10,173.194.188.105,,,45734,443,0,37,17
1588617041.728863,173.194.188.105,10.10.0.10,,,443,45734,0,1358,17
1588617041.733549,173.194.188.105,10.10.0.10,,,443,45734,0,1358,17
1588617041.7351868,10.10.0.10,173.194.188.105,,,45734,443,0,37,17
1588617041.7382052,173.194.188.105,10.10.0.10,,,443,45734,0,1358,17
1588617041.742859,173.194.188.105,10.10.0.10,,,443,45734,0,1358,17
1588617041.7444232,10.10.0.10,173.194.188.105,,,45734,443,0,37,17
1588617041.7475162,173.194.188.105,10.10.0.10,,,443,45734,0,1358,17
1588617041.7521412,173.194.188.105,10.10.0.10,,,443,45734,0,1358,17
1588617041.7537148,10.10.0.10,173.194.188.105,,,45734,443,0,37,17
1588617041.756829,173.194.188.105,10.10.0.10,,,443,45734,0,1358,17
1588617041.761484,173.194.188.105,10.10.0.10,,,443,45734,0,1358,17
1588617041.763007,10.10.0.10,173.194.188.105,,,45734,443,0,37,17
1588617041.7661376,173.194.188.105,10.10.0.10,,,443,45734,0,1358,17
1588617041.770794,173.194.188.105,10.10.0.10,,,443,45734,0,1358,17
1588617041.772423,10.10.0.10,173.194.188.105,,,45734,443,0,37,17
1588617041.7754169,173.194.188.105,10.10.0.10,,,443,45734,0,1358,17
1588617041.780102,173.194.188.105,10.10.0.10,,,443,45734,0,1358,17
1588617041.7818608,10.10.0.10,173.194.188.105,,,45734,443,0,37,17
1588617041.784758,173.194.188.105,10.10.0.10,,,443,45734,0,1358,17
1588617041.7894132,173.194.188.105,10.10.0.10,,,443,45734,0,1358,17
1588617041.790982,10.10.0.10,173.194.188.105,,,45734,443,0,37,17
1588617041.79407,173.194.188.105,10.10.0.10,,,443,45734,0,1358,17
1588617041.7986946,173.194.188.105,10.10.0.10,,,443,45734,0,1358,17
1588617041.8002772,10.10.0.10,173.194.188.105,,,45734,443,0,37,17
1588617041.8033812,173.194.188.105,10.10.0.10,,,443,45734,0,1358,17
1588617041.8080368,173.194.188.105,10.10.0.10,,,443,45734,0,1358,17
1588617041.8114178,10.10.0.10,173.194.188.105,,,45734,443,0,50,17
1588617041.8126929,173.194.188.105,10.10.0.10,,,443,45734,0,1358,17
1588617041.8173466,173.194.188.105,10.10.0.10,,,443,45734,0,1358,17
1588617041.818945,10.10.0.10,173.194.188.105,,,45734,443,0,37,17
1588617041.82194,173.194.188.105,10.10.0.10,,,443,45734,0,1358,17
1588617041.82663,173.194.188.105,10.10.0.10,,,443,45734,0,1358,17
1588617041.828467,10.10.0.10,173.194.188.105,,,45734,443,0,37,17
1588617041.8313134,173.194.188.105,10.10.0.10,,,443,45734,0,1358,17
1588617041.8359704,173.194.188.105,10.10.0.10,,,443,45734,0,1358,17
1588617041.8377151,10.10.0.10,173.194.188.105,,,45734,443,0,37,17
1588617041.840625,173.194.188.105,10.10.0.10,,,443,45734,0,1358,17
1588617041.845217,173.194.188.105,10.10.0.10,,,443,45734,0,1358,17
1588617041.846961,10.10.0.10,173.194.188.105,,,45734,443,0,37,17
1588617041.849936,173.194.188.105,10.10.0.10,,,443,45734,0,1358,17
1588617041.854593,173.194.188.105,10.10.0.10,,,443,45734,0,1358,17
1588617041.8566554,10.10.0.10,173.194.188.105,,,45734,443,0,37,17
1588617041.859246,173.194.188.105,10.10.0.10,,,443,45734,0,1358,17
1588617041.863903,173.194.188.105,10.10.0.10,,,443,45734,0,1358,17
1588617041.867049,10.10.0.10,173.194.188.105,,,45734,443,0,37,17
1588617041.8685234,173.194.188.105,10.10.0.10,,,443,45734,0,1358,17
1588617041.873213,173.194.188.105,10.10.0.10,,,443,45734,0,1358,17
1588617041.87484,10.10.0.10,173.194.188.105,,,45734,443,0,37,17
1588617041.8778682,173.194.188.105,10.10.0.10,,,443,45734,0,1358,17
1588617041.8825245,173.194.188.105,10.10.0.10,,,443,45734,0,1358,17
1588617041.884774,10.10.0.10,173.194.188.105,,,45734,443,0,37,17
1588617041.887179,173.194.188.105,10.10.0.10,,,443,45734,0,1358,17
1588617041.8918438,173.194.188.105,10.10.0.10,,,443,45734,0,1358,17
1588617041.893383,10.10.0.10,173.194.188.105,,,45734,443,0,37,17
1588617041.8964922,173.194.188.105,10.10.0.10,,,443,45734,0,1358,17
1588617041.901149,173.194.188.105,10.10.0.10,,,443,45734,0,1358,17
1588617041.905779,173.194.188.105,10.10.0.10,,,443,45734,0,1358,17
1588617041.9085224,10.10.0.10,173.194.188.105,,,45734,443,0,37,17
1588617041.910418,173.194.188.105,10.10.0.10,,,443,45734,0,1358,17
1588617041.911751,10.10.0.10,173.194.188.105,,,45734,443,0,37,17
1588617041.915122,173.194.188.105,10.10.0.10,,,443,45734,0,1358,17
1588617041.919769,173.194.188.105,10.10.0.10,,,443,45734,0,1358,17
1588617041.924425,173.194.188.105,10.10.0.10,,,443,45734,0,1358,17
1588617041.929066,173.194.188.105,10.10.0.10,,,443,45734,0,1358,17
1588617041.9337368,173.194.188.105,10.10.0.10,,,443,45734,0,1358,17
1588617041.93839,173.194.188.105,10.10.0.10,,,443,45734,0,1358,17
1588617041.9430456,173.194.188.105,10.10.0.10,,,443,45734,0,1358,17
1588617041.944912,10.10.0.10,173.194.188.105,,,45734,443,0,37,17
1588617041.9469619,10.10.0.10,173.194.188.105,,,45734,443,0,37,17
1588617041.9476411,173.194.188.105,10.10.0.10,,,443,45734,0,1358,17
1588617041.947647,10.10.0.10,173.194.188.105,,,45734,443,0,37,17
1588617041.952214,10.10.0.10,173.194.188.105,,,45734,443,0,37,17
1588617041.9523392,173.194.188.105,10.10.0.10,,,443,45734,0,1358,17
1588617041.9570134,173.194.188.105,10.10.0.10,,,443,45734,0,1358,17
1588617041.9585626,10.10.0.10,173.194.188.105,,,45734,443,0,37,17
1588617041.9616694,173.194.188.105,10.10.0.10,,,443,45734,0,1358,17
1588617041.966327,173.194.188.105,10.10.0.10,,,443,45734,0,1358,17
1588617041.968213,10.10.0.10,173.194.188.105,,,45734,443,0,37,17
1588617041.970995,173.194.188.105,10.10.0.10,,,443,45734,0,1358,17
1588617041.9756372,173.194.188.105,10.10.0.10,,,443,45734,0,1358,17
1588617041.977132,10.10.0.10,173.194.188.105,,,45734,443,0,37,17
1588617041.9802961,173.194.188.105,10.10.0.10,,,443,45734,0,1358,17
1588617041.9849482,173.194.188.105,10.10.0.10,,,443,45734,0,1358,17
1588617041.9869652,10.10.0.10,173.194.188.105,,,45734,443,0,37,17
1588617041.9895716,173.194.188.105,10.10.0.10,,,443,45734,0,1358,17
1588617041.994257,173.194.188.105,10.10.0.10,,,443,45734,0,1358,17
1588617041.9957368,10.10.0.10,173.194.188.105,,,45734,443,0,50,17
1588617041.9988818,173.194.188.105,10.10.0.10,,,443,45734,0,1358,17
1588617042.003568,173.194.188.105,10.10.0.10,,,443,45734,0,1358,17
1588617042.0050864,10.10.0.10,173.194.188.105,,,45734,443,0,37,17
1588617042.008223,173.194.188.105,10.10.0.10,,,443,45734,0,1358,17
1588617042.0128796,173.194.188.105,10.10.0.10,,,443,45734,0,1358,17
1588617042.014415,10.10.0.10,173.194.188.105,,,45734,443,0,37,17
1588617042.017542,173.194.188.105,10.10.0.10,,,443,45734,0,1358,17
1588617042.0221438,173.194.188.105,10.10.0.10,,,443,45734,0,1358,17
1588617042.0236769,10.10.0.10,173.194.188.105,,,45734,443,0,37,17
1588617042.026851,173.194.188.105,10.10.0.10,,,443,45734,0,1358,17
1588617042.0315056,173.194.188.105,10.10.0.10,,,443,45734,0,1358,17
1588617042.0331721,10.10.0.10,173.194.188.105,,,45734,443,0,37,17
1588617042.0361636,173.194.188.105,10.10.0.10,,,443,45734,0,1358,17
1588617042.040818,173.194.188.105,10.10.0.10,,,443,45734,0,1358,17
1588617042.0425148,10.10.0.10,173.194.188.105,,,45734,443,0,37,17
1588617042.045447,173.194.188.105,10.10.0.10,,,443,45734,0,1358,17
1588617042.0501301,173.194.188.105,10.10.0.10,,,443,45734,0,1358,17
1588617042.05209,10.10.0.10,173.194.188.105,,,45734,443,0,37,17
1588617042.054787,173.194.188.105,10.10.0.10,,,443,45734,0,1358,17
1588617042.0594401,173.194.188.105,10.10.0.10,,,443,45734,0,1358,17
1588617042.061366,10.10.0.10,173.194.188.105,,,45734,443,0,37,17
1588617042.0640972,173.194.188.105,10.10.0.10,,,443,45734,0,1358,17
1588617042.068717,173.194.188.105,10.10.0.10,,,443,45734,0,1358,17
1588617042.071808,10.10.0.10,173.194.188.105,,,45734,443,0,37,17
1588617042.073369,173.194.188.105,10.10.0.10,,,443,45734,0,1358,17
1588617042.078064,173.194.188.105,10.10.0.10,,,443,45734,0,1358,17
1588617042.079969,10.10.0.10,173.194.188.105,,,45734,443,0,37,17
1588617042.082718,173.194.188.105,10.10.0.10,,,443,45734,0,1358,17
1588617042.087375,173.194.188.105,10.10.0.10,,,443,45734,0,1358,17
1588617042.089392,10.10.0.10,173.194.188.105,,,45734,443,0,37,17
1588617042.0919619,173.194.188.105,10.10.0.10,,,443,45734,0,1358,17
1588617042.0966852,173.194.188.105,10.10.0.10,,,443,45734,0,1358,17
1588617042.098474,10.10.0.10,173.194.188.105,,,45734,443,0,37,17
1588617042.10134,173.194.188.105,10.10.0.10,,,443,45734,0,1358,17
1588617042.1059961,173.194.188.105,10.10.0.10,,,443,45734,0,1358,17
1588617042.1077242,10.10.0.10,173.194.188.105,,,45734,443,0,37,17
1588617042.1106524,173.194.188.105,10.10.0.10,,,443,45734,0,1358,17
1588617042.11524,173.194.188.105,10.10.0.10,,,443,45734,0,1358,17
1588617042.118309,10.10.0.10,173.194.188.105,,,45734,443,0,37,17
1588617042.1199632,173.194.188.105,10.10.0.10,,,443,45734,0,1358,17
1588617042.1246188,173.194.188.105,10.10.0.10,,,443,45734,0,1358,17
1588617042.126519,10.10.0.10,173.194.188.105,,,45734,443,0,37,17
1588617042.129273,173.194.188.105,10.10.0.10,,,443,45734,0,1358,17
1588617042.13392,173.194.188.105,10.10.0.10,,,443,45734,0,1358,17
1588617042.136583,10.10.0.10,173.194.188.105,,,45734,443,0,37,17
1588617042.1385438,173.194.188.105,10.10.0.10,,,443,45734,0,1358,17
1588617042.1432452,173.194.188.105,10.10.0.10,,,443,45734,0,1358,17
1588617042.144929,10.10.0.10,173.194.188.105,,,45734,443,0,37,17
1588617042.147899,173.194.188.105,10.10.0.10,,,443,45734,0,1358,17
1588617042.152552,173.194.188.105,10.10.0.10,,,443,45734,0,1358,17
1588617042.1549098,10.10.0.10,173.194.188.105,,,45734,443,0,37,17
1588617042.1572108,173.194.188.105,10.10.0.10,,,443,45734,0,1358,17
1588617042.161862,173.194.188.105,10.10.0.10,,,443,45734,0,1358,17
1588617042.16383,10.10.0.10,173.194.188.105,,,45734,443,0,37,17
1588617042.166519,173.194.188.105,10.10.0.10,,,443,45734,0,1358,17
1588617042.171174,173.194.188.105,10.10.0.10,,,443,45734,0,1358,17
1588617042.173262,10.10.0.10,173.194.188.105,,,45734,443,0,37,17
1588617042.1758294,173.194.188.105,10.10.0.10,,,443,45734,0,1358,17
1588617042.18047,173.194.188.105,10.10.0.10,,,443,45734,0,1358,17
1588617042.182207,10.10.0.10,173.194.188.105,,,45734,443,0,50,17
1588617042.185143,173.194.188.105,10.10.0.10,,,443,45734,0,1358,17
1588617042.189799,173.194.188.105,10.10.0.10,,,443,45734,0,1358,17
1588617042.191726,10.10.0.10,173.194.188.105,,,45734,443,0,37,17
1588617042.1944509,173.194.188.105,10.10.0.10,,,443,45734,0,1358,17
1588617042.1990962,173.194.188.105,10.10.0.10,,,443,45734,0,1358,17
1588617042.2008884,10.10.0.10,173.194.188.105,,,45734,443,0,37,17
1588617042.2037652,173.194.188.105,10.10.0.10,,,443,45734,0,1358,17
1588617042.2084212,173.194.188.105,10.10.0.10,,,443,45734,0,1358,17
1588617042.210162,10.10.0.10,173.194.188.105,,,45734,443,0,37,17
1588617042.213075,173.194.188.105,10.10.0.10,,,443,45734,0,1358,17
1588617042.217732,173.194.188.105,10.10.0.10,,,443,45734,0,1358,17
1588617042.219843,10.10.0.10,173.194.188.105,,,45734,443,0,37,17
1588617042.2223892,173.194.188.105,10.10.0.10,,,443,45734,0,1358,17
1588617042.227043,173.194.188.105,10.10.0.10,,,443,45734,0,29,17
1588617042.227176,173.194.188.105,10.10.0.10,,,443,45734,0,1358,17
1588617042.2286491,10.10.0.10,173.194.188.105,,,45734,443,0,37,17
1588617042.231873,173.194.188.105,10.10.0.10,,,443,45734,0,1358,17
1588617042.2365592,173.194.188.105,10.10.0.10,,,443,45734,0,1358,17
1588617042.2384286,10.10.0.10,173.194.188.105,,,45734,443,0,37,17
1588617042.2412179,173.194.188.105,10.10.0.10,,,443,45734,0,1358,17
1588617042.2458365,173.194.188.105,10.10.0.10,,,443,45734,0,1358,17
1588617042.247578,10.10.0.10,173.194.188.105,,,45734,443,0,37,17
1588617042.2505322,173.194.188.105,10.10.0.10,,,443,45734,0,1358,17
1588617042.2551875,173.194.188.105,10.10.0.10,,,443,45734,0,1358,17
1588617042.256952,10.10.0.10,173.194.188.105,,,45734,443,0,37,17
1588617042.2598429,173.194.188.105,10.10.0.10,,,443,45734,0,1358,17
1588617042.264496,173.194.188.105,10.10.0.10,,,443,45734,0,1358,17
1588617042.2662249,10.10.0.10,173.194.188.105,,,45734,443,0,37,17
1588617042.269149,173.194.188.105,10.10.0.10,,,443,45734,0,1358,17
1588617042.273808,173.194.188.105,10.10.0.10,,,443,45734,0,1358,17
1588617042.2754898,10.10.0.10,173.194.188.105,,,45734,443,0,37,17
1588617042.278465,173.194.188.105,10.10.0.10,,,443,45734,0,1358,17
1588617042.283116,173.194.188.105,10.10.0.10,,,443,45734,0,1358,17
1588617042.2849882,10.10.0.10,173.194.188.105,,,45734,443,0,37,17
1588617042.2877722,173.194.188.105,10.10.0.10,,,443,45734,0,1358,17
1588617042.2924292,173.194.188.105,10.10.0.10,,,443,45734,0,1358,17
1588617042.2953892,10.10.0.10,173.194.188.105,,,45734,443,0,37,17
1588617042.297083,173.194.188.105,10.10.0.10,,,443,45734,0,1358,17
1588617042.3017411,173.194.188.105,10.10.0.10,,,443,45734,0,1358,17
1588617042.304827,10.10.0.10,173.194.188.105,,,45734,443,0,37,17
1588617042.3063948,173.194.188.105,10.10.0.10,,,443,45734,0,1358,17
1588617042.3110552,173.194.188.105,10.10.0.10,,,443,45734,0,1358,17
1588617042.312721,10.10.0.10,173.194.188.105,,,45734,443,0,37,17
1588617042.3156881,173.194.188.105,10.10.0.10,,,443,45734,0,1358,17
1588617042.320366,173.194.188.105,10.10.0.10,,,443,45734,0,1358,17
1588617042.322122,10.10.0.10,173.194.188.105,,,45734,443,0,37,17
1588617042.325016,173.194.188.105,10.10.0.10,,,443,45734,0,1358,17
1588617042.3296762,173.194.188.105,10.10.0.10,,,443,45734,0,1358,17
1588617042.3312428,10.10.0.10,173.194.188.105,,,45734,443,0,37,17
1588617042.3343322,173.194.188.105,10.10.0.10,,,443,45734,0,1358,17
1588617042.338954,173.194.188.105,10.10.0.10,,,443,45734,0,1358,17
1588617042.340554,10.10.0.10,173.194.188.105,,,45734,443,0,37,17
1588617042.343642,173.194.188.105,10.10.0.10,,,443,45734,0,1358,17
1588617042.348294,173.194.188.105,10.10.0.10,,,443,45734,0,1358,17
1588617042.350032,10.10.0.10,173.194.188.105,,,45734,443,0,37,17
1588617042.352951,173.194.188.105,10.10.0.10,,,443,45734,0,1358,17
1588617042.3576038,173.194.188.105,10.10.0.10,,,443,45734,0,1358,17
1588617042.3591561,10.10.0.10,173.194.188.105,,,45734,443,0,37,17
1588617042.362227,173.194.188.105,10.10.0.10,,,443,45734,0,1358,17
1588617042.366916,173.194.188.105,10.10.0.10,,,443,45734,0,1358,17
1588617042.368798,10.10.0.10,173.194.188.105,,,45734,443,0,50,17
1588617042.3715718,173.194.188.105,10.10.0.10,,,443,45734,0,1358,17
1588617042.37623,173.194.188.105,10.10.0.10,,,443,45734,0,1358,17
1588617042.3778028,10.10.0.10,173.194.188.105,,,45734,443,0,37,17
1588617042.380883,173.194.188.105,10.10.0.10,,,443,45734,0,1358,17
1588617042.3855028,173.194.188.105,10.10.0.10,,,443,45734,0,1358,17
1588617042.387635,10.10.0.10,173.194.188.105,,,45734,443,0,37,17
1588617042.390193,173.194.188.105,10.10.0.10,,,443,45734,0,1358,17
1588617042.394851,173.194.188.105,10.10.0.10,,,443,45734,0,1358,17
1588617042.396443,10.10.0.10,173.194.188.105,,,45734,443,0,37,17
1588617042.399504,173.194.188.105,10.10.0.10,,,443,45734,0,1358,17
1588617042.404161,173.194.188.105,10.10.0.10,,,443,45734,0,1358,17
1588617042.40576,10.10.0.10,173.194.188.105,,,45734,443,0,37,17
1588617042.40878,173.194.188.105,10.10.0.10,,,443,45734,0,1358,17
1588617042.4134722,173.194.188.105,10.10.0.10,,,443,45734,0,1358,17
1588617042.4150946,10.10.0.10,173.194.188.105,,,45734,443,0,37,17
1588617042.4180748,173.194.188.105,10.10.0.10,,,443,45734,0,1358,17
1588617042.422786,173.194.188.105,10.10.0.10,,,443,45734,0,1358,17
1588617042.424579,10.10.0.10,173.194.188.105,,,45734,443,0,37,17
1588617042.4275641,173.194.188.105,10.10.0.10,,,443,45734,0,1358,17
1588617042.432308,173.194.188.105,10.10.0.10,,,443,45734,0,1358,17
1588617042.4339778,10.10.0.10,173.194.188.105,,,45734,443,0,37,17
1588617042.437119,173.194.188.105,10.10.0.10,,,443,45734,0,1358,17
1588617042.4418714,173.194.188.105,10.10.0.10,,,443,45734,0,1358,17
1588617042.443394,10.10.0.10,173.194.188.105,,,45734,443,0,37,17
1588617042.4466732,173.194.188.105,10.10.0.10,,,443,45734,0,1358,17
1588617042.45145,173.194.188.105,10.10.0.10,,,443,45734,0,1358,17
1588617042.453625,10.10.0.10,173.194.188.105,,,45734,443,0,37,17
1588617042.456202,173.194.188.105,10.10.0.10,,,443,45734,0,1358,17
1588617042.461014,173.194.188.105,10.10.0.10,,,443,45734,0,1358,17
1588617042.462683,10.10.0.10,173.194.188.105,,,45734,443,0,37,17
1588617042.4657571,173.194.188.105,10.10.0.10,,,443,45734,0,1358,17
1588617042.4705591,173.194.188.105,10.10.0.10,,,443,45734,0,1358,17
1588617042.4722474,10.10.0.10,173.194.188.105,,,45734,443,0,37,17
1588617042.475267,173.194.188.105,10.10.0.10,,,443,45734,0,1358,17
1588617042.480115,173.194.188.105,10.10.0.10,,,443,45734,0,1358,17
1588617042.4818456,10.10.0.10,173.194.188.105,,,45734,443,0,37,17
1588617042.484893,173.194.188.105,10.10.0.10,,,443,45734,0,1358,17
1588617042.489613,173.194.188.105,10.10.0.10,,,443,45734,0,1358,17
1588617042.49124,10.10.0.10,173.194.188.105,,,45734,443,0,37,17
1588617042.494385,173.194.188.105,10.10.0.10,,,443,45734,0,1358,17
1588617042.499167,173.194.188.105,10.10.0.10,,,443,45734,0,1358,17
1588617042.500869,10.10.0.10,173.194.188.105,,,45734,443,0,37,17
1588617042.5040038,173.194.188.105,10.10.0.10,,,443,45734,0,1358,17
1588617042.508744,173.194.188.105,10.10.0.10,,,443,45734,0,1358,17
1588617042.5104828,10.10.0.10,173.194.188.105,,,45734,443,0,37,17
1588617042.513559,173.194.188.105,10.10.0.10,,,443,45734,0,1358,17
1588617042.5183349,173.194.188.105,10.10.0.10,,,443,45734,0,1358,17
1588617042.520191,10.10.0.10,173.194.188.105,,,45734,443,0,37,17
1588617042.523114,173.194.188.105,10.10.0.10,,,443,45734,0,1358,17
1588617042.527891,173.194.188.105,10.10.0.10,,,443,45734,0,1358,17
1588617042.5294569,10.10.0.10,173.194.188.105,,,45734,443,0,37,17
1588617042.5326688,173.194.188.105,10.10.0.10,,,443,45734,0,1358,17
1588617042.537447,173.194.188.105,10.10.0.10,,,443,45734,0,1358,17
1588617042.539902,10.10.0.10,173.194.188.105,,,45734,443,0,37,17
1588617042.5421839,173.194.188.105,10.10.0.10,,,443,45734,0,1358,17
1588617042.547001,173.194.188.105,10.10.0.10,,,443,45734,0,1358,17
1588617042.5486898,10.10.0.10,173.194.188.105,,,45734,443,0,37,17
1588617042.551743,173.194.188.105,10.10.0.10,,,443,45734,0,1358,17
1588617042.5565562,173.194.188.105,10.10.0.10,,,443,45734,0,1358,17
1588617042.5613315,173.194.188.105,10.10.0.10,,,443,45734,0,1358,17
1588617042.56223,10.10.0.10,173.194.188.105,,,45734,443,0,50,17
1588617042.566039,173.194.188.105,10.10.0.10,,,443,45734,0,1358,17
1588617042.56772,10.10.0.10,173.194.188.105,,,45734,443,0,37,17
1588617042.570841,173.194.188.105,10.10.0.10,,,443,45734,0,1358,17
1588617042.575591,173.194.188.105,10.10.0.10,,,443,45734,0,1358,17
1588617042.5772948,10.10.0.10,173.194.188.105,,,45734,443,0,37,17
1588617042.5804179,173.194.188.105,10.10.0.10,,,443,45734,0,1358,17
1588617042.58518,173.194.188.105,10.10.0.10,,,443,45734,0,1358,17
1588617042.5881689,10.10.0.10,173.194.188.105,,,45734,443,0,37,17
1588617042.5899742,173.194.188.105,10.10.0.10,,,443,45734,0,1358,17
1588617042.5947502,173.194.188.105,10.10.0.10,,,443,45734,0,1358,17
1588617042.5964699,10.10.0.10,173.194.188.105,,,45734,443,0,37,17
1588617042.59947,173.194.188.105,10.10.0.10,,,443,45734,0,1358,17
1588617042.604255,173.194.188.105,10.10.0.10,,,443,45734,0,1358,17
1588617042.6061351,10.10.0.10,173.194.188.105,,,45734,443,0,37,17
1588617042.609056,173.194.188.105,10.10.0.10,,,443,45734,0,1358,17
1588617042.6138382,173.194.188.105,10.10.0.10,,,443,45734,0,1358,17
1588617042.615493,10.10.0.10,173.194.188.105,,,45734,443,0,37,17
1588617042.618582,173.194.188.105,10.10.0.10,,,443,45734,0,1358,17
1588617042.623424,173.194.188.105,10.10.0.10,,,443,45734,0,1358,17
1588617042.625015,10.10.0.10,173.194.188.105,,,45734,443,0,37,17
1588617042.628208,173.194.188.105,10.10.0.10,,,443,45734,0,1358,17
1588617042.6329148,173.194.188.105,10.10.0.10,,,443,45734,0,1358,17
1588617042.634536,10.10.0.10,173.194.188.105,,,45734,443,0,37,17
1588617042.6376922,173.194.188.105,10.10.0.10,,,443,45734,0,1358,17
1588617042.642471,173.194.188.105,10.10.0.10,,,443,45734,0,1358,17
1588617042.646801,10.10.0.10,173.194.188.105,,,45734,443,0,37,17
1588617042.647251,173.194.188.105,10.10.0.10,,,443,45734,0,1358,17
1588617042.6520214,173.194.188.105,10.10.0.10,,,443,45734,0,1358,17
1588617042.654811,10.10.0.10,173.194.188.105,,,45734,443,0,37,17
1588617042.656834,173.194.188.105,10.10.0.10,,,443,45734,0,1358,17
1588617042.661649,173.194.188.105,10.10.0.10,,,443,45734,0,1358,17
1588617042.6633446,10.10.0.10,173.194.188.105,,,45734,443,0,37,17
1588617042.6663554,173.194.188.105,10.10.0.10,,,443,45734,0,1358,17
1588617042.671135,173.194.188.105,10.10.0.10,,,443,45734,0,1358,17
1588617042.6731071,10.10.0.10,173.194.188.105,,,45734,443,0,37,17
1588617042.675931,173.194.188.105,10.10.0.10,,,443,45734,0,1358,17
1588617042.680756,173.194.188.105,10.10.0.10,,,443,45734,0,1358,17
1588617042.682424,10.10.0.10,173.194.188.105,,,45734,443,0,37,17
1588617042.685498,173.194.188.105,10.10.0.10,,,443,45734,0,1358,17
1588617042.690311,173.194.188.105,10.10.0.10,,,443,45734,0,1358,17
1588617042.6922178,10.10.0.10,173.194.188.105,,,45734,443,0,37,17
1588617042.6950881,173.194.188.105,10.10.0.10,,,443,45734,0,1358,17
1588617042.699816,173.194.188.105,10.10.0.10,,,443,45734,0,1358,17
1588617042.701422,10.10.0.10,173.194.188.105,,,45734,443,0,37,17
1588617042.704575,173.194.188.105,10.10.0.10,,,443,45734,0,1358,17
1588617042.709384,173.194.188.105,10.10.0.10,,,443,45734,0,1358,17
1588617042.710998,10.10.0.10,173.194.188.105,,,45734,443,0,37,17
1588617042.714176,173.194.188.105,10.10.0.10,,,443,45734,0,1358,17
1588617042.7189405,173.194.188.105,10.10.0.10,,,443,45734,0,1358,17
1588617042.72051,10.10.0.10,173.194.188.105,,,45734,443,0,37,17
1588617042.7237198,173.194.188.105,10.10.0.10,,,443,45734,0,1358,17
1588617042.72852,173.194.188.105,10.10.0.10,,,443,45734,0,1358,17
1588617042.730159,10.10.0.10,173.194.188.105,,,45734,443,0,37,17
1588617042.7333012,173.194.188.105,10.10.0.10,,,443,45734,0,1358,17
1588617042.7380168,173.194.188.105,10.10.0.10,,,443,45734,0,1358,17
1588617042.739623,10.10.0.10,173.194.188.105,,,45734,443,0,37,17
1588617042.742831,173.194.188.105,10.10.0.10,,,443,45734,0,1358,17
1588617042.747632,173.194.188.105,10.10.0.10,,,443,45734,0,1358,17
1588617042.749308,10.10.0.10,173.194.188.105,,,45734,443,0,50,17
1588617042.752383,173.194.188.105,10.10.0.10,,,443,45734,0,1358,17
1588617042.7571938,173.194.188.105,10.10.0.10,,,443,45734,0,1358,17
1588617042.758817,10.10.0.10,173.194.188.105,,,45734,443,0,37,17
1588617042.7619061,173.194.188.105,10.10.0.10,,,443,45734,0,1358,17
1588617042.7667482,173.194.188.105,10.10.0.10,,,443,45734,0,1358,17
1588617042.7683392,10.10.0.10,173.194.188.105,,,45734,443,0,37,17
1588617042.7715259,173.194.188.105,10.10.0.10,,,443,45734,0,1358,17
1588617042.7763019,173.194.188.105,10.10.0.10,,,443,45734,0,1358,17
1588617042.7779212,10.10.0.10,173.194.188.105,,,45734,443,0,37,17
1588617042.781089,173.194.188.105,10.10.0.10,,,443,45734,0,1358,17
1588617042.785825,173.194.188.105,10.10.0.10,,,443,45734,0,1358,17
1588617042.789257,10.10.0.10,173.194.188.105,,,45734,443,0,37,17
1588617042.7906349,173.194.188.105,10.10.0.10,,,443,45734,0,1358,17
1588617042.795347,173.194.188.105,10.10.0.10,,,443,45734,0,1358,17
1588617042.7968614,10.10.0.10,173.194.188.105,,,45734,443,0,37,17
1588617042.800194,173.194.188.105,10.10.0.10,,,443,45734,0,1358,17
1588617042.804967,173.194.188.105,10.10.0.10,,,443,45734,0,1358,17
1588617042.8066118,10.10.0.10,173.194.188.105,,,45734,443,0,37,17
1588617042.809744,173.194.188.105,10.10.0.10,,,443,45734,0,1358,17
1588617042.814522,173.194.188.105,10.10.0.10,,,443,45734,0,1358,17
1588617042.816047,10.10.0.10,173.194.188.105,,,45734,443,0,37,17
1588617042.819276,173.194.188.105,10.10.0.10,,,443,45734,0,1358,17
1588617042.8240776,173.194.188.105,10.10.0.10,,,443,45734,0,1358,17
1588617042.8256161,10.10.0.10,173.194.188.105,,,45734,443,0,37,17
1588617042.8288221,173.194.188.105,10.10.0.10,,,443,45734,0,1358,17
1588617042.833631,173.194.188.105,10.10.0.10,,,443,45734,0,1358,17
1588617042.835222,10.10.0.10,173.194.188.105,,,45734,443,0,37,17
1588617042.838409,173.194.188.105,10.10.0.10,,,443,45734,0,1358,17
1588617042.843185,173.194.188.105,10.10.0.10,,,443,45734,0,1358,17
1588617042.8452802,10.10.0.10,173.194.188.105,,,45734,443,0,37,17
1588617042.847898,173.194.188.105,10.10.0.10,,,443,45734,0,1358,17
1588617042.8527398,173.194.188.105,10.10.0.10,,,443,45734,0,1358,17
1588617042.856051,10.10.0.10,173.194.188.105,,,45734,443,0,37,17
1588617042.8574526,173.194.188.105,10.10.0.10,,,443,45734,0,1358,17
1588617042.862262,173.194.188.105,10.10.0.10,,,443,45734,0,1358,17
1588617042.864368,10.10.0.10,173.194.188.105,,,45734,443,0,37,17
1588617042.867073,173.194.188.105,10.10.0.10,,,443,45734,0,1358,17
1588617042.8718588,173.194.188.105,10.10.0.10,,,443,45734,0,1358,17
1588617042.87359,10.10.0.10,173.194.188.105,,,45734,443,0,37,17
1588617042.8765662,173.194.188.105,10.10.0.10,,,443,45734,0,1358,17
1588617042.881408,173.194.188.105,10.10.0.10,,,443,45734,0,1358,17
1588617042.883301,10.10.0.10,173.194.188.105,,,45734,443,0,37,17
1588617042.886183,173.194.188.105,10.10.0.10,,,443,45734,0,1358,17
1588617042.89096,173.194.188.105,10.10.0.10,,,443,45734,0,1358,17
1588617042.8927784,10.10.0.10,173.194.188.105,,,45734,443,0,37,17
1588617042.895705,173.194.188.105,10.10.0.10,,,443,45734,0,1358,17
1588617042.9005158,173.194.188.105,10.10.0.10,,,443,45734,0,1358,17
1588617042.902154,10.10.0.10,173.194.188.105,,,45734,443,0,37,17
1588617042.905226,173.194.188.105,10.10.0.10,,,443,45734,0,1358,17
1588617042.910075,173.194.188.105,10.10.0.10,,,443,45734,0,1358,17
1588617042.9117222,10.10.0.10,173.194.188.105,,,45734,443,0,37,17
1588617042.9148538,173.194.188.105,10.10.0.10,,,443,45734,0,1358,17
1588617042.91963,173.194.188.105,10.10.0.10,,,443,45734,0,1358,17
1588617042.921358,10.10.0.10,173.194.188.105,,,45734,443,0,37,17
1588617042.924407,173.194.188.105,10.10.0.10,,,443,45734,0,1358,17
1588617042.9291599,173.194.188.105,10.10.0.10,,,443,45734,0,1358,17
1588617042.930742,10.10.0.10,173.194.188.105,,,45734,443,0,37,17
1588617042.9339721,173.194.188.105,10.10.0.10,,,443,45734,0,1358,17
1588617042.9386694,173.194.188.105,10.10.0.10,,,443,45734,0,1358,17
1588617042.9403875,10.10.0.10,173.194.188.105,,,45734,443,0,50,17
1588617042.9435182,173.194.188.105,10.10.0.10,,,443,45734,0,1358,17
1588617042.9482932,173.194.188.105,10.10.0.10,,,443,45734,0,1358,17
1588617042.950959,10.10.0.10,173.194.188.105,,,45734,443,0,37,17
1588617042.9530456,173.194.188.105,10.10.0.10,,,443,45734,0,1358,17
1588617042.9578528,173.194.188.105,10.10.0.10,,,443,45734,0,1358,17
1588617042.9602685,10.10.0.10,173.194.188.105,,,45734,443,0,37,17
1588617042.9626286,173.194.188.105,10.10.0.10,,,443,45734,0,1358,17
1588617042.967408,173.194.188.105,10.10.0.10,,,443,45734,0,1358,17
1588617042.9707491,10.10.0.10,173.194.188.105,,,45734,443,0,37,17
1588617042.972147,173.194.188.105,10.10.0.10,,,443,45734,0,1358,17
1588617042.9769638,173.194.188.105,10.10.0.10,,,443,45734,0,1358,17
1588617042.979398,10.10.0.10,173.194.188.105,,,45734,443,0,37,17
1588617042.9817386,173.194.188.105,10.10.0.10,,,443,45734,0,1358,17
1588617042.986518,173.194.188.105,10.10.0.10,,,443,45734,0,1358,17
1588617042.9912288,10.10.0.10,173.194.188.105,,,45734,443,0,37,17
1588617042.99144,173.194.188.105,10.10.0.10,,,443,45734,0,1358,17
1588617042.996232,173.194.188.105,10.10.0.10,,,443,45734,0,1358,17
1588617042.9976714,10.10.0.10,173.194.188.105,,,45734,443,0,37,17
1588617043.001009,173.194.188.105,10.10.0.10,,,443,45734,0,1358,17
1588617043.005786,173.194.188.105,10.10.0.10,,,443,45734,0,1358,17
1588617043.0072508,10.10.0.10,173.194.188.105,,,45734,443,0,37,17
1588617043.010564,173.194.188.105,10.10.0.10,,,443,45734,0,1358,17
1588617043.0153599,173.194.188.105,10.10.0.10,,,443,45734,0,1358,17
1588617043.0169342,10.10.0.10,173.194.188.105,,,45734,443,0,37,17
1588617043.020186,173.194.188.105,10.10.0.10,,,443,45734,0,1358,17
1588617043.024962,173.194.188.105,10.10.0.10,,,443,45734,0,1358,17
1588617043.0276392,10.10.0.10,173.194.188.105,,,45734,443,0,37,17
1588617043.0297036,173.194.188.105,10.10.0.10,,,443,45734,0,1358,17
1588617043.0345068,173.194.188.105,10.10.0.10,,,443,45734,0,1358,17
1588617043.036135,10.10.0.10,173.194.188.105,,,45734,443,0,37,17
1588617043.0392852,173.194.188.105,10.10.0.10,,,443,45734,0,1358,17
1588617043.0440614,173.194.188.105,10.10.0.10,,,443,45734,0,1358,17
1588617043.0459938,10.10.0.10,173.194.188.105,,,45734,443,0,37,17
1588617043.048798,173.194.188.105,10.10.0.10,,,443,45734,0,1358,17
1588617043.053617,173.194.188.105,10.10.0.10,,,443,45734,0,1358,17
1588617043.057991,10.10.0.10,173.194.188.105,,,45734,443,0,37,17
1588617043.058354,173.194.188.105,10.10.0.10,,,443,45734,0,1358,17
1588617043.063143,173.194.188.105,10.10.0.10,,,443,45734,0,1358,17
1588617043.064929,10.10.0.10,173.194.188.105,,,45734,443,0,37,17
1588617043.0679471,173.194.188.105,10.10.0.10,,,443,45734,0,1358,17
1588617043.072726,173.194.188.105,10.10.0.10,,,443,45734,0,1358,17
1588617043.0749679,10.10.0.10,173.194.188.105,,,45734,443,0,37,17
1588617043.077503,173.194.188.105,10.10.0.10,,,443,45734,0,1358,17
1588617043.0822392,173.194.188.105,10.10.0.10,,,443,45734,0,1358,17
1588617043.084075,10.10.0.10,173.194.188.105,,,45734,443,0,37,17
1588617043.0870595,173.194.188.105,10.10.0.10,,,443,45734,0,1358,17
1588617043.0918589,173.194.188.105,10.10.0.10,,,443,45734,0,1358,17
1588617043.0945148,10.10.0.10,173.194.188.105,,,45734,443,0,37,17
1588617043.0966132,173.194.188.105,10.10.0.10,,,443,45734,0,1358,17
1588617043.1013901,173.194.188.105,10.10.0.10,,,443,45734,0,1358,17
1588617043.1036339,10.10.0.10,173.194.188.105,,,45734,443,0,37,17
1588617043.106168,173.194.188.105,10.10.0.10,,,443,45734,0,1358,17
1588617043.1109462,173.194.188.105,10.10.0.10,,,443,45734,0,1358,17
1588617043.113009,10.10.0.10,173.194.188.105,,,45734,443,0,37,17
1588617043.1156812,173.194.188.105,10.10.0.10,,,443,45734,0,1358,17
1588617043.1204991,173.194.188.105,10.10.0.10,,,443,45734,0,1358,17
1588617043.125221,173.194.188.105,10.10.0.10,,,443,45734,0,1358,17
1588617043.1300552,173.194.188.105,10.10.0.10,,,443,45734,0,1358,17
1588617043.1339812,10.10.0.10,173.194.188.105,,,45734,443,0,37,17
1588617043.134624,10.10.0.10,173.194.188.105,,,45734,443,0,50,17
1588617043.134786,173.194.188.105,10.10.0.10,,,443,45734,0,1358,17
1588617043.139545,173.194.188.105,10.10.0.10,,,443,45734,0,1358,17
1588617043.141472,10.10.0.10,173.194.188.105,,,45734,443,0,37,17
1588617043.1443875,173.194.188.105,10.10.0.10,,,443,45734,0,1358,17
1588617043.149174,173.194.188.105,10.10.0.10,,,443,45734,0,1358,17
1588617043.15076,10.10.0.10,173.194.188.105,,,45734,443,0,37,17
1588617043.1539464,173.194.188.105,10.10.0.10,,,443,45734,0,1358,17
1588617043.158676,173.194.188.105,10.10.0.10,,,443,45734,0,1358,17
1588617043.1603868,10.10.0.10,173.194.188.105,,,45734,443,0,37,17
1588617043.163496,173.194.188.105,10.10.0.10,,,443,45734,0,1358,17
1588617043.168274,173.194.188.105,10.10.0.10,,,443,45734,0,1358,17
1588617043.169844,10.10.0.10,173.194.188.105,,,45734,443,0,37,17
1588617043.173053,173.194.188.105,10.10.0.10,,,443,45734,0,1358,17
1588617043.1778321,173.194.188.105,10.10.0.10,,,443,45734,0,1358,17
1588617043.179598,10.10.0.10,173.194.188.105,,,45734,443,0,37,17
1588617043.182545,173.194.188.105,10.10.0.10,,,443,45734,0,1358,17
1588617043.187382,173.194.188.105,10.10.0.10,,,443,45734,0,1358,17
1588617043.1891148,10.10.0.10,173.194.188.105,,,45734,443,0,37,17
1588617043.1921198,173.194.188.105,10.10.0.10,,,443,45734,0,1358,17
1588617043.196938,173.194.188.105,10.10.0.10,,,443,45734,0,1358,17
1588617043.2016606,173.194.188.105,10.10.0.10,,,443,45734,0,1358,17
1588617043.2064922,173.194.188.105,10.10.0.10,,,443,45734,0,1358,17
1588617043.2112699,173.194.188.105,10.10.0.10,,,443,45734,0,1358,17
1588617043.216047,173.194.188.105,10.10.0.10,,,443,45734,0,1358,17
1588617043.220824,173.194.188.105,10.10.0.10,,,443,45734,0,1358,17
1588617043.224143,10.10.0.10,173.194.188.105,,,45734,443,0,37,17
1588617043.225572,173.194.188.105,10.10.0.10,,,443,45734,0,1358,17
1588617043.226481,10.10.0.10,173.194.188.105,,,45734,443,0,37,17
1588617043.227492,10.10.0.10,173.194.188.105,,,45734,443,0,37,17
1588617043.2277892,10.10.0.10,173.194.188.105,,,45734,443,0,37,17
1588617043.2303786,173.194.188.105,10.10.0.10,,,443,45734,0,1358,17
1588617043.2351608,173.194.188.105,10.10.0.10,,,443,45734,0,1358,17
1588617043.236865,10.10.0.10,173.194.188.105,,,45734,443,0,37,17
1588617043.239934,173.194.188.105,10.10.0.10,,,443,45734,0,1358,17
1588617043.244711,173.194.188.105,10.10.0.10,,,443,45734,0,1358,17
1588617043.246383,10.10.0.10,173.194.188.105,,,45734,443,0,37,17
1588617043.249463,173.194.188.105,10.10.0.10,,,443,45734,0,1358,17
1588617043.254265,173.194.188.105,10.10.0.10,,,443,45734,0,1358,17
1588617043.2570045,10.10.0.10,173.194.188.105,,,45734,443,0,37,17
1588617043.258999,173.194.188.105,10.10.0.10,,,443,45734,0,1358,17
1588617043.2638204,173.194.188.105,10.10.0.10,,,443,45734,0,1358,17
1588617043.2654688,10.10.0.10,173.194.188.105,,,45734,443,0,37,17
1588617043.268568,173.194.188.105,10.10.0.10,,,443,45734,0,1358,17
1588617043.273376,173.194.188.105,10.10.0.10,,,443,45734,0,1358,17
1588617043.275093,10.10.0.10,173.194.188.105,,,45734,443,0,37,17
1588617043.278153,173.194.188.105,10.10.0.10,,,443,45734,0,1358,17
1588617043.2829301,173.194.188.105,10.10.0.10,,,443,45734,0,1358,17
1588617043.2846365,10.10.0.10,173.194.188.105,,,45734,443,0,37,17
1588617043.2877069,173.194.188.105,10.10.0.10,,,443,45734,0,1358,17
1588617043.2924852,173.194.188.105,10.10.0.10,,,443,45734,0,1358,17
1588617043.294257,10.10.0.10,173.194.188.105,,,45734,443,0,37,17
1588617043.2972622,173.194.188.105,10.10.0.10,,,443,45734,0,1358,17
1588617043.3020089,173.194.188.105,10.10.0.10,,,443,45734,0,1358,17
1588617043.3064554,10.10.0.10,173.194.188.105,,,45734,443,0,37,17
1588617043.306777,173.194.188.105,10.10.0.10,,,443,45734,0,1358,17
1588617043.311593,173.194.188.105,10.10.0.10,,,443,45734,0,1358,17
1588617043.31328,10.10.0.10,173.194.188.105,,,45734,443,0,37,17
1588617043.316374,173.194.188.105,10.10.0.10,,,443,45734,0,1358,17
1588617043.321149,173.194.188.105,10.10.0.10,,,443,45734,0,1358,17
1588617043.323072,10.10.0.10,173.194.188.105,,,45734,443,0,50,17
1588617043.325901,173.194.188.105,10.10.0.10,,,443,45734,0,1358,17
1588617043.330703,173.194.188.105,10.10.0.10,,,443,45734,0,1358,17
1588617043.3323019,10.10.0.10,173.194.188.105,,,45734,443,0,37,17
1588617043.33544,173.194.188.105,10.10.0.10,,,443,45734,0,1358,17
1588617043.3402588,173.194.188.105,10.10.0.10,,,443,45734,0,29,17
1588617043.3404038,173.194.188.105,10.10.0.10,,,443,45734,0,1358,17
1588617043.341897,10.10.0.10,173.194.188.105,,,45734,443,0,37,17
1588617043.345201,173.194.188.105,10.10.0.10,,,443,45734,0,1358,17
1588617043.3500285,173.194.188.105,10.10.0.10,,,443,45734,0,1358,17
1588617043.351686,10.10.0.10,173.194.188.105,,,45734,443,0,37,17
1588617043.3548052,173.194.188.105,10.10.0.10,,,443,45734,0,1358,17
1588617043.3595262,173.194.188.105,10.10.0.10,,,443,45734,0,1358,17
1588617043.3643599,173.194.188.105,10.10.0.10,,,443,45734,0,1358,17
1588617043.3691044,173.194.188.105,10.10.0.10,,,443,45734,0,1358,17
1588617043.373916,173.194.188.105,10.10.0.10,,,443,45734,0,1358,17
1588617043.375601,10.10.0.10,173.194.188.105,,,45734,443,0,37,17
1588617043.377506,10.10.0.10,173.194.188.105,,,45734,443,0,37,17
1588617043.3786972,173.194.188.105,10.10.0.10,,,443,45734,0,1358,17
1588617043.3802779,10.10.0.10,173.194.188.105,,,45734,443,0,37,17
1588617043.383474,173.194.188.105,10.10.0.10,,,443,45734,0,1358,17
1588617043.3882525,173.194.188.105,10.10.0.10,,,443,45734,0,1358,17
1588617043.391159,10.10.0.10,173.194.188.105,,,45734,443,0,37,17
1588617043.3930292,173.194.188.105,10.10.0.10,,,443,45734,0,1358,17
1588617043.3978052,173.194.188.105,10.10.0.10,,,443,45734,0,1358,17
1588617043.39944,10.10.0.10,173.194.188.105,,,45734,443,0,37,17
1588617043.4025822,173.194.188.105,10.10.0.10,,,443,45734,0,1358,17
1588617043.4073582,173.194.188.105,10.10.0.10,,,443,45734,0,1358,17
1588617043.409297,10.10.0.10,173.194.188.105,,,45734,443,0,37,17
1588617043.4121392,173.194.188.105,10.10.0.10,,,443,45734,0,1358,17
1588617043.4169161,173.194.188.105,10.10.0.10,,,443,45734,0,1358,17
1588617043.418593,10.10.0.10,173.194.188.105,,,45734,443,0,37,17
1588617043.4216602,173.194.188.105,10.10.0.10,,,443,45734,0,1358,17
1588617043.426466,173.194.188.105,10.10.0.10,,,443,45734,0,1358,17
1588617043.428239,10.10.0.10,173.194.188.105,,,45734,443,0,37,17
1588617043.431244,173.194.188.105,10.10.0.10,,,443,45734,0,1358,17
1588617043.436021,173.194.188.105,10.10.0.10,,,443,45734,0,1358,17
1588617043.437651,10.10.0.10,173.194.188.105,,,45734,443,0,37,17
1588617043.440797,173.194.188.105,10.10.0.10,,,443,45734,0,1358,17
1588617043.445535,173.194.188.105,10.10.0.10,,,443,45734,0,1358,17
1588617043.44705,10.10.0.10,173.194.188.105,,,45734,443,0,37,17
1588617043.450353,173.194.188.105,10.10.0.10,,,443,45734,0,1358,17
1588617043.455143,173.194.188.105,10.10.0.10,,,443,45734,0,1358,17
1588617043.456843,10.10.0.10,173.194.188.105,,,45734,443,0,37,17
1588617043.4599078,173.194.188.105,10.10.0.10,,,443,45734,0,1358,17
1588617043.464656,173.194.188.105,10.10.0.10,,,443,45734,0,1358,17
1588617043.466417,10.10.0.10,173.194.188.105,,,45734,443,0,37,17
1588617043.4694624,173.194.188.105,10.10.0.10,,,443,45734,0,1358,17
1588617043.47424,173.194.188.105,10.10.0.10,,,443,45734,0,1358,17
1588617043.4762578,10.10.0.10,173.194.188.105,,,45734,443,0,37,17
1588617043.478977,173.194.188.105,10.10.0.10,,,443,45734,0,1358,17
1588617043.483795,173.194.188.105,10.10.0.10,,,443,45734,0,1358,17
1588617043.485407,10.10.0.10,173.194.188.105,,,45734,443,0,37,17
1588617043.488516,173.194.188.105,10.10.0.10,,,443,45734,0,1358,17
1588617043.493313,173.194.188.105,10.10.0.10,,,443,45734,0,1358,17
1588617043.494865,10.10.0.10,173.194.188.105,,,45734,443,0,37,17
1588617043.498089,173.194.188.105,10.10.0.10,,,443,45734,0,1358,17
1588617043.502904,173.194.188.105,10.10.0.10,,,443,45734,0,1358,17
1588617043.504699,10.10.0.10,173.194.188.105,,,45734,443,0,37,17
1588617043.5076802,173.194.188.105,10.10.0.10,,,443,45734,0,1358,17
1588617043.512418,173.194.188.105,10.10.0.10,,,443,45734,0,1358,17
1588617043.514175,10.10.0.10,173.194.188.105,,,45734,443,0,50,17
1588617043.5172348,173.194.188.105,10.10.0.10,,,443,45734,0,1358,17
1588617043.5219526,173.194.188.105,10.10.0.10,,,443,45734,0,1358,17
1588617043.5239902,10.10.0.10,173.194.188.105,,,45734,443,0,37,17
1588617043.5267901,173.194.188.105,10.10.0.10,,,443,45734,0,1358,17
1588617043.531567,173.194.188.105,10.10.0.10,,,443,45734,0,1358,17
1588617043.533177,10.10.0.10,173.194.188.105,,,45734,443,0,37,17
1588617043.536345,173.194.188.105,10.10.0.10,,,443,45734,0,1358,17
1588617043.541122,173.194.188.105,10.10.0.10,,,443,45734,0,1358,17
1588617043.54276,10.10.0.10,173.194.188.105,,,45734,443,0,37,17
1588617043.5458748,173.194.188.105,10.10.0.10,,,443,45734,0,1358,17
1588617043.550678,173.194.188.105,10.10.0.10,,,443,45734,0,29,17
1588617043.550823,173.194.188.105,10.10.0.10,,,443,45734,0,1358,17
1588617043.552992,10.10.0.10,173.194.188.105,,,45734,443,0,37,17
1588617043.5556748,173.194.188.105,10.10.0.10,,,443,45734,0,1358,17
1588617043.5604515,173.194.188.105,10.10.0.10,,,443,45734,0,1358,17
1588617043.5620348,10.10.0.10,173.194.188.105,,,45734,443,0,37,17
1588617043.5652,173.194.188.105,10.10.0.10,,,443,45734,0,1358,17
1588617043.5700035,173.194.188.105,10.10.0.10,,,443,45734,0,1358,17
1588617043.5717,10.10.0.10,173.194.188.105,,,45734,443,0,37,17
1588617043.5747802,173.194.188.105,10.10.0.10,,,443,45734,0,1358,17
1588617043.579558,173.194.188.105,10.10.0.10,,,443,45734,0,1358,17
1588617043.5813026,10.10.0.10,173.194.188.105,,,45734,443,0,37,17
1588617043.584336,173.194.188.105,10.10.0.10,,,443,45734,0,1358,17
1588617043.5891259,173.194.188.105,10.10.0.10,,,443,45734,0,1358,17
1588617043.593834,173.194.188.105,10.10.0.10,,,443,45734,0,1358,17
1588617043.5966866,10.10.0.10,173.194.188.105,,,45734,443,0,37,17
1588617043.5986,173.194.188.105,10.10.0.10,,,443,45734,0,1358,17
1588617043.6005778,10.10.0.10,173.194.188.105,,,45734,443,0,37,17
1588617043.60337,173.194.188.105,10.10.0.10,,,443,45734,0,1358,17
1588617043.608206,173.194.188.105,10.10.0.10,,,443,45734,0,1358,17
1588617043.610474,10.10.0.10,173.194.188.105,,,45734,443,0,37,17
1588617043.6129599,173.194.188.105,10.10.0.10,,,443,45734,0,1358,17
1588617043.6177056,173.194.188.105,10.10.0.10,,,443,45734,0,1358,17
1588617043.619627,10.10.0.10,173.194.188.105,,,45734,443,0,37,17
1588617043.6225116,173.194.188.105,10.10.0.10,,,443,45734,0,1358,17
1588617043.6272779,173.194.188.105,10.10.0.10,,,443,45734,0,1358,17
1588617043.6313572,10.10.0.10,173.194.188.105,,,45734,443,0,37,17
1588617043.6320686,173.194.188.105,10.10.0.10,,,443,45734,0,1358,17
1588617043.636817,173.194.188.105,10.10.0.10,,,443,45734,0,1358,17
1588617043.638448,10.10.0.10,173.194.188.105,,,45734,443,0,37,17
1588617043.641604,173.194.188.105,10.10.0.10,,,443,45734,0,1358,17
1588617043.6463714,173.194.188.105,10.10.0.10,,,443,45734,0,1358,17
1588617043.647842,10.10.0.10,173.194.188.105,,,45734,443,0,37,17
1588617043.6511474,173.194.188.105,10.10.0.10,,,443,45734,0,1358,17
1588617043.6559591,173.194.188.105,10.10.0.10,,,443,45734,0,1358,17
1588617043.657989,10.10.0.10,173.194.188.105,,,45734,443,0,37,17
1588617043.6607351,173.194.188.105,10.10.0.10,,,443,45734,0,1358,17
1588617043.6655214,173.194.188.105,10.10.0.10,,,443,45734,0,1358,17
1588617043.6676762,10.10.0.10,173.194.188.105,,,45734,443,0,37,17
1588617043.67032,173.194.188.105,10.10.0.10,,,443,45734,0,1358,17
1588617043.675065,173.194.188.105,10.10.0.10,,,443,45734,0,1358,17
1588617043.6773849,10.10.0.10,173.194.188.105,,,45734,443,0,37,17
1588617043.6798348,173.194.188.105,10.10.0.10,,,443,45734,0,1358,17
1588617043.684621,173.194.188.105,10.10.0.10,,,443,45734,0,1358,17
1588617043.687185,10.10.0.10,173.194.188.105,,,45734,443,0,37,17
1588617043.6894221,173.194.188.105,10.10.0.10,,,443,45734,0,1358,17
1588617043.6941981,173.194.188.105,10.10.0.10,,,443,45734,0,1358,17
1588617043.6965885,10.10.0.10,173.194.188.105,,,45734,443,0,37,17
1588617043.698952,173.194.188.105,10.10.0.10,,,443,45734,0,1358,17
1588617043.703728,173.194.188.105,10.10.0.10,,,443,45734,0,1358,17
1588617043.7064018,10.10.0.10,173.194.188.105,,,45734,443,0,50,17
1588617043.7084868,173.194.188.105,10.10.0.10,,,443,45734,0,1358,17
1588617043.713289,173.194.188.105,10.10.0.10,,,443,45734,0,1358,17
1588617043.7149315,10.10.0.10,173.194.188.105,,,45734,443,0,37,17
1588617043.718067,173.194.188.105,10.10.0.10,,,443,45734,0,1358,17
1588617043.722874,173.194.188.105,10.10.0.10,,,443,45734,0,1358,17
1588617043.726665,10.10.0.10,173.194.188.105,,,45734,443,0,37,17
1588617043.727651,173.194.188.105,10.10.0.10,,,443,45734,0,1358,17
1588617043.732395,173.194.188.105,10.10.0.10,,,443,45734,0,1358,17
1588617043.734126,10.10.0.10,173.194.188.105,,,45734,443,0,37,17
1588617043.7371821,173.194.188.105,10.10.0.10,,,443,45734,0,1358,17
1588617043.74192,173.194.188.105,10.10.0.10,,,443,45734,0,1358,17
1588617043.7434778,10.10.0.10,173.194.188.105,,,45734,443,0,37,17
1588617043.7467196,173.194.188.105,10.10.0.10,,,443,45734,0,1358,17
1588617043.75154,173.194.188.105,10.10.0.10,,,443,45734,0,1358,17
1588617043.753419,10.10.0.10,173.194.188.105,,,45734,443,0,37,17
1588617043.7563171,173.194.188.105,10.10.0.10,,,443,45734,0,1358,17
1588617043.7610948,173.194.188.105,10.10.0.10,,,443,45734,0,1358,17
1588617043.7626278,10.10.0.10,173.194.188.105,,,45734,443,0,37,17
1588617043.7658286,173.194.188.105,10.10.0.10,,,443,45734,0,1358,17
1588617043.770618,173.194.188.105,10.10.0.10,,,443,45734,0,1358,17
1588617043.772489,10.10.0.10,173.194.188.105,,,45734,443,0,37,17
1588617043.775395,173.194.188.105,10.10.0.10,,,443,45734,0,1358,17
1588617043.7802038,173.194.188.105,10.10.0.10,,,443,45734,0,1358,17
1588617043.782164,10.10.0.10,173.194.188.105,,,45734,443,0,37,17
1588617043.78495,173.194.188.105,10.10.0.10,,,443,45734,0,1358,17
1588617043.789758,173.194.188.105,10.10.0.10,,,443,45734,0,1358,17
1588617043.791542,10.10.0.10,173.194.188.105,,,45734,443,0,37,17
1588617043.794538,173.194.188.105,10.10.0.10,,,443,45734,0,1358,17
1588617043.799313,173.194.188.105,10.10.0.10,,,443,45734,0,1358,17
1588617043.801167,10.10.0.10,173.194.188.105,,,45734,443,0,37,17
1588617043.8040724,173.194.188.105,10.10.0.10,,,443,45734,0,1358,17
1588617043.8088374,173.194.188.105,10.10.0.10,,,443,45734,0,1358,17
1588617043.810559,10.10.0.10,173.194.188.105,,,45734,443,0,37,17
1588617043.8136456,173.194.188.105,10.10.0.10,,,443,45734,0,1358,17
1588617043.818423,173.194.188.105,10.10.0.10,,,443,45734,0,1358,17
1588617043.820127,10.10.0.10,173.194.188.105,,,45734,443,0,37,17
1588617043.8232,173.194.188.105,10.10.0.10,,,443,45734,0,1358,17
1588617043.8279786,173.194.188.105,10.10.0.10,,,443,45734,0,1358,17
1588617043.829601,10.10.0.10,173.194.188.105,,,45734,443,0,37,17
1588617043.8327544,173.194.188.105,10.10.0.10,,,443,45734,0,1358,17
1588617043.8375332,173.194.188.105,10.10.0.10,,,443,45734,0,1358,17
1588617043.8392699,10.10.0.10,173.194.188.105,,,45734,443,0,37,17
1588617043.842278,173.194.188.105,10.10.0.10,,,443,45734,0,1358,17
1588617043.8470874,173.194.188.105,10.10.0.10,,,443,45734,0,1358,17
1588617043.848831,10.10.0.10,173.194.188.105,,,45734,443,0,37,17
1588617043.8518612,173.194.188.105,10.10.0.10,,,443,45734,0,1358,17
1588617043.856643,173.194.188.105,10.10.0.10,,,443,45734,0,1358,17
1588617043.8586588,10.10.0.10,173.194.188.105,,,45734,443,0,37,17
1588617043.861365,173.194.188.105,10.10.0.10,,,443,45734,0,1358,17
1588617043.866188,173.194.188.105,10.10.0.10,,,443,45734,0,1358,17
1588617043.8681011,10.10.0.10,173.194.188.105,,,45734,443,0,37,17
1588617043.870974,173.194.188.105,10.10.0.10,,,443,45734,0,1358,17
1588617043.875688,173.194.188.105,10.10.0.10,,,443,45734,0,1358,17
1588617043.877432,10.10.0.10,173.194.188.105,,,45734,443,0,37,17
1588617043.880528,173.194.188.105,10.10.0.10,,,443,45734,0,1358,17
1588617043.885241,173.194.188.105,10.10.0.10,,,443,45734,0,1358,17
1588617043.886974,10.10.0.10,173.194.188.105,,,45734,443,0,37,17
1588617043.8900828,173.194.188.105,10.10.0.10,,,443,45734,0,1358,17
1588617043.8948605,173.194.188.105,10.10.0.10,,,443,45734,0,1358,17
1588617043.8971224,10.10.0.10,173.194.188.105,,,45734,443,0,50,17
1588617043.8996372,173.194.188.105,10.10.0.10,,,443,45734,0,1358,17
1588617043.9044142,173.194.188.105,10.10.0.10,,,443,45734,0,1358,17
1588617043.9059572,10.10.0.10,173.194.188.105,,,45734,443,0,37,17
1588617043.909169,173.194.188.105,10.10.0.10,,,443,45734,0,1358,17
1588617043.913977,173.194.188.105,10.10.0.10,,,443,45734,0,1205,17
1588617043.915677,10.10.0.10,173.194.188.105,,,45734,443,0,37,17
1588617043.918228,173.194.188.105,10.10.0.10,,,443,45734,0,29,17
1588617043.9334598,10.10.0.10,173.194.188.105,,,45734,443,0,731,17
1588617043.93351,10.10.0.10,173.194.188.105,,,45734,443,0,48,17
1588617043.937835,173.194.188.105,10.10.0.10,,,443,45734,0,115,17
1588617043.9378786,173.194.188.105,10.10.0.10,,,443,45734,0,1358,17
1588617043.9378989,173.194.188.105,10.10.0.10,,,443,45734,0,1358,17
1588617043.9424946,173.194.188.105,10.10.0.10,,,443,45734,0,1358,17
1588617043.942744,10.10.0.10,173.194.188.105,,,45734,443,0,37,17
1588617043.944225,10.10.0.10,173.194.188.105,,,45734,443,0,734,17
1588617043.9444199,10.10.0.10,173.194.188.105,,,45734,443,0,55,17
1588617043.9472668,173.194.188.105,10.10.0.10,,,443,45734,0,1358,17
1588617043.952047,173.194.188.105,10.10.0.10,,,443,45734,0,1358,17
1588617043.9538019,10.10.0.10,173.194.188.105,,,45734,443,0,37,17
1588617043.956825,173.194.188.105,10.10.0.10,,,443,45734,0,1358,17
1588617043.9615982,173.194.188.105,10.10.0.10,,,443,45734,0,1358,17
1588617043.963275,10.10.0.10,173.194.188.105,,,45734,443,0,37,17
1588617043.966337,173.194.188.105,10.10.0.10,,,443,45734,0,1358,17
1588617043.971154,173.194.188.105,10.10.0.10,,,443,45734,0,1358,17
1588617043.97376,10.10.0.10,173.194.188.105,,,45734,443,0,37,17
1588617043.975934,173.194.188.105,10.10.0.10,,,443,45734,0,29,17
1588617043.9760695,173.194.188.105,10.10.0.10,,,443,45734,0,1358,17
1588617043.980928,173.194.188.105,10.10.0.10,,,443,45734,0,1358,17
1588617043.984426,10.10.0.10,173.194.188.105,,,45734,443,0,37,17
1588617043.985667,173.194.188.105,10.10.0.10,,,443,45734,0,1358,17
1588617043.9904141,173.194.188.105,10.10.0.10,,,443,45734,0,1358,17
1588617043.992543,10.10.0.10,173.194.188.105,,,45734,443,0,37,17
1588617043.995184,173.194.188.105,10.10.0.10,,,443,45734,0,1358,17
1588617044.0000026,173.194.188.105,10.10.0.10,,,443,45734,0,1358,17
1588617044.001622,10.10.0.10,173.194.188.105,,,45734,443,0,37,17
1588617044.0047786,173.194.188.105,10.10.0.10,,,443,45734,0,1358,17
1588617044.0095544,173.194.188.105,10.10.0.10,,,443,45734,0,1358,17
1588617044.0110786,10.10.0.10,173.194.188.105,,,45734,443,0,37,17
1588617044.014333,173.194.188.105,10.10.0.10,,,443,45734,0,1358,17
1588617044.0191052,173.194.188.105,10.10.0.10,,,443,45734,0,1358,17
1588617044.020674,10.10.0.10,173.194.188.105,,,45734,443,0,37,17
1588617044.0239198,173.194.188.105,10.10.0.10,,,443,45734,0,1358,17
1588617044.0286279,173.194.188.105,10.10.0.10,,,443,45734,0,1358,17
1588617044.033475,173.194.188.105,10.10.0.10,,,443,45734,0,1358,17
1588617044.0382528,173.194.188.105,10.10.0.10,,,443,45734,0,1358,17
1588617044.04303,173.194.188.105,10.10.0.10,,,443,45734,0,1358,17
1588617044.047807,173.194.188.105,10.10.0.10,,,443,45734,0,1358,17
1588617044.0525868,173.194.188.105,10.10.0.10,,,443,45734,0,1358,17
1588617044.0573635,173.194.188.105,10.10.0.10,,,443,45734,0,1358,17
1588617044.089657,173.194.188.105,10.10.0.10,,,443,45734,0,1358,17
1588617044.1120348,10.10.0.10,173.194.188.105,,,45734,443,0,37,17
1588617044.1148539,10.10.0.10,173.194.188.105,,,45734,443,0,37,17
1588617044.116085,10.10.0.10,173.194.188.105,,,45734,443,0,37,17
1588617044.117378,10.10.0.10,173.194.188.105,,,45734,443,0,37,17
1588617044.11937,10.10.0.10,173.194.188.105,,,45734,443,0,37,17
1588617044.1195786,173.194.188.105,10.10.0.10,,,443,45734,0,1358,17
1588617044.1220748,173.194.188.105,10.10.0.10,,,443,45734,0,1358,17
1588617044.1237252,173.194.188.105,10.10.0.10,,,443,45734,0,1358,17
1588617044.12399,10.10.0.10,173.194.188.105,,,45734,443,0,37,17
1588617044.1299698,173.194.188.105,10.10.0.10,,,443,45734,0,1358,17
1588617044.1316762,10.10.0.10,173.194.188.105,,,45734,443,0,37,17
1588617044.133282,173.194.188.105,10.10.0.10,,,443,45734,0,1358,17
1588617044.138059,173.194.188.105,10.10.0.10,,,443,45734,0,1358,17
1588617044.142835,173.194.188.105,10.10.0.10,,,443,45734,0,1358,17
1588617044.1476178,173.194.188.105,10.10.0.10,,,443,45734,0,1358,17
1588617044.152348,173.194.188.105,10.10.0.10,,,443,45734,0,1358,17
1588617044.157168,173.194.188.105,10.10.0.10,,,443,45734,0,1358,17
1588617044.16195,173.194.188.105,10.10.0.10,,,443,45734,0,1358,17
1588617044.1667259,173.194.188.105,10.10.0.10,,,443,45734,0,1358,17
1588617044.1715012,173.194.188.105,10.10.0.10,,,443,45734,0,1358,17
1588617044.176282,173.194.188.105,10.10.0.10,,,443,45734,0,1358,17
1588617044.181059,173.194.188.105,10.10.0.10,,,443,45734,0,1358,17
1588617044.185834,173.194.188.105,10.10.0.10,,,443,45734,0,1358,17
1588617044.2322748,10.10.0.10,173.194.188.105,,,45734,443,0,37,17
1588617044.233078,10.10.0.10,173.194.188.105,,,45734,443,0,37,17
1588617044.2350788,10.10.0.10,173.194.188.105,,,45734,443,0,37,17
1588617044.2365158,10.10.0.10,173.194.188.105,,,45734,443,0,37,17
1588617044.237343,173.194.188.105,10.10.0.10,,,443,45734,0,1358,17
1588617044.2373972,173.194.188.105,10.10.0.10,,,443,45734,0,1358,17
1588617044.238241,10.10.0.10,173.194.188.105,,,45734,443,0,50,17
1588617044.239974,10.10.0.10,173.194.188.105,,,45734,443,0,37,17
1588617044.2410774,10.10.0.10,173.194.188.105,,,45734,443,0,37,17
1588617044.2431526,173.194.188.105,10.10.0.10,,,443,45734,0,29,17
1588617044.244474,173.194.188.105,10.10.0.10,,,443,45734,0,1358,17
1588617044.2459972,10.10.0.10,173.194.188.105,,,45734,443,0,37,17
1588617044.246064,10.10.0.10,173.194.188.105,,,45734,443,0,43,17
1588617044.2464418,173.194.188.105,10.10.0.10,,,443,45734,0,1358,17
1588617044.2512188,173.194.188.105,10.10.0.10,,,443,45734,0,1358,17
1588617044.2529318,10.10.0.10,173.194.188.105,,,45734,443,0,37,17
1588617044.256034,173.194.188.105,10.10.0.10,,,443,45734,0,1358,17
1588617044.2608151,173.194.188.105,10.10.0.10,,,443,45734,0,1358,17
1588617044.2655554,173.194.188.105,10.10.0.10,,,443,45734,0,1358,17
1588617044.27037,173.194.188.105,10.10.0.10,,,443,45734,0,1358,17
1588617044.27515,173.194.188.105,10.10.0.10,,,443,45734,0,1358,17
1588617044.279924,173.194.188.105,10.10.0.10,,,443,45734,0,1358,17
1588617044.284631,173.194.188.105,10.10.0.10,,,443,45734,0,1358,17
1588617044.289406,173.194.188.105,10.10.0.10,,,443,45734,0,1358,17
1588617044.294258,173.194.188.105,10.10.0.10,,,443,45734,0,1358,17
1588617044.2990339,173.194.188.105,10.10.0.10,,,443,45734,0,1358,17
1588617044.3038108,173.194.188.105,10.10.0.10,,,443,45734,0,1358,17
1588617044.30854,173.194.188.105,10.10.0.10,,,443,45734,0,1358,17
1588617044.3133662,173.194.188.105,10.10.0.10,,,443,45734,0,1358,17
1588617044.3181431,173.194.188.105,10.10.0.10,,,443,45734,0,1358,17
1588617044.3229241,173.194.188.105,10.10.0.10,,,443,45734,0,1358,17
1588617044.3276944,173.194.188.105,10.10.0.10,,,443,45734,0,1358,17
1588617044.353398,10.10.0.10,173.194.188.105,,,45734,443,0,37,17
1588617044.3556411,10.10.0.10,173.194.188.105,,,45734,443,0,37,17
1588617044.3577628,173.194.188.105,10.10.0.10,,,443,45734,0,1358,17
1588617044.360934,173.194.188.105,10.10.0.10,,,443,45734,0,1358,17
1588617044.3613572,10.10.0.10,173.194.188.105,,,45734,443,0,37,17
1588617044.361397,10.10.0.10,173.194.188.105,,,45734,443,0,37,17
1588617044.3615322,10.10.0.10,173.194.188.105,,,45734,443,0,37,17
1588617044.361849,173.194.188.105,10.10.0.10,,,443,45734,0,1358,17
1588617044.363417,10.10.0.10,173.194.188.105,,,45734,443,0,37,17
1588617044.3634932,10.10.0.10,173.194.188.105,,,45734,443,0,37,17
1588617044.365007,10.10.0.10,173.194.188.105,,,45734,443,0,37,17
1588617044.366144,10.10.0.10,173.194.188.105,,,45734,443,0,37,17
1588617044.366777,10.10.0.10,173.194.188.105,,,45734,443,0,37,17
1588617044.3711119,173.194.188.105,10.10.0.10,,,443,45734,0,1358,17
1588617044.3713882,173.194.188.105,10.10.0.10,,,443,45734,0,1358,17
1588617044.374638,10.10.0.10,173.194.188.105,,,45734,443,0,37,17
1588617044.3762438,173.194.188.105,10.10.0.10,,,443,45734,0,1358,17
1588617044.3810198,173.194.188.105,10.10.0.10,,,443,45734,0,1358,17
1588617044.3857565,173.194.188.105,10.10.0.10,,,443,45734,0,1358,17
1588617044.390579,173.194.188.105,10.10.0.10,,,443,45734,0,1358,17
1588617044.395355,173.194.188.105,10.10.0.10,,,443,45734,0,1358,17
1588617044.4001286,173.194.188.105,10.10.0.10,,,443,45734,0,1358,17
1588617044.4049082,173.194.188.105,10.10.0.10,,,443,45734,0,1358,17
1588617044.4096868,173.194.188.105,10.10.0.10,,,443,45734,0,1358,17
1588617044.4144616,173.194.188.105,10.10.0.10,,,443,45734,0,1358,17
1588617044.41924,173.194.188.105,10.10.0.10,,,443,45734,0,1358,17
1588617044.4240189,173.194.188.105,10.10.0.10,,,443,45734,0,1358,17
1588617044.428796,173.194.188.105,10.10.0.10,,,443,45734,0,1358,17
1588617044.4335752,173.194.188.105,10.10.0.10,,,443,45734,0,1358,17
1588617044.4383512,173.194.188.105,10.10.0.10,,,443,45734,0,1358,17
1588617044.4431288,173.194.188.105,10.10.0.10,,,443,45734,0,1358,17
1588617044.447906,173.194.188.105,10.10.0.10,,,443,45734,0,1358,17
1588617044.4526842,173.194.188.105,10.10.0.10,,,443,45734,0,1358,17
1588617044.4574606,173.194.188.105,10.10.0.10,,,443,45734,0,1358,17
1588617044.462239,173.194.188.105,10.10.0.10,,,443,45734,0,1358,17
1588617044.467009,173.194.188.105,10.10.0.10,,,443,45734,0,1358,17
1588617044.4727645,10.10.0.10,173.194.188.105,,,45734,443,0,37,17
1588617044.4776974,173.194.188.105,10.10.0.10,,,443,45734,0,1358,17
1588617044.591959,173.194.188.105,10.10.0.10,,,443,45734,0,1358,17
1588617044.596529,10.10.0.10,173.194.188.105,,,45734,443,0,37,17
1588617044.6010098,173.194.188.105,10.10.0.10,,,443,45734,0,1358,17
1588617044.6029148,10.10.0.10,173.194.188.105,,,45734,443,0,37,17
1588617044.6029284,10.10.0.10,173.194.188.105,,,45734,443,0,37,17
1588617044.605952,10.10.0.10,173.194.188.105,,,45734,443,0,37,17
1588617044.6065106,10.10.0.10,173.194.188.105,,,45734,443,0,37,17
1588617044.60744,173.194.188.105,10.10.0.10,,,443,45734,0,1358,17
1588617044.607458,173.194.188.105,10.10.0.10,,,443,45734,0,1358,17
1588617044.6124759,10.10.0.10,173.194.188.105,,,45734,443,0,37,17
1588617044.6142864,10.10.0.10,173.194.188.105,,,45734,443,0,50,17
1588617044.61431,10.10.0.10,173.194.188.105,,,45734,443,0,37,17
1588617044.6147368,173.194.188.105,10.10.0.10,,,443,45734,0,1358,17
1588617044.616217,10.10.0.10,173.194.188.105,,,45734,443,0,37,17
1588617044.616299,173.194.188.105,10.10.0.10,,,443,45734,0,1358,17
1588617044.616392,10.10.0.10,173.194.188.105,,,45734,443,0,37,17
1588617044.617824,10.10.0.10,173.194.188.105,,,45734,443,0,37,17
1588617044.621093,173.194.188.105,10.10.0.10,,,443,45734,0,1358,17
1588617044.625838,173.194.188.105,10.10.0.10,,,443,45734,0,1358,17
1588617044.63068,173.194.188.105,10.10.0.10,,,443,45734,0,1358,17
1588617044.63543,173.194.188.105,10.10.0.10,,,443,45734,0,1358,17
1588617044.6402366,173.194.188.105,10.10.0.10,,,443,45734,0,1358,17
1588617044.644967,173.194.188.105,10.10.0.10,,,443,45734,0,1358,17
1588617044.649735,173.194.188.105,10.10.0.10,,,443,45734,0,1358,17
1588617044.6545384,173.194.188.105,10.10.0.10,,,443,45734,0,1358,17
1588617044.659339,173.194.188.105,10.10.0.10,,,443,45734,0,1358,17
1588617044.6640909,173.194.188.105,10.10.0.10,,,443,45734,0,1358,17
1588617044.6688678,173.194.188.105,10.10.0.10,,,443,45734,0,1358,17
1588617044.6736698,173.194.188.105,10.10.0.10,,,443,45734,0,1358,17
1588617044.678401,173.194.188.105,10.10.0.10,,,443,45734,0,1358,17
1588617044.683168,173.194.188.105,10.10.0.10,,,443,45734,0,1358,17
1588617044.687976,173.194.188.105,10.10.0.10,,,443,45734,0,1358,17
1588617044.692784,173.194.188.105,10.10.0.10,,,443,45734,0,1358,17
1588617044.6975384,173.194.188.105,10.10.0.10,,,443,45734,0,1358,17
1588617044.713511,10.10.0.10,173.194.188.105,,,45734,443,0,37,17
1588617044.7135382,10.10.0.10,173.194.188.105,,,45734,443,0,37,17
1588617044.717603,173.194.188.105,10.10.0.10,,,443,45734,0,1358,17
1588617044.717632,173.194.188.105,10.10.0.10,,,443,45734,0,1358,17
1588617044.7275894,173.194.188.105,10.10.0.10,,,443,45734,0,1358,17
1588617044.7276292,173.194.188.105,10.10.0.10,,,443,45734,0,1358,17
1588617044.8373892,10.10.0.10,173.194.188.105,,,45734,443,0,43,17
1588617044.842434,173.194.188.105,10.10.0.10,,,443,45734,0,29,17
1588617044.842848,10.10.0.10,173.194.188.105,,,45734,443,0,37,17
1588617044.845216,10.10.0.10,173.194.188.105,,,45734,443,0,37,17
1588617044.8467278,10.10.0.10,173.194.188.105,,,45734,443,0,37,17
1588617044.847456,173.194.188.105,10.10.0.10,,,443,45734,0,1358,17
1588617044.8475,173.194.188.105,10.10.0.10,,,443,45734,0,1358,17
1588617044.8498569,10.10.0.10,173.194.188.105,,,45734,443,0,37,17
1588617044.8513136,10.10.0.10,173.194.188.105,,,45734,443,0,37,17
1588617044.8518348,10.10.0.10,173.194.188.105,,,45734,443,0,37,17
1588617044.854433,10.10.0.10,173.194.188.105,,,45734,443,0,37,17
1588617044.8544762,10.10.0.10,173.194.188.105,,,45734,443,0,37,17
1588617044.8547099,173.194.188.105,10.10.0.10,,,443,45734,0,1358,17
1588617044.8554418,10.10.0.10,173.194.188.105,,,45734,443,0,37,17
1588617044.85637,173.194.188.105,10.10.0.10,,,443,45734,0,1358,17
1588617044.8565092,10.10.0.10,173.194.188.105,,,45734,443,0,37,17
1588617044.8581266,10.10.0.10,173.194.188.105,,,45734,443,0,37,17
1588617044.8628302,173.194.188.105,10.10.0.10,,,443,45734,0,1358,17
1588617044.8659296,173.194.188.105,10.10.0.10,,,443,45734,0,1358,17
1588617044.8707068,173.194.188.105,10.10.0.10,,,443,45734,0,1358,17
1588617044.875486,173.194.188.105,10.10.0.10,,,443,45734,0,1358,17
1588617044.880265,173.194.188.105,10.10.0.10,,,443,45734,0,1358,17
1588617044.8850062,173.194.188.105,10.10.0.10,,,443,45734,0,1358,17
1588617044.889816,173.194.188.105,10.10.0.10,,,443,45734,0,1358,17
1588617044.894596,173.194.188.105,10.10.0.10,,,443,45734,0,1358,17
1588617044.8993714,173.194.188.105,10.10.0.10,,,443,45734,0,1358,17
1588617044.904114,173.194.188.105,10.10.0.10,,,443,45734,0,1358,17
1588617044.908928,173.194.188.105,10.10.0.10,,,443,45734,0,1358,17
1588617044.9137068,173.194.188.105,10.10.0.10,,,443,45734,0,1358,17
1588617044.918492,173.194.188.105,10.10.0.10,,,443,45734,0,1358,17
1588617044.9232569,173.194.188.105,10.10.0.10,,,443,45734,0,1358,17
1588617044.9280355,173.194.188.105,10.10.0.10,,,443,45734,0,1358,17
1588617044.932816,173.194.188.105,10.10.0.10,,,443,45734,0,1358,17
1588617044.937593,173.194.188.105,10.10.0.10,,,443,45734,0,1358,17
1588617044.94237,173.194.188.105,10.10.0.10,,,443,45734,0,1358,17
1588617044.947149,173.194.188.105,10.10.0.10,,,443,45734,0,1358,17
1588617044.952122,10.10.0.10,173.194.188.105,,,45734,443,0,37,17
1588617044.9543831,10.10.0.10,173.194.188.105,,,45734,443,0,37,17
1588617044.955837,10.10.0.10,173.194.188.105,,,45734,443,0,37,17
1588617044.956526,173.194.188.105,10.10.0.10,,,443,45734,0,1358,17
1588617044.956626,173.194.188.105,10.10.0.10,,,443,45734,0,1358,17
1588617044.9582202,10.10.0.10,173.194.188.105,,,45734,443,0,37,17
1588617044.960418,10.10.0.10,173.194.188.105,,,45734,443,0,37,17
1588617044.9606152,10.10.0.10,173.194.188.105,,,45734,443,0,37,17
1588617044.962137,10.10.0.10,173.194.188.105,,,45734,443,0,37,17
1588617044.9626222,173.194.188.105,10.10.0.10,,,443,45734,0,1358,17
1588617044.9631321,10.10.0.10,173.194.188.105,,,45734,443,0,37,17
1588617044.965092,10.10.0.10,173.194.188.105,,,45734,443,0,50,17
1588617044.9661384,10.10.0.10,173.194.188.105,,,45734,443,0,37,17
1588617044.9662454,173.194.188.105,10.10.0.10,,,443,45734,0,1358,17
1588617044.967119,10.10.0.10,173.194.188.105,,,45734,443,0,37,17
1588617044.9683466,10.10.0.10,173.194.188.105,,,45734,443,0,37,17
1588617044.9696321,10.10.0.10,173.194.188.105,,,45734,443,0,37,17
1588617044.97104,173.194.188.105,10.10.0.10,,,443,45734,0,1358,17
1588617044.9757712,173.194.188.105,10.10.0.10,,,443,45734,0,1358,17
1588617044.977783,10.10.0.10,173.194.188.105,,,45734,443,0,37,17
1588617044.9805858,173.194.188.105,10.10.0.10,,,443,45734,0,1358,17
1588617044.985345,173.194.188.105,10.10.0.10,,,443,45734,0,1358,17
1588617044.990152,173.194.188.105,10.10.0.10,,,443,45734,0,1358,17
1588617044.9948778,173.194.188.105,10.10.0.10,,,443,45734,0,1358,17
1588617044.999701,173.194.188.105,10.10.0.10,,,443,45734,0,1358,17
1588617045.004479,173.194.188.105,10.10.0.10,,,443,45734,0,1358,17
1588617045.009231,173.194.188.105,10.10.0.10,,,443,45734,0,1358,17
1588617045.014034,173.194.188.105,10.10.0.10,,,443,45734,0,1358,17
1588617045.01877,173.194.188.105,10.10.0.10,,,443,45734,0,1358,17
1588617045.0235894,173.194.188.105,10.10.0.10,,,443,45734,0,1358,17
1588617045.0283716,173.194.188.105,10.10.0.10,,,443,45734,0,1358,17
1588617045.0331464,173.194.188.105,10.10.0.10,,,443,45734,0,1358,17
1588617045.037925,173.194.188.105,10.10.0.10,,,443,45734,0,1358,17
1588617045.0427036,173.194.188.105,10.10.0.10,,,443,45734,0,1358,17
1588617045.047481,173.194.188.105,10.10.0.10,,,443,45734,0,1358,17
1588617045.052257,173.194.188.105,10.10.0.10,,,443,45734,0,1358,17
1588617045.057035,173.194.188.105,10.10.0.10,,,443,45734,0,1358,17
1588617045.061812,173.194.188.105,10.10.0.10,,,443,45734,0,1358,17
1588617045.066585,173.194.188.105,10.10.0.10,,,443,45734,0,1358,17
1588617045.071363,173.194.188.105,10.10.0.10,,,443,45734,0,1358,17
1588617045.076144,173.194.188.105,10.10.0.10,,,443,45734,0,1358,17
1588617045.0766456,10.10.0.10,173.194.188.105,,,45734,443,0,37,17
1588617045.0796866,10.10.0.10,173.194.188.105,,,45734,443,0,37,17
1588617045.0804696,10.10.0.10,173.194.188.105,,,45734,443,0,37,17
1588617045.0808818,173.194.188.105,10.10.0.10,,,443,45734,0,1358,17
1588617045.081928,10.10.0.10,173.194.188.105,,,45734,443,0,37,17
1588617045.0839572,10.10.0.10,173.194.188.105,,,45734,443,0,37,17
1588617045.08401,10.10.0.10,173.194.188.105,,,45734,443,0,37,17
1588617045.0854142,10.10.0.10,173.194.188.105,,,45734,443,0,37,17
1588617045.08562,173.194.188.105,10.10.0.10,,,443,45734,0,1315,17
1588617045.086415,10.10.0.10,173.194.188.105,,,45734,443,0,37,17
1588617045.087009,10.10.0.10,173.194.188.105,,,45734,443,0,37,17
1588617045.088425,10.10.0.10,173.194.188.105,,,45734,443,0,37,17
1588617045.0893786,10.10.0.10,173.194.188.105,,,45734,443,0,37,17
1588617045.1166134,10.10.0.10,173.194.188.105,,,45734,443,0,37,17
