timestamp,ipSrc,ipDst,tcpPortSrc,tcpPortDst,udpPortSrc,udpPortDst,tcpLen,udpLen,payloadProtocolNumber
1584503103.0498614,10.10.0.10,173.194.187.70,,,37473,443,0,1358,17
1584503103.1938052,173.194.187.70,10.10.0.10,,,443,37473,0,1358,17
1584503103.1973562,10.10.0.10,173.194.187.70,,,37473,443,0,1358,17
1584503103.240777,10.10.0.10,173.194.187.70,,,37473,443,0,44,17
1584503103.302858,173.194.187.70,10.10.0.10,,,443,37473,0,44,17
1584503103.3783708,173.194.187.70,10.10.0.10,,,443,37473,0,1358,17
1584503103.3801038,10.10.0.10,173.194.187.70,,,37473,443,0,36,17
1584503103.3807502,10.10.0.10,173.194.187.70,,,37473,443,0,873,17
1584503103.38123,10.10.0.10,173.194.187.70,,,37473,443,0,723,17
1584503103.381256,10.10.0.10,173.194.187.70,,,37473,443,0,48,17
1584503103.3814778,10.10.0.10,173.194.187.70,,,37473,443,0,48,17
1584503103.383019,173.194.187.70,10.10.0.10,,,443,37473,0,28,17
1584503103.5071304,173.194.187.70,10.10.0.10,,,443,37473,0,28,17
1584503103.507329,173.194.187.70,10.10.0.10,,,443,37473,0,372,17
1584503103.5086362,173.194.187.70,10.10.0.10,,,443,37473,0,1358,17
1584503103.512125,10.10.0.10,173.194.187.70,,,37473,443,0,36,17
1584503103.5130918,173.194.187.70,10.10.0.10,,,443,37473,0,1358,17
1584503103.5175474,173.194.187.70,10.10.0.10,,,443,37473,0,1351,17
1584503103.5193481,10.10.0.10,173.194.187.70,,,37473,443,0,36,17
1584503103.5219831,173.194.187.70,10.10.0.10,,,443,37473,0,26,17
1584503103.5221634,173.194.187.70,10.10.0.10,,,443,37473,0,69,17
1584503103.5224938,173.194.187.70,10.10.0.10,,,443,37473,0,26,17
1584503103.522684,173.194.187.70,10.10.0.10,,,443,37473,0,1172,17
1584503103.524607,10.10.0.10,173.194.187.70,,,37473,443,0,36,17
1584503103.5248039,10.10.0.10,173.194.187.70,,,37473,443,0,39,17
1584503103.525723,10.10.0.10,173.194.187.70,,,37473,443,0,36,17
1584503103.569475,10.10.0.10,173.194.187.70,,,37473,443,0,727,17
1584503103.573242,10.10.0.10,173.194.187.70,,,37473,443,0,48,17
1584503103.5771172,173.194.187.70,10.10.0.10,,,443,37473,0,28,17
1584503103.5771482,173.194.187.70,10.10.0.10,,,443,37473,0,45,17
1584503103.5774329,173.194.187.70,10.10.0.10,,,443,37473,0,1358,17
1584503103.5774682,173.194.187.70,10.10.0.10,,,443,37473,0,1358,17
1584503103.578744,10.10.0.10,173.194.187.70,,,37473,443,0,747,17
1584503103.57877,10.10.0.10,173.194.187.70,,,37473,443,0,48,17
1584503103.579244,10.10.0.10,173.194.187.70,,,37473,443,0,36,17
1584503103.581365,173.194.187.70,10.10.0.10,,,443,37473,0,1358,17
1584503103.585365,10.10.0.10,173.194.187.70,,,37473,443,0,36,17
1584503103.5858169,173.194.187.70,10.10.0.10,,,443,37473,0,1358,17
1584503103.5902748,173.194.187.70,10.10.0.10,,,443,37473,0,1358,17
1584503103.59237,10.10.0.10,173.194.187.70,,,37473,443,0,36,17
1584503103.594727,173.194.187.70,10.10.0.10,,,443,37473,0,1358,17
1584503103.599185,173.194.187.70,10.10.0.10,,,443,37473,0,1358,17
1584503103.6022198,10.10.0.10,173.194.187.70,,,37473,443,0,36,17
1584503103.6036348,173.194.187.70,10.10.0.10,,,443,37473,0,1358,17
1584503103.608088,173.194.187.70,10.10.0.10,,,443,37473,0,1358,17
1584503103.6125472,173.194.187.70,10.10.0.10,,,443,37473,0,1358,17
1584503103.617021,173.194.187.70,10.10.0.10,,,443,37473,0,1358,17
1584503103.6214569,173.194.187.70,10.10.0.10,,,443,37473,0,1358,17
1584503103.621597,10.10.0.10,173.194.187.70,,,37473,443,0,36,17
1584503103.6227212,10.10.0.10,173.194.187.70,,,37473,443,0,36,17
1584503103.62591,173.194.187.70,10.10.0.10,,,443,37473,0,1358,17
1584503103.6303642,173.194.187.70,10.10.0.10,,,443,37473,0,1358,17
1584503103.6348279,173.194.187.70,10.10.0.10,,,443,37473,0,1358,17
1584503103.6392686,173.194.187.70,10.10.0.10,,,443,37473,0,1358,17
1584503103.6437252,173.194.187.70,10.10.0.10,,,443,37473,0,1358,17
1584503103.6481779,173.194.187.70,10.10.0.10,,,443,37473,0,1358,17
1584503103.652641,173.194.187.70,10.10.0.10,,,443,37473,0,1358,17
1584503103.6557279,10.10.0.10,173.194.187.70,,,37473,443,0,36,17
1584503103.655753,10.10.0.10,173.194.187.70,,,37473,443,0,36,17
1584503103.655937,10.10.0.10,173.194.187.70,,,37473,443,0,36,17
1584503103.6562376,10.10.0.10,173.194.187.70,,,37473,443,0,36,17
1584503103.657094,173.194.187.70,10.10.0.10,,,443,37473,0,1358,17
1584503103.6615438,173.194.187.70,10.10.0.10,,,443,37473,0,1358,17
1584503103.665999,173.194.187.70,10.10.0.10,,,443,37473,0,1358,17
1584503103.6664698,10.10.0.10,173.194.187.70,,,37473,443,0,36,17
1584503103.6704578,173.194.187.70,10.10.0.10,,,443,37473,0,1358,17
1584503103.6749039,173.194.187.70,10.10.0.10,,,443,37473,0,1358,17
1584503103.6789722,10.10.0.10,173.194.187.70,,,37473,443,0,36,17
1584503103.679359,173.194.187.70,10.10.0.10,,,443,37473,0,1358,17
1584503103.680846,10.10.0.10,173.194.187.70,,,37473,443,0,36,17
1584503103.683825,173.194.187.70,10.10.0.10,,,443,37473,0,1358,17
1584503103.6882682,173.194.187.70,10.10.0.10,,,443,37473,0,1358,17
1584503103.6927269,173.194.187.70,10.10.0.10,,,443,37473,0,1358,17
1584503103.6971982,173.194.187.70,10.10.0.10,,,443,37473,0,1358,17
1584503103.7016444,173.194.187.70,10.10.0.10,,,443,37473,0,1358,17
1584503103.706091,173.194.187.70,10.10.0.10,,,443,37473,0,1358,17
1584503103.7105439,173.194.187.70,10.10.0.10,,,443,37473,0,1358,17
1584503103.7150118,173.194.187.70,10.10.0.10,,,443,37473,0,1358,17
1584503103.7181132,10.10.0.10,173.194.187.70,,,37473,443,0,36,17
1584503103.7194538,173.194.187.70,10.10.0.10,,,443,37473,0,1358,17
1584503103.723908,173.194.187.70,10.10.0.10,,,443,37473,0,1358,17
1584503103.728375,173.194.187.70,10.10.0.10,,,443,37473,0,1358,17
1584503103.732825,173.194.187.70,10.10.0.10,,,443,37473,0,1358,17
1584503103.737273,173.194.187.70,10.10.0.10,,,443,37473,0,1358,17
1584503103.7417278,173.194.187.70,10.10.0.10,,,443,37473,0,1358,17
1584503103.743736,10.10.0.10,173.194.187.70,,,37473,443,0,36,17
1584503103.7440908,10.10.0.10,173.194.187.70,,,37473,443,0,36,17
1584503103.744117,10.10.0.10,173.194.187.70,,,37473,443,0,36,17
1584503103.744217,10.10.0.10,173.194.187.70,,,37473,443,0,36,17
1584503103.744591,10.10.0.10,173.194.187.70,,,37473,443,0,36,17
1584503103.744617,10.10.0.10,173.194.187.70,,,37473,443,0,49,17
1584503103.7461786,173.194.187.70,10.10.0.10,,,443,37473,0,1358,17
1584503103.7506435,173.194.187.70,10.10.0.10,,,443,37473,0,1358,17
1584503103.755088,173.194.187.70,10.10.0.10,,,443,37473,0,1358,17
1584503103.7595446,173.194.187.70,10.10.0.10,,,443,37473,0,1358,17
1584503103.763991,173.194.187.70,10.10.0.10,,,443,37473,0,1358,17
1584503103.768455,173.194.187.70,10.10.0.10,,,443,37473,0,1358,17
1584503103.7729068,173.194.187.70,10.10.0.10,,,443,37473,0,1358,17
1584503103.777359,173.194.187.70,10.10.0.10,,,443,37473,0,1358,17
1584503103.7818232,173.194.187.70,10.10.0.10,,,443,37473,0,1358,17
1584503103.7862694,173.194.187.70,10.10.0.10,,,443,37473,0,1358,17
1584503103.7907238,173.194.187.70,10.10.0.10,,,443,37473,0,1358,17
1584503103.795178,173.194.187.70,10.10.0.10,,,443,37473,0,1358,17
1584503103.7996411,173.194.187.70,10.10.0.10,,,443,37473,0,1358,17
1584503103.8008616,10.10.0.10,173.194.187.70,,,37473,443,0,36,17
1584503103.8008866,10.10.0.10,173.194.187.70,,,37473,443,0,36,17
1584503103.801238,10.10.0.10,173.194.187.70,,,37473,443,0,36,17
1584503103.801264,10.10.0.10,173.194.187.70,,,37473,443,0,36,17
1584503103.8012779,10.10.0.10,173.194.187.70,,,37473,443,0,36,17
1584503103.804082,173.194.187.70,10.10.0.10,,,443,37473,0,1358,17
1584503103.808543,173.194.187.70,10.10.0.10,,,443,37473,0,1358,17
1584503103.813009,173.194.187.70,10.10.0.10,,,443,37473,0,1358,17
1584503103.817445,173.194.187.70,10.10.0.10,,,443,37473,0,1358,17
1584503103.821904,173.194.187.70,10.10.0.10,,,443,37473,0,1358,17
1584503103.8263571,173.194.187.70,10.10.0.10,,,443,37473,0,1358,17
1584503103.830822,173.194.187.70,10.10.0.10,,,443,37473,0,1358,17
1584503103.8352695,173.194.187.70,10.10.0.10,,,443,37473,0,1358,17
1584503103.8378382,10.10.0.10,173.194.187.70,,,37473,443,0,36,17
1584503103.8393412,10.10.0.10,173.194.187.70,,,37473,443,0,36,17
1584503103.839582,10.10.0.10,173.194.187.70,,,37473,443,0,36,17
1584503103.8397179,173.194.187.70,10.10.0.10,,,443,37473,0,1358,17
1584503103.8401182,10.10.0.10,173.194.187.70,,,37473,443,0,36,17
1584503103.840143,10.10.0.10,173.194.187.70,,,37473,443,0,36,17
1584503103.840158,10.10.0.10,173.194.187.70,,,37473,443,0,36,17
1584503103.8441708,173.194.187.70,10.10.0.10,,,443,37473,0,1358,17
1584503103.846112,10.10.0.10,173.194.187.70,,,37473,443,0,36,17
1584503103.8486366,173.194.187.70,10.10.0.10,,,443,37473,0,1358,17
1584503103.853084,173.194.187.70,10.10.0.10,,,443,37473,0,1358,17
1584503103.8545802,10.10.0.10,173.194.187.70,,,37473,443,0,36,17
1584503103.857546,173.194.187.70,10.10.0.10,,,443,37473,0,1358,17
1584503103.861993,173.194.187.70,10.10.0.10,,,443,37473,0,1358,17
1584503103.863857,10.10.0.10,173.194.187.70,,,37473,443,0,36,17
1584503103.8664482,173.194.187.70,10.10.0.10,,,443,37473,0,1358,17
1584503103.870903,173.194.187.70,10.10.0.10,,,443,37473,0,1358,17
1584503103.8745651,10.10.0.10,173.194.187.70,,,37473,443,0,36,17
1584503103.8753548,173.194.187.70,10.10.0.10,,,443,37473,0,1358,17
1584503103.879821,173.194.187.70,10.10.0.10,,,443,37473,0,1358,17
1584503103.882335,10.10.0.10,173.194.187.70,,,37473,443,0,36,17
1584503103.8842616,173.194.187.70,10.10.0.10,,,443,37473,0,1358,17
1584503103.88872,173.194.187.70,10.10.0.10,,,443,37473,0,1358,17
1584503103.8916054,10.10.0.10,173.194.187.70,,,37473,443,0,36,17
1584503103.8931751,173.194.187.70,10.10.0.10,,,443,37473,0,1358,17
1584503103.897635,173.194.187.70,10.10.0.10,,,443,37473,0,1358,17
1584503103.899442,10.10.0.10,173.194.187.70,,,37473,443,0,36,17
1584503103.9020884,173.194.187.70,10.10.0.10,,,443,37473,0,1358,17
1584503103.906538,173.194.187.70,10.10.0.10,,,443,37473,0,1358,17
1584503103.9090884,10.10.0.10,173.194.187.70,,,37473,443,0,36,17
1584503103.911006,173.194.187.70,10.10.0.10,,,443,37473,0,1358,17
1584503103.915447,173.194.187.70,10.10.0.10,,,443,37473,0,1358,17
1584503103.9183388,10.10.0.10,173.194.187.70,,,37473,443,0,49,17
1584503103.9199018,173.194.187.70,10.10.0.10,,,443,37473,0,1358,17
1584503103.924365,173.194.187.70,10.10.0.10,,,443,37473,0,1358,17
1584503103.9266062,10.10.0.10,173.194.187.70,,,37473,443,0,36,17
1584503103.928819,173.194.187.70,10.10.0.10,,,443,37473,0,1358,17
1584503103.933264,173.194.187.70,10.10.0.10,,,443,37473,0,1358,17
1584503103.9377134,173.194.187.70,10.10.0.10,,,443,37473,0,1358,17
1584503103.938589,10.10.0.10,173.194.187.70,,,37473,443,0,36,17
1584503103.942173,173.194.187.70,10.10.0.10,,,443,37473,0,1358,17
1584503103.945736,10.10.0.10,173.194.187.70,,,37473,443,0,36,17
1584503103.946623,173.194.187.70,10.10.0.10,,,443,37473,0,1358,17
1584503103.9510775,173.194.187.70,10.10.0.10,,,443,37473,0,1358,17
1584503103.952961,10.10.0.10,173.194.187.70,,,37473,443,0,36,17
1584503103.955536,173.194.187.70,10.10.0.10,,,443,37473,0,1358,17
1584503103.959986,173.194.187.70,10.10.0.10,,,443,37473,0,1358,17
1584503103.9618552,10.10.0.10,173.194.187.70,,,37473,443,0,36,17
1584503103.9644446,173.194.187.70,10.10.0.10,,,443,37473,0,1358,17
1584503103.9689012,173.194.187.70,10.10.0.10,,,443,37473,0,1358,17
1584503103.9708588,10.10.0.10,173.194.187.70,,,37473,443,0,36,17
1584503103.973352,173.194.187.70,10.10.0.10,,,443,37473,0,1358,17
1584503103.977817,173.194.187.70,10.10.0.10,,,443,37473,0,1358,17
1584503103.97948,10.10.0.10,173.194.187.70,,,37473,443,0,36,17
1584503103.982263,173.194.187.70,10.10.0.10,,,443,37473,0,1358,17
1584503103.986722,173.194.187.70,10.10.0.10,,,443,37473,0,1358,17
1584503103.9888358,10.10.0.10,173.194.187.70,,,37473,443,0,36,17
1584503103.9911716,173.194.187.70,10.10.0.10,,,443,37473,0,1358,17
1584503103.995631,173.194.187.70,10.10.0.10,,,443,37473,0,1358,17
1584503103.9974804,10.10.0.10,173.194.187.70,,,37473,443,0,36,17
1584503104.0000749,173.194.187.70,10.10.0.10,,,443,37473,0,1358,17
1584503104.004534,173.194.187.70,10.10.0.10,,,443,37473,0,1358,17
1584503104.0059626,10.10.0.10,173.194.187.70,,,37473,443,0,36,17
1584503104.0090039,173.194.187.70,10.10.0.10,,,443,37473,0,1358,17
1584503104.0134456,173.194.187.70,10.10.0.10,,,443,37473,0,1358,17
1584503104.015336,10.10.0.10,173.194.187.70,,,37473,443,0,36,17
1584503104.0178974,173.194.187.70,10.10.0.10,,,443,37473,0,1358,17
1584503104.022351,173.194.187.70,10.10.0.10,,,443,37473,0,1358,17
1584503104.024603,10.10.0.10,173.194.187.70,,,37473,443,0,36,17
1584503104.026815,173.194.187.70,10.10.0.10,,,443,37473,0,1358,17
1584503104.031263,173.194.187.70,10.10.0.10,,,443,37473,0,1358,17
1584503104.0328536,10.10.0.10,173.194.187.70,,,37473,443,0,36,17
1584503104.0357158,173.194.187.70,10.10.0.10,,,443,37473,0,1358,17
1584503104.0401652,173.194.187.70,10.10.0.10,,,443,37473,0,1358,17
1584503104.0430758,10.10.0.10,173.194.187.70,,,37473,443,0,36,17
1584503104.044631,173.194.187.70,10.10.0.10,,,443,37473,0,1358,17
1584503104.049079,173.194.187.70,10.10.0.10,,,443,37473,0,1358,17
1584503104.051197,10.10.0.10,173.194.187.70,,,37473,443,0,36,17
1584503104.053533,173.194.187.70,10.10.0.10,,,443,37473,0,1358,17
1584503104.058005,173.194.187.70,10.10.0.10,,,443,37473,0,1358,17
1584503104.0610962,10.10.0.10,173.194.187.70,,,37473,443,0,36,17
1584503104.0624418,173.194.187.70,10.10.0.10,,,443,37473,0,1358,17
1584503104.0668972,173.194.187.70,10.10.0.10,,,443,37473,0,1358,17
1584503104.0686028,10.10.0.10,173.194.187.70,,,37473,443,0,36,17
1584503104.0713491,173.194.187.70,10.10.0.10,,,443,37473,0,1358,17
1584503104.075815,173.194.187.70,10.10.0.10,,,443,37473,0,1358,17
1584503104.077457,10.10.0.10,173.194.187.70,,,37473,443,0,36,17
1584503104.080256,173.194.187.70,10.10.0.10,,,443,37473,0,1358,17
1584503104.0847151,173.194.187.70,10.10.0.10,,,443,37473,0,1358,17
1584503104.086336,10.10.0.10,173.194.187.70,,,37473,443,0,36,17
1584503104.089168,173.194.187.70,10.10.0.10,,,443,37473,0,1358,17
1584503104.0936296,173.194.187.70,10.10.0.10,,,443,37473,0,1358,17
1584503104.0959618,10.10.0.10,173.194.187.70,,,37473,443,0,49,17
1584503104.0980802,173.194.187.70,10.10.0.10,,,443,37473,0,1358,17
1584503104.102531,173.194.187.70,10.10.0.10,,,443,37473,0,1358,17
1584503104.106082,10.10.0.10,173.194.187.70,,,37473,443,0,36,17
1584503104.107001,173.194.187.70,10.10.0.10,,,443,37473,0,1358,17
1584503104.1114366,173.194.187.70,10.10.0.10,,,443,37473,0,1358,17
1584503104.113225,10.10.0.10,173.194.187.70,,,37473,443,0,36,17
1584503104.115895,173.194.187.70,10.10.0.10,,,443,37473,0,1358,17
1584503104.1203609,173.194.187.70,10.10.0.10,,,443,37473,0,1358,17
1584503104.122725,10.10.0.10,173.194.187.70,,,37473,443,0,36,17
1584503104.124814,173.194.187.70,10.10.0.10,,,443,37473,0,1358,17
1584503104.129264,173.194.187.70,10.10.0.10,,,443,37473,0,1358,17
1584503104.131474,10.10.0.10,173.194.187.70,,,37473,443,0,36,17
1584503104.133713,173.194.187.70,10.10.0.10,,,443,37473,0,1358,17
1584503104.1381671,173.194.187.70,10.10.0.10,,,443,37473,0,1358,17
1584503104.139981,10.10.0.10,173.194.187.70,,,37473,443,0,36,17
1584503104.142628,173.194.187.70,10.10.0.10,,,443,37473,0,1358,17
1584503104.147075,173.194.187.70,10.10.0.10,,,443,37473,0,1358,17
1584503104.1485991,10.10.0.10,173.194.187.70,,,37473,443,0,36,17
1584503104.15153,173.194.187.70,10.10.0.10,,,443,37473,0,1358,17
1584503104.155981,173.194.187.70,10.10.0.10,,,443,37473,0,1358,17
1584503104.157599,10.10.0.10,173.194.187.70,,,37473,443,0,36,17
1584503104.160439,173.194.187.70,10.10.0.10,,,443,37473,0,1358,17
1584503104.1648939,173.194.187.70,10.10.0.10,,,443,37473,0,1358,17
1584503104.1664732,10.10.0.10,173.194.187.70,,,37473,443,0,36,17
1584503104.1693478,173.194.187.70,10.10.0.10,,,443,37473,0,1358,17
1584503104.173812,173.194.187.70,10.10.0.10,,,443,37473,0,1358,17
1584503104.1753302,10.10.0.10,173.194.187.70,,,37473,443,0,36,17
1584503104.178257,173.194.187.70,10.10.0.10,,,443,37473,0,1358,17
1584503104.1827116,173.194.187.70,10.10.0.10,,,443,37473,0,1358,17
1584503104.184579,10.10.0.10,173.194.187.70,,,37473,443,0,36,17
1584503104.187167,173.194.187.70,10.10.0.10,,,443,37473,0,1358,17
1584503104.1916258,173.194.187.70,10.10.0.10,,,443,37473,0,1358,17
1584503104.193578,10.10.0.10,173.194.187.70,,,37473,443,0,36,17
1584503104.196069,173.194.187.70,10.10.0.10,,,443,37473,0,1358,17
1584503104.2005296,173.194.187.70,10.10.0.10,,,443,37473,0,1358,17
1584503104.20208,10.10.0.10,173.194.187.70,,,37473,443,0,36,17
1584503104.204998,173.194.187.70,10.10.0.10,,,443,37473,0,1358,17
1584503104.20944,173.194.187.70,10.10.0.10,,,443,37473,0,1358,17
1584503104.211472,10.10.0.10,173.194.187.70,,,37473,443,0,36,17
1584503104.2138932,173.194.187.70,10.10.0.10,,,443,37473,0,1358,17
1584503104.218344,173.194.187.70,10.10.0.10,,,443,37473,0,1358,17
1584503104.220333,10.10.0.10,173.194.187.70,,,37473,443,0,36,17
1584503104.22281,173.194.187.70,10.10.0.10,,,443,37473,0,1358,17
1584503104.227255,173.194.187.70,10.10.0.10,,,443,37473,0,1358,17
1584503104.2289536,10.10.0.10,173.194.187.70,,,37473,443,0,36,17
1584503104.2317102,173.194.187.70,10.10.0.10,,,443,37473,0,1358,17
1584503104.236158,173.194.187.70,10.10.0.10,,,443,37473,0,1358,17
1584503104.238346,10.10.0.10,173.194.187.70,,,37473,443,0,36,17
1584503104.2406151,173.194.187.70,10.10.0.10,,,443,37473,0,1358,17
1584503104.2450712,173.194.187.70,10.10.0.10,,,443,37473,0,1358,17
1584503104.2471652,10.10.0.10,173.194.187.70,,,37473,443,0,36,17
1584503104.249525,173.194.187.70,10.10.0.10,,,443,37473,0,1358,17
1584503104.253997,173.194.187.70,10.10.0.10,,,443,37473,0,1358,17
1584503104.255789,10.10.0.10,173.194.187.70,,,37473,443,0,36,17
1584503104.2584374,173.194.187.70,10.10.0.10,,,443,37473,0,1358,17
1584503104.26289,173.194.187.70,10.10.0.10,,,443,37473,0,1358,17
1584503104.264819,10.10.0.10,173.194.187.70,,,37473,443,0,36,17
1584503104.267357,173.194.187.70,10.10.0.10,,,443,37473,0,1358,17
1584503104.271815,173.194.187.70,10.10.0.10,,,443,37473,0,1358,17
1584503104.273568,10.10.0.10,173.194.187.70,,,37473,443,0,49,17
1584503104.276249,173.194.187.70,10.10.0.10,,,443,37473,0,1358,17
1584503104.2807071,173.194.187.70,10.10.0.10,,,443,37473,0,1358,17
1584503104.282595,10.10.0.10,173.194.187.70,,,37473,443,0,36,17
1584503104.2851572,173.194.187.70,10.10.0.10,,,443,37473,0,1358,17
1584503104.289624,173.194.187.70,10.10.0.10,,,443,37473,0,1358,17
1584503104.294065,173.194.187.70,10.10.0.10,,,443,37473,0,1358,17
1584503104.298525,173.194.187.70,10.10.0.10,,,443,37473,0,1358,17
1584503104.302995,173.194.187.70,10.10.0.10,,,443,37473,0,1358,17
1584503104.3074338,173.194.187.70,10.10.0.10,,,443,37473,0,1358,17
1584503104.311888,173.194.187.70,10.10.0.10,,,443,37473,0,1358,17
1584503104.3163388,173.194.187.70,10.10.0.10,,,443,37473,0,1358,17
1584503104.3164544,10.10.0.10,173.194.187.70,,,37473,443,0,36,17
1584503104.318095,10.10.0.10,173.194.187.70,,,37473,443,0,36,17
1584503104.318704,10.10.0.10,173.194.187.70,,,37473,443,0,36,17
1584503104.3196929,10.10.0.10,173.194.187.70,,,37473,443,0,36,17
1584503104.320808,173.194.187.70,10.10.0.10,,,443,37473,0,1358,17
1584503104.3252509,173.194.187.70,10.10.0.10,,,443,37473,0,1358,17
1584503104.3270748,10.10.0.10,173.194.187.70,,,37473,443,0,36,17
1584503104.329706,173.194.187.70,10.10.0.10,,,443,37473,0,1358,17
1584503104.334162,173.194.187.70,10.10.0.10,,,443,37473,0,1358,17
1584503104.336217,10.10.0.10,173.194.187.70,,,37473,443,0,36,17
1584503104.3386214,173.194.187.70,10.10.0.10,,,443,37473,0,1358,17
1584503104.3430688,173.194.187.70,10.10.0.10,,,443,37473,0,1358,17
1584503104.3453262,10.10.0.10,173.194.187.70,,,37473,443,0,36,17
1584503104.347523,173.194.187.70,10.10.0.10,,,443,37473,0,1358,17
1584503104.351976,173.194.187.70,10.10.0.10,,,443,37473,0,1358,17
1584503104.353702,10.10.0.10,173.194.187.70,,,37473,443,0,36,17
1584503104.3564286,173.194.187.70,10.10.0.10,,,443,37473,0,1358,17
1584503104.3608868,173.194.187.70,10.10.0.10,,,443,37473,0,1358,17
1584503104.362824,10.10.0.10,173.194.187.70,,,37473,443,0,36,17
1584503104.365342,173.194.187.70,10.10.0.10,,,443,37473,0,1358,17
1584503104.369807,173.194.187.70,10.10.0.10,,,443,37473,0,1358,17
1584503104.3722134,10.10.0.10,173.194.187.70,,,37473,443,0,36,17
1584503104.374251,173.194.187.70,10.10.0.10,,,443,37473,0,1358,17
1584503104.3787036,173.194.187.70,10.10.0.10,,,443,37473,0,1358,17
1584503104.380344,10.10.0.10,173.194.187.70,,,37473,443,0,36,17
1584503104.3831608,173.194.187.70,10.10.0.10,,,443,37473,0,1358,17
1584503104.3876195,173.194.187.70,10.10.0.10,,,443,37473,0,1358,17
1584503104.3892179,10.10.0.10,173.194.187.70,,,37473,443,0,36,17
1584503104.3920622,173.194.187.70,10.10.0.10,,,443,37473,0,1358,17
1584503104.3965216,173.194.187.70,10.10.0.10,,,443,37473,0,1358,17
1584503104.398343,10.10.0.10,173.194.187.70,,,37473,443,0,36,17
1584503104.400992,173.194.187.70,10.10.0.10,,,443,37473,0,1358,17
1584503104.405431,173.194.187.70,10.10.0.10,,,443,37473,0,1358,17
1584503104.4073222,10.10.0.10,173.194.187.70,,,37473,443,0,36,17
1584503104.409886,173.194.187.70,10.10.0.10,,,443,37473,0,1358,17
1584503104.4143438,173.194.187.70,10.10.0.10,,,443,37473,0,1358,17
1584503104.416216,10.10.0.10,173.194.187.70,,,37473,443,0,36,17
1584503104.4188054,173.194.187.70,10.10.0.10,,,443,37473,0,1358,17
1584503104.423249,173.194.187.70,10.10.0.10,,,443,37473,0,1358,17
1584503104.425573,10.10.0.10,173.194.187.70,,,37473,443,0,36,17
1584503104.4276998,173.194.187.70,10.10.0.10,,,443,37473,0,1358,17
1584503104.432152,173.194.187.70,10.10.0.10,,,443,37473,0,1358,17
1584503104.4347172,10.10.0.10,173.194.187.70,,,37473,443,0,36,17
1584503104.4366188,173.194.187.70,10.10.0.10,,,443,37473,0,1358,17
1584503104.441066,173.194.187.70,10.10.0.10,,,443,37473,0,1358,17
1584503104.445323,10.10.0.10,173.194.187.70,,,37473,443,0,36,17
1584503104.445516,173.194.187.70,10.10.0.10,,,443,37473,0,1358,17
1584503104.449991,173.194.187.70,10.10.0.10,,,443,37473,0,1358,17
1584503104.4518409,10.10.0.10,173.194.187.70,,,37473,443,0,49,17
1584503104.4544294,173.194.187.70,10.10.0.10,,,443,37473,0,1358,17
1584503104.4588838,173.194.187.70,10.10.0.10,,,443,37473,0,1358,17
1584503104.461936,10.10.0.10,173.194.187.70,,,37473,443,0,36,17
1584503104.463337,173.194.187.70,10.10.0.10,,,443,37473,0,1358,17
1584503104.4678042,173.194.187.70,10.10.0.10,,,443,37473,0,1358,17
1584503104.469341,10.10.0.10,173.194.187.70,,,37473,443,0,36,17
1584503104.4722419,173.194.187.70,10.10.0.10,,,443,37473,0,1358,17
1584503104.476704,173.194.187.70,10.10.0.10,,,443,37473,0,1358,17
1584503104.478576,10.10.0.10,173.194.187.70,,,37473,443,0,36,17
1584503104.481156,173.194.187.70,10.10.0.10,,,443,37473,0,1358,17
1584503104.485617,173.194.187.70,10.10.0.10,,,443,37473,0,1358,17
1584503104.487587,10.10.0.10,173.194.187.70,,,37473,443,0,36,17
1584503104.4900668,173.194.187.70,10.10.0.10,,,443,37473,0,1358,17
1584503104.494518,173.194.187.70,10.10.0.10,,,443,37473,0,1358,17
1584503104.496215,10.10.0.10,173.194.187.70,,,37473,443,0,36,17
1584503104.49899,173.194.187.70,10.10.0.10,,,443,37473,0,1358,17
1584503104.5034275,173.194.187.70,10.10.0.10,,,443,37473,0,1358,17
1584503104.5051901,10.10.0.10,173.194.187.70,,,37473,443,0,36,17
1584503104.507882,173.194.187.70,10.10.0.10,,,443,37473,0,1358,17
1584503104.512346,173.194.187.70,10.10.0.10,,,443,37473,0,1358,17
1584503104.515713,10.10.0.10,173.194.187.70,,,37473,443,0,36,17
1584503104.5168018,173.194.187.70,10.10.0.10,,,443,37473,0,1358,17
1584503104.521242,173.194.187.70,10.10.0.10,,,443,37473,0,1358,17
1584503104.5237136,10.10.0.10,173.194.187.70,,,37473,443,0,36,17
1584503104.5256991,173.194.187.70,10.10.0.10,,,443,37473,0,1358,17
1584503104.530154,173.194.187.70,10.10.0.10,,,443,37473,0,1358,17
1584503104.531569,10.10.0.10,173.194.187.70,,,37473,443,0,36,17
1584503104.534617,173.194.187.70,10.10.0.10,,,443,37473,0,1358,17
1584503104.5390642,173.194.187.70,10.10.0.10,,,443,37473,0,1358,17
1584503104.5405688,10.10.0.10,173.194.187.70,,,37473,443,0,36,17
1584503104.5435169,173.194.187.70,10.10.0.10,,,443,37473,0,1358,17
1584503104.547967,173.194.187.70,10.10.0.10,,,443,37473,0,1358,17
1584503104.549568,10.10.0.10,173.194.187.70,,,37473,443,0,36,17
1584503104.552422,173.194.187.70,10.10.0.10,,,443,37473,0,1358,17
1584503104.5568864,173.194.187.70,10.10.0.10,,,443,37473,0,1358,17
1584503104.5586932,10.10.0.10,173.194.187.70,,,37473,443,0,36,17
1584503104.561336,173.194.187.70,10.10.0.10,,,443,37473,0,1358,17
1584503104.5648358,10.10.0.10,173.194.187.70,,,37473,443,0,734,17
1584503104.5653212,10.10.0.10,173.194.187.70,,,37473,443,0,48,17
1584503104.5657866,173.194.187.70,10.10.0.10,,,443,37473,0,1358,17
1584503104.570245,173.194.187.70,10.10.0.10,,,443,37473,0,1358,17
1584503104.571974,10.10.0.10,173.194.187.70,,,37473,443,0,36,17
1584503104.5747,173.194.187.70,10.10.0.10,,,443,37473,0,1358,17
1584503104.5791519,173.194.187.70,10.10.0.10,,,443,37473,0,1358,17
1584503104.580693,10.10.0.10,173.194.187.70,,,37473,443,0,36,17
1584503104.583615,173.194.187.70,10.10.0.10,,,443,37473,0,1358,17
1584503104.588056,173.194.187.70,10.10.0.10,,,443,37473,0,1358,17
1584503104.589567,10.10.0.10,173.194.187.70,,,37473,443,0,36,17
1584503104.5925171,173.194.187.70,10.10.0.10,,,443,37473,0,1358,17
1584503104.5969868,173.194.187.70,10.10.0.10,,,443,37473,0,1358,17
1584503104.5985725,10.10.0.10,173.194.187.70,,,37473,443,0,36,17
1584503104.601425,173.194.187.70,10.10.0.10,,,443,37473,0,1358,17
1584503104.6058788,173.194.187.70,10.10.0.10,,,443,37473,0,1358,17
1584503104.6073382,10.10.0.10,173.194.187.70,,,37473,443,0,36,17
1584503104.6103332,173.194.187.70,10.10.0.10,,,443,37473,0,1358,17
1584503104.614799,173.194.187.70,10.10.0.10,,,443,37473,0,1358,17
1584503104.616441,10.10.0.10,173.194.187.70,,,37473,443,0,36,17
1584503104.619242,173.194.187.70,10.10.0.10,,,443,37473,0,1358,17
1584503104.6236925,173.194.187.70,10.10.0.10,,,443,37473,0,1358,17
1584503104.627066,10.10.0.10,173.194.187.70,,,37473,443,0,36,17
1584503104.6281462,173.194.187.70,10.10.0.10,,,443,37473,0,1358,17
1584503104.6326141,173.194.187.70,10.10.0.10,,,443,37473,0,1358,17
1584503104.634337,10.10.0.10,173.194.187.70,,,37473,443,0,36,17
1584503104.637063,173.194.187.70,10.10.0.10,,,443,37473,0,1358,17
1584503104.6415136,173.194.187.70,10.10.0.10,,,443,37473,0,1358,17
1584503104.6431801,10.10.0.10,173.194.187.70,,,37473,443,0,37,17
1584503104.645985,173.194.187.70,10.10.0.10,,,443,37473,0,1358,17
1584503104.650422,173.194.187.70,10.10.0.10,,,443,37473,0,1358,17
1584503104.652193,10.10.0.10,173.194.187.70,,,37473,443,0,37,17
1584503104.654878,173.194.187.70,10.10.0.10,,,443,37473,0,1358,17
1584503104.6593351,173.194.187.70,10.10.0.10,,,443,37473,0,1358,17
1584503104.661565,10.10.0.10,173.194.187.70,,,37473,443,0,37,17
1584503104.663798,173.194.187.70,10.10.0.10,,,443,37473,0,1358,17
1584503104.6682348,173.194.187.70,10.10.0.10,,,443,37473,0,1358,17
1584503104.669834,10.10.0.10,173.194.187.70,,,37473,443,0,37,17
1584503104.672695,173.194.187.70,10.10.0.10,,,443,37473,0,1358,17
1584503104.67715,173.194.187.70,10.10.0.10,,,443,37473,0,1358,17
1584503104.67871,10.10.0.10,173.194.187.70,,,37473,443,0,37,17
1584503104.6816125,173.194.187.70,10.10.0.10,,,443,37473,0,1358,17
1584503104.6860578,173.194.187.70,10.10.0.10,,,443,37473,0,1358,17
1584503104.6880634,10.10.0.10,173.194.187.70,,,37473,443,0,37,17
1584503104.6905134,173.194.187.70,10.10.0.10,,,443,37473,0,1358,17
1584503104.6949892,173.194.187.70,10.10.0.10,,,443,37473,0,1358,17
1584503104.696942,10.10.0.10,173.194.187.70,,,37473,443,0,37,17
1584503104.6994221,173.194.187.70,10.10.0.10,,,443,37473,0,1358,17
1584503104.7038758,173.194.187.70,10.10.0.10,,,443,37473,0,1358,17
1584503104.7053044,10.10.0.10,173.194.187.70,,,37473,443,0,37,17
1584503104.708344,173.194.187.70,10.10.0.10,,,443,37473,0,1358,17
1584503104.7127938,173.194.187.70,10.10.0.10,,,443,37473,0,1358,17
1584503104.7145634,10.10.0.10,173.194.187.70,,,37473,443,0,37,17
1584503104.717242,173.194.187.70,10.10.0.10,,,443,37473,0,1358,17
1584503104.721693,173.194.187.70,10.10.0.10,,,443,37473,0,1358,17
1584503104.7233136,10.10.0.10,173.194.187.70,,,37473,443,0,37,17
1584503104.7261481,173.194.187.70,10.10.0.10,,,443,37473,0,1358,17
1584503104.73061,173.194.187.70,10.10.0.10,,,443,37473,0,1358,17
1584503104.732193,10.10.0.10,173.194.187.70,,,37473,443,0,37,17
1584503104.7350569,173.194.187.70,10.10.0.10,,,443,37473,0,1358,17
1584503104.7368348,10.10.0.10,173.194.187.70,,,37473,443,0,53,17
1584503104.7395134,173.194.187.70,10.10.0.10,,,443,37473,0,1358,17
1584503104.7436874,10.10.0.10,173.194.187.70,,,37473,443,0,37,17
1584503104.74396,173.194.187.70,10.10.0.10,,,443,37473,0,1358,17
1584503104.7484188,173.194.187.70,10.10.0.10,,,443,37473,0,1358,17
1584503104.750062,10.10.0.10,173.194.187.70,,,37473,443,0,37,17
1584503104.7528741,173.194.187.70,10.10.0.10,,,443,37473,0,1358,17
1584503104.7573311,173.194.187.70,10.10.0.10,,,443,37473,0,1358,17
1584503104.7599561,10.10.0.10,173.194.187.70,,,37473,443,0,37,17
1584503104.7617948,173.194.187.70,10.10.0.10,,,443,37473,0,1358,17
1584503104.7662401,173.194.187.70,10.10.0.10,,,443,37473,0,1358,17
1584503104.7687068,10.10.0.10,173.194.187.70,,,37473,443,0,37,17
1584503104.770692,173.194.187.70,10.10.0.10,,,443,37473,0,1358,17
1584503104.775146,173.194.187.70,10.10.0.10,,,443,37473,0,1358,17
1584503104.777457,10.10.0.10,173.194.187.70,,,37473,443,0,37,17
1584503104.77961,173.194.187.70,10.10.0.10,,,443,37473,0,1358,17
1584503104.78405,173.194.187.70,10.10.0.10,,,443,37473,0,1358,17
1584503104.786083,10.10.0.10,173.194.187.70,,,37473,443,0,37,17
1584503104.7885091,173.194.187.70,10.10.0.10,,,443,37473,0,1358,17
1584503104.7929811,173.194.187.70,10.10.0.10,,,443,37473,0,1358,17
1584503104.7954571,10.10.0.10,173.194.187.70,,,37473,443,0,37,17
1584503104.797417,173.194.187.70,10.10.0.10,,,443,37473,0,1358,17
1584503104.8018699,173.194.187.70,10.10.0.10,,,443,37473,0,1358,17
1584503104.803561,10.10.0.10,173.194.187.70,,,37473,443,0,37,17
1584503104.8063226,173.194.187.70,10.10.0.10,,,443,37473,0,1358,17
1584503104.810793,173.194.187.70,10.10.0.10,,,443,37473,0,1358,17
1584503104.812312,10.10.0.10,173.194.187.70,,,37473,443,0,37,17
1584503104.8152301,173.194.187.70,10.10.0.10,,,443,37473,0,1358,17
1584503104.81969,173.194.187.70,10.10.0.10,,,443,37473,0,1358,17
1584503104.82156,10.10.0.10,173.194.187.70,,,37473,443,0,37,17
1584503104.82414,173.194.187.70,10.10.0.10,,,443,37473,0,1358,17
1584503104.8286018,173.194.187.70,10.10.0.10,,,443,37473,0,1358,17
1584503104.8307092,10.10.0.10,173.194.187.70,,,37473,443,0,37,17
1584503104.8330526,173.194.187.70,10.10.0.10,,,443,37473,0,1358,17
1584503104.8375068,173.194.187.70,10.10.0.10,,,443,37473,0,1358,17
1584503104.839186,10.10.0.10,173.194.187.70,,,37473,443,0,37,17
1584503104.841961,173.194.187.70,10.10.0.10,,,443,37473,0,1358,17
1584503104.846417,173.194.187.70,10.10.0.10,,,443,37473,0,1358,17
1584503104.848809,10.10.0.10,173.194.187.70,,,37473,443,0,37,17
1584503104.850873,173.194.187.70,10.10.0.10,,,443,37473,0,1358,17
1584503104.8553252,173.194.187.70,10.10.0.10,,,443,37473,0,1358,17
1584503104.857455,10.10.0.10,173.194.187.70,,,37473,443,0,37,17
1584503104.859792,173.194.187.70,10.10.0.10,,,443,37473,0,1358,17
1584503104.8642292,173.194.187.70,10.10.0.10,,,443,37473,0,1358,17
1584503104.8656852,10.10.0.10,173.194.187.70,,,37473,443,0,37,17
1584503104.86869,173.194.187.70,10.10.0.10,,,443,37473,0,29,17
1584503104.868882,173.194.187.70,10.10.0.10,,,443,37473,0,1358,17
1584503104.873357,173.194.187.70,10.10.0.10,,,443,37473,0,1358,17
1584503104.8758,10.10.0.10,173.194.187.70,,,37473,443,0,37,17
1584503104.8778,173.194.187.70,10.10.0.10,,,443,37473,0,1358,17
1584503104.882254,173.194.187.70,10.10.0.10,,,443,37473,0,1358,17
1584503104.883668,10.10.0.10,173.194.187.70,,,37473,443,0,37,17
1584503104.886728,173.194.187.70,10.10.0.10,,,443,37473,0,1358,17
1584503104.891166,173.194.187.70,10.10.0.10,,,443,37473,0,1358,17
1584503104.8935802,10.10.0.10,173.194.187.70,,,37473,443,0,37,17
1584503104.895616,173.194.187.70,10.10.0.10,,,443,37473,0,1358,17
1584503104.900066,173.194.187.70,10.10.0.10,,,443,37473,0,1358,17
1584503104.9020634,10.10.0.10,173.194.187.70,,,37473,443,0,37,17
1584503104.904541,173.194.187.70,10.10.0.10,,,443,37473,0,1358,17
1584503104.908983,173.194.187.70,10.10.0.10,,,443,37473,0,1358,17
1584503104.9108355,10.10.0.10,173.194.187.70,,,37473,443,0,50,17
1584503104.913434,173.194.187.70,10.10.0.10,,,443,37473,0,1358,17
1584503104.9178908,173.194.187.70,10.10.0.10,,,443,37473,0,1358,17
1584503104.9195492,10.10.0.10,173.194.187.70,,,37473,443,0,37,17
1584503104.922339,173.194.187.70,10.10.0.10,,,443,37473,0,1358,17
1584503104.926798,173.194.187.70,10.10.0.10,,,443,37473,0,1358,17
1584503104.9288268,10.10.0.10,173.194.187.70,,,37473,443,0,37,17
1584503104.9312518,173.194.187.70,10.10.0.10,,,443,37473,0,1358,17
1584503104.9357276,173.194.187.70,10.10.0.10,,,443,37473,0,1358,17
1584503104.938057,10.10.0.10,173.194.187.70,,,37473,443,0,37,17
1584503104.9401548,173.194.187.70,10.10.0.10,,,443,37473,0,1358,17
1584503104.9446142,173.194.187.70,10.10.0.10,,,443,37473,0,1358,17
1584503104.946308,10.10.0.10,173.194.187.70,,,37473,443,0,37,17
1584503104.949069,173.194.187.70,10.10.0.10,,,443,37473,0,1358,17
1584503104.9535198,173.194.187.70,10.10.0.10,,,443,37473,0,1358,17
1584503104.955207,10.10.0.10,173.194.187.70,,,37473,443,0,37,17
1584503104.957977,173.194.187.70,10.10.0.10,,,443,37473,0,1358,17
1584503104.9624329,173.194.187.70,10.10.0.10,,,443,37473,0,1358,17
1584503104.9645786,10.10.0.10,173.194.187.70,,,37473,443,0,37,17
1584503104.96689,173.194.187.70,10.10.0.10,,,443,37473,0,1358,17
1584503104.9713562,173.194.187.70,10.10.0.10,,,443,37473,0,1358,17
1584503104.97281,10.10.0.10,173.194.187.70,,,37473,443,0,37,17
1584503104.9757948,173.194.187.70,10.10.0.10,,,443,37473,0,1358,17
1584503104.980246,173.194.187.70,10.10.0.10,,,443,37473,0,1358,17
1584503104.9816818,10.10.0.10,173.194.187.70,,,37473,443,0,37,17
1584503104.9847252,173.194.187.70,10.10.0.10,,,443,37473,0,1358,17
1584503104.9891634,173.194.187.70,10.10.0.10,,,443,37473,0,1358,17
1584503104.9907012,10.10.0.10,173.194.187.70,,,37473,443,0,37,17
1584503104.993613,173.194.187.70,10.10.0.10,,,443,37473,0,1358,17
1584503104.99807,173.194.187.70,10.10.0.10,,,443,37473,0,1358,17
1584503104.999577,10.10.0.10,173.194.187.70,,,37473,443,0,37,17
1584503105.0025382,173.194.187.70,10.10.0.10,,,443,37473,0,1358,17
1584503105.0069802,173.194.187.70,10.10.0.10,,,443,37473,0,1358,17
1584503105.008687,10.10.0.10,173.194.187.70,,,37473,443,0,37,17
1584503105.011431,173.194.187.70,10.10.0.10,,,443,37473,0,1358,17
1584503105.0158858,173.194.187.70,10.10.0.10,,,443,37473,0,1358,17
1584503105.017575,10.10.0.10,173.194.187.70,,,37473,443,0,37,17
1584503105.020336,173.194.187.70,10.10.0.10,,,443,37473,0,1358,17
1584503105.0247948,173.194.187.70,10.10.0.10,,,443,37473,0,1358,17
1584503105.027937,10.10.0.10,173.194.187.70,,,37473,443,0,37,17
1584503105.0292509,173.194.187.70,10.10.0.10,,,443,37473,0,1358,17
1584503105.033724,173.194.187.70,10.10.0.10,,,443,37473,0,1358,17
1584503105.035935,10.10.0.10,173.194.187.70,,,37473,443,0,37,17
1584503105.038162,173.194.187.70,10.10.0.10,,,443,37473,0,1358,17
1584503105.04261,173.194.187.70,10.10.0.10,,,443,37473,0,1358,17
1584503105.045053,10.10.0.10,173.194.187.70,,,37473,443,0,37,17
1584503105.047066,173.194.187.70,10.10.0.10,,,443,37473,0,1358,17
1584503105.0515368,173.194.187.70,10.10.0.10,,,443,37473,0,1358,17
1584503105.0531502,10.10.0.10,173.194.187.70,,,37473,443,0,37,17
1584503105.05597,173.194.187.70,10.10.0.10,,,443,37473,0,1358,17
1584503105.0604286,173.194.187.70,10.10.0.10,,,443,37473,0,29,17
1584503105.060622,173.194.187.70,10.10.0.10,,,443,37473,0,1358,17
1584503105.0625722,10.10.0.10,173.194.187.70,,,37473,443,0,37,17
1584503105.0650976,173.194.187.70,10.10.0.10,,,443,37473,0,1358,17
1584503105.0695398,173.194.187.70,10.10.0.10,,,443,37473,0,1358,17
1584503105.071552,10.10.0.10,173.194.187.70,,,37473,443,0,37,17
1584503105.073994,173.194.187.70,10.10.0.10,,,443,37473,0,1358,17
1584503105.078447,173.194.187.70,10.10.0.10,,,443,37473,0,1358,17
1584503105.080304,10.10.0.10,173.194.187.70,,,37473,443,0,37,17
1584503105.082911,173.194.187.70,10.10.0.10,,,443,37473,0,1358,17
1584503105.087359,173.194.187.70,10.10.0.10,,,443,37473,0,1358,17
1584503105.089448,10.10.0.10,173.194.187.70,,,37473,443,0,50,17
1584503105.091814,173.194.187.70,10.10.0.10,,,443,37473,0,1358,17
1584503105.096271,173.194.187.70,10.10.0.10,,,443,37473,0,1358,17
1584503105.0980532,10.10.0.10,173.194.187.70,,,37473,443,0,37,17
1584503105.1007252,173.194.187.70,10.10.0.10,,,443,37473,0,1358,17
1584503105.105174,173.194.187.70,10.10.0.10,,,443,37473,0,28,17
1584503105.105365,173.194.187.70,10.10.0.10,,,443,37473,0,1358,17
1584503105.107073,10.10.0.10,173.194.187.70,,,37473,443,0,37,17
1584503105.109846,173.194.187.70,10.10.0.10,,,443,37473,0,1358,17
1584503105.114291,173.194.187.70,10.10.0.10,,,443,37473,0,1358,17
1584503105.115926,10.10.0.10,173.194.187.70,,,37473,443,0,37,17
1584503105.118737,173.194.187.70,10.10.0.10,,,443,37473,0,1358,17
1584503105.123191,173.194.187.70,10.10.0.10,,,443,37473,0,1358,17
1584503105.125842,10.10.0.10,173.194.187.70,,,37473,443,0,37,17
1584503105.1276588,173.194.187.70,10.10.0.10,,,443,37473,0,1358,17
1584503105.132099,173.194.187.70,10.10.0.10,,,443,37473,0,1358,17
1584503105.1343222,10.10.0.10,173.194.187.70,,,37473,443,0,37,17
1584503105.136554,173.194.187.70,10.10.0.10,,,443,37473,0,1358,17
1584503105.141017,173.194.187.70,10.10.0.10,,,443,37473,0,1358,17
1584503105.1430454,10.10.0.10,173.194.187.70,,,37473,443,0,37,17
1584503105.1454759,173.194.187.70,10.10.0.10,,,443,37473,0,1358,17
1584503105.1499171,173.194.187.70,10.10.0.10,,,443,37473,0,1358,17
1584503105.1533241,10.10.0.10,173.194.187.70,,,37473,443,0,37,17
1584503105.1543708,173.194.187.70,10.10.0.10,,,443,37473,0,1358,17
1584503105.1588442,173.194.187.70,10.10.0.10,,,443,37473,0,1358,17
1584503105.1605742,10.10.0.10,173.194.187.70,,,37473,443,0,37,17
1584503105.1632829,173.194.187.70,10.10.0.10,,,443,37473,0,1358,17
1584503105.1677349,173.194.187.70,10.10.0.10,,,443,37473,0,1358,17
1584503105.169554,10.10.0.10,173.194.187.70,,,37473,443,0,37,17
1584503105.172184,173.194.187.70,10.10.0.10,,,443,37473,0,1358,17
1584503105.1766589,173.194.187.70,10.10.0.10,,,443,37473,0,1358,17
1584503105.1783226,10.10.0.10,173.194.187.70,,,37473,443,0,37,17
1584503105.181096,173.194.187.70,10.10.0.10,,,443,37473,0,1358,17
1584503105.1855528,173.194.187.70,10.10.0.10,,,443,37473,0,1358,17
1584503105.187291,10.10.0.10,173.194.187.70,,,37473,443,0,37,17
1584503105.190007,173.194.187.70,10.10.0.10,,,443,37473,0,1358,17
1584503105.194456,173.194.187.70,10.10.0.10,,,443,37473,0,1358,17
1584503105.196195,10.10.0.10,173.194.187.70,,,37473,443,0,37,17
1584503105.1989148,173.194.187.70,10.10.0.10,,,443,37473,0,1358,17
1584503105.203365,173.194.187.70,10.10.0.10,,,443,37473,0,1358,17
1584503105.2053,10.10.0.10,173.194.187.70,,,37473,443,0,37,17
1584503105.207841,173.194.187.70,10.10.0.10,,,443,37473,0,1358,17
1584503105.2122738,173.194.187.70,10.10.0.10,,,443,37473,0,1358,17
1584503105.214071,10.10.0.10,173.194.187.70,,,37473,443,0,37,17
1584503105.21673,173.194.187.70,10.10.0.10,,,443,37473,0,1358,17
1584503105.2211866,173.194.187.70,10.10.0.10,,,443,37473,0,1358,17
1584503105.223174,10.10.0.10,173.194.187.70,,,37473,443,0,37,17
1584503105.2256515,173.194.187.70,10.10.0.10,,,443,37473,0,1358,17
1584503105.230097,173.194.187.70,10.10.0.10,,,443,37473,0,1358,17
1584503105.2328026,10.10.0.10,173.194.187.70,,,37473,443,0,37,17
1584503105.234552,173.194.187.70,10.10.0.10,,,443,37473,0,1358,17
1584503105.239006,173.194.187.70,10.10.0.10,,,443,37473,0,1358,17
1584503105.240695,10.10.0.10,173.194.187.70,,,37473,443,0,37,17
1584503105.2434561,173.194.187.70,10.10.0.10,,,443,37473,0,1358,17
1584503105.2479134,173.194.187.70,10.10.0.10,,,443,37473,0,1358,17
1584503105.249923,10.10.0.10,173.194.187.70,,,37473,443,0,37,17
1584503105.252365,173.194.187.70,10.10.0.10,,,443,37473,0,1358,17
1584503105.2568429,173.194.187.70,10.10.0.10,,,443,37473,0,1358,17
1584503105.258799,10.10.0.10,173.194.187.70,,,37473,443,0,37,17
1584503105.26128,173.194.187.70,10.10.0.10,,,443,37473,0,1358,17
1584503105.265733,173.194.187.70,10.10.0.10,,,443,37473,0,1358,17
1584503105.267299,10.10.0.10,173.194.187.70,,,37473,443,0,50,17
1584503105.270187,173.194.187.70,10.10.0.10,,,443,37473,0,1358,17
1584503105.274655,173.194.187.70,10.10.0.10,,,443,37473,0,1358,17
1584503105.2765384,10.10.0.10,173.194.187.70,,,37473,443,0,37,17
1584503105.279095,173.194.187.70,10.10.0.10,,,443,37473,0,1358,17
1584503105.28355,173.194.187.70,10.10.0.10,,,443,37473,0,1358,17
1584503105.285413,10.10.0.10,173.194.187.70,,,37473,443,0,37,17
1584503105.288001,173.194.187.70,10.10.0.10,,,443,37473,0,28,17
1584503105.288193,173.194.187.70,10.10.0.10,,,443,37473,0,1358,17
1584503105.292652,173.194.187.70,10.10.0.10,,,443,37473,0,1358,17
1584503105.2941642,10.10.0.10,173.194.187.70,,,37473,443,0,37,17
1584503105.297111,173.194.187.70,10.10.0.10,,,443,37473,0,1358,17
1584503105.3015642,173.194.187.70,10.10.0.10,,,443,37473,0,1358,17
1584503105.303175,10.10.0.10,173.194.187.70,,,37473,443,0,37,17
1584503105.306033,173.194.187.70,10.10.0.10,,,443,37473,0,1358,17
1584503105.310471,173.194.187.70,10.10.0.10,,,443,37473,0,1358,17
1584503105.312422,10.10.0.10,173.194.187.70,,,37473,443,0,37,17
1584503105.31493,173.194.187.70,10.10.0.10,,,443,37473,0,1358,17
1584503105.3193831,173.194.187.70,10.10.0.10,,,443,37473,0,1358,17
1584503105.321073,10.10.0.10,173.194.187.70,,,37473,443,0,37,17
1584503105.323844,173.194.187.70,10.10.0.10,,,443,37473,0,1358,17
1584503105.328288,173.194.187.70,10.10.0.10,,,443,37473,0,1358,17
1584503105.330583,10.10.0.10,173.194.187.70,,,37473,443,0,37,17
1584503105.332743,173.194.187.70,10.10.0.10,,,443,37473,0,1358,17
1584503105.337216,173.194.187.70,10.10.0.10,,,443,37473,0,1358,17
1584503105.339047,10.10.0.10,173.194.187.70,,,37473,443,0,37,17
1584503105.341655,173.194.187.70,10.10.0.10,,,443,37473,0,1358,17
1584503105.3461099,173.194.187.70,10.10.0.10,,,443,37473,0,1358,17
1584503105.348295,10.10.0.10,173.194.187.70,,,37473,443,0,37,17
1584503105.3505619,173.194.187.70,10.10.0.10,,,443,37473,0,1358,17
1584503105.355017,173.194.187.70,10.10.0.10,,,443,37473,0,1358,17
1584503105.356759,10.10.0.10,173.194.187.70,,,37473,443,0,37,17
1584503105.3594682,173.194.187.70,10.10.0.10,,,443,37473,0,1358,17
1584503105.3639252,173.194.187.70,10.10.0.10,,,443,37473,0,1358,17
1584503105.3653958,10.10.0.10,173.194.187.70,,,37473,443,0,37,17
1584503105.368385,173.194.187.70,10.10.0.10,,,443,37473,0,1358,17
1584503105.3728292,173.194.187.70,10.10.0.10,,,443,37473,0,1358,17
1584503105.374414,10.10.0.10,173.194.187.70,,,37473,443,0,37,17
1584503105.3772829,173.194.187.70,10.10.0.10,,,443,37473,0,1358,17
1584503105.381736,173.194.187.70,10.10.0.10,,,443,37473,0,1358,17
1584503105.3832722,10.10.0.10,173.194.187.70,,,37473,443,0,37,17
1584503105.386195,173.194.187.70,10.10.0.10,,,443,37473,0,1358,17
1584503105.3906472,173.194.187.70,10.10.0.10,,,443,37473,0,1358,17
1584503105.394021,10.10.0.10,173.194.187.70,,,37473,443,0,37,17
1584503105.395101,173.194.187.70,10.10.0.10,,,443,37473,0,1358,17
1584503105.399555,173.194.187.70,10.10.0.10,,,443,37473,0,1358,17
1584503105.40129,10.10.0.10,173.194.187.70,,,37473,443,0,37,17
1584503105.404008,173.194.187.70,10.10.0.10,,,443,37473,0,1358,17
1584503105.4084651,173.194.187.70,10.10.0.10,,,443,37473,0,1358,17
1584503105.4110212,10.10.0.10,173.194.187.70,,,37473,443,0,37,17
1584503105.412919,173.194.187.70,10.10.0.10,,,443,37473,0,1358,17
1584503105.417383,173.194.187.70,10.10.0.10,,,443,37473,0,1358,17
1584503105.4190428,10.10.0.10,173.194.187.70,,,37473,443,0,37,17
1584503105.4218268,173.194.187.70,10.10.0.10,,,443,37473,0,1358,17
1584503105.426285,173.194.187.70,10.10.0.10,,,443,37473,0,1358,17
1584503105.4278119,10.10.0.10,173.194.187.70,,,37473,443,0,37,17
1584503105.430745,173.194.187.70,10.10.0.10,,,443,37473,0,1358,17
1584503105.435215,173.194.187.70,10.10.0.10,,,443,37473,0,1358,17
1584503105.438007,10.10.0.10,173.194.187.70,,,37473,443,0,37,17
1584503105.4396482,173.194.187.70,10.10.0.10,,,443,37473,0,1358,17
1584503105.444101,173.194.187.70,10.10.0.10,,,443,37473,0,1358,17
1584503105.445892,10.10.0.10,173.194.187.70,,,37473,443,0,50,17
1584503105.448555,173.194.187.70,10.10.0.10,,,443,37473,0,1358,17
1584503105.453009,173.194.187.70,10.10.0.10,,,443,37473,0,1358,17
1584503105.4545405,10.10.0.10,173.194.187.70,,,37473,443,0,37,17
1584503105.457463,173.194.187.70,10.10.0.10,,,443,37473,0,1358,17
1584503105.4619162,173.194.187.70,10.10.0.10,,,443,37473,0,1358,17
1584503105.4635394,10.10.0.10,173.194.187.70,,,37473,443,0,37,17
1584503105.466382,173.194.187.70,10.10.0.10,,,443,37473,0,1358,17
1584503105.470826,173.194.187.70,10.10.0.10,,,443,37473,0,1358,17
1584503105.472415,10.10.0.10,173.194.187.70,,,37473,443,0,37,17
1584503105.475278,173.194.187.70,10.10.0.10,,,443,37473,0,1358,17
1584503105.4797351,173.194.187.70,10.10.0.10,,,443,37473,0,1358,17
1584503105.4834359,10.10.0.10,173.194.187.70,,,37473,443,0,37,17
1584503105.484191,173.194.187.70,10.10.0.10,,,443,37473,0,1358,17
1584503105.4886491,173.194.187.70,10.10.0.10,,,443,37473,0,1358,17
1584503105.4907901,10.10.0.10,173.194.187.70,,,37473,443,0,37,17
1584503105.493104,173.194.187.70,10.10.0.10,,,443,37473,0,1358,17
1584503105.497559,173.194.187.70,10.10.0.10,,,443,37473,0,1358,17
1584503105.4991882,10.10.0.10,173.194.187.70,,,37473,443,0,37,17
1584503105.502023,173.194.187.70,10.10.0.10,,,443,37473,0,1358,17
1584503105.506463,173.194.187.70,10.10.0.10,,,443,37473,0,1358,17
1584503105.507909,10.10.0.10,173.194.187.70,,,37473,443,0,37,17
1584503105.5109189,173.194.187.70,10.10.0.10,,,443,37473,0,1358,17
1584503105.5153706,173.194.187.70,10.10.0.10,,,443,37473,0,1358,17
1584503105.5168922,10.10.0.10,173.194.187.70,,,37473,443,0,37,17
1584503105.519823,173.194.187.70,10.10.0.10,,,443,37473,0,1358,17
1584503105.5242774,173.194.187.70,10.10.0.10,,,443,37473,0,1358,17
1584503105.5281641,10.10.0.10,173.194.187.70,,,37473,443,0,37,17
1584503105.5287368,173.194.187.70,10.10.0.10,,,443,37473,0,1358,17
1584503105.5332134,173.194.187.70,10.10.0.10,,,443,37473,0,1358,17
1584503105.5376382,10.10.0.10,173.194.187.70,,,37473,443,0,37,17
1584503105.537646,173.194.187.70,10.10.0.10,,,443,37473,0,1358,17
1584503105.5421028,173.194.187.70,10.10.0.10,,,443,37473,0,1358,17
1584503105.544917,10.10.0.10,173.194.187.70,,,37473,443,0,37,17
1584503105.546558,173.194.187.70,10.10.0.10,,,443,37473,0,1358,17
1584503105.551022,173.194.187.70,10.10.0.10,,,443,37473,0,1358,17
1584503105.553061,10.10.0.10,173.194.187.70,,,37473,443,0,37,17
1584503105.555462,173.194.187.70,10.10.0.10,,,443,37473,0,1358,17
1584503105.5599165,173.194.187.70,10.10.0.10,,,443,37473,0,1358,17
1584503105.562408,10.10.0.10,173.194.187.70,,,37473,443,0,37,17
1584503105.5643716,173.194.187.70,10.10.0.10,,,443,37473,0,1358,17
1584503105.568823,173.194.187.70,10.10.0.10,,,443,37473,0,1358,17
1584503105.5732772,173.194.187.70,10.10.0.10,,,443,37473,0,1358,17
1584503105.5766842,10.10.0.10,173.194.187.70,,,37473,443,0,37,17
1584503105.577733,173.194.187.70,10.10.0.10,,,443,37473,0,1358,17
1584503105.582189,173.194.187.70,10.10.0.10,,,443,37473,0,1358,17
1584503105.586641,173.194.187.70,10.10.0.10,,,443,37473,0,1358,17
1584503105.591095,173.194.187.70,10.10.0.10,,,443,37473,0,1358,17
1584503105.592808,10.10.0.10,173.194.187.70,,,37473,443,0,37,17
1584503105.5955582,173.194.187.70,10.10.0.10,,,443,37473,0,1358,17
1584503105.5956569,10.10.0.10,173.194.187.70,,,37473,443,0,37,17
1584503105.597287,10.10.0.10,173.194.187.70,,,37473,443,0,37,17
1584503105.6000054,173.194.187.70,10.10.0.10,,,443,37473,0,1358,17
1584503105.6044614,173.194.187.70,10.10.0.10,,,443,37473,0,1358,17
1584503105.6089196,173.194.187.70,10.10.0.10,,,443,37473,0,1358,17
1584503105.609189,10.10.0.10,173.194.187.70,,,37473,443,0,37,17
1584503105.6133811,173.194.187.70,10.10.0.10,,,443,37473,0,1358,17
1584503105.615152,10.10.0.10,173.194.187.70,,,37473,443,0,37,17
1584503105.617827,173.194.187.70,10.10.0.10,,,443,37473,0,1358,17
1584503105.622281,173.194.187.70,10.10.0.10,,,443,37473,0,1358,17
1584503105.624436,10.10.0.10,173.194.187.70,,,37473,443,0,50,17
1584503105.626732,173.194.187.70,10.10.0.10,,,443,37473,0,1358,17
1584503105.631191,173.194.187.70,10.10.0.10,,,443,37473,0,1358,17
1584503105.632907,10.10.0.10,173.194.187.70,,,37473,443,0,37,17
1584503105.6356428,173.194.187.70,10.10.0.10,,,443,37473,0,1358,17
1584503105.640095,173.194.187.70,10.10.0.10,,,443,37473,0,1358,17
1584503105.6442811,10.10.0.10,173.194.187.70,,,37473,443,0,37,17
1584503105.6445491,173.194.187.70,10.10.0.10,,,443,37473,0,28,17
1584503105.644743,173.194.187.70,10.10.0.10,,,443,37473,0,1358,17
1584503105.649208,173.194.187.70,10.10.0.10,,,443,37473,0,1358,17
1584503105.651806,10.10.0.10,173.194.187.70,,,37473,443,0,37,17
1584503105.6536634,173.194.187.70,10.10.0.10,,,443,37473,0,1358,17
1584503105.658116,173.194.187.70,10.10.0.10,,,443,37473,0,1358,17
1584503105.660786,10.10.0.10,173.194.187.70,,,37473,443,0,37,17
1584503105.6625652,173.194.187.70,10.10.0.10,,,443,37473,0,1358,17
1584503105.6670249,173.194.187.70,10.10.0.10,,,443,37473,0,1358,17
1584503105.668676,10.10.0.10,173.194.187.70,,,37473,443,0,37,17
1584503105.6714768,173.194.187.70,10.10.0.10,,,443,37473,0,1358,17
1584503105.6759322,173.194.187.70,10.10.0.10,,,443,37473,0,1358,17
1584503105.679307,10.10.0.10,173.194.187.70,,,37473,443,0,37,17
1584503105.680384,173.194.187.70,10.10.0.10,,,443,37473,0,1358,17
1584503105.6848366,173.194.187.70,10.10.0.10,,,443,37473,0,1358,17
1584503105.6864312,10.10.0.10,173.194.187.70,,,37473,443,0,37,17
1584503105.6892908,173.194.187.70,10.10.0.10,,,443,37473,0,1358,17
1584503105.693746,173.194.187.70,10.10.0.10,,,443,37473,0,1358,17
1584503105.6956599,10.10.0.10,173.194.187.70,,,37473,443,0,37,17
1584503105.6982052,173.194.187.70,10.10.0.10,,,443,37473,0,1358,17
1584503105.702662,173.194.187.70,10.10.0.10,,,443,37473,0,1358,17
1584503105.704161,10.10.0.10,173.194.187.70,,,37473,443,0,37,17
1584503105.707114,173.194.187.70,10.10.0.10,,,443,37473,0,1358,17
1584503105.711564,173.194.187.70,10.10.0.10,,,443,37473,0,1358,17
1584503105.71316,10.10.0.10,173.194.187.70,,,37473,443,0,37,17
1584503105.716018,173.194.187.70,10.10.0.10,,,443,37473,0,1358,17
1584503105.720473,173.194.187.70,10.10.0.10,,,443,37473,0,1358,17
1584503105.7224038,10.10.0.10,173.194.187.70,,,37473,443,0,37,17
1584503105.724954,173.194.187.70,10.10.0.10,,,443,37473,0,1358,17
1584503105.729392,173.194.187.70,10.10.0.10,,,443,37473,0,1358,17
1584503105.731159,10.10.0.10,173.194.187.70,,,37473,443,0,37,17
1584503105.733842,173.194.187.70,10.10.0.10,,,443,37473,0,1358,17
1584503105.7382948,173.194.187.70,10.10.0.10,,,443,37473,0,1358,17
1584503105.7405276,10.10.0.10,173.194.187.70,,,37473,443,0,37,17
1584503105.742766,173.194.187.70,10.10.0.10,,,443,37473,0,1358,17
1584503105.747205,173.194.187.70,10.10.0.10,,,443,37473,0,1358,17
1584503105.748783,10.10.0.10,173.194.187.70,,,37473,443,0,37,17
1584503105.751658,173.194.187.70,10.10.0.10,,,443,37473,0,1358,17
1584503105.7561069,173.194.187.70,10.10.0.10,,,443,37473,0,1358,17
1584503105.757658,10.10.0.10,173.194.187.70,,,37473,443,0,37,17
1584503105.7605796,173.194.187.70,10.10.0.10,,,443,37473,0,1358,17
1584503105.765022,173.194.187.70,10.10.0.10,,,443,37473,0,1358,17
1584503105.7668052,10.10.0.10,173.194.187.70,,,37473,443,0,37,17
1584503105.769475,173.194.187.70,10.10.0.10,,,443,37473,0,1358,17
1584503105.773952,173.194.187.70,10.10.0.10,,,443,37473,0,1358,17
1584503105.7772882,10.10.0.10,173.194.187.70,,,37473,443,0,37,17
1584503105.7783902,173.194.187.70,10.10.0.10,,,443,37473,0,1358,17
1584503105.78284,173.194.187.70,10.10.0.10,,,443,37473,0,1358,17
1584503105.7850401,10.10.0.10,173.194.187.70,,,37473,443,0,37,17
1584503105.7872946,173.194.187.70,10.10.0.10,,,443,37473,0,1358,17
1584503105.7917619,173.194.187.70,10.10.0.10,,,443,37473,0,1358,17
1584503105.7936769,10.10.0.10,173.194.187.70,,,37473,443,0,37,17
1584503105.7961972,173.194.187.70,10.10.0.10,,,443,37473,0,1358,17
1584503105.8006554,173.194.187.70,10.10.0.10,,,443,37473,0,1358,17
1584503105.8028018,10.10.0.10,173.194.187.70,,,37473,443,0,50,17
1584503105.805113,173.194.187.70,10.10.0.10,,,443,37473,0,1358,17
1584503105.809561,173.194.187.70,10.10.0.10,,,443,37473,0,1358,17
1584503105.8124268,10.10.0.10,173.194.187.70,,,37473,443,0,37,17
1584503105.81402,173.194.187.70,10.10.0.10,,,443,37473,0,1358,17
1584503105.8184738,173.194.187.70,10.10.0.10,,,443,37473,0,1358,17
1584503105.820281,10.10.0.10,173.194.187.70,,,37473,443,0,37,17
1584503105.822951,173.194.187.70,10.10.0.10,,,443,37473,0,1358,17
1584503105.827388,173.194.187.70,10.10.0.10,,,443,37473,0,1358,17
1584503105.830156,10.10.0.10,173.194.187.70,,,37473,443,0,37,17
1584503105.8318374,173.194.187.70,10.10.0.10,,,443,37473,0,29,17
1584503105.83203,173.194.187.70,10.10.0.10,,,443,37473,0,1358,17
1584503105.836493,173.194.187.70,10.10.0.10,,,443,37473,0,1358,17
1584503105.8380284,10.10.0.10,173.194.187.70,,,37473,443,0,37,17
1584503105.8409526,173.194.187.70,10.10.0.10,,,443,37473,0,1358,17
1584503105.845401,173.194.187.70,10.10.0.10,,,443,37473,0,1358,17
1584503105.848149,10.10.0.10,173.194.187.70,,,37473,443,0,37,17
1584503105.8498561,173.194.187.70,10.10.0.10,,,443,37473,0,1358,17
1584503105.854324,173.194.187.70,10.10.0.10,,,443,37473,0,1358,17
1584503105.855782,10.10.0.10,173.194.187.70,,,37473,443,0,37,17
1584503105.858766,173.194.187.70,10.10.0.10,,,443,37473,0,1358,17
1584503105.8632195,173.194.187.70,10.10.0.10,,,443,37473,0,1358,17
1584503105.864784,10.10.0.10,173.194.187.70,,,37473,443,0,37,17
1584503105.867672,173.194.187.70,10.10.0.10,,,443,37473,0,1358,17
1584503105.8721228,173.194.187.70,10.10.0.10,,,443,37473,0,1358,17
1584503105.8737981,10.10.0.10,173.194.187.70,,,37473,443,0,37,17
1584503105.876584,173.194.187.70,10.10.0.10,,,443,37473,0,1358,17
1584503105.88104,173.194.187.70,10.10.0.10,,,443,37473,0,1358,17
1584503105.882779,10.10.0.10,173.194.187.70,,,37473,443,0,37,17
1584503105.885488,173.194.187.70,10.10.0.10,,,443,37473,0,1358,17
1584503105.8879054,10.10.0.10,173.194.187.70,,,37473,443,0,40,17
1584503105.889951,173.194.187.70,10.10.0.10,,,443,37473,0,1358,17
1584503105.8916738,10.10.0.10,173.194.187.70,,,37473,443,0,37,17
1584503105.8944,173.194.187.70,10.10.0.10,,,443,37473,0,1358,17
1584503105.8988528,173.194.187.70,10.10.0.10,,,443,37473,0,1358,17
1584503105.900423,10.10.0.10,173.194.187.70,,,37473,443,0,37,17
1584503105.903323,173.194.187.70,10.10.0.10,,,443,37473,0,1358,17
1584503105.9077618,173.194.187.70,10.10.0.10,,,443,37473,0,1358,17
1584503105.9099052,10.10.0.10,173.194.187.70,,,37473,443,0,37,17
1584503105.912213,173.194.187.70,10.10.0.10,,,443,37473,0,1358,17
1584503105.916671,173.194.187.70,10.10.0.10,,,443,37473,0,1358,17
1584503105.918302,10.10.0.10,173.194.187.70,,,37473,443,0,37,17
1584503105.921136,173.194.187.70,10.10.0.10,,,443,37473,0,1358,17
1584503105.9255812,173.194.187.70,10.10.0.10,,,443,37473,0,1358,17
1584503105.927425,10.10.0.10,173.194.187.70,,,37473,443,0,37,17
1584503105.930037,173.194.187.70,10.10.0.10,,,443,37473,0,1358,17
1584503105.93449,173.194.187.70,10.10.0.10,,,443,37473,0,1358,17
1584503105.936,10.10.0.10,173.194.187.70,,,37473,443,0,37,17
1584503105.938951,173.194.187.70,10.10.0.10,,,443,37473,0,1358,17
1584503105.943408,173.194.187.70,10.10.0.10,,,443,37473,0,1358,17
1584503105.947021,10.10.0.10,173.194.187.70,,,37473,443,0,37,17
1584503105.947852,173.194.187.70,10.10.0.10,,,443,37473,0,1358,17
1584503105.952308,173.194.187.70,10.10.0.10,,,443,37473,0,1358,17
1584503105.953797,10.10.0.10,173.194.187.70,,,37473,443,0,37,17
1584503105.9567618,173.194.187.70,10.10.0.10,,,443,37473,0,1358,17
1584503105.961217,173.194.187.70,10.10.0.10,,,443,37473,0,1358,17
1584503105.962798,10.10.0.10,173.194.187.70,,,37473,443,0,37,17
1584503105.965671,173.194.187.70,10.10.0.10,,,443,37473,0,1358,17
1584503105.970135,173.194.187.70,10.10.0.10,,,443,37473,0,1358,17
1584503105.9717991,10.10.0.10,173.194.187.70,,,37473,443,0,50,17
1584503105.974581,173.194.187.70,10.10.0.10,,,443,37473,0,1358,17
1584503105.979035,173.194.187.70,10.10.0.10,,,443,37473,0,1358,17
1584503105.9810462,10.10.0.10,173.194.187.70,,,37473,443,0,37,17
1584503105.983489,173.194.187.70,10.10.0.10,,,443,37473,0,1358,17
1584503105.987952,173.194.187.70,10.10.0.10,,,443,37473,0,1358,17
1584503105.989527,10.10.0.10,173.194.187.70,,,37473,443,0,37,17
1584503105.992393,173.194.187.70,10.10.0.10,,,443,37473,0,1358,17
1584503105.996851,173.194.187.70,10.10.0.10,,,443,37473,0,1358,17
1584503105.9986508,10.10.0.10,173.194.187.70,,,37473,443,0,37,17
1584503106.001322,173.194.187.70,10.10.0.10,,,443,37473,0,1358,17
1584503106.005761,173.194.187.70,10.10.0.10,,,443,37473,0,29,17
1584503106.0059538,173.194.187.70,10.10.0.10,,,443,37473,0,1358,17
1584503106.0081642,10.10.0.10,173.194.187.70,,,37473,443,0,37,17
1584503106.010417,173.194.187.70,10.10.0.10,,,443,37473,0,1358,17
1584503106.0148838,173.194.187.70,10.10.0.10,,,443,37473,0,1358,17
1584503106.016423,10.10.0.10,173.194.187.70,,,37473,443,0,37,17
1584503106.01933,173.194.187.70,10.10.0.10,,,443,37473,0,1358,17
1584503106.023778,173.194.187.70,10.10.0.10,,,443,37473,0,1358,17
1584503106.0254204,10.10.0.10,173.194.187.70,,,37473,443,0,37,17
1584503106.0282292,173.194.187.70,10.10.0.10,,,443,37473,0,1358,17
1584503106.032684,173.194.187.70,10.10.0.10,,,443,37473,0,1358,17
1584503106.0344052,10.10.0.10,173.194.187.70,,,37473,443,0,37,17
1584503106.037144,173.194.187.70,10.10.0.10,,,443,37473,0,1358,17
1584503106.041598,173.194.187.70,10.10.0.10,,,443,37473,0,1358,17
1584503106.043154,10.10.0.10,173.194.187.70,,,37473,443,0,37,17
1584503106.0460699,173.194.187.70,10.10.0.10,,,443,37473,0,1358,17
1584503106.0505085,173.194.187.70,10.10.0.10,,,443,37473,0,1358,17
1584503106.0531502,10.10.0.10,173.194.187.70,,,37473,443,0,37,17
1584503106.05496,173.194.187.70,10.10.0.10,,,443,37473,0,1358,17
1584503106.059415,173.194.187.70,10.10.0.10,,,443,37473,0,1358,17
1584503106.061017,10.10.0.10,173.194.187.70,,,37473,443,0,37,17
1584503106.063882,173.194.187.70,10.10.0.10,,,443,37473,0,1358,17
1584503106.06832,173.194.187.70,10.10.0.10,,,443,37473,0,1358,17
1584503106.0700428,10.10.0.10,173.194.187.70,,,37473,443,0,37,17
1584503106.072777,173.194.187.70,10.10.0.10,,,443,37473,0,1358,17
1584503106.0772321,173.194.187.70,10.10.0.10,,,443,37473,0,1358,17
1584503106.079148,10.10.0.10,173.194.187.70,,,37473,443,0,37,17
1584503106.081702,173.194.187.70,10.10.0.10,,,443,37473,0,1358,17
1584503106.086142,173.194.187.70,10.10.0.10,,,443,37473,0,1358,17
1584503106.087898,10.10.0.10,173.194.187.70,,,37473,443,0,37,17
1584503106.090598,173.194.187.70,10.10.0.10,,,443,37473,0,1358,17
1584503106.095073,173.194.187.70,10.10.0.10,,,443,37473,0,1358,17
1584503106.0968974,10.10.0.10,173.194.187.70,,,37473,443,0,37,17
1584503106.0995052,173.194.187.70,10.10.0.10,,,443,37473,0,1358,17
1584503106.103964,173.194.187.70,10.10.0.10,,,443,37473,0,1358,17
1584503106.1056714,10.10.0.10,173.194.187.70,,,37473,443,0,37,17
1584503106.1084151,173.194.187.70,10.10.0.10,,,443,37473,0,1358,17
1584503106.112881,173.194.187.70,10.10.0.10,,,443,37473,0,1358,17
1584503106.1144035,10.10.0.10,173.194.187.70,,,37473,443,0,37,17
1584503106.117324,173.194.187.70,10.10.0.10,,,443,37473,0,1358,17
1584503106.1217759,173.194.187.70,10.10.0.10,,,443,37473,0,1358,17
1584503106.123393,10.10.0.10,173.194.187.70,,,37473,443,0,37,17
1584503106.1262321,173.194.187.70,10.10.0.10,,,443,37473,0,1358,17
1584503106.130696,173.194.187.70,10.10.0.10,,,443,37473,0,1358,17
1584503106.1322956,10.10.0.10,173.194.187.70,,,37473,443,0,37,17
1584503106.13514,173.194.187.70,10.10.0.10,,,443,37473,0,1358,17
1584503106.1395948,173.194.187.70,10.10.0.10,,,443,37473,0,1358,17
1584503106.144042,173.194.187.70,10.10.0.10,,,443,37473,0,1358,17
1584503106.144696,10.10.0.10,173.194.187.70,,,37473,443,0,37,17
1584503106.148505,173.194.187.70,10.10.0.10,,,443,37473,0,1358,17
1584503106.151273,10.10.0.10,173.194.187.70,,,37473,443,0,50,17
1584503106.1529572,173.194.187.70,10.10.0.10,,,443,37473,0,1358,17
1584503106.1574259,173.194.187.70,10.10.0.10,,,443,37473,0,1358,17
1584503106.158995,10.10.0.10,173.194.187.70,,,37473,443,0,37,17
1584503106.16188,173.194.187.70,10.10.0.10,,,443,37473,0,1358,17
1584503106.166322,173.194.187.70,10.10.0.10,,,443,37473,0,1358,17
1584503106.167785,10.10.0.10,173.194.187.70,,,37473,443,0,37,17
1584503106.1707768,173.194.187.70,10.10.0.10,,,443,37473,0,1358,17
1584503106.17523,173.194.187.70,10.10.0.10,,,443,37473,0,29,17
1584503106.1754222,173.194.187.70,10.10.0.10,,,443,37473,0,1358,17
1584503106.1774,10.10.0.10,173.194.187.70,,,37473,443,0,37,17
1584503106.1798851,173.194.187.70,10.10.0.10,,,443,37473,0,1358,17
1584503106.184336,173.194.187.70,10.10.0.10,,,443,37473,0,1358,17
1584503106.186166,10.10.0.10,173.194.187.70,,,37473,443,0,37,17
1584503106.188816,173.194.187.70,10.10.0.10,,,443,37473,0,1358,17
1584503106.193253,173.194.187.70,10.10.0.10,,,443,37473,0,1358,17
1584503106.195799,10.10.0.10,173.194.187.70,,,37473,443,0,37,17
1584503106.1977036,173.194.187.70,10.10.0.10,,,443,37473,0,1358,17
1584503106.202158,173.194.187.70,10.10.0.10,,,443,37473,0,1358,17
1584503106.2039876,10.10.0.10,173.194.187.70,,,37473,443,0,37,17
1584503106.206627,173.194.187.70,10.10.0.10,,,443,37473,0,1358,17
1584503106.211066,173.194.187.70,10.10.0.10,,,443,37473,0,1358,17
1584503106.2126448,10.10.0.10,173.194.187.70,,,37473,443,0,37,17
1584503106.215519,173.194.187.70,10.10.0.10,,,443,37473,0,1358,17
1584503106.21997,173.194.187.70,10.10.0.10,,,443,37473,0,1358,17
1584503106.22152,10.10.0.10,173.194.187.70,,,37473,443,0,37,17
1584503106.224442,173.194.187.70,10.10.0.10,,,443,37473,0,1358,17
1584503106.2288852,173.194.187.70,10.10.0.10,,,443,37473,0,1358,17
1584503106.2308939,10.10.0.10,173.194.187.70,,,37473,443,0,37,17
1584503106.233337,173.194.187.70,10.10.0.10,,,443,37473,0,1358,17
1584503106.2378142,173.194.187.70,10.10.0.10,,,443,37473,0,1358,17
1584503106.2404122,10.10.0.10,173.194.187.70,,,37473,443,0,37,17
1584503106.242255,173.194.187.70,10.10.0.10,,,443,37473,0,1358,17
1584503106.246701,173.194.187.70,10.10.0.10,,,443,37473,0,1358,17
1584503106.248271,10.10.0.10,173.194.187.70,,,37473,443,0,37,17
1584503106.251157,173.194.187.70,10.10.0.10,,,443,37473,0,1358,17
1584503106.255627,173.194.187.70,10.10.0.10,,,443,37473,0,1358,17
1584503106.2578962,10.10.0.10,173.194.187.70,,,37473,443,0,37,17
1584503106.2600589,173.194.187.70,10.10.0.10,,,443,37473,0,1358,17
1584503106.264518,173.194.187.70,10.10.0.10,,,443,37473,0,1358,17
1584503106.266145,10.10.0.10,173.194.187.70,,,37473,443,0,37,17
1584503106.2689822,173.194.187.70,10.10.0.10,,,443,37473,0,1358,17
1584503106.2734258,173.194.187.70,10.10.0.10,,,443,37473,0,1358,17
1584503106.275768,10.10.0.10,173.194.187.70,,,37473,443,0,37,17
1584503106.277878,173.194.187.70,10.10.0.10,,,443,37473,0,1358,17
1584503106.282337,173.194.187.70,10.10.0.10,,,443,37473,0,1358,17
1584503106.284413,10.10.0.10,173.194.187.70,,,37473,443,0,37,17
1584503106.286813,173.194.187.70,10.10.0.10,,,443,37473,0,1358,17
1584503106.291251,173.194.187.70,10.10.0.10,,,443,37473,0,1358,17
1584503106.292758,10.10.0.10,173.194.187.70,,,37473,443,0,37,17
1584503106.2956998,173.194.187.70,10.10.0.10,,,443,37473,0,1358,17
1584503106.3001492,173.194.187.70,10.10.0.10,,,443,37473,0,1358,17
1584503106.3022704,10.10.0.10,173.194.187.70,,,37473,443,0,37,17
1584503106.3046222,173.194.187.70,10.10.0.10,,,443,37473,0,1358,17
1584503106.3090641,173.194.187.70,10.10.0.10,,,443,37473,0,1358,17
1584503106.3107884,10.10.0.10,173.194.187.70,,,37473,443,0,37,17
1584503106.313517,173.194.187.70,10.10.0.10,,,443,37473,0,1358,17
1584503106.3179731,173.194.187.70,10.10.0.10,,,443,37473,0,1358,17
1584503106.320168,10.10.0.10,173.194.187.70,,,37473,443,0,37,17
1584503106.322439,173.194.187.70,10.10.0.10,,,443,37473,0,1358,17
1584503106.32688,173.194.187.70,10.10.0.10,,,443,37473,0,1358,17
1584503106.3289108,10.10.0.10,173.194.187.70,,,37473,443,0,50,17
1584503106.3313339,173.194.187.70,10.10.0.10,,,443,37473,0,1358,17
1584503106.335811,173.194.187.70,10.10.0.10,,,443,37473,0,1358,17
1584503106.337393,10.10.0.10,173.194.187.70,,,37473,443,0,37,17
1584503106.34024,173.194.187.70,10.10.0.10,,,443,37473,0,1358,17
1584503106.344699,173.194.187.70,10.10.0.10,,,443,37473,0,1358,17
1584503106.346772,10.10.0.10,173.194.187.70,,,37473,443,0,37,17
1584503106.3491561,173.194.187.70,10.10.0.10,,,443,37473,0,1358,17
1584503106.3536222,173.194.187.70,10.10.0.10,,,443,37473,0,1358,17
1584503106.3564134,10.10.0.10,173.194.187.70,,,37473,443,0,37,17
1584503106.358063,173.194.187.70,10.10.0.10,,,443,37473,0,1358,17
1584503106.362515,173.194.187.70,10.10.0.10,,,443,37473,0,1358,17
1584503106.364109,10.10.0.10,173.194.187.70,,,37473,443,0,37,17
1584503106.3669698,173.194.187.70,10.10.0.10,,,443,37473,0,1358,17
1584503106.3714411,173.194.187.70,10.10.0.10,,,443,37473,0,1358,17
1584503106.373014,10.10.0.10,173.194.187.70,,,37473,443,0,37,17
1584503106.3758779,173.194.187.70,10.10.0.10,,,443,37473,0,1358,17
1584503106.3803296,173.194.187.70,10.10.0.10,,,443,37473,0,1358,17
1584503106.382145,10.10.0.10,173.194.187.70,,,37473,443,0,37,17
1584503106.384814,173.194.187.70,10.10.0.10,,,443,37473,0,1358,17
1584503106.3892472,173.194.187.70,10.10.0.10,,,443,37473,0,1358,17
1584503106.3912694,10.10.0.10,173.194.187.70,,,37473,443,0,37,17
1584503106.3936946,173.194.187.70,10.10.0.10,,,443,37473,0,1358,17
1584503106.3981528,173.194.187.70,10.10.0.10,,,443,37473,0,1358,17
1584503106.4001448,10.10.0.10,173.194.187.70,,,37473,443,0,37,17
1584503106.4026198,173.194.187.70,10.10.0.10,,,443,37473,0,1358,17
1584503106.40706,173.194.187.70,10.10.0.10,,,443,37473,0,1358,17
1584503106.409266,10.10.0.10,173.194.187.70,,,37473,443,0,37,17
1584503106.4115136,173.194.187.70,10.10.0.10,,,443,37473,0,1358,17
1584503106.4159641,173.194.187.70,10.10.0.10,,,443,37473,0,1358,17
1584503106.417784,10.10.0.10,173.194.187.70,,,37473,443,0,37,17
1584503106.4204366,173.194.187.70,10.10.0.10,,,443,37473,0,1358,17
1584503106.4248776,173.194.187.70,10.10.0.10,,,443,37473,0,1358,17
1584503106.4265351,10.10.0.10,173.194.187.70,,,37473,443,0,37,17
1584503106.4293318,173.194.187.70,10.10.0.10,,,443,37473,0,1358,17
1584503106.433784,173.194.187.70,10.10.0.10,,,443,37473,0,1358,17
1584503106.435533,10.10.0.10,173.194.187.70,,,37473,443,0,37,17
1584503106.438246,173.194.187.70,10.10.0.10,,,443,37473,0,1358,17
1584503106.4426944,173.194.187.70,10.10.0.10,,,443,37473,0,1358,17
1584503106.44429,10.10.0.10,173.194.187.70,,,37473,443,0,37,17
1584503106.447151,173.194.187.70,10.10.0.10,,,443,37473,0,1358,17
1584503106.451621,173.194.187.70,10.10.0.10,,,443,37473,0,1358,17
1584503106.453506,10.10.0.10,173.194.187.70,,,37473,443,0,37,17
1584503106.456053,173.194.187.70,10.10.0.10,,,443,37473,0,1358,17
1584503106.4605172,173.194.187.70,10.10.0.10,,,443,37473,0,1358,17
1584503106.462661,10.10.0.10,173.194.187.70,,,37473,443,0,37,17
1584503106.4649725,173.194.187.70,10.10.0.10,,,443,37473,0,1358,17
1584503106.4694452,173.194.187.70,10.10.0.10,,,443,37473,0,1358,17
1584503106.470896,10.10.0.10,173.194.187.70,,,37473,443,0,37,17
1584503106.4738748,173.194.187.70,10.10.0.10,,,443,37473,0,1358,17
1584503106.4783304,173.194.187.70,10.10.0.10,,,443,37473,0,1358,17
1584503106.479887,10.10.0.10,173.194.187.70,,,37473,443,0,37,17
1584503106.4827788,173.194.187.70,10.10.0.10,,,443,37473,0,1358,17
1584503106.4872339,173.194.187.70,10.10.0.10,,,443,37473,0,1358,17
1584503106.488764,10.10.0.10,173.194.187.70,,,37473,443,0,37,17
1584503106.491693,173.194.187.70,10.10.0.10,,,443,37473,0,1358,17
1584503106.496142,173.194.187.70,10.10.0.10,,,443,37473,0,1358,17
1584503106.4981608,10.10.0.10,173.194.187.70,,,37473,443,0,37,17
1584503106.500605,173.194.187.70,10.10.0.10,,,443,37473,0,1358,17
1584503106.5050588,173.194.187.70,10.10.0.10,,,443,37473,0,1358,17
1584503106.506641,10.10.0.10,173.194.187.70,,,37473,443,0,50,17
1584503106.509511,173.194.187.70,10.10.0.10,,,443,37473,0,1358,17
1584503106.5139651,173.194.187.70,10.10.0.10,,,443,37473,0,1358,17
1584503106.5156374,10.10.0.10,173.194.187.70,,,37473,443,0,37,17
1584503106.5184338,173.194.187.70,10.10.0.10,,,443,37473,0,1358,17
1584503106.5228686,173.194.187.70,10.10.0.10,,,443,37473,0,1358,17
1584503106.524376,10.10.0.10,173.194.187.70,,,37473,443,0,37,17
1584503106.527329,173.194.187.70,10.10.0.10,,,443,37473,0,1358,17
1584503106.531791,173.194.187.70,10.10.0.10,,,443,37473,0,1358,17
1584503106.533387,10.10.0.10,173.194.187.70,,,37473,443,0,37,17
1584503106.536231,173.194.187.70,10.10.0.10,,,443,37473,0,1358,17
1584503106.540686,173.194.187.70,10.10.0.10,,,443,37473,0,1358,17
1584503106.542409,10.10.0.10,173.194.187.70,,,37473,443,0,37,17
1584503106.5451422,173.194.187.70,10.10.0.10,,,443,37473,0,1358,17
1584503106.549616,173.194.187.70,10.10.0.10,,,443,37473,0,1358,17
1584503106.551135,10.10.0.10,173.194.187.70,,,37473,443,0,37,17
1584503106.5540571,173.194.187.70,10.10.0.10,,,443,37473,0,1358,17
1584503106.5585089,173.194.187.70,10.10.0.10,,,443,37473,0,1358,17
1584503106.5609038,10.10.0.10,173.194.187.70,,,37473,443,0,37,17
1584503106.5629618,173.194.187.70,10.10.0.10,,,443,37473,0,1358,17
1584503106.567432,173.194.187.70,10.10.0.10,,,443,37473,0,1358,17
1584503106.57003,10.10.0.10,173.194.187.70,,,37473,443,0,37,17
1584503106.571867,173.194.187.70,10.10.0.10,,,443,37473,0,1358,17
1584503106.5765288,173.194.187.70,10.10.0.10,,,443,37473,0,1358,17
1584503106.578759,10.10.0.10,173.194.187.70,,,37473,443,0,37,17
1584503106.5811946,173.194.187.70,10.10.0.10,,,443,37473,0,1358,17
1584503106.5856788,173.194.187.70,10.10.0.10,,,443,37473,0,1358,17
1584503106.587639,10.10.0.10,173.194.187.70,,,37473,443,0,37,17
1584503106.5901089,173.194.187.70,10.10.0.10,,,443,37473,0,1358,17
1584503106.594568,173.194.187.70,10.10.0.10,,,443,37473,0,1358,17
1584503106.5962598,10.10.0.10,173.194.187.70,,,37473,443,0,37,17
1584503106.599025,173.194.187.70,10.10.0.10,,,443,37473,0,1358,17
1584503106.6034908,173.194.187.70,10.10.0.10,,,443,37473,0,1358,17
1584503106.6050286,10.10.0.10,173.194.187.70,,,37473,443,0,37,17
1584503106.607932,173.194.187.70,10.10.0.10,,,443,37473,0,1358,17
1584503106.6123805,173.194.187.70,10.10.0.10,,,443,37473,0,1358,17
1584503106.614153,10.10.0.10,173.194.187.70,,,37473,443,0,37,17
1584503106.616838,173.194.187.70,10.10.0.10,,,443,37473,0,1358,17
1584503106.621305,173.194.187.70,10.10.0.10,,,443,37473,0,1358,17
1584503106.622911,10.10.0.10,173.194.187.70,,,37473,443,0,37,17
1584503106.62575,173.194.187.70,10.10.0.10,,,443,37473,0,1358,17
1584503106.6302018,173.194.187.70,10.10.0.10,,,443,37473,0,1358,17
1584503106.6323822,10.10.0.10,173.194.187.70,,,37473,443,0,37,17
1584503106.6346776,173.194.187.70,10.10.0.10,,,443,37473,0,1358,17
1584503106.6391091,173.194.187.70,10.10.0.10,,,443,37473,0,1358,17
1584503106.6406348,10.10.0.10,173.194.187.70,,,37473,443,0,37,17
1584503106.64357,173.194.187.70,10.10.0.10,,,443,37473,0,1358,17
1584503106.648014,173.194.187.70,10.10.0.10,,,443,37473,0,1358,17
1584503106.6495068,10.10.0.10,173.194.187.70,,,37473,443,0,37,17
1584503106.652474,173.194.187.70,10.10.0.10,,,443,37473,0,1358,17
1584503106.65693,173.194.187.70,10.10.0.10,,,443,37473,0,1358,17
1584503106.658511,10.10.0.10,173.194.187.70,,,37473,443,0,37,17
1584503106.6613786,173.194.187.70,10.10.0.10,,,443,37473,0,1358,17
1584503106.6658368,173.194.187.70,10.10.0.10,,,443,37473,0,1358,17
1584503106.667651,10.10.0.10,173.194.187.70,,,37473,443,0,37,17
1584503106.670292,173.194.187.70,10.10.0.10,,,443,37473,0,1358,17
1584503106.6747448,173.194.187.70,10.10.0.10,,,443,37473,0,1358,17
1584503106.676528,10.10.0.10,173.194.187.70,,,37473,443,0,37,17
1584503106.679201,173.194.187.70,10.10.0.10,,,443,37473,0,1358,17
1584503106.6836762,173.194.187.70,10.10.0.10,,,443,37473,0,1358,17
1584503106.685402,10.10.0.10,173.194.187.70,,,37473,443,0,50,17
1584503106.688103,173.194.187.70,10.10.0.10,,,443,37473,0,1358,17
1584503106.6925652,173.194.187.70,10.10.0.10,,,443,37473,0,1358,17
1584503106.694009,10.10.0.10,173.194.187.70,,,37473,443,0,37,17
1584503106.6970189,173.194.187.70,10.10.0.10,,,443,37473,0,1358,17
1584503106.7014668,173.194.187.70,10.10.0.10,,,443,37473,0,1358,17
1584503106.7046301,10.10.0.10,173.194.187.70,,,37473,443,0,37,17
1584503106.7059278,173.194.187.70,10.10.0.10,,,443,37473,0,1358,17
1584503106.710381,173.194.187.70,10.10.0.10,,,443,37473,0,1358,17
1584503106.7122722,10.10.0.10,173.194.187.70,,,37473,443,0,37,17
1584503106.714836,173.194.187.70,10.10.0.10,,,443,37473,0,1358,17
1584503106.7193027,173.194.187.70,10.10.0.10,,,443,37473,0,1358,17
1584503106.721255,10.10.0.10,173.194.187.70,,,37473,443,0,37,17
1584503106.723744,173.194.187.70,10.10.0.10,,,443,37473,0,1358,17
1584503106.728194,173.194.187.70,10.10.0.10,,,443,37473,0,1358,17
1584503106.7297552,10.10.0.10,173.194.187.70,,,37473,443,0,37,17
1584503106.7326539,173.194.187.70,10.10.0.10,,,443,37473,0,1358,17
1584503106.7371118,173.194.187.70,10.10.0.10,,,443,37473,0,1358,17
1584503106.7389011,10.10.0.10,173.194.187.70,,,37473,443,0,37,17
1584503106.741561,173.194.187.70,10.10.0.10,,,443,37473,0,1358,17
1584503106.7460198,173.194.187.70,10.10.0.10,,,443,37473,0,1358,17
1584503106.747604,10.10.0.10,173.194.187.70,,,37473,443,0,37,17
1584503106.7504838,173.194.187.70,10.10.0.10,,,443,37473,0,1358,17
1584503106.7549276,173.194.187.70,10.10.0.10,,,443,37473,0,1358,17
1584503106.756648,10.10.0.10,173.194.187.70,,,37473,443,0,37,17
1584503106.759381,173.194.187.70,10.10.0.10,,,443,37473,0,1358,17
1584503106.7638292,173.194.187.70,10.10.0.10,,,443,37473,0,1358,17
1584503106.7655325,10.10.0.10,173.194.187.70,,,37473,443,0,37,17
1584503106.768285,173.194.187.70,10.10.0.10,,,443,37473,0,1358,17
1584503106.772742,173.194.187.70,10.10.0.10,,,443,37473,0,1358,17
1584503106.7745268,10.10.0.10,173.194.187.70,,,37473,443,0,37,17
1584503106.7771974,173.194.187.70,10.10.0.10,,,443,37473,0,1358,17
1584503106.781673,173.194.187.70,10.10.0.10,,,443,37473,0,1358,17
1584503106.783283,10.10.0.10,173.194.187.70,,,37473,443,0,37,17
1584503106.786103,173.194.187.70,10.10.0.10,,,443,37473,0,1358,17
1584503106.790561,173.194.187.70,10.10.0.10,,,443,37473,0,1358,17
1584503106.792253,10.10.0.10,173.194.187.70,,,37473,443,0,37,17
1584503106.795017,173.194.187.70,10.10.0.10,,,443,37473,0,1358,17
1584503106.7994828,173.194.187.70,10.10.0.10,,,443,37473,0,1358,17
1584503106.8011286,10.10.0.10,173.194.187.70,,,37473,443,0,37,17
1584503106.8039322,173.194.187.70,10.10.0.10,,,443,37473,0,1358,17
1584503106.808379,173.194.187.70,10.10.0.10,,,443,37473,0,1358,17
1584503106.81037,10.10.0.10,173.194.187.70,,,37473,443,0,37,17
1584503106.8128312,173.194.187.70,10.10.0.10,,,443,37473,0,1358,17
1584503106.8172998,173.194.187.70,10.10.0.10,,,443,37473,0,1358,17
1584503106.8193972,10.10.0.10,173.194.187.70,,,37473,443,0,37,17
1584503106.8217402,173.194.187.70,10.10.0.10,,,443,37473,0,1358,17
1584503106.8261962,173.194.187.70,10.10.0.10,,,443,37473,0,1358,17
1584503106.8285027,10.10.0.10,173.194.187.70,,,37473,443,0,37,17
1584503106.830672,173.194.187.70,10.10.0.10,,,443,37473,0,1358,17
1584503106.8351092,173.194.187.70,10.10.0.10,,,443,37473,0,1358,17
1584503106.8366268,10.10.0.10,173.194.187.70,,,37473,443,0,37,17
1584503106.83956,173.194.187.70,10.10.0.10,,,443,37473,0,1358,17
1584503106.844008,173.194.187.70,10.10.0.10,,,443,37473,0,1358,17
1584503106.8484838,173.194.187.70,10.10.0.10,,,443,37473,0,1358,17
1584503106.852924,173.194.187.70,10.10.0.10,,,443,37473,0,1358,17
1584503106.8573759,173.194.187.70,10.10.0.10,,,443,37473,0,1358,17
1584503106.86183,173.194.187.70,10.10.0.10,,,443,37473,0,1358,17
1584503106.866302,173.194.187.70,10.10.0.10,,,443,37473,0,1358,17
1584503106.870739,173.194.187.70,10.10.0.10,,,443,37473,0,1358,17
1584503106.877376,10.10.0.10,173.194.187.70,,,37473,443,0,37,17
1584503106.87973,10.10.0.10,173.194.187.70,,,37473,443,0,37,17
1584503106.88125,10.10.0.10,173.194.187.70,,,37473,443,0,50,17
1584503106.8818748,10.10.0.10,173.194.187.70,,,37473,443,0,37,17
1584503106.882558,173.194.187.70,10.10.0.10,,,443,37473,0,1358,17
1584503106.8868089,173.194.187.70,10.10.0.10,,,443,37473,0,1358,17
1584503106.886843,173.194.187.70,10.10.0.10,,,443,37473,0,1358,17
1584503106.8886259,10.10.0.10,173.194.187.70,,,37473,443,0,37,17
1584503106.8961039,173.194.187.70,10.10.0.10,,,443,37473,0,1358,17
1584503106.89614,173.194.187.70,10.10.0.10,,,443,37473,0,1358,17
1584503106.8981252,10.10.0.10,173.194.187.70,,,37473,443,0,37,17
1584503106.903106,173.194.187.70,10.10.0.10,,,443,37473,0,1358,17
1584503106.904351,173.194.187.70,10.10.0.10,,,443,37473,0,1358,17
1584503106.905376,10.10.0.10,173.194.187.70,,,37473,443,0,37,17
1584503106.912058,173.194.187.70,10.10.0.10,,,443,37473,0,1358,17
1584503106.913264,173.194.187.70,10.10.0.10,,,443,37473,0,1358,17
1584503106.913521,10.10.0.10,173.194.187.70,,,37473,443,0,37,17
1584503106.91812,173.194.187.70,10.10.0.10,,,443,37473,0,1358,17
1584503106.920397,10.10.0.10,173.194.187.70,,,37473,443,0,37,17
1584503106.922174,173.194.187.70,10.10.0.10,,,443,37473,0,1358,17
1584503106.926631,173.194.187.70,10.10.0.10,,,443,37473,0,1358,17
1584503106.929366,10.10.0.10,173.194.187.70,,,37473,443,0,37,17
1584503106.931083,173.194.187.70,10.10.0.10,,,443,37473,0,1358,17
1584503106.935548,173.194.187.70,10.10.0.10,,,443,37473,0,1358,17
1584503106.937118,10.10.0.10,173.194.187.70,,,37473,443,0,37,17
1584503106.93999,173.194.187.70,10.10.0.10,,,443,37473,0,1358,17
1584503106.944447,173.194.187.70,10.10.0.10,,,443,37473,0,1358,17
1584503106.9459708,10.10.0.10,173.194.187.70,,,37473,443,0,37,17
1584503106.9489172,173.194.187.70,10.10.0.10,,,443,37473,0,1358,17
1584503106.9533546,173.194.187.70,10.10.0.10,,,443,37473,0,1358,17
1584503106.955392,10.10.0.10,173.194.187.70,,,37473,443,0,37,17
1584503106.957808,173.194.187.70,10.10.0.10,,,443,37473,0,1358,17
1584503106.962263,173.194.187.70,10.10.0.10,,,443,37473,0,1358,17
1584503106.963872,10.10.0.10,173.194.187.70,,,37473,443,0,37,17
1584503106.96673,173.194.187.70,10.10.0.10,,,443,37473,0,1358,17
1584503106.971172,173.194.187.70,10.10.0.10,,,443,37473,0,1358,17
1584503106.973751,10.10.0.10,173.194.187.70,,,37473,443,0,37,17
1584503106.9756286,173.194.187.70,10.10.0.10,,,443,37473,0,1358,17
1584503106.980076,173.194.187.70,10.10.0.10,,,443,37473,0,1358,17
1584503106.9824038,10.10.0.10,173.194.187.70,,,37473,443,0,37,17
1584503106.984549,173.194.187.70,10.10.0.10,,,443,37473,0,1358,17
1584503106.988989,173.194.187.70,10.10.0.10,,,443,37473,0,1358,17
1584503106.9905179,10.10.0.10,173.194.187.70,,,37473,443,0,37,17
1584503106.9934428,173.194.187.70,10.10.0.10,,,443,37473,0,1358,17
1584503106.9979148,173.194.187.70,10.10.0.10,,,443,37473,0,1358,17
1584503106.9995182,10.10.0.10,173.194.187.70,,,37473,443,0,37,17
1584503107.0023544,173.194.187.70,10.10.0.10,,,443,37473,0,1358,17
1584503107.006807,173.194.187.70,10.10.0.10,,,443,37473,0,1358,17
1584503107.0086448,10.10.0.10,173.194.187.70,,,37473,443,0,37,17
1584503107.0112634,173.194.187.70,10.10.0.10,,,443,37473,0,1358,17
1584503107.015733,173.194.187.70,10.10.0.10,,,443,37473,0,1358,17
1584503107.019248,10.10.0.10,173.194.187.70,,,37473,443,0,37,17
1584503107.0201652,173.194.187.70,10.10.0.10,,,443,37473,0,1358,17
1584503107.024625,173.194.187.70,10.10.0.10,,,443,37473,0,1358,17
1584503107.026145,10.10.0.10,173.194.187.70,,,37473,443,0,37,17
1584503107.0290804,173.194.187.70,10.10.0.10,,,443,37473,0,1358,17
1584503107.033544,173.194.187.70,10.10.0.10,,,443,37473,0,1358,17
1584503107.035265,10.10.0.10,173.194.187.70,,,37473,443,0,37,17
1584503107.0379858,173.194.187.70,10.10.0.10,,,443,37473,0,1358,17
1584503107.0424428,173.194.187.70,10.10.0.10,,,443,37473,0,1358,17
1584503107.044142,10.10.0.10,173.194.187.70,,,37473,443,0,50,17
1584503107.0469148,173.194.187.70,10.10.0.10,,,443,37473,0,1358,17
1584503107.051353,173.194.187.70,10.10.0.10,,,443,37473,0,1358,17
1584503107.0528748,10.10.0.10,173.194.187.70,,,37473,443,0,37,17
1584503107.0558062,173.194.187.70,10.10.0.10,,,443,37473,0,1358,17
1584503107.0602539,173.194.187.70,10.10.0.10,,,443,37473,0,1358,17
1584503107.06264,10.10.0.10,173.194.187.70,,,37473,443,0,37,17
1584503107.064728,173.194.187.70,10.10.0.10,,,443,37473,0,1358,17
1584503107.069174,173.194.187.70,10.10.0.10,,,443,37473,0,1358,17
1584503107.071766,10.10.0.10,173.194.187.70,,,37473,443,0,37,17
1584503107.073619,173.194.187.70,10.10.0.10,,,443,37473,0,1358,17
1584503107.0780768,173.194.187.70,10.10.0.10,,,443,37473,0,1358,17
1584503107.079768,10.10.0.10,173.194.187.70,,,37473,443,0,37,17
1584503107.08253,173.194.187.70,10.10.0.10,,,443,37473,0,1358,17
1584503107.0869858,173.194.187.70,10.10.0.10,,,443,37473,0,29,17
1584503107.087179,173.194.187.70,10.10.0.10,,,443,37473,0,1358,17
1584503107.088737,10.10.0.10,173.194.187.70,,,37473,443,0,37,17
1584503107.091664,173.194.187.70,10.10.0.10,,,443,37473,0,1358,17
1584503107.0960922,173.194.187.70,10.10.0.10,,,443,37473,0,1358,17
1584503107.0978918,10.10.0.10,173.194.187.70,,,37473,443,0,37,17
1584503107.1005502,173.194.187.70,10.10.0.10,,,443,37473,0,1358,17
1584503107.105009,173.194.187.70,10.10.0.10,,,443,37473,0,1358,17
1584503107.1071384,10.10.0.10,173.194.187.70,,,37473,443,0,37,17
1584503107.109477,173.194.187.70,10.10.0.10,,,443,37473,0,1358,17
1584503107.1139162,173.194.187.70,10.10.0.10,,,443,37473,0,1358,17
1584503107.115618,10.10.0.10,173.194.187.70,,,37473,443,0,37,17
1584503107.118368,173.194.187.70,10.10.0.10,,,443,37473,0,1358,17
1584503107.122824,173.194.187.70,10.10.0.10,,,443,37473,0,1358,17
1584503107.1243901,10.10.0.10,173.194.187.70,,,37473,443,0,37,17
1584503107.127291,173.194.187.70,10.10.0.10,,,443,37473,0,1358,17
1584503107.1317306,173.194.187.70,10.10.0.10,,,443,37473,0,1358,17
1584503107.133512,10.10.0.10,173.194.187.70,,,37473,443,0,37,17
1584503107.136181,173.194.187.70,10.10.0.10,,,443,37473,0,1358,17
1584503107.1406598,173.194.187.70,10.10.0.10,,,443,37473,0,1358,17
1584503107.142888,10.10.0.10,173.194.187.70,,,37473,443,0,37,17
1584503107.1451,173.194.187.70,10.10.0.10,,,443,37473,0,1358,17
1584503107.149549,173.194.187.70,10.10.0.10,,,443,37473,0,1358,17
1584503107.1511366,10.10.0.10,173.194.187.70,,,37473,443,0,37,17
1584503107.154005,173.194.187.70,10.10.0.10,,,443,37473,0,1358,17
1584503107.158475,173.194.187.70,10.10.0.10,,,443,37473,0,1358,17
1584503107.1601171,10.10.0.10,173.194.187.70,,,37473,443,0,37,17
1584503107.162915,173.194.187.70,10.10.0.10,,,443,37473,0,1358,17
1584503107.167367,173.194.187.70,10.10.0.10,,,443,37473,0,1358,17
1584503107.168998,10.10.0.10,173.194.187.70,,,37473,443,0,37,17
1584503107.171822,173.194.187.70,10.10.0.10,,,443,37473,0,1358,17
1584503107.1762724,173.194.187.70,10.10.0.10,,,443,37473,0,1358,17
1584503107.179625,10.10.0.10,173.194.187.70,,,37473,443,0,37,17
1584503107.18073,173.194.187.70,10.10.0.10,,,443,37473,0,1358,17
1584503107.185182,173.194.187.70,10.10.0.10,,,443,37473,0,1358,17
1584503107.1867652,10.10.0.10,173.194.187.70,,,37473,443,0,37,17
1584503107.189661,173.194.187.70,10.10.0.10,,,443,37473,0,1358,17
1584503107.194099,173.194.187.70,10.10.0.10,,,443,37473,0,1358,17
1584503107.1964922,10.10.0.10,173.194.187.70,,,37473,443,0,37,17
1584503107.1985474,173.194.187.70,10.10.0.10,,,443,37473,0,1358,17
1584503107.203003,173.194.187.70,10.10.0.10,,,443,37473,0,1358,17
1584503107.2047431,10.10.0.10,173.194.187.70,,,37473,443,0,37,17
1584503107.207472,173.194.187.70,10.10.0.10,,,443,37473,0,1358,17
1584503107.2119136,173.194.187.70,10.10.0.10,,,443,37473,0,1358,17
1584503107.213885,10.10.0.10,173.194.187.70,,,37473,443,0,37,17
1584503107.216362,173.194.187.70,10.10.0.10,,,443,37473,0,1358,17
1584503107.22082,173.194.187.70,10.10.0.10,,,443,37473,0,1358,17
1584503107.222366,10.10.0.10,173.194.187.70,,,37473,443,0,50,17
1584503107.2252748,173.194.187.70,10.10.0.10,,,443,37473,0,1358,17
1584503107.229729,173.194.187.70,10.10.0.10,,,443,37473,0,1358,17
1584503107.2312438,10.10.0.10,173.194.187.70,,,37473,443,0,37,17
1584503107.2341821,173.194.187.70,10.10.0.10,,,443,37473,0,1358,17
1584503107.2386365,173.194.187.70,10.10.0.10,,,443,37473,0,1358,17
1584503107.240634,10.10.0.10,173.194.187.70,,,37473,443,0,37,17
1584503107.243098,173.194.187.70,10.10.0.10,,,443,37473,0,1358,17
1584503107.247548,173.194.187.70,10.10.0.10,,,443,37473,0,1358,17
1584503107.249115,10.10.0.10,173.194.187.70,,,37473,443,0,37,17
1584503107.2519965,173.194.187.70,10.10.0.10,,,443,37473,0,1358,17
1584503107.25647,173.194.187.70,10.10.0.10,,,443,37473,0,1358,17
1584503107.257981,10.10.0.10,173.194.187.70,,,37473,443,0,37,17
1584503107.260912,173.194.187.70,10.10.0.10,,,443,37473,0,1358,17
1584503107.2653642,173.194.187.70,10.10.0.10,,,443,37473,0,1358,17
1584503107.267232,10.10.0.10,173.194.187.70,,,37473,443,0,37,17
1584503107.2698178,173.194.187.70,10.10.0.10,,,443,37473,0,1358,17
1584503107.274286,173.194.187.70,10.10.0.10,,,443,37473,0,1358,17
1584503107.276863,10.10.0.10,173.194.187.70,,,37473,443,0,37,17
1584503107.278727,173.194.187.70,10.10.0.10,,,443,37473,0,1358,17
1584503107.283185,173.194.187.70,10.10.0.10,,,443,37473,0,1358,17
1584503107.284633,10.10.0.10,173.194.187.70,,,37473,443,0,37,17
1584503107.287657,173.194.187.70,10.10.0.10,,,443,37473,0,1358,17
1584503107.2920852,173.194.187.70,10.10.0.10,,,443,37473,0,1358,17
1584503107.293619,10.10.0.10,173.194.187.70,,,37473,443,0,37,17
1584503107.2965438,173.194.187.70,10.10.0.10,,,443,37473,0,1358,17
1584503107.300997,173.194.187.70,10.10.0.10,,,443,37473,0,1358,17
1584503107.3026366,10.10.0.10,173.194.187.70,,,37473,443,0,37,17
1584503107.3054528,173.194.187.70,10.10.0.10,,,443,37473,0,1358,17
1584503107.30991,173.194.187.70,10.10.0.10,,,443,37473,0,1358,17
1584503107.3117368,10.10.0.10,173.194.187.70,,,37473,443,0,37,17
1584503107.3143628,173.194.187.70,10.10.0.10,,,443,37473,0,1358,17
1584503107.318816,173.194.187.70,10.10.0.10,,,443,37473,0,1358,17
1584503107.3216321,10.10.0.10,173.194.187.70,,,37473,443,0,37,17
1584503107.323286,173.194.187.70,10.10.0.10,,,443,37473,0,1358,17
1584503107.327726,173.194.187.70,10.10.0.10,,,443,37473,0,1358,17
1584503107.32949,10.10.0.10,173.194.187.70,,,37473,443,0,37,17
1584503107.332175,173.194.187.70,10.10.0.10,,,443,37473,0,1358,17
1584503107.336657,173.194.187.70,10.10.0.10,,,443,37473,0,1358,17
1584503107.338757,10.10.0.10,173.194.187.70,,,37473,443,0,37,17
1584503107.341623,173.194.187.70,10.10.0.10,,,443,37473,0,1358,17
1584503107.346094,173.194.187.70,10.10.0.10,,,443,37473,0,1358,17
1584503107.348239,10.10.0.10,173.194.187.70,,,37473,443,0,37,17
1584503107.350534,173.194.187.70,10.10.0.10,,,443,37473,0,1358,17
1584503107.354987,173.194.187.70,10.10.0.10,,,443,37473,0,1358,17
1584503107.357256,10.10.0.10,173.194.187.70,,,37473,443,0,37,17
1584503107.359443,173.194.187.70,10.10.0.10,,,443,37473,0,1358,17
1584503107.363909,173.194.187.70,10.10.0.10,,,443,37473,0,1358,17
1584503107.366257,10.10.0.10,173.194.187.70,,,37473,443,0,37,17
1584503107.3683472,173.194.187.70,10.10.0.10,,,443,37473,0,1358,17
1584503107.372803,173.194.187.70,10.10.0.10,,,443,37473,0,1358,17
1584503107.375272,10.10.0.10,173.194.187.70,,,37473,443,0,37,17
1584503107.37727,173.194.187.70,10.10.0.10,,,443,37473,0,1358,17
1584503107.3817198,173.194.187.70,10.10.0.10,,,443,37473,0,1358,17
1584503107.3854866,10.10.0.10,173.194.187.70,,,37473,443,0,37,17
1584503107.386167,173.194.187.70,10.10.0.10,,,443,37473,0,1358,17
1584503107.3906221,173.194.187.70,10.10.0.10,,,443,37473,0,1358,17
1584503107.392737,10.10.0.10,173.194.187.70,,,37473,443,0,37,17
1584503107.3950758,173.194.187.70,10.10.0.10,,,443,37473,0,1358,17
1584503107.399532,173.194.187.70,10.10.0.10,,,443,37473,0,1358,17
1584503107.401362,10.10.0.10,173.194.187.70,,,37473,443,0,50,17
1584503107.4039805,173.194.187.70,10.10.0.10,,,443,37473,0,1358,17
1584503107.40844,173.194.187.70,10.10.0.10,,,443,37473,0,1358,17
1584503107.4101028,10.10.0.10,173.194.187.70,,,37473,443,0,37,17
1584503107.4129071,173.194.187.70,10.10.0.10,,,443,37473,0,1358,17
1584503107.417349,173.194.187.70,10.10.0.10,,,443,37473,0,1358,17
1584503107.41961,10.10.0.10,173.194.187.70,,,37473,443,0,37,17
1584503107.421803,173.194.187.70,10.10.0.10,,,443,37473,0,1358,17
1584503107.4262788,173.194.187.70,10.10.0.10,,,443,37473,0,1358,17
1584503107.428865,10.10.0.10,173.194.187.70,,,37473,443,0,37,17
1584503107.4307172,173.194.187.70,10.10.0.10,,,443,37473,0,1358,17
1584503107.4351652,173.194.187.70,10.10.0.10,,,443,37473,0,1358,17
1584503107.437506,10.10.0.10,173.194.187.70,,,37473,443,0,37,17
1584503107.439623,173.194.187.70,10.10.0.10,,,443,37473,0,1358,17
1584503107.4440696,173.194.187.70,10.10.0.10,,,443,37473,0,1358,17
1584503107.4458818,10.10.0.10,173.194.187.70,,,37473,443,0,37,17
1584503107.448532,173.194.187.70,10.10.0.10,,,443,37473,0,1358,17
1584503107.4529831,173.194.187.70,10.10.0.10,,,443,37473,0,1358,17
1584503107.4550052,10.10.0.10,173.194.187.70,,,37473,443,0,37,17
1584503107.4574368,173.194.187.70,10.10.0.10,,,443,37473,0,1358,17
1584503107.461906,173.194.187.70,10.10.0.10,,,443,37473,0,1358,17
1584503107.464259,10.10.0.10,173.194.187.70,,,37473,443,0,37,17
1584503107.466347,173.194.187.70,10.10.0.10,,,443,37473,0,1358,17
1584503107.4708009,173.194.187.70,10.10.0.10,,,443,37473,0,1358,17
1584503107.4724839,10.10.0.10,173.194.187.70,,,37473,443,0,37,17
1584503107.4752526,173.194.187.70,10.10.0.10,,,443,37473,0,1358,17
1584503107.4797158,173.194.187.70,10.10.0.10,,,443,37473,0,1358,17
1584503107.482504,10.10.0.10,173.194.187.70,,,37473,443,0,37,17
1584503107.484159,173.194.187.70,10.10.0.10,,,443,37473,0,1358,17
1584503107.4886198,173.194.187.70,10.10.0.10,,,443,37473,0,1358,17
1584503107.490734,10.10.0.10,173.194.187.70,,,37473,443,0,37,17
1584503107.4930758,173.194.187.70,10.10.0.10,,,443,37473,0,1358,17
1584503107.49753,173.194.187.70,10.10.0.10,,,443,37473,0,1358,17
1584503107.4994588,10.10.0.10,173.194.187.70,,,37473,443,0,37,17
1584503107.501981,173.194.187.70,10.10.0.10,,,443,37473,0,1358,17
1584503107.506434,173.194.187.70,10.10.0.10,,,443,37473,0,1358,17
1584503107.5098758,10.10.0.10,173.194.187.70,,,37473,443,0,37,17
1584503107.510905,173.194.187.70,10.10.0.10,,,443,37473,0,1358,17
1584503107.515341,173.194.187.70,10.10.0.10,,,443,37473,0,1358,17
1584503107.517127,10.10.0.10,173.194.187.70,,,37473,443,0,37,17
1584503107.519799,173.194.187.70,10.10.0.10,,,443,37473,0,1358,17
1584503107.524266,173.194.187.70,10.10.0.10,,,443,37473,0,1358,17
1584503107.526003,10.10.0.10,173.194.187.70,,,37473,443,0,37,17
1584503107.5287151,173.194.187.70,10.10.0.10,,,443,37473,0,1358,17
1584503107.5331626,173.194.187.70,10.10.0.10,,,443,37473,0,1358,17
1584503107.534734,10.10.0.10,173.194.187.70,,,37473,443,0,37,17
1584503107.537618,173.194.187.70,10.10.0.10,,,443,37473,0,1358,17
1584503107.5420704,173.194.187.70,10.10.0.10,,,443,37473,0,1358,17
1584503107.544128,10.10.0.10,173.194.187.70,,,37473,443,0,37,17
1584503107.5465288,173.194.187.70,10.10.0.10,,,443,37473,0,1358,17
1584503107.550978,173.194.187.70,10.10.0.10,,,443,37473,0,1358,17
1584503107.552625,10.10.0.10,173.194.187.70,,,37473,443,0,37,17
1584503107.555435,173.194.187.70,10.10.0.10,,,443,37473,0,1358,17
1584503107.5599039,173.194.187.70,10.10.0.10,,,443,37473,0,1358,17
1584503107.5639708,10.10.0.10,173.194.187.70,,,37473,443,0,37,17
1584503107.564338,173.194.187.70,10.10.0.10,,,443,37473,0,1358,17
1584503107.568798,173.194.187.70,10.10.0.10,,,443,37473,0,1358,17
1584503107.570981,10.10.0.10,173.194.187.70,,,37473,443,0,37,17
1584503107.573247,173.194.187.70,10.10.0.10,,,443,37473,0,1358,17
1584503107.577713,173.194.187.70,10.10.0.10,,,443,37473,0,1358,17
1584503107.5794814,10.10.0.10,173.194.187.70,,,37473,443,0,50,17
1584503107.582161,173.194.187.70,10.10.0.10,,,443,37473,0,1358,17
1584503107.586618,173.194.187.70,10.10.0.10,,,443,37473,0,1358,17
1584503107.5892498,10.10.0.10,173.194.187.70,,,37473,443,0,37,17
1584503107.591088,173.194.187.70,10.10.0.10,,,443,37473,0,1358,17
1584503107.595526,173.194.187.70,10.10.0.10,,,443,37473,0,1358,17
1584503107.597624,10.10.0.10,173.194.187.70,,,37473,443,0,37,17
1584503107.5999742,173.194.187.70,10.10.0.10,,,443,37473,0,1358,17
1584503107.604429,173.194.187.70,10.10.0.10,,,443,37473,0,1358,17
1584503107.606127,10.10.0.10,173.194.187.70,,,37473,443,0,37,17
1584503107.608903,173.194.187.70,10.10.0.10,,,443,37473,0,1358,17
1584503107.613341,173.194.187.70,10.10.0.10,,,443,37473,0,1358,17
1584503107.615249,10.10.0.10,173.194.187.70,,,37473,443,0,37,17
1584503107.6177974,173.194.187.70,10.10.0.10,,,443,37473,0,1358,17
1584503107.6222491,173.194.187.70,10.10.0.10,,,443,37473,0,1358,17
1584503107.624234,10.10.0.10,173.194.187.70,,,37473,443,0,37,17
1584503107.6267116,173.194.187.70,10.10.0.10,,,443,37473,0,1358,17
1584503107.631159,173.194.187.70,10.10.0.10,,,443,37473,0,1358,17
1584503107.6328838,10.10.0.10,173.194.187.70,,,37473,443,0,37,17
1584503107.6356142,173.194.187.70,10.10.0.10,,,443,37473,0,1358,17
1584503107.640063,173.194.187.70,10.10.0.10,,,443,37473,0,1358,17
1584503107.642126,10.10.0.10,173.194.187.70,,,37473,443,0,37,17
1584503107.644526,173.194.187.70,10.10.0.10,,,443,37473,0,1358,17
1584503107.6495109,173.194.187.70,10.10.0.10,,,443,37473,0,1358,17
1584503107.6512284,10.10.0.10,173.194.187.70,,,37473,443,0,37,17
1584503107.6539671,173.194.187.70,10.10.0.10,,,443,37473,0,1358,17
1584503107.658416,173.194.187.70,10.10.0.10,,,443,37473,0,1358,17
1584503107.6602278,10.10.0.10,173.194.187.70,,,37473,443,0,37,17
1584503107.662873,173.194.187.70,10.10.0.10,,,443,37473,0,1358,17
1584503107.667336,173.194.187.70,10.10.0.10,,,443,37473,0,1358,17
1584503107.669354,10.10.0.10,173.194.187.70,,,37473,443,0,37,17
1584503107.671783,173.194.187.70,10.10.0.10,,,443,37473,0,1358,17
1584503107.676232,173.194.187.70,10.10.0.10,,,443,37473,0,1358,17
1584503107.6797268,10.10.0.10,173.194.187.70,,,37473,443,0,37,17
1584503107.680692,173.194.187.70,10.10.0.10,,,443,37473,0,1358,17
1584503107.68515,173.194.187.70,10.10.0.10,,,443,37473,0,1358,17
1584503107.688119,10.10.0.10,173.194.187.70,,,37473,443,0,37,17
1584503107.6896,173.194.187.70,10.10.0.10,,,443,37473,0,1358,17
1584503107.694056,173.194.187.70,10.10.0.10,,,443,37473,0,1358,17
1584503107.696254,10.10.0.10,173.194.187.70,,,37473,443,0,37,17
1584503107.698522,173.194.187.70,10.10.0.10,,,443,37473,0,1358,17
1584503107.702965,173.194.187.70,10.10.0.10,,,443,37473,0,1358,17
1584503107.70485,10.10.0.10,173.194.187.70,,,37473,443,0,37,17
1584503107.707419,173.194.187.70,10.10.0.10,,,443,37473,0,1358,17
1584503107.7118714,173.194.187.70,10.10.0.10,,,443,37473,0,1358,17
1584503107.7137456,10.10.0.10,173.194.187.70,,,37473,443,0,37,17
1584503107.7163231,173.194.187.70,10.10.0.10,,,443,37473,0,1358,17
1584503107.720781,173.194.187.70,10.10.0.10,,,443,37473,0,1358,17
1584503107.722593,10.10.0.10,173.194.187.70,,,37473,443,0,37,17
1584503107.725236,173.194.187.70,10.10.0.10,,,443,37473,0,1358,17
1584503107.7296908,173.194.187.70,10.10.0.10,,,443,37473,0,1358,17
1584503107.7317278,10.10.0.10,173.194.187.70,,,37473,443,0,37,17
1584503107.7341402,173.194.187.70,10.10.0.10,,,443,37473,0,1358,17
1584503107.738599,173.194.187.70,10.10.0.10,,,443,37473,0,1358,17
1584503107.740247,10.10.0.10,173.194.187.70,,,37473,443,0,37,17
1584503107.7430534,173.194.187.70,10.10.0.10,,,443,37473,0,1358,17
1584503107.74752,173.194.187.70,10.10.0.10,,,443,37473,0,1358,17
1584503107.7492268,10.10.0.10,173.194.187.70,,,37473,443,0,37,17
1584503107.751958,173.194.187.70,10.10.0.10,,,443,37473,0,1358,17
1584503107.7564142,173.194.187.70,10.10.0.10,,,443,37473,0,1358,17
1584503107.757983,10.10.0.10,173.194.187.70,,,37473,443,0,50,17
1584503107.760869,173.194.187.70,10.10.0.10,,,443,37473,0,1358,17
1584503107.7653332,173.194.187.70,10.10.0.10,,,443,37473,0,1358,17
1584503107.7671075,10.10.0.10,173.194.187.70,,,37473,443,0,37,17
1584503107.7697802,173.194.187.70,10.10.0.10,,,443,37473,0,1358,17
1584503107.7742348,173.194.187.70,10.10.0.10,,,443,37473,0,1358,17
1584503107.775974,10.10.0.10,173.194.187.70,,,37473,443,0,37,17
1584503107.7787068,173.194.187.70,10.10.0.10,,,443,37473,0,1358,17
1584503107.783143,173.194.187.70,10.10.0.10,,,443,37473,0,1358,17
1584503107.785001,10.10.0.10,173.194.187.70,,,37473,443,0,37,17
1584503107.7875972,173.194.187.70,10.10.0.10,,,443,37473,0,1358,17
1584503107.79205,173.194.187.70,10.10.0.10,,,443,37473,0,1358,17
1584503107.796218,10.10.0.10,173.194.187.70,,,37473,443,0,37,17
1584503107.7965012,173.194.187.70,10.10.0.10,,,443,37473,0,1358,17
1584503107.80096,173.194.187.70,10.10.0.10,,,443,37473,0,1358,17
1584503107.802498,10.10.0.10,173.194.187.70,,,37473,443,0,37,17
1584503107.805417,173.194.187.70,10.10.0.10,,,443,37473,0,1358,17
1584503107.809892,173.194.187.70,10.10.0.10,,,443,37473,0,1358,17
1584503107.8143306,173.194.187.70,10.10.0.10,,,443,37473,0,1358,17
1584503107.815224,10.10.0.10,173.194.187.70,,,37473,443,0,37,17
1584503107.818778,173.194.187.70,10.10.0.10,,,443,37473,0,1358,17
1584503107.820498,10.10.0.10,173.194.187.70,,,37473,443,0,37,17
1584503107.8232338,173.194.187.70,10.10.0.10,,,443,37473,0,1358,17
1584503107.827688,173.194.187.70,10.10.0.10,,,443,37473,0,1358,17
1584503107.8293679,10.10.0.10,173.194.187.70,,,37473,443,0,37,17
1584503107.832136,173.194.187.70,10.10.0.10,,,443,37473,0,1358,17
1584503107.8365972,173.194.187.70,10.10.0.10,,,443,37473,0,1358,17
1584503107.83812,10.10.0.10,173.194.187.70,,,37473,443,0,37,17
1584503107.84105,173.194.187.70,10.10.0.10,,,443,37473,0,1358,17
1584503107.8455172,173.194.187.70,10.10.0.10,,,443,37473,0,1358,17
1584503107.8476062,10.10.0.10,173.194.187.70,,,37473,443,0,37,17
1584503107.8499591,173.194.187.70,10.10.0.10,,,443,37473,0,1358,17
1584503107.854415,173.194.187.70,10.10.0.10,,,443,37473,0,1358,17
1584503107.8562438,10.10.0.10,173.194.187.70,,,37473,443,0,37,17
1584503107.858866,173.194.187.70,10.10.0.10,,,443,37473,0,1358,17
1584503107.863329,173.194.187.70,10.10.0.10,,,443,37473,0,1358,17
1584503107.864866,10.10.0.10,173.194.187.70,,,37473,443,0,37,17
1584503107.8677778,173.194.187.70,10.10.0.10,,,443,37473,0,1358,17
1584503107.872226,173.194.187.70,10.10.0.10,,,443,37473,0,1358,17
1584503107.873978,10.10.0.10,173.194.187.70,,,37473,443,0,37,17
1584503107.8766901,173.194.187.70,10.10.0.10,,,443,37473,0,1358,17
1584503107.8811398,173.194.187.70,10.10.0.10,,,443,37473,0,1358,17
1584503107.882866,10.10.0.10,173.194.187.70,,,37473,443,0,37,17
1584503107.8855948,173.194.187.70,10.10.0.10,,,443,37473,0,1358,17
1584503107.890049,173.194.187.70,10.10.0.10,,,443,37473,0,1358,17
1584503107.8927224,10.10.0.10,173.194.187.70,,,37473,443,0,37,17
1584503107.894518,173.194.187.70,10.10.0.10,,,443,37473,0,1358,17
1584503107.898959,173.194.187.70,10.10.0.10,,,443,37473,0,1358,17
1584503107.9009626,10.10.0.10,173.194.187.70,,,37473,443,0,37,17
1584503107.9034119,173.194.187.70,10.10.0.10,,,443,37473,0,1358,17
1584503107.907865,173.194.187.70,10.10.0.10,,,443,37473,0,1358,17
1584503107.9103448,10.10.0.10,173.194.187.70,,,37473,443,0,37,17
1584503107.912317,173.194.187.70,10.10.0.10,,,443,37473,0,1358,17
1584503107.916776,173.194.187.70,10.10.0.10,,,443,37473,0,1358,17
1584503107.918463,10.10.0.10,173.194.187.70,,,37473,443,0,37,17
1584503107.921234,173.194.187.70,10.10.0.10,,,443,37473,0,1358,17
1584503107.9256835,173.194.187.70,10.10.0.10,,,443,37473,0,1358,17
1584503107.927845,10.10.0.10,173.194.187.70,,,37473,443,0,37,17
1584503107.9301429,173.194.187.70,10.10.0.10,,,443,37473,0,1358,17
1584503107.934592,173.194.187.70,10.10.0.10,,,443,37473,0,1358,17
1584503107.9363446,10.10.0.10,173.194.187.70,,,37473,443,0,50,17
1584503107.939047,173.194.187.70,10.10.0.10,,,443,37473,0,1358,17
1584503107.944031,173.194.187.70,10.10.0.10,,,443,37473,0,1358,17
1584503107.9481091,10.10.0.10,173.194.187.70,,,37473,443,0,37,17
1584503107.9484859,173.194.187.70,10.10.0.10,,,443,37473,0,1358,17
1584503107.9529548,173.194.187.70,10.10.0.10,,,443,37473,0,1358,17
1584503107.956594,10.10.0.10,173.194.187.70,,,37473,443,0,37,17
1584503107.9574,173.194.187.70,10.10.0.10,,,443,37473,0,1358,17
1584503107.961858,173.194.187.70,10.10.0.10,,,443,37473,0,1358,17
1584503107.963489,10.10.0.10,173.194.187.70,,,37473,443,0,37,17
1584503107.966312,173.194.187.70,10.10.0.10,,,443,37473,0,1358,17
1584503107.970769,173.194.187.70,10.10.0.10,,,443,37473,0,1358,17
1584503107.972344,10.10.0.10,173.194.187.70,,,37473,443,0,37,17
1584503107.9752178,173.194.187.70,10.10.0.10,,,443,37473,0,1358,17
1584503107.979671,173.194.187.70,10.10.0.10,,,443,37473,0,1358,17
1584503107.981367,10.10.0.10,173.194.187.70,,,37473,443,0,37,17
1584503107.98412,173.194.187.70,10.10.0.10,,,443,37473,0,1358,17
1584503107.9885798,173.194.187.70,10.10.0.10,,,443,37473,0,1358,17
1584503107.9902115,10.10.0.10,173.194.187.70,,,37473,443,0,37,17
1584503107.993034,173.194.187.70,10.10.0.10,,,443,37473,0,1358,17
1584503107.9974868,173.194.187.70,10.10.0.10,,,443,37473,0,1358,17
1584503108.0004866,10.10.0.10,173.194.187.70,,,37473,443,0,37,17
1584503108.001951,173.194.187.70,10.10.0.10,,,443,37473,0,1358,17
1584503108.006397,173.194.187.70,10.10.0.10,,,443,37473,0,1358,17
1584503108.009112,10.10.0.10,173.194.187.70,,,37473,443,0,37,17
1584503108.010847,173.194.187.70,10.10.0.10,,,443,37473,0,1358,17
1584503108.015306,173.194.187.70,10.10.0.10,,,443,37473,0,1358,17
1584503108.017592,10.10.0.10,173.194.187.70,,,37473,443,0,37,17
1584503108.0197651,173.194.187.70,10.10.0.10,,,443,37473,0,1358,17
1584503108.02421,173.194.187.70,10.10.0.10,,,443,37473,0,1358,17
1584503108.025719,10.10.0.10,173.194.187.70,,,37473,443,0,37,17
1584503108.0286682,173.194.187.70,10.10.0.10,,,443,37473,0,1358,17
1584503108.033136,173.194.187.70,10.10.0.10,,,443,37473,0,1358,17
1584503108.035362,10.10.0.10,173.194.187.70,,,37473,443,0,37,17
1584503108.0375788,173.194.187.70,10.10.0.10,,,443,37473,0,1358,17
1584503108.0420358,173.194.187.70,10.10.0.10,,,443,37473,0,1358,17
1584503108.043716,10.10.0.10,173.194.187.70,,,37473,443,0,37,17
1584503108.046486,173.194.187.70,10.10.0.10,,,443,37473,0,1358,17
1584503108.050937,173.194.187.70,10.10.0.10,,,443,37473,0,1358,17
1584503108.053239,10.10.0.10,173.194.187.70,,,37473,443,0,37,17
1584503108.055392,173.194.187.70,10.10.0.10,,,443,37473,0,1358,17
1584503108.05985,173.194.187.70,10.10.0.10,,,443,37473,0,1358,17
1584503108.063591,10.10.0.10,173.194.187.70,,,37473,443,0,37,17
1584503108.0643091,173.194.187.70,10.10.0.10,,,443,37473,0,1358,17
1584503108.068754,173.194.187.70,10.10.0.10,,,443,37473,0,1358,17
1584503108.070343,10.10.0.10,173.194.187.70,,,37473,443,0,37,17
1584503108.073216,173.194.187.70,10.10.0.10,,,443,37473,0,1358,17
1584503108.0776696,173.194.187.70,10.10.0.10,,,443,37473,0,1358,17
1584503108.080991,10.10.0.10,173.194.187.70,,,37473,443,0,37,17
1584503108.0821388,173.194.187.70,10.10.0.10,,,443,37473,0,1358,17
1584503108.0865822,173.194.187.70,10.10.0.10,,,443,37473,0,1358,17
1584503108.088849,10.10.0.10,173.194.187.70,,,37473,443,0,37,17
1584503108.091033,173.194.187.70,10.10.0.10,,,443,37473,0,1358,17
1584503108.0954866,173.194.187.70,10.10.0.10,,,443,37473,0,1358,17
1584503108.0975919,10.10.0.10,173.194.187.70,,,37473,443,0,37,17
1584503108.099936,173.194.187.70,10.10.0.10,,,443,37473,0,1358,17
1584503108.1043901,173.194.187.70,10.10.0.10,,,443,37473,0,1358,17
1584503108.108089,10.10.0.10,173.194.187.70,,,37473,443,0,37,17
1584503108.108848,173.194.187.70,10.10.0.10,,,443,37473,0,1358,17
1584503108.1132991,173.194.187.70,10.10.0.10,,,443,37473,0,1358,17
1584503108.116714,10.10.0.10,173.194.187.70,,,37473,443,0,50,17
1584503108.117754,173.194.187.70,10.10.0.10,,,443,37473,0,1358,17
1584503108.122212,173.194.187.70,10.10.0.10,,,443,37473,0,1358,17
1584503108.1266696,173.194.187.70,10.10.0.10,,,443,37473,0,1358,17
1584503108.131134,173.194.187.70,10.10.0.10,,,443,37473,0,1358,17
1584503108.135576,173.194.187.70,10.10.0.10,,,443,37473,0,1358,17
1584503108.140025,173.194.187.70,10.10.0.10,,,443,37473,0,1358,17
1584503108.144492,173.194.187.70,10.10.0.10,,,443,37473,0,1358,17
1584503108.1489458,173.194.187.70,10.10.0.10,,,443,37473,0,1358,17
1584503108.1539235,10.10.0.10,173.194.187.70,,,37473,443,0,37,17
1584503108.1591036,173.194.187.70,10.10.0.10,,,443,37473,0,1358,17
1584503108.164408,173.194.187.70,10.10.0.10,,,443,37473,0,1358,17
1584503108.168847,10.10.0.10,173.194.187.70,,,37473,443,0,37,17
1584503108.1703384,10.10.0.10,173.194.187.70,,,37473,443,0,37,17
1584503108.1703641,10.10.0.10,173.194.187.70,,,37473,443,0,37,17
1584503108.1706028,10.10.0.10,173.194.187.70,,,37473,443,0,37,17
1584503108.173859,173.194.187.70,10.10.0.10,,,443,37473,0,1358,17
1584503108.179122,173.194.187.70,10.10.0.10,,,443,37473,0,1358,17
1584503108.179157,173.194.187.70,10.10.0.10,,,443,37473,0,1358,17
1584503108.185733,10.10.0.10,173.194.187.70,,,37473,443,0,37,17
1584503108.1874151,173.194.187.70,10.10.0.10,,,443,37473,0,1358,17
1584503108.18745,173.194.187.70,10.10.0.10,,,443,37473,0,1358,17
1584503108.189214,10.10.0.10,173.194.187.70,,,37473,443,0,37,17
1584503108.1941679,173.194.187.70,10.10.0.10,,,443,37473,0,1358,17
1584503108.196285,173.194.187.70,10.10.0.10,,,443,37473,0,1358,17
1584503108.198081,10.10.0.10,173.194.187.70,,,37473,443,0,37,17
1584503108.203152,173.194.187.70,10.10.0.10,,,443,37473,0,1358,17
1584503108.205108,10.10.0.10,173.194.187.70,,,37473,443,0,37,17
1584503108.205398,173.194.187.70,10.10.0.10,,,443,37473,0,1358,17
1584503108.2116652,173.194.187.70,10.10.0.10,,,443,37473,0,1358,17
1584503108.2144618,10.10.0.10,173.194.187.70,,,37473,443,0,37,17
1584503108.216135,173.194.187.70,10.10.0.10,,,443,37473,0,1358,17
1584503108.220577,173.194.187.70,10.10.0.10,,,443,37473,0,1358,17
1584503108.222359,10.10.0.10,173.194.187.70,,,37473,443,0,37,17
1584503108.2250302,173.194.187.70,10.10.0.10,,,443,37473,0,1358,17
1584503108.229711,173.194.187.70,10.10.0.10,,,443,37473,0,1358,17
1584503108.2322106,10.10.0.10,173.194.187.70,,,37473,443,0,37,17
1584503108.234176,173.194.187.70,10.10.0.10,,,443,37473,0,1358,17
1584503108.2386382,173.194.187.70,10.10.0.10,,,443,37473,0,1358,17
1584503108.2407162,10.10.0.10,173.194.187.70,,,37473,443,0,37,17
1584503108.243078,173.194.187.70,10.10.0.10,,,443,37473,0,1358,17
1584503108.2604835,173.194.187.70,10.10.0.10,,,443,37473,0,1358,17
1584503108.263106,10.10.0.10,173.194.187.70,,,37473,443,0,37,17
1584503108.264934,173.194.187.70,10.10.0.10,,,443,37473,0,1358,17
1584503108.2693882,173.194.187.70,10.10.0.10,,,443,37473,0,1358,17
1584503108.2713628,10.10.0.10,173.194.187.70,,,37473,443,0,37,17
1584503108.2738438,173.194.187.70,10.10.0.10,,,443,37473,0,1358,17
1584503108.2784922,173.194.187.70,10.10.0.10,,,443,37473,0,1358,17
1584503108.280355,10.10.0.10,173.194.187.70,,,37473,443,0,37,17
1584503108.2829561,173.194.187.70,10.10.0.10,,,443,37473,0,1358,17
1584503108.3233259,10.10.0.10,173.194.187.70,,,37473,443,0,37,17
1584503108.3362534,173.194.187.70,10.10.0.10,,,443,37473,0,1358,17
1584503108.337833,10.10.0.10,173.194.187.70,,,37473,443,0,40,17
1584503108.3406909,173.194.187.70,10.10.0.10,,,443,37473,0,1358,17
1584503108.342334,10.10.0.10,173.194.187.70,,,37473,443,0,37,17
1584503108.3818526,173.194.187.70,10.10.0.10,,,443,37473,0,1358,17
1584503108.3863142,173.194.187.70,10.10.0.10,,,443,37473,0,1358,17
1584503108.3881958,10.10.0.10,173.194.187.70,,,37473,443,0,50,17
1584503108.390761,173.194.187.70,10.10.0.10,,,443,37473,0,1358,17
1584503108.395217,173.194.187.70,10.10.0.10,,,443,37473,0,1358,17
1584503108.396834,10.10.0.10,173.194.187.70,,,37473,443,0,37,17
1584503108.400197,173.194.187.70,10.10.0.10,,,443,37473,0,1358,17
1584503108.4046614,173.194.187.70,10.10.0.10,,,443,37473,0,1358,17
1584503108.407916,10.10.0.10,173.194.187.70,,,37473,443,0,37,17
1584503108.4389179,173.194.187.70,10.10.0.10,,,443,37473,0,1358,17
1584503108.443376,173.194.187.70,10.10.0.10,,,443,37473,0,1358,17
1584503108.4448311,10.10.0.10,173.194.187.70,,,37473,443,0,37,17
1584503108.484536,173.194.187.70,10.10.0.10,,,443,37473,0,1358,17
1584503108.508467,173.194.187.70,10.10.0.10,,,443,37473,0,1358,17
1584503108.510695,10.10.0.10,173.194.187.70,,,37473,443,0,37,17
1584503108.5316231,173.194.187.70,10.10.0.10,,,443,37473,0,1358,17
1584503108.5360658,173.194.187.70,10.10.0.10,,,443,37473,0,1358,17
1584503108.5378358,10.10.0.10,173.194.187.70,,,37473,443,0,37,17
1584503108.579847,10.10.0.10,173.194.187.70,,,37473,443,0,43,17
1584503108.6095312,173.194.187.70,10.10.0.10,,,443,37473,0,1358,17
1584503108.6139832,173.194.187.70,10.10.0.10,,,443,37473,0,1358,17
1584503108.61745,10.10.0.10,173.194.187.70,,,37473,443,0,37,17
1584503108.6184454,173.194.187.70,10.10.0.10,,,443,37473,0,1358,17
1584503108.6228929,173.194.187.70,10.10.0.10,,,443,37473,0,1358,17
1584503108.6247196,10.10.0.10,173.194.187.70,,,37473,443,0,37,17
1584503108.6273725,173.194.187.70,10.10.0.10,,,443,37473,0,1358,17
1584503108.631808,173.194.187.70,10.10.0.10,,,443,37473,0,1358,17
1584503108.634467,10.10.0.10,173.194.187.70,,,37473,443,0,37,17
1584503108.6729946,173.194.187.70,10.10.0.10,,,443,37473,0,1358,17
1584503108.677432,173.194.187.70,10.10.0.10,,,443,37473,0,1358,17
1584503108.6790779,10.10.0.10,173.194.187.70,,,37473,443,0,37,17
1584503108.7458508,173.194.187.70,10.10.0.10,,,443,37473,0,1358,17
1584503108.7503102,173.194.187.70,10.10.0.10,,,443,37473,0,1358,17
1584503108.752197,10.10.0.10,173.194.187.70,,,37473,443,0,37,17
1584503108.7731152,173.194.187.70,10.10.0.10,,,443,37473,0,1358,17
1584503108.7775712,173.194.187.70,10.10.0.10,,,443,37473,0,1358,17
1584503108.77919,10.10.0.10,173.194.187.70,,,37473,443,0,37,17
1584503108.8233228,173.194.187.70,10.10.0.10,,,443,37473,0,29,17
1584503108.859965,173.194.187.70,10.10.0.10,,,443,37473,0,1358,17
1584503108.8644161,173.194.187.70,10.10.0.10,,,443,37473,0,1358,17
1584503108.866962,10.10.0.10,173.194.187.70,,,37473,443,0,37,17
1584503108.8688786,173.194.187.70,10.10.0.10,,,443,37473,0,1358,17
1584503108.8733342,173.194.187.70,10.10.0.10,,,443,37473,0,1358,17
1584503108.874944,10.10.0.10,173.194.187.70,,,37473,443,0,37,17
1584503108.8778,173.194.187.70,10.10.0.10,,,443,37473,0,1358,17
1584503108.882243,173.194.187.70,10.10.0.10,,,443,37473,0,1358,17
1584503108.8840678,10.10.0.10,173.194.187.70,,,37473,443,0,37,17
1584503108.9234061,173.194.187.70,10.10.0.10,,,443,37473,0,1358,17
1584503108.9278624,173.194.187.70,10.10.0.10,,,443,37473,0,1358,17
1584503108.9308374,10.10.0.10,173.194.187.70,,,37473,443,0,37,17
1584503108.9953902,173.194.187.70,10.10.0.10,,,443,37473,0,1358,17
1584503108.999845,173.194.187.70,10.10.0.10,,,443,37473,0,1358,17
1584503109.001286,10.10.0.10,173.194.187.70,,,37473,443,0,37,17
1584503109.0180721,173.194.187.70,10.10.0.10,,,443,37473,0,1358,17
1584503109.0225315,173.194.187.70,10.10.0.10,,,443,37473,0,1358,17
1584503109.0244179,10.10.0.10,173.194.187.70,,,37473,443,0,37,17
1584503109.1004028,173.194.187.70,10.10.0.10,,,443,37473,0,1358,17
1584503109.104861,173.194.187.70,10.10.0.10,,,443,37473,0,1358,17
1584503109.1064384,10.10.0.10,173.194.187.70,,,37473,443,0,37,17
1584503109.109314,173.194.187.70,10.10.0.10,,,443,37473,0,1358,17
1584503109.113765,173.194.187.70,10.10.0.10,,,443,37473,0,1358,17
1584503109.1156876,10.10.0.10,173.194.187.70,,,37473,443,0,37,17
1584503109.118234,173.194.187.70,10.10.0.10,,,443,37473,0,1358,17
1584503109.122674,173.194.187.70,10.10.0.10,,,443,37473,0,1358,17
1584503109.12558,10.10.0.10,173.194.187.70,,,37473,443,0,37,17
1584503109.163855,173.194.187.70,10.10.0.10,,,443,37473,0,1358,17
1584503109.1682956,173.194.187.70,10.10.0.10,,,443,37473,0,1358,17
1584503109.170328,10.10.0.10,173.194.187.70,,,37473,443,0,37,17
1584503109.232416,173.194.187.70,10.10.0.10,,,443,37473,0,1358,17
1584503109.236858,173.194.187.70,10.10.0.10,,,443,37473,0,1358,17
1584503109.2384508,10.10.0.10,173.194.187.70,,,37473,443,0,37,17
1584503109.2595868,173.194.187.70,10.10.0.10,,,443,37473,0,1358,17
1584503109.26405,173.194.187.70,10.10.0.10,,,443,37473,0,1358,17
1584503109.2657044,10.10.0.10,173.194.187.70,,,37473,443,0,37,17
1584503109.3419251,173.194.187.70,10.10.0.10,,,443,37473,0,1358,17
1584503109.3463788,173.194.187.70,10.10.0.10,,,443,37473,0,1358,17
1584503109.348187,10.10.0.10,173.194.187.70,,,37473,443,0,37,17
1584503109.3508532,173.194.187.70,10.10.0.10,,,443,37473,0,1358,17
1584503109.355288,173.194.187.70,10.10.0.10,,,443,37473,0,1358,17
1584503109.356931,10.10.0.10,173.194.187.70,,,37473,443,0,50,17
1584503109.3597422,173.194.187.70,10.10.0.10,,,443,37473,0,1358,17
1584503109.3641956,173.194.187.70,10.10.0.10,,,443,37473,0,1358,17
1584503109.367945,10.10.0.10,173.194.187.70,,,37473,443,0,37,17
1584503109.414286,173.194.187.70,10.10.0.10,,,443,37473,0,1358,17
1584503109.418725,173.194.187.70,10.10.0.10,,,443,37473,0,1358,17
1584503109.440825,10.10.0.10,173.194.187.70,,,37473,443,0,37,17
1584503109.487423,173.194.187.70,10.10.0.10,,,443,37473,0,1358,17
1584503109.4918768,173.194.187.70,10.10.0.10,,,443,37473,0,1358,17
1584503109.494175,10.10.0.10,173.194.187.70,,,37473,443,0,37,17
1584503109.509972,173.194.187.70,10.10.0.10,,,443,37473,0,1358,17
1584503109.514418,173.194.187.70,10.10.0.10,,,443,37473,0,1358,17
1584503109.5159268,10.10.0.10,173.194.187.70,,,37473,443,0,37,17
1584503109.5950348,173.194.187.70,10.10.0.10,,,443,37473,0,1358,17
1584503109.597944,10.10.0.10,173.194.187.70,,,37473,443,0,50,17
1584503109.5994961,173.194.187.70,10.10.0.10,,,443,37473,0,1358,17
1584503109.603952,173.194.187.70,10.10.0.10,,,443,37473,0,1358,17
1584503109.605796,10.10.0.10,173.194.187.70,,,37473,443,0,37,17
1584503109.6084108,173.194.187.70,10.10.0.10,,,443,37473,0,1358,17
1584503109.6128561,173.194.187.70,10.10.0.10,,,443,37473,0,1358,17
1584503109.615419,10.10.0.10,173.194.187.70,,,37473,443,0,37,17
1584503109.617312,173.194.187.70,10.10.0.10,,,443,37473,0,1358,17
1584503109.6309652,173.194.187.70,10.10.0.10,,,443,37473,0,1358,17
1584503109.6328151,10.10.0.10,173.194.187.70,,,37473,443,0,37,17
1584503109.635402,173.194.187.70,10.10.0.10,,,443,37473,0,1358,17
1584503109.63985,173.194.187.70,10.10.0.10,,,443,37473,0,1358,17
1584503109.641421,10.10.0.10,173.194.187.70,,,37473,443,0,37,17
1584503109.644302,173.194.187.70,10.10.0.10,,,443,37473,0,1358,17
1584503109.648778,173.194.187.70,10.10.0.10,,,443,37473,0,1358,17
1584503109.6503162,10.10.0.10,173.194.187.70,,,37473,443,0,37,17
1584503109.653218,173.194.187.70,10.10.0.10,,,443,37473,0,1358,17
1584503109.699223,173.194.187.70,10.10.0.10,,,443,37473,0,1358,17
1584503109.701416,10.10.0.10,173.194.187.70,,,37473,443,0,37,17
1584503109.708265,173.194.187.70,10.10.0.10,,,443,37473,0,1358,17
1584503109.71272,173.194.187.70,10.10.0.10,,,443,37473,0,1358,17
1584503109.714895,10.10.0.10,173.194.187.70,,,37473,443,0,37,17
1584503109.721761,173.194.187.70,10.10.0.10,,,443,37473,0,1358,17
1584503109.7262142,173.194.187.70,10.10.0.10,,,443,37473,0,1358,17
1584503109.728042,10.10.0.10,173.194.187.70,,,37473,443,0,37,17
1584503109.749034,173.194.187.70,10.10.0.10,,,443,37473,0,1358,17
1584503109.753488,173.194.187.70,10.10.0.10,,,443,37473,0,1358,17
1584503109.7554,10.10.0.10,173.194.187.70,,,37473,443,0,37,17
1584503109.757935,173.194.187.70,10.10.0.10,,,443,37473,0,1358,17
1584503109.762391,173.194.187.70,10.10.0.10,,,443,37473,0,1358,17
1584503109.764014,10.10.0.10,173.194.187.70,,,37473,443,0,37,17
1584503109.7668445,173.194.187.70,10.10.0.10,,,443,37473,0,1358,17
1584503109.771298,173.194.187.70,10.10.0.10,,,443,37473,0,1358,17
1584503109.7731948,10.10.0.10,173.194.187.70,,,37473,443,0,37,17
1584503109.816921,173.194.187.70,10.10.0.10,,,443,37473,0,1358,17
1584503109.8213706,173.194.187.70,10.10.0.10,,,443,37473,0,1358,17
1584503109.8229089,10.10.0.10,173.194.187.70,,,37473,443,0,37,17
1584503109.825826,173.194.187.70,10.10.0.10,,,443,37473,0,1358,17
1584503109.83028,173.194.187.70,10.10.0.10,,,443,37473,0,1358,17
1584503109.8327901,10.10.0.10,173.194.187.70,,,37473,443,0,37,17
1584503109.8367422,173.194.187.70,10.10.0.10,,,443,37473,0,1358,17
1584503109.841203,173.194.187.70,10.10.0.10,,,443,37473,0,1358,17
1584503109.8444214,10.10.0.10,173.194.187.70,,,37473,443,0,37,17
1584503109.8640132,173.194.187.70,10.10.0.10,,,443,37473,0,1358,17
1584503109.868466,173.194.187.70,10.10.0.10,,,443,37473,0,1358,17
1584503109.869908,10.10.0.10,173.194.187.70,,,37473,443,0,37,17
1584503109.872921,173.194.187.70,10.10.0.10,,,443,37473,0,1358,17
1584503109.877379,173.194.187.70,10.10.0.10,,,443,37473,0,1358,17
1584503109.8793938,10.10.0.10,173.194.187.70,,,37473,443,0,37,17
1584503109.886414,173.194.187.70,10.10.0.10,,,443,37473,0,1358,17
1584503109.8908699,173.194.187.70,10.10.0.10,,,443,37473,0,1358,17
1584503109.8926651,10.10.0.10,173.194.187.70,,,37473,443,0,37,17
1584503109.9037552,173.194.187.70,10.10.0.10,,,443,37473,0,1358,17
1584503109.908211,173.194.187.70,10.10.0.10,,,443,37473,0,1358,17
1584503109.9100301,10.10.0.10,173.194.187.70,,,37473,443,0,37,17
1584503109.912673,173.194.187.70,10.10.0.10,,,443,37473,0,1358,17
1584503109.9171212,173.194.187.70,10.10.0.10,,,443,37473,0,1358,17
1584503109.918907,10.10.0.10,173.194.187.70,,,37473,443,0,37,17
1584503109.921574,173.194.187.70,10.10.0.10,,,443,37473,0,1358,17
1584503109.9260285,173.194.187.70,10.10.0.10,,,443,37473,0,1358,17
1584503109.928027,10.10.0.10,173.194.187.70,,,37473,443,0,50,17
1584503109.9304821,173.194.187.70,10.10.0.10,,,443,37473,0,1358,17
1584503109.9349391,173.194.187.70,10.10.0.10,,,443,37473,0,1358,17
1584503109.936682,10.10.0.10,173.194.187.70,,,37473,443,0,37,17
1584503109.9393961,173.194.187.70,10.10.0.10,,,443,37473,0,1358,17
1584503109.943846,173.194.187.70,10.10.0.10,,,443,37473,0,1358,17
1584503109.945431,10.10.0.10,173.194.187.70,,,37473,443,0,37,17
1584503109.948316,173.194.187.70,10.10.0.10,,,443,37473,0,1358,17
1584503109.952775,173.194.187.70,10.10.0.10,,,443,37473,0,1358,17
1584503109.9544132,10.10.0.10,173.194.187.70,,,37473,443,0,37,17
1584503109.957417,173.194.187.70,10.10.0.10,,,443,37473,0,1358,17
1584503109.9618962,173.194.187.70,10.10.0.10,,,443,37473,0,1358,17
1584503109.9655626,10.10.0.10,173.194.187.70,,,37473,443,0,37,17
1584503109.9663384,173.194.187.70,10.10.0.10,,,443,37473,0,29,17
1584503109.966528,173.194.187.70,10.10.0.10,,,443,37473,0,1358,17
1584503109.9710042,173.194.187.70,10.10.0.10,,,443,37473,0,1358,17
1584503109.9725552,10.10.0.10,173.194.187.70,,,37473,443,0,37,17
1584503109.975439,173.194.187.70,10.10.0.10,,,443,37473,0,1358,17
1584503109.9798946,173.194.187.70,10.10.0.10,,,443,37473,0,1358,17
1584503109.9815269,10.10.0.10,173.194.187.70,,,37473,443,0,37,17
1584503109.98435,173.194.187.70,10.10.0.10,,,443,37473,0,1358,17
1584503109.98883,173.194.187.70,10.10.0.10,,,443,37473,0,1358,17
1584503109.99066,10.10.0.10,173.194.187.70,,,37473,443,0,37,17
1584503109.9932678,173.194.187.70,10.10.0.10,,,443,37473,0,1358,17
1584503109.997712,173.194.187.70,10.10.0.10,,,443,37473,0,1358,17
1584503109.9993038,10.10.0.10,173.194.187.70,,,37473,443,0,37,17
1584503110.0021722,173.194.187.70,10.10.0.10,,,443,37473,0,1358,17
1584503110.006639,173.194.187.70,10.10.0.10,,,443,37473,0,1358,17
1584503110.0081599,10.10.0.10,173.194.187.70,,,37473,443,0,37,17
1584503110.0116632,173.194.187.70,10.10.0.10,,,443,37473,0,1358,17
1584503110.0155342,173.194.187.70,10.10.0.10,,,443,37473,0,1358,17
1584503110.0171778,10.10.0.10,173.194.187.70,,,37473,443,0,37,17
1584503110.022423,173.194.187.70,10.10.0.10,,,443,37473,0,1358,17
1584503110.024459,173.194.187.70,10.10.0.10,,,443,37473,0,1358,17
1584503110.0260286,10.10.0.10,173.194.187.70,,,37473,443,0,37,17
1584503110.028899,173.194.187.70,10.10.0.10,,,443,37473,0,1358,17
1584503110.0333562,173.194.187.70,10.10.0.10,,,443,37473,0,1358,17
1584503110.034909,10.10.0.10,173.194.187.70,,,37473,443,0,37,17
1584503110.037805,173.194.187.70,10.10.0.10,,,443,37473,0,1358,17
1584503110.0422668,173.194.187.70,10.10.0.10,,,443,37473,0,1358,17
1584503110.043927,10.10.0.10,173.194.187.70,,,37473,443,0,37,17
1584503110.0467188,173.194.187.70,10.10.0.10,,,443,37473,0,1358,17
1584503110.0511742,173.194.187.70,10.10.0.10,,,443,37473,0,1358,17
1584503110.0529091,10.10.0.10,173.194.187.70,,,37473,443,0,37,17
1584503110.055639,173.194.187.70,10.10.0.10,,,443,37473,0,1358,17
1584503110.0600731,173.194.187.70,10.10.0.10,,,443,37473,0,1358,17
1584503110.0622828,10.10.0.10,173.194.187.70,,,37473,443,0,37,17
1584503110.0645318,173.194.187.70,10.10.0.10,,,443,37473,0,1358,17
1584503110.068987,173.194.187.70,10.10.0.10,,,443,37473,0,1358,17
1584503110.0711582,10.10.0.10,173.194.187.70,,,37473,443,0,37,17
1584503110.073456,173.194.187.70,10.10.0.10,,,443,37473,0,1358,17
1584503110.077896,173.194.187.70,10.10.0.10,,,443,37473,0,1358,17
1584503110.0815349,10.10.0.10,173.194.187.70,,,37473,443,0,37,17
1584503110.082351,173.194.187.70,10.10.0.10,,,443,37473,0,1358,17
1584503110.0868,173.194.187.70,10.10.0.10,,,443,37473,0,1358,17
1584503110.089797,10.10.0.10,173.194.187.70,,,37473,443,0,37,17
1584503110.091265,173.194.187.70,10.10.0.10,,,443,37473,0,1358,17
1584503110.0957134,173.194.187.70,10.10.0.10,,,443,37473,0,1358,17
1584503110.09768,10.10.0.10,173.194.187.70,,,37473,443,0,37,17
1584503110.100163,173.194.187.70,10.10.0.10,,,443,37473,0,1358,17
1584503110.10464,173.194.187.70,10.10.0.10,,,443,37473,0,1358,17
1584503110.106809,10.10.0.10,173.194.187.70,,,37473,443,0,50,17
1584503110.1090796,173.194.187.70,10.10.0.10,,,443,37473,0,1358,17
1584503110.113533,173.194.187.70,10.10.0.10,,,443,37473,0,1358,17
1584503110.116301,10.10.0.10,173.194.187.70,,,37473,443,0,37,17
1584503110.117986,173.194.187.70,10.10.0.10,,,443,37473,0,1358,17
1584503110.1224349,173.194.187.70,10.10.0.10,,,443,37473,0,1358,17
1584503110.1241562,10.10.0.10,173.194.187.70,,,37473,443,0,37,17
1584503110.126894,173.194.187.70,10.10.0.10,,,443,37473,0,1358,17
1584503110.131349,173.194.187.70,10.10.0.10,,,443,37473,0,1358,17
1584503110.1335206,10.10.0.10,173.194.187.70,,,37473,443,0,37,17
1584503110.135824,173.194.187.70,10.10.0.10,,,443,37473,0,1358,17
1584503110.140254,173.194.187.70,10.10.0.10,,,443,37473,0,1358,17
1584503110.1435502,10.10.0.10,173.194.187.70,,,37473,443,0,37,17
1584503110.144714,173.194.187.70,10.10.0.10,,,443,37473,0,1358,17
1584503110.149167,173.194.187.70,10.10.0.10,,,443,37473,0,1358,17
1584503110.1516838,10.10.0.10,173.194.187.70,,,37473,443,0,37,17
1584503110.1536381,173.194.187.70,10.10.0.10,,,443,37473,0,1358,17
1584503110.158077,173.194.187.70,10.10.0.10,,,443,37473,0,1358,17
1584503110.1599069,10.10.0.10,173.194.187.70,,,37473,443,0,37,17
1584503110.1625302,173.194.187.70,10.10.0.10,,,443,37473,0,1358,17
1584503110.1669831,173.194.187.70,10.10.0.10,,,443,37473,0,1358,17
1584503110.168644,10.10.0.10,173.194.187.70,,,37473,443,0,37,17
1584503110.171452,173.194.187.70,10.10.0.10,,,443,37473,0,1358,17
1584503110.175894,173.194.187.70,10.10.0.10,,,443,37473,0,1358,17
1584503110.177655,10.10.0.10,173.194.187.70,,,37473,443,0,37,17
1584503110.1803432,173.194.187.70,10.10.0.10,,,443,37473,0,1358,17
1584503110.184828,173.194.187.70,10.10.0.10,,,443,37473,0,1358,17
1584503110.186281,10.10.0.10,173.194.187.70,,,37473,443,0,37,17
1584503110.1892624,173.194.187.70,10.10.0.10,,,443,37473,0,1358,17
1584503110.1937099,173.194.187.70,10.10.0.10,,,443,37473,0,1358,17
1584503110.1953,10.10.0.10,173.194.187.70,,,37473,443,0,37,17
1584503110.1981661,173.194.187.70,10.10.0.10,,,443,37473,0,1358,17
1584503110.202614,173.194.187.70,10.10.0.10,,,443,37473,0,1358,17
1584503110.204279,10.10.0.10,173.194.187.70,,,37473,443,0,37,17
1584503110.207077,173.194.187.70,10.10.0.10,,,443,37473,0,1358,17
1584503110.2115278,173.194.187.70,10.10.0.10,,,443,37473,0,1358,17
1584503110.2131462,10.10.0.10,173.194.187.70,,,37473,443,0,37,17
1584503110.215978,173.194.187.70,10.10.0.10,,,443,37473,0,1358,17
1584503110.2204509,173.194.187.70,10.10.0.10,,,443,37473,0,1358,17
1584503110.2221699,10.10.0.10,173.194.187.70,,,37473,443,0,37,17
1584503110.224891,173.194.187.70,10.10.0.10,,,443,37473,0,1358,17
1584503110.229346,173.194.187.70,10.10.0.10,,,443,37473,0,1358,17
1584503110.2314026,10.10.0.10,173.194.187.70,,,37473,443,0,37,17
1584503110.2338214,173.194.187.70,10.10.0.10,,,443,37473,0,1358,17
1584503110.2382612,173.194.187.70,10.10.0.10,,,443,37473,0,1358,17
1584503110.240551,10.10.0.10,173.194.187.70,,,37473,443,0,37,17
1584503110.2427099,173.194.187.70,10.10.0.10,,,443,37473,0,1358,17
1584503110.247159,173.194.187.70,10.10.0.10,,,443,37473,0,1358,17
1584503110.250422,10.10.0.10,173.194.187.70,,,37473,443,0,37,17
1584503110.251616,173.194.187.70,10.10.0.10,,,443,37473,0,1358,17
1584503110.2560828,173.194.187.70,10.10.0.10,,,443,37473,0,1358,17
1584503110.2575474,10.10.0.10,173.194.187.70,,,37473,443,0,37,17
1584503110.2605221,173.194.187.70,10.10.0.10,,,443,37473,0,1358,17
1584503110.264981,173.194.187.70,10.10.0.10,,,443,37473,0,1358,17
1584503110.267672,10.10.0.10,173.194.187.70,,,37473,443,0,37,17
1584503110.26945,173.194.187.70,10.10.0.10,,,443,37473,0,1358,17
1584503110.273892,173.194.187.70,10.10.0.10,,,443,37473,0,1358,17
1584503110.275528,10.10.0.10,173.194.187.70,,,37473,443,0,37,17
1584503110.2783446,173.194.187.70,10.10.0.10,,,443,37473,0,1358,17
1584503110.2828195,173.194.187.70,10.10.0.10,,,443,37473,0,1358,17
1584503110.284401,10.10.0.10,173.194.187.70,,,37473,443,0,50,17
1584503110.2872589,173.194.187.70,10.10.0.10,,,443,37473,0,1358,17
1584503110.2917068,173.194.187.70,10.10.0.10,,,443,37473,0,1358,17
1584503110.2934241,10.10.0.10,173.194.187.70,,,37473,443,0,37,17
1584503110.2961571,173.194.187.70,10.10.0.10,,,443,37473,0,1358,17
1584503110.300616,173.194.187.70,10.10.0.10,,,443,37473,0,1358,17
1584503110.302295,10.10.0.10,173.194.187.70,,,37473,443,0,37,17
1584503110.305074,173.194.187.70,10.10.0.10,,,443,37473,0,1358,17
1584503110.309525,173.194.187.70,10.10.0.10,,,443,37473,0,1358,17
1584503110.3110454,10.10.0.10,173.194.187.70,,,37473,443,0,37,17
1584503110.31398,173.194.187.70,10.10.0.10,,,443,37473,0,1358,17
1584503110.318434,173.194.187.70,10.10.0.10,,,443,37473,0,1358,17
1584503110.319994,10.10.0.10,173.194.187.70,,,37473,443,0,37,17
1584503110.3228884,173.194.187.70,10.10.0.10,,,443,37473,0,1358,17
1584503110.327343,173.194.187.70,10.10.0.10,,,443,37473,0,1358,17
1584503110.32917,10.10.0.10,173.194.187.70,,,37473,443,0,37,17
1584503110.3318179,173.194.187.70,10.10.0.10,,,443,37473,0,1358,17
1584503110.336246,173.194.187.70,10.10.0.10,,,443,37473,0,1358,17
1584503110.3377948,10.10.0.10,173.194.187.70,,,37473,443,0,37,17
1584503110.3407052,173.194.187.70,10.10.0.10,,,443,37473,0,1358,17
1584503110.345159,173.194.187.70,10.10.0.10,,,443,37473,0,1358,17
1584503110.346924,10.10.0.10,173.194.187.70,,,37473,443,0,37,17
1584503110.349615,173.194.187.70,10.10.0.10,,,443,37473,0,1358,17
1584503110.354072,173.194.187.70,10.10.0.10,,,443,37473,0,1358,17
1584503110.35567,10.10.0.10,173.194.187.70,,,37473,443,0,37,17
1584503110.3585231,173.194.187.70,10.10.0.10,,,443,37473,0,1358,17
1584503110.362977,173.194.187.70,10.10.0.10,,,443,37473,0,1358,17
1584503110.3645241,10.10.0.10,173.194.187.70,,,37473,443,0,37,17
1584503110.3674474,173.194.187.70,10.10.0.10,,,443,37473,0,1358,17
1584503110.371886,173.194.187.70,10.10.0.10,,,443,37473,0,1358,17
1584503110.373544,10.10.0.10,173.194.187.70,,,37473,443,0,37,17
1584503110.376339,173.194.187.70,10.10.0.10,,,443,37473,0,1358,17
1584503110.3808188,173.194.187.70,10.10.0.10,,,443,37473,0,1358,17
1584503110.382544,10.10.0.10,173.194.187.70,,,37473,443,0,37,17
1584503110.385256,173.194.187.70,10.10.0.10,,,443,37473,0,1358,17
1584503110.389704,173.194.187.70,10.10.0.10,,,443,37473,0,1358,17
1584503110.391273,10.10.0.10,173.194.187.70,,,37473,443,0,37,17
1584503110.394159,173.194.187.70,10.10.0.10,,,443,37473,0,1358,17
1584503110.398631,173.194.187.70,10.10.0.10,,,443,37473,0,1358,17
1584503110.400379,10.10.0.10,173.194.187.70,,,37473,443,0,37,17
1584503110.403068,173.194.187.70,10.10.0.10,,,443,37473,0,1358,17
1584503110.407522,173.194.187.70,10.10.0.10,,,443,37473,0,1358,17
1584503110.409024,10.10.0.10,173.194.187.70,,,37473,443,0,37,17
1584503110.4119716,173.194.187.70,10.10.0.10,,,443,37473,0,1358,17
1584503110.416438,173.194.187.70,10.10.0.10,,,443,37473,0,1358,17
1584503110.418042,10.10.0.10,173.194.187.70,,,37473,443,0,37,17
1584503110.420884,173.194.187.70,10.10.0.10,,,443,37473,0,1358,17
1584503110.4253411,173.194.187.70,10.10.0.10,,,443,37473,0,1358,17
1584503110.427273,10.10.0.10,173.194.187.70,,,37473,443,0,37,17
1584503110.429792,173.194.187.70,10.10.0.10,,,443,37473,0,1358,17
1584503110.4342554,173.194.187.70,10.10.0.10,,,443,37473,0,1358,17
1584503110.436147,10.10.0.10,173.194.187.70,,,37473,443,0,37,17
1584503110.4387019,173.194.187.70,10.10.0.10,,,443,37473,0,1358,17
1584503110.443158,173.194.187.70,10.10.0.10,,,443,37473,0,1358,17
1584503110.4451466,10.10.0.10,173.194.187.70,,,37473,443,0,37,17
1584503110.447613,173.194.187.70,10.10.0.10,,,443,37473,0,1358,17
1584503110.4520614,173.194.187.70,10.10.0.10,,,443,37473,0,1358,17
1584503110.4550214,10.10.0.10,173.194.187.70,,,37473,443,0,37,17
1584503110.4565148,173.194.187.70,10.10.0.10,,,443,37473,0,1358,17
1584503110.460973,173.194.187.70,10.10.0.10,,,443,37473,0,1358,17
1584503110.4626482,10.10.0.10,173.194.187.70,,,37473,443,0,50,17
1584503110.465443,173.194.187.70,10.10.0.10,,,443,37473,0,1358,17
1584503110.469883,173.194.187.70,10.10.0.10,,,443,37473,0,1358,17
1584503110.4715226,10.10.0.10,173.194.187.70,,,37473,443,0,37,17
1584503110.4743412,173.194.187.70,10.10.0.10,,,443,37473,0,1358,17
1584503110.47879,173.194.187.70,10.10.0.10,,,443,37473,0,1358,17
1584503110.4805439,10.10.0.10,173.194.187.70,,,37473,443,0,37,17
1584503110.4832542,173.194.187.70,10.10.0.10,,,443,37473,0,1358,17
1584503110.4876995,173.194.187.70,10.10.0.10,,,443,37473,0,1358,17
1584503110.489169,10.10.0.10,173.194.187.70,,,37473,443,0,37,17
1584503110.49215,173.194.187.70,10.10.0.10,,,443,37473,0,1358,17
1584503110.4966106,173.194.187.70,10.10.0.10,,,443,37473,0,1358,17
1584503110.5005405,10.10.0.10,173.194.187.70,,,37473,443,0,37,17
1584503110.5010614,173.194.187.70,10.10.0.10,,,443,37473,0,1358,17
1584503110.505524,173.194.187.70,10.10.0.10,,,443,37473,0,1358,17
1584503110.5074,10.10.0.10,173.194.187.70,,,37473,443,0,37,17
1584503110.509974,173.194.187.70,10.10.0.10,,,443,37473,0,1358,17
1584503110.51444,173.194.187.70,10.10.0.10,,,443,37473,0,1358,17
1584503110.5159152,10.10.0.10,173.194.187.70,,,37473,443,0,37,17
1584503110.5188804,173.194.187.70,10.10.0.10,,,443,37473,0,1358,17
1584503110.523337,173.194.187.70,10.10.0.10,,,443,37473,0,1358,17
1584503110.525269,10.10.0.10,173.194.187.70,,,37473,443,0,37,17
1584503110.527789,173.194.187.70,10.10.0.10,,,443,37473,0,1358,17
1584503110.5322418,173.194.187.70,10.10.0.10,,,443,37473,0,1358,17
1584503110.53529,10.10.0.10,173.194.187.70,,,37473,443,0,37,17
1584503110.5367002,173.194.187.70,10.10.0.10,,,443,37473,0,1358,17
1584503110.54115,173.194.187.70,10.10.0.10,,,443,37473,0,1358,17
1584503110.5427706,10.10.0.10,173.194.187.70,,,37473,443,0,37,17
1584503110.545608,173.194.187.70,10.10.0.10,,,443,37473,0,1358,17
1584503110.5500612,173.194.187.70,10.10.0.10,,,443,37473,0,1358,17
1584503110.5516634,10.10.0.10,173.194.187.70,,,37473,443,0,37,17
1584503110.554518,173.194.187.70,10.10.0.10,,,443,37473,0,1358,17
1584503110.5589721,173.194.187.70,10.10.0.10,,,443,37473,0,1358,17
1584503110.560786,10.10.0.10,173.194.187.70,,,37473,443,0,37,17
1584503110.5634382,173.194.187.70,10.10.0.10,,,443,37473,0,1358,17
1584503110.5678818,173.194.187.70,10.10.0.10,,,443,37473,0,1358,17
1584503110.5696428,10.10.0.10,173.194.187.70,,,37473,443,0,37,17
1584503110.572331,173.194.187.70,10.10.0.10,,,443,37473,0,1358,17
1584503110.576787,173.194.187.70,10.10.0.10,,,443,37473,0,1358,17
1584503110.5787902,10.10.0.10,173.194.187.70,,,37473,443,0,37,17
1584503110.581251,173.194.187.70,10.10.0.10,,,443,37473,0,1358,17
1584503110.5856981,173.194.187.70,10.10.0.10,,,443,37473,0,1358,17
1584503110.5876482,10.10.0.10,173.194.187.70,,,37473,443,0,37,17
1584503110.590154,173.194.187.70,10.10.0.10,,,443,37473,0,1358,17
1584503110.594607,173.194.187.70,10.10.0.10,,,443,37473,0,1358,17
1584503110.596143,10.10.0.10,173.194.187.70,,,37473,443,0,37,17
1584503110.599065,173.194.187.70,10.10.0.10,,,443,37473,0,1358,17
1584503110.6035151,173.194.187.70,10.10.0.10,,,443,37473,0,1358,17
1584503110.6055381,10.10.0.10,173.194.187.70,,,37473,443,0,37,17
1584503110.6079662,173.194.187.70,10.10.0.10,,,443,37473,0,1358,17
1584503110.612437,173.194.187.70,10.10.0.10,,,443,37473,0,1358,17
1584503110.613893,10.10.0.10,173.194.187.70,,,37473,443,0,37,17
1584503110.6168768,173.194.187.70,10.10.0.10,,,443,37473,0,1358,17
1584503110.62133,173.194.187.70,10.10.0.10,,,443,37473,0,1358,17
1584503110.622873,10.10.0.10,173.194.187.70,,,37473,443,0,37,17
1584503110.6257892,173.194.187.70,10.10.0.10,,,443,37473,0,1358,17
1584503110.630249,173.194.187.70,10.10.0.10,,,443,37473,0,1358,17
1584503110.631995,10.10.0.10,173.194.187.70,,,37473,443,0,37,17
1584503110.6346939,173.194.187.70,10.10.0.10,,,443,37473,0,1358,17
1584503110.63915,173.194.187.70,10.10.0.10,,,443,37473,0,1358,17
1584503110.6409972,10.10.0.10,173.194.187.70,,,37473,443,0,50,17
1584503110.6436052,173.194.187.70,10.10.0.10,,,443,37473,0,1358,17
1584503110.648054,173.194.187.70,10.10.0.10,,,443,37473,0,1358,17
1584503110.649631,10.10.0.10,173.194.187.70,,,37473,443,0,37,17
1584503110.652514,173.194.187.70,10.10.0.10,,,443,37473,0,1358,17
1584503110.65697,173.194.187.70,10.10.0.10,,,443,37473,0,1358,17
1584503110.65991,10.10.0.10,173.194.187.70,,,37473,443,0,37,17
1584503110.661435,173.194.187.70,10.10.0.10,,,443,37473,0,1358,17
1584503110.665879,173.194.187.70,10.10.0.10,,,443,37473,0,1358,17
1584503110.6676602,10.10.0.10,173.194.187.70,,,37473,443,0,37,17
1584503110.670336,173.194.187.70,10.10.0.10,,,443,37473,0,1358,17
1584503110.674784,173.194.187.70,10.10.0.10,,,443,37473,0,1358,17
1584503110.6774142,10.10.0.10,173.194.187.70,,,37473,443,0,37,17
1584503110.6792474,173.194.187.70,10.10.0.10,,,443,37473,0,1358,17
1584503110.683694,173.194.187.70,10.10.0.10,,,443,37473,0,1358,17
1584503110.685515,10.10.0.10,173.194.187.70,,,37473,443,0,37,17
1584503110.688144,173.194.187.70,10.10.0.10,,,443,37473,0,1358,17
1584503110.6926026,173.194.187.70,10.10.0.10,,,443,37473,0,1358,17
1584503110.697063,173.194.187.70,10.10.0.10,,,443,37473,0,1358,17
1584503110.7015119,173.194.187.70,10.10.0.10,,,443,37473,0,1358,17
1584503110.705967,173.194.187.70,10.10.0.10,,,443,37473,0,1358,17
1584503110.710434,173.194.187.70,10.10.0.10,,,443,37473,0,1358,17
1584503110.7148776,173.194.187.70,10.10.0.10,,,443,37473,0,1358,17
1584503110.7165458,10.10.0.10,173.194.187.70,,,37473,443,0,37,17
1584503110.717892,10.10.0.10,173.194.187.70,,,37473,443,0,37,17
1584503110.718791,10.10.0.10,173.194.187.70,,,37473,443,0,37,17
1584503110.7212071,173.194.187.70,10.10.0.10,,,443,37473,0,1358,17
1584503110.7226439,10.10.0.10,173.194.187.70,,,37473,443,0,37,17
1584503110.726583,173.194.187.70,10.10.0.10,,,443,37473,0,1358,17
1584503110.728245,173.194.187.70,10.10.0.10,,,443,37473,0,1358,17
1584503110.730033,10.10.0.10,173.194.187.70,,,37473,443,0,37,17
1584503110.73521,173.194.187.70,10.10.0.10,,,443,37473,0,1358,17
1584503110.7371502,173.194.187.70,10.10.0.10,,,443,37473,0,1358,17
1584503110.7387831,10.10.0.10,173.194.187.70,,,37473,443,0,37,17
1584503110.741603,173.194.187.70,10.10.0.10,,,443,37473,0,1358,17
1584503110.7460608,173.194.187.70,10.10.0.10,,,443,37473,0,1358,17
1584503110.747638,10.10.0.10,173.194.187.70,,,37473,443,0,37,17
1584503110.750509,173.194.187.70,10.10.0.10,,,443,37473,0,1358,17
1584503110.754964,173.194.187.70,10.10.0.10,,,443,37473,0,1358,17
1584503110.758007,10.10.0.10,173.194.187.70,,,37473,443,0,37,17
1584503110.759416,173.194.187.70,10.10.0.10,,,443,37473,0,1358,17
1584503110.7638679,173.194.187.70,10.10.0.10,,,443,37473,0,1358,17
1584503110.7665148,10.10.0.10,173.194.187.70,,,37473,443,0,37,17
1584503110.768322,173.194.187.70,10.10.0.10,,,443,37473,0,1358,17
1584503110.7727811,173.194.187.70,10.10.0.10,,,443,37473,0,1358,17
1584503110.7746382,10.10.0.10,173.194.187.70,,,37473,443,0,37,17
1584503110.777247,173.194.187.70,10.10.0.10,,,443,37473,0,1358,17
1584503110.781696,173.194.187.70,10.10.0.10,,,443,37473,0,1358,17
1584503110.7845118,10.10.0.10,173.194.187.70,,,37473,443,0,37,17
1584503110.7861412,173.194.187.70,10.10.0.10,,,443,37473,0,1358,17
1584503110.7905958,173.194.187.70,10.10.0.10,,,443,37473,0,1358,17
1584503110.7921402,10.10.0.10,173.194.187.70,,,37473,443,0,37,17
1584503110.795048,173.194.187.70,10.10.0.10,,,443,37473,0,1358,17
1584503110.7995028,173.194.187.70,10.10.0.10,,,443,37473,0,1358,17
1584503110.8021462,10.10.0.10,173.194.187.70,,,37473,443,0,37,17
1584503110.8039591,173.194.187.70,10.10.0.10,,,443,37473,0,1358,17
1584503110.80841,173.194.187.70,10.10.0.10,,,443,37473,0,1358,17
1584503110.81064,10.10.0.10,173.194.187.70,,,37473,443,0,37,17
1584503110.8128731,173.194.187.70,10.10.0.10,,,443,37473,0,1358,17
1584503110.817329,173.194.187.70,10.10.0.10,,,443,37473,0,1358,17
1584503110.820761,10.10.0.10,173.194.187.70,,,37473,443,0,50,17
1584503110.821783,173.194.187.70,10.10.0.10,,,443,37473,0,1358,17
1584503110.826232,173.194.187.70,10.10.0.10,,,443,37473,0,1358,17
1584503110.828005,10.10.0.10,173.194.187.70,,,37473,443,0,37,17
1584503110.8306901,173.194.187.70,10.10.0.10,,,443,37473,0,1358,17
1584503110.8351386,173.194.187.70,10.10.0.10,,,443,37473,0,1358,17
1584503110.8367558,10.10.0.10,173.194.187.70,,,37473,443,0,37,17
1584503110.8395972,173.194.187.70,10.10.0.10,,,443,37473,0,1358,17
1584503110.844047,173.194.187.70,10.10.0.10,,,443,37473,0,1358,17
1584503110.845724,10.10.0.10,173.194.187.70,,,37473,443,0,37,17
1584503110.8485026,173.194.187.70,10.10.0.10,,,443,37473,0,1358,17
1584503110.852956,173.194.187.70,10.10.0.10,,,443,37473,0,1358,17
1584503110.8546438,10.10.0.10,173.194.187.70,,,37473,443,0,37,17
1584503110.8574119,173.194.187.70,10.10.0.10,,,443,37473,0,1358,17
1584503110.8618731,173.194.187.70,10.10.0.10,,,443,37473,0,1358,17
1584503110.8646321,10.10.0.10,173.194.187.70,,,37473,443,0,37,17
1584503110.8663216,173.194.187.70,10.10.0.10,,,443,37473,0,1358,17
1584503110.870789,173.194.187.70,10.10.0.10,,,443,37473,0,1358,17
1584503110.872782,10.10.0.10,173.194.187.70,,,37473,443,0,37,17
1584503110.8752296,173.194.187.70,10.10.0.10,,,443,37473,0,1358,17
1584503110.8796868,173.194.187.70,10.10.0.10,,,443,37473,0,1358,17
1584503110.883153,10.10.0.10,173.194.187.70,,,37473,443,0,37,17
1584503110.884137,173.194.187.70,10.10.0.10,,,443,37473,0,1358,17
1584503110.888592,173.194.187.70,10.10.0.10,,,443,37473,0,1358,17
1584503110.891018,10.10.0.10,173.194.187.70,,,37473,443,0,37,17
1584503110.893049,173.194.187.70,10.10.0.10,,,443,37473,0,1358,17
1584503110.8975024,173.194.187.70,10.10.0.10,,,443,37473,0,1358,17
1584503110.90051,10.10.0.10,173.194.187.70,,,37473,443,0,37,17
1584503110.9019554,173.194.187.70,10.10.0.10,,,443,37473,0,1358,17
1584503110.906408,173.194.187.70,10.10.0.10,,,443,37473,0,1358,17
1584503110.90788,10.10.0.10,173.194.187.70,,,37473,443,0,37,17
1584503110.910862,173.194.187.70,10.10.0.10,,,443,37473,0,1358,17
1584503110.915317,173.194.187.70,10.10.0.10,,,443,37473,0,1358,17
1584503110.917624,10.10.0.10,173.194.187.70,,,37473,443,0,37,17
1584503110.919785,173.194.187.70,10.10.0.10,,,443,37473,0,1358,17
1584503110.9242294,173.194.187.70,10.10.0.10,,,443,37473,0,1358,17
1584503110.9260125,10.10.0.10,173.194.187.70,,,37473,443,0,37,17
1584503110.928686,173.194.187.70,10.10.0.10,,,443,37473,0,1358,17
1584503110.9331412,173.194.187.70,10.10.0.10,,,443,37473,0,1358,17
1584503110.934779,10.10.0.10,173.194.187.70,,,37473,443,0,37,17
1584503110.9376,173.194.187.70,10.10.0.10,,,443,37473,0,1358,17
1584503110.9420538,173.194.187.70,10.10.0.10,,,443,37473,0,1358,17
1584503110.9444098,10.10.0.10,173.194.187.70,,,37473,443,0,37,17
1584503110.946503,173.194.187.70,10.10.0.10,,,443,37473,0,1358,17
1584503110.9509652,173.194.187.70,10.10.0.10,,,443,37473,0,1358,17
1584503110.952496,10.10.0.10,173.194.187.70,,,37473,443,0,37,17
1584503110.955413,173.194.187.70,10.10.0.10,,,443,37473,0,1358,17
1584503110.959861,173.194.187.70,10.10.0.10,,,443,37473,0,1358,17
1584503110.961255,10.10.0.10,173.194.187.70,,,37473,443,0,37,17
1584503110.9643161,173.194.187.70,10.10.0.10,,,443,37473,0,1358,17
1584503110.96877,173.194.187.70,10.10.0.10,,,443,37473,0,1358,17
1584503110.97051,10.10.0.10,173.194.187.70,,,37473,443,0,37,17
1584503110.973224,173.194.187.70,10.10.0.10,,,443,37473,0,1358,17
1584503110.977679,173.194.187.70,10.10.0.10,,,443,37473,0,1358,17
1584503110.979507,10.10.0.10,173.194.187.70,,,37473,443,0,37,17
1584503110.98214,173.194.187.70,10.10.0.10,,,443,37473,0,1358,17
1584503110.9866,173.194.187.70,10.10.0.10,,,443,37473,0,1358,17
1584503110.9884038,10.10.0.10,173.194.187.70,,,37473,443,0,37,17
1584503110.9910538,173.194.187.70,10.10.0.10,,,443,37473,0,1358,17
1584503110.9955044,173.194.187.70,10.10.0.10,,,443,37473,0,1358,17
1584503110.999635,10.10.0.10,173.194.187.70,,,37473,443,0,50,17
1584503110.9999652,173.194.187.70,10.10.0.10,,,443,37473,0,1358,17
1584503111.004407,173.194.187.70,10.10.0.10,,,443,37473,0,1358,17
1584503111.0058758,10.10.0.10,173.194.187.70,,,37473,443,0,37,17
1584503111.0088649,173.194.187.70,10.10.0.10,,,443,37473,0,1358,17
1584503111.0133116,173.194.187.70,10.10.0.10,,,443,37473,0,1358,17
1584503111.015262,10.10.0.10,173.194.187.70,,,37473,443,0,37,17
1584503111.017768,173.194.187.70,10.10.0.10,,,443,37473,0,1358,17
1584503111.022222,173.194.187.70,10.10.0.10,,,443,37473,0,1358,17
1584503111.024153,10.10.0.10,173.194.187.70,,,37473,443,0,37,17
1584503111.026676,173.194.187.70,10.10.0.10,,,443,37473,0,1358,17
1584503111.031136,173.194.187.70,10.10.0.10,,,443,37473,0,1358,17
1584503111.0342748,10.10.0.10,173.194.187.70,,,37473,443,0,37,17
1584503111.035592,173.194.187.70,10.10.0.10,,,443,37473,0,1358,17
1584503111.040041,173.194.187.70,10.10.0.10,,,443,37473,0,1358,17
1584503111.041999,10.10.0.10,173.194.187.70,,,37473,443,0,37,17
1584503111.044497,173.194.187.70,10.10.0.10,,,443,37473,0,1358,17
1584503111.048959,173.194.187.70,10.10.0.10,,,443,37473,0,1358,17
1584503111.0509028,10.10.0.10,173.194.187.70,,,37473,443,0,37,17
1584503111.0534241,173.194.187.70,10.10.0.10,,,443,37473,0,1358,17
1584503111.0578651,173.194.187.70,10.10.0.10,,,443,37473,0,1358,17
1584503111.0593991,10.10.0.10,173.194.187.70,,,37473,443,0,37,17
1584503111.0623212,173.194.187.70,10.10.0.10,,,443,37473,0,1358,17
1584503111.066777,173.194.187.70,10.10.0.10,,,443,37473,0,1358,17
1584503111.069647,10.10.0.10,173.194.187.70,,,37473,443,0,37,17
1584503111.071236,173.194.187.70,10.10.0.10,,,443,37473,0,1358,17
1584503111.075681,173.194.187.70,10.10.0.10,,,443,37473,0,1358,17
1584503111.0772748,10.10.0.10,173.194.187.70,,,37473,443,0,37,17
1584503111.0801306,173.194.187.70,10.10.0.10,,,443,37473,0,1358,17
1584503111.0845902,173.194.187.70,10.10.0.10,,,443,37473,0,1358,17
1584503111.0860028,10.10.0.10,173.194.187.70,,,37473,443,0,37,17
1584503111.0890508,173.194.187.70,10.10.0.10,,,443,37473,0,1358,17
1584503111.093499,173.194.187.70,10.10.0.10,,,443,37473,0,1358,17
1584503111.095272,10.10.0.10,173.194.187.70,,,37473,443,0,37,17
1584503111.097955,173.194.187.70,10.10.0.10,,,443,37473,0,1358,17
1584503111.102423,173.194.187.70,10.10.0.10,,,443,37473,0,1358,17
1584503111.104744,10.10.0.10,173.194.187.70,,,37473,443,0,37,17
1584503111.1068668,173.194.187.70,10.10.0.10,,,443,37473,0,1358,17
1584503111.1113172,173.194.187.70,10.10.0.10,,,443,37473,0,1358,17
1584503111.112898,10.10.0.10,173.194.187.70,,,37473,443,0,37,17
1584503111.1157699,173.194.187.70,10.10.0.10,,,443,37473,0,1358,17
1584503111.1202204,173.194.187.70,10.10.0.10,,,443,37473,0,1358,17
1584503111.1220028,10.10.0.10,173.194.187.70,,,37473,443,0,37,17
1584503111.1246786,173.194.187.70,10.10.0.10,,,443,37473,0,1358,17
1584503111.1291342,173.194.187.70,10.10.0.10,,,443,37473,0,1358,17
1584503111.1306279,10.10.0.10,173.194.187.70,,,37473,443,0,37,17
1584503111.133589,173.194.187.70,10.10.0.10,,,443,37473,0,1358,17
1584503111.1380498,173.194.187.70,10.10.0.10,,,443,37473,0,1358,17
1584503111.139504,10.10.0.10,173.194.187.70,,,37473,443,0,37,17
1584503111.142498,173.194.187.70,10.10.0.10,,,443,37473,0,1358,17
1584503111.1469526,173.194.187.70,10.10.0.10,,,443,37473,0,1358,17
1584503111.149627,10.10.0.10,173.194.187.70,,,37473,443,0,37,17
1584503111.151421,173.194.187.70,10.10.0.10,,,443,37473,0,1358,17
1584503111.1558619,173.194.187.70,10.10.0.10,,,443,37473,0,1358,17
1584503111.157774,10.10.0.10,173.194.187.70,,,37473,443,0,37,17
1584503111.160311,173.194.187.70,10.10.0.10,,,443,37473,0,1358,17
1584503111.164769,173.194.187.70,10.10.0.10,,,443,37473,0,1358,17
1584503111.167626,10.10.0.10,173.194.187.70,,,37473,443,0,37,17
1584503111.169234,173.194.187.70,10.10.0.10,,,443,37473,0,1358,17
1584503111.1736784,173.194.187.70,10.10.0.10,,,443,37473,0,1358,17
1584503111.1756532,10.10.0.10,173.194.187.70,,,37473,443,0,50,17
1584503111.178133,173.194.187.70,10.10.0.10,,,443,37473,0,1358,17
1584503111.182587,173.194.187.70,10.10.0.10,,,443,37473,0,1358,17
1584503111.1847718,10.10.0.10,173.194.187.70,,,37473,443,0,37,17
1584503111.18705,173.194.187.70,10.10.0.10,,,443,37473,0,1358,17
1584503111.1914961,173.194.187.70,10.10.0.10,,,443,37473,0,1358,17
1584503111.1940231,10.10.0.10,173.194.187.70,,,37473,443,0,37,17
1584503111.1959536,173.194.187.70,10.10.0.10,,,443,37473,0,1358,17
1584503111.200419,173.194.187.70,10.10.0.10,,,443,37473,0,1358,17
1584503111.202257,10.10.0.10,173.194.187.70,,,37473,443,0,37,17
1584503111.2048602,173.194.187.70,10.10.0.10,,,443,37473,0,1358,17
1584503111.2093148,173.194.187.70,10.10.0.10,,,443,37473,0,1358,17
1584503111.21112,10.10.0.10,173.194.187.70,,,37473,443,0,37,17
1584503111.21377,173.194.187.70,10.10.0.10,,,443,37473,0,1358,17
1584503111.218217,173.194.187.70,10.10.0.10,,,443,37473,0,1358,17
1584503111.221126,10.10.0.10,173.194.187.70,,,37473,443,0,37,17
1584503111.2226772,173.194.187.70,10.10.0.10,,,443,37473,0,1358,17
1584503111.227134,173.194.187.70,10.10.0.10,,,443,37473,0,1358,17
1584503111.2291124,10.10.0.10,173.194.187.70,,,37473,443,0,37,17
1584503111.231585,173.194.187.70,10.10.0.10,,,443,37473,0,1358,17
1584503111.2360349,173.194.187.70,10.10.0.10,,,443,37473,0,1358,17
1584503111.237616,10.10.0.10,173.194.187.70,,,37473,443,0,37,17
1584503111.2404964,173.194.187.70,10.10.0.10,,,443,37473,0,1358,17
1584503111.24495,173.194.187.70,10.10.0.10,,,443,37473,0,1358,17
1584503111.246518,10.10.0.10,173.194.187.70,,,37473,443,0,37,17
1584503111.249417,173.194.187.70,10.10.0.10,,,443,37473,0,1358,17
1584503111.253858,173.194.187.70,10.10.0.10,,,443,37473,0,1358,17
1584503111.2553751,10.10.0.10,173.194.187.70,,,37473,443,0,37,17
1584503111.2583148,173.194.187.70,10.10.0.10,,,443,37473,0,1358,17
1584503111.262767,173.194.187.70,10.10.0.10,,,443,37473,0,1358,17
1584503111.265396,10.10.0.10,173.194.187.70,,,37473,443,0,37,17
1584503111.26723,173.194.187.70,10.10.0.10,,,443,37473,0,1358,17
1584503111.271679,173.194.187.70,10.10.0.10,,,443,37473,0,1358,17
1584503111.274249,10.10.0.10,173.194.187.70,,,37473,443,0,37,17
1584503111.2761242,173.194.187.70,10.10.0.10,,,443,37473,0,1358,17
1584503111.280585,173.194.187.70,10.10.0.10,,,443,37473,0,1358,17
1584503111.282642,10.10.0.10,173.194.187.70,,,37473,443,0,37,17
1584503111.285046,173.194.187.70,10.10.0.10,,,443,37473,0,1358,17
1584503111.289493,173.194.187.70,10.10.0.10,,,443,37473,0,1358,17
1584503111.291372,10.10.0.10,173.194.187.70,,,37473,443,0,37,17
1584503111.293947,173.194.187.70,10.10.0.10,,,443,37473,0,1358,17
1584503111.298416,173.194.187.70,10.10.0.10,,,443,37473,0,1358,17
1584503111.300267,10.10.0.10,173.194.187.70,,,37473,443,0,37,17
1584503111.302855,173.194.187.70,10.10.0.10,,,443,37473,0,1358,17
1584503111.3073108,173.194.187.70,10.10.0.10,,,443,37473,0,1358,17
1584503111.3088946,10.10.0.10,173.194.187.70,,,37473,443,0,37,17
1584503111.311766,173.194.187.70,10.10.0.10,,,443,37473,0,1358,17
1584503111.316214,173.194.187.70,10.10.0.10,,,443,37473,0,1358,17
1584503111.3179972,10.10.0.10,173.194.187.70,,,37473,443,0,37,17
1584503111.320674,173.194.187.70,10.10.0.10,,,443,37473,0,1358,17
1584503111.3251276,173.194.187.70,10.10.0.10,,,443,37473,0,1358,17
1584503111.3273911,10.10.0.10,173.194.187.70,,,37473,443,0,37,17
1584503111.329581,173.194.187.70,10.10.0.10,,,443,37473,0,1358,17
1584503111.3340428,173.194.187.70,10.10.0.10,,,443,37473,0,1358,17
1584503111.3356452,10.10.0.10,173.194.187.70,,,37473,443,0,37,17
1584503111.3384922,173.194.187.70,10.10.0.10,,,443,37473,0,1358,17
1584503111.3429458,173.194.187.70,10.10.0.10,,,443,37473,0,1358,17
1584503111.344496,10.10.0.10,173.194.187.70,,,37473,443,0,37,17
1584503111.3474178,173.194.187.70,10.10.0.10,,,443,37473,0,1358,17
1584503111.3518536,173.194.187.70,10.10.0.10,,,443,37473,0,1358,17
1584503111.353765,10.10.0.10,173.194.187.70,,,37473,443,0,50,17
1584503111.3563075,173.194.187.70,10.10.0.10,,,443,37473,0,1358,17
1584503111.3607645,173.194.187.70,10.10.0.10,,,443,37473,0,1358,17
1584503111.3627708,10.10.0.10,173.194.187.70,,,37473,443,0,37,17
1584503111.365227,173.194.187.70,10.10.0.10,,,443,37473,0,1358,17
1584503111.3696704,173.194.187.70,10.10.0.10,,,443,37473,0,1358,17
1584503111.372405,10.10.0.10,173.194.187.70,,,37473,443,0,37,17
1584503111.374125,173.194.187.70,10.10.0.10,,,443,37473,0,1358,17
1584503111.378584,173.194.187.70,10.10.0.10,,,443,37473,0,1358,17
1584503111.380265,10.10.0.10,173.194.187.70,,,37473,443,0,37,17
1584503111.383042,173.194.187.70,10.10.0.10,,,443,37473,0,1358,17
1584503111.387485,173.194.187.70,10.10.0.10,,,443,37473,0,1358,17
1584503111.389267,10.10.0.10,173.194.187.70,,,37473,443,0,37,17
1584503111.391941,173.194.187.70,10.10.0.10,,,443,37473,0,1358,17
1584503111.3964,173.194.187.70,10.10.0.10,,,443,37473,0,1358,17
1584503111.3978698,10.10.0.10,173.194.187.70,,,37473,443,0,37,17
1584503111.4008515,173.194.187.70,10.10.0.10,,,443,37473,0,1358,17
1584503111.4053082,173.194.187.70,10.10.0.10,,,443,37473,0,1358,17
1584503111.4078908,10.10.0.10,173.194.187.70,,,37473,443,0,37,17
1584503111.409761,173.194.187.70,10.10.0.10,,,443,37473,0,1358,17
1584503111.4142268,173.194.187.70,10.10.0.10,,,443,37473,0,1358,17
1584503111.416368,10.10.0.10,173.194.187.70,,,37473,443,0,37,17
1584503111.4186714,173.194.187.70,10.10.0.10,,,443,37473,0,1358,17
1584503111.423125,173.194.187.70,10.10.0.10,,,443,37473,0,1358,17
1584503111.4247642,10.10.0.10,173.194.187.70,,,37473,443,0,37,17
1584503111.427579,173.194.187.70,10.10.0.10,,,443,37473,0,1358,17
1584503111.4320278,173.194.187.70,10.10.0.10,,,443,37473,0,1358,17
1584503111.433642,10.10.0.10,173.194.187.70,,,37473,443,0,37,17
1584503111.4364898,173.194.187.70,10.10.0.10,,,443,37473,0,1358,17
1584503111.4409492,173.194.187.70,10.10.0.10,,,443,37473,0,1358,17
1584503111.442646,10.10.0.10,173.194.187.70,,,37473,443,0,37,17
1584503111.445412,173.194.187.70,10.10.0.10,,,443,37473,0,1358,17
1584503111.4498498,173.194.187.70,10.10.0.10,,,443,37473,0,1358,17
1584503111.451513,10.10.0.10,173.194.187.70,,,37473,443,0,37,17
1584503111.4543052,173.194.187.70,10.10.0.10,,,443,37473,0,1358,17
1584503111.458759,173.194.187.70,10.10.0.10,,,443,37473,0,1358,17
1584503111.4607642,10.10.0.10,173.194.187.70,,,37473,443,0,37,17
1584503111.463225,173.194.187.70,10.10.0.10,,,443,37473,0,1358,17
1584503111.467672,173.194.187.70,10.10.0.10,,,443,37473,0,1358,17
1584503111.469242,10.10.0.10,173.194.187.70,,,37473,443,0,37,17
1584503111.472118,173.194.187.70,10.10.0.10,,,443,37473,0,1358,17
1584503111.476578,173.194.187.70,10.10.0.10,,,443,37473,0,1358,17
1584503111.4791172,10.10.0.10,173.194.187.70,,,37473,443,0,37,17
1584503111.48104,173.194.187.70,10.10.0.10,,,443,37473,0,1358,17
1584503111.485487,173.194.187.70,10.10.0.10,,,443,37473,0,1358,17
1584503111.487386,10.10.0.10,173.194.187.70,,,37473,443,0,37,17
1584503111.4899359,173.194.187.70,10.10.0.10,,,443,37473,0,1358,17
1584503111.494411,173.194.187.70,10.10.0.10,,,443,37473,0,1358,17
1584503111.496232,10.10.0.10,173.194.187.70,,,37473,443,0,37,17
1584503111.49885,173.194.187.70,10.10.0.10,,,443,37473,0,1358,17
1584503111.5033028,173.194.187.70,10.10.0.10,,,443,37473,0,1358,17
1584503111.504742,10.10.0.10,173.194.187.70,,,37473,443,0,37,17
1584503111.50776,173.194.187.70,10.10.0.10,,,443,37473,0,1358,17
1584503111.512208,173.194.187.70,10.10.0.10,,,443,37473,0,1358,17
1584503111.5144932,10.10.0.10,173.194.187.70,,,37473,443,0,37,17
1584503111.516669,173.194.187.70,10.10.0.10,,,443,37473,0,1358,17
1584503111.521122,173.194.187.70,10.10.0.10,,,443,37473,0,1358,17
1584503111.523116,10.10.0.10,173.194.187.70,,,37473,443,0,37,17
1584503111.5255759,173.194.187.70,10.10.0.10,,,443,37473,0,1358,17
1584503111.530038,173.194.187.70,10.10.0.10,,,443,37473,0,1358,17
1584503111.532135,10.10.0.10,173.194.187.70,,,37473,443,0,50,17
1584503111.5344849,173.194.187.70,10.10.0.10,,,443,37473,0,1358,17
1584503111.538942,173.194.187.70,10.10.0.10,,,443,37473,0,1358,17
1584503111.54124,10.10.0.10,173.194.187.70,,,37473,443,0,37,17
1584503111.5434108,173.194.187.70,10.10.0.10,,,443,37473,0,1358,17
1584503111.547848,173.194.187.70,10.10.0.10,,,443,37473,0,1358,17
1584503111.54951,10.10.0.10,173.194.187.70,,,37473,443,0,37,17
1584503111.5522988,173.194.187.70,10.10.0.10,,,443,37473,0,1358,17
1584503111.5567582,173.194.187.70,10.10.0.10,,,443,37473,0,29,17
1584503111.55695,173.194.187.70,10.10.0.10,,,443,37473,0,1358,17
1584503111.558746,10.10.0.10,173.194.187.70,,,37473,443,0,37,17
1584503111.561409,173.194.187.70,10.10.0.10,,,443,37473,0,1358,17
1584503111.5658689,173.194.187.70,10.10.0.10,,,443,37473,0,1358,17
1584503111.5674882,10.10.0.10,173.194.187.70,,,37473,443,0,37,17
1584503111.5703206,173.194.187.70,10.10.0.10,,,443,37473,0,1358,17
1584503111.574786,173.194.187.70,10.10.0.10,,,443,37473,0,1358,17
1584503111.5772731,10.10.0.10,173.194.187.70,,,37473,443,0,37,17
1584503111.579231,173.194.187.70,10.10.0.10,,,443,37473,0,1358,17
1584503111.5836852,173.194.187.70,10.10.0.10,,,443,37473,0,1358,17
1584503111.5853848,10.10.0.10,173.194.187.70,,,37473,443,0,37,17
1584503111.588134,173.194.187.70,10.10.0.10,,,443,37473,0,1358,17
1584503111.592597,173.194.187.70,10.10.0.10,,,443,37473,0,1358,17
1584503111.594134,10.10.0.10,173.194.187.70,,,37473,443,0,37,17
1584503111.597049,173.194.187.70,10.10.0.10,,,443,37473,0,1358,17
1584503111.6015036,173.194.187.70,10.10.0.10,,,443,37473,0,1358,17
1584503111.6037529,10.10.0.10,173.194.187.70,,,37473,443,0,37,17
1584503111.6059706,173.194.187.70,10.10.0.10,,,443,37473,0,1358,17
1584503111.610411,173.194.187.70,10.10.0.10,,,443,37473,0,1358,17
1584503111.612103,10.10.0.10,173.194.187.70,,,37473,443,0,37,17
1584503111.614865,173.194.187.70,10.10.0.10,,,443,37473,0,1358,17
1584503111.619318,173.194.187.70,10.10.0.10,,,443,37473,0,1358,17
1584503111.6212602,10.10.0.10,173.194.187.70,,,37473,443,0,37,17
1584503111.623785,173.194.187.70,10.10.0.10,,,443,37473,0,1358,17
1584503111.6282248,173.194.187.70,10.10.0.10,,,443,37473,0,1358,17
1584503111.630382,10.10.0.10,173.194.187.70,,,37473,443,0,37,17
1584503111.6326973,173.194.187.70,10.10.0.10,,,443,37473,0,1358,17
1584503111.6371572,173.194.187.70,10.10.0.10,,,443,37473,0,1358,17
1584503111.638862,10.10.0.10,173.194.187.70,,,37473,443,0,37,17
1584503111.641595,173.194.187.70,10.10.0.10,,,443,37473,0,1358,17
1584503111.646048,173.194.187.70,10.10.0.10,,,443,37473,0,1358,17
1584503111.647506,10.10.0.10,173.194.187.70,,,37473,443,0,37,17
1584503111.650502,173.194.187.70,10.10.0.10,,,443,37473,0,1358,17
1584503111.654969,173.194.187.70,10.10.0.10,,,443,37473,0,1358,17
1584503111.656356,10.10.0.10,173.194.187.70,,,37473,443,0,37,17
1584503111.659409,173.194.187.70,10.10.0.10,,,443,37473,0,1358,17
1584503111.6638641,173.194.187.70,10.10.0.10,,,443,37473,0,1358,17
1584503111.6659696,10.10.0.10,173.194.187.70,,,37473,443,0,37,17
1584503111.6683302,173.194.187.70,10.10.0.10,,,443,37473,0,1358,17
1584503111.672785,173.194.187.70,10.10.0.10,,,443,37473,0,1358,17
1584503111.6744866,10.10.0.10,173.194.187.70,,,37473,443,0,37,17
1584503111.6772268,173.194.187.70,10.10.0.10,,,443,37473,0,1358,17
1584503111.6816812,173.194.187.70,10.10.0.10,,,443,37473,0,1358,17
1584503111.6843832,10.10.0.10,173.194.187.70,,,37473,443,0,37,17
1584503111.686135,173.194.187.70,10.10.0.10,,,443,37473,0,1358,17
1584503111.690593,173.194.187.70,10.10.0.10,,,443,37473,0,1358,17
1584503111.692235,10.10.0.10,173.194.187.70,,,37473,443,0,37,17
1584503111.6950438,173.194.187.70,10.10.0.10,,,443,37473,0,1358,17
1584503111.6994991,173.194.187.70,10.10.0.10,,,443,37473,0,1358,17
1584503111.70211,10.10.0.10,173.194.187.70,,,37473,443,0,37,17
1584503111.703954,173.194.187.70,10.10.0.10,,,443,37473,0,1358,17
1584503111.7084038,173.194.187.70,10.10.0.10,,,443,37473,0,1358,17
1584503111.709856,10.10.0.10,173.194.187.70,,,37473,443,0,50,17
1584503111.712859,173.194.187.70,10.10.0.10,,,443,37473,0,1358,17
1584503111.717315,173.194.187.70,10.10.0.10,,,443,37473,0,1358,17
1584503111.71921,10.10.0.10,173.194.187.70,,,37473,443,0,37,17
1584503111.721766,173.194.187.70,10.10.0.10,,,443,37473,0,1358,17
1584503111.726219,173.194.187.70,10.10.0.10,,,443,37473,0,1358,17
1584503111.727979,10.10.0.10,173.194.187.70,,,37473,443,0,37,17
1584503111.730674,173.194.187.70,10.10.0.10,,,443,37473,0,1358,17
1584503111.735128,173.194.187.70,10.10.0.10,,,443,37473,0,1358,17
1584503111.737352,10.10.0.10,173.194.187.70,,,37473,443,0,37,17
1584503111.739581,173.194.187.70,10.10.0.10,,,443,37473,0,1358,17
1584503111.7440355,173.194.187.70,10.10.0.10,,,443,37473,0,1358,17
1584503111.747618,10.10.0.10,173.194.187.70,,,37473,443,0,37,17
1584503111.7484932,173.194.187.70,10.10.0.10,,,443,37473,0,1358,17
1584503111.752944,173.194.187.70,10.10.0.10,,,443,37473,0,1358,17
1584503111.754633,10.10.0.10,173.194.187.70,,,37473,443,0,37,17
1584503111.757401,173.194.187.70,10.10.0.10,,,443,37473,0,1358,17
1584503111.761856,173.194.187.70,10.10.0.10,,,443,37473,0,1358,17
1584503111.7634842,10.10.0.10,173.194.187.70,,,37473,443,0,37,17
1584503111.7663238,173.194.187.70,10.10.0.10,,,443,37473,0,1358,17
1584503111.7707634,173.194.187.70,10.10.0.10,,,443,37473,0,1358,17
1584503111.772984,10.10.0.10,173.194.187.70,,,37473,443,0,37,17
1584503111.775221,173.194.187.70,10.10.0.10,,,443,37473,0,1358,17
1584503111.779681,173.194.187.70,10.10.0.10,,,443,37473,0,1358,17
1584503111.782108,10.10.0.10,173.194.187.70,,,37473,443,0,37,17
1584503111.784128,173.194.187.70,10.10.0.10,,,443,37473,0,1358,17
1584503111.788584,173.194.187.70,10.10.0.10,,,443,37473,0,1358,17
1584503111.790074,10.10.0.10,173.194.187.70,,,37473,443,0,37,17
1584503111.79304,173.194.187.70,10.10.0.10,,,443,37473,0,1358,17
1584503111.7974901,173.194.187.70,10.10.0.10,,,443,37473,0,1358,17
1584503111.799974,10.10.0.10,173.194.187.70,,,37473,443,0,37,17
1584503111.801943,173.194.187.70,10.10.0.10,,,443,37473,0,1358,17
1584503111.806401,173.194.187.70,10.10.0.10,,,443,37473,0,1358,17
1584503111.8083582,10.10.0.10,173.194.187.70,,,37473,443,0,37,17
1584503111.810853,173.194.187.70,10.10.0.10,,,443,37473,0,1358,17
1584503111.8153224,173.194.187.70,10.10.0.10,,,443,37473,0,1358,17
1584503111.8168776,10.10.0.10,173.194.187.70,,,37473,443,0,37,17
1584503111.819762,173.194.187.70,10.10.0.10,,,443,37473,0,1358,17
1584503111.824214,173.194.187.70,10.10.0.10,,,443,37473,0,1358,17
1584503111.825982,10.10.0.10,173.194.187.70,,,37473,443,0,37,17
1584503111.828678,173.194.187.70,10.10.0.10,,,443,37473,0,1358,17
1584503111.8331509,173.194.187.70,10.10.0.10,,,443,37473,0,1358,17
1584503111.8352518,10.10.0.10,173.194.187.70,,,37473,443,0,37,17
1584503111.837589,173.194.187.70,10.10.0.10,,,443,37473,0,1358,17
1584503111.842039,173.194.187.70,10.10.0.10,,,443,37473,0,1358,17
1584503111.8436108,10.10.0.10,173.194.187.70,,,37473,443,0,37,17
1584503111.8464909,173.194.187.70,10.10.0.10,,,443,37473,0,1358,17
1584503111.850944,173.194.187.70,10.10.0.10,,,443,37473,0,1358,17
1584503111.8524704,10.10.0.10,173.194.187.70,,,37473,443,0,37,17
1584503111.855394,173.194.187.70,10.10.0.10,,,443,37473,0,1358,17
1584503111.8598518,173.194.187.70,10.10.0.10,,,443,37473,0,1358,17
1584503111.8618748,10.10.0.10,173.194.187.70,,,37473,443,0,37,17
1584503111.864305,173.194.187.70,10.10.0.10,,,443,37473,0,1358,17
1584503111.8687599,173.194.187.70,10.10.0.10,,,443,37473,0,1358,17
1584503111.870359,10.10.0.10,173.194.187.70,,,37473,443,0,37,17
1584503111.873216,173.194.187.70,10.10.0.10,,,443,37473,0,1358,17
1584503111.877672,173.194.187.70,10.10.0.10,,,443,37473,0,1358,17
1584503111.8792508,10.10.0.10,173.194.187.70,,,37473,443,0,37,17
1584503111.882138,173.194.187.70,10.10.0.10,,,443,37473,0,1358,17
1584503111.886591,173.194.187.70,10.10.0.10,,,443,37473,0,1358,17
1584503111.890111,10.10.0.10,173.194.187.70,,,37473,443,0,50,17
1584503111.8910394,173.194.187.70,10.10.0.10,,,443,37473,0,1358,17
1584503111.895488,173.194.187.70,10.10.0.10,,,443,37473,0,1358,17
1584503111.89784,10.10.0.10,173.194.187.70,,,37473,443,0,37,17
1584503111.8999572,173.194.187.70,10.10.0.10,,,443,37473,0,1358,17
1584503111.904392,173.194.187.70,10.10.0.10,,,443,37473,0,1358,17
1584503111.905992,10.10.0.10,173.194.187.70,,,37473,443,0,37,17
1584503111.90885,173.194.187.70,10.10.0.10,,,443,37473,0,1358,17
1584503111.9133158,173.194.187.70,10.10.0.10,,,443,37473,0,29,17
1584503111.913503,173.194.187.70,10.10.0.10,,,443,37473,0,1358,17
1584503111.915949,10.10.0.10,173.194.187.70,,,37473,443,0,37,17
1584503111.91796,173.194.187.70,10.10.0.10,,,443,37473,0,1358,17
1584503111.922415,173.194.187.70,10.10.0.10,,,443,37473,0,1358,17
1584503111.9239645,10.10.0.10,173.194.187.70,,,37473,443,0,37,17
1584503111.926883,173.194.187.70,10.10.0.10,,,443,37473,0,1358,17
1584503111.9313242,173.194.187.70,10.10.0.10,,,443,37473,0,1358,17
1584503111.933858,10.10.0.10,173.194.187.70,,,37473,443,0,37,17
1584503111.935778,173.194.187.70,10.10.0.10,,,443,37473,0,1358,17
1584503111.940233,173.194.187.70,10.10.0.10,,,443,37473,0,1358,17
1584503111.942749,10.10.0.10,173.194.187.70,,,37473,443,0,37,17
1584503111.944689,173.194.187.70,10.10.0.10,,,443,37473,0,1358,17
1584503111.9491448,173.194.187.70,10.10.0.10,,,443,37473,0,1358,17
1584503111.950723,10.10.0.10,173.194.187.70,,,37473,443,0,37,17
1584503111.9536018,173.194.187.70,10.10.0.10,,,443,37473,0,1358,17
1584503111.95805,173.194.187.70,10.10.0.10,,,443,37473,0,1358,17
1584503111.959854,10.10.0.10,173.194.187.70,,,37473,443,0,37,17
1584503111.962504,173.194.187.70,10.10.0.10,,,443,37473,0,1358,17
1584503111.9669619,173.194.187.70,10.10.0.10,,,443,37473,0,1358,17
1584503111.971415,173.194.187.70,10.10.0.10,,,443,37473,0,1358,17
1584503111.9758828,173.194.187.70,10.10.0.10,,,443,37473,0,1358,17
1584503111.9803238,173.194.187.70,10.10.0.10,,,443,37473,0,1358,17
1584503111.984782,173.194.187.70,10.10.0.10,,,443,37473,0,1358,17
1584503111.989238,173.194.187.70,10.10.0.10,,,443,37473,0,1358,17
1584503111.994857,10.10.0.10,173.194.187.70,,,37473,443,0,37,17
1584503111.9987464,10.10.0.10,173.194.187.70,,,37473,443,0,37,17
1584503111.9992108,173.194.187.70,10.10.0.10,,,443,37473,0,1358,17
1584503112.000977,10.10.0.10,173.194.187.70,,,37473,443,0,37,17
1584503112.001354,10.10.0.10,173.194.187.70,,,37473,443,0,37,17
1584503112.0034199,173.194.187.70,10.10.0.10,,,443,37473,0,1358,17
1584503112.008456,173.194.187.70,10.10.0.10,,,443,37473,0,1358,17
1584503112.0084908,173.194.187.70,10.10.0.10,,,443,37473,0,1358,17
1584503112.010247,10.10.0.10,173.194.187.70,,,37473,443,0,37,17
1584503112.0153642,173.194.187.70,10.10.0.10,,,443,37473,0,1358,17
1584503112.016709,173.194.187.70,10.10.0.10,,,443,37473,0,1358,17
1584503112.01773,10.10.0.10,173.194.187.70,,,37473,443,0,37,17
1584503112.022191,173.194.187.70,10.10.0.10,,,443,37473,0,1358,17
1584503112.023727,10.10.0.10,173.194.187.70,,,37473,443,0,37,17
1584503112.0256178,173.194.187.70,10.10.0.10,,,443,37473,0,1358,17
1584503112.030084,173.194.187.70,10.10.0.10,,,443,37473,0,1358,17
1584503112.0316026,10.10.0.10,173.194.187.70,,,37473,443,0,37,17
1584503112.0345302,173.194.187.70,10.10.0.10,,,443,37473,0,1358,17
1584503112.038975,173.194.187.70,10.10.0.10,,,443,37473,0,1358,17
1584503112.04137,10.10.0.10,173.194.187.70,,,37473,443,0,37,17
1584503112.043436,173.194.187.70,10.10.0.10,,,443,37473,0,1358,17
1584503112.0478988,173.194.187.70,10.10.0.10,,,443,37473,0,1358,17
1584503112.0503502,10.10.0.10,173.194.187.70,,,37473,443,0,37,17
1584503112.052345,173.194.187.70,10.10.0.10,,,443,37473,0,1358,17
1584503112.0568,173.194.187.70,10.10.0.10,,,443,37473,0,1358,17
1584503112.0584738,10.10.0.10,173.194.187.70,,,37473,443,0,37,17
1584503112.061267,173.194.187.70,10.10.0.10,,,443,37473,0,1358,17
1584503112.0657082,173.194.187.70,10.10.0.10,,,443,37473,0,1358,17
1584503112.0674946,10.10.0.10,173.194.187.70,,,37473,443,0,50,17
1584503112.07016,173.194.187.70,10.10.0.10,,,443,37473,0,1358,17
1584503112.074616,173.194.187.70,10.10.0.10,,,443,37473,0,1358,17
1584503112.076369,10.10.0.10,173.194.187.70,,,37473,443,0,37,17
1584503112.0790842,173.194.187.70,10.10.0.10,,,443,37473,0,1358,17
1584503112.083532,173.194.187.70,10.10.0.10,,,443,37473,0,1358,17
1584503112.085122,10.10.0.10,173.194.187.70,,,37473,443,0,37,17
1584503112.087978,173.194.187.70,10.10.0.10,,,443,37473,0,1358,17
1584503112.092434,173.194.187.70,10.10.0.10,,,443,37473,0,29,17
1584503112.092626,173.194.187.70,10.10.0.10,,,443,37473,0,1358,17
1584503112.0951214,10.10.0.10,173.194.187.70,,,37473,443,0,37,17
1584503112.097084,173.194.187.70,10.10.0.10,,,443,37473,0,1358,17
1584503112.101544,173.194.187.70,10.10.0.10,,,443,37473,0,1358,17
1584503112.1034908,10.10.0.10,173.194.187.70,,,37473,443,0,37,17
1584503112.1059961,173.194.187.70,10.10.0.10,,,443,37473,0,1358,17
1584503112.110457,173.194.187.70,10.10.0.10,,,443,37473,0,1358,17
1584503112.112348,10.10.0.10,173.194.187.70,,,37473,443,0,37,17
1584503112.1149054,173.194.187.70,10.10.0.10,,,443,37473,0,1358,17
1584503112.1193619,173.194.187.70,10.10.0.10,,,443,37473,0,1358,17
1584503112.1208491,10.10.0.10,173.194.187.70,,,37473,443,0,37,17
1584503112.123831,173.194.187.70,10.10.0.10,,,443,37473,0,1358,17
1584503112.128266,173.194.187.70,10.10.0.10,,,443,37473,0,1358,17
1584503112.129848,10.10.0.10,173.194.187.70,,,37473,443,0,37,17
1584503112.1327238,173.194.187.70,10.10.0.10,,,443,37473,0,1358,17
1584503112.137178,173.194.187.70,10.10.0.10,,,443,37473,0,1358,17
1584503112.1392221,10.10.0.10,173.194.187.70,,,37473,443,0,37,17
1584503112.1416461,173.194.187.70,10.10.0.10,,,443,37473,0,1358,17
1584503112.14609,173.194.187.70,10.10.0.10,,,443,37473,0,1358,17
1584503112.1477242,10.10.0.10,173.194.187.70,,,37473,443,0,37,17
1584503112.150541,173.194.187.70,10.10.0.10,,,443,37473,0,1358,17
1584503112.154994,173.194.187.70,10.10.0.10,,,443,37473,0,1358,17
1584503112.1568675,10.10.0.10,173.194.187.70,,,37473,443,0,37,17
1584503112.159455,173.194.187.70,10.10.0.10,,,443,37473,0,1358,17
1584503112.1639054,173.194.187.70,10.10.0.10,,,443,37473,0,1358,17
1584503112.165714,10.10.0.10,173.194.187.70,,,37473,443,0,37,17
1584503112.168355,173.194.187.70,10.10.0.10,,,443,37473,0,1358,17
1584503112.17283,173.194.187.70,10.10.0.10,,,443,37473,0,1358,17
1584503112.17537,10.10.0.10,173.194.187.70,,,37473,443,0,37,17
1584503112.1772704,173.194.187.70,10.10.0.10,,,443,37473,0,1358,17
1584503112.181724,173.194.187.70,10.10.0.10,,,443,37473,0,1358,17
1584503112.183866,10.10.0.10,173.194.187.70,,,37473,443,0,37,17
1584503112.186179,173.194.187.70,10.10.0.10,,,443,37473,0,1358,17
1584503112.1906452,173.194.187.70,10.10.0.10,,,443,37473,0,1358,17
1584503112.192616,10.10.0.10,173.194.187.70,,,37473,443,0,37,17
1584503112.195085,173.194.187.70,10.10.0.10,,,443,37473,0,1358,17
1584503112.199541,173.194.187.70,10.10.0.10,,,443,37473,0,1358,17
1584503112.201241,10.10.0.10,173.194.187.70,,,37473,443,0,37,17
1584503112.20399,173.194.187.70,10.10.0.10,,,443,37473,0,1358,17
1584503112.208458,173.194.187.70,10.10.0.10,,,443,37473,0,1358,17
1584503112.2099962,10.10.0.10,173.194.187.70,,,37473,443,0,37,17
1584503112.212903,173.194.187.70,10.10.0.10,,,443,37473,0,1358,17
1584503112.217359,173.194.187.70,10.10.0.10,,,443,37473,0,1358,17
1584503112.2189698,10.10.0.10,173.194.187.70,,,37473,443,0,37,17
1584503112.2218294,173.194.187.70,10.10.0.10,,,443,37473,0,1358,17
1584503112.2262702,173.194.187.70,10.10.0.10,,,443,37473,0,1358,17
1584503112.22774,10.10.0.10,173.194.187.70,,,37473,443,0,37,17
1584503112.230721,173.194.187.70,10.10.0.10,,,443,37473,0,1358,17
1584503112.235177,173.194.187.70,10.10.0.10,,,443,37473,0,1358,17
1584503112.2368536,10.10.0.10,173.194.187.70,,,37473,443,0,37,17
1584503112.239642,173.194.187.70,10.10.0.10,,,443,37473,0,1358,17
1584503112.2440786,173.194.187.70,10.10.0.10,,,443,37473,0,1358,17
1584503112.245595,10.10.0.10,173.194.187.70,,,37473,443,0,50,17
1584503112.248539,173.194.187.70,10.10.0.10,,,443,37473,0,1358,17
1584503112.253015,173.194.187.70,10.10.0.10,,,443,37473,0,1358,17
1584503112.254615,10.10.0.10,173.194.187.70,,,37473,443,0,37,17
1584503112.2574532,173.194.187.70,10.10.0.10,,,443,37473,0,1358,17
1584503112.2618976,173.194.187.70,10.10.0.10,,,443,37473,0,1358,17
1584503112.26349,10.10.0.10,173.194.187.70,,,37473,443,0,37,17
1584503112.26636,173.194.187.70,10.10.0.10,,,443,37473,0,1358,17
1584503112.270823,173.194.187.70,10.10.0.10,,,443,37473,0,1358,17
1584503112.272342,10.10.0.10,173.194.187.70,,,37473,443,0,37,17
1584503112.2752588,173.194.187.70,10.10.0.10,,,443,37473,0,1358,17
1584503112.2797198,173.194.187.70,10.10.0.10,,,443,37473,0,1358,17
1584503112.281474,10.10.0.10,173.194.187.70,,,37473,443,0,37,17
1584503112.284168,173.194.187.70,10.10.0.10,,,443,37473,0,1358,17
1584503112.288641,173.194.187.70,10.10.0.10,,,443,37473,0,1358,17
1584503112.290239,10.10.0.10,173.194.187.70,,,37473,443,0,37,17
1584503112.293082,173.194.187.70,10.10.0.10,,,443,37473,0,1358,17
1584503112.297539,173.194.187.70,10.10.0.10,,,443,37473,0,1358,17
1584503112.3010929,10.10.0.10,173.194.187.70,,,37473,443,0,37,17
1584503112.3020134,173.194.187.70,10.10.0.10,,,443,37473,0,1358,17
1584503112.306441,173.194.187.70,10.10.0.10,,,443,37473,0,1358,17
1584503112.30886,10.10.0.10,173.194.187.70,,,37473,443,0,37,17
1584503112.3109012,173.194.187.70,10.10.0.10,,,443,37473,0,1358,17
1584503112.3153572,173.194.187.70,10.10.0.10,,,443,37473,0,1358,17
1584503112.3171198,10.10.0.10,173.194.187.70,,,37473,443,0,37,17
1584503112.319807,173.194.187.70,10.10.0.10,,,443,37473,0,1358,17
1584503112.3242588,173.194.187.70,10.10.0.10,,,443,37473,0,1358,17
1584503112.326083,10.10.0.10,173.194.187.70,,,37473,443,0,37,17
1584503112.3287182,173.194.187.70,10.10.0.10,,,443,37473,0,1358,17
1584503112.3331714,173.194.187.70,10.10.0.10,,,443,37473,0,1358,17
1584503112.334987,10.10.0.10,173.194.187.70,,,37473,443,0,37,17
1584503112.33764,173.194.187.70,10.10.0.10,,,443,37473,0,1358,17
1584503112.34208,173.194.187.70,10.10.0.10,,,443,37473,0,1358,17
1584503112.3436108,10.10.0.10,173.194.187.70,,,37473,443,0,37,17
1584503112.3465366,173.194.187.70,10.10.0.10,,,443,37473,0,1358,17
1584503112.351016,173.194.187.70,10.10.0.10,,,443,37473,0,1358,17
1584503112.3529882,10.10.0.10,173.194.187.70,,,37473,443,0,37,17
1584503112.355449,173.194.187.70,10.10.0.10,,,443,37473,0,1358,17
1584503112.359895,173.194.187.70,10.10.0.10,,,443,37473,0,1358,17
1584503112.361614,10.10.0.10,173.194.187.70,,,37473,443,0,37,17
1584503112.3643491,173.194.187.70,10.10.0.10,,,443,37473,0,1358,17
1584503112.3688214,173.194.187.70,10.10.0.10,,,443,37473,0,1358,17
1584503112.370341,10.10.0.10,173.194.187.70,,,37473,443,0,37,17
1584503112.373264,173.194.187.70,10.10.0.10,,,443,37473,0,1358,17
1584503112.3777149,173.194.187.70,10.10.0.10,,,443,37473,0,1358,17
1584503112.3792348,10.10.0.10,173.194.187.70,,,37473,443,0,37,17
1584503112.38217,173.194.187.70,10.10.0.10,,,443,37473,0,1358,17
1584503112.386624,173.194.187.70,10.10.0.10,,,443,37473,0,1358,17
1584503112.3883429,10.10.0.10,173.194.187.70,,,37473,443,0,37,17
1584503112.391078,173.194.187.70,10.10.0.10,,,443,37473,0,1358,17
1584503112.395535,173.194.187.70,10.10.0.10,,,443,37473,0,1358,17
1584503112.397611,10.10.0.10,173.194.187.70,,,37473,443,0,37,17
1584503112.399983,173.194.187.70,10.10.0.10,,,443,37473,0,1358,17
1584503112.404438,173.194.187.70,10.10.0.10,,,443,37473,0,1358,17
1584503112.40609,10.10.0.10,173.194.187.70,,,37473,443,0,37,17
1584503112.4088962,173.194.187.70,10.10.0.10,,,443,37473,0,1358,17
1584503112.4133475,173.194.187.70,10.10.0.10,,,443,37473,0,1358,17
1584503112.415592,10.10.0.10,173.194.187.70,,,37473,443,0,37,17
1584503112.417823,173.194.187.70,10.10.0.10,,,443,37473,0,1358,17
1584503112.4222622,173.194.187.70,10.10.0.10,,,443,37473,0,1358,17
1584503112.423984,10.10.0.10,173.194.187.70,,,37473,443,0,50,17
1584503112.426714,173.194.187.70,10.10.0.10,,,443,37473,0,1358,17
1584503112.431168,173.194.187.70,10.10.0.10,,,443,37473,0,1358,17
1584503112.43284,10.10.0.10,173.194.187.70,,,37473,443,0,37,17
1584503112.4356358,173.194.187.70,10.10.0.10,,,443,37473,0,1358,17
1584503112.440072,173.194.187.70,10.10.0.10,,,443,37473,0,1358,17
1584503112.4418616,10.10.0.10,173.194.187.70,,,37473,443,0,37,17
1584503112.444531,173.194.187.70,10.10.0.10,,,443,37473,0,1358,17
1584503112.449008,173.194.187.70,10.10.0.10,,,443,37473,0,1358,17
1584503112.451708,10.10.0.10,173.194.187.70,,,37473,443,0,37,17
1584503112.4534461,173.194.187.70,10.10.0.10,,,443,37473,0,1358,17
1584503112.4578981,173.194.187.70,10.10.0.10,,,443,37473,0,1358,17
1584503112.459337,10.10.0.10,173.194.187.70,,,37473,443,0,37,17
1584503112.462352,173.194.187.70,10.10.0.10,,,443,37473,0,1358,17
1584503112.4668198,173.194.187.70,10.10.0.10,,,443,37473,0,1358,17
1584503112.4684632,10.10.0.10,173.194.187.70,,,37473,443,0,37,17
1584503112.47126,173.194.187.70,10.10.0.10,,,443,37473,0,1358,17
1584503112.4757118,173.194.187.70,10.10.0.10,,,443,37473,0,1358,17
1584503112.47724,10.10.0.10,173.194.187.70,,,37473,443,0,37,17
1584503112.480162,173.194.187.70,10.10.0.10,,,443,37473,0,1358,17
1584503112.4846349,173.194.187.70,10.10.0.10,,,443,37473,0,1358,17
1584503112.4863381,10.10.0.10,173.194.187.70,,,37473,443,0,37,17
1584503112.489076,173.194.187.70,10.10.0.10,,,443,37473,0,1358,17
1584503112.4935322,173.194.187.70,10.10.0.10,,,443,37473,0,1358,17
1584503112.495372,10.10.0.10,173.194.187.70,,,37473,443,0,37,17
1584503112.498007,173.194.187.70,10.10.0.10,,,443,37473,0,1358,17
1584503112.502456,173.194.187.70,10.10.0.10,,,443,37473,0,1358,17
1584503112.5047119,10.10.0.10,173.194.187.70,,,37473,443,0,37,17
1584503112.506896,173.194.187.70,10.10.0.10,,,443,37473,0,1358,17
1584503112.5113478,173.194.187.70,10.10.0.10,,,443,37473,0,1358,17
1584503112.5131092,10.10.0.10,173.194.187.70,,,37473,443,0,37,17
1584503112.515801,173.194.187.70,10.10.0.10,,,443,37473,0,1358,17
1584503112.520257,173.194.187.70,10.10.0.10,,,443,37473,0,1358,17
1584503112.5219555,10.10.0.10,173.194.187.70,,,37473,443,0,37,17
1584503112.5247102,173.194.187.70,10.10.0.10,,,443,37473,0,1358,17
1584503112.529167,173.194.187.70,10.10.0.10,,,443,37473,0,1358,17
1584503112.530712,10.10.0.10,173.194.187.70,,,37473,443,0,37,17
1584503112.533619,173.194.187.70,10.10.0.10,,,443,37473,0,1358,17
1584503112.538069,173.194.187.70,10.10.0.10,,,443,37473,0,1358,17
1584503112.539711,10.10.0.10,173.194.187.70,,,37473,443,0,37,17
1584503112.542528,173.194.187.70,10.10.0.10,,,443,37473,0,1358,17
1584503112.5470061,173.194.187.70,10.10.0.10,,,443,37473,0,1358,17
1584503112.548856,10.10.0.10,173.194.187.70,,,37473,443,0,37,17
1584503112.5514429,173.194.187.70,10.10.0.10,,,443,37473,0,1358,17
1584503112.5558918,173.194.187.70,10.10.0.10,,,443,37473,0,1358,17
1584503112.557585,10.10.0.10,173.194.187.70,,,37473,443,0,37,17
1584503112.560342,173.194.187.70,10.10.0.10,,,443,37473,0,1358,17
1584503112.564816,173.194.187.70,10.10.0.10,,,443,37473,0,1358,17
1584503112.567114,10.10.0.10,173.194.187.70,,,37473,443,0,37,17
1584503112.56926,173.194.187.70,10.10.0.10,,,443,37473,0,1358,17
1584503112.57371,173.194.187.70,10.10.0.10,,,443,37473,0,1358,17
1584503112.5760796,10.10.0.10,173.194.187.70,,,37473,443,0,37,17
1584503112.578166,173.194.187.70,10.10.0.10,,,443,37473,0,1358,17
1584503112.582633,173.194.187.70,10.10.0.10,,,443,37473,0,1358,17
1584503112.584359,10.10.0.10,173.194.187.70,,,37473,443,0,37,17
1584503112.5870721,173.194.187.70,10.10.0.10,,,443,37473,0,1358,17
1584503112.591527,173.194.187.70,10.10.0.10,,,443,37473,0,1358,17
1584503112.5929651,10.10.0.10,173.194.187.70,,,37473,443,0,37,17
1584503112.595977,173.194.187.70,10.10.0.10,,,443,37473,0,1358,17
1584503112.600441,173.194.187.70,10.10.0.10,,,443,37473,0,1358,17
1584503112.6024814,10.10.0.10,173.194.187.70,,,37473,443,0,50,17
1584503112.60489,173.194.187.70,10.10.0.10,,,443,37473,0,1358,17
1584503112.609349,173.194.187.70,10.10.0.10,,,443,37473,0,1358,17
1584503112.6111062,10.10.0.10,173.194.187.70,,,37473,443,0,37,17
1584503112.6138,173.194.187.70,10.10.0.10,,,443,37473,0,1358,17
1584503112.618259,173.194.187.70,10.10.0.10,,,443,37473,0,1358,17
1584503112.619852,10.10.0.10,173.194.187.70,,,37473,443,0,37,17
1584503112.6227078,173.194.187.70,10.10.0.10,,,443,37473,0,1358,17
1584503112.627166,173.194.187.70,10.10.0.10,,,443,37473,0,1358,17
1584503112.628959,10.10.0.10,173.194.187.70,,,37473,443,0,37,17
1584503112.6316302,173.194.187.70,10.10.0.10,,,443,37473,0,1358,17
1584503112.636066,173.194.187.70,10.10.0.10,,,443,37473,0,1358,17
1584503112.639192,10.10.0.10,173.194.187.70,,,37473,443,0,37,17
1584503112.640521,173.194.187.70,10.10.0.10,,,443,37473,0,1358,17
1584503112.644988,173.194.187.70,10.10.0.10,,,443,37473,0,1358,17
1584503112.64693,10.10.0.10,173.194.187.70,,,37473,443,0,37,17
1584503112.649428,173.194.187.70,10.10.0.10,,,443,37473,0,1358,17
1584503112.6538892,173.194.187.70,10.10.0.10,,,443,37473,0,1358,17
1584503112.6557288,10.10.0.10,173.194.187.70,,,37473,443,0,37,17
1584503112.658344,173.194.187.70,10.10.0.10,,,443,37473,0,1358,17
1584503112.662819,173.194.187.70,10.10.0.10,,,443,37473,0,1358,17
1584503112.6645892,10.10.0.10,173.194.187.70,,,37473,443,0,37,17
1584503112.667254,173.194.187.70,10.10.0.10,,,443,37473,0,1358,17
1584503112.671706,173.194.187.70,10.10.0.10,,,443,37473,0,1358,17
1584503112.673325,10.10.0.10,173.194.187.70,,,37473,443,0,37,17
1584503112.6761544,173.194.187.70,10.10.0.10,,,443,37473,0,1358,17
1584503112.680611,173.194.187.70,10.10.0.10,,,443,37473,0,1358,17
1584503112.682207,10.10.0.10,173.194.187.70,,,37473,443,0,37,17
1584503112.685071,173.194.187.70,10.10.0.10,,,443,37473,0,1358,17
1584503112.689524,173.194.187.70,10.10.0.10,,,443,37473,0,1358,17
1584503112.6911054,10.10.0.10,173.194.187.70,,,37473,443,0,37,17
1584503112.694,173.194.187.70,10.10.0.10,,,443,37473,0,1358,17
1584503112.6984394,173.194.187.70,10.10.0.10,,,443,37473,0,1358,17
1584503112.7004876,10.10.0.10,173.194.187.70,,,37473,443,0,37,17
1584503112.7028868,173.194.187.70,10.10.0.10,,,443,37473,0,1358,17
1584503112.707342,173.194.187.70,10.10.0.10,,,443,37473,0,1358,17
1584503112.7092285,10.10.0.10,173.194.187.70,,,37473,443,0,37,17
1584503112.7118142,173.194.187.70,10.10.0.10,,,443,37473,0,1358,17
1584503112.7162461,173.194.187.70,10.10.0.10,,,443,37473,0,1358,17
1584503112.7178302,10.10.0.10,173.194.187.70,,,37473,443,0,37,17
1584503112.720706,173.194.187.70,10.10.0.10,,,443,37473,0,1358,17
1584503112.72516,173.194.187.70,10.10.0.10,,,443,37473,0,1358,17
1584503112.726703,10.10.0.10,173.194.187.70,,,37473,443,0,37,17
1584503112.7296278,173.194.187.70,10.10.0.10,,,443,37473,0,1358,17
1584503112.7340686,173.194.187.70,10.10.0.10,,,443,37473,0,1358,17
1584503112.735702,10.10.0.10,173.194.187.70,,,37473,443,0,37,17
1584503112.7385242,173.194.187.70,10.10.0.10,,,443,37473,0,1358,17
1584503112.7429779,173.194.187.70,10.10.0.10,,,443,37473,0,1358,17
1584503112.744458,10.10.0.10,173.194.187.70,,,37473,443,0,37,17
1584503112.7474296,173.194.187.70,10.10.0.10,,,443,37473,0,1358,17
1584503112.7518866,173.194.187.70,10.10.0.10,,,443,37473,0,1358,17
1584503112.753448,10.10.0.10,173.194.187.70,,,37473,443,0,37,17
1584503112.756336,173.194.187.70,10.10.0.10,,,443,37473,0,1358,17
1584503112.760794,173.194.187.70,10.10.0.10,,,443,37473,0,1358,17
1584503112.7633548,10.10.0.10,173.194.187.70,,,37473,443,0,37,17
1584503112.7652452,173.194.187.70,10.10.0.10,,,443,37473,0,1358,17
1584503112.7696998,173.194.187.70,10.10.0.10,,,443,37473,0,1358,17
1584503112.771431,10.10.0.10,173.194.187.70,,,37473,443,0,37,17
1584503112.7741554,173.194.187.70,10.10.0.10,,,443,37473,0,1358,17
1584503112.7786071,173.194.187.70,10.10.0.10,,,443,37473,0,1358,17
1584503112.7801788,10.10.0.10,173.194.187.70,,,37473,443,0,50,17
1584503112.783062,173.194.187.70,10.10.0.10,,,443,37473,0,1358,17
1584503112.787514,173.194.187.70,10.10.0.10,,,443,37473,0,1358,17
1584503112.789728,10.10.0.10,173.194.187.70,,,37473,443,0,37,17
1584503112.7919672,173.194.187.70,10.10.0.10,,,443,37473,0,1358,17
1584503112.7964258,173.194.187.70,10.10.0.10,,,443,37473,0,1358,17
1584503112.797958,10.10.0.10,173.194.187.70,,,37473,443,0,37,17
1584503112.800875,173.194.187.70,10.10.0.10,,,443,37473,0,1358,17
1584503112.8053384,173.194.187.70,10.10.0.10,,,443,37473,0,1358,17
1584503112.80705,10.10.0.10,173.194.187.70,,,37473,443,0,37,17
1584503112.8097858,173.194.187.70,10.10.0.10,,,443,37473,0,1358,17
1584503112.814242,173.194.187.70,10.10.0.10,,,443,37473,0,1358,17
1584503112.815799,10.10.0.10,173.194.187.70,,,37473,443,0,37,17
1584503112.818696,173.194.187.70,10.10.0.10,,,443,37473,0,1358,17
1584503112.8231502,173.194.187.70,10.10.0.10,,,443,37473,0,1358,17
1584503112.8249068,10.10.0.10,173.194.187.70,,,37473,443,0,37,17
1584503112.8276026,173.194.187.70,10.10.0.10,,,443,37473,0,1358,17
1584503112.832057,173.194.187.70,10.10.0.10,,,443,37473,0,1358,17
1584503112.8338294,10.10.0.10,173.194.187.70,,,37473,443,0,37,17
1584503112.836513,173.194.187.70,10.10.0.10,,,443,37473,0,1358,17
1584503112.8409722,173.194.187.70,10.10.0.10,,,443,37473,0,1358,17
1584503112.842578,10.10.0.10,173.194.187.70,,,37473,443,0,37,17
1584503112.845434,173.194.187.70,10.10.0.10,,,443,37473,0,1358,17
1584503112.8498766,173.194.187.70,10.10.0.10,,,443,37473,0,1358,17
1584503112.8520947,10.10.0.10,173.194.187.70,,,37473,443,0,37,17
1584503112.854337,173.194.187.70,10.10.0.10,,,443,37473,0,1358,17
1584503112.858785,173.194.187.70,10.10.0.10,,,443,37473,0,1358,17
1584503112.860441,10.10.0.10,173.194.187.70,,,37473,443,0,37,17
1584503112.863238,173.194.187.70,10.10.0.10,,,443,37473,0,1358,17
1584503112.8676946,173.194.187.70,10.10.0.10,,,443,37473,0,1358,17
1584503112.870698,10.10.0.10,173.194.187.70,,,37473,443,0,37,17
1584503112.8721519,173.194.187.70,10.10.0.10,,,443,37473,0,1358,17
1584503112.8766036,173.194.187.70,10.10.0.10,,,443,37473,0,1358,17
1584503112.8785956,10.10.0.10,173.194.187.70,,,37473,443,0,37,17
1584503112.881057,173.194.187.70,10.10.0.10,,,443,37473,0,1358,17
1584503112.885511,173.194.187.70,10.10.0.10,,,443,37473,0,1358,17
1584503112.887199,10.10.0.10,173.194.187.70,,,37473,443,0,37,17
1584503112.889983,173.194.187.70,10.10.0.10,,,443,37473,0,1358,17
1584503112.894423,173.194.187.70,10.10.0.10,,,443,37473,0,1358,17
1584503112.8958268,10.10.0.10,173.194.187.70,,,37473,443,0,37,17
1584503112.898875,173.194.187.70,10.10.0.10,,,443,37473,0,1358,17
1584503112.903334,173.194.187.70,10.10.0.10,,,443,37473,0,1358,17
1584503112.904952,10.10.0.10,173.194.187.70,,,37473,443,0,37,17
1584503112.9077902,173.194.187.70,10.10.0.10,,,443,37473,0,1358,17
1584503112.912239,173.194.187.70,10.10.0.10,,,443,37473,0,1358,17
1584503112.913916,10.10.0.10,173.194.187.70,,,37473,443,0,37,17
1584503112.9166946,173.194.187.70,10.10.0.10,,,443,37473,0,1358,17
1584503112.921173,173.194.187.70,10.10.0.10,,,443,37473,0,1358,17
1584503112.922703,10.10.0.10,173.194.187.70,,,37473,443,0,37,17
1584503112.925602,173.194.187.70,10.10.0.10,,,443,37473,0,1358,17
1584503112.9300532,173.194.187.70,10.10.0.10,,,443,37473,0,1358,17
1584503112.9316998,10.10.0.10,173.194.187.70,,,37473,443,0,37,17
1584503112.93451,173.194.187.70,10.10.0.10,,,443,37473,0,1358,17
1584503112.9389641,173.194.187.70,10.10.0.10,,,443,37473,0,1358,17
1584503112.941343,10.10.0.10,173.194.187.70,,,37473,443,0,37,17
1584503112.943418,173.194.187.70,10.10.0.10,,,443,37473,0,1358,17
1584503112.947878,173.194.187.70,10.10.0.10,,,443,37473,0,1358,17
1584503112.949314,10.10.0.10,173.194.187.70,,,37473,443,0,37,17
1584503112.952328,173.194.187.70,10.10.0.10,,,443,37473,0,1358,17
1584503112.9567876,173.194.187.70,10.10.0.10,,,443,37473,0,1358,17
1584503112.9583251,10.10.0.10,173.194.187.70,,,37473,443,0,50,17
1584503112.9612381,173.194.187.70,10.10.0.10,,,443,37473,0,1358,17
1584503112.965692,173.194.187.70,10.10.0.10,,,443,37473,0,1358,17
1584503112.9671948,10.10.0.10,173.194.187.70,,,37473,443,0,37,17
1584503112.9701474,173.194.187.70,10.10.0.10,,,443,37473,0,1358,17
1584503112.9746,173.194.187.70,10.10.0.10,,,443,37473,0,1358,17
1584503112.976223,10.10.0.10,173.194.187.70,,,37473,443,0,37,17
1584503112.979053,173.194.187.70,10.10.0.10,,,443,37473,0,1358,17
1584503112.983508,173.194.187.70,10.10.0.10,,,443,37473,0,1358,17
1584503112.985573,10.10.0.10,173.194.187.70,,,37473,443,0,37,17
1584503112.9879706,173.194.187.70,10.10.0.10,,,443,37473,0,1358,17
1584503112.99242,173.194.187.70,10.10.0.10,,,443,37473,0,1358,17
1584503112.993969,10.10.0.10,173.194.187.70,,,37473,443,0,37,17
1584503112.99688,173.194.187.70,10.10.0.10,,,443,37473,0,1358,17
1584503113.0013359,173.194.187.70,10.10.0.10,,,443,37473,0,1358,17
1584503113.003221,10.10.0.10,173.194.187.70,,,37473,443,0,37,17
1584503113.005786,173.194.187.70,10.10.0.10,,,443,37473,0,1358,17
1584503113.0102372,173.194.187.70,10.10.0.10,,,443,37473,0,1358,17
1584503113.0123198,10.10.0.10,173.194.187.70,,,37473,443,0,37,17
1584503113.0146918,173.194.187.70,10.10.0.10,,,443,37473,0,1358,17
1584503113.019144,173.194.187.70,10.10.0.10,,,443,37473,0,1358,17
1584503113.0205472,10.10.0.10,173.194.187.70,,,37473,443,0,37,17
1584503113.0235982,173.194.187.70,10.10.0.10,,,443,37473,0,1358,17
1584503113.02805,173.194.187.70,10.10.0.10,,,443,37473,0,1358,17
1584503113.0302205,10.10.0.10,173.194.187.70,,,37473,443,0,37,17
1584503113.032505,173.194.187.70,10.10.0.10,,,443,37473,0,1358,17
1584503113.0369608,173.194.187.70,10.10.0.10,,,443,37473,0,1358,17
1584503113.038598,10.10.0.10,173.194.187.70,,,37473,443,0,37,17
1584503113.041415,173.194.187.70,10.10.0.10,,,443,37473,0,1358,17
1584503113.0458758,173.194.187.70,10.10.0.10,,,443,37473,0,1358,17
1584503113.0473242,10.10.0.10,173.194.187.70,,,37473,443,0,37,17
1584503113.0503259,173.194.187.70,10.10.0.10,,,443,37473,0,1358,17
1584503113.054786,173.194.187.70,10.10.0.10,,,443,37473,0,1358,17
1584503113.0569446,10.10.0.10,173.194.187.70,,,37473,443,0,37,17
1584503113.0592446,173.194.187.70,10.10.0.10,,,443,37473,0,1358,17
1584503113.063694,173.194.187.70,10.10.0.10,,,443,37473,0,1358,17
1584503113.065685,10.10.0.10,173.194.187.70,,,37473,443,0,37,17
1584503113.0681431,173.194.187.70,10.10.0.10,,,443,37473,0,1358,17
1584503113.072598,173.194.187.70,10.10.0.10,,,443,37473,0,1358,17
1584503113.074344,10.10.0.10,173.194.187.70,,,37473,443,0,37,17
1584503113.0770595,173.194.187.70,10.10.0.10,,,443,37473,0,1358,17
1584503113.081511,173.194.187.70,10.10.0.10,,,443,37473,0,1358,17
1584503113.08359,10.10.0.10,173.194.187.70,,,37473,443,0,37,17
1584503113.0859652,173.194.187.70,10.10.0.10,,,443,37473,0,1358,17
1584503113.0904279,173.194.187.70,10.10.0.10,,,443,37473,0,1358,17
1584503113.092215,10.10.0.10,173.194.187.70,,,37473,443,0,37,17
1584503113.094874,173.194.187.70,10.10.0.10,,,443,37473,0,1358,17
1584503113.099328,173.194.187.70,10.10.0.10,,,443,37473,0,1358,17
1584503113.101328,10.10.0.10,173.194.187.70,,,37473,443,0,37,17
1584503113.103784,173.194.187.70,10.10.0.10,,,443,37473,0,1358,17
1584503113.108232,173.194.187.70,10.10.0.10,,,443,37473,0,1358,17
1584503113.1098435,10.10.0.10,173.194.187.70,,,37473,443,0,37,17
1584503113.112691,173.194.187.70,10.10.0.10,,,443,37473,0,1358,17
1584503113.1176748,173.194.187.70,10.10.0.10,,,443,37473,0,1358,17
1584503113.1193204,10.10.0.10,173.194.187.70,,,37473,443,0,37,17
1584503113.122139,173.194.187.70,10.10.0.10,,,443,37473,0,1358,17
1584503113.1266134,173.194.187.70,10.10.0.10,,,443,37473,0,1358,17
1584503113.1280696,10.10.0.10,173.194.187.70,,,37473,443,0,37,17
1584503113.1310508,173.194.187.70,10.10.0.10,,,443,37473,0,1358,17
1584503113.1355002,173.194.187.70,10.10.0.10,,,443,37473,0,1358,17
1584503113.137075,10.10.0.10,173.194.187.70,,,37473,443,0,50,17
1584503113.1399539,173.194.187.70,10.10.0.10,,,443,37473,0,1358,17
1584503113.1444108,173.194.187.70,10.10.0.10,,,443,37473,0,1358,17
1584503113.146193,10.10.0.10,173.194.187.70,,,37473,443,0,37,17
1584503113.148866,173.194.187.70,10.10.0.10,,,443,37473,0,1358,17
1584503113.1533182,173.194.187.70,10.10.0.10,,,443,37473,0,1358,17
1584503113.1548178,10.10.0.10,173.194.187.70,,,37473,443,0,37,17
1584503113.157772,173.194.187.70,10.10.0.10,,,443,37473,0,1358,17
1584503113.16224,173.194.187.70,10.10.0.10,,,443,37473,0,1358,17
1584503113.166681,173.194.187.70,10.10.0.10,,,443,37473,0,1358,17
1584503113.1675699,10.10.0.10,173.194.187.70,,,37473,443,0,37,17
1584503113.1711366,173.194.187.70,10.10.0.10,,,443,37473,0,1358,17
1584503113.172698,10.10.0.10,173.194.187.70,,,37473,443,0,37,17
1584503113.175616,173.194.187.70,10.10.0.10,,,443,37473,0,1358,17
1584503113.1800401,173.194.187.70,10.10.0.10,,,443,37473,0,1358,17
1584503113.182192,10.10.0.10,173.194.187.70,,,37473,443,0,37,17
1584503113.1844964,173.194.187.70,10.10.0.10,,,443,37473,0,1358,17
1584503113.1889565,173.194.187.70,10.10.0.10,,,443,37473,0,1358,17
1584503113.191694,10.10.0.10,173.194.187.70,,,37473,443,0,37,17
1584503113.193424,173.194.187.70,10.10.0.10,,,443,37473,0,1358,17
1584503113.197865,173.194.187.70,10.10.0.10,,,443,37473,0,1358,17
1584503113.2023172,173.194.187.70,10.10.0.10,,,443,37473,0,1358,17
1584503113.205465,10.10.0.10,173.194.187.70,,,37473,443,0,37,17
1584503113.2067714,173.194.187.70,10.10.0.10,,,443,37473,0,1358,17
1584503113.208316,10.10.0.10,173.194.187.70,,,37473,443,0,37,17
1584503113.211239,173.194.187.70,10.10.0.10,,,443,37473,0,1358,17
1584503113.215676,173.194.187.70,10.10.0.10,,,443,37473,0,1358,17
1584503113.22013,173.194.187.70,10.10.0.10,,,443,37473,0,1358,17
1584503113.224586,173.194.187.70,10.10.0.10,,,443,37473,0,1358,17
1584503113.224689,10.10.0.10,173.194.187.70,,,37473,443,0,37,17
1584503113.226432,10.10.0.10,173.194.187.70,,,37473,443,0,37,17
1584503113.229048,173.194.187.70,10.10.0.10,,,443,37473,0,1358,17
1584503113.2334974,173.194.187.70,10.10.0.10,,,443,37473,0,1358,17
1584503113.2353148,10.10.0.10,173.194.187.70,,,37473,443,0,37,17
1584503113.237952,173.194.187.70,10.10.0.10,,,443,37473,0,1358,17
1584503113.242423,173.194.187.70,10.10.0.10,,,443,37473,0,1358,17
1584503113.243834,10.10.0.10,173.194.187.70,,,37473,443,0,37,17
1584503113.2468634,173.194.187.70,10.10.0.10,,,443,37473,0,1358,17
1584503113.2513158,173.194.187.70,10.10.0.10,,,443,37473,0,1358,17
1584503113.25577,173.194.187.70,10.10.0.10,,,443,37473,0,1358,17
1584503113.2602198,173.194.187.70,10.10.0.10,,,443,37473,0,1358,17
1584503113.264676,173.194.187.70,10.10.0.10,,,443,37473,0,1358,17
1584503113.269133,173.194.187.70,10.10.0.10,,,443,37473,0,1358,17
1584503113.2736099,173.194.187.70,10.10.0.10,,,443,37473,0,1358,17
1584503113.275704,10.10.0.10,173.194.187.70,,,37473,443,0,37,17
1584503113.2764602,10.10.0.10,173.194.187.70,,,37473,443,0,37,17
1584503113.276958,10.10.0.10,173.194.187.70,,,37473,443,0,37,17
1584503113.2780461,173.194.187.70,10.10.0.10,,,443,37473,0,1358,17
1584503113.279842,10.10.0.10,173.194.187.70,,,37473,443,0,37,17
1584503113.2824972,173.194.187.70,10.10.0.10,,,443,37473,0,1358,17
1584503113.286951,173.194.187.70,10.10.0.10,,,443,37473,0,1358,17
1584503113.288583,10.10.0.10,173.194.187.70,,,37473,443,0,37,17
1584503113.2915068,173.194.187.70,10.10.0.10,,,443,37473,0,1358,17
1584503113.2958598,173.194.187.70,10.10.0.10,,,443,37473,0,1358,17
1584503113.297589,10.10.0.10,173.194.187.70,,,37473,443,0,37,17
1584503113.300316,173.194.187.70,10.10.0.10,,,443,37473,0,1358,17
1584503113.304768,173.194.187.70,10.10.0.10,,,443,37473,0,1358,17
1584503113.3064651,10.10.0.10,173.194.187.70,,,37473,443,0,37,17
1584503113.3092358,173.194.187.70,10.10.0.10,,,443,37473,0,1358,17
1584503113.313673,173.194.187.70,10.10.0.10,,,443,37473,0,1358,17
1584503113.315191,10.10.0.10,173.194.187.70,,,37473,443,0,50,17
1584503113.318131,173.194.187.70,10.10.0.10,,,443,37473,0,1358,17
1584503113.322608,173.194.187.70,10.10.0.10,,,443,37473,0,1358,17
1584503113.324179,10.10.0.10,173.194.187.70,,,37473,443,0,37,17
1584503113.3270464,173.194.187.70,10.10.0.10,,,443,37473,0,1358,17
1584503113.331496,173.194.187.70,10.10.0.10,,,443,37473,0,1358,17
1584503113.3330786,10.10.0.10,173.194.187.70,,,37473,443,0,37,17
1584503113.335953,173.194.187.70,10.10.0.10,,,443,37473,0,1358,17
1584503113.3404188,173.194.187.70,10.10.0.10,,,443,37473,0,1358,17
1584503113.3420632,10.10.0.10,173.194.187.70,,,37473,443,0,37,17
1584503113.3448641,173.194.187.70,10.10.0.10,,,443,37473,0,1358,17
1584503113.349313,173.194.187.70,10.10.0.10,,,443,37473,0,1358,17
1584503113.351312,10.10.0.10,173.194.187.70,,,37473,443,0,37,17
1584503113.3537672,173.194.187.70,10.10.0.10,,,443,37473,0,1358,17
1584503113.358235,173.194.187.70,10.10.0.10,,,443,37473,0,1358,17
1584503113.359833,10.10.0.10,173.194.187.70,,,37473,443,0,37,17
1584503113.362675,173.194.187.70,10.10.0.10,,,443,37473,0,1358,17
1584503113.367131,173.194.187.70,10.10.0.10,,,443,37473,0,1358,17
1584503113.3686874,10.10.0.10,173.194.187.70,,,37473,443,0,37,17
1584503113.371606,173.194.187.70,10.10.0.10,,,443,37473,0,1358,17
1584503113.376041,173.194.187.70,10.10.0.10,,,443,37473,0,1358,17
1584503113.377833,10.10.0.10,173.194.187.70,,,37473,443,0,37,17
1584503113.3804932,173.194.187.70,10.10.0.10,,,443,37473,0,1358,17
1584503113.3849492,173.194.187.70,10.10.0.10,,,443,37473,0,1358,17
1584503113.3865519,10.10.0.10,173.194.187.70,,,37473,443,0,37,17
1584503113.389398,173.194.187.70,10.10.0.10,,,443,37473,0,1358,17
1584503113.3938658,173.194.187.70,10.10.0.10,,,443,37473,0,1358,17
1584503113.395832,10.10.0.10,173.194.187.70,,,37473,443,0,37,17
1584503113.3983102,173.194.187.70,10.10.0.10,,,443,37473,0,1358,17
1584503113.402765,173.194.187.70,10.10.0.10,,,443,37473,0,1358,17
1584503113.404811,10.10.0.10,173.194.187.70,,,37473,443,0,37,17
1584503113.407233,173.194.187.70,10.10.0.10,,,443,37473,0,1358,17
1584503113.4116714,173.194.187.70,10.10.0.10,,,443,37473,0,1358,17
1584503113.4133134,10.10.0.10,173.194.187.70,,,37473,443,0,37,17
1584503113.416124,173.194.187.70,10.10.0.10,,,443,37473,0,1358,17
1584503113.42061,173.194.187.70,10.10.0.10,,,443,37473,0,1358,17
1584503113.422434,10.10.0.10,173.194.187.70,,,37473,443,0,37,17
1584503113.4250429,173.194.187.70,10.10.0.10,,,443,37473,0,1358,17
1584503113.4294908,173.194.187.70,10.10.0.10,,,443,37473,0,1358,17
1584503113.431315,10.10.0.10,173.194.187.70,,,37473,443,0,37,17
1584503113.4339485,173.194.187.70,10.10.0.10,,,443,37473,0,1358,17
1584503113.438417,173.194.187.70,10.10.0.10,,,443,37473,0,1358,17
1584503113.440183,10.10.0.10,173.194.187.70,,,37473,443,0,37,17
1584503113.442858,173.194.187.70,10.10.0.10,,,443,37473,0,1358,17
1584503113.44731,173.194.187.70,10.10.0.10,,,443,37473,0,1358,17
1584503113.4496849,10.10.0.10,173.194.187.70,,,37473,443,0,37,17
1584503113.4517634,173.194.187.70,10.10.0.10,,,443,37473,0,1358,17
1584503113.4562132,173.194.187.70,10.10.0.10,,,443,37473,0,1358,17
1584503113.4579554,10.10.0.10,173.194.187.70,,,37473,443,0,37,17
1584503113.4606724,173.194.187.70,10.10.0.10,,,443,37473,0,1358,17
1584503113.465128,173.194.187.70,10.10.0.10,,,443,37473,0,1358,17
1584503113.4667046,10.10.0.10,173.194.187.70,,,37473,443,0,37,17
1584503113.4696038,173.194.187.70,10.10.0.10,,,443,37473,0,1358,17
1584503113.474042,173.194.187.70,10.10.0.10,,,443,37473,0,1358,17
1584503113.4754338,10.10.0.10,173.194.187.70,,,37473,443,0,37,17
1584503113.4784892,173.194.187.70,10.10.0.10,,,443,37473,0,1358,17
1584503113.4829464,173.194.187.70,10.10.0.10,,,443,37473,0,1358,17
1584503113.485329,10.10.0.10,173.194.187.70,,,37473,443,0,37,17
1584503113.487402,173.194.187.70,10.10.0.10,,,443,37473,0,1358,17
1584503113.4918554,173.194.187.70,10.10.0.10,,,443,37473,0,1358,17
1584503113.49331,10.10.0.10,173.194.187.70,,,37473,443,0,50,17
1584503113.496305,173.194.187.70,10.10.0.10,,,443,37473,0,1358,17
1584503113.500762,173.194.187.70,10.10.0.10,,,443,37473,0,1358,17
1584503113.502434,10.10.0.10,173.194.187.70,,,37473,443,0,37,17
1584503113.5052311,173.194.187.70,10.10.0.10,,,443,37473,0,1358,17
1584503113.5096722,173.194.187.70,10.10.0.10,,,443,37473,0,1358,17
1584503113.5113099,10.10.0.10,173.194.187.70,,,37473,443,0,37,17
1584503113.514127,173.194.187.70,10.10.0.10,,,443,37473,0,1358,17
1584503113.5185788,173.194.187.70,10.10.0.10,,,443,37473,0,1358,17
1584503113.520057,10.10.0.10,173.194.187.70,,,37473,443,0,37,17
1584503113.523041,173.194.187.70,10.10.0.10,,,443,37473,0,1358,17
1584503113.527489,173.194.187.70,10.10.0.10,,,443,37473,0,1358,17
1584503113.5290804,10.10.0.10,173.194.187.70,,,37473,443,0,37,17
1584503113.531943,173.194.187.70,10.10.0.10,,,443,37473,0,1358,17
1584503113.5363982,173.194.187.70,10.10.0.10,,,443,37473,0,1358,17
1584503113.5379238,10.10.0.10,173.194.187.70,,,37473,443,0,37,17
1584503113.540854,173.194.187.70,10.10.0.10,,,443,37473,0,1358,17
1584503113.545309,173.194.187.70,10.10.0.10,,,443,37473,0,1358,17
1584503113.5469315,10.10.0.10,173.194.187.70,,,37473,443,0,37,17
1584503113.5497608,173.194.187.70,10.10.0.10,,,443,37473,0,1358,17
1584503113.554215,173.194.187.70,10.10.0.10,,,443,37473,0,1358,17
1584503113.555798,10.10.0.10,173.194.187.70,,,37473,443,0,37,17
1584503113.5586698,173.194.187.70,10.10.0.10,,,443,37473,0,1358,17
1584503113.563124,173.194.187.70,10.10.0.10,,,443,37473,0,1358,17
1584503113.5645561,10.10.0.10,173.194.187.70,,,37473,443,0,37,17
1584503113.5676,173.194.187.70,10.10.0.10,,,443,37473,0,1358,17
1584503113.5720284,173.194.187.70,10.10.0.10,,,443,37473,0,1358,17
1584503113.573931,10.10.0.10,173.194.187.70,,,37473,443,0,37,17
1584503113.5764859,173.194.187.70,10.10.0.10,,,443,37473,0,1358,17
1584503113.5809422,173.194.187.70,10.10.0.10,,,443,37473,0,1358,17
1584503113.582435,10.10.0.10,173.194.187.70,,,37473,443,0,37,17
1584503113.5854,173.194.187.70,10.10.0.10,,,443,37473,0,1358,17
1584503113.589854,173.194.187.70,10.10.0.10,,,443,37473,0,1358,17
1584503113.5919466,10.10.0.10,173.194.187.70,,,37473,443,0,37,17
1584503113.5943036,173.194.187.70,10.10.0.10,,,443,37473,0,1358,17
1584503113.598759,173.194.187.70,10.10.0.10,,,443,37473,0,1358,17
1584503113.6019206,10.10.0.10,173.194.187.70,,,37473,443,0,37,17
1584503113.603209,173.194.187.70,10.10.0.10,,,443,37473,0,1358,17
1584503113.6076686,173.194.187.70,10.10.0.10,,,443,37473,0,1358,17
1584503113.609577,10.10.0.10,173.194.187.70,,,37473,443,0,37,17
1584503113.6121304,173.194.187.70,10.10.0.10,,,443,37473,0,1358,17
1584503113.6165981,173.194.187.70,10.10.0.10,,,443,37473,0,1358,17
1584503113.618059,10.10.0.10,173.194.187.70,,,37473,443,0,37,17
1584503113.6210382,173.194.187.70,10.10.0.10,,,443,37473,0,1358,17
1584503113.6254866,173.194.187.70,10.10.0.10,,,443,37473,0,1358,17
1584503113.627179,10.10.0.10,173.194.187.70,,,37473,443,0,37,17
1584503113.6299398,173.194.187.70,10.10.0.10,,,443,37473,0,1358,17
1584503113.6344109,173.194.187.70,10.10.0.10,,,443,37473,0,1358,17
1584503113.635808,10.10.0.10,173.194.187.70,,,37473,443,0,37,17
1584503113.6388445,173.194.187.70,10.10.0.10,,,443,37473,0,1358,17
1584503113.6433036,173.194.187.70,10.10.0.10,,,443,37473,0,1358,17
1584503113.6449492,10.10.0.10,173.194.187.70,,,37473,443,0,37,17
1584503113.647759,173.194.187.70,10.10.0.10,,,443,37473,0,1358,17
1584503113.6522071,173.194.187.70,10.10.0.10,,,443,37473,0,1358,17
1584503113.6540608,10.10.0.10,173.194.187.70,,,37473,443,0,37,17
1584503113.6566632,173.194.187.70,10.10.0.10,,,443,37473,0,1358,17
1584503113.6611214,173.194.187.70,10.10.0.10,,,443,37473,0,1358,17
1584503113.6633232,10.10.0.10,173.194.187.70,,,37473,443,0,37,17
1584503113.66557,173.194.187.70,10.10.0.10,,,443,37473,0,1358,17
1584503113.6700282,173.194.187.70,10.10.0.10,,,443,37473,0,1358,17
1584503113.6728098,10.10.0.10,173.194.187.70,,,37473,443,0,50,17
1584503113.6744838,173.194.187.70,10.10.0.10,,,443,37473,0,1358,17
1584503113.678934,173.194.187.70,10.10.0.10,,,443,37473,0,1358,17
1584503113.6805732,10.10.0.10,173.194.187.70,,,37473,443,0,37,17
1584503113.68341,173.194.187.70,10.10.0.10,,,443,37473,0,1358,17
1584503113.687851,173.194.187.70,10.10.0.10,,,443,37473,0,1358,17
1584503113.690449,10.10.0.10,173.194.187.70,,,37473,443,0,37,17
1584503113.692298,173.194.187.70,10.10.0.10,,,443,37473,0,29,17
1584503113.6924946,173.194.187.70,10.10.0.10,,,443,37473,0,1358,17
1584503113.6969712,173.194.187.70,10.10.0.10,,,443,37473,0,1358,17
1584503113.698551,10.10.0.10,173.194.187.70,,,37473,443,0,37,17
1584503113.7014108,173.194.187.70,10.10.0.10,,,443,37473,0,1358,17
1584503113.705866,173.194.187.70,10.10.0.10,,,443,37473,0,1358,17
1584503113.7076998,10.10.0.10,173.194.187.70,,,37473,443,0,37,17
1584503113.7103238,173.194.187.70,10.10.0.10,,,443,37473,0,1358,17
1584503113.7147708,173.194.187.70,10.10.0.10,,,443,37473,0,1358,17
1584503113.716164,10.10.0.10,173.194.187.70,,,37473,443,0,37,17
1584503113.719226,173.194.187.70,10.10.0.10,,,443,37473,0,1358,17
1584503113.723682,173.194.187.70,10.10.0.10,,,443,37473,0,1358,17
1584503113.725297,10.10.0.10,173.194.187.70,,,37473,443,0,37,17
1584503113.7281318,173.194.187.70,10.10.0.10,,,443,37473,0,1358,17
1584503113.732586,173.194.187.70,10.10.0.10,,,443,37473,0,1358,17
1584503113.7363002,10.10.0.10,173.194.187.70,,,37473,443,0,37,17
1584503113.737041,173.194.187.70,10.10.0.10,,,443,37473,0,1358,17
1584503113.741496,173.194.187.70,10.10.0.10,,,443,37473,0,1358,17
1584503113.744536,10.10.0.10,173.194.187.70,,,37473,443,0,37,17
1584503113.7459474,173.194.187.70,10.10.0.10,,,443,37473,0,1358,17
1584503113.750404,173.194.187.70,10.10.0.10,,,443,37473,0,1358,17
1584503113.7521641,10.10.0.10,173.194.187.70,,,37473,443,0,37,17
1584503113.7548606,173.194.187.70,10.10.0.10,,,443,37473,0,1358,17
1584503113.759325,173.194.187.70,10.10.0.10,,,443,37473,0,1358,17
1584503113.761152,10.10.0.10,173.194.187.70,,,37473,443,0,37,17
1584503113.763768,173.194.187.70,10.10.0.10,,,443,37473,0,1358,17
1584503113.768219,173.194.187.70,10.10.0.10,,,443,37473,0,1358,17
1584503113.7701561,10.10.0.10,173.194.187.70,,,37473,443,0,37,17
1584503113.7726786,173.194.187.70,10.10.0.10,,,443,37473,0,1358,17
1584503113.7771368,173.194.187.70,10.10.0.10,,,443,37473,0,1358,17
1584503113.778825,10.10.0.10,173.194.187.70,,,37473,443,0,37,17
1584503113.781598,173.194.187.70,10.10.0.10,,,443,37473,0,1358,17
1584503113.7860508,173.194.187.70,10.10.0.10,,,443,37473,0,1358,17
1584503113.787674,10.10.0.10,173.194.187.70,,,37473,443,0,37,17
1584503113.790503,173.194.187.70,10.10.0.10,,,443,37473,0,1358,17
1584503113.794952,173.194.187.70,10.10.0.10,,,443,37473,0,1358,17
1584503113.7965438,10.10.0.10,173.194.187.70,,,37473,443,0,37,17
1584503113.799406,173.194.187.70,10.10.0.10,,,443,37473,0,1358,17
1584503113.8038578,173.194.187.70,10.10.0.10,,,443,37473,0,1358,17
1584503113.805421,10.10.0.10,173.194.187.70,,,37473,443,0,37,17
1584503113.80831,173.194.187.70,10.10.0.10,,,443,37473,0,1358,17
1584503113.8127642,173.194.187.70,10.10.0.10,,,443,37473,0,1358,17
1584503113.814323,10.10.0.10,173.194.187.70,,,37473,443,0,37,17
1584503113.817227,173.194.187.70,10.10.0.10,,,443,37473,0,1358,17
1584503113.821686,173.194.187.70,10.10.0.10,,,443,37473,0,1358,17
1584503113.823185,10.10.0.10,173.194.187.70,,,37473,443,0,37,17
1584503113.8261359,173.194.187.70,10.10.0.10,,,443,37473,0,1358,17
1584503113.8305972,173.194.187.70,10.10.0.10,,,443,37473,0,1358,17
1584503113.8321786,10.10.0.10,173.194.187.70,,,37473,443,0,37,17
1584503113.835044,173.194.187.70,10.10.0.10,,,443,37473,0,1358,17
1584503113.8394976,173.194.187.70,10.10.0.10,,,443,37473,0,1358,17
1584503113.8409245,10.10.0.10,173.194.187.70,,,37473,443,0,37,17
1584503113.843945,173.194.187.70,10.10.0.10,,,443,37473,0,1358,17
1584503113.848401,173.194.187.70,10.10.0.10,,,443,37473,0,1358,17
1584503113.849912,10.10.0.10,173.194.187.70,,,37473,443,0,50,17
1584503113.8528562,173.194.187.70,10.10.0.10,,,443,37473,0,1358,17
1584503113.857309,173.194.187.70,10.10.0.10,,,443,37473,0,1358,17
1584503113.858944,10.10.0.10,173.194.187.70,,,37473,443,0,37,17
1584503113.8617651,173.194.187.70,10.10.0.10,,,443,37473,0,1358,17
1584503113.8662179,173.194.187.70,10.10.0.10,,,443,37473,0,1358,17
1584503113.868422,10.10.0.10,173.194.187.70,,,37473,443,0,37,17
1584503113.8706758,173.194.187.70,10.10.0.10,,,443,37473,0,29,17
1584503113.870872,173.194.187.70,10.10.0.10,,,443,37473,0,1358,17
1584503113.8753312,173.194.187.70,10.10.0.10,,,443,37473,0,1358,17
1584503113.8769221,10.10.0.10,173.194.187.70,,,37473,443,0,37,17
1584503113.879791,173.194.187.70,10.10.0.10,,,443,37473,0,1358,17
1584503113.8842418,173.194.187.70,10.10.0.10,,,443,37473,0,1358,17
1584503113.885778,10.10.0.10,173.194.187.70,,,37473,443,0,37,17
1584503113.8887172,173.194.187.70,10.10.0.10,,,443,37473,0,1358,17
1584503113.8931491,173.194.187.70,10.10.0.10,,,443,37473,0,1358,17
1584503113.894792,10.10.0.10,173.194.187.70,,,37473,443,0,37,17
1584503113.8976052,173.194.187.70,10.10.0.10,,,443,37473,0,1358,17
1584503113.9020605,173.194.187.70,10.10.0.10,,,443,37473,0,1358,17
1584503113.903541,10.10.0.10,173.194.187.70,,,37473,443,0,37,17
1584503113.9065099,173.194.187.70,10.10.0.10,,,443,37473,0,1358,17
1584503113.9109626,173.194.187.70,10.10.0.10,,,443,37473,0,1358,17
1584503113.9129221,10.10.0.10,173.194.187.70,,,37473,443,0,37,17
1584503113.915418,173.194.187.70,10.10.0.10,,,443,37473,0,1358,17
1584503113.919872,173.194.187.70,10.10.0.10,,,443,37473,0,1358,17
1584503113.9214199,10.10.0.10,173.194.187.70,,,37473,443,0,37,17
1584503113.92433,173.194.187.70,10.10.0.10,,,443,37473,0,1358,17
1584503113.928787,173.194.187.70,10.10.0.10,,,443,37473,0,1358,17
1584503113.9306734,10.10.0.10,173.194.187.70,,,37473,443,0,37,17
1584503113.9332418,173.194.187.70,10.10.0.10,,,443,37473,0,1358,17
1584503113.937696,173.194.187.70,10.10.0.10,,,443,37473,0,1358,17
1584503113.9421456,173.194.187.70,10.10.0.10,,,443,37473,0,1358,17
1584503113.9440384,10.10.0.10,173.194.187.70,,,37473,443,0,37,17
1584503113.9466,173.194.187.70,10.10.0.10,,,443,37473,0,1358,17
1584503113.948287,10.10.0.10,173.194.187.70,,,37473,443,0,37,17
1584503113.951055,173.194.187.70,10.10.0.10,,,443,37473,0,1358,17
1584503113.9555054,173.194.187.70,10.10.0.10,,,443,37473,0,1358,17
1584503113.9574199,10.10.0.10,173.194.187.70,,,37473,443,0,37,17
1584503113.959961,173.194.187.70,10.10.0.10,,,443,37473,0,1358,17
1584503113.964416,173.194.187.70,10.10.0.10,,,443,37473,0,1358,17
1584503113.96667,10.10.0.10,173.194.187.70,,,37473,443,0,37,17
1584503113.9688852,173.194.187.70,10.10.0.10,,,443,37473,0,1358,17
1584503113.9733288,173.194.187.70,10.10.0.10,,,443,37473,0,1358,17
1584503113.9753158,10.10.0.10,173.194.187.70,,,37473,443,0,37,17
1584503113.977778,173.194.187.70,10.10.0.10,,,443,37473,0,1358,17
1584503113.982241,173.194.187.70,10.10.0.10,,,443,37473,0,1358,17
1584503113.983669,10.10.0.10,173.194.187.70,,,37473,443,0,37,17
1584503113.9866898,173.194.187.70,10.10.0.10,,,443,37473,0,1358,17
1584503113.991151,173.194.187.70,10.10.0.10,,,443,37473,0,1358,17
1584503113.9937892,10.10.0.10,173.194.187.70,,,37473,443,0,37,17
1584503113.9956028,173.194.187.70,10.10.0.10,,,443,37473,0,1358,17
1584503114.000054,173.194.187.70,10.10.0.10,,,443,37473,0,1358,17
1584503114.0019429,10.10.0.10,173.194.187.70,,,37473,443,0,37,17
1584503114.0045106,173.194.187.70,10.10.0.10,,,443,37473,0,1358,17
1584503114.008967,173.194.187.70,10.10.0.10,,,443,37473,0,1358,17
1584503114.0106685,10.10.0.10,173.194.187.70,,,37473,443,0,37,17
1584503114.013421,173.194.187.70,10.10.0.10,,,443,37473,0,1358,17
1584503114.017875,173.194.187.70,10.10.0.10,,,443,37473,0,1358,17
1584503114.019535,10.10.0.10,173.194.187.70,,,37473,443,0,37,17
1584503114.0223439,173.194.187.70,10.10.0.10,,,443,37473,0,1358,17
1584503114.026784,173.194.187.70,10.10.0.10,,,443,37473,0,1358,17
1584503114.028442,10.10.0.10,173.194.187.70,,,37473,443,0,50,17
1584503114.031239,173.194.187.70,10.10.0.10,,,443,37473,0,1358,17
1584503114.0356884,173.194.187.70,10.10.0.10,,,443,37473,0,1358,17
1584503114.037174,10.10.0.10,173.194.187.70,,,37473,443,0,37,17
1584503114.040142,173.194.187.70,10.10.0.10,,,443,37473,0,1358,17
1584503114.0445971,173.194.187.70,10.10.0.10,,,443,37473,0,1358,17
1584503114.046535,10.10.0.10,173.194.187.70,,,37473,443,0,37,17
1584503114.049056,173.194.187.70,10.10.0.10,,,443,37473,0,1358,17
1584503114.0535238,173.194.187.70,10.10.0.10,,,443,37473,0,29,17
1584503114.053704,173.194.187.70,10.10.0.10,,,443,37473,0,1358,17
1584503114.055439,10.10.0.10,173.194.187.70,,,37473,443,0,37,17
1584503114.058168,173.194.187.70,10.10.0.10,,,443,37473,0,1358,17
1584503114.062622,173.194.187.70,10.10.0.10,,,443,37473,0,1358,17
1584503114.0641332,10.10.0.10,173.194.187.70,,,37473,443,0,37,17
1584503114.06709,173.194.187.70,10.10.0.10,,,443,37473,0,1358,17
1584503114.0715322,173.194.187.70,10.10.0.10,,,443,37473,0,1358,17
1584503114.074064,10.10.0.10,173.194.187.70,,,37473,443,0,37,17
1584503114.0759802,173.194.187.70,10.10.0.10,,,443,37473,0,1358,17
1584503114.0804515,173.194.187.70,10.10.0.10,,,443,37473,0,1358,17
1584503114.082417,10.10.0.10,173.194.187.70,,,37473,443,0,37,17
1584503114.084899,173.194.187.70,10.10.0.10,,,443,37473,0,1358,17
1584503114.0893462,173.194.187.70,10.10.0.10,,,443,37473,0,1358,17
1584503114.09106,10.10.0.10,173.194.187.70,,,37473,443,0,37,17
1584503114.093799,173.194.187.70,10.10.0.10,,,443,37473,0,1358,17
1584503114.0982704,173.194.187.70,10.10.0.10,,,443,37473,0,1358,17
1584503114.099908,10.10.0.10,173.194.187.70,,,37473,443,0,37,17
1584503114.1027071,173.194.187.70,10.10.0.10,,,443,37473,0,1358,17
1584503114.107165,173.194.187.70,10.10.0.10,,,443,37473,0,1358,17
1584503114.109169,10.10.0.10,173.194.187.70,,,37473,443,0,37,17
1584503114.1116178,173.194.187.70,10.10.0.10,,,443,37473,0,1358,17
1584503114.1160688,173.194.187.70,10.10.0.10,,,443,37473,0,1358,17
1584503114.1175618,10.10.0.10,173.194.187.70,,,37473,443,0,37,17
1584503114.120528,173.194.187.70,10.10.0.10,,,443,37473,0,1358,17
1584503114.124983,173.194.187.70,10.10.0.10,,,443,37473,0,1358,17
1584503114.1270409,10.10.0.10,173.194.187.70,,,37473,443,0,37,17
1584503114.129459,173.194.187.70,10.10.0.10,,,443,37473,0,1358,17
1584503114.133899,173.194.187.70,10.10.0.10,,,443,37473,0,1358,17
1584503114.138349,173.194.187.70,10.10.0.10,,,443,37473,0,1358,17
1584503114.1389349,10.10.0.10,173.194.187.70,,,37473,443,0,37,17
1584503114.1427965,173.194.187.70,10.10.0.10,,,443,37473,0,1358,17
1584503114.1444142,10.10.0.10,173.194.187.70,,,37473,443,0,37,17
1584503114.14725,173.194.187.70,10.10.0.10,,,443,37473,0,1358,17
1584503114.151711,173.194.187.70,10.10.0.10,,,443,37473,0,1358,17
1584503114.154033,10.10.0.10,173.194.187.70,,,37473,443,0,37,17
1584503114.156159,173.194.187.70,10.10.0.10,,,443,37473,0,1358,17
1584503114.1606178,173.194.187.70,10.10.0.10,,,443,37473,0,1358,17
1584503114.1630578,10.10.0.10,173.194.187.70,,,37473,443,0,37,17
1584503114.165087,173.194.187.70,10.10.0.10,,,443,37473,0,1358,17
1584503114.169527,173.194.187.70,10.10.0.10,,,443,37473,0,1358,17
1584503114.1710384,10.10.0.10,173.194.187.70,,,37473,443,0,37,17
1584503114.173983,173.194.187.70,10.10.0.10,,,443,37473,0,1358,17
1584503114.178431,173.194.187.70,10.10.0.10,,,443,37473,0,1358,17
1584503114.180684,10.10.0.10,173.194.187.70,,,37473,443,0,37,17
1584503114.1828961,173.194.187.70,10.10.0.10,,,443,37473,0,1358,17
1584503114.187345,173.194.187.70,10.10.0.10,,,443,37473,0,1358,17
1584503114.189036,10.10.0.10,173.194.187.70,,,37473,443,0,37,17
1584503114.191803,173.194.187.70,10.10.0.10,,,443,37473,0,1358,17
1584503114.1962562,173.194.187.70,10.10.0.10,,,443,37473,0,1358,17
1584503114.1977801,10.10.0.10,173.194.187.70,,,37473,443,0,37,17
1584503114.200711,173.194.187.70,10.10.0.10,,,443,37473,0,1358,17
1584503114.2051618,173.194.187.70,10.10.0.10,,,443,37473,0,1358,17
1584503114.2070649,10.10.0.10,173.194.187.70,,,37473,443,0,50,17
1584503114.209617,173.194.187.70,10.10.0.10,,,443,37473,0,1358,17
1584503114.214084,173.194.187.70,10.10.0.10,,,443,37473,0,1358,17
1584503114.2158115,10.10.0.10,173.194.187.70,,,37473,443,0,37,17
1584503114.218545,173.194.187.70,10.10.0.10,,,443,37473,0,1358,17
1584503114.222985,173.194.187.70,10.10.0.10,,,443,37473,0,1358,17
1584503114.224686,10.10.0.10,173.194.187.70,,,37473,443,0,37,17
1584503114.2274294,173.194.187.70,10.10.0.10,,,443,37473,0,1358,17
1584503114.231895,173.194.187.70,10.10.0.10,,,443,37473,0,29,17
1584503114.2320821,173.194.187.70,10.10.0.10,,,443,37473,0,1358,17
1584503114.2335572,10.10.0.10,173.194.187.70,,,37473,443,0,37,17
1584503114.236544,173.194.187.70,10.10.0.10,,,443,37473,0,1358,17
1584503114.2410052,173.194.187.70,10.10.0.10,,,443,37473,0,1358,17
1584503114.2426612,10.10.0.10,173.194.187.70,,,37473,443,0,37,17
1584503114.2454598,173.194.187.70,10.10.0.10,,,443,37473,0,1358,17
1584503114.2499092,173.194.187.70,10.10.0.10,,,443,37473,0,1358,17
1584503114.252049,10.10.0.10,173.194.187.70,,,37473,443,0,37,17
1584503114.254359,173.194.187.70,10.10.0.10,,,443,37473,0,1358,17
1584503114.258815,173.194.187.70,10.10.0.10,,,443,37473,0,1358,17
1584503114.261286,10.10.0.10,173.194.187.70,,,37473,443,0,37,17
1584503114.263271,173.194.187.70,10.10.0.10,,,443,37473,0,1358,17
1584503114.2677262,173.194.187.70,10.10.0.10,,,443,37473,0,1358,17
1584503114.2707868,10.10.0.10,173.194.187.70,,,37473,443,0,37,17
1584503114.272175,173.194.187.70,10.10.0.10,,,443,37473,0,1358,17
1584503114.276651,173.194.187.70,10.10.0.10,,,443,37473,0,1358,17
1584503114.2789311,10.10.0.10,173.194.187.70,,,37473,443,0,37,17
1584503114.2810938,173.194.187.70,10.10.0.10,,,443,37473,0,1358,17
1584503114.285544,173.194.187.70,10.10.0.10,,,443,37473,0,1358,17
1584503114.2871628,10.10.0.10,173.194.187.70,,,37473,443,0,37,17
1584503114.290001,173.194.187.70,10.10.0.10,,,443,37473,0,1358,17
1584503114.2944472,173.194.187.70,10.10.0.10,,,443,37473,0,1358,17
1584503114.29629,10.10.0.10,173.194.187.70,,,37473,443,0,37,17
1584503114.298914,173.194.187.70,10.10.0.10,,,443,37473,0,1358,17
1584503114.303362,173.194.187.70,10.10.0.10,,,443,37473,0,1358,17
1584503114.3058045,10.10.0.10,173.194.187.70,,,37473,443,0,37,17
1584503114.307815,173.194.187.70,10.10.0.10,,,443,37473,0,1358,17
1584503114.3122668,173.194.187.70,10.10.0.10,,,443,37473,0,1358,17
1584503114.31391,10.10.0.10,173.194.187.70,,,37473,443,0,37,17
1584503114.3167238,173.194.187.70,10.10.0.10,,,443,37473,0,1358,17
1584503114.321174,173.194.187.70,10.10.0.10,,,443,37473,0,1358,17
1584503114.3229446,10.10.0.10,173.194.187.70,,,37473,443,0,37,17
1584503114.3256269,173.194.187.70,10.10.0.10,,,443,37473,0,1358,17
1584503114.330087,173.194.187.70,10.10.0.10,,,443,37473,0,1358,17
1584503114.3318045,10.10.0.10,173.194.187.70,,,37473,443,0,37,17
1584503114.334537,173.194.187.70,10.10.0.10,,,443,37473,0,1358,17
1584503114.3390052,173.194.187.70,10.10.0.10,,,443,37473,0,1358,17
1584503114.3405511,10.10.0.10,173.194.187.70,,,37473,443,0,37,17
1584503114.343447,173.194.187.70,10.10.0.10,,,443,37473,0,1358,17
1584503114.3479052,173.194.187.70,10.10.0.10,,,443,37473,0,1358,17
1584503114.349427,10.10.0.10,173.194.187.70,,,37473,443,0,37,17
1584503114.3523548,173.194.187.70,10.10.0.10,,,443,37473,0,1358,17
1584503114.357399,173.194.187.70,10.10.0.10,,,443,37473,0,1358,17
1584503114.3591802,10.10.0.10,173.194.187.70,,,37473,443,0,37,17
1584503114.362392,173.194.187.70,10.10.0.10,,,443,37473,0,1358,17
1584503114.366856,173.194.187.70,10.10.0.10,,,443,37473,0,1358,17
1584503114.3697991,10.10.0.10,173.194.187.70,,,37473,443,0,37,17
1584503114.371331,173.194.187.70,10.10.0.10,,,443,37473,0,1358,17
1584503114.375766,173.194.187.70,10.10.0.10,,,443,37473,0,1358,17
1584503114.3772821,10.10.0.10,173.194.187.70,,,37473,443,0,37,17
1584503114.380213,173.194.187.70,10.10.0.10,,,443,37473,0,1358,17
1584503114.3846679,173.194.187.70,10.10.0.10,,,443,37473,0,1358,17
1584503114.386158,10.10.0.10,173.194.187.70,,,37473,443,0,50,17
1584503114.3891401,173.194.187.70,10.10.0.10,,,443,37473,0,1358,17
1584503114.393583,173.194.187.70,10.10.0.10,,,443,37473,0,1358,17
1584503114.3954089,10.10.0.10,173.194.187.70,,,37473,443,0,37,17
1584503114.3980358,173.194.187.70,10.10.0.10,,,443,37473,0,1358,17
1584503114.4024901,173.194.187.70,10.10.0.10,,,443,37473,0,1358,17
1584503114.4042828,10.10.0.10,173.194.187.70,,,37473,443,0,37,17
1584503114.4069548,173.194.187.70,10.10.0.10,,,443,37473,0,1358,17
1584503114.4113991,173.194.187.70,10.10.0.10,,,443,37473,0,1358,17
1584503114.412908,10.10.0.10,173.194.187.70,,,37473,443,0,37,17
1584503114.415854,173.194.187.70,10.10.0.10,,,443,37473,0,1358,17
1584503114.420311,173.194.187.70,10.10.0.10,,,443,37473,0,1358,17
1584503114.422051,10.10.0.10,173.194.187.70,,,37473,443,0,37,17
1584503114.424765,173.194.187.70,10.10.0.10,,,443,37473,0,1358,17
1584503114.429215,173.194.187.70,10.10.0.10,,,443,37473,0,1358,17
1584503114.4306755,10.10.0.10,173.194.187.70,,,37473,443,0,37,17
1584503114.433686,173.194.187.70,10.10.0.10,,,443,37473,0,1358,17
1584503114.438141,173.194.187.70,10.10.0.10,,,443,37473,0,1358,17
1584503114.439656,10.10.0.10,173.194.187.70,,,37473,443,0,37,17
1584503114.4425812,173.194.187.70,10.10.0.10,,,443,37473,0,1358,17
1584503114.4470365,173.194.187.70,10.10.0.10,,,443,37473,0,1358,17
1584503114.450033,10.10.0.10,173.194.187.70,,,37473,443,0,37,17
1584503114.451489,173.194.187.70,10.10.0.10,,,443,37473,0,1358,17
1584503114.455958,173.194.187.70,10.10.0.10,,,443,37473,0,1358,17
1584503114.457552,10.10.0.10,173.194.187.70,,,37473,443,0,37,17
1584503114.460394,173.194.187.70,10.10.0.10,,,443,37473,0,1358,17
1584503114.464853,173.194.187.70,10.10.0.10,,,443,37473,0,1358,17
1584503114.4662988,10.10.0.10,173.194.187.70,,,37473,443,0,37,17
1584503114.469325,173.194.187.70,10.10.0.10,,,443,37473,0,1358,17
1584503114.4737642,173.194.187.70,10.10.0.10,,,443,37473,0,1358,17
1584503114.47528,10.10.0.10,173.194.187.70,,,37473,443,0,37,17
1584503114.478215,173.194.187.70,10.10.0.10,,,443,37473,0,1358,17
1584503114.4826758,173.194.187.70,10.10.0.10,,,443,37473,0,1358,17
1584503114.484646,10.10.0.10,173.194.187.70,,,37473,443,0,37,17
1584503114.487138,173.194.187.70,10.10.0.10,,,443,37473,0,1358,17
1584503114.4915802,173.194.187.70,10.10.0.10,,,443,37473,0,1358,17
1584503114.493424,10.10.0.10,173.194.187.70,,,37473,443,0,37,17
1584503114.4960284,173.194.187.70,10.10.0.10,,,443,37473,0,1358,17
1584503114.5004866,173.194.187.70,10.10.0.10,,,443,37473,0,1358,17
1584503114.502682,10.10.0.10,173.194.187.70,,,37473,443,0,37,17
1584503114.5049412,173.194.187.70,10.10.0.10,,,443,37473,0,1358,17
1584503114.509398,173.194.187.70,10.10.0.10,,,443,37473,0,1358,17
1584503114.5112998,10.10.0.10,173.194.187.70,,,37473,443,0,37,17
1584503114.513851,173.194.187.70,10.10.0.10,,,443,37473,0,1358,17
1584503114.518322,173.194.187.70,10.10.0.10,,,443,37473,0,1358,17
1584503114.519999,10.10.0.10,173.194.187.70,,,37473,443,0,37,17
1584503114.5227618,173.194.187.70,10.10.0.10,,,443,37473,0,1358,17
1584503114.527215,173.194.187.70,10.10.0.10,,,443,37473,0,1358,17
1584503114.5316696,173.194.187.70,10.10.0.10,,,443,37473,0,1358,17
1584503114.536117,173.194.187.70,10.10.0.10,,,443,37473,0,1358,17
1584503114.5405786,173.194.187.70,10.10.0.10,,,443,37473,0,1358,17
1584503114.545032,173.194.187.70,10.10.0.10,,,443,37473,0,1358,17
1584503114.5494852,173.194.187.70,10.10.0.10,,,443,37473,0,1358,17
1584503114.5590222,10.10.0.10,173.194.187.70,,,37473,443,0,37,17
1584503114.559798,10.10.0.10,173.194.187.70,,,37473,443,0,37,17
1584503114.5609224,10.10.0.10,173.194.187.70,,,37473,443,0,37,17
1584503114.564816,173.194.187.70,10.10.0.10,,,443,37473,0,1358,17
1584503114.566797,10.10.0.10,173.194.187.70,,,37473,443,0,37,17
1584503114.5699716,173.194.187.70,10.10.0.10,,,443,37473,0,1358,17
1584503114.570007,173.194.187.70,10.10.0.10,,,443,37473,0,1358,17
1584503114.572005,10.10.0.10,173.194.187.70,,,37473,443,0,50,17
1584503114.577397,173.194.187.70,10.10.0.10,,,443,37473,0,1358,17
1584503114.578223,173.194.187.70,10.10.0.10,,,443,37473,0,1358,17
1584503114.580172,10.10.0.10,173.194.187.70,,,37473,443,0,37,17
1584503114.5826972,173.194.187.70,10.10.0.10,,,443,37473,0,1358,17
1584503114.587135,173.194.187.70,10.10.0.10,,,443,37473,0,1358,17
1584503114.5886722,10.10.0.10,173.194.187.70,,,37473,443,0,37,17
1584503114.5915878,173.194.187.70,10.10.0.10,,,443,37473,0,1358,17
1584503114.596041,173.194.187.70,10.10.0.10,,,443,37473,0,1358,17
1584503114.5976508,10.10.0.10,173.194.187.70,,,37473,443,0,37,17
1584503114.60051,173.194.187.70,10.10.0.10,,,443,37473,0,1358,17
1584503114.6049562,173.194.187.70,10.10.0.10,,,443,37473,0,1358,17
1584503114.6069221,10.10.0.10,173.194.187.70,,,37473,443,0,37,17
1584503114.609407,173.194.187.70,10.10.0.10,,,443,37473,0,1358,17
1584503114.6138618,173.194.187.70,10.10.0.10,,,443,37473,0,1358,17
1584503114.615422,10.10.0.10,173.194.187.70,,,37473,443,0,37,17
1584503114.6183238,173.194.187.70,10.10.0.10,,,443,37473,0,1358,17
1584503114.6227686,173.194.187.70,10.10.0.10,,,443,37473,0,1358,17
1584503114.624268,10.10.0.10,173.194.187.70,,,37473,443,0,37,17
1584503114.627224,173.194.187.70,10.10.0.10,,,443,37473,0,1358,17
1584503114.631695,173.194.187.70,10.10.0.10,,,443,37473,0,1358,17
1584503114.633142,10.10.0.10,173.194.187.70,,,37473,443,0,37,17
1584503114.636127,173.194.187.70,10.10.0.10,,,443,37473,0,1358,17
1584503114.640586,173.194.187.70,10.10.0.10,,,443,37473,0,1358,17
1584503114.6422741,10.10.0.10,173.194.187.70,,,37473,443,0,37,17
1584503114.645042,173.194.187.70,10.10.0.10,,,443,37473,0,1358,17
1584503114.6494946,173.194.187.70,10.10.0.10,,,443,37473,0,1358,17
1584503114.651649,10.10.0.10,173.194.187.70,,,37473,443,0,37,17
1584503114.653948,173.194.187.70,10.10.0.10,,,443,37473,0,1358,17
1584503114.6584039,173.194.187.70,10.10.0.10,,,443,37473,0,1358,17
1584503114.6599972,10.10.0.10,173.194.187.70,,,37473,443,0,37,17
1584503114.662864,173.194.187.70,10.10.0.10,,,443,37473,0,1358,17
1584503114.6673222,173.194.187.70,10.10.0.10,,,443,37473,0,1358,17
1584503114.66915,10.10.0.10,173.194.187.70,,,37473,443,0,37,17
1584503114.671768,173.194.187.70,10.10.0.10,,,443,37473,0,1358,17
1584503114.6762161,173.194.187.70,10.10.0.10,,,443,37473,0,1358,17
1584503114.6776724,10.10.0.10,173.194.187.70,,,37473,443,0,37,17
1584503114.6806931,173.194.187.70,10.10.0.10,,,443,37473,0,1358,17
1584503114.6851325,173.194.187.70,10.10.0.10,,,443,37473,0,1358,17
1584503114.687151,10.10.0.10,173.194.187.70,,,37473,443,0,37,17
1584503114.689585,173.194.187.70,10.10.0.10,,,443,37473,0,1358,17
1584503114.69404,173.194.187.70,10.10.0.10,,,443,37473,0,1358,17
1584503114.695526,10.10.0.10,173.194.187.70,,,37473,443,0,37,17
1584503114.698506,173.194.187.70,10.10.0.10,,,443,37473,0,1358,17
1584503114.702952,173.194.187.70,10.10.0.10,,,443,37473,0,1358,17
1584503114.704794,10.10.0.10,173.194.187.70,,,37473,443,0,37,17
1584503114.707406,173.194.187.70,10.10.0.10,,,443,37473,0,1358,17
1584503114.711866,173.194.187.70,10.10.0.10,,,443,37473,0,1358,17
1584503114.7140439,10.10.0.10,173.194.187.70,,,37473,443,0,37,17
1584503114.716307,173.194.187.70,10.10.0.10,,,443,37473,0,1358,17
1584503114.720765,173.194.187.70,10.10.0.10,,,443,37473,0,1358,17
1584503114.7222738,10.10.0.10,173.194.187.70,,,37473,443,0,37,17
1584503114.7252214,173.194.187.70,10.10.0.10,,,443,37473,0,1358,17
1584503114.7296908,173.194.187.70,10.10.0.10,,,443,37473,0,1358,17
1584503114.7312946,10.10.0.10,173.194.187.70,,,37473,443,0,37,17
1584503114.7341304,173.194.187.70,10.10.0.10,,,443,37473,0,1358,17
1584503114.7385821,173.194.187.70,10.10.0.10,,,443,37473,0,1358,17
1584503114.740794,10.10.0.10,173.194.187.70,,,37473,443,0,37,17
1584503114.7430382,173.194.187.70,10.10.0.10,,,443,37473,0,1358,17
1584503114.7475061,173.194.187.70,10.10.0.10,,,443,37473,0,1358,17
1584503114.749023,10.10.0.10,173.194.187.70,,,37473,443,0,50,17
1584503114.751949,173.194.187.70,10.10.0.10,,,443,37473,0,1358,17
1584503114.756401,173.194.187.70,10.10.0.10,,,443,37473,0,1358,17
1584503114.758022,10.10.0.10,173.194.187.70,,,37473,443,0,37,17
1584503114.760855,173.194.187.70,10.10.0.10,,,443,37473,0,1358,17
1584503114.7653186,173.194.187.70,10.10.0.10,,,443,37473,0,1358,17
1584503114.768147,10.10.0.10,173.194.187.70,,,37473,443,0,37,17
1584503114.7697651,173.194.187.70,10.10.0.10,,,443,37473,0,1358,17
1584503114.774213,173.194.187.70,10.10.0.10,,,443,37473,0,1358,17
1584503114.776266,10.10.0.10,173.194.187.70,,,37473,443,0,37,17
1584503114.778672,173.194.187.70,10.10.0.10,,,443,37473,0,1358,17
1584503114.7831225,173.194.187.70,10.10.0.10,,,443,37473,0,1358,17
1584503114.784777,10.10.0.10,173.194.187.70,,,37473,443,0,37,17
1584503114.787576,173.194.187.70,10.10.0.10,,,443,37473,0,1358,17
1584503114.7920284,173.194.187.70,10.10.0.10,,,443,37473,0,1358,17
1584503114.793791,10.10.0.10,173.194.187.70,,,37473,443,0,37,17
1584503114.796504,173.194.187.70,10.10.0.10,,,443,37473,0,1358,17
1584503114.800946,173.194.187.70,10.10.0.10,,,443,37473,0,1358,17
1584503114.802779,10.10.0.10,173.194.187.70,,,37473,443,0,37,17
1584503114.805395,173.194.187.70,10.10.0.10,,,443,37473,0,1358,17
1584503114.809848,173.194.187.70,10.10.0.10,,,443,37473,0,1358,17
1584503114.8113706,10.10.0.10,173.194.187.70,,,37473,443,0,37,17
1584503114.814302,173.194.187.70,10.10.0.10,,,443,37473,0,1358,17
1584503114.8187554,173.194.187.70,10.10.0.10,,,443,37473,0,1358,17
1584503114.8210409,10.10.0.10,173.194.187.70,,,37473,443,0,37,17
1584503114.82321,173.194.187.70,10.10.0.10,,,443,37473,0,1358,17
1584503114.8276632,173.194.187.70,10.10.0.10,,,443,37473,0,1358,17
1584503114.82952,10.10.0.10,173.194.187.70,,,37473,443,0,37,17
1584503114.83212,173.194.187.70,10.10.0.10,,,443,37473,0,1358,17
1584503114.8365786,173.194.187.70,10.10.0.10,,,443,37473,0,1358,17
1584503114.838263,10.10.0.10,173.194.187.70,,,37473,443,0,37,17
1584503114.841038,173.194.187.70,10.10.0.10,,,443,37473,0,1358,17
1584503114.8455029,173.194.187.70,10.10.0.10,,,443,37473,0,1358,17
1584503114.847413,10.10.0.10,173.194.187.70,,,37473,443,0,37,17
1584503114.8499448,173.194.187.70,10.10.0.10,,,443,37473,0,1358,17
1584503114.854394,173.194.187.70,10.10.0.10,,,443,37473,0,1358,17
1584503114.856127,10.10.0.10,173.194.187.70,,,37473,443,0,37,17
1584503114.8588474,173.194.187.70,10.10.0.10,,,443,37473,0,1358,17
1584503114.863301,173.194.187.70,10.10.0.10,,,443,37473,0,1358,17
1584503114.864873,10.10.0.10,173.194.187.70,,,37473,443,0,37,17
1584503114.867754,173.194.187.70,10.10.0.10,,,443,37473,0,1358,17
1584503114.872207,173.194.187.70,10.10.0.10,,,443,37473,0,1358,17
1584503114.874268,10.10.0.10,173.194.187.70,,,37473,443,0,37,17
1584503114.8766682,173.194.187.70,10.10.0.10,,,443,37473,0,1358,17
1584503114.881118,173.194.187.70,10.10.0.10,,,443,37473,0,1358,17
1584503114.8829188,10.10.0.10,173.194.187.70,,,37473,443,0,37,17
1584503114.885572,173.194.187.70,10.10.0.10,,,443,37473,0,1358,17
1584503114.8900282,173.194.187.70,10.10.0.10,,,443,37473,0,1358,17
1584503114.891984,10.10.0.10,173.194.187.70,,,37473,443,0,37,17
1584503114.894481,173.194.187.70,10.10.0.10,,,443,37473,0,1358,17
1584503114.898937,173.194.187.70,10.10.0.10,,,443,37473,0,1358,17
1584503114.901649,10.10.0.10,173.194.187.70,,,37473,443,0,37,17
1584503114.903401,173.194.187.70,10.10.0.10,,,443,37473,0,1358,17
1584503114.9078462,173.194.187.70,10.10.0.10,,,443,37473,0,1358,17
1584503114.9096372,10.10.0.10,173.194.187.70,,,37473,443,0,37,17
1584503114.9123054,173.194.187.70,10.10.0.10,,,443,37473,0,1358,17
1584503114.916754,173.194.187.70,10.10.0.10,,,443,37473,0,1358,17
1584503114.918993,10.10.0.10,173.194.187.70,,,37473,443,0,37,17
1584503114.9212098,173.194.187.70,10.10.0.10,,,443,37473,0,1358,17
1584503114.9256668,173.194.187.70,10.10.0.10,,,443,37473,0,1358,17
1584503114.927495,10.10.0.10,173.194.187.70,,,37473,443,0,50,17
1584503114.930115,173.194.187.70,10.10.0.10,,,443,37473,0,1358,17
1584503114.9345741,173.194.187.70,10.10.0.10,,,443,37473,0,1358,17
1584503114.936162,10.10.0.10,173.194.187.70,,,37473,443,0,37,17
1584503114.939025,173.194.187.70,10.10.0.10,,,443,37473,0,1358,17
1584503114.943482,173.194.187.70,10.10.0.10,,,443,37473,0,1358,17
1584503114.945517,10.10.0.10,173.194.187.70,,,37473,443,0,37,17
1584503114.9479482,173.194.187.70,10.10.0.10,,,443,37473,0,1358,17
1584503114.9523902,173.194.187.70,10.10.0.10,,,443,37473,0,1358,17
1584503114.954258,10.10.0.10,173.194.187.70,,,37473,443,0,37,17
1584503114.956857,173.194.187.70,10.10.0.10,,,443,37473,0,1358,17
1584503114.9613,173.194.187.70,10.10.0.10,,,443,37473,0,1358,17
1584503114.9628642,10.10.0.10,173.194.187.70,,,37473,443,0,37,17
1584503114.965751,173.194.187.70,10.10.0.10,,,443,37473,0,1358,17
1584503114.970206,173.194.187.70,10.10.0.10,,,443,37473,0,1358,17
1584503114.971849,10.10.0.10,173.194.187.70,,,37473,443,0,37,17
1584503114.9746685,173.194.187.70,10.10.0.10,,,443,37473,0,1358,17
1584503114.9791148,173.194.187.70,10.10.0.10,,,443,37473,0,1358,17
1584503114.981035,10.10.0.10,173.194.187.70,,,37473,443,0,37,17
1584503114.983568,173.194.187.70,10.10.0.10,,,443,37473,0,1358,17
1584503114.988024,173.194.187.70,10.10.0.10,,,443,37473,0,1358,17
1584503114.99039,10.10.0.10,173.194.187.70,,,37473,443,0,37,17
1584503114.992483,173.194.187.70,10.10.0.10,,,443,37473,0,1358,17
1584503114.996939,173.194.187.70,10.10.0.10,,,443,37473,0,1358,17
1584503114.9986641,10.10.0.10,173.194.187.70,,,37473,443,0,37,17
1584503115.001389,173.194.187.70,10.10.0.10,,,443,37473,0,1358,17
1584503115.005841,173.194.187.70,10.10.0.10,,,443,37473,0,1358,17
1584503115.007384,10.10.0.10,173.194.187.70,,,37473,443,0,37,17
1584503115.0102954,173.194.187.70,10.10.0.10,,,443,37473,0,1358,17
1584503115.0147538,173.194.187.70,10.10.0.10,,,443,37473,0,1358,17
1584503115.0165148,10.10.0.10,173.194.187.70,,,37473,443,0,37,17
1584503115.019202,173.194.187.70,10.10.0.10,,,443,37473,0,1358,17
1584503115.0236678,173.194.187.70,10.10.0.10,,,443,37473,0,1358,17
1584503115.0255322,10.10.0.10,173.194.187.70,,,37473,443,0,37,17
1584503115.028111,173.194.187.70,10.10.0.10,,,443,37473,0,1358,17
1584503115.032576,173.194.187.70,10.10.0.10,,,443,37473,0,1358,17
1584503115.034015,10.10.0.10,173.194.187.70,,,37473,443,0,37,17
1584503115.037025,173.194.187.70,10.10.0.10,,,443,37473,0,1358,17
1584503115.041496,173.194.187.70,10.10.0.10,,,443,37473,0,1358,17
1584503115.0432858,10.10.0.10,173.194.187.70,,,37473,443,0,37,17
1584503115.045938,173.194.187.70,10.10.0.10,,,443,37473,0,1358,17
1584503115.050387,173.194.187.70,10.10.0.10,,,443,37473,0,1358,17
1584503115.05199,10.10.0.10,173.194.187.70,,,37473,443,0,37,17
1584503115.054844,173.194.187.70,10.10.0.10,,,443,37473,0,1358,17
1584503115.0593116,173.194.187.70,10.10.0.10,,,443,37473,0,1358,17
1584503115.063161,10.10.0.10,173.194.187.70,,,37473,443,0,37,17
1584503115.063751,173.194.187.70,10.10.0.10,,,443,37473,0,1358,17
1584503115.068203,173.194.187.70,10.10.0.10,,,443,37473,0,1358,17
1584503115.0698779,10.10.0.10,173.194.187.70,,,37473,443,0,37,17
1584503115.0726829,173.194.187.70,10.10.0.10,,,443,37473,0,1358,17
1584503115.0771186,173.194.187.70,10.10.0.10,,,443,37473,0,1358,17
1584503115.078514,10.10.0.10,173.194.187.70,,,37473,443,0,37,17
1584503115.0815716,173.194.187.70,10.10.0.10,,,443,37473,0,1358,17
1584503115.0860288,173.194.187.70,10.10.0.10,,,443,37473,0,1358,17
1584503115.087504,10.10.0.10,173.194.187.70,,,37473,443,0,37,17
1584503115.0904946,173.194.187.70,10.10.0.10,,,443,37473,0,1358,17
1584503115.094936,173.194.187.70,10.10.0.10,,,443,37473,0,1358,17
1584503115.096406,10.10.0.10,173.194.187.70,,,37473,443,0,37,17
1584503115.09939,173.194.187.70,10.10.0.10,,,443,37473,0,1358,17
1584503115.103846,173.194.187.70,10.10.0.10,,,443,37473,0,1358,17
1584503115.1055038,10.10.0.10,173.194.187.70,,,37473,443,0,50,17
1584503115.108295,173.194.187.70,10.10.0.10,,,443,37473,0,1358,17
1584503115.1127546,173.194.187.70,10.10.0.10,,,443,37473,0,1358,17
1584503115.114281,10.10.0.10,173.194.187.70,,,37473,443,0,37,17
1584503115.117208,173.194.187.70,10.10.0.10,,,443,37473,0,1358,17
1584503115.121681,173.194.187.70,10.10.0.10,,,443,37473,0,1358,17
1584503115.123283,10.10.0.10,173.194.187.70,,,37473,443,0,37,17
1584503115.1261196,173.194.187.70,10.10.0.10,,,443,37473,0,1358,17
1584503115.130572,173.194.187.70,10.10.0.10,,,443,37473,0,1358,17
1584503115.1321359,10.10.0.10,173.194.187.70,,,37473,443,0,37,17
1584503115.135027,173.194.187.70,10.10.0.10,,,443,37473,0,1358,17
1584503115.1394944,173.194.187.70,10.10.0.10,,,443,37473,0,1358,17
1584503115.1411376,10.10.0.10,173.194.187.70,,,37473,443,0,37,17
1584503115.143945,173.194.187.70,10.10.0.10,,,443,37473,0,1358,17
1584503115.148385,173.194.187.70,10.10.0.10,,,443,37473,0,1358,17
1584503115.1502776,10.10.0.10,173.194.187.70,,,37473,443,0,37,17
1584503115.1528418,173.194.187.70,10.10.0.10,,,443,37473,0,1358,17
1584503115.157308,173.194.187.70,10.10.0.10,,,443,37473,0,1358,17
1584503115.158885,10.10.0.10,173.194.187.70,,,37473,443,0,37,17
1584503115.161751,173.194.187.70,10.10.0.10,,,443,37473,0,1358,17
1584503115.1662052,173.194.187.70,10.10.0.10,,,443,37473,0,1358,17
1584503115.1679769,10.10.0.10,173.194.187.70,,,37473,443,0,37,17
1584503115.17068,173.194.187.70,10.10.0.10,,,443,37473,0,1358,17
1584503115.175111,173.194.187.70,10.10.0.10,,,443,37473,0,1358,17
1584503115.176655,10.10.0.10,173.194.187.70,,,37473,443,0,37,17
1584503115.179569,173.194.187.70,10.10.0.10,,,443,37473,0,1358,17
1584503115.184018,173.194.187.70,10.10.0.10,,,443,37473,0,1358,17
1584503115.18576,10.10.0.10,173.194.187.70,,,37473,443,0,37,17
1584503115.188492,173.194.187.70,10.10.0.10,,,443,37473,0,1358,17
1584503115.1929321,173.194.187.70,10.10.0.10,,,443,37473,0,1358,17
1584503115.194889,10.10.0.10,173.194.187.70,,,37473,443,0,37,17
1584503115.197387,173.194.187.70,10.10.0.10,,,443,37473,0,1358,17
1584503115.2018409,173.194.187.70,10.10.0.10,,,443,37473,0,1358,17
1584503115.203884,10.10.0.10,173.194.187.70,,,37473,443,0,37,17
1584503115.206307,173.194.187.70,10.10.0.10,,,443,37473,0,1358,17
1584503115.21075,173.194.187.70,10.10.0.10,,,443,37473,0,1358,17
1584503115.2123892,10.10.0.10,173.194.187.70,,,37473,443,0,37,17
1584503115.2152061,173.194.187.70,10.10.0.10,,,443,37473,0,1358,17
1584503115.2196765,173.194.187.70,10.10.0.10,,,443,37473,0,1358,17
1584503115.221287,10.10.0.10,173.194.187.70,,,37473,443,0,37,17
1584503115.2241068,173.194.187.70,10.10.0.10,,,443,37473,0,1358,17
1584503115.228568,173.194.187.70,10.10.0.10,,,443,37473,0,1358,17
1584503115.2303832,10.10.0.10,173.194.187.70,,,37473,443,0,37,17
1584503115.2330241,173.194.187.70,10.10.0.10,,,443,37473,0,1358,17
1584503115.2374911,173.194.187.70,10.10.0.10,,,443,37473,0,1358,17
1584503115.2391572,10.10.0.10,173.194.187.70,,,37473,443,0,37,17
1584503115.2419322,173.194.187.70,10.10.0.10,,,443,37473,0,1358,17
1584503115.2463849,173.194.187.70,10.10.0.10,,,443,37473,0,1358,17
1584503115.2479038,10.10.0.10,173.194.187.70,,,37473,443,0,37,17
1584503115.250839,173.194.187.70,10.10.0.10,,,443,37473,0,1358,17
1584503115.2553148,173.194.187.70,10.10.0.10,,,443,37473,0,1358,17
1584503115.256758,10.10.0.10,173.194.187.70,,,37473,443,0,37,17
1584503115.2597475,173.194.187.70,10.10.0.10,,,443,37473,0,1358,17
1584503115.264197,173.194.187.70,10.10.0.10,,,443,37473,0,1358,17
1584503115.265903,10.10.0.10,173.194.187.70,,,37473,443,0,37,17
1584503115.2686772,173.194.187.70,10.10.0.10,,,443,37473,0,1358,17
1584503115.2731152,173.194.187.70,10.10.0.10,,,443,37473,0,1358,17
1584503115.2746534,10.10.0.10,173.194.187.70,,,37473,443,0,37,17
1584503115.277565,173.194.187.70,10.10.0.10,,,443,37473,0,1358,17
1584503115.282021,173.194.187.70,10.10.0.10,,,443,37473,0,1358,17
1584503115.2851546,10.10.0.10,173.194.187.70,,,37473,443,0,50,17
1584503115.28649,173.194.187.70,10.10.0.10,,,443,37473,0,1358,17
1584503115.2909286,173.194.187.70,10.10.0.10,,,443,37473,0,1358,17
1584503115.292525,10.10.0.10,173.194.187.70,,,37473,443,0,37,17
1584503115.295383,173.194.187.70,10.10.0.10,,,443,37473,0,1358,17
1584503115.299838,173.194.187.70,10.10.0.10,,,443,37473,0,1358,17
1584503115.304287,173.194.187.70,10.10.0.10,,,443,37473,0,1358,17
1584503115.3045082,10.10.0.10,173.194.187.70,,,37473,443,0,37,17
1584503115.3087482,173.194.187.70,10.10.0.10,,,443,37473,0,29,17
1584503115.3089411,173.194.187.70,10.10.0.10,,,443,37473,0,1358,17
1584503115.3102758,10.10.0.10,173.194.187.70,,,37473,443,0,37,17
1584503115.3134232,173.194.187.70,10.10.0.10,,,443,37473,0,1358,17
1584503115.3178532,173.194.187.70,10.10.0.10,,,443,37473,0,1358,17
1584503115.3193812,10.10.0.10,173.194.187.70,,,37473,443,0,37,17
1584503115.3223119,173.194.187.70,10.10.0.10,,,443,37473,0,1358,17
1584503115.326761,173.194.187.70,10.10.0.10,,,443,37473,0,1358,17
1584503115.328525,10.10.0.10,173.194.187.70,,,37473,443,0,37,17
1584503115.33122,173.194.187.70,10.10.0.10,,,443,37473,0,1358,17
1584503115.335669,173.194.187.70,10.10.0.10,,,443,37473,0,1358,17
1584503115.3372474,10.10.0.10,173.194.187.70,,,37473,443,0,37,17
1584503115.340123,173.194.187.70,10.10.0.10,,,443,37473,0,1358,17
1584503115.344578,173.194.187.70,10.10.0.10,,,443,37473,0,1358,17
1584503115.347121,10.10.0.10,173.194.187.70,,,37473,443,0,37,17
1584503115.3490498,173.194.187.70,10.10.0.10,,,443,37473,0,1358,17
1584503115.3534946,173.194.187.70,10.10.0.10,,,443,37473,0,1358,17
1584503115.355274,10.10.0.10,173.194.187.70,,,37473,443,0,37,17
1584503115.357951,173.194.187.70,10.10.0.10,,,443,37473,0,1358,17
1584503115.362399,173.194.187.70,10.10.0.10,,,443,37473,0,1358,17
1584503115.364275,10.10.0.10,173.194.187.70,,,37473,443,0,37,17
1584503115.3668618,173.194.187.70,10.10.0.10,,,443,37473,0,1358,17
1584503115.371309,173.194.187.70,10.10.0.10,,,443,37473,0,1358,17
1584503115.375401,10.10.0.10,173.194.187.70,,,37473,443,0,37,17
1584503115.3757591,173.194.187.70,10.10.0.10,,,443,37473,0,1358,17
1584503115.380213,173.194.187.70,10.10.0.10,,,443,37473,0,1358,17
1584503115.3816216,10.10.0.10,173.194.187.70,,,37473,443,0,37,17
1584503115.3846748,173.194.187.70,10.10.0.10,,,443,37473,0,1358,17
1584503115.389127,173.194.187.70,10.10.0.10,,,443,37473,0,1358,17
1584503115.390878,10.10.0.10,173.194.187.70,,,37473,443,0,37,17
1584503115.393582,173.194.187.70,10.10.0.10,,,443,37473,0,1358,17
1584503115.398031,173.194.187.70,10.10.0.10,,,443,37473,0,1358,17
1584503115.399504,10.10.0.10,173.194.187.70,,,37473,443,0,37,17
1584503115.4024858,173.194.187.70,10.10.0.10,,,443,37473,0,1358,17
1584503115.406945,173.194.187.70,10.10.0.10,,,443,37473,0,1358,17
1584503115.4087448,10.10.0.10,173.194.187.70,,,37473,443,0,37,17
1584503115.411417,173.194.187.70,10.10.0.10,,,443,37473,0,1358,17
1584503115.4158616,173.194.187.70,10.10.0.10,,,443,37473,0,1358,17
1584503115.4175026,10.10.0.10,173.194.187.70,,,37473,443,0,37,17
1584503115.4203026,173.194.187.70,10.10.0.10,,,443,37473,0,1358,17
1584503115.424757,173.194.187.70,10.10.0.10,,,443,37473,0,1358,17
1584503115.426898,10.10.0.10,173.194.187.70,,,37473,443,0,37,17
1584503115.429235,173.194.187.70,10.10.0.10,,,443,37473,0,1358,17
1584503115.4336748,173.194.187.70,10.10.0.10,,,443,37473,0,1358,17
1584503115.438126,173.194.187.70,10.10.0.10,,,443,37473,0,1358,17
1584503115.4411461,10.10.0.10,173.194.187.70,,,37473,443,0,37,17
1584503115.4425812,173.194.187.70,10.10.0.10,,,443,37473,0,1358,17
1584503115.444271,10.10.0.10,173.194.187.70,,,37473,443,0,37,17
1584503115.447046,173.194.187.70,10.10.0.10,,,443,37473,0,1358,17
1584503115.451488,173.194.187.70,10.10.0.10,,,443,37473,0,1358,17
1584503115.453022,10.10.0.10,173.194.187.70,,,37473,443,0,37,17
1584503115.4559398,173.194.187.70,10.10.0.10,,,443,37473,0,1358,17
1584503115.460409,173.194.187.70,10.10.0.10,,,443,37473,0,1358,17
1584503115.4621458,10.10.0.10,173.194.187.70,,,37473,443,0,50,17
1584503115.4648619,173.194.187.70,10.10.0.10,,,443,37473,0,1358,17
1584503115.469306,173.194.187.70,10.10.0.10,,,443,37473,0,1358,17
1584503115.470901,10.10.0.10,173.194.187.70,,,37473,443,0,37,17
1584503115.47376,173.194.187.70,10.10.0.10,,,443,37473,0,1358,17
1584503115.478216,173.194.187.70,10.10.0.10,,,443,37473,0,1358,17
1584503115.479761,10.10.0.10,173.194.187.70,,,37473,443,0,37,17
1584503115.48268,173.194.187.70,10.10.0.10,,,443,37473,0,29,17
1584503115.4828632,173.194.187.70,10.10.0.10,,,443,37473,0,1358,17
1584503115.487326,173.194.187.70,10.10.0.10,,,443,37473,0,1358,17
1584503115.489251,10.10.0.10,173.194.187.70,,,37473,443,0,37,17
1584503115.491775,173.194.187.70,10.10.0.10,,,443,37473,0,1358,17
1584503115.4962301,173.194.187.70,10.10.0.10,,,443,37473,0,1358,17
1584503115.498,10.10.0.10,173.194.187.70,,,37473,443,0,37,17
1584503115.5006845,173.194.187.70,10.10.0.10,,,443,37473,0,1358,17
1584503115.5051384,173.194.187.70,10.10.0.10,,,443,37473,0,1358,17
1584503115.507242,10.10.0.10,173.194.187.70,,,37473,443,0,37,17
1584503115.509607,173.194.187.70,10.10.0.10,,,443,37473,0,1358,17
1584503115.514052,173.194.187.70,10.10.0.10,,,443,37473,0,1358,17
1584503115.515774,10.10.0.10,173.194.187.70,,,37473,443,0,37,17
1584503115.5185044,173.194.187.70,10.10.0.10,,,443,37473,0,1358,17
1584503115.5229619,173.194.187.70,10.10.0.10,,,443,37473,0,1358,17
1584503115.524519,10.10.0.10,173.194.187.70,,,37473,443,0,37,17
1584503115.52741,173.194.187.70,10.10.0.10,,,443,37473,0,1358,17
1584503115.531871,173.194.187.70,10.10.0.10,,,443,37473,0,1358,17
1584503115.533254,10.10.0.10,173.194.187.70,,,37473,443,0,37,17
1584503115.53632,173.194.187.70,10.10.0.10,,,443,37473,0,1358,17
1584503115.540792,173.194.187.70,10.10.0.10,,,443,37473,0,1358,17
1584503115.542394,10.10.0.10,173.194.187.70,,,37473,443,0,37,17
1584503115.545232,173.194.187.70,10.10.0.10,,,443,37473,0,1358,17
1584503115.5496874,173.194.187.70,10.10.0.10,,,443,37473,0,1358,17
1584503115.551249,10.10.0.10,173.194.187.70,,,37473,443,0,37,17
1584503115.554142,173.194.187.70,10.10.0.10,,,443,37473,0,1358,17
1584503115.558607,173.194.187.70,10.10.0.10,,,443,37473,0,1358,17
1584503115.559968,10.10.0.10,173.194.187.70,,,37473,443,0,37,17
1584503115.563051,173.194.187.70,10.10.0.10,,,443,37473,0,1358,17
1584503115.5675092,173.194.187.70,10.10.0.10,,,443,37473,0,1358,17
1584503115.5705948,10.10.0.10,173.194.187.70,,,37473,443,0,37,17
1584503115.571957,173.194.187.70,10.10.0.10,,,443,37473,0,1358,17
1584503115.576421,173.194.187.70,10.10.0.10,,,443,37473,0,1358,17
1584503115.578248,10.10.0.10,173.194.187.70,,,37473,443,0,37,17
1584503115.580871,173.194.187.70,10.10.0.10,,,443,37473,0,1358,17
1584503115.5853224,173.194.187.70,10.10.0.10,,,443,37473,0,1358,17
1584503115.587366,10.10.0.10,173.194.187.70,,,37473,443,0,37,17
1584503115.589792,173.194.187.70,10.10.0.10,,,443,37473,0,1358,17
1584503115.5942314,173.194.187.70,10.10.0.10,,,443,37473,0,1358,17
1584503115.595768,10.10.0.10,173.194.187.70,,,37473,443,0,37,17
1584503115.598681,173.194.187.70,10.10.0.10,,,443,37473,0,1358,17
1584503115.603141,173.194.187.70,10.10.0.10,,,443,37473,0,1358,17
1584503115.604631,10.10.0.10,173.194.187.70,,,37473,443,0,37,17
1584503115.6076052,173.194.187.70,10.10.0.10,,,443,37473,0,1358,17
1584503115.6120439,173.194.187.70,10.10.0.10,,,443,37473,0,1358,17
1584503115.613519,10.10.0.10,173.194.187.70,,,37473,443,0,37,17
1584503115.616503,173.194.187.70,10.10.0.10,,,443,37473,0,1358,17
1584503115.6209636,173.194.187.70,10.10.0.10,,,443,37473,0,1358,17
1584503115.622622,10.10.0.10,173.194.187.70,,,37473,443,0,37,17
1584503115.6254108,173.194.187.70,10.10.0.10,,,443,37473,0,1358,17
1584503115.6298606,173.194.187.70,10.10.0.10,,,443,37473,0,1358,17
1584503115.6313741,10.10.0.10,173.194.187.70,,,37473,443,0,37,17
1584503115.6343212,173.194.187.70,10.10.0.10,,,443,37473,0,1358,17
1584503115.6387742,173.194.187.70,10.10.0.10,,,443,37473,0,1358,17
1584503115.640393,10.10.0.10,173.194.187.70,,,37473,443,0,50,17
1584503115.643229,173.194.187.70,10.10.0.10,,,443,37473,0,1358,17
1584503115.647685,173.194.187.70,10.10.0.10,,,443,37473,0,1358,17
1584503115.649392,10.10.0.10,173.194.187.70,,,37473,443,0,37,17
1584503115.6521332,173.194.187.70,10.10.0.10,,,443,37473,0,1358,17
1584503115.6566038,173.194.187.70,10.10.0.10,,,443,37473,0,1358,17
1584503115.657998,10.10.0.10,173.194.187.70,,,37473,443,0,37,17
1584503115.661042,173.194.187.70,10.10.0.10,,,443,37473,0,1358,17
1584503115.665503,173.194.187.70,10.10.0.10,,,443,37473,0,1358,17
1584503115.6669679,10.10.0.10,173.194.187.70,,,37473,443,0,37,17
1584503115.6699548,173.194.187.70,10.10.0.10,,,443,37473,0,1358,17
1584503115.674418,173.194.187.70,10.10.0.10,,,443,37473,0,1358,17
1584503115.678866,173.194.187.70,10.10.0.10,,,443,37473,0,1358,17
1584503115.6833189,173.194.187.70,10.10.0.10,,,443,37473,0,1358,17
1584503115.6877902,173.194.187.70,10.10.0.10,,,443,37473,0,1358,17
1584503115.692223,173.194.187.70,10.10.0.10,,,443,37473,0,1358,17
1584503115.696682,173.194.187.70,10.10.0.10,,,443,37473,0,1358,17
1584503115.7011368,173.194.187.70,10.10.0.10,,,443,37473,0,1358,17
1584503115.7246668,173.194.187.70,10.10.0.10,,,443,37473,0,1358,17
1584503115.7552035,10.10.0.10,173.194.187.70,,,37473,443,0,37,17
1584503115.7689958,10.10.0.10,173.194.187.70,,,37473,443,0,40,17
1584503115.771123,10.10.0.10,173.194.187.70,,,37473,443,0,40,17
1584503115.772896,10.10.0.10,173.194.187.70,,,37473,443,0,40,17
1584503115.7729206,10.10.0.10,173.194.187.70,,,37473,443,0,40,17
1584503115.774145,173.194.187.70,10.10.0.10,,,443,37473,0,1358,17
1584503115.7779238,173.194.187.70,10.10.0.10,,,443,37473,0,1358,17
1584503115.781888,10.10.0.10,173.194.187.70,,,37473,443,0,40,17
1584503115.7827165,173.194.187.70,10.10.0.10,,,443,37473,0,1358,17
1584503115.7836409,10.10.0.10,173.194.187.70,,,37473,443,0,40,17
1584503115.786665,173.194.187.70,10.10.0.10,,,443,37473,0,1358,17
1584503115.7882464,10.10.0.10,173.194.187.70,,,37473,443,0,40,17
1584503115.7932518,173.194.187.70,10.10.0.10,,,443,37473,0,1358,17
1584503115.7932868,173.194.187.70,10.10.0.10,,,443,37473,0,1358,17
1584503115.7949831,10.10.0.10,173.194.187.70,,,37473,443,0,40,17
1584503115.797049,173.194.187.70,10.10.0.10,,,443,37473,0,1358,17
1584503115.8015044,173.194.187.70,10.10.0.10,,,443,37473,0,1358,17
1584503115.8032038,10.10.0.10,173.194.187.70,,,37473,443,0,40,17
1584503115.8059561,173.194.187.70,10.10.0.10,,,443,37473,0,1358,17
1584503115.810408,173.194.187.70,10.10.0.10,,,443,37473,0,1358,17
1584503115.814862,173.194.187.70,10.10.0.10,,,443,37473,0,1358,17
1584503115.8193214,173.194.187.70,10.10.0.10,,,443,37473,0,1358,17
1584503115.8237708,173.194.187.70,10.10.0.10,,,443,37473,0,1358,17
1584503115.828223,173.194.187.70,10.10.0.10,,,443,37473,0,1358,17
1584503115.8326776,173.194.187.70,10.10.0.10,,,443,37473,0,1358,17
1584503115.8352141,10.10.0.10,173.194.187.70,,,37473,443,0,40,17
1584503115.836592,10.10.0.10,173.194.187.70,,,37473,443,0,40,17
1584503115.8371296,173.194.187.70,10.10.0.10,,,443,37473,0,1358,17
1584503115.838817,10.10.0.10,173.194.187.70,,,37473,443,0,40,17
1584503115.8415859,173.194.187.70,10.10.0.10,,,443,37473,0,1358,17
1584503115.842735,10.10.0.10,173.194.187.70,,,37473,443,0,40,17
1584503115.846041,173.194.187.70,10.10.0.10,,,443,37473,0,1358,17
1584503115.847593,10.10.0.10,173.194.187.70,,,37473,443,0,40,17
1584503115.850496,173.194.187.70,10.10.0.10,,,443,37473,0,1358,17
1584503115.8549552,173.194.187.70,10.10.0.10,,,443,37473,0,1358,17
1584503115.856636,10.10.0.10,173.194.187.70,,,37473,443,0,40,17
1584503115.859408,173.194.187.70,10.10.0.10,,,443,37473,0,1358,17
1584503115.8638608,173.194.187.70,10.10.0.10,,,443,37473,0,1358,17
1584503115.8662622,10.10.0.10,173.194.187.70,,,37473,443,0,53,17
1584503115.8683171,173.194.187.70,10.10.0.10,,,443,37473,0,1358,17
1584503115.872791,173.194.187.70,10.10.0.10,,,443,37473,0,1358,17
1584503115.874737,10.10.0.10,173.194.187.70,,,37473,443,0,40,17
1584503115.877224,173.194.187.70,10.10.0.10,,,443,37473,0,1358,17
1584503115.8816788,173.194.187.70,10.10.0.10,,,443,37473,0,1358,17
1584503115.8837314,10.10.0.10,173.194.187.70,,,37473,443,0,40,17
1584503115.8861332,173.194.187.70,10.10.0.10,,,443,37473,0,1358,17
1584503115.890586,173.194.187.70,10.10.0.10,,,443,37473,0,1358,17
1584503115.8921142,10.10.0.10,173.194.187.70,,,37473,443,0,40,17
1584503115.895039,173.194.187.70,10.10.0.10,,,443,37473,0,1358,17
1584503115.899496,173.194.187.70,10.10.0.10,,,443,37473,0,1358,17
1584503115.9021342,10.10.0.10,173.194.187.70,,,37473,443,0,40,17
1584503115.903948,173.194.187.70,10.10.0.10,,,443,37473,0,29,17
1584503115.904148,173.194.187.70,10.10.0.10,,,443,37473,0,1358,17
1584503115.908606,173.194.187.70,10.10.0.10,,,443,37473,0,1358,17
1584503115.910238,10.10.0.10,173.194.187.70,,,37473,443,0,37,17
1584503115.913059,173.194.187.70,10.10.0.10,,,443,37473,0,1358,17
1584503115.9175332,173.194.187.70,10.10.0.10,,,443,37473,0,1358,17
1584503115.919761,10.10.0.10,173.194.187.70,,,37473,443,0,37,17
1584503115.9219751,173.194.187.70,10.10.0.10,,,443,37473,0,1358,17
1584503115.926424,173.194.187.70,10.10.0.10,,,443,37473,0,1358,17
1584503115.9287422,10.10.0.10,173.194.187.70,,,37473,443,0,37,17
1584503115.930881,173.194.187.70,10.10.0.10,,,443,37473,0,1358,17
1584503115.935333,173.194.187.70,10.10.0.10,,,443,37473,0,1358,17
1584503115.9368439,10.10.0.10,173.194.187.70,,,37473,443,0,37,17
1584503115.939787,173.194.187.70,10.10.0.10,,,443,37473,0,1358,17
1584503115.9442446,173.194.187.70,10.10.0.10,,,443,37473,0,1358,17
1584503115.9458618,10.10.0.10,173.194.187.70,,,37473,443,0,37,17
1584503115.9487019,173.194.187.70,10.10.0.10,,,443,37473,0,1358,17
1584503115.953149,173.194.187.70,10.10.0.10,,,443,37473,0,1358,17
1584503115.9562302,10.10.0.10,173.194.187.70,,,37473,443,0,37,17
1584503115.957603,173.194.187.70,10.10.0.10,,,443,37473,0,1358,17
1584503115.9620569,173.194.187.70,10.10.0.10,,,443,37473,0,1358,17
1584503115.9643831,10.10.0.10,173.194.187.70,,,37473,443,0,37,17
1584503115.9665318,173.194.187.70,10.10.0.10,,,443,37473,0,1358,17
1584503115.970973,173.194.187.70,10.10.0.10,,,443,37473,0,1358,17
1584503115.9728649,10.10.0.10,173.194.187.70,,,37473,443,0,37,17
1584503115.975423,173.194.187.70,10.10.0.10,,,443,37473,0,1358,17
1584503115.9798748,173.194.187.70,10.10.0.10,,,443,37473,0,1358,17
1584503115.9815805,10.10.0.10,173.194.187.70,,,37473,443,0,37,17
1584503115.984328,173.194.187.70,10.10.0.10,,,443,37473,0,1358,17
1584503115.98879,173.194.187.70,10.10.0.10,,,443,37473,0,1358,17
1584503115.9903412,10.10.0.10,173.194.187.70,,,37473,443,0,37,17
1584503115.9932392,173.194.187.70,10.10.0.10,,,443,37473,0,1358,17
1584503115.997706,173.194.187.70,10.10.0.10,,,443,37473,0,1358,17
1584503115.999337,10.10.0.10,173.194.187.70,,,37473,443,0,37,17
1584503116.0021565,173.194.187.70,10.10.0.10,,,443,37473,0,1358,17
1584503116.00661,173.194.187.70,10.10.0.10,,,443,37473,0,1358,17
1584503116.009508,10.10.0.10,173.194.187.70,,,37473,443,0,37,17
1584503116.011062,173.194.187.70,10.10.0.10,,,443,37473,0,1358,17
1584503116.015529,173.194.187.70,10.10.0.10,,,443,37473,0,1358,17
1584503116.019351,10.10.0.10,173.194.187.70,,,37473,443,0,37,17
1584503116.0199661,173.194.187.70,10.10.0.10,,,443,37473,0,1358,17
1584503116.0244198,173.194.187.70,10.10.0.10,,,443,37473,0,1358,17
1584503116.0262108,10.10.0.10,173.194.187.70,,,37473,443,0,37,17
1584503116.028874,173.194.187.70,10.10.0.10,,,443,37473,0,1358,17
1584503116.0333278,173.194.187.70,10.10.0.10,,,443,37473,0,1358,17
1584503116.0349832,10.10.0.10,173.194.187.70,,,37473,443,0,37,17
1584503116.0377831,173.194.187.70,10.10.0.10,,,443,37473,0,1358,17
1584503116.0422409,173.194.187.70,10.10.0.10,,,443,37473,0,1358,17
1584503116.0442538,10.10.0.10,173.194.187.70,,,37473,443,0,50,17
1584503116.0466974,173.194.187.70,10.10.0.10,,,443,37473,0,1358,17
1584503116.051146,173.194.187.70,10.10.0.10,,,443,37473,0,1358,17
1584503116.052734,10.10.0.10,173.194.187.70,,,37473,443,0,37,17
1584503116.0556052,173.194.187.70,10.10.0.10,,,443,37473,0,1358,17
1584503116.060056,173.194.187.70,10.10.0.10,,,443,37473,0,1358,17
1584503116.06238,10.10.0.10,173.194.187.70,,,37473,443,0,37,17
1584503116.064513,173.194.187.70,10.10.0.10,,,443,37473,0,1358,17
1584503116.068972,173.194.187.70,10.10.0.10,,,443,37473,0,1358,17
1584503116.070734,10.10.0.10,173.194.187.70,,,37473,443,0,37,17
1584503116.073425,173.194.187.70,10.10.0.10,,,443,37473,0,1358,17
1584503116.077878,173.194.187.70,10.10.0.10,,,443,37473,0,1358,17
1584503116.07951,10.10.0.10,173.194.187.70,,,37473,443,0,37,17
1584503116.0823412,173.194.187.70,10.10.0.10,,,443,37473,0,1358,17
1584503116.086792,173.194.187.70,10.10.0.10,,,443,37473,0,1358,17
1584503116.088234,10.10.0.10,173.194.187.70,,,37473,443,0,37,17
1584503116.0912418,173.194.187.70,10.10.0.10,,,443,37473,0,1358,17
1584503116.0957026,173.194.187.70,10.10.0.10,,,443,37473,0,1358,17
1584503116.0973759,10.10.0.10,173.194.187.70,,,37473,443,0,37,17
1584503116.1001446,173.194.187.70,10.10.0.10,,,443,37473,0,1358,17
1584503116.1046,173.194.187.70,10.10.0.10,,,443,37473,0,1358,17
1584503116.1063802,10.10.0.10,173.194.187.70,,,37473,443,0,37,17
1584503116.1090634,173.194.187.70,10.10.0.10,,,443,37473,0,1358,17
1584503116.113528,173.194.187.70,10.10.0.10,,,443,37473,0,1358,17
1584503116.115255,10.10.0.10,173.194.187.70,,,37473,443,0,37,17
1584503116.1179671,173.194.187.70,10.10.0.10,,,443,37473,0,1358,17
1584503116.122422,173.194.187.70,10.10.0.10,,,443,37473,0,1358,17
1584503116.123975,10.10.0.10,173.194.187.70,,,37473,443,0,37,17
1584503116.126875,173.194.187.70,10.10.0.10,,,443,37473,0,1358,17
1584503116.1313405,173.194.187.70,10.10.0.10,,,443,37473,0,1358,17
1584503116.1328762,10.10.0.10,173.194.187.70,,,37473,443,0,37,17
1584503116.135781,173.194.187.70,10.10.0.10,,,443,37473,0,1358,17
1584503116.140234,173.194.187.70,10.10.0.10,,,443,37473,0,1358,17
1584503116.141752,10.10.0.10,173.194.187.70,,,37473,443,0,37,17
1584503116.1446939,173.194.187.70,10.10.0.10,,,443,37473,0,1358,17
1584503116.149154,173.194.187.70,10.10.0.10,,,443,37473,0,1358,17
1584503116.150625,10.10.0.10,173.194.187.70,,,37473,443,0,37,17
1584503116.1536028,173.194.187.70,10.10.0.10,,,443,37473,0,1358,17
1584503116.158057,173.194.187.70,10.10.0.10,,,443,37473,0,1358,17
1584503116.159626,10.10.0.10,173.194.187.70,,,37473,443,0,37,17
1584503116.162526,173.194.187.70,10.10.0.10,,,443,37473,0,1358,17
1584503116.1669672,173.194.187.70,10.10.0.10,,,443,37473,0,1358,17
1584503116.168499,10.10.0.10,173.194.187.70,,,37473,443,0,37,17
1584503116.1714199,173.194.187.70,10.10.0.10,,,443,37473,0,1358,17
1584503116.175873,173.194.187.70,10.10.0.10,,,443,37473,0,1358,17
1584503116.177349,10.10.0.10,173.194.187.70,,,37473,443,0,37,17
1584503116.180325,173.194.187.70,10.10.0.10,,,443,37473,0,1358,17
1584503116.184783,173.194.187.70,10.10.0.10,,,443,37473,0,1358,17
1584503116.189241,173.194.187.70,10.10.0.10,,,443,37473,0,1358,17
1584503116.18945,10.10.0.10,173.194.187.70,,,37473,443,0,37,17
1584503116.1936932,173.194.187.70,10.10.0.10,,,443,37473,0,1358,17
1584503116.1958542,10.10.0.10,173.194.187.70,,,37473,443,0,37,17
1584503116.198152,173.194.187.70,10.10.0.10,,,443,37473,0,1358,17
1584503116.2025962,173.194.187.70,10.10.0.10,,,443,37473,0,1358,17
1584503116.207001,10.10.0.10,173.194.187.70,,,37473,443,0,37,17
1584503116.207054,173.194.187.70,10.10.0.10,,,443,37473,0,1358,17
1584503116.2115252,173.194.187.70,10.10.0.10,,,443,37473,0,1358,17
1584503116.213231,10.10.0.10,173.194.187.70,,,37473,443,0,37,17
1584503116.21596,173.194.187.70,10.10.0.10,,,443,37473,0,1358,17
1584503116.220422,173.194.187.70,10.10.0.10,,,443,37473,0,1358,17
1584503116.22198,10.10.0.10,173.194.187.70,,,37473,443,0,50,17
1584503116.224874,173.194.187.70,10.10.0.10,,,443,37473,0,1358,17
1584503116.229343,173.194.187.70,10.10.0.10,,,443,37473,0,1358,17
1584503116.231605,10.10.0.10,173.194.187.70,,,37473,443,0,37,17
1584503116.233783,173.194.187.70,10.10.0.10,,,443,37473,0,1358,17
1584503116.2382364,173.194.187.70,10.10.0.10,,,443,37473,0,1358,17
1584503116.23997,10.10.0.10,173.194.187.70,,,37473,443,0,37,17
1584503116.2426908,173.194.187.70,10.10.0.10,,,443,37473,0,1358,17
1584503116.2471511,173.194.187.70,10.10.0.10,,,443,37473,0,1358,17
1584503116.248729,10.10.0.10,173.194.187.70,,,37473,443,0,37,17
1584503116.251599,173.194.187.70,10.10.0.10,,,443,37473,0,1358,17
1584503116.256049,173.194.187.70,10.10.0.10,,,443,37473,0,1358,17
1584503116.257623,10.10.0.10,173.194.187.70,,,37473,443,0,37,17
1584503116.2605221,173.194.187.70,10.10.0.10,,,443,37473,0,1358,17
1584503116.2649634,173.194.187.70,10.10.0.10,,,443,37473,0,1358,17
1584503116.2664974,10.10.0.10,173.194.187.70,,,37473,443,0,37,17
1584503116.269418,173.194.187.70,10.10.0.10,,,443,37473,0,1358,17
1584503116.27387,173.194.187.70,10.10.0.10,,,443,37473,0,1358,17
1584503116.275623,10.10.0.10,173.194.187.70,,,37473,443,0,37,17
1584503116.278336,173.194.187.70,10.10.0.10,,,443,37473,0,1358,17
1584503116.2827802,173.194.187.70,10.10.0.10,,,443,37473,0,1358,17
1584503116.284376,10.10.0.10,173.194.187.70,,,37473,443,0,37,17
1584503116.2872355,173.194.187.70,10.10.0.10,,,443,37473,0,1358,17
1584503116.29169,173.194.187.70,10.10.0.10,,,443,37473,0,1358,17
1584503116.293227,10.10.0.10,173.194.187.70,,,37473,443,0,37,17
1584503116.2961378,173.194.187.70,10.10.0.10,,,443,37473,0,1358,17
1584503116.3005981,173.194.187.70,10.10.0.10,,,443,37473,0,1358,17
1584503116.302352,10.10.0.10,173.194.187.70,,,37473,443,0,37,17
1584503116.3050532,173.194.187.70,10.10.0.10,,,443,37473,0,1358,17
1584503116.309525,173.194.187.70,10.10.0.10,,,443,37473,0,1358,17
1584503116.310975,10.10.0.10,173.194.187.70,,,37473,443,0,37,17
1584503116.313961,173.194.187.70,10.10.0.10,,,443,37473,0,1358,17
1584503116.318416,173.194.187.70,10.10.0.10,,,443,37473,0,1358,17
1584503116.3211231,10.10.0.10,173.194.187.70,,,37473,443,0,37,17
1584503116.3228722,173.194.187.70,10.10.0.10,,,443,37473,0,1358,17
1584503116.3273342,173.194.187.70,10.10.0.10,,,443,37473,0,1358,17
1584503116.328972,10.10.0.10,173.194.187.70,,,37473,443,0,37,17
1584503116.331775,173.194.187.70,10.10.0.10,,,443,37473,0,1358,17
1584503116.3362286,173.194.187.70,10.10.0.10,,,443,37473,0,1358,17
1584503116.3379679,10.10.0.10,173.194.187.70,,,37473,443,0,37,17
1584503116.3406901,173.194.187.70,10.10.0.10,,,443,37473,0,1358,17
1584503116.345145,173.194.187.70,10.10.0.10,,,443,37473,0,1358,17
1584503116.3472462,10.10.0.10,173.194.187.70,,,37473,443,0,37,17
1584503116.349591,173.194.187.70,10.10.0.10,,,443,37473,0,1358,17
1584503116.3540518,173.194.187.70,10.10.0.10,,,443,37473,0,1358,17
1584503116.3558438,10.10.0.10,173.194.187.70,,,37473,443,0,37,17
1584503116.35852,173.194.187.70,10.10.0.10,,,443,37473,0,1358,17
1584503116.3629591,173.194.187.70,10.10.0.10,,,443,37473,0,1358,17
1584503116.364353,10.10.0.10,173.194.187.70,,,37473,443,0,37,17
1584503116.367415,173.194.187.70,10.10.0.10,,,443,37473,0,1358,17
1584503116.371871,173.194.187.70,10.10.0.10,,,443,37473,0,1358,17
1584503116.3734748,10.10.0.10,173.194.187.70,,,37473,443,0,37,17
1584503116.376319,173.194.187.70,10.10.0.10,,,443,37473,0,1358,17
1584503116.380776,173.194.187.70,10.10.0.10,,,443,37473,0,1358,17
1584503116.3823662,10.10.0.10,173.194.187.70,,,37473,443,0,37,17
1584503116.385233,173.194.187.70,10.10.0.10,,,443,37473,0,1358,17
1584503116.389692,173.194.187.70,10.10.0.10,,,443,37473,0,1358,17
1584503116.391495,10.10.0.10,173.194.187.70,,,37473,443,0,37,17
1584503116.3941472,173.194.187.70,10.10.0.10,,,443,37473,0,1358,17
1584503116.398591,173.194.187.70,10.10.0.10,,,443,37473,0,1358,17
1584503116.4002428,10.10.0.10,173.194.187.70,,,37473,443,0,50,17
1584503116.403049,173.194.187.70,10.10.0.10,,,443,37473,0,1358,17
1584503116.4075189,173.194.187.70,10.10.0.10,,,443,37473,0,1358,17
1584503116.4093492,10.10.0.10,173.194.187.70,,,37473,443,0,37,17
1584503116.411954,173.194.187.70,10.10.0.10,,,443,37473,0,1358,17
1584503116.416413,173.194.187.70,10.10.0.10,,,443,37473,0,1358,17
1584503116.418493,10.10.0.10,173.194.187.70,,,37473,443,0,37,17
1584503116.420881,173.194.187.70,10.10.0.10,,,443,37473,0,1358,17
1584503116.4253304,173.194.187.70,10.10.0.10,,,443,37473,0,1358,17
1584503116.4268491,10.10.0.10,173.194.187.70,,,37473,443,0,37,17
1584503116.429777,173.194.187.70,10.10.0.10,,,443,37473,0,1358,17
1584503116.434232,173.194.187.70,10.10.0.10,,,443,37473,0,1358,17
1584503116.435842,10.10.0.10,173.194.187.70,,,37473,443,0,37,17
1584503116.4386852,173.194.187.70,10.10.0.10,,,443,37473,0,1358,17
1584503116.443145,173.194.187.70,10.10.0.10,,,443,37473,0,1358,17
1584503116.444727,10.10.0.10,173.194.187.70,,,37473,443,0,37,17
1584503116.447592,173.194.187.70,10.10.0.10,,,443,37473,0,1358,17
1584503116.452042,173.194.187.70,10.10.0.10,,,443,37473,0,1358,17
1584503116.45396,10.10.0.10,173.194.187.70,,,37473,443,0,37,17
1584503116.4565198,173.194.187.70,10.10.0.10,,,443,37473,0,1358,17
1584503116.4609606,173.194.187.70,10.10.0.10,,,443,37473,0,1358,17
1584503116.462465,10.10.0.10,173.194.187.70,,,37473,443,0,37,17
1584503116.46541,173.194.187.70,10.10.0.10,,,443,37473,0,1358,17
1584503116.4698641,173.194.187.70,10.10.0.10,,,443,37473,0,1358,17
1584503116.4715972,10.10.0.10,173.194.187.70,,,37473,443,0,37,17
1584503116.474329,173.194.187.70,10.10.0.10,,,443,37473,0,1358,17
1584503116.475848,10.10.0.10,173.194.187.70,,,37473,443,0,50,17
1584503116.478773,173.194.187.70,10.10.0.10,,,443,37473,0,1358,17
1584503116.483224,173.194.187.70,10.10.0.10,,,443,37473,0,1358,17
1584503116.4847212,10.10.0.10,173.194.187.70,,,37473,443,0,37,17
1584503116.487682,173.194.187.70,10.10.0.10,,,443,37473,0,1358,17
1584503116.492132,173.194.187.70,10.10.0.10,,,443,37473,0,1358,17
1584503116.4942439,10.10.0.10,173.194.187.70,,,37473,443,0,37,17
1584503116.496591,173.194.187.70,10.10.0.10,,,443,37473,0,1358,17
1584503116.5010462,173.194.187.70,10.10.0.10,,,443,37473,0,29,17
1584503116.501239,173.194.187.70,10.10.0.10,,,443,37473,0,1358,17
1584503116.503867,10.10.0.10,173.194.187.70,,,37473,443,0,37,17
1584503116.505704,173.194.187.70,10.10.0.10,,,443,37473,0,1358,17
1584503116.510157,173.194.187.70,10.10.0.10,,,443,37473,0,1358,17
1584503116.512119,10.10.0.10,173.194.187.70,,,37473,443,0,37,17
1584503116.5146115,173.194.187.70,10.10.0.10,,,443,37473,0,1358,17
1584503116.519079,173.194.187.70,10.10.0.10,,,443,37473,0,1358,17
1584503116.520605,10.10.0.10,173.194.187.70,,,37473,443,0,37,17
1584503116.5235212,173.194.187.70,10.10.0.10,,,443,37473,0,1358,17
1584503116.527969,173.194.187.70,10.10.0.10,,,443,37473,0,1358,17
1584503116.529489,10.10.0.10,173.194.187.70,,,37473,443,0,37,17
1584503116.5324292,173.194.187.70,10.10.0.10,,,443,37473,0,1358,17
1584503116.5368981,173.194.187.70,10.10.0.10,,,443,37473,0,1358,17
1584503116.539338,10.10.0.10,173.194.187.70,,,37473,443,0,37,17
1584503116.541338,173.194.187.70,10.10.0.10,,,443,37473,0,1358,17
1584503116.5457911,173.194.187.70,10.10.0.10,,,443,37473,0,1358,17
1584503116.5477102,10.10.0.10,173.194.187.70,,,37473,443,0,37,17
1584503116.5502641,173.194.187.70,10.10.0.10,,,443,37473,0,1358,17
1584503116.554703,173.194.187.70,10.10.0.10,,,443,37473,0,1358,17
1584503116.556226,10.10.0.10,173.194.187.70,,,37473,443,0,37,17
1584503116.559156,173.194.187.70,10.10.0.10,,,443,37473,0,1358,17
1584503116.563609,173.194.187.70,10.10.0.10,,,443,37473,0,1358,17
1584503116.565366,10.10.0.10,173.194.187.70,,,37473,443,0,37,17
1584503116.568058,173.194.187.70,10.10.0.10,,,443,37473,0,1358,17
1584503116.572519,173.194.187.70,10.10.0.10,,,443,37473,0,1358,17
1584503116.574595,10.10.0.10,173.194.187.70,,,37473,443,0,37,17
1584503116.5769722,173.194.187.70,10.10.0.10,,,443,37473,0,1358,17
1584503116.5814269,173.194.187.70,10.10.0.10,,,443,37473,0,1358,17
1584503116.5829885,10.10.0.10,173.194.187.70,,,37473,443,0,37,17
1584503116.5858915,173.194.187.70,10.10.0.10,,,443,37473,0,1358,17
1584503116.590338,173.194.187.70,10.10.0.10,,,443,37473,0,1358,17
1584503116.591939,10.10.0.10,173.194.187.70,,,37473,443,0,37,17
1584503116.594789,173.194.187.70,10.10.0.10,,,443,37473,0,1358,17
1584503116.5992632,173.194.187.70,10.10.0.10,,,443,37473,0,1358,17
1584503116.600834,10.10.0.10,173.194.187.70,,,37473,443,0,37,17
1584503116.6037009,173.194.187.70,10.10.0.10,,,443,37473,0,1358,17
1584503116.608148,173.194.187.70,10.10.0.10,,,443,37473,0,1358,17
1584503116.6095972,10.10.0.10,173.194.187.70,,,37473,443,0,37,17
1584503116.612607,173.194.187.70,10.10.0.10,,,443,37473,0,1358,17
1584503116.617076,173.194.187.70,10.10.0.10,,,443,37473,0,1358,17
1584503116.618967,10.10.0.10,173.194.187.70,,,37473,443,0,37,17
1584503116.6215198,173.194.187.70,10.10.0.10,,,443,37473,0,1358,17
1584503116.6259706,173.194.187.70,10.10.0.10,,,443,37473,0,1358,17
1584503116.627613,10.10.0.10,173.194.187.70,,,37473,443,0,37,17
1584503116.630425,173.194.187.70,10.10.0.10,,,443,37473,0,1358,17
1584503116.6348898,173.194.187.70,10.10.0.10,,,443,37473,0,1358,17
1584503116.6363482,10.10.0.10,173.194.187.70,,,37473,443,0,37,17
1584503116.6393359,173.194.187.70,10.10.0.10,,,443,37473,0,1358,17
1584503116.643788,173.194.187.70,10.10.0.10,,,443,37473,0,1358,17
1584503116.6453419,10.10.0.10,173.194.187.70,,,37473,443,0,37,17
1584503116.648247,173.194.187.70,10.10.0.10,,,443,37473,0,1358,17
1584503116.6527002,173.194.187.70,10.10.0.10,,,443,37473,0,1358,17
1584503116.654734,10.10.0.10,173.194.187.70,,,37473,443,0,50,17
1584503116.65715,173.194.187.70,10.10.0.10,,,443,37473,0,1358,17
1584503116.661607,173.194.187.70,10.10.0.10,,,443,37473,0,1358,17
1584503116.6634588,10.10.0.10,173.194.187.70,,,37473,443,0,37,17
1584503116.666074,173.194.187.70,10.10.0.10,,,443,37473,0,1358,17
1584503116.6705134,173.194.187.70,10.10.0.10,,,443,37473,0,1358,17
1584503116.67259,10.10.0.10,173.194.187.70,,,37473,443,0,37,17
1584503116.67497,173.194.187.70,10.10.0.10,,,443,37473,0,1358,17
1584503116.6794279,173.194.187.70,10.10.0.10,,,443,37473,0,1358,17
1584503116.6810918,10.10.0.10,173.194.187.70,,,37473,443,0,37,17
1584503116.6838892,173.194.187.70,10.10.0.10,,,443,37473,0,1358,17
1584503116.6883268,173.194.187.70,10.10.0.10,,,443,37473,0,1358,17
1584503116.68984,10.10.0.10,173.194.187.70,,,37473,443,0,37,17
1584503116.692783,173.194.187.70,10.10.0.10,,,443,37473,0,1358,17
1584503116.697241,173.194.187.70,10.10.0.10,,,443,37473,0,1358,17
1584503116.6988618,10.10.0.10,173.194.187.70,,,37473,443,0,37,17
1584503116.701691,173.194.187.70,10.10.0.10,,,443,37473,0,1358,17
1584503116.70615,173.194.187.70,10.10.0.10,,,443,37473,0,1358,17
1584503116.7077155,10.10.0.10,173.194.187.70,,,37473,443,0,37,17
1584503116.7106054,173.194.187.70,10.10.0.10,,,443,37473,0,1358,17
1584503116.7150738,173.194.187.70,10.10.0.10,,,443,37473,0,1358,17
1584503116.7165911,10.10.0.10,173.194.187.70,,,37473,443,0,37,17
1584503116.7195148,173.194.187.70,10.10.0.10,,,443,37473,0,1358,17
1584503116.7239652,173.194.187.70,10.10.0.10,,,443,37473,0,1358,17
1584503116.725456,10.10.0.10,173.194.187.70,,,37473,443,0,37,17
1584503116.728433,173.194.187.70,10.10.0.10,,,443,37473,0,1358,17
1584503116.732888,173.194.187.70,10.10.0.10,,,443,37473,0,1358,17
1584503116.7344859,10.10.0.10,173.194.187.70,,,37473,443,0,37,17
1584503116.737332,173.194.187.70,10.10.0.10,,,443,37473,0,1358,17
1584503116.741786,173.194.187.70,10.10.0.10,,,443,37473,0,1358,17
1584503116.743217,10.10.0.10,173.194.187.70,,,37473,443,0,37,17
1584503116.746257,173.194.187.70,10.10.0.10,,,443,37473,0,1358,17
1584503116.7506974,173.194.187.70,10.10.0.10,,,443,37473,0,1358,17
1584503116.752213,10.10.0.10,173.194.187.70,,,37473,443,0,37,17
1584503116.7551482,173.194.187.70,10.10.0.10,,,443,37473,0,1358,17
1584503116.7596035,173.194.187.70,10.10.0.10,,,443,37473,0,1358,17
1584503116.7614882,10.10.0.10,173.194.187.70,,,37473,443,0,37,17
1584503116.764052,173.194.187.70,10.10.0.10,,,443,37473,0,1358,17
1584503116.7685149,173.194.187.70,10.10.0.10,,,443,37473,0,1358,17
1584503116.770214,10.10.0.10,173.194.187.70,,,37473,443,0,37,17
1584503116.772961,173.194.187.70,10.10.0.10,,,443,37473,0,1358,17
1584503116.7774198,173.194.187.70,10.10.0.10,,,443,37473,0,1358,17
1584503116.7792141,10.10.0.10,173.194.187.70,,,37473,443,0,37,17
1584503116.7818859,173.194.187.70,10.10.0.10,,,443,37473,0,1358,17
1584503116.7863288,173.194.187.70,10.10.0.10,,,443,37473,0,1358,17
1584503116.788213,10.10.0.10,173.194.187.70,,,37473,443,0,37,17
1584503116.790783,173.194.187.70,10.10.0.10,,,443,37473,0,1358,17
1584503116.7952578,173.194.187.70,10.10.0.10,,,443,37473,0,1358,17
1584503116.796865,10.10.0.10,173.194.187.70,,,37473,443,0,37,17
1584503116.7996962,173.194.187.70,10.10.0.10,,,443,37473,0,1358,17
1584503116.804142,173.194.187.70,10.10.0.10,,,443,37473,0,1358,17
1584503116.8057148,10.10.0.10,173.194.187.70,,,37473,443,0,37,17
1584503116.8086019,173.194.187.70,10.10.0.10,,,443,37473,0,1358,17
1584503116.8130689,173.194.187.70,10.10.0.10,,,443,37473,0,1358,17
1584503116.814466,10.10.0.10,173.194.187.70,,,37473,443,0,37,17
1584503116.81751,173.194.187.70,10.10.0.10,,,443,37473,0,1358,17
1584503116.8219662,173.194.187.70,10.10.0.10,,,443,37473,0,1358,17
1584503116.8245802,10.10.0.10,173.194.187.70,,,37473,443,0,37,17
1584503116.826417,173.194.187.70,10.10.0.10,,,443,37473,0,1358,17
1584503116.8308694,173.194.187.70,10.10.0.10,,,443,37473,0,1358,17
1584503116.832561,10.10.0.10,173.194.187.70,,,37473,443,0,50,17
1584503116.8353224,173.194.187.70,10.10.0.10,,,443,37473,0,1358,17
1584503116.8397732,173.194.187.70,10.10.0.10,,,443,37473,0,1358,17
1584503116.841436,10.10.0.10,173.194.187.70,,,37473,443,0,37,17
1584503116.8442314,173.194.187.70,10.10.0.10,,,443,37473,0,1358,17
1584503116.8486938,173.194.187.70,10.10.0.10,,,443,37473,0,1358,17
1584503116.8501902,10.10.0.10,173.194.187.70,,,37473,443,0,37,17
1584503116.853145,173.194.187.70,10.10.0.10,,,443,37473,0,1358,17
1584503116.8575964,173.194.187.70,10.10.0.10,,,443,37473,0,1358,17
1584503116.8593204,10.10.0.10,173.194.187.70,,,37473,443,0,37,17
1584503116.8620498,173.194.187.70,10.10.0.10,,,443,37473,0,1358,17
1584503116.866506,173.194.187.70,10.10.0.10,,,443,37473,0,1358,17
1584503116.868075,10.10.0.10,173.194.187.70,,,37473,443,0,37,17
1584503116.87096,173.194.187.70,10.10.0.10,,,443,37473,0,1358,17
1584503116.8754275,173.194.187.70,10.10.0.10,,,443,37473,0,1358,17
1584503116.8770962,10.10.0.10,173.194.187.70,,,37473,443,0,37,17
1584503116.8798714,173.194.187.70,10.10.0.10,,,443,37473,0,1358,17
1584503116.8843212,173.194.187.70,10.10.0.10,,,443,37473,0,1358,17
1584503116.8859901,10.10.0.10,173.194.187.70,,,37473,443,0,37,17
1584503116.888776,173.194.187.70,10.10.0.10,,,443,37473,0,1358,17
1584503116.893255,173.194.187.70,10.10.0.10,,,443,37473,0,1358,17
1584503116.8948588,10.10.0.10,173.194.187.70,,,37473,443,0,37,17
1584503116.897685,173.194.187.70,10.10.0.10,,,443,37473,0,1358,17
1584503116.9021401,173.194.187.70,10.10.0.10,,,443,37473,0,1358,17
1584503116.903673,10.10.0.10,173.194.187.70,,,37473,443,0,37,17
1584503116.906594,173.194.187.70,10.10.0.10,,,443,37473,0,1358,17
1584503116.911048,173.194.187.70,10.10.0.10,,,443,37473,0,1358,17
1584503116.9126098,10.10.0.10,173.194.187.70,,,37473,443,0,37,17
1584503116.9155068,173.194.187.70,10.10.0.10,,,443,37473,0,1358,17
1584503116.91996,173.194.187.70,10.10.0.10,,,443,37473,0,1358,17
1584503116.921978,10.10.0.10,173.194.187.70,,,37473,443,0,37,17
1584503116.9244099,173.194.187.70,10.10.0.10,,,443,37473,0,1358,17
1584503116.9288828,173.194.187.70,10.10.0.10,,,443,37473,0,1358,17
1584503116.931106,10.10.0.10,173.194.187.70,,,37473,443,0,37,17
1584503116.933325,173.194.187.70,10.10.0.10,,,443,37473,0,1358,17
1584503116.937779,173.194.187.70,10.10.0.10,,,443,37473,0,1358,17
1584503116.939854,10.10.0.10,173.194.187.70,,,37473,443,0,37,17
1584503116.9422538,173.194.187.70,10.10.0.10,,,443,37473,0,1358,17
1584503116.9466908,173.194.187.70,10.10.0.10,,,443,37473,0,1358,17
1584503116.948208,10.10.0.10,173.194.187.70,,,37473,443,0,37,17
1584503116.951143,173.194.187.70,10.10.0.10,,,443,37473,0,1358,17
1584503116.955592,173.194.187.70,10.10.0.10,,,443,37473,0,1358,17
1584503116.9574668,10.10.0.10,173.194.187.70,,,37473,443,0,37,17
1584503116.960046,173.194.187.70,10.10.0.10,,,443,37473,0,1358,17
1584503116.9645052,173.194.187.70,10.10.0.10,,,443,37473,0,1358,17
1584503116.9663012,10.10.0.10,173.194.187.70,,,37473,443,0,37,17
1584503116.9689572,173.194.187.70,10.10.0.10,,,443,37473,0,1358,17
1584503116.9734132,173.194.187.70,10.10.0.10,,,443,37473,0,1358,17
1584503116.974979,10.10.0.10,173.194.187.70,,,37473,443,0,37,17
1584503116.977863,173.194.187.70,10.10.0.10,,,443,37473,0,1358,17
1584503116.9823241,173.194.187.70,10.10.0.10,,,443,37473,0,1358,17
1584503116.983852,10.10.0.10,173.194.187.70,,,37473,443,0,37,17
1584503116.986773,173.194.187.70,10.10.0.10,,,443,37473,0,1358,17
1584503116.991251,173.194.187.70,10.10.0.10,,,443,37473,0,1358,17
1584503116.99284,10.10.0.10,173.194.187.70,,,37473,443,0,37,17
1584503116.99569,173.194.187.70,10.10.0.10,,,443,37473,0,1358,17
1584503117.000135,173.194.187.70,10.10.0.10,,,443,37473,0,1358,17
1584503117.0017312,10.10.0.10,173.194.187.70,,,37473,443,0,37,17
1584503117.004599,173.194.187.70,10.10.0.10,,,443,37473,0,1358,17
1584503117.0090508,173.194.187.70,10.10.0.10,,,443,37473,0,1358,17
1584503117.0105786,10.10.0.10,173.194.187.70,,,37473,443,0,50,17
1584503117.0134964,173.194.187.70,10.10.0.10,,,443,37473,0,1358,17
1584503117.0179572,173.194.187.70,10.10.0.10,,,443,37473,0,1358,17
1584503117.01933,10.10.0.10,173.194.187.70,,,37473,443,0,37,17
1584503117.022413,173.194.187.70,10.10.0.10,,,443,37473,0,1358,17
1584503117.026864,173.194.187.70,10.10.0.10,,,443,37473,0,1358,17
1584503117.0288491,10.10.0.10,173.194.187.70,,,37473,443,0,37,17
1584503117.031321,173.194.187.70,10.10.0.10,,,443,37473,0,1358,17
1584503117.035775,173.194.187.70,10.10.0.10,,,443,37473,0,1358,17
1584503117.0381012,10.10.0.10,173.194.187.70,,,37473,443,0,37,17
1584503117.040228,173.194.187.70,10.10.0.10,,,443,37473,0,1358,17
1584503117.044688,173.194.187.70,10.10.0.10,,,443,37473,0,1358,17
1584503117.046976,10.10.0.10,173.194.187.70,,,37473,443,0,37,17
1584503117.049143,173.194.187.70,10.10.0.10,,,443,37473,0,1358,17
1584503117.053593,173.194.187.70,10.10.0.10,,,443,37473,0,1358,17
1584503117.0565796,10.10.0.10,173.194.187.70,,,37473,443,0,37,17
1584503117.058064,173.194.187.70,10.10.0.10,,,443,37473,0,1358,17
1584503117.0624974,173.194.187.70,10.10.0.10,,,443,37473,0,1358,17
1584503117.065208,10.10.0.10,173.194.187.70,,,37473,443,0,37,17
1584503117.066954,173.194.187.70,10.10.0.10,,,443,37473,0,1358,17
1584503117.07141,173.194.187.70,10.10.0.10,,,443,37473,0,1358,17
1584503117.074074,10.10.0.10,173.194.187.70,,,37473,443,0,37,17
1584503117.0758731,173.194.187.70,10.10.0.10,,,443,37473,0,1358,17
1584503117.080316,173.194.187.70,10.10.0.10,,,443,37473,0,1358,17
1584503117.082855,10.10.0.10,173.194.187.70,,,37473,443,0,37,17
1584503117.084775,173.194.187.70,10.10.0.10,,,443,37473,0,1358,17
1584503117.0892222,173.194.187.70,10.10.0.10,,,443,37473,0,1358,17
1584503117.0936868,173.194.187.70,10.10.0.10,,,443,37473,0,1358,17
1584503117.098137,173.194.187.70,10.10.0.10,,,443,37473,0,1358,17
1584503117.102592,173.194.187.70,10.10.0.10,,,443,37473,0,1358,17
1584503117.1070619,173.194.187.70,10.10.0.10,,,443,37473,0,1358,17
1584503117.1115012,173.194.187.70,10.10.0.10,,,443,37473,0,1358,17
1584503117.117827,10.10.0.10,173.194.187.70,,,37473,443,0,37,17
1584503117.1178534,10.10.0.10,173.194.187.70,,,37473,443,0,37,17
1584503117.118954,10.10.0.10,173.194.187.70,,,37473,443,0,37,17
1584503117.123519,173.194.187.70,10.10.0.10,,,443,37473,0,1358,17
1584503117.1235552,173.194.187.70,10.10.0.10,,,443,37473,0,1358,17
1584503117.12496,10.10.0.10,173.194.187.70,,,37473,443,0,37,17
1584503117.1328974,173.194.187.70,10.10.0.10,,,443,37473,0,1358,17
1584503117.132932,173.194.187.70,10.10.0.10,,,443,37473,0,1358,17
1584503117.134598,10.10.0.10,173.194.187.70,,,37473,443,0,37,17
1584503117.141432,173.194.187.70,10.10.0.10,,,443,37473,0,1358,17
1584503117.141468,173.194.187.70,10.10.0.10,,,443,37473,0,1358,17
1584503117.1430972,10.10.0.10,173.194.187.70,,,37473,443,0,37,17
1584503117.147838,173.194.187.70,10.10.0.10,,,443,37473,0,1358,17
1584503117.149722,10.10.0.10,173.194.187.70,,,37473,443,0,37,17
1584503117.1500509,173.194.187.70,10.10.0.10,,,443,37473,0,1358,17
1584503117.154799,173.194.187.70,10.10.0.10,,,443,37473,0,1358,17
1584503117.156327,10.10.0.10,173.194.187.70,,,37473,443,0,37,17
1584503117.158965,173.194.187.70,10.10.0.10,,,443,37473,0,1358,17
1584503117.163434,173.194.187.70,10.10.0.10,,,443,37473,0,1358,17
1584503117.165097,10.10.0.10,173.194.187.70,,,37473,443,0,37,17
1584503117.1678748,173.194.187.70,10.10.0.10,,,443,37473,0,1358,17
1584503117.1723301,173.194.187.70,10.10.0.10,,,443,37473,0,1358,17
1584503117.174201,10.10.0.10,173.194.187.70,,,37473,443,0,37,17
1584503117.176783,173.194.187.70,10.10.0.10,,,443,37473,0,1358,17
1584503117.1812491,173.194.187.70,10.10.0.10,,,443,37473,0,1358,17
1584503117.1829562,10.10.0.10,173.194.187.70,,,37473,443,0,37,17
1584503117.185692,173.194.187.70,10.10.0.10,,,443,37473,0,1358,17
1584503117.190148,173.194.187.70,10.10.0.10,,,443,37473,0,1358,17
1584503117.191825,10.10.0.10,173.194.187.70,,,37473,443,0,50,17
1584503117.19462,173.194.187.70,10.10.0.10,,,443,37473,0,1358,17
1584503117.1990578,173.194.187.70,10.10.0.10,,,443,37473,0,1358,17
1584503117.2010946,10.10.0.10,173.194.187.70,,,37473,443,0,37,17
1584503117.203508,173.194.187.70,10.10.0.10,,,443,37473,0,1358,17
1584503117.20796,173.194.187.70,10.10.0.10,,,443,37473,0,1358,17
1584503117.2103238,10.10.0.10,173.194.187.70,,,37473,443,0,37,17
1584503117.2124338,173.194.187.70,10.10.0.10,,,443,37473,0,1358,17
1584503117.2168775,173.194.187.70,10.10.0.10,,,443,37473,0,29,17
1584503117.2170649,173.194.187.70,10.10.0.10,,,443,37473,0,1358,17
1584503117.22153,173.194.187.70,10.10.0.10,,,443,37473,0,1358,17
1584503117.2217011,10.10.0.10,173.194.187.70,,,37473,443,0,37,17
1584503117.2259948,173.194.187.70,10.10.0.10,,,443,37473,0,1358,17
1584503117.2278259,10.10.0.10,173.194.187.70,,,37473,443,0,37,17
1584503117.2304368,173.194.187.70,10.10.0.10,,,443,37473,0,1358,17
1584503117.234891,173.194.187.70,10.10.0.10,,,443,37473,0,1358,17
1584503117.239368,173.194.187.70,10.10.0.10,,,443,37473,0,1358,17
1584503117.240449,10.10.0.10,173.194.187.70,,,37473,443,0,37,17
1584503117.243807,173.194.187.70,10.10.0.10,,,443,37473,0,1358,17
1584503117.245598,10.10.0.10,173.194.187.70,,,37473,443,0,37,17
1584503117.248251,173.194.187.70,10.10.0.10,,,443,37473,0,1358,17
1584503117.2527044,173.194.187.70,10.10.0.10,,,443,37473,0,1358,17
1584503117.2571642,173.194.187.70,10.10.0.10,,,443,37473,0,1358,17
1584503117.2584689,10.10.0.10,173.194.187.70,,,37473,443,0,37,17
1584503117.2616222,173.194.187.70,10.10.0.10,,,443,37473,0,1358,17
1584503117.265074,10.10.0.10,173.194.187.70,,,37473,443,0,37,17
1584503117.266072,173.194.187.70,10.10.0.10,,,443,37473,0,1358,17
1584503117.270522,173.194.187.70,10.10.0.10,,,443,37473,0,1358,17
1584503117.272969,10.10.0.10,173.194.187.70,,,37473,443,0,37,17
1584503117.2749972,173.194.187.70,10.10.0.10,,,443,37473,0,1358,17
1584503117.279434,173.194.187.70,10.10.0.10,,,443,37473,0,1358,17
1584503117.2814689,10.10.0.10,173.194.187.70,,,37473,443,0,37,17
1584503117.283891,173.194.187.70,10.10.0.10,,,443,37473,0,1358,17
1584503117.288357,173.194.187.70,10.10.0.10,,,443,37473,0,1358,17
1584503117.289969,10.10.0.10,173.194.187.70,,,37473,443,0,37,17
1584503117.2928061,173.194.187.70,10.10.0.10,,,443,37473,0,1358,17
1584503117.2972536,173.194.187.70,10.10.0.10,,,443,37473,0,1358,17
1584503117.299202,10.10.0.10,173.194.187.70,,,37473,443,0,37,17
1584503117.3017082,173.194.187.70,10.10.0.10,,,443,37473,0,1358,17
1584503117.3061619,173.194.187.70,10.10.0.10,,,443,37473,0,1358,17
1584503117.3097134,10.10.0.10,173.194.187.70,,,37473,443,0,37,17
1584503117.3106186,173.194.187.70,10.10.0.10,,,443,37473,0,1358,17
1584503117.315066,173.194.187.70,10.10.0.10,,,443,37473,0,1358,17
1584503117.316968,10.10.0.10,173.194.187.70,,,37473,443,0,37,17
1584503117.3195238,173.194.187.70,10.10.0.10,,,443,37473,0,1358,17
1584503117.323975,173.194.187.70,10.10.0.10,,,443,37473,0,1358,17
1584503117.325592,10.10.0.10,173.194.187.70,,,37473,443,0,37,17
1584503117.328433,173.194.187.70,10.10.0.10,,,443,37473,0,1358,17
1584503117.3334286,173.194.187.70,10.10.0.10,,,443,37473,0,1358,17
1584503117.334955,10.10.0.10,173.194.187.70,,,37473,443,0,37,17
1584503117.337878,173.194.187.70,10.10.0.10,,,443,37473,0,1358,17
1584503117.3423321,173.194.187.70,10.10.0.10,,,443,37473,0,1358,17
1584503117.344341,10.10.0.10,173.194.187.70,,,37473,443,0,37,17
1584503117.346804,173.194.187.70,10.10.0.10,,,443,37473,0,1358,17
1584503117.3512444,173.194.187.70,10.10.0.10,,,443,37473,0,1358,17
1584503117.3526974,10.10.0.10,173.194.187.70,,,37473,443,0,37,17
1584503117.3556962,173.194.187.70,10.10.0.10,,,443,37473,0,1358,17
1584503117.360144,173.194.187.70,10.10.0.10,,,443,37473,0,1358,17
1584503117.361823,10.10.0.10,173.194.187.70,,,37473,443,0,37,17
1584503117.364615,173.194.187.70,10.10.0.10,,,443,37473,0,1358,17
1584503117.3690598,173.194.187.70,10.10.0.10,,,443,37473,0,1358,17
1584503117.371187,10.10.0.10,173.194.187.70,,,37473,443,0,50,17
1584503117.3735108,173.194.187.70,10.10.0.10,,,443,37473,0,1358,17
1584503117.3779652,173.194.187.70,10.10.0.10,,,443,37473,0,1358,17
1584503117.3798199,10.10.0.10,173.194.187.70,,,37473,443,0,37,17
1584503117.3824284,173.194.187.70,10.10.0.10,,,443,37473,0,1358,17
1584503117.386875,173.194.187.70,10.10.0.10,,,443,37473,0,1358,17
1584503117.3889458,10.10.0.10,173.194.187.70,,,37473,443,0,37,17
1584503117.391331,173.194.187.70,10.10.0.10,,,443,37473,0,1358,17
1584503117.395803,173.194.187.70,10.10.0.10,,,443,37473,0,1358,17
1584503117.39734,10.10.0.10,173.194.187.70,,,37473,443,0,37,17
1584503117.400234,173.194.187.70,10.10.0.10,,,443,37473,0,1358,17
1584503117.4046938,173.194.187.70,10.10.0.10,,,443,37473,0,1358,17
1584503117.406821,10.10.0.10,173.194.187.70,,,37473,443,0,37,17
1584503117.4091468,173.194.187.70,10.10.0.10,,,443,37473,0,1358,17
1584503117.413615,173.194.187.70,10.10.0.10,,,443,37473,0,1358,17
1584503117.415704,10.10.0.10,173.194.187.70,,,37473,443,0,37,17
1584503117.4180589,173.194.187.70,10.10.0.10,,,443,37473,0,1358,17
1584503117.4225106,173.194.187.70,10.10.0.10,,,443,37473,0,1358,17
1584503117.42397,10.10.0.10,173.194.187.70,,,37473,443,0,37,17
1584503117.4269626,173.194.187.70,10.10.0.10,,,443,37473,0,1358,17
1584503117.4314268,173.194.187.70,10.10.0.10,,,443,37473,0,1358,17
1584503117.433091,10.10.0.10,173.194.187.70,,,37473,443,0,37,17
1584503117.435874,173.194.187.70,10.10.0.10,,,443,37473,0,1358,17
1584503117.440325,173.194.187.70,10.10.0.10,,,443,37473,0,1358,17
1584503117.442091,10.10.0.10,173.194.187.70,,,37473,443,0,37,17
1584503117.444784,173.194.187.70,10.10.0.10,,,443,37473,0,1358,17
1584503117.4492419,173.194.187.70,10.10.0.10,,,443,37473,0,1358,17
1584503117.450695,10.10.0.10,173.194.187.70,,,37473,443,0,37,17
1584503117.4536908,173.194.187.70,10.10.0.10,,,443,37473,0,1358,17
1584503117.4581466,173.194.187.70,10.10.0.10,,,443,37473,0,1358,17
1584503117.4595866,10.10.0.10,173.194.187.70,,,37473,443,0,37,17
1584503117.462613,173.194.187.70,10.10.0.10,,,443,37473,0,1358,17
1584503117.467057,173.194.187.70,10.10.0.10,,,443,37473,0,1358,17
1584503117.4692118,10.10.0.10,173.194.187.70,,,37473,443,0,37,17
1584503117.4715078,173.194.187.70,10.10.0.10,,,443,37473,0,1358,17
1584503117.475959,173.194.187.70,10.10.0.10,,,443,37473,0,1358,17
1584503117.477443,10.10.0.10,173.194.187.70,,,37473,443,0,37,17
1584503117.4804142,173.194.187.70,10.10.0.10,,,443,37473,0,1358,17
1584503117.484873,173.194.187.70,10.10.0.10,,,443,37473,0,1358,17
1584503117.486569,10.10.0.10,173.194.187.70,,,37473,443,0,37,17
1584503117.4893286,173.194.187.70,10.10.0.10,,,443,37473,0,1358,17
1584503117.493781,173.194.187.70,10.10.0.10,,,443,37473,0,1358,17
1584503117.4959671,10.10.0.10,173.194.187.70,,,37473,443,0,37,17
1584503117.49824,173.194.187.70,10.10.0.10,,,443,37473,0,1358,17
1584503117.5026898,173.194.187.70,10.10.0.10,,,443,37473,0,1358,17
1584503117.5055876,10.10.0.10,173.194.187.70,,,37473,443,0,37,17
1584503117.5071461,173.194.187.70,10.10.0.10,,,443,37473,0,1358,17
1584503117.5116124,173.194.187.70,10.10.0.10,,,443,37473,0,1358,17
1584503117.513316,10.10.0.10,173.194.187.70,,,37473,443,0,37,17
1584503117.516048,173.194.187.70,10.10.0.10,,,443,37473,0,1358,17
1584503117.520508,173.194.187.70,10.10.0.10,,,443,37473,0,1358,17
1584503117.522318,10.10.0.10,173.194.187.70,,,37473,443,0,37,17
1584503117.52496,173.194.187.70,10.10.0.10,,,443,37473,0,1358,17
1584503117.529424,173.194.187.70,10.10.0.10,,,443,37473,0,1358,17
1584503117.5313158,10.10.0.10,173.194.187.70,,,37473,443,0,37,17
1584503117.53387,173.194.187.70,10.10.0.10,,,443,37473,0,1358,17
1584503117.538327,173.194.187.70,10.10.0.10,,,443,37473,0,1358,17
1584503117.54096,10.10.0.10,173.194.187.70,,,37473,443,0,37,17
1584503117.542779,173.194.187.70,10.10.0.10,,,443,37473,0,1358,17
1584503117.547238,173.194.187.70,10.10.0.10,,,443,37473,0,1358,17
1584503117.5489626,10.10.0.10,173.194.187.70,,,37473,443,0,50,17
1584503117.5516882,173.194.187.70,10.10.0.10,,,443,37473,0,1358,17
1584503117.556138,173.194.187.70,10.10.0.10,,,443,37473,0,1358,17
1584503117.557585,10.10.0.10,173.194.187.70,,,37473,443,0,37,17
1584503117.5606098,173.194.187.70,10.10.0.10,,,443,37473,0,1358,17
1584503117.5650525,173.194.187.70,10.10.0.10,,,443,37473,0,1358,17
1584503117.5667136,10.10.0.10,173.194.187.70,,,37473,443,0,37,17
1584503117.5695062,173.194.187.70,10.10.0.10,,,443,37473,0,1358,17
1584503117.5739589,173.194.187.70,10.10.0.10,,,443,37473,0,1358,17
1584503117.57546,10.10.0.10,173.194.187.70,,,37473,443,0,37,17
1584503117.578423,173.194.187.70,10.10.0.10,,,443,37473,0,1358,17
1584503117.582869,173.194.187.70,10.10.0.10,,,443,37473,0,1358,17
1584503117.584337,10.10.0.10,173.194.187.70,,,37473,443,0,37,17
1584503117.587325,173.194.187.70,10.10.0.10,,,443,37473,0,1358,17
1584503117.5917778,173.194.187.70,10.10.0.10,,,443,37473,0,29,17
1584503117.5919714,173.194.187.70,10.10.0.10,,,443,37473,0,1358,17
1584503117.593819,10.10.0.10,173.194.187.70,,,37473,443,0,37,17
1584503117.5964348,173.194.187.70,10.10.0.10,,,443,37473,0,1358,17
1584503117.600888,173.194.187.70,10.10.0.10,,,443,37473,0,1358,17
1584503117.602567,10.10.0.10,173.194.187.70,,,37473,443,0,37,17
1584503117.605359,173.194.187.70,10.10.0.10,,,443,37473,0,1358,17
1584503117.609797,173.194.187.70,10.10.0.10,,,443,37473,0,1358,17
1584503117.6120641,10.10.0.10,173.194.187.70,,,37473,443,0,37,17
1584503117.6142519,173.194.187.70,10.10.0.10,,,443,37473,0,1358,17
1584503117.618706,173.194.187.70,10.10.0.10,,,443,37473,0,1358,17
1584503117.6206892,10.10.0.10,173.194.187.70,,,37473,443,0,37,17
1584503117.6231716,173.194.187.70,10.10.0.10,,,443,37473,0,1358,17
1584503117.627617,173.194.187.70,10.10.0.10,,,443,37473,0,1358,17
1584503117.629209,10.10.0.10,173.194.187.70,,,37473,443,0,37,17
1584503117.632064,173.194.187.70,10.10.0.10,,,443,37473,0,1358,17
1584503117.636519,173.194.187.70,10.10.0.10,,,443,37473,0,1358,17
1584503117.6380632,10.10.0.10,173.194.187.70,,,37473,443,0,37,17
1584503117.640985,173.194.187.70,10.10.0.10,,,443,37473,0,1358,17
1584503117.645427,173.194.187.70,10.10.0.10,,,443,37473,0,1358,17
1584503117.647063,10.10.0.10,173.194.187.70,,,37473,443,0,37,17
1584503117.649886,173.194.187.70,10.10.0.10,,,443,37473,0,1358,17
1584503117.654336,173.194.187.70,10.10.0.10,,,443,37473,0,1358,17
1584503117.6558132,10.10.0.10,173.194.187.70,,,37473,443,0,37,17
1584503117.658796,173.194.187.70,10.10.0.10,,,443,37473,0,1358,17
1584503117.6637769,173.194.187.70,10.10.0.10,,,443,37473,0,1358,17
1584503117.666831,10.10.0.10,173.194.187.70,,,37473,443,0,37,17
1584503117.6682348,173.194.187.70,10.10.0.10,,,443,37473,0,1358,17
1584503117.672698,173.194.187.70,10.10.0.10,,,443,37473,0,1358,17
1584503117.6743321,10.10.0.10,173.194.187.70,,,37473,443,0,37,17
1584503117.677148,173.194.187.70,10.10.0.10,,,443,37473,0,1358,17
1584503117.6816142,173.194.187.70,10.10.0.10,,,443,37473,0,1358,17
1584503117.683207,10.10.0.10,173.194.187.70,,,37473,443,0,37,17
1584503117.6860552,173.194.187.70,10.10.0.10,,,443,37473,0,1358,17
1584503117.690512,173.194.187.70,10.10.0.10,,,443,37473,0,1358,17
1584503117.692033,10.10.0.10,173.194.187.70,,,37473,443,0,37,17
1584503117.694982,173.194.187.70,10.10.0.10,,,443,37473,0,1358,17
1584503117.6994202,173.194.187.70,10.10.0.10,,,443,37473,0,1358,17
1584503117.7019582,10.10.0.10,173.194.187.70,,,37473,443,0,37,17
1584503117.703874,173.194.187.70,10.10.0.10,,,443,37473,0,1358,17
1584503117.708344,173.194.187.70,10.10.0.10,,,443,37473,0,1358,17
1584503117.710205,10.10.0.10,173.194.187.70,,,37473,443,0,37,17
1584503117.7127938,173.194.187.70,10.10.0.10,,,443,37473,0,1358,17
1584503117.7172372,173.194.187.70,10.10.0.10,,,443,37473,0,1358,17
1584503117.718936,10.10.0.10,173.194.187.70,,,37473,443,0,37,17
1584503117.721692,173.194.187.70,10.10.0.10,,,443,37473,0,1358,17
1584503117.726166,173.194.187.70,10.10.0.10,,,443,37473,0,1358,17
1584503117.7279556,10.10.0.10,173.194.187.70,,,37473,443,0,50,17
1584503117.730608,173.194.187.70,10.10.0.10,,,443,37473,0,1358,17
1584503117.735054,173.194.187.70,10.10.0.10,,,443,37473,0,1358,17
1584503117.73708,10.10.0.10,173.194.187.70,,,37473,443,0,37,17
1584503117.7395089,173.194.187.70,10.10.0.10,,,443,37473,0,1358,17
1584503117.743959,173.194.187.70,10.10.0.10,,,443,37473,0,1358,17
1584503117.745438,10.10.0.10,173.194.187.70,,,37473,443,0,37,17
1584503117.748414,173.194.187.70,10.10.0.10,,,443,37473,0,1358,17
1584503117.752868,173.194.187.70,10.10.0.10,,,443,37473,0,1358,17
1584503117.7549288,10.10.0.10,173.194.187.70,,,37473,443,0,37,17
1584503117.757326,173.194.187.70,10.10.0.10,,,443,37473,0,1358,17
1584503117.7617786,173.194.187.70,10.10.0.10,,,443,37473,0,1358,17
1584503117.7634099,10.10.0.10,173.194.187.70,,,37473,443,0,37,17
1584503117.766233,173.194.187.70,10.10.0.10,,,443,37473,0,1358,17
1584503117.770691,173.194.187.70,10.10.0.10,,,443,37473,0,1358,17
1584503117.7724311,10.10.0.10,173.194.187.70,,,37473,443,0,37,17
1584503117.7751439,173.194.187.70,10.10.0.10,,,443,37473,0,1358,17
1584503117.779607,173.194.187.70,10.10.0.10,,,443,37473,0,1358,17
1584503117.7815876,10.10.0.10,173.194.187.70,,,37473,443,0,37,17
1584503117.784048,173.194.187.70,10.10.0.10,,,443,37473,0,1358,17
1584503117.788504,173.194.187.70,10.10.0.10,,,443,37473,0,1358,17
1584503117.789924,10.10.0.10,173.194.187.70,,,37473,443,0,37,17
1584503117.79296,173.194.187.70,10.10.0.10,,,443,37473,0,1358,17
1584503117.797416,173.194.187.70,10.10.0.10,,,443,37473,0,1358,17
1584503117.7988029,10.10.0.10,173.194.187.70,,,37473,443,0,37,17
1584503117.8018696,173.194.187.70,10.10.0.10,,,443,37473,0,844,17
1584503117.830199,10.10.0.10,173.194.187.70,,,37473,443,0,743,17
1584503117.8302212,10.10.0.10,173.194.187.70,,,37473,443,0,48,17
1584503117.836977,173.194.187.70,10.10.0.10,,,443,37473,0,29,17
1584503117.863832,173.194.187.70,10.10.0.10,,,443,37473,0,132,17
1584503117.8638682,173.194.187.70,10.10.0.10,,,443,37473,0,1358,17
1584503117.86389,173.194.187.70,10.10.0.10,,,443,37473,0,1358,17
1584503117.866183,10.10.0.10,173.194.187.70,,,37473,443,0,37,17
1584503117.868158,173.194.187.70,10.10.0.10,,,443,37473,0,1351,17
1584503117.87008,10.10.0.10,173.194.187.70,,,37473,443,0,37,17
1584503117.872604,173.194.187.70,10.10.0.10,,,443,37473,0,26,17
1584503117.906791,10.10.0.10,173.194.187.70,,,37473,443,0,37,17
1584503117.9113276,10.10.0.10,173.194.187.70,,,37473,443,0,742,17
1584503117.9113538,10.10.0.10,173.194.187.70,,,37473,443,0,48,17
1584503117.9158769,173.194.187.70,10.10.0.10,,,443,37473,0,52,17
1584503117.915911,173.194.187.70,10.10.0.10,,,443,37473,0,1358,17
1584503117.9159412,173.194.187.70,10.10.0.10,,,443,37473,0,1358,17
1584503117.917938,10.10.0.10,173.194.187.70,,,37473,443,0,37,17
1584503117.919952,173.194.187.70,10.10.0.10,,,443,37473,0,1358,17
1584503117.923306,10.10.0.10,173.194.187.70,,,37473,443,0,37,17
1584503117.9244,173.194.187.70,10.10.0.10,,,443,37473,0,1358,17
1584503117.928854,173.194.187.70,10.10.0.10,,,443,37473,0,1358,17
1584503117.9324508,10.10.0.10,173.194.187.70,,,37473,443,0,37,17
1584503117.9333081,173.194.187.70,10.10.0.10,,,443,37473,0,1358,17
1584503117.936933,10.10.0.10,173.194.187.70,,,37473,443,0,728,17
1584503117.937767,173.194.187.70,10.10.0.10,,,443,37473,0,1358,17
1584503117.939576,10.10.0.10,173.194.187.70,,,37473,443,0,37,17
1584503117.939774,10.10.0.10,173.194.187.70,,,37473,443,0,48,17
1584503117.942216,173.194.187.70,10.10.0.10,,,443,37473,0,1358,17
1584503117.9466748,173.194.187.70,10.10.0.10,,,443,37473,0,1358,17
1584503117.9485636,10.10.0.10,173.194.187.70,,,37473,443,0,37,17
1584503117.9516606,173.194.187.70,10.10.0.10,,,443,37473,0,1358,17
1584503117.9561172,173.194.187.70,10.10.0.10,,,443,37473,0,1358,17
1584503117.958283,10.10.0.10,173.194.187.70,,,37473,443,0,37,17
1584503117.9605722,173.194.187.70,10.10.0.10,,,443,37473,0,1358,17
1584503117.9650366,173.194.187.70,10.10.0.10,,,443,37473,0,29,17
1584503117.9652214,173.194.187.70,10.10.0.10,,,443,37473,0,1358,17
1584503117.9684124,10.10.0.10,173.194.187.70,,,37473,443,0,37,17
1584503117.969685,173.194.187.70,10.10.0.10,,,443,37473,0,1358,17
1584503117.9741402,173.194.187.70,10.10.0.10,,,443,37473,0,1358,17
1584503117.977202,10.10.0.10,173.194.187.70,,,37473,443,0,37,17
1584503117.9786,173.194.187.70,10.10.0.10,,,443,37473,0,1358,17
1584503117.983047,173.194.187.70,10.10.0.10,,,443,37473,0,1358,17
1584503117.985699,10.10.0.10,173.194.187.70,,,37473,443,0,37,17
1584503117.9874964,173.194.187.70,10.10.0.10,,,443,37473,0,1358,17
1584503117.991959,173.194.187.70,10.10.0.10,,,443,37473,0,1358,17
1584503117.9936998,10.10.0.10,173.194.187.70,,,37473,443,0,37,17
1584503117.996407,173.194.187.70,10.10.0.10,,,443,37473,0,1358,17
1584503118.000865,173.194.187.70,10.10.0.10,,,443,37473,0,1358,17
1584503118.002306,10.10.0.10,173.194.187.70,,,37473,443,0,37,17
1584503118.005321,173.194.187.70,10.10.0.10,,,443,37473,0,1358,17
1584503118.009767,173.194.187.70,10.10.0.10,,,443,37473,0,1358,17
1584503118.011765,10.10.0.10,173.194.187.70,,,37473,443,0,37,17
1584503118.0142288,173.194.187.70,10.10.0.10,,,443,37473,0,1358,17
1584503118.01868,173.194.187.70,10.10.0.10,,,443,37473,0,1358,17
1584503118.020144,10.10.0.10,173.194.187.70,,,37473,443,0,37,17
1584503118.023134,173.194.187.70,10.10.0.10,,,443,37473,0,1358,17
1584503118.027584,173.194.187.70,10.10.0.10,,,443,37473,0,1358,17
1584503118.03003,10.10.0.10,173.194.187.70,,,37473,443,0,37,17
1584503118.032038,173.194.187.70,10.10.0.10,,,443,37473,0,1358,17
1584503118.036494,173.194.187.70,10.10.0.10,,,443,37473,0,1358,17
1584503118.039044,10.10.0.10,173.194.187.70,,,37473,443,0,37,17
1584503118.0409546,173.194.187.70,10.10.0.10,,,443,37473,0,1358,17
1584503118.0454118,173.194.187.70,10.10.0.10,,,443,37473,0,1358,17
1584503118.0480409,10.10.0.10,173.194.187.70,,,37473,443,0,37,17
1584503118.049863,173.194.187.70,10.10.0.10,,,443,37473,0,1358,17
1584503118.0543199,173.194.187.70,10.10.0.10,,,443,37473,0,1358,17
1584503118.0560448,10.10.0.10,173.194.187.70,,,37473,443,0,37,17
1584503118.058783,173.194.187.70,10.10.0.10,,,443,37473,0,1358,17
1584503118.0632222,173.194.187.70,10.10.0.10,,,443,37473,0,1358,17
1584503118.064821,10.10.0.10,173.194.187.70,,,37473,443,0,37,17
1584503118.067679,173.194.187.70,10.10.0.10,,,443,37473,0,1358,17
1584503118.072129,173.194.187.70,10.10.0.10,,,443,37473,0,1358,17
1584503118.0736961,10.10.0.10,173.194.187.70,,,37473,443,0,37,17
1584503118.076585,173.194.187.70,10.10.0.10,,,443,37473,0,1358,17
1584503118.0810428,173.194.187.70,10.10.0.10,,,443,37473,0,1358,17
1584503118.0825698,10.10.0.10,173.194.187.70,,,37473,443,0,37,17
1584503118.0855002,173.194.187.70,10.10.0.10,,,443,37473,0,1358,17
1584503118.0899699,173.194.187.70,10.10.0.10,,,443,37473,0,1358,17
1584503118.09157,10.10.0.10,173.194.187.70,,,37473,443,0,37,17
1584503118.094408,173.194.187.70,10.10.0.10,,,443,37473,0,1358,17
1584503118.0988624,173.194.187.70,10.10.0.10,,,443,37473,0,1358,17
1584503118.100543,10.10.0.10,173.194.187.70,,,37473,443,0,37,17
1584503118.1033158,173.194.187.70,10.10.0.10,,,443,37473,0,1358,17
1584503118.1077821,173.194.187.70,10.10.0.10,,,443,37473,0,1358,17
1584503118.1091788,10.10.0.10,173.194.187.70,,,37473,443,0,37,17
1584503118.1122189,173.194.187.70,10.10.0.10,,,443,37473,0,1358,17
1584503118.116679,173.194.187.70,10.10.0.10,,,443,37473,0,1358,17
1584503118.118685,10.10.0.10,173.194.187.70,,,37473,443,0,50,17
1584503118.1211321,173.194.187.70,10.10.0.10,,,443,37473,0,1358,17
1584503118.125596,173.194.187.70,10.10.0.10,,,443,37473,0,1358,17
1584503118.127198,10.10.0.10,173.194.187.70,,,37473,443,0,37,17
1584503118.1300411,173.194.187.70,10.10.0.10,,,443,37473,0,1358,17
1584503118.1344962,173.194.187.70,10.10.0.10,,,443,37473,0,1358,17
1584503118.136316,10.10.0.10,173.194.187.70,,,37473,443,0,37,17
1584503118.138968,173.194.187.70,10.10.0.10,,,443,37473,0,1358,17
1584503118.1434052,173.194.187.70,10.10.0.10,,,443,37473,0,1358,17
1584503118.1448884,10.10.0.10,173.194.187.70,,,37473,443,0,37,17
1584503118.1478589,173.194.187.70,10.10.0.10,,,443,37473,0,1358,17
1584503118.152329,173.194.187.70,10.10.0.10,,,443,37473,0,1358,17
1584503118.1539252,10.10.0.10,173.194.187.70,,,37473,443,0,37,17
1584503118.1567812,173.194.187.70,10.10.0.10,,,443,37473,0,1358,17
1584503118.161223,173.194.187.70,10.10.0.10,,,443,37473,0,1358,17
1584503118.1639302,10.10.0.10,173.194.187.70,,,37473,443,0,37,17
1584503118.165677,173.194.187.70,10.10.0.10,,,443,37473,0,1358,17
1584503118.170132,173.194.187.70,10.10.0.10,,,443,37473,0,1358,17
1584503118.1725671,10.10.0.10,173.194.187.70,,,37473,443,0,37,17
1584503118.1745946,173.194.187.70,10.10.0.10,,,443,37473,0,1358,17
1584503118.179042,173.194.187.70,10.10.0.10,,,443,37473,0,1358,17
1584503118.18055,10.10.0.10,173.194.187.70,,,37473,443,0,37,17
1584503118.1834948,173.194.187.70,10.10.0.10,,,443,37473,0,1358,17
1584503118.1879606,173.194.187.70,10.10.0.10,,,443,37473,0,1358,17
1584503118.190697,10.10.0.10,173.194.187.70,,,37473,443,0,37,17
1584503118.192409,173.194.187.70,10.10.0.10,,,443,37473,0,1358,17
1584503118.196858,173.194.187.70,10.10.0.10,,,443,37473,0,1358,17
1584503118.1983151,10.10.0.10,173.194.187.70,,,37473,443,0,37,17
1584503118.201314,173.194.187.70,10.10.0.10,,,443,37473,0,1358,17
1584503118.2057831,173.194.187.70,10.10.0.10,,,443,37473,0,1358,17
1584503118.207799,10.10.0.10,173.194.187.70,,,37473,443,0,37,17
1584503118.210222,173.194.187.70,10.10.0.10,,,443,37473,0,1358,17
1584503118.214675,173.194.187.70,10.10.0.10,,,443,37473,0,1358,17
1584503118.2167876,10.10.0.10,173.194.187.70,,,37473,443,0,37,17
1584503118.2191286,173.194.187.70,10.10.0.10,,,443,37473,0,1358,17
1584503118.223593,173.194.187.70,10.10.0.10,,,443,37473,0,1358,17
1584503118.2270482,10.10.0.10,173.194.187.70,,,37473,443,0,37,17
1584503118.228034,173.194.187.70,10.10.0.10,,,443,37473,0,1358,17
1584503118.2324939,173.194.187.70,10.10.0.10,,,443,37473,0,1358,17
1584503118.234565,10.10.0.10,173.194.187.70,,,37473,443,0,37,17
1584503118.2369652,173.194.187.70,10.10.0.10,,,443,37473,0,1358,17
1584503118.2414026,173.194.187.70,10.10.0.10,,,443,37473,0,1358,17
1584503118.2428038,10.10.0.10,173.194.187.70,,,37473,443,0,37,17
1584503118.245857,173.194.187.70,10.10.0.10,,,443,37473,0,1358,17
1584503118.2503116,173.194.187.70,10.10.0.10,,,443,37473,0,1358,17
1584503118.2523162,10.10.0.10,173.194.187.70,,,37473,443,0,37,17
1584503118.254778,173.194.187.70,10.10.0.10,,,443,37473,0,1358,17
1584503118.259218,173.194.187.70,10.10.0.10,,,443,37473,0,1358,17
1584503118.261197,10.10.0.10,173.194.187.70,,,37473,443,0,37,17
1584503118.263673,173.194.187.70,10.10.0.10,,,443,37473,0,1358,17
1584503118.2681231,173.194.187.70,10.10.0.10,,,443,37473,0,1358,17
1584503118.2706704,10.10.0.10,173.194.187.70,,,37473,443,0,37,17
1584503118.272593,173.194.187.70,10.10.0.10,,,443,37473,0,1358,17
1584503118.2770321,173.194.187.70,10.10.0.10,,,443,37473,0,1358,17
1584503118.278662,10.10.0.10,173.194.187.70,,,37473,443,0,37,17
1584503118.2814908,173.194.187.70,10.10.0.10,,,443,37473,0,1358,17
1584503118.285968,173.194.187.70,10.10.0.10,,,443,37473,0,1358,17
1584503118.288314,10.10.0.10,173.194.187.70,,,37473,443,0,37,17
1584503118.290402,173.194.187.70,10.10.0.10,,,443,37473,0,1358,17
1584503118.2948544,173.194.187.70,10.10.0.10,,,443,37473,0,1358,17
1584503118.2973151,10.10.0.10,173.194.187.70,,,37473,443,0,50,17
1584503118.299309,173.194.187.70,10.10.0.10,,,443,37473,0,1358,17
1584503118.303777,173.194.187.70,10.10.0.10,,,443,37473,0,1358,17
1584503118.3054118,10.10.0.10,173.194.187.70,,,37473,443,0,37,17
1584503118.3082142,173.194.187.70,10.10.0.10,,,443,37473,0,1358,17
1584503118.3126721,173.194.187.70,10.10.0.10,,,443,37473,0,1358,17
1584503118.314545,10.10.0.10,173.194.187.70,,,37473,443,0,37,17
1584503118.317128,173.194.187.70,10.10.0.10,,,443,37473,0,1358,17
1584503118.321592,173.194.187.70,10.10.0.10,,,443,37473,0,29,17
1584503118.321774,173.194.187.70,10.10.0.10,,,443,37473,0,1358,17
1584503118.323421,10.10.0.10,173.194.187.70,,,37473,443,0,37,17
1584503118.3262372,173.194.187.70,10.10.0.10,,,443,37473,0,1358,17
1584503118.330714,173.194.187.70,10.10.0.10,,,443,37473,0,1358,17
1584503118.332676,10.10.0.10,173.194.187.70,,,37473,443,0,37,17
1584503118.3351555,173.194.187.70,10.10.0.10,,,443,37473,0,1358,17
1584503118.3396,173.194.187.70,10.10.0.10,,,443,37473,0,1358,17
1584503118.3415332,10.10.0.10,173.194.187.70,,,37473,443,0,37,17
1584503118.344049,173.194.187.70,10.10.0.10,,,443,37473,0,1358,17
1584503118.3485231,173.194.187.70,10.10.0.10,,,443,37473,0,1358,17
1584503118.350062,10.10.0.10,173.194.187.70,,,37473,443,0,37,17
1584503118.352965,173.194.187.70,10.10.0.10,,,443,37473,0,1358,17
1584503118.357413,173.194.187.70,10.10.0.10,,,443,37473,0,1358,17
1584503118.3596668,10.10.0.10,173.194.187.70,,,37473,443,0,37,17
1584503118.361874,173.194.187.70,10.10.0.10,,,443,37473,0,1358,17
1584503118.36634,173.194.187.70,10.10.0.10,,,443,37473,0,1358,17
1584503118.370785,173.194.187.70,10.10.0.10,,,443,37473,0,1358,17
1584503118.3752348,173.194.187.70,10.10.0.10,,,443,37473,0,1358,17
1584503118.3797119,173.194.187.70,10.10.0.10,,,443,37473,0,1358,17
1584503118.3841386,173.194.187.70,10.10.0.10,,,443,37473,0,1358,17
1584503118.388597,173.194.187.70,10.10.0.10,,,443,37473,0,1358,17
1584503118.3936696,10.10.0.10,173.194.187.70,,,37473,443,0,37,17
1584503118.396193,10.10.0.10,173.194.187.70,,,37473,443,0,37,17
1584503118.3962178,10.10.0.10,173.194.187.70,,,37473,443,0,37,17
1584503118.3988,173.194.187.70,10.10.0.10,,,443,37473,0,1358,17
1584503118.400791,10.10.0.10,173.194.187.70,,,37473,443,0,37,17
1584503118.4042509,173.194.187.70,10.10.0.10,,,443,37473,0,1358,17
1584503118.404286,173.194.187.70,10.10.0.10,,,443,37473,0,1358,17
1584503118.4068098,10.10.0.10,173.194.187.70,,,37473,443,0,37,17
1584503118.4118981,173.194.187.70,10.10.0.10,,,443,37473,0,1358,17
1584503118.412504,173.194.187.70,10.10.0.10,,,443,37473,0,1358,17
1584503118.414034,10.10.0.10,173.194.187.70,,,37473,443,0,37,17
1584503118.416965,173.194.187.70,10.10.0.10,,,443,37473,0,1358,17
1584503118.421407,173.194.187.70,10.10.0.10,,,443,37473,0,1358,17
1584503118.4230616,10.10.0.10,173.194.187.70,,,37473,443,0,37,17
1584503118.4258661,173.194.187.70,10.10.0.10,,,443,37473,0,1358,17
1584503118.430336,173.194.187.70,10.10.0.10,,,443,37473,0,1358,17
1584503118.43217,10.10.0.10,173.194.187.70,,,37473,443,0,37,17
1584503118.434776,173.194.187.70,10.10.0.10,,,443,37473,0,1358,17
1584503118.43923,173.194.187.70,10.10.0.10,,,443,37473,0,1358,17
1584503118.4407902,10.10.0.10,173.194.187.70,,,37473,443,0,37,17
1584503118.443682,173.194.187.70,10.10.0.10,,,443,37473,0,1358,17
1584503118.4481368,173.194.187.70,10.10.0.10,,,443,37473,0,1358,17
1584503118.449664,10.10.0.10,173.194.187.70,,,37473,443,0,37,17
1584503118.4525928,173.194.187.70,10.10.0.10,,,443,37473,0,1358,17
1584503118.4570491,173.194.187.70,10.10.0.10,,,443,37473,0,1358,17
1584503118.45879,10.10.0.10,173.194.187.70,,,37473,443,0,37,17
1584503118.461498,173.194.187.70,10.10.0.10,,,443,37473,0,1358,17
1584503118.4659548,173.194.187.70,10.10.0.10,,,443,37473,0,1358,17
1584503118.467423,10.10.0.10,173.194.187.70,,,37473,443,0,37,17
1584503118.4704099,173.194.187.70,10.10.0.10,,,443,37473,0,1358,17
1584503118.474865,173.194.187.70,10.10.0.10,,,443,37473,0,1358,17
1584503118.476416,10.10.0.10,173.194.187.70,,,37473,443,0,50,17
1584503118.4793339,173.194.187.70,10.10.0.10,,,443,37473,0,1358,17
1584503118.4837732,173.194.187.70,10.10.0.10,,,443,37473,0,1358,17
1584503118.4852884,10.10.0.10,173.194.187.70,,,37473,443,0,37,17
1584503118.488223,173.194.187.70,10.10.0.10,,,443,37473,0,1358,17
1584503118.492681,173.194.187.70,10.10.0.10,,,443,37473,0,1358,17
1584503118.49419,10.10.0.10,173.194.187.70,,,37473,443,0,37,17
1584503118.4971461,173.194.187.70,10.10.0.10,,,443,37473,0,1358,17
1584503118.5015929,173.194.187.70,10.10.0.10,,,443,37473,0,1358,17
1584503118.503308,10.10.0.10,173.194.187.70,,,37473,443,0,37,17
1584503118.506047,173.194.187.70,10.10.0.10,,,443,37473,0,1358,17
1584503118.5105,173.194.187.70,10.10.0.10,,,443,37473,0,1358,17
1584503118.5120368,10.10.0.10,173.194.187.70,,,37473,443,0,37,17
1584503118.514961,173.194.187.70,10.10.0.10,,,443,37473,0,1358,17
1584503118.519409,173.194.187.70,10.10.0.10,,,443,37473,0,1358,17
1584503118.5209134,10.10.0.10,173.194.187.70,,,37473,443,0,37,17
1584503118.523863,173.194.187.70,10.10.0.10,,,443,37473,0,1358,17
1584503118.5283182,173.194.187.70,10.10.0.10,,,443,37473,0,1358,17
1584503118.5297868,10.10.0.10,173.194.187.70,,,37473,443,0,37,17
1584503118.5327716,173.194.187.70,10.10.0.10,,,443,37473,0,1358,17
1584503118.537227,173.194.187.70,10.10.0.10,,,443,37473,0,1358,17
1584503118.540424,10.10.0.10,173.194.187.70,,,37473,443,0,37,17
1584503118.541681,173.194.187.70,10.10.0.10,,,443,37473,0,1358,17
1584503118.546145,173.194.187.70,10.10.0.10,,,443,37473,0,1358,17
1584503118.5477948,10.10.0.10,173.194.187.70,,,37473,443,0,37,17
1584503118.550592,173.194.187.70,10.10.0.10,,,443,37473,0,1358,17
1584503118.5550456,173.194.187.70,10.10.0.10,,,443,37473,0,1358,17
1584503118.556688,10.10.0.10,173.194.187.70,,,37473,443,0,37,17
1584503118.5595002,173.194.187.70,10.10.0.10,,,443,37473,0,1358,17
1584503118.5639482,173.194.187.70,10.10.0.10,,,443,37473,0,1358,17
1584503118.5654302,10.10.0.10,173.194.187.70,,,37473,443,0,37,17
1584503118.5684028,173.194.187.70,10.10.0.10,,,443,37473,0,1358,17
1584503118.5728614,173.194.187.70,10.10.0.10,,,443,37473,0,1358,17
1584503118.57443,10.10.0.10,173.194.187.70,,,37473,443,0,37,17
1584503118.5773304,173.194.187.70,10.10.0.10,,,443,37473,0,1358,17
1584503118.58177,173.194.187.70,10.10.0.10,,,443,37473,0,1358,17
1584503118.583911,10.10.0.10,173.194.187.70,,,37473,443,0,37,17
1584503118.586226,173.194.187.70,10.10.0.10,,,443,37473,0,1358,17
1584503118.5906858,173.194.187.70,10.10.0.10,,,443,37473,0,1358,17
1584503118.59268,10.10.0.10,173.194.187.70,,,37473,443,0,37,17
1584503118.595144,173.194.187.70,10.10.0.10,,,443,37473,0,1358,17
1584503118.599589,173.194.187.70,10.10.0.10,,,443,37473,0,1358,17
1584503118.60141,10.10.0.10,173.194.187.70,,,37473,443,0,37,17
1584503118.6040368,173.194.187.70,10.10.0.10,,,443,37473,0,1358,17
1584503118.6084974,173.194.187.70,10.10.0.10,,,443,37473,0,1358,17
1584503118.6100519,10.10.0.10,173.194.187.70,,,37473,443,0,37,17
1584503118.6129582,173.194.187.70,10.10.0.10,,,443,37473,0,1358,17
1584503118.6174061,173.194.187.70,10.10.0.10,,,443,37473,0,1358,17
1584503118.61941,10.10.0.10,173.194.187.70,,,37473,443,0,37,17
1584503118.6218598,173.194.187.70,10.10.0.10,,,443,37473,0,1358,17
1584503118.6263301,173.194.187.70,10.10.0.10,,,443,37473,0,1358,17
1584503118.627774,10.10.0.10,173.194.187.70,,,37473,443,0,37,17
1584503118.6307714,173.194.187.70,10.10.0.10,,,443,37473,0,1358,17
1584503118.6352232,173.194.187.70,10.10.0.10,,,443,37473,0,1358,17
1584503118.6373038,10.10.0.10,173.194.187.70,,,37473,443,0,37,17
1584503118.639676,173.194.187.70,10.10.0.10,,,443,37473,0,1358,17
1584503118.6441276,173.194.187.70,10.10.0.10,,,443,37473,0,1358,17
1584503118.645536,10.10.0.10,173.194.187.70,,,37473,443,0,37,17
1584503118.648586,173.194.187.70,10.10.0.10,,,443,37473,0,1358,17
1584503118.6530428,173.194.187.70,10.10.0.10,,,443,37473,0,1358,17
1584503118.654777,10.10.0.10,173.194.187.70,,,37473,443,0,50,17
1584503118.657496,173.194.187.70,10.10.0.10,,,443,37473,0,1358,17
1584503118.661957,173.194.187.70,10.10.0.10,,,443,37473,0,1358,17
1584503118.66343,10.10.0.10,173.194.187.70,,,37473,443,0,37,17
1584503118.6664038,173.194.187.70,10.10.0.10,,,443,37473,0,1358,17
1584503118.670858,173.194.187.70,10.10.0.10,,,443,37473,0,1358,17
1584503118.673006,10.10.0.10,173.194.187.70,,,37473,443,0,37,17
1584503118.675328,173.194.187.70,10.10.0.10,,,443,37473,0,1358,17
1584503118.6797626,173.194.187.70,10.10.0.10,,,443,37473,0,1358,17
1584503118.6814258,10.10.0.10,173.194.187.70,,,37473,443,0,37,17
1584503118.684217,173.194.187.70,10.10.0.10,,,443,37473,0,1358,17
1584503118.688672,173.194.187.70,10.10.0.10,,,443,37473,0,1358,17
1584503118.6905315,10.10.0.10,173.194.187.70,,,37473,443,0,37,17
1584503118.6931438,173.194.187.70,10.10.0.10,,,443,37473,0,1358,17
1584503118.697584,173.194.187.70,10.10.0.10,,,443,37473,0,1358,17
1584503118.6993024,10.10.0.10,173.194.187.70,,,37473,443,0,37,17
1584503118.702039,173.194.187.70,10.10.0.10,,,443,37473,0,1358,17
1584503118.7064939,173.194.187.70,10.10.0.10,,,443,37473,0,1358,17
1584503118.7080019,10.10.0.10,173.194.187.70,,,37473,443,0,37,17
1584503118.7109554,173.194.187.70,10.10.0.10,,,443,37473,0,1358,17
1584503118.7154028,173.194.187.70,10.10.0.10,,,443,37473,0,1358,17
1584503118.7173,10.10.0.10,173.194.187.70,,,37473,443,0,37,17
1584503118.719857,173.194.187.70,10.10.0.10,,,443,37473,0,1358,17
1584503118.724306,173.194.187.70,10.10.0.10,,,443,37473,0,1358,17
1584503118.726159,10.10.0.10,173.194.187.70,,,37473,443,0,37,17
1584503118.728765,173.194.187.70,10.10.0.10,,,443,37473,0,1358,17
1584503118.7332258,173.194.187.70,10.10.0.10,,,443,37473,0,1358,17
1584503118.734909,10.10.0.10,173.194.187.70,,,37473,443,0,37,17
1584503118.737673,173.194.187.70,10.10.0.10,,,443,37473,0,1358,17
1584503118.74214,173.194.187.70,10.10.0.10,,,443,37473,0,1358,17
1584503118.7451868,10.10.0.10,173.194.187.70,,,37473,443,0,37,17
1584503118.746584,173.194.187.70,10.10.0.10,,,443,37473,0,1358,17
1584503118.751042,173.194.187.70,10.10.0.10,,,443,37473,0,1358,17
1584503118.7526748,10.10.0.10,173.194.187.70,,,37473,443,0,37,17
1584503118.7554939,173.194.187.70,10.10.0.10,,,443,37473,0,1358,17
1584503118.7599509,173.194.187.70,10.10.0.10,,,443,37473,0,1358,17
1584503118.7626748,10.10.0.10,173.194.187.70,,,37473,443,0,37,17
1584503118.764395,173.194.187.70,10.10.0.10,,,443,37473,0,1358,17
1584503118.768855,173.194.187.70,10.10.0.10,,,443,37473,0,1358,17
1584503118.770279,10.10.0.10,173.194.187.70,,,37473,443,0,37,17
1584503118.7733252,173.194.187.70,10.10.0.10,,,443,37473,0,1358,17
1584503118.777761,173.194.187.70,10.10.0.10,,,443,37473,0,1358,17
1584503118.7799046,10.10.0.10,173.194.187.70,,,37473,443,0,37,17
1584503118.78222,173.194.187.70,10.10.0.10,,,443,37473,0,1358,17
1584503118.786673,173.194.187.70,10.10.0.10,,,443,37473,0,1358,17
1584503118.789912,10.10.0.10,173.194.187.70,,,37473,443,0,37,17
1584503118.7911232,173.194.187.70,10.10.0.10,,,443,37473,0,1358,17
1584503118.795577,173.194.187.70,10.10.0.10,,,443,37473,0,1358,17
1584503118.79701,10.10.0.10,173.194.187.70,,,37473,443,0,37,17
1584503118.8000329,173.194.187.70,10.10.0.10,,,443,37473,0,1358,17
1584503118.8044848,173.194.187.70,10.10.0.10,,,443,37473,0,1358,17
1584503118.806031,10.10.0.10,173.194.187.70,,,37473,443,0,37,17
1584503118.8089519,173.194.187.70,10.10.0.10,,,443,37473,0,1358,17
1584503118.813402,173.194.187.70,10.10.0.10,,,443,37473,0,1358,17
1584503118.8154109,10.10.0.10,173.194.187.70,,,37473,443,0,37,17
1584503118.817849,173.194.187.70,10.10.0.10,,,443,37473,0,1358,17
1584503118.8223078,173.194.187.70,10.10.0.10,,,443,37473,0,1358,17
1584503118.8241544,10.10.0.10,173.194.187.70,,,37473,443,0,37,17
1584503118.8267558,173.194.187.70,10.10.0.10,,,443,37473,0,1358,17
1584503118.8312132,173.194.187.70,10.10.0.10,,,443,37473,0,1358,17
1584503118.8327448,10.10.0.10,173.194.187.70,,,37473,443,0,50,17
1584503118.835681,173.194.187.70,10.10.0.10,,,443,37473,0,1358,17
1584503118.840121,173.194.187.70,10.10.0.10,,,443,37473,0,1358,17
1584503118.842524,10.10.0.10,173.194.187.70,,,37473,443,0,37,17
1584503118.844574,173.194.187.70,10.10.0.10,,,443,37473,0,1358,17
1584503118.849027,173.194.187.70,10.10.0.10,,,443,37473,0,1358,17
1584503118.8521519,10.10.0.10,173.194.187.70,,,37473,443,0,37,17
1584503118.8534932,173.194.187.70,10.10.0.10,,,443,37473,0,1358,17
1584503118.8579366,173.194.187.70,10.10.0.10,,,443,37473,0,1358,17
1584503118.8597562,10.10.0.10,173.194.187.70,,,37473,443,0,37,17
1584503118.8623939,173.194.187.70,10.10.0.10,,,443,37473,0,1358,17
1584503118.8668456,173.194.187.70,10.10.0.10,,,443,37473,0,1358,17
1584503118.8706188,10.10.0.10,173.194.187.70,,,37473,443,0,37,17
1584503118.8712964,173.194.187.70,10.10.0.10,,,443,37473,0,1358,17
1584503118.8757546,173.194.187.70,10.10.0.10,,,443,37473,0,1358,17
1584503118.8784122,10.10.0.10,173.194.187.70,,,37473,443,0,37,17
1584503118.880206,173.194.187.70,10.10.0.10,,,443,37473,0,1358,17
1584503118.8846755,173.194.187.70,10.10.0.10,,,443,37473,0,1358,17
1584503118.8876288,10.10.0.10,173.194.187.70,,,37473,443,0,37,17
1584503118.8891351,173.194.187.70,10.10.0.10,,,443,37473,0,1358,17
1584503118.893576,173.194.187.70,10.10.0.10,,,443,37473,0,1358,17
1584503118.895008,10.10.0.10,173.194.187.70,,,37473,443,0,37,17
1584503118.898032,173.194.187.70,10.10.0.10,,,443,37473,0,1358,17
1584503118.902496,173.194.187.70,10.10.0.10,,,443,37473,0,1358,17
1584503118.906527,10.10.0.10,173.194.187.70,,,37473,443,0,37,17
1584503118.906937,173.194.187.70,10.10.0.10,,,443,37473,0,1358,17
1584503118.911393,173.194.187.70,10.10.0.10,,,443,37473,0,1358,17
1584503118.913296,10.10.0.10,173.194.187.70,,,37473,443,0,37,17
1584503118.915849,173.194.187.70,10.10.0.10,,,443,37473,0,1358,17
1584503118.9203002,173.194.187.70,10.10.0.10,,,443,37473,0,1358,17
1584503118.921889,10.10.0.10,173.194.187.70,,,37473,443,0,37,17
1584503118.924754,173.194.187.70,10.10.0.10,,,443,37473,0,1358,17
1584503118.92921,173.194.187.70,10.10.0.10,,,443,37473,0,1358,17
1584503118.930752,10.10.0.10,173.194.187.70,,,37473,443,0,37,17
1584503118.9336624,173.194.187.70,10.10.0.10,,,443,37473,0,1358,17
1584503118.938118,173.194.187.70,10.10.0.10,,,443,37473,0,1358,17
1584503118.940754,10.10.0.10,173.194.187.70,,,37473,443,0,37,17
1584503118.942577,173.194.187.70,10.10.0.10,,,443,37473,0,1358,17
1584503118.947026,173.194.187.70,10.10.0.10,,,443,37473,0,1358,17
1584503118.950119,10.10.0.10,173.194.187.70,,,37473,443,0,37,17
1584503118.9514852,173.194.187.70,10.10.0.10,,,443,37473,0,1358,17
1584503118.9559462,173.194.187.70,10.10.0.10,,,443,37473,0,1358,17
1584503118.957741,10.10.0.10,173.194.187.70,,,37473,443,0,37,17
1584503118.960391,173.194.187.70,10.10.0.10,,,443,37473,0,1358,17
1584503118.96485,173.194.187.70,10.10.0.10,,,443,37473,0,1358,17
1584503118.9671464,10.10.0.10,173.194.187.70,,,37473,443,0,37,17
1584503118.9693189,173.194.187.70,10.10.0.10,,,443,37473,0,1358,17
1584503118.973757,173.194.187.70,10.10.0.10,,,443,37473,0,1358,17
1584503118.9756489,10.10.0.10,173.194.187.70,,,37473,443,0,37,17
1584503118.978213,173.194.187.70,10.10.0.10,,,443,37473,0,1358,17
1584503118.982667,173.194.187.70,10.10.0.10,,,443,37473,0,1358,17
1584503118.984422,10.10.0.10,173.194.187.70,,,37473,443,0,37,17
1584503118.9871252,173.194.187.70,10.10.0.10,,,443,37473,0,1358,17
1584503118.991574,173.194.187.70,10.10.0.10,,,443,37473,0,1358,17
1584503118.9936442,10.10.0.10,173.194.187.70,,,37473,443,0,37,17
1584503118.996027,173.194.187.70,10.10.0.10,,,443,37473,0,1358,17
1584503119.000493,173.194.187.70,10.10.0.10,,,443,37473,0,1358,17
1584503119.002275,10.10.0.10,173.194.187.70,,,37473,443,0,37,17
1584503119.004946,173.194.187.70,10.10.0.10,,,443,37473,0,1358,17
1584503119.0093892,173.194.187.70,10.10.0.10,,,443,37473,0,1358,17
1584503119.0110161,10.10.0.10,173.194.187.70,,,37473,443,0,50,17
1584503119.013847,173.194.187.70,10.10.0.10,,,443,37473,0,1358,17
1584503119.0183036,173.194.187.70,10.10.0.10,,,443,37473,0,1358,17
1584503119.019918,10.10.0.10,173.194.187.70,,,37473,443,0,37,17
1584503119.022756,173.194.187.70,10.10.0.10,,,443,37473,0,1358,17
1584503119.027209,173.194.187.70,10.10.0.10,,,443,37473,0,1358,17
1584503119.028888,10.10.0.10,173.194.187.70,,,37473,443,0,37,17
1584503119.031668,173.194.187.70,10.10.0.10,,,443,37473,0,1358,17
1584503119.036114,173.194.187.70,10.10.0.10,,,443,37473,0,1358,17
1584503119.0379162,10.10.0.10,173.194.187.70,,,37473,443,0,37,17
1584503119.0405712,173.194.187.70,10.10.0.10,,,443,37473,0,1358,17
1584503119.0450294,173.194.187.70,10.10.0.10,,,443,37473,0,1358,17
1584503119.0466409,10.10.0.10,173.194.187.70,,,37473,443,0,37,17
1584503119.049479,173.194.187.70,10.10.0.10,,,443,37473,0,1358,17
1584503119.0539331,173.194.187.70,10.10.0.10,,,443,37473,0,1358,17
1584503119.0567381,10.10.0.10,173.194.187.70,,,37473,443,0,37,17
1584503119.0583868,173.194.187.70,10.10.0.10,,,443,37473,0,29,17
1584503119.058584,173.194.187.70,10.10.0.10,,,443,37473,0,1358,17
1584503119.063066,173.194.187.70,10.10.0.10,,,443,37473,0,1358,17
1584503119.0651708,10.10.0.10,173.194.187.70,,,37473,443,0,37,17
1584503119.067497,173.194.187.70,10.10.0.10,,,443,37473,0,1358,17
1584503119.071955,173.194.187.70,10.10.0.10,,,443,37473,0,1358,17
1584503119.07529,10.10.0.10,173.194.187.70,,,37473,443,0,37,17
1584503119.076406,173.194.187.70,10.10.0.10,,,443,37473,0,1358,17
1584503119.0808678,173.194.187.70,10.10.0.10,,,443,37473,0,1358,17
1584503119.0825212,10.10.0.10,173.194.187.70,,,37473,443,0,37,17
1584503119.08532,173.194.187.70,10.10.0.10,,,443,37473,0,1358,17
1584503119.089775,173.194.187.70,10.10.0.10,,,443,37473,0,1358,17
1584503119.092016,10.10.0.10,173.194.187.70,,,37473,443,0,37,17
1584503119.094224,173.194.187.70,10.10.0.10,,,443,37473,0,1358,17
1584503119.0986788,173.194.187.70,10.10.0.10,,,443,37473,0,1358,17
1584503119.100373,10.10.0.10,173.194.187.70,,,37473,443,0,37,17
1584503119.1031358,173.194.187.70,10.10.0.10,,,443,37473,0,1358,17
1584503119.107598,173.194.187.70,10.10.0.10,,,443,37473,0,1358,17
1584503119.1096444,10.10.0.10,173.194.187.70,,,37473,443,0,37,17
1584503119.112042,173.194.187.70,10.10.0.10,,,443,37473,0,1358,17
1584503119.116503,173.194.187.70,10.10.0.10,,,443,37473,0,1358,17
1584503119.1189148,10.10.0.10,173.194.187.70,,,37473,443,0,37,17
1584503119.12095,173.194.187.70,10.10.0.10,,,443,37473,0,1358,17
1584503119.1254108,173.194.187.70,10.10.0.10,,,443,37473,0,1358,17
1584503119.1274168,10.10.0.10,173.194.187.70,,,37473,443,0,37,17
1584503119.1298769,173.194.187.70,10.10.0.10,,,443,37473,0,1358,17
1584503119.1343179,173.194.187.70,10.10.0.10,,,443,37473,0,1358,17
1584503119.136918,10.10.0.10,173.194.187.70,,,37473,443,0,37,17
1584503119.138775,173.194.187.70,10.10.0.10,,,443,37473,0,1358,17
1584503119.143223,173.194.187.70,10.10.0.10,,,443,37473,0,1358,17
1584503119.144894,10.10.0.10,173.194.187.70,,,37473,443,0,37,17
1584503119.1476908,173.194.187.70,10.10.0.10,,,443,37473,0,1358,17
1584503119.152129,173.194.187.70,10.10.0.10,,,443,37473,0,1358,17
1584503119.1547642,10.10.0.10,173.194.187.70,,,37473,443,0,37,17
1584503119.156585,173.194.187.70,10.10.0.10,,,443,37473,0,1358,17
1584503119.1610632,173.194.187.70,10.10.0.10,,,443,37473,0,1358,17
1584503119.162644,10.10.0.10,173.194.187.70,,,37473,443,0,37,17
1584503119.165493,173.194.187.70,10.10.0.10,,,443,37473,0,1358,17
1584503119.1699548,173.194.187.70,10.10.0.10,,,443,37473,0,1358,17
1584503119.173769,10.10.0.10,173.194.187.70,,,37473,443,0,37,17
1584503119.174404,173.194.187.70,10.10.0.10,,,443,37473,0,1358,17
1584503119.1788578,173.194.187.70,10.10.0.10,,,443,37473,0,1358,17
1584503119.180393,10.10.0.10,173.194.187.70,,,37473,443,0,37,17
1584503119.183311,173.194.187.70,10.10.0.10,,,443,37473,0,1358,17
1584503119.1877706,173.194.187.70,10.10.0.10,,,443,37473,0,1358,17
1584503119.189393,10.10.0.10,173.194.187.70,,,37473,443,0,50,17
1584503119.1922188,173.194.187.70,10.10.0.10,,,443,37473,0,1358,17
1584503119.1966908,173.194.187.70,10.10.0.10,,,443,37473,0,1358,17
1584503119.198912,10.10.0.10,173.194.187.70,,,37473,443,0,37,17
1584503119.201134,173.194.187.70,10.10.0.10,,,443,37473,0,1358,17
1584503119.205587,173.194.187.70,10.10.0.10,,,443,37473,0,1358,17
1584503119.207421,10.10.0.10,173.194.187.70,,,37473,443,0,37,17
1584503119.210062,173.194.187.70,10.10.0.10,,,443,37473,0,1358,17
1584503119.2145,173.194.187.70,10.10.0.10,,,443,37473,0,1358,17
1584503119.215987,10.10.0.10,173.194.187.70,,,37473,443,0,37,17
1584503119.218952,173.194.187.70,10.10.0.10,,,443,37473,0,1358,17
1584503119.223406,173.194.187.70,10.10.0.10,,,443,37473,0,1358,17
1584503119.2255092,10.10.0.10,173.194.187.70,,,37473,443,0,37,17
1584503119.227875,173.194.187.70,10.10.0.10,,,443,37473,0,1358,17
1584503119.232311,173.194.187.70,10.10.0.10,,,443,37473,0,1358,17
1584503119.234257,10.10.0.10,173.194.187.70,,,37473,443,0,37,17
1584503119.23677,173.194.187.70,10.10.0.10,,,443,37473,0,1358,17
1584503119.241223,173.194.187.70,10.10.0.10,,,443,37473,0,1358,17
1584503119.242759,10.10.0.10,173.194.187.70,,,37473,443,0,37,17
1584503119.2456882,173.194.187.70,10.10.0.10,,,443,37473,0,1358,17
1584503119.250133,173.194.187.70,10.10.0.10,,,443,37473,0,1358,17
1584503119.251986,10.10.0.10,173.194.187.70,,,37473,443,0,37,17
1584503119.254587,173.194.187.70,10.10.0.10,,,443,37473,0,1358,17
1584503119.2590618,173.194.187.70,10.10.0.10,,,443,37473,0,1358,17
1584503119.2617662,10.10.0.10,173.194.187.70,,,37473,443,0,37,17
1584503119.26349,173.194.187.70,10.10.0.10,,,443,37473,0,1358,17
1584503119.2679448,173.194.187.70,10.10.0.10,,,443,37473,0,1358,17
1584503119.2698898,10.10.0.10,173.194.187.70,,,37473,443,0,37,17
1584503119.2724009,173.194.187.70,10.10.0.10,,,443,37473,0,1358,17
1584503119.2768738,173.194.187.70,10.10.0.10,,,443,37473,0,1358,17
1584503119.2785318,10.10.0.10,173.194.187.70,,,37473,443,0,37,17
1584503119.281312,173.194.187.70,10.10.0.10,,,443,37473,0,1358,17
1584503119.285767,173.194.187.70,10.10.0.10,,,443,37473,0,1358,17
1584503119.287663,10.10.0.10,173.194.187.70,,,37473,443,0,37,17
1584503119.2902222,173.194.187.70,10.10.0.10,,,443,37473,0,1358,17
1584503119.2946758,173.194.187.70,10.10.0.10,,,443,37473,0,1358,17
1584503119.2979028,10.10.0.10,173.194.187.70,,,37473,443,0,37,17
1584503119.2991312,173.194.187.70,10.10.0.10,,,443,37473,0,1358,17
1584503119.303586,173.194.187.70,10.10.0.10,,,443,37473,0,1358,17
1584503119.3061314,10.10.0.10,173.194.187.70,,,37473,443,0,37,17
1584503119.308034,173.194.187.70,10.10.0.10,,,443,37473,0,1358,17
1584503119.312498,173.194.187.70,10.10.0.10,,,443,37473,0,1358,17
1584503119.3149092,10.10.0.10,173.194.187.70,,,37473,443,0,37,17
1584503119.3169491,173.194.187.70,10.10.0.10,,,443,37473,0,1358,17
1584503119.3214061,173.194.187.70,10.10.0.10,,,443,37473,0,1358,17
1584503119.324286,10.10.0.10,173.194.187.70,,,37473,443,0,37,17
1584503119.3258731,173.194.187.70,10.10.0.10,,,443,37473,0,1358,17
1584503119.3303142,173.194.187.70,10.10.0.10,,,443,37473,0,1358,17
1584503119.3318892,10.10.0.10,173.194.187.70,,,37473,443,0,37,17
1584503119.3347652,173.194.187.70,10.10.0.10,,,443,37473,0,1358,17
1584503119.3392189,173.194.187.70,10.10.0.10,,,443,37473,0,1358,17
1584503119.34288,10.10.0.10,173.194.187.70,,,37473,443,0,37,17
1584503119.3436868,173.194.187.70,10.10.0.10,,,443,37473,0,1358,17
1584503119.3481224,173.194.187.70,10.10.0.10,,,443,37473,0,1358,17
1584503119.349659,10.10.0.10,173.194.187.70,,,37473,443,0,37,17
1584503119.352584,173.194.187.70,10.10.0.10,,,443,37473,0,1358,17
1584503119.357032,173.194.187.70,10.10.0.10,,,443,37473,0,1358,17
1584503119.3596392,10.10.0.10,173.194.187.70,,,37473,443,0,37,17
1584503119.3614962,173.194.187.70,10.10.0.10,,,443,37473,0,1358,17
1584503119.3659458,173.194.187.70,10.10.0.10,,,443,37473,0,1358,17
1584503119.367785,10.10.0.10,173.194.187.70,,,37473,443,0,50,17
1584503119.3704028,173.194.187.70,10.10.0.10,,,443,37473,0,1358,17
1584503119.3748698,173.194.187.70,10.10.0.10,,,443,37473,0,1358,17
1584503119.3764071,10.10.0.10,173.194.187.70,,,37473,443,0,37,17
1584503119.3793108,173.194.187.70,10.10.0.10,,,443,37473,0,1358,17
1584503119.383759,173.194.187.70,10.10.0.10,,,443,37473,0,1358,17
1584503119.385659,10.10.0.10,173.194.187.70,,,37473,443,0,37,17
1584503119.3882134,173.194.187.70,10.10.0.10,,,443,37473,0,29,17
1584503119.3884108,173.194.187.70,10.10.0.10,,,443,37473,0,1358,17
1584503119.392874,173.194.187.70,10.10.0.10,,,443,37473,0,1358,17
1584503119.3946366,10.10.0.10,173.194.187.70,,,37473,443,0,37,17
1584503119.397324,173.194.187.70,10.10.0.10,,,443,37473,0,1358,17
1584503119.4017882,173.194.187.70,10.10.0.10,,,443,37473,0,1358,17
1584503119.4036381,10.10.0.10,173.194.187.70,,,37473,443,0,37,17
1584503119.406232,173.194.187.70,10.10.0.10,,,443,37473,0,1358,17
1584503119.4106915,173.194.187.70,10.10.0.10,,,443,37473,0,1358,17
1584503119.4123788,10.10.0.10,173.194.187.70,,,37473,443,0,37,17
1584503119.415146,173.194.187.70,10.10.0.10,,,443,37473,0,1358,17
1584503119.419602,173.194.187.70,10.10.0.10,,,443,37473,0,1358,17
1584503119.421013,10.10.0.10,173.194.187.70,,,37473,443,0,37,17
1584503119.42405,173.194.187.70,10.10.0.10,,,443,37473,0,1358,17
1584503119.4285116,173.194.187.70,10.10.0.10,,,443,37473,0,1358,17
1584503119.4301572,10.10.0.10,173.194.187.70,,,37473,443,0,37,17
1584503119.432965,173.194.187.70,10.10.0.10,,,443,37473,0,1358,17
1584503119.4374301,173.194.187.70,10.10.0.10,,,443,37473,0,1358,17
1584503119.4390142,10.10.0.10,173.194.187.70,,,37473,443,0,37,17
1584503119.4418714,173.194.187.70,10.10.0.10,,,443,37473,0,1358,17
1584503119.4463232,173.194.187.70,10.10.0.10,,,443,37473,0,1358,17
1584503119.447906,10.10.0.10,173.194.187.70,,,37473,443,0,37,17
1584503119.4507804,173.194.187.70,10.10.0.10,,,443,37473,0,1358,17
1584503119.455244,173.194.187.70,10.10.0.10,,,443,37473,0,1358,17
1584503119.456886,10.10.0.10,173.194.187.70,,,37473,443,0,37,17
1584503119.4596932,173.194.187.70,10.10.0.10,,,443,37473,0,1358,17
1584503119.4641402,173.194.187.70,10.10.0.10,,,443,37473,0,1358,17
1584503119.467504,10.10.0.10,173.194.187.70,,,37473,443,0,37,17
1584503119.4686,173.194.187.70,10.10.0.10,,,443,37473,0,1358,17
1584503119.473057,173.194.187.70,10.10.0.10,,,443,37473,0,1358,17
1584503119.474504,10.10.0.10,173.194.187.70,,,37473,443,0,37,17
1584503119.4775069,173.194.187.70,10.10.0.10,,,443,37473,0,1358,17
1584503119.4819634,173.194.187.70,10.10.0.10,,,443,37473,0,1358,17
1584503119.4835298,10.10.0.10,173.194.187.70,,,37473,443,0,37,17
1584503119.4864292,173.194.187.70,10.10.0.10,,,443,37473,0,1358,17
1584503119.4908712,173.194.187.70,10.10.0.10,,,443,37473,0,1358,17
1584503119.4926598,10.10.0.10,173.194.187.70,,,37473,443,0,37,17
1584503119.495325,173.194.187.70,10.10.0.10,,,443,37473,0,1358,17
1584503119.4997802,173.194.187.70,10.10.0.10,,,443,37473,0,1358,17
1584503119.501663,10.10.0.10,173.194.187.70,,,37473,443,0,37,17
1584503119.50423,173.194.187.70,10.10.0.10,,,443,37473,0,1358,17
1584503119.5086842,173.194.187.70,10.10.0.10,,,443,37473,0,1358,17
1584503119.5106552,10.10.0.10,173.194.187.70,,,37473,443,0,37,17
1584503119.513142,173.194.187.70,10.10.0.10,,,443,37473,0,1358,17
1584503119.5175982,173.194.187.70,10.10.0.10,,,443,37473,0,1358,17
1584503119.5192866,10.10.0.10,173.194.187.70,,,37473,443,0,37,17
1584503119.522056,173.194.187.70,10.10.0.10,,,443,37473,0,1358,17
1584503119.526506,173.194.187.70,10.10.0.10,,,443,37473,0,1358,17
1584503119.5282598,10.10.0.10,173.194.187.70,,,37473,443,0,37,17
1584503119.530961,173.194.187.70,10.10.0.10,,,443,37473,0,1358,17
1584503119.5354278,173.194.187.70,10.10.0.10,,,443,37473,0,1358,17
1584503119.537007,10.10.0.10,173.194.187.70,,,37473,443,0,37,17
1584503119.53987,173.194.187.70,10.10.0.10,,,443,37473,0,1358,17
1584503119.5443199,173.194.187.70,10.10.0.10,,,443,37473,0,1358,17
1584503119.54876,10.10.0.10,173.194.187.70,,,37473,443,0,50,17
1584503119.5487769,173.194.187.70,10.10.0.10,,,443,37473,0,1358,17
1584503119.55324,173.194.187.70,10.10.0.10,,,443,37473,0,1358,17
1584503119.554758,10.10.0.10,173.194.187.70,,,37473,443,0,37,17
1584503119.5576859,173.194.187.70,10.10.0.10,,,443,37473,0,1358,17
1584503119.5621412,173.194.187.70,10.10.0.10,,,443,37473,0,1358,17
1584503119.5645,10.10.0.10,173.194.187.70,,,37473,443,0,37,17
1584503119.5665958,173.194.187.70,10.10.0.10,,,443,37473,0,1358,17
1584503119.5710552,173.194.187.70,10.10.0.10,,,443,37473,0,1358,17
1584503119.5742474,10.10.0.10,173.194.187.70,,,37473,443,0,37,17
1584503119.575505,173.194.187.70,10.10.0.10,,,443,37473,0,1358,17
1584503119.5799642,173.194.187.70,10.10.0.10,,,443,37473,0,1358,17
1584503119.5817492,10.10.0.10,173.194.187.70,,,37473,443,0,37,17
1584503119.584426,173.194.187.70,10.10.0.10,,,443,37473,0,1358,17
1584503119.5888689,173.194.187.70,10.10.0.10,,,443,37473,0,1358,17
1584503119.590535,10.10.0.10,173.194.187.70,,,37473,443,0,37,17
1584503119.593322,173.194.187.70,10.10.0.10,,,443,37473,0,1358,17
1584503119.597775,173.194.187.70,10.10.0.10,,,443,37473,0,1358,17
1584503119.599258,10.10.0.10,173.194.187.70,,,37473,443,0,37,17
1584503119.6022394,173.194.187.70,10.10.0.10,,,443,37473,0,1358,17
1584503119.6066852,173.194.187.70,10.10.0.10,,,443,37473,0,1358,17
1584503119.6087554,10.10.0.10,173.194.187.70,,,37473,443,0,37,17
1584503119.6111398,173.194.187.70,10.10.0.10,,,443,37473,0,1358,17
1584503119.615594,173.194.187.70,10.10.0.10,,,443,37473,0,1358,17
1584503119.6172748,10.10.0.10,173.194.187.70,,,37473,443,0,37,17
1584503119.6200428,173.194.187.70,10.10.0.10,,,443,37473,0,1358,17
1584503119.6245024,173.194.187.70,10.10.0.10,,,443,37473,0,1358,17
1584503119.6262748,10.10.0.10,173.194.187.70,,,37473,443,0,37,17
1584503119.6289608,173.194.187.70,10.10.0.10,,,443,37473,0,1358,17
1584503119.633425,173.194.187.70,10.10.0.10,,,443,37473,0,1358,17
1584503119.6351502,10.10.0.10,173.194.187.70,,,37473,443,0,37,17
1584503119.637867,173.194.187.70,10.10.0.10,,,443,37473,0,1358,17
1584503119.642316,173.194.187.70,10.10.0.10,,,443,37473,0,1358,17
1584503119.643977,10.10.0.10,173.194.187.70,,,37473,443,0,37,17
1584503119.646773,173.194.187.70,10.10.0.10,,,443,37473,0,1358,17
1584503119.6512382,173.194.187.70,10.10.0.10,,,443,37473,0,1358,17
1584503119.6556828,173.194.187.70,10.10.0.10,,,443,37473,0,1358,17
1584503119.6601331,173.194.187.70,10.10.0.10,,,443,37473,0,1358,17
1584503119.664594,173.194.187.70,10.10.0.10,,,443,37473,0,1358,17
1584503119.669052,173.194.187.70,10.10.0.10,,,443,37473,0,1358,17
1584503119.673496,173.194.187.70,10.10.0.10,,,443,37473,0,1358,17
1584503119.6767778,10.10.0.10,173.194.187.70,,,37473,443,0,37,17
1584503119.677401,10.10.0.10,173.194.187.70,,,37473,443,0,37,17
1584503119.679754,10.10.0.10,173.194.187.70,,,37473,443,0,37,17
1584503119.6823974,173.194.187.70,10.10.0.10,,,443,37473,0,1358,17
1584503119.685243,10.10.0.10,173.194.187.70,,,37473,443,0,37,17
1584503119.6878748,173.194.187.70,10.10.0.10,,,443,37473,0,1358,17
1584503119.68791,173.194.187.70,10.10.0.10,,,443,37473,0,1358,17
1584503119.691129,10.10.0.10,173.194.187.70,,,37473,443,0,37,17
1584503119.6961892,173.194.187.70,10.10.0.10,,,443,37473,0,1358,17
1584503119.696224,173.194.187.70,10.10.0.10,,,443,37473,0,1358,17
1584503119.699154,10.10.0.10,173.194.187.70,,,37473,443,0,37,17
1584503119.700577,173.194.187.70,10.10.0.10,,,443,37473,0,1358,17
1584503119.705048,173.194.187.70,10.10.0.10,,,443,37473,0,1358,17
1584503119.7067769,10.10.0.10,173.194.187.70,,,37473,443,0,37,17
1584503119.7094915,173.194.187.70,10.10.0.10,,,443,37473,0,1358,17
1584503119.7139466,173.194.187.70,10.10.0.10,,,443,37473,0,1358,17
1584503119.715745,10.10.0.10,173.194.187.70,,,37473,443,0,37,17
1584503119.7183974,173.194.187.70,10.10.0.10,,,443,37473,0,1358,17
1584503119.722861,173.194.187.70,10.10.0.10,,,443,37473,0,1358,17
1584503119.7243972,10.10.0.10,173.194.187.70,,,37473,443,0,50,17
1584503119.7273068,173.194.187.70,10.10.0.10,,,443,37473,0,1358,17
1584503119.731761,173.194.187.70,10.10.0.10,,,443,37473,0,1358,17
1584503119.733253,10.10.0.10,173.194.187.70,,,37473,443,0,37,17
1584503119.7362108,173.194.187.70,10.10.0.10,,,443,37473,0,1358,17
1584503119.740675,173.194.187.70,10.10.0.10,,,443,37473,0,1358,17
1584503119.742503,10.10.0.10,173.194.187.70,,,37473,443,0,37,17
1584503119.745126,173.194.187.70,10.10.0.10,,,443,37473,0,1358,17
1584503119.749579,173.194.187.70,10.10.0.10,,,443,37473,0,1358,17
1584503119.751274,10.10.0.10,173.194.187.70,,,37473,443,0,37,17
1584503119.7540472,173.194.187.70,10.10.0.10,,,443,37473,0,1358,17
1584503119.7584882,173.194.187.70,10.10.0.10,,,443,37473,0,1358,17
1584503119.759975,10.10.0.10,173.194.187.70,,,37473,443,0,37,17
1584503119.762943,173.194.187.70,10.10.0.10,,,443,37473,0,1358,17
1584503119.7673948,173.194.187.70,10.10.0.10,,,443,37473,0,1358,17
1584503119.771397,10.10.0.10,173.194.187.70,,,37473,443,0,37,17
1584503119.771848,173.194.187.70,10.10.0.10,,,443,37473,0,1358,17
1584503119.7763028,173.194.187.70,10.10.0.10,,,443,37473,0,1358,17
1584503119.7778919,10.10.0.10,173.194.187.70,,,37473,443,0,37,17
1584503119.78076,173.194.187.70,10.10.0.10,,,443,37473,0,1358,17
1584503119.7852151,173.194.187.70,10.10.0.10,,,443,37473,0,1358,17
1584503119.787271,10.10.0.10,173.194.187.70,,,37473,443,0,37,17
1584503119.7896738,173.194.187.70,10.10.0.10,,,443,37473,0,1358,17
1584503119.7941241,173.194.187.70,10.10.0.10,,,443,37473,0,1358,17
1584503119.7958775,10.10.0.10,173.194.187.70,,,37473,443,0,37,17
1584503119.7985759,173.194.187.70,10.10.0.10,,,443,37473,0,1358,17
1584503119.803031,173.194.187.70,10.10.0.10,,,443,37473,0,1358,17
1584503119.8046205,10.10.0.10,173.194.187.70,,,37473,443,0,37,17
1584503119.807482,173.194.187.70,10.10.0.10,,,443,37473,0,1358,17
1584503119.8119388,173.194.187.70,10.10.0.10,,,443,37473,0,1358,17
1584503119.81436,10.10.0.10,173.194.187.70,,,37473,443,0,37,17
1584503119.8163972,173.194.187.70,10.10.0.10,,,443,37473,0,1358,17
1584503119.820846,173.194.187.70,10.10.0.10,,,443,37473,0,1358,17
1584503119.823375,10.10.0.10,173.194.187.70,,,37473,443,0,37,17
1584503119.8253038,173.194.187.70,10.10.0.10,,,443,37473,0,1358,17
1584503119.829751,173.194.187.70,10.10.0.10,,,443,37473,0,1358,17
1584503119.8315961,10.10.0.10,173.194.187.70,,,37473,443,0,37,17
1584503119.834208,173.194.187.70,10.10.0.10,,,443,37473,0,1358,17
1584503119.838663,173.194.187.70,10.10.0.10,,,443,37473,0,1358,17
1584503119.8404794,10.10.0.10,173.194.187.70,,,37473,443,0,37,17
1584503119.843121,173.194.187.70,10.10.0.10,,,443,37473,0,1358,17
1584503119.847575,173.194.187.70,10.10.0.10,,,443,37473,0,1358,17
1584503119.849473,10.10.0.10,173.194.187.70,,,37473,443,0,37,17
1584503119.852025,173.194.187.70,10.10.0.10,,,443,37473,0,1358,17
1584503119.856481,173.194.187.70,10.10.0.10,,,443,37473,0,1358,17
1584503119.858757,10.10.0.10,173.194.187.70,,,37473,443,0,37,17
1584503119.860935,173.194.187.70,10.10.0.10,,,443,37473,0,1358,17
1584503119.8653939,173.194.187.70,10.10.0.10,,,443,37473,0,1358,17
1584503119.8673742,10.10.0.10,173.194.187.70,,,37473,443,0,37,17
1584503119.869857,173.194.187.70,10.10.0.10,,,443,37473,0,1358,17
1584503119.8742988,173.194.187.70,10.10.0.10,,,443,37473,0,1358,17
1584503119.877597,10.10.0.10,173.194.187.70,,,37473,443,0,37,17
1584503119.8787556,173.194.187.70,10.10.0.10,,,443,37473,0,1358,17
1584503119.883208,173.194.187.70,10.10.0.10,,,443,37473,0,1358,17
1584503119.8848472,10.10.0.10,173.194.187.70,,,37473,443,0,37,17
1584503119.8876624,173.194.187.70,10.10.0.10,,,443,37473,0,1358,17
1584503119.8921149,173.194.187.70,10.10.0.10,,,443,37473,0,1358,17
1584503119.894773,10.10.0.10,173.194.187.70,,,37473,443,0,37,17
1584503119.896572,173.194.187.70,10.10.0.10,,,443,37473,0,1358,17
1584503119.901025,173.194.187.70,10.10.0.10,,,443,37473,0,1358,17
1584503119.9054859,173.194.187.70,10.10.0.10,,,443,37473,0,1358,17
1584503119.909945,173.194.187.70,10.10.0.10,,,443,37473,0,1358,17
1584503119.9101224,10.10.0.10,173.194.187.70,,,37473,443,0,50,17
1584503119.9116454,10.10.0.10,173.194.187.70,,,37473,443,0,37,17
1584503119.91439,173.194.187.70,10.10.0.10,,,443,37473,0,1358,17
1584503119.918854,173.194.187.70,10.10.0.10,,,443,37473,0,1358,17
1584503119.9206429,10.10.0.10,173.194.187.70,,,37473,443,0,37,17
1584503119.9233027,173.194.187.70,10.10.0.10,,,443,37473,0,1358,17
1584503119.927758,173.194.187.70,10.10.0.10,,,443,37473,0,1358,17
1584503119.9297464,10.10.0.10,173.194.187.70,,,37473,443,0,37,17
1584503119.9322052,173.194.187.70,10.10.0.10,,,443,37473,0,1358,17
1584503119.9366634,173.194.187.70,10.10.0.10,,,443,37473,0,1358,17
1584503119.938593,10.10.0.10,173.194.187.70,,,37473,443,0,37,17
1584503119.941118,173.194.187.70,10.10.0.10,,,443,37473,0,1358,17
1584503119.945584,173.194.187.70,10.10.0.10,,,443,37473,0,1358,17
1584503119.9471002,10.10.0.10,173.194.187.70,,,37473,443,0,37,17
1584503119.9500241,173.194.187.70,10.10.0.10,,,443,37473,0,1358,17
1584503119.9544818,173.194.187.70,10.10.0.10,,,443,37473,0,1358,17
1584503119.958935,173.194.187.70,10.10.0.10,,,443,37473,0,1358,17
1584503119.9589722,10.10.0.10,173.194.187.70,,,37473,443,0,37,17
1584503119.9633892,173.194.187.70,10.10.0.10,,,443,37473,0,1358,17
1584503119.965641,10.10.0.10,173.194.187.70,,,37473,443,0,37,17
1584503119.967854,173.194.187.70,10.10.0.10,,,443,37473,0,1358,17
1584503119.9722948,173.194.187.70,10.10.0.10,,,443,37473,0,1358,17
1584503119.975122,10.10.0.10,173.194.187.70,,,37473,443,0,37,17
1584503119.976752,173.194.187.70,10.10.0.10,,,443,37473,0,1358,17
1584503119.9812062,173.194.187.70,10.10.0.10,,,443,37473,0,1358,17
1584503119.982976,10.10.0.10,173.194.187.70,,,37473,443,0,37,17
1584503119.985659,173.194.187.70,10.10.0.10,,,443,37473,0,1358,17
1584503119.990115,173.194.187.70,10.10.0.10,,,443,37473,0,1358,17
1584503119.9917061,10.10.0.10,173.194.187.70,,,37473,443,0,37,17
1584503119.99457,173.194.187.70,10.10.0.10,,,443,37473,0,1358,17
1584503119.9990392,173.194.187.70,10.10.0.10,,,443,37473,0,1358,17
1584503120.000862,10.10.0.10,173.194.187.70,,,37473,443,0,37,17
1584503120.003482,173.194.187.70,10.10.0.10,,,443,37473,0,1358,17
1584503120.0079439,173.194.187.70,10.10.0.10,,,443,37473,0,1358,17
1584503120.009994,10.10.0.10,173.194.187.70,,,37473,443,0,37,17
1584503120.012399,173.194.187.70,10.10.0.10,,,443,37473,0,1358,17
1584503120.016852,173.194.187.70,10.10.0.10,,,443,37473,0,1358,17
1584503120.0185158,10.10.0.10,173.194.187.70,,,37473,443,0,37,17
1584503120.021297,173.194.187.70,10.10.0.10,,,443,37473,0,1358,17
1584503120.025752,173.194.187.70,10.10.0.10,,,443,37473,0,1358,17
1584503120.027709,10.10.0.10,173.194.187.70,,,37473,443,0,37,17
1584503120.0302026,173.194.187.70,10.10.0.10,,,443,37473,0,1358,17
1584503120.034659,173.194.187.70,10.10.0.10,,,443,37473,0,1358,17
1584503120.036216,10.10.0.10,173.194.187.70,,,37473,443,0,37,17
1584503120.0391116,173.194.187.70,10.10.0.10,,,443,37473,0,1358,17
1584503120.0435698,173.194.187.70,10.10.0.10,,,443,37473,0,1358,17
1584503120.045365,10.10.0.10,173.194.187.70,,,37473,443,0,37,17
1584503120.048019,173.194.187.70,10.10.0.10,,,443,37473,0,1358,17
1584503120.052475,173.194.187.70,10.10.0.10,,,443,37473,0,1358,17
1584503120.0544946,10.10.0.10,173.194.187.70,,,37473,443,0,37,17
1584503120.0569339,173.194.187.70,10.10.0.10,,,443,37473,0,1358,17
1584503120.0613859,173.194.187.70,10.10.0.10,,,443,37473,0,1358,17
1584503120.063345,10.10.0.10,173.194.187.70,,,37473,443,0,37,17
1584503120.065839,173.194.187.70,10.10.0.10,,,443,37473,0,1358,17
1584503120.070297,173.194.187.70,10.10.0.10,,,443,37473,0,1358,17
1584503120.072243,10.10.0.10,173.194.187.70,,,37473,443,0,37,17
1584503120.074753,173.194.187.70,10.10.0.10,,,443,37473,0,1358,17
1584503120.079205,173.194.187.70,10.10.0.10,,,443,37473,0,1358,17
1584503120.083264,10.10.0.10,173.194.187.70,,,37473,443,0,50,17
1584503120.083655,173.194.187.70,10.10.0.10,,,443,37473,0,1358,17
1584503120.08811,173.194.187.70,10.10.0.10,,,443,37473,0,1358,17
1584503120.0905108,10.10.0.10,173.194.187.70,,,37473,443,0,37,17
1584503120.092568,173.194.187.70,10.10.0.10,,,443,37473,0,1358,17
1584503120.0970366,173.194.187.70,10.10.0.10,,,443,37473,0,1358,17
1584503120.0994918,10.10.0.10,173.194.187.70,,,37473,443,0,37,17
1584503120.1014776,173.194.187.70,10.10.0.10,,,443,37473,0,1358,17
1584503120.1059322,173.194.187.70,10.10.0.10,,,443,37473,0,1358,17
1584503120.107742,10.10.0.10,173.194.187.70,,,37473,443,0,37,17
1584503120.110386,173.194.187.70,10.10.0.10,,,443,37473,0,1358,17
1584503120.1148489,173.194.187.70,10.10.0.10,,,443,37473,0,1358,17
1584503120.116367,10.10.0.10,173.194.187.70,,,37473,443,0,37,17
1584503120.1192946,173.194.187.70,10.10.0.10,,,443,37473,0,1358,17
1584503120.123749,173.194.187.70,10.10.0.10,,,443,37473,0,1358,17
1584503120.1258874,10.10.0.10,173.194.187.70,,,37473,443,0,37,17
1584503120.1281981,173.194.187.70,10.10.0.10,,,443,37473,0,1358,17
1584503120.132663,173.194.187.70,10.10.0.10,,,443,37473,0,1358,17
1584503120.1342402,10.10.0.10,173.194.187.70,,,37473,443,0,37,17
1584503120.137112,173.194.187.70,10.10.0.10,,,443,37473,0,1358,17
1584503120.141568,173.194.187.70,10.10.0.10,,,443,37473,0,1358,17
1584503120.143615,10.10.0.10,173.194.187.70,,,37473,443,0,37,17
1584503120.146019,173.194.187.70,10.10.0.10,,,443,37473,0,1358,17
1584503120.1504748,173.194.187.70,10.10.0.10,,,443,37473,0,1358,17
1584503120.152385,10.10.0.10,173.194.187.70,,,37473,443,0,37,17
1584503120.15493,173.194.187.70,10.10.0.10,,,443,37473,0,1358,17
1584503120.159382,173.194.187.70,10.10.0.10,,,443,37473,0,1358,17
1584503120.16088,10.10.0.10,173.194.187.70,,,37473,443,0,37,17
1584503120.1638482,173.194.187.70,10.10.0.10,,,443,37473,0,1358,17
1584503120.1682901,173.194.187.70,10.10.0.10,,,443,37473,0,1358,17
1584503120.1698852,10.10.0.10,173.194.187.70,,,37473,443,0,37,17
1584503120.172748,173.194.187.70,10.10.0.10,,,443,37473,0,1358,17
1584503120.177204,173.194.187.70,10.10.0.10,,,443,37473,0,1358,17
1584503120.1811235,10.10.0.10,173.194.187.70,,,37473,443,0,37,17
1584503120.181654,173.194.187.70,10.10.0.10,,,443,37473,0,1358,17
1584503120.18611,173.194.187.70,10.10.0.10,,,443,37473,0,1358,17
1584503120.1881342,10.10.0.10,173.194.187.70,,,37473,443,0,37,17
1584503120.190566,173.194.187.70,10.10.0.10,,,443,37473,0,1358,17
1584503120.195029,173.194.187.70,10.10.0.10,,,443,37473,0,1358,17
1584503120.19901,10.10.0.10,173.194.187.70,,,37473,443,0,37,17
1584503120.199471,173.194.187.70,10.10.0.10,,,443,37473,0,1358,17
1584503120.203944,173.194.187.70,10.10.0.10,,,443,37473,0,1358,17
1584503120.2071161,10.10.0.10,173.194.187.70,,,37473,443,0,37,17
1584503120.2083938,173.194.187.70,10.10.0.10,,,443,37473,0,1358,17
1584503120.212847,173.194.187.70,10.10.0.10,,,443,37473,0,1358,17
1584503120.21624,10.10.0.10,173.194.187.70,,,37473,443,0,37,17
1584503120.217295,173.194.187.70,10.10.0.10,,,443,37473,0,1358,17
1584503120.2217472,173.194.187.70,10.10.0.10,,,443,37473,0,1358,17
1584503120.224258,10.10.0.10,173.194.187.70,,,37473,443,0,37,17
1584503120.226202,173.194.187.70,10.10.0.10,,,443,37473,0,1358,17
1584503120.2306616,173.194.187.70,10.10.0.10,,,443,37473,0,1358,17
1584503120.233008,10.10.0.10,173.194.187.70,,,37473,443,0,37,17
1584503120.235109,173.194.187.70,10.10.0.10,,,443,37473,0,1358,17
1584503120.239563,173.194.187.70,10.10.0.10,,,443,37473,0,1358,17
1584503120.241487,10.10.0.10,173.194.187.70,,,37473,443,0,37,17
1584503120.244013,173.194.187.70,10.10.0.10,,,443,37473,0,1358,17
1584503120.2484775,173.194.187.70,10.10.0.10,,,443,37473,0,1358,17
1584503120.250104,10.10.0.10,173.194.187.70,,,37473,443,0,37,17
1584503120.2529259,173.194.187.70,10.10.0.10,,,443,37473,0,1358,17
1584503120.2573788,173.194.187.70,10.10.0.10,,,443,37473,0,1358,17
1584503120.259881,10.10.0.10,173.194.187.70,,,37473,443,0,50,17
1584503120.2618446,173.194.187.70,10.10.0.10,,,443,37473,0,1358,17
1584503120.266291,173.194.187.70,10.10.0.10,,,443,37473,0,1358,17
1584503120.267882,10.10.0.10,173.194.187.70,,,37473,443,0,37,17
1584503120.270745,173.194.187.70,10.10.0.10,,,443,37473,0,1358,17
1584503120.275193,173.194.187.70,10.10.0.10,,,443,37473,0,1358,17
1584503120.276863,10.10.0.10,173.194.187.70,,,37473,443,0,37,17
1584503120.2796588,173.194.187.70,10.10.0.10,,,443,37473,0,1358,17
1584503120.284102,173.194.187.70,10.10.0.10,,,443,37473,0,1358,17
1584503120.286736,10.10.0.10,173.194.187.70,,,37473,443,0,37,17
1584503120.2885628,173.194.187.70,10.10.0.10,,,443,37473,0,29,17
1584503120.2887552,173.194.187.70,10.10.0.10,,,443,37473,0,1358,17
1584503120.2932189,173.194.187.70,10.10.0.10,,,443,37473,0,1358,17
1584503120.294726,10.10.0.10,173.194.187.70,,,37473,443,0,37,17
1584503120.297672,173.194.187.70,10.10.0.10,,,443,37473,0,1358,17
1584503120.3021276,173.194.187.70,10.10.0.10,,,443,37473,0,1358,17
1584503120.304225,10.10.0.10,173.194.187.70,,,37473,443,0,37,17
1584503120.306594,173.194.187.70,10.10.0.10,,,443,37473,0,1358,17
1584503120.3110301,173.194.187.70,10.10.0.10,,,443,37473,0,1358,17
1584503120.3127544,10.10.0.10,173.194.187.70,,,37473,443,0,37,17
1584503120.31549,173.194.187.70,10.10.0.10,,,443,37473,0,1358,17
1584503120.3199446,173.194.187.70,10.10.0.10,,,443,37473,0,1358,17
1584503120.3217552,10.10.0.10,173.194.187.70,,,37473,443,0,37,17
1584503120.324408,173.194.187.70,10.10.0.10,,,443,37473,0,1358,17
1584503120.3288536,173.194.187.70,10.10.0.10,,,443,37473,0,1358,17
1584503120.331005,10.10.0.10,173.194.187.70,,,37473,443,0,37,17
1584503120.3333082,173.194.187.70,10.10.0.10,,,443,37473,0,1358,17
1584503120.3377798,173.194.187.70,10.10.0.10,,,443,37473,0,1358,17
1584503120.3394852,10.10.0.10,173.194.187.70,,,37473,443,0,37,17
1584503120.342218,173.194.187.70,10.10.0.10,,,443,37473,0,1358,17
1584503120.346671,173.194.187.70,10.10.0.10,,,443,37473,0,1358,17
1584503120.3481119,10.10.0.10,173.194.187.70,,,37473,443,0,37,17
1584503120.3511262,173.194.187.70,10.10.0.10,,,443,37473,0,1358,17
1584503120.355592,173.194.187.70,10.10.0.10,,,443,37473,0,1358,17
1584503120.357504,10.10.0.10,173.194.187.70,,,37473,443,0,37,17
1584503120.3600285,173.194.187.70,10.10.0.10,,,443,37473,0,1358,17
1584503120.3644881,173.194.187.70,10.10.0.10,,,443,37473,0,1358,17
1584503120.3661091,10.10.0.10,173.194.187.70,,,37473,443,0,37,17
1584503120.368942,173.194.187.70,10.10.0.10,,,443,37473,0,1358,17
1584503120.3734071,173.194.187.70,10.10.0.10,,,443,37473,0,1358,17
1584503120.375351,10.10.0.10,173.194.187.70,,,37473,443,0,37,17
1584503120.3778524,173.194.187.70,10.10.0.10,,,443,37473,0,1358,17
1584503120.3823054,173.194.187.70,10.10.0.10,,,443,37473,0,1358,17
1584503120.384753,10.10.0.10,173.194.187.70,,,37473,443,0,37,17
1584503120.3867779,173.194.187.70,10.10.0.10,,,443,37473,0,1358,17
1584503120.391217,173.194.187.70,10.10.0.10,,,443,37473,0,1358,17
1584503120.3931286,10.10.0.10,173.194.187.70,,,37473,443,0,37,17
1584503120.3956704,173.194.187.70,10.10.0.10,,,443,37473,0,1358,17
1584503120.4001179,173.194.187.70,10.10.0.10,,,443,37473,0,1358,17
1584503120.401753,10.10.0.10,173.194.187.70,,,37473,443,0,37,17
1584503120.404591,173.194.187.70,10.10.0.10,,,443,37473,0,1358,17
1584503120.409033,173.194.187.70,10.10.0.10,,,443,37473,0,1358,17
1584503120.410627,10.10.0.10,173.194.187.70,,,37473,443,0,37,17
1584503120.413486,173.194.187.70,10.10.0.10,,,443,37473,0,1358,17
1584503120.417941,173.194.187.70,10.10.0.10,,,443,37473,0,1358,17
1584503120.419858,10.10.0.10,173.194.187.70,,,37473,443,0,37,17
1584503120.4224038,173.194.187.70,10.10.0.10,,,443,37473,0,1358,17
1584503120.4268508,173.194.187.70,10.10.0.10,,,443,37473,0,1358,17
1584503120.428377,10.10.0.10,173.194.187.70,,,37473,443,0,37,17
1584503120.431304,173.194.187.70,10.10.0.10,,,443,37473,0,1358,17
1584503120.435778,173.194.187.70,10.10.0.10,,,443,37473,0,1358,17
1584503120.437377,10.10.0.10,173.194.187.70,,,37473,443,0,50,17
1584503120.440208,173.194.187.70,10.10.0.10,,,443,37473,0,1358,17
1584503120.4446669,173.194.187.70,10.10.0.10,,,443,37473,0,1358,17
1584503120.4467304,10.10.0.10,173.194.187.70,,,37473,443,0,37,17
1584503120.449121,173.194.187.70,10.10.0.10,,,443,37473,0,1358,17
1584503120.4535892,173.194.187.70,10.10.0.10,,,443,37473,0,1358,17
1584503120.4558609,10.10.0.10,173.194.187.70,,,37473,443,0,37,17
1584503120.458031,173.194.187.70,10.10.0.10,,,443,37473,0,1358,17
1584503120.4624922,173.194.187.70,10.10.0.10,,,443,37473,0,1358,17
1584503120.464231,10.10.0.10,173.194.187.70,,,37473,443,0,37,17
1584503120.466941,173.194.187.70,10.10.0.10,,,443,37473,0,1358,17
1584503120.4714036,173.194.187.70,10.10.0.10,,,443,37473,0,1358,17
1584503120.4738786,10.10.0.10,173.194.187.70,,,37473,443,0,37,17
1584503120.47585,173.194.187.70,10.10.0.10,,,443,37473,0,1358,17
1584503120.4802976,173.194.187.70,10.10.0.10,,,443,37473,0,1358,17
1584503120.4818606,10.10.0.10,173.194.187.70,,,37473,443,0,37,17
1584503120.484776,173.194.187.70,10.10.0.10,,,443,37473,0,1358,17
1584503120.48921,173.194.187.70,10.10.0.10,,,443,37473,0,1358,17
1584503120.4915972,10.10.0.10,173.194.187.70,,,37473,443,0,37,17
1584503120.493665,173.194.187.70,10.10.0.10,,,443,37473,0,1358,17
1584503120.498121,173.194.187.70,10.10.0.10,,,443,37473,0,1358,17
1584503120.4997306,10.10.0.10,173.194.187.70,,,37473,443,0,37,17
1584503120.5025885,173.194.187.70,10.10.0.10,,,443,37473,0,1358,17
1584503120.5070288,173.194.187.70,10.10.0.10,,,443,37473,0,1358,17
1584503120.5085795,10.10.0.10,173.194.187.70,,,37473,443,0,37,17
1584503120.511483,173.194.187.70,10.10.0.10,,,443,37473,0,1358,17
1584503120.515939,173.194.187.70,10.10.0.10,,,443,37473,0,1358,17
1584503120.517609,10.10.0.10,173.194.187.70,,,37473,443,0,37,17
1584503120.5203881,173.194.187.70,10.10.0.10,,,443,37473,0,1358,17
1584503120.524847,173.194.187.70,10.10.0.10,,,443,37473,0,1358,17
1584503120.5268762,10.10.0.10,173.194.187.70,,,37473,443,0,37,17
1584503120.529302,173.194.187.70,10.10.0.10,,,443,37473,0,1358,17
1584503120.5337741,173.194.187.70,10.10.0.10,,,443,37473,0,1358,17
1584503120.535346,10.10.0.10,173.194.187.70,,,37473,443,0,37,17
1584503120.5382118,173.194.187.70,10.10.0.10,,,443,37473,0,1358,17
1584503120.542662,173.194.187.70,10.10.0.10,,,443,37473,0,1358,17
1584503120.544216,10.10.0.10,173.194.187.70,,,37473,443,0,37,17
1584503120.547121,173.194.187.70,10.10.0.10,,,443,37473,0,1358,17
1584503120.5515866,173.194.187.70,10.10.0.10,,,443,37473,0,1358,17
1584503120.553098,10.10.0.10,173.194.187.70,,,37473,443,0,37,17
1584503120.5560222,173.194.187.70,10.10.0.10,,,443,37473,0,1358,17
1584503120.560481,173.194.187.70,10.10.0.10,,,443,37473,0,1358,17
1584503120.562103,10.10.0.10,173.194.187.70,,,37473,443,0,37,17
1584503120.564936,173.194.187.70,10.10.0.10,,,443,37473,0,1358,17
1584503120.569401,173.194.187.70,10.10.0.10,,,443,37473,0,1358,17
1584503120.5709708,10.10.0.10,173.194.187.70,,,37473,443,0,37,17
1584503120.573846,173.194.187.70,10.10.0.10,,,443,37473,0,1358,17
1584503120.578298,173.194.187.70,10.10.0.10,,,443,37473,0,1358,17
1584503120.580357,10.10.0.10,173.194.187.70,,,37473,443,0,37,17
1584503120.5827732,173.194.187.70,10.10.0.10,,,443,37473,0,1358,17
1584503120.5872035,173.194.187.70,10.10.0.10,,,443,37473,0,1358,17
1584503120.589494,10.10.0.10,173.194.187.70,,,37473,443,0,37,17
1584503120.5916624,173.194.187.70,10.10.0.10,,,443,37473,0,1358,17
1584503120.596112,173.194.187.70,10.10.0.10,,,443,37473,0,1358,17
1584503120.597999,10.10.0.10,173.194.187.70,,,37473,443,0,37,17
1584503120.600585,173.194.187.70,10.10.0.10,,,443,37473,0,1358,17
1584503120.605032,173.194.187.70,10.10.0.10,,,443,37473,0,1358,17
1584503120.607362,10.10.0.10,173.194.187.70,,,37473,443,0,37,17
1584503120.609479,173.194.187.70,10.10.0.10,,,443,37473,0,1358,17
1584503120.613936,173.194.187.70,10.10.0.10,,,443,37473,0,1358,17
1584503120.61597,10.10.0.10,173.194.187.70,,,37473,443,0,50,17
1584503120.618386,173.194.187.70,10.10.0.10,,,443,37473,0,1358,17
1584503120.6228428,173.194.187.70,10.10.0.10,,,443,37473,0,1358,17
1584503120.625728,10.10.0.10,173.194.187.70,,,37473,443,0,37,17
1584503120.627298,173.194.187.70,10.10.0.10,,,443,37473,0,1358,17
1584503120.6317706,173.194.187.70,10.10.0.10,,,443,37473,0,1358,17
1584503120.633357,10.10.0.10,173.194.187.70,,,37473,443,0,37,17
1584503120.636201,173.194.187.70,10.10.0.10,,,443,37473,0,1358,17
1584503120.640661,173.194.187.70,10.10.0.10,,,443,37473,0,1358,17
1584503120.6422489,10.10.0.10,173.194.187.70,,,37473,443,0,37,17
1584503120.645116,173.194.187.70,10.10.0.10,,,443,37473,0,1358,17
1584503120.649584,173.194.187.70,10.10.0.10,,,443,37473,0,1358,17
1584503120.65112,10.10.0.10,173.194.187.70,,,37473,443,0,37,17
1584503120.654026,173.194.187.70,10.10.0.10,,,443,37473,0,1358,17
1584503120.658479,173.194.187.70,10.10.0.10,,,443,37473,0,1358,17
1584503120.6599698,10.10.0.10,173.194.187.70,,,37473,443,0,37,17
1584503120.662933,173.194.187.70,10.10.0.10,,,443,37473,0,1358,17
1584503120.6673946,173.194.187.70,10.10.0.10,,,443,37473,0,1358,17
1584503120.668994,10.10.0.10,173.194.187.70,,,37473,443,0,37,17
1584503120.671841,173.194.187.70,10.10.0.10,,,443,37473,0,1358,17
1584503120.676291,173.194.187.70,10.10.0.10,,,443,37473,0,1358,17
1584503120.6781242,10.10.0.10,173.194.187.70,,,37473,443,0,37,17
1584503120.68077,173.194.187.70,10.10.0.10,,,443,37473,0,1358,17
1584503120.6852071,173.194.187.70,10.10.0.10,,,443,37473,0,1358,17
1584503120.6873722,10.10.0.10,173.194.187.70,,,37473,443,0,37,17
1584503120.6896589,173.194.187.70,10.10.0.10,,,443,37473,0,1358,17
1584503120.694115,173.194.187.70,10.10.0.10,,,443,37473,0,1358,17
1584503120.696352,10.10.0.10,173.194.187.70,,,37473,443,0,37,17
1584503120.6985822,173.194.187.70,10.10.0.10,,,443,37473,0,1358,17
1584503120.703022,173.194.187.70,10.10.0.10,,,443,37473,0,1358,17
1584503120.7055779,10.10.0.10,173.194.187.70,,,37473,443,0,37,17
1584503120.7074769,173.194.187.70,10.10.0.10,,,443,37473,0,1358,17
1584503120.7119398,173.194.187.70,10.10.0.10,,,443,37473,0,1358,17
1584503120.7136,10.10.0.10,173.194.187.70,,,37473,443,0,37,17
1584503120.716383,173.194.187.70,10.10.0.10,,,443,37473,0,1358,17
1584503120.720836,173.194.187.70,10.10.0.10,,,443,37473,0,1358,17
1584503120.72283,10.10.0.10,173.194.187.70,,,37473,443,0,37,17
1584503120.7252922,173.194.187.70,10.10.0.10,,,443,37473,0,1358,17
1584503120.7297478,173.194.187.70,10.10.0.10,,,443,37473,0,1358,17
1584503120.7312179,10.10.0.10,173.194.187.70,,,37473,443,0,37,17
1584503120.734198,173.194.187.70,10.10.0.10,,,443,37473,0,1358,17
1584503120.7386534,173.194.187.70,10.10.0.10,,,443,37473,0,1358,17
1584503120.7410989,10.10.0.10,173.194.187.70,,,37473,443,0,37,17
1584503120.7431116,173.194.187.70,10.10.0.10,,,443,37473,0,1358,17
1584503120.7475572,173.194.187.70,10.10.0.10,,,443,37473,0,1358,17
1584503120.7494931,10.10.0.10,173.194.187.70,,,37473,443,0,37,17
1584503120.752016,173.194.187.70,10.10.0.10,,,443,37473,0,1358,17
1584503120.75647,173.194.187.70,10.10.0.10,,,443,37473,0,1358,17
1584503120.758718,10.10.0.10,173.194.187.70,,,37473,443,0,37,17
1584503120.760924,173.194.187.70,10.10.0.10,,,443,37473,0,1358,17
1584503120.765379,173.194.187.70,10.10.0.10,,,443,37473,0,1358,17
1584503120.766954,10.10.0.10,173.194.187.70,,,37473,443,0,37,17
1584503120.769835,173.194.187.70,10.10.0.10,,,443,37473,0,1358,17
1584503120.7742932,173.194.187.70,10.10.0.10,,,443,37473,0,1358,17
1584503120.7770884,10.10.0.10,173.194.187.70,,,37473,443,0,37,17
1584503120.778767,173.194.187.70,10.10.0.10,,,443,37473,0,1358,17
1584503120.7832,173.194.187.70,10.10.0.10,,,443,37473,0,1358,17
1584503120.784971,10.10.0.10,173.194.187.70,,,37473,443,0,37,17
1584503120.7876518,173.194.187.70,10.10.0.10,,,443,37473,0,1358,17
1584503120.792105,173.194.187.70,10.10.0.10,,,443,37473,0,1358,17
1584503120.794617,10.10.0.10,173.194.187.70,,,37473,443,0,50,17
1584503120.796579,173.194.187.70,10.10.0.10,,,443,37473,0,1358,17
1584503120.801018,173.194.187.70,10.10.0.10,,,443,37473,0,1358,17
1584503120.802599,10.10.0.10,173.194.187.70,,,37473,443,0,37,17
1584503120.8054724,173.194.187.70,10.10.0.10,,,443,37473,0,1358,17
1584503120.809928,173.194.187.70,10.10.0.10,,,443,37473,0,1358,17
1584503120.812829,10.10.0.10,173.194.187.70,,,37473,443,0,37,17
1584503120.814378,173.194.187.70,10.10.0.10,,,443,37473,0,1358,17
1584503120.8188355,173.194.187.70,10.10.0.10,,,443,37473,0,29,17
1584503120.81903,173.194.187.70,10.10.0.10,,,443,37473,0,1358,17
1584503120.820821,10.10.0.10,173.194.187.70,,,37473,443,0,37,17
1584503120.8234918,173.194.187.70,10.10.0.10,,,443,37473,0,1358,17
1584503120.827952,173.194.187.70,10.10.0.10,,,443,37473,0,1358,17
1584503120.829682,10.10.0.10,173.194.187.70,,,37473,443,0,37,17
1584503120.8323982,173.194.187.70,10.10.0.10,,,443,37473,0,1358,17
1584503120.836854,173.194.187.70,10.10.0.10,,,443,37473,0,1358,17
1584503120.8388288,10.10.0.10,173.194.187.70,,,37473,443,0,37,17
1584503120.8413134,173.194.187.70,10.10.0.10,,,443,37473,0,1358,17
1584503120.845768,173.194.187.70,10.10.0.10,,,443,37473,0,1358,17
1584503120.8474731,10.10.0.10,173.194.187.70,,,37473,443,0,37,17
1584503120.8502188,173.194.187.70,10.10.0.10,,,443,37473,0,1358,17
1584503120.8546748,173.194.187.70,10.10.0.10,,,443,37473,0,1358,17
1584503120.857594,10.10.0.10,173.194.187.70,,,37473,443,0,37,17
1584503120.859143,173.194.187.70,10.10.0.10,,,443,37473,0,1358,17
1584503120.8635788,173.194.187.70,10.10.0.10,,,443,37473,0,1358,17
1584503120.8662212,10.10.0.10,173.194.187.70,,,37473,443,0,37,17
1584503120.868032,173.194.187.70,10.10.0.10,,,443,37473,0,1358,17
1584503120.8725019,173.194.187.70,10.10.0.10,,,443,37473,0,1358,17
1584503120.875824,10.10.0.10,173.194.187.70,,,37473,443,0,37,17
1584503120.8769412,173.194.187.70,10.10.0.10,,,443,37473,0,1358,17
1584503120.881394,173.194.187.70,10.10.0.10,,,443,37473,0,1358,17
1584503120.882953,10.10.0.10,173.194.187.70,,,37473,443,0,37,17
1584503120.885849,173.194.187.70,10.10.0.10,,,443,37473,0,1358,17
1584503120.8903134,173.194.187.70,10.10.0.10,,,443,37473,0,1358,17
1584503120.8930712,10.10.0.10,173.194.187.70,,,37473,443,0,37,17
1584503120.894766,173.194.187.70,10.10.0.10,,,443,37473,0,1358,17
1584503120.899213,173.194.187.70,10.10.0.10,,,443,37473,0,1358,17
1584503120.9009464,10.10.0.10,173.194.187.70,,,37473,443,0,37,17
1584503120.903667,173.194.187.70,10.10.0.10,,,443,37473,0,1358,17
1584503120.9081242,173.194.187.70,10.10.0.10,,,443,37473,0,1358,17
1584503120.909844,10.10.0.10,173.194.187.70,,,37473,443,0,37,17
1584503120.9125798,173.194.187.70,10.10.0.10,,,443,37473,0,1358,17
1584503120.9170349,173.194.187.70,10.10.0.10,,,443,37473,0,1358,17
1584503120.9210944,10.10.0.10,173.194.187.70,,,37473,443,0,37,17
1584503120.921486,173.194.187.70,10.10.0.10,,,443,37473,0,1358,17
1584503120.9259384,173.194.187.70,10.10.0.10,,,443,37473,0,1358,17
1584503120.930399,173.194.187.70,10.10.0.10,,,443,37473,0,1358,17
1584503120.934847,173.194.187.70,10.10.0.10,,,443,37473,0,1358,17
1584503120.9393082,173.194.187.70,10.10.0.10,,,443,37473,0,1358,17
1584503120.9437554,173.194.187.70,10.10.0.10,,,443,37473,0,1358,17
1584503120.94821,173.194.187.70,10.10.0.10,,,443,37473,0,1358,17
1584503120.9538698,10.10.0.10,173.194.187.70,,,37473,443,0,37,17
1584503120.956487,10.10.0.10,173.194.187.70,,,37473,443,0,37,17
1584503120.956717,10.10.0.10,173.194.187.70,,,37473,443,0,37,17
1584503120.9590118,173.194.187.70,10.10.0.10,,,443,37473,0,1358,17
1584503120.9607162,10.10.0.10,173.194.187.70,,,37473,443,0,37,17
1584503120.963924,173.194.187.70,10.10.0.10,,,443,37473,0,1358,17
1584503120.9639769,173.194.187.70,10.10.0.10,,,443,37473,0,1358,17
1584503120.9668634,10.10.0.10,173.194.187.70,,,37473,443,0,37,17
1584503120.97179,173.194.187.70,10.10.0.10,,,443,37473,0,1358,17
1584503120.972162,173.194.187.70,10.10.0.10,,,443,37473,0,1358,17
1584503120.9766202,173.194.187.70,10.10.0.10,,,443,37473,0,1358,17
1584503120.976687,10.10.0.10,173.194.187.70,,,37473,443,0,50,17
1584503120.981078,173.194.187.70,10.10.0.10,,,443,37473,0,1358,17
1584503120.9833126,10.10.0.10,173.194.187.70,,,37473,443,0,37,17
1584503120.985527,173.194.187.70,10.10.0.10,,,443,37473,0,1358,17
1584503120.9899962,173.194.187.70,10.10.0.10,,,443,37473,0,1358,17
1584503120.9940932,10.10.0.10,173.194.187.70,,,37473,443,0,37,17
1584503120.9944348,173.194.187.70,10.10.0.10,,,443,37473,0,1358,17
1584503120.998892,173.194.187.70,10.10.0.10,,,443,37473,0,1358,17
1584503121.000592,10.10.0.10,173.194.187.70,,,37473,443,0,37,17
1584503121.0033581,173.194.187.70,10.10.0.10,,,443,37473,0,1358,17
1584503121.00782,173.194.187.70,10.10.0.10,,,443,37473,0,1358,17
1584503121.00984,10.10.0.10,173.194.187.70,,,37473,443,0,37,17
1584503121.0122552,173.194.187.70,10.10.0.10,,,443,37473,0,1358,17
1584503121.016714,173.194.187.70,10.10.0.10,,,443,37473,0,1358,17
1584503121.018734,10.10.0.10,173.194.187.70,,,37473,443,0,37,17
1584503121.0211706,173.194.187.70,10.10.0.10,,,443,37473,0,1358,17
1584503121.0256374,173.194.187.70,10.10.0.10,,,443,37473,0,1358,17
1584503121.0274868,10.10.0.10,173.194.187.70,,,37473,443,0,37,17
1584503121.0300796,173.194.187.70,10.10.0.10,,,443,37473,0,1358,17
1584503121.0345304,173.194.187.70,10.10.0.10,,,443,37473,0,1358,17
1584503121.0362349,10.10.0.10,173.194.187.70,,,37473,443,0,37,17
1584503121.039007,173.194.187.70,10.10.0.10,,,443,37473,0,1358,17
1584503121.043447,173.194.187.70,10.10.0.10,,,443,37473,0,1358,17
1584503121.0449562,10.10.0.10,173.194.187.70,,,37473,443,0,37,17
1584503121.047895,173.194.187.70,10.10.0.10,,,443,37473,0,1358,17
1584503121.052346,173.194.187.70,10.10.0.10,,,443,37473,0,1358,17
1584503121.0538616,10.10.0.10,173.194.187.70,,,37473,443,0,37,17
1584503121.056804,173.194.187.70,10.10.0.10,,,443,37473,0,1358,17
1584503121.0612602,173.194.187.70,10.10.0.10,,,443,37473,0,1358,17
1584503121.062839,10.10.0.10,173.194.187.70,,,37473,443,0,37,17
1584503121.0657132,173.194.187.70,10.10.0.10,,,443,37473,0,1358,17
1584503121.070167,173.194.187.70,10.10.0.10,,,443,37473,0,1358,17
1584503121.0718381,10.10.0.10,173.194.187.70,,,37473,443,0,37,17
1584503121.0746362,173.194.187.70,10.10.0.10,,,443,37473,0,1358,17
1584503121.0790758,173.194.187.70,10.10.0.10,,,443,37473,0,1358,17
1584503121.080983,10.10.0.10,173.194.187.70,,,37473,443,0,37,17
1584503121.0835302,173.194.187.70,10.10.0.10,,,443,37473,0,1358,17
1584503121.0879805,173.194.187.70,10.10.0.10,,,443,37473,0,1358,17
1584503121.090588,10.10.0.10,173.194.187.70,,,37473,443,0,37,17
1584503121.092435,173.194.187.70,10.10.0.10,,,443,37473,0,1358,17
1584503121.096893,173.194.187.70,10.10.0.10,,,443,37473,0,1358,17
1584503121.0991075,10.10.0.10,173.194.187.70,,,37473,443,0,37,17
1584503121.1013482,173.194.187.70,10.10.0.10,,,443,37473,0,1358,17
1584503121.1058042,173.194.187.70,10.10.0.10,,,443,37473,0,1358,17
1584503121.10783,10.10.0.10,173.194.187.70,,,37473,443,0,37,17
1584503121.1102588,173.194.187.70,10.10.0.10,,,443,37473,0,1358,17
1584503121.114711,173.194.187.70,10.10.0.10,,,443,37473,0,1358,17
1584503121.116483,10.10.0.10,173.194.187.70,,,37473,443,0,37,17
1584503121.1191652,173.194.187.70,10.10.0.10,,,443,37473,0,1358,17
1584503121.123634,173.194.187.70,10.10.0.10,,,443,37473,0,1358,17
1584503121.125605,10.10.0.10,173.194.187.70,,,37473,443,0,37,17
1584503121.1280696,173.194.187.70,10.10.0.10,,,443,37473,0,1358,17
1584503121.13253,173.194.187.70,10.10.0.10,,,443,37473,0,1358,17
1584503121.134982,10.10.0.10,173.194.187.70,,,37473,443,0,37,17
1584503121.137006,173.194.187.70,10.10.0.10,,,443,37473,0,1358,17
1584503121.1414435,173.194.187.70,10.10.0.10,,,443,37473,0,1358,17
1584503121.143586,10.10.0.10,173.194.187.70,,,37473,443,0,37,17
1584503121.1458929,173.194.187.70,10.10.0.10,,,443,37473,0,1358,17
1584503121.150352,173.194.187.70,10.10.0.10,,,443,37473,0,1358,17
1584503121.152086,10.10.0.10,173.194.187.70,,,37473,443,0,50,17
1584503121.1548188,173.194.187.70,10.10.0.10,,,443,37473,0,1358,17
1584503121.1592588,173.194.187.70,10.10.0.10,,,443,37473,0,1358,17
1584503121.1611052,10.10.0.10,173.194.187.70,,,37473,443,0,37,17
1584503121.1637099,173.194.187.70,10.10.0.10,,,443,37473,0,1358,17
1584503121.168159,173.194.187.70,10.10.0.10,,,443,37473,0,1358,17
1584503121.16972,10.10.0.10,173.194.187.70,,,37473,443,0,37,17
1584503121.172632,173.194.187.70,10.10.0.10,,,443,37473,0,1358,17
1584503121.177072,173.194.187.70,10.10.0.10,,,443,37473,0,1358,17
1584503121.179862,10.10.0.10,173.194.187.70,,,37473,443,0,37,17
1584503121.1815279,173.194.187.70,10.10.0.10,,,443,37473,0,1358,17
1584503121.186002,173.194.187.70,10.10.0.10,,,443,37473,0,1358,17
1584503121.1875858,10.10.0.10,173.194.187.70,,,37473,443,0,37,17
1584503121.1904442,173.194.187.70,10.10.0.10,,,443,37473,0,1358,17
1584503121.194885,173.194.187.70,10.10.0.10,,,443,37473,0,1358,17
1584503121.197232,10.10.0.10,173.194.187.70,,,37473,443,0,37,17
1584503121.199344,173.194.187.70,10.10.0.10,,,443,37473,0,29,17
1584503121.199538,173.194.187.70,10.10.0.10,,,443,37473,0,1358,17
1584503121.2039962,173.194.187.70,10.10.0.10,,,443,37473,0,1358,17
1584503121.20572,10.10.0.10,173.194.187.70,,,37473,443,0,37,17
1584503121.208455,173.194.187.70,10.10.0.10,,,443,37473,0,1358,17
1584503121.2129102,173.194.187.70,10.10.0.10,,,443,37473,0,1358,17
1584503121.214343,10.10.0.10,173.194.187.70,,,37473,443,0,37,17
1584503121.2173786,173.194.187.70,10.10.0.10,,,443,37473,0,1358,17
1584503121.221818,173.194.187.70,10.10.0.10,,,443,37473,0,1358,17
1584503121.2238538,10.10.0.10,173.194.187.70,,,37473,443,0,37,17
1584503121.226274,173.194.187.70,10.10.0.10,,,443,37473,0,1358,17
1584503121.2307544,173.194.187.70,10.10.0.10,,,443,37473,0,1358,17
1584503121.2323349,10.10.0.10,173.194.187.70,,,37473,443,0,37,17
1584503121.235192,173.194.187.70,10.10.0.10,,,443,37473,0,1358,17
1584503121.239631,173.194.187.70,10.10.0.10,,,443,37473,0,1358,17
1584503121.2422292,10.10.0.10,173.194.187.70,,,37473,443,0,37,17
1584503121.244085,173.194.187.70,10.10.0.10,,,443,37473,0,1358,17
1584503121.2485461,173.194.187.70,10.10.0.10,,,443,37473,0,1358,17
1584503121.250478,10.10.0.10,173.194.187.70,,,37473,443,0,37,17
1584503121.253006,173.194.187.70,10.10.0.10,,,443,37473,0,1358,17
1584503121.2574544,173.194.187.70,10.10.0.10,,,443,37473,0,1358,17
1584503121.259231,10.10.0.10,173.194.187.70,,,37473,443,0,37,17
1584503121.2619078,173.194.187.70,10.10.0.10,,,443,37473,0,1358,17
1584503121.266378,173.194.187.70,10.10.0.10,,,443,37473,0,1358,17
1584503121.2684786,10.10.0.10,173.194.187.70,,,37473,443,0,37,17
1584503121.270817,173.194.187.70,10.10.0.10,,,443,37473,0,1358,17
1584503121.2752712,173.194.187.70,10.10.0.10,,,443,37473,0,1358,17
1584503121.2768312,10.10.0.10,173.194.187.70,,,37473,443,0,37,17
1584503121.279727,173.194.187.70,10.10.0.10,,,443,37473,0,1358,17
1584503121.2841752,173.194.187.70,10.10.0.10,,,443,37473,0,1358,17
1584503121.2859626,10.10.0.10,173.194.187.70,,,37473,443,0,37,17
1584503121.2886348,173.194.187.70,10.10.0.10,,,443,37473,0,1358,17
1584503121.293087,173.194.187.70,10.10.0.10,,,443,37473,0,1358,17
1584503121.2947078,10.10.0.10,173.194.187.70,,,37473,443,0,37,17
1584503121.297542,173.194.187.70,10.10.0.10,,,443,37473,0,1358,17
1584503121.3020089,173.194.187.70,10.10.0.10,,,443,37473,0,1358,17
1584503121.3037262,10.10.0.10,173.194.187.70,,,37473,443,0,37,17
1584503121.3064532,173.194.187.70,10.10.0.10,,,443,37473,0,1358,17
1584503121.310908,173.194.187.70,10.10.0.10,,,443,37473,0,1358,17
1584503121.312458,10.10.0.10,173.194.187.70,,,37473,443,0,37,17
1584503121.315377,173.194.187.70,10.10.0.10,,,443,37473,0,1358,17
1584503121.319814,173.194.187.70,10.10.0.10,,,443,37473,0,1358,17
1584503121.3215802,10.10.0.10,173.194.187.70,,,37473,443,0,37,17
1584503121.324266,173.194.187.70,10.10.0.10,,,443,37473,0,1358,17
1584503121.328727,173.194.187.70,10.10.0.10,,,443,37473,0,1358,17
1584503121.330481,10.10.0.10,173.194.187.70,,,37473,443,0,50,17
1584503121.3331876,173.194.187.70,10.10.0.10,,,443,37473,0,1358,17
1584503121.337632,173.194.187.70,10.10.0.10,,,443,37473,0,1358,17
1584503121.33908,10.10.0.10,173.194.187.70,,,37473,443,0,37,17
1584503121.342088,173.194.187.70,10.10.0.10,,,443,37473,0,1358,17
1584503121.3465474,173.194.187.70,10.10.0.10,,,443,37473,0,1358,17
1584503121.348075,10.10.0.10,173.194.187.70,,,37473,443,0,37,17
1584503121.351003,173.194.187.70,10.10.0.10,,,443,37473,0,1358,17
1584503121.355449,173.194.187.70,10.10.0.10,,,443,37473,0,1358,17
1584503121.357081,10.10.0.10,173.194.187.70,,,37473,443,0,37,17
1584503121.3599038,173.194.187.70,10.10.0.10,,,443,37473,0,1358,17
1584503121.3643599,173.194.187.70,10.10.0.10,,,443,37473,0,1358,17
1584503121.365834,10.10.0.10,173.194.187.70,,,37473,443,0,37,17
1584503121.368814,173.194.187.70,10.10.0.10,,,443,37473,0,1358,17
1584503121.3732688,173.194.187.70,10.10.0.10,,,443,37473,0,1358,17
1584503121.374974,10.10.0.10,173.194.187.70,,,37473,443,0,37,17
1584503121.3777242,173.194.187.70,10.10.0.10,,,443,37473,0,1358,17
1584503121.382187,173.194.187.70,10.10.0.10,,,443,37473,0,1358,17
1584503121.3843546,10.10.0.10,173.194.187.70,,,37473,443,0,37,17
1584503121.386631,173.194.187.70,10.10.0.10,,,443,37473,0,1358,17
1584503121.3910851,173.194.187.70,10.10.0.10,,,443,37473,0,1358,17
1584503121.3934536,10.10.0.10,173.194.187.70,,,37473,443,0,37,17
1584503121.3955398,173.194.187.70,10.10.0.10,,,443,37473,0,1358,17
1584503121.39999,173.194.187.70,10.10.0.10,,,443,37473,0,1358,17
1584503121.401848,10.10.0.10,173.194.187.70,,,37473,443,0,37,17
1584503121.4044442,173.194.187.70,10.10.0.10,,,443,37473,0,1358,17
1584503121.408907,173.194.187.70,10.10.0.10,,,443,37473,0,1358,17
1584503121.412082,10.10.0.10,173.194.187.70,,,37473,443,0,37,17
1584503121.4133732,173.194.187.70,10.10.0.10,,,443,37473,0,1358,17
1584503121.4178119,173.194.187.70,10.10.0.10,,,443,37473,0,1358,17
1584503121.4194741,10.10.0.10,173.194.187.70,,,37473,443,0,37,17
1584503121.422266,173.194.187.70,10.10.0.10,,,443,37473,0,1358,17
1584503121.42672,173.194.187.70,10.10.0.10,,,443,37473,0,1358,17
1584503121.428208,10.10.0.10,173.194.187.70,,,37473,443,0,37,17
1584503121.431186,173.194.187.70,10.10.0.10,,,443,37473,0,1358,17
1584503121.435631,173.194.187.70,10.10.0.10,,,443,37473,0,1358,17
1584503121.4373481,10.10.0.10,173.194.187.70,,,37473,443,0,37,17
1584503121.440079,173.194.187.70,10.10.0.10,,,443,37473,0,1358,17
1584503121.444538,173.194.187.70,10.10.0.10,,,443,37473,0,1358,17
1584503121.44608,10.10.0.10,173.194.187.70,,,37473,443,0,37,17
1584503121.449,173.194.187.70,10.10.0.10,,,443,37473,0,1358,17
1584503121.453447,173.194.187.70,10.10.0.10,,,443,37473,0,1358,17
1584503121.454957,10.10.0.10,173.194.187.70,,,37473,443,0,37,17
1584503121.457901,173.194.187.70,10.10.0.10,,,443,37473,0,1358,17
1584503121.4623716,173.194.187.70,10.10.0.10,,,443,37473,0,1358,17
1584503121.4640784,10.10.0.10,173.194.187.70,,,37473,443,0,37,17
1584503121.46681,173.194.187.70,10.10.0.10,,,443,37473,0,1358,17
1584503121.471265,173.194.187.70,10.10.0.10,,,443,37473,0,1358,17
1584503121.472847,10.10.0.10,173.194.187.70,,,37473,443,0,37,17
1584503121.4757214,173.194.187.70,10.10.0.10,,,443,37473,0,1358,17
1584503121.4801679,173.194.187.70,10.10.0.10,,,443,37473,0,1358,17
1584503121.4820776,10.10.0.10,173.194.187.70,,,37473,443,0,37,17
1584503121.4846275,173.194.187.70,10.10.0.10,,,443,37473,0,1358,17
1584503121.4890811,173.194.187.70,10.10.0.10,,,443,37473,0,1358,17
1584503121.4905958,10.10.0.10,173.194.187.70,,,37473,443,0,37,17
1584503121.493536,173.194.187.70,10.10.0.10,,,443,37473,0,1358,17
1584503121.4979868,173.194.187.70,10.10.0.10,,,443,37473,0,1358,17
1584503121.499976,10.10.0.10,173.194.187.70,,,37473,443,0,37,17
1584503121.5024445,173.194.187.70,10.10.0.10,,,443,37473,0,1358,17
1584503121.5068989,173.194.187.70,10.10.0.10,,,443,37473,0,1358,17
1584503121.51008,10.10.0.10,173.194.187.70,,,37473,443,0,50,17
1584503121.5113714,173.194.187.70,10.10.0.10,,,443,37473,0,1358,17
1584503121.515809,173.194.187.70,10.10.0.10,,,443,37473,0,1358,17
1584503121.517473,10.10.0.10,173.194.187.70,,,37473,443,0,37,17
1584503121.520261,173.194.187.70,10.10.0.10,,,443,37473,0,1358,17
1584503121.524719,173.194.187.70,10.10.0.10,,,443,37473,0,1358,17
1584503121.526705,10.10.0.10,173.194.187.70,,,37473,443,0,37,17
1584503121.5291831,173.194.187.70,10.10.0.10,,,443,37473,0,1358,17
1584503121.5336258,173.194.187.70,10.10.0.10,,,443,37473,0,1358,17
1584503121.535076,10.10.0.10,173.194.187.70,,,37473,443,0,37,17
1584503121.53808,173.194.187.70,10.10.0.10,,,443,37473,0,1358,17
1584503121.542535,173.194.187.70,10.10.0.10,,,443,37473,0,1358,17
1584503121.544575,10.10.0.10,173.194.187.70,,,37473,443,0,37,17
1584503121.5469882,173.194.187.70,10.10.0.10,,,443,37473,0,1358,17
1584503121.5514438,173.194.187.70,10.10.0.10,,,443,37473,0,1358,17
1584503121.5530748,10.10.0.10,173.194.187.70,,,37473,443,0,37,17
1584503121.5558946,173.194.187.70,10.10.0.10,,,443,37473,0,1358,17
1584503121.560353,173.194.187.70,10.10.0.10,,,443,37473,0,1358,17
1584503121.562221,10.10.0.10,173.194.187.70,,,37473,443,0,37,17
1584503121.564807,173.194.187.70,10.10.0.10,,,443,37473,0,1358,17
1584503121.569262,173.194.187.70,10.10.0.10,,,443,37473,0,1358,17
1584503121.570823,10.10.0.10,173.194.187.70,,,37473,443,0,37,17
1584503121.5737169,173.194.187.70,10.10.0.10,,,443,37473,0,1358,17
1584503121.578181,173.194.187.70,10.10.0.10,,,443,37473,0,1358,17
1584503121.5798461,10.10.0.10,173.194.187.70,,,37473,443,0,37,17
1584503121.582625,173.194.187.70,10.10.0.10,,,443,37473,0,1358,17
1584503121.5870788,173.194.187.70,10.10.0.10,,,443,37473,0,1358,17
1584503121.588844,10.10.0.10,173.194.187.70,,,37473,443,0,37,17
1584503121.5915332,173.194.187.70,10.10.0.10,,,443,37473,0,1358,17
1584503121.595984,173.194.187.70,10.10.0.10,,,443,37473,0,1358,17
1584503121.597574,10.10.0.10,173.194.187.70,,,37473,443,0,37,17
1584503121.6004438,173.194.187.70,10.10.0.10,,,443,37473,0,1358,17
1584503121.604896,173.194.187.70,10.10.0.10,,,443,37473,0,1358,17
1584503121.6064675,10.10.0.10,173.194.187.70,,,37473,443,0,37,17
1584503121.60935,173.194.187.70,10.10.0.10,,,443,37473,0,1358,17
1584503121.613806,173.194.187.70,10.10.0.10,,,443,37473,0,1358,17
1584503121.616824,10.10.0.10,173.194.187.70,,,37473,443,0,37,17
1584503121.61826,173.194.187.70,10.10.0.10,,,443,37473,0,1358,17
1584503121.622715,173.194.187.70,10.10.0.10,,,443,37473,0,1358,17
1584503121.6243222,10.10.0.10,173.194.187.70,,,37473,443,0,37,17
1584503121.62718,173.194.187.70,10.10.0.10,,,443,37473,0,1358,17
1584503121.631623,173.194.187.70,10.10.0.10,,,443,37473,0,1358,17
1584503121.633064,10.10.0.10,173.194.187.70,,,37473,443,0,37,17
1584503121.6360722,173.194.187.70,10.10.0.10,,,443,37473,0,1358,17
1584503121.6405349,173.194.187.70,10.10.0.10,,,443,37473,0,1358,17
1584503121.6423225,10.10.0.10,173.194.187.70,,,37473,443,0,37,17
1584503121.644994,173.194.187.70,10.10.0.10,,,443,37473,0,1358,17
1584503121.649441,173.194.187.70,10.10.0.10,,,443,37473,0,1358,17
1584503121.651072,10.10.0.10,173.194.187.70,,,37473,443,0,37,17
1584503121.6538901,173.194.187.70,10.10.0.10,,,443,37473,0,1358,17
1584503121.658344,173.194.187.70,10.10.0.10,,,443,37473,0,1358,17
1584503121.6601741,10.10.0.10,173.194.187.70,,,37473,443,0,37,17
1584503121.662803,173.194.187.70,10.10.0.10,,,443,37473,0,1358,17
1584503121.667258,173.194.187.70,10.10.0.10,,,443,37473,0,1358,17
1584503121.669092,10.10.0.10,173.194.187.70,,,37473,443,0,37,17
1584503121.6717136,173.194.187.70,10.10.0.10,,,443,37473,0,1358,17
1584503121.676162,173.194.187.70,10.10.0.10,,,443,37473,0,1358,17
1584503121.6776989,10.10.0.10,173.194.187.70,,,37473,443,0,37,17
1584503121.6806169,173.194.187.70,10.10.0.10,,,443,37473,0,1358,17
1584503121.6850774,173.194.187.70,10.10.0.10,,,443,37473,0,1358,17
1584503121.68695,10.10.0.10,173.194.187.70,,,37473,443,0,50,17
1584503121.6895301,173.194.187.70,10.10.0.10,,,443,37473,0,1358,17
1584503121.6939962,173.194.187.70,10.10.0.10,,,443,37473,0,1358,17
1584503121.69557,10.10.0.10,173.194.187.70,,,37473,443,0,37,17
1584503121.6984382,173.194.187.70,10.10.0.10,,,443,37473,0,1358,17
1584503121.702894,173.194.187.70,10.10.0.10,,,443,37473,0,1358,17
1584503121.7047038,10.10.0.10,173.194.187.70,,,37473,443,0,37,17
1584503121.707365,173.194.187.70,10.10.0.10,,,443,37473,0,1358,17
1584503121.711801,173.194.187.70,10.10.0.10,,,443,37473,0,1358,17
1584503121.716253,173.194.187.70,10.10.0.10,,,443,37473,0,1358,17
1584503121.7163134,10.10.0.10,173.194.187.70,,,37473,443,0,37,17
1584503121.720711,173.194.187.70,10.10.0.10,,,443,37473,0,1358,17
1584503121.72234,10.10.0.10,173.194.187.70,,,37473,443,0,37,17
1584503121.725177,173.194.187.70,10.10.0.10,,,443,37473,0,1358,17
1584503121.7296195,173.194.187.70,10.10.0.10,,,443,37473,0,1358,17
1584503121.7311964,10.10.0.10,173.194.187.70,,,37473,443,0,37,17
1584503121.7340748,173.194.187.70,10.10.0.10,,,443,37473,0,1358,17
1584503121.738528,173.194.187.70,10.10.0.10,,,443,37473,0,1358,17
1584503121.73997,10.10.0.10,173.194.187.70,,,37473,443,0,37,17
1584503121.7429929,173.194.187.70,10.10.0.10,,,443,37473,0,1358,17
1584503121.7474372,173.194.187.70,10.10.0.10,,,443,37473,0,1358,17
1584503121.748919,10.10.0.10,173.194.187.70,,,37473,443,0,37,17
1584503121.751893,173.194.187.70,10.10.0.10,,,443,37473,0,1358,17
1584503121.756349,173.194.187.70,10.10.0.10,,,443,37473,0,1358,17
1584503121.7585714,10.10.0.10,173.194.187.70,,,37473,443,0,37,17
1584503121.760799,173.194.187.70,10.10.0.10,,,443,37473,0,1358,17
1584503121.765255,173.194.187.70,10.10.0.10,,,443,37473,0,1358,17
1584503121.766841,10.10.0.10,173.194.187.70,,,37473,443,0,37,17
1584503121.76971,173.194.187.70,10.10.0.10,,,443,37473,0,1358,17
1584503121.774175,173.194.187.70,10.10.0.10,,,443,37473,0,1358,17
1584503121.7758179,10.10.0.10,173.194.187.70,,,37473,443,0,37,17
1584503121.7786188,173.194.187.70,10.10.0.10,,,443,37473,0,1358,17
1584503121.783073,173.194.187.70,10.10.0.10,,,443,37473,0,1358,17
1584503121.784683,10.10.0.10,173.194.187.70,,,37473,443,0,37,17
1584503121.787529,173.194.187.70,10.10.0.10,,,443,37473,0,1358,17
1584503121.791976,173.194.187.70,10.10.0.10,,,443,37473,0,1358,17
1584503121.794792,10.10.0.10,173.194.187.70,,,37473,443,0,37,17
1584503121.796434,173.194.187.70,10.10.0.10,,,443,37473,0,1358,17
1584503121.8008852,173.194.187.70,10.10.0.10,,,443,37473,0,1358,17
1584503121.8024359,10.10.0.10,173.194.187.70,,,37473,443,0,37,17
1584503121.8053381,173.194.187.70,10.10.0.10,,,443,37473,0,1358,17
1584503121.809795,173.194.187.70,10.10.0.10,,,443,37473,0,1358,17
1584503121.811463,10.10.0.10,173.194.187.70,,,37473,443,0,37,17
1584503121.8142474,173.194.187.70,10.10.0.10,,,443,37473,0,1358,17
1584503121.8187199,173.194.187.70,10.10.0.10,,,443,37473,0,1358,17
1584503121.8216932,10.10.0.10,173.194.187.70,,,37473,443,0,37,17
1584503121.823156,173.194.187.70,10.10.0.10,,,443,37473,0,1358,17
1584503121.827609,173.194.187.70,10.10.0.10,,,443,37473,0,1358,17
1584503121.829405,10.10.0.10,173.194.187.70,,,37473,443,0,37,17
1584503121.8320632,173.194.187.70,10.10.0.10,,,443,37473,0,1358,17
1584503121.836515,173.194.187.70,10.10.0.10,,,443,37473,0,1358,17
1584503121.8380196,10.10.0.10,173.194.187.70,,,37473,443,0,37,17
1584503121.8409722,173.194.187.70,10.10.0.10,,,443,37473,0,1358,17
1584503121.8454278,173.194.187.70,10.10.0.10,,,443,37473,0,1358,17
1584503121.847211,10.10.0.10,173.194.187.70,,,37473,443,0,37,17
1584503121.8498929,173.194.187.70,10.10.0.10,,,443,37473,0,1358,17
1584503121.8543608,173.194.187.70,10.10.0.10,,,443,37473,0,1358,17
1584503121.858798,173.194.187.70,10.10.0.10,,,443,37473,0,1358,17
1584503121.858945,10.10.0.10,173.194.187.70,,,37473,443,0,37,17
1584503121.8632526,173.194.187.70,10.10.0.10,,,443,37473,0,1358,17
1584503121.865191,10.10.0.10,173.194.187.70,,,37473,443,0,50,17
1584503121.8677092,173.194.187.70,10.10.0.10,,,443,37473,0,1358,17
1584503121.8721552,173.194.187.70,10.10.0.10,,,443,37473,0,1358,17
1584503121.87392,10.10.0.10,173.194.187.70,,,37473,443,0,37,17
1584503121.876614,173.194.187.70,10.10.0.10,,,443,37473,0,1358,17
1584503121.8810642,173.194.187.70,10.10.0.10,,,443,37473,0,1358,17
1584503121.8830588,10.10.0.10,173.194.187.70,,,37473,443,0,37,17
1584503121.8855162,173.194.187.70,10.10.0.10,,,443,37473,0,1358,17
1584503121.8899715,173.194.187.70,10.10.0.10,,,443,37473,0,29,17
1584503121.890168,173.194.187.70,10.10.0.10,,,443,37473,0,1358,17
1584503121.892192,10.10.0.10,173.194.187.70,,,37473,443,0,37,17
1584503121.894629,173.194.187.70,10.10.0.10,,,443,37473,0,1358,17
1584503121.8991,173.194.187.70,10.10.0.10,,,443,37473,0,1358,17
1584503121.9008338,10.10.0.10,173.194.187.70,,,37473,443,0,37,17
1584503121.903538,173.194.187.70,10.10.0.10,,,443,37473,0,1358,17
1584503121.907992,173.194.187.70,10.10.0.10,,,443,37473,0,1358,17
1584503121.9109464,10.10.0.10,173.194.187.70,,,37473,443,0,37,17
1584503121.9124491,173.194.187.70,10.10.0.10,,,443,37473,0,1358,17
1584503121.916919,173.194.187.70,10.10.0.10,,,443,37473,0,1358,17
1584503121.9196491,10.10.0.10,173.194.187.70,,,37473,443,0,37,17
1584503121.9213636,173.194.187.70,10.10.0.10,,,443,37473,0,1358,17
1584503121.925815,173.194.187.70,10.10.0.10,,,443,37473,0,1358,17
1584503121.9279492,10.10.0.10,173.194.187.70,,,37473,443,0,37,17
1584503121.930272,173.194.187.70,10.10.0.10,,,443,37473,0,1358,17
1584503121.9347188,173.194.187.70,10.10.0.10,,,443,37473,0,1358,17
1584503121.936285,10.10.0.10,173.194.187.70,,,37473,443,0,37,17
1584503121.9391732,173.194.187.70,10.10.0.10,,,443,37473,0,1358,17
1584503121.943626,173.194.187.70,10.10.0.10,,,443,37473,0,1358,17
1584503121.945677,10.10.0.10,173.194.187.70,,,37473,443,0,37,17
1584503121.948081,173.194.187.70,10.10.0.10,,,443,37473,0,1358,17
1584503121.9525352,173.194.187.70,10.10.0.10,,,443,37473,0,1358,17
1584503121.954587,10.10.0.10,173.194.187.70,,,37473,443,0,37,17
1584503121.95699,173.194.187.70,10.10.0.10,,,443,37473,0,1358,17
1584503121.9614446,173.194.187.70,10.10.0.10,,,443,37473,0,1358,17
1584503121.963063,10.10.0.10,173.194.187.70,,,37473,443,0,37,17
1584503121.9659214,173.194.187.70,10.10.0.10,,,443,37473,0,1358,17
1584503121.97036,173.194.187.70,10.10.0.10,,,443,37473,0,1358,17
1584503121.972457,10.10.0.10,173.194.187.70,,,37473,443,0,37,17
1584503121.97481,173.194.187.70,10.10.0.10,,,443,37473,0,1358,17
1584503121.979269,173.194.187.70,10.10.0.10,,,443,37473,0,1358,17
1584503121.981409,10.10.0.10,173.194.187.70,,,37473,443,0,37,17
1584503121.9837198,173.194.187.70,10.10.0.10,,,443,37473,0,1358,17
1584503121.988173,173.194.187.70,10.10.0.10,,,443,37473,0,1358,17
1584503121.989657,10.10.0.10,173.194.187.70,,,37473,443,0,37,17
1584503121.992627,173.194.187.70,10.10.0.10,,,443,37473,0,1358,17
1584503121.9970784,173.194.187.70,10.10.0.10,,,443,37473,0,1358,17
1584503121.9985628,10.10.0.10,173.194.187.70,,,37473,443,0,37,17
1584503122.001533,173.194.187.70,10.10.0.10,,,443,37473,0,1358,17
1584503122.005989,173.194.187.70,10.10.0.10,,,443,37473,0,1358,17
1584503122.008311,10.10.0.10,173.194.187.70,,,37473,443,0,37,17
1584503122.010443,173.194.187.70,10.10.0.10,,,443,37473,0,1358,17
1584503122.0149019,173.194.187.70,10.10.0.10,,,443,37473,0,1358,17
1584503122.016438,10.10.0.10,173.194.187.70,,,37473,443,0,37,17
1584503122.0193632,173.194.187.70,10.10.0.10,,,443,37473,0,1358,17
1584503122.0238118,173.194.187.70,10.10.0.10,,,443,37473,0,1358,17
1584503122.027154,10.10.0.10,173.194.187.70,,,37473,443,0,37,17
1584503122.028265,173.194.187.70,10.10.0.10,,,443,37473,0,1358,17
1584503122.0327182,173.194.187.70,10.10.0.10,,,443,37473,0,1358,17
1584503122.0344062,10.10.0.10,173.194.187.70,,,37473,443,0,37,17
1584503122.0371716,173.194.187.70,10.10.0.10,,,443,37473,0,1358,17
1584503122.041628,173.194.187.70,10.10.0.10,,,443,37473,0,1358,17
1584503122.0431821,10.10.0.10,173.194.187.70,,,37473,443,0,50,17
1584503122.0460794,173.194.187.70,10.10.0.10,,,443,37473,0,1358,17
1584503122.050543,173.194.187.70,10.10.0.10,,,443,37473,0,1358,17
1584503122.052309,10.10.0.10,173.194.187.70,,,37473,443,0,37,17
1584503122.054993,173.194.187.70,10.10.0.10,,,443,37473,0,1358,17
1584503122.0594509,173.194.187.70,10.10.0.10,,,443,37473,0,1358,17
1584503122.061425,10.10.0.10,173.194.187.70,,,37473,443,0,37,17
1584503122.0638988,173.194.187.70,10.10.0.10,,,443,37473,0,1358,17
1584503122.068352,173.194.187.70,10.10.0.10,,,443,37473,0,1358,17
1584503122.069924,10.10.0.10,173.194.187.70,,,37473,443,0,37,17
1584503122.072807,173.194.187.70,10.10.0.10,,,443,37473,0,1358,17
1584503122.077265,173.194.187.70,10.10.0.10,,,443,37473,0,1358,17
1584503122.078812,10.10.0.10,173.194.187.70,,,37473,443,0,37,17
1584503122.0817351,173.194.187.70,10.10.0.10,,,443,37473,0,1358,17
1584503122.0861714,173.194.187.70,10.10.0.10,,,443,37473,0,1358,17
1584503122.08783,10.10.0.10,173.194.187.70,,,37473,443,0,37,17
1584503122.090632,173.194.187.70,10.10.0.10,,,443,37473,0,1358,17
1584503122.0950818,173.194.187.70,10.10.0.10,,,443,37473,0,1358,17
1584503122.096934,10.10.0.10,173.194.187.70,,,37473,443,0,37,17
1584503122.099542,173.194.187.70,10.10.0.10,,,443,37473,0,1358,17
1584503122.103986,173.194.187.70,10.10.0.10,,,443,37473,0,1358,17
1584503122.106078,10.10.0.10,173.194.187.70,,,37473,443,0,37,17
1584503122.1084418,173.194.187.70,10.10.0.10,,,443,37473,0,1358,17
1584503122.1129158,173.194.187.70,10.10.0.10,,,443,37473,0,1358,17
1584503122.114954,10.10.0.10,173.194.187.70,,,37473,443,0,37,17
1584503122.117358,173.194.187.70,10.10.0.10,,,443,37473,0,1358,17
1584503122.12181,173.194.187.70,10.10.0.10,,,443,37473,0,1358,17
1584503122.124426,10.10.0.10,173.194.187.70,,,37473,443,0,37,17
1584503122.126258,173.194.187.70,10.10.0.10,,,443,37473,0,1358,17
1584503122.130732,173.194.187.70,10.10.0.10,,,443,37473,0,1358,17
1584503122.1324532,10.10.0.10,173.194.187.70,,,37473,443,0,37,17
1584503122.1351712,173.194.187.70,10.10.0.10,,,443,37473,0,1358,17
1584503122.1396284,173.194.187.70,10.10.0.10,,,443,37473,0,1358,17
1584503122.141807,10.10.0.10,173.194.187.70,,,37473,443,0,37,17
1584503122.1440759,173.194.187.70,10.10.0.10,,,443,37473,0,1358,17
1584503122.1485405,173.194.187.70,10.10.0.10,,,443,37473,0,1358,17
1584503122.1500509,10.10.0.10,173.194.187.70,,,37473,443,0,37,17
1584503122.1529891,173.194.187.70,10.10.0.10,,,443,37473,0,1358,17
1584503122.1574454,173.194.187.70,10.10.0.10,,,443,37473,0,1358,17
1584503122.1592038,10.10.0.10,173.194.187.70,,,37473,443,0,37,17
1584503122.1619134,173.194.187.70,10.10.0.10,,,443,37473,0,1358,17
1584503122.16636,173.194.187.70,10.10.0.10,,,443,37473,0,1358,17
1584503122.1679492,10.10.0.10,173.194.187.70,,,37473,443,0,37,17
1584503122.1708071,173.194.187.70,10.10.0.10,,,443,37473,0,1358,17
1584503122.1752632,173.194.187.70,10.10.0.10,,,443,37473,0,1358,17
1584503122.1769538,10.10.0.10,173.194.187.70,,,37473,443,0,37,17
1584503122.1797318,173.194.187.70,10.10.0.10,,,443,37473,0,1358,17
1584503122.184165,173.194.187.70,10.10.0.10,,,443,37473,0,1358,17
1584503122.1861882,10.10.0.10,173.194.187.70,,,37473,443,0,37,17
1584503122.1886249,173.194.187.70,10.10.0.10,,,443,37473,0,1358,17
1584503122.1930988,173.194.187.70,10.10.0.10,,,443,37473,0,1358,17
1584503122.195182,10.10.0.10,173.194.187.70,,,37473,443,0,37,17
1584503122.1975384,173.194.187.70,10.10.0.10,,,443,37473,0,1358,17
1584503122.201983,173.194.187.70,10.10.0.10,,,443,37473,0,1358,17
1584503122.2038062,10.10.0.10,173.194.187.70,,,37473,443,0,37,17
1584503122.2064366,173.194.187.70,10.10.0.10,,,443,37473,0,1358,17
1584503122.2108989,173.194.187.70,10.10.0.10,,,443,37473,0,1358,17
1584503122.215346,173.194.187.70,10.10.0.10,,,443,37473,0,1358,17
1584503122.219801,173.194.187.70,10.10.0.10,,,443,37473,0,1358,17
1584503122.224261,173.194.187.70,10.10.0.10,,,443,37473,0,1358,17
1584503122.228733,173.194.187.70,10.10.0.10,,,443,37473,0,1358,17
1584503122.233166,173.194.187.70,10.10.0.10,,,443,37473,0,1358,17
1584503122.238934,10.10.0.10,173.194.187.70,,,37473,443,0,37,17
1584503122.239305,10.10.0.10,173.194.187.70,,,37473,443,0,50,17
1584503122.239945,10.10.0.10,173.194.187.70,,,37473,443,0,37,17
1584503122.245018,173.194.187.70,10.10.0.10,,,443,37473,0,1358,17
1584503122.2450528,173.194.187.70,10.10.0.10,,,443,37473,0,1358,17
1584503122.2469301,10.10.0.10,173.194.187.70,,,37473,443,0,37,17
1584503122.254183,173.194.187.70,10.10.0.10,,,443,37473,0,1358,17
1584503122.2542202,173.194.187.70,10.10.0.10,,,443,37473,0,1358,17
1584503122.255786,10.10.0.10,173.194.187.70,,,37473,443,0,37,17
1584503122.26396,173.194.187.70,10.10.0.10,,,443,37473,0,1358,17
1584503122.2640038,173.194.187.70,10.10.0.10,,,443,37473,0,1358,17
1584503122.265948,10.10.0.10,173.194.187.70,,,37473,443,0,37,17
1584503122.270983,173.194.187.70,10.10.0.10,,,443,37473,0,1358,17
1584503122.272224,173.194.187.70,10.10.0.10,,,443,37473,0,1358,17
1584503122.2728028,10.10.0.10,173.194.187.70,,,37473,443,0,37,17
1584503122.280967,173.194.187.70,10.10.0.10,,,443,37473,0,1358,17
1584503122.281111,173.194.187.70,10.10.0.10,,,443,37473,0,1358,17
1584503122.282562,10.10.0.10,173.194.187.70,,,37473,443,0,37,17
1584503122.2876372,173.194.187.70,10.10.0.10,,,443,37473,0,1358,17
1584503122.289574,10.10.0.10,173.194.187.70,,,37473,443,0,37,17
1584503122.290025,173.194.187.70,10.10.0.10,,,443,37473,0,1358,17
1584503122.294482,173.194.187.70,10.10.0.10,,,443,37473,0,1358,17
1584503122.2960515,10.10.0.10,173.194.187.70,,,37473,443,0,37,17
1584503122.298944,173.194.187.70,10.10.0.10,,,443,37473,0,1358,17
1584503122.303393,173.194.187.70,10.10.0.10,,,443,37473,0,1358,17
1584503122.3049474,10.10.0.10,173.194.187.70,,,37473,443,0,37,17
1584503122.3078508,173.194.187.70,10.10.0.10,,,443,37473,0,1358,17
1584503122.3123012,173.194.187.70,10.10.0.10,,,443,37473,0,1358,17
1584503122.31417,10.10.0.10,173.194.187.70,,,37473,443,0,37,17
1584503122.31676,173.194.187.70,10.10.0.10,,,443,37473,0,1358,17
1584503122.321226,173.194.187.70,10.10.0.10,,,443,37473,0,1358,17
1584503122.3233216,10.10.0.10,173.194.187.70,,,37473,443,0,37,17
1584503122.3256679,173.194.187.70,10.10.0.10,,,443,37473,0,1358,17
1584503122.3301196,173.194.187.70,10.10.0.10,,,443,37473,0,1358,17
1584503122.3320534,10.10.0.10,173.194.187.70,,,37473,443,0,37,17
1584503122.3345714,173.194.187.70,10.10.0.10,,,443,37473,0,1358,17
1584503122.339025,173.194.187.70,10.10.0.10,,,443,37473,0,1358,17
1584503122.341704,10.10.0.10,173.194.187.70,,,37473,443,0,37,17
1584503122.343481,173.194.187.70,10.10.0.10,,,443,37473,0,1358,17
1584503122.3479376,173.194.187.70,10.10.0.10,,,443,37473,0,1358,17
1584503122.349447,10.10.0.10,173.194.187.70,,,37473,443,0,37,17
1584503122.35239,173.194.187.70,10.10.0.10,,,443,37473,0,1358,17
1584503122.356849,173.194.187.70,10.10.0.10,,,443,37473,0,1358,17
1584503122.3592,10.10.0.10,173.194.187.70,,,37473,443,0,37,17
1584503122.3613029,173.194.187.70,10.10.0.10,,,443,37473,0,1358,17
1584503122.365754,173.194.187.70,10.10.0.10,,,443,37473,0,1358,17
1584503122.3676775,10.10.0.10,173.194.187.70,,,37473,443,0,37,17
1584503122.3702214,173.194.187.70,10.10.0.10,,,443,37473,0,1358,17
1584503122.3746624,173.194.187.70,10.10.0.10,,,443,37473,0,1358,17
1584503122.376195,10.10.0.10,173.194.187.70,,,37473,443,0,37,17
1584503122.3791199,173.194.187.70,10.10.0.10,,,443,37473,0,1358,17
1584503122.383569,173.194.187.70,10.10.0.10,,,443,37473,0,1358,17
1584503122.3856778,10.10.0.10,173.194.187.70,,,37473,443,0,37,17
1584503122.3880339,173.194.187.70,10.10.0.10,,,443,37473,0,1358,17
1584503122.3924801,173.194.187.70,10.10.0.10,,,443,37473,0,1358,17
1584503122.3939302,10.10.0.10,173.194.187.70,,,37473,443,0,37,17
1584503122.396934,173.194.187.70,10.10.0.10,,,443,37473,0,1358,17
1584503122.4013882,173.194.187.70,10.10.0.10,,,443,37473,0,1358,17
1584503122.40305,10.10.0.10,173.194.187.70,,,37473,443,0,50,17
1584503122.405838,173.194.187.70,10.10.0.10,,,443,37473,0,1358,17
1584503122.4103012,173.194.187.70,10.10.0.10,,,443,37473,0,1358,17
1584503122.4118204,10.10.0.10,173.194.187.70,,,37473,443,0,37,17
1584503122.414752,173.194.187.70,10.10.0.10,,,443,37473,0,1358,17
1584503122.4192188,173.194.187.70,10.10.0.10,,,443,37473,0,1358,17
1584503122.420799,10.10.0.10,173.194.187.70,,,37473,443,0,37,17
1584503122.4236612,173.194.187.70,10.10.0.10,,,443,37473,0,1358,17
1584503122.4281142,173.194.187.70,10.10.0.10,,,443,37473,0,1358,17
1584503122.4295518,10.10.0.10,173.194.187.70,,,37473,443,0,37,17
1584503122.432568,173.194.187.70,10.10.0.10,,,443,37473,0,1358,17
1584503122.437032,173.194.187.70,10.10.0.10,,,443,37473,0,1358,17
1584503122.4387991,10.10.0.10,173.194.187.70,,,37473,443,0,37,17
1584503122.441478,173.194.187.70,10.10.0.10,,,443,37473,0,1358,17
1584503122.4459321,173.194.187.70,10.10.0.10,,,443,37473,0,1358,17
1584503122.447424,10.10.0.10,173.194.187.70,,,37473,443,0,37,17
1584503122.4503868,173.194.187.70,10.10.0.10,,,443,37473,0,1358,17
1584503122.4548461,173.194.187.70,10.10.0.10,,,443,37473,0,1358,17
1584503122.456423,10.10.0.10,173.194.187.70,,,37473,443,0,37,17
1584503122.459296,173.194.187.70,10.10.0.10,,,443,37473,0,1358,17
1584503122.46375,173.194.187.70,10.10.0.10,,,443,37473,0,1358,17
1584503122.4658,10.10.0.10,173.194.187.70,,,37473,443,0,37,17
1584503122.468199,173.194.187.70,10.10.0.10,,,443,37473,0,1358,17
1584503122.4726598,173.194.187.70,10.10.0.10,,,443,37473,0,1358,17
1584503122.4759321,10.10.0.10,173.194.187.70,,,37473,443,0,37,17
1584503122.4771152,173.194.187.70,10.10.0.10,,,443,37473,0,1358,17
1584503122.4815662,173.194.187.70,10.10.0.10,,,443,37473,0,1358,17
1584503122.483047,10.10.0.10,173.194.187.70,,,37473,443,0,37,17
1584503122.48603,173.194.187.70,10.10.0.10,,,443,37473,0,1358,17
1584503122.490478,173.194.187.70,10.10.0.10,,,443,37473,0,1358,17
1584503122.492174,10.10.0.10,173.194.187.70,,,37473,443,0,37,17
1584503122.494928,173.194.187.70,10.10.0.10,,,443,37473,0,1358,17
1584503122.4993882,173.194.187.70,10.10.0.10,,,443,37473,0,1358,17
1584503122.500782,10.10.0.10,173.194.187.70,,,37473,443,0,37,17
1584503122.5038452,173.194.187.70,10.10.0.10,,,443,37473,0,1358,17
1584503122.5082898,173.194.187.70,10.10.0.10,,,443,37473,0,1358,17
1584503122.509786,10.10.0.10,173.194.187.70,,,37473,443,0,37,17
1584503122.5127482,173.194.187.70,10.10.0.10,,,443,37473,0,1358,17
1584503122.517217,173.194.187.70,10.10.0.10,,,443,37473,0,1358,17
1584503122.518816,10.10.0.10,173.194.187.70,,,37473,443,0,37,17
1584503122.5216599,173.194.187.70,10.10.0.10,,,443,37473,0,1358,17
1584503122.5261116,173.194.187.70,10.10.0.10,,,443,37473,0,1358,17
1584503122.5276911,10.10.0.10,173.194.187.70,,,37473,443,0,37,17
1584503122.530565,173.194.187.70,10.10.0.10,,,443,37473,0,1358,17
1584503122.5350294,173.194.187.70,10.10.0.10,,,443,37473,0,1358,17
1584503122.5384214,10.10.0.10,173.194.187.70,,,37473,443,0,37,17
1584503122.539476,173.194.187.70,10.10.0.10,,,443,37473,0,1358,17
1584503122.5439384,173.194.187.70,10.10.0.10,,,443,37473,0,1358,17
1584503122.545671,10.10.0.10,173.194.187.70,,,37473,443,0,37,17
1584503122.5483892,173.194.187.70,10.10.0.10,,,443,37473,0,1358,17
1584503122.5528429,173.194.187.70,10.10.0.10,,,443,37473,0,1358,17
1584503122.5544198,10.10.0.10,173.194.187.70,,,37473,443,0,37,17
1584503122.5572932,173.194.187.70,10.10.0.10,,,443,37473,0,1358,17
1584503122.5617466,173.194.187.70,10.10.0.10,,,443,37473,0,1358,17
1584503122.566215,173.194.187.70,10.10.0.10,,,443,37473,0,1358,17
1584503122.5690696,10.10.0.10,173.194.187.70,,,37473,443,0,37,17
1584503122.570657,173.194.187.70,10.10.0.10,,,443,37473,0,1358,17
1584503122.572295,10.10.0.10,173.194.187.70,,,37473,443,0,37,17
1584503122.575115,173.194.187.70,10.10.0.10,,,443,37473,0,1358,17
1584503122.5795634,173.194.187.70,10.10.0.10,,,443,37473,0,1358,17
1584503122.58119,10.10.0.10,173.194.187.70,,,37473,443,0,50,17
1584503122.5840142,173.194.187.70,10.10.0.10,,,443,37473,0,1358,17
1584503122.5884724,173.194.187.70,10.10.0.10,,,443,37473,0,1358,17
1584503122.589911,10.10.0.10,173.194.187.70,,,37473,443,0,37,17
1584503122.592929,173.194.187.70,10.10.0.10,,,443,37473,0,1358,17
1584503122.597382,173.194.187.70,10.10.0.10,,,443,37473,0,1358,17
1584503122.5992944,10.10.0.10,173.194.187.70,,,37473,443,0,37,17
1584503122.601842,173.194.187.70,10.10.0.10,,,443,37473,0,1358,17
1584503122.6062908,173.194.187.70,10.10.0.10,,,443,37473,0,1358,17
1584503122.6081884,10.10.0.10,173.194.187.70,,,37473,443,0,37,17
1584503122.610748,173.194.187.70,10.10.0.10,,,443,37473,0,1358,17
1584503122.615214,173.194.187.70,10.10.0.10,,,443,37473,0,1358,17
1584503122.6169386,10.10.0.10,173.194.187.70,,,37473,443,0,37,17
1584503122.619658,173.194.187.70,10.10.0.10,,,443,37473,0,1358,17
1584503122.6241028,173.194.187.70,10.10.0.10,,,443,37473,0,1358,17
1584503122.6258152,10.10.0.10,173.194.187.70,,,37473,443,0,37,17
1584503122.628561,173.194.187.70,10.10.0.10,,,443,37473,0,1358,17
1584503122.633016,173.194.187.70,10.10.0.10,,,443,37473,0,1358,17
1584503122.635043,10.10.0.10,173.194.187.70,,,37473,443,0,37,17
1584503122.6374712,173.194.187.70,10.10.0.10,,,443,37473,0,1358,17
1584503122.641927,173.194.187.70,10.10.0.10,,,443,37473,0,1358,17
1584503122.643784,10.10.0.10,173.194.187.70,,,37473,443,0,37,17
1584503122.6463802,173.194.187.70,10.10.0.10,,,443,37473,0,1358,17
1584503122.650841,173.194.187.70,10.10.0.10,,,443,37473,0,1358,17
1584503122.6534188,10.10.0.10,173.194.187.70,,,37473,443,0,37,17
1584503122.6552892,173.194.187.70,10.10.0.10,,,443,37473,0,1358,17
1584503122.659745,173.194.187.70,10.10.0.10,,,443,37473,0,1358,17
1584503122.6615422,10.10.0.10,173.194.187.70,,,37473,443,0,37,17
1584503122.664193,173.194.187.70,10.10.0.10,,,443,37473,0,1358,17
1584503122.668654,173.194.187.70,10.10.0.10,,,443,37473,0,1358,17
1584503122.670938,10.10.0.10,173.194.187.70,,,37473,443,0,37,17
1584503122.6731071,173.194.187.70,10.10.0.10,,,443,37473,0,1358,17
1584503122.6775599,173.194.187.70,10.10.0.10,,,443,37473,0,1358,17
1584503122.679062,10.10.0.10,173.194.187.70,,,37473,443,0,37,17
1584503122.682014,173.194.187.70,10.10.0.10,,,443,37473,0,1358,17
1584503122.68647,173.194.187.70,10.10.0.10,,,443,37473,0,1358,17
1584503122.687927,10.10.0.10,173.194.187.70,,,37473,443,0,37,17
1584503122.6909251,173.194.187.70,10.10.0.10,,,443,37473,0,1358,17
1584503122.6953788,173.194.187.70,10.10.0.10,,,443,37473,0,1358,17
1584503122.6986651,10.10.0.10,173.194.187.70,,,37473,443,0,37,17
1584503122.69984,173.194.187.70,10.10.0.10,,,443,37473,0,1358,17
1584503122.704283,173.194.187.70,10.10.0.10,,,443,37473,0,1358,17
1584503122.705918,10.10.0.10,173.194.187.70,,,37473,443,0,37,17
1584503122.708742,173.194.187.70,10.10.0.10,,,443,37473,0,1358,17
1584503122.713192,173.194.187.70,10.10.0.10,,,443,37473,0,1358,17
1584503122.7149081,10.10.0.10,173.194.187.70,,,37473,443,0,37,17
1584503122.7176602,173.194.187.70,10.10.0.10,,,443,37473,0,1358,17
1584503122.7220998,173.194.187.70,10.10.0.10,,,443,37473,0,1358,17
1584503122.724134,10.10.0.10,173.194.187.70,,,37473,443,0,37,17
1584503122.726554,173.194.187.70,10.10.0.10,,,443,37473,0,1358,17
1584503122.7310202,173.194.187.70,10.10.0.10,,,443,37473,0,1358,17
1584503122.73263,10.10.0.10,173.194.187.70,,,37473,443,0,37,17
1584503122.7354698,173.194.187.70,10.10.0.10,,,443,37473,0,1358,17
1584503122.739938,173.194.187.70,10.10.0.10,,,443,37473,0,1358,17
1584503122.7432678,10.10.0.10,173.194.187.70,,,37473,443,0,37,17
1584503122.744373,173.194.187.70,10.10.0.10,,,443,37473,0,1358,17
1584503122.7488348,173.194.187.70,10.10.0.10,,,443,37473,0,1358,17
1584503122.7510376,10.10.0.10,173.194.187.70,,,37473,443,0,37,17
1584503122.7532818,173.194.187.70,10.10.0.10,,,443,37473,0,1358,17
1584503122.757735,173.194.187.70,10.10.0.10,,,443,37473,0,1358,17
1584503122.760389,10.10.0.10,173.194.187.70,,,37473,443,0,50,17
1584503122.762193,173.194.187.70,10.10.0.10,,,443,37473,0,1358,17
1584503122.7666438,173.194.187.70,10.10.0.10,,,443,37473,0,1358,17
1584503122.7682722,10.10.0.10,173.194.187.70,,,37473,443,0,37,17
1584503122.7711039,173.194.187.70,10.10.0.10,,,443,37473,0,1358,17
1584503122.775557,173.194.187.70,10.10.0.10,,,443,37473,0,1358,17
1584503122.7771652,10.10.0.10,173.194.187.70,,,37473,443,0,37,17
1584503122.7800071,173.194.187.70,10.10.0.10,,,443,37473,0,1358,17
1584503122.784468,173.194.187.70,10.10.0.10,,,443,37473,0,1358,17
1584503122.787281,10.10.0.10,173.194.187.70,,,37473,443,0,37,17
1584503122.788918,173.194.187.70,10.10.0.10,,,443,37473,0,1358,17
1584503122.7933822,173.194.187.70,10.10.0.10,,,443,37473,0,1358,17
1584503122.794914,10.10.0.10,173.194.187.70,,,37473,443,0,37,17
1584503122.7978358,173.194.187.70,10.10.0.10,,,443,37473,0,1358,17
1584503122.8022802,173.194.187.70,10.10.0.10,,,443,37473,0,1358,17
1584503122.8041394,10.10.0.10,173.194.187.70,,,37473,443,0,37,17
1584503122.806734,173.194.187.70,10.10.0.10,,,443,37473,0,1358,17
1584503122.8111875,173.194.187.70,10.10.0.10,,,443,37473,0,1358,17
1584503122.812752,10.10.0.10,173.194.187.70,,,37473,443,0,37,17
1584503122.8156419,173.194.187.70,10.10.0.10,,,443,37473,0,1358,17
1584503122.8200939,173.194.187.70,10.10.0.10,,,443,37473,0,1358,17
1584503122.823787,10.10.0.10,173.194.187.70,,,37473,443,0,37,17
1584503122.8245502,173.194.187.70,10.10.0.10,,,443,37473,0,1358,17
1584503122.8290071,173.194.187.70,10.10.0.10,,,443,37473,0,1358,17
1584503122.8306868,10.10.0.10,173.194.187.70,,,37473,443,0,37,17
1584503122.8334682,173.194.187.70,10.10.0.10,,,443,37473,0,1358,17
1584503122.8379238,173.194.187.70,10.10.0.10,,,443,37473,0,1358,17
1584503122.8395581,10.10.0.10,173.194.187.70,,,37473,443,0,37,17
1584503122.842374,173.194.187.70,10.10.0.10,,,443,37473,0,1358,17
1584503122.846835,173.194.187.70,10.10.0.10,,,443,37473,0,1358,17
1584503122.848417,10.10.0.10,173.194.187.70,,,37473,443,0,37,17
1584503122.8512778,173.194.187.70,10.10.0.10,,,443,37473,0,1358,17
1584503122.8557339,173.194.187.70,10.10.0.10,,,443,37473,0,1358,17
1584503122.857512,10.10.0.10,173.194.187.70,,,37473,443,0,37,17
1584503122.8601859,173.194.187.70,10.10.0.10,,,443,37473,0,1358,17
1584503122.864641,173.194.187.70,10.10.0.10,,,443,37473,0,1358,17
1584503122.866152,10.10.0.10,173.194.187.70,,,37473,443,0,37,17
1584503122.869094,173.194.187.70,10.10.0.10,,,443,37473,0,1358,17
1584503122.8735466,173.194.187.70,10.10.0.10,,,443,37473,0,1358,17
1584503122.876179,10.10.0.10,173.194.187.70,,,37473,443,0,37,17
1584503122.878005,173.194.187.70,10.10.0.10,,,443,37473,0,1358,17
1584503122.882459,173.194.187.70,10.10.0.10,,,443,37473,0,1358,17
1584503122.8844142,10.10.0.10,173.194.187.70,,,37473,443,0,37,17
1584503122.8869116,173.194.187.70,10.10.0.10,,,443,37473,0,1358,17
1584503122.891376,173.194.187.70,10.10.0.10,,,443,37473,0,1358,17
1584503122.8930461,10.10.0.10,173.194.187.70,,,37473,443,0,37,17
1584503122.89582,173.194.187.70,10.10.0.10,,,443,37473,0,1358,17
1584503122.9002779,173.194.187.70,10.10.0.10,,,443,37473,0,1358,17
1584503122.9018042,10.10.0.10,173.194.187.70,,,37473,443,0,37,17
1584503122.9047306,173.194.187.70,10.10.0.10,,,443,37473,0,1358,17
1584503122.909185,173.194.187.70,10.10.0.10,,,443,37473,0,1358,17
1584503122.9112618,10.10.0.10,173.194.187.70,,,37473,443,0,37,17
1584503122.913639,173.194.187.70,10.10.0.10,,,443,37473,0,1358,17
1584503122.9180932,173.194.187.70,10.10.0.10,,,443,37473,0,1358,17
1584503122.92,10.10.0.10,173.194.187.70,,,37473,443,0,37,17
1584503122.92255,173.194.187.70,10.10.0.10,,,443,37473,0,1358,17
1584503122.927002,173.194.187.70,10.10.0.10,,,443,37473,0,1358,17
1584503122.928791,10.10.0.10,173.194.187.70,,,37473,443,0,37,17
1584503122.931459,173.194.187.70,10.10.0.10,,,443,37473,0,1358,17
1584503122.935915,173.194.187.70,10.10.0.10,,,443,37473,0,1358,17
1584503122.9376588,10.10.0.10,173.194.187.70,,,37473,443,0,50,17
1584503122.940366,173.194.187.70,10.10.0.10,,,443,37473,0,1358,17
1584503122.944832,173.194.187.70,10.10.0.10,,,443,37473,0,1358,17
1584503122.948272,10.10.0.10,173.194.187.70,,,37473,443,0,37,17
1584503122.9492738,173.194.187.70,10.10.0.10,,,443,37473,0,1358,17
1584503122.953729,173.194.187.70,10.10.0.10,,,443,37473,0,1358,17
1584503122.9552588,10.10.0.10,173.194.187.70,,,37473,443,0,37,17
1584503122.958188,173.194.187.70,10.10.0.10,,,443,37473,0,1358,17
1584503122.9626372,173.194.187.70,10.10.0.10,,,443,37473,0,1358,17
1584503122.965393,10.10.0.10,173.194.187.70,,,37473,443,0,37,17
1584503122.9670908,173.194.187.70,10.10.0.10,,,443,37473,0,1358,17
1584503122.971558,173.194.187.70,10.10.0.10,,,443,37473,0,1358,17
1584503122.973137,10.10.0.10,173.194.187.70,,,37473,443,0,37,17
1584503122.976,173.194.187.70,10.10.0.10,,,443,37473,0,1358,17
1584503122.980453,173.194.187.70,10.10.0.10,,,443,37473,0,1358,17
1584503122.982413,10.10.0.10,173.194.187.70,,,37473,443,0,37,17
1584503122.9849136,173.194.187.70,10.10.0.10,,,443,37473,0,1358,17
1584503122.989376,173.194.187.70,10.10.0.10,,,443,37473,0,1358,17
1584503122.9915519,10.10.0.10,173.194.187.70,,,37473,443,0,37,17
1584503122.99383,173.194.187.70,10.10.0.10,,,443,37473,0,1358,17
1584503122.998282,173.194.187.70,10.10.0.10,,,443,37473,0,1358,17
1584503123.0004268,10.10.0.10,173.194.187.70,,,37473,443,0,37,17
1584503123.0027342,173.194.187.70,10.10.0.10,,,443,37473,0,1358,17
1584503123.007202,173.194.187.70,10.10.0.10,,,443,37473,0,1358,17
1584503123.009033,10.10.0.10,173.194.187.70,,,37473,443,0,37,17
1584503123.011641,173.194.187.70,10.10.0.10,,,443,37473,0,1358,17
1584503123.0160909,173.194.187.70,10.10.0.10,,,443,37473,0,1358,17
1584503123.018034,10.10.0.10,173.194.187.70,,,37473,443,0,37,17
1584503123.020552,173.194.187.70,10.10.0.10,,,443,37473,0,1358,17
1584503123.025015,173.194.187.70,10.10.0.10,,,443,37473,0,1358,17
1584503123.027781,10.10.0.10,173.194.187.70,,,37473,443,0,37,17
1584503123.0294569,173.194.187.70,10.10.0.10,,,443,37473,0,1358,17
1584503123.033914,173.194.187.70,10.10.0.10,,,443,37473,0,1358,17
1584503123.0359092,10.10.0.10,173.194.187.70,,,37473,443,0,37,17
1584503123.0383742,173.194.187.70,10.10.0.10,,,443,37473,0,1358,17
1584503123.0428178,173.194.187.70,10.10.0.10,,,443,37473,0,1358,17
1584503123.044427,10.10.0.10,173.194.187.70,,,37473,443,0,37,17
1584503123.0472732,173.194.187.70,10.10.0.10,,,443,37473,0,1358,17
1584503123.0517318,173.194.187.70,10.10.0.10,,,443,37473,0,1358,17
1584503123.053157,10.10.0.10,173.194.187.70,,,37473,443,0,37,17
1584503123.0561798,173.194.187.70,10.10.0.10,,,443,37473,0,1358,17
1584503123.060644,173.194.187.70,10.10.0.10,,,443,37473,0,1358,17
1584503123.0624268,10.10.0.10,173.194.187.70,,,37473,443,0,37,17
1584503123.065093,173.194.187.70,10.10.0.10,,,443,37473,0,1358,17
1584503123.0695438,173.194.187.70,10.10.0.10,,,443,37473,0,1358,17
1584503123.0712998,10.10.0.10,173.194.187.70,,,37473,443,0,37,17
1584503123.0740151,173.194.187.70,10.10.0.10,,,443,37473,0,1358,17
1584503123.0784578,173.194.187.70,10.10.0.10,,,443,37473,0,1358,17
1584503123.080024,10.10.0.10,173.194.187.70,,,37473,443,0,37,17
1584503123.082912,173.194.187.70,10.10.0.10,,,443,37473,0,1358,17
1584503123.0873609,173.194.187.70,10.10.0.10,,,443,37473,0,1358,17
1584503123.0889056,10.10.0.10,173.194.187.70,,,37473,443,0,37,17
1584503123.091827,173.194.187.70,10.10.0.10,,,443,37473,0,1358,17
1584503123.0962696,173.194.187.70,10.10.0.10,,,443,37473,0,1358,17
1584503123.097926,10.10.0.10,173.194.187.70,,,37473,443,0,37,17
1584503123.100733,173.194.187.70,10.10.0.10,,,443,37473,0,1358,17
1584503123.1051981,173.194.187.70,10.10.0.10,,,443,37473,0,1358,17
1584503123.106933,10.10.0.10,173.194.187.70,,,37473,443,0,37,17
1584503123.109637,173.194.187.70,10.10.0.10,,,443,37473,0,1358,17
1584503123.1140866,173.194.187.70,10.10.0.10,,,443,37473,0,1358,17
1584503123.116154,10.10.0.10,173.194.187.70,,,37473,443,0,50,17
1584503123.11856,173.194.187.70,10.10.0.10,,,443,37473,0,1358,17
1584503123.122998,173.194.187.70,10.10.0.10,,,443,37473,0,1358,17
1584503123.1250286,10.10.0.10,173.194.187.70,,,37473,443,0,37,17
1584503123.127452,173.194.187.70,10.10.0.10,,,443,37473,0,1358,17
1584503123.1319098,173.194.187.70,10.10.0.10,,,443,37473,0,1358,17
1584503123.133529,10.10.0.10,173.194.187.70,,,37473,443,0,37,17
1584503123.136892,173.194.187.70,10.10.0.10,,,443,37473,0,1358,17
1584503123.1413572,173.194.187.70,10.10.0.10,,,443,37473,0,29,17
1584503123.14155,173.194.187.70,10.10.0.10,,,443,37473,0,1358,17
1584503123.1455321,10.10.0.10,173.194.187.70,,,37473,443,0,37,17
1584503123.146009,173.194.187.70,10.10.0.10,,,443,37473,0,1358,17
1584503123.150466,173.194.187.70,10.10.0.10,,,443,37473,0,1358,17
1584503123.153047,10.10.0.10,173.194.187.70,,,37473,443,0,37,17
1584503123.154923,173.194.187.70,10.10.0.10,,,443,37473,0,1358,17
1584503123.159386,173.194.187.70,10.10.0.10,,,443,37473,0,1358,17
1584503123.1610491,10.10.0.10,173.194.187.70,,,37473,443,0,37,17
1584503123.1638348,173.194.187.70,10.10.0.10,,,443,37473,0,1358,17
1584503123.168281,173.194.187.70,10.10.0.10,,,443,37473,0,1358,17
1584503123.1697798,10.10.0.10,173.194.187.70,,,37473,443,0,37,17
1584503123.1727395,173.194.187.70,10.10.0.10,,,443,37473,0,1358,17
1584503123.177201,173.194.187.70,10.10.0.10,,,443,37473,0,1358,17
1584503123.1804054,10.10.0.10,173.194.187.70,,,37473,443,0,37,17
1584503123.181647,173.194.187.70,10.10.0.10,,,443,37473,0,1358,17
1584503123.1861026,173.194.187.70,10.10.0.10,,,443,37473,0,1358,17
1584503123.187902,10.10.0.10,173.194.187.70,,,37473,443,0,37,17
1584503123.1905706,173.194.187.70,10.10.0.10,,,443,37473,0,1358,17
1584503123.19501,173.194.187.70,10.10.0.10,,,443,37473,0,1358,17
1584503123.1966527,10.10.0.10,173.194.187.70,,,37473,443,0,37,17
1584503123.199465,173.194.187.70,10.10.0.10,,,443,37473,0,1358,17
1584503123.203918,173.194.187.70,10.10.0.10,,,443,37473,0,1358,17
1584503123.2054212,10.10.0.10,173.194.187.70,,,37473,443,0,37,17
1584503123.20837,173.194.187.70,10.10.0.10,,,443,37473,0,1358,17
1584503123.2128286,173.194.187.70,10.10.0.10,,,443,37473,0,1358,17
1584503123.2151706,10.10.0.10,173.194.187.70,,,37473,443,0,37,17
1584503123.2172818,173.194.187.70,10.10.0.10,,,443,37473,0,1358,17
1584503123.221738,173.194.187.70,10.10.0.10,,,443,37473,0,1358,17
1584503123.223278,10.10.0.10,173.194.187.70,,,37473,443,0,37,17
1584503123.2261946,173.194.187.70,10.10.0.10,,,443,37473,0,1358,17
1584503123.230647,173.194.187.70,10.10.0.10,,,443,37473,0,1358,17
1584503123.23215,10.10.0.10,173.194.187.70,,,37473,443,0,37,17
1584503123.2351012,173.194.187.70,10.10.0.10,,,443,37473,0,1358,17
1584503123.23957,173.194.187.70,10.10.0.10,,,443,37473,0,1358,17
1584503123.241151,10.10.0.10,173.194.187.70,,,37473,443,0,37,17
1584503123.2440038,173.194.187.70,10.10.0.10,,,443,37473,0,1358,17
1584503123.248465,173.194.187.70,10.10.0.10,,,443,37473,0,1358,17
1584503123.251157,10.10.0.10,173.194.187.70,,,37473,443,0,37,17
1584503123.252919,173.194.187.70,10.10.0.10,,,443,37473,0,1358,17
1584503123.257383,173.194.187.70,10.10.0.10,,,443,37473,0,1358,17
1584503123.2592692,10.10.0.10,173.194.187.70,,,37473,443,0,37,17
1584503123.261827,173.194.187.70,10.10.0.10,,,443,37473,0,1358,17
1584503123.2662818,173.194.187.70,10.10.0.10,,,443,37473,0,1358,17
1584503123.2682981,10.10.0.10,173.194.187.70,,,37473,443,0,37,17
1584503123.270735,173.194.187.70,10.10.0.10,,,443,37473,0,1358,17
1584503123.275197,173.194.187.70,10.10.0.10,,,443,37473,0,1358,17
1584503123.277143,10.10.0.10,173.194.187.70,,,37473,443,0,37,17
1584503123.2796445,173.194.187.70,10.10.0.10,,,443,37473,0,1358,17
1584503123.2840939,173.194.187.70,10.10.0.10,,,443,37473,0,1358,17
1584503123.2856722,10.10.0.10,173.194.187.70,,,37473,443,0,37,17
1584503123.28857,173.194.187.70,10.10.0.10,,,443,37473,0,1358,17
1584503123.293009,173.194.187.70,10.10.0.10,,,443,37473,0,1358,17
1584503123.294543,10.10.0.10,173.194.187.70,,,37473,443,0,50,17
1584503123.297457,173.194.187.70,10.10.0.10,,,443,37473,0,1358,17
1584503123.301917,173.194.187.70,10.10.0.10,,,443,37473,0,1358,17
1584503123.3035252,10.10.0.10,173.194.187.70,,,37473,443,0,37,17
1584503123.3063822,173.194.187.70,10.10.0.10,,,443,37473,0,1358,17
1584503123.3108249,173.194.187.70,10.10.0.10,,,443,37473,0,1358,17
1584503123.312421,10.10.0.10,173.194.187.70,,,37473,443,0,37,17
1584503123.315469,173.194.187.70,10.10.0.10,,,443,37473,0,1358,17
1584503123.319954,173.194.187.70,10.10.0.10,,,443,37473,0,1358,17
1584503123.321523,10.10.0.10,173.194.187.70,,,37473,443,0,37,17
1584503123.324383,173.194.187.70,10.10.0.10,,,443,37473,0,1358,17
1584503123.328842,173.194.187.70,10.10.0.10,,,443,37473,0,1358,17
1584503123.330543,10.10.0.10,173.194.187.70,,,37473,443,0,37,17
1584503123.333318,173.194.187.70,10.10.0.10,,,443,37473,0,1358,17
1584503123.3377562,173.194.187.70,10.10.0.10,,,443,37473,0,1358,17
1584503123.3395422,10.10.0.10,173.194.187.70,,,37473,443,0,37,17
1584503123.3422039,173.194.187.70,10.10.0.10,,,443,37473,0,1358,17
1584503123.34666,173.194.187.70,10.10.0.10,,,443,37473,0,1358,17
1584503123.348418,10.10.0.10,173.194.187.70,,,37473,443,0,37,17
1584503123.3511279,173.194.187.70,10.10.0.10,,,443,37473,0,1358,17
1584503123.3555698,173.194.187.70,10.10.0.10,,,443,37473,0,1358,17
1584503123.359794,10.10.0.10,173.194.187.70,,,37473,443,0,37,17
1584503123.360017,173.194.187.70,10.10.0.10,,,443,37473,0,1358,17
1584503123.364489,173.194.187.70,10.10.0.10,,,443,37473,0,1358,17
1584503123.366023,10.10.0.10,173.194.187.70,,,37473,443,0,37,17
1584503123.368926,173.194.187.70,10.10.0.10,,,443,37473,0,1358,17
1584503123.373386,173.194.187.70,10.10.0.10,,,443,37473,0,1358,17
1584503123.374917,10.10.0.10,173.194.187.70,,,37473,443,0,37,17
1584503123.377839,173.194.187.70,10.10.0.10,,,443,37473,0,1358,17
1584503123.382316,173.194.187.70,10.10.0.10,,,443,37473,0,1358,17
1584503123.383775,10.10.0.10,173.194.187.70,,,37473,443,0,37,17
1584503123.3867538,173.194.187.70,10.10.0.10,,,443,37473,0,1358,17
1584503123.3912039,173.194.187.70,10.10.0.10,,,443,37473,0,1358,17
1584503123.394042,10.10.0.10,173.194.187.70,,,37473,443,0,37,17
1584503123.395657,173.194.187.70,10.10.0.10,,,443,37473,0,1358,17
1584503123.400106,173.194.187.70,10.10.0.10,,,443,37473,0,1358,17
1584503123.402271,10.10.0.10,173.194.187.70,,,37473,443,0,37,17
1584503123.404561,173.194.187.70,10.10.0.10,,,443,37473,0,1358,17
1584503123.4090204,173.194.187.70,10.10.0.10,,,443,37473,0,1358,17
1584503123.4108946,10.10.0.10,173.194.187.70,,,37473,443,0,37,17
1584503123.4134748,173.194.187.70,10.10.0.10,,,443,37473,0,1358,17
1584503123.417942,173.194.187.70,10.10.0.10,,,443,37473,0,1358,17
1584503123.419647,10.10.0.10,173.194.187.70,,,37473,443,0,37,17
1584503123.422384,173.194.187.70,10.10.0.10,,,443,37473,0,1358,17
1584503123.4268384,173.194.187.70,10.10.0.10,,,443,37473,0,1358,17
1584503123.4289148,10.10.0.10,173.194.187.70,,,37473,443,0,37,17
1584503123.431315,173.194.187.70,10.10.0.10,,,443,37473,0,1358,17
1584503123.4357538,173.194.187.70,10.10.0.10,,,443,37473,0,1358,17
1584503123.437397,10.10.0.10,173.194.187.70,,,37473,443,0,37,17
1584503123.4401958,173.194.187.70,10.10.0.10,,,443,37473,0,1358,17
1584503123.44466,173.194.187.70,10.10.0.10,,,443,37473,0,1358,17
1584503123.446523,10.10.0.10,173.194.187.70,,,37473,443,0,37,17
1584503123.4491134,173.194.187.70,10.10.0.10,,,443,37473,0,1358,17
1584503123.453567,173.194.187.70,10.10.0.10,,,443,37473,0,1358,17
1584503123.4560132,10.10.0.10,173.194.187.70,,,37473,443,0,37,17
1584503123.4580188,173.194.187.70,10.10.0.10,,,443,37473,0,1358,17
1584503123.4624732,173.194.187.70,10.10.0.10,,,443,37473,0,1358,17
1584503123.463894,10.10.0.10,173.194.187.70,,,37473,443,0,37,17
1584503123.466942,173.194.187.70,10.10.0.10,,,443,37473,0,1358,17
1584503123.471585,173.194.187.70,10.10.0.10,,,443,37473,0,1358,17
1584503123.4734151,10.10.0.10,173.194.187.70,,,37473,443,0,50,17
1584503123.476043,173.194.187.70,10.10.0.10,,,443,37473,0,1358,17
1584503123.4805028,173.194.187.70,10.10.0.10,,,443,37473,0,1358,17
1584503123.482018,10.10.0.10,173.194.187.70,,,37473,443,0,37,17
1584503123.4849565,173.194.187.70,10.10.0.10,,,443,37473,0,1358,17
1584503123.4894118,173.194.187.70,10.10.0.10,,,443,37473,0,1358,17
1584503123.4938755,173.194.187.70,10.10.0.10,,,443,37473,0,1358,17
1584503123.4983196,173.194.187.70,10.10.0.10,,,443,37473,0,29,17
1584503123.498513,173.194.187.70,10.10.0.10,,,443,37473,0,1358,17
1584503123.502975,173.194.187.70,10.10.0.10,,,443,37473,0,1358,17
1584503123.50744,173.194.187.70,10.10.0.10,,,443,37473,0,1358,17
1584503123.5118842,173.194.187.70,10.10.0.10,,,443,37473,0,1358,17
1584503123.5139902,10.10.0.10,173.194.187.70,,,37473,443,0,37,17
1584503123.5146668,10.10.0.10,173.194.187.70,,,37473,443,0,37,17
1584503123.5157475,10.10.0.10,173.194.187.70,,,37473,443,0,37,17
1584503123.519591,173.194.187.70,10.10.0.10,,,443,37473,0,1358,17
1584503123.521166,10.10.0.10,173.194.187.70,,,37473,443,0,37,17
1584503123.5247002,173.194.187.70,10.10.0.10,,,443,37473,0,1358,17
1584503123.52525,173.194.187.70,10.10.0.10,,,443,37473,0,1358,17
1584503123.5271618,10.10.0.10,173.194.187.70,,,37473,443,0,37,17
1584503123.532327,173.194.187.70,10.10.0.10,,,443,37473,0,1358,17
1584503123.534158,173.194.187.70,10.10.0.10,,,443,37473,0,1358,17
1584503123.535645,10.10.0.10,173.194.187.70,,,37473,443,0,37,17
1584503123.538625,173.194.187.70,10.10.0.10,,,443,37473,0,1358,17
1584503123.543066,173.194.187.70,10.10.0.10,,,443,37473,0,1358,17
1584503123.544786,10.10.0.10,173.194.187.70,,,37473,443,0,37,17
1584503123.54752,173.194.187.70,10.10.0.10,,,443,37473,0,1358,17
1584503123.551974,173.194.187.70,10.10.0.10,,,443,37473,0,1358,17
1584503123.553516,10.10.0.10,173.194.187.70,,,37473,443,0,37,17
1584503123.556432,173.194.187.70,10.10.0.10,,,443,37473,0,1358,17
1584503123.5608828,173.194.187.70,10.10.0.10,,,443,37473,0,1358,17
1584503123.5636554,10.10.0.10,173.194.187.70,,,37473,443,0,37,17
1584503123.5653381,173.194.187.70,10.10.0.10,,,443,37473,0,1358,17
1584503123.5698118,173.194.187.70,10.10.0.10,,,443,37473,0,1358,17
1584503123.571641,10.10.0.10,173.194.187.70,,,37473,443,0,37,17
1584503123.574249,173.194.187.70,10.10.0.10,,,443,37473,0,1358,17
1584503123.578701,173.194.187.70,10.10.0.10,,,443,37473,0,1358,17
1584503123.580792,10.10.0.10,173.194.187.70,,,37473,443,0,37,17
1584503123.5831552,173.194.187.70,10.10.0.10,,,443,37473,0,1358,17
1584503123.587624,173.194.187.70,10.10.0.10,,,443,37473,0,1358,17
1584503123.5892868,10.10.0.10,173.194.187.70,,,37473,443,0,37,17
1584503123.5920641,173.194.187.70,10.10.0.10,,,443,37473,0,1358,17
1584503123.596519,173.194.187.70,10.10.0.10,,,443,37473,0,1358,17
1584503123.598265,10.10.0.10,173.194.187.70,,,37473,443,0,37,17
1584503123.6009722,173.194.187.70,10.10.0.10,,,443,37473,0,1358,17
1584503123.6054268,173.194.187.70,10.10.0.10,,,443,37473,0,1358,17
1584503123.607035,10.10.0.10,173.194.187.70,,,37473,443,0,37,17
1584503123.6098864,173.194.187.70,10.10.0.10,,,443,37473,0,1358,17
1584503123.614336,173.194.187.70,10.10.0.10,,,443,37473,0,1358,17
1584503123.615889,10.10.0.10,173.194.187.70,,,37473,443,0,37,17
1584503123.61881,173.194.187.70,10.10.0.10,,,443,37473,0,1358,17
1584503123.623248,173.194.187.70,10.10.0.10,,,443,37473,0,1358,17
1584503123.6247652,10.10.0.10,173.194.187.70,,,37473,443,0,37,17
1584503123.6276991,173.194.187.70,10.10.0.10,,,443,37473,0,1358,17
1584503123.6321476,173.194.187.70,10.10.0.10,,,443,37473,0,1358,17
1584503123.633783,10.10.0.10,173.194.187.70,,,37473,443,0,37,17
1584503123.6366222,173.194.187.70,10.10.0.10,,,443,37473,0,1358,17
1584503123.6410658,173.194.187.70,10.10.0.10,,,443,37473,0,1358,17
1584503123.6428812,10.10.0.10,173.194.187.70,,,37473,443,0,37,17
1584503123.645517,173.194.187.70,10.10.0.10,,,443,37473,0,1358,17
1584503123.6499715,173.194.187.70,10.10.0.10,,,443,37473,0,1358,17
1584503123.652514,10.10.0.10,173.194.187.70,,,37473,443,0,50,17
1584503123.6544368,173.194.187.70,10.10.0.10,,,443,37473,0,1358,17
1584503123.65888,173.194.187.70,10.10.0.10,,,443,37473,0,1358,17
1584503123.661732,10.10.0.10,173.194.187.70,,,37473,443,0,37,17
1584503123.6633315,173.194.187.70,10.10.0.10,,,443,37473,0,1358,17
1584503123.667808,173.194.187.70,10.10.0.10,,,443,37473,0,1358,17
1584503123.669409,10.10.0.10,173.194.187.70,,,37473,443,0,37,17
1584503123.672238,173.194.187.70,10.10.0.10,,,443,37473,0,1358,17
1584503123.676697,173.194.187.70,10.10.0.10,,,443,37473,0,1358,17
1584503123.678288,10.10.0.10,173.194.187.70,,,37473,443,0,37,17
1584503123.681154,173.194.187.70,10.10.0.10,,,443,37473,0,1358,17
1584503123.685621,173.194.187.70,10.10.0.10,,,443,37473,0,1358,17
1584503123.687408,10.10.0.10,173.194.187.70,,,37473,443,0,37,17
1584503123.690063,173.194.187.70,10.10.0.10,,,443,37473,0,1358,17
1584503123.694519,173.194.187.70,10.10.0.10,,,443,37473,0,1358,17
1584503123.695982,10.10.0.10,173.194.187.70,,,37473,443,0,37,17
1584503123.6989698,173.194.187.70,10.10.0.10,,,443,37473,0,1358,17
1584503123.703434,173.194.187.70,10.10.0.10,,,443,37473,0,1358,17
1584503123.7048962,10.10.0.10,173.194.187.70,,,37473,443,0,37,17
1584503123.7078779,173.194.187.70,10.10.0.10,,,443,37473,0,1358,17
1584503123.712329,173.194.187.70,10.10.0.10,,,443,37473,0,1358,17
1584503123.714783,10.10.0.10,173.194.187.70,,,37473,443,0,37,17
1584503123.7168052,173.194.187.70,10.10.0.10,,,443,37473,0,1358,17
1584503123.7212448,173.194.187.70,10.10.0.10,,,443,37473,0,1358,17
1584503123.7231386,10.10.0.10,173.194.187.70,,,37473,443,0,37,17
1584503123.725699,173.194.187.70,10.10.0.10,,,443,37473,0,1358,17
1584503123.7301528,173.194.187.70,10.10.0.10,,,443,37473,0,1358,17
1584503123.731761,10.10.0.10,173.194.187.70,,,37473,443,0,37,17
1584503123.734619,173.194.187.70,10.10.0.10,,,443,37473,0,1358,17
1584503123.73906,173.194.187.70,10.10.0.10,,,443,37473,0,1358,17
1584503123.7406368,10.10.0.10,173.194.187.70,,,37473,443,0,37,17
1584503123.7435148,173.194.187.70,10.10.0.10,,,443,37473,0,1358,17
1584503123.7479632,173.194.187.70,10.10.0.10,,,443,37473,0,1358,17
1584503123.7494054,10.10.0.10,173.194.187.70,,,37473,443,0,37,17
1584503123.7524214,173.194.187.70,10.10.0.10,,,443,37473,0,1358,17
1584503123.7568762,173.194.187.70,10.10.0.10,,,443,37473,0,1358,17
1584503123.758399,10.10.0.10,173.194.187.70,,,37473,443,0,37,17
1584503123.7613318,173.194.187.70,10.10.0.10,,,443,37473,0,1358,17
1584503123.765785,173.194.187.70,10.10.0.10,,,443,37473,0,1358,17
1584503123.7690098,10.10.0.10,173.194.187.70,,,37473,443,0,37,17
1584503123.770243,173.194.187.70,10.10.0.10,,,443,37473,0,1358,17
1584503123.774694,173.194.187.70,10.10.0.10,,,443,37473,0,1358,17
1584503123.7762532,10.10.0.10,173.194.187.70,,,37473,443,0,37,17
1584503123.77915,173.194.187.70,10.10.0.10,,,443,37473,0,1358,17
1584503123.783618,173.194.187.70,10.10.0.10,,,443,37473,0,1358,17
1584503123.785656,10.10.0.10,173.194.187.70,,,37473,443,0,37,17
1584503123.7880518,173.194.187.70,10.10.0.10,,,443,37473,0,1358,17
1584503123.792509,173.194.187.70,10.10.0.10,,,443,37473,0,1358,17
1584503123.7951071,10.10.0.10,173.194.187.70,,,37473,443,0,37,17
1584503123.7969642,173.194.187.70,10.10.0.10,,,443,37473,0,1358,17
1584503123.801415,173.194.187.70,10.10.0.10,,,443,37473,0,1358,17
1584503123.8032372,10.10.0.10,173.194.187.70,,,37473,443,0,37,17
1584503123.805868,173.194.187.70,10.10.0.10,,,443,37473,0,1358,17
1584503123.8103216,173.194.187.70,10.10.0.10,,,443,37473,0,1358,17
1584503123.8119948,10.10.0.10,173.194.187.70,,,37473,443,0,37,17
1584503123.814791,173.194.187.70,10.10.0.10,,,443,37473,0,1358,17
1584503123.819242,173.194.187.70,10.10.0.10,,,443,37473,0,1358,17
1584503123.822014,10.10.0.10,173.194.187.70,,,37473,443,0,37,17
1584503123.823694,173.194.187.70,10.10.0.10,,,443,37473,0,1358,17
1584503123.8281412,173.194.187.70,10.10.0.10,,,443,37473,0,1358,17
1584503123.830599,10.10.0.10,173.194.187.70,,,37473,443,0,50,17
1584503123.8325946,173.194.187.70,10.10.0.10,,,443,37473,0,1358,17
1584503123.837054,173.194.187.70,10.10.0.10,,,443,37473,0,1358,17
1584503123.8388462,10.10.0.10,173.194.187.70,,,37473,443,0,37,17
1584503123.841506,173.194.187.70,10.10.0.10,,,443,37473,0,1358,17
1584503123.845958,173.194.187.70,10.10.0.10,,,443,37473,0,1358,17
1584503123.8474908,10.10.0.10,173.194.187.70,,,37473,443,0,37,17
1584503123.8504179,173.194.187.70,10.10.0.10,,,443,37473,0,1358,17
1584503123.854865,173.194.187.70,10.10.0.10,,,443,37473,0,1358,17
1584503123.8569686,10.10.0.10,173.194.187.70,,,37473,443,0,37,17
1584503123.8593252,173.194.187.70,10.10.0.10,,,443,37473,0,1358,17
1584503123.863801,173.194.187.70,10.10.0.10,,,443,37473,0,1358,17
1584503123.866384,10.10.0.10,173.194.187.70,,,37473,443,0,37,17
1584503123.868232,173.194.187.70,10.10.0.10,,,443,37473,0,1358,17
1584503123.87269,173.194.187.70,10.10.0.10,,,443,37473,0,1358,17
1584503123.874259,10.10.0.10,173.194.187.70,,,37473,443,0,37,17
1584503123.8771448,173.194.187.70,10.10.0.10,,,443,37473,0,29,17
1584503123.8773394,173.194.187.70,10.10.0.10,,,443,37473,0,1358,17
1584503123.881798,173.194.187.70,10.10.0.10,,,443,37473,0,1358,17
1584503123.883496,10.10.0.10,173.194.187.70,,,37473,443,0,37,17
1584503123.8862526,173.194.187.70,10.10.0.10,,,443,37473,0,1358,17
1584503123.890703,173.194.187.70,10.10.0.10,,,443,37473,0,1358,17
1584503123.892715,10.10.0.10,173.194.187.70,,,37473,443,0,37,17
1584503123.895157,173.194.187.70,10.10.0.10,,,443,37473,0,1358,17
1584503123.8996122,173.194.187.70,10.10.0.10,,,443,37473,0,1358,17
1584503123.9040658,173.194.187.70,10.10.0.10,,,443,37473,0,1358,17
1584503123.905256,10.10.0.10,173.194.187.70,,,37473,443,0,37,17
1584503123.9085386,173.194.187.70,10.10.0.10,,,443,37473,0,1358,17
1584503123.911151,10.10.0.10,173.194.187.70,,,37473,443,0,37,17
1584503123.912977,173.194.187.70,10.10.0.10,,,443,37473,0,1358,17
1584503123.9174302,173.194.187.70,10.10.0.10,,,443,37473,0,1358,17
1584503123.919775,10.10.0.10,173.194.187.70,,,37473,443,0,37,17
1584503123.9218931,173.194.187.70,10.10.0.10,,,443,37473,0,1358,17
1584503123.9263446,173.194.187.70,10.10.0.10,,,443,37473,0,1358,17
1584503123.9279912,10.10.0.10,173.194.187.70,,,37473,443,0,37,17
1584503123.9308019,173.194.187.70,10.10.0.10,,,443,37473,0,1358,17
1584503123.9352498,173.194.187.70,10.10.0.10,,,443,37473,0,1358,17
1584503123.93725,10.10.0.10,173.194.187.70,,,37473,443,0,37,17
1584503123.939702,173.194.187.70,10.10.0.10,,,443,37473,0,1358,17
1584503123.944158,173.194.187.70,10.10.0.10,,,443,37473,0,1358,17
1584503123.945844,10.10.0.10,173.194.187.70,,,37473,443,0,37,17
1584503123.9486115,173.194.187.70,10.10.0.10,,,443,37473,0,1358,17
1584503123.9530652,173.194.187.70,10.10.0.10,,,443,37473,0,1358,17
1584503123.954632,10.10.0.10,173.194.187.70,,,37473,443,0,37,17
1584503123.957535,173.194.187.70,10.10.0.10,,,443,37473,0,1358,17
1584503123.961982,173.194.187.70,10.10.0.10,,,443,37473,0,1358,17
1584503123.963886,10.10.0.10,173.194.187.70,,,37473,443,0,37,17
1584503123.966432,173.194.187.70,10.10.0.10,,,443,37473,0,1358,17
1584503123.970891,173.194.187.70,10.10.0.10,,,443,37473,0,1358,17
1584503123.973525,10.10.0.10,173.194.187.70,,,37473,443,0,37,17
1584503123.975345,173.194.187.70,10.10.0.10,,,443,37473,0,1358,17
1584503123.979801,173.194.187.70,10.10.0.10,,,443,37473,0,1358,17
1584503123.9816198,10.10.0.10,173.194.187.70,,,37473,443,0,37,17
1584503123.984247,173.194.187.70,10.10.0.10,,,443,37473,0,1358,17
1584503123.988703,173.194.187.70,10.10.0.10,,,443,37473,0,1358,17
1584503123.990849,10.10.0.10,173.194.187.70,,,37473,443,0,37,17
1584503123.993156,173.194.187.70,10.10.0.10,,,443,37473,0,1358,17
1584503123.9976099,173.194.187.70,10.10.0.10,,,443,37473,0,1358,17
1584503123.9991062,10.10.0.10,173.194.187.70,,,37473,443,0,37,17
1584503124.002065,173.194.187.70,10.10.0.10,,,443,37473,0,1358,17
1584503124.006525,173.194.187.70,10.10.0.10,,,443,37473,0,1358,17
1584503124.0084748,10.10.0.10,173.194.187.70,,,37473,443,0,50,17
1584503124.0109859,173.194.187.70,10.10.0.10,,,443,37473,0,1358,17
1584503124.015435,173.194.187.70,10.10.0.10,,,443,37473,0,1358,17
1584503124.0173779,10.10.0.10,173.194.187.70,,,37473,443,0,37,17
1584503124.019887,173.194.187.70,10.10.0.10,,,443,37473,0,1358,17
1584503124.024345,173.194.187.70,10.10.0.10,,,443,37473,0,1358,17
1584503124.025902,10.10.0.10,173.194.187.70,,,37473,443,0,37,17
1584503124.0287971,173.194.187.70,10.10.0.10,,,443,37473,0,1358,17
1584503124.03325,173.194.187.70,10.10.0.10,,,443,37473,0,1358,17
1584503124.0348804,10.10.0.10,173.194.187.70,,,37473,443,0,37,17
1584503124.0377011,173.194.187.70,10.10.0.10,,,443,37473,0,1358,17
1584503124.042159,173.194.187.70,10.10.0.10,,,443,37473,0,1358,17
1584503124.0442472,10.10.0.10,173.194.187.70,,,37473,443,0,37,17
1584503124.0466099,173.194.187.70,10.10.0.10,,,443,37473,0,1358,17
1584503124.051069,173.194.187.70,10.10.0.10,,,443,37473,0,1358,17
1584503124.0528991,10.10.0.10,173.194.187.70,,,37473,443,0,37,17
1584503124.055524,173.194.187.70,10.10.0.10,,,443,37473,0,1358,17
1584503124.0599742,173.194.187.70,10.10.0.10,,,443,37473,0,1358,17
1584503124.0620039,10.10.0.10,173.194.187.70,,,37473,443,0,37,17
1584503124.0644288,173.194.187.70,10.10.0.10,,,443,37473,0,1358,17
1584503124.06889,173.194.187.70,10.10.0.10,,,443,37473,0,1358,17
1584503124.071521,10.10.0.10,173.194.187.70,,,37473,443,0,37,17
1584503124.0733402,173.194.187.70,10.10.0.10,,,443,37473,0,1358,17
1584503124.0777981,173.194.187.70,10.10.0.10,,,443,37473,0,1358,17
1584503124.0795221,10.10.0.10,173.194.187.70,,,37473,443,0,37,17
1584503124.08225,173.194.187.70,10.10.0.10,,,443,37473,0,1358,17
1584503124.086704,173.194.187.70,10.10.0.10,,,443,37473,0,1358,17
1584503124.0883946,10.10.0.10,173.194.187.70,,,37473,443,0,37,17
1584503124.0911698,173.194.187.70,10.10.0.10,,,443,37473,0,1358,17
1584503124.095613,173.194.187.70,10.10.0.10,,,443,37473,0,1358,17
1584503124.097128,10.10.0.10,173.194.187.70,,,37473,443,0,37,17
1584503124.100062,173.194.187.70,10.10.0.10,,,443,37473,0,1358,17
1584503124.1045198,173.194.187.70,10.10.0.10,,,443,37473,0,1358,17
1584503124.1061478,10.10.0.10,173.194.187.70,,,37473,443,0,37,17
1584503124.108979,173.194.187.70,10.10.0.10,,,443,37473,0,1358,17
1584503124.1134286,173.194.187.70,10.10.0.10,,,443,37473,0,1358,17
1584503124.1153948,10.10.0.10,173.194.187.70,,,37473,443,0,37,17
1584503124.1178858,173.194.187.70,10.10.0.10,,,443,37473,0,1358,17
1584503124.1223376,173.194.187.70,10.10.0.10,,,443,37473,0,1358,17
1584503124.1241422,10.10.0.10,173.194.187.70,,,37473,443,0,37,17
1584503124.1267982,173.194.187.70,10.10.0.10,,,443,37473,0,1358,17
1584503124.131248,173.194.187.70,10.10.0.10,,,443,37473,0,1358,17
1584503124.1331306,10.10.0.10,173.194.187.70,,,37473,443,0,37,17
1584503124.135702,173.194.187.70,10.10.0.10,,,443,37473,0,1358,17
1584503124.140151,173.194.187.70,10.10.0.10,,,443,37473,0,1358,17
1584503124.1417491,10.10.0.10,173.194.187.70,,,37473,443,0,37,17
1584503124.144611,173.194.187.70,10.10.0.10,,,443,37473,0,1358,17
1584503124.149065,173.194.187.70,10.10.0.10,,,443,37473,0,1358,17
1584503124.150769,10.10.0.10,173.194.187.70,,,37473,443,0,37,17
1584503124.153518,173.194.187.70,10.10.0.10,,,443,37473,0,1358,17
1584503124.157974,173.194.187.70,10.10.0.10,,,443,37473,0,1358,17
1584503124.159499,10.10.0.10,173.194.187.70,,,37473,443,0,37,17
1584503124.162428,173.194.187.70,10.10.0.10,,,443,37473,0,1358,17
1584503124.1668804,173.194.187.70,10.10.0.10,,,443,37473,0,1358,17
1584503124.169036,10.10.0.10,173.194.187.70,,,37473,443,0,37,17
1584503124.171337,173.194.187.70,10.10.0.10,,,443,37473,0,1358,17
1584503124.1757958,173.194.187.70,10.10.0.10,,,443,37473,0,1358,17
1584503124.178393,10.10.0.10,173.194.187.70,,,37473,443,0,37,17
1584503124.1802409,173.194.187.70,10.10.0.10,,,443,37473,0,1358,17
1584503124.1847005,173.194.187.70,10.10.0.10,,,443,37473,0,1358,17
1584503124.186874,10.10.0.10,173.194.187.70,,,37473,443,0,50,17
1584503124.1891706,173.194.187.70,10.10.0.10,,,443,37473,0,1358,17
1584503124.193611,173.194.187.70,10.10.0.10,,,443,37473,0,1358,17
1584503124.195625,10.10.0.10,173.194.187.70,,,37473,443,0,37,17
1584503124.1980634,173.194.187.70,10.10.0.10,,,443,37473,0,1358,17
1584503124.202519,173.194.187.70,10.10.0.10,,,443,37473,0,1358,17
1584503124.204505,10.10.0.10,173.194.187.70,,,37473,443,0,37,17
1584503124.2069798,173.194.187.70,10.10.0.10,,,443,37473,0,1358,17
1584503124.211427,173.194.187.70,10.10.0.10,,,443,37473,0,29,17
1584503124.2116199,173.194.187.70,10.10.0.10,,,443,37473,0,1358,17
1584503124.213366,10.10.0.10,173.194.187.70,,,37473,443,0,37,17
1584503124.216078,173.194.187.70,10.10.0.10,,,443,37473,0,1358,17
1584503124.2205439,173.194.187.70,10.10.0.10,,,443,37473,0,1358,17
1584503124.2242491,10.10.0.10,173.194.187.70,,,37473,443,0,37,17
1584503124.224992,173.194.187.70,10.10.0.10,,,443,37473,0,1358,17
1584503124.2294462,173.194.187.70,10.10.0.10,,,443,37473,0,1358,17
1584503124.232768,10.10.0.10,173.194.187.70,,,37473,443,0,37,17
1584503124.233902,173.194.187.70,10.10.0.10,,,443,37473,0,1358,17
1584503124.238354,173.194.187.70,10.10.0.10,,,443,37473,0,1358,17
1584503124.239968,10.10.0.10,173.194.187.70,,,37473,443,0,37,17
1584503124.242809,173.194.187.70,10.10.0.10,,,443,37473,0,1358,17
1584503124.2472668,173.194.187.70,10.10.0.10,,,443,37473,0,1358,17
1584503124.249019,10.10.0.10,173.194.187.70,,,37473,443,0,37,17
1584503124.251729,173.194.187.70,10.10.0.10,,,443,37473,0,1358,17
1584503124.256167,173.194.187.70,10.10.0.10,,,443,37473,0,1358,17
1584503124.257745,10.10.0.10,173.194.187.70,,,37473,443,0,37,17
1584503124.2606268,173.194.187.70,10.10.0.10,,,443,37473,0,1358,17
1584503124.265076,173.194.187.70,10.10.0.10,,,443,37473,0,1358,17
1584503124.267246,10.10.0.10,173.194.187.70,,,37473,443,0,37,17
1584503124.269544,173.194.187.70,10.10.0.10,,,443,37473,0,1358,17
1584503124.273992,173.194.187.70,10.10.0.10,,,443,37473,0,1358,17
1584503124.2762446,10.10.0.10,173.194.187.70,,,37473,443,0,37,17
1584503124.2784429,173.194.187.70,10.10.0.10,,,443,37473,0,1358,17
1584503124.2829149,173.194.187.70,10.10.0.10,,,443,37473,0,1358,17
1584503124.28475,10.10.0.10,173.194.187.70,,,37473,443,0,37,17
1584503124.287357,173.194.187.70,10.10.0.10,,,443,37473,0,1358,17
1584503124.291817,173.194.187.70,10.10.0.10,,,443,37473,0,1358,17
1584503124.293519,10.10.0.10,173.194.187.70,,,37473,443,0,37,17
1584503124.296274,173.194.187.70,10.10.0.10,,,443,37473,0,1358,17
1584503124.3007278,173.194.187.70,10.10.0.10,,,443,37473,0,1358,17
1584503124.3026204,10.10.0.10,173.194.187.70,,,37473,443,0,37,17
1584503124.305167,173.194.187.70,10.10.0.10,,,443,37473,0,1358,17
1584503124.309625,173.194.187.70,10.10.0.10,,,443,37473,0,1358,17
1584503124.3116188,10.10.0.10,173.194.187.70,,,37473,443,0,37,17
1584503124.314088,173.194.187.70,10.10.0.10,,,443,37473,0,1358,17
1584503124.318542,173.194.187.70,10.10.0.10,,,443,37473,0,1358,17
1584503124.3201392,10.10.0.10,173.194.187.70,,,37473,443,0,37,17
1584503124.3229885,173.194.187.70,10.10.0.10,,,443,37473,0,1358,17
1584503124.327446,173.194.187.70,10.10.0.10,,,443,37473,0,1358,17
1584503124.328994,10.10.0.10,173.194.187.70,,,37473,443,0,37,17
1584503124.331914,173.194.187.70,10.10.0.10,,,443,37473,0,1358,17
1584503124.336348,173.194.187.70,10.10.0.10,,,443,37473,0,1358,17
1584503124.3377402,10.10.0.10,173.194.187.70,,,37473,443,0,37,17
1584503124.340806,173.194.187.70,10.10.0.10,,,443,37473,0,1358,17
1584503124.3452609,173.194.187.70,10.10.0.10,,,443,37473,0,1358,17
1584503124.3468678,10.10.0.10,173.194.187.70,,,37473,443,0,37,17
1584503124.349726,173.194.187.70,10.10.0.10,,,443,37473,0,1358,17
1584503124.354169,173.194.187.70,10.10.0.10,,,443,37473,0,1358,17
1584503124.355624,10.10.0.10,173.194.187.70,,,37473,443,0,37,17
1584503124.358625,173.194.187.70,10.10.0.10,,,443,37473,0,1358,17
1584503124.3630724,173.194.187.70,10.10.0.10,,,443,37473,0,1358,17
1584503124.3651376,10.10.0.10,173.194.187.70,,,37473,443,0,50,17
1584503124.367545,173.194.187.70,10.10.0.10,,,443,37473,0,1358,17
1584503124.371982,173.194.187.70,10.10.0.10,,,443,37473,0,1358,17
1584503124.3734932,10.10.0.10,173.194.187.70,,,37473,443,0,37,17
1584503124.3764448,173.194.187.70,10.10.0.10,,,443,37473,0,1358,17
1584503124.3808956,173.194.187.70,10.10.0.10,,,443,37473,0,1358,17
1584503124.3831382,10.10.0.10,173.194.187.70,,,37473,443,0,37,17
1584503124.385351,173.194.187.70,10.10.0.10,,,443,37473,0,29,17
1584503124.3855429,173.194.187.70,10.10.0.10,,,443,37473,0,1358,17
1584503124.390006,173.194.187.70,10.10.0.10,,,443,37473,0,1358,17
1584503124.392138,10.10.0.10,173.194.187.70,,,37473,443,0,37,17
1584503124.394475,173.194.187.70,10.10.0.10,,,443,37473,0,1358,17
1584503124.3989172,173.194.187.70,10.10.0.10,,,443,37473,0,1358,17
1584503124.400502,10.10.0.10,173.194.187.70,,,37473,443,0,37,17
1584503124.40337,173.194.187.70,10.10.0.10,,,443,37473,0,1358,17
1584503124.4078188,173.194.187.70,10.10.0.10,,,443,37473,0,1358,17
1584503124.4093866,10.10.0.10,173.194.187.70,,,37473,443,0,37,17
1584503124.4122741,173.194.187.70,10.10.0.10,,,443,37473,0,1358,17
1584503124.416735,173.194.187.70,10.10.0.10,,,443,37473,0,1358,17
1584503124.418385,10.10.0.10,173.194.187.70,,,37473,443,0,37,17
1584503124.421189,173.194.187.70,10.10.0.10,,,443,37473,0,1358,17
1584503124.4256608,173.194.187.70,10.10.0.10,,,443,37473,0,1358,17
1584503124.428261,10.10.0.10,173.194.187.70,,,37473,443,0,37,17
1584503124.4300988,173.194.187.70,10.10.0.10,,,443,37473,0,1358,17
1584503124.4345572,173.194.187.70,10.10.0.10,,,443,37473,0,1358,17
1584503124.4362614,10.10.0.10,173.194.187.70,,,37473,443,0,37,17
1584503124.439003,173.194.187.70,10.10.0.10,,,443,37473,0,1358,17
1584503124.4434724,173.194.187.70,10.10.0.10,,,443,37473,0,1358,17
1584503124.444995,10.10.0.10,173.194.187.70,,,37473,443,0,37,17
1584503124.4479141,173.194.187.70,10.10.0.10,,,443,37473,0,1358,17
1584503124.4523642,173.194.187.70,10.10.0.10,,,443,37473,0,1358,17
1584503124.453885,10.10.0.10,173.194.187.70,,,37473,443,0,37,17
1584503124.456824,173.194.187.70,10.10.0.10,,,443,37473,0,1358,17
1584503124.461287,173.194.187.70,10.10.0.10,,,443,37473,0,1358,17
1584503124.463509,10.10.0.10,173.194.187.70,,,37473,443,0,37,17
1584503124.4657311,173.194.187.70,10.10.0.10,,,443,37473,0,1358,17
1584503124.470185,173.194.187.70,10.10.0.10,,,443,37473,0,1358,17
1584503124.472386,10.10.0.10,173.194.187.70,,,37473,443,0,37,17
1584503124.47466,173.194.187.70,10.10.0.10,,,443,37473,0,1358,17
1584503124.4790974,173.194.187.70,10.10.0.10,,,443,37473,0,1358,17
1584503124.4808838,10.10.0.10,173.194.187.70,,,37473,443,0,37,17
1584503124.483547,173.194.187.70,10.10.0.10,,,443,37473,0,1358,17
1584503124.487998,173.194.187.70,10.10.0.10,,,443,37473,0,1358,17
1584503124.489614,10.10.0.10,173.194.187.70,,,37473,443,0,37,17
1584503124.4924722,173.194.187.70,10.10.0.10,,,443,37473,0,1358,17
1584503124.4969149,173.194.187.70,10.10.0.10,,,443,37473,0,1358,17
1584503124.49924,10.10.0.10,173.194.187.70,,,37473,443,0,37,17
1584503124.501367,173.194.187.70,10.10.0.10,,,443,37473,0,1358,17
1584503124.5058222,173.194.187.70,10.10.0.10,,,443,37473,0,1358,17
1584503124.5076141,10.10.0.10,173.194.187.70,,,37473,443,0,37,17
1584503124.510274,173.194.187.70,10.10.0.10,,,443,37473,0,1358,17
1584503124.51473,173.194.187.70,10.10.0.10,,,443,37473,0,1358,17
1584503124.5162358,10.10.0.10,173.194.187.70,,,37473,443,0,37,17
1584503124.519185,173.194.187.70,10.10.0.10,,,443,37473,0,1358,17
1584503124.5236568,173.194.187.70,10.10.0.10,,,443,37473,0,1358,17
1584503124.5252588,10.10.0.10,173.194.187.70,,,37473,443,0,37,17
1584503124.5280876,173.194.187.70,10.10.0.10,,,443,37473,0,1358,17
1584503124.532547,173.194.187.70,10.10.0.10,,,443,37473,0,1358,17
1584503124.5341132,10.10.0.10,173.194.187.70,,,37473,443,0,37,17
1584503124.5370042,173.194.187.70,10.10.0.10,,,443,37473,0,1358,17
1584503124.5414698,173.194.187.70,10.10.0.10,,,443,37473,0,1358,17
1584503124.5430071,10.10.0.10,173.194.187.70,,,37473,443,0,50,17
1584503124.5459054,173.194.187.70,10.10.0.10,,,443,37473,0,1358,17
1584503124.5503662,173.194.187.70,10.10.0.10,,,443,37473,0,1358,17
1584503124.5524876,10.10.0.10,173.194.187.70,,,37473,443,0,37,17
1584503124.5548189,173.194.187.70,10.10.0.10,,,443,37473,0,1358,17
1584503124.5592852,173.194.187.70,10.10.0.10,,,443,37473,0,1358,17
1584503124.5607386,10.10.0.10,173.194.187.70,,,37473,443,0,37,17
1584503124.5637279,173.194.187.70,10.10.0.10,,,443,37473,0,1358,17
1584503124.568177,173.194.187.70,10.10.0.10,,,443,37473,0,29,17
1584503124.5683742,173.194.187.70,10.10.0.10,,,443,37473,0,1358,17
1584503124.5697572,10.10.0.10,173.194.187.70,,,37473,443,0,37,17
1584503124.5728462,173.194.187.70,10.10.0.10,,,443,37473,0,1358,17
1584503124.5772989,173.194.187.70,10.10.0.10,,,443,37473,0,1358,17
1584503124.579231,10.10.0.10,173.194.187.70,,,37473,443,0,37,17
1584503124.5817478,173.194.187.70,10.10.0.10,,,443,37473,0,1358,17
1584503124.5862212,173.194.187.70,10.10.0.10,,,443,37473,0,1358,17
1584503124.5878818,10.10.0.10,173.194.187.70,,,37473,443,0,37,17
1584503124.590659,173.194.187.70,10.10.0.10,,,443,37473,0,1358,17
1584503124.5951102,173.194.187.70,10.10.0.10,,,443,37473,0,1358,17
1584503124.5966132,10.10.0.10,173.194.187.70,,,37473,443,0,37,17
1584503124.599565,173.194.187.70,10.10.0.10,,,443,37473,0,1358,17
1584503124.6040142,173.194.187.70,10.10.0.10,,,443,37473,0,1358,17
1584503124.605737,10.10.0.10,173.194.187.70,,,37473,443,0,37,17
1584503124.608473,173.194.187.70,10.10.0.10,,,443,37473,0,1358,17
1584503124.612928,173.194.187.70,10.10.0.10,,,443,37473,0,1358,17
1584503124.6147554,10.10.0.10,173.194.187.70,,,37473,443,0,37,17
1584503124.617381,173.194.187.70,10.10.0.10,,,443,37473,0,1358,17
1584503124.6218429,173.194.187.70,10.10.0.10,,,443,37473,0,1358,17
1584503124.6234775,10.10.0.10,173.194.187.70,,,37473,443,0,37,17
1584503124.626294,173.194.187.70,10.10.0.10,,,443,37473,0,1358,17
1584503124.6307461,173.194.187.70,10.10.0.10,,,443,37473,0,1358,17
1584503124.6324902,10.10.0.10,173.194.187.70,,,37473,443,0,37,17
1584503124.635216,173.194.187.70,10.10.0.10,,,443,37473,0,1358,17
1584503124.639658,173.194.187.70,10.10.0.10,,,443,37473,0,1358,17
1584503124.6411078,10.10.0.10,173.194.187.70,,,37473,443,0,37,17
1584503124.6441028,173.194.187.70,10.10.0.10,,,443,37473,0,1358,17
1584503124.6485634,173.194.187.70,10.10.0.10,,,443,37473,0,1358,17
1584503124.6504838,10.10.0.10,173.194.187.70,,,37473,443,0,37,17
1584503124.653032,173.194.187.70,10.10.0.10,,,443,37473,0,1358,17
1584503124.6574712,173.194.187.70,10.10.0.10,,,443,37473,0,1358,17
1584503124.6592588,10.10.0.10,173.194.187.70,,,37473,443,0,37,17
1584503124.661928,173.194.187.70,10.10.0.10,,,443,37473,0,1358,17
1584503124.666379,173.194.187.70,10.10.0.10,,,443,37473,0,1358,17
1584503124.667994,10.10.0.10,173.194.187.70,,,37473,443,0,37,17
1584503124.6708438,173.194.187.70,10.10.0.10,,,443,37473,0,1358,17
1584503124.6752932,173.194.187.70,10.10.0.10,,,443,37473,0,1358,17
1584503124.676878,10.10.0.10,173.194.187.70,,,37473,443,0,37,17
1584503124.679739,173.194.187.70,10.10.0.10,,,443,37473,0,1358,17
1584503124.684193,173.194.187.70,10.10.0.10,,,443,37473,0,1358,17
1584503124.6857548,10.10.0.10,173.194.187.70,,,37473,443,0,37,17
1584503124.688657,173.194.187.70,10.10.0.10,,,443,37473,0,1358,17
1584503124.6931071,173.194.187.70,10.10.0.10,,,443,37473,0,1358,17
1584503124.694753,10.10.0.10,173.194.187.70,,,37473,443,0,37,17
1584503124.697562,173.194.187.70,10.10.0.10,,,443,37473,0,1358,17
1584503124.7020285,173.194.187.70,10.10.0.10,,,443,37473,0,1358,17
1584503124.7036278,10.10.0.10,173.194.187.70,,,37473,443,0,37,17
1584503124.70647,173.194.187.70,10.10.0.10,,,443,37473,0,1358,17
1584503124.710923,173.194.187.70,10.10.0.10,,,443,37473,0,1358,17
1584503124.71235,10.10.0.10,173.194.187.70,,,37473,443,0,37,17
1584503124.7153769,173.194.187.70,10.10.0.10,,,443,37473,0,1358,17
1584503124.719841,173.194.187.70,10.10.0.10,,,443,37473,0,1358,17
1584503124.722733,10.10.0.10,173.194.187.70,,,37473,443,0,50,17
1584503124.724283,173.194.187.70,10.10.0.10,,,443,37473,0,1358,17
1584503124.7287395,173.194.187.70,10.10.0.10,,,443,37473,0,1358,17
1584503124.7304552,10.10.0.10,173.194.187.70,,,37473,443,0,37,17
1584503124.733191,173.194.187.70,10.10.0.10,,,443,37473,0,1358,17
1584503124.7376409,173.194.187.70,10.10.0.10,,,443,37473,0,1358,17
1584503124.7398188,10.10.0.10,173.194.187.70,,,37473,443,0,37,17
1584503124.742106,173.194.187.70,10.10.0.10,,,443,37473,0,1358,17
1584503124.7465544,173.194.187.70,10.10.0.10,,,443,37473,0,29,17
1584503124.746752,173.194.187.70,10.10.0.10,,,443,37473,0,1358,17
1584503124.748584,10.10.0.10,173.194.187.70,,,37473,443,0,37,17
1584503124.751215,173.194.187.70,10.10.0.10,,,443,37473,0,1358,17
1584503124.755671,173.194.187.70,10.10.0.10,,,443,37473,0,1358,17
1584503124.757603,10.10.0.10,173.194.187.70,,,37473,443,0,37,17
1584503124.760119,173.194.187.70,10.10.0.10,,,443,37473,0,1208,17
1584503124.787849,10.10.0.10,173.194.187.70,,,37473,443,0,749,17
1584503124.787873,10.10.0.10,173.194.187.70,,,37473,443,0,48,17
1584503124.791483,10.10.0.10,173.194.187.70,,,37473,443,0,728,17
1584503124.7917,10.10.0.10,173.194.187.70,,,37473,443,0,48,17
1584503124.792337,173.194.187.70,10.10.0.10,,,443,37473,0,115,17
1584503124.792366,173.194.187.70,10.10.0.10,,,443,37473,0,1358,17
1584503124.792384,173.194.187.70,10.10.0.10,,,443,37473,0,1358,17
1584503124.7957082,10.10.0.10,173.194.187.70,,,37473,443,0,37,17
1584503124.796608,173.194.187.70,10.10.0.10,,,443,37473,0,1358,17
1584503124.7982519,10.10.0.10,173.194.187.70,,,37473,443,0,37,17
1584503124.8010616,173.194.187.70,10.10.0.10,,,443,37473,0,1358,17
1584503124.805528,173.194.187.70,10.10.0.10,,,443,37473,0,1358,17
1584503124.807105,10.10.0.10,173.194.187.70,,,37473,443,0,37,17
1584503124.8099759,173.194.187.70,10.10.0.10,,,443,37473,0,1358,17
1584503124.814431,173.194.187.70,10.10.0.10,,,443,37473,0,29,17
1584503124.814625,173.194.187.70,10.10.0.10,,,443,37473,0,1358,17
1584503124.8162382,10.10.0.10,173.194.187.70,,,37473,443,0,37,17
1584503124.81908,173.194.187.70,10.10.0.10,,,443,37473,0,1358,17
1584503124.823533,173.194.187.70,10.10.0.10,,,443,37473,0,1358,17
1584503124.825215,10.10.0.10,173.194.187.70,,,37473,443,0,37,17
1584503124.827989,173.194.187.70,10.10.0.10,,,443,37473,0,1358,17
1584503124.832449,173.194.187.70,10.10.0.10,,,443,37473,0,1358,17
1584503124.834834,10.10.0.10,173.194.187.70,,,37473,443,0,37,17
1584503124.8369038,173.194.187.70,10.10.0.10,,,443,37473,0,1358,17
1584503124.841353,173.194.187.70,10.10.0.10,,,443,37473,0,1358,17
1584503124.8434508,10.10.0.10,173.194.187.70,,,37473,443,0,37,17
1584503124.845815,173.194.187.70,10.10.0.10,,,443,37473,0,1358,17
1584503124.8502774,173.194.187.70,10.10.0.10,,,443,37473,0,1358,17
1584503124.8520658,10.10.0.10,173.194.187.70,,,37473,443,0,37,17
1584503124.854717,173.194.187.70,10.10.0.10,,,443,37473,0,1358,17
1584503124.859172,173.194.187.70,10.10.0.10,,,443,37473,0,1358,17
1584503124.863195,10.10.0.10,173.194.187.70,,,37473,443,0,37,17
1584503124.8636231,173.194.187.70,10.10.0.10,,,443,37473,0,1358,17
1584503124.868079,173.194.187.70,10.10.0.10,,,443,37473,0,1358,17
1584503124.8703492,10.10.0.10,173.194.187.70,,,37473,443,0,37,17
1584503124.872534,173.194.187.70,10.10.0.10,,,443,37473,0,1358,17
1584503124.876984,173.194.187.70,10.10.0.10,,,443,37473,0,1358,17
1584503124.87845,10.10.0.10,173.194.187.70,,,37473,443,0,37,17
1584503124.8814409,173.194.187.70,10.10.0.10,,,443,37473,0,1358,17
1584503124.885898,173.194.187.70,10.10.0.10,,,443,37473,0,1358,17
1584503124.887812,10.10.0.10,173.194.187.70,,,37473,443,0,37,17
1584503124.8903556,173.194.187.70,10.10.0.10,,,443,37473,0,1358,17
1584503124.8948028,173.194.187.70,10.10.0.10,,,443,37473,0,1358,17
1584503124.8971946,10.10.0.10,173.194.187.70,,,37473,443,0,37,17
1584503124.8992589,173.194.187.70,10.10.0.10,,,443,37473,0,1358,17
1584503124.9037259,173.194.187.70,10.10.0.10,,,443,37473,0,1358,17
1584503124.905599,10.10.0.10,173.194.187.70,,,37473,443,0,37,17
1584503124.908168,173.194.187.70,10.10.0.10,,,443,37473,0,1358,17
1584503124.9126348,173.194.187.70,10.10.0.10,,,443,37473,0,1358,17
1584503124.9141018,10.10.0.10,173.194.187.70,,,37473,443,0,37,17
1584503124.9170802,173.194.187.70,10.10.0.10,,,443,37473,0,1358,17
1584503124.921535,173.194.187.70,10.10.0.10,,,443,37473,0,1358,17
1584503124.923828,10.10.0.10,173.194.187.70,,,37473,443,0,37,17
1584503124.9259868,173.194.187.70,10.10.0.10,,,443,37473,0,1358,17
1584503124.930441,173.194.187.70,10.10.0.10,,,443,37473,0,1358,17
1584503124.934896,173.194.187.70,10.10.0.10,,,443,37473,0,1358,17
1584503124.937851,10.10.0.10,173.194.187.70,,,37473,443,0,37,17
1584503124.9393554,173.194.187.70,10.10.0.10,,,443,37473,0,1358,17
1584503124.941098,10.10.0.10,173.194.187.70,,,37473,443,0,37,17
1584503124.9438188,173.194.187.70,10.10.0.10,,,443,37473,0,1358,17
1584503124.948258,173.194.187.70,10.10.0.10,,,443,37473,0,1358,17
1584503124.949973,10.10.0.10,173.194.187.70,,,37473,443,0,37,17
1584503124.95272,173.194.187.70,10.10.0.10,,,443,37473,0,1358,17
1584503124.9571712,173.194.187.70,10.10.0.10,,,443,37473,0,1358,17
1584503124.9588692,10.10.0.10,173.194.187.70,,,37473,443,0,50,17
1584503124.9616456,173.194.187.70,10.10.0.10,,,443,37473,0,1358,17
1584503124.966076,173.194.187.70,10.10.0.10,,,443,37473,0,1358,17
1584503124.9676132,10.10.0.10,173.194.187.70,,,37473,443,0,37,17
1584503124.970534,173.194.187.70,10.10.0.10,,,443,37473,0,1358,17
1584503124.974984,173.194.187.70,10.10.0.10,,,443,37473,0,1358,17
1584503124.9783552,10.10.0.10,173.194.187.70,,,37473,443,0,37,17
1584503124.97944,173.194.187.70,10.10.0.10,,,443,37473,0,1358,17
1584503124.9838932,173.194.187.70,10.10.0.10,,,443,37473,0,1358,17
1584503124.986598,10.10.0.10,173.194.187.70,,,37473,443,0,37,17
1584503124.988346,173.194.187.70,10.10.0.10,,,443,37473,0,1358,17
1584503124.992816,173.194.187.70,10.10.0.10,,,443,37473,0,1358,17
1584503124.996224,10.10.0.10,173.194.187.70,,,37473,443,0,37,17
1584503124.997258,173.194.187.70,10.10.0.10,,,443,37473,0,1358,17
1584503125.0017092,173.194.187.70,10.10.0.10,,,443,37473,0,1358,17
1584503125.004599,10.10.0.10,173.194.187.70,,,37473,443,0,37,17
1584503125.0061634,173.194.187.70,10.10.0.10,,,443,37473,0,1358,17
1584503125.0106258,173.194.187.70,10.10.0.10,,,443,37473,0,1358,17
1584503125.0123296,10.10.0.10,173.194.187.70,,,37473,443,0,37,17
1584503125.0150812,173.194.187.70,10.10.0.10,,,443,37473,0,1358,17
1584503125.0195332,173.194.187.70,10.10.0.10,,,443,37473,0,1358,17
1584503125.0213182,10.10.0.10,173.194.187.70,,,37473,443,0,37,17
1584503125.023983,173.194.187.70,10.10.0.10,,,443,37473,0,1358,17
1584503125.028456,173.194.187.70,10.10.0.10,,,443,37473,0,1358,17
1584503125.030243,10.10.0.10,173.194.187.70,,,37473,443,0,37,17
1584503125.032896,173.194.187.70,10.10.0.10,,,443,37473,0,1358,17
1584503125.0373511,173.194.187.70,10.10.0.10,,,443,37473,0,1358,17
1584503125.039495,10.10.0.10,173.194.187.70,,,37473,443,0,37,17
1584503125.041805,173.194.187.70,10.10.0.10,,,443,37473,0,1358,17
1584503125.046255,173.194.187.70,10.10.0.10,,,443,37473,0,1358,17
1584503125.0477226,10.10.0.10,173.194.187.70,,,37473,443,0,37,17
1584503125.050713,173.194.187.70,10.10.0.10,,,443,37473,0,1358,17
1584503125.0551689,173.194.187.70,10.10.0.10,,,443,37473,0,1358,17
1584503125.0567448,10.10.0.10,173.194.187.70,,,37473,443,0,37,17
1584503125.0596418,173.194.187.70,10.10.0.10,,,443,37473,0,1358,17
1584503125.0640724,173.194.187.70,10.10.0.10,,,443,37473,0,1358,17
1584503125.0665958,10.10.0.10,173.194.187.70,,,37473,443,0,37,17
1584503125.0685306,173.194.187.70,10.10.0.10,,,443,37473,0,1358,17
1584503125.072986,173.194.187.70,10.10.0.10,,,443,37473,0,1358,17
1584503125.074742,10.10.0.10,173.194.187.70,,,37473,443,0,37,17
1584503125.0774539,173.194.187.70,10.10.0.10,,,443,37473,0,1358,17
1584503125.0818946,173.194.187.70,10.10.0.10,,,443,37473,0,1358,17
1584503125.083842,10.10.0.10,173.194.187.70,,,37473,443,0,37,17
1584503125.086349,173.194.187.70,10.10.0.10,,,443,37473,0,1358,17
1584503125.090802,173.194.187.70,10.10.0.10,,,443,37473,0,1358,17
1584503125.092616,10.10.0.10,173.194.187.70,,,37473,443,0,37,17
1584503125.095271,173.194.187.70,10.10.0.10,,,443,37473,0,1358,17
1584503125.099712,173.194.187.70,10.10.0.10,,,443,37473,0,1358,17
1584503125.101367,10.10.0.10,173.194.187.70,,,37473,443,0,37,17
1584503125.104162,173.194.187.70,10.10.0.10,,,443,37473,0,1358,17
1584503125.10864,173.194.187.70,10.10.0.10,,,443,37473,0,1358,17
1584503125.110471,10.10.0.10,173.194.187.70,,,37473,443,0,37,17
1584503125.1130779,173.194.187.70,10.10.0.10,,,443,37473,0,1358,17
1584503125.11753,173.194.187.70,10.10.0.10,,,443,37473,0,1358,17
1584503125.1202462,10.10.0.10,173.194.187.70,,,37473,443,0,37,17
1584503125.121986,173.194.187.70,10.10.0.10,,,443,37473,0,1358,17
1584503125.1264539,173.194.187.70,10.10.0.10,,,443,37473,0,1358,17
1584503125.1283462,10.10.0.10,173.194.187.70,,,37473,443,0,37,17
1584503125.1308956,173.194.187.70,10.10.0.10,,,443,37473,0,1358,17
1584503125.1353474,173.194.187.70,10.10.0.10,,,443,37473,0,1358,17
1584503125.1373491,10.10.0.10,173.194.187.70,,,37473,443,0,50,17
1584503125.139803,173.194.187.70,10.10.0.10,,,443,37473,0,1358,17
1584503125.144252,173.194.187.70,10.10.0.10,,,443,37473,0,1358,17
1584503125.14859,10.10.0.10,173.194.187.70,,,37473,443,0,37,17
1584503125.148707,173.194.187.70,10.10.0.10,,,443,37473,0,1358,17
1584503125.1531699,173.194.187.70,10.10.0.10,,,443,37473,0,1358,17
1584503125.155345,10.10.0.10,173.194.187.70,,,37473,443,0,37,17
1584503125.157639,173.194.187.70,10.10.0.10,,,443,37473,0,1358,17
1584503125.162078,173.194.187.70,10.10.0.10,,,443,37473,0,1358,17
1584503125.1638498,10.10.0.10,173.194.187.70,,,37473,443,0,37,17
1584503125.166528,173.194.187.70,10.10.0.10,,,443,37473,0,1358,17
1584503125.170984,173.194.187.70,10.10.0.10,,,443,37473,0,1358,17
1584503125.172586,10.10.0.10,173.194.187.70,,,37473,443,0,37,17
1584503125.1754522,173.194.187.70,10.10.0.10,,,443,37473,0,1358,17
1584503125.1798918,173.194.187.70,10.10.0.10,,,443,37473,0,1358,17
1584503125.181349,10.10.0.10,173.194.187.70,,,37473,443,0,37,17
1584503125.1843429,173.194.187.70,10.10.0.10,,,443,37473,0,1358,17
1584503125.1888,173.194.187.70,10.10.0.10,,,443,37473,0,1358,17
1584503125.1903481,10.10.0.10,173.194.187.70,,,37473,443,0,37,17
1584503125.193272,173.194.187.70,10.10.0.10,,,443,37473,0,1358,17
1584503125.197709,173.194.187.70,10.10.0.10,,,443,37473,0,1358,17
1584503125.200968,10.10.0.10,173.194.187.70,,,37473,443,0,37,17
1584503125.202163,173.194.187.70,10.10.0.10,,,443,37473,0,1358,17
1584503125.206639,173.194.187.70,10.10.0.10,,,443,37473,0,1358,17
1584503125.20821,10.10.0.10,173.194.187.70,,,37473,443,0,37,17
1584503125.2110758,173.194.187.70,10.10.0.10,,,443,37473,0,1358,17
1584503125.215527,173.194.187.70,10.10.0.10,,,443,37473,0,1358,17
1584503125.2173634,10.10.0.10,173.194.187.70,,,37473,443,0,37,17
1584503125.219977,173.194.187.70,10.10.0.10,,,443,37473,0,1358,17
1584503125.22445,173.194.187.70,10.10.0.10,,,443,37473,0,1358,17
1584503125.226066,10.10.0.10,173.194.187.70,,,37473,443,0,37,17
1584503125.22889,173.194.187.70,10.10.0.10,,,443,37473,0,1358,17
1584503125.233346,173.194.187.70,10.10.0.10,,,443,37473,0,1358,17
1584503125.235092,10.10.0.10,173.194.187.70,,,37473,443,0,37,17
1584503125.237799,173.194.187.70,10.10.0.10,,,443,37473,0,1358,17
1584503125.242265,173.194.187.70,10.10.0.10,,,443,37473,0,1358,17
1584503125.2437232,10.10.0.10,173.194.187.70,,,37473,443,0,37,17
1584503125.246708,173.194.187.70,10.10.0.10,,,443,37473,0,1358,17
1584503125.2511618,173.194.187.70,10.10.0.10,,,443,37473,0,1358,17
1584503125.2527368,10.10.0.10,173.194.187.70,,,37473,443,0,37,17
1584503125.2556374,173.194.187.70,10.10.0.10,,,443,37473,0,1358,17
1584503125.260066,173.194.187.70,10.10.0.10,,,443,37473,0,1358,17
1584503125.2615929,10.10.0.10,173.194.187.70,,,37473,443,0,37,17
1584503125.2645252,173.194.187.70,10.10.0.10,,,443,37473,0,1358,17
1584503125.268975,173.194.187.70,10.10.0.10,,,443,37473,0,1358,17
1584503125.2704678,10.10.0.10,173.194.187.70,,,37473,443,0,37,17
1584503125.273449,173.194.187.70,10.10.0.10,,,443,37473,0,1358,17
1584503125.2778852,173.194.187.70,10.10.0.10,,,443,37473,0,1358,17
1584503125.279599,10.10.0.10,173.194.187.70,,,37473,443,0,37,17
1584503125.2823439,173.194.187.70,10.10.0.10,,,443,37473,0,1358,17
1584503125.286798,173.194.187.70,10.10.0.10,,,443,37473,0,1358,17
1584503125.2883458,10.10.0.10,173.194.187.70,,,37473,443,0,37,17
1584503125.291263,173.194.187.70,10.10.0.10,,,443,37473,0,1358,17
1584503125.2957091,173.194.187.70,10.10.0.10,,,443,37473,0,1358,17
1584503125.2988338,10.10.0.10,173.194.187.70,,,37473,443,0,37,17
1584503125.300156,173.194.187.70,10.10.0.10,,,443,37473,0,1358,17
1584503125.3046348,173.194.187.70,10.10.0.10,,,443,37473,0,1358,17
1584503125.3079894,10.10.0.10,173.194.187.70,,,37473,443,0,37,17
1584503125.309073,173.194.187.70,10.10.0.10,,,443,37473,0,1358,17
1584503125.3135252,173.194.187.70,10.10.0.10,,,443,37473,0,1358,17
1584503125.31509,10.10.0.10,173.194.187.70,,,37473,443,0,50,17
1584503125.317978,173.194.187.70,10.10.0.10,,,443,37473,0,1358,17
1584503125.322447,173.194.187.70,10.10.0.10,,,443,37473,0,1358,17
1584503125.324464,10.10.0.10,173.194.187.70,,,37473,443,0,37,17
1584503125.326889,173.194.187.70,10.10.0.10,,,443,37473,0,1358,17
1584503125.331342,173.194.187.70,10.10.0.10,,,443,37473,0,1358,17
1584503125.333215,10.10.0.10,173.194.187.70,,,37473,443,0,37,17
1584503125.335799,173.194.187.70,10.10.0.10,,,443,37473,0,1358,17
1584503125.340248,173.194.187.70,10.10.0.10,,,443,37473,0,1358,17
1584503125.3418381,10.10.0.10,173.194.187.70,,,37473,443,0,37,17
1584503125.344704,173.194.187.70,10.10.0.10,,,443,37473,0,1358,17
1584503125.349159,173.194.187.70,10.10.0.10,,,443,37473,0,1358,17
1584503125.3508382,10.10.0.10,173.194.187.70,,,37473,443,0,37,17
1584503125.3536339,173.194.187.70,10.10.0.10,,,443,37473,0,1358,17
1584503125.358072,173.194.187.70,10.10.0.10,,,443,37473,0,1358,17
1584503125.3595812,10.10.0.10,173.194.187.70,,,37473,443,0,37,17
1584503125.3625224,173.194.187.70,10.10.0.10,,,443,37473,0,1358,17
1584503125.366978,173.194.187.70,10.10.0.10,,,443,37473,0,1358,17
1584503125.368609,10.10.0.10,173.194.187.70,,,37473,443,0,37,17
1584503125.3714461,173.194.187.70,10.10.0.10,,,443,37473,0,1358,17
1584503125.375888,173.194.187.70,10.10.0.10,,,443,37473,0,1358,17
1584503125.3790882,10.10.0.10,173.194.187.70,,,37473,443,0,37,17
1584503125.380336,173.194.187.70,10.10.0.10,,,443,37473,0,1358,17
1584503125.384793,173.194.187.70,10.10.0.10,,,443,37473,0,1358,17
1584503125.386732,10.10.0.10,173.194.187.70,,,37473,443,0,37,17
1584503125.38926,173.194.187.70,10.10.0.10,,,443,37473,0,1358,17
1584503125.393704,173.194.187.70,10.10.0.10,,,443,37473,0,1358,17
1584503125.395232,10.10.0.10,173.194.187.70,,,37473,443,0,37,17
1584503125.3981562,173.194.187.70,10.10.0.10,,,443,37473,0,1358,17
1584503125.402633,173.194.187.70,10.10.0.10,,,443,37473,0,1358,17
1584503125.4058578,10.10.0.10,173.194.187.70,,,37473,443,0,37,17
1584503125.407071,173.194.187.70,10.10.0.10,,,443,37473,0,1358,17
1584503125.4115171,173.194.187.70,10.10.0.10,,,443,37473,0,1358,17
1584503125.413234,10.10.0.10,173.194.187.70,,,37473,443,0,37,17
1584503125.4159718,173.194.187.70,10.10.0.10,,,443,37473,0,1358,17
1584503125.4204311,173.194.187.70,10.10.0.10,,,443,37473,0,1358,17
1584503125.4222045,10.10.0.10,173.194.187.70,,,37473,443,0,37,17
1584503125.4248881,173.194.187.70,10.10.0.10,,,443,37473,0,1358,17
1584503125.4293332,173.194.187.70,10.10.0.10,,,443,37473,0,1358,17
1584503125.430857,10.10.0.10,173.194.187.70,,,37473,443,0,37,17
1584503125.4337919,173.194.187.70,10.10.0.10,,,443,37473,0,1358,17
1584503125.4382598,173.194.187.70,10.10.0.10,,,443,37473,0,1358,17
1584503125.439855,10.10.0.10,173.194.187.70,,,37473,443,0,37,17
1584503125.442703,173.194.187.70,10.10.0.10,,,443,37473,0,1358,17
1584503125.4471571,173.194.187.70,10.10.0.10,,,443,37473,0,1358,17
1584503125.4488368,10.10.0.10,173.194.187.70,,,37473,443,0,37,17
1584503125.45163,173.194.187.70,10.10.0.10,,,443,37473,0,1358,17
1584503125.4560602,173.194.187.70,10.10.0.10,,,443,37473,0,1358,17
1584503125.457835,10.10.0.10,173.194.187.70,,,37473,443,0,37,17
1584503125.460518,173.194.187.70,10.10.0.10,,,443,37473,0,1358,17
1584503125.464976,173.194.187.70,10.10.0.10,,,443,37473,0,1358,17
1584503125.4665859,10.10.0.10,173.194.187.70,,,37473,443,0,37,17
1584503125.4694428,173.194.187.70,10.10.0.10,,,443,37473,0,1358,17
1584503125.473883,173.194.187.70,10.10.0.10,,,443,37473,0,1358,17
1584503125.475733,10.10.0.10,173.194.187.70,,,37473,443,0,37,17
1584503125.4783351,173.194.187.70,10.10.0.10,,,443,37473,0,1358,17
1584503125.482791,173.194.187.70,10.10.0.10,,,443,37473,0,1358,17
1584503125.484227,10.10.0.10,173.194.187.70,,,37473,443,0,37,17
1584503125.487258,173.194.187.70,10.10.0.10,,,443,37473,0,1358,17
1584503125.491698,173.194.187.70,10.10.0.10,,,443,37473,0,1358,17
1584503125.493237,10.10.0.10,173.194.187.70,,,37473,443,0,50,17
1584503125.496149,173.194.187.70,10.10.0.10,,,443,37473,0,1358,17
1584503125.500608,173.194.187.70,10.10.0.10,,,443,37473,0,1358,17
1584503125.5022302,10.10.0.10,173.194.187.70,,,37473,443,0,37,17
1584503125.5050669,173.194.187.70,10.10.0.10,,,443,37473,0,1358,17
1584503125.5095172,173.194.187.70,10.10.0.10,,,443,37473,0,1358,17
1584503125.5128536,10.10.0.10,173.194.187.70,,,37473,443,0,37,17
1584503125.5139732,173.194.187.70,10.10.0.10,,,443,37473,0,1358,17
1584503125.518442,173.194.187.70,10.10.0.10,,,443,37473,0,1358,17
1584503125.520215,10.10.0.10,173.194.187.70,,,37473,443,0,37,17
1584503125.522882,173.194.187.70,10.10.0.10,,,443,37473,0,1358,17
1584503125.5273302,173.194.187.70,10.10.0.10,,,443,37473,0,1358,17
1584503125.5290852,10.10.0.10,173.194.187.70,,,37473,443,0,37,17
1584503125.531789,173.194.187.70,10.10.0.10,,,443,37473,0,1358,17
1584503125.53624,173.194.187.70,10.10.0.10,,,443,37473,0,1358,17
1584503125.5377278,10.10.0.10,173.194.187.70,,,37473,443,0,37,17
1584503125.5407002,173.194.187.70,10.10.0.10,,,443,37473,0,1358,17
1584503125.545152,173.194.187.70,10.10.0.10,,,443,37473,0,1358,17
1584503125.546826,10.10.0.10,173.194.187.70,,,37473,443,0,37,17
1584503125.5496285,173.194.187.70,10.10.0.10,,,443,37473,0,1358,17
1584503125.554067,173.194.187.70,10.10.0.10,,,443,37473,0,1358,17
1584503125.555728,10.10.0.10,173.194.187.70,,,37473,443,0,37,17
1584503125.5585158,173.194.187.70,10.10.0.10,,,443,37473,0,1358,17
1584503125.5629704,173.194.187.70,10.10.0.10,,,443,37473,0,1358,17
1584503125.564728,10.10.0.10,173.194.187.70,,,37473,443,0,37,17
1584503125.5674202,173.194.187.70,10.10.0.10,,,443,37473,0,1358,17
1584503125.571881,173.194.187.70,10.10.0.10,,,443,37473,0,1358,17
1584503125.5737276,10.10.0.10,173.194.187.70,,,37473,443,0,37,17
1584503125.5763302,173.194.187.70,10.10.0.10,,,443,37473,0,1358,17
1584503125.5807881,173.194.187.70,10.10.0.10,,,443,37473,0,1358,17
1584503125.5826044,10.10.0.10,173.194.187.70,,,37473,443,0,37,17
1584503125.585249,173.194.187.70,10.10.0.10,,,443,37473,0,1358,17
1584503125.5896974,173.194.187.70,10.10.0.10,,,443,37473,0,1358,17
1584503125.5912259,10.10.0.10,173.194.187.70,,,37473,443,0,37,17
1584503125.594151,173.194.187.70,10.10.0.10,,,443,37473,0,1358,17
1584503125.5986269,173.194.187.70,10.10.0.10,,,443,37473,0,1358,17
1584503125.6030614,173.194.187.70,10.10.0.10,,,443,37473,0,1358,17
1584503125.607516,173.194.187.70,10.10.0.10,,,443,37473,0,1358,17
1584503125.611967,173.194.187.70,10.10.0.10,,,443,37473,0,1358,17
1584503125.612706,10.10.0.10,173.194.187.70,,,37473,443,0,37,17
1584503125.616439,173.194.187.70,10.10.0.10,,,443,37473,0,1358,17
1584503125.6180851,10.10.0.10,173.194.187.70,,,37473,443,0,37,17
1584503125.6195822,10.10.0.10,173.194.187.70,,,37473,443,0,37,17
1584503125.620878,173.194.187.70,10.10.0.10,,,443,37473,0,1358,17
1584503125.625333,173.194.187.70,10.10.0.10,,,443,37473,0,1358,17
1584503125.6268532,10.10.0.10,173.194.187.70,,,37473,443,0,37,17
1584503125.629786,173.194.187.70,10.10.0.10,,,443,37473,0,1358,17
1584503125.634252,173.194.187.70,10.10.0.10,,,443,37473,0,1358,17
1584503125.635705,10.10.0.10,173.194.187.70,,,37473,443,0,37,17
1584503125.638694,173.194.187.70,10.10.0.10,,,443,37473,0,1358,17
1584503125.6431491,173.194.187.70,10.10.0.10,,,443,37473,0,1358,17
1584503125.645705,10.10.0.10,173.194.187.70,,,37473,443,0,37,17
1584503125.647626,173.194.187.70,10.10.0.10,,,443,37473,0,1358,17
1584503125.6520526,173.194.187.70,10.10.0.10,,,443,37473,0,1358,17
1584503125.6540804,10.10.0.10,173.194.187.70,,,37473,443,0,37,17
1584503125.6565158,173.194.187.70,10.10.0.10,,,443,37473,0,1358,17
1584503125.660969,173.194.187.70,10.10.0.10,,,443,37473,0,1358,17
1584503125.662577,10.10.0.10,173.194.187.70,,,37473,443,0,37,17
1584503125.6654382,173.194.187.70,10.10.0.10,,,443,37473,0,1358,17
1584503125.669877,173.194.187.70,10.10.0.10,,,443,37473,0,1358,17
1584503125.671583,10.10.0.10,173.194.187.70,,,37473,443,0,50,17
1584503125.6743321,173.194.187.70,10.10.0.10,,,443,37473,0,1358,17
1584503125.678784,173.194.187.70,10.10.0.10,,,443,37473,0,1358,17
1584503125.6804738,10.10.0.10,173.194.187.70,,,37473,443,0,37,17
1584503125.6832519,173.194.187.70,10.10.0.10,,,443,37473,0,1358,17
1584503125.6876929,173.194.187.70,10.10.0.10,,,443,37473,0,29,17
1584503125.687887,173.194.187.70,10.10.0.10,,,443,37473,0,1358,17
1584503125.689323,10.10.0.10,173.194.187.70,,,37473,443,0,37,17
1584503125.692359,173.194.187.70,10.10.0.10,,,443,37473,0,1358,17
1584503125.6968124,173.194.187.70,10.10.0.10,,,443,37473,0,1358,17
1584503125.6983461,10.10.0.10,173.194.187.70,,,37473,443,0,37,17
1584503125.701258,173.194.187.70,10.10.0.10,,,443,37473,0,1358,17
1584503125.7057116,173.194.187.70,10.10.0.10,,,443,37473,0,1358,17
1584503125.7083228,10.10.0.10,173.194.187.70,,,37473,443,0,37,17
1584503125.710168,173.194.187.70,10.10.0.10,,,443,37473,0,1358,17
1584503125.7146258,173.194.187.70,10.10.0.10,,,443,37473,0,1358,17
1584503125.716078,10.10.0.10,173.194.187.70,,,37473,443,0,37,17
1584503125.719076,173.194.187.70,10.10.0.10,,,443,37473,0,1358,17
1584503125.7235322,173.194.187.70,10.10.0.10,,,443,37473,0,1358,17
1584503125.7254472,10.10.0.10,173.194.187.70,,,37473,443,0,37,17
1584503125.727983,173.194.187.70,10.10.0.10,,,443,37473,0,1358,17
1584503125.732441,173.194.187.70,10.10.0.10,,,443,37473,0,1358,17
1584503125.734473,10.10.0.10,173.194.187.70,,,37473,443,0,37,17
1584503125.736894,173.194.187.70,10.10.0.10,,,443,37473,0,1358,17
1584503125.7413461,173.194.187.70,10.10.0.10,,,443,37473,0,1358,17
1584503125.7429721,10.10.0.10,173.194.187.70,,,37473,443,0,37,17
1584503125.745811,173.194.187.70,10.10.0.10,,,443,37473,0,1358,17
1584503125.750256,173.194.187.70,10.10.0.10,,,443,37473,0,1358,17
1584503125.752351,10.10.0.10,173.194.187.70,,,37473,443,0,37,17
1584503125.7547162,173.194.187.70,10.10.0.10,,,443,37473,0,1358,17
1584503125.759165,173.194.187.70,10.10.0.10,,,443,37473,0,1358,17
1584503125.760847,10.10.0.10,173.194.187.70,,,37473,443,0,37,17
1584503125.763624,173.194.187.70,10.10.0.10,,,443,37473,0,1358,17
1584503125.768069,173.194.187.70,10.10.0.10,,,443,37473,0,1358,17
1584503125.769576,10.10.0.10,173.194.187.70,,,37473,443,0,37,17
1584503125.772529,173.194.187.70,10.10.0.10,,,443,37473,0,1358,17
1584503125.776997,173.194.187.70,10.10.0.10,,,443,37473,0,1358,17
1584503125.7788515,10.10.0.10,173.194.187.70,,,37473,443,0,37,17
1584503125.7814374,173.194.187.70,10.10.0.10,,,443,37473,0,1358,17
1584503125.7858918,173.194.187.70,10.10.0.10,,,443,37473,0,1358,17
1584503125.7875972,10.10.0.10,173.194.187.70,,,37473,443,0,37,17
1584503125.790357,173.194.187.70,10.10.0.10,,,443,37473,0,1358,17
1584503125.794815,173.194.187.70,10.10.0.10,,,443,37473,0,1358,17
1584503125.7962918,10.10.0.10,173.194.187.70,,,37473,443,0,37,17
1584503125.7992518,173.194.187.70,10.10.0.10,,,443,37473,0,1358,17
1584503125.803704,173.194.187.70,10.10.0.10,,,443,37473,0,1358,17
1584503125.805166,10.10.0.10,173.194.187.70,,,37473,443,0,37,17
1584503125.8081565,173.194.187.70,10.10.0.10,,,443,37473,0,1358,17
1584503125.81261,173.194.187.70,10.10.0.10,,,443,37473,0,1358,17
1584503125.815194,10.10.0.10,173.194.187.70,,,37473,443,0,37,17
1584503125.8170679,173.194.187.70,10.10.0.10,,,443,37473,0,1358,17
1584503125.821521,173.194.187.70,10.10.0.10,,,443,37473,0,1358,17
1584503125.823454,10.10.0.10,173.194.187.70,,,37473,443,0,37,17
1584503125.8259778,173.194.187.70,10.10.0.10,,,443,37473,0,1358,17
1584503125.83043,173.194.187.70,10.10.0.10,,,443,37473,0,1358,17
1584503125.832226,10.10.0.10,173.194.187.70,,,37473,443,0,37,17
1584503125.834884,173.194.187.70,10.10.0.10,,,443,37473,0,1358,17
1584503125.8393402,173.194.187.70,10.10.0.10,,,443,37473,0,1358,17
1584503125.8410368,10.10.0.10,173.194.187.70,,,37473,443,0,37,17
1584503125.843793,173.194.187.70,10.10.0.10,,,443,37473,0,1358,17
1584503125.848248,173.194.187.70,10.10.0.10,,,443,37473,0,1358,17
1584503125.8502202,10.10.0.10,173.194.187.70,,,37473,443,0,50,17
1584503125.852702,173.194.187.70,10.10.0.10,,,443,37473,0,1358,17
1584503125.857166,173.194.187.70,10.10.0.10,,,443,37473,0,1358,17
1584503125.8587232,10.10.0.10,173.194.187.70,,,37473,443,0,37,17
1584503125.8616178,173.194.187.70,10.10.0.10,,,443,37473,0,1358,17
1584503125.866065,173.194.187.70,10.10.0.10,,,443,37473,0,1358,17
1584503125.868072,10.10.0.10,173.194.187.70,,,37473,443,0,37,17
1584503125.8705199,173.194.187.70,10.10.0.10,,,443,37473,0,1358,17
1584503125.8749938,173.194.187.70,10.10.0.10,,,443,37473,0,29,17
1584503125.875173,173.194.187.70,10.10.0.10,,,443,37473,0,1358,17
1584503125.876587,10.10.0.10,173.194.187.70,,,37473,443,0,37,17
1584503125.879632,173.194.187.70,10.10.0.10,,,443,37473,0,1358,17
1584503125.884088,173.194.187.70,10.10.0.10,,,443,37473,0,1358,17
1584503125.8855689,10.10.0.10,173.194.187.70,,,37473,443,0,37,17
1584503125.8885405,173.194.187.70,10.10.0.10,,,443,37473,0,1358,17
1584503125.8929946,173.194.187.70,10.10.0.10,,,443,37473,0,1358,17
1584503125.895039,10.10.0.10,173.194.187.70,,,37473,443,0,40,17
1584503125.8974452,173.194.187.70,10.10.0.10,,,443,37473,0,1358,17
1584503125.89895,10.10.0.10,173.194.187.70,,,37473,443,0,37,17
1584503125.9019132,173.194.187.70,10.10.0.10,,,443,37473,0,1358,17
1584503125.906356,173.194.187.70,10.10.0.10,,,443,37473,0,1358,17
1584503125.9081798,10.10.0.10,173.194.187.70,,,37473,443,0,37,17
1584503125.910812,173.194.187.70,10.10.0.10,,,443,37473,0,1358,17
1584503125.9152641,173.194.187.70,10.10.0.10,,,443,37473,0,1358,17
1584503125.918962,10.10.0.10,173.194.187.70,,,37473,443,0,37,17
1584503125.9197252,173.194.187.70,10.10.0.10,,,443,37473,0,1358,17
1584503125.924174,173.194.187.70,10.10.0.10,,,443,37473,0,1358,17
1584503125.926594,10.10.0.10,173.194.187.70,,,37473,443,0,37,17
1584503125.928634,173.194.187.70,10.10.0.10,,,443,37473,0,1358,17
1584503125.93309,173.194.187.70,10.10.0.10,,,443,37473,0,1358,17
1584503125.935474,10.10.0.10,173.194.187.70,,,37473,443,0,37,17
1584503125.937554,173.194.187.70,10.10.0.10,,,443,37473,0,1358,17
1584503125.9420018,173.194.187.70,10.10.0.10,,,443,37473,0,1358,17
1584503125.943537,10.10.0.10,173.194.187.70,,,37473,443,0,37,17
1584503125.946448,173.194.187.70,10.10.0.10,,,443,37473,0,1358,17
1584503125.9508998,173.194.187.70,10.10.0.10,,,443,37473,0,1358,17
1584503125.953066,10.10.0.10,173.194.187.70,,,37473,443,0,37,17
1584503125.9553552,173.194.187.70,10.10.0.10,,,443,37473,0,1358,17
1584503125.959809,173.194.187.70,10.10.0.10,,,443,37473,0,1358,17
1584503125.963034,10.10.0.10,173.194.187.70,,,37473,443,0,37,17
1584503125.9642642,173.194.187.70,10.10.0.10,,,443,37473,0,1358,17
1584503125.968717,173.194.187.70,10.10.0.10,,,443,37473,0,1358,17
1584503125.970972,10.10.0.10,173.194.187.70,,,37473,443,0,37,17
1584503125.9731698,173.194.187.70,10.10.0.10,,,443,37473,0,1358,17
1584503125.9776268,173.194.187.70,10.10.0.10,,,443,37473,0,1358,17
1584503125.979072,10.10.0.10,173.194.187.70,,,37473,443,0,37,17
1584503125.982089,173.194.187.70,10.10.0.10,,,443,37473,0,1358,17
1584503125.986537,173.194.187.70,10.10.0.10,,,443,37473,0,1358,17
1584503125.9883482,10.10.0.10,173.194.187.70,,,37473,443,0,37,17
1584503125.990994,173.194.187.70,10.10.0.10,,,443,37473,0,1358,17
1584503125.9954472,173.194.187.70,10.10.0.10,,,443,37473,0,1358,17
1584503125.997153,10.10.0.10,173.194.187.70,,,37473,443,0,37,17
1584503125.999898,173.194.187.70,10.10.0.10,,,443,37473,0,1358,17
1584503126.004354,173.194.187.70,10.10.0.10,,,443,37473,0,1358,17
1584503126.006071,10.10.0.10,173.194.187.70,,,37473,443,0,37,17
1584503126.008807,173.194.187.70,10.10.0.10,,,443,37473,0,1358,17
1584503126.0132618,173.194.187.70,10.10.0.10,,,443,37473,0,1358,17
1584503126.0159054,10.10.0.10,173.194.187.70,,,37473,443,0,37,17
1584503126.017714,173.194.187.70,10.10.0.10,,,443,37473,0,1358,17
1584503126.0221708,173.194.187.70,10.10.0.10,,,443,37473,0,1358,17
1584503126.023841,10.10.0.10,173.194.187.70,,,37473,443,0,50,17
1584503126.026625,173.194.187.70,10.10.0.10,,,443,37473,0,1358,17
1584503126.031085,173.194.187.70,10.10.0.10,,,443,37473,0,1358,17
1584503126.03257,10.10.0.10,173.194.187.70,,,37473,443,0,37,17
1584503126.0355382,173.194.187.70,10.10.0.10,,,443,37473,0,1358,17
1584503126.0399892,173.194.187.70,10.10.0.10,,,443,37473,0,1358,17
1584503126.042159,10.10.0.10,173.194.187.70,,,37473,443,0,37,17
1584503126.044446,173.194.187.70,10.10.0.10,,,443,37473,0,1358,17
1584503126.048898,173.194.187.70,10.10.0.10,,,443,37473,0,1358,17
1584503126.053351,173.194.187.70,10.10.0.10,,,443,37473,0,1358,17
1584503126.057806,173.194.187.70,10.10.0.10,,,443,37473,0,1358,17
1584503126.0622606,173.194.187.70,10.10.0.10,,,443,37473,0,1358,17
1584503126.066719,173.194.187.70,10.10.0.10,,,443,37473,0,1358,17
1584503126.071168,173.194.187.70,10.10.0.10,,,443,37473,0,1358,17
1584503126.076593,10.10.0.10,173.194.187.70,,,37473,443,0,37,17
1584503126.0784678,10.10.0.10,173.194.187.70,,,37473,443,0,37,17
1584503126.0797124,10.10.0.10,173.194.187.70,,,37473,443,0,37,17
1584503126.0817091,173.194.187.70,10.10.0.10,,,443,37473,0,1358,17
1584503126.0834649,10.10.0.10,173.194.187.70,,,37473,443,0,37,17
1584503126.0860932,173.194.187.70,10.10.0.10,,,443,37473,0,1358,17
1584503126.086129,173.194.187.70,10.10.0.10,,,443,37473,0,1358,17
1584503126.0897028,10.10.0.10,173.194.187.70,,,37473,443,0,37,17
1584503126.09484,173.194.187.70,10.10.0.10,,,443,37473,0,1358,17
1584503126.094876,173.194.187.70,10.10.0.10,,,443,37473,0,1358,17
1584503126.096911,10.10.0.10,173.194.187.70,,,37473,443,0,37,17
1584503126.0988688,173.194.187.70,10.10.0.10,,,443,37473,0,1358,17
1584503126.1033251,173.194.187.70,10.10.0.10,,,443,37473,0,1358,17
1584503126.1050868,10.10.0.10,173.194.187.70,,,37473,443,0,37,17
1584503126.1077795,173.194.187.70,10.10.0.10,,,443,37473,0,1358,17
1584503126.1122339,173.194.187.70,10.10.0.10,,,443,37473,0,1358,17
1584503126.113966,10.10.0.10,173.194.187.70,,,37473,443,0,37,17
1584503126.116688,173.194.187.70,10.10.0.10,,,443,37473,0,1358,17
1584503126.1211472,173.194.187.70,10.10.0.10,,,443,37473,0,1358,17
1584503126.123589,10.10.0.10,173.194.187.70,,,37473,443,0,37,17
1584503126.1256142,173.194.187.70,10.10.0.10,,,443,37473,0,1358,17
1584503126.130049,173.194.187.70,10.10.0.10,,,443,37473,0,1358,17
1584503126.1319714,10.10.0.10,173.194.187.70,,,37473,443,0,37,17
1584503126.134508,173.194.187.70,10.10.0.10,,,443,37473,0,1358,17
1584503126.138958,173.194.187.70,10.10.0.10,,,443,37473,0,1358,17
1584503126.140586,10.10.0.10,173.194.187.70,,,37473,443,0,37,17
1584503126.143424,173.194.187.70,10.10.0.10,,,443,37473,0,1358,17
1584503126.147866,173.194.187.70,10.10.0.10,,,443,37473,0,1358,17
1584503126.149462,10.10.0.10,173.194.187.70,,,37473,443,0,37,17
1584503126.152318,173.194.187.70,10.10.0.10,,,443,37473,0,1358,17
1584503126.156777,173.194.187.70,10.10.0.10,,,443,37473,0,1358,17
1584503126.158441,10.10.0.10,173.194.187.70,,,37473,443,0,37,17
1584503126.1612382,173.194.187.70,10.10.0.10,,,443,37473,0,1358,17
1584503126.1656852,173.194.187.70,10.10.0.10,,,443,37473,0,1358,17
1584503126.1673381,10.10.0.10,173.194.187.70,,,37473,443,0,37,17
1584503126.1701384,173.194.187.70,10.10.0.10,,,443,37473,0,1358,17
1584503126.17461,173.194.187.70,10.10.0.10,,,443,37473,0,1358,17
1584503126.17671,10.10.0.10,173.194.187.70,,,37473,443,0,37,17
1584503126.179048,173.194.187.70,10.10.0.10,,,443,37473,0,1358,17
1584503126.183501,173.194.187.70,10.10.0.10,,,443,37473,0,1358,17
1584503126.185334,10.10.0.10,173.194.187.70,,,37473,443,0,37,17
1584503126.187956,173.194.187.70,10.10.0.10,,,443,37473,0,1358,17
1584503126.192408,173.194.187.70,10.10.0.10,,,443,37473,0,1358,17
1584503126.19394,10.10.0.10,173.194.187.70,,,37473,443,0,37,17
1584503126.196868,173.194.187.70,10.10.0.10,,,443,37473,0,1358,17
1584503126.201319,173.194.187.70,10.10.0.10,,,443,37473,0,1358,17
1584503126.2035651,10.10.0.10,173.194.187.70,,,37473,443,0,50,17
1584503126.205778,173.194.187.70,10.10.0.10,,,443,37473,0,1358,17
1584503126.210237,173.194.187.70,10.10.0.10,,,443,37473,0,1358,17
1584503126.212569,10.10.0.10,173.194.187.70,,,37473,443,0,37,17
1584503126.2146842,173.194.187.70,10.10.0.10,,,443,37473,0,1358,17
1584503126.219137,173.194.187.70,10.10.0.10,,,443,37473,0,1358,17
1584503126.2236106,173.194.187.70,10.10.0.10,,,443,37473,0,1358,17
1584503126.2248142,10.10.0.10,173.194.187.70,,,37473,443,0,37,17
1584503126.228042,173.194.187.70,10.10.0.10,,,443,37473,0,1358,17
1584503126.2324998,173.194.187.70,10.10.0.10,,,443,37473,0,1358,17
1584503126.232558,10.10.0.10,173.194.187.70,,,37473,443,0,37,17
1584503126.2369552,173.194.187.70,10.10.0.10,,,443,37473,0,1358,17
1584503126.2388358,10.10.0.10,173.194.187.70,,,37473,443,0,37,17
1584503126.2414222,173.194.187.70,10.10.0.10,,,443,37473,0,1358,17
1584503126.2458682,173.194.187.70,10.10.0.10,,,443,37473,0,1358,17
1584503126.247711,10.10.0.10,173.194.187.70,,,37473,443,0,37,17
1584503126.250319,173.194.187.70,10.10.0.10,,,443,37473,0,1358,17
1584503126.254777,173.194.187.70,10.10.0.10,,,443,37473,0,1358,17
1584503126.2564602,10.10.0.10,173.194.187.70,,,37473,443,0,37,17
1584503126.2592359,173.194.187.70,10.10.0.10,,,443,37473,0,1358,17
1584503126.2636852,173.194.187.70,10.10.0.10,,,443,37473,0,1358,17
1584503126.265195,10.10.0.10,173.194.187.70,,,37473,443,0,37,17
1584503126.2681308,173.194.187.70,10.10.0.10,,,443,37473,0,1358,17
1584503126.2726061,173.194.187.70,10.10.0.10,,,443,37473,0,1358,17
1584503126.2745638,10.10.0.10,173.194.187.70,,,37473,443,0,37,17
1584503126.2770462,173.194.187.70,10.10.0.10,,,443,37473,0,1358,17
1584503126.281499,173.194.187.70,10.10.0.10,,,443,37473,0,1358,17
1584503126.282939,10.10.0.10,173.194.187.70,,,37473,443,0,37,17
1584503126.2859519,173.194.187.70,10.10.0.10,,,443,37473,0,1358,17
1584503126.2904198,173.194.187.70,10.10.0.10,,,443,37473,0,1358,17
1584503126.291952,10.10.0.10,173.194.187.70,,,37473,443,0,37,17
1584503126.294863,173.194.187.70,10.10.0.10,,,443,37473,0,1358,17
1584503126.299318,173.194.187.70,10.10.0.10,,,443,37473,0,1358,17
1584503126.3009572,10.10.0.10,173.194.187.70,,,37473,443,0,37,17
1584503126.3037708,173.194.187.70,10.10.0.10,,,443,37473,0,1358,17
1584503126.308222,173.194.187.70,10.10.0.10,,,443,37473,0,1358,17
1584503126.309706,10.10.0.10,173.194.187.70,,,37473,443,0,37,17
1584503126.3126788,173.194.187.70,10.10.0.10,,,443,37473,0,1358,17
1584503126.317136,173.194.187.70,10.10.0.10,,,443,37473,0,1358,17
1584503126.318832,10.10.0.10,173.194.187.70,,,37473,443,0,37,17
1584503126.3216052,173.194.187.70,10.10.0.10,,,443,37473,0,1358,17
1584503126.3260438,173.194.187.70,10.10.0.10,,,443,37473,0,1358,17
1584503126.329581,10.10.0.10,173.194.187.70,,,37473,443,0,37,17
1584503126.330498,173.194.187.70,10.10.0.10,,,443,37473,0,1358,17
1584503126.3349473,173.194.187.70,10.10.0.10,,,443,37473,0,1358,17
1584503126.3364544,10.10.0.10,173.194.187.70,,,37473,443,0,37,17
1584503126.339419,173.194.187.70,10.10.0.10,,,443,37473,0,1358,17
1584503126.3438606,173.194.187.70,10.10.0.10,,,443,37473,0,1358,17
1584503126.346455,10.10.0.10,173.194.187.70,,,37473,443,0,37,17
1584503126.348312,173.194.187.70,10.10.0.10,,,443,37473,0,1358,17
1584503126.352769,173.194.187.70,10.10.0.10,,,443,37473,0,1358,17
1584503126.354704,10.10.0.10,173.194.187.70,,,37473,443,0,37,17
1584503126.357233,173.194.187.70,10.10.0.10,,,443,37473,0,1358,17
1584503126.3616786,173.194.187.70,10.10.0.10,,,443,37473,0,1358,17
1584503126.3633318,10.10.0.10,173.194.187.70,,,37473,443,0,37,17
1584503126.3661332,173.194.187.70,10.10.0.10,,,443,37473,0,1358,17
1584503126.3706045,173.194.187.70,10.10.0.10,,,443,37473,0,1358,17
1584503126.372333,10.10.0.10,173.194.187.70,,,37473,443,0,37,17
1584503126.375042,173.194.187.70,10.10.0.10,,,443,37473,0,1358,17
1584503126.379497,173.194.187.70,10.10.0.10,,,443,37473,0,1358,17
1584503126.3814359,10.10.0.10,173.194.187.70,,,37473,443,0,50,17
1584503126.3839526,173.194.187.70,10.10.0.10,,,443,37473,0,1358,17
1584503126.388417,173.194.187.70,10.10.0.10,,,443,37473,0,1358,17
1584503126.389934,10.10.0.10,173.194.187.70,,,37473,443,0,37,17
1584503126.3928602,173.194.187.70,10.10.0.10,,,443,37473,0,1358,17
1584503126.3973172,173.194.187.70,10.10.0.10,,,443,37473,0,1358,17
1584503126.3992019,10.10.0.10,173.194.187.70,,,37473,443,0,37,17
1584503126.401769,173.194.187.70,10.10.0.10,,,443,37473,0,1358,17
1584503126.406226,173.194.187.70,10.10.0.10,,,443,37473,0,1358,17
1584503126.408058,10.10.0.10,173.194.187.70,,,37473,443,0,37,17
1584503126.410683,173.194.187.70,10.10.0.10,,,443,37473,0,1358,17
1584503126.4151342,173.194.187.70,10.10.0.10,,,443,37473,0,1358,17
1584503126.4166849,10.10.0.10,173.194.187.70,,,37473,443,0,37,17
1584503126.419602,173.194.187.70,10.10.0.10,,,443,37473,0,1358,17
1584503126.4240348,173.194.187.70,10.10.0.10,,,443,37473,0,1358,17
1584503126.426321,10.10.0.10,173.194.187.70,,,37473,443,0,37,17
1584503126.428494,173.194.187.70,10.10.0.10,,,443,37473,0,1358,17
1584503126.43295,173.194.187.70,10.10.0.10,,,443,37473,0,1358,17
1584503126.43455,10.10.0.10,173.194.187.70,,,37473,443,0,37,17
1584503126.437416,173.194.187.70,10.10.0.10,,,443,37473,0,1358,17
1584503126.4418588,173.194.187.70,10.10.0.10,,,443,37473,0,1358,17
1584503126.4434528,10.10.0.10,173.194.187.70,,,37473,443,0,37,17
1584503126.446312,173.194.187.70,10.10.0.10,,,443,37473,0,1358,17
1584503126.450767,173.194.187.70,10.10.0.10,,,443,37473,0,1358,17
1584503126.4523091,10.10.0.10,173.194.187.70,,,37473,443,0,37,17
1584503126.455231,173.194.187.70,10.10.0.10,,,443,37473,0,1358,17
1584503126.4596765,173.194.187.70,10.10.0.10,,,443,37473,0,1358,17
1584503126.4615571,10.10.0.10,173.194.187.70,,,37473,443,0,37,17
1584503126.4641252,173.194.187.70,10.10.0.10,,,443,37473,0,1358,17
1584503126.468601,173.194.187.70,10.10.0.10,,,443,37473,0,1358,17
1584503126.4701722,10.10.0.10,173.194.187.70,,,37473,443,0,37,17
1584503126.4730392,173.194.187.70,10.10.0.10,,,443,37473,0,1358,17
1584503126.477494,173.194.187.70,10.10.0.10,,,443,37473,0,1358,17
1584503126.478936,10.10.0.10,173.194.187.70,,,37473,443,0,37,17
1584503126.4819546,173.194.187.70,10.10.0.10,,,443,37473,0,1358,17
1584503126.486413,173.194.187.70,10.10.0.10,,,443,37473,0,1358,17
1584503126.488056,10.10.0.10,173.194.187.70,,,37473,443,0,37,17
1584503126.4908571,173.194.187.70,10.10.0.10,,,443,37473,0,1358,17
1584503126.495311,173.194.187.70,10.10.0.10,,,443,37473,0,1358,17
1584503126.496953,10.10.0.10,173.194.187.70,,,37473,443,0,37,17
1584503126.499766,173.194.187.70,10.10.0.10,,,443,37473,0,1358,17
1584503126.504216,173.194.187.70,10.10.0.10,,,443,37473,0,1358,17
1584503126.5058286,10.10.0.10,173.194.187.70,,,37473,443,0,37,17
1584503126.508674,173.194.187.70,10.10.0.10,,,443,37473,0,1358,17
1584503126.513128,173.194.187.70,10.10.0.10,,,443,37473,0,1358,17
1584503126.5152009,10.10.0.10,173.194.187.70,,,37473,443,0,37,17
1584503126.5176,173.194.187.70,10.10.0.10,,,443,37473,0,1358,17
1584503126.522037,173.194.187.70,10.10.0.10,,,443,37473,0,1358,17
1584503126.523434,10.10.0.10,173.194.187.70,,,37473,443,0,37,17
1584503126.52649,173.194.187.70,10.10.0.10,,,443,37473,0,1358,17
1584503126.530947,173.194.187.70,10.10.0.10,,,443,37473,0,1358,17
1584503126.5331779,10.10.0.10,173.194.187.70,,,37473,443,0,37,17
1584503126.5354118,173.194.187.70,10.10.0.10,,,443,37473,0,1358,17
1584503126.539855,173.194.187.70,10.10.0.10,,,443,37473,0,1358,17
1584503126.5416794,10.10.0.10,173.194.187.70,,,37473,443,0,37,17
1584503126.5443046,173.194.187.70,10.10.0.10,,,443,37473,0,1358,17
1584503126.548768,173.194.187.70,10.10.0.10,,,443,37473,0,1358,17
1584503126.550704,10.10.0.10,173.194.187.70,,,37473,443,0,37,17
1584503126.553227,173.194.187.70,10.10.0.10,,,443,37473,0,1358,17
1584503126.557674,173.194.187.70,10.10.0.10,,,443,37473,0,1358,17
1584503126.5593252,10.10.0.10,173.194.187.70,,,37473,443,0,50,17
1584503126.5621262,173.194.187.70,10.10.0.10,,,443,37473,0,1358,17
1584503126.5665982,173.194.187.70,10.10.0.10,,,443,37473,0,1358,17
1584503126.568178,10.10.0.10,173.194.187.70,,,37473,443,0,37,17
1584503126.5710368,173.194.187.70,10.10.0.10,,,443,37473,0,1358,17
1584503126.575492,173.194.187.70,10.10.0.10,,,443,37473,0,1358,17
1584503126.5769286,10.10.0.10,173.194.187.70,,,37473,443,0,37,17
1584503126.579958,173.194.187.70,10.10.0.10,,,443,37473,0,1358,17
1584503126.5844119,173.194.187.70,10.10.0.10,,,443,37473,0,1358,17
1584503126.586198,10.10.0.10,173.194.187.70,,,37473,443,0,37,17
1584503126.5888536,173.194.187.70,10.10.0.10,,,443,37473,0,1358,17
1584503126.5933068,173.194.187.70,10.10.0.10,,,443,37473,0,1358,17
1584503126.594828,10.10.0.10,173.194.187.70,,,37473,443,0,37,17
1584503126.5977626,173.194.187.70,10.10.0.10,,,443,37473,0,1358,17
1584503126.602226,173.194.187.70,10.10.0.10,,,443,37473,0,1358,17
1584503126.6043026,10.10.0.10,173.194.187.70,,,37473,443,0,37,17
1584503126.606673,173.194.187.70,10.10.0.10,,,443,37473,0,1358,17
1584503126.6111262,173.194.187.70,10.10.0.10,,,443,37473,0,1358,17
1584503126.6153224,10.10.0.10,173.194.187.70,,,37473,443,0,37,17
1584503126.615575,173.194.187.70,10.10.0.10,,,443,37473,0,1358,17
1584503126.6200292,173.194.187.70,10.10.0.10,,,443,37473,0,1358,17
1584503126.6215448,10.10.0.10,173.194.187.70,,,37473,443,0,37,17
1584503126.624488,173.194.187.70,10.10.0.10,,,443,37473,0,1358,17
1584503126.6289446,173.194.187.70,10.10.0.10,,,443,37473,0,1358,17
1584503126.6310525,10.10.0.10,173.194.187.70,,,37473,443,0,37,17
1584503126.633412,173.194.187.70,10.10.0.10,,,443,37473,0,1358,17
1584503126.637855,173.194.187.70,10.10.0.10,,,443,37473,0,1358,17
1584503126.639446,10.10.0.10,173.194.187.70,,,37473,443,0,37,17
1584503126.642306,173.194.187.70,10.10.0.10,,,443,37473,0,1358,17
1584503126.646761,173.194.187.70,10.10.0.10,,,443,37473,0,1358,17
1584503126.6483018,10.10.0.10,173.194.187.70,,,37473,443,0,37,17
1584503126.6512098,173.194.187.70,10.10.0.10,,,443,37473,0,1358,17
1584503126.6556704,173.194.187.70,10.10.0.10,,,443,37473,0,1358,17
1584503126.657448,10.10.0.10,173.194.187.70,,,37473,443,0,37,17
1584503126.660119,173.194.187.70,10.10.0.10,,,443,37473,0,1358,17
1584503126.6645956,173.194.187.70,10.10.0.10,,,443,37473,0,1358,17
1584503126.666426,10.10.0.10,173.194.187.70,,,37473,443,0,37,17
1584503126.669033,173.194.187.70,10.10.0.10,,,443,37473,0,1358,17
1584503126.67348,173.194.187.70,10.10.0.10,,,443,37473,0,1358,17
1584503126.674926,10.10.0.10,173.194.187.70,,,37473,443,0,37,17
1584503126.677942,173.194.187.70,10.10.0.10,,,443,37473,0,1358,17
1584503126.682409,173.194.187.70,10.10.0.10,,,443,37473,0,1358,17
1584503126.683932,10.10.0.10,173.194.187.70,,,37473,443,0,37,17
1584503126.6868534,173.194.187.70,10.10.0.10,,,443,37473,0,1358,17
1584503126.6913092,173.194.187.70,10.10.0.10,,,443,37473,0,1358,17
1584503126.692802,10.10.0.10,173.194.187.70,,,37473,443,0,37,17
1584503126.69576,173.194.187.70,10.10.0.10,,,443,37473,0,1358,17
1584503126.700209,173.194.187.70,10.10.0.10,,,443,37473,0,1358,17
1584503126.7020528,10.10.0.10,173.194.187.70,,,37473,443,0,37,17
1584503126.704668,173.194.187.70,10.10.0.10,,,443,37473,0,1358,17
1584503126.709121,173.194.187.70,10.10.0.10,,,443,37473,0,1358,17
1584503126.7108188,10.10.0.10,173.194.187.70,,,37473,443,0,37,17
1584503126.713594,173.194.187.70,10.10.0.10,,,443,37473,0,1358,17
1584503126.718033,173.194.187.70,10.10.0.10,,,443,37473,0,1358,17
1584503126.7195468,10.10.0.10,173.194.187.70,,,37473,443,0,37,17
1584503126.722485,173.194.187.70,10.10.0.10,,,443,37473,0,1358,17
1584503126.7269402,173.194.187.70,10.10.0.10,,,443,37473,0,1358,17
1584503126.729551,10.10.0.10,173.194.187.70,,,37473,443,0,37,17
1584503126.731407,173.194.187.70,10.10.0.10,,,443,37473,0,1358,17
1584503126.735854,173.194.187.70,10.10.0.10,,,443,37473,0,1358,17
1584503126.7380161,10.10.0.10,173.194.187.70,,,37473,443,0,50,17
1584503126.7403011,173.194.187.70,10.10.0.10,,,443,37473,0,1358,17
1584503126.744753,173.194.187.70,10.10.0.10,,,443,37473,0,1358,17
1584503126.7468884,10.10.0.10,173.194.187.70,,,37473,443,0,37,17
1584503126.749226,173.194.187.70,10.10.0.10,,,443,37473,0,1358,17
1584503126.7536616,173.194.187.70,10.10.0.10,,,443,37473,0,1358,17
1584503126.755552,10.10.0.10,173.194.187.70,,,37473,443,0,37,17
1584503126.7581134,173.194.187.70,10.10.0.10,,,443,37473,0,1358,17
1584503126.762573,173.194.187.70,10.10.0.10,,,443,37473,0,1358,17
1584503126.764193,10.10.0.10,173.194.187.70,,,37473,443,0,37,17
1584503126.767026,173.194.187.70,10.10.0.10,,,443,37473,0,1358,17
1584503126.7714758,173.194.187.70,10.10.0.10,,,443,37473,0,1358,17
1584503126.773173,10.10.0.10,173.194.187.70,,,37473,443,0,37,17
1584503126.775933,173.194.187.70,10.10.0.10,,,443,37473,0,1358,17
1584503126.780388,173.194.187.70,10.10.0.10,,,443,37473,0,1358,17
1584503126.781888,10.10.0.10,173.194.187.70,,,37473,443,0,37,17
1584503126.784841,173.194.187.70,10.10.0.10,,,443,37473,0,1358,17
1584503126.789295,173.194.187.70,10.10.0.10,,,443,37473,0,1358,17
1584503126.7909224,10.10.0.10,173.194.187.70,,,37473,443,0,37,17
1584503126.7937481,173.194.187.70,10.10.0.10,,,443,37473,0,1358,17
1584503126.798206,173.194.187.70,10.10.0.10,,,443,37473,0,1358,17
1584503126.7999306,10.10.0.10,173.194.187.70,,,37473,443,0,37,17
1584503126.8026578,173.194.187.70,10.10.0.10,,,443,37473,0,1358,17
1584503126.80711,173.194.187.70,10.10.0.10,,,443,37473,0,1358,17
1584503126.8093052,10.10.0.10,173.194.187.70,,,37473,443,0,37,17
1584503126.811575,173.194.187.70,10.10.0.10,,,443,37473,0,1358,17
1584503126.8160222,173.194.187.70,10.10.0.10,,,443,37473,0,1358,17
1584503126.8179412,10.10.0.10,173.194.187.70,,,37473,443,0,37,17
1584503126.82048,173.194.187.70,10.10.0.10,,,443,37473,0,1358,17
1584503126.8249311,173.194.187.70,10.10.0.10,,,443,37473,0,1358,17
1584503126.8265116,10.10.0.10,173.194.187.70,,,37473,443,0,37,17
1584503126.829385,173.194.187.70,10.10.0.10,,,443,37473,0,1358,17
1584503126.833838,173.194.187.70,10.10.0.10,,,443,37473,0,1358,17
1584503126.8359306,10.10.0.10,173.194.187.70,,,37473,443,0,37,17
1584503126.838293,173.194.187.70,10.10.0.10,,,443,37473,0,1358,17
1584503126.8427632,173.194.187.70,10.10.0.10,,,443,37473,0,1358,17
1584503126.844306,10.10.0.10,173.194.187.70,,,37473,443,0,37,17
1584503126.8472052,173.194.187.70,10.10.0.10,,,443,37473,0,1358,17
1584503126.851656,173.194.187.70,10.10.0.10,,,443,37473,0,1358,17
1584503126.853174,10.10.0.10,173.194.187.70,,,37473,443,0,37,17
1584503126.8561091,173.194.187.70,10.10.0.10,,,443,37473,0,1358,17
1584503126.860591,173.194.187.70,10.10.0.10,,,443,37473,0,1358,17
1584503126.8635662,10.10.0.10,173.194.187.70,,,37473,443,0,37,17
1584503126.865025,173.194.187.70,10.10.0.10,,,443,37473,0,1358,17
1584503126.8694801,173.194.187.70,10.10.0.10,,,443,37473,0,1358,17
1584503126.871546,10.10.0.10,173.194.187.70,,,37473,443,0,37,17
1584503126.873933,173.194.187.70,10.10.0.10,,,443,37473,0,1358,17
1584503126.878387,173.194.187.70,10.10.0.10,,,443,37473,0,1358,17
1584503126.8798842,10.10.0.10,173.194.187.70,,,37473,443,0,37,17
1584503126.882838,173.194.187.70,10.10.0.10,,,443,37473,0,1358,17
1584503126.887291,173.194.187.70,10.10.0.10,,,443,37473,0,1358,17
1584503126.889192,10.10.0.10,173.194.187.70,,,37473,443,0,37,17
1584503126.8917592,173.194.187.70,10.10.0.10,,,443,37473,0,1358,17
1584503126.896199,173.194.187.70,10.10.0.10,,,443,37473,0,1358,17
1584503126.897798,10.10.0.10,173.194.187.70,,,37473,443,0,37,17
1584503126.900655,173.194.187.70,10.10.0.10,,,443,37473,0,1358,17
1584503126.9051092,173.194.187.70,10.10.0.10,,,443,37473,0,1358,17
1584503126.9076777,10.10.0.10,173.194.187.70,,,37473,443,0,37,17
1584503126.9095652,173.194.187.70,10.10.0.10,,,443,37473,0,1358,17
1584503126.914018,173.194.187.70,10.10.0.10,,,443,37473,0,1358,17
1584503126.9156964,10.10.0.10,173.194.187.70,,,37473,443,0,50,17
1584503126.918471,173.194.187.70,10.10.0.10,,,443,37473,0,1358,17
1584503126.9229262,173.194.187.70,10.10.0.10,,,443,37473,0,1358,17
1584503126.924508,10.10.0.10,173.194.187.70,,,37473,443,0,37,17
1584503126.927383,173.194.187.70,10.10.0.10,,,443,37473,0,1358,17
1584503126.931835,173.194.187.70,10.10.0.10,,,443,37473,0,1358,17
1584503126.934006,10.10.0.10,173.194.187.70,,,37473,443,0,37,17
1584503126.93629,173.194.187.70,10.10.0.10,,,443,37473,0,1358,17
1584503126.94076,173.194.187.70,10.10.0.10,,,443,37473,0,1358,17
1584503126.943563,10.10.0.10,173.194.187.70,,,37473,443,0,37,17
1584503126.945198,173.194.187.70,10.10.0.10,,,443,37473,0,1358,17
1584503126.9496539,173.194.187.70,10.10.0.10,,,443,37473,0,1358,17
1584503126.9512658,10.10.0.10,173.194.187.70,,,37473,443,0,37,17
1584503126.9541082,173.194.187.70,10.10.0.10,,,443,37473,0,1358,17
1584503126.958569,173.194.187.70,10.10.0.10,,,443,37473,0,1358,17
1584503126.9611788,10.10.0.10,173.194.187.70,,,37473,443,0,37,17
1584503126.963017,173.194.187.70,10.10.0.10,,,443,37473,0,1358,17
1584503126.967478,173.194.187.70,10.10.0.10,,,443,37473,0,1358,17
1584503126.969687,10.10.0.10,173.194.187.70,,,37473,443,0,37,17
1584503126.9719322,173.194.187.70,10.10.0.10,,,443,37473,0,1358,17
1584503126.97638,173.194.187.70,10.10.0.10,,,443,37473,0,1358,17
1584503126.9781306,10.10.0.10,173.194.187.70,,,37473,443,0,37,17
1584503126.980834,173.194.187.70,10.10.0.10,,,443,37473,0,1358,17
1584503126.9852884,173.194.187.70,10.10.0.10,,,443,37473,0,1358,17
1584503126.9869251,10.10.0.10,173.194.187.70,,,37473,443,0,37,17
1584503126.989757,173.194.187.70,10.10.0.10,,,443,37473,0,1358,17
1584503126.9942,173.194.187.70,10.10.0.10,,,443,37473,0,1358,17
1584503126.9963212,10.10.0.10,173.194.187.70,,,37473,443,0,37,17
1584503126.9986508,173.194.187.70,10.10.0.10,,,443,37473,0,1358,17
1584503127.0031052,173.194.187.70,10.10.0.10,,,443,37473,0,1358,17
1584503127.0052972,10.10.0.10,173.194.187.70,,,37473,443,0,37,17
1584503127.0075881,173.194.187.70,10.10.0.10,,,443,37473,0,1358,17
1584503127.012016,173.194.187.70,10.10.0.10,,,443,37473,0,1358,17
1584503127.013565,10.10.0.10,173.194.187.70,,,37473,443,0,37,17
1584503127.0164702,173.194.187.70,10.10.0.10,,,443,37473,0,1358,17
1584503127.0209308,173.194.187.70,10.10.0.10,,,443,37473,0,1358,17
1584503127.022408,10.10.0.10,173.194.187.70,,,37473,443,0,37,17
1584503127.025398,173.194.187.70,10.10.0.10,,,443,37473,0,1358,17
1584503127.029834,173.194.187.70,10.10.0.10,,,443,37473,0,1358,17
1584503127.031544,10.10.0.10,173.194.187.70,,,37473,443,0,37,17
1584503127.0342932,173.194.187.70,10.10.0.10,,,443,37473,0,1358,17
1584503127.0387492,173.194.187.70,10.10.0.10,,,443,37473,0,1358,17
1584503127.041167,10.10.0.10,173.194.187.70,,,37473,443,0,37,17
1584503127.0432124,173.194.187.70,10.10.0.10,,,443,37473,0,1358,17
1584503127.047655,173.194.187.70,10.10.0.10,,,443,37473,0,1358,17
1584503127.0491571,10.10.0.10,173.194.187.70,,,37473,443,0,37,17
1584503127.0521061,173.194.187.70,10.10.0.10,,,443,37473,0,1358,17
1584503127.056584,173.194.187.70,10.10.0.10,,,443,37473,0,1358,17
1584503127.058289,10.10.0.10,173.194.187.70,,,37473,443,0,37,17
1584503127.061016,173.194.187.70,10.10.0.10,,,443,37473,0,1358,17
1584503127.0654724,173.194.187.70,10.10.0.10,,,443,37473,0,1358,17
1584503127.067048,10.10.0.10,173.194.187.70,,,37473,443,0,37,17
1584503127.069929,173.194.187.70,10.10.0.10,,,443,37473,0,1358,17
1584503127.0743961,173.194.187.70,10.10.0.10,,,443,37473,0,1358,17
1584503127.0759141,10.10.0.10,173.194.187.70,,,37473,443,0,37,17
1584503127.078838,173.194.187.70,10.10.0.10,,,443,37473,0,1358,17
1584503127.0832908,173.194.187.70,10.10.0.10,,,443,37473,0,1358,17
1584503127.084791,10.10.0.10,173.194.187.70,,,37473,443,0,37,17
1584503127.0877476,173.194.187.70,10.10.0.10,,,443,37473,0,1358,17
1584503127.0921938,173.194.187.70,10.10.0.10,,,443,37473,0,1358,17
1584503127.093791,10.10.0.10,173.194.187.70,,,37473,443,0,50,17
1584503127.096657,173.194.187.70,10.10.0.10,,,443,37473,0,1358,17
1584503127.10111,173.194.187.70,10.10.0.10,,,443,37473,0,1358,17
1584503127.102663,10.10.0.10,173.194.187.70,,,37473,443,0,37,17
1584503127.1055589,173.194.187.70,10.10.0.10,,,443,37473,0,1358,17
1584503127.11002,173.194.187.70,10.10.0.10,,,443,37473,0,1358,17
1584503127.1131642,10.10.0.10,173.194.187.70,,,37473,443,0,37,17
1584503127.1144724,173.194.187.70,10.10.0.10,,,443,37473,0,1358,17
1584503127.118927,173.194.187.70,10.10.0.10,,,443,37473,0,1358,17
1584503127.120811,10.10.0.10,173.194.187.70,,,37473,443,0,37,17
1584503127.1233964,173.194.187.70,10.10.0.10,,,443,37473,0,1358,17
1584503127.1278362,173.194.187.70,10.10.0.10,,,443,37473,0,1358,17
1584503127.130054,10.10.0.10,173.194.187.70,,,37473,443,0,37,17
1584503127.1322849,173.194.187.70,10.10.0.10,,,443,37473,0,1358,17
1584503127.136744,173.194.187.70,10.10.0.10,,,443,37473,0,1358,17
1584503127.13916,10.10.0.10,173.194.187.70,,,37473,443,0,37,17
1584503127.1412108,173.194.187.70,10.10.0.10,,,443,37473,0,1358,17
1584503127.145648,173.194.187.70,10.10.0.10,,,443,37473,0,1358,17
1584503127.1501071,173.194.187.70,10.10.0.10,,,443,37473,0,1358,17
1584503127.151152,10.10.0.10,173.194.187.70,,,37473,443,0,37,17
1584503127.154581,173.194.187.70,10.10.0.10,,,443,37473,0,1358,17
1584503127.1569116,10.10.0.10,173.194.187.70,,,37473,443,0,37,17
1584503127.1590214,173.194.187.70,10.10.0.10,,,443,37473,0,1358,17
1584503127.163467,173.194.187.70,10.10.0.10,,,443,37473,0,1358,17
1584503127.165556,10.10.0.10,173.194.187.70,,,37473,443,0,37,17
1584503127.1679351,173.194.187.70,10.10.0.10,,,443,37473,0,1358,17
1584503127.1723802,173.194.187.70,10.10.0.10,,,443,37473,0,1358,17
1584503127.1743069,10.10.0.10,173.194.187.70,,,37473,443,0,37,17
1584503127.1768348,173.194.187.70,10.10.0.10,,,443,37473,0,1358,17
1584503127.181292,173.194.187.70,10.10.0.10,,,443,37473,0,1358,17
1584503127.18306,10.10.0.10,173.194.187.70,,,37473,443,0,37,17
1584503127.1857429,173.194.187.70,10.10.0.10,,,443,37473,0,1358,17
1584503127.190208,173.194.187.70,10.10.0.10,,,443,37473,0,1358,17
1584503127.192032,10.10.0.10,173.194.187.70,,,37473,443,0,37,17
1584503127.1946518,173.194.187.70,10.10.0.10,,,443,37473,0,1358,17
1584503127.199106,173.194.187.70,10.10.0.10,,,443,37473,0,1358,17
1584503127.2007859,10.10.0.10,173.194.187.70,,,37473,443,0,37,17
1584503127.203579,173.194.187.70,10.10.0.10,,,443,37473,0,1358,17
1584503127.20801,173.194.187.70,10.10.0.10,,,443,37473,0,1358,17
1584503127.2095401,10.10.0.10,173.194.187.70,,,37473,443,0,37,17
1584503127.2124689,173.194.187.70,10.10.0.10,,,443,37473,0,1358,17
1584503127.2169259,173.194.187.70,10.10.0.10,,,443,37473,0,1358,17
1584503127.21991,10.10.0.10,173.194.187.70,,,37473,443,0,37,17
1584503127.2213929,173.194.187.70,10.10.0.10,,,443,37473,0,1358,17
1584503127.225834,173.194.187.70,10.10.0.10,,,443,37473,0,1358,17
1584503127.22791,10.10.0.10,173.194.187.70,,,37473,443,0,37,17
1584503127.230288,173.194.187.70,10.10.0.10,,,443,37473,0,1358,17
1584503127.2347412,173.194.187.70,10.10.0.10,,,443,37473,0,1358,17
1584503127.236159,10.10.0.10,173.194.187.70,,,37473,443,0,37,17
1584503127.239209,173.194.187.70,10.10.0.10,,,443,37473,0,1358,17
1584503127.243651,173.194.187.70,10.10.0.10,,,443,37473,0,1358,17
1584503127.246058,10.10.0.10,173.194.187.70,,,37473,443,0,37,17
1584503127.2480989,173.194.187.70,10.10.0.10,,,443,37473,0,1358,17
1584503127.252577,173.194.187.70,10.10.0.10,,,443,37473,0,1358,17
1584503127.2540338,10.10.0.10,173.194.187.70,,,37473,443,0,37,17
1584503127.257017,173.194.187.70,10.10.0.10,,,443,37473,0,1358,17
1584503127.261466,173.194.187.70,10.10.0.10,,,443,37473,0,1358,17
1584503127.2635539,10.10.0.10,173.194.187.70,,,37473,443,0,37,17
1584503127.2659225,173.194.187.70,10.10.0.10,,,443,37473,0,1358,17
1584503127.270391,173.194.187.70,10.10.0.10,,,443,37473,0,1358,17
1584503127.2723012,10.10.0.10,173.194.187.70,,,37473,443,0,50,17
1584503127.274832,173.194.187.70,10.10.0.10,,,443,37473,0,1358,17
1584503127.2792852,173.194.187.70,10.10.0.10,,,443,37473,0,1358,17
1584503127.281407,10.10.0.10,173.194.187.70,,,37473,443,0,37,17
1584503127.28374,173.194.187.70,10.10.0.10,,,443,37473,0,1358,17
1584503127.2881892,173.194.187.70,10.10.0.10,,,443,37473,0,1358,17
1584503127.2896519,10.10.0.10,173.194.187.70,,,37473,443,0,37,17
1584503127.292649,173.194.187.70,10.10.0.10,,,443,37473,0,1358,17
1584503127.297103,173.194.187.70,10.10.0.10,,,443,37473,0,1358,17
1584503127.2989,10.10.0.10,173.194.187.70,,,37473,443,0,37,17
1584503127.302089,173.194.187.70,10.10.0.10,,,443,37473,0,1358,17
1584503127.306548,173.194.187.70,10.10.0.10,,,443,37473,0,1358,17
1584503127.3080258,10.10.0.10,173.194.187.70,,,37473,443,0,37,17
1584503127.311016,173.194.187.70,10.10.0.10,,,443,37473,0,1358,17
1584503127.315449,173.194.187.70,10.10.0.10,,,443,37473,0,1358,17
1584503127.317179,10.10.0.10,173.194.187.70,,,37473,443,0,37,17
1584503127.31991,173.194.187.70,10.10.0.10,,,443,37473,0,1358,17
1584503127.3243716,173.194.187.70,10.10.0.10,,,443,37473,0,1358,17
1584503127.32883,173.194.187.70,10.10.0.10,,,443,37473,0,1358,17
1584503127.333273,173.194.187.70,10.10.0.10,,,443,37473,0,1358,17
1584503127.337727,173.194.187.70,10.10.0.10,,,443,37473,0,1358,17
1584503127.3575332,10.10.0.10,173.194.187.70,,,37473,443,0,37,17
1584503127.3600008,173.194.187.70,10.10.0.10,,,443,37473,0,1358,17
1584503127.360153,10.10.0.10,173.194.187.70,,,37473,443,0,37,17
1584503127.361552,10.10.0.10,173.194.187.70,,,37473,443,0,37,17
1584503127.365203,173.194.187.70,10.10.0.10,,,443,37473,0,1358,17
1584503127.3652382,173.194.187.70,10.10.0.10,,,443,37473,0,1358,17
1584503127.367307,10.10.0.10,173.194.187.70,,,37473,443,0,37,17
1584503127.372654,173.194.187.70,10.10.0.10,,,443,37473,0,1358,17
1584503127.373457,173.194.187.70,10.10.0.10,,,443,37473,0,1358,17
1584503127.375658,10.10.0.10,173.194.187.70,,,37473,443,0,37,17
1584503127.37791,173.194.187.70,10.10.0.10,,,443,37473,0,1358,17
1584503127.3823671,173.194.187.70,10.10.0.10,,,443,37473,0,1358,17
1584503127.384655,10.10.0.10,173.194.187.70,,,37473,443,0,37,17
1584503127.3868284,173.194.187.70,10.10.0.10,,,443,37473,0,1358,17
1584503127.391274,173.194.187.70,10.10.0.10,,,443,37473,0,1358,17
1584503127.3930302,10.10.0.10,173.194.187.70,,,37473,443,0,37,17
1584503127.3957279,173.194.187.70,10.10.0.10,,,443,37473,0,1358,17
1584503127.400199,173.194.187.70,10.10.0.10,,,443,37473,0,1358,17
1584503127.402297,10.10.0.10,173.194.187.70,,,37473,443,0,37,17
1584503127.404638,173.194.187.70,10.10.0.10,,,443,37473,0,1358,17
1584503127.409092,173.194.187.70,10.10.0.10,,,443,37473,0,1358,17
1584503127.4107778,10.10.0.10,173.194.187.70,,,37473,443,0,37,17
1584503127.4135492,173.194.187.70,10.10.0.10,,,443,37473,0,1358,17
1584503127.418012,173.194.187.70,10.10.0.10,,,443,37473,0,1358,17
1584503127.4197981,10.10.0.10,173.194.187.70,,,37473,443,0,37,17
1584503127.422457,173.194.187.70,10.10.0.10,,,443,37473,0,1358,17
1584503127.4269085,173.194.187.70,10.10.0.10,,,443,37473,0,1358,17
1584503127.42852,10.10.0.10,173.194.187.70,,,37473,443,0,37,17
1584503127.431362,173.194.187.70,10.10.0.10,,,443,37473,0,1358,17
1584503127.4358268,173.194.187.70,10.10.0.10,,,443,37473,0,1358,17
1584503127.4374044,10.10.0.10,173.194.187.70,,,37473,443,0,37,17
1584503127.4402661,173.194.187.70,10.10.0.10,,,443,37473,0,1358,17
1584503127.444728,173.194.187.70,10.10.0.10,,,443,37473,0,1358,17
1584503127.446927,10.10.0.10,173.194.187.70,,,37473,443,0,37,17
1584503127.449179,173.194.187.70,10.10.0.10,,,443,37473,0,1358,17
1584503127.453636,173.194.187.70,10.10.0.10,,,443,37473,0,1358,17
1584503127.4566774,10.10.0.10,173.194.187.70,,,37473,443,0,37,17
1584503127.4580884,173.194.187.70,10.10.0.10,,,443,37473,0,1358,17
1584503127.4625475,173.194.187.70,10.10.0.10,,,443,37473,0,1358,17
1584503127.464534,10.10.0.10,173.194.187.70,,,37473,443,0,50,17
1584503127.467011,173.194.187.70,10.10.0.10,,,443,37473,0,1358,17
1584503127.471454,173.194.187.70,10.10.0.10,,,443,37473,0,1358,17
1584503127.473022,10.10.0.10,173.194.187.70,,,37473,443,0,37,17
1584503127.4759078,173.194.187.70,10.10.0.10,,,443,37473,0,1358,17
1584503127.480371,173.194.187.70,10.10.0.10,,,443,37473,0,1358,17
1584503127.4820418,10.10.0.10,173.194.187.70,,,37473,443,0,37,17
1584503127.484825,173.194.187.70,10.10.0.10,,,443,37473,0,1358,17
1584503127.4892714,173.194.187.70,10.10.0.10,,,443,37473,0,1358,17
1584503127.490782,10.10.0.10,173.194.187.70,,,37473,443,0,37,17
1584503127.493726,173.194.187.70,10.10.0.10,,,443,37473,0,1358,17
1584503127.498197,173.194.187.70,10.10.0.10,,,443,37473,0,1358,17
1584503127.499655,10.10.0.10,173.194.187.70,,,37473,443,0,37,17
1584503127.5026348,173.194.187.70,10.10.0.10,,,443,37473,0,1358,17
1584503127.507087,173.194.187.70,10.10.0.10,,,443,37473,0,1358,17
1584503127.508674,10.10.0.10,173.194.187.70,,,37473,443,0,37,17
1584503127.511542,173.194.187.70,10.10.0.10,,,443,37473,0,1358,17
1584503127.5160089,173.194.187.70,10.10.0.10,,,443,37473,0,1358,17
1584503127.5179012,10.10.0.10,173.194.187.70,,,37473,443,0,37,17
1584503127.5204508,173.194.187.70,10.10.0.10,,,443,37473,0,1358,17
1584503127.524904,173.194.187.70,10.10.0.10,,,443,37473,0,1358,17
1584503127.526782,10.10.0.10,173.194.187.70,,,37473,443,0,37,17
1584503127.529359,173.194.187.70,10.10.0.10,,,443,37473,0,1358,17
1584503127.533824,173.194.187.70,10.10.0.10,,,443,37473,0,1358,17
1584503127.535671,10.10.0.10,173.194.187.70,,,37473,443,0,37,17
1584503127.538269,173.194.187.70,10.10.0.10,,,443,37473,0,1358,17
1584503127.5427241,173.194.187.70,10.10.0.10,,,443,37473,0,1358,17
1584503127.5450268,10.10.0.10,173.194.187.70,,,37473,443,0,37,17
1584503127.547195,173.194.187.70,10.10.0.10,,,443,37473,0,1358,17
1584503127.5516331,173.194.187.70,10.10.0.10,,,443,37473,0,1358,17
1584503127.553421,10.10.0.10,173.194.187.70,,,37473,443,0,37,17
1584503127.556081,173.194.187.70,10.10.0.10,,,443,37473,0,1358,17
1584503127.5605412,173.194.187.70,10.10.0.10,,,443,37473,0,1358,17
1584503127.5625439,10.10.0.10,173.194.187.70,,,37473,443,0,37,17
1584503127.565008,173.194.187.70,10.10.0.10,,,443,37473,0,1358,17
1584503127.569452,173.194.187.70,10.10.0.10,,,443,37473,0,1358,17
1584503127.571167,10.10.0.10,173.194.187.70,,,37473,443,0,37,17
1584503127.5739038,173.194.187.70,10.10.0.10,,,443,37473,0,1358,17
1584503127.5783591,173.194.187.70,10.10.0.10,,,443,37473,0,1358,17
1584503127.5802689,10.10.0.10,173.194.187.70,,,37473,443,0,37,17
1584503127.582822,173.194.187.70,10.10.0.10,,,443,37473,0,1358,17
1584503127.5872679,173.194.187.70,10.10.0.10,,,443,37473,0,1358,17
1584503127.5889,10.10.0.10,173.194.187.70,,,37473,443,0,37,17
1584503127.591722,173.194.187.70,10.10.0.10,,,443,37473,0,1358,17
1584503127.59617,173.194.187.70,10.10.0.10,,,443,37473,0,1358,17
1584503127.597899,10.10.0.10,173.194.187.70,,,37473,443,0,37,17
1584503127.600632,173.194.187.70,10.10.0.10,,,443,37473,0,1358,17
1584503127.6050868,173.194.187.70,10.10.0.10,,,443,37473,0,1358,17
1584503127.6066694,10.10.0.10,173.194.187.70,,,37473,443,0,37,17
1584503127.6095395,173.194.187.70,10.10.0.10,,,443,37473,0,1358,17
1584503127.614005,173.194.187.70,10.10.0.10,,,443,37473,0,1358,17
1584503127.617168,10.10.0.10,173.194.187.70,,,37473,443,0,37,17
1584503127.618449,173.194.187.70,10.10.0.10,,,443,37473,0,1358,17
1584503127.6229026,173.194.187.70,10.10.0.10,,,443,37473,0,1358,17
1584503127.6244,10.10.0.10,173.194.187.70,,,37473,443,0,37,17
1584503127.627356,173.194.187.70,10.10.0.10,,,443,37473,0,1358,17
1584503127.631824,173.194.187.70,10.10.0.10,,,443,37473,0,1358,17
1584503127.633543,10.10.0.10,173.194.187.70,,,37473,443,0,37,17
1584503127.6362624,173.194.187.70,10.10.0.10,,,443,37473,0,1358,17
1584503127.640719,173.194.187.70,10.10.0.10,,,443,37473,0,1358,17
1584503127.642417,10.10.0.10,173.194.187.70,,,37473,443,0,50,17
1584503127.6451929,173.194.187.70,10.10.0.10,,,443,37473,0,1358,17
1584503127.64963,173.194.187.70,10.10.0.10,,,443,37473,0,1358,17
1584503127.6511712,10.10.0.10,173.194.187.70,,,37473,443,0,37,17
1584503127.6540835,173.194.187.70,10.10.0.10,,,443,37473,0,1358,17
1584503127.6585386,173.194.187.70,10.10.0.10,,,443,37473,0,1358,17
1584503127.660275,10.10.0.10,173.194.187.70,,,37473,443,0,37,17
1584503127.6629882,173.194.187.70,10.10.0.10,,,443,37473,0,1358,17
1584503127.667976,173.194.187.70,10.10.0.10,,,443,37473,0,1358,17
1584503127.669388,10.10.0.10,173.194.187.70,,,37473,443,0,37,17
1584503127.67244,173.194.187.70,10.10.0.10,,,443,37473,0,1358,17
1584503127.6768892,173.194.187.70,10.10.0.10,,,443,37473,0,1358,17
1584503127.678274,10.10.0.10,173.194.187.70,,,37473,443,0,37,17
1584503127.681344,173.194.187.70,10.10.0.10,,,443,37473,0,1358,17
1584503127.685816,173.194.187.70,10.10.0.10,,,443,37473,0,1358,17
1584503127.68777,10.10.0.10,173.194.187.70,,,37473,443,0,37,17
1584503127.690253,173.194.187.70,10.10.0.10,,,443,37473,0,1358,17
1584503127.694706,173.194.187.70,10.10.0.10,,,443,37473,0,1358,17
1584503127.6991642,173.194.187.70,10.10.0.10,,,443,37473,0,1358,17
1584503127.6994178,10.10.0.10,173.194.187.70,,,37473,443,0,37,17
1584503127.703629,173.194.187.70,10.10.0.10,,,443,37473,0,1358,17
1584503127.7056668,10.10.0.10,173.194.187.70,,,37473,443,0,37,17
1584503127.708065,173.194.187.70,10.10.0.10,,,443,37473,0,1358,17
1584503127.712523,173.194.187.70,10.10.0.10,,,443,37473,0,1358,17
1584503127.714416,10.10.0.10,173.194.187.70,,,37473,443,0,37,17
1584503127.7169788,173.194.187.70,10.10.0.10,,,443,37473,0,1358,17
1584503127.721444,173.194.187.70,10.10.0.10,,,443,37473,0,1358,17
1584503127.723041,10.10.0.10,173.194.187.70,,,37473,443,0,37,17
1584503127.725889,173.194.187.70,10.10.0.10,,,443,37473,0,1358,17
1584503127.730337,173.194.187.70,10.10.0.10,,,443,37473,0,1358,17
1584503127.732167,10.10.0.10,173.194.187.70,,,37473,443,0,37,17
1584503127.7348151,173.194.187.70,10.10.0.10,,,443,37473,0,1358,17
1584503127.739253,173.194.187.70,10.10.0.10,,,443,37473,0,1358,17
1584503127.7407875,10.10.0.10,173.194.187.70,,,37473,443,0,37,17
1584503127.743705,173.194.187.70,10.10.0.10,,,443,37473,0,1358,17
1584503127.748154,173.194.187.70,10.10.0.10,,,443,37473,0,1358,17
1584503127.7497902,10.10.0.10,173.194.187.70,,,37473,443,0,37,17
1584503127.752627,173.194.187.70,10.10.0.10,,,443,37473,0,1358,17
1584503127.7570698,173.194.187.70,10.10.0.10,,,443,37473,0,1358,17
1584503127.759041,10.10.0.10,173.194.187.70,,,37473,443,0,37,17
1584503127.7615228,173.194.187.70,10.10.0.10,,,443,37473,0,1358,17
1584503127.765977,173.194.187.70,10.10.0.10,,,443,37473,0,1358,17
1584503127.7676651,10.10.0.10,173.194.187.70,,,37473,443,0,37,17
1584503127.770441,173.194.187.70,10.10.0.10,,,443,37473,0,1358,17
1584503127.774888,173.194.187.70,10.10.0.10,,,443,37473,0,1358,17
1584503127.776417,10.10.0.10,173.194.187.70,,,37473,443,0,37,17
1584503127.7793422,173.194.187.70,10.10.0.10,,,443,37473,0,1358,17
1584503127.7838118,173.194.187.70,10.10.0.10,,,443,37473,0,1358,17
1584503127.785395,10.10.0.10,173.194.187.70,,,37473,443,0,37,17
1584503127.7882452,173.194.187.70,10.10.0.10,,,443,37473,0,1358,17
1584503127.7927036,173.194.187.70,10.10.0.10,,,443,37473,0,1358,17
1584503127.794287,10.10.0.10,173.194.187.70,,,37473,443,0,37,17
1584503127.79716,173.194.187.70,10.10.0.10,,,443,37473,0,1358,17
1584503127.801608,173.194.187.70,10.10.0.10,,,443,37473,0,1358,17
1584503127.8033571,10.10.0.10,173.194.187.70,,,37473,443,0,37,17
1584503127.8060632,173.194.187.70,10.10.0.10,,,443,37473,0,1358,17
1584503127.810518,173.194.187.70,10.10.0.10,,,443,37473,0,1358,17
1584503127.8121092,10.10.0.10,173.194.187.70,,,37473,443,0,37,17
1584503127.81497,173.194.187.70,10.10.0.10,,,443,37473,0,1358,17
1584503127.819422,173.194.187.70,10.10.0.10,,,443,37473,0,1358,17
1584503127.8238769,173.194.187.70,10.10.0.10,,,443,37473,0,1358,17
1584503127.824016,10.10.0.10,173.194.187.70,,,37473,443,0,50,17
1584503127.8283331,173.194.187.70,10.10.0.10,,,443,37473,0,1358,17
1584503127.8301628,10.10.0.10,173.194.187.70,,,37473,443,0,37,17
1584503127.832795,173.194.187.70,10.10.0.10,,,443,37473,0,1358,17
1584503127.8372445,173.194.187.70,10.10.0.10,,,443,37473,0,1358,17
1584503127.8391068,10.10.0.10,173.194.187.70,,,37473,443,0,37,17
1584503127.841697,173.194.187.70,10.10.0.10,,,443,37473,0,1358,17
1584503127.8461502,173.194.187.70,10.10.0.10,,,443,37473,0,1358,17
1584503127.84917,10.10.0.10,173.194.187.70,,,37473,443,0,37,17
1584503127.850606,173.194.187.70,10.10.0.10,,,443,37473,0,1358,17
1584503127.855059,173.194.187.70,10.10.0.10,,,443,37473,0,1358,17
1584503127.856857,10.10.0.10,173.194.187.70,,,37473,443,0,37,17
1584503127.859513,173.194.187.70,10.10.0.10,,,443,37473,0,1358,17
1584503127.863967,173.194.187.70,10.10.0.10,,,443,37473,0,1358,17
1584503127.867537,10.10.0.10,173.194.187.70,,,37473,443,0,37,17
1584503127.868422,173.194.187.70,10.10.0.10,,,443,37473,0,1358,17
1584503127.872881,173.194.187.70,10.10.0.10,,,443,37473,0,1358,17
1584503127.874381,10.10.0.10,173.194.187.70,,,37473,443,0,37,17
1584503127.8773332,173.194.187.70,10.10.0.10,,,443,37473,0,1358,17
1584503127.881814,173.194.187.70,10.10.0.10,,,443,37473,0,1358,17
1584503127.883538,10.10.0.10,173.194.187.70,,,37473,443,0,37,17
1584503127.8862429,173.194.187.70,10.10.0.10,,,443,37473,0,1358,17
1584503127.890698,173.194.187.70,10.10.0.10,,,443,37473,0,1358,17
1584503127.892225,10.10.0.10,173.194.187.70,,,37473,443,0,37,17
1584503127.8951461,173.194.187.70,10.10.0.10,,,443,37473,0,1358,17
1584503127.899602,173.194.187.70,10.10.0.10,,,443,37473,0,1358,17
1584503127.9011312,10.10.0.10,173.194.187.70,,,37473,443,0,37,17
1584503127.904055,173.194.187.70,10.10.0.10,,,443,37473,0,1358,17
1584503127.908511,173.194.187.70,10.10.0.10,,,443,37473,0,1358,17
1584503127.9102461,10.10.0.10,173.194.187.70,,,37473,443,0,37,17
1584503127.912981,173.194.187.70,10.10.0.10,,,443,37473,0,1358,17
1584503127.917421,173.194.187.70,10.10.0.10,,,443,37473,0,1358,17
1584503127.919661,10.10.0.10,173.194.187.70,,,37473,443,0,37,17
1584503127.92188,173.194.187.70,10.10.0.10,,,443,37473,0,1358,17
1584503127.926334,173.194.187.70,10.10.0.10,,,443,37473,0,1358,17
1584503127.92816,10.10.0.10,173.194.187.70,,,37473,443,0,37,17
1584503127.930808,173.194.187.70,10.10.0.10,,,443,37473,0,1358,17
1584503127.935239,173.194.187.70,10.10.0.10,,,443,37473,0,1358,17
1584503127.937266,10.10.0.10,173.194.187.70,,,37473,443,0,37,17
1584503127.9397,173.194.187.70,10.10.0.10,,,443,37473,0,1358,17
1584503127.9441473,173.194.187.70,10.10.0.10,,,443,37473,0,1358,17
1584503127.945608,10.10.0.10,173.194.187.70,,,37473,443,0,37,17
1584503127.949136,173.194.187.70,10.10.0.10,,,443,37473,0,1358,17
1584503127.953591,173.194.187.70,10.10.0.10,,,443,37473,0,1358,17
1584503127.955383,10.10.0.10,173.194.187.70,,,37473,443,0,37,17
1584503127.958044,173.194.187.70,10.10.0.10,,,443,37473,0,1358,17
1584503127.9624991,173.194.187.70,10.10.0.10,,,443,37473,0,1358,17
1584503127.965786,10.10.0.10,173.194.187.70,,,37473,443,0,37,17
1584503127.966953,173.194.187.70,10.10.0.10,,,443,37473,0,1358,17
1584503127.971416,173.194.187.70,10.10.0.10,,,443,37473,0,1358,17
1584503127.9731462,10.10.0.10,173.194.187.70,,,37473,443,0,37,17
1584503127.975862,173.194.187.70,10.10.0.10,,,443,37473,0,1358,17
1584503127.9803162,173.194.187.70,10.10.0.10,,,443,37473,0,1358,17
1584503127.98292,10.10.0.10,173.194.187.70,,,37473,443,0,37,17
1584503127.9847715,173.194.187.70,10.10.0.10,,,443,37473,0,1358,17
1584503127.989231,173.194.187.70,10.10.0.10,,,443,37473,0,1358,17
1584503127.9915311,10.10.0.10,173.194.187.70,,,37473,443,0,37,17
1584503127.9936838,173.194.187.70,10.10.0.10,,,443,37473,0,1358,17
1584503127.998136,173.194.187.70,10.10.0.10,,,443,37473,0,1358,17
1584503127.9996018,10.10.0.10,173.194.187.70,,,37473,443,0,50,17
1584503128.0025902,173.194.187.70,10.10.0.10,,,443,37473,0,1358,17
1584503128.007043,173.194.187.70,10.10.0.10,,,443,37473,0,1358,17
1584503128.0087645,10.10.0.10,173.194.187.70,,,37473,443,0,37,17
1584503128.011497,173.194.187.70,10.10.0.10,,,443,37473,0,1358,17
1584503128.01595,173.194.187.70,10.10.0.10,,,443,37473,0,1358,17
1584503128.018774,10.10.0.10,173.194.187.70,,,37473,443,0,37,17
1584503128.0204198,173.194.187.70,10.10.0.10,,,443,37473,0,1358,17
1584503128.0248609,173.194.187.70,10.10.0.10,,,443,37473,0,1358,17
1584503128.0263894,10.10.0.10,173.194.187.70,,,37473,443,0,37,17
1584503128.0293212,173.194.187.70,10.10.0.10,,,443,37473,0,1358,17
1584503128.033779,173.194.187.70,10.10.0.10,,,443,37473,0,1358,17
1584503128.035409,10.10.0.10,173.194.187.70,,,37473,443,0,37,17
1584503128.0382438,173.194.187.70,10.10.0.10,,,443,37473,0,1358,17
1584503128.042682,173.194.187.70,10.10.0.10,,,443,37473,0,1358,17
1584503128.044628,10.10.0.10,173.194.187.70,,,37473,443,0,37,17
1584503128.047138,173.194.187.70,10.10.0.10,,,443,37473,0,1358,17
1584503128.0515866,173.194.187.70,10.10.0.10,,,443,37473,0,1358,17
1584503128.053101,10.10.0.10,173.194.187.70,,,37473,443,0,37,17
1584503128.05604,173.194.187.70,10.10.0.10,,,443,37473,0,1358,17
1584503128.060498,173.194.187.70,10.10.0.10,,,443,37473,0,1358,17
1584503128.0637796,10.10.0.10,173.194.187.70,,,37473,443,0,37,17
1584503128.064952,173.194.187.70,10.10.0.10,,,443,37473,0,1358,17
1584503128.069404,173.194.187.70,10.10.0.10,,,443,37473,0,1358,17
1584503128.0728881,10.10.0.10,173.194.187.70,,,37473,443,0,37,17
1584503128.073859,173.194.187.70,10.10.0.10,,,443,37473,0,1358,17
1584503128.078312,173.194.187.70,10.10.0.10,,,443,37473,0,1358,17
1584503128.08153,10.10.0.10,173.194.187.70,,,37473,443,0,37,17
1584503128.082768,173.194.187.70,10.10.0.10,,,443,37473,0,1358,17
1584503128.0872269,173.194.187.70,10.10.0.10,,,443,37473,0,1358,17
1584503128.0891366,10.10.0.10,173.194.187.70,,,37473,443,0,37,17
1584503128.091674,173.194.187.70,10.10.0.10,,,443,37473,0,1358,17
1584503128.096129,173.194.187.70,10.10.0.10,,,443,37473,0,1358,17
1584503128.0995102,10.10.0.10,173.194.187.70,,,37473,443,0,37,17
1584503128.100587,173.194.187.70,10.10.0.10,,,443,37473,0,1358,17
1584503128.1050448,173.194.187.70,10.10.0.10,,,443,37473,0,1358,17
1584503128.106633,10.10.0.10,173.194.187.70,,,37473,443,0,37,17
1584503128.109499,173.194.187.70,10.10.0.10,,,443,37473,0,1358,17
1584503128.1139581,173.194.187.70,10.10.0.10,,,443,37473,0,1358,17
1584503128.1155288,10.10.0.10,173.194.187.70,,,37473,443,0,37,17
1584503128.1184292,173.194.187.70,10.10.0.10,,,443,37473,0,1358,17
1584503128.1228669,173.194.187.70,10.10.0.10,,,443,37473,0,1358,17
1584503128.124884,10.10.0.10,173.194.187.70,,,37473,443,0,37,17
1584503128.1273172,173.194.187.70,10.10.0.10,,,443,37473,0,1358,17
1584503128.1317706,173.194.187.70,10.10.0.10,,,443,37473,0,1358,17
1584503128.133528,10.10.0.10,173.194.187.70,,,37473,443,0,37,17
1584503128.1362212,173.194.187.70,10.10.0.10,,,443,37473,0,1358,17
1584503128.140681,173.194.187.70,10.10.0.10,,,443,37473,0,1358,17
1584503128.1425278,10.10.0.10,173.194.187.70,,,37473,443,0,37,17
1584503128.145138,173.194.187.70,10.10.0.10,,,443,37473,0,1358,17
1584503128.14959,173.194.187.70,10.10.0.10,,,443,37473,0,1358,17
1584503128.1511312,10.10.0.10,173.194.187.70,,,37473,443,0,37,17
1584503128.154056,173.194.187.70,10.10.0.10,,,443,37473,0,1358,17
1584503128.1584988,173.194.187.70,10.10.0.10,,,443,37473,0,1358,17
1584503128.160384,10.10.0.10,173.194.187.70,,,37473,443,0,37,17
1584503128.162959,173.194.187.70,10.10.0.10,,,443,37473,0,1358,17
1584503128.1674268,173.194.187.70,10.10.0.10,,,443,37473,0,1358,17
1584503128.170527,10.10.0.10,173.194.187.70,,,37473,443,0,37,17
1584503128.171865,173.194.187.70,10.10.0.10,,,443,37473,0,1358,17
1584503128.1763134,173.194.187.70,10.10.0.10,,,443,37473,0,1358,17
1584503128.1780279,10.10.0.10,173.194.187.70,,,37473,443,0,50,17
1584503128.180768,173.194.187.70,10.10.0.10,,,443,37473,0,1358,17
1584503128.18524,173.194.187.70,10.10.0.10,,,443,37473,0,1358,17
1584503128.186904,10.10.0.10,173.194.187.70,,,37473,443,0,37,17
1584503128.18968,173.194.187.70,10.10.0.10,,,443,37473,0,1358,17
1584503128.194133,173.194.187.70,10.10.0.10,,,443,37473,0,1358,17
1584503128.195776,10.10.0.10,173.194.187.70,,,37473,443,0,37,17
1584503128.1985831,173.194.187.70,10.10.0.10,,,443,37473,0,1358,17
1584503128.2030542,173.194.187.70,10.10.0.10,,,443,37473,0,1358,17
1584503128.204658,10.10.0.10,173.194.187.70,,,37473,443,0,37,17
1584503128.207493,173.194.187.70,10.10.0.10,,,443,37473,0,1358,17
1584503128.2119539,173.194.187.70,10.10.0.10,,,443,37473,0,1358,17
1584503128.214262,10.10.0.10,173.194.187.70,,,37473,443,0,37,17
1584503128.216418,173.194.187.70,10.10.0.10,,,443,37473,0,1358,17
1584503128.220864,173.194.187.70,10.10.0.10,,,443,37473,0,1358,17
1584503128.22315,10.10.0.10,173.194.187.70,,,37473,443,0,37,17
1584503128.2253149,173.194.187.70,10.10.0.10,,,443,37473,0,1358,17
1584503128.2297714,173.194.187.70,10.10.0.10,,,443,37473,0,1358,17
1584503128.232761,10.10.0.10,173.194.187.70,,,37473,443,0,37,17
1584503128.234241,173.194.187.70,10.10.0.10,,,443,37473,0,1358,17
1584503128.238679,173.194.187.70,10.10.0.10,,,443,37473,0,1358,17
1584503128.2403982,10.10.0.10,173.194.187.70,,,37473,443,0,37,17
1584503128.243135,173.194.187.70,10.10.0.10,,,443,37473,0,1358,17
1584503128.247586,173.194.187.70,10.10.0.10,,,443,37473,0,1358,17
1584503128.250005,10.10.0.10,173.194.187.70,,,37473,443,0,37,17
1584503128.2520359,173.194.187.70,10.10.0.10,,,443,37473,0,1358,17
1584503128.256495,173.194.187.70,10.10.0.10,,,443,37473,0,1358,17
1584503128.2582538,10.10.0.10,173.194.187.70,,,37473,443,0,37,17
1584503128.2609491,173.194.187.70,10.10.0.10,,,443,37473,0,1358,17
1584503128.2654028,173.194.187.70,10.10.0.10,,,443,37473,0,1358,17
1584503128.2689,10.10.0.10,173.194.187.70,,,37473,443,0,37,17
1584503128.269855,173.194.187.70,10.10.0.10,,,443,37473,0,1358,17
1584503128.274312,173.194.187.70,10.10.0.10,,,443,37473,0,1358,17
1584503128.2759712,10.10.0.10,173.194.187.70,,,37473,443,0,37,17
1584503128.278767,173.194.187.70,10.10.0.10,,,443,37473,0,1358,17
1584503128.2832358,173.194.187.70,10.10.0.10,,,443,37473,0,1358,17
1584503128.284773,10.10.0.10,173.194.187.70,,,37473,443,0,37,17
1584503128.2876759,173.194.187.70,10.10.0.10,,,443,37473,0,1358,17
1584503128.2921262,173.194.187.70,10.10.0.10,,,443,37473,0,1358,17
1584503128.294756,10.10.0.10,173.194.187.70,,,37473,443,0,37,17
1584503128.296587,173.194.187.70,10.10.0.10,,,443,37473,0,1358,17
1584503128.301051,173.194.187.70,10.10.0.10,,,443,37473,0,1358,17
1584503128.3024962,10.10.0.10,173.194.187.70,,,37473,443,0,37,17
1584503128.3054988,173.194.187.70,10.10.0.10,,,443,37473,0,1358,17
1584503128.3099492,173.194.187.70,10.10.0.10,,,443,37473,0,1358,17
1584503128.311503,10.10.0.10,173.194.187.70,,,37473,443,0,37,17
1584503128.314423,173.194.187.70,10.10.0.10,,,443,37473,0,1358,17
1584503128.318861,173.194.187.70,10.10.0.10,,,443,37473,0,1358,17
1584503128.3204038,10.10.0.10,173.194.187.70,,,37473,443,0,37,17
1584503128.3233109,173.194.187.70,10.10.0.10,,,443,37473,0,1358,17
1584503128.327761,173.194.187.70,10.10.0.10,,,443,37473,0,1358,17
1584503128.33013,10.10.0.10,173.194.187.70,,,37473,443,0,37,17
1584503128.332214,173.194.187.70,10.10.0.10,,,443,37473,0,1358,17
1584503128.3366704,173.194.187.70,10.10.0.10,,,443,37473,0,1358,17
1584503128.338131,10.10.0.10,173.194.187.70,,,37473,443,0,37,17
1584503128.3411288,173.194.187.70,10.10.0.10,,,443,37473,0,1358,17
1584503128.345584,173.194.187.70,10.10.0.10,,,443,37473,0,1358,17
1584503128.3476508,10.10.0.10,173.194.187.70,,,37473,443,0,37,17
1584503128.350033,173.194.187.70,10.10.0.10,,,443,37473,0,1358,17
1584503128.3544898,173.194.187.70,10.10.0.10,,,443,37473,0,1358,17
1584503128.356401,10.10.0.10,173.194.187.70,,,37473,443,0,50,17
1584503128.3589478,173.194.187.70,10.10.0.10,,,443,37473,0,1358,17
1584503128.3634222,173.194.187.70,10.10.0.10,,,443,37473,0,1358,17
1584503128.3652651,10.10.0.10,173.194.187.70,,,37473,443,0,37,17
1584503128.3678508,173.194.187.70,10.10.0.10,,,443,37473,0,1358,17
1584503128.372306,173.194.187.70,10.10.0.10,,,443,37473,0,1358,17
1584503128.37527,10.10.0.10,173.194.187.70,,,37473,443,0,37,17
1584503128.376764,173.194.187.70,10.10.0.10,,,443,37473,0,1358,17
1584503128.381234,173.194.187.70,10.10.0.10,,,443,37473,0,1358,17
1584503128.382751,10.10.0.10,173.194.187.70,,,37473,443,0,37,17
1584503128.385676,173.194.187.70,10.10.0.10,,,443,37473,0,1358,17
1584503128.390127,173.194.187.70,10.10.0.10,,,443,37473,0,1358,17
1584503128.391754,10.10.0.10,173.194.187.70,,,37473,443,0,37,17
1584503128.394583,173.194.187.70,10.10.0.10,,,443,37473,0,1358,17
1584503128.399048,173.194.187.70,10.10.0.10,,,443,37473,0,1358,17
1584503128.4007714,10.10.0.10,173.194.187.70,,,37473,443,0,37,17
1584503128.4034932,173.194.187.70,10.10.0.10,,,443,37473,0,1358,17
1584503128.407952,173.194.187.70,10.10.0.10,,,443,37473,0,1358,17
1584503128.4094946,10.10.0.10,173.194.187.70,,,37473,443,0,37,17
1584503128.412411,173.194.187.70,10.10.0.10,,,443,37473,0,1358,17
1584503128.416858,173.194.187.70,10.10.0.10,,,443,37473,0,1358,17
1584503128.4182508,10.10.0.10,173.194.187.70,,,37473,443,0,37,17
1584503128.4213052,173.194.187.70,10.10.0.10,,,443,37473,0,1358,17
1584503128.425765,173.194.187.70,10.10.0.10,,,443,37473,0,1358,17
1584503128.4273946,10.10.0.10,173.194.187.70,,,37473,443,0,37,17
1584503128.430233,173.194.187.70,10.10.0.10,,,443,37473,0,1358,17
1584503128.434673,173.194.187.70,10.10.0.10,,,443,37473,0,1358,17
1584503128.436522,10.10.0.10,173.194.187.70,,,37473,443,0,37,17
1584503128.439126,173.194.187.70,10.10.0.10,,,443,37473,0,1358,17
1584503128.443579,173.194.187.70,10.10.0.10,,,443,37473,0,1358,17
1584503128.445644,10.10.0.10,173.194.187.70,,,37473,443,0,37,17
1584503128.4480348,173.194.187.70,10.10.0.10,,,443,37473,0,1358,17
1584503128.4524908,173.194.187.70,10.10.0.10,,,443,37473,0,1358,17
1584503128.4546258,10.10.0.10,173.194.187.70,,,37473,443,0,37,17
1584503128.4569461,173.194.187.70,10.10.0.10,,,443,37473,0,1358,17
1584503128.461418,173.194.187.70,10.10.0.10,,,443,37473,0,1358,17
1584503128.4631238,10.10.0.10,173.194.187.70,,,37473,443,0,37,17
1584503128.465857,173.194.187.70,10.10.0.10,,,443,37473,0,1358,17
1584503128.4703062,173.194.187.70,10.10.0.10,,,443,37473,0,1358,17
1584503128.4731634,10.10.0.10,173.194.187.70,,,37473,443,0,37,17
1584503128.474762,173.194.187.70,10.10.0.10,,,443,37473,0,1358,17
1584503128.4792292,173.194.187.70,10.10.0.10,,,443,37473,0,1358,17
1584503128.481392,10.10.0.10,173.194.187.70,,,37473,443,0,37,17
1584503128.4838731,173.194.187.70,10.10.0.10,,,443,37473,0,1358,17
1584503128.4883401,173.194.187.70,10.10.0.10,,,443,37473,0,1358,17
1584503128.489873,10.10.0.10,173.194.187.70,,,37473,443,0,37,17
1584503128.4927962,173.194.187.70,10.10.0.10,,,443,37473,0,1358,17
1584503128.4972448,173.194.187.70,10.10.0.10,,,443,37473,0,1358,17
1584503128.498965,10.10.0.10,173.194.187.70,,,37473,443,0,37,17
1584503128.5017,173.194.187.70,10.10.0.10,,,443,37473,0,1358,17
1584503128.5061688,173.194.187.70,10.10.0.10,,,443,37473,0,1358,17
1584503128.5077472,10.10.0.10,173.194.187.70,,,37473,443,0,37,17
1584503128.510607,173.194.187.70,10.10.0.10,,,443,37473,0,1358,17
1584503128.5150619,173.194.187.70,10.10.0.10,,,443,37473,0,1358,17
1584503128.5168722,10.10.0.10,173.194.187.70,,,37473,443,0,37,17
1584503128.5195148,173.194.187.70,10.10.0.10,,,443,37473,0,1358,17
1584503128.523966,173.194.187.70,10.10.0.10,,,443,37473,0,1358,17
1584503128.5261226,10.10.0.10,173.194.187.70,,,37473,443,0,37,17
1584503128.528425,173.194.187.70,10.10.0.10,,,443,37473,0,1358,17
1584503128.53288,173.194.187.70,10.10.0.10,,,443,37473,0,1358,17
1584503128.53464,10.10.0.10,173.194.187.70,,,37473,443,0,50,17
1584503128.537333,173.194.187.70,10.10.0.10,,,443,37473,0,1358,17
1584503128.541787,173.194.187.70,10.10.0.10,,,443,37473,0,1358,17
1584503128.543345,10.10.0.10,173.194.187.70,,,37473,443,0,37,17
1584503128.5462446,173.194.187.70,10.10.0.10,,,443,37473,0,1358,17
1584503128.5506976,173.194.187.70,10.10.0.10,,,443,37473,0,1358,17
1584503128.5524971,10.10.0.10,173.194.187.70,,,37473,443,0,37,17
1584503128.55515,173.194.187.70,10.10.0.10,,,443,37473,0,1358,17
1584503128.559607,173.194.187.70,10.10.0.10,,,443,37473,0,1358,17
1584503128.561247,10.10.0.10,173.194.187.70,,,37473,443,0,37,17
1584503128.564054,173.194.187.70,10.10.0.10,,,443,37473,0,1358,17
1584503128.5685148,173.194.187.70,10.10.0.10,,,443,37473,0,1358,17
1584503128.5700195,10.10.0.10,173.194.187.70,,,37473,443,0,37,17
1584503128.572985,173.194.187.70,10.10.0.10,,,443,37473,0,1358,17
1584503128.577423,173.194.187.70,10.10.0.10,,,443,37473,0,1358,17
1584503128.5799706,10.10.0.10,173.194.187.70,,,37473,443,0,37,17
1584503128.5818794,173.194.187.70,10.10.0.10,,,443,37473,0,1358,17
1584503128.586333,173.194.187.70,10.10.0.10,,,443,37473,0,1358,17
1584503128.587974,10.10.0.10,173.194.187.70,,,37473,443,0,37,17
1584503128.5907981,173.194.187.70,10.10.0.10,,,443,37473,0,1358,17
1584503128.595242,173.194.187.70,10.10.0.10,,,443,37473,0,1358,17
1584503128.5968704,10.10.0.10,173.194.187.70,,,37473,443,0,37,17
1584503128.5996964,173.194.187.70,10.10.0.10,,,443,37473,0,1358,17
1584503128.6041448,173.194.187.70,10.10.0.10,,,443,37473,0,1358,17
1584503128.6086054,173.194.187.70,10.10.0.10,,,443,37473,0,1358,17
1584503128.613058,173.194.187.70,10.10.0.10,,,443,37473,0,1358,17
1584503128.617512,173.194.187.70,10.10.0.10,,,443,37473,0,1358,17
1584503128.6219769,173.194.187.70,10.10.0.10,,,443,37473,0,1358,17
1584503128.6264198,173.194.187.70,10.10.0.10,,,443,37473,0,1358,17
1584503128.636646,10.10.0.10,173.194.187.70,,,37473,443,0,37,17
1584503128.6381412,10.10.0.10,173.194.187.70,,,37473,443,0,37,17
1584503128.6387641,10.10.0.10,173.194.187.70,,,37473,443,0,37,17
1584503128.641777,173.194.187.70,10.10.0.10,,,443,37473,0,1358,17
1584503128.643639,10.10.0.10,173.194.187.70,,,37473,443,0,37,17
1584503128.6469884,173.194.187.70,10.10.0.10,,,443,37473,0,1358,17
1584503128.647024,173.194.187.70,10.10.0.10,,,443,37473,0,1358,17
1584503128.6491182,10.10.0.10,173.194.187.70,,,37473,443,0,37,17
1584503128.654187,173.194.187.70,10.10.0.10,,,443,37473,0,1358,17
1584503128.655242,173.194.187.70,10.10.0.10,,,443,37473,0,1358,17
1584503128.6577652,10.10.0.10,173.194.187.70,,,37473,443,0,37,17
1584503128.659693,173.194.187.70,10.10.0.10,,,443,37473,0,1358,17
1584503128.664165,173.194.187.70,10.10.0.10,,,443,37473,0,1358,17
1584503128.665735,10.10.0.10,173.194.187.70,,,37473,443,0,37,17
1584503128.668604,173.194.187.70,10.10.0.10,,,443,37473,0,1358,17
1584503128.673059,173.194.187.70,10.10.0.10,,,443,37473,0,1358,17
1584503128.6753938,10.10.0.10,173.194.187.70,,,37473,443,0,37,17
1584503128.677511,173.194.187.70,10.10.0.10,,,443,37473,0,1358,17
1584503128.681976,173.194.187.70,10.10.0.10,,,443,37473,0,1358,17
1584503128.6836169,10.10.0.10,173.194.187.70,,,37473,443,0,37,17
1584503128.6864214,173.194.187.70,10.10.0.10,,,443,37473,0,1358,17
1584503128.69088,173.194.187.70,10.10.0.10,,,443,37473,0,1358,17
1584503128.6923866,10.10.0.10,173.194.187.70,,,37473,443,0,37,17
1584503128.6953318,173.194.187.70,10.10.0.10,,,443,37473,0,1358,17
1584503128.699791,173.194.187.70,10.10.0.10,,,443,37473,0,1358,17
1584503128.7012348,10.10.0.10,173.194.187.70,,,37473,443,0,37,17
1584503128.704241,173.194.187.70,10.10.0.10,,,443,37473,0,1358,17
1584503128.708699,173.194.187.70,10.10.0.10,,,443,37473,0,1358,17
1584503128.710386,10.10.0.10,173.194.187.70,,,37473,443,0,37,17
1584503128.713161,173.194.187.70,10.10.0.10,,,443,37473,0,1358,17
1584503128.717604,173.194.187.70,10.10.0.10,,,443,37473,0,1358,17
1584503128.7192602,10.10.0.10,173.194.187.70,,,37473,443,0,50,17
1584503128.7220569,173.194.187.70,10.10.0.10,,,443,37473,0,1358,17
1584503128.7265148,173.194.187.70,10.10.0.10,,,443,37473,0,1358,17
1584503128.728372,10.10.0.10,173.194.187.70,,,37473,443,0,37,17
1584503128.7309752,173.194.187.70,10.10.0.10,,,443,37473,0,1358,17
1584503128.735423,173.194.187.70,10.10.0.10,,,443,37473,0,1358,17
1584503128.7374911,10.10.0.10,173.194.187.70,,,37473,443,0,37,17
1584503128.7398698,173.194.187.70,10.10.0.10,,,443,37473,0,1358,17
1584503128.7443259,173.194.187.70,10.10.0.10,,,443,37473,0,1358,17
1584503128.745833,10.10.0.10,173.194.187.70,,,37473,443,0,37,17
1584503128.748776,173.194.187.70,10.10.0.10,,,443,37473,0,1358,17
1584503128.75323,173.194.187.70,10.10.0.10,,,443,37473,0,1358,17
1584503128.7547688,10.10.0.10,173.194.187.70,,,37473,443,0,37,17
1584503128.757686,173.194.187.70,10.10.0.10,,,443,37473,0,1358,17
1584503128.7621422,173.194.187.70,10.10.0.10,,,443,37473,0,1358,17
1584503128.763826,10.10.0.10,173.194.187.70,,,37473,443,0,37,17
1584503128.766594,173.194.187.70,10.10.0.10,,,443,37473,0,1358,17
1584503128.771047,173.194.187.70,10.10.0.10,,,443,37473,0,1358,17
1584503128.7733269,10.10.0.10,173.194.187.70,,,37473,443,0,37,17
1584503128.775505,173.194.187.70,10.10.0.10,,,443,37473,0,1358,17
1584503128.779967,173.194.187.70,10.10.0.10,,,443,37473,0,1358,17
1584503128.7818522,10.10.0.10,173.194.187.70,,,37473,443,0,37,17
1584503128.784412,173.194.187.70,10.10.0.10,,,443,37473,0,1358,17
1584503128.7888658,173.194.187.70,10.10.0.10,,,443,37473,0,1358,17
1584503128.7908454,10.10.0.10,173.194.187.70,,,37473,443,0,37,17
1584503128.7933302,173.194.187.70,10.10.0.10,,,443,37473,0,1358,17
1584503128.797776,173.194.187.70,10.10.0.10,,,443,37473,0,1358,17
1584503128.799892,10.10.0.10,173.194.187.70,,,37473,443,0,37,17
1584503128.8022392,173.194.187.70,10.10.0.10,,,443,37473,0,1358,17
1584503128.806695,173.194.187.70,10.10.0.10,,,443,37473,0,1358,17
1584503128.8082118,10.10.0.10,173.194.187.70,,,37473,443,0,37,17
1584503128.811146,173.194.187.70,10.10.0.10,,,443,37473,0,1358,17
1584503128.815607,173.194.187.70,10.10.0.10,,,443,37473,0,1358,17
1584503128.8173301,10.10.0.10,173.194.187.70,,,37473,443,0,37,17
1584503128.820048,173.194.187.70,10.10.0.10,,,443,37473,0,1358,17
1584503128.8245082,173.194.187.70,10.10.0.10,,,443,37473,0,1358,17
1584503128.826239,10.10.0.10,173.194.187.70,,,37473,443,0,37,17
1584503128.8289561,173.194.187.70,10.10.0.10,,,443,37473,0,1358,17
1584503128.833411,173.194.187.70,10.10.0.10,,,443,37473,0,1358,17
1584503128.8364818,10.10.0.10,173.194.187.70,,,37473,443,0,37,17
1584503128.837871,173.194.187.70,10.10.0.10,,,443,37473,0,1358,17
1584503128.8423262,173.194.187.70,10.10.0.10,,,443,37473,0,1358,17
1584503128.8439732,10.10.0.10,173.194.187.70,,,37473,443,0,37,17
1584503128.8467882,173.194.187.70,10.10.0.10,,,443,37473,0,1358,17
1584503128.8512409,173.194.187.70,10.10.0.10,,,443,37473,0,1358,17
1584503128.8536134,10.10.0.10,173.194.187.70,,,37473,443,0,37,17
1584503128.85569,173.194.187.70,10.10.0.10,,,443,37473,0,1358,17
1584503128.8601382,173.194.187.70,10.10.0.10,,,443,37473,0,1358,17
1584503128.8617036,10.10.0.10,173.194.187.70,,,37473,443,0,37,17
1584503128.864599,173.194.187.70,10.10.0.10,,,443,37473,0,1358,17
1584503128.8690462,173.194.187.70,10.10.0.10,,,443,37473,0,1358,17
1584503128.870584,10.10.0.10,173.194.187.70,,,37473,443,0,37,17
1584503128.8735092,173.194.187.70,10.10.0.10,,,443,37473,0,1358,17
1584503128.877973,173.194.187.70,10.10.0.10,,,443,37473,0,1358,17
1584503128.882422,173.194.187.70,10.10.0.10,,,443,37473,0,1358,17
1584503128.8834598,10.10.0.10,173.194.187.70,,,37473,443,0,37,17
1584503128.886873,173.194.187.70,10.10.0.10,,,443,37473,0,1358,17
1584503128.88888,10.10.0.10,173.194.187.70,,,37473,443,0,37,17
1584503128.8913252,173.194.187.70,10.10.0.10,,,443,37473,0,1358,17
1584503128.8957849,173.194.187.70,10.10.0.10,,,443,37473,0,1358,17
1584503128.8992288,10.10.0.10,173.194.187.70,,,37473,443,0,50,17
1584503128.9002268,173.194.187.70,10.10.0.10,,,443,37473,0,1358,17
1584503128.904682,173.194.187.70,10.10.0.10,,,443,37473,0,1358,17
1584503128.906762,10.10.0.10,173.194.187.70,,,37473,443,0,37,17
1584503128.9091554,173.194.187.70,10.10.0.10,,,443,37473,0,1358,17
1584503128.913593,173.194.187.70,10.10.0.10,,,443,37473,0,1358,17
1584503128.9154522,10.10.0.10,173.194.187.70,,,37473,443,0,37,17
1584503128.918047,173.194.187.70,10.10.0.10,,,443,37473,0,1358,17
1584503128.9225054,173.194.187.70,10.10.0.10,,,443,37473,0,1358,17
1584503128.9241214,10.10.0.10,173.194.187.70,,,37473,443,0,37,17
1584503128.9269562,173.194.187.70,10.10.0.10,,,443,37473,0,1358,17
1584503128.931408,173.194.187.70,10.10.0.10,,,443,37473,0,1358,17
1584503128.933091,10.10.0.10,173.194.187.70,,,37473,443,0,37,17
1584503128.9358618,173.194.187.70,10.10.0.10,,,443,37473,0,1358,17
1584503128.940325,173.194.187.70,10.10.0.10,,,443,37473,0,1358,17
1584503128.9427252,10.10.0.10,173.194.187.70,,,37473,443,0,37,17
1584503128.9447699,173.194.187.70,10.10.0.10,,,443,37473,0,1358,17
1584503128.9492311,173.194.187.70,10.10.0.10,,,443,37473,0,1358,17
1584503128.950864,10.10.0.10,173.194.187.70,,,37473,443,0,37,17
1584503128.953686,173.194.187.70,10.10.0.10,,,443,37473,0,1358,17
1584503128.9581358,173.194.187.70,10.10.0.10,,,443,37473,0,1358,17
1584503128.959699,10.10.0.10,173.194.187.70,,,37473,443,0,37,17
1584503128.962589,173.194.187.70,10.10.0.10,,,443,37473,0,1358,17
1584503128.967043,173.194.187.70,10.10.0.10,,,443,37473,0,1358,17
1584503128.968736,10.10.0.10,173.194.187.70,,,37473,443,0,37,17
1584503128.9714954,173.194.187.70,10.10.0.10,,,443,37473,0,1358,17
1584503128.97595,173.194.187.70,10.10.0.10,,,443,37473,0,1358,17
1584503128.977724,10.10.0.10,173.194.187.70,,,37473,443,0,37,17
1584503128.980405,173.194.187.70,10.10.0.10,,,443,37473,0,1358,17
1584503128.984863,173.194.187.70,10.10.0.10,,,443,37473,0,1358,17
1584503128.987117,10.10.0.10,173.194.187.70,,,37473,443,0,37,17
1584503128.9893134,173.194.187.70,10.10.0.10,,,443,37473,0,1358,17
1584503128.9937706,173.194.187.70,10.10.0.10,,,443,37473,0,1358,17
1584503128.99788,10.10.0.10,173.194.187.70,,,37473,443,0,37,17
1584503128.998225,173.194.187.70,10.10.0.10,,,443,37473,0,1358,17
1584503129.00268,173.194.187.70,10.10.0.10,,,443,37473,0,1358,17
1584503129.004853,10.10.0.10,173.194.187.70,,,37473,443,0,37,17
1584503129.007153,173.194.187.70,10.10.0.10,,,443,37473,0,1358,17
1584503129.0115929,173.194.187.70,10.10.0.10,,,443,37473,0,1358,17
1584503129.0131,10.10.0.10,173.194.187.70,,,37473,443,0,37,17
1584503129.0160446,173.194.187.70,10.10.0.10,,,443,37473,0,1358,17
1584503129.0205019,173.194.187.70,10.10.0.10,,,443,37473,0,1358,17
1584503129.022232,10.10.0.10,173.194.187.70,,,37473,443,0,37,17
1584503129.024966,173.194.187.70,10.10.0.10,,,443,37473,0,1358,17
1584503129.02941,173.194.187.70,10.10.0.10,,,443,37473,0,1358,17
1584503129.031502,10.10.0.10,173.194.187.70,,,37473,443,0,37,17
1584503129.033865,173.194.187.70,10.10.0.10,,,443,37473,0,1358,17
1584503129.0383186,173.194.187.70,10.10.0.10,,,443,37473,0,1358,17
1584503129.0399716,10.10.0.10,173.194.187.70,,,37473,443,0,37,17
1584503129.0427802,173.194.187.70,10.10.0.10,,,443,37473,0,1358,17
1584503129.047227,173.194.187.70,10.10.0.10,,,443,37473,0,1358,17
1584503129.0491161,10.10.0.10,173.194.187.70,,,37473,443,0,37,17
1584503129.051684,173.194.187.70,10.10.0.10,,,443,37473,0,1358,17
1584503129.0561318,173.194.187.70,10.10.0.10,,,443,37473,0,1358,17
1584503129.057607,10.10.0.10,173.194.187.70,,,37473,443,0,37,17
1584503129.06059,173.194.187.70,10.10.0.10,,,443,37473,0,1358,17
1584503129.0650446,173.194.187.70,10.10.0.10,,,443,37473,0,1358,17
1584503129.066607,10.10.0.10,173.194.187.70,,,37473,443,0,37,17
1584503129.0694973,173.194.187.70,10.10.0.10,,,443,37473,0,1358,17
1584503129.073964,173.194.187.70,10.10.0.10,,,443,37473,0,1358,17
1584503129.075855,10.10.0.10,173.194.187.70,,,37473,443,0,50,17
1584503129.078407,173.194.187.70,10.10.0.10,,,443,37473,0,1358,17
1584503129.082863,173.194.187.70,10.10.0.10,,,443,37473,0,1358,17
1584503129.0843642,10.10.0.10,173.194.187.70,,,37473,443,0,37,17
1584503129.0873182,173.194.187.70,10.10.0.10,,,443,37473,0,1358,17
1584503129.091779,173.194.187.70,10.10.0.10,,,443,37473,0,1358,17
1584503129.093473,10.10.0.10,173.194.187.70,,,37473,443,0,37,17
1584503129.0962212,173.194.187.70,10.10.0.10,,,443,37473,0,1358,17
1584503129.100681,173.194.187.70,10.10.0.10,,,443,37473,0,1358,17
1584503129.102605,10.10.0.10,173.194.187.70,,,37473,443,0,37,17
1584503129.105151,173.194.187.70,10.10.0.10,,,443,37473,0,1358,17
1584503129.109589,173.194.187.70,10.10.0.10,,,443,37473,0,1358,17
1584503129.1113741,10.10.0.10,173.194.187.70,,,37473,443,0,37,17
1584503129.1140444,173.194.187.70,10.10.0.10,,,443,37473,0,1358,17
1584503129.1184974,173.194.187.70,10.10.0.10,,,443,37473,0,1358,17
1584503129.1227288,10.10.0.10,173.194.187.70,,,37473,443,0,37,17
1584503129.122948,173.194.187.70,10.10.0.10,,,443,37473,0,1358,17
1584503129.127408,173.194.187.70,10.10.0.10,,,443,37473,0,1358,17
1584503129.128999,10.10.0.10,173.194.187.70,,,37473,443,0,37,17
1584503129.131863,173.194.187.70,10.10.0.10,,,443,37473,0,1358,17
1584503129.136311,173.194.187.70,10.10.0.10,,,443,37473,0,1358,17
1584503129.137873,10.10.0.10,173.194.187.70,,,37473,443,0,37,17
1584503129.1407812,173.194.187.70,10.10.0.10,,,443,37473,0,1358,17
1584503129.145226,173.194.187.70,10.10.0.10,,,443,37473,0,1358,17
1584503129.147607,10.10.0.10,173.194.187.70,,,37473,443,0,37,17
1584503129.149679,173.194.187.70,10.10.0.10,,,443,37473,0,1358,17
1584503129.154148,173.194.187.70,10.10.0.10,,,443,37473,0,1358,17
1584503129.1561036,10.10.0.10,173.194.187.70,,,37473,443,0,37,17
1584503129.158587,173.194.187.70,10.10.0.10,,,443,37473,0,1358,17
1584503129.1630418,173.194.187.70,10.10.0.10,,,443,37473,0,1358,17
1584503129.1674972,173.194.187.70,10.10.0.10,,,443,37473,0,1358,17
1584503129.168385,10.10.0.10,173.194.187.70,,,37473,443,0,37,17
1584503129.1719599,173.194.187.70,10.10.0.10,,,443,37473,0,1358,17
1584503129.173594,10.10.0.10,173.194.187.70,,,37473,443,0,37,17
1584503129.1764038,173.194.187.70,10.10.0.10,,,443,37473,0,1358,17
1584503129.18086,173.194.187.70,10.10.0.10,,,443,37473,0,1358,17
1584503129.182978,10.10.0.10,173.194.187.70,,,37473,443,0,37,17
1584503129.1853142,173.194.187.70,10.10.0.10,,,443,37473,0,1358,17
1584503129.189775,173.194.187.70,10.10.0.10,,,443,37473,0,1358,17
1584503129.1914804,10.10.0.10,173.194.187.70,,,37473,443,0,37,17
1584503129.1942232,173.194.187.70,10.10.0.10,,,443,37473,0,1358,17
1584503129.198678,173.194.187.70,10.10.0.10,,,443,37473,0,1358,17
1584503129.200495,10.10.0.10,173.194.187.70,,,37473,443,0,37,17
1584503129.2031472,173.194.187.70,10.10.0.10,,,443,37473,0,1358,17
1584503129.2075858,173.194.187.70,10.10.0.10,,,443,37473,0,1358,17
1584503129.2091222,10.10.0.10,173.194.187.70,,,37473,443,0,37,17
1584503129.212036,173.194.187.70,10.10.0.10,,,443,37473,0,1358,17
1584503129.21649,173.194.187.70,10.10.0.10,,,443,37473,0,1358,17
1584503129.2183552,10.10.0.10,173.194.187.70,,,37473,443,0,37,17
1584503129.220967,173.194.187.70,10.10.0.10,,,443,37473,0,1358,17
1584503129.2254028,173.194.187.70,10.10.0.10,,,443,37473,0,1358,17
1584503129.227746,10.10.0.10,173.194.187.70,,,37473,443,0,37,17
1584503129.2298598,173.194.187.70,10.10.0.10,,,443,37473,0,1358,17
1584503129.2343118,173.194.187.70,10.10.0.10,,,443,37473,0,1358,17
1584503129.2361212,10.10.0.10,173.194.187.70,,,37473,443,0,37,17
1584503129.238774,173.194.187.70,10.10.0.10,,,443,37473,0,1358,17
1584503129.243223,173.194.187.70,10.10.0.10,,,443,37473,0,1358,17
1584503129.245106,10.10.0.10,173.194.187.70,,,37473,443,0,37,17
1584503129.2476838,173.194.187.70,10.10.0.10,,,443,37473,0,1358,17
1584503129.252125,173.194.187.70,10.10.0.10,,,443,37473,0,1358,17
1584503129.2539759,10.10.0.10,173.194.187.70,,,37473,443,0,50,17
1584503129.256585,173.194.187.70,10.10.0.10,,,443,37473,0,1358,17
1584503129.2583716,10.10.0.10,173.194.187.70,,,37473,443,0,40,17
1584503129.261039,173.194.187.70,10.10.0.10,,,443,37473,0,1358,17
1584503129.263982,10.10.0.10,173.194.187.70,,,37473,443,0,37,17
1584503129.265497,173.194.187.70,10.10.0.10,,,443,37473,0,1358,17
1584503129.269943,173.194.187.70,10.10.0.10,,,443,37473,0,1358,17
1584503129.271871,10.10.0.10,173.194.187.70,,,37473,443,0,37,17
1584503129.274402,173.194.187.70,10.10.0.10,,,443,37473,0,1358,17
1584503129.278857,173.194.187.70,10.10.0.10,,,443,37473,0,1358,17
1584503129.28263,10.10.0.10,173.194.187.70,,,37473,443,0,37,17
1584503129.283313,173.194.187.70,10.10.0.10,,,443,37473,0,1358,17
1584503129.2877731,173.194.187.70,10.10.0.10,,,443,37473,0,1358,17
1584503129.2892294,10.10.0.10,173.194.187.70,,,37473,443,0,37,17
1584503129.292215,173.194.187.70,10.10.0.10,,,443,37473,0,1358,17
1584503129.296676,173.194.187.70,10.10.0.10,,,443,37473,0,1358,17
1584503129.29985,10.10.0.10,173.194.187.70,,,37473,443,0,37,17
1584503129.301144,173.194.187.70,10.10.0.10,,,443,37473,0,1358,17
1584503129.3055868,173.194.187.70,10.10.0.10,,,443,37473,0,1358,17
1584503129.3071,10.10.0.10,173.194.187.70,,,37473,443,0,37,17
1584503129.310038,173.194.187.70,10.10.0.10,,,443,37473,0,1358,17
1584503129.314501,173.194.187.70,10.10.0.10,,,443,37473,0,1358,17
1584503129.316474,10.10.0.10,173.194.187.70,,,37473,443,0,37,17
1584503129.318957,173.194.187.70,10.10.0.10,,,443,37473,0,1358,17
1584503129.3234,173.194.187.70,10.10.0.10,,,443,37473,0,1358,17
1584503129.324974,10.10.0.10,173.194.187.70,,,37473,443,0,37,17
1584503129.3278522,173.194.187.70,10.10.0.10,,,443,37473,0,1358,17
1584503129.332304,173.194.187.70,10.10.0.10,,,443,37473,0,1358,17
1584503129.333852,10.10.0.10,173.194.187.70,,,37473,443,0,37,17
1584503129.3367708,173.194.187.70,10.10.0.10,,,443,37473,0,1358,17
1584503129.3412132,173.194.187.70,10.10.0.10,,,443,37473,0,1358,17
1584503129.342728,10.10.0.10,173.194.187.70,,,37473,443,0,37,17
1584503129.3456678,173.194.187.70,10.10.0.10,,,443,37473,0,1358,17
1584503129.350143,173.194.187.70,10.10.0.10,,,443,37473,0,1358,17
1584503129.3516169,10.10.0.10,173.194.187.70,,,37473,443,0,37,17
1584503129.3545759,173.194.187.70,10.10.0.10,,,443,37473,0,1358,17
1584503129.3590348,173.194.187.70,10.10.0.10,,,443,37473,0,1358,17
1584503129.3608518,10.10.0.10,173.194.187.70,,,37473,443,0,37,17
1584503129.363503,173.194.187.70,10.10.0.10,,,443,37473,0,1358,17
1584503129.3679411,173.194.187.70,10.10.0.10,,,443,37473,0,1358,17
1584503129.369618,10.10.0.10,173.194.187.70,,,37473,443,0,37,17
1584503129.372393,173.194.187.70,10.10.0.10,,,443,37473,0,1358,17
1584503129.376858,173.194.187.70,10.10.0.10,,,443,37473,0,1358,17
1584503129.378597,10.10.0.10,173.194.187.70,,,37473,443,0,37,17
1584503129.3813062,173.194.187.70,10.10.0.10,,,443,37473,0,1358,17
1584503129.3857698,173.194.187.70,10.10.0.10,,,443,37473,0,1358,17
1584503129.387367,10.10.0.10,173.194.187.70,,,37473,443,0,37,17
1584503129.390216,173.194.187.70,10.10.0.10,,,443,37473,0,1358,17
1584503129.3946712,173.194.187.70,10.10.0.10,,,443,37473,0,1358,17
1584503129.396249,10.10.0.10,173.194.187.70,,,37473,443,0,37,17
1584503129.399141,173.194.187.70,10.10.0.10,,,443,37473,0,1358,17
1584503129.403579,173.194.187.70,10.10.0.10,,,443,37473,0,1358,17
1584503129.4052222,10.10.0.10,173.194.187.70,,,37473,443,0,37,17
1584503129.4080286,173.194.187.70,10.10.0.10,,,443,37473,0,1358,17
1584503129.4124892,173.194.187.70,10.10.0.10,,,443,37473,0,1358,17
1584503129.416617,10.10.0.10,173.194.187.70,,,37473,443,0,37,17
1584503129.4169388,173.194.187.70,10.10.0.10,,,443,37473,0,1358,17
1584503129.421399,173.194.187.70,10.10.0.10,,,443,37473,0,1358,17
1584503129.4228508,10.10.0.10,173.194.187.70,,,37473,443,0,50,17
1584503129.425853,173.194.187.70,10.10.0.10,,,443,37473,0,1358,17
1584503129.430306,173.194.187.70,10.10.0.10,,,443,37473,0,1358,17
1584503129.4323661,10.10.0.10,173.194.187.70,,,37473,443,0,37,17
1584503129.434769,173.194.187.70,10.10.0.10,,,443,37473,0,1358,17
1584503129.439215,173.194.187.70,10.10.0.10,,,443,37473,0,1358,17
1584503129.44074,10.10.0.10,173.194.187.70,,,37473,443,0,37,17
1584503129.44367,173.194.187.70,10.10.0.10,,,443,37473,0,1358,17
1584503129.448119,173.194.187.70,10.10.0.10,,,443,37473,0,1358,17
1584503129.4495964,10.10.0.10,173.194.187.70,,,37473,443,0,37,17
1584503129.4525788,173.194.187.70,10.10.0.10,,,443,37473,0,1358,17
1584503129.4570365,173.194.187.70,10.10.0.10,,,443,37473,0,1358,17
1584503129.4588456,10.10.0.10,173.194.187.70,,,37473,443,0,37,17
1584503129.4614851,173.194.187.70,10.10.0.10,,,443,37473,0,1358,17
1584503129.4659526,173.194.187.70,10.10.0.10,,,443,37473,0,1358,17
1584503129.467587,10.10.0.10,173.194.187.70,,,37473,443,0,37,17
1584503129.470396,173.194.187.70,10.10.0.10,,,443,37473,0,1358,17
1584503129.47485,173.194.187.70,10.10.0.10,,,443,37473,0,1358,17
1584503129.476469,10.10.0.10,173.194.187.70,,,37473,443,0,37,17
1584503129.4793036,173.194.187.70,10.10.0.10,,,443,37473,0,1358,17
1584503129.483766,173.194.187.70,10.10.0.10,,,443,37473,0,1358,17
1584503129.485742,10.10.0.10,173.194.187.70,,,37473,443,0,37,17
1584503129.488208,173.194.187.70,10.10.0.10,,,443,37473,0,1358,17
1584503129.4926682,173.194.187.70,10.10.0.10,,,443,37473,0,1358,17
1584503129.4944909,10.10.0.10,173.194.187.70,,,37473,443,0,37,17
1584503129.497139,173.194.187.70,10.10.0.10,,,443,37473,0,1358,17
1584503129.501577,173.194.187.70,10.10.0.10,,,443,37473,0,1358,17
1584503129.5033634,10.10.0.10,173.194.187.70,,,37473,443,0,37,17
1584503129.506033,173.194.187.70,10.10.0.10,,,443,37473,0,1358,17
1584503129.5104988,173.194.187.70,10.10.0.10,,,443,37473,0,1358,17
1584503129.512469,10.10.0.10,173.194.187.70,,,37473,443,0,37,17
1584503129.514951,173.194.187.70,10.10.0.10,,,443,37473,0,1358,17
1584503129.5193946,173.194.187.70,10.10.0.10,,,443,37473,0,1358,17
1584503129.5209742,10.10.0.10,173.194.187.70,,,37473,443,0,37,17
1584503129.5238438,173.194.187.70,10.10.0.10,,,443,37473,0,1358,17
1584503129.528311,173.194.187.70,10.10.0.10,,,443,37473,0,1358,17
1584503129.5298438,10.10.0.10,173.194.187.70,,,37473,443,0,37,17
1584503129.532766,173.194.187.70,10.10.0.10,,,443,37473,0,1358,17
1584503129.537212,173.194.187.70,10.10.0.10,,,443,37473,0,1358,17
1584503129.5387092,10.10.0.10,173.194.187.70,,,37473,443,0,37,17
1584503129.541666,173.194.187.70,10.10.0.10,,,443,37473,0,1358,17
1584503129.5461378,173.194.187.70,10.10.0.10,,,443,37473,0,1358,17
1584503129.5482461,10.10.0.10,173.194.187.70,,,37473,443,0,37,17
1584503129.550576,173.194.187.70,10.10.0.10,,,443,37473,0,1358,17
1584503129.555032,173.194.187.70,10.10.0.10,,,443,37473,0,1358,17
1584503129.556863,10.10.0.10,173.194.187.70,,,37473,443,0,37,17
1584503129.5594852,173.194.187.70,10.10.0.10,,,443,37473,0,1358,17
1584503129.5639582,173.194.187.70,10.10.0.10,,,443,37473,0,1358,17
1584503129.565864,10.10.0.10,173.194.187.70,,,37473,443,0,37,17
1584503129.568393,173.194.187.70,10.10.0.10,,,443,37473,0,1358,17
1584503129.5728474,173.194.187.70,10.10.0.10,,,443,37473,0,1358,17
1584503129.5764668,10.10.0.10,173.194.187.70,,,37473,443,0,37,17
1584503129.577303,173.194.187.70,10.10.0.10,,,443,37473,0,1358,17
1584503129.5817509,173.194.187.70,10.10.0.10,,,443,37473,0,1358,17
1584503129.5833652,10.10.0.10,173.194.187.70,,,37473,443,0,37,17
1584503129.586534,173.194.187.70,10.10.0.10,,,443,37473,0,1358,17
1584503129.5910118,173.194.187.70,10.10.0.10,,,443,37473,0,1358,17
1584503129.5926108,10.10.0.10,173.194.187.70,,,37473,443,0,37,17
1584503129.595449,173.194.187.70,10.10.0.10,,,443,37473,0,1358,17
1584503129.5999026,173.194.187.70,10.10.0.10,,,443,37473,0,1358,17
1584503129.602216,10.10.0.10,173.194.187.70,,,37473,443,0,50,17
1584503129.6043718,173.194.187.70,10.10.0.10,,,443,37473,0,1358,17
1584503129.608824,173.194.187.70,10.10.0.10,,,443,37473,0,1358,17
1584503129.610208,10.10.0.10,173.194.187.70,,,37473,443,0,37,17
1584503129.6132634,173.194.187.70,10.10.0.10,,,443,37473,0,1358,17
1584503129.61772,173.194.187.70,10.10.0.10,,,443,37473,0,1358,17
1584503129.6207151,10.10.0.10,173.194.187.70,,,37473,443,0,37,17
1584503129.6221778,173.194.187.70,10.10.0.10,,,443,37473,0,1358,17
1584503129.626633,173.194.187.70,10.10.0.10,,,443,37473,0,29,17
1584503129.626823,173.194.187.70,10.10.0.10,,,443,37473,0,1358,17
1584503129.628362,10.10.0.10,173.194.187.70,,,37473,443,0,37,17
1584503129.6312852,173.194.187.70,10.10.0.10,,,443,37473,0,1358,17
1584503129.63576,173.194.187.70,10.10.0.10,,,443,37473,0,1358,17
1584503129.6373632,10.10.0.10,173.194.187.70,,,37473,443,0,37,17
1584503129.6401882,173.194.187.70,10.10.0.10,,,443,37473,0,1358,17
1584503129.64465,173.194.187.70,10.10.0.10,,,443,37473,0,1358,17
1584503129.6463618,10.10.0.10,173.194.187.70,,,37473,443,0,37,17
1584503129.6491039,173.194.187.70,10.10.0.10,,,443,37473,0,1358,17
1584503129.653553,173.194.187.70,10.10.0.10,,,443,37473,0,1358,17
1584503129.654969,10.10.0.10,173.194.187.70,,,37473,443,0,37,17
1584503129.65801,173.194.187.70,10.10.0.10,,,443,37473,0,1358,17
1584503129.662462,173.194.187.70,10.10.0.10,,,443,37473,0,1358,17
1584503129.663984,10.10.0.10,173.194.187.70,,,37473,443,0,37,17
1584503129.6669214,173.194.187.70,10.10.0.10,,,443,37473,0,1358,17
1584503129.671387,173.194.187.70,10.10.0.10,,,443,37473,0,1358,17
1584503129.672859,10.10.0.10,173.194.187.70,,,37473,443,0,37,17
1584503129.6758294,173.194.187.70,10.10.0.10,,,443,37473,0,1358,17
1584503129.68028,173.194.187.70,10.10.0.10,,,443,37473,0,1358,17
1584503129.6825938,10.10.0.10,173.194.187.70,,,37473,443,0,37,17
1584503129.6847591,173.194.187.70,10.10.0.10,,,443,37473,0,1358,17
1584503129.689196,173.194.187.70,10.10.0.10,,,443,37473,0,1358,17
1584503129.69084,10.10.0.10,173.194.187.70,,,37473,443,0,37,17
1584503129.6936474,173.194.187.70,10.10.0.10,,,443,37473,0,1358,17
1584503129.698102,173.194.187.70,10.10.0.10,,,443,37473,0,1358,17
1584503129.7000818,10.10.0.10,173.194.187.70,,,37473,443,0,37,17
1584503129.7025714,173.194.187.70,10.10.0.10,,,443,37473,0,1358,17
1584503129.707011,173.194.187.70,10.10.0.10,,,443,37473,0,1358,17
1584503129.7089634,10.10.0.10,173.194.187.70,,,37473,443,0,37,17
1584503129.7114642,173.194.187.70,10.10.0.10,,,443,37473,0,1358,17
1584503129.715914,173.194.187.70,10.10.0.10,,,443,37473,0,1358,17
1584503129.71761,10.10.0.10,173.194.187.70,,,37473,443,0,37,17
1584503129.7203708,173.194.187.70,10.10.0.10,,,443,37473,0,1358,17
1584503129.7248282,173.194.187.70,10.10.0.10,,,443,37473,0,1358,17
1584503129.7280526,10.10.0.10,173.194.187.70,,,37473,443,0,37,17
1584503129.729285,173.194.187.70,10.10.0.10,,,443,37473,0,1358,17
1584503129.733759,173.194.187.70,10.10.0.10,,,443,37473,0,1358,17
1584503129.735338,10.10.0.10,173.194.187.70,,,37473,443,0,37,17
1584503129.738195,173.194.187.70,10.10.0.10,,,443,37473,0,1358,17
1584503129.742649,173.194.187.70,10.10.0.10,,,443,37473,0,1358,17
1584503129.744232,10.10.0.10,173.194.187.70,,,37473,443,0,37,17
1584503129.747102,173.194.187.70,10.10.0.10,,,443,37473,0,1358,17
1584503129.751569,173.194.187.70,10.10.0.10,,,443,37473,0,1358,17
1584503129.7532122,10.10.0.10,173.194.187.70,,,37473,443,0,37,17
1584503129.7560039,173.194.187.70,10.10.0.10,,,443,37473,0,1358,17
1584503129.7604618,173.194.187.70,10.10.0.10,,,443,37473,0,1358,17
1584503129.7620866,10.10.0.10,173.194.187.70,,,37473,443,0,37,17
1584503129.7649179,173.194.187.70,10.10.0.10,,,443,37473,0,1358,17
1584503129.769384,173.194.187.70,10.10.0.10,,,443,37473,0,1358,17
1584503129.770962,10.10.0.10,173.194.187.70,,,37473,443,0,37,17
1584503129.7738278,173.194.187.70,10.10.0.10,,,443,37473,0,1358,17
1584503129.7782776,173.194.187.70,10.10.0.10,,,443,37473,0,1358,17
1584503129.7799811,10.10.0.10,173.194.187.70,,,37473,443,0,50,17
1584503129.782756,173.194.187.70,10.10.0.10,,,443,37473,0,1358,17
1584503129.787193,173.194.187.70,10.10.0.10,,,443,37473,0,1358,17
1584503129.788855,10.10.0.10,173.194.187.70,,,37473,443,0,37,17
1584503129.7916439,173.194.187.70,10.10.0.10,,,443,37473,0,1358,17
1584503129.7960932,173.194.187.70,10.10.0.10,,,443,37473,0,1358,17
1584503129.7975948,10.10.0.10,173.194.187.70,,,37473,443,0,37,17
1584503129.8005679,173.194.187.70,10.10.0.10,,,443,37473,0,1358,17
1584503129.805008,173.194.187.70,10.10.0.10,,,443,37473,0,1358,17
1584503129.8069801,10.10.0.10,173.194.187.70,,,37473,443,0,37,17
1584503129.809458,173.194.187.70,10.10.0.10,,,443,37473,0,1358,17
1584503129.8139124,173.194.187.70,10.10.0.10,,,443,37473,0,1358,17
1584503129.8156748,10.10.0.10,173.194.187.70,,,37473,443,0,37,17
1584503129.818367,173.194.187.70,10.10.0.10,,,443,37473,0,1358,17
1584503129.822823,173.194.187.70,10.10.0.10,,,443,37473,0,1358,17
1584503129.8247054,10.10.0.10,173.194.187.70,,,37473,443,0,37,17
1584503129.827278,173.194.187.70,10.10.0.10,,,443,37473,0,1358,17
1584503129.831753,173.194.187.70,10.10.0.10,,,443,37473,0,1358,17
1584503129.833479,10.10.0.10,173.194.187.70,,,37473,443,0,37,17
1584503129.836183,173.194.187.70,10.10.0.10,,,443,37473,0,1358,17
1584503129.8406372,173.194.187.70,10.10.0.10,,,443,37473,0,1358,17
1584503129.842293,10.10.0.10,173.194.187.70,,,37473,443,0,37,17
1584503129.8450902,173.194.187.70,10.10.0.10,,,443,37473,0,1358,17
1584503129.849544,173.194.187.70,10.10.0.10,,,443,37473,0,1358,17
1584503129.8514578,10.10.0.10,173.194.187.70,,,37473,443,0,37,17
1584503129.854003,173.194.187.70,10.10.0.10,,,443,37473,0,1358,17
1584503129.858454,173.194.187.70,10.10.0.10,,,443,37473,0,1358,17
1584503129.8608446,10.10.0.10,173.194.187.70,,,37473,443,0,37,17
1584503129.862906,173.194.187.70,10.10.0.10,,,443,37473,0,1358,17
1584503129.8673608,173.194.187.70,10.10.0.10,,,443,37473,0,1358,17
1584503129.868836,10.10.0.10,173.194.187.70,,,37473,443,0,37,17
1584503129.871823,173.194.187.70,10.10.0.10,,,443,37473,0,1358,17
1584503129.8762774,173.194.187.70,10.10.0.10,,,443,37473,0,1358,17
1584503129.87783,10.10.0.10,173.194.187.70,,,37473,443,0,37,17
1584503129.880728,173.194.187.70,10.10.0.10,,,443,37473,0,1358,17
1584503129.8851821,173.194.187.70,10.10.0.10,,,443,37473,0,1358,17
1584503129.8896372,173.194.187.70,10.10.0.10,,,443,37473,0,1358,17
1584503129.89409,173.194.187.70,10.10.0.10,,,443,37473,0,1358,17
1584503129.898566,173.194.187.70,10.10.0.10,,,443,37473,0,1358,17
1584503129.903002,173.194.187.70,10.10.0.10,,,443,37473,0,1358,17
1584503129.907454,173.194.187.70,10.10.0.10,,,443,37473,0,1358,17
1584503129.9140902,10.10.0.10,173.194.187.70,,,37473,443,0,37,17
1584503129.91761,10.10.0.10,173.194.187.70,,,37473,443,0,37,17
1584503129.917635,10.10.0.10,173.194.187.70,,,37473,443,0,37,17
1584503129.919177,173.194.187.70,10.10.0.10,,,443,37473,0,1358,17
1584503129.921471,10.10.0.10,173.194.187.70,,,37473,443,0,37,17
1584503129.9226902,173.194.187.70,10.10.0.10,,,443,37473,0,1358,17
1584503129.922968,173.194.187.70,10.10.0.10,,,443,37473,0,1358,17
1584503129.9248602,10.10.0.10,173.194.187.70,,,37473,443,0,37,17
1584503129.9300249,173.194.187.70,10.10.0.10,,,443,37473,0,1358,17
1584503129.931884,173.194.187.70,10.10.0.10,,,443,37473,0,1358,17
1584503129.934352,10.10.0.10,173.194.187.70,,,37473,443,0,37,17
1584503129.9363332,173.194.187.70,10.10.0.10,,,443,37473,0,1358,17
1584503129.9407911,173.194.187.70,10.10.0.10,,,443,37473,0,1358,17
1584503129.9422948,10.10.0.10,173.194.187.70,,,37473,443,0,37,17
1584503129.945245,173.194.187.70,10.10.0.10,,,443,37473,0,1358,17
1584503129.949701,173.194.187.70,10.10.0.10,,,443,37473,0,1358,17
1584503129.951448,10.10.0.10,173.194.187.70,,,37473,443,0,37,17
1584503129.954158,173.194.187.70,10.10.0.10,,,443,37473,0,1358,17
1584503129.9586098,173.194.187.70,10.10.0.10,,,443,37473,0,1358,17
1584503129.9604762,10.10.0.10,173.194.187.70,,,37473,443,0,50,17
1584503129.9630609,173.194.187.70,10.10.0.10,,,443,37473,0,1358,17
1584503129.967515,173.194.187.70,10.10.0.10,,,443,37473,0,1358,17
1584503129.9693305,10.10.0.10,173.194.187.70,,,37473,443,0,37,17
1584503129.971969,173.194.187.70,10.10.0.10,,,443,37473,0,1358,17
1584503129.976422,173.194.187.70,10.10.0.10,,,443,37473,0,1358,17
1584503129.977957,10.10.0.10,173.194.187.70,,,37473,443,0,37,17
1584503129.9808831,173.194.187.70,10.10.0.10,,,443,37473,0,1358,17
1584503129.9853358,173.194.187.70,10.10.0.10,,,443,37473,0,1358,17
1584503129.9879599,10.10.0.10,173.194.187.70,,,37473,443,0,37,17
1584503129.9898045,173.194.187.70,10.10.0.10,,,443,37473,0,1358,17
1584503129.99424,173.194.187.70,10.10.0.10,,,443,37473,0,1358,17
1584503129.9957938,10.10.0.10,173.194.187.70,,,37473,443,0,37,17
1584503129.998696,173.194.187.70,10.10.0.10,,,443,37473,0,1358,17
1584503130.0031528,173.194.187.70,10.10.0.10,,,443,37473,0,1358,17
1584503130.00485,10.10.0.10,173.194.187.70,,,37473,443,0,37,17
1584503130.007604,173.194.187.70,10.10.0.10,,,443,37473,0,29,17
1584503130.0078,173.194.187.70,10.10.0.10,,,443,37473,0,1358,17
1584503130.0122588,173.194.187.70,10.10.0.10,,,443,37473,0,1358,17
1584503130.0153148,10.10.0.10,173.194.187.70,,,37473,443,0,37,17
1584503130.0167198,173.194.187.70,10.10.0.10,,,443,37473,0,1358,17
1584503130.0211892,173.194.187.70,10.10.0.10,,,443,37473,0,1358,17
1584503130.022857,10.10.0.10,173.194.187.70,,,37473,443,0,37,17
1584503130.0256288,173.194.187.70,10.10.0.10,,,443,37473,0,1358,17
1584503130.030084,173.194.187.70,10.10.0.10,,,443,37473,0,1358,17
1584503130.03257,10.10.0.10,173.194.187.70,,,37473,443,0,37,17
1584503130.0345366,173.194.187.70,10.10.0.10,,,443,37473,0,1358,17
1584503130.038986,173.194.187.70,10.10.0.10,,,443,37473,0,1358,17
1584503130.040448,10.10.0.10,173.194.187.70,,,37473,443,0,37,17
1584503130.0434446,173.194.187.70,10.10.0.10,,,443,37473,0,1358,17
1584503130.0478976,173.194.187.70,10.10.0.10,,,443,37473,0,1358,17
1584503130.049547,10.10.0.10,173.194.187.70,,,37473,443,0,37,17
1584503130.05235,173.194.187.70,10.10.0.10,,,443,37473,0,1358,17
1584503130.056817,173.194.187.70,10.10.0.10,,,443,37473,0,1358,17
1584503130.0583081,10.10.0.10,173.194.187.70,,,37473,443,0,37,17
1584503130.0612588,173.194.187.70,10.10.0.10,,,443,37473,0,1358,17
1584503130.0657182,173.194.187.70,10.10.0.10,,,443,37473,0,1358,17
1584503130.0677214,10.10.0.10,173.194.187.70,,,37473,443,0,37,17
1584503130.070184,173.194.187.70,10.10.0.10,,,443,37473,0,1358,17
1584503130.074627,173.194.187.70,10.10.0.10,,,443,37473,0,1358,17
1584503130.0762222,10.10.0.10,173.194.187.70,,,37473,443,0,37,17
1584503130.0790758,173.194.187.70,10.10.0.10,,,443,37473,0,1358,17
1584503130.083534,173.194.187.70,10.10.0.10,,,443,37473,0,1358,17
1584503130.0854561,10.10.0.10,173.194.187.70,,,37473,443,0,37,17
1584503130.0879831,173.194.187.70,10.10.0.10,,,443,37473,0,1358,17
1584503130.0924392,173.194.187.70,10.10.0.10,,,443,37473,0,1358,17
1584503130.0944538,10.10.0.10,173.194.187.70,,,37473,443,0,37,17
1584503130.0968974,173.194.187.70,10.10.0.10,,,443,37473,0,1358,17
1584503130.101375,173.194.187.70,10.10.0.10,,,443,37473,0,1358,17
1584503130.103346,10.10.0.10,173.194.187.70,,,37473,443,0,37,17
1584503130.10581,173.194.187.70,10.10.0.10,,,443,37473,0,1358,17
1584503130.1102624,173.194.187.70,10.10.0.10,,,443,37473,0,1358,17
1584503130.11295,10.10.0.10,173.194.187.70,,,37473,443,0,37,17
1584503130.1147149,173.194.187.70,10.10.0.10,,,443,37473,0,1358,17
1584503130.119184,173.194.187.70,10.10.0.10,,,443,37473,0,1358,17
1584503130.120974,10.10.0.10,173.194.187.70,,,37473,443,0,37,17
1584503130.123628,173.194.187.70,10.10.0.10,,,443,37473,0,1358,17
1584503130.128073,173.194.187.70,10.10.0.10,,,443,37473,0,1358,17
1584503130.1295948,10.10.0.10,173.194.187.70,,,37473,443,0,37,17
1584503130.132535,173.194.187.70,10.10.0.10,,,443,37473,0,1358,17
1584503130.137004,173.194.187.70,10.10.0.10,,,443,37473,0,1358,17
1584503130.138598,10.10.0.10,173.194.187.70,,,37473,443,0,50,17
1584503130.1414428,173.194.187.70,10.10.0.10,,,443,37473,0,1358,17
1584503130.145895,173.194.187.70,10.10.0.10,,,443,37473,0,1358,17
1584503130.147325,10.10.0.10,173.194.187.70,,,37473,443,0,37,17
1584503130.150367,173.194.187.70,10.10.0.10,,,443,37473,0,1358,17
1584503130.154799,173.194.187.70,10.10.0.10,,,443,37473,0,1358,17
1584503130.1583252,10.10.0.10,173.194.187.70,,,37473,443,0,37,17
1584503130.1592588,173.194.187.70,10.10.0.10,,,443,37473,0,1358,17
1584503130.1637151,173.194.187.70,10.10.0.10,,,443,37473,0,1358,17
1584503130.165442,10.10.0.10,173.194.187.70,,,37473,443,0,37,17
1584503130.1681626,173.194.187.70,10.10.0.10,,,443,37473,0,1358,17
1584503130.1726232,173.194.187.70,10.10.0.10,,,443,37473,0,1358,17
1584503130.1741982,10.10.0.10,173.194.187.70,,,37473,443,0,37,17
1584503130.177077,173.194.187.70,10.10.0.10,,,443,37473,0,1358,17
1584503130.18153,173.194.187.70,10.10.0.10,,,443,37473,0,1358,17
1584503130.1833026,10.10.0.10,173.194.187.70,,,37473,443,0,37,17
1584503130.185996,173.194.187.70,10.10.0.10,,,443,37473,0,1358,17
1584503130.1904418,173.194.187.70,10.10.0.10,,,443,37473,0,1358,17
1584503130.192066,10.10.0.10,173.194.187.70,,,37473,443,0,37,17
1584503130.194895,173.194.187.70,10.10.0.10,,,443,37473,0,1358,17
1584503130.199368,173.194.187.70,10.10.0.10,,,443,37473,0,1358,17
1584503130.201189,10.10.0.10,173.194.187.70,,,37473,443,0,37,17
1584503130.203807,173.194.187.70,10.10.0.10,,,443,37473,0,1358,17
1584503130.2082539,173.194.187.70,10.10.0.10,,,443,37473,0,1358,17
1584503130.2099464,10.10.0.10,173.194.187.70,,,37473,443,0,37,17
1584503130.2127151,173.194.187.70,10.10.0.10,,,443,37473,0,1358,17
1584503130.2171812,173.194.187.70,10.10.0.10,,,443,37473,0,1358,17
1584503130.220071,10.10.0.10,173.194.187.70,,,37473,443,0,37,17
1584503130.221617,173.194.187.70,10.10.0.10,,,443,37473,0,1358,17
1584503130.2260716,173.194.187.70,10.10.0.10,,,443,37473,0,1358,17
1584503130.227822,10.10.0.10,173.194.187.70,,,37473,443,0,37,17
1584503130.23053,173.194.187.70,10.10.0.10,,,443,37473,0,1358,17
1584503130.234982,173.194.187.70,10.10.0.10,,,443,37473,0,1358,17
1584503130.2378454,10.10.0.10,173.194.187.70,,,37473,443,0,37,17
1584503130.239439,173.194.187.70,10.10.0.10,,,443,37473,0,1358,17
1584503130.243896,173.194.187.70,10.10.0.10,,,443,37473,0,1358,17
1584503130.245449,10.10.0.10,173.194.187.70,,,37473,443,0,37,17
1584503130.248352,173.194.187.70,10.10.0.10,,,443,37473,0,1358,17
1584503130.2527974,173.194.187.70,10.10.0.10,,,443,37473,0,1358,17
1584503130.254342,10.10.0.10,173.194.187.70,,,37473,443,0,37,17
1584503130.257256,173.194.187.70,10.10.0.10,,,443,37473,0,1358,17
1584503130.2617102,173.194.187.70,10.10.0.10,,,443,37473,0,1358,17
1584503130.263221,10.10.0.10,173.194.187.70,,,37473,443,0,37,17
1584503130.2661786,173.194.187.70,10.10.0.10,,,443,37473,0,1358,17
1584503130.270619,173.194.187.70,10.10.0.10,,,443,37473,0,1358,17
1584503130.2722142,10.10.0.10,173.194.187.70,,,37473,443,0,37,17
1584503130.275075,173.194.187.70,10.10.0.10,,,443,37473,0,1358,17
1584503130.2795308,173.194.187.70,10.10.0.10,,,443,37473,0,1358,17
1584503130.283978,173.194.187.70,10.10.0.10,,,443,37473,0,1358,17
1584503130.286726,10.10.0.10,173.194.187.70,,,37473,443,0,37,17
1584503130.288433,173.194.187.70,10.10.0.10,,,443,37473,0,1358,17
1584503130.2903204,10.10.0.10,173.194.187.70,,,37473,443,0,37,17
1584503130.2928948,173.194.187.70,10.10.0.10,,,443,37473,0,1358,17
1584503130.2973652,173.194.187.70,10.10.0.10,,,443,37473,0,1358,17
1584503130.2989461,10.10.0.10,173.194.187.70,,,37473,443,0,37,17
1584503130.3018026,173.194.187.70,10.10.0.10,,,443,37473,0,1358,17
1584503130.3062534,173.194.187.70,10.10.0.10,,,443,37473,0,1358,17
1584503130.3076944,10.10.0.10,173.194.187.70,,,37473,443,0,37,17
1584503130.3107102,173.194.187.70,10.10.0.10,,,443,37473,0,1358,17
1584503130.315177,173.194.187.70,10.10.0.10,,,443,37473,0,1358,17
1584503130.317965,10.10.0.10,173.194.187.70,,,37473,443,0,50,17
1584503130.319618,173.194.187.70,10.10.0.10,,,443,37473,0,1358,17
1584503130.324066,173.194.187.70,10.10.0.10,,,443,37473,0,1358,17
1584503130.327445,10.10.0.10,173.194.187.70,,,37473,443,0,37,17
1584503130.328526,173.194.187.70,10.10.0.10,,,443,37473,0,1358,17
1584503130.332993,173.194.187.70,10.10.0.10,,,443,37473,0,1358,17
1584503130.334588,10.10.0.10,173.194.187.70,,,37473,443,0,37,17
1584503130.3374348,173.194.187.70,10.10.0.10,,,443,37473,0,1358,17
1584503130.34189,173.194.187.70,10.10.0.10,,,443,37473,0,1358,17
1584503130.3434632,10.10.0.10,173.194.187.70,,,37473,443,0,37,17
1584503130.3463626,173.194.187.70,10.10.0.10,,,443,37473,0,1358,17
1584503130.350801,173.194.187.70,10.10.0.10,,,443,37473,0,1358,17
1584503130.352463,10.10.0.10,173.194.187.70,,,37473,443,0,37,17
1584503130.3552532,173.194.187.70,10.10.0.10,,,443,37473,0,1358,17
1584503130.359708,173.194.187.70,10.10.0.10,,,443,37473,0,1358,17
1584503130.3612142,10.10.0.10,173.194.187.70,,,37473,443,0,37,17
1584503130.3641572,173.194.187.70,10.10.0.10,,,443,37473,0,29,17
1584503130.364354,173.194.187.70,10.10.0.10,,,443,37473,0,1358,17
1584503130.3688169,173.194.187.70,10.10.0.10,,,443,37473,0,1358,17
1584503130.3703182,10.10.0.10,173.194.187.70,,,37473,443,0,37,17
1584503130.3732722,173.194.187.70,10.10.0.10,,,443,37473,0,1358,17
1584503130.377741,173.194.187.70,10.10.0.10,,,443,37473,0,1358,17
1584503130.379319,10.10.0.10,173.194.187.70,,,37473,443,0,37,17
1584503130.3821821,173.194.187.70,10.10.0.10,,,443,37473,0,1358,17
1584503130.3866372,173.194.187.70,10.10.0.10,,,443,37473,0,1358,17
1584503130.3885686,10.10.0.10,173.194.187.70,,,37473,443,0,37,17
1584503130.391088,173.194.187.70,10.10.0.10,,,443,37473,0,1358,17
1584503130.395551,173.194.187.70,10.10.0.10,,,443,37473,0,1358,17
1584503130.3970685,10.10.0.10,173.194.187.70,,,37473,443,0,37,17
1584503130.399994,173.194.187.70,10.10.0.10,,,443,37473,0,1358,17
1584503130.404454,173.194.187.70,10.10.0.10,,,443,37473,0,1358,17
1584503130.4064438,10.10.0.10,173.194.187.70,,,37473,443,0,37,17
1584503130.408926,173.194.187.70,10.10.0.10,,,443,37473,0,1358,17
1584503130.4133651,173.194.187.70,10.10.0.10,,,443,37473,0,1358,17
1584503130.414938,10.10.0.10,173.194.187.70,,,37473,443,0,37,17
1584503130.4178169,173.194.187.70,10.10.0.10,,,443,37473,0,1358,17
1584503130.4222748,173.194.187.70,10.10.0.10,,,443,37473,0,1358,17
1584503130.4244428,10.10.0.10,173.194.187.70,,,37473,443,0,37,17
1584503130.42674,173.194.187.70,10.10.0.10,,,443,37473,0,1358,17
1584503130.4311812,173.194.187.70,10.10.0.10,,,443,37473,0,1358,17
1584503130.432821,10.10.0.10,173.194.187.70,,,37473,443,0,37,17
1584503130.435634,173.194.187.70,10.10.0.10,,,443,37473,0,1358,17
1584503130.4400828,173.194.187.70,10.10.0.10,,,443,37473,0,1358,17
1584503130.4415832,10.10.0.10,173.194.187.70,,,37473,443,0,37,17
1584503130.444549,173.194.187.70,10.10.0.10,,,443,37473,0,1358,17
1584503130.448999,173.194.187.70,10.10.0.10,,,443,37473,0,1358,17
1584503130.4509606,10.10.0.10,173.194.187.70,,,37473,443,0,37,17
1584503130.453451,173.194.187.70,10.10.0.10,,,443,37473,0,1358,17
1584503130.45494,10.10.0.10,173.194.187.70,,,37473,443,0,40,17
1584503130.4579241,173.194.187.70,10.10.0.10,,,443,37473,0,1358,17
1584503130.4593182,10.10.0.10,173.194.187.70,,,37473,443,0,37,17
1584503130.462357,173.194.187.70,10.10.0.10,,,443,37473,0,1358,17
1584503130.4668212,173.194.187.70,10.10.0.10,,,443,37473,0,1358,17
1584503130.468317,10.10.0.10,173.194.187.70,,,37473,443,0,37,17
1584503130.471268,173.194.187.70,10.10.0.10,,,443,37473,0,1358,17
1584503130.475735,173.194.187.70,10.10.0.10,,,443,37473,0,1358,17
1584503130.47771,10.10.0.10,173.194.187.70,,,37473,443,0,37,17
1584503130.480173,173.194.187.70,10.10.0.10,,,443,37473,0,1358,17
1584503130.484633,173.194.187.70,10.10.0.10,,,443,37473,0,1358,17
1584503130.4864314,10.10.0.10,173.194.187.70,,,37473,443,0,50,17
1584503130.48911,173.194.187.70,10.10.0.10,,,443,37473,0,1358,17
1584503130.4935482,173.194.187.70,10.10.0.10,,,443,37473,0,1358,17
1584503130.4954598,10.10.0.10,173.194.187.70,,,37473,443,0,37,17
1584503130.497994,173.194.187.70,10.10.0.10,,,443,37473,0,1358,17
1584503130.5024529,173.194.187.70,10.10.0.10,,,443,37473,0,1358,17
1584503130.504189,10.10.0.10,173.194.187.70,,,37473,443,0,37,17
1584503130.506905,173.194.187.70,10.10.0.10,,,443,37473,0,1358,17
1584503130.5113652,173.194.187.70,10.10.0.10,,,443,37473,0,1358,17
1584503130.5128338,10.10.0.10,173.194.187.70,,,37473,443,0,37,17
1584503130.515813,173.194.187.70,10.10.0.10,,,443,37473,0,1358,17
1584503130.5202641,173.194.187.70,10.10.0.10,,,443,37473,0,1358,17
1584503130.522194,10.10.0.10,173.194.187.70,,,37473,443,0,37,17
1584503130.5247376,173.194.187.70,10.10.0.10,,,443,37473,0,29,17
1584503130.524915,173.194.187.70,10.10.0.10,,,443,37473,0,1358,17
1584503130.529378,173.194.187.70,10.10.0.10,,,443,37473,0,1358,17
1584503130.530832,10.10.0.10,173.194.187.70,,,37473,443,0,37,17
1584503130.5338302,173.194.187.70,10.10.0.10,,,443,37473,0,1358,17
1584503130.5382972,173.194.187.70,10.10.0.10,,,443,37473,0,1358,17
1584503130.539813,10.10.0.10,173.194.187.70,,,37473,443,0,37,17
1584503130.542741,173.194.187.70,10.10.0.10,,,443,37473,0,1358,17
1584503130.547197,173.194.187.70,10.10.0.10,,,443,37473,0,1358,17
1584503130.5499382,10.10.0.10,173.194.187.70,,,37473,443,0,37,17
1584503130.5516508,173.194.187.70,10.10.0.10,,,443,37473,0,1358,17
1584503130.556099,173.194.187.70,10.10.0.10,,,443,37473,0,1358,17
1584503130.5579224,10.10.0.10,173.194.187.70,,,37473,443,0,37,17
1584503130.560561,173.194.187.70,10.10.0.10,,,443,37473,0,1358,17
1584503130.5650089,173.194.187.70,10.10.0.10,,,443,37473,0,1358,17
1584503130.5665634,10.10.0.10,173.194.187.70,,,37473,443,0,37,17
1584503130.5694852,173.194.187.70,10.10.0.10,,,443,37473,0,1358,17
1584503130.573926,173.194.187.70,10.10.0.10,,,443,37473,0,1358,17
1584503130.5754368,10.10.0.10,173.194.187.70,,,37473,443,0,37,17
1584503130.578376,173.194.187.70,10.10.0.10,,,443,37473,0,1358,17
1584503130.5828311,173.194.187.70,10.10.0.10,,,443,37473,0,1358,17
1584503130.5843322,10.10.0.10,173.194.187.70,,,37473,443,0,37,17
1584503130.5872939,173.194.187.70,10.10.0.10,,,443,37473,0,1358,17
1584503130.5917401,173.194.187.70,10.10.0.10,,,443,37473,0,1358,17
1584503130.593186,10.10.0.10,173.194.187.70,,,37473,443,0,37,17
1584503130.596189,173.194.187.70,10.10.0.10,,,443,37473,0,1358,17
1584503130.6006482,173.194.187.70,10.10.0.10,,,443,37473,0,1358,17
1584503130.602333,10.10.0.10,173.194.187.70,,,37473,443,0,37,17
1584503130.6051102,173.194.187.70,10.10.0.10,,,443,37473,0,1358,17
1584503130.6095572,173.194.187.70,10.10.0.10,,,443,37473,0,1358,17
1584503130.6110609,10.10.0.10,173.194.187.70,,,37473,443,0,37,17
1584503130.6140122,173.194.187.70,10.10.0.10,,,443,37473,0,1358,17
1584503130.618482,173.194.187.70,10.10.0.10,,,443,37473,0,1358,17
1584503130.6200616,10.10.0.10,173.194.187.70,,,37473,443,0,37,17
1584503130.6229188,173.194.187.70,10.10.0.10,,,443,37473,0,1358,17
1584503130.6273742,173.194.187.70,10.10.0.10,,,443,37473,0,1358,17
1584503130.629584,10.10.0.10,173.194.187.70,,,37473,443,0,37,17
1584503130.6318321,173.194.187.70,10.10.0.10,,,443,37473,0,1358,17
1584503130.63628,173.194.187.70,10.10.0.10,,,443,37473,0,1358,17
1584503130.637832,10.10.0.10,173.194.187.70,,,37473,443,0,37,17
1584503130.6407402,173.194.187.70,10.10.0.10,,,443,37473,0,1358,17
1584503130.6451938,173.194.187.70,10.10.0.10,,,443,37473,0,1358,17
1584503130.6467068,10.10.0.10,173.194.187.70,,,37473,443,0,37,17
1584503130.649648,173.194.187.70,10.10.0.10,,,443,37473,0,1358,17
1584503130.654109,173.194.187.70,10.10.0.10,,,443,37473,0,1358,17
1584503130.655708,10.10.0.10,173.194.187.70,,,37473,443,0,37,17
1584503130.6585562,173.194.187.70,10.10.0.10,,,443,37473,0,1358,17
1584503130.66301,173.194.187.70,10.10.0.10,,,443,37473,0,1358,17
1584503130.664706,10.10.0.10,173.194.187.70,,,37473,443,0,50,17
1584503130.667465,173.194.187.70,10.10.0.10,,,443,37473,0,1358,17
1584503130.6719182,173.194.187.70,10.10.0.10,,,443,37473,0,1358,17
1584503130.67355,10.10.0.10,173.194.187.70,,,37473,443,0,37,17
1584503130.676369,173.194.187.70,10.10.0.10,,,443,37473,0,1358,17
1584503130.680831,173.194.187.70,10.10.0.10,,,443,37473,0,1358,17
1584503130.6825788,10.10.0.10,173.194.187.70,,,37473,443,0,37,17
1584503130.6852922,173.194.187.70,10.10.0.10,,,443,37473,0,1358,17
1584503130.6897366,173.194.187.70,10.10.0.10,,,443,37473,0,1358,17
1584503130.6917028,10.10.0.10,173.194.187.70,,,37473,443,0,37,17
1584503130.694191,173.194.187.70,10.10.0.10,,,443,37473,0,1358,17
1584503130.698647,173.194.187.70,10.10.0.10,,,443,37473,0,1358,17
1584503130.700581,10.10.0.10,173.194.187.70,,,37473,443,0,37,17
1584503130.7031062,173.194.187.70,10.10.0.10,,,443,37473,0,1358,17
1584503130.707553,173.194.187.70,10.10.0.10,,,443,37473,0,1358,17
1584503130.710453,10.10.0.10,173.194.187.70,,,37473,443,0,37,17
1584503130.712003,173.194.187.70,10.10.0.10,,,443,37473,0,1358,17
1584503130.7164779,173.194.187.70,10.10.0.10,,,443,37473,0,1358,17
1584503130.718182,10.10.0.10,173.194.187.70,,,37473,443,0,37,17
1584503130.7209172,173.194.187.70,10.10.0.10,,,443,37473,0,1358,17
1584503130.72537,173.194.187.70,10.10.0.10,,,443,37473,0,1358,17
1584503130.728058,10.10.0.10,173.194.187.70,,,37473,443,0,37,17
1584503130.7298331,173.194.187.70,10.10.0.10,,,443,37473,0,1358,17
1584503130.7342908,173.194.187.70,10.10.0.10,,,443,37473,0,1358,17
1584503130.7363071,10.10.0.10,173.194.187.70,,,37473,443,0,37,17
1584503130.738734,173.194.187.70,10.10.0.10,,,443,37473,0,1358,17
1584503130.7431939,173.194.187.70,10.10.0.10,,,443,37473,0,1358,17
1584503130.745328,10.10.0.10,173.194.187.70,,,37473,443,0,37,17
1584503130.747643,173.194.187.70,10.10.0.10,,,443,37473,0,1358,17
1584503130.752093,173.194.187.70,10.10.0.10,,,443,37473,0,1358,17
1584503130.7539554,10.10.0.10,173.194.187.70,,,37473,443,0,37,17
1584503130.756552,173.194.187.70,10.10.0.10,,,443,37473,0,1358,17
1584503130.761008,173.194.187.70,10.10.0.10,,,443,37473,0,1358,17
1584503130.7629318,10.10.0.10,173.194.187.70,,,37473,443,0,37,17
1584503130.7654777,173.194.187.70,10.10.0.10,,,443,37473,0,1358,17
1584503130.7699149,173.194.187.70,10.10.0.10,,,443,37473,0,1358,17
1584503130.772175,10.10.0.10,173.194.187.70,,,37473,443,0,37,17
1584503130.774369,173.194.187.70,10.10.0.10,,,443,37473,0,1358,17
1584503130.778825,173.194.187.70,10.10.0.10,,,443,37473,0,1358,17
1584503130.781934,10.10.0.10,173.194.187.70,,,37473,443,0,37,17
1584503130.783276,173.194.187.70,10.10.0.10,,,443,37473,0,1358,17
1584503130.7877262,173.194.187.70,10.10.0.10,,,443,37473,0,1358,17
1584503130.7895398,10.10.0.10,173.194.187.70,,,37473,443,0,37,17
1584503130.792182,173.194.187.70,10.10.0.10,,,443,37473,0,1358,17
1584503130.7966409,173.194.187.70,10.10.0.10,,,443,37473,0,1358,17
1584503130.798308,10.10.0.10,173.194.187.70,,,37473,443,0,37,17
1584503130.8011026,173.194.187.70,10.10.0.10,,,443,37473,0,1358,17
1584503130.80555,173.194.187.70,10.10.0.10,,,443,37473,0,1358,17
1584503130.807058,10.10.0.10,173.194.187.70,,,37473,443,0,37,17
1584503130.810009,173.194.187.70,10.10.0.10,,,443,37473,0,1358,17
1584503130.8144536,173.194.187.70,10.10.0.10,,,443,37473,0,1358,17
1584503130.8159304,10.10.0.10,173.194.187.70,,,37473,443,0,37,17
1584503130.818913,173.194.187.70,10.10.0.10,,,443,37473,0,1358,17
1584503130.823368,173.194.187.70,10.10.0.10,,,443,37473,0,1358,17
1584503130.8257024,10.10.0.10,173.194.187.70,,,37473,443,0,37,17
1584503130.827822,173.194.187.70,10.10.0.10,,,443,37473,0,1358,17
1584503130.832273,173.194.187.70,10.10.0.10,,,443,37473,0,1358,17
1584503130.8341732,10.10.0.10,173.194.187.70,,,37473,443,0,37,17
1584503130.836731,173.194.187.70,10.10.0.10,,,443,37473,0,1358,17
1584503130.841181,173.194.187.70,10.10.0.10,,,443,37473,0,1358,17
1584503130.843304,10.10.0.10,173.194.187.70,,,37473,443,0,50,17
1584503130.845636,173.194.187.70,10.10.0.10,,,443,37473,0,1358,17
1584503130.8500938,173.194.187.70,10.10.0.10,,,443,37473,0,1358,17
1584503130.853529,10.10.0.10,173.194.187.70,,,37473,443,0,37,17
1584503130.854551,173.194.187.70,10.10.0.10,,,443,37473,0,1358,17
1584503130.859011,173.194.187.70,10.10.0.10,,,443,37473,0,1358,17
1584503130.860656,10.10.0.10,173.194.187.70,,,37473,443,0,37,17
1584503130.863457,173.194.187.70,10.10.0.10,,,443,37473,0,1358,17
1584503130.867916,173.194.187.70,10.10.0.10,,,443,37473,0,1358,17
1584503130.869555,10.10.0.10,173.194.187.70,,,37473,443,0,37,17
1584503130.8723652,173.194.187.70,10.10.0.10,,,443,37473,0,1358,17
1584503130.876821,173.194.187.70,10.10.0.10,,,443,37473,0,1358,17
1584503130.8783062,10.10.0.10,173.194.187.70,,,37473,443,0,37,17
1584503130.8812716,173.194.187.70,10.10.0.10,,,443,37473,0,1358,17
1584503130.885724,173.194.187.70,10.10.0.10,,,443,37473,0,1358,17
1584503130.887298,10.10.0.10,173.194.187.70,,,37473,443,0,37,17
1584503130.890178,173.194.187.70,10.10.0.10,,,443,37473,0,1358,17
1584503130.8946302,173.194.187.70,10.10.0.10,,,443,37473,0,1358,17
1584503130.896411,10.10.0.10,173.194.187.70,,,37473,443,0,37,17
1584503130.8990884,173.194.187.70,10.10.0.10,,,443,37473,0,1358,17
1584503130.903543,173.194.187.70,10.10.0.10,,,443,37473,0,1358,17
1584503130.9055526,10.10.0.10,173.194.187.70,,,37473,443,0,37,17
1584503130.9080029,173.194.187.70,10.10.0.10,,,443,37473,0,1358,17
1584503130.9124508,173.194.187.70,10.10.0.10,,,443,37473,0,1358,17
1584503130.914335,10.10.0.10,173.194.187.70,,,37473,443,0,37,17
1584503130.9169116,173.194.187.70,10.10.0.10,,,443,37473,0,1358,17
1584503130.9213636,173.194.187.70,10.10.0.10,,,443,37473,0,1358,17
1584503130.923199,10.10.0.10,173.194.187.70,,,37473,443,0,37,17
1584503130.925815,173.194.187.70,10.10.0.10,,,443,37473,0,1358,17
1584503130.930275,173.194.187.70,10.10.0.10,,,443,37473,0,1358,17
1584503130.932026,10.10.0.10,173.194.187.70,,,37473,443,0,37,17
1584503130.934727,173.194.187.70,10.10.0.10,,,443,37473,0,1358,17
1584503130.939178,173.194.187.70,10.10.0.10,,,443,37473,0,1358,17
1584503130.941292,10.10.0.10,173.194.187.70,,,37473,443,0,37,17
1584503130.943638,173.194.187.70,10.10.0.10,,,443,37473,0,1358,17
1584503130.948086,173.194.187.70,10.10.0.10,,,443,37473,0,1358,17
1584503130.950064,10.10.0.10,173.194.187.70,,,37473,443,0,37,17
1584503130.952542,173.194.187.70,10.10.0.10,,,443,37473,0,1358,17
1584503130.9569972,173.194.187.70,10.10.0.10,,,443,37473,0,1358,17
1584503130.9587002,10.10.0.10,173.194.187.70,,,37473,443,0,37,17
1584503130.961471,173.194.187.70,10.10.0.10,,,443,37473,0,1358,17
1584503130.9659102,173.194.187.70,10.10.0.10,,,443,37473,0,1358,17
1584503130.9679322,10.10.0.10,173.194.187.70,,,37473,443,0,37,17
1584503130.9703634,173.194.187.70,10.10.0.10,,,443,37473,0,1358,17
1584503130.9748142,173.194.187.70,10.10.0.10,,,443,37473,0,1358,17
1584503130.976399,10.10.0.10,173.194.187.70,,,37473,443,0,37,17
1584503130.979269,173.194.187.70,10.10.0.10,,,443,37473,0,1358,17
1584503130.983721,173.194.187.70,10.10.0.10,,,443,37473,0,1358,17
1584503130.985407,10.10.0.10,173.194.187.70,,,37473,443,0,37,17
1584503130.988174,173.194.187.70,10.10.0.10,,,443,37473,0,1358,17
1584503130.99264,173.194.187.70,10.10.0.10,,,443,37473,0,1358,17
1584503130.994529,10.10.0.10,173.194.187.70,,,37473,443,0,37,17
1584503130.997082,173.194.187.70,10.10.0.10,,,443,37473,0,1358,17
1584503131.001538,173.194.187.70,10.10.0.10,,,443,37473,0,1358,17
1584503131.003299,10.10.0.10,173.194.187.70,,,37473,443,0,37,17
1584503131.0059981,173.194.187.70,10.10.0.10,,,443,37473,0,1358,17
1584503131.0104694,173.194.187.70,10.10.0.10,,,443,37473,0,1358,17
1584503131.012203,10.10.0.10,173.194.187.70,,,37473,443,0,37,17
1584503131.01491,173.194.187.70,10.10.0.10,,,443,37473,0,1358,17
1584503131.0193572,173.194.187.70,10.10.0.10,,,443,37473,0,1358,17
1584503131.02105,10.10.0.10,173.194.187.70,,,37473,443,0,50,17
1584503131.023818,173.194.187.70,10.10.0.10,,,443,37473,0,1358,17
1584503131.0282679,173.194.187.70,10.10.0.10,,,443,37473,0,1358,17
1584503131.030427,10.10.0.10,173.194.187.70,,,37473,443,0,37,17
1584503131.032721,173.194.187.70,10.10.0.10,,,443,37473,0,1358,17
1584503131.037174,173.194.187.70,10.10.0.10,,,443,37473,0,1358,17
1584503131.039294,10.10.0.10,173.194.187.70,,,37473,443,0,37,17
1584503131.04164,173.194.187.70,10.10.0.10,,,443,37473,0,1358,17
1584503131.046082,173.194.187.70,10.10.0.10,,,443,37473,0,1358,17
1584503131.047675,10.10.0.10,173.194.187.70,,,37473,443,0,37,17
1584503131.050535,173.194.187.70,10.10.0.10,,,443,37473,0,1358,17
1584503131.054991,173.194.187.70,10.10.0.10,,,443,37473,0,1358,17
1584503131.0579238,10.10.0.10,173.194.187.70,,,37473,443,0,37,17
1584503131.059449,173.194.187.70,10.10.0.10,,,443,37473,0,1358,17
1584503131.0639002,173.194.187.70,10.10.0.10,,,443,37473,0,1358,17
1584503131.066041,10.10.0.10,173.194.187.70,,,37473,443,0,37,17
1584503131.068354,173.194.187.70,10.10.0.10,,,443,37473,0,1358,17
1584503131.072826,173.194.187.70,10.10.0.10,,,443,37473,0,1358,17
1584503131.076691,10.10.0.10,173.194.187.70,,,37473,443,0,37,17
1584503131.0772624,173.194.187.70,10.10.0.10,,,443,37473,0,1358,17
1584503131.081718,173.194.187.70,10.10.0.10,,,443,37473,0,1358,17
1584503131.0838974,10.10.0.10,173.194.187.70,,,37473,443,0,37,17
1584503131.086172,173.194.187.70,10.10.0.10,,,443,37473,0,1358,17
1584503131.090627,173.194.187.70,10.10.0.10,,,443,37473,0,1358,17
1584503131.092777,10.10.0.10,173.194.187.70,,,37473,443,0,37,17
1584503131.0950804,173.194.187.70,10.10.0.10,,,443,37473,0,1358,17
1584503131.099535,173.194.187.70,10.10.0.10,,,443,37473,0,1358,17
1584503131.101567,10.10.0.10,173.194.187.70,,,37473,443,0,37,17
1584503131.1039894,173.194.187.70,10.10.0.10,,,443,37473,0,1358,17
1584503131.108451,173.194.187.70,10.10.0.10,,,443,37473,0,1358,17
1584503131.1106956,10.10.0.10,173.194.187.70,,,37473,443,0,37,17
1584503131.112905,173.194.187.70,10.10.0.10,,,443,37473,0,1358,17
1584503131.117359,173.194.187.70,10.10.0.10,,,443,37473,0,1358,17
1584503131.119068,10.10.0.10,173.194.187.70,,,37473,443,0,37,17
1584503131.121813,173.194.187.70,10.10.0.10,,,443,37473,0,1358,17
1584503131.12628,173.194.187.70,10.10.0.10,,,443,37473,0,1358,17
1584503131.1284199,10.10.0.10,173.194.187.70,,,37473,443,0,37,17
1584503131.1307251,173.194.187.70,10.10.0.10,,,443,37473,0,1358,17
1584503131.135177,173.194.187.70,10.10.0.10,,,443,37473,0,1358,17
1584503131.137046,10.10.0.10,173.194.187.70,,,37473,443,0,37,17
1584503131.139632,173.194.187.70,10.10.0.10,,,443,37473,0,1358,17
1584503131.1440802,173.194.187.70,10.10.0.10,,,443,37473,0,1358,17
1584503131.1465662,10.10.0.10,173.194.187.70,,,37473,443,0,37,17
1584503131.1485412,173.194.187.70,10.10.0.10,,,443,37473,0,1358,17
1584503131.152994,173.194.187.70,10.10.0.10,,,443,37473,0,1358,17
1584503131.154692,10.10.0.10,173.194.187.70,,,37473,443,0,37,17
1584503131.1574428,173.194.187.70,10.10.0.10,,,443,37473,0,1358,17
1584503131.1618981,173.194.187.70,10.10.0.10,,,443,37473,0,1358,17
1584503131.16341,10.10.0.10,173.194.187.70,,,37473,443,0,37,17
1584503131.166357,173.194.187.70,10.10.0.10,,,443,37473,0,1358,17
1584503131.170811,173.194.187.70,10.10.0.10,,,443,37473,0,1358,17
1584503131.1752748,173.194.187.70,10.10.0.10,,,443,37473,0,1358,17
1584503131.1797204,173.194.187.70,10.10.0.10,,,443,37473,0,1358,17
1584503131.184169,173.194.187.70,10.10.0.10,,,443,37473,0,1358,17
1584503131.1886294,173.194.187.70,10.10.0.10,,,443,37473,0,1358,17
1584503131.193093,173.194.187.70,10.10.0.10,,,443,37473,0,1358,17
1584503131.195049,10.10.0.10,173.194.187.70,,,37473,443,0,37,17
1584503131.1962938,10.10.0.10,173.194.187.70,,,37473,443,0,37,17
1584503131.1963198,10.10.0.10,173.194.187.70,,,37473,443,0,37,17
1584503131.200177,173.194.187.70,10.10.0.10,,,443,37473,0,1358,17
1584503131.201666,10.10.0.10,173.194.187.70,,,37473,443,0,50,17
1584503131.206697,173.194.187.70,10.10.0.10,,,443,37473,0,1358,17
1584503131.2067332,173.194.187.70,10.10.0.10,,,443,37473,0,1358,17
1584503131.2085662,10.10.0.10,173.194.187.70,,,37473,443,0,37,17
1584503131.210902,173.194.187.70,10.10.0.10,,,443,37473,0,1358,17
1584503131.215356,173.194.187.70,10.10.0.10,,,443,37473,0,1358,17
1584503131.217169,10.10.0.10,173.194.187.70,,,37473,443,0,37,17
1584503131.21981,173.194.187.70,10.10.0.10,,,443,37473,0,1358,17
1584503131.224261,173.194.187.70,10.10.0.10,,,443,37473,0,1358,17
1584503131.226793,10.10.0.10,173.194.187.70,,,37473,443,0,37,17
1584503131.22872,173.194.187.70,10.10.0.10,,,443,37473,0,1358,17
1584503131.2331722,173.194.187.70,10.10.0.10,,,443,37473,0,1358,17
1584503131.234951,10.10.0.10,173.194.187.70,,,37473,443,0,37,17
1584503131.2376282,173.194.187.70,10.10.0.10,,,443,37473,0,1358,17
1584503131.242094,173.194.187.70,10.10.0.10,,,443,37473,0,1358,17
1584503131.2439196,10.10.0.10,173.194.187.70,,,37473,443,0,37,17
1584503131.246537,173.194.187.70,10.10.0.10,,,443,37473,0,1358,17
1584503131.250992,173.194.187.70,10.10.0.10,,,443,37473,0,1358,17
1584503131.252814,10.10.0.10,173.194.187.70,,,37473,443,0,37,17
1584503131.255445,173.194.187.70,10.10.0.10,,,443,37473,0,1358,17
1584503131.259902,173.194.187.70,10.10.0.10,,,443,37473,0,1358,17
1584503131.261659,10.10.0.10,173.194.187.70,,,37473,443,0,37,17
1584503131.2643502,173.194.187.70,10.10.0.10,,,443,37473,0,1358,17
1584503131.2688088,173.194.187.70,10.10.0.10,,,443,37473,0,1358,17
1584503131.270437,10.10.0.10,173.194.187.70,,,37473,443,0,37,17
1584503131.273275,173.194.187.70,10.10.0.10,,,443,37473,0,1358,17
1584503131.2777214,173.194.187.70,10.10.0.10,,,443,37473,0,1358,17
1584503131.279696,10.10.0.10,173.194.187.70,,,37473,443,0,37,17
1584503131.2821708,173.194.187.70,10.10.0.10,,,443,37473,0,1358,17
1584503131.2866259,173.194.187.70,10.10.0.10,,,443,37473,0,1358,17
1584503131.2885628,10.10.0.10,173.194.187.70,,,37473,443,0,37,17
1584503131.29109,173.194.187.70,10.10.0.10,,,443,37473,0,1358,17
1584503131.295534,173.194.187.70,10.10.0.10,,,443,37473,0,1358,17
1584503131.2978115,10.10.0.10,173.194.187.70,,,37473,443,0,37,17
1584503131.300011,173.194.187.70,10.10.0.10,,,443,37473,0,1358,17
1584503131.304461,173.194.187.70,10.10.0.10,,,443,37473,0,1358,17
1584503131.3063116,10.10.0.10,173.194.187.70,,,37473,443,0,37,17
1584503131.308898,173.194.187.70,10.10.0.10,,,443,37473,0,1358,17
1584503131.3133528,173.194.187.70,10.10.0.10,,,443,37473,0,1358,17
1584503131.316918,10.10.0.10,173.194.187.70,,,37473,443,0,37,17
1584503131.317808,173.194.187.70,10.10.0.10,,,443,37473,0,1358,17
1584503131.322256,173.194.187.70,10.10.0.10,,,443,37473,0,1358,17
1584503131.324034,10.10.0.10,173.194.187.70,,,37473,443,0,37,17
1584503131.3267162,173.194.187.70,10.10.0.10,,,443,37473,0,1358,17
1584503131.328567,10.10.0.10,173.194.187.70,,,37473,443,0,50,17
1584503131.3311708,173.194.187.70,10.10.0.10,,,443,37473,0,1358,17
1584503131.335624,173.194.187.70,10.10.0.10,,,443,37473,0,1358,17
1584503131.337168,10.10.0.10,173.194.187.70,,,37473,443,0,37,17
1584503131.3400724,173.194.187.70,10.10.0.10,,,443,37473,0,1358,17
1584503131.3445318,173.194.187.70,10.10.0.10,,,443,37473,0,1358,17
1584503131.3461552,10.10.0.10,173.194.187.70,,,37473,443,0,37,17
1584503131.348988,173.194.187.70,10.10.0.10,,,443,37473,0,1358,17
1584503131.353462,173.194.187.70,10.10.0.10,,,443,37473,0,1358,17
1584503131.3555412,10.10.0.10,173.194.187.70,,,37473,443,0,37,17
1584503131.357898,173.194.187.70,10.10.0.10,,,443,37473,0,1358,17
1584503131.362352,173.194.187.70,10.10.0.10,,,443,37473,0,1358,17
1584503131.363915,10.10.0.10,173.194.187.70,,,37473,443,0,37,17
1584503131.366806,173.194.187.70,10.10.0.10,,,443,37473,0,1358,17
1584503131.371272,173.194.187.70,10.10.0.10,,,443,37473,0,1358,17
1584503131.373039,10.10.0.10,173.194.187.70,,,37473,443,0,37,17
1584503131.3757155,173.194.187.70,10.10.0.10,,,443,37473,0,29,17
1584503131.375907,173.194.187.70,10.10.0.10,,,443,37473,0,1358,17
1584503131.380366,173.194.187.70,10.10.0.10,,,443,37473,0,1358,17
1584503131.3821652,10.10.0.10,173.194.187.70,,,37473,443,0,37,17
1584503131.38484,173.194.187.70,10.10.0.10,,,443,37473,0,1358,17
1584503131.38928,173.194.187.70,10.10.0.10,,,443,37473,0,1358,17
1584503131.390785,10.10.0.10,173.194.187.70,,,37473,443,0,37,17
1584503131.3937318,173.194.187.70,10.10.0.10,,,443,37473,0,1358,17
1584503131.398207,173.194.187.70,10.10.0.10,,,443,37473,0,1358,17
1584503131.3999386,10.10.0.10,173.194.187.70,,,37473,443,0,37,17
1584503131.402646,173.194.187.70,10.10.0.10,,,443,37473,0,1358,17
1584503131.4070976,173.194.187.70,10.10.0.10,,,443,37473,0,1358,17
1584503131.4086692,10.10.0.10,173.194.187.70,,,37473,443,0,37,17
1584503131.411552,173.194.187.70,10.10.0.10,,,443,37473,0,1358,17
1584503131.416,173.194.187.70,10.10.0.10,,,443,37473,0,1358,17
1584503131.418177,10.10.0.10,173.194.187.70,,,37473,443,0,37,17
1584503131.420463,173.194.187.70,10.10.0.10,,,443,37473,0,1358,17
1584503131.4249148,173.194.187.70,10.10.0.10,,,443,37473,0,1358,17
1584503131.4265492,10.10.0.10,173.194.187.70,,,37473,443,0,37,17
1584503131.429372,173.194.187.70,10.10.0.10,,,443,37473,0,1358,17
1584503131.4338348,173.194.187.70,10.10.0.10,,,443,37473,0,1358,17
1584503131.4357884,10.10.0.10,173.194.187.70,,,37473,443,0,37,17
1584503131.438277,173.194.187.70,10.10.0.10,,,443,37473,0,1358,17
1584503131.4427302,173.194.187.70,10.10.0.10,,,443,37473,0,1358,17
1584503131.4443078,10.10.0.10,173.194.187.70,,,37473,443,0,37,17
1584503131.447207,173.194.187.70,10.10.0.10,,,443,37473,0,1358,17
1584503131.4516456,173.194.187.70,10.10.0.10,,,443,37473,0,1358,17
1584503131.4534118,10.10.0.10,173.194.187.70,,,37473,443,0,37,17
1584503131.456089,173.194.187.70,10.10.0.10,,,443,37473,0,1358,17
1584503131.460551,173.194.187.70,10.10.0.10,,,443,37473,0,1358,17
1584503131.4623091,10.10.0.10,173.194.187.70,,,37473,443,0,37,17
1584503131.4650204,173.194.187.70,10.10.0.10,,,443,37473,0,1358,17
1584503131.469458,173.194.187.70,10.10.0.10,,,443,37473,0,1358,17
1584503131.4711812,10.10.0.10,173.194.187.70,,,37473,443,0,37,17
1584503131.473911,173.194.187.70,10.10.0.10,,,443,37473,0,1358,17
1584503131.478366,173.194.187.70,10.10.0.10,,,443,37473,0,1358,17
1584503131.4799109,10.10.0.10,173.194.187.70,,,37473,443,0,37,17
1584503131.482833,173.194.187.70,10.10.0.10,,,443,37473,0,1358,17
1584503131.487275,173.194.187.70,10.10.0.10,,,443,37473,0,1358,17
1584503131.488792,10.10.0.10,173.194.187.70,,,37473,443,0,37,17
1584503131.491729,173.194.187.70,10.10.0.10,,,443,37473,0,1358,17
1584503131.4961786,173.194.187.70,10.10.0.10,,,443,37473,0,1358,17
1584503131.4976704,10.10.0.10,173.194.187.70,,,37473,443,0,37,17
1584503131.5006435,173.194.187.70,10.10.0.10,,,443,37473,0,1358,17
1584503131.5050929,173.194.187.70,10.10.0.10,,,443,37473,0,1358,17
1584503131.506541,10.10.0.10,173.194.187.70,,,37473,443,0,50,17
1584503131.5095482,173.194.187.70,10.10.0.10,,,443,37473,0,1358,17
1584503131.5140178,173.194.187.70,10.10.0.10,,,443,37473,0,1358,17
1584503131.515788,10.10.0.10,173.194.187.70,,,37473,443,0,37,17
1584503131.5184605,173.194.187.70,10.10.0.10,,,443,37473,0,1358,17
1584503131.5229099,173.194.187.70,10.10.0.10,,,443,37473,0,1358,17
1584503131.524534,10.10.0.10,173.194.187.70,,,37473,443,0,37,17
1584503131.5273652,173.194.187.70,10.10.0.10,,,443,37473,0,1358,17
1584503131.5318348,173.194.187.70,10.10.0.10,,,443,37473,0,1358,17
1584503131.53491,10.10.0.10,173.194.187.70,,,37473,443,0,37,17
1584503131.536271,173.194.187.70,10.10.0.10,,,443,37473,0,1358,17
1584503131.540731,173.194.187.70,10.10.0.10,,,443,37473,0,1358,17
1584503131.542662,10.10.0.10,173.194.187.70,,,37473,443,0,37,17
1584503131.545179,173.194.187.70,10.10.0.10,,,443,37473,0,1358,17
1584503131.5496418,173.194.187.70,10.10.0.10,,,443,37473,0,1358,17
1584503131.551553,10.10.0.10,173.194.187.70,,,37473,443,0,37,17
1584503131.5540922,173.194.187.70,10.10.0.10,,,443,37473,0,1358,17
1584503131.5585456,173.194.187.70,10.10.0.10,,,443,37473,0,1358,17
1584503131.56041,10.10.0.10,173.194.187.70,,,37473,443,0,37,17
1584503131.563014,173.194.187.70,10.10.0.10,,,443,37473,0,531,17
1584503131.584537,10.10.0.10,173.194.187.70,,,37473,443,0,749,17
1584503131.5845628,10.10.0.10,173.194.187.70,,,37473,443,0,48,17
1584503131.589257,173.194.187.70,10.10.0.10,,,443,37473,0,115,17
1584503131.589288,173.194.187.70,10.10.0.10,,,443,37473,0,1358,17
1584503131.5893116,173.194.187.70,10.10.0.10,,,443,37473,0,1358,17
1584503131.591179,10.10.0.10,173.194.187.70,,,37473,443,0,37,17
1584503131.5935311,173.194.187.70,10.10.0.10,,,443,37473,0,1358,17
1584503131.5954268,10.10.0.10,173.194.187.70,,,37473,443,0,37,17
1584503131.597987,173.194.187.70,10.10.0.10,,,443,37473,0,1358,17
1584503131.602456,173.194.187.70,10.10.0.10,,,443,37473,0,1358,17
1584503131.604553,10.10.0.10,173.194.187.70,,,37473,443,0,37,17
1584503131.605914,10.10.0.10,173.194.187.70,,,37473,443,0,728,17
1584503131.6060288,10.10.0.10,173.194.187.70,,,37473,443,0,48,17
1584503131.606895,173.194.187.70,10.10.0.10,,,443,37473,0,1358,17
1584503131.6113482,173.194.187.70,10.10.0.10,,,443,37473,0,1358,17
1584503131.6129315,10.10.0.10,173.194.187.70,,,37473,443,0,37,17
1584503131.6158018,173.194.187.70,10.10.0.10,,,443,37473,0,1358,17
1584503131.6202538,173.194.187.70,10.10.0.10,,,443,37473,0,1358,17
1584503131.6219141,10.10.0.10,173.194.187.70,,,37473,443,0,37,17
1584503131.624711,173.194.187.70,10.10.0.10,,,443,37473,0,1358,17
1584503131.629167,173.194.187.70,10.10.0.10,,,443,37473,0,1358,17
1584503131.630658,10.10.0.10,173.194.187.70,,,37473,443,0,37,17
1584503131.6336212,173.194.187.70,10.10.0.10,,,443,37473,0,1358,17
1584503131.6380801,173.194.187.70,10.10.0.10,,,443,37473,0,1358,17
1584503131.639676,10.10.0.10,173.194.187.70,,,37473,443,0,37,17
1584503131.64253,173.194.187.70,10.10.0.10,,,443,37473,0,1358,17
1584503131.646986,173.194.187.70,10.10.0.10,,,443,37473,0,1358,17
1584503131.648907,10.10.0.10,173.194.187.70,,,37473,443,0,37,17
1584503131.6514509,173.194.187.70,10.10.0.10,,,443,37473,0,1358,17
1584503131.655895,173.194.187.70,10.10.0.10,,,443,37473,0,29,17
1584503131.656086,173.194.187.70,10.10.0.10,,,443,37473,0,1358,17
1584503131.6576571,10.10.0.10,173.194.187.70,,,37473,443,0,37,17
1584503131.6605492,173.194.187.70,10.10.0.10,,,443,37473,0,1358,17
1584503131.665015,173.194.187.70,10.10.0.10,,,443,37473,0,1358,17
1584503131.6666772,10.10.0.10,173.194.187.70,,,37473,443,0,37,17
1584503131.6694589,173.194.187.70,10.10.0.10,,,443,37473,0,1358,17
1584503131.6739118,173.194.187.70,10.10.0.10,,,443,37473,0,1358,17
1584503131.6760259,10.10.0.10,173.194.187.70,,,37473,443,0,37,17
1584503131.6783671,173.194.187.70,10.10.0.10,,,443,37473,0,1358,17
1584503131.6828284,173.194.187.70,10.10.0.10,,,443,37473,0,1358,17
1584503131.6848009,10.10.0.10,173.194.187.70,,,37473,443,0,37,17
1584503131.687275,173.194.187.70,10.10.0.10,,,443,37473,0,1358,17
1584503131.6917286,173.194.187.70,10.10.0.10,,,443,37473,0,1358,17
1584503131.6933026,10.10.0.10,173.194.187.70,,,37473,443,0,37,17
1584503131.696179,173.194.187.70,10.10.0.10,,,443,37473,0,1358,17
1584503131.7006366,173.194.187.70,10.10.0.10,,,443,37473,0,1358,17
1584503131.703302,10.10.0.10,173.194.187.70,,,37473,443,0,37,17
1584503131.7050948,173.194.187.70,10.10.0.10,,,443,37473,0,1358,17
1584503131.7095492,173.194.187.70,10.10.0.10,,,443,37473,0,1358,17
1584503131.7111769,10.10.0.10,173.194.187.70,,,37473,443,0,37,17
1584503131.714011,173.194.187.70,10.10.0.10,,,443,37473,0,1358,17
1584503131.718457,173.194.187.70,10.10.0.10,,,443,37473,0,1358,17
1584503131.720176,10.10.0.10,173.194.187.70,,,37473,443,0,37,17
1584503131.7229102,173.194.187.70,10.10.0.10,,,443,37473,0,1358,17
1584503131.727366,173.194.187.70,10.10.0.10,,,443,37473,0,1358,17
1584503131.728904,10.10.0.10,173.194.187.70,,,37473,443,0,37,17
1584503131.7318268,173.194.187.70,10.10.0.10,,,443,37473,0,1358,17
1584503131.7362692,173.194.187.70,10.10.0.10,,,443,37473,0,1358,17
1584503131.7380278,10.10.0.10,173.194.187.70,,,37473,443,0,37,17
1584503131.7407286,173.194.187.70,10.10.0.10,,,443,37473,0,1358,17
1584503131.7452018,173.194.187.70,10.10.0.10,,,443,37473,0,1358,17
1584503131.7471552,10.10.0.10,173.194.187.70,,,37473,443,0,37,17
1584503131.7496321,173.194.187.70,10.10.0.10,,,443,37473,0,1358,17
1584503131.7540948,173.194.187.70,10.10.0.10,,,443,37473,0,1358,17
1584503131.756021,10.10.0.10,173.194.187.70,,,37473,443,0,37,17
1584503131.7585475,173.194.187.70,10.10.0.10,,,443,37473,0,1358,17
1584503131.7629962,173.194.187.70,10.10.0.10,,,443,37473,0,1358,17
1584503131.7652712,10.10.0.10,173.194.187.70,,,37473,443,0,37,17
1584503131.767454,173.194.187.70,10.10.0.10,,,443,37473,0,1358,17
1584503131.7719078,173.194.187.70,10.10.0.10,,,443,37473,0,1358,17
1584503131.773648,10.10.0.10,173.194.187.70,,,37473,443,0,37,17
1584503131.7763689,173.194.187.70,10.10.0.10,,,443,37473,0,1358,17
1584503131.780824,173.194.187.70,10.10.0.10,,,443,37473,0,1358,17
1584503131.7845206,10.10.0.10,173.194.187.70,,,37473,443,0,50,17
1584503131.7852721,173.194.187.70,10.10.0.10,,,443,37473,0,1358,17
1584503131.789728,173.194.187.70,10.10.0.10,,,443,37473,0,1358,17
1584503131.793282,10.10.0.10,173.194.187.70,,,37473,443,0,37,17
1584503131.794177,173.194.187.70,10.10.0.10,,,443,37473,0,1358,17
1584503131.798627,173.194.187.70,10.10.0.10,,,443,37473,0,1358,17
1584503131.800764,10.10.0.10,173.194.187.70,,,37473,443,0,37,17
1584503131.8030908,173.194.187.70,10.10.0.10,,,443,37473,0,1358,17
1584503131.807539,173.194.187.70,10.10.0.10,,,443,37473,0,1358,17
1584503131.8101618,10.10.0.10,173.194.187.70,,,37473,443,0,37,17
1584503131.812002,173.194.187.70,10.10.0.10,,,443,37473,0,1358,17
1584503131.816449,173.194.187.70,10.10.0.10,,,443,37473,0,29,17
1584503131.816653,173.194.187.70,10.10.0.10,,,443,37473,0,1358,17
1584503131.818179,10.10.0.10,173.194.187.70,,,37473,443,0,37,17
1584503131.8211012,173.194.187.70,10.10.0.10,,,443,37473,0,1358,17
1584503131.8255599,173.194.187.70,10.10.0.10,,,443,37473,0,1358,17
1584503131.8272786,10.10.0.10,173.194.187.70,,,37473,443,0,37,17
1584503131.830024,173.194.187.70,10.10.0.10,,,443,37473,0,1358,17
1584503131.834467,173.194.187.70,10.10.0.10,,,443,37473,0,1358,17
1584503131.836145,10.10.0.10,173.194.187.70,,,37473,443,0,37,17
1584503131.838923,173.194.187.70,10.10.0.10,,,443,37473,0,1358,17
1584503131.843375,173.194.187.70,10.10.0.10,,,443,37473,0,1358,17
1584503131.8451102,10.10.0.10,173.194.187.70,,,37473,443,0,37,17
1584503131.847832,173.194.187.70,10.10.0.10,,,443,37473,0,1358,17
1584503131.8522851,173.194.187.70,10.10.0.10,,,443,37473,0,1358,17
1584503131.8538988,10.10.0.10,173.194.187.70,,,37473,443,0,37,17
1584503131.856742,173.194.187.70,10.10.0.10,,,443,37473,0,1358,17
1584503131.861193,173.194.187.70,10.10.0.10,,,443,37473,0,1358,17
1584503131.8632526,10.10.0.10,173.194.187.70,,,37473,443,0,37,17
1584503131.8656578,173.194.187.70,10.10.0.10,,,443,37473,0,1358,17
1584503131.870108,173.194.187.70,10.10.0.10,,,443,37473,0,1358,17
1584503131.87167,10.10.0.10,173.194.187.70,,,37473,443,0,37,17
1584503131.8745608,173.194.187.70,10.10.0.10,,,443,37473,0,1358,17
1584503131.879015,173.194.187.70,10.10.0.10,,,443,37473,0,1358,17
1584503131.880541,10.10.0.10,173.194.187.70,,,37473,443,0,37,17
1584503131.8834732,173.194.187.70,10.10.0.10,,,443,37473,0,1358,17
1584503131.8879502,173.194.187.70,10.10.0.10,,,443,37473,0,1358,17
1584503131.890899,10.10.0.10,173.194.187.70,,,37473,443,0,37,17
1584503131.892375,173.194.187.70,10.10.0.10,,,443,37473,0,1358,17
1584503131.89683,173.194.187.70,10.10.0.10,,,443,37473,0,1358,17
1584503131.89825,10.10.0.10,173.194.187.70,,,37473,443,0,37,17
1584503131.9012835,173.194.187.70,10.10.0.10,,,443,37473,0,1358,17
1584503131.905736,173.194.187.70,10.10.0.10,,,443,37473,0,1358,17
1584503131.907399,10.10.0.10,173.194.187.70,,,37473,443,0,37,17
1584503131.910191,173.194.187.70,10.10.0.10,,,443,37473,0,1358,17
1584503131.914649,173.194.187.70,10.10.0.10,,,443,37473,0,1358,17
1584503131.9167464,10.10.0.10,173.194.187.70,,,37473,443,0,37,17
1584503131.9191165,173.194.187.70,10.10.0.10,,,443,37473,0,1358,17
1584503131.923558,173.194.187.70,10.10.0.10,,,443,37473,0,1358,17
1584503131.9256532,10.10.0.10,173.194.187.70,,,37473,443,0,37,17
1584503131.92801,173.194.187.70,10.10.0.10,,,443,37473,0,1358,17
1584503131.932466,173.194.187.70,10.10.0.10,,,443,37473,0,1358,17
1584503131.934796,10.10.0.10,173.194.187.70,,,37473,443,0,37,17
1584503131.936919,173.194.187.70,10.10.0.10,,,443,37473,0,1358,17
1584503131.941376,173.194.187.70,10.10.0.10,,,443,37473,0,1358,17
1584503131.943392,10.10.0.10,173.194.187.70,,,37473,443,0,37,17
1584503131.9458268,173.194.187.70,10.10.0.10,,,443,37473,0,1358,17
1584503131.9502852,173.194.187.70,10.10.0.10,,,443,37473,0,1358,17
1584503131.9526482,10.10.0.10,173.194.187.70,,,37473,443,0,37,17
1584503131.9547398,173.194.187.70,10.10.0.10,,,443,37473,0,1358,17
1584503131.959191,173.194.187.70,10.10.0.10,,,443,37473,0,1358,17
1584503131.9607732,10.10.0.10,173.194.187.70,,,37473,443,0,50,17
1584503131.9636452,173.194.187.70,10.10.0.10,,,443,37473,0,1358,17
1584503131.968096,173.194.187.70,10.10.0.10,,,443,37473,0,1358,17
1584503131.970512,10.10.0.10,173.194.187.70,,,37473,443,0,37,17
1584503131.9725552,173.194.187.70,10.10.0.10,,,443,37473,0,1358,17
1584503131.977015,173.194.187.70,10.10.0.10,,,443,37473,0,1358,17
1584503131.979399,10.10.0.10,173.194.187.70,,,37473,443,0,37,17
1584503131.9814641,173.194.187.70,10.10.0.10,,,443,37473,0,1358,17
1584503131.9859214,173.194.187.70,10.10.0.10,,,443,37473,0,1358,17
1584503131.987486,10.10.0.10,173.194.187.70,,,37473,443,0,37,17
1584503131.990376,173.194.187.70,10.10.0.10,,,443,37473,0,1358,17
1584503131.994832,173.194.187.70,10.10.0.10,,,443,37473,0,1358,17
1584503131.996273,10.10.0.10,173.194.187.70,,,37473,443,0,37,17
1584503131.9992864,173.194.187.70,10.10.0.10,,,443,37473,0,1358,17
1584503132.003754,173.194.187.70,10.10.0.10,,,443,37473,0,1358,17
1584503132.005542,10.10.0.10,173.194.187.70,,,37473,443,0,37,17
1584503132.0081882,173.194.187.70,10.10.0.10,,,443,37473,0,1358,17
1584503132.0126526,173.194.187.70,10.10.0.10,,,443,37473,0,1358,17
1584503132.0147948,10.10.0.10,173.194.187.70,,,37473,443,0,37,17
1584503132.0171142,173.194.187.70,10.10.0.10,,,443,37473,0,1358,17
1584503132.021568,173.194.187.70,10.10.0.10,,,443,37473,0,1358,17
1584503132.0235438,10.10.0.10,173.194.187.70,,,37473,443,0,37,17
1584503132.0260134,173.194.187.70,10.10.0.10,,,443,37473,0,1358,17
1584503132.0304608,173.194.187.70,10.10.0.10,,,443,37473,0,1358,17
1584503132.032165,10.10.0.10,173.194.187.70,,,37473,443,0,37,17
1584503132.034915,173.194.187.70,10.10.0.10,,,443,37473,0,1358,17
1584503132.039377,173.194.187.70,10.10.0.10,,,443,37473,0,1358,17
1584503132.0409148,10.10.0.10,173.194.187.70,,,37473,443,0,37,17
1584503132.043831,173.194.187.70,10.10.0.10,,,443,37473,0,1358,17
1584503132.0482776,173.194.187.70,10.10.0.10,,,443,37473,0,1358,17
1584503132.049922,10.10.0.10,173.194.187.70,,,37473,443,0,37,17
1584503132.052752,173.194.187.70,10.10.0.10,,,443,37473,0,1358,17
1584503132.057192,173.194.187.70,10.10.0.10,,,443,37473,0,1358,17
1584503132.058903,10.10.0.10,173.194.187.70,,,37473,443,0,37,17
1584503132.0616472,173.194.187.70,10.10.0.10,,,443,37473,0,1358,17
1584503132.0661,173.194.187.70,10.10.0.10,,,443,37473,0,1358,17
1584503132.06779,10.10.0.10,173.194.187.70,,,37473,443,0,37,17
1584503132.0705636,173.194.187.70,10.10.0.10,,,443,37473,0,1358,17
1584503132.075008,173.194.187.70,10.10.0.10,,,443,37473,0,1358,17
1584503132.076643,10.10.0.10,173.194.187.70,,,37473,443,0,37,17
1584503132.079463,173.194.187.70,10.10.0.10,,,443,37473,0,1358,17
1584503132.0839472,173.194.187.70,10.10.0.10,,,443,37473,0,1358,17
1584503132.0856464,10.10.0.10,173.194.187.70,,,37473,443,0,37,17
1584503132.088369,173.194.187.70,10.10.0.10,,,443,37473,0,1358,17
1584503132.092822,173.194.187.70,10.10.0.10,,,443,37473,0,1358,17
1584503132.094664,10.10.0.10,173.194.187.70,,,37473,443,0,37,17
1584503132.097285,173.194.187.70,10.10.0.10,,,443,37473,0,1358,17
1584503132.1017306,173.194.187.70,10.10.0.10,,,443,37473,0,1358,17
1584503132.103267,10.10.0.10,173.194.187.70,,,37473,443,0,37,17
1584503132.106199,173.194.187.70,10.10.0.10,,,443,37473,0,1358,17
1584503132.11064,173.194.187.70,10.10.0.10,,,443,37473,0,1358,17
1584503132.112538,10.10.0.10,173.194.187.70,,,37473,443,0,37,17
1584503132.1150944,173.194.187.70,10.10.0.10,,,443,37473,0,1358,17
1584503132.119566,173.194.187.70,10.10.0.10,,,443,37473,0,1358,17
1584503132.121149,10.10.0.10,173.194.187.70,,,37473,443,0,37,17
1584503132.124003,173.194.187.70,10.10.0.10,,,443,37473,0,1358,17
1584503132.1284618,173.194.187.70,10.10.0.10,,,443,37473,0,1358,17
1584503132.130022,10.10.0.10,173.194.187.70,,,37473,443,0,37,17
1584503132.13294,173.194.187.70,10.10.0.10,,,443,37473,0,1358,17
1584503132.137375,173.194.187.70,10.10.0.10,,,443,37473,0,1358,17
1584503132.1390178,10.10.0.10,173.194.187.70,,,37473,443,0,50,17
1584503132.141825,173.194.187.70,10.10.0.10,,,443,37473,0,1358,17
1584503132.14628,173.194.187.70,10.10.0.10,,,443,37473,0,1358,17
1584503132.1482868,10.10.0.10,173.194.187.70,,,37473,443,0,37,17
1584503132.1507502,173.194.187.70,10.10.0.10,,,443,37473,0,1358,17
1584503132.155191,173.194.187.70,10.10.0.10,,,443,37473,0,1358,17
1584503132.156768,10.10.0.10,173.194.187.70,,,37473,443,0,37,17
1584503132.159647,173.194.187.70,10.10.0.10,,,443,37473,0,29,17
1584503132.1598382,173.194.187.70,10.10.0.10,,,443,37473,0,1358,17
1584503132.164294,173.194.187.70,10.10.0.10,,,443,37473,0,1358,17
1584503132.1663911,10.10.0.10,173.194.187.70,,,37473,443,0,37,17
1584503132.16875,173.194.187.70,10.10.0.10,,,443,37473,0,1358,17
1584503132.17321,173.194.187.70,10.10.0.10,,,443,37473,0,1358,17
1584503132.1749089,10.10.0.10,173.194.187.70,,,37473,443,0,37,17
1584503132.177662,173.194.187.70,10.10.0.10,,,443,37473,0,1358,17
1584503132.182112,173.194.187.70,10.10.0.10,,,443,37473,0,1358,17
1584503132.184792,10.10.0.10,173.194.187.70,,,37473,443,0,37,17
1584503132.186567,173.194.187.70,10.10.0.10,,,443,37473,0,1358,17
1584503132.191026,173.194.187.70,10.10.0.10,,,443,37473,0,1358,17
1584503132.1929116,10.10.0.10,173.194.187.70,,,37473,443,0,37,17
1584503132.195483,173.194.187.70,10.10.0.10,,,443,37473,0,1358,17
1584503132.1999464,173.194.187.70,10.10.0.10,,,443,37473,0,1358,17
1584503132.202015,10.10.0.10,173.194.187.70,,,37473,443,0,37,17
1584503132.204384,173.194.187.70,10.10.0.10,,,443,37473,0,1358,17
1584503132.2088444,173.194.187.70,10.10.0.10,,,443,37473,0,1358,17
1584503132.2108922,10.10.0.10,173.194.187.70,,,37473,443,0,37,17
1584503132.21331,173.194.187.70,10.10.0.10,,,443,37473,0,1358,17
1584503132.217751,173.194.187.70,10.10.0.10,,,443,37473,0,1358,17
1584503132.219786,10.10.0.10,173.194.187.70,,,37473,443,0,37,17
1584503132.22221,173.194.187.70,10.10.0.10,,,443,37473,0,1358,17
1584503132.226656,173.194.187.70,10.10.0.10,,,443,37473,0,1358,17
1584503132.228258,10.10.0.10,173.194.187.70,,,37473,443,0,37,17
1584503132.231123,173.194.187.70,10.10.0.10,,,443,37473,0,1358,17
1584503132.2355652,173.194.187.70,10.10.0.10,,,443,37473,0,1358,17
1584503132.237159,10.10.0.10,173.194.187.70,,,37473,443,0,37,17
1584503132.2400188,173.194.187.70,10.10.0.10,,,443,37473,0,1358,17
1584503132.244497,173.194.187.70,10.10.0.10,,,443,37473,0,1358,17
1584503132.246033,10.10.0.10,173.194.187.70,,,37473,443,0,37,17
1584503132.248929,173.194.187.70,10.10.0.10,,,443,37473,0,1358,17
1584503132.2533839,173.194.187.70,10.10.0.10,,,443,37473,0,1358,17
1584503132.255034,10.10.0.10,173.194.187.70,,,37473,443,0,37,17
1584503132.2578428,173.194.187.70,10.10.0.10,,,443,37473,0,1358,17
1584503132.2622972,173.194.187.70,10.10.0.10,,,443,37473,0,1358,17
1584503132.263981,10.10.0.10,173.194.187.70,,,37473,443,0,37,17
1584503132.266754,173.194.187.70,10.10.0.10,,,443,37473,0,1358,17
1584503132.271201,173.194.187.70,10.10.0.10,,,443,37473,0,1358,17
1584503132.2730348,10.10.0.10,173.194.187.70,,,37473,443,0,37,17
1584503132.275658,173.194.187.70,10.10.0.10,,,443,37473,0,1358,17
1584503132.2801092,173.194.187.70,10.10.0.10,,,443,37473,0,1358,17
1584503132.2816381,10.10.0.10,173.194.187.70,,,37473,443,0,37,17
1584503132.284577,173.194.187.70,10.10.0.10,,,443,37473,0,1358,17
1584503132.2890232,173.194.187.70,10.10.0.10,,,443,37473,0,1358,17
1584503132.290764,10.10.0.10,173.194.187.70,,,37473,443,0,37,17
1584503132.293478,173.194.187.70,10.10.0.10,,,443,37473,0,1358,17
1584503132.297934,173.194.187.70,10.10.0.10,,,443,37473,0,1358,17
1584503132.2996588,10.10.0.10,173.194.187.70,,,37473,443,0,37,17
1584503132.3023849,173.194.187.70,10.10.0.10,,,443,37473,0,1358,17
1584503132.3068428,173.194.187.70,10.10.0.10,,,443,37473,0,1358,17
1584503132.3083892,10.10.0.10,173.194.187.70,,,37473,443,0,37,17
1584503132.31129,173.194.187.70,10.10.0.10,,,443,37473,0,1358,17
1584503132.3157492,173.194.187.70,10.10.0.10,,,443,37473,0,1358,17
1584503132.3177626,10.10.0.10,173.194.187.70,,,37473,443,0,50,17
1584503132.320197,173.194.187.70,10.10.0.10,,,443,37473,0,1358,17
1584503132.3246794,173.194.187.70,10.10.0.10,,,443,37473,0,1358,17
1584503132.326281,10.10.0.10,173.194.187.70,,,37473,443,0,37,17
1584503132.3291068,173.194.187.70,10.10.0.10,,,443,37473,0,1358,17
1584503132.333562,173.194.187.70,10.10.0.10,,,443,37473,0,1358,17
1584503132.3352618,10.10.0.10,173.194.187.70,,,37473,443,0,37,17
1584503132.338016,173.194.187.70,10.10.0.10,,,443,37473,0,29,17
1584503132.3382132,173.194.187.70,10.10.0.10,,,443,37473,0,1358,17
1584503132.3426828,173.194.187.70,10.10.0.10,,,443,37473,0,1358,17
1584503132.3442822,10.10.0.10,173.194.187.70,,,37473,443,0,37,17
1584503132.3471308,173.194.187.70,10.10.0.10,,,443,37473,0,1358,17
1584503132.351591,173.194.187.70,10.10.0.10,,,443,37473,0,1358,17
1584503132.3534038,10.10.0.10,173.194.187.70,,,37473,443,0,37,17
1584503132.356035,173.194.187.70,10.10.0.10,,,443,37473,0,1358,17
1584503132.3604898,173.194.187.70,10.10.0.10,,,443,37473,0,1358,17
1584503132.362011,10.10.0.10,173.194.187.70,,,37473,443,0,37,17
1584503132.3649492,173.194.187.70,10.10.0.10,,,443,37473,0,1358,17
1584503132.3694088,173.194.187.70,10.10.0.10,,,443,37473,0,1358,17
1584503132.3711398,10.10.0.10,173.194.187.70,,,37473,443,0,37,17
1584503132.3738532,173.194.187.70,10.10.0.10,,,443,37473,0,1358,17
1584503132.3783119,173.194.187.70,10.10.0.10,,,443,37473,0,1358,17
1584503132.379981,10.10.0.10,173.194.187.70,,,37473,443,0,37,17
1584503132.382762,173.194.187.70,10.10.0.10,,,443,37473,0,1358,17
1584503132.387222,173.194.187.70,10.10.0.10,,,443,37473,0,1358,17
1584503132.388781,10.10.0.10,173.194.187.70,,,37473,443,0,37,17
1584503132.39167,173.194.187.70,10.10.0.10,,,443,37473,0,1358,17
1584503132.396125,173.194.187.70,10.10.0.10,,,443,37473,0,1358,17
1584503132.397782,10.10.0.10,173.194.187.70,,,37473,443,0,37,17
1584503132.400586,173.194.187.70,10.10.0.10,,,443,37473,0,1358,17
1584503132.4050536,173.194.187.70,10.10.0.10,,,443,37473,0,1358,17
1584503132.4069052,10.10.0.10,173.194.187.70,,,37473,443,0,37,17
1584503132.4094946,173.194.187.70,10.10.0.10,,,443,37473,0,1358,17
1584503132.4139464,173.194.187.70,10.10.0.10,,,443,37473,0,1358,17
1584503132.415659,10.10.0.10,173.194.187.70,,,37473,443,0,37,17
1584503132.4184098,173.194.187.70,10.10.0.10,,,443,37473,0,1358,17
1584503132.4228668,173.194.187.70,10.10.0.10,,,443,37473,0,1358,17
1584503132.4247801,10.10.0.10,173.194.187.70,,,37473,443,0,37,17
1584503132.427315,173.194.187.70,10.10.0.10,,,443,37473,0,1358,17
1584503132.4317722,173.194.187.70,10.10.0.10,,,443,37473,0,1358,17
1584503132.433528,10.10.0.10,173.194.187.70,,,37473,443,0,37,17
1584503132.436213,173.194.187.70,10.10.0.10,,,443,37473,0,1358,17
1584503132.44067,173.194.187.70,10.10.0.10,,,443,37473,0,1358,17
1584503132.4422786,10.10.0.10,173.194.187.70,,,37473,443,0,37,17
1584503132.445128,173.194.187.70,10.10.0.10,,,443,37473,0,1358,17
1584503132.4495778,173.194.187.70,10.10.0.10,,,443,37473,0,1358,17
1584503132.4540534,173.194.187.70,10.10.0.10,,,443,37473,0,1358,17
1584503132.4584901,173.194.187.70,10.10.0.10,,,443,37473,0,1358,17
1584503132.462945,173.194.187.70,10.10.0.10,,,443,37473,0,1358,17
1584503132.467401,173.194.187.70,10.10.0.10,,,443,37473,0,1358,17
1584503132.471865,173.194.187.70,10.10.0.10,,,443,37473,0,1358,17
1584503132.47417,10.10.0.10,173.194.187.70,,,37473,443,0,37,17
1584503132.4761412,10.10.0.10,173.194.187.70,,,37473,443,0,37,17
1584503132.477132,10.10.0.10,173.194.187.70,,,37473,443,0,37,17
1584503132.479408,173.194.187.70,10.10.0.10,,,443,37473,0,1358,17
1584503132.481256,10.10.0.10,173.194.187.70,,,37473,443,0,37,17
1584503132.4842348,173.194.187.70,10.10.0.10,,,443,37473,0,1358,17
1584503132.4852178,173.194.187.70,10.10.0.10,,,443,37473,0,1358,17
1584503132.4871519,10.10.0.10,173.194.187.70,,,37473,443,0,37,17
1584503132.4922018,173.194.187.70,10.10.0.10,,,443,37473,0,1358,17
1584503132.494128,173.194.187.70,10.10.0.10,,,443,37473,0,1358,17
1584503132.4962618,10.10.0.10,173.194.187.70,,,37473,443,0,50,17
1584503132.4985812,173.194.187.70,10.10.0.10,,,443,37473,0,1358,17
1584503132.503055,173.194.187.70,10.10.0.10,,,443,37473,0,1358,17
1584503132.504631,10.10.0.10,173.194.187.70,,,37473,443,0,37,17
1584503132.507489,173.194.187.70,10.10.0.10,,,443,37473,0,1358,17
1584503132.5119429,173.194.187.70,10.10.0.10,,,443,37473,0,1358,17
1584503132.513391,10.10.0.10,173.194.187.70,,,37473,443,0,37,17
1584503132.5163982,173.194.187.70,10.10.0.10,,,443,37473,0,1358,17
1584503132.520865,173.194.187.70,10.10.0.10,,,443,37473,0,1358,17
1584503132.5224009,10.10.0.10,173.194.187.70,,,37473,443,0,37,17
1584503132.525307,173.194.187.70,10.10.0.10,,,443,37473,0,1358,17
1584503132.5297608,173.194.187.70,10.10.0.10,,,443,37473,0,1358,17
1584503132.5315056,10.10.0.10,173.194.187.70,,,37473,443,0,40,17
1584503132.5342178,173.194.187.70,10.10.0.10,,,443,37473,0,1358,17
1584503132.535903,10.10.0.10,173.194.187.70,,,37473,443,0,37,17
1584503132.5386796,173.194.187.70,10.10.0.10,,,443,37473,0,1358,17
1584503132.5431304,173.194.187.70,10.10.0.10,,,443,37473,0,1358,17
1584503132.5446498,10.10.0.10,173.194.187.70,,,37473,443,0,37,17
1584503132.5475802,173.194.187.70,10.10.0.10,,,443,37473,0,1358,17
1584503132.5520296,173.194.187.70,10.10.0.10,,,443,37473,0,1358,17
1584503132.5538988,10.10.0.10,173.194.187.70,,,37473,443,0,37,17
1584503132.556488,173.194.187.70,10.10.0.10,,,443,37473,0,1358,17
1584503132.560945,173.194.187.70,10.10.0.10,,,443,37473,0,1358,17
1584503132.5626302,10.10.0.10,173.194.187.70,,,37473,443,0,37,17
1584503132.565398,173.194.187.70,10.10.0.10,,,443,37473,0,1358,17
1584503132.569863,173.194.187.70,10.10.0.10,,,443,37473,0,1358,17
1584503132.571379,10.10.0.10,173.194.187.70,,,37473,443,0,37,17
1584503132.574305,173.194.187.70,10.10.0.10,,,443,37473,0,1358,17
1584503132.5787554,173.194.187.70,10.10.0.10,,,443,37473,0,1358,17
1584503132.5807366,10.10.0.10,173.194.187.70,,,37473,443,0,37,17
1584503132.583216,173.194.187.70,10.10.0.10,,,443,37473,0,1358,17
1584503132.587677,173.194.187.70,10.10.0.10,,,443,37473,0,1358,17
1584503132.589255,10.10.0.10,173.194.187.70,,,37473,443,0,37,17
1584503132.592118,173.194.187.70,10.10.0.10,,,443,37473,0,1358,17
1584503132.596578,173.194.187.70,10.10.0.10,,,443,37473,0,1358,17
1584503132.5981288,10.10.0.10,173.194.187.70,,,37473,443,0,37,17
1584503132.601052,173.194.187.70,10.10.0.10,,,443,37473,0,1358,17
1584503132.6054866,173.194.187.70,10.10.0.10,,,443,37473,0,1358,17
1584503132.6072762,10.10.0.10,173.194.187.70,,,37473,443,0,37,17
1584503132.6099422,173.194.187.70,10.10.0.10,,,443,37473,0,1358,17
1584503132.614396,173.194.187.70,10.10.0.10,,,443,37473,0,1358,17
1584503132.6158712,10.10.0.10,173.194.187.70,,,37473,443,0,37,17
1584503132.6188614,173.194.187.70,10.10.0.10,,,443,37473,0,1358,17
1584503132.6232991,173.194.187.70,10.10.0.10,,,443,37473,0,1358,17
1584503132.624898,10.10.0.10,173.194.187.70,,,37473,443,0,37,17
1584503132.627759,173.194.187.70,10.10.0.10,,,443,37473,0,1358,17
1584503132.6322072,173.194.187.70,10.10.0.10,,,443,37473,0,1358,17
1584503132.6342509,10.10.0.10,173.194.187.70,,,37473,443,0,37,17
1584503132.6366758,173.194.187.70,10.10.0.10,,,443,37473,0,1358,17
1584503132.641122,173.194.187.70,10.10.0.10,,,443,37473,0,1358,17
1584503132.643378,10.10.0.10,173.194.187.70,,,37473,443,0,37,17
1584503132.645571,173.194.187.70,10.10.0.10,,,443,37473,0,1358,17
1584503132.650048,173.194.187.70,10.10.0.10,,,443,37473,0,1358,17
1584503132.651968,10.10.0.10,173.194.187.70,,,37473,443,0,37,17
1584503132.6544852,173.194.187.70,10.10.0.10,,,443,37473,0,1358,17
1584503132.6589394,173.194.187.70,10.10.0.10,,,443,37473,0,1358,17
1584503132.660522,10.10.0.10,173.194.187.70,,,37473,443,0,37,17
1584503132.663394,173.194.187.70,10.10.0.10,,,443,37473,0,1358,17
1584503132.6678588,173.194.187.70,10.10.0.10,,,443,37473,0,1358,17
1584503132.672298,173.194.187.70,10.10.0.10,,,443,37473,0,1358,17
1584503132.676757,173.194.187.70,10.10.0.10,,,443,37473,0,1358,17
1584503132.6776285,10.10.0.10,173.194.187.70,,,37473,443,0,50,17
1584503132.679522,10.10.0.10,173.194.187.70,,,37473,443,0,37,17
1584503132.681214,173.194.187.70,10.10.0.10,,,443,37473,0,1358,17
1584503132.685673,173.194.187.70,10.10.0.10,,,443,37473,0,1358,17
1584503132.687272,10.10.0.10,173.194.187.70,,,37473,443,0,37,17
1584503132.69012,173.194.187.70,10.10.0.10,,,443,37473,0,1358,17
1584503132.694574,173.194.187.70,10.10.0.10,,,443,37473,0,1358,17
1584503132.6962528,10.10.0.10,173.194.187.70,,,37473,443,0,37,17
1584503132.6990454,173.194.187.70,10.10.0.10,,,443,37473,0,1358,17
1584503132.7034829,173.194.187.70,10.10.0.10,,,443,37473,0,1358,17
1584503132.705992,10.10.0.10,173.194.187.70,,,37473,443,0,37,17
1584503132.70794,173.194.187.70,10.10.0.10,,,443,37473,0,1358,17
1584503132.712407,173.194.187.70,10.10.0.10,,,443,37473,0,1358,17
1584503132.7145069,10.10.0.10,173.194.187.70,,,37473,443,0,37,17
1584503132.716858,173.194.187.70,10.10.0.10,,,443,37473,0,1358,17
1584503132.721302,173.194.187.70,10.10.0.10,,,443,37473,0,1358,17
1584503132.722896,10.10.0.10,173.194.187.70,,,37473,443,0,37,17
1584503132.7257562,173.194.187.70,10.10.0.10,,,443,37473,0,1358,17
1584503132.7302098,173.194.187.70,10.10.0.10,,,443,37473,0,1358,17
1584503132.7319698,10.10.0.10,173.194.187.70,,,37473,443,0,37,17
1584503132.734673,173.194.187.70,10.10.0.10,,,443,37473,0,1358,17
1584503132.739119,173.194.187.70,10.10.0.10,,,443,37473,0,1358,17
1584503132.7407699,10.10.0.10,173.194.187.70,,,37473,443,0,37,17
1584503132.7435741,173.194.187.70,10.10.0.10,,,443,37473,0,1358,17
1584503132.748022,173.194.187.70,10.10.0.10,,,443,37473,0,1358,17
1584503132.749642,10.10.0.10,173.194.187.70,,,37473,443,0,37,17
1584503132.752482,173.194.187.70,10.10.0.10,,,443,37473,0,1358,17
1584503132.7569358,173.194.187.70,10.10.0.10,,,443,37473,0,1358,17
1584503132.7585251,10.10.0.10,173.194.187.70,,,37473,443,0,37,17
1584503132.7613919,173.194.187.70,10.10.0.10,,,443,37473,0,1358,17
1584503132.765857,173.194.187.70,10.10.0.10,,,443,37473,0,1358,17
1584503132.770296,173.194.187.70,10.10.0.10,,,443,37473,0,1358,17
1584503132.7712462,10.10.0.10,173.194.187.70,,,37473,443,0,37,17
1584503132.774751,173.194.187.70,10.10.0.10,,,443,37473,0,1358,17
1584503132.776099,10.10.0.10,173.194.187.70,,,37473,443,0,37,17
1584503132.779202,173.194.187.70,10.10.0.10,,,443,37473,0,1358,17
1584503132.783659,173.194.187.70,10.10.0.10,,,443,37473,0,1358,17
1584503132.787504,10.10.0.10,173.194.187.70,,,37473,443,0,37,17
1584503132.788109,173.194.187.70,10.10.0.10,,,443,37473,0,1358,17
1584503132.7925642,173.194.187.70,10.10.0.10,,,443,37473,0,1358,17
1584503132.794965,10.10.0.10,173.194.187.70,,,37473,443,0,37,17
1584503132.797022,173.194.187.70,10.10.0.10,,,443,37473,0,1358,17
1584503132.8014774,173.194.187.70,10.10.0.10,,,443,37473,0,1358,17
1584503132.8038714,10.10.0.10,173.194.187.70,,,37473,443,0,37,17
1584503132.8059301,173.194.187.70,10.10.0.10,,,443,37473,0,1358,17
1584503132.8103821,173.194.187.70,10.10.0.10,,,443,37473,0,1358,17
1584503132.8132198,10.10.0.10,173.194.187.70,,,37473,443,0,37,17
1584503132.8148382,173.194.187.70,10.10.0.10,,,443,37473,0,1358,17
1584503132.8192909,173.194.187.70,10.10.0.10,,,443,37473,0,1358,17
1584503132.821502,10.10.0.10,173.194.187.70,,,37473,443,0,37,17
1584503132.8237462,173.194.187.70,10.10.0.10,,,443,37473,0,1358,17
1584503132.8281982,173.194.187.70,10.10.0.10,,,443,37473,0,1358,17
1584503132.8298938,10.10.0.10,173.194.187.70,,,37473,443,0,37,17
1584503132.83267,173.194.187.70,10.10.0.10,,,443,37473,0,1358,17
1584503132.837112,173.194.187.70,10.10.0.10,,,443,37473,0,1358,17
1584503132.839,10.10.0.10,173.194.187.70,,,37473,443,0,37,17
1584503132.8415732,173.194.187.70,10.10.0.10,,,443,37473,0,1358,17
1584503132.8460212,173.194.187.70,10.10.0.10,,,443,37473,0,1358,17
1584503132.8477402,10.10.0.10,173.194.187.70,,,37473,443,0,50,17
1584503132.850474,173.194.187.70,10.10.0.10,,,443,37473,0,1358,17
1584503132.854929,173.194.187.70,10.10.0.10,,,443,37473,0,1358,17
1584503132.856608,10.10.0.10,173.194.187.70,,,37473,443,0,37,17
1584503132.8593955,173.194.187.70,10.10.0.10,,,443,37473,0,1358,17
1584503132.863836,173.194.187.70,10.10.0.10,,,443,37473,0,1358,17
1584503132.8655019,10.10.0.10,173.194.187.70,,,37473,443,0,37,17
1584503132.868293,173.194.187.70,10.10.0.10,,,443,37473,0,1358,17
1584503132.87275,173.194.187.70,10.10.0.10,,,443,37473,0,1358,17
1584503132.8747492,10.10.0.10,173.194.187.70,,,37473,443,0,37,17
1584503132.8772109,173.194.187.70,10.10.0.10,,,443,37473,0,1358,17
1584503132.881654,173.194.187.70,10.10.0.10,,,443,37473,0,1358,17
1584503132.883374,10.10.0.10,173.194.187.70,,,37473,443,0,37,17
1584503132.8861182,173.194.187.70,10.10.0.10,,,443,37473,0,1358,17
1584503132.890568,173.194.187.70,10.10.0.10,,,443,37473,0,1358,17
1584503132.8927398,10.10.0.10,173.194.187.70,,,37473,443,0,37,17
1584503132.8950179,173.194.187.70,10.10.0.10,,,443,37473,0,29,17
1584503132.895215,173.194.187.70,10.10.0.10,,,443,37473,0,1358,17
1584503132.899674,173.194.187.70,10.10.0.10,,,443,37473,0,1358,17
1584503132.901365,10.10.0.10,173.194.187.70,,,37473,443,0,37,17
1584503132.9041288,173.194.187.70,10.10.0.10,,,443,37473,0,1358,17
1584503132.908585,173.194.187.70,10.10.0.10,,,443,37473,0,1358,17
1584503132.910106,10.10.0.10,173.194.187.70,,,37473,443,0,37,17
1584503132.9130368,173.194.187.70,10.10.0.10,,,443,37473,0,1358,17
1584503132.917489,173.194.187.70,10.10.0.10,,,443,37473,0,1358,17
1584503132.918995,10.10.0.10,173.194.187.70,,,37473,443,0,37,17
1584503132.9219468,173.194.187.70,10.10.0.10,,,443,37473,0,1358,17
1584503132.9264,173.194.187.70,10.10.0.10,,,443,37473,0,1358,17
1584503132.927953,10.10.0.10,173.194.187.70,,,37473,443,0,37,17
1584503132.9308612,173.194.187.70,10.10.0.10,,,443,37473,0,1358,17
1584503132.9353142,173.194.187.70,10.10.0.10,,,443,37473,0,1358,17
1584503132.9370134,10.10.0.10,173.194.187.70,,,37473,443,0,37,17
1584503132.93979,173.194.187.70,10.10.0.10,,,443,37473,0,1358,17
1584503132.944218,173.194.187.70,10.10.0.10,,,443,37473,0,1358,17
1584503132.9479704,10.10.0.10,173.194.187.70,,,37473,443,0,37,17
1584503132.948672,173.194.187.70,10.10.0.10,,,443,37473,0,1358,17
1584503132.9531288,173.194.187.70,10.10.0.10,,,443,37473,0,1358,17
1584503132.9547179,10.10.0.10,173.194.187.70,,,37473,443,0,37,17
1584503132.957581,173.194.187.70,10.10.0.10,,,443,37473,0,1358,17
1584503132.962035,173.194.187.70,10.10.0.10,,,443,37473,0,1358,17
1584503132.963619,10.10.0.10,173.194.187.70,,,37473,443,0,37,17
1584503132.966489,173.194.187.70,10.10.0.10,,,443,37473,0,1358,17
1584503132.970941,173.194.187.70,10.10.0.10,,,443,37473,0,1358,17
1584503132.9724884,10.10.0.10,173.194.187.70,,,37473,443,0,37,17
1584503132.975397,173.194.187.70,10.10.0.10,,,443,37473,0,1358,17
1584503132.9798598,173.194.187.70,10.10.0.10,,,443,37473,0,1358,17
1584503132.9833882,10.10.0.10,173.194.187.70,,,37473,443,0,37,17
1584503132.9843092,173.194.187.70,10.10.0.10,,,443,37473,0,1358,17
1584503132.988786,173.194.187.70,10.10.0.10,,,443,37473,0,1358,17
1584503132.9905136,10.10.0.10,173.194.187.70,,,37473,443,0,37,17
1584503132.993217,173.194.187.70,10.10.0.10,,,443,37473,0,1358,17
1584503132.997673,173.194.187.70,10.10.0.10,,,443,37473,0,1358,17
1584503132.9993482,10.10.0.10,173.194.187.70,,,37473,443,0,37,17
1584503133.002125,173.194.187.70,10.10.0.10,,,443,37473,0,1358,17
1584503133.00658,173.194.187.70,10.10.0.10,,,443,37473,0,1358,17
1584503133.008342,10.10.0.10,173.194.187.70,,,37473,443,0,37,17
1584503133.0110366,173.194.187.70,10.10.0.10,,,443,37473,0,1358,17
1584503133.015485,173.194.187.70,10.10.0.10,,,443,37473,0,1358,17
1584503133.0170758,10.10.0.10,173.194.187.70,,,37473,443,0,37,17
1584503133.0199482,173.194.187.70,10.10.0.10,,,443,37473,0,1358,17
1584503133.024398,173.194.187.70,10.10.0.10,,,443,37473,0,1358,17
1584503133.0271466,10.10.0.10,173.194.187.70,,,37473,443,0,50,17
1584503133.0288491,173.194.187.70,10.10.0.10,,,443,37473,0,1358,17
1584503133.0333061,173.194.187.70,10.10.0.10,,,443,37473,0,1358,17
1584503133.0370188,10.10.0.10,173.194.187.70,,,37473,443,0,37,17
1584503133.037786,173.194.187.70,10.10.0.10,,,443,37473,0,1358,17
1584503133.0422268,173.194.187.70,10.10.0.10,,,443,37473,0,1358,17
1584503133.0437136,10.10.0.10,173.194.187.70,,,37473,443,0,37,17
1584503133.046673,173.194.187.70,10.10.0.10,,,443,37473,0,1358,17
1584503133.0511308,173.194.187.70,10.10.0.10,,,443,37473,0,1358,17
1584503133.053117,10.10.0.10,173.194.187.70,,,37473,443,0,37,17
1584503133.055599,173.194.187.70,10.10.0.10,,,443,37473,0,1358,17
1584503133.0600321,173.194.187.70,10.10.0.10,,,443,37473,0,1358,17
1584503133.0615199,10.10.0.10,173.194.187.70,,,37473,443,0,37,17
1584503133.0644908,173.194.187.70,10.10.0.10,,,443,37473,0,1358,17
1584503133.0689461,173.194.187.70,10.10.0.10,,,443,37473,0,1358,17
1584503133.071024,10.10.0.10,173.194.187.70,,,37473,443,0,37,17
1584503133.0734134,173.194.187.70,10.10.0.10,,,443,37473,0,29,17
1584503133.073593,173.194.187.70,10.10.0.10,,,443,37473,0,1358,17
1584503133.0780554,173.194.187.70,10.10.0.10,,,443,37473,0,1358,17
1584503133.0812619,10.10.0.10,173.194.187.70,,,37473,443,0,37,17
1584503133.082525,173.194.187.70,10.10.0.10,,,443,37473,0,1358,17
1584503133.0869732,173.194.187.70,10.10.0.10,,,443,37473,0,1358,17
1584503133.088635,10.10.0.10,173.194.187.70,,,37473,443,0,37,17
1584503133.091419,173.194.187.70,10.10.0.10,,,443,37473,0,1358,17
1584503133.0958748,173.194.187.70,10.10.0.10,,,443,37473,0,1358,17
1584503133.097614,10.10.0.10,173.194.187.70,,,37473,443,0,37,17
1584503133.100323,173.194.187.70,10.10.0.10,,,443,37473,0,1358,17
1584503133.104786,173.194.187.70,10.10.0.10,,,443,37473,0,1358,17
1584503133.106386,10.10.0.10,173.194.187.70,,,37473,443,0,37,17
1584503133.109239,173.194.187.70,10.10.0.10,,,443,37473,0,1358,17
1584503133.1136909,173.194.187.70,10.10.0.10,,,443,37473,0,1358,17
1584503133.1157591,10.10.0.10,173.194.187.70,,,37473,443,0,37,17
1584503133.118159,173.194.187.70,10.10.0.10,,,443,37473,0,1358,17
1584503133.122601,173.194.187.70,10.10.0.10,,,443,37473,0,1358,17
1584503133.124134,10.10.0.10,173.194.187.70,,,37473,443,0,37,17
1584503133.127054,173.194.187.70,10.10.0.10,,,443,37473,0,1358,17
1584503133.131507,173.194.187.70,10.10.0.10,,,443,37473,0,1358,17
1584503133.1359599,173.194.187.70,10.10.0.10,,,443,37473,0,1358,17
1584503133.1359732,10.10.0.10,173.194.187.70,,,37473,443,0,37,17
1584503133.1404195,173.194.187.70,10.10.0.10,,,443,37473,0,1358,17
1584503133.142007,10.10.0.10,173.194.187.70,,,37473,443,0,37,17
1584503133.145401,173.194.187.70,10.10.0.10,,,443,37473,0,1358,17
1584503133.14986,173.194.187.70,10.10.0.10,,,443,37473,0,1358,17
1584503133.152637,10.10.0.10,173.194.187.70,,,37473,443,0,37,17
1584503133.15432,173.194.187.70,10.10.0.10,,,443,37473,0,1358,17
1584503133.1587875,173.194.187.70,10.10.0.10,,,443,37473,0,1358,17
1584503133.1605082,10.10.0.10,173.194.187.70,,,37473,443,0,37,17
1584503133.1632442,173.194.187.70,10.10.0.10,,,443,37473,0,1358,17
1584503133.167681,173.194.187.70,10.10.0.10,,,443,37473,0,1358,17
1584503133.17213,173.194.187.70,10.10.0.10,,,443,37473,0,1358,17
1584503133.1731322,10.10.0.10,173.194.187.70,,,37473,443,0,37,17
1584503133.176594,173.194.187.70,10.10.0.10,,,443,37473,0,1358,17
1584503133.178104,10.10.0.10,173.194.187.70,,,37473,443,0,37,17
1584503133.1810439,173.194.187.70,10.10.0.10,,,443,37473,0,1358,17
1584503133.1855054,173.194.187.70,10.10.0.10,,,443,37473,0,1358,17
1584503133.1881304,10.10.0.10,173.194.187.70,,,37473,443,0,37,17
1584503133.18997,173.194.187.70,10.10.0.10,,,443,37473,0,1358,17
1584503133.1944098,173.194.187.70,10.10.0.10,,,443,37473,0,1358,17
1584503133.196487,10.10.0.10,173.194.187.70,,,37473,443,0,37,17
1584503133.1988602,173.194.187.70,10.10.0.10,,,443,37473,0,1358,17
1584503133.20332,173.194.187.70,10.10.0.10,,,443,37473,0,1358,17
1584503133.205384,10.10.0.10,173.194.187.70,,,37473,443,0,50,17
1584503133.207785,173.194.187.70,10.10.0.10,,,443,37473,0,1358,17
1584503133.2122214,173.194.187.70,10.10.0.10,,,443,37473,0,1358,17
1584503133.214135,10.10.0.10,173.194.187.70,,,37473,443,0,37,17
1584503133.21668,173.194.187.70,10.10.0.10,,,443,37473,0,1358,17
1584503133.2211351,173.194.187.70,10.10.0.10,,,443,37473,0,1358,17
1584503133.222757,10.10.0.10,173.194.187.70,,,37473,443,0,37,17
1584503133.2255929,173.194.187.70,10.10.0.10,,,443,37473,0,1358,17
1584503133.230043,173.194.187.70,10.10.0.10,,,443,37473,0,1358,17
1584503133.231633,10.10.0.10,173.194.187.70,,,37473,443,0,37,17
1584503133.2345011,173.194.187.70,10.10.0.10,,,443,37473,0,1358,17
1584503133.238966,173.194.187.70,10.10.0.10,,,443,37473,0,1358,17
1584503133.2404838,10.10.0.10,173.194.187.70,,,37473,443,0,37,17
1584503133.243408,173.194.187.70,10.10.0.10,,,443,37473,0,1358,17
1584503133.2478616,173.194.187.70,10.10.0.10,,,443,37473,0,1358,17
1584503133.249254,10.10.0.10,173.194.187.70,,,37473,443,0,37,17
1584503133.252312,173.194.187.70,10.10.0.10,,,443,37473,0,1358,17
1584503133.256782,173.194.187.70,10.10.0.10,,,443,37473,0,1358,17
1584503133.258628,10.10.0.10,173.194.187.70,,,37473,443,0,37,17
1584503133.261224,173.194.187.70,10.10.0.10,,,443,37473,0,1358,17
1584503133.2656796,173.194.187.70,10.10.0.10,,,443,37473,0,1358,17
1584503133.267116,10.10.0.10,173.194.187.70,,,37473,443,0,37,17
1584503133.270154,173.194.187.70,10.10.0.10,,,443,37473,0,1358,17
1584503133.2745929,173.194.187.70,10.10.0.10,,,443,37473,0,1358,17
1584503133.276359,10.10.0.10,173.194.187.70,,,37473,443,0,37,17
1584503133.279041,173.194.187.70,10.10.0.10,,,443,37473,0,1358,17
1584503133.283495,173.194.187.70,10.10.0.10,,,443,37473,0,1358,17
1584503133.2864838,10.10.0.10,173.194.187.70,,,37473,443,0,37,17
1584503133.2879539,173.194.187.70,10.10.0.10,,,443,37473,0,1358,17
1584503133.292401,173.194.187.70,10.10.0.10,,,443,37473,0,1358,17
1584503133.2943778,10.10.0.10,173.194.187.70,,,37473,443,0,37,17
1584503133.2968602,173.194.187.70,10.10.0.10,,,443,37473,0,1358,17
1584503133.3013134,173.194.187.70,10.10.0.10,,,443,37473,0,1358,17
1584503133.303254,10.10.0.10,173.194.187.70,,,37473,443,0,37,17
1584503133.3057814,173.194.187.70,10.10.0.10,,,443,37473,0,1358,17
1584503133.3102221,173.194.187.70,10.10.0.10,,,443,37473,0,1358,17
1584503133.311977,10.10.0.10,173.194.187.70,,,37473,443,0,37,17
1584503133.314673,173.194.187.70,10.10.0.10,,,443,37473,0,1358,17
1584503133.3191311,173.194.187.70,10.10.0.10,,,443,37473,0,1358,17
1584503133.322358,10.10.0.10,173.194.187.70,,,37473,443,0,37,17
1584503133.32359,173.194.187.70,10.10.0.10,,,443,37473,0,1358,17
1584503133.3280349,173.194.187.70,10.10.0.10,,,443,37473,0,1358,17
1584503133.3301091,10.10.0.10,173.194.187.70,,,37473,443,0,37,17
1584503133.332494,173.194.187.70,10.10.0.10,,,443,37473,0,1358,17
1584503133.336962,173.194.187.70,10.10.0.10,,,443,37473,0,1358,17
1584503133.338609,10.10.0.10,173.194.187.70,,,37473,443,0,37,17
1584503133.341407,173.194.187.70,10.10.0.10,,,443,37473,0,1358,17
1584503133.3458571,173.194.187.70,10.10.0.10,,,443,37473,0,1358,17
1584503133.347502,10.10.0.10,173.194.187.70,,,37473,443,0,37,17
1584503133.3503141,173.194.187.70,10.10.0.10,,,443,37473,0,1358,17
1584503133.354782,173.194.187.70,10.10.0.10,,,443,37473,0,1358,17
1584503133.356357,10.10.0.10,173.194.187.70,,,37473,443,0,37,17
1584503133.3592212,173.194.187.70,10.10.0.10,,,443,37473,0,1358,17
1584503133.363677,173.194.187.70,10.10.0.10,,,443,37473,0,1358,17
1584503133.365223,10.10.0.10,173.194.187.70,,,37473,443,0,37,17
1584503133.3681252,173.194.187.70,10.10.0.10,,,443,37473,0,1358,17
1584503133.3725884,173.194.187.70,10.10.0.10,,,443,37473,0,1358,17
1584503133.37413,10.10.0.10,173.194.187.70,,,37473,443,0,37,17
1584503133.3770401,173.194.187.70,10.10.0.10,,,443,37473,0,1358,17
1584503133.381488,173.194.187.70,10.10.0.10,,,443,37473,0,1358,17
1584503133.3830018,10.10.0.10,173.194.187.70,,,37473,443,0,50,17
1584503133.3859491,173.194.187.70,10.10.0.10,,,443,37473,0,1358,17
1584503133.3904018,173.194.187.70,10.10.0.10,,,443,37473,0,1358,17
1584503133.3930972,10.10.0.10,173.194.187.70,,,37473,443,0,37,17
1584503133.394856,173.194.187.70,10.10.0.10,,,443,37473,0,1358,17
1584503133.3993092,173.194.187.70,10.10.0.10,,,443,37473,0,1358,17
1584503133.401002,10.10.0.10,173.194.187.70,,,37473,443,0,37,17
1584503133.4037778,173.194.187.70,10.10.0.10,,,443,37473,0,1358,17
1584503133.408214,173.194.187.70,10.10.0.10,,,443,37473,0,1358,17
1584503133.41011,10.10.0.10,173.194.187.70,,,37473,443,0,37,17
1584503133.412674,173.194.187.70,10.10.0.10,,,443,37473,0,1358,17
1584503133.417144,173.194.187.70,10.10.0.10,,,443,37473,0,1358,17
1584503133.4201279,10.10.0.10,173.194.187.70,,,37473,443,0,37,17
1584503133.421587,173.194.187.70,10.10.0.10,,,443,37473,0,1358,17
1584503133.42605,173.194.187.70,10.10.0.10,,,443,37473,0,1358,17
1584503133.4278758,10.10.0.10,173.194.187.70,,,37473,443,0,37,17
1584503133.430486,173.194.187.70,10.10.0.10,,,443,37473,0,1358,17
1584503133.434963,173.194.187.70,10.10.0.10,,,443,37473,0,1358,17
1584503133.4366052,10.10.0.10,173.194.187.70,,,37473,443,0,37,17
1584503133.4394019,173.194.187.70,10.10.0.10,,,443,37473,0,1358,17
1584503133.4438539,173.194.187.70,10.10.0.10,,,443,37473,0,1358,17
1584503133.445501,10.10.0.10,173.194.187.70,,,37473,443,0,37,17
1584503133.4483054,173.194.187.70,10.10.0.10,,,443,37473,0,1358,17
1584503133.452759,173.194.187.70,10.10.0.10,,,443,37473,0,1358,17
1584503133.4543538,10.10.0.10,173.194.187.70,,,37473,443,0,37,17
1584503133.457217,173.194.187.70,10.10.0.10,,,443,37473,0,1358,17
1584503133.461673,173.194.187.70,10.10.0.10,,,443,37473,0,1358,17
1584503133.463624,10.10.0.10,173.194.187.70,,,37473,443,0,37,17
1584503133.4661481,173.194.187.70,10.10.0.10,,,443,37473,0,1358,17
1584503133.4705858,173.194.187.70,10.10.0.10,,,443,37473,0,1358,17
1584503133.472248,10.10.0.10,173.194.187.70,,,37473,443,0,37,17
1584503133.475048,173.194.187.70,10.10.0.10,,,443,37473,0,1358,17
1584503133.479485,173.194.187.70,10.10.0.10,,,443,37473,0,1358,17
1584503133.481479,10.10.0.10,173.194.187.70,,,37473,443,0,37,17
1584503133.483942,173.194.187.70,10.10.0.10,,,443,37473,0,1358,17
1584503133.488395,173.194.187.70,10.10.0.10,,,443,37473,0,1358,17
1584503133.4910002,10.10.0.10,173.194.187.70,,,37473,443,0,37,17
1584503133.4928539,173.194.187.70,10.10.0.10,,,443,37473,0,1358,17
1584503133.497306,173.194.187.70,10.10.0.10,,,443,37473,0,1358,17
1584503133.499624,10.10.0.10,173.194.187.70,,,37473,443,0,37,17
1584503133.501774,173.194.187.70,10.10.0.10,,,443,37473,0,1358,17
1584503133.506216,173.194.187.70,10.10.0.10,,,443,37473,0,1358,17
1584503133.507746,10.10.0.10,173.194.187.70,,,37473,443,0,37,17
1584503133.5106704,173.194.187.70,10.10.0.10,,,443,37473,0,1358,17
1584503133.515147,173.194.187.70,10.10.0.10,,,443,37473,0,1358,17
1584503133.516726,10.10.0.10,173.194.187.70,,,37473,443,0,37,17
1584503133.519585,173.194.187.70,10.10.0.10,,,443,37473,0,1358,17
1584503133.524029,173.194.187.70,10.10.0.10,,,443,37473,0,1358,17
1584503133.525486,10.10.0.10,173.194.187.70,,,37473,443,0,37,17
1584503133.5284884,173.194.187.70,10.10.0.10,,,443,37473,0,1358,17
1584503133.532957,173.194.187.70,10.10.0.10,,,443,37473,0,1358,17
1584503133.535729,10.10.0.10,173.194.187.70,,,37473,443,0,37,17
1584503133.537399,173.194.187.70,10.10.0.10,,,443,37473,0,1358,17
1584503133.54185,173.194.187.70,10.10.0.10,,,443,37473,0,1358,17
1584503133.5439699,10.10.0.10,173.194.187.70,,,37473,443,0,37,17
1584503133.5463116,173.194.187.70,10.10.0.10,,,443,37473,0,1358,17
1584503133.5507731,173.194.187.70,10.10.0.10,,,443,37473,0,1358,17
1584503133.5526028,10.10.0.10,173.194.187.70,,,37473,443,0,37,17
1584503133.555216,173.194.187.70,10.10.0.10,,,443,37473,0,1358,17
1584503133.5596778,173.194.187.70,10.10.0.10,,,443,37473,0,1358,17
1584503133.561251,10.10.0.10,173.194.187.70,,,37473,443,0,50,17
1584503133.564118,173.194.187.70,10.10.0.10,,,443,37473,0,1358,17
1584503133.568583,173.194.187.70,10.10.0.10,,,443,37473,0,1358,17
1584503133.5707462,10.10.0.10,173.194.187.70,,,37473,443,0,37,17
1584503133.573031,173.194.187.70,10.10.0.10,,,443,37473,0,1358,17
1584503133.5774848,173.194.187.70,10.10.0.10,,,443,37473,0,1358,17
1584503133.5791,10.10.0.10,173.194.187.70,,,37473,443,0,37,17
1584503133.5819552,173.194.187.70,10.10.0.10,,,443,37473,0,1358,17
1584503133.5864,173.194.187.70,10.10.0.10,,,443,37473,0,29,17
1584503133.586589,173.194.187.70,10.10.0.10,,,443,37473,0,1358,17
1584503133.587975,10.10.0.10,173.194.187.70,,,37473,443,0,37,17
1584503133.591048,173.194.187.70,10.10.0.10,,,443,37473,0,1358,17
1584503133.5955071,173.194.187.70,10.10.0.10,,,443,37473,0,1358,17
1584503133.598099,10.10.0.10,173.194.187.70,,,37473,443,0,37,17
1584503133.5999572,173.194.187.70,10.10.0.10,,,443,37473,0,1358,17
1584503133.6044168,173.194.187.70,10.10.0.10,,,443,37473,0,1358,17
1584503133.606246,10.10.0.10,173.194.187.70,,,37473,443,0,37,17
1584503133.608864,173.194.187.70,10.10.0.10,,,443,37473,0,1358,17
1584503133.6133332,173.194.187.70,10.10.0.10,,,443,37473,0,1358,17
1584503133.615849,10.10.0.10,173.194.187.70,,,37473,443,0,37,17
1584503133.6177769,173.194.187.70,10.10.0.10,,,443,37473,0,1358,17
1584503133.622233,173.194.187.70,10.10.0.10,,,443,37473,0,1358,17
1584503133.624224,10.10.0.10,173.194.187.70,,,37473,443,0,37,17
1584503133.6266859,173.194.187.70,10.10.0.10,,,443,37473,0,1358,17
1584503133.6311412,173.194.187.70,10.10.0.10,,,443,37473,0,1358,17
1584503133.6327162,10.10.0.10,173.194.187.70,,,37473,443,0,37,17
1584503133.6355948,173.194.187.70,10.10.0.10,,,443,37473,0,1358,17
1584503133.6400454,173.194.187.70,10.10.0.10,,,443,37473,0,1358,17
1584503133.641849,10.10.0.10,173.194.187.70,,,37473,443,0,37,17
1584503133.644518,173.194.187.70,10.10.0.10,,,443,37473,0,1358,17
1584503133.6489599,173.194.187.70,10.10.0.10,,,443,37473,0,1358,17
1584503133.6513689,10.10.0.10,173.194.187.70,,,37473,443,0,37,17
1584503133.653413,173.194.187.70,10.10.0.10,,,443,37473,0,1358,17
1584503133.6578689,173.194.187.70,10.10.0.10,,,443,37473,0,1358,17
1584503133.660465,10.10.0.10,173.194.187.70,,,37473,443,0,37,17
1584503133.6623304,173.194.187.70,10.10.0.10,,,443,37473,0,1358,17
1584503133.666776,173.194.187.70,10.10.0.10,,,443,37473,0,1358,17
1584503133.6687422,10.10.0.10,173.194.187.70,,,37473,443,0,37,17
1584503133.671231,173.194.187.70,10.10.0.10,,,443,37473,0,1358,17
1584503133.6756852,173.194.187.70,10.10.0.10,,,443,37473,0,1358,17
1584503133.677222,10.10.0.10,173.194.187.70,,,37473,443,0,37,17
1584503133.680134,173.194.187.70,10.10.0.10,,,443,37473,0,1358,17
1584503133.68459,173.194.187.70,10.10.0.10,,,443,37473,0,1358,17
1584503133.686448,10.10.0.10,173.194.187.70,,,37473,443,0,37,17
1584503133.689047,173.194.187.70,10.10.0.10,,,443,37473,0,1358,17
1584503133.693496,173.194.187.70,10.10.0.10,,,443,37473,0,1358,17
1584503133.696098,10.10.0.10,173.194.187.70,,,37473,443,0,37,17
1584503133.69795,173.194.187.70,10.10.0.10,,,443,37473,0,1358,17
1584503133.70241,173.194.187.70,10.10.0.10,,,443,37473,0,1358,17
1584503133.7055788,10.10.0.10,173.194.187.70,,,37473,443,0,37,17
1584503133.706873,173.194.187.70,10.10.0.10,,,443,37473,0,1358,17
1584503133.7113302,173.194.187.70,10.10.0.10,,,443,37473,0,1358,17
1584503133.713598,10.10.0.10,173.194.187.70,,,37473,443,0,37,17
1584503133.7157712,173.194.187.70,10.10.0.10,,,443,37473,0,1358,17
1584503133.7202249,173.194.187.70,10.10.0.10,,,443,37473,0,1358,17
1584503133.7216961,10.10.0.10,173.194.187.70,,,37473,443,0,37,17
1584503133.7246768,173.194.187.70,10.10.0.10,,,443,37473,0,1358,17
1584503133.729131,173.194.187.70,10.10.0.10,,,443,37473,0,1358,17
1584503133.733584,173.194.187.70,10.10.0.10,,,443,37473,0,1358,17
1584503133.73804,173.194.187.70,10.10.0.10,,,443,37473,0,1358,17
1584503133.7424989,173.194.187.70,10.10.0.10,,,443,37473,0,1358,17
1584503133.7469478,173.194.187.70,10.10.0.10,,,443,37473,0,1358,17
1584503133.75141,173.194.187.70,10.10.0.10,,,443,37473,0,1358,17
1584503133.753724,10.10.0.10,173.194.187.70,,,37473,443,0,37,17
1584503133.755336,10.10.0.10,173.194.187.70,,,37473,443,0,50,17
1584503133.7555964,10.10.0.10,173.194.187.70,,,37473,443,0,37,17
1584503133.758086,173.194.187.70,10.10.0.10,,,443,37473,0,1358,17
1584503133.7595878,10.10.0.10,173.194.187.70,,,37473,443,0,37,17
1584503133.7613811,173.194.187.70,10.10.0.10,,,443,37473,0,29,17
1584503133.761413,173.194.187.70,10.10.0.10,,,443,37473,0,1358,17
1584503133.7649732,173.194.187.70,10.10.0.10,,,443,37473,0,1358,17
1584503133.7673092,10.10.0.10,173.194.187.70,,,37473,443,0,37,17
1584503133.769422,173.194.187.70,10.10.0.10,,,443,37473,0,1358,17
1584503133.7738776,173.194.187.70,10.10.0.10,,,443,37473,0,1358,17
1584503133.775817,10.10.0.10,173.194.187.70,,,37473,443,0,37,17
1584503133.7783382,173.194.187.70,10.10.0.10,,,443,37473,0,1358,17
1584503133.7827878,173.194.187.70,10.10.0.10,,,443,37473,0,1358,17
1584503133.784467,10.10.0.10,173.194.187.70,,,37473,443,0,37,17
1584503133.787243,173.194.187.70,10.10.0.10,,,443,37473,0,1358,17
1584503133.791696,173.194.187.70,10.10.0.10,,,443,37473,0,1358,17
1584503133.794345,10.10.0.10,173.194.187.70,,,37473,443,0,37,17
1584503133.79615,173.194.187.70,10.10.0.10,,,443,37473,0,1358,17
1584503133.8006098,173.194.187.70,10.10.0.10,,,443,37473,0,1358,17
1584503133.803593,10.10.0.10,173.194.187.70,,,37473,443,0,37,17
1584503133.805076,173.194.187.70,10.10.0.10,,,443,37473,0,1358,17
1584503133.80952,173.194.187.70,10.10.0.10,,,443,37473,0,1358,17
1584503133.813969,173.194.187.70,10.10.0.10,,,443,37473,0,1358,17
1584503133.8148124,10.10.0.10,173.194.187.70,,,37473,443,0,37,17
1584503133.818423,173.194.187.70,10.10.0.10,,,443,37473,0,1358,17
1584503133.819951,10.10.0.10,173.194.187.70,,,37473,443,0,37,17
1584503133.822878,173.194.187.70,10.10.0.10,,,443,37473,0,1358,17
1584503133.82733,173.194.187.70,10.10.0.10,,,443,37473,0,1358,17
1584503133.829473,10.10.0.10,173.194.187.70,,,37473,443,0,37,17
1584503133.831784,173.194.187.70,10.10.0.10,,,443,37473,0,1358,17
1584503133.836239,173.194.187.70,10.10.0.10,,,443,37473,0,1358,17
1584503133.83799,10.10.0.10,173.194.187.70,,,37473,443,0,37,17
1584503133.8406932,173.194.187.70,10.10.0.10,,,443,37473,0,1358,17
1584503133.845148,173.194.187.70,10.10.0.10,,,443,37473,0,1358,17
1584503133.8476038,10.10.0.10,173.194.187.70,,,37473,443,0,37,17
1584503133.8496108,173.194.187.70,10.10.0.10,,,443,37473,0,1358,17
1584503133.854075,173.194.187.70,10.10.0.10,,,443,37473,0,1358,17
1584503133.857098,10.10.0.10,173.194.187.70,,,37473,443,0,37,17
1584503133.858512,173.194.187.70,10.10.0.10,,,443,37473,0,1358,17
1584503133.862967,173.194.187.70,10.10.0.10,,,443,37473,0,1358,17
1584503133.8648438,10.10.0.10,173.194.187.70,,,37473,443,0,37,17
1584503133.8674188,173.194.187.70,10.10.0.10,,,443,37473,0,1358,17
1584503133.8718774,173.194.187.70,10.10.0.10,,,443,37473,0,1358,17
1584503133.873592,10.10.0.10,173.194.187.70,,,37473,443,0,37,17
1584503133.876327,173.194.187.70,10.10.0.10,,,443,37473,0,1358,17
1584503133.880783,173.194.187.70,10.10.0.10,,,443,37473,0,1358,17
1584503133.882586,10.10.0.10,173.194.187.70,,,37473,443,0,37,17
1584503133.885242,173.194.187.70,10.10.0.10,,,443,37473,0,1358,17
1584503133.8896909,173.194.187.70,10.10.0.10,,,443,37473,0,1358,17
1584503133.891219,10.10.0.10,173.194.187.70,,,37473,443,0,37,17
1584503133.8941462,173.194.187.70,10.10.0.10,,,443,37473,0,1358,17
1584503133.898606,173.194.187.70,10.10.0.10,,,443,37473,0,1358,17
1584503133.901592,10.10.0.10,173.194.187.70,,,37473,443,0,37,17
1584503133.903073,173.194.187.70,10.10.0.10,,,443,37473,0,1358,17
1584503133.907511,173.194.187.70,10.10.0.10,,,443,37473,0,1358,17
1584503133.908946,10.10.0.10,173.194.187.70,,,37473,443,0,37,17
1584503133.9119642,173.194.187.70,10.10.0.10,,,443,37473,0,1358,17
1584503133.9164188,173.194.187.70,10.10.0.10,,,443,37473,0,1358,17
1584503133.9179661,10.10.0.10,173.194.187.70,,,37473,443,0,50,17
1584503133.9208732,173.194.187.70,10.10.0.10,,,443,37473,0,1358,17
1584503133.925327,173.194.187.70,10.10.0.10,,,443,37473,0,1358,17
1584503133.926951,10.10.0.10,173.194.187.70,,,37473,443,0,37,17
1584503133.9297798,173.194.187.70,10.10.0.10,,,443,37473,0,1358,17
1584503133.934244,173.194.187.70,10.10.0.10,,,443,37473,0,1358,17
1584503133.9361882,10.10.0.10,173.194.187.70,,,37473,443,0,37,17
1584503133.9386976,173.194.187.70,10.10.0.10,,,443,37473,0,1358,17
1584503133.943146,173.194.187.70,10.10.0.10,,,443,37473,0,1358,17
1584503133.944818,10.10.0.10,173.194.187.70,,,37473,443,0,37,17
1584503133.947606,173.194.187.70,10.10.0.10,,,443,37473,0,29,17
1584503133.947798,173.194.187.70,10.10.0.10,,,443,37473,0,1358,17
1584503133.952256,173.194.187.70,10.10.0.10,,,443,37473,0,1358,17
1584503133.9547188,10.10.0.10,173.194.187.70,,,37473,443,0,37,17
1584503133.9567132,173.194.187.70,10.10.0.10,,,443,37473,0,1358,17
1584503133.961172,173.194.187.70,10.10.0.10,,,443,37473,0,1358,17
1584503133.962841,10.10.0.10,173.194.187.70,,,37473,443,0,37,17
1584503133.9656198,173.194.187.70,10.10.0.10,,,443,37473,0,1358,17
1584503133.970077,173.194.187.70,10.10.0.10,,,443,37473,0,1358,17
1584503133.9722474,10.10.0.10,173.194.187.70,,,37473,443,0,37,17
1584503133.974533,173.194.187.70,10.10.0.10,,,443,37473,0,1358,17
1584503133.979,173.194.187.70,10.10.0.10,,,443,37473,0,1358,17
1584503133.980735,10.10.0.10,173.194.187.70,,,37473,443,0,37,17
1584503133.983438,173.194.187.70,10.10.0.10,,,443,37473,0,1358,17
1584503133.9878962,173.194.187.70,10.10.0.10,,,443,37473,0,1358,17
1584503133.989341,10.10.0.10,173.194.187.70,,,37473,443,0,37,17
1584503133.9923468,173.194.187.70,10.10.0.10,,,443,37473,0,1358,17
1584503133.9968,173.194.187.70,10.10.0.10,,,443,37473,0,1358,17
1584503133.998718,10.10.0.10,173.194.187.70,,,37473,443,0,37,17
1584503134.0012622,173.194.187.70,10.10.0.10,,,443,37473,0,1358,17
1584503134.005713,173.194.187.70,10.10.0.10,,,443,37473,0,1358,17
1584503134.0084536,10.10.0.10,173.194.187.70,,,37473,443,0,37,17
1584503134.0101671,173.194.187.70,10.10.0.10,,,443,37473,0,1358,17
1584503134.014634,173.194.187.70,10.10.0.10,,,443,37473,0,1358,17
1584503134.0162358,10.10.0.10,173.194.187.70,,,37473,443,0,37,17
1584503134.019075,173.194.187.70,10.10.0.10,,,443,37473,0,1358,17
1584503134.02353,173.194.187.70,10.10.0.10,,,443,37473,0,1358,17
1584503134.025607,10.10.0.10,173.194.187.70,,,37473,443,0,37,17
1584503134.027981,173.194.187.70,10.10.0.10,,,443,37473,0,1358,17
1584503134.032436,173.194.187.70,10.10.0.10,,,443,37473,0,1358,17
1584503134.033838,10.10.0.10,173.194.187.70,,,37473,443,0,37,17
1584503134.036895,173.194.187.70,10.10.0.10,,,443,37473,0,1358,17
1584503134.0413492,173.194.187.70,10.10.0.10,,,443,37473,0,1358,17
1584503134.04384,10.10.0.10,173.194.187.70,,,37473,443,0,37,17
1584503134.045817,173.194.187.70,10.10.0.10,,,443,37473,0,1358,17
1584503134.050262,173.194.187.70,10.10.0.10,,,443,37473,0,1358,17
1584503134.0522301,10.10.0.10,173.194.187.70,,,37473,443,0,37,17
1584503134.0547106,173.194.187.70,10.10.0.10,,,443,37473,0,1358,17
1584503134.059165,173.194.187.70,10.10.0.10,,,443,37473,0,1358,17
1584503134.060835,10.10.0.10,173.194.187.70,,,37473,443,0,37,17
1584503134.063617,173.194.187.70,10.10.0.10,,,443,37473,0,1358,17
1584503134.0680704,173.194.187.70,10.10.0.10,,,443,37473,0,1358,17
1584503134.070103,10.10.0.10,173.194.187.70,,,37473,443,0,37,17
1584503134.072526,173.194.187.70,10.10.0.10,,,443,37473,0,1358,17
1584503134.0770042,173.194.187.70,10.10.0.10,,,443,37473,0,1358,17
1584503134.0786042,10.10.0.10,173.194.187.70,,,37473,443,0,37,17
1584503134.081434,173.194.187.70,10.10.0.10,,,443,37473,0,1358,17
1584503134.0858915,173.194.187.70,10.10.0.10,,,443,37473,0,1358,17
1584503134.089464,10.10.0.10,173.194.187.70,,,37473,443,0,37,17
1584503134.090345,173.194.187.70,10.10.0.10,,,443,37473,0,1358,17
1584503134.0948179,173.194.187.70,10.10.0.10,,,443,37473,0,1358,17
1584503134.0974774,10.10.0.10,173.194.187.70,,,37473,443,0,50,17
1584503134.099261,173.194.187.70,10.10.0.10,,,443,37473,0,1358,17
1584503134.1037068,173.194.187.70,10.10.0.10,,,443,37473,0,1358,17
1584503134.10816,173.194.187.70,10.10.0.10,,,443,37473,0,1358,17
1584503134.1097288,10.10.0.10,173.194.187.70,,,37473,443,0,37,17
1584503134.112616,173.194.187.70,10.10.0.10,,,443,37473,0,1358,17
1584503134.114482,10.10.0.10,173.194.187.70,,,37473,443,0,37,17
1584503134.117073,173.194.187.70,10.10.0.10,,,443,37473,0,1358,17
1584503134.1215308,173.194.187.70,10.10.0.10,,,443,37473,0,1358,17
1584503134.123105,10.10.0.10,173.194.187.70,,,37473,443,0,37,17
1584503134.1260018,173.194.187.70,10.10.0.10,,,443,37473,0,1358,17
1584503134.1304429,173.194.187.70,10.10.0.10,,,443,37473,0,1358,17
1584503134.1324828,10.10.0.10,173.194.187.70,,,37473,443,0,37,17
1584503134.1348908,173.194.187.70,10.10.0.10,,,443,37473,0,1358,17
1584503134.1393461,173.194.187.70,10.10.0.10,,,443,37473,0,1358,17
1584503134.1409788,10.10.0.10,173.194.187.70,,,37473,443,0,37,17
1584503134.143817,173.194.187.70,10.10.0.10,,,443,37473,0,29,17
1584503134.1439939,173.194.187.70,10.10.0.10,,,443,37473,0,1358,17
1584503134.1484518,173.194.187.70,10.10.0.10,,,443,37473,0,1358,17
1584503134.1509788,10.10.0.10,173.194.187.70,,,37473,443,0,37,17
1584503134.15291,173.194.187.70,10.10.0.10,,,443,37473,0,1358,17
1584503134.157379,173.194.187.70,10.10.0.10,,,443,37473,0,1358,17
1584503134.1593552,10.10.0.10,173.194.187.70,,,37473,443,0,37,17
1584503134.1618214,173.194.187.70,10.10.0.10,,,443,37473,0,1358,17
1584503134.1662748,173.194.187.70,10.10.0.10,,,443,37473,0,1358,17
1584503134.16846,10.10.0.10,173.194.187.70,,,37473,443,0,37,17
1584503134.170727,173.194.187.70,10.10.0.10,,,443,37473,0,1358,17
1584503134.17519,173.194.187.70,10.10.0.10,,,443,37473,0,1358,17
1584503134.1767092,10.10.0.10,173.194.187.70,,,37473,443,0,37,17
1584503134.1796372,173.194.187.70,10.10.0.10,,,443,37473,0,1358,17
1584503134.1840858,173.194.187.70,10.10.0.10,,,443,37473,0,1358,17
1584503134.187353,10.10.0.10,173.194.187.70,,,37473,443,0,37,17
1584503134.1885474,173.194.187.70,10.10.0.10,,,443,37473,0,1358,17
1584503134.193006,173.194.187.70,10.10.0.10,,,443,37473,0,1358,17
1584503134.1947331,10.10.0.10,173.194.187.70,,,37473,443,0,37,17
1584503134.1974552,173.194.187.70,10.10.0.10,,,443,37473,0,1358,17
1584503134.201908,173.194.187.70,10.10.0.10,,,443,37473,0,1358,17
1584503134.204835,10.10.0.10,173.194.187.70,,,37473,443,0,37,17
1584503134.206377,173.194.187.70,10.10.0.10,,,443,37473,0,1358,17
1584503134.2108188,173.194.187.70,10.10.0.10,,,443,37473,0,1358,17
1584503134.213476,10.10.0.10,173.194.187.70,,,37473,443,0,37,17
1584503134.2152731,173.194.187.70,10.10.0.10,,,443,37473,0,1358,17
1584503134.219727,173.194.187.70,10.10.0.10,,,443,37473,0,1358,17
1584503134.2213314,10.10.0.10,173.194.187.70,,,37473,443,0,37,17
1584503134.224176,173.194.187.70,10.10.0.10,,,443,37473,0,1358,17
1584503134.2286372,173.194.187.70,10.10.0.10,,,443,37473,0,1358,17
1584503134.230227,10.10.0.10,173.194.187.70,,,37473,443,0,37,17
1584503134.2330909,173.194.187.70,10.10.0.10,,,443,37473,0,1358,17
1584503134.237544,173.194.187.70,10.10.0.10,,,443,37473,0,1358,17
1584503134.239198,10.10.0.10,173.194.187.70,,,37473,443,0,37,17
1584503134.242004,173.194.187.70,10.10.0.10,,,443,37473,0,1358,17
1584503134.2464578,173.194.187.70,10.10.0.10,,,443,37473,0,1358,17
1584503134.2479732,10.10.0.10,173.194.187.70,,,37473,443,0,37,17
1584503134.250908,173.194.187.70,10.10.0.10,,,443,37473,0,1358,17
1584503134.2553759,173.194.187.70,10.10.0.10,,,443,37473,0,1358,17
1584503134.257086,10.10.0.10,173.194.187.70,,,37473,443,0,37,17
1584503134.2598119,173.194.187.70,10.10.0.10,,,443,37473,0,1358,17
1584503134.264267,173.194.187.70,10.10.0.10,,,443,37473,0,1358,17
1584503134.265961,10.10.0.10,173.194.187.70,,,37473,443,0,37,17
1584503134.2687228,173.194.187.70,10.10.0.10,,,443,37473,0,1358,17
1584503134.273191,173.194.187.70,10.10.0.10,,,443,37473,0,1358,17
1584503134.27508,10.10.0.10,173.194.187.70,,,37473,443,0,50,17
1584503134.277633,173.194.187.70,10.10.0.10,,,443,37473,0,1358,17
1584503134.282089,173.194.187.70,10.10.0.10,,,443,37473,0,1358,17
1584503134.2835991,10.10.0.10,173.194.187.70,,,37473,443,0,37,17
1584503134.2865438,173.194.187.70,10.10.0.10,,,443,37473,0,1358,17
1584503134.290992,173.194.187.70,10.10.0.10,,,443,37473,0,1358,17
1584503134.2926018,10.10.0.10,173.194.187.70,,,37473,443,0,37,17
1584503134.29545,173.194.187.70,10.10.0.10,,,443,37473,0,1358,17
1584503134.299901,173.194.187.70,10.10.0.10,,,443,37473,0,1358,17
1584503134.302725,10.10.0.10,173.194.187.70,,,37473,443,0,37,17
1584503134.304359,173.194.187.70,10.10.0.10,,,443,37473,0,1358,17
1584503134.308814,173.194.187.70,10.10.0.10,,,443,37473,0,1358,17
1584503134.311204,10.10.0.10,173.194.187.70,,,37473,443,0,37,17
1584503134.313271,173.194.187.70,10.10.0.10,,,443,37473,0,29,17
1584503134.313462,173.194.187.70,10.10.0.10,,,443,37473,0,1358,17
1584503134.317936,173.194.187.70,10.10.0.10,,,443,37473,0,1358,17
1584503134.3202288,10.10.0.10,173.194.187.70,,,37473,443,0,37,17
1584503134.32238,173.194.187.70,10.10.0.10,,,443,37473,0,1358,17
1584503134.326833,173.194.187.70,10.10.0.10,,,443,37473,0,1358,17
1584503134.3284528,10.10.0.10,173.194.187.70,,,37473,443,0,37,17
1584503134.331288,173.194.187.70,10.10.0.10,,,443,37473,0,1358,17
1584503134.335751,173.194.187.70,10.10.0.10,,,443,37473,0,1358,17
1584503134.3377216,10.10.0.10,173.194.187.70,,,37473,443,0,37,17
1584503134.340192,173.194.187.70,10.10.0.10,,,443,37473,0,1358,17
1584503134.34465,173.194.187.70,10.10.0.10,,,443,37473,0,1358,17
1584503134.3467221,10.10.0.10,173.194.187.70,,,37473,443,0,37,17
1584503134.349124,173.194.187.70,10.10.0.10,,,443,37473,0,1358,17
1584503134.353561,173.194.187.70,10.10.0.10,,,443,37473,0,1358,17
1584503134.3557231,10.10.0.10,173.194.187.70,,,37473,443,0,37,17
1584503134.358016,173.194.187.70,10.10.0.10,,,443,37473,0,1358,17
1584503134.3624694,173.194.187.70,10.10.0.10,,,443,37473,0,1358,17
1584503134.364352,10.10.0.10,173.194.187.70,,,37473,443,0,37,17
1584503134.366936,173.194.187.70,10.10.0.10,,,443,37473,0,1358,17
1584503134.371379,173.194.187.70,10.10.0.10,,,443,37473,0,1358,17
1584503134.373329,10.10.0.10,173.194.187.70,,,37473,443,0,37,17
1584503134.375833,173.194.187.70,10.10.0.10,,,443,37473,0,1358,17
1584503134.380295,173.194.187.70,10.10.0.10,,,443,37473,0,1358,17
1584503134.3823464,10.10.0.10,173.194.187.70,,,37473,443,0,37,17
1584503134.3847492,173.194.187.70,10.10.0.10,,,443,37473,0,1358,17
1584503134.389195,173.194.187.70,10.10.0.10,,,443,37473,0,1358,17
1584503134.3913276,10.10.0.10,173.194.187.70,,,37473,443,0,37,17
1584503134.3936489,173.194.187.70,10.10.0.10,,,443,37473,0,1358,17
1584503134.3981216,173.194.187.70,10.10.0.10,,,443,37473,0,1358,17
1584503134.3998249,10.10.0.10,173.194.187.70,,,37473,443,0,37,17
1584503134.40256,173.194.187.70,10.10.0.10,,,443,37473,0,1358,17
1584503134.407018,173.194.187.70,10.10.0.10,,,443,37473,0,1358,17
1584503134.408576,10.10.0.10,173.194.187.70,,,37473,443,0,37,17
1584503134.4114668,173.194.187.70,10.10.0.10,,,443,37473,0,1358,17
1584503134.4159422,173.194.187.70,10.10.0.10,,,443,37473,0,1358,17
1584503134.4179466,10.10.0.10,173.194.187.70,,,37473,443,0,37,17
1584503134.4203718,173.194.187.70,10.10.0.10,,,443,37473,0,1358,17
1584503134.424832,173.194.187.70,10.10.0.10,,,443,37473,0,1358,17
1584503134.426471,10.10.0.10,173.194.187.70,,,37473,443,0,37,17
1584503134.429284,173.194.187.70,10.10.0.10,,,443,37473,0,1358,17
1584503134.4337478,173.194.187.70,10.10.0.10,,,443,37473,0,1358,17
1584503134.4354498,10.10.0.10,173.194.187.70,,,37473,443,0,37,17
1584503134.438199,173.194.187.70,10.10.0.10,,,443,37473,0,1358,17
1584503134.442648,173.194.187.70,10.10.0.10,,,443,37473,0,1358,17
1584503134.4443462,10.10.0.10,173.194.187.70,,,37473,443,0,37,17
1584503134.4471226,173.194.187.70,10.10.0.10,,,443,37473,0,1358,17
1584503134.451552,173.194.187.70,10.10.0.10,,,443,37473,0,1358,17
1584503134.453226,10.10.0.10,173.194.187.70,,,37473,443,0,50,17
1584503134.456006,173.194.187.70,10.10.0.10,,,443,37473,0,1358,17
1584503134.460466,173.194.187.70,10.10.0.10,,,443,37473,0,1358,17
1584503134.462328,10.10.0.10,173.194.187.70,,,37473,443,0,37,17
1584503134.4649315,173.194.187.70,10.10.0.10,,,443,37473,0,1358,17
1584503134.469376,173.194.187.70,10.10.0.10,,,443,37473,0,1358,17
1584503134.471094,10.10.0.10,173.194.187.70,,,37473,443,0,37,17
1584503134.4738278,173.194.187.70,10.10.0.10,,,443,37473,0,1358,17
1584503134.478287,173.194.187.70,10.10.0.10,,,443,37473,0,1358,17
1584503134.4799821,10.10.0.10,173.194.187.70,,,37473,443,0,37,17
1584503134.4827466,173.194.187.70,10.10.0.10,,,443,37473,0,1358,17
1584503134.487192,173.194.187.70,10.10.0.10,,,443,37473,0,1358,17
1584503134.4888446,10.10.0.10,173.194.187.70,,,37473,443,0,37,17
1584503134.491647,173.194.187.70,10.10.0.10,,,443,37473,0,1358,17
1584503134.4960961,173.194.187.70,10.10.0.10,,,443,37473,0,1358,17
1584503134.498344,10.10.0.10,173.194.187.70,,,37473,443,0,37,17
1584503134.5005562,173.194.187.70,10.10.0.10,,,443,37473,0,1358,17
1584503134.50501,173.194.187.70,10.10.0.10,,,443,37473,0,1358,17
1584503134.507072,10.10.0.10,173.194.187.70,,,37473,443,0,37,17
1584503134.509465,173.194.187.70,10.10.0.10,,,443,37473,0,1358,17
1584503134.5139306,173.194.187.70,10.10.0.10,,,443,37473,0,1358,17
1584503134.51645,10.10.0.10,173.194.187.70,,,37473,443,0,37,17
1584503134.5183759,173.194.187.70,10.10.0.10,,,443,37473,0,1358,17
1584503134.5228279,173.194.187.70,10.10.0.10,,,443,37473,0,1358,17
1584503134.524968,10.10.0.10,173.194.187.70,,,37473,443,0,37,17
1584503134.527281,173.194.187.70,10.10.0.10,,,443,37473,0,1358,17
1584503134.531745,173.194.187.70,10.10.0.10,,,443,37473,0,1358,17
1584503134.533343,10.10.0.10,173.194.187.70,,,37473,443,0,37,17
1584503134.536185,173.194.187.70,10.10.0.10,,,443,37473,0,1358,17
1584503134.540646,173.194.187.70,10.10.0.10,,,443,37473,0,1358,17
1584503134.542576,10.10.0.10,173.194.187.70,,,37473,443,0,37,17
1584503134.5451002,173.194.187.70,10.10.0.10,,,443,37473,0,1358,17
1584503134.54956,173.194.187.70,10.10.0.10,,,443,37473,0,1358,17
1584503134.5531974,10.10.0.10,173.194.187.70,,,37473,443,0,37,17
1584503134.554009,173.194.187.70,10.10.0.10,,,443,37473,0,1358,17
1584503134.558458,173.194.187.70,10.10.0.10,,,443,37473,0,1358,17
1584503134.559957,10.10.0.10,173.194.187.70,,,37473,443,0,37,17
1584503134.56293,173.194.187.70,10.10.0.10,,,443,37473,0,1358,17
1584503134.567373,173.194.187.70,10.10.0.10,,,443,37473,0,1358,17
1584503134.56897,10.10.0.10,173.194.187.70,,,37473,443,0,37,17
1584503134.571826,173.194.187.70,10.10.0.10,,,443,37473,0,1358,17
1584503134.5762901,173.194.187.70,10.10.0.10,,,443,37473,0,1358,17
1584503134.578092,10.10.0.10,173.194.187.70,,,37473,443,0,37,17
1584503134.580744,173.194.187.70,10.10.0.10,,,443,37473,0,1358,17
1584503134.58519,173.194.187.70,10.10.0.10,,,443,37473,0,1358,17
1584503134.586821,10.10.0.10,173.194.187.70,,,37473,443,0,37,17
1584503134.5896409,173.194.187.70,10.10.0.10,,,443,37473,0,1358,17
1584503134.594093,173.194.187.70,10.10.0.10,,,443,37473,0,1358,17
1584503134.595937,10.10.0.10,173.194.187.70,,,37473,443,0,37,17
1584503134.598554,173.194.187.70,10.10.0.10,,,443,37473,0,1358,17
1584503134.6030061,173.194.187.70,10.10.0.10,,,443,37473,0,1358,17
1584503134.6044528,10.10.0.10,173.194.187.70,,,37473,443,0,37,17
1584503134.6074624,173.194.187.70,10.10.0.10,,,443,37473,0,1358,17
1584503134.6119359,173.194.187.70,10.10.0.10,,,443,37473,0,1358,17
1584503134.613591,10.10.0.10,173.194.187.70,,,37473,443,0,37,17
1584503134.6163714,173.194.187.70,10.10.0.10,,,443,37473,0,1358,17
1584503134.620824,173.194.187.70,10.10.0.10,,,443,37473,0,1358,17
1584503134.622962,10.10.0.10,173.194.187.70,,,37473,443,0,37,17
1584503134.625279,173.194.187.70,10.10.0.10,,,443,37473,0,1358,17
1584503134.629742,173.194.187.70,10.10.0.10,,,443,37473,0,1358,17
1584503134.6313405,10.10.0.10,173.194.187.70,,,37473,443,0,50,17
1584503134.6341882,173.194.187.70,10.10.0.10,,,443,37473,0,1358,17
1584503134.6386428,173.194.187.70,10.10.0.10,,,443,37473,0,1358,17
1584503134.64007,10.10.0.10,173.194.187.70,,,37473,443,0,37,17
1584503134.643114,173.194.187.70,10.10.0.10,,,443,37473,0,1358,17
1584503134.647552,173.194.187.70,10.10.0.10,,,443,37473,0,1358,17
1584503134.649339,10.10.0.10,173.194.187.70,,,37473,443,0,37,17
1584503134.6520002,173.194.187.70,10.10.0.10,,,443,37473,0,1358,17
1584503134.65646,173.194.187.70,10.10.0.10,,,443,37473,0,1358,17
1584503134.658211,10.10.0.10,173.194.187.70,,,37473,443,0,37,17
1584503134.660927,173.194.187.70,10.10.0.10,,,443,37473,0,1358,17
1584503134.6653626,173.194.187.70,10.10.0.10,,,443,37473,0,1358,17
1584503134.667089,10.10.0.10,173.194.187.70,,,37473,443,0,37,17
1584503134.669821,173.194.187.70,10.10.0.10,,,443,37473,0,1358,17
1584503134.674277,173.194.187.70,10.10.0.10,,,443,37473,0,1358,17
1584503134.6758132,10.10.0.10,173.194.187.70,,,37473,443,0,37,17
1584503134.6787276,173.194.187.70,10.10.0.10,,,443,37473,0,1358,17
1584503134.6831858,173.194.187.70,10.10.0.10,,,443,37473,0,1358,17
1584503134.6847148,10.10.0.10,173.194.187.70,,,37473,443,0,37,17
1584503134.687639,173.194.187.70,10.10.0.10,,,443,37473,0,1358,17
1584503134.6920884,173.194.187.70,10.10.0.10,,,443,37473,0,1358,17
1584503134.6935878,10.10.0.10,173.194.187.70,,,37473,443,0,37,17
1584503134.696552,173.194.187.70,10.10.0.10,,,443,37473,0,1358,17
1584503134.7010045,173.194.187.70,10.10.0.10,,,443,37473,0,1358,17
1584503134.703088,10.10.0.10,173.194.187.70,,,37473,443,0,37,17
1584503134.7054589,173.194.187.70,10.10.0.10,,,443,37473,0,1358,17
1584503134.709926,173.194.187.70,10.10.0.10,,,443,37473,0,1358,17
1584503134.711688,10.10.0.10,173.194.187.70,,,37473,443,0,37,17
1584503134.7143679,173.194.187.70,10.10.0.10,,,443,37473,0,1358,17
1584503134.718823,173.194.187.70,10.10.0.10,,,443,37473,0,1358,17
1584503134.7212071,10.10.0.10,173.194.187.70,,,37473,443,0,37,17
1584503134.7232769,173.194.187.70,10.10.0.10,,,443,37473,0,1358,17
1584503134.72774,173.194.187.70,10.10.0.10,,,443,37473,0,1358,17
1584503134.729305,10.10.0.10,173.194.187.70,,,37473,443,0,37,17
1584503134.732179,173.194.187.70,10.10.0.10,,,443,37473,0,1358,17
1584503134.736639,173.194.187.70,10.10.0.10,,,443,37473,0,1358,17
1584503134.7382188,10.10.0.10,173.194.187.70,,,37473,443,0,37,17
1584503134.7410884,173.194.187.70,10.10.0.10,,,443,37473,0,1358,17
1584503134.7455492,173.194.187.70,10.10.0.10,,,443,37473,0,1358,17
1584503134.747442,10.10.0.10,173.194.187.70,,,37473,443,0,37,17
1584503134.75,173.194.187.70,10.10.0.10,,,443,37473,0,1358,17
1584503134.754456,173.194.187.70,10.10.0.10,,,443,37473,0,1358,17
1584503134.7560668,10.10.0.10,173.194.187.70,,,37473,443,0,37,17
1584503134.7589068,173.194.187.70,10.10.0.10,,,443,37473,0,1358,17
1584503134.7633634,173.194.187.70,10.10.0.10,,,443,37473,0,1358,17
1584503134.764924,10.10.0.10,173.194.187.70,,,37473,443,0,37,17
1584503134.7678132,173.194.187.70,10.10.0.10,,,443,37473,0,1358,17
1584503134.7722669,173.194.187.70,10.10.0.10,,,443,37473,0,1358,17
1584503134.7739458,10.10.0.10,173.194.187.70,,,37473,443,0,37,17
1584503134.776722,173.194.187.70,10.10.0.10,,,443,37473,0,1358,17
1584503134.781176,173.194.187.70,10.10.0.10,,,443,37473,0,1358,17
1584503134.7826614,10.10.0.10,173.194.187.70,,,37473,443,0,37,17
1584503134.7856328,173.194.187.70,10.10.0.10,,,443,37473,0,1358,17
1584503134.790084,173.194.187.70,10.10.0.10,,,443,37473,0,1358,17
1584503134.7916448,10.10.0.10,173.194.187.70,,,37473,443,0,37,17
1584503134.794538,173.194.187.70,10.10.0.10,,,443,37473,0,1358,17
1584503134.7989929,173.194.187.70,10.10.0.10,,,443,37473,0,1358,17
1584503134.8005388,10.10.0.10,173.194.187.70,,,37473,443,0,37,17
1584503134.803446,173.194.187.70,10.10.0.10,,,443,37473,0,1358,17
1584503134.8079116,173.194.187.70,10.10.0.10,,,443,37473,0,1358,17
1584503134.809418,10.10.0.10,173.194.187.70,,,37473,443,0,50,17
1584503134.8123572,173.194.187.70,10.10.0.10,,,443,37473,0,1358,17
1584503134.8168108,173.194.187.70,10.10.0.10,,,443,37473,0,1358,17
1584503134.8191788,10.10.0.10,173.194.187.70,,,37473,443,0,37,17
1584503134.8212838,173.194.187.70,10.10.0.10,,,443,37473,0,1358,17
1584503134.825723,173.194.187.70,10.10.0.10,,,443,37473,0,1358,17
1584503134.828042,10.10.0.10,173.194.187.70,,,37473,443,0,37,17
1584503134.830173,173.194.187.70,10.10.0.10,,,443,37473,0,1358,17
1584503134.8346329,173.194.187.70,10.10.0.10,,,443,37473,0,1358,17
1584503134.836536,10.10.0.10,173.194.187.70,,,37473,443,0,37,17
1584503134.839084,173.194.187.70,10.10.0.10,,,443,37473,0,1358,17
1584503134.8435378,173.194.187.70,10.10.0.10,,,443,37473,0,1358,17
1584503134.8452852,10.10.0.10,173.194.187.70,,,37473,443,0,37,17
1584503134.847991,173.194.187.70,10.10.0.10,,,443,37473,0,1358,17
1584503134.852446,173.194.187.70,10.10.0.10,,,443,37473,0,1358,17
1584503134.855423,10.10.0.10,173.194.187.70,,,37473,443,0,37,17
1584503134.8568988,173.194.187.70,10.10.0.10,,,443,37473,0,1358,17
1584503134.8613546,173.194.187.70,10.10.0.10,,,443,37473,0,1358,17
1584503134.8629148,10.10.0.10,173.194.187.70,,,37473,443,0,37,17
1584503134.865808,173.194.187.70,10.10.0.10,,,443,37473,0,1358,17
1584503134.870278,173.194.187.70,10.10.0.10,,,443,37473,0,1358,17
1584503134.871959,10.10.0.10,173.194.187.70,,,37473,443,0,37,17
1584503134.8747199,173.194.187.70,10.10.0.10,,,443,37473,0,1358,17
1584503134.879182,173.194.187.70,10.10.0.10,,,443,37473,0,1358,17
1584503134.882947,10.10.0.10,173.194.187.70,,,37473,443,0,37,17
1584503134.88363,173.194.187.70,10.10.0.10,,,443,37473,0,1358,17
1584503134.888084,173.194.187.70,10.10.0.10,,,443,37473,0,1358,17
1584503134.8895411,10.10.0.10,173.194.187.70,,,37473,443,0,37,17
1584503134.8925388,173.194.187.70,10.10.0.10,,,443,37473,0,1358,17
1584503134.8969958,173.194.187.70,10.10.0.10,,,443,37473,0,1358,17
1584503134.8988118,10.10.0.10,173.194.187.70,,,37473,443,0,37,17
1584503134.901453,173.194.187.70,10.10.0.10,,,443,37473,0,1358,17
1584503134.905921,173.194.187.70,10.10.0.10,,,443,37473,0,1358,17
1584503134.907435,10.10.0.10,173.194.187.70,,,37473,443,0,37,17
1584503134.9103642,173.194.187.70,10.10.0.10,,,443,37473,0,1358,17
1584503134.914815,173.194.187.70,10.10.0.10,,,443,37473,0,1358,17
1584503134.9164338,10.10.0.10,173.194.187.70,,,37473,443,0,37,17
1584503134.91927,173.194.187.70,10.10.0.10,,,443,37473,0,1358,17
1584503134.923723,173.194.187.70,10.10.0.10,,,443,37473,0,1358,17
1584503134.925809,10.10.0.10,173.194.187.70,,,37473,443,0,37,17
1584503134.928173,173.194.187.70,10.10.0.10,,,443,37473,0,1358,17
1584503134.932628,173.194.187.70,10.10.0.10,,,443,37473,0,1358,17
1584503134.934187,10.10.0.10,173.194.187.70,,,37473,443,0,37,17
1584503134.9370828,173.194.187.70,10.10.0.10,,,443,37473,0,1358,17
1584503134.941538,173.194.187.70,10.10.0.10,,,443,37473,0,1358,17
1584503134.9432876,10.10.0.10,173.194.187.70,,,37473,443,0,37,17
1584503134.945994,173.194.187.70,10.10.0.10,,,443,37473,0,1358,17
1584503134.9504418,173.194.187.70,10.10.0.10,,,443,37473,0,1358,17
1584503134.9530358,10.10.0.10,173.194.187.70,,,37473,443,0,37,17
1584503134.9549012,173.194.187.70,10.10.0.10,,,443,37473,0,1358,17
1584503134.95936,173.194.187.70,10.10.0.10,,,443,37473,0,1358,17
1584503134.961542,10.10.0.10,173.194.187.70,,,37473,443,0,37,17
1584503134.963813,173.194.187.70,10.10.0.10,,,443,37473,0,1358,17
1584503134.9682784,173.194.187.70,10.10.0.10,,,443,37473,0,1358,17
1584503134.9702802,10.10.0.10,173.194.187.70,,,37473,443,0,37,17
1584503134.972732,173.194.187.70,10.10.0.10,,,443,37473,0,1358,17
1584503134.977175,173.194.187.70,10.10.0.10,,,443,37473,0,1358,17
1584503134.9788122,10.10.0.10,173.194.187.70,,,37473,443,0,37,17
1584503134.981632,173.194.187.70,10.10.0.10,,,443,37473,0,1358,17
1584503134.9860835,173.194.187.70,10.10.0.10,,,443,37473,0,1358,17
1584503134.9879286,10.10.0.10,173.194.187.70,,,37473,443,0,50,17
1584503134.990535,173.194.187.70,10.10.0.10,,,443,37473,0,1358,17
1584503134.9949882,173.194.187.70,10.10.0.10,,,443,37473,0,1358,17
1584503134.9965632,10.10.0.10,173.194.187.70,,,37473,443,0,37,17
1584503134.99945,173.194.187.70,10.10.0.10,,,443,37473,0,1358,17
1584503135.003897,173.194.187.70,10.10.0.10,,,443,37473,0,1358,17
1584503135.008353,173.194.187.70,10.10.0.10,,,443,37473,0,1358,17
1584503135.012812,173.194.187.70,10.10.0.10,,,443,37473,0,29,17
1584503135.013005,173.194.187.70,10.10.0.10,,,443,37473,0,1358,17
1584503135.017462,173.194.187.70,10.10.0.10,,,443,37473,0,1358,17
1584503135.021922,173.194.187.70,10.10.0.10,,,443,37473,0,1358,17
1584503135.026374,173.194.187.70,10.10.0.10,,,443,37473,0,1358,17
1584503135.0370624,10.10.0.10,173.194.187.70,,,37473,443,0,37,17
1584503135.0388,10.10.0.10,173.194.187.70,,,37473,443,0,37,17
1584503135.040833,10.10.0.10,173.194.187.70,,,37473,443,0,37,17
1584503135.0415778,10.10.0.10,173.194.187.70,,,37473,443,0,37,17
1584503135.042071,173.194.187.70,10.10.0.10,,,443,37473,0,1358,17
1584503135.0464995,173.194.187.70,10.10.0.10,,,443,37473,0,1358,17
1584503135.046535,173.194.187.70,10.10.0.10,,,443,37473,0,1358,17
1584503135.048058,10.10.0.10,173.194.187.70,,,37473,443,0,37,17
1584503135.055137,173.194.187.70,10.10.0.10,,,443,37473,0,1358,17
1584503135.0551732,173.194.187.70,10.10.0.10,,,443,37473,0,1358,17
1584503135.057058,10.10.0.10,173.194.187.70,,,37473,443,0,37,17
1584503135.0621223,173.194.187.70,10.10.0.10,,,443,37473,0,1358,17
1584503135.0635571,10.10.0.10,173.194.187.70,,,37473,443,0,37,17
1584503135.0636814,173.194.187.70,10.10.0.10,,,443,37473,0,1358,17
1584503135.068625,173.194.187.70,10.10.0.10,,,443,37473,0,1358,17
1584503135.070333,10.10.0.10,173.194.187.70,,,37473,443,0,37,17
1584503135.0726042,173.194.187.70,10.10.0.10,,,443,37473,0,1358,17
1584503135.077051,173.194.187.70,10.10.0.10,,,443,37473,0,1358,17
1584503135.078681,10.10.0.10,173.194.187.70,,,37473,443,0,37,17
1584503135.0815039,173.194.187.70,10.10.0.10,,,443,37473,0,1358,17
1584503135.0859768,173.194.187.70,10.10.0.10,,,443,37473,0,1358,17
1584503135.0888,10.10.0.10,173.194.187.70,,,37473,443,0,37,17
1584503135.090414,173.194.187.70,10.10.0.10,,,443,37473,0,1358,17
1584503135.094868,173.194.187.70,10.10.0.10,,,443,37473,0,1358,17
1584503135.0965722,10.10.0.10,173.194.187.70,,,37473,443,0,37,17
1584503135.0993214,173.194.187.70,10.10.0.10,,,443,37473,0,1358,17
1584503135.103774,173.194.187.70,10.10.0.10,,,443,37473,0,1358,17
1584503135.105308,10.10.0.10,173.194.187.70,,,37473,443,0,37,17
1584503135.1082249,173.194.187.70,10.10.0.10,,,443,37473,0,1358,17
1584503135.1126866,173.194.187.70,10.10.0.10,,,443,37473,0,1358,17
1584503135.114307,10.10.0.10,173.194.187.70,,,37473,443,0,37,17
1584503135.1171384,173.194.187.70,10.10.0.10,,,443,37473,0,1358,17
1584503135.1216035,173.194.187.70,10.10.0.10,,,443,37473,0,1358,17
1584503135.1233046,10.10.0.10,173.194.187.70,,,37473,443,0,37,17
1584503135.126048,173.194.187.70,10.10.0.10,,,443,37473,0,1358,17
1584503135.130501,173.194.187.70,10.10.0.10,,,443,37473,0,1358,17
1584503135.13368,10.10.0.10,173.194.187.70,,,37473,443,0,37,17
1584503135.134976,173.194.187.70,10.10.0.10,,,443,37473,0,1358,17
1584503135.139413,173.194.187.70,10.10.0.10,,,443,37473,0,1358,17
1584503135.1412,10.10.0.10,173.194.187.70,,,37473,443,0,37,17
1584503135.1438658,173.194.187.70,10.10.0.10,,,443,37473,0,1358,17
1584503135.148316,173.194.187.70,10.10.0.10,,,443,37473,0,1358,17
1584503135.1505554,10.10.0.10,173.194.187.70,,,37473,443,0,37,17
1584503135.1527882,173.194.187.70,10.10.0.10,,,443,37473,0,1358,17
1584503135.1572292,173.194.187.70,10.10.0.10,,,443,37473,0,1358,17
1584503135.160556,10.10.0.10,173.194.187.70,,,37473,443,0,37,17
1584503135.161688,173.194.187.70,10.10.0.10,,,443,37473,0,1358,17
1584503135.166136,173.194.187.70,10.10.0.10,,,443,37473,0,1358,17
1584503135.168426,10.10.0.10,173.194.187.70,,,37473,443,0,50,17
1584503135.170591,173.194.187.70,10.10.0.10,,,443,37473,0,1358,17
1584503135.1750462,173.194.187.70,10.10.0.10,,,443,37473,0,1358,17
1584503135.176929,10.10.0.10,173.194.187.70,,,37473,443,0,37,17
1584503135.179501,173.194.187.70,10.10.0.10,,,443,37473,0,1358,17
1584503135.183953,173.194.187.70,10.10.0.10,,,443,37473,0,1358,17
1584503135.1864195,10.10.0.10,173.194.187.70,,,37473,443,0,37,17
1584503135.1884122,173.194.187.70,10.10.0.10,,,443,37473,0,1358,17
1584503135.192863,173.194.187.70,10.10.0.10,,,443,37473,0,1358,17
1584503135.194449,10.10.0.10,173.194.187.70,,,37473,443,0,37,17
1584503135.19732,173.194.187.70,10.10.0.10,,,443,37473,0,1358,17
1584503135.2017848,173.194.187.70,10.10.0.10,,,443,37473,0,1358,17
1584503135.2050529,10.10.0.10,173.194.187.70,,,37473,443,0,37,17
1584503135.2062292,173.194.187.70,10.10.0.10,,,443,37473,0,1358,17
1584503135.210681,173.194.187.70,10.10.0.10,,,443,37473,0,29,17
1584503135.2108738,173.194.187.70,10.10.0.10,,,443,37473,0,1358,17
1584503135.212574,10.10.0.10,173.194.187.70,,,37473,443,0,37,17
1584503135.2153509,173.194.187.70,10.10.0.10,,,443,37473,0,1358,17
1584503135.219791,173.194.187.70,10.10.0.10,,,443,37473,0,1358,17
1584503135.2216964,10.10.0.10,173.194.187.70,,,37473,443,0,37,17
1584503135.224242,173.194.187.70,10.10.0.10,,,443,37473,0,1358,17
1584503135.228699,173.194.187.70,10.10.0.10,,,443,37473,0,1358,17
1584503135.231515,10.10.0.10,173.194.187.70,,,37473,443,0,37,17
1584503135.233159,173.194.187.70,10.10.0.10,,,443,37473,0,1358,17
1584503135.237608,173.194.187.70,10.10.0.10,,,443,37473,0,1358,17
1584503135.239044,10.10.0.10,173.194.187.70,,,37473,443,0,37,17
1584503135.2420669,173.194.187.70,10.10.0.10,,,443,37473,0,1358,17
1584503135.2465315,173.194.187.70,10.10.0.10,,,443,37473,0,1358,17
1584503135.2482028,10.10.0.10,173.194.187.70,,,37473,443,0,37,17
1584503135.250976,173.194.187.70,10.10.0.10,,,443,37473,0,1358,17
1584503135.255427,173.194.187.70,10.10.0.10,,,443,37473,0,1358,17
1584503135.2569182,10.10.0.10,173.194.187.70,,,37473,443,0,37,17
1584503135.259881,173.194.187.70,10.10.0.10,,,443,37473,0,1358,17
1584503135.264332,173.194.187.70,10.10.0.10,,,443,37473,0,1358,17
1584503135.266178,10.10.0.10,173.194.187.70,,,37473,443,0,37,17
1584503135.26879,173.194.187.70,10.10.0.10,,,443,37473,0,1358,17
1584503135.273246,173.194.187.70,10.10.0.10,,,443,37473,0,1358,17
1584503135.275197,10.10.0.10,173.194.187.70,,,37473,443,0,37,17
1584503135.27772,173.194.187.70,10.10.0.10,,,443,37473,0,1358,17
1584503135.282158,173.194.187.70,10.10.0.10,,,443,37473,0,1358,17
1584503135.283802,10.10.0.10,173.194.187.70,,,37473,443,0,37,17
1584503135.2866044,173.194.187.70,10.10.0.10,,,443,37473,0,1358,17
1584503135.2910619,173.194.187.70,10.10.0.10,,,443,37473,0,1358,17
1584503135.292569,10.10.0.10,173.194.187.70,,,37473,443,0,37,17
1584503135.2955332,173.194.187.70,10.10.0.10,,,443,37473,0,1358,17
1584503135.299966,173.194.187.70,10.10.0.10,,,443,37473,0,1358,17
1584503135.3041961,10.10.0.10,173.194.187.70,,,37473,443,0,37,17
1584503135.3044198,173.194.187.70,10.10.0.10,,,443,37473,0,1358,17
1584503135.3088748,173.194.187.70,10.10.0.10,,,443,37473,0,1358,17
1584503135.310302,10.10.0.10,173.194.187.70,,,37473,443,0,37,17
1584503135.3133464,173.194.187.70,10.10.0.10,,,443,37473,0,1358,17
1584503135.3177881,173.194.187.70,10.10.0.10,,,443,37473,0,1358,17
1584503135.319818,10.10.0.10,173.194.187.70,,,37473,443,0,37,17
1584503135.322243,173.194.187.70,10.10.0.10,,,443,37473,0,1358,17
1584503135.32672,173.194.187.70,10.10.0.10,,,443,37473,0,1358,17
1584503135.3288188,10.10.0.10,173.194.187.70,,,37473,443,0,37,17
1584503135.3311539,173.194.187.70,10.10.0.10,,,443,37473,0,1358,17
1584503135.335606,173.194.187.70,10.10.0.10,,,443,37473,0,1358,17
1584503135.33705,10.10.0.10,173.194.187.70,,,37473,443,0,37,17
1584503135.340055,173.194.187.70,10.10.0.10,,,443,37473,0,1358,17
1584503135.3445148,173.194.187.70,10.10.0.10,,,443,37473,0,1358,17
1584503135.3460689,10.10.0.10,173.194.187.70,,,37473,443,0,50,17
1584503135.348972,173.194.187.70,10.10.0.10,,,443,37473,0,1358,17
1584503135.353423,173.194.187.70,10.10.0.10,,,443,37473,0,1358,17
1584503135.355174,10.10.0.10,173.194.187.70,,,37473,443,0,37,17
1584503135.357877,173.194.187.70,10.10.0.10,,,443,37473,0,1358,17
1584503135.3623474,173.194.187.70,10.10.0.10,,,443,37473,0,1358,17
1584503135.363933,10.10.0.10,173.194.187.70,,,37473,443,0,37,17
1584503135.366787,173.194.187.70,10.10.0.10,,,443,37473,0,1358,17
1584503135.3712456,173.194.187.70,10.10.0.10,,,443,37473,0,1358,17
1584503135.372924,10.10.0.10,173.194.187.70,,,37473,443,0,37,17
1584503135.3757188,173.194.187.70,10.10.0.10,,,443,37473,0,1358,17
1584503135.3801448,173.194.187.70,10.10.0.10,,,443,37473,0,1358,17
1584503135.3816788,10.10.0.10,173.194.187.70,,,37473,443,0,37,17
1584503135.3846061,173.194.187.70,10.10.0.10,,,443,37473,0,1358,17
1584503135.389058,173.194.187.70,10.10.0.10,,,443,37473,0,1358,17
1584503135.390942,10.10.0.10,173.194.187.70,,,37473,443,0,37,17
1584503135.3935142,173.194.187.70,10.10.0.10,,,443,37473,0,1358,17
1584503135.397969,173.194.187.70,10.10.0.10,,,443,37473,0,1358,17
1584503135.3995512,10.10.0.10,173.194.187.70,,,37473,443,0,37,17
1584503135.4024222,173.194.187.70,10.10.0.10,,,443,37473,0,1358,17
1584503135.406876,173.194.187.70,10.10.0.10,,,443,37473,0,1358,17
1584503135.408422,10.10.0.10,173.194.187.70,,,37473,443,0,37,17
1584503135.4113462,173.194.187.70,10.10.0.10,,,443,37473,0,1358,17
1584503135.415786,173.194.187.70,10.10.0.10,,,443,37473,0,1358,17
1584503135.4173172,10.10.0.10,173.194.187.70,,,37473,443,0,37,17
1584503135.4202359,173.194.187.70,10.10.0.10,,,443,37473,0,1358,17
1584503135.4247172,173.194.187.70,10.10.0.10,,,443,37473,0,1358,17
1584503135.4262972,10.10.0.10,173.194.187.70,,,37473,443,0,37,17
1584503135.4291544,173.194.187.70,10.10.0.10,,,443,37473,0,1358,17
1584503135.4336028,173.194.187.70,10.10.0.10,,,443,37473,0,1358,17
1584503135.4351714,10.10.0.10,173.194.187.70,,,37473,443,0,37,17
1584503135.438057,173.194.187.70,10.10.0.10,,,443,37473,0,1358,17
1584503135.4425108,173.194.187.70,10.10.0.10,,,443,37473,0,1358,17
1584503135.444316,10.10.0.10,173.194.187.70,,,37473,443,0,37,17
1584503135.446968,173.194.187.70,10.10.0.10,,,443,37473,0,1358,17
1584503135.451423,173.194.187.70,10.10.0.10,,,443,37473,0,1358,17
1584503135.453544,10.10.0.10,173.194.187.70,,,37473,443,0,37,17
1584503135.4558759,173.194.187.70,10.10.0.10,,,443,37473,0,1358,17
1584503135.4603262,173.194.187.70,10.10.0.10,,,443,37473,0,1358,17
1584503135.4621742,10.10.0.10,173.194.187.70,,,37473,443,0,37,17
1584503135.464784,173.194.187.70,10.10.0.10,,,443,37473,0,1358,17
1584503135.469239,173.194.187.70,10.10.0.10,,,443,37473,0,1358,17
1584503135.471296,10.10.0.10,173.194.187.70,,,37473,443,0,37,17
1584503135.4737148,173.194.187.70,10.10.0.10,,,443,37473,0,1358,17
1584503135.478153,173.194.187.70,10.10.0.10,,,443,37473,0,1358,17
1584503135.479671,10.10.0.10,173.194.187.70,,,37473,443,0,37,17
1584503135.482601,173.194.187.70,10.10.0.10,,,443,37473,0,1358,17
1584503135.4870589,173.194.187.70,10.10.0.10,,,443,37473,0,1358,17
1584503135.488554,10.10.0.10,173.194.187.70,,,37473,443,0,37,17
1584503135.4915252,173.194.187.70,10.10.0.10,,,443,37473,0,1358,17
1584503135.49596,173.194.187.70,10.10.0.10,,,443,37473,0,1358,17
1584503135.49744,10.10.0.10,173.194.187.70,,,37473,443,0,37,17
1584503135.500415,173.194.187.70,10.10.0.10,,,443,37473,0,1358,17
1584503135.504873,173.194.187.70,10.10.0.10,,,443,37473,0,1358,17
1584503135.506422,10.10.0.10,173.194.187.70,,,37473,443,0,37,17
1584503135.5093422,173.194.187.70,10.10.0.10,,,443,37473,0,1358,17
1584503135.513783,173.194.187.70,10.10.0.10,,,443,37473,0,1358,17
1584503135.515929,10.10.0.10,173.194.187.70,,,37473,443,0,37,17
1584503135.5182366,173.194.187.70,10.10.0.10,,,443,37473,0,1358,17
1584503135.5227141,173.194.187.70,10.10.0.10,,,443,37473,0,1358,17
1584503135.5246902,10.10.0.10,173.194.187.70,,,37473,443,0,50,17
1584503135.527152,173.194.187.70,10.10.0.10,,,443,37473,0,1358,17
1584503135.5316038,173.194.187.70,10.10.0.10,,,443,37473,0,1358,17
1584503135.533189,10.10.0.10,173.194.187.70,,,37473,443,0,37,17
1584503135.5360491,173.194.187.70,10.10.0.10,,,443,37473,0,1358,17
1584503135.5405252,173.194.187.70,10.10.0.10,,,443,37473,0,1358,17
1584503135.543418,10.10.0.10,173.194.187.70,,,37473,443,0,37,17
1584503135.544966,173.194.187.70,10.10.0.10,,,443,37473,0,1358,17
1584503135.549416,173.194.187.70,10.10.0.10,,,443,37473,0,1358,17
1584503135.551169,10.10.0.10,173.194.187.70,,,37473,443,0,37,17
1584503135.553874,173.194.187.70,10.10.0.10,,,443,37473,0,1358,17
1584503135.558341,173.194.187.70,10.10.0.10,,,443,37473,0,1358,17
1584503135.559926,10.10.0.10,173.194.187.70,,,37473,443,0,37,17
1584503135.5627878,173.194.187.70,10.10.0.10,,,443,37473,0,1358,17
1584503135.567235,173.194.187.70,10.10.0.10,,,443,37473,0,29,17
1584503135.5674279,173.194.187.70,10.10.0.10,,,443,37473,0,1358,17
1584503135.5705652,10.10.0.10,173.194.187.70,,,37473,443,0,37,17
1584503135.571901,173.194.187.70,10.10.0.10,,,443,37473,0,1358,17
1584503135.5763412,173.194.187.70,10.10.0.10,,,443,37473,0,1358,17
1584503135.577917,10.10.0.10,173.194.187.70,,,37473,443,0,37,17
1584503135.5807948,173.194.187.70,10.10.0.10,,,443,37473,0,1358,17
1584503135.5852542,173.194.187.70,10.10.0.10,,,443,37473,0,1358,17
1584503135.588043,10.10.0.10,173.194.187.70,,,37473,443,0,37,17
1584503135.5897148,173.194.187.70,10.10.0.10,,,443,37473,0,1358,17
1584503135.594162,173.194.187.70,10.10.0.10,,,443,37473,0,1358,17
1584503135.5956829,10.10.0.10,173.194.187.70,,,37473,443,0,37,17
1584503135.598617,173.194.187.70,10.10.0.10,,,443,37473,0,1358,17
1584503135.603085,173.194.187.70,10.10.0.10,,,443,37473,0,1358,17
1584503135.6055398,10.10.0.10,173.194.187.70,,,37473,443,0,37,17
1584503135.607525,173.194.187.70,10.10.0.10,,,443,37473,0,1358,17
1584503135.611976,173.194.187.70,10.10.0.10,,,443,37473,0,1358,17
1584503135.6135411,10.10.0.10,173.194.187.70,,,37473,443,0,37,17
1584503135.616434,173.194.187.70,10.10.0.10,,,443,37473,0,1358,17
1584503135.620899,173.194.187.70,10.10.0.10,,,443,37473,0,1358,17
1584503135.6225412,10.10.0.10,173.194.187.70,,,37473,443,0,37,17
1584503135.625344,173.194.187.70,10.10.0.10,,,443,37473,0,1358,17
1584503135.6297991,173.194.187.70,10.10.0.10,,,443,37473,0,1358,17
1584503135.6314151,10.10.0.10,173.194.187.70,,,37473,443,0,37,17
1584503135.634253,173.194.187.70,10.10.0.10,,,443,37473,0,1358,17
1584503135.6387026,173.194.187.70,10.10.0.10,,,443,37473,0,1358,17
1584503135.64133,10.10.0.10,173.194.187.70,,,37473,443,0,37,17
1584503135.6431642,173.194.187.70,10.10.0.10,,,443,37473,0,1358,17
1584503135.647616,173.194.187.70,10.10.0.10,,,443,37473,0,1358,17
1584503135.6491652,10.10.0.10,173.194.187.70,,,37473,443,0,37,17
1584503135.652065,173.194.187.70,10.10.0.10,,,443,37473,0,1358,17
1584503135.6565251,173.194.187.70,10.10.0.10,,,443,37473,0,1358,17
1584503135.6583102,10.10.0.10,173.194.187.70,,,37473,443,0,37,17
1584503135.660976,173.194.187.70,10.10.0.10,,,443,37473,0,1358,17
1584503135.665432,173.194.187.70,10.10.0.10,,,443,37473,0,1358,17
1584503135.66729,10.10.0.10,173.194.187.70,,,37473,443,0,37,17
1584503135.669898,173.194.187.70,10.10.0.10,,,443,37473,0,1358,17
1584503135.6743462,173.194.187.70,10.10.0.10,,,443,37473,0,1358,17
1584503135.6759162,10.10.0.10,173.194.187.70,,,37473,443,0,37,17
1584503135.6787982,173.194.187.70,10.10.0.10,,,443,37473,0,1358,17
1584503135.6832519,173.194.187.70,10.10.0.10,,,443,37473,0,1358,17
1584503135.68468,10.10.0.10,173.194.187.70,,,37473,443,0,37,17
1584503135.687711,173.194.187.70,10.10.0.10,,,443,37473,0,1358,17
1584503135.6921554,173.194.187.70,10.10.0.10,,,443,37473,0,1358,17
1584503135.693666,10.10.0.10,173.194.187.70,,,37473,443,0,37,17
1584503135.696613,173.194.187.70,10.10.0.10,,,443,37473,0,1358,17
1584503135.701084,173.194.187.70,10.10.0.10,,,443,37473,0,1358,17
1584503135.7025476,10.10.0.10,173.194.187.70,,,37473,443,0,50,17
1584503135.7055252,173.194.187.70,10.10.0.10,,,443,37473,0,1358,17
1584503135.7099779,173.194.187.70,10.10.0.10,,,443,37473,0,1358,17
1584503135.7128098,10.10.0.10,173.194.187.70,,,37473,443,0,37,17
1584503135.714431,173.194.187.70,10.10.0.10,,,443,37473,0,1358,17
1584503135.7188964,173.194.187.70,10.10.0.10,,,443,37473,0,1358,17
1584503135.720668,10.10.0.10,173.194.187.70,,,37473,443,0,37,17
1584503135.7233412,173.194.187.70,10.10.0.10,,,443,37473,0,1358,17
1584503135.727797,173.194.187.70,10.10.0.10,,,443,37473,0,29,17
1584503135.7279878,173.194.187.70,10.10.0.10,,,443,37473,0,1358,17
1584503135.729934,10.10.0.10,173.194.187.70,,,37473,443,0,37,17
1584503135.7324612,173.194.187.70,10.10.0.10,,,443,37473,0,1358,17
1584503135.7369056,173.194.187.70,10.10.0.10,,,443,37473,0,1358,17
1584503135.7405686,10.10.0.10,173.194.187.70,,,37473,443,0,37,17
1584503135.741359,173.194.187.70,10.10.0.10,,,443,37473,0,1358,17
1584503135.745809,173.194.187.70,10.10.0.10,,,443,37473,0,1358,17
1584503135.748412,10.10.0.10,173.194.187.70,,,37473,443,0,37,17
1584503135.750271,173.194.187.70,10.10.0.10,,,443,37473,0,1358,17
1584503135.7547224,173.194.187.70,10.10.0.10,,,443,37473,0,1358,17
1584503135.756309,10.10.0.10,173.194.187.70,,,37473,443,0,37,17
1584503135.7591784,173.194.187.70,10.10.0.10,,,443,37473,0,1358,17
1584503135.7636454,173.194.187.70,10.10.0.10,,,443,37473,0,1358,17
1584503135.765308,10.10.0.10,173.194.187.70,,,37473,443,0,37,17
1584503135.768081,173.194.187.70,10.10.0.10,,,443,37473,0,1358,17
1584503135.772541,173.194.187.70,10.10.0.10,,,443,37473,0,1358,17
1584503135.7740312,10.10.0.10,173.194.187.70,,,37473,443,0,37,17
1584503135.777001,173.194.187.70,10.10.0.10,,,443,37473,0,1358,17
1584503135.7814488,173.194.187.70,10.10.0.10,,,443,37473,0,1358,17
1584503135.783009,10.10.0.10,173.194.187.70,,,37473,443,0,37,17
1584503135.7859054,173.194.187.70,10.10.0.10,,,443,37473,0,1358,17
1584503135.790361,173.194.187.70,10.10.0.10,,,443,37473,0,1358,17
1584503135.792016,10.10.0.10,173.194.187.70,,,37473,443,0,37,17
1584503135.7948134,173.194.187.70,10.10.0.10,,,443,37473,0,1358,17
1584503135.7992694,173.194.187.70,10.10.0.10,,,443,37473,0,1358,17
1584503135.801657,10.10.0.10,173.194.187.70,,,37473,443,0,37,17
1584503135.8037179,173.194.187.70,10.10.0.10,,,443,37473,0,1358,17
1584503135.8081698,173.194.187.70,10.10.0.10,,,443,37473,0,1358,17
1584503135.8098788,10.10.0.10,173.194.187.70,,,37473,443,0,37,17
1584503135.8126268,173.194.187.70,10.10.0.10,,,443,37473,0,1358,17
1584503135.81708,173.194.187.70,10.10.0.10,,,443,37473,0,1358,17
1584503135.8189142,10.10.0.10,173.194.187.70,,,37473,443,0,37,17
1584503135.8215332,173.194.187.70,10.10.0.10,,,443,37473,0,1358,17
1584503135.826,173.194.187.70,10.10.0.10,,,443,37473,0,1358,17
1584503135.82816,10.10.0.10,173.194.187.70,,,37473,443,0,37,17
1584503135.830443,173.194.187.70,10.10.0.10,,,443,37473,0,1358,17
1584503135.8348956,173.194.187.70,10.10.0.10,,,443,37473,0,1358,17
1584503135.837659,10.10.0.10,173.194.187.70,,,37473,443,0,37,17
1584503135.83935,173.194.187.70,10.10.0.10,,,443,37473,0,1358,17
1584503135.8438118,173.194.187.70,10.10.0.10,,,443,37473,0,1358,17
1584503135.848258,173.194.187.70,10.10.0.10,,,443,37473,0,1358,17
1584503135.848279,10.10.0.10,173.194.187.70,,,37473,443,0,37,17
1584503135.8527234,173.194.187.70,10.10.0.10,,,443,37473,0,1358,17
1584503135.854385,10.10.0.10,173.194.187.70,,,37473,443,0,37,17
1584503135.857166,173.194.187.70,10.10.0.10,,,443,37473,0,1358,17
1584503135.8616214,173.194.187.70,10.10.0.10,,,443,37473,0,1358,17
1584503135.8637831,10.10.0.10,173.194.187.70,,,37473,443,0,37,17
1584503135.8660774,173.194.187.70,10.10.0.10,,,443,37473,0,1358,17
1584503135.8705304,173.194.187.70,10.10.0.10,,,443,37473,0,1358,17
1584503135.872414,10.10.0.10,173.194.187.70,,,37473,443,0,37,17
1584503135.875001,173.194.187.70,10.10.0.10,,,443,37473,0,1358,17
1584503135.879454,173.194.187.70,10.10.0.10,,,443,37473,0,1358,17
1584503135.882281,10.10.0.10,173.194.187.70,,,37473,443,0,50,17
1584503135.8839002,173.194.187.70,10.10.0.10,,,443,37473,0,1358,17
1584503135.888349,173.194.187.70,10.10.0.10,,,443,37473,0,1358,17
1584503135.890284,10.10.0.10,173.194.187.70,,,37473,443,0,37,17
1584503135.8928268,173.194.187.70,10.10.0.10,,,443,37473,0,1358,17
1584503135.8972602,173.194.187.70,10.10.0.10,,,443,37473,0,1358,17
1584503135.899904,10.10.0.10,173.194.187.70,,,37473,443,0,37,17
1584503135.9017134,173.194.187.70,10.10.0.10,,,443,37473,0,1358,17
1584503135.9061742,173.194.187.70,10.10.0.10,,,443,37473,0,29,17
1584503135.906366,173.194.187.70,10.10.0.10,,,443,37473,0,1358,17
1584503135.90763,10.10.0.10,173.194.187.70,,,37473,443,0,37,17
1584503135.910831,173.194.187.70,10.10.0.10,,,443,37473,0,1358,17
1584503135.915282,173.194.187.70,10.10.0.10,,,443,37473,0,1358,17
1584503135.9172661,10.10.0.10,173.194.187.70,,,37473,443,0,37,17
1584503135.9197464,173.194.187.70,10.10.0.10,,,443,37473,0,1358,17
1584503135.924186,173.194.187.70,10.10.0.10,,,443,37473,0,1358,17
1584503135.9265552,10.10.0.10,173.194.187.70,,,37473,443,0,37,17
1584503135.9286456,173.194.187.70,10.10.0.10,,,443,37473,0,1358,17
1584503135.9331002,173.194.187.70,10.10.0.10,,,443,37473,0,1358,17
1584503135.9350538,10.10.0.10,173.194.187.70,,,37473,443,0,37,17
1584503135.93755,173.194.187.70,10.10.0.10,,,443,37473,0,1358,17
1584503135.942015,173.194.187.70,10.10.0.10,,,443,37473,0,1358,17
1584503135.9446578,10.10.0.10,173.194.187.70,,,37473,443,0,37,17
1584503135.9464602,173.194.187.70,10.10.0.10,,,443,37473,0,1358,17
1584503135.9509149,173.194.187.70,10.10.0.10,,,443,37473,0,1358,17
1584503135.9550116,10.10.0.10,173.194.187.70,,,37473,443,0,37,17
1584503135.955367,173.194.187.70,10.10.0.10,,,443,37473,0,1358,17
1584503135.959828,173.194.187.70,10.10.0.10,,,443,37473,0,1358,17
1584503135.9615312,10.10.0.10,173.194.187.70,,,37473,443,0,37,17
1584503135.964277,173.194.187.70,10.10.0.10,,,443,37473,0,1358,17
1584503135.968736,173.194.187.70,10.10.0.10,,,443,37473,0,1358,17
1584503135.9709039,10.10.0.10,173.194.187.70,,,37473,443,0,37,17
1584503135.973186,173.194.187.70,10.10.0.10,,,443,37473,0,1358,17
1584503135.977647,173.194.187.70,10.10.0.10,,,443,37473,0,1358,17
1584503135.9792588,10.10.0.10,173.194.187.70,,,37473,443,0,37,17
1584503135.9820988,173.194.187.70,10.10.0.10,,,443,37473,0,1358,17
1584503135.9865742,173.194.187.70,10.10.0.10,,,443,37473,0,1358,17
1584503135.9898946,10.10.0.10,173.194.187.70,,,37473,443,0,37,17
1584503135.9910042,173.194.187.70,10.10.0.10,,,443,37473,0,1358,17
1584503135.9954588,173.194.187.70,10.10.0.10,,,443,37473,0,1358,17
1584503135.9968884,10.10.0.10,173.194.187.70,,,37473,443,0,37,17
1584503135.9999108,173.194.187.70,10.10.0.10,,,443,37473,0,1358,17
1584503136.004368,173.194.187.70,10.10.0.10,,,443,37473,0,1358,17
1584503136.006279,10.10.0.10,173.194.187.70,,,37473,443,0,37,17
1584503136.008822,173.194.187.70,10.10.0.10,,,443,37473,0,1358,17
1584503136.0132759,173.194.187.70,10.10.0.10,,,443,37473,0,1358,17
1584503136.0149012,10.10.0.10,173.194.187.70,,,37473,443,0,37,17
1584503136.017735,173.194.187.70,10.10.0.10,,,443,37473,0,1358,17
1584503136.0221858,173.194.187.70,10.10.0.10,,,443,37473,0,1358,17
1584503136.0245476,10.10.0.10,173.194.187.70,,,37473,443,0,37,17
1584503136.0266418,173.194.187.70,10.10.0.10,,,443,37473,0,1358,17
1584503136.0310972,173.194.187.70,10.10.0.10,,,443,37473,0,1358,17
1584503136.032656,10.10.0.10,173.194.187.70,,,37473,443,0,37,17
1584503136.0355742,173.194.187.70,10.10.0.10,,,443,37473,0,1358,17
1584503136.0400038,173.194.187.70,10.10.0.10,,,443,37473,0,1358,17
1584503136.041773,10.10.0.10,173.194.187.70,,,37473,443,0,37,17
1584503136.044457,173.194.187.70,10.10.0.10,,,443,37473,0,1358,17
1584503136.0489225,173.194.187.70,10.10.0.10,,,443,37473,0,1358,17
1584503136.05124,10.10.0.10,173.194.187.70,,,37473,443,0,37,17
1584503136.053389,173.194.187.70,10.10.0.10,,,443,37473,0,1358,17
1584503136.0578294,173.194.187.70,10.10.0.10,,,443,37473,0,1358,17
1584503136.0594258,10.10.0.10,173.194.187.70,,,37473,443,0,50,17
1584503136.062278,173.194.187.70,10.10.0.10,,,443,37473,0,1358,17
1584503136.066731,173.194.187.70,10.10.0.10,,,443,37473,0,1358,17
1584503136.0682778,10.10.0.10,173.194.187.70,,,37473,443,0,37,17
1584503136.0711868,173.194.187.70,10.10.0.10,,,443,37473,0,1358,17
1584503136.075641,173.194.187.70,10.10.0.10,,,443,37473,0,1358,17
1584503136.0772982,10.10.0.10,173.194.187.70,,,37473,443,0,37,17
1584503136.0800908,173.194.187.70,10.10.0.10,,,443,37473,0,1358,17
1584503136.084573,173.194.187.70,10.10.0.10,,,443,37473,0,29,17
1584503136.084743,173.194.187.70,10.10.0.10,,,443,37473,0,1358,17
1584503136.086778,10.10.0.10,173.194.187.70,,,37473,443,0,37,17
1584503136.089205,173.194.187.70,10.10.0.10,,,443,37473,0,1358,17
1584503136.0936608,173.194.187.70,10.10.0.10,,,443,37473,0,1358,17
1584503136.0952964,10.10.0.10,173.194.187.70,,,37473,443,0,37,17
1584503136.098115,173.194.187.70,10.10.0.10,,,443,37473,0,1358,17
1584503136.102574,173.194.187.70,10.10.0.10,,,443,37473,0,1358,17
1584503136.1046438,10.10.0.10,173.194.187.70,,,37473,443,0,37,17
1584503136.107022,173.194.187.70,10.10.0.10,,,443,37473,0,1358,17
1584503136.1114779,173.194.187.70,10.10.0.10,,,443,37473,0,1358,17
1584503136.1130269,10.10.0.10,173.194.187.70,,,37473,443,0,37,17
1584503136.115958,173.194.187.70,10.10.0.10,,,443,37473,0,1358,17
1584503136.120383,173.194.187.70,10.10.0.10,,,443,37473,0,1358,17
1584503136.121921,10.10.0.10,173.194.187.70,,,37473,443,0,37,17
1584503136.12484,173.194.187.70,10.10.0.10,,,443,37473,0,1358,17
1584503136.129298,173.194.187.70,10.10.0.10,,,443,37473,0,1358,17
1584503136.1326685,10.10.0.10,173.194.187.70,,,37473,443,0,37,17
1584503136.13376,173.194.187.70,10.10.0.10,,,443,37473,0,1358,17
1584503136.138201,173.194.187.70,10.10.0.10,,,443,37473,0,1358,17
1584503136.1397982,10.10.0.10,173.194.187.70,,,37473,443,0,37,17
1584503136.1426554,173.194.187.70,10.10.0.10,,,443,37473,0,1358,17
1584503136.147114,173.194.187.70,10.10.0.10,,,443,37473,0,1358,17
1584503136.148778,10.10.0.10,173.194.187.70,,,37473,443,0,37,17
1584503136.1515741,173.194.187.70,10.10.0.10,,,443,37473,0,1358,17
1584503136.156017,173.194.187.70,10.10.0.10,,,443,37473,0,1358,17
1584503136.159151,10.10.0.10,173.194.187.70,,,37473,443,0,37,17
1584503136.1604776,173.194.187.70,10.10.0.10,,,443,37473,0,1358,17
1584503136.164945,173.194.187.70,10.10.0.10,,,443,37473,0,1358,17
1584503136.166776,10.10.0.10,173.194.187.70,,,37473,443,0,37,17
1584503136.169386,173.194.187.70,10.10.0.10,,,443,37473,0,1358,17
1584503136.17384,173.194.187.70,10.10.0.10,,,443,37473,0,1358,17
1584503136.175544,10.10.0.10,173.194.187.70,,,37473,443,0,37,17
1584503136.1782918,173.194.187.70,10.10.0.10,,,443,37473,0,1358,17
1584503136.182758,173.194.187.70,10.10.0.10,,,443,37473,0,1358,17
1584503136.1845438,10.10.0.10,173.194.187.70,,,37473,443,0,37,17
1584503136.187207,173.194.187.70,10.10.0.10,,,443,37473,0,1358,17
1584503136.191658,173.194.187.70,10.10.0.10,,,443,37473,0,1358,17
1584503136.193274,10.10.0.10,173.194.187.70,,,37473,443,0,37,17
1584503136.1961071,173.194.187.70,10.10.0.10,,,443,37473,0,1358,17
1584503136.2005725,173.194.187.70,10.10.0.10,,,443,37473,0,1358,17
1584503136.2024188,10.10.0.10,173.194.187.70,,,37473,443,0,37,17
1584503136.2050204,173.194.187.70,10.10.0.10,,,443,37473,0,1358,17
1584503136.2094738,173.194.187.70,10.10.0.10,,,443,37473,0,1358,17
1584503136.2118988,10.10.0.10,173.194.187.70,,,37473,443,0,37,17
1584503136.213943,173.194.187.70,10.10.0.10,,,443,37473,0,1358,17
1584503136.218383,173.194.187.70,10.10.0.10,,,443,37473,0,1358,17
1584503136.2207706,10.10.0.10,173.194.187.70,,,37473,443,0,37,17
1584503136.222839,173.194.187.70,10.10.0.10,,,443,37473,0,1358,17
1584503136.2272909,173.194.187.70,10.10.0.10,,,443,37473,0,1358,17
1584503136.2296689,10.10.0.10,173.194.187.70,,,37473,443,0,37,17
1584503136.2317562,173.194.187.70,10.10.0.10,,,443,37473,0,1358,17
1584503136.2361958,173.194.187.70,10.10.0.10,,,443,37473,0,1358,17
1584503136.239022,10.10.0.10,173.194.187.70,,,37473,443,0,50,17
1584503136.2406561,173.194.187.70,10.10.0.10,,,443,37473,0,1358,17
1584503136.245111,173.194.187.70,10.10.0.10,,,443,37473,0,1358,17
1584503136.246641,10.10.0.10,173.194.187.70,,,37473,443,0,37,17
1584503136.24957,173.194.187.70,10.10.0.10,,,443,37473,0,1358,17
1584503136.2540178,173.194.187.70,10.10.0.10,,,443,37473,0,1358,17
1584503136.2569172,10.10.0.10,173.194.187.70,,,37473,443,0,37,17
1584503136.2584732,173.194.187.70,10.10.0.10,,,443,37473,0,1358,17
1584503136.262942,173.194.187.70,10.10.0.10,,,443,37473,0,29,17
1584503136.2631214,173.194.187.70,10.10.0.10,,,443,37473,0,1358,17
1584503136.2645214,10.10.0.10,173.194.187.70,,,37473,443,0,37,17
1584503136.267584,173.194.187.70,10.10.0.10,,,443,37473,0,1358,17
1584503136.272033,173.194.187.70,10.10.0.10,,,443,37473,0,1358,17
1584503136.274038,10.10.0.10,173.194.187.70,,,37473,443,0,37,17
1584503136.276505,173.194.187.70,10.10.0.10,,,443,37473,0,1358,17
1584503136.280949,173.194.187.70,10.10.0.10,,,443,37473,0,1358,17
1584503136.282514,10.10.0.10,173.194.187.70,,,37473,443,0,37,17
1584503136.2854042,173.194.187.70,10.10.0.10,,,443,37473,0,1358,17
1584503136.289855,173.194.187.70,10.10.0.10,,,443,37473,0,1358,17
1584503136.2943046,173.194.187.70,10.10.0.10,,,443,37473,0,1358,17
1584503136.298767,173.194.187.70,10.10.0.10,,,443,37473,0,1358,17
1584503136.3032188,173.194.187.70,10.10.0.10,,,443,37473,0,1358,17
1584503136.3076909,173.194.187.70,10.10.0.10,,,443,37473,0,1358,17
1584503136.312122,173.194.187.70,10.10.0.10,,,443,37473,0,1358,17
1584503136.3141642,10.10.0.10,173.194.187.70,,,37473,443,0,37,17
1584503136.316016,10.10.0.10,173.194.187.70,,,37473,443,0,37,17
1584503136.316041,10.10.0.10,173.194.187.70,,,37473,443,0,37,17
1584503136.319464,173.194.187.70,10.10.0.10,,,443,37473,0,1358,17
1584503136.321167,10.10.0.10,173.194.187.70,,,37473,443,0,37,17
1584503136.324776,173.194.187.70,10.10.0.10,,,443,37473,0,1358,17
1584503136.3255038,173.194.187.70,10.10.0.10,,,443,37473,0,1358,17
1584503136.327042,10.10.0.10,173.194.187.70,,,37473,443,0,37,17
1584503136.331613,173.194.187.70,10.10.0.10,,,443,37473,0,1358,17
1584503136.3344,173.194.187.70,10.10.0.10,,,443,37473,0,1358,17
1584503136.335896,10.10.0.10,173.194.187.70,,,37473,443,0,37,17
1584503136.338855,173.194.187.70,10.10.0.10,,,443,37473,0,1358,17
1584503136.343319,173.194.187.70,10.10.0.10,,,443,37473,0,1358,17
1584503136.344769,10.10.0.10,173.194.187.70,,,37473,443,0,37,17
1584503136.3477619,173.194.187.70,10.10.0.10,,,443,37473,0,1358,17
1584503136.3522134,173.194.187.70,10.10.0.10,,,443,37473,0,1358,17
1584503136.3540401,10.10.0.10,173.194.187.70,,,37473,443,0,37,17
1584503136.3566918,173.194.187.70,10.10.0.10,,,443,37473,0,1358,17
1584503136.3611276,173.194.187.70,10.10.0.10,,,443,37473,0,1358,17
1584503136.363646,10.10.0.10,173.194.187.70,,,37473,443,0,37,17
1584503136.365582,173.194.187.70,10.10.0.10,,,443,37473,0,1358,17
1584503136.370036,173.194.187.70,10.10.0.10,,,443,37473,0,1358,17
1584503136.3716679,10.10.0.10,173.194.187.70,,,37473,443,0,37,17
1584503136.3745024,173.194.187.70,10.10.0.10,,,443,37473,0,1358,17
1584503136.3789446,173.194.187.70,10.10.0.10,,,443,37473,0,1358,17
1584503136.381041,10.10.0.10,173.194.187.70,,,37473,443,0,37,17
1584503136.383398,173.194.187.70,10.10.0.10,,,443,37473,0,1358,17
1584503136.3878524,173.194.187.70,10.10.0.10,,,443,37473,0,1358,17
1584503136.3896642,10.10.0.10,173.194.187.70,,,37473,443,0,37,17
1584503136.392303,173.194.187.70,10.10.0.10,,,443,37473,0,1358,17
1584503136.396761,173.194.187.70,10.10.0.10,,,443,37473,0,1358,17
1584503136.3982694,10.10.0.10,173.194.187.70,,,37473,443,0,37,17
1584503136.401217,173.194.187.70,10.10.0.10,,,443,37473,0,1358,17
1584503136.405688,173.194.187.70,10.10.0.10,,,443,37473,0,1358,17
1584503136.407289,10.10.0.10,173.194.187.70,,,37473,443,0,37,17
1584503136.410125,173.194.187.70,10.10.0.10,,,443,37473,0,1358,17
1584503136.414583,173.194.187.70,10.10.0.10,,,443,37473,0,1358,17
1584503136.416143,10.10.0.10,173.194.187.70,,,37473,443,0,50,17
1584503136.419035,173.194.187.70,10.10.0.10,,,443,37473,0,1358,17
1584503136.423501,173.194.187.70,10.10.0.10,,,443,37473,0,1358,17
1584503136.4253948,10.10.0.10,173.194.187.70,,,37473,443,0,37,17
1584503136.4279466,173.194.187.70,10.10.0.10,,,443,37473,0,1358,17
1584503136.432395,173.194.187.70,10.10.0.10,,,443,37473,0,1358,17
1584503136.4339092,10.10.0.10,173.194.187.70,,,37473,443,0,37,17
1584503136.4368498,173.194.187.70,10.10.0.10,,,443,37473,0,1358,17
1584503136.441314,173.194.187.70,10.10.0.10,,,443,37473,0,1358,17
1584503136.442895,10.10.0.10,173.194.187.70,,,37473,443,0,37,17
1584503136.445762,173.194.187.70,10.10.0.10,,,443,37473,0,1358,17
1584503136.450215,173.194.187.70,10.10.0.10,,,443,37473,0,1358,17
1584503136.451892,10.10.0.10,173.194.187.70,,,37473,443,0,37,17
1584503136.454691,173.194.187.70,10.10.0.10,,,443,37473,0,1358,17
1584503136.459125,173.194.187.70,10.10.0.10,,,443,37473,0,1358,17
1584503136.461632,10.10.0.10,173.194.187.70,,,37473,443,0,37,17
1584503136.4635901,173.194.187.70,10.10.0.10,,,443,37473,0,29,17
1584503136.4637704,173.194.187.70,10.10.0.10,,,443,37473,0,1358,17
1584503136.4682288,173.194.187.70,10.10.0.10,,,443,37473,0,1358,17
1584503136.469774,10.10.0.10,173.194.187.70,,,37473,443,0,37,17
1584503136.4726932,173.194.187.70,10.10.0.10,,,443,37473,0,1358,17
1584503136.4771411,173.194.187.70,10.10.0.10,,,443,37473,0,1358,17
1584503136.4793901,10.10.0.10,173.194.187.70,,,37473,443,0,37,17
1584503136.4815962,173.194.187.70,10.10.0.10,,,443,37473,0,1358,17
1584503136.486064,173.194.187.70,10.10.0.10,,,443,37473,0,1358,17
1584503136.487766,10.10.0.10,173.194.187.70,,,37473,443,0,37,17
1584503136.490505,173.194.187.70,10.10.0.10,,,443,37473,0,1358,17
1584503136.4949589,173.194.187.70,10.10.0.10,,,443,37473,0,1358,17
1584503136.496641,10.10.0.10,173.194.187.70,,,37473,443,0,37,17
1584503136.499436,173.194.187.70,10.10.0.10,,,443,37473,0,1358,17
1584503136.5038724,173.194.187.70,10.10.0.10,,,443,37473,0,1358,17
1584503136.505785,10.10.0.10,173.194.187.70,,,37473,443,0,37,17
1584503136.5083196,173.194.187.70,10.10.0.10,,,443,37473,0,1358,17
1584503136.5127769,173.194.187.70,10.10.0.10,,,443,37473,0,1358,17
1584503136.514391,10.10.0.10,173.194.187.70,,,37473,443,0,37,17
1584503136.517247,173.194.187.70,10.10.0.10,,,443,37473,0,1358,17
1584503136.5216901,173.194.187.70,10.10.0.10,,,443,37473,0,1358,17
1584503136.5232651,10.10.0.10,173.194.187.70,,,37473,443,0,37,17
1584503136.5261402,173.194.187.70,10.10.0.10,,,443,37473,0,1358,17
1584503136.5305948,173.194.187.70,10.10.0.10,,,443,37473,0,1358,17
1584503136.532913,10.10.0.10,173.194.187.70,,,37473,443,0,37,17
1584503136.5350618,173.194.187.70,10.10.0.10,,,443,37473,0,1358,17
1584503136.5395026,173.194.187.70,10.10.0.10,,,443,37473,0,1358,17
1584503136.541392,10.10.0.10,173.194.187.70,,,37473,443,0,37,17
1584503136.543967,173.194.187.70,10.10.0.10,,,443,37473,0,1358,17
1584503136.548434,173.194.187.70,10.10.0.10,,,443,37473,0,1358,17
1584503136.550016,10.10.0.10,173.194.187.70,,,37473,443,0,37,17
1584503136.5528722,173.194.187.70,10.10.0.10,,,443,37473,0,1358,17
1584503136.5573199,173.194.187.70,10.10.0.10,,,443,37473,0,1358,17
1584503136.5590339,10.10.0.10,173.194.187.70,,,37473,443,0,37,17
1584503136.5617769,173.194.187.70,10.10.0.10,,,443,37473,0,1358,17
1584503136.566243,173.194.187.70,10.10.0.10,,,443,37473,0,1358,17
1584503136.568393,10.10.0.10,173.194.187.70,,,37473,443,0,37,17
1584503136.5706868,173.194.187.70,10.10.0.10,,,443,37473,0,1358,17
1584503136.5751386,173.194.187.70,10.10.0.10,,,443,37473,0,1358,17
1584503136.576908,10.10.0.10,173.194.187.70,,,37473,443,0,37,17
1584503136.579593,173.194.187.70,10.10.0.10,,,443,37473,0,1358,17
1584503136.5840428,173.194.187.70,10.10.0.10,,,443,37473,0,1358,17
1584503136.5856588,10.10.0.10,173.194.187.70,,,37473,443,0,37,17
1584503136.5884972,173.194.187.70,10.10.0.10,,,443,37473,0,1358,17
1584503136.592962,173.194.187.70,10.10.0.10,,,443,37473,0,1358,17
1584503136.594657,10.10.0.10,173.194.187.70,,,37473,443,0,50,17
1584503136.5974329,173.194.187.70,10.10.0.10,,,443,37473,0,1358,17
1584503136.6018698,173.194.187.70,10.10.0.10,,,443,37473,0,1358,17
1584503136.6035314,10.10.0.10,173.194.187.70,,,37473,443,0,37,17
1584503136.606319,173.194.187.70,10.10.0.10,,,443,37473,0,1358,17
1584503136.610774,173.194.187.70,10.10.0.10,,,443,37473,0,1358,17
1584503136.612992,10.10.0.10,173.194.187.70,,,37473,443,0,37,17
1584503136.6152446,173.194.187.70,10.10.0.10,,,443,37473,0,1358,17
1584503136.6196828,173.194.187.70,10.10.0.10,,,443,37473,0,1358,17
1584503136.6216614,10.10.0.10,173.194.187.70,,,37473,443,0,37,17
1584503136.624132,173.194.187.70,10.10.0.10,,,443,37473,0,1358,17
1584503136.628591,173.194.187.70,10.10.0.10,,,443,37473,0,1358,17
1584503136.6305318,10.10.0.10,173.194.187.70,,,37473,443,0,37,17
1584503136.6330588,173.194.187.70,10.10.0.10,,,443,37473,0,1358,17
1584503136.6375,173.194.187.70,10.10.0.10,,,443,37473,0,1358,17
1584503136.6390321,10.10.0.10,173.194.187.70,,,37473,443,0,37,17
1584503136.641957,173.194.187.70,10.10.0.10,,,443,37473,0,29,17
1584503136.6421475,173.194.187.70,10.10.0.10,,,443,37473,0,1358,17
1584503136.6466188,173.194.187.70,10.10.0.10,,,443,37473,0,1358,17
1584503136.648262,10.10.0.10,173.194.187.70,,,37473,443,0,37,17
1584503136.6510649,173.194.187.70,10.10.0.10,,,443,37473,0,1358,17
1584503136.655519,173.194.187.70,10.10.0.10,,,443,37473,0,1358,17
1584503136.6571558,10.10.0.10,173.194.187.70,,,37473,443,0,37,17
1584503136.6599689,173.194.187.70,10.10.0.10,,,443,37473,0,1358,17
1584503136.664434,173.194.187.70,10.10.0.10,,,443,37473,0,1358,17
1584503136.6667802,10.10.0.10,173.194.187.70,,,37473,443,0,37,17
1584503136.6688828,173.194.187.70,10.10.0.10,,,443,37473,0,1358,17
1584503136.6733305,173.194.187.70,10.10.0.10,,,443,37473,0,1358,17
1584503136.675642,10.10.0.10,173.194.187.70,,,37473,443,0,37,17
1584503136.6777902,173.194.187.70,10.10.0.10,,,443,37473,0,1358,17
1584503136.682241,173.194.187.70,10.10.0.10,,,443,37473,0,1358,17
1584503136.683752,10.10.0.10,173.194.187.70,,,37473,443,0,37,17
1584503136.686701,173.194.187.70,10.10.0.10,,,443,37473,0,1358,17
1584503136.6911492,173.194.187.70,10.10.0.10,,,443,37473,0,1358,17
1584503136.693031,10.10.0.10,173.194.187.70,,,37473,443,0,37,17
1584503136.695618,173.194.187.70,10.10.0.10,,,443,37473,0,1358,17
1584503136.700059,173.194.187.70,10.10.0.10,,,443,37473,0,1358,17
1584503136.7016542,10.10.0.10,173.194.187.70,,,37473,443,0,37,17
1584503136.704519,173.194.187.70,10.10.0.10,,,443,37473,0,1358,17
1584503136.7089741,173.194.187.70,10.10.0.10,,,443,37473,0,1358,17
1584503136.71103,10.10.0.10,173.194.187.70,,,37473,443,0,37,17
1584503136.7134314,173.194.187.70,10.10.0.10,,,443,37473,0,1358,17
1584503136.717881,173.194.187.70,10.10.0.10,,,443,37473,0,1358,17
1584503136.7202508,10.10.0.10,173.194.187.70,,,37473,443,0,37,17
1584503136.7223382,173.194.187.70,10.10.0.10,,,443,37473,0,1358,17
1584503136.7268038,173.194.187.70,10.10.0.10,,,443,37473,0,1358,17
1584503136.728905,10.10.0.10,173.194.187.70,,,37473,443,0,37,17
1584503136.731246,173.194.187.70,10.10.0.10,,,443,37473,0,1358,17
1584503136.735699,173.194.187.70,10.10.0.10,,,443,37473,0,1358,17
1584503136.7391539,10.10.0.10,173.194.187.70,,,37473,443,0,37,17
1584503136.7401474,173.194.187.70,10.10.0.10,,,443,37473,0,1358,17
1584503136.744616,173.194.187.70,10.10.0.10,,,443,37473,0,1358,17
1584503136.746402,10.10.0.10,173.194.187.70,,,37473,443,0,37,17
1584503136.7490618,173.194.187.70,10.10.0.10,,,443,37473,0,1358,17
1584503136.7535162,173.194.187.70,10.10.0.10,,,443,37473,0,1358,17
1584503136.75553,10.10.0.10,173.194.187.70,,,37473,443,0,37,17
1584503136.7579708,173.194.187.70,10.10.0.10,,,443,37473,0,1358,17
1584503136.7624311,173.194.187.70,10.10.0.10,,,443,37473,0,1358,17
1584503136.764258,10.10.0.10,173.194.187.70,,,37473,443,0,37,17
1584503136.76688,173.194.187.70,10.10.0.10,,,443,37473,0,1358,17
1584503136.7713342,173.194.187.70,10.10.0.10,,,443,37473,0,1358,17
1584503136.7742784,10.10.0.10,173.194.187.70,,,37473,443,0,50,17
1584503136.7758029,173.194.187.70,10.10.0.10,,,443,37473,0,1358,17
1584503136.780239,173.194.187.70,10.10.0.10,,,443,37473,0,1358,17
1584503136.781776,10.10.0.10,173.194.187.70,,,37473,443,0,37,17
1584503136.784699,173.194.187.70,10.10.0.10,,,443,37473,0,1358,17
1584503136.78915,173.194.187.70,10.10.0.10,,,443,37473,0,1358,17
1584503136.7908769,10.10.0.10,173.194.187.70,,,37473,443,0,37,17
1584503136.793605,173.194.187.70,10.10.0.10,,,443,37473,0,1358,17
1584503136.798054,173.194.187.70,10.10.0.10,,,443,37473,0,1358,17
1584503136.7994828,10.10.0.10,173.194.187.70,,,37473,443,0,37,17
1584503136.802509,173.194.187.70,10.10.0.10,,,443,37473,0,1358,17
1584503136.806966,173.194.187.70,10.10.0.10,,,443,37473,0,1358,17
1584503136.808486,10.10.0.10,173.194.187.70,,,37473,443,0,37,17
1584503136.8114266,173.194.187.70,10.10.0.10,,,443,37473,0,1358,17
1584503136.815874,173.194.187.70,10.10.0.10,,,443,37473,0,1358,17
1584503136.817388,10.10.0.10,173.194.187.70,,,37473,443,0,37,17
1584503136.820329,173.194.187.70,10.10.0.10,,,443,37473,0,1358,17
1584503136.824784,173.194.187.70,10.10.0.10,,,443,37473,0,1358,17
1584503136.826239,10.10.0.10,173.194.187.70,,,37473,443,0,37,17
1584503136.8292348,173.194.187.70,10.10.0.10,,,443,37473,0,1358,17
1584503136.83369,173.194.187.70,10.10.0.10,,,443,37473,0,1358,17
1584503136.8354876,10.10.0.10,173.194.187.70,,,37473,443,0,37,17
1584503136.838158,173.194.187.70,10.10.0.10,,,443,37473,0,1358,17
1584503136.842598,173.194.187.70,10.10.0.10,,,443,37473,0,1358,17
1584503136.8443599,10.10.0.10,173.194.187.70,,,37473,443,0,37,17
1584503136.8470528,173.194.187.70,10.10.0.10,,,443,37473,0,1358,17
1584503136.851514,173.194.187.70,10.10.0.10,,,443,37473,0,1358,17
1584503136.8558989,10.10.0.10,173.194.187.70,,,37473,443,0,37,17
1584503136.855963,173.194.187.70,10.10.0.10,,,443,37473,0,1358,17
1584503136.8604188,173.194.187.70,10.10.0.10,,,443,37473,0,1358,17
1584503136.862401,10.10.0.10,173.194.187.70,,,37473,443,0,37,17
1584503136.864873,173.194.187.70,10.10.0.10,,,443,37473,0,1358,17
1584503136.8693259,173.194.187.70,10.10.0.10,,,443,37473,0,1358,17
1584503136.8712294,10.10.0.10,173.194.187.70,,,37473,443,0,37,17
1584503136.873786,173.194.187.70,10.10.0.10,,,443,37473,0,1358,17
1584503136.878233,173.194.187.70,10.10.0.10,,,443,37473,0,1358,17
1584503136.8801286,10.10.0.10,173.194.187.70,,,37473,443,0,37,17
1584503136.882689,173.194.187.70,10.10.0.10,,,443,37473,0,1358,17
1584503136.8871558,173.194.187.70,10.10.0.10,,,443,37473,0,1358,17
1584503136.889024,10.10.0.10,173.194.187.70,,,37473,443,0,37,17
1584503136.891596,173.194.187.70,10.10.0.10,,,443,37473,0,1358,17
1584503136.896049,173.194.187.70,10.10.0.10,,,443,37473,0,1358,17
1584503136.897882,10.10.0.10,173.194.187.70,,,37473,443,0,37,17
1584503136.900506,173.194.187.70,10.10.0.10,,,443,37473,0,1358,17
1584503136.904967,173.194.187.70,10.10.0.10,,,443,37473,0,1358,17
1584503136.9072552,10.10.0.10,173.194.187.70,,,37473,443,0,37,17
1584503136.909427,173.194.187.70,10.10.0.10,,,443,37473,0,1358,17
1584503136.9138749,173.194.187.70,10.10.0.10,,,443,37473,0,1358,17
1584503136.916127,10.10.0.10,173.194.187.70,,,37473,443,0,37,17
1584503136.918326,173.194.187.70,10.10.0.10,,,443,37473,0,1358,17
1584503136.9227805,173.194.187.70,10.10.0.10,,,443,37473,0,1358,17
1584503136.92448,10.10.0.10,173.194.187.70,,,37473,443,0,37,17
1584503136.927235,173.194.187.70,10.10.0.10,,,443,37473,0,1358,17
1584503136.931689,173.194.187.70,10.10.0.10,,,443,37473,0,1358,17
1584503136.933232,10.10.0.10,173.194.187.70,,,37473,443,0,37,17
1584503136.9361439,173.194.187.70,10.10.0.10,,,443,37473,0,1358,17
1584503136.940611,173.194.187.70,10.10.0.10,,,443,37473,0,1358,17
1584503136.942125,10.10.0.10,173.194.187.70,,,37473,443,0,37,17
1584503136.945058,173.194.187.70,10.10.0.10,,,443,37473,0,1358,17
1584503136.9495132,173.194.187.70,10.10.0.10,,,443,37473,0,1358,17
1584503136.9514,10.10.0.10,173.194.187.70,,,37473,443,0,50,17
1584503136.9539642,173.194.187.70,10.10.0.10,,,443,37473,0,1358,17
1584503136.958425,173.194.187.70,10.10.0.10,,,443,37473,0,1358,17
1584503136.960524,10.10.0.10,173.194.187.70,,,37473,443,0,37,17
1584503136.9628696,173.194.187.70,10.10.0.10,,,443,37473,0,1358,17
1584503136.9673252,173.194.187.70,10.10.0.10,,,443,37473,0,1358,17
1584503136.9687312,10.10.0.10,173.194.187.70,,,37473,443,0,37,17
1584503136.9717796,173.194.187.70,10.10.0.10,,,443,37473,0,1358,17
1584503136.976231,173.194.187.70,10.10.0.10,,,443,37473,0,1358,17
1584503136.9782526,10.10.0.10,173.194.187.70,,,37473,443,0,37,17
1584503136.9806852,173.194.187.70,10.10.0.10,,,443,37473,0,1358,17
1584503136.985152,173.194.187.70,10.10.0.10,,,443,37473,0,1358,17
1584503136.9870188,10.10.0.10,173.194.187.70,,,37473,443,0,37,17
1584503136.989592,173.194.187.70,10.10.0.10,,,443,37473,0,29,17
1584503136.989792,173.194.187.70,10.10.0.10,,,443,37473,0,1358,17
1584503136.9942498,173.194.187.70,10.10.0.10,,,443,37473,0,1358,17
1584503136.9957519,10.10.0.10,173.194.187.70,,,37473,443,0,37,17
1584503136.9987106,173.194.187.70,10.10.0.10,,,443,37473,0,1358,17
1584503137.003159,173.194.187.70,10.10.0.10,,,443,37473,0,1358,17
1584503137.006995,10.10.0.10,173.194.187.70,,,37473,443,0,37,17
1584503137.007617,173.194.187.70,10.10.0.10,,,443,37473,0,1358,17
1584503137.0120692,173.194.187.70,10.10.0.10,,,443,37473,0,1358,17
1584503137.0135992,10.10.0.10,173.194.187.70,,,37473,443,0,37,17
1584503137.016525,173.194.187.70,10.10.0.10,,,443,37473,0,1358,17
1584503137.020979,173.194.187.70,10.10.0.10,,,443,37473,0,1358,17
1584503137.023126,10.10.0.10,173.194.187.70,,,37473,443,0,37,17
1584503137.0254312,173.194.187.70,10.10.0.10,,,443,37473,0,1358,17
1584503137.0298915,173.194.187.70,10.10.0.10,,,443,37473,0,1358,17
1584503137.031895,10.10.0.10,173.194.187.70,,,37473,443,0,37,17
1584503137.034357,173.194.187.70,10.10.0.10,,,443,37473,0,1358,17
1584503137.0388026,173.194.187.70,10.10.0.10,,,443,37473,0,1358,17
1584503137.0407548,10.10.0.10,173.194.187.70,,,37473,443,0,37,17
1584503137.0432491,173.194.187.70,10.10.0.10,,,443,37473,0,1358,17
1584503137.0477102,173.194.187.70,10.10.0.10,,,443,37473,0,1358,17
1584503137.049376,10.10.0.10,173.194.187.70,,,37473,443,0,37,17
1584503137.052158,173.194.187.70,10.10.0.10,,,443,37473,0,1358,17
1584503137.056622,173.194.187.70,10.10.0.10,,,443,37473,0,1358,17
1584503137.059753,10.10.0.10,173.194.187.70,,,37473,443,0,37,17
1584503137.061069,173.194.187.70,10.10.0.10,,,443,37473,0,1358,17
1584503137.0655448,173.194.187.70,10.10.0.10,,,443,37473,0,1358,17
1584503137.0675054,10.10.0.10,173.194.187.70,,,37473,443,0,37,17
1584503137.069982,173.194.187.70,10.10.0.10,,,443,37473,0,1358,17
1584503137.0744338,173.194.187.70,10.10.0.10,,,443,37473,0,1358,17
1584503137.076145,10.10.0.10,173.194.187.70,,,37473,443,0,37,17
1584503137.0788894,173.194.187.70,10.10.0.10,,,443,37473,0,1358,17
1584503137.083357,173.194.187.70,10.10.0.10,,,443,37473,0,1358,17
1584503137.0847502,10.10.0.10,173.194.187.70,,,37473,443,0,37,17
1584503137.0877938,173.194.187.70,10.10.0.10,,,443,37473,0,1358,17
1584503137.092249,173.194.187.70,10.10.0.10,,,443,37473,0,1358,17
1584503137.0942519,10.10.0.10,173.194.187.70,,,37473,443,0,37,17
1584503137.0967062,173.194.187.70,10.10.0.10,,,443,37473,0,1358,17
1584503137.101174,173.194.187.70,10.10.0.10,,,443,37473,0,1358,17
1584503137.103241,10.10.0.10,173.194.187.70,,,37473,443,0,37,17
1584503137.1056142,173.194.187.70,10.10.0.10,,,443,37473,0,1358,17
1584503137.11007,173.194.187.70,10.10.0.10,,,443,37473,0,1358,17
1584503137.1115026,10.10.0.10,173.194.187.70,,,37473,443,0,37,17
1584503137.114543,173.194.187.70,10.10.0.10,,,443,37473,0,1358,17
1584503137.1189814,173.194.187.70,10.10.0.10,,,443,37473,0,1358,17
1584503137.1205199,10.10.0.10,173.194.187.70,,,37473,443,0,37,17
1584503137.1234329,173.194.187.70,10.10.0.10,,,443,37473,0,1358,17
1584503137.1278882,173.194.187.70,10.10.0.10,,,443,37473,0,1358,17
1584503137.1297472,10.10.0.10,173.194.187.70,,,37473,443,0,50,17
1584503137.1323411,173.194.187.70,10.10.0.10,,,443,37473,0,1358,17
1584503137.136799,173.194.187.70,10.10.0.10,,,443,37473,0,1358,17
1584503137.138593,10.10.0.10,173.194.187.70,,,37473,443,0,37,17
1584503137.1412542,173.194.187.70,10.10.0.10,,,443,37473,0,1358,17
1584503137.145705,173.194.187.70,10.10.0.10,,,443,37473,0,1358,17
1584503137.1474972,10.10.0.10,173.194.187.70,,,37473,443,0,37,17
1584503137.1501696,173.194.187.70,10.10.0.10,,,443,37473,0,1358,17
1584503137.154615,173.194.187.70,10.10.0.10,,,443,37473,0,1358,17
1584503137.1563642,10.10.0.10,173.194.187.70,,,37473,443,0,37,17
1584503137.159065,173.194.187.70,10.10.0.10,,,443,37473,0,1358,17
1584503137.1635401,173.194.187.70,10.10.0.10,,,443,37473,0,1358,17
1584503137.165001,10.10.0.10,173.194.187.70,,,37473,443,0,37,17
1584503137.1679714,173.194.187.70,10.10.0.10,,,443,37473,0,1358,17
1584503137.172433,173.194.187.70,10.10.0.10,,,443,37473,0,1358,17
1584503137.17389,10.10.0.10,173.194.187.70,,,37473,443,0,37,17
1584503137.176883,173.194.187.70,10.10.0.10,,,443,37473,0,1358,17
1584503137.1813402,173.194.187.70,10.10.0.10,,,443,37473,0,1358,17
1584503137.18289,10.10.0.10,173.194.187.70,,,37473,443,0,37,17
1584503137.1857958,173.194.187.70,10.10.0.10,,,443,37473,0,1358,17
1584503137.190246,173.194.187.70,10.10.0.10,,,443,37473,0,1358,17
1584503137.193622,10.10.0.10,173.194.187.70,,,37473,443,0,37,17
1584503137.194705,173.194.187.70,10.10.0.10,,,443,37473,0,1358,17
1584503137.199154,173.194.187.70,10.10.0.10,,,443,37473,0,1358,17
1584503137.2012696,10.10.0.10,173.194.187.70,,,37473,443,0,37,17
1584503137.2036119,173.194.187.70,10.10.0.10,,,443,37473,0,1358,17
1584503137.2080624,173.194.187.70,10.10.0.10,,,443,37473,0,1358,17
1584503137.209871,10.10.0.10,173.194.187.70,,,37473,443,0,37,17
1584503137.212541,173.194.187.70,10.10.0.10,,,443,37473,0,1358,17
1584503137.2169778,173.194.187.70,10.10.0.10,,,443,37473,0,1358,17
1584503137.2186186,10.10.0.10,173.194.187.70,,,37473,443,0,37,17
1584503137.22143,173.194.187.70,10.10.0.10,,,443,37473,0,1358,17
1584503137.2258852,173.194.187.70,10.10.0.10,,,443,37473,0,1358,17
1584503137.22762,10.10.0.10,173.194.187.70,,,37473,443,0,37,17
1584503137.230352,173.194.187.70,10.10.0.10,,,443,37473,0,1358,17
1584503137.2347946,173.194.187.70,10.10.0.10,,,443,37473,0,1358,17
1584503137.237623,10.10.0.10,173.194.187.70,,,37473,443,0,37,17
1584503137.2392428,173.194.187.70,10.10.0.10,,,443,37473,0,1358,17
1584503137.2437012,173.194.187.70,10.10.0.10,,,443,37473,0,1358,17
1584503137.2452452,10.10.0.10,173.194.187.70,,,37473,443,0,37,17
1584503137.248151,173.194.187.70,10.10.0.10,,,443,37473,0,1358,17
1584503137.252613,173.194.187.70,10.10.0.10,,,443,37473,0,1358,17
1584503137.255266,10.10.0.10,173.194.187.70,,,37473,443,0,37,17
1584503137.257066,173.194.187.70,10.10.0.10,,,443,37473,0,1358,17
1584503137.2615151,173.194.187.70,10.10.0.10,,,443,37473,0,1358,17
1584503137.2632446,10.10.0.10,173.194.187.70,,,37473,443,0,37,17
1584503137.265975,173.194.187.70,10.10.0.10,,,443,37473,0,1358,17
1584503137.2704296,173.194.187.70,10.10.0.10,,,443,37473,0,1358,17
1584503137.2724931,10.10.0.10,173.194.187.70,,,37473,443,0,37,17
1584503137.2748835,173.194.187.70,10.10.0.10,,,443,37473,0,1358,17
1584503137.27935,173.194.187.70,10.10.0.10,,,443,37473,0,1358,17
1584503137.281013,10.10.0.10,173.194.187.70,,,37473,443,0,37,17
1584503137.283793,173.194.187.70,10.10.0.10,,,443,37473,0,1358,17
1584503137.288242,173.194.187.70,10.10.0.10,,,443,37473,0,1358,17
1584503137.2903671,10.10.0.10,173.194.187.70,,,37473,443,0,37,17
1584503137.292701,173.194.187.70,10.10.0.10,,,443,37473,0,1358,17
1584503137.297166,173.194.187.70,10.10.0.10,,,443,37473,0,1358,17
1584503137.298866,10.10.0.10,173.194.187.70,,,37473,443,0,37,17
1584503137.30161,173.194.187.70,10.10.0.10,,,443,37473,0,1358,17
1584503137.3060648,173.194.187.70,10.10.0.10,,,443,37473,0,1358,17
1584503137.307618,10.10.0.10,173.194.187.70,,,37473,443,0,50,17
1584503137.310536,173.194.187.70,10.10.0.10,,,443,37473,0,1358,17
1584503137.315506,173.194.187.70,10.10.0.10,,,443,37473,0,1358,17
1584503137.3171382,10.10.0.10,173.194.187.70,,,37473,443,0,37,17
1584503137.319957,173.194.187.70,10.10.0.10,,,443,37473,0,1358,17
1584503137.3244169,173.194.187.70,10.10.0.10,,,443,37473,0,1358,17
1584503137.3261082,10.10.0.10,173.194.187.70,,,37473,443,0,37,17
1584503137.3288698,173.194.187.70,10.10.0.10,,,443,37473,0,1358,17
1584503137.3333251,173.194.187.70,10.10.0.10,,,443,37473,0,29,17
1584503137.333518,173.194.187.70,10.10.0.10,,,443,37473,0,1358,17
1584503137.334876,10.10.0.10,173.194.187.70,,,37473,443,0,37,17
1584503137.3379805,173.194.187.70,10.10.0.10,,,443,37473,0,1358,17
1584503137.342434,173.194.187.70,10.10.0.10,,,443,37473,0,1358,17
1584503137.3442614,10.10.0.10,173.194.187.70,,,37473,443,0,37,17
1584503137.346911,173.194.187.70,10.10.0.10,,,443,37473,0,1358,17
1584503137.351349,173.194.187.70,10.10.0.10,,,443,37473,0,1358,17
1584503137.352866,10.10.0.10,173.194.187.70,,,37473,443,0,37,17
1584503137.355798,173.194.187.70,10.10.0.10,,,443,37473,0,1358,17
1584503137.360249,173.194.187.70,10.10.0.10,,,443,37473,0,1358,17
1584503137.362118,10.10.0.10,173.194.187.70,,,37473,443,0,37,17
1584503137.364724,173.194.187.70,10.10.0.10,,,443,37473,0,1358,17
1584503137.369166,173.194.187.70,10.10.0.10,,,443,37473,0,1358,17
1584503137.37099,10.10.0.10,173.194.187.70,,,37473,443,0,37,17
1584503137.373616,173.194.187.70,10.10.0.10,,,443,37473,0,1358,17
1584503137.3780699,173.194.187.70,10.10.0.10,,,443,37473,0,1358,17
1584503137.3796382,10.10.0.10,173.194.187.70,,,37473,443,0,37,17
1584503137.3825376,173.194.187.70,10.10.0.10,,,443,37473,0,1358,17
1584503137.386978,173.194.187.70,10.10.0.10,,,443,37473,0,1358,17
1584503137.388765,10.10.0.10,173.194.187.70,,,37473,443,0,37,17
1584503137.391434,173.194.187.70,10.10.0.10,,,443,37473,0,1358,17
1584503137.395909,173.194.187.70,10.10.0.10,,,443,37473,0,1358,17
1584503137.39776,10.10.0.10,173.194.187.70,,,37473,443,0,37,17
1584503137.4003382,173.194.187.70,10.10.0.10,,,443,37473,0,1358,17
1584503137.4048,173.194.187.70,10.10.0.10,,,443,37473,0,1358,17
1584503137.406615,10.10.0.10,173.194.187.70,,,37473,443,0,37,17
1584503137.4092536,173.194.187.70,10.10.0.10,,,443,37473,0,1358,17
1584503137.413719,173.194.187.70,10.10.0.10,,,443,37473,0,1358,17
1584503137.415489,10.10.0.10,173.194.187.70,,,37473,443,0,37,17
1584503137.4181619,173.194.187.70,10.10.0.10,,,443,37473,0,1358,17
1584503137.422616,173.194.187.70,10.10.0.10,,,443,37473,0,1358,17
1584503137.4242382,10.10.0.10,173.194.187.70,,,37473,443,0,37,17
1584503137.4270668,173.194.187.70,10.10.0.10,,,443,37473,0,1358,17
1584503137.431536,173.194.187.70,10.10.0.10,,,443,37473,0,1358,17
1584503137.433134,10.10.0.10,173.194.187.70,,,37473,443,0,37,17
1584503137.4359732,173.194.187.70,10.10.0.10,,,443,37473,0,1358,17
1584503137.440433,173.194.187.70,10.10.0.10,,,443,37473,0,1358,17
1584503137.4425092,10.10.0.10,173.194.187.70,,,37473,443,0,37,17
1584503137.4449134,173.194.187.70,10.10.0.10,,,443,37473,0,1358,17
1584503137.4493456,173.194.187.70,10.10.0.10,,,443,37473,0,1358,17
1584503137.4508688,10.10.0.10,173.194.187.70,,,37473,443,0,37,17
1584503137.453795,173.194.187.70,10.10.0.10,,,443,37473,0,1358,17
1584503137.4582508,173.194.187.70,10.10.0.10,,,443,37473,0,1358,17
1584503137.459969,10.10.0.10,173.194.187.70,,,37473,443,0,37,17
1584503137.4627204,173.194.187.70,10.10.0.10,,,443,37473,0,1358,17
1584503137.467161,173.194.187.70,10.10.0.10,,,443,37473,0,1358,17
1584503137.4688838,10.10.0.10,173.194.187.70,,,37473,443,0,37,17
1584503137.4716122,173.194.187.70,10.10.0.10,,,443,37473,0,1358,17
1584503137.4760618,173.194.187.70,10.10.0.10,,,443,37473,0,1358,17
1584503137.4775062,10.10.0.10,173.194.187.70,,,37473,443,0,37,17
1584503137.480535,173.194.187.70,10.10.0.10,,,443,37473,0,1358,17
1584503137.484976,173.194.187.70,10.10.0.10,,,443,37473,0,1358,17
1584503137.4891381,10.10.0.10,173.194.187.70,,,37473,443,0,50,17
1584503137.489426,173.194.187.70,10.10.0.10,,,443,37473,0,1358,17
1584503137.493907,173.194.187.70,10.10.0.10,,,443,37473,0,1358,17
1584503137.495373,10.10.0.10,173.194.187.70,,,37473,443,0,37,17
1584503137.498345,173.194.187.70,10.10.0.10,,,443,37473,0,1358,17
1584503137.502793,173.194.187.70,10.10.0.10,,,443,37473,0,1358,17
1584503137.5042374,10.10.0.10,173.194.187.70,,,37473,443,0,37,17
1584503137.5072498,173.194.187.70,10.10.0.10,,,443,37473,0,1358,17
1584503137.5117052,173.194.187.70,10.10.0.10,,,443,37473,0,1358,17
1584503137.513737,10.10.0.10,173.194.187.70,,,37473,443,0,37,17
1584503137.516151,173.194.187.70,10.10.0.10,,,443,37473,0,1358,17
1584503137.5206108,173.194.187.70,10.10.0.10,,,443,37473,0,1358,17
1584503137.522381,10.10.0.10,173.194.187.70,,,37473,443,0,37,17
1584503137.5250616,173.194.187.70,10.10.0.10,,,443,37473,0,1358,17
1584503137.5295322,173.194.187.70,10.10.0.10,,,443,37473,0,1358,17
1584503137.531236,10.10.0.10,173.194.187.70,,,37473,443,0,37,17
1584503137.5339742,173.194.187.70,10.10.0.10,,,443,37473,0,1358,17
1584503137.5384278,173.194.187.70,10.10.0.10,,,443,37473,0,1358,17
1584503137.5398777,10.10.0.10,173.194.187.70,,,37473,443,0,37,17
1584503137.5429044,173.194.187.70,10.10.0.10,,,443,37473,0,1358,17
1584503137.547344,173.194.187.70,10.10.0.10,,,443,37473,0,1358,17
1584503137.549006,10.10.0.10,173.194.187.70,,,37473,443,0,37,17
1584503137.5517929,173.194.187.70,10.10.0.10,,,443,37473,0,1358,17
1584503137.556244,173.194.187.70,10.10.0.10,,,443,37473,0,1358,17
1584503137.557879,10.10.0.10,173.194.187.70,,,37473,443,0,37,17
1584503137.5607002,173.194.187.70,10.10.0.10,,,443,37473,0,1358,17
1584503137.565158,173.194.187.70,10.10.0.10,,,443,37473,0,1358,17
1584503137.569609,173.194.187.70,10.10.0.10,,,443,37473,0,1358,17
1584503137.574063,173.194.187.70,10.10.0.10,,,443,37473,0,1358,17
1584503137.5785315,173.194.187.70,10.10.0.10,,,443,37473,0,1358,17
1584503137.582979,173.194.187.70,10.10.0.10,,,443,37473,0,1358,17
1584503137.587426,173.194.187.70,10.10.0.10,,,443,37473,0,1358,17
1584503137.594487,10.10.0.10,173.194.187.70,,,37473,443,0,37,17
1584503137.597378,10.10.0.10,173.194.187.70,,,37473,443,0,37,17
1584503137.597881,10.10.0.10,173.194.187.70,,,37473,443,0,37,17
1584503137.599552,173.194.187.70,10.10.0.10,,,443,37473,0,1358,17
1584503137.6011322,10.10.0.10,173.194.187.70,,,37473,443,0,37,17
1584503137.6028988,173.194.187.70,10.10.0.10,,,443,37473,0,1358,17
1584503137.6033509,173.194.187.70,10.10.0.10,,,443,37473,0,1358,17
1584503137.606129,10.10.0.10,173.194.187.70,,,37473,443,0,37,17
1584503137.6116214,173.194.187.70,10.10.0.10,,,443,37473,0,1358,17
1584503137.612279,173.194.187.70,10.10.0.10,,,443,37473,0,1358,17
1584503137.6143868,10.10.0.10,173.194.187.70,,,37473,443,0,37,17
1584503137.616717,173.194.187.70,10.10.0.10,,,443,37473,0,1358,17
1584503137.6211689,173.194.187.70,10.10.0.10,,,443,37473,0,1358,17
1584503137.623628,10.10.0.10,173.194.187.70,,,37473,443,0,37,17
1584503137.625623,173.194.187.70,10.10.0.10,,,443,37473,0,1358,17
1584503137.630091,173.194.187.70,10.10.0.10,,,443,37473,0,1358,17
1584503137.631754,10.10.0.10,173.194.187.70,,,37473,443,0,37,17
1584503137.6345308,173.194.187.70,10.10.0.10,,,443,37473,0,1358,17
1584503137.638984,173.194.187.70,10.10.0.10,,,443,37473,0,1358,17
1584503137.640483,10.10.0.10,173.194.187.70,,,37473,443,0,37,17
1584503137.64344,173.194.187.70,10.10.0.10,,,443,37473,0,1358,17
1584503137.6479044,173.194.187.70,10.10.0.10,,,443,37473,0,1358,17
1584503137.6496089,10.10.0.10,173.194.187.70,,,37473,443,0,37,17
1584503137.6523492,173.194.187.70,10.10.0.10,,,443,37473,0,1358,17
1584503137.656802,173.194.187.70,10.10.0.10,,,443,37473,0,1358,17
1584503137.658375,10.10.0.10,173.194.187.70,,,37473,443,0,37,17
1584503137.6612544,173.194.187.70,10.10.0.10,,,443,37473,0,1358,17
1584503137.665715,173.194.187.70,10.10.0.10,,,443,37473,0,1358,17
1584503137.667232,10.10.0.10,173.194.187.70,,,37473,443,0,50,17
1584503137.670166,173.194.187.70,10.10.0.10,,,443,37473,0,1358,17
1584503137.674621,173.194.187.70,10.10.0.10,,,443,37473,0,1358,17
1584503137.67648,10.10.0.10,173.194.187.70,,,37473,443,0,37,17
1584503137.679608,173.194.187.70,10.10.0.10,,,443,37473,0,1358,17
1584503137.684058,173.194.187.70,10.10.0.10,,,443,37473,0,1358,17
1584503137.685889,10.10.0.10,173.194.187.70,,,37473,443,0,37,17
1584503137.6885252,173.194.187.70,10.10.0.10,,,443,37473,0,1358,17
1584503137.6929731,173.194.187.70,10.10.0.10,,,443,37473,0,1358,17
1584503137.696876,10.10.0.10,173.194.187.70,,,37473,443,0,37,17
1584503137.697423,173.194.187.70,10.10.0.10,,,443,37473,0,1358,17
1584503137.7019026,173.194.187.70,10.10.0.10,,,443,37473,0,1358,17
1584503137.704751,10.10.0.10,173.194.187.70,,,37473,443,0,37,17
1584503137.7063394,173.194.187.70,10.10.0.10,,,443,37473,0,1358,17
1584503137.7107892,173.194.187.70,10.10.0.10,,,443,37473,0,1358,17
1584503137.7127528,10.10.0.10,173.194.187.70,,,37473,443,0,37,17
1584503137.715245,173.194.187.70,10.10.0.10,,,443,37473,0,1358,17
1584503137.719712,173.194.187.70,10.10.0.10,,,443,37473,0,1358,17
1584503137.721376,10.10.0.10,173.194.187.70,,,37473,443,0,37,17
1584503137.7241476,173.194.187.70,10.10.0.10,,,443,37473,0,1358,17
1584503137.728608,173.194.187.70,10.10.0.10,,,443,37473,0,1358,17
1584503137.7300956,10.10.0.10,173.194.187.70,,,37473,443,0,37,17
1584503137.7330608,173.194.187.70,10.10.0.10,,,443,37473,0,1358,17
1584503137.7375276,173.194.187.70,10.10.0.10,,,443,37473,0,1358,17
1584503137.739105,10.10.0.10,173.194.187.70,,,37473,443,0,37,17
1584503137.7419715,173.194.187.70,10.10.0.10,,,443,37473,0,1358,17
1584503137.746425,173.194.187.70,10.10.0.10,,,443,37473,0,1358,17
1584503137.7483642,10.10.0.10,173.194.187.70,,,37473,443,0,37,17
1584503137.7508972,173.194.187.70,10.10.0.10,,,443,37473,0,1358,17
1584503137.755337,173.194.187.70,10.10.0.10,,,443,37473,0,1358,17
1584503137.757001,10.10.0.10,173.194.187.70,,,37473,443,0,37,17
1584503137.7597885,173.194.187.70,10.10.0.10,,,443,37473,0,1358,17
1584503137.764239,173.194.187.70,10.10.0.10,,,443,37473,0,1358,17
1584503137.765984,10.10.0.10,173.194.187.70,,,37473,443,0,37,17
1584503137.7687109,173.194.187.70,10.10.0.10,,,443,37473,0,1358,17
1584503137.7731519,173.194.187.70,10.10.0.10,,,443,37473,0,1358,17
1584503137.7746232,10.10.0.10,173.194.187.70,,,37473,443,0,37,17
1584503137.777606,173.194.187.70,10.10.0.10,,,443,37473,0,1358,17
1584503137.7820606,173.194.187.70,10.10.0.10,,,443,37473,0,1358,17
1584503137.7837481,10.10.0.10,173.194.187.70,,,37473,443,0,37,17
1584503137.786526,173.194.187.70,10.10.0.10,,,443,37473,0,1358,17
1584503137.790968,173.194.187.70,10.10.0.10,,,443,37473,0,1358,17
1584503137.79288,10.10.0.10,173.194.187.70,,,37473,443,0,37,17
1584503137.795425,173.194.187.70,10.10.0.10,,,443,37473,0,1358,17
1584503137.7998981,173.194.187.70,10.10.0.10,,,443,37473,0,1358,17
1584503137.801353,10.10.0.10,173.194.187.70,,,37473,443,0,37,17
1584503137.804328,173.194.187.70,10.10.0.10,,,443,37473,0,1358,17
1584503137.808789,173.194.187.70,10.10.0.10,,,443,37473,0,1358,17
1584503137.811726,10.10.0.10,173.194.187.70,,,37473,443,0,37,17
1584503137.8132372,173.194.187.70,10.10.0.10,,,443,37473,0,1358,17
1584503137.8176932,173.194.187.70,10.10.0.10,,,443,37473,0,1358,17
1584503137.8192232,10.10.0.10,173.194.187.70,,,37473,443,0,37,17
1584503137.8221529,173.194.187.70,10.10.0.10,,,443,37473,0,1358,17
1584503137.8265939,173.194.187.70,10.10.0.10,,,443,37473,0,1358,17
1584503137.8281991,10.10.0.10,173.194.187.70,,,37473,443,0,37,17
1584503137.831048,173.194.187.70,10.10.0.10,,,443,37473,0,1358,17
1584503137.835505,173.194.187.70,10.10.0.10,,,443,37473,0,1358,17
1584503137.836997,10.10.0.10,173.194.187.70,,,37473,443,0,37,17
1584503137.8399599,173.194.187.70,10.10.0.10,,,443,37473,0,1358,17
1584503137.844414,173.194.187.70,10.10.0.10,,,443,37473,0,1358,17
1584503137.845938,10.10.0.10,173.194.187.70,,,37473,443,0,50,17
1584503137.8488839,173.194.187.70,10.10.0.10,,,443,37473,0,1358,17
1584503137.8533242,173.194.187.70,10.10.0.10,,,443,37473,0,1358,17
1584503137.8557081,10.10.0.10,173.194.187.70,,,37473,443,0,37,17
1584503137.857776,173.194.187.70,10.10.0.10,,,443,37473,0,1358,17
1584503137.8622339,173.194.187.70,10.10.0.10,,,443,37473,0,1358,17
1584503137.8641012,10.10.0.10,173.194.187.70,,,37473,443,0,37,17
1584503137.8666918,173.194.187.70,10.10.0.10,,,443,37473,0,1358,17
1584503137.871142,173.194.187.70,10.10.0.10,,,443,37473,0,1358,17
1584503137.872872,10.10.0.10,173.194.187.70,,,37473,443,0,37,17
1584503137.875605,173.194.187.70,10.10.0.10,,,443,37473,0,1358,17
1584503137.8800519,173.194.187.70,10.10.0.10,,,443,37473,0,1358,17
1584503137.882094,10.10.0.10,173.194.187.70,,,37473,443,0,37,17
1584503137.884506,173.194.187.70,10.10.0.10,,,443,37473,0,1358,17
1584503137.8889642,173.194.187.70,10.10.0.10,,,443,37473,0,1358,17
1584503137.89072,10.10.0.10,173.194.187.70,,,37473,443,0,37,17
1584503137.8934119,173.194.187.70,10.10.0.10,,,443,37473,0,1358,17
1584503137.8978682,173.194.187.70,10.10.0.10,,,443,37473,0,1358,17
1584503137.900485,10.10.0.10,173.194.187.70,,,37473,443,0,37,17
1584503137.9023228,173.194.187.70,10.10.0.10,,,443,37473,0,1358,17
1584503137.906777,173.194.187.70,10.10.0.10,,,443,37473,0,1358,17
1584503137.9094784,10.10.0.10,173.194.187.70,,,37473,443,0,37,17
1584503137.911243,173.194.187.70,10.10.0.10,,,443,37473,0,1358,17
1584503137.915708,173.194.187.70,10.10.0.10,,,443,37473,0,1358,17
1584503137.917376,10.10.0.10,173.194.187.70,,,37473,443,0,37,17
1584503137.9201422,173.194.187.70,10.10.0.10,,,443,37473,0,1358,17
1584503137.924602,173.194.187.70,10.10.0.10,,,443,37473,0,1358,17
1584503137.926873,10.10.0.10,173.194.187.70,,,37473,443,0,37,17
1584503137.9290562,173.194.187.70,10.10.0.10,,,443,37473,0,1358,17
1584503137.933521,173.194.187.70,10.10.0.10,,,443,37473,0,1358,17
1584503137.9358408,10.10.0.10,173.194.187.70,,,37473,443,0,37,17
1584503137.9379642,173.194.187.70,10.10.0.10,,,443,37473,0,1358,17
1584503137.942414,173.194.187.70,10.10.0.10,,,443,37473,0,1358,17
1584503137.946328,10.10.0.10,173.194.187.70,,,37473,443,0,37,17
1584503137.9468699,173.194.187.70,10.10.0.10,,,443,37473,0,1358,17
1584503137.9513242,173.194.187.70,10.10.0.10,,,443,37473,0,1358,17
1584503137.952976,10.10.0.10,173.194.187.70,,,37473,443,0,37,17
1584503137.955775,173.194.187.70,10.10.0.10,,,443,37473,0,1358,17
1584503137.9602275,173.194.187.70,10.10.0.10,,,443,37473,0,1358,17
1584503137.9624732,10.10.0.10,173.194.187.70,,,37473,443,0,37,17
1584503137.964688,173.194.187.70,10.10.0.10,,,443,37473,0,1358,17
1584503137.9691384,173.194.187.70,10.10.0.10,,,443,37473,0,1358,17
1584503137.9711199,10.10.0.10,173.194.187.70,,,37473,443,0,37,17
1584503137.973593,173.194.187.70,10.10.0.10,,,443,37473,0,1358,17
1584503137.9780538,173.194.187.70,10.10.0.10,,,443,37473,0,1358,17
1584503137.979597,10.10.0.10,173.194.187.70,,,37473,443,0,37,17
1584503137.983043,173.194.187.70,10.10.0.10,,,443,37473,0,1358,17
1584503137.9874918,173.194.187.70,10.10.0.10,,,443,37473,0,1358,17
1584503137.989456,10.10.0.10,173.194.187.70,,,37473,443,0,37,17
1584503137.991951,173.194.187.70,10.10.0.10,,,443,37473,0,1358,17
1584503137.996403,173.194.187.70,10.10.0.10,,,443,37473,0,1358,17
1584503137.998933,10.10.0.10,173.194.187.70,,,37473,443,0,37,17
1584503138.000855,173.194.187.70,10.10.0.10,,,443,37473,0,1358,17
1584503138.005312,173.194.187.70,10.10.0.10,,,443,37473,0,1358,17
1584503138.008716,10.10.0.10,173.194.187.70,,,37473,443,0,37,17
1584503138.009768,173.194.187.70,10.10.0.10,,,443,37473,0,1358,17
1584503138.0142188,173.194.187.70,10.10.0.10,,,443,37473,0,1358,17
1584503138.016116,10.10.0.10,173.194.187.70,,,37473,443,0,37,17
1584503138.0186784,173.194.187.70,10.10.0.10,,,443,37473,0,1358,17
1584503138.023132,173.194.187.70,10.10.0.10,,,443,37473,0,1358,17
1584503138.025974,10.10.0.10,173.194.187.70,,,37473,443,0,50,17
1584503138.0275822,173.194.187.70,10.10.0.10,,,443,37473,0,1358,17
1584503138.032037,173.194.187.70,10.10.0.10,,,443,37473,0,1358,17
1584503138.0340922,10.10.0.10,173.194.187.70,,,37473,443,0,37,17
1584503138.036489,173.194.187.70,10.10.0.10,,,443,37473,0,1358,17
1584503138.0409439,173.194.187.70,10.10.0.10,,,443,37473,0,1358,17
1584503138.042474,10.10.0.10,173.194.187.70,,,37473,443,0,37,17
1584503138.045398,173.194.187.70,10.10.0.10,,,443,37473,0,1358,17
1584503138.049852,173.194.187.70,10.10.0.10,,,443,37473,0,1358,17
1584503138.052208,10.10.0.10,173.194.187.70,,,37473,443,0,37,17
1584503138.054311,173.194.187.70,10.10.0.10,,,443,37473,0,1358,17
1584503138.05876,173.194.187.70,10.10.0.10,,,443,37473,0,1358,17
1584503138.0603652,10.10.0.10,173.194.187.70,,,37473,443,0,37,17
1584503138.0632188,173.194.187.70,10.10.0.10,,,443,37473,0,1358,17
1584503138.0676892,173.194.187.70,10.10.0.10,,,443,37473,0,1358,17
1584503138.069493,10.10.0.10,173.194.187.70,,,37473,443,0,37,17
1584503138.072122,173.194.187.70,10.10.0.10,,,443,37473,0,1358,17
1584503138.076589,173.194.187.70,10.10.0.10,,,443,37473,0,1358,17
1584503138.079337,10.10.0.10,173.194.187.70,,,37473,443,0,37,17
1584503138.0810368,173.194.187.70,10.10.0.10,,,443,37473,0,1358,17
1584503138.0855148,173.194.187.70,10.10.0.10,,,443,37473,0,1358,17
1584503138.0874991,10.10.0.10,173.194.187.70,,,37473,443,0,37,17
1584503138.089953,173.194.187.70,10.10.0.10,,,443,37473,0,1358,17
1584503138.094398,173.194.187.70,10.10.0.10,,,443,37473,0,1358,17
1584503138.096096,10.10.0.10,173.194.187.70,,,37473,443,0,37,17
1584503138.098858,173.194.187.70,10.10.0.10,,,443,37473,0,1358,17
1584503138.103327,173.194.187.70,10.10.0.10,,,443,37473,0,1358,17
1584503138.106616,10.10.0.10,173.194.187.70,,,37473,443,0,37,17
1584503138.1077662,173.194.187.70,10.10.0.10,,,443,37473,0,1358,17
1584503138.112215,173.194.187.70,10.10.0.10,,,443,37473,0,1358,17
1584503138.114615,10.10.0.10,173.194.187.70,,,37473,443,0,37,17
1584503138.116676,173.194.187.70,10.10.0.10,,,443,37473,0,1358,17
1584503138.1211412,173.194.187.70,10.10.0.10,,,443,37473,0,1358,17
1584503138.122863,10.10.0.10,173.194.187.70,,,37473,443,0,37,17
1584503138.125584,173.194.187.70,10.10.0.10,,,443,37473,0,1358,17
1584503138.130034,173.194.187.70,10.10.0.10,,,443,37473,0,1358,17
1584503138.131472,10.10.0.10,173.194.187.70,,,37473,443,0,37,17
1584503138.1345158,173.194.187.70,10.10.0.10,,,443,37473,0,1358,17
1584503138.13895,173.194.187.70,10.10.0.10,,,443,37473,0,1358,17
1584503138.140842,10.10.0.10,173.194.187.70,,,37473,443,0,37,17
1584503138.1434,173.194.187.70,10.10.0.10,,,443,37473,0,1358,17
1584503138.147855,173.194.187.70,10.10.0.10,,,443,37473,0,1358,17
1584503138.149488,10.10.0.10,173.194.187.70,,,37473,443,0,37,17
1584503138.1523108,173.194.187.70,10.10.0.10,,,443,37473,0,1358,17
1584503138.156768,173.194.187.70,10.10.0.10,,,443,37473,0,1358,17
1584503138.15821,10.10.0.10,173.194.187.70,,,37473,443,0,37,17
1584503138.161219,173.194.187.70,10.10.0.10,,,443,37473,0,1358,17
1584503138.165673,173.194.187.70,10.10.0.10,,,443,37473,0,1358,17
1584503138.168361,10.10.0.10,173.194.187.70,,,37473,443,0,37,17
1584503138.1701405,173.194.187.70,10.10.0.10,,,443,37473,0,1358,17
1584503138.174584,173.194.187.70,10.10.0.10,,,443,37473,0,1358,17
1584503138.176342,10.10.0.10,173.194.187.70,,,37473,443,0,37,17
1584503138.179036,173.194.187.70,10.10.0.10,,,443,37473,0,1358,17
1584503138.183512,173.194.187.70,10.10.0.10,,,443,37473,0,1358,17
1584503138.187957,173.194.187.70,10.10.0.10,,,443,37473,0,1358,17
1584503138.1889572,10.10.0.10,173.194.187.70,,,37473,443,0,37,17
1584503138.1923964,173.194.187.70,10.10.0.10,,,443,37473,0,1358,17
1584503138.1944668,10.10.0.10,173.194.187.70,,,37473,443,0,37,17
1584503138.196856,173.194.187.70,10.10.0.10,,,443,37473,0,1358,17
1584503138.2013242,173.194.187.70,10.10.0.10,,,443,37473,0,1358,17
1584503138.203613,10.10.0.10,173.194.187.70,,,37473,443,0,50,17
1584503138.2057672,173.194.187.70,10.10.0.10,,,443,37473,0,1358,17
1584503138.210216,173.194.187.70,10.10.0.10,,,443,37473,0,1358,17
1584503138.211859,10.10.0.10,173.194.187.70,,,37473,443,0,37,17
1584503138.214674,173.194.187.70,10.10.0.10,,,443,37473,0,1358,17
1584503138.2191381,173.194.187.70,10.10.0.10,,,443,37473,0,1358,17
1584503138.22159,10.10.0.10,173.194.187.70,,,37473,443,0,37,17
1584503138.2235801,173.194.187.70,10.10.0.10,,,443,37473,0,1358,17
1584503138.228029,173.194.187.70,10.10.0.10,,,443,37473,0,1358,17
1584503138.229611,10.10.0.10,173.194.187.70,,,37473,443,0,37,17
1584503138.2325141,173.194.187.70,10.10.0.10,,,443,37473,0,1358,17
1584503138.2369478,173.194.187.70,10.10.0.10,,,443,37473,0,1358,17
1584503138.2388608,10.10.0.10,173.194.187.70,,,37473,443,0,37,17
1584503138.241398,173.194.187.70,10.10.0.10,,,443,37473,0,29,17
1584503138.241591,173.194.187.70,10.10.0.10,,,443,37473,0,1358,17
1584503138.2460532,173.194.187.70,10.10.0.10,,,443,37473,0,1358,17
1584503138.248592,10.10.0.10,173.194.187.70,,,37473,443,0,37,17
1584503138.250513,173.194.187.70,10.10.0.10,,,443,37473,0,1358,17
1584503138.254964,173.194.187.70,10.10.0.10,,,443,37473,0,1358,17
1584503138.25684,10.10.0.10,173.194.187.70,,,37473,443,0,37,17
1584503138.259416,173.194.187.70,10.10.0.10,,,443,37473,0,1358,17
1584503138.263887,173.194.187.70,10.10.0.10,,,443,37473,0,1358,17
1584503138.265463,10.10.0.10,173.194.187.70,,,37473,443,0,37,17
1584503138.268322,173.194.187.70,10.10.0.10,,,443,37473,0,1358,17
1584503138.272778,173.194.187.70,10.10.0.10,,,443,37473,0,1358,17
1584503138.2749689,10.10.0.10,173.194.187.70,,,37473,443,0,37,17
1584503138.2772331,173.194.187.70,10.10.0.10,,,443,37473,0,1358,17
1584503138.281697,173.194.187.70,10.10.0.10,,,443,37473,0,1358,17
1584503138.2834842,10.10.0.10,173.194.187.70,,,37473,443,0,37,17
1584503138.286143,173.194.187.70,10.10.0.10,,,443,37473,0,1358,17
1584503138.2905972,173.194.187.70,10.10.0.10,,,443,37473,0,1358,17
1584503138.2923582,10.10.0.10,173.194.187.70,,,37473,443,0,37,17
1584503138.2950716,173.194.187.70,10.10.0.10,,,443,37473,0,1358,17
1584503138.29951,173.194.187.70,10.10.0.10,,,443,37473,0,1358,17
1584503138.301111,10.10.0.10,173.194.187.70,,,37473,443,0,37,17
1584503138.3039556,173.194.187.70,10.10.0.10,,,443,37473,0,1358,17
1584503138.308411,173.194.187.70,10.10.0.10,,,443,37473,0,1358,17
1584503138.309983,10.10.0.10,173.194.187.70,,,37473,443,0,37,17
1584503138.312883,173.194.187.70,10.10.0.10,,,443,37473,0,1358,17
1584503138.317325,173.194.187.70,10.10.0.10,,,443,37473,0,1358,17
1584503138.3191106,10.10.0.10,173.194.187.70,,,37473,443,0,37,17
1584503138.3217778,173.194.187.70,10.10.0.10,,,443,37473,0,1358,17
1584503138.326231,173.194.187.70,10.10.0.10,,,443,37473,0,1358,17
1584503138.3280866,10.10.0.10,173.194.187.70,,,37473,443,0,37,17
1584503138.330696,173.194.187.70,10.10.0.10,,,443,37473,0,1358,17
1584503138.335137,173.194.187.70,10.10.0.10,,,443,37473,0,1358,17
1584503138.336713,10.10.0.10,173.194.187.70,,,37473,443,0,37,17
1584503138.3395965,173.194.187.70,10.10.0.10,,,443,37473,0,1358,17
1584503138.3440454,173.194.187.70,10.10.0.10,,,443,37473,0,1358,17
1584503138.345734,10.10.0.10,173.194.187.70,,,37473,443,0,37,17
1584503138.34851,173.194.187.70,10.10.0.10,,,443,37473,0,1358,17
1584503138.3529592,173.194.187.70,10.10.0.10,,,443,37473,0,1358,17
1584503138.3544614,10.10.0.10,173.194.187.70,,,37473,443,0,37,17
1584503138.357414,173.194.187.70,10.10.0.10,,,443,37473,0,1358,17
1584503138.361881,173.194.187.70,10.10.0.10,,,443,37473,0,1358,17
1584503138.363586,10.10.0.10,173.194.187.70,,,37473,443,0,37,17
1584503138.366324,173.194.187.70,10.10.0.10,,,443,37473,0,1358,17
1584503138.370776,173.194.187.70,10.10.0.10,,,443,37473,0,1358,17
1584503138.372838,10.10.0.10,173.194.187.70,,,37473,443,0,37,17
1584503138.37523,173.194.187.70,10.10.0.10,,,443,37473,0,1358,17
1584503138.379695,173.194.187.70,10.10.0.10,,,443,37473,0,1358,17
1584503138.3819606,10.10.0.10,173.194.187.70,,,37473,443,0,50,17
1584503138.384136,173.194.187.70,10.10.0.10,,,443,37473,0,1358,17
1584503138.3885946,173.194.187.70,10.10.0.10,,,443,37473,0,1358,17
1584503138.3906062,10.10.0.10,173.194.187.70,,,37473,443,0,37,17
1584503138.393049,173.194.187.70,10.10.0.10,,,443,37473,0,1358,17
1584503138.397508,173.194.187.70,10.10.0.10,,,443,37473,0,1358,17
1584503138.3990932,10.10.0.10,173.194.187.70,,,37473,443,0,37,17
1584503138.401958,173.194.187.70,10.10.0.10,,,443,37473,0,1358,17
1584503138.406413,173.194.187.70,10.10.0.10,,,443,37473,0,1358,17
1584503138.4080849,10.10.0.10,173.194.187.70,,,37473,443,0,37,17
1584503138.41088,173.194.187.70,10.10.0.10,,,443,37473,0,1358,17
1584503138.4153204,173.194.187.70,10.10.0.10,,,443,37473,0,1358,17
1584503138.4173582,10.10.0.10,173.194.187.70,,,37473,443,0,37,17
1584503138.419775,173.194.187.70,10.10.0.10,,,443,37473,0,1358,17
1584503138.4242249,173.194.187.70,10.10.0.10,,,443,37473,0,1358,17
1584503138.425857,10.10.0.10,173.194.187.70,,,37473,443,0,37,17
1584503138.428693,173.194.187.70,10.10.0.10,,,443,37473,0,1358,17
1584503138.4331398,173.194.187.70,10.10.0.10,,,443,37473,0,1358,17
1584503138.4345849,10.10.0.10,173.194.187.70,,,37473,443,0,37,17
1584503138.437593,173.194.187.70,10.10.0.10,,,443,37473,0,1358,17
1584503138.442048,173.194.187.70,10.10.0.10,,,443,37473,0,1358,17
1584503138.4436038,10.10.0.10,173.194.187.70,,,37473,443,0,37,17
1584503138.446507,173.194.187.70,10.10.0.10,,,443,37473,0,1358,17
1584503138.4509606,173.194.187.70,10.10.0.10,,,443,37473,0,1358,17
1584503138.4529812,10.10.0.10,173.194.187.70,,,37473,443,0,37,17
1584503138.455411,173.194.187.70,10.10.0.10,,,443,37473,0,1358,17
1584503138.459879,173.194.187.70,10.10.0.10,,,443,37473,0,1358,17
1584503138.4613302,10.10.0.10,173.194.187.70,,,37473,443,0,37,17
1584503138.464319,173.194.187.70,10.10.0.10,,,443,37473,0,1358,17
1584503138.4687731,173.194.187.70,10.10.0.10,,,443,37473,0,1358,17
1584503138.4702358,10.10.0.10,173.194.187.70,,,37473,443,0,37,17
1584503138.4732282,173.194.187.70,10.10.0.10,,,443,37473,0,1358,17
1584503138.477691,173.194.187.70,10.10.0.10,,,443,37473,0,1358,17
1584503138.4794598,10.10.0.10,173.194.187.70,,,37473,443,0,37,17
1584503138.482137,173.194.187.70,10.10.0.10,,,443,37473,0,1358,17
1584503138.486592,173.194.187.70,10.10.0.10,,,443,37473,0,1358,17
1584503138.488352,10.10.0.10,173.194.187.70,,,37473,443,0,37,17
1584503138.4910452,173.194.187.70,10.10.0.10,,,443,37473,0,1358,17
1584503138.4955056,173.194.187.70,10.10.0.10,,,443,37473,0,1358,17
1584503138.4984589,10.10.0.10,173.194.187.70,,,37473,443,0,37,17
1584503138.4999485,173.194.187.70,10.10.0.10,,,443,37473,0,1358,17
1584503138.504405,173.194.187.70,10.10.0.10,,,443,37473,0,1358,17
1584503138.5063012,10.10.0.10,173.194.187.70,,,37473,443,0,37,17
1584503138.508863,173.194.187.70,10.10.0.10,,,443,37473,0,1358,17
1584503138.513319,173.194.187.70,10.10.0.10,,,443,37473,0,1358,17
1584503138.514833,10.10.0.10,173.194.187.70,,,37473,443,0,37,17
1584503138.5177732,173.194.187.70,10.10.0.10,,,443,37473,0,1358,17
1584503138.522225,173.194.187.70,10.10.0.10,,,443,37473,0,1358,17
1584503138.523962,10.10.0.10,173.194.187.70,,,37473,443,0,37,17
1584503138.5266778,173.194.187.70,10.10.0.10,,,443,37473,0,1358,17
1584503138.531136,173.194.187.70,10.10.0.10,,,443,37473,0,1358,17
1584503138.532583,10.10.0.10,173.194.187.70,,,37473,443,0,37,17
1584503138.535592,173.194.187.70,10.10.0.10,,,443,37473,0,1358,17
1584503138.540039,173.194.187.70,10.10.0.10,,,443,37473,0,1358,17
1584503138.5422268,10.10.0.10,173.194.187.70,,,37473,443,0,37,17
1584503138.544504,173.194.187.70,10.10.0.10,,,443,37473,0,1358,17
1584503138.5489528,173.194.187.70,10.10.0.10,,,443,37473,0,1358,17
1584503138.550573,10.10.0.10,173.194.187.70,,,37473,443,0,37,17
1584503138.553408,173.194.187.70,10.10.0.10,,,443,37473,0,1358,17
1584503138.5578759,173.194.187.70,10.10.0.10,,,443,37473,0,1358,17
1584503138.560574,10.10.0.10,173.194.187.70,,,37473,443,0,50,17
1584503138.5623162,173.194.187.70,10.10.0.10,,,443,37473,0,1358,17
1584503138.566766,173.194.187.70,10.10.0.10,,,443,37473,0,1358,17
1584503138.568351,10.10.0.10,173.194.187.70,,,37473,443,0,37,17
1584503138.571223,173.194.187.70,10.10.0.10,,,443,37473,0,1358,17
1584503138.575689,173.194.187.70,10.10.0.10,,,443,37473,0,1358,17
1584503138.5772052,10.10.0.10,173.194.187.70,,,37473,443,0,37,17
1584503138.580129,173.194.187.70,10.10.0.10,,,443,37473,0,1358,17
1584503138.584584,173.194.187.70,10.10.0.10,,,443,37473,0,1358,17
1584503138.586349,10.10.0.10,173.194.187.70,,,37473,443,0,37,17
1584503138.589042,173.194.187.70,10.10.0.10,,,443,37473,0,1358,17
1584503138.593503,173.194.187.70,10.10.0.10,,,443,37473,0,1358,17
1584503138.595094,10.10.0.10,173.194.187.70,,,37473,443,0,37,17
1584503138.5979528,173.194.187.70,10.10.0.10,,,443,37473,0,1358,17
1584503138.602405,173.194.187.70,10.10.0.10,,,443,37473,0,1358,17
1584503138.6058302,10.10.0.10,173.194.187.70,,,37473,443,0,37,17
1584503138.606874,173.194.187.70,10.10.0.10,,,443,37473,0,1358,17
1584503138.6113136,173.194.187.70,10.10.0.10,,,443,37473,0,1358,17
1584503138.6127238,10.10.0.10,173.194.187.70,,,37473,443,0,37,17
1584503138.615769,173.194.187.70,10.10.0.10,,,443,37473,0,1358,17
1584503138.620219,173.194.187.70,10.10.0.10,,,443,37473,0,1358,17
1584503138.6217892,10.10.0.10,173.194.187.70,,,37473,443,0,37,17
1584503138.624687,173.194.187.70,10.10.0.10,,,443,37473,0,1358,17
1584503138.629127,173.194.187.70,10.10.0.10,,,443,37473,0,1358,17
1584503138.6309562,10.10.0.10,173.194.187.70,,,37473,443,0,37,17
1584503138.63359,173.194.187.70,10.10.0.10,,,443,37473,0,1358,17
1584503138.638041,173.194.187.70,10.10.0.10,,,443,37473,0,1358,17
1584503138.639708,10.10.0.10,173.194.187.70,,,37473,443,0,37,17
1584503138.6424901,173.194.187.70,10.10.0.10,,,443,37473,0,1358,17
1584503138.64695,173.194.187.70,10.10.0.10,,,443,37473,0,1358,17
1584503138.648474,10.10.0.10,173.194.187.70,,,37473,443,0,37,17
1584503138.651405,173.194.187.70,10.10.0.10,,,443,37473,0,1358,17
1584503138.655873,173.194.187.70,10.10.0.10,,,443,37473,0,1358,17
1584503138.657328,10.10.0.10,173.194.187.70,,,37473,443,0,37,17
1584503138.660309,173.194.187.70,10.10.0.10,,,443,37473,0,1358,17
1584503138.6647706,173.194.187.70,10.10.0.10,,,443,37473,0,1358,17
1584503138.6663468,10.10.0.10,173.194.187.70,,,37473,443,0,37,17
1584503138.6692195,173.194.187.70,10.10.0.10,,,443,37473,0,1358,17
1584503138.6736732,173.194.187.70,10.10.0.10,,,443,37473,0,1358,17
1584503138.675193,10.10.0.10,173.194.187.70,,,37473,443,0,37,17
1584503138.678129,173.194.187.70,10.10.0.10,,,443,37473,0,1358,17
1584503138.682586,173.194.187.70,10.10.0.10,,,443,37473,0,1358,17
1584503138.6844552,10.10.0.10,173.194.187.70,,,37473,443,0,37,17
1584503138.68704,173.194.187.70,10.10.0.10,,,443,37473,0,1358,17
1584503138.6915002,173.194.187.70,10.10.0.10,,,443,37473,0,1358,17
1584503138.6930974,10.10.0.10,173.194.187.70,,,37473,443,0,37,17
1584503138.6959429,173.194.187.70,10.10.0.10,,,443,37473,0,1358,17
1584503138.700403,173.194.187.70,10.10.0.10,,,443,37473,0,1358,17
1584503138.7022018,10.10.0.10,173.194.187.70,,,37473,443,0,37,17
1584503138.7048721,173.194.187.70,10.10.0.10,,,443,37473,0,1358,17
1584503138.709311,173.194.187.70,10.10.0.10,,,443,37473,0,1358,17
1584503138.7108278,10.10.0.10,173.194.187.70,,,37473,443,0,37,17
1584503138.7137651,173.194.187.70,10.10.0.10,,,443,37473,0,1358,17
1584503138.7182202,173.194.187.70,10.10.0.10,,,443,37473,0,1358,17
1584503138.719826,10.10.0.10,173.194.187.70,,,37473,443,0,37,17
1584503138.722684,173.194.187.70,10.10.0.10,,,443,37473,0,1358,17
1584503138.727129,173.194.187.70,10.10.0.10,,,443,37473,0,1358,17
1584503138.728722,10.10.0.10,173.194.187.70,,,37473,443,0,37,17
1584503138.731583,173.194.187.70,10.10.0.10,,,443,37473,0,1358,17
1584503138.736033,173.194.187.70,10.10.0.10,,,443,37473,0,1358,17
1584503138.737442,10.10.0.10,173.194.187.70,,,37473,443,0,50,17
1584503138.7404974,173.194.187.70,10.10.0.10,,,443,37473,0,1358,17
1584503138.7449481,173.194.187.70,10.10.0.10,,,443,37473,0,1358,17
1584503138.746596,10.10.0.10,173.194.187.70,,,37473,443,0,37,17
1584503138.7494009,173.194.187.70,10.10.0.10,,,443,37473,0,1358,17
1584503138.7538724,173.194.187.70,10.10.0.10,,,443,37473,0,1358,17
1584503138.7558188,10.10.0.10,173.194.187.70,,,37473,443,0,37,17
1584503138.75831,173.194.187.70,10.10.0.10,,,443,37473,0,1358,17
1584503138.7627652,173.194.187.70,10.10.0.10,,,443,37473,0,1358,17
1584503138.7649562,10.10.0.10,173.194.187.70,,,37473,443,0,37,17
1584503138.767217,173.194.187.70,10.10.0.10,,,443,37473,0,1358,17
1584503138.771683,173.194.187.70,10.10.0.10,,,443,37473,0,1358,17
1584503138.774083,10.10.0.10,173.194.187.70,,,37473,443,0,37,17
1584503138.776122,173.194.187.70,10.10.0.10,,,443,37473,0,1358,17
1584503138.7805822,173.194.187.70,10.10.0.10,,,443,37473,0,1358,17
1584503138.782566,10.10.0.10,173.194.187.70,,,37473,443,0,37,17
1584503138.785039,173.194.187.70,10.10.0.10,,,443,37473,0,1358,17
1584503138.7894974,173.194.187.70,10.10.0.10,,,443,37473,0,1358,17
1584503138.7922199,10.10.0.10,173.194.187.70,,,37473,443,0,37,17
1584503138.793947,173.194.187.70,10.10.0.10,,,443,37473,0,1358,17
1584503138.798398,173.194.187.70,10.10.0.10,,,443,37473,0,1358,17
1584503138.7999554,10.10.0.10,173.194.187.70,,,37473,443,0,37,17
1584503138.802868,173.194.187.70,10.10.0.10,,,443,37473,0,1358,17
1584503138.8073068,173.194.187.70,10.10.0.10,,,443,37473,0,1358,17
1584503138.8088439,10.10.0.10,173.194.187.70,,,37473,443,0,37,17
1584503138.8117628,173.194.187.70,10.10.0.10,,,443,37473,0,1358,17
1584503138.816212,173.194.187.70,10.10.0.10,,,443,37473,0,1358,17
1584503138.8178241,10.10.0.10,173.194.187.70,,,37473,443,0,37,17
1584503138.8206804,173.194.187.70,10.10.0.10,,,443,37473,0,1358,17
1584503138.8251288,173.194.187.70,10.10.0.10,,,443,37473,0,1358,17
1584503138.8279262,10.10.0.10,173.194.187.70,,,37473,443,0,37,17
1584503138.829576,173.194.187.70,10.10.0.10,,,443,37473,0,1358,17
1584503138.8340304,173.194.187.70,10.10.0.10,,,443,37473,0,1358,17
1584503138.8355439,10.10.0.10,173.194.187.70,,,37473,443,0,37,17
1584503138.838485,173.194.187.70,10.10.0.10,,,443,37473,0,1358,17
1584503138.84295,173.194.187.70,10.10.0.10,,,443,37473,0,1358,17
1584503138.844407,10.10.0.10,173.194.187.70,,,37473,443,0,37,17
1584503138.847392,173.194.187.70,10.10.0.10,,,443,37473,0,1358,17
1584503138.8518472,173.194.187.70,10.10.0.10,,,443,37473,0,1358,17
1584503138.856299,173.194.187.70,10.10.0.10,,,443,37473,0,1358,17
1584503138.860754,173.194.187.70,10.10.0.10,,,443,37473,0,1358,17
1584503138.865207,173.194.187.70,10.10.0.10,,,443,37473,0,1358,17
1584503138.869664,173.194.187.70,10.10.0.10,,,443,37473,0,1358,17
1584503138.8741171,173.194.187.70,10.10.0.10,,,443,37473,0,1358,17
1584503138.875908,10.10.0.10,173.194.187.70,,,37473,443,0,37,17
1584503138.8769262,10.10.0.10,173.194.187.70,,,37473,443,0,37,17
1584503138.877665,10.10.0.10,173.194.187.70,,,37473,443,0,37,17
1584503138.882646,173.194.187.70,10.10.0.10,,,443,37473,0,1358,17
1584503138.883025,173.194.187.70,10.10.0.10,,,443,37473,0,1358,17
1584503138.884193,10.10.0.10,173.194.187.70,,,37473,443,0,37,17
1584503138.8925085,173.194.187.70,10.10.0.10,,,443,37473,0,1358,17
1584503138.892542,173.194.187.70,10.10.0.10,,,443,37473,0,1358,17
1584503138.8940392,10.10.0.10,173.194.187.70,,,37473,443,0,37,17
1584503138.90112,173.194.187.70,10.10.0.10,,,443,37473,0,1358,17
1584503138.901166,173.194.187.70,10.10.0.10,,,443,37473,0,1358,17
1584503138.9032938,10.10.0.10,173.194.187.70,,,37473,443,0,37,17
1584503138.908304,173.194.187.70,10.10.0.10,,,443,37473,0,1358,17
1584503138.909673,10.10.0.10,173.194.187.70,,,37473,443,0,37,17
1584503138.9097571,173.194.187.70,10.10.0.10,,,443,37473,0,1358,17
1584503138.9189286,173.194.187.70,10.10.0.10,,,443,37473,0,1358,17
1584503138.918956,173.194.187.70,10.10.0.10,,,443,37473,0,1358,17
1584503138.920541,10.10.0.10,173.194.187.70,,,37473,443,0,50,17
1584503138.9242382,173.194.187.70,10.10.0.10,,,443,37473,0,1358,17
1584503138.9256668,10.10.0.10,173.194.187.70,,,37473,443,0,37,17
1584503138.9275742,173.194.187.70,10.10.0.10,,,443,37473,0,1358,17
1584503138.9320366,173.194.187.70,10.10.0.10,,,443,37473,0,29,17
1584503138.932224,173.194.187.70,10.10.0.10,,,443,37473,0,1358,17
1584503138.9346714,10.10.0.10,173.194.187.70,,,37473,443,0,37,17
1584503138.9366894,173.194.187.70,10.10.0.10,,,443,37473,0,1358,17
1584503138.9411368,173.194.187.70,10.10.0.10,,,443,37473,0,1358,17
1584503138.944056,10.10.0.10,173.194.187.70,,,37473,443,0,37,17
1584503138.945592,173.194.187.70,10.10.0.10,,,443,37473,0,1223,17
1584503138.9760716,10.10.0.10,173.194.187.70,,,37473,443,0,37,17
1584503138.9770918,10.10.0.10,173.194.187.70,,,37473,443,0,742,17
1584503138.9774668,10.10.0.10,173.194.187.70,,,37473,443,0,48,17
1584503138.98164,173.194.187.70,10.10.0.10,,,443,37473,0,29,17
1584503138.9818358,173.194.187.70,10.10.0.10,,,443,37473,0,1358,17
1584503138.981872,173.194.187.70,10.10.0.10,,,443,37473,0,1358,17
1584503138.984949,10.10.0.10,173.194.187.70,,,37473,443,0,37,17
1584503138.9856358,173.194.187.70,10.10.0.10,,,443,37473,0,1358,17
1584503138.9901068,173.194.187.70,10.10.0.10,,,443,37473,0,1358,17
1584503138.9944134,10.10.0.10,173.194.187.70,,,37473,443,0,37,17
1584503138.994543,173.194.187.70,10.10.0.10,,,443,37473,0,1358,17
1584503138.996043,10.10.0.10,173.194.187.70,,,37473,443,0,728,17
1584503138.9989958,173.194.187.70,10.10.0.10,,,443,37473,0,1358,17
1584503138.999032,10.10.0.10,173.194.187.70,,,37473,443,0,55,17
1584503139.003452,173.194.187.70,10.10.0.10,,,443,37473,0,1358,17
1584503139.0054429,10.10.0.10,173.194.187.70,,,37473,443,0,37,17
1584503139.007918,173.194.187.70,10.10.0.10,,,443,37473,0,1358,17
1584503139.0123582,173.194.187.70,10.10.0.10,,,443,37473,0,1358,17
1584503139.014296,10.10.0.10,173.194.187.70,,,37473,443,0,37,17
1584503139.01682,173.194.187.70,10.10.0.10,,,443,37473,0,1358,17
1584503139.021284,173.194.187.70,10.10.0.10,,,443,37473,0,1358,17
1584503139.0249634,10.10.0.10,173.194.187.70,,,37473,443,0,37,17
1584503139.025726,173.194.187.70,10.10.0.10,,,443,37473,0,1358,17
1584503139.030201,173.194.187.70,10.10.0.10,,,443,37473,0,1358,17
1584503139.0322132,10.10.0.10,173.194.187.70,,,37473,443,0,37,17
1584503139.0346382,173.194.187.70,10.10.0.10,,,443,37473,0,1358,17
1584503139.0390859,173.194.187.70,10.10.0.10,,,443,37473,0,1358,17
1584503139.040838,10.10.0.10,173.194.187.70,,,37473,443,0,37,17
1584503139.043545,173.194.187.70,10.10.0.10,,,443,37473,0,29,17
1584503139.0437384,173.194.187.70,10.10.0.10,,,443,37473,0,29,17
1584503139.0439448,173.194.187.70,10.10.0.10,,,443,37473,0,1358,17
1584503139.048409,173.194.187.70,10.10.0.10,,,443,37473,0,1358,17
1584503139.050048,10.10.0.10,173.194.187.70,,,37473,443,0,37,17
1584503139.052855,173.194.187.70,10.10.0.10,,,443,37473,0,1358,17
1584503139.0573142,173.194.187.70,10.10.0.10,,,443,37473,0,1358,17
1584503139.060169,10.10.0.10,173.194.187.70,,,37473,443,0,37,17
1584503139.061768,173.194.187.70,10.10.0.10,,,443,37473,0,1358,17
1584503139.0662365,173.194.187.70,10.10.0.10,,,443,37473,0,1358,17
1584503139.0682971,10.10.0.10,173.194.187.70,,,37473,443,0,37,17
1584503139.070678,173.194.187.70,10.10.0.10,,,443,37473,0,1358,17
1584503139.0751252,173.194.187.70,10.10.0.10,,,443,37473,0,1358,17
1584503139.076942,10.10.0.10,173.194.187.70,,,37473,443,0,37,17
1584503139.079583,173.194.187.70,10.10.0.10,,,443,37473,0,1358,17
1584503139.084034,173.194.187.70,10.10.0.10,,,443,37473,0,1358,17
1584503139.0855849,10.10.0.10,173.194.187.70,,,37473,443,0,37,17
1584503139.088495,173.194.187.70,10.10.0.10,,,443,37473,0,1358,17
1584503139.092954,173.194.187.70,10.10.0.10,,,443,37473,0,1358,17
1584503139.0946918,10.10.0.10,173.194.187.70,,,37473,443,0,37,17
1584503139.0974028,173.194.187.70,10.10.0.10,,,443,37473,0,1358,17
1584503139.1018622,173.194.187.70,10.10.0.10,,,443,37473,0,1358,17
1584503139.1035652,10.10.0.10,173.194.187.70,,,37473,443,0,37,17
1584503139.106313,173.194.187.70,10.10.0.10,,,443,37473,0,1358,17
1584503139.110769,173.194.187.70,10.10.0.10,,,443,37473,0,1358,17
1584503139.1124618,10.10.0.10,173.194.187.70,,,37473,443,0,37,17
1584503139.115234,173.194.187.70,10.10.0.10,,,443,37473,0,1358,17
1584503139.119678,173.194.187.70,10.10.0.10,,,443,37473,0,1358,17
1584503139.121189,10.10.0.10,173.194.187.70,,,37473,443,0,37,17
1584503139.124124,173.194.187.70,10.10.0.10,,,443,37473,0,1358,17
1584503139.128583,173.194.187.70,10.10.0.10,,,443,37473,0,1358,17
1584503139.130091,10.10.0.10,173.194.187.70,,,37473,443,0,37,17
1584503139.1330464,173.194.187.70,10.10.0.10,,,443,37473,0,1358,17
1584503139.137492,173.194.187.70,10.10.0.10,,,443,37473,0,1358,17
1584503139.139064,10.10.0.10,173.194.187.70,,,37473,443,0,37,17
1584503139.1419468,173.194.187.70,10.10.0.10,,,443,37473,0,1358,17
1584503139.146399,173.194.187.70,10.10.0.10,,,443,37473,0,1358,17
1584503139.147813,10.10.0.10,173.194.187.70,,,37473,443,0,37,17
1584503139.150861,173.194.187.70,10.10.0.10,,,443,37473,0,1358,17
1584503139.1553092,173.194.187.70,10.10.0.10,,,443,37473,0,1358,17
1584503139.157341,10.10.0.10,173.194.187.70,,,37473,443,0,37,17
1584503139.1597679,173.194.187.70,10.10.0.10,,,443,37473,0,1358,17
1584503139.1642132,173.194.187.70,10.10.0.10,,,443,37473,0,1358,17
1584503139.1659632,10.10.0.10,173.194.187.70,,,37473,443,0,37,17
1584503139.168673,173.194.187.70,10.10.0.10,,,443,37473,0,1358,17
1584503139.1731286,173.194.187.70,10.10.0.10,,,443,37473,0,1358,17
1584503139.174562,10.10.0.10,173.194.187.70,,,37473,443,0,50,17
1584503139.17758,173.194.187.70,10.10.0.10,,,443,37473,0,1358,17
1584503139.1820462,173.194.187.70,10.10.0.10,,,443,37473,0,1358,17
1584503139.183582,10.10.0.10,173.194.187.70,,,37473,443,0,37,17
1584503139.1864922,173.194.187.70,10.10.0.10,,,443,37473,0,1358,17
1584503139.190945,173.194.187.70,10.10.0.10,,,443,37473,0,1358,17
1584503139.192814,10.10.0.10,173.194.187.70,,,37473,443,0,37,17
1584503139.195399,173.194.187.70,10.10.0.10,,,443,37473,0,1358,17
1584503139.199861,173.194.187.70,10.10.0.10,,,443,37473,0,1358,17
1584503139.201708,10.10.0.10,173.194.187.70,,,37473,443,0,37,17
1584503139.204304,173.194.187.70,10.10.0.10,,,443,37473,0,1358,17
1584503139.208765,173.194.187.70,10.10.0.10,,,443,37473,0,1358,17
1584503139.213231,173.194.187.70,10.10.0.10,,,443,37473,0,1358,17
1584503139.214332,10.10.0.10,173.194.187.70,,,37473,443,0,37,17
1584503139.21767,173.194.187.70,10.10.0.10,,,443,37473,0,1358,17
1584503139.219566,10.10.0.10,173.194.187.70,,,37473,443,0,37,17
1584503139.222125,173.194.187.70,10.10.0.10,,,443,37473,0,1358,17
1584503139.2265801,173.194.187.70,10.10.0.10,,,443,37473,0,1358,17
1584503139.229831,10.10.0.10,173.194.187.70,,,37473,443,0,37,17
1584503139.2310438,173.194.187.70,10.10.0.10,,,443,37473,0,1358,17
1584503139.235484,173.194.187.70,10.10.0.10,,,443,37473,0,1358,17
1584503139.237207,10.10.0.10,173.194.187.70,,,37473,443,0,37,17
1584503139.239939,173.194.187.70,10.10.0.10,,,443,37473,0,1358,17
1584503139.244403,173.194.187.70,10.10.0.10,,,443,37473,0,1358,17
1584503139.246187,10.10.0.10,173.194.187.70,,,37473,443,0,37,17
1584503139.248859,173.194.187.70,10.10.0.10,,,443,37473,0,1358,17
1584503139.2533052,173.194.187.70,10.10.0.10,,,443,37473,0,1358,17
1584503139.2546852,10.10.0.10,173.194.187.70,,,37473,443,0,37,17
1584503139.257761,173.194.187.70,10.10.0.10,,,443,37473,0,1358,17
1584503139.2622302,173.194.187.70,10.10.0.10,,,443,37473,0,1358,17
1584503139.2640605,10.10.0.10,173.194.187.70,,,37473,443,0,37,17
1584503139.26667,173.194.187.70,10.10.0.10,,,443,37473,0,1358,17
1584503139.271125,173.194.187.70,10.10.0.10,,,443,37473,0,1358,17
1584503139.27333,10.10.0.10,173.194.187.70,,,37473,443,0,37,17
1584503139.275577,173.194.187.70,10.10.0.10,,,443,37473,0,1358,17
1584503139.2800279,173.194.187.70,10.10.0.10,,,443,37473,0,1358,17
1584503139.2814536,10.10.0.10,173.194.187.70,,,37473,443,0,37,17
1584503139.28449,173.194.187.70,10.10.0.10,,,443,37473,0,1358,17
1584503139.2889402,173.194.187.70,10.10.0.10,,,443,37473,0,1358,17
1584503139.290809,10.10.0.10,173.194.187.70,,,37473,443,0,37,17
1584503139.2933958,173.194.187.70,10.10.0.10,,,443,37473,0,1358,17
1584503139.297857,173.194.187.70,10.10.0.10,,,443,37473,0,1358,17
1584503139.299453,10.10.0.10,173.194.187.70,,,37473,443,0,37,17
1584503139.3023038,173.194.187.70,10.10.0.10,,,443,37473,0,1358,17
1584503139.3067582,173.194.187.70,10.10.0.10,,,443,37473,0,1358,17
1584503139.308311,10.10.0.10,173.194.187.70,,,37473,443,0,37,17
1584503139.311233,173.194.187.70,10.10.0.10,,,443,37473,0,1358,17
1584503139.315667,173.194.187.70,10.10.0.10,,,443,37473,0,1358,17
1584503139.317703,10.10.0.10,173.194.187.70,,,37473,443,0,37,17
1584503139.3201172,173.194.187.70,10.10.0.10,,,443,37473,0,1358,17
1584503139.324575,173.194.187.70,10.10.0.10,,,443,37473,0,1358,17
1584503139.32608,10.10.0.10,173.194.187.70,,,37473,443,0,37,17
1584503139.329041,173.194.187.70,10.10.0.10,,,443,37473,0,1358,17
1584503139.3334868,173.194.187.70,10.10.0.10,,,443,37473,0,1358,17
1584503139.3351884,10.10.0.10,173.194.187.70,,,37473,443,0,37,17
1584503139.337944,173.194.187.70,10.10.0.10,,,443,37473,0,1358,17
1584503139.342393,173.194.187.70,10.10.0.10,,,443,37473,0,1358,17
1584503139.344306,10.10.0.10,173.194.187.70,,,37473,443,0,37,17
1584503139.3468552,173.194.187.70,10.10.0.10,,,443,37473,0,1358,17
1584503139.351306,173.194.187.70,10.10.0.10,,,443,37473,0,1358,17
1584503139.3529599,10.10.0.10,173.194.187.70,,,37473,443,0,50,17
1584503139.3557582,173.194.187.70,10.10.0.10,,,443,37473,0,1358,17
1584503139.360213,173.194.187.70,10.10.0.10,,,443,37473,0,1358,17
1584503139.361683,10.10.0.10,173.194.187.70,,,37473,443,0,37,17
1584503139.364666,173.194.187.70,10.10.0.10,,,443,37473,0,1358,17
1584503139.36912,173.194.187.70,10.10.0.10,,,443,37473,0,1358,17
1584503139.370557,10.10.0.10,173.194.187.70,,,37473,443,0,37,17
1584503139.373576,173.194.187.70,10.10.0.10,,,443,37473,0,1358,17
1584503139.37804,173.194.187.70,10.10.0.10,,,443,37473,0,1358,17
1584503139.379576,10.10.0.10,173.194.187.70,,,37473,443,0,37,17
1584503139.382484,173.194.187.70,10.10.0.10,,,443,37473,0,1358,17
1584503139.3869429,173.194.187.70,10.10.0.10,,,443,37473,0,1358,17
1584503139.3886821,10.10.0.10,173.194.187.70,,,37473,443,0,37,17
1584503139.391394,173.194.187.70,10.10.0.10,,,443,37473,0,1358,17
1584503139.3958552,173.194.187.70,10.10.0.10,,,443,37473,0,1358,17
1584503139.397684,10.10.0.10,173.194.187.70,,,37473,443,0,37,17
1584503139.400298,173.194.187.70,10.10.0.10,,,443,37473,0,1358,17
1584503139.404758,173.194.187.70,10.10.0.10,,,443,37473,0,1358,17
1584503139.4065561,10.10.0.10,173.194.187.70,,,37473,443,0,37,17
1584503139.409226,173.194.187.70,10.10.0.10,,,443,37473,0,1358,17
1584503139.413664,173.194.187.70,10.10.0.10,,,443,37473,0,1358,17
1584503139.415558,10.10.0.10,173.194.187.70,,,37473,443,0,37,17
1584503139.418119,173.194.187.70,10.10.0.10,,,443,37473,0,1358,17
1584503139.422574,173.194.187.70,10.10.0.10,,,443,37473,0,1358,17
1584503139.424054,10.10.0.10,173.194.187.70,,,37473,443,0,37,17
1584503139.427044,173.194.187.70,10.10.0.10,,,443,37473,0,1358,17
1584503139.431488,173.194.187.70,10.10.0.10,,,443,37473,0,1358,17
1584503139.434828,10.10.0.10,173.194.187.70,,,37473,443,0,37,17
1584503139.4359398,173.194.187.70,10.10.0.10,,,443,37473,0,1358,17
1584503139.4403892,173.194.187.70,10.10.0.10,,,443,37473,0,1358,17
1584503139.441936,10.10.0.10,173.194.187.70,,,37473,443,0,37,17
1584503139.4448519,173.194.187.70,10.10.0.10,,,443,37473,0,1358,17
1584503139.4492989,173.194.187.70,10.10.0.10,,,443,37473,0,1358,17
1584503139.4508052,10.10.0.10,173.194.187.70,,,37473,443,0,37,17
1584503139.453754,173.194.187.70,10.10.0.10,,,443,37473,0,1358,17
1584503139.458224,173.194.187.70,10.10.0.10,,,443,37473,0,1358,17
1584503139.4598026,10.10.0.10,173.194.187.70,,,37473,443,0,37,17
1584503139.4626632,173.194.187.70,10.10.0.10,,,443,37473,0,1358,17
1584503139.467113,173.194.187.70,10.10.0.10,,,443,37473,0,1358,17
1584503139.468951,10.10.0.10,173.194.187.70,,,37473,443,0,37,17
1584503139.471576,173.194.187.70,10.10.0.10,,,443,37473,0,1358,17
1584503139.476021,173.194.187.70,10.10.0.10,,,443,37473,0,1358,17
1584503139.477419,10.10.0.10,173.194.187.70,,,37473,443,0,37,17
1584503139.4804828,173.194.187.70,10.10.0.10,,,443,37473,0,1358,17
1584503139.484936,173.194.187.70,10.10.0.10,,,443,37473,0,1358,17
1584503139.4866989,10.10.0.10,173.194.187.70,,,37473,443,0,37,17
1584503139.4893901,173.194.187.70,10.10.0.10,,,443,37473,0,1358,17
1584503139.493851,173.194.187.70,10.10.0.10,,,443,37473,0,1358,17
1584503139.4954429,10.10.0.10,173.194.187.70,,,37473,443,0,37,17
1584503139.498298,173.194.187.70,10.10.0.10,,,443,37473,0,1358,17
1584503139.5027509,173.194.187.70,10.10.0.10,,,443,37473,0,1358,17
1584503139.5042,10.10.0.10,173.194.187.70,,,37473,443,0,37,17
1584503139.507206,173.194.187.70,10.10.0.10,,,443,37473,0,1358,17
1584503139.511661,173.194.187.70,10.10.0.10,,,443,37473,0,1358,17
1584503139.513304,10.10.0.10,173.194.187.70,,,37473,443,0,37,17
1584503139.5161116,173.194.187.70,10.10.0.10,,,443,37473,0,1358,17
1584503139.5205722,173.194.187.70,10.10.0.10,,,443,37473,0,1358,17
1584503139.5223222,10.10.0.10,173.194.187.70,,,37473,443,0,37,17
1584503139.525025,173.194.187.70,10.10.0.10,,,443,37473,0,1358,17
1584503139.529474,173.194.187.70,10.10.0.10,,,443,37473,0,1358,17
1584503139.531322,10.10.0.10,173.194.187.70,,,37473,443,0,50,17
1584503139.5339339,173.194.187.70,10.10.0.10,,,443,37473,0,1358,17
1584503139.538392,173.194.187.70,10.10.0.10,,,443,37473,0,1358,17
1584503139.540303,10.10.0.10,173.194.187.70,,,37473,443,0,37,17
1584503139.542849,173.194.187.70,10.10.0.10,,,443,37473,0,1358,17
1584503139.547296,173.194.187.70,10.10.0.10,,,443,37473,0,1358,17
1584503139.549552,10.10.0.10,173.194.187.70,,,37473,443,0,37,17
1584503139.5517461,173.194.187.70,10.10.0.10,,,443,37473,0,1358,17
1584503139.556208,173.194.187.70,10.10.0.10,,,443,37473,0,29,17
1584503139.5563982,173.194.187.70,10.10.0.10,,,443,37473,0,1358,17
1584503139.5580518,10.10.0.10,173.194.187.70,,,37473,443,0,37,17
1584503139.5608618,173.194.187.70,10.10.0.10,,,443,37473,0,1358,17
1584503139.5653155,173.194.187.70,10.10.0.10,,,443,37473,0,1358,17
1584503139.5671961,10.10.0.10,173.194.187.70,,,37473,443,0,37,17
1584503139.5697699,173.194.187.70,10.10.0.10,,,443,37473,0,1358,17
1584503139.574224,173.194.187.70,10.10.0.10,,,443,37473,0,1358,17
1584503139.5761962,10.10.0.10,173.194.187.70,,,37473,443,0,37,17
1584503139.5786786,173.194.187.70,10.10.0.10,,,443,37473,0,1358,17
1584503139.5831332,173.194.187.70,10.10.0.10,,,443,37473,0,1358,17
1584503139.5846784,10.10.0.10,173.194.187.70,,,37473,443,0,37,17
1584503139.587599,173.194.187.70,10.10.0.10,,,443,37473,0,1358,17
1584503139.5920372,173.194.187.70,10.10.0.10,,,443,37473,0,1358,17
1584503139.59356,10.10.0.10,173.194.187.70,,,37473,443,0,37,17
1584503139.596498,173.194.187.70,10.10.0.10,,,443,37473,0,1358,17
1584503139.600971,173.194.187.70,10.10.0.10,,,443,37473,0,1358,17
1584503139.602694,10.10.0.10,173.194.187.70,,,37473,443,0,37,17
1584503139.605408,173.194.187.70,10.10.0.10,,,443,37473,0,1358,17
1584503139.609864,173.194.187.70,10.10.0.10,,,443,37473,0,1358,17
1584503139.611416,10.10.0.10,173.194.187.70,,,37473,443,0,37,17
1584503139.61431,173.194.187.70,10.10.0.10,,,443,37473,0,1358,17
1584503139.6187642,173.194.187.70,10.10.0.10,,,443,37473,0,1358,17
1584503139.6202989,10.10.0.10,173.194.187.70,,,37473,443,0,37,17
1584503139.623222,173.194.187.70,10.10.0.10,,,443,37473,0,1358,17
1584503139.6276786,173.194.187.70,10.10.0.10,,,443,37473,0,1358,17
1584503139.6296964,10.10.0.10,173.194.187.70,,,37473,443,0,37,17
1584503139.632127,173.194.187.70,10.10.0.10,,,443,37473,0,1358,17
1584503139.6365972,173.194.187.70,10.10.0.10,,,443,37473,0,1358,17
1584503139.639693,10.10.0.10,173.194.187.70,,,37473,443,0,37,17
1584503139.641041,173.194.187.70,10.10.0.10,,,443,37473,0,1358,17
1584503139.6454964,173.194.187.70,10.10.0.10,,,443,37473,0,1358,17
1584503139.6473155,10.10.0.10,173.194.187.70,,,37473,443,0,37,17
1584503139.6499438,173.194.187.70,10.10.0.10,,,443,37473,0,1358,17
1584503139.654407,173.194.187.70,10.10.0.10,,,443,37473,0,1358,17
1584503139.656182,10.10.0.10,173.194.187.70,,,37473,443,0,37,17
1584503139.6588528,173.194.187.70,10.10.0.10,,,443,37473,0,1358,17
1584503139.663314,173.194.187.70,10.10.0.10,,,443,37473,0,1358,17
1584503139.666425,10.10.0.10,173.194.187.70,,,37473,443,0,37,17
1584503139.667782,173.194.187.70,10.10.0.10,,,443,37473,0,1358,17
1584503139.672217,173.194.187.70,10.10.0.10,,,443,37473,0,1358,17
1584503139.6745481,10.10.0.10,173.194.187.70,,,37473,443,0,37,17
1584503139.6766758,173.194.187.70,10.10.0.10,,,443,37473,0,1358,17
1584503139.681135,173.194.187.70,10.10.0.10,,,443,37473,0,1358,17
1584503139.682801,10.10.0.10,173.194.187.70,,,37473,443,0,37,17
1584503139.6855788,173.194.187.70,10.10.0.10,,,443,37473,0,1358,17
1584503139.69004,173.194.187.70,10.10.0.10,,,443,37473,0,1358,17
1584503139.692423,10.10.0.10,173.194.187.70,,,37473,443,0,37,17
1584503139.694493,173.194.187.70,10.10.0.10,,,443,37473,0,1358,17
1584503139.698966,173.194.187.70,10.10.0.10,,,443,37473,0,1358,17
1584503139.700541,10.10.0.10,173.194.187.70,,,37473,443,0,37,17
1584503139.7034054,173.194.187.70,10.10.0.10,,,443,37473,0,1358,17
1584503139.707856,173.194.187.70,10.10.0.10,,,443,37473,0,1358,17
1584503139.709314,10.10.0.10,173.194.187.70,,,37473,443,0,50,17
1584503139.712307,173.194.187.70,10.10.0.10,,,443,37473,0,1358,17
1584503139.7167802,173.194.187.70,10.10.0.10,,,443,37473,0,1358,17
1584503139.718172,10.10.0.10,173.194.187.70,,,37473,443,0,37,17
1584503139.7212198,173.194.187.70,10.10.0.10,,,443,37473,0,1358,17
1584503139.7256749,173.194.187.70,10.10.0.10,,,443,37473,0,1358,17
1584503139.7273052,10.10.0.10,173.194.187.70,,,37473,443,0,37,17
1584503139.7301302,173.194.187.70,10.10.0.10,,,443,37473,0,1358,17
1584503139.734578,173.194.187.70,10.10.0.10,,,443,37473,0,1358,17
1584503139.7375069,10.10.0.10,173.194.187.70,,,37473,443,0,37,17
1584503139.739039,173.194.187.70,10.10.0.10,,,443,37473,0,1358,17
1584503139.743493,173.194.187.70,10.10.0.10,,,443,37473,0,1358,17
1584503139.7454221,10.10.0.10,173.194.187.70,,,37473,443,0,37,17
1584503139.747954,173.194.187.70,10.10.0.10,,,443,37473,0,1358,17
1584503139.7524035,173.194.187.70,10.10.0.10,,,443,37473,0,1358,17
1584503139.754194,10.10.0.10,173.194.187.70,,,37473,443,0,37,17
1584503139.756856,173.194.187.70,10.10.0.10,,,443,37473,0,1358,17
1584503139.7613099,173.194.187.70,10.10.0.10,,,443,37473,0,1358,17
1584503139.7629402,10.10.0.10,173.194.187.70,,,37473,443,0,37,17
1584503139.7657788,173.194.187.70,10.10.0.10,,,443,37473,0,1358,17
1584503139.7702198,173.194.187.70,10.10.0.10,,,443,37473,0,1358,17
1584503139.772325,10.10.0.10,173.194.187.70,,,37473,443,0,37,17
1584503139.774674,173.194.187.70,10.10.0.10,,,443,37473,0,1358,17
1584503139.7791288,173.194.187.70,10.10.0.10,,,443,37473,0,1358,17
1584503139.781054,10.10.0.10,173.194.187.70,,,37473,443,0,37,17
1584503139.783594,173.194.187.70,10.10.0.10,,,443,37473,0,1358,17
1584503139.788031,173.194.187.70,10.10.0.10,,,443,37473,0,1358,17
1584503139.789912,10.10.0.10,173.194.187.70,,,37473,443,0,37,17
1584503139.792489,173.194.187.70,10.10.0.10,,,443,37473,0,1358,17
1584503139.7969651,173.194.187.70,10.10.0.10,,,443,37473,0,1358,17
1584503139.799319,10.10.0.10,173.194.187.70,,,37473,443,0,37,17
1584503139.8014019,173.194.187.70,10.10.0.10,,,443,37473,0,1358,17
1584503139.8058536,173.194.187.70,10.10.0.10,,,443,37473,0,1358,17
1584503139.8079119,10.10.0.10,173.194.187.70,,,37473,443,0,37,17
1584503139.810312,173.194.187.70,10.10.0.10,,,443,37473,0,1358,17
1584503139.814776,173.194.187.70,10.10.0.10,,,443,37473,0,1358,17
1584503139.816545,10.10.0.10,173.194.187.70,,,37473,443,0,37,17
1584503139.819226,173.194.187.70,10.10.0.10,,,443,37473,0,1358,17
1584503139.8237972,173.194.187.70,10.10.0.10,,,443,37473,0,1358,17
1584503139.8256724,10.10.0.10,173.194.187.70,,,37473,443,0,37,17
1584503139.828265,173.194.187.70,10.10.0.10,,,443,37473,0,1358,17
1584503139.8327162,173.194.187.70,10.10.0.10,,,443,37473,0,1358,17
1584503139.8344429,10.10.0.10,173.194.187.70,,,37473,443,0,37,17
1584503139.837167,173.194.187.70,10.10.0.10,,,443,37473,0,1358,17
1584503139.8416188,173.194.187.70,10.10.0.10,,,443,37473,0,1358,17
1584503139.84427,10.10.0.10,173.194.187.70,,,37473,443,0,37,17
1584503139.8460732,173.194.187.70,10.10.0.10,,,443,37473,0,1358,17
1584503139.850527,173.194.187.70,10.10.0.10,,,443,37473,0,1358,17
1584503139.8524,10.10.0.10,173.194.187.70,,,37473,443,0,37,17
1584503139.8549798,173.194.187.70,10.10.0.10,,,443,37473,0,1358,17
1584503139.859448,173.194.187.70,10.10.0.10,,,443,37473,0,1358,17
1584503139.861438,10.10.0.10,173.194.187.70,,,37473,443,0,37,17
1584503139.863889,173.194.187.70,10.10.0.10,,,443,37473,0,1358,17
1584503139.868345,173.194.187.70,10.10.0.10,,,443,37473,0,1358,17
1584503139.8698866,10.10.0.10,173.194.187.70,,,37473,443,0,37,17
1584503139.8727992,173.194.187.70,10.10.0.10,,,443,37473,0,1358,17
1584503139.8772519,173.194.187.70,10.10.0.10,,,443,37473,0,1358,17
1584503139.8787751,10.10.0.10,173.194.187.70,,,37473,443,0,37,17
1584503139.881706,173.194.187.70,10.10.0.10,,,443,37473,0,1358,17
1584503139.88616,173.194.187.70,10.10.0.10,,,443,37473,0,1358,17
1584503139.8878946,10.10.0.10,173.194.187.70,,,37473,443,0,50,17
1584503139.890616,173.194.187.70,10.10.0.10,,,443,37473,0,1358,17
1584503139.8950698,173.194.187.70,10.10.0.10,,,443,37473,0,1358,17
1584503139.8966901,10.10.0.10,173.194.187.70,,,37473,443,0,37,17
1584503139.8995302,173.194.187.70,10.10.0.10,,,443,37473,0,1358,17
1584503139.9039805,173.194.187.70,10.10.0.10,,,443,37473,0,1358,17
1584503139.906567,10.10.0.10,173.194.187.70,,,37473,443,0,37,17
1584503139.9084532,173.194.187.70,10.10.0.10,,,443,37473,0,1358,17
1584503139.912892,173.194.187.70,10.10.0.10,,,443,37473,0,29,17
1584503139.913088,173.194.187.70,10.10.0.10,,,443,37473,0,1358,17
1584503139.914903,10.10.0.10,173.194.187.70,,,37473,443,0,37,17
1584503139.9175491,173.194.187.70,10.10.0.10,,,443,37473,0,1358,17
1584503139.921999,173.194.187.70,10.10.0.10,,,443,37473,0,1358,17
1584503139.9242682,10.10.0.10,173.194.187.70,,,37473,443,0,37,17
1584503139.9264538,173.194.187.70,10.10.0.10,,,443,37473,0,1358,17
1584503139.9309056,173.194.187.70,10.10.0.10,,,443,37473,0,1358,17
1584503139.9336581,10.10.0.10,173.194.187.70,,,37473,443,0,37,17
1584503139.935359,173.194.187.70,10.10.0.10,,,443,37473,0,1358,17
1584503139.939815,173.194.187.70,10.10.0.10,,,443,37473,0,1358,17
1584503139.942543,10.10.0.10,173.194.187.70,,,37473,443,0,37,17
1584503139.944271,173.194.187.70,10.10.0.10,,,443,37473,0,1358,17
1584503139.9487321,173.194.187.70,10.10.0.10,,,443,37473,0,1358,17
1584503139.950691,10.10.0.10,173.194.187.70,,,37473,443,0,37,17
1584503139.953183,173.194.187.70,10.10.0.10,,,443,37473,0,1358,17
1584503139.95765,173.194.187.70,10.10.0.10,,,443,37473,0,1358,17
1584503139.959439,10.10.0.10,173.194.187.70,,,37473,443,0,37,17
1584503139.962095,173.194.187.70,10.10.0.10,,,443,37473,0,1358,17
1584503139.9665475,173.194.187.70,10.10.0.10,,,443,37473,0,1358,17
1584503139.96891,10.10.0.10,173.194.187.70,,,37473,443,0,37,17
1584503139.970999,173.194.187.70,10.10.0.10,,,443,37473,0,1358,17
1584503139.9754536,173.194.187.70,10.10.0.10,,,443,37473,0,1358,17
1584503139.977185,10.10.0.10,173.194.187.70,,,37473,443,0,37,17
1584503139.979916,173.194.187.70,10.10.0.10,,,443,37473,0,1358,17
1584503139.984361,173.194.187.70,10.10.0.10,,,443,37473,0,1358,17
1584503139.9868786,10.10.0.10,173.194.187.70,,,37473,443,0,37,17
1584503139.988822,173.194.187.70,10.10.0.10,,,443,37473,0,1358,17
1584503139.993273,173.194.187.70,10.10.0.10,,,443,37473,0,1358,17
1584503139.9948142,10.10.0.10,173.194.187.70,,,37473,443,0,37,17
1584503139.99773,173.194.187.70,10.10.0.10,,,443,37473,0,1358,17
1584503140.002182,173.194.187.70,10.10.0.10,,,443,37473,0,1358,17
1584503140.00367,10.10.0.10,173.194.187.70,,,37473,443,0,37,17
1584503140.006648,173.194.187.70,10.10.0.10,,,443,37473,0,1358,17
1584503140.0110898,173.194.187.70,10.10.0.10,,,443,37473,0,1358,17
1584503140.0125148,10.10.0.10,173.194.187.70,,,37473,443,0,37,17
1584503140.0155401,173.194.187.70,10.10.0.10,,,443,37473,0,1358,17
1584503140.0199964,173.194.187.70,10.10.0.10,,,443,37473,0,1358,17
1584503140.02151,10.10.0.10,173.194.187.70,,,37473,443,0,37,17
1584503140.0244489,173.194.187.70,10.10.0.10,,,443,37473,0,1358,17
1584503140.028903,173.194.187.70,10.10.0.10,,,443,37473,0,1358,17
1584503140.030659,10.10.0.10,173.194.187.70,,,37473,443,0,37,17
1584503140.0333571,173.194.187.70,10.10.0.10,,,443,37473,0,1358,17
1584503140.037818,173.194.187.70,10.10.0.10,,,443,37473,0,1358,17
1584503140.04001,10.10.0.10,173.194.187.70,,,37473,443,0,37,17
1584503140.0422661,173.194.187.70,10.10.0.10,,,443,37473,0,1358,17
1584503140.046725,173.194.187.70,10.10.0.10,,,443,37473,0,1358,17
1584503140.050036,10.10.0.10,173.194.187.70,,,37473,443,0,37,17
1584503140.0511718,173.194.187.70,10.10.0.10,,,443,37473,0,1358,17
1584503140.0556312,173.194.187.70,10.10.0.10,,,443,37473,0,1358,17
1584503140.057496,10.10.0.10,173.194.187.70,,,37473,443,0,37,17
1584503140.0600839,173.194.187.70,10.10.0.10,,,443,37473,0,1358,17
1584503140.064543,173.194.187.70,10.10.0.10,,,443,37473,0,1358,17
1584503140.066129,10.10.0.10,173.194.187.70,,,37473,443,0,50,17
1584503140.0689962,173.194.187.70,10.10.0.10,,,443,37473,0,1358,17
1584503140.073447,173.194.187.70,10.10.0.10,,,443,37473,0,1358,17
1584503140.0762508,10.10.0.10,173.194.187.70,,,37473,443,0,37,17
1584503140.077903,173.194.187.70,10.10.0.10,,,443,37473,0,1358,17
1584503140.082366,173.194.187.70,10.10.0.10,,,443,37473,0,1358,17
1584503140.084134,10.10.0.10,173.194.187.70,,,37473,443,0,37,17
1584503140.0868099,173.194.187.70,10.10.0.10,,,443,37473,0,1358,17
1584503140.0912602,173.194.187.70,10.10.0.10,,,443,37473,0,1358,17
1584503140.093287,10.10.0.10,173.194.187.70,,,37473,443,0,37,17
1584503140.095718,173.194.187.70,10.10.0.10,,,443,37473,0,1358,17
1584503140.1001706,173.194.187.70,10.10.0.10,,,443,37473,0,1358,17
1584503140.1016688,10.10.0.10,173.194.187.70,,,37473,443,0,37,17
1584503140.104631,173.194.187.70,10.10.0.10,,,443,37473,0,1358,17
1584503140.109086,173.194.187.70,10.10.0.10,,,443,37473,0,1358,17
1584503140.111056,10.10.0.10,173.194.187.70,,,37473,443,0,37,17
1584503140.113544,173.194.187.70,10.10.0.10,,,443,37473,0,1358,17
1584503140.1179972,173.194.187.70,10.10.0.10,,,443,37473,0,1358,17
1584503140.1196802,10.10.0.10,173.194.187.70,,,37473,443,0,37,17
1584503140.122447,173.194.187.70,10.10.0.10,,,443,37473,0,1358,17
1584503140.12691,173.194.187.70,10.10.0.10,,,443,37473,0,1358,17
1584503140.13136,173.194.187.70,10.10.0.10,,,443,37473,0,1358,17
1584503140.1358292,173.194.187.70,10.10.0.10,,,443,37473,0,1358,17
1584503140.140264,173.194.187.70,10.10.0.10,,,443,37473,0,1358,17
1584503140.144726,173.194.187.70,10.10.0.10,,,443,37473,0,1358,17
1584503140.149176,173.194.187.70,10.10.0.10,,,443,37473,0,1358,17
1584503140.155433,10.10.0.10,173.194.187.70,,,37473,443,0,37,17
1584503140.1594286,10.10.0.10,173.194.187.70,,,37473,443,0,37,17
1584503140.159886,10.10.0.10,173.194.187.70,,,37473,443,0,37,17
1584503140.1605332,173.194.187.70,10.10.0.10,,,443,37473,0,1358,17
1584503140.162534,10.10.0.10,173.194.187.70,,,37473,443,0,37,17
1584503140.1652439,173.194.187.70,10.10.0.10,,,443,37473,0,1358,17
1584503140.1652794,173.194.187.70,10.10.0.10,,,443,37473,0,1358,17
1584503140.16968,10.10.0.10,173.194.187.70,,,37473,443,0,37,17
1584503140.174852,173.194.187.70,10.10.0.10,,,443,37473,0,1358,17
1584503140.1748881,173.194.187.70,10.10.0.10,,,443,37473,0,1358,17
1584503140.178649,173.194.187.70,10.10.0.10,,,443,37473,0,1358,17
1584503140.1804285,10.10.0.10,173.194.187.70,,,37473,443,0,37,17
1584503140.1831071,173.194.187.70,10.10.0.10,,,443,37473,0,1358,17
1584503140.184783,10.10.0.10,173.194.187.70,,,37473,443,0,37,17
1584503140.187578,173.194.187.70,10.10.0.10,,,443,37473,0,1358,17
1584503140.192008,173.194.187.70,10.10.0.10,,,443,37473,0,1358,17
1584503140.1935544,10.10.0.10,173.194.187.70,,,37473,443,0,37,17
1584503140.196466,173.194.187.70,10.10.0.10,,,443,37473,0,1358,17
1584503140.200922,173.194.187.70,10.10.0.10,,,443,37473,0,1358,17
1584503140.202658,10.10.0.10,173.194.187.70,,,37473,443,0,37,17
1584503140.20539,173.194.187.70,10.10.0.10,,,443,37473,0,1358,17
1584503140.209831,173.194.187.70,10.10.0.10,,,443,37473,0,1358,17
1584503140.211534,10.10.0.10,173.194.187.70,,,37473,443,0,37,17
1584503140.2142851,173.194.187.70,10.10.0.10,,,443,37473,0,1358,17
1584503140.2187386,173.194.187.70,10.10.0.10,,,443,37473,0,1358,17
1584503140.2203062,10.10.0.10,173.194.187.70,,,37473,443,0,37,17
1584503140.223205,173.194.187.70,10.10.0.10,,,443,37473,0,1358,17
1584503140.227648,173.194.187.70,10.10.0.10,,,443,37473,0,447,17
1584503140.2292054,173.194.187.70,10.10.0.10,,,443,37473,0,1358,17
1584503140.229408,10.10.0.10,173.194.187.70,,,37473,443,0,37,17
1584503140.233648,173.194.187.70,10.10.0.10,,,443,37473,0,1358,17
1584503140.2359092,10.10.0.10,173.194.187.70,,,37473,443,0,37,17
1584503140.238097,173.194.187.70,10.10.0.10,,,443,37473,0,1358,17
1584503140.2425618,173.194.187.70,10.10.0.10,,,443,37473,0,1358,17
1584503140.24416,10.10.0.10,173.194.187.70,,,37473,443,0,50,17
1584503140.247014,173.194.187.70,10.10.0.10,,,443,37473,0,1358,17
1584503140.251462,173.194.187.70,10.10.0.10,,,443,37473,0,1358,17
1584503140.254304,10.10.0.10,173.194.187.70,,,37473,443,0,37,17
1584503140.255914,173.194.187.70,10.10.0.10,,,443,37473,0,1358,17
1584503140.260374,173.194.187.70,10.10.0.10,,,443,37473,0,1358,17
1584503140.262281,10.10.0.10,173.194.187.70,,,37473,443,0,37,17
1584503140.2648294,173.194.187.70,10.10.0.10,,,443,37473,0,1358,17
1584503140.2692769,173.194.187.70,10.10.0.10,,,443,37473,0,1358,17
1584503140.27078,10.10.0.10,173.194.187.70,,,37473,443,0,37,17
1584503140.273731,173.194.187.70,10.10.0.10,,,443,37473,0,1358,17
1584503140.2782,173.194.187.70,10.10.0.10,,,443,37473,0,1358,17
1584503140.279906,10.10.0.10,173.194.187.70,,,37473,443,0,37,17
1584503140.282638,173.194.187.70,10.10.0.10,,,443,37473,0,1358,17
1584503140.2870948,173.194.187.70,10.10.0.10,,,443,37473,0,1358,17
1584503140.289405,10.10.0.10,173.194.187.70,,,37473,443,0,37,17
1584503140.2915492,173.194.187.70,10.10.0.10,,,443,37473,0,1358,17
1584503140.295999,173.194.187.70,10.10.0.10,,,443,37473,0,1358,17
1584503140.2977982,10.10.0.10,173.194.187.70,,,37473,443,0,37,17
1584503140.300454,173.194.187.70,10.10.0.10,,,443,37473,0,1358,17
1584503140.304913,173.194.187.70,10.10.0.10,,,443,37473,0,1358,17
1584503140.307032,10.10.0.10,173.194.187.70,,,37473,443,0,37,17
1584503140.309367,173.194.187.70,10.10.0.10,,,443,37473,0,1358,17
1584503140.3138268,173.194.187.70,10.10.0.10,,,443,37473,0,1358,17
1584503140.3157802,10.10.0.10,173.194.187.70,,,37473,443,0,37,17
1584503140.318274,173.194.187.70,10.10.0.10,,,443,37473,0,1358,17
1584503140.322728,173.194.187.70,10.10.0.10,,,443,37473,0,1358,17
1584503140.324529,10.10.0.10,173.194.187.70,,,37473,443,0,37,17
1584503140.327199,173.194.187.70,10.10.0.10,,,443,37473,0,1358,17
1584503140.331638,173.194.187.70,10.10.0.10,,,443,37473,0,1358,17
1584503140.3331606,10.10.0.10,173.194.187.70,,,37473,443,0,37,17
1584503140.3360882,173.194.187.70,10.10.0.10,,,443,37473,0,1358,17
1584503140.3405511,173.194.187.70,10.10.0.10,,,443,37473,0,1358,17
1584503140.3421528,10.10.0.10,173.194.187.70,,,37473,443,0,37,17
1584503140.345011,173.194.187.70,10.10.0.10,,,443,37473,0,1358,17
1584503140.349459,173.194.187.70,10.10.0.10,,,443,37473,0,1358,17
1584503140.352025,10.10.0.10,173.194.187.70,,,37473,443,0,37,17
1584503140.3539119,173.194.187.70,10.10.0.10,,,443,37473,0,1358,17
1584503140.358367,173.194.187.70,10.10.0.10,,,443,37473,0,1358,17
1584503140.359996,10.10.0.10,173.194.187.70,,,37473,443,0,37,17
1584503140.3628259,173.194.187.70,10.10.0.10,,,443,37473,0,1358,17
1584503140.36728,173.194.187.70,10.10.0.10,,,443,37473,0,1358,17
1584503140.369027,10.10.0.10,173.194.187.70,,,37473,443,0,37,17
1584503140.371728,173.194.187.70,10.10.0.10,,,443,37473,0,1358,17
1584503140.3761768,173.194.187.70,10.10.0.10,,,443,37473,0,1358,17
1584503140.3777778,10.10.0.10,173.194.187.70,,,37473,443,0,37,17
1584503140.3806348,173.194.187.70,10.10.0.10,,,443,37473,0,1358,17
1584503140.3850918,173.194.187.70,10.10.0.10,,,443,37473,0,1358,17
1584503140.3870275,10.10.0.10,173.194.187.70,,,37473,443,0,37,17
1584503140.3895464,173.194.187.70,10.10.0.10,,,443,37473,0,1358,17
1584503140.3940108,173.194.187.70,10.10.0.10,,,443,37473,0,1358,17
1584503140.395996,10.10.0.10,173.194.187.70,,,37473,443,0,37,17
1584503140.3984542,173.194.187.70,10.10.0.10,,,443,37473,0,1358,17
1584503140.402909,173.194.187.70,10.10.0.10,,,443,37473,0,1358,17
1584503140.40455,10.10.0.10,173.194.187.70,,,37473,443,0,37,17
1584503140.4073632,173.194.187.70,10.10.0.10,,,443,37473,0,1358,17
1584503140.411825,173.194.187.70,10.10.0.10,,,443,37473,0,1358,17
1584503140.4132788,10.10.0.10,173.194.187.70,,,37473,443,0,37,17
1584503140.4162679,173.194.187.70,10.10.0.10,,,443,37473,0,1358,17
1584503140.420729,173.194.187.70,10.10.0.10,,,443,37473,0,1358,17
1584503140.4238918,10.10.0.10,173.194.187.70,,,37473,443,0,50,17
1584503140.4251962,173.194.187.70,10.10.0.10,,,443,37473,0,1358,17
1584503140.4296372,173.194.187.70,10.10.0.10,,,443,37473,0,1358,17
1584503140.431403,10.10.0.10,173.194.187.70,,,37473,443,0,37,17
1584503140.434089,173.194.187.70,10.10.0.10,,,443,37473,0,1358,17
1584503140.438544,173.194.187.70,10.10.0.10,,,443,37473,0,1358,17
1584503140.442296,10.10.0.10,173.194.187.70,,,37473,443,0,37,17
1584503140.4430099,173.194.187.70,10.10.0.10,,,443,37473,0,1358,17
1584503140.447452,173.194.187.70,10.10.0.10,,,443,37473,0,1358,17
1584503140.449151,10.10.0.10,173.194.187.70,,,37473,443,0,37,17
1584503140.451907,173.194.187.70,10.10.0.10,,,443,37473,0,1358,17
1584503140.456368,173.194.187.70,10.10.0.10,,,443,37473,0,1358,17
1584503140.4596536,10.10.0.10,173.194.187.70,,,37473,443,0,37,17
1584503140.460816,173.194.187.70,10.10.0.10,,,443,37473,0,1358,17
1584503140.4652689,173.194.187.70,10.10.0.10,,,443,37473,0,1358,17
1584503140.466776,10.10.0.10,173.194.187.70,,,37473,443,0,37,17
1584503140.469726,173.194.187.70,10.10.0.10,,,443,37473,0,1358,17
1584503140.4741938,173.194.187.70,10.10.0.10,,,443,37473,0,1358,17
1584503140.4758039,10.10.0.10,173.194.187.70,,,37473,443,0,37,17
1584503140.478633,173.194.187.70,10.10.0.10,,,443,37473,0,1358,17
1584503140.483088,173.194.187.70,10.10.0.10,,,443,37473,0,1358,17
1584503140.4849956,10.10.0.10,173.194.187.70,,,37473,443,0,37,17
1584503140.4875429,173.194.187.70,10.10.0.10,,,443,37473,0,1358,17
1584503140.491992,173.194.187.70,10.10.0.10,,,443,37473,0,1358,17
1584503140.493541,10.10.0.10,173.194.187.70,,,37473,443,0,37,17
1584503140.496451,173.194.187.70,10.10.0.10,,,443,37473,0,1358,17
1584503140.50091,173.194.187.70,10.10.0.10,,,443,37473,0,1358,17
1584503140.5025446,10.10.0.10,173.194.187.70,,,37473,443,0,37,17
1584503140.505363,173.194.187.70,10.10.0.10,,,443,37473,0,1358,17
1584503140.5098212,173.194.187.70,10.10.0.10,,,443,37473,0,1358,17
1584503140.511899,10.10.0.10,173.194.187.70,,,37473,443,0,37,17
1584503140.5142686,173.194.187.70,10.10.0.10,,,443,37473,0,1358,17
1584503140.5187228,173.194.187.70,10.10.0.10,,,443,37473,0,1358,17
1584503140.520545,10.10.0.10,173.194.187.70,,,37473,443,0,37,17
1584503140.523193,173.194.187.70,10.10.0.10,,,443,37473,0,1358,17
1584503140.527632,173.194.187.70,10.10.0.10,,,443,37473,0,1358,17
1584503140.52915,10.10.0.10,173.194.187.70,,,37473,443,0,37,17
1584503140.5320814,173.194.187.70,10.10.0.10,,,443,37473,0,1358,17
1584503140.5365412,173.194.187.70,10.10.0.10,,,443,37473,0,1358,17
1584503140.5381482,10.10.0.10,173.194.187.70,,,37473,443,0,37,17
1584503140.540994,173.194.187.70,10.10.0.10,,,443,37473,0,1358,17
1584503140.5454519,173.194.187.70,10.10.0.10,,,443,37473,0,1358,17
1584503140.5468998,10.10.0.10,173.194.187.70,,,37473,443,0,37,17
1584503140.549907,173.194.187.70,10.10.0.10,,,443,37473,0,1358,17
1584503140.554359,173.194.187.70,10.10.0.10,,,443,37473,0,1358,17
1584503140.557051,10.10.0.10,173.194.187.70,,,37473,443,0,37,17
1584503140.5588198,173.194.187.70,10.10.0.10,,,443,37473,0,1358,17
1584503140.563267,173.194.187.70,10.10.0.10,,,443,37473,0,1358,17
1584503140.564792,10.10.0.10,173.194.187.70,,,37473,443,0,37,17
1584503140.5677214,173.194.187.70,10.10.0.10,,,443,37473,0,1358,17
1584503140.5721712,173.194.187.70,10.10.0.10,,,443,37473,0,1358,17
1584503140.574667,10.10.0.10,173.194.187.70,,,37473,443,0,37,17
1584503140.5766294,173.194.187.70,10.10.0.10,,,443,37473,0,1358,17
1584503140.5810852,173.194.187.70,10.10.0.10,,,443,37473,0,1358,17
1584503140.582669,10.10.0.10,173.194.187.70,,,37473,443,0,37,17
1584503140.5855398,173.194.187.70,10.10.0.10,,,443,37473,0,1358,17
1584503140.5900035,173.194.187.70,10.10.0.10,,,443,37473,0,1358,17
1584503140.591665,10.10.0.10,173.194.187.70,,,37473,443,0,37,17
1584503140.5944474,173.194.187.70,10.10.0.10,,,443,37473,0,1358,17
1584503140.598901,173.194.187.70,10.10.0.10,,,443,37473,0,1358,17
1584503140.6005206,10.10.0.10,173.194.187.70,,,37473,443,0,50,17
1584503140.6033561,173.194.187.70,10.10.0.10,,,443,37473,0,1358,17
1584503140.607818,173.194.187.70,10.10.0.10,,,443,37473,0,1358,17
1584503140.6093955,10.10.0.10,173.194.187.70,,,37473,443,0,37,17
1584503140.612262,173.194.187.70,10.10.0.10,,,443,37473,0,1358,17
1584503140.616719,173.194.187.70,10.10.0.10,,,443,37473,0,1358,17
1584503140.61829,10.10.0.10,173.194.187.70,,,37473,443,0,37,17
1584503140.621191,173.194.187.70,10.10.0.10,,,443,37473,0,1358,17
1584503140.6256282,173.194.187.70,10.10.0.10,,,443,37473,0,1358,17
1584503140.627149,10.10.0.10,173.194.187.70,,,37473,443,0,37,17
1584503140.6300828,173.194.187.70,10.10.0.10,,,443,37473,0,1358,17
1584503140.6345394,173.194.187.70,10.10.0.10,,,443,37473,0,1358,17
1584503140.6361158,10.10.0.10,173.194.187.70,,,37473,443,0,37,17
1584503140.6390028,173.194.187.70,10.10.0.10,,,443,37473,0,1358,17
1584503140.6434472,173.194.187.70,10.10.0.10,,,443,37473,0,1358,17
1584503140.6450202,10.10.0.10,173.194.187.70,,,37473,443,0,37,17
1584503140.6479,173.194.187.70,10.10.0.10,,,443,37473,0,1358,17
1584503140.6523645,173.194.187.70,10.10.0.10,,,443,37473,0,1358,17
1584503140.6541462,10.10.0.10,173.194.187.70,,,37473,443,0,37,17
1584503140.656817,173.194.187.70,10.10.0.10,,,443,37473,0,1358,17
1584503140.661263,173.194.187.70,10.10.0.10,,,443,37473,0,1358,17
1584503140.665144,10.10.0.10,173.194.187.70,,,37473,443,0,37,17
1584503140.6657171,173.194.187.70,10.10.0.10,,,443,37473,0,1358,17
1584503140.67019,173.194.187.70,10.10.0.10,,,443,37473,0,1358,17
1584503140.671991,10.10.0.10,173.194.187.70,,,37473,443,0,37,17
1584503140.6746259,173.194.187.70,10.10.0.10,,,443,37473,0,1358,17
1584503140.679082,173.194.187.70,10.10.0.10,,,443,37473,0,1358,17
1584503140.6831632,10.10.0.10,173.194.187.70,,,37473,443,0,37,17
1584503140.6835322,173.194.187.70,10.10.0.10,,,443,37473,0,1358,17
1584503140.687986,173.194.187.70,10.10.0.10,,,443,37473,0,1358,17
1584503140.689539,10.10.0.10,173.194.187.70,,,37473,443,0,37,17
1584503140.692445,173.194.187.70,10.10.0.10,,,443,37473,0,1358,17
1584503140.696901,173.194.187.70,10.10.0.10,,,443,37473,0,1358,17
1584503140.698636,10.10.0.10,173.194.187.70,,,37473,443,0,37,17
1584503140.7013538,173.194.187.70,10.10.0.10,,,443,37473,0,1358,17
1584503140.705817,173.194.187.70,10.10.0.10,,,443,37473,0,1358,17
1584503140.7072678,10.10.0.10,173.194.187.70,,,37473,443,0,37,17
1584503140.710265,173.194.187.70,10.10.0.10,,,443,37473,0,1358,17
1584503140.7147171,173.194.187.70,10.10.0.10,,,443,37473,0,1358,17
1584503140.7161431,10.10.0.10,173.194.187.70,,,37473,443,0,37,17
1584503140.7191875,173.194.187.70,10.10.0.10,,,443,37473,0,1358,17
1584503140.723625,173.194.187.70,10.10.0.10,,,443,37473,0,1358,17
1584503140.725769,10.10.0.10,173.194.187.70,,,37473,443,0,37,17
1584503140.7280748,173.194.187.70,10.10.0.10,,,443,37473,0,1358,17
1584503140.7325351,173.194.187.70,10.10.0.10,,,443,37473,0,1358,17
1584503140.734786,10.10.0.10,173.194.187.70,,,37473,443,0,37,17
1584503140.737001,173.194.187.70,10.10.0.10,,,443,37473,0,1358,17
1584503140.7414439,173.194.187.70,10.10.0.10,,,443,37473,0,1358,17
1584503140.7434108,10.10.0.10,173.194.187.70,,,37473,443,0,37,17
1584503140.7458944,173.194.187.70,10.10.0.10,,,443,37473,0,1358,17
1584503140.750351,173.194.187.70,10.10.0.10,,,443,37473,0,1358,17
1584503140.751981,10.10.0.10,173.194.187.70,,,37473,443,0,37,17
1584503140.754803,173.194.187.70,10.10.0.10,,,443,37473,0,1358,17
1584503140.7592561,173.194.187.70,10.10.0.10,,,443,37473,0,1358,17
1584503140.761744,10.10.0.10,173.194.187.70,,,37473,443,0,37,17
1584503140.763707,173.194.187.70,10.10.0.10,,,443,37473,0,1358,17
1584503140.768165,173.194.187.70,10.10.0.10,,,443,37473,0,1358,17
1584503140.769734,10.10.0.10,173.194.187.70,,,37473,443,0,37,17
1584503140.772626,173.194.187.70,10.10.0.10,,,443,37473,0,1358,17
1584503140.7770786,173.194.187.70,10.10.0.10,,,443,37473,0,1358,17
1584503140.779046,10.10.0.10,173.194.187.70,,,37473,443,0,50,17
1584503140.7815342,173.194.187.70,10.10.0.10,,,443,37473,0,1358,17
1584503140.785984,173.194.187.70,10.10.0.10,,,443,37473,0,1358,17
1584503140.787515,10.10.0.10,173.194.187.70,,,37473,443,0,37,17
1584503140.7904348,173.194.187.70,10.10.0.10,,,443,37473,0,1358,17
1584503140.79489,173.194.187.70,10.10.0.10,,,443,37473,0,1358,17
1584503140.796364,10.10.0.10,173.194.187.70,,,37473,443,0,37,17
1584503140.799344,173.194.187.70,10.10.0.10,,,443,37473,0,1358,17
1584503140.8037982,173.194.187.70,10.10.0.10,,,443,37473,0,1358,17
1584503140.805744,10.10.0.10,173.194.187.70,,,37473,443,0,37,17
1584503140.808254,173.194.187.70,10.10.0.10,,,443,37473,0,1358,17
1584503140.8127134,173.194.187.70,10.10.0.10,,,443,37473,0,1358,17
1584503140.814392,10.10.0.10,173.194.187.70,,,37473,443,0,37,17
1584503140.81717,173.194.187.70,10.10.0.10,,,443,37473,0,29,17
1584503140.8173606,173.194.187.70,10.10.0.10,,,443,37473,0,1358,17
1584503140.8218234,173.194.187.70,10.10.0.10,,,443,37473,0,1358,17
1584503140.8259099,10.10.0.10,173.194.187.70,,,37473,443,0,37,17
1584503140.826274,173.194.187.70,10.10.0.10,,,443,37473,0,1358,17
1584503140.83075,173.194.187.70,10.10.0.10,,,443,37473,0,1358,17
1584503140.834263,10.10.0.10,173.194.187.70,,,37473,443,0,37,17
1584503140.8351831,173.194.187.70,10.10.0.10,,,443,37473,0,1358,17
1584503140.8396368,173.194.187.70,10.10.0.10,,,443,37473,0,1358,17
1584503140.842133,10.10.0.10,173.194.187.70,,,37473,443,0,37,17
1584503140.844094,173.194.187.70,10.10.0.10,,,443,37473,0,1358,17
1584503140.848547,173.194.187.70,10.10.0.10,,,443,37473,0,1358,17
1584503140.8501382,10.10.0.10,173.194.187.70,,,37473,443,0,37,17
1584503140.852999,173.194.187.70,10.10.0.10,,,443,37473,0,1358,17
1584503140.857456,173.194.187.70,10.10.0.10,,,443,37473,0,1358,17
1584503140.860366,10.10.0.10,173.194.187.70,,,37473,443,0,37,17
1584503140.861908,173.194.187.70,10.10.0.10,,,443,37473,0,1358,17
1584503140.8663619,173.194.187.70,10.10.0.10,,,443,37473,0,1358,17
1584503140.870816,173.194.187.70,10.10.0.10,,,443,37473,0,1358,17
1584503140.8752694,173.194.187.70,10.10.0.10,,,443,37473,0,1358,17
1584503140.875393,10.10.0.10,173.194.187.70,,,37473,443,0,37,17
1584503140.8771384,10.10.0.10,173.194.187.70,,,37473,443,0,37,17
1584503140.8797288,173.194.187.70,10.10.0.10,,,443,37473,0,1358,17
1584503140.884181,173.194.187.70,10.10.0.10,,,443,37473,0,1358,17
1584503140.886283,10.10.0.10,173.194.187.70,,,37473,443,0,37,17
1584503140.8886359,173.194.187.70,10.10.0.10,,,443,37473,0,1358,17
1584503140.893089,173.194.187.70,10.10.0.10,,,443,37473,0,1358,17
1584503140.8946009,10.10.0.10,173.194.187.70,,,37473,443,0,37,17
1584503140.8975446,173.194.187.70,10.10.0.10,,,443,37473,0,1358,17
1584503140.902001,173.194.187.70,10.10.0.10,,,443,37473,0,1358,17
1584503140.9038858,10.10.0.10,173.194.187.70,,,37473,443,0,37,17
1584503140.906458,173.194.187.70,10.10.0.10,,,443,37473,0,1358,17
1584503140.9109118,173.194.187.70,10.10.0.10,,,443,37473,0,1358,17
1584503140.914536,10.10.0.10,173.194.187.70,,,37473,443,0,37,17
1584503140.91537,173.194.187.70,10.10.0.10,,,443,37473,0,1358,17
1584503140.919816,173.194.187.70,10.10.0.10,,,443,37473,0,1358,17
1584503140.921389,10.10.0.10,173.194.187.70,,,37473,443,0,37,17
1584503140.9242694,173.194.187.70,10.10.0.10,,,443,37473,0,1358,17
1584503140.9287438,173.194.187.70,10.10.0.10,,,443,37473,0,1358,17
1584503140.930408,10.10.0.10,173.194.187.70,,,37473,443,0,37,17
1584503140.9331849,173.194.187.70,10.10.0.10,,,443,37473,0,1358,17
1584503140.937635,173.194.187.70,10.10.0.10,,,443,37473,0,1358,17
1584503140.9394908,10.10.0.10,173.194.187.70,,,37473,443,0,37,17
1584503140.9420884,173.194.187.70,10.10.0.10,,,443,37473,0,1358,17
1584503140.946543,173.194.187.70,10.10.0.10,,,443,37473,0,1358,17
1584503140.947985,10.10.0.10,173.194.187.70,,,37473,443,0,37,17
1584503140.9509964,173.194.187.70,10.10.0.10,,,443,37473,0,1358,17
1584503140.9554489,173.194.187.70,10.10.0.10,,,443,37473,0,1358,17
1584503140.9570081,10.10.0.10,173.194.187.70,,,37473,443,0,50,17
1584503140.9599302,173.194.187.70,10.10.0.10,,,443,37473,0,1358,17
1584503140.9643662,173.194.187.70,10.10.0.10,,,443,37473,0,1358,17
1584503140.9678712,10.10.0.10,173.194.187.70,,,37473,443,0,37,17
1584503140.968815,173.194.187.70,10.10.0.10,,,443,37473,0,1358,17
1584503140.9732668,173.194.187.70,10.10.0.10,,,443,37473,0,1358,17
1584503140.975385,10.10.0.10,173.194.187.70,,,37473,443,0,37,17
1584503140.977726,173.194.187.70,10.10.0.10,,,443,37473,0,1358,17
1584503140.982176,173.194.187.70,10.10.0.10,,,443,37473,0,1358,17
1584503140.985385,10.10.0.10,173.194.187.70,,,37473,443,0,37,17
1584503140.986632,173.194.187.70,10.10.0.10,,,443,37473,0,1358,17
1584503140.991101,173.194.187.70,10.10.0.10,,,443,37473,0,1358,17
1584503140.994908,10.10.0.10,173.194.187.70,,,37473,443,0,37,17
1584503140.995543,173.194.187.70,10.10.0.10,,,443,37473,0,1358,17
1584503140.9999974,173.194.187.70,10.10.0.10,,,443,37473,0,1358,17
1584503141.0025089,10.10.0.10,173.194.187.70,,,37473,443,0,37,17
1584503141.0044508,173.194.187.70,10.10.0.10,,,443,37473,0,1358,17
1584503141.008915,173.194.187.70,10.10.0.10,,,443,37473,0,1358,17
1584503141.010519,10.10.0.10,173.194.187.70,,,37473,443,0,37,17
1584503141.013359,173.194.187.70,10.10.0.10,,,443,37473,0,1358,17
1584503141.0178108,173.194.187.70,10.10.0.10,,,443,37473,0,1358,17
1584503141.019903,10.10.0.10,173.194.187.70,,,37473,443,0,37,17
1584503141.022266,173.194.187.70,10.10.0.10,,,443,37473,0,1358,17
1584503141.026727,173.194.187.70,10.10.0.10,,,443,37473,0,1358,17
1584503141.02828,10.10.0.10,173.194.187.70,,,37473,443,0,37,17
1584503141.0311742,173.194.187.70,10.10.0.10,,,443,37473,0,1358,17
1584503141.035631,173.194.187.70,10.10.0.10,,,443,37473,0,1358,17
1584503141.037406,10.10.0.10,173.194.187.70,,,37473,443,0,37,17
1584503141.040084,173.194.187.70,10.10.0.10,,,443,37473,0,1358,17
1584503141.0445461,173.194.187.70,10.10.0.10,,,443,37473,0,1358,17
1584503141.0470278,10.10.0.10,173.194.187.70,,,37473,443,0,37,17
1584503141.0489929,173.194.187.70,10.10.0.10,,,443,37473,0,1358,17
1584503141.053455,173.194.187.70,10.10.0.10,,,443,37473,0,1358,17
1584503141.055634,10.10.0.10,173.194.187.70,,,37473,443,0,37,17
1584503141.0579262,173.194.187.70,10.10.0.10,,,443,37473,0,1358,17
1584503141.062365,173.194.187.70,10.10.0.10,,,443,37473,0,1358,17
1584503141.0641544,10.10.0.10,173.194.187.70,,,37473,443,0,37,17
1584503141.0668151,173.194.187.70,10.10.0.10,,,443,37473,0,1358,17
1584503141.071266,173.194.187.70,10.10.0.10,,,443,37473,0,1358,17
1584503141.0744019,10.10.0.10,173.194.187.70,,,37473,443,0,37,17
1584503141.07574,173.194.187.70,10.10.0.10,,,443,37473,0,1358,17
1584503141.080174,173.194.187.70,10.10.0.10,,,443,37473,0,1358,17
1584503141.0820286,10.10.0.10,173.194.187.70,,,37473,443,0,37,17
1584503141.0846374,173.194.187.70,10.10.0.10,,,443,37473,0,1358,17
1584503141.0890882,173.194.187.70,10.10.0.10,,,443,37473,0,1358,17
1584503141.0907571,10.10.0.10,173.194.187.70,,,37473,443,0,37,17
1584503141.093555,173.194.187.70,10.10.0.10,,,443,37473,0,1358,17
1584503141.0979962,173.194.187.70,10.10.0.10,,,443,37473,0,1358,17
1584503141.0995276,10.10.0.10,173.194.187.70,,,37473,443,0,37,17
1584503141.102456,173.194.187.70,10.10.0.10,,,443,37473,0,1358,17
1584503141.106925,173.194.187.70,10.10.0.10,,,443,37473,0,1358,17
1584503141.109027,10.10.0.10,173.194.187.70,,,37473,443,0,37,17
1584503141.1113641,173.194.187.70,10.10.0.10,,,443,37473,0,1358,17
1584503141.115813,173.194.187.70,10.10.0.10,,,443,37473,0,1358,17
1584503141.1172562,10.10.0.10,173.194.187.70,,,37473,443,0,37,17
1584503141.120265,173.194.187.70,10.10.0.10,,,443,37473,0,1358,17
1584503141.1247392,173.194.187.70,10.10.0.10,,,443,37473,0,1358,17
1584503141.126255,10.10.0.10,173.194.187.70,,,37473,443,0,37,17
1584503141.129176,173.194.187.70,10.10.0.10,,,443,37473,0,1358,17
1584503141.133631,173.194.187.70,10.10.0.10,,,443,37473,0,1358,17
1584503141.1355276,10.10.0.10,173.194.187.70,,,37473,443,0,50,17
1584503141.1380858,173.194.187.70,10.10.0.10,,,443,37473,0,1358,17
1584503141.1425562,173.194.187.70,10.10.0.10,,,443,37473,0,1358,17
1584503141.1445308,10.10.0.10,173.194.187.70,,,37473,443,0,37,17
1584503141.1469958,173.194.187.70,10.10.0.10,,,443,37473,0,1358,17
1584503141.15145,173.194.187.70,10.10.0.10,,,443,37473,0,1358,17
1584503141.1531296,10.10.0.10,173.194.187.70,,,37473,443,0,37,17
1584503141.155935,173.194.187.70,10.10.0.10,,,443,37473,0,1358,17
1584503141.1603544,173.194.187.70,10.10.0.10,,,443,37473,0,29,17
1584503141.160551,173.194.187.70,10.10.0.10,,,443,37473,0,1358,17
1584503141.1625268,10.10.0.10,173.194.187.70,,,37473,443,0,37,17
1584503141.165016,173.194.187.70,10.10.0.10,,,443,37473,0,1358,17
1584503141.1694682,173.194.187.70,10.10.0.10,,,443,37473,0,1358,17
1584503141.1736348,10.10.0.10,173.194.187.70,,,37473,443,0,37,17
1584503141.173918,173.194.187.70,10.10.0.10,,,443,37473,0,1358,17
1584503141.1783779,173.194.187.70,10.10.0.10,,,443,37473,0,1358,17
1584503141.1806269,10.10.0.10,173.194.187.70,,,37473,443,0,37,17
1584503141.1828284,173.194.187.70,10.10.0.10,,,443,37473,0,1358,17
1584503141.1873028,173.194.187.70,10.10.0.10,,,443,37473,0,1358,17
1584503141.1890259,10.10.0.10,173.194.187.70,,,37473,443,0,37,17
1584503141.1917431,173.194.187.70,10.10.0.10,,,443,37473,0,1358,17
1584503141.19619,173.194.187.70,10.10.0.10,,,443,37473,0,1358,17
1584503141.197884,10.10.0.10,173.194.187.70,,,37473,443,0,37,17
1584503141.200648,173.194.187.70,10.10.0.10,,,443,37473,0,1358,17
1584503141.2051148,173.194.187.70,10.10.0.10,,,443,37473,0,1358,17
1584503141.2075279,10.10.0.10,173.194.187.70,,,37473,443,0,37,17
1584503141.209559,173.194.187.70,10.10.0.10,,,443,37473,0,1358,17
1584503141.214014,173.194.187.70,10.10.0.10,,,443,37473,0,1358,17
1584503141.2161481,10.10.0.10,173.194.187.70,,,37473,443,0,37,17
1584503141.218467,173.194.187.70,10.10.0.10,,,443,37473,0,1358,17
1584503141.222926,173.194.187.70,10.10.0.10,,,443,37473,0,1358,17
1584503141.2256286,10.10.0.10,173.194.187.70,,,37473,443,0,37,17
1584503141.2273798,173.194.187.70,10.10.0.10,,,443,37473,0,1358,17
1584503141.2318301,173.194.187.70,10.10.0.10,,,443,37473,0,1358,17
1584503141.2336302,10.10.0.10,173.194.187.70,,,37473,443,0,37,17
1584503141.2362828,173.194.187.70,10.10.0.10,,,443,37473,0,1358,17
1584503141.240743,173.194.187.70,10.10.0.10,,,443,37473,0,1358,17
1584503141.2424948,10.10.0.10,173.194.187.70,,,37473,443,0,37,17
1584503141.245193,173.194.187.70,10.10.0.10,,,443,37473,0,1358,17
1584503141.2496474,173.194.187.70,10.10.0.10,,,443,37473,0,1358,17
1584503141.251127,10.10.0.10,173.194.187.70,,,37473,443,0,37,17
1584503141.254111,173.194.187.70,10.10.0.10,,,443,37473,0,1358,17
1584503141.258558,173.194.187.70,10.10.0.10,,,443,37473,0,1358,17
1584503141.260377,10.10.0.10,173.194.187.70,,,37473,443,0,37,17
1584503141.263012,173.194.187.70,10.10.0.10,,,443,37473,0,1358,17
1584503141.2674649,173.194.187.70,10.10.0.10,,,443,37473,0,1358,17
1584503141.269272,10.10.0.10,173.194.187.70,,,37473,443,0,37,17
1584503141.271936,173.194.187.70,10.10.0.10,,,443,37473,0,1358,17
1584503141.2763698,173.194.187.70,10.10.0.10,,,443,37473,0,1358,17
1584503141.2790039,10.10.0.10,173.194.187.70,,,37473,443,0,37,17
1584503141.2808292,173.194.187.70,10.10.0.10,,,443,37473,0,1358,17
1584503141.2852962,173.194.187.70,10.10.0.10,,,443,37473,0,1358,17
1584503141.2868762,10.10.0.10,173.194.187.70,,,37473,443,0,37,17
1584503141.2897382,173.194.187.70,10.10.0.10,,,443,37473,0,1358,17
1584503141.2941911,173.194.187.70,10.10.0.10,,,443,37473,0,1358,17
1584503141.295774,10.10.0.10,173.194.187.70,,,37473,443,0,37,17
1584503141.298656,173.194.187.70,10.10.0.10,,,443,37473,0,1358,17
1584503141.3031075,173.194.187.70,10.10.0.10,,,443,37473,0,1358,17
1584503141.304657,10.10.0.10,173.194.187.70,,,37473,443,0,37,17
1584503141.3075562,173.194.187.70,10.10.0.10,,,443,37473,0,1358,17
1584503141.312005,173.194.187.70,10.10.0.10,,,443,37473,0,1358,17
1584503141.313493,10.10.0.10,173.194.187.70,,,37473,443,0,50,17
1584503141.316463,173.194.187.70,10.10.0.10,,,443,37473,0,1358,17
1584503141.3209224,173.194.187.70,10.10.0.10,,,443,37473,0,1358,17
1584503141.322375,10.10.0.10,173.194.187.70,,,37473,443,0,37,17
1584503141.3253732,173.194.187.70,10.10.0.10,,,443,37473,0,1358,17
1584503141.3298268,173.194.187.70,10.10.0.10,,,443,37473,0,1358,17
1584503141.3315198,10.10.0.10,173.194.187.70,,,37473,443,0,37,17
1584503141.3342938,173.194.187.70,10.10.0.10,,,443,37473,0,1358,17
1584503141.3387382,173.194.187.70,10.10.0.10,,,443,37473,0,1358,17
1584503141.3407712,10.10.0.10,173.194.187.70,,,37473,443,0,37,17
1584503141.3431902,173.194.187.70,10.10.0.10,,,443,37473,0,1358,17
1584503141.347643,173.194.187.70,10.10.0.10,,,443,37473,0,1358,17
1584503141.3492491,10.10.0.10,173.194.187.70,,,37473,443,0,37,17
1584503141.3520932,173.194.187.70,10.10.0.10,,,443,37473,0,1358,17
1584503141.3565528,173.194.187.70,10.10.0.10,,,443,37473,0,1358,17
1584503141.3581262,10.10.0.10,173.194.187.70,,,37473,443,0,37,17
1584503141.361007,173.194.187.70,10.10.0.10,,,443,37473,0,1358,17
1584503141.3654618,173.194.187.70,10.10.0.10,,,443,37473,0,1358,17
1584503141.36788,10.10.0.10,173.194.187.70,,,37473,443,0,37,17
1584503141.3699212,173.194.187.70,10.10.0.10,,,443,37473,0,1358,17
1584503141.3743708,173.194.187.70,10.10.0.10,,,443,37473,0,1358,17
1584503141.377025,10.10.0.10,173.194.187.70,,,37473,443,0,37,17
1584503141.378824,173.194.187.70,10.10.0.10,,,443,37473,0,1358,17
1584503141.3832932,173.194.187.70,10.10.0.10,,,443,37473,0,1358,17
1584503141.3847716,10.10.0.10,173.194.187.70,,,37473,443,0,37,17
1584503141.387741,173.194.187.70,10.10.0.10,,,443,37473,0,1358,17
1584503141.392184,173.194.187.70,10.10.0.10,,,443,37473,0,1358,17
1584503141.393898,10.10.0.10,173.194.187.70,,,37473,443,0,37,17
1584503141.396642,173.194.187.70,10.10.0.10,,,443,37473,0,1358,17
1584503141.4011068,173.194.187.70,10.10.0.10,,,443,37473,0,1358,17
1584503141.40275,10.10.0.10,173.194.187.70,,,37473,443,0,37,17
1584503141.405552,173.194.187.70,10.10.0.10,,,443,37473,0,1358,17
1584503141.410007,173.194.187.70,10.10.0.10,,,443,37473,0,1358,17
1584503141.4144616,173.194.187.70,10.10.0.10,,,443,37473,0,1358,17
1584503141.418921,173.194.187.70,10.10.0.10,,,443,37473,0,1358,17
1584503141.423368,173.194.187.70,10.10.0.10,,,443,37473,0,1358,17
1584503141.427823,173.194.187.70,10.10.0.10,,,443,37473,0,1358,17
1584503141.4322758,173.194.187.70,10.10.0.10,,,443,37473,0,1358,17
1584503141.435978,10.10.0.10,173.194.187.70,,,37473,443,0,37,17
1584503141.436003,10.10.0.10,173.194.187.70,,,37473,443,0,37,17
1584503141.4378948,10.10.0.10,173.194.187.70,,,37473,443,0,37,17
1584503141.4411511,173.194.187.70,10.10.0.10,,,443,37473,0,1358,17
1584503141.442873,10.10.0.10,173.194.187.70,,,37473,443,0,37,17
1584503141.4459212,173.194.187.70,10.10.0.10,,,443,37473,0,1358,17
1584503141.4459558,173.194.187.70,10.10.0.10,,,443,37473,0,1358,17
1584503141.4498932,10.10.0.10,173.194.187.70,,,37473,443,0,37,17
1584503141.455144,173.194.187.70,10.10.0.10,,,443,37473,0,1358,17
1584503141.455179,173.194.187.70,10.10.0.10,,,443,37473,0,1358,17
1584503141.4576125,10.10.0.10,173.194.187.70,,,37473,443,0,37,17
1584503141.459006,173.194.187.70,10.10.0.10,,,443,37473,0,1358,17
1584503141.4634578,173.194.187.70,10.10.0.10,,,443,37473,0,1358,17
1584503141.464996,10.10.0.10,173.194.187.70,,,37473,443,0,37,17
1584503141.4679322,173.194.187.70,10.10.0.10,,,443,37473,0,1358,17
1584503141.472367,173.194.187.70,10.10.0.10,,,443,37473,0,1358,17
1584503141.474247,10.10.0.10,173.194.187.70,,,37473,443,0,37,17
1584503141.476823,173.194.187.70,10.10.0.10,,,443,37473,0,1358,17
1584503141.4812765,173.194.187.70,10.10.0.10,,,443,37473,0,1358,17
1584503141.483887,10.10.0.10,173.194.187.70,,,37473,443,0,37,17
1584503141.4857318,173.194.187.70,10.10.0.10,,,443,37473,0,1358,17
1584503141.490187,173.194.187.70,10.10.0.10,,,443,37473,0,1358,17
1584503141.4924948,10.10.0.10,173.194.187.70,,,37473,443,0,50,17
1584503141.4946382,173.194.187.70,10.10.0.10,,,443,37473,0,1358,17
1584503141.4991078,173.194.187.70,10.10.0.10,,,443,37473,0,1358,17
1584503141.501966,10.10.0.10,173.194.187.70,,,37473,443,0,37,17
1584503141.5035481,173.194.187.70,10.10.0.10,,,443,37473,0,1358,17
1584503141.507998,173.194.187.70,10.10.0.10,,,443,37473,0,1358,17
1584503141.5097651,10.10.0.10,173.194.187.70,,,37473,443,0,37,17
1584503141.5124571,173.194.187.70,10.10.0.10,,,443,37473,0,1358,17
1584503141.5169172,173.194.187.70,10.10.0.10,,,443,37473,0,1358,17
1584503141.518487,10.10.0.10,173.194.187.70,,,37473,443,0,37,17
1584503141.521367,173.194.187.70,10.10.0.10,,,443,37473,0,1358,17
1584503141.5258205,173.194.187.70,10.10.0.10,,,443,37473,0,1358,17
1584503141.527246,10.10.0.10,173.194.187.70,,,37473,443,0,37,17
1584503141.5302901,173.194.187.70,10.10.0.10,,,443,37473,0,1358,17
1584503141.5347302,173.194.187.70,10.10.0.10,,,443,37473,0,1358,17
1584503141.5367641,10.10.0.10,173.194.187.70,,,37473,443,0,37,17
1584503141.539186,173.194.187.70,10.10.0.10,,,443,37473,0,1358,17
1584503141.5436368,173.194.187.70,10.10.0.10,,,443,37473,0,1358,17
1584503141.545392,10.10.0.10,173.194.187.70,,,37473,443,0,37,17
1584503141.548088,173.194.187.70,10.10.0.10,,,443,37473,0,1358,17
1584503141.552546,173.194.187.70,10.10.0.10,,,443,37473,0,1358,17
1584503141.5540118,10.10.0.10,173.194.187.70,,,37473,443,0,37,17
1584503141.5570042,173.194.187.70,10.10.0.10,,,443,37473,0,1358,17
1584503141.561455,173.194.187.70,10.10.0.10,,,443,37473,0,1358,17
1584503141.563013,10.10.0.10,173.194.187.70,,,37473,443,0,37,17
1584503141.565916,173.194.187.70,10.10.0.10,,,443,37473,0,1358,17
1584503141.570367,173.194.187.70,10.10.0.10,,,443,37473,0,1358,17
1584503141.572134,10.10.0.10,173.194.187.70,,,37473,443,0,37,17
1584503141.5748188,173.194.187.70,10.10.0.10,,,443,37473,0,1358,17
1584503141.5792909,173.194.187.70,10.10.0.10,,,443,37473,0,1358,17
1584503141.58373,173.194.187.70,10.10.0.10,,,443,37473,0,1358,17
1584503141.5849955,10.10.0.10,173.194.187.70,,,37473,443,0,37,17
1584503141.588177,173.194.187.70,10.10.0.10,,,443,37473,0,1358,17
1584503141.59087,10.10.0.10,173.194.187.70,,,37473,443,0,37,17
1584503141.592635,173.194.187.70,10.10.0.10,,,443,37473,0,1358,17
1584503141.5971005,173.194.187.70,10.10.0.10,,,443,37473,0,1358,17
1584503141.5990212,10.10.0.10,173.194.187.70,,,37473,443,0,37,17
1584503141.6015446,173.194.187.70,10.10.0.10,,,443,37473,0,1358,17
1584503141.606,173.194.187.70,10.10.0.10,,,443,37473,0,1358,17
1584503141.6075,10.10.0.10,173.194.187.70,,,37473,443,0,37,17
1584503141.610455,173.194.187.70,10.10.0.10,,,443,37473,0,1358,17
1584503141.6149151,173.194.187.70,10.10.0.10,,,443,37473,0,1358,17
1584503141.6163714,10.10.0.10,173.194.187.70,,,37473,443,0,37,17
1584503141.6193626,173.194.187.70,10.10.0.10,,,443,37473,0,1358,17
1584503141.623818,173.194.187.70,10.10.0.10,,,443,37473,0,1358,17
1584503141.6268866,10.10.0.10,173.194.187.70,,,37473,443,0,37,17
1584503141.628275,173.194.187.70,10.10.0.10,,,443,37473,0,1358,17
1584503141.6327276,173.194.187.70,10.10.0.10,,,443,37473,0,1358,17
1584503141.634638,10.10.0.10,173.194.187.70,,,37473,443,0,37,17
1584503141.63718,173.194.187.70,10.10.0.10,,,443,37473,0,1358,17
1584503141.641638,173.194.187.70,10.10.0.10,,,443,37473,0,1358,17
1584503141.643262,10.10.0.10,173.194.187.70,,,37473,443,0,37,17
1584503141.6460989,173.194.187.70,10.10.0.10,,,443,37473,0,1358,17
1584503141.6505456,173.194.187.70,10.10.0.10,,,443,37473,0,1358,17
1584503141.6523662,10.10.0.10,173.194.187.70,,,37473,443,0,37,17
1584503141.654999,173.194.187.70,10.10.0.10,,,443,37473,0,1358,17
1584503141.6594539,173.194.187.70,10.10.0.10,,,443,37473,0,1358,17
1584503141.6618721,10.10.0.10,173.194.187.70,,,37473,443,0,37,17
1584503141.663914,173.194.187.70,10.10.0.10,,,443,37473,0,1358,17
1584503141.668358,173.194.187.70,10.10.0.10,,,443,37473,0,1358,17
1584503141.6698852,10.10.0.10,173.194.187.70,,,37473,443,0,50,17
1584503141.672817,173.194.187.70,10.10.0.10,,,443,37473,0,1358,17
1584503141.6772852,173.194.187.70,10.10.0.10,,,443,37473,0,1358,17
1584503141.6788864,10.10.0.10,173.194.187.70,,,37473,443,0,37,17
1584503141.681732,173.194.187.70,10.10.0.10,,,443,37473,0,1358,17
1584503141.686177,173.194.187.70,10.10.0.10,,,443,37473,0,1358,17
1584503141.688359,10.10.0.10,173.194.187.70,,,37473,443,0,37,17
1584503141.6906302,173.194.187.70,10.10.0.10,,,443,37473,0,1358,17
1584503141.695083,173.194.187.70,10.10.0.10,,,443,37473,0,1358,17
1584503141.6970098,10.10.0.10,173.194.187.70,,,37473,443,0,37,17
1584503141.699538,173.194.187.70,10.10.0.10,,,443,37473,0,1358,17
1584503141.7039876,173.194.187.70,10.10.0.10,,,443,37473,0,1358,17
1584503141.705964,10.10.0.10,173.194.187.70,,,37473,443,0,37,17
1584503141.708456,173.194.187.70,10.10.0.10,,,443,37473,0,1358,17
1584503141.712898,173.194.187.70,10.10.0.10,,,443,37473,0,1358,17
1584503141.7144835,10.10.0.10,173.194.187.70,,,37473,443,0,37,17
1584503141.7173526,173.194.187.70,10.10.0.10,,,443,37473,0,1358,17
1584503141.7218118,173.194.187.70,10.10.0.10,,,443,37473,0,1358,17
1584503141.7233572,10.10.0.10,173.194.187.70,,,37473,443,0,37,17
1584503141.7262669,173.194.187.70,10.10.0.10,,,443,37473,0,1358,17
1584503141.7307189,173.194.187.70,10.10.0.10,,,443,37473,0,1358,17
1584503141.7324884,10.10.0.10,173.194.187.70,,,37473,443,0,37,17
1584503141.73517,173.194.187.70,10.10.0.10,,,443,37473,0,1358,17
1584503141.739644,173.194.187.70,10.10.0.10,,,443,37473,0,1358,17
1584503141.741625,10.10.0.10,173.194.187.70,,,37473,443,0,37,17
1584503141.744081,173.194.187.70,10.10.0.10,,,443,37473,0,1358,17
1584503141.7485368,173.194.187.70,10.10.0.10,,,443,37473,0,1358,17
1584503141.750135,10.10.0.10,173.194.187.70,,,37473,443,0,37,17
1584503141.7529929,173.194.187.70,10.10.0.10,,,443,37473,0,1358,17
1584503141.75745,173.194.187.70,10.10.0.10,,,443,37473,0,1358,17
1584503141.759239,10.10.0.10,173.194.187.70,,,37473,443,0,37,17
1584503141.7619116,173.194.187.70,10.10.0.10,,,443,37473,0,1358,17
1584503141.766361,173.194.187.70,10.10.0.10,,,443,37473,0,1358,17
1584503141.767968,10.10.0.10,173.194.187.70,,,37473,443,0,37,17
1584503141.77081,173.194.187.70,10.10.0.10,,,443,37473,0,1358,17
1584503141.7752619,173.194.187.70,10.10.0.10,,,443,37473,0,1358,17
1584503141.7767322,10.10.0.10,173.194.187.70,,,37473,443,0,37,17
1584503141.7797158,173.194.187.70,10.10.0.10,,,443,37473,0,1358,17
1584503141.784173,173.194.187.70,10.10.0.10,,,443,37473,0,1358,17
1584503141.7873821,10.10.0.10,173.194.187.70,,,37473,443,0,37,17
1584503141.78864,173.194.187.70,10.10.0.10,,,443,37473,0,1358,17
1584503141.7930946,173.194.187.70,10.10.0.10,,,443,37473,0,1358,17
1584503141.794862,10.10.0.10,173.194.187.70,,,37473,443,0,37,17
1584503141.7975378,173.194.187.70,10.10.0.10,,,443,37473,0,1358,17
1584503141.8019948,173.194.187.70,10.10.0.10,,,443,37473,0,1358,17
1584503141.803873,10.10.0.10,173.194.187.70,,,37473,443,0,37,17
1584503141.806449,173.194.187.70,10.10.0.10,,,443,37473,0,1358,17
1584503141.810909,173.194.187.70,10.10.0.10,,,443,37473,0,1358,17
1584503141.8126106,10.10.0.10,173.194.187.70,,,37473,443,0,37,17
1584503141.8153565,173.194.187.70,10.10.0.10,,,443,37473,0,1358,17
1584503141.819809,173.194.187.70,10.10.0.10,,,443,37473,0,1358,17
1584503141.821826,10.10.0.10,173.194.187.70,,,37473,443,0,37,17
1584503141.8242614,173.194.187.70,10.10.0.10,,,443,37473,0,1358,17
1584503141.8287165,173.194.187.70,10.10.0.10,,,443,37473,0,1358,17
1584503141.830359,10.10.0.10,173.194.187.70,,,37473,443,0,37,17
1584503141.833168,173.194.187.70,10.10.0.10,,,443,37473,0,1358,17
1584503141.8376381,173.194.187.70,10.10.0.10,,,443,37473,0,1358,17
1584503141.8393624,10.10.0.10,173.194.187.70,,,37473,443,0,37,17
1584503141.8420858,173.194.187.70,10.10.0.10,,,443,37473,0,1358,17
1584503141.8465312,173.194.187.70,10.10.0.10,,,443,37473,0,1358,17
1584503141.8481116,10.10.0.10,173.194.187.70,,,37473,443,0,50,17
1584503141.850986,173.194.187.70,10.10.0.10,,,443,37473,0,1358,17
1584503141.855448,173.194.187.70,10.10.0.10,,,443,37473,0,1358,17
1584503141.857256,10.10.0.10,173.194.187.70,,,37473,443,0,37,17
1584503141.859908,173.194.187.70,10.10.0.10,,,443,37473,0,1358,17
1584503141.86435,173.194.187.70,10.10.0.10,,,443,37473,0,1358,17
1584503141.8660731,10.10.0.10,173.194.187.70,,,37473,443,0,37,17
1584503141.868809,173.194.187.70,10.10.0.10,,,443,37473,0,1358,17
1584503141.8732588,173.194.187.70,10.10.0.10,,,443,37473,0,1358,17
1584503141.874701,10.10.0.10,173.194.187.70,,,37473,443,0,37,17
1584503141.8777142,173.194.187.70,10.10.0.10,,,443,37473,0,1358,17
1584503141.88217,173.194.187.70,10.10.0.10,,,443,37473,0,1358,17
1584503141.883757,10.10.0.10,173.194.187.70,,,37473,443,0,37,17
1584503141.886628,173.194.187.70,10.10.0.10,,,443,37473,0,1358,17
1584503141.891078,173.194.187.70,10.10.0.10,,,443,37473,0,1358,17
1584503141.893372,10.10.0.10,173.194.187.70,,,37473,443,0,37,17
1584503141.895537,173.194.187.70,10.10.0.10,,,443,37473,0,1358,17
1584503141.900003,173.194.187.70,10.10.0.10,,,443,37473,0,1358,17
1584503141.901997,10.10.0.10,173.194.187.70,,,37473,443,0,37,17
1584503141.9044518,173.194.187.70,10.10.0.10,,,443,37473,0,1358,17
1584503141.908906,173.194.187.70,10.10.0.10,,,443,37473,0,1358,17
1584503141.9107132,10.10.0.10,173.194.187.70,,,37473,443,0,37,17
1584503141.913352,173.194.187.70,10.10.0.10,,,443,37473,0,1358,17
1584503141.9178061,173.194.187.70,10.10.0.10,,,443,37473,0,1358,17
1584503141.9194481,10.10.0.10,173.194.187.70,,,37473,443,0,37,17
1584503141.922258,173.194.187.70,10.10.0.10,,,443,37473,0,1358,17
1584503141.92672,173.194.187.70,10.10.0.10,,,443,37473,0,1358,17
1584503141.9283805,10.10.0.10,173.194.187.70,,,37473,443,0,37,17
1584503141.9311721,173.194.187.70,10.10.0.10,,,443,37473,0,1358,17
1584503141.935622,173.194.187.70,10.10.0.10,,,443,37473,0,1358,17
1584503141.9372349,10.10.0.10,173.194.187.70,,,37473,443,0,37,17
1584503141.940075,173.194.187.70,10.10.0.10,,,443,37473,0,1358,17
1584503141.944531,173.194.187.70,10.10.0.10,,,443,37473,0,1358,17
1584503141.9462314,10.10.0.10,173.194.187.70,,,37473,443,0,37,17
1584503141.9489849,173.194.187.70,10.10.0.10,,,443,37473,0,1358,17
1584503141.9534438,173.194.187.70,10.10.0.10,,,443,37473,0,1358,17
1584503141.954982,10.10.0.10,173.194.187.70,,,37473,443,0,37,17
1584503141.9579039,173.194.187.70,10.10.0.10,,,443,37473,0,1358,17
1584503141.962352,173.194.187.70,10.10.0.10,,,443,37473,0,1358,17
1584503141.964358,10.10.0.10,173.194.187.70,,,37473,443,0,37,17
1584503141.9668071,173.194.187.70,10.10.0.10,,,443,37473,0,1358,17
1584503141.9712772,173.194.187.70,10.10.0.10,,,443,37473,0,1358,17
1584503141.9728801,10.10.0.10,173.194.187.70,,,37473,443,0,37,17
1584503141.975715,173.194.187.70,10.10.0.10,,,443,37473,0,1358,17
1584503141.9801636,173.194.187.70,10.10.0.10,,,443,37473,0,1358,17
1584503141.982001,10.10.0.10,173.194.187.70,,,37473,443,0,37,17
1584503141.984624,173.194.187.70,10.10.0.10,,,443,37473,0,1358,17
1584503141.989089,173.194.187.70,10.10.0.10,,,443,37473,0,1358,17
1584503141.991241,10.10.0.10,173.194.187.70,,,37473,443,0,37,17
1584503141.993534,173.194.187.70,10.10.0.10,,,443,37473,0,1358,17
1584503141.9979868,173.194.187.70,10.10.0.10,,,443,37473,0,1358,17
1584503141.9996061,10.10.0.10,173.194.187.70,,,37473,443,0,37,17
1584503142.00244,173.194.187.70,10.10.0.10,,,443,37473,0,1358,17
1584503142.006904,173.194.187.70,10.10.0.10,,,443,37473,0,1358,17
1584503142.0083554,10.10.0.10,173.194.187.70,,,37473,443,0,37,17
1584503142.0113509,173.194.187.70,10.10.0.10,,,443,37473,0,1358,17
1584503142.0158026,173.194.187.70,10.10.0.10,,,443,37473,0,1358,17
1584503142.018502,10.10.0.10,173.194.187.70,,,37473,443,0,37,17
1584503142.0202599,173.194.187.70,10.10.0.10,,,443,37473,0,1358,17
1584503142.024713,173.194.187.70,10.10.0.10,,,443,37473,0,1358,17
1584503142.026981,10.10.0.10,173.194.187.70,,,37473,443,0,50,17
1584503142.029171,173.194.187.70,10.10.0.10,,,443,37473,0,1358,17
1584503142.033621,173.194.187.70,10.10.0.10,,,443,37473,0,1358,17
1584503142.0352552,10.10.0.10,173.194.187.70,,,37473,443,0,37,17
1584503142.0380876,173.194.187.70,10.10.0.10,,,443,37473,0,1358,17
1584503142.0425332,173.194.187.70,10.10.0.10,,,443,37473,0,1358,17
1584503142.0441198,10.10.0.10,173.194.187.70,,,37473,443,0,37,17
1584503142.0469859,173.194.187.70,10.10.0.10,,,443,37473,0,1358,17
1584503142.05144,173.194.187.70,10.10.0.10,,,443,37473,0,1358,17
1584503142.053,10.10.0.10,173.194.187.70,,,37473,443,0,37,17
1584503142.055902,173.194.187.70,10.10.0.10,,,443,37473,0,1358,17
1584503142.060345,173.194.187.70,10.10.0.10,,,443,37473,0,1358,17
1584503142.0619972,10.10.0.10,173.194.187.70,,,37473,443,0,37,17
1584503142.064803,173.194.187.70,10.10.0.10,,,443,37473,0,1358,17
1584503142.069277,173.194.187.70,10.10.0.10,,,443,37473,0,1358,17
1584503142.0708532,10.10.0.10,173.194.187.70,,,37473,443,0,37,17
1584503142.0737119,173.194.187.70,10.10.0.10,,,443,37473,0,1358,17
1584503142.078165,173.194.187.70,10.10.0.10,,,443,37473,0,1358,17
1584503142.0801039,10.10.0.10,173.194.187.70,,,37473,443,0,37,17
1584503142.082623,173.194.187.70,10.10.0.10,,,443,37473,0,1358,17
1584503142.0870874,173.194.187.70,10.10.0.10,,,443,37473,0,1358,17
1584503142.088874,10.10.0.10,173.194.187.70,,,37473,443,0,37,17
1584503142.0915306,173.194.187.70,10.10.0.10,,,443,37473,0,1358,17
1584503142.095979,173.194.187.70,10.10.0.10,,,443,37473,0,1358,17
1584503142.0981069,10.10.0.10,173.194.187.70,,,37473,443,0,37,17
1584503142.100439,173.194.187.70,10.10.0.10,,,443,37473,0,1358,17
1584503142.104901,173.194.187.70,10.10.0.10,,,443,37473,0,1358,17
1584503142.1068518,10.10.0.10,173.194.187.70,,,37473,443,0,37,17
1584503142.109349,173.194.187.70,10.10.0.10,,,443,37473,0,1358,17
1584503142.113802,173.194.187.70,10.10.0.10,,,443,37473,0,1358,17
1584503142.115622,10.10.0.10,173.194.187.70,,,37473,443,0,37,17
1584503142.118272,173.194.187.70,10.10.0.10,,,443,37473,0,1358,17
1584503142.12271,173.194.187.70,10.10.0.10,,,443,37473,0,1358,17
1584503142.127165,173.194.187.70,10.10.0.10,,,443,37473,0,1358,17
1584503142.127354,10.10.0.10,173.194.187.70,,,37473,443,0,37,17
1584503142.131623,173.194.187.70,10.10.0.10,,,443,37473,0,1358,17
1584503142.1331036,10.10.0.10,173.194.187.70,,,37473,443,0,37,17
1584503142.1360679,173.194.187.70,10.10.0.10,,,443,37473,0,1358,17
1584503142.14053,173.194.187.70,10.10.0.10,,,443,37473,0,1358,17
1584503142.142477,10.10.0.10,173.194.187.70,,,37473,443,0,37,17
1584503142.1449811,173.194.187.70,10.10.0.10,,,443,37473,0,1358,17
1584503142.1494372,173.194.187.70,10.10.0.10,,,443,37473,0,1358,17
1584503142.1511009,10.10.0.10,173.194.187.70,,,37473,443,0,37,17
1584503142.1538868,173.194.187.70,10.10.0.10,,,443,37473,0,1358,17
1584503142.1583474,173.194.187.70,10.10.0.10,,,443,37473,0,1358,17
1584503142.1601012,10.10.0.10,173.194.187.70,,,37473,443,0,37,17
1584503142.1627991,173.194.187.70,10.10.0.10,,,443,37473,0,1358,17
1584503142.1672714,173.194.187.70,10.10.0.10,,,443,37473,0,1358,17
1584503142.16887,10.10.0.10,173.194.187.70,,,37473,443,0,37,17
1584503142.171709,173.194.187.70,10.10.0.10,,,443,37473,0,1358,17
1584503142.1761582,173.194.187.70,10.10.0.10,,,443,37473,0,1358,17
1584503142.1781044,10.10.0.10,173.194.187.70,,,37473,443,0,37,17
1584503142.1806202,173.194.187.70,10.10.0.10,,,443,37473,0,1358,17
1584503142.1850839,173.194.187.70,10.10.0.10,,,443,37473,0,1358,17
1584503142.1871223,10.10.0.10,173.194.187.70,,,37473,443,0,37,17
1584503142.189527,173.194.187.70,10.10.0.10,,,443,37473,0,1358,17
1584503142.1939812,173.194.187.70,10.10.0.10,,,443,37473,0,1358,17
1584503142.1961012,10.10.0.10,173.194.187.70,,,37473,443,0,37,17
1584503142.1984348,173.194.187.70,10.10.0.10,,,443,37473,0,1358,17
1584503142.202898,173.194.187.70,10.10.0.10,,,443,37473,0,1358,17
1584503142.2044961,10.10.0.10,173.194.187.70,,,37473,443,0,50,17
1584503142.2073429,173.194.187.70,10.10.0.10,,,443,37473,0,1358,17
1584503142.2117982,173.194.187.70,10.10.0.10,,,443,37473,0,1358,17
1584503142.2133708,10.10.0.10,173.194.187.70,,,37473,443,0,37,17
1584503142.2162552,173.194.187.70,10.10.0.10,,,443,37473,0,1358,17
1584503142.220708,173.194.187.70,10.10.0.10,,,443,37473,0,1358,17
1584503142.22235,10.10.0.10,173.194.187.70,,,37473,443,0,37,17
1584503142.225162,173.194.187.70,10.10.0.10,,,443,37473,0,1358,17
1584503142.2296178,173.194.187.70,10.10.0.10,,,443,37473,0,1358,17
1584503142.231101,10.10.0.10,173.194.187.70,,,37473,443,0,37,17
1584503142.234082,173.194.187.70,10.10.0.10,,,443,37473,0,1358,17
1584503142.2385206,173.194.187.70,10.10.0.10,,,443,37473,0,1358,17
1584503142.239972,10.10.0.10,173.194.187.70,,,37473,443,0,37,17
1584503142.2429798,173.194.187.70,10.10.0.10,,,443,37473,0,1358,17
1584503142.247432,173.194.187.70,10.10.0.10,,,443,37473,0,1358,17
1584503142.24885,10.10.0.10,173.194.187.70,,,37473,443,0,37,17
1584503142.2518961,173.194.187.70,10.10.0.10,,,443,37473,0,1358,17
1584503142.2563381,173.194.187.70,10.10.0.10,,,443,37473,0,1358,17
1584503142.2597468,10.10.0.10,173.194.187.70,,,37473,443,0,37,17
1584503142.260799,173.194.187.70,10.10.0.10,,,443,37473,0,1358,17
1584503142.265254,173.194.187.70,10.10.0.10,,,443,37473,0,1358,17
1584503142.2677276,10.10.0.10,173.194.187.70,,,37473,443,0,37,17
1584503142.269701,173.194.187.70,10.10.0.10,,,443,37473,0,1358,17
1584503142.2741635,173.194.187.70,10.10.0.10,,,443,37473,0,1358,17
1584503142.276223,10.10.0.10,173.194.187.70,,,37473,443,0,37,17
1584503142.278615,173.194.187.70,10.10.0.10,,,443,37473,0,1358,17
1584503142.283081,173.194.187.70,10.10.0.10,,,443,37473,0,1358,17
1584503142.284598,10.10.0.10,173.194.187.70,,,37473,443,0,37,17
1584503142.2875235,173.194.187.70,10.10.0.10,,,443,37473,0,1358,17
1584503142.2919722,173.194.187.70,10.10.0.10,,,443,37473,0,1358,17
1584503142.2935991,10.10.0.10,173.194.187.70,,,37473,443,0,37,17
1584503142.2964401,173.194.187.70,10.10.0.10,,,443,37473,0,1358,17
1584503142.3008811,173.194.187.70,10.10.0.10,,,443,37473,0,1358,17
1584503142.302726,10.10.0.10,173.194.187.70,,,37473,443,0,37,17
1584503142.30534,173.194.187.70,10.10.0.10,,,443,37473,0,1358,17
1584503142.309792,173.194.187.70,10.10.0.10,,,443,37473,0,1358,17
1584503142.3114722,10.10.0.10,173.194.187.70,,,37473,443,0,37,17
1584503142.314267,173.194.187.70,10.10.0.10,,,443,37473,0,1358,17
1584503142.3187046,173.194.187.70,10.10.0.10,,,443,37473,0,1358,17
1584503142.320097,10.10.0.10,173.194.187.70,,,37473,443,0,37,17
1584503142.323158,173.194.187.70,10.10.0.10,,,443,37473,0,1358,17
1584503142.327613,173.194.187.70,10.10.0.10,,,443,37473,0,1358,17
1584503142.3292198,10.10.0.10,173.194.187.70,,,37473,443,0,37,17
1584503142.332062,173.194.187.70,10.10.0.10,,,443,37473,0,1358,17
1584503142.336522,173.194.187.70,10.10.0.10,,,443,37473,0,1358,17
1584503142.3381171,10.10.0.10,173.194.187.70,,,37473,443,0,37,17
1584503142.3409786,173.194.187.70,10.10.0.10,,,443,37473,0,1358,17
1584503142.3454301,173.194.187.70,10.10.0.10,,,443,37473,0,1358,17
1584503142.347497,10.10.0.10,173.194.187.70,,,37473,443,0,37,17
1584503142.3498929,173.194.187.70,10.10.0.10,,,443,37473,0,1358,17
1584503142.3543394,173.194.187.70,10.10.0.10,,,443,37473,0,1358,17
1584503142.355867,10.10.0.10,173.194.187.70,,,37473,443,0,37,17
1584503142.358793,173.194.187.70,10.10.0.10,,,443,37473,0,1358,17
1584503142.363265,173.194.187.70,10.10.0.10,,,443,37473,0,1358,17
1584503142.36497,10.10.0.10,173.194.187.70,,,37473,443,0,37,17
1584503142.367704,173.194.187.70,10.10.0.10,,,443,37473,0,1358,17
1584503142.3721519,173.194.187.70,10.10.0.10,,,443,37473,0,1358,17
1584503142.373862,10.10.0.10,173.194.187.70,,,37473,443,0,37,17
1584503142.376611,173.194.187.70,10.10.0.10,,,443,37473,0,1358,17
1584503142.381078,173.194.187.70,10.10.0.10,,,443,37473,0,1358,17
1584503142.3828454,10.10.0.10,173.194.187.70,,,37473,443,0,50,17
1584503142.3855221,173.194.187.70,10.10.0.10,,,443,37473,0,1358,17
1584503142.389975,173.194.187.70,10.10.0.10,,,443,37473,0,1358,17
1584503142.3917198,10.10.0.10,173.194.187.70,,,37473,443,0,37,17
1584503142.3944292,173.194.187.70,10.10.0.10,,,443,37473,0,1358,17
1584503142.3988779,173.194.187.70,10.10.0.10,,,443,37473,0,1358,17
1584503142.401472,10.10.0.10,173.194.187.70,,,37473,443,0,37,17
1584503142.403334,173.194.187.70,10.10.0.10,,,443,37473,0,1358,17
1584503142.407792,173.194.187.70,10.10.0.10,,,443,37473,0,29,17
1584503142.407985,173.194.187.70,10.10.0.10,,,443,37473,0,1358,17
1584503142.410741,10.10.0.10,173.194.187.70,,,37473,443,0,37,17
1584503142.412443,173.194.187.70,10.10.0.10,,,443,37473,0,1358,17
1584503142.416903,173.194.187.70,10.10.0.10,,,443,37473,0,1358,17
1584503142.418592,10.10.0.10,173.194.187.70,,,37473,443,0,37,17
1584503142.4213572,173.194.187.70,10.10.0.10,,,443,37473,0,1358,17
1584503142.4258268,173.194.187.70,10.10.0.10,,,443,37473,0,1358,17
1584503142.4277172,10.10.0.10,173.194.187.70,,,37473,443,0,37,17
1584503142.4302714,173.194.187.70,10.10.0.10,,,443,37473,0,1358,17
1584503142.43472,173.194.187.70,10.10.0.10,,,443,37473,0,1358,17
1584503142.43621,10.10.0.10,173.194.187.70,,,37473,443,0,37,17
1584503142.439176,173.194.187.70,10.10.0.10,,,443,37473,0,1358,17
1584503142.44364,173.194.187.70,10.10.0.10,,,443,37473,0,1358,17
1584503142.4450939,10.10.0.10,173.194.187.70,,,37473,443,0,37,17
1584503142.4480786,173.194.187.70,10.10.0.10,,,443,37473,0,1358,17
1584503142.452538,173.194.187.70,10.10.0.10,,,443,37473,0,1358,17
1584503142.4548619,10.10.0.10,173.194.187.70,,,37473,443,0,37,17
1584503142.457011,173.194.187.70,10.10.0.10,,,443,37473,0,1358,17
1584503142.46145,173.194.187.70,10.10.0.10,,,443,37473,0,1358,17
1584503142.463092,10.10.0.10,173.194.187.70,,,37473,443,0,37,17
1584503142.4659002,173.194.187.70,10.10.0.10,,,443,37473,0,1358,17
1584503142.4703548,173.194.187.70,10.10.0.10,,,443,37473,0,1358,17
1584503142.471969,10.10.0.10,173.194.187.70,,,37473,443,0,37,17
1584503142.474825,173.194.187.70,10.10.0.10,,,443,37473,0,1358,17
1584503142.479266,173.194.187.70,10.10.0.10,,,443,37473,0,1358,17
1584503142.4811132,10.10.0.10,173.194.187.70,,,37473,443,0,37,17
1584503142.4837182,173.194.187.70,10.10.0.10,,,443,37473,0,1358,17
1584503142.488168,173.194.187.70,10.10.0.10,,,443,37473,0,1358,17
1584503142.4901118,10.10.0.10,173.194.187.70,,,37473,443,0,37,17
1584503142.492626,173.194.187.70,10.10.0.10,,,443,37473,0,1358,17
1584503142.497083,173.194.187.70,10.10.0.10,,,443,37473,0,1358,17
1584503142.498878,10.10.0.10,173.194.187.70,,,37473,443,0,37,17
1584503142.5015366,173.194.187.70,10.10.0.10,,,443,37473,0,1358,17
1584503142.5060098,173.194.187.70,10.10.0.10,,,443,37473,0,1358,17
1584503142.509111,10.10.0.10,173.194.187.70,,,37473,443,0,37,17
1584503142.510449,173.194.187.70,10.10.0.10,,,443,37473,0,1358,17
1584503142.5148988,173.194.187.70,10.10.0.10,,,443,37473,0,1358,17
1584503142.51684,10.10.0.10,173.194.187.70,,,37473,443,0,37,17
1584503142.519353,173.194.187.70,10.10.0.10,,,443,37473,0,1358,17
1584503142.523823,173.194.187.70,10.10.0.10,,,443,37473,0,1358,17
1584503142.5257359,10.10.0.10,173.194.187.70,,,37473,443,0,37,17
1584503142.5282588,173.194.187.70,10.10.0.10,,,443,37473,0,1358,17
1584503142.5327165,173.194.187.70,10.10.0.10,,,443,37473,0,1358,17
1584503142.534715,10.10.0.10,173.194.187.70,,,37473,443,0,37,17
1584503142.53717,173.194.187.70,10.10.0.10,,,443,37473,0,1358,17
1584503142.5416374,173.194.187.70,10.10.0.10,,,443,37473,0,1358,17
1584503142.5432348,10.10.0.10,173.194.187.70,,,37473,443,0,37,17
1584503142.54608,173.194.187.70,10.10.0.10,,,443,37473,0,1358,17
1584503142.550533,173.194.187.70,10.10.0.10,,,443,37473,0,1358,17
1584503142.552235,10.10.0.10,173.194.187.70,,,37473,443,0,37,17
1584503142.555009,173.194.187.70,10.10.0.10,,,443,37473,0,1358,17
1584503142.5594401,173.194.187.70,10.10.0.10,,,443,37473,0,1358,17
1584503142.56161,10.10.0.10,173.194.187.70,,,37473,443,0,50,17
1584503142.5638962,173.194.187.70,10.10.0.10,,,443,37473,0,1358,17
1584503142.5683482,173.194.187.70,10.10.0.10,,,443,37473,0,1358,17
1584503142.569838,10.10.0.10,173.194.187.70,,,37473,443,0,37,17
1584503142.572822,173.194.187.70,10.10.0.10,,,443,37473,0,1358,17
1584503142.5772612,173.194.187.70,10.10.0.10,,,443,37473,0,1358,17
1584503142.578839,10.10.0.10,173.194.187.70,,,37473,443,0,37,17
1584503142.5817142,173.194.187.70,10.10.0.10,,,443,37473,0,1358,17
1584503142.586172,173.194.187.70,10.10.0.10,,,443,37473,0,1358,17
1584503142.588089,10.10.0.10,173.194.187.70,,,37473,443,0,37,17
1584503142.59064,173.194.187.70,10.10.0.10,,,443,37473,0,1358,17
1584503142.595078,173.194.187.70,10.10.0.10,,,443,37473,0,1358,17
1584503142.596608,10.10.0.10,173.194.187.70,,,37473,443,0,37,17
1584503142.599533,173.194.187.70,10.10.0.10,,,443,37473,0,1358,17
1584503142.603983,173.194.187.70,10.10.0.10,,,443,37473,0,1358,17
1584503142.605985,10.10.0.10,173.194.187.70,,,37473,443,0,37,17
1584503142.6084454,173.194.187.70,10.10.0.10,,,443,37473,0,1358,17
1584503142.612895,173.194.187.70,10.10.0.10,,,443,37473,0,1358,17
1584503142.6143384,10.10.0.10,173.194.187.70,,,37473,443,0,37,17
1584503142.617352,173.194.187.70,10.10.0.10,,,443,37473,0,1358,17
1584503142.6218202,173.194.187.70,10.10.0.10,,,443,37473,0,1358,17
1584503142.623357,10.10.0.10,173.194.187.70,,,37473,443,0,37,17
1584503142.6262612,173.194.187.70,10.10.0.10,,,443,37473,0,1358,17
1584503142.6307092,173.194.187.70,10.10.0.10,,,443,37473,0,1358,17
1584503142.632463,10.10.0.10,173.194.187.70,,,37473,443,0,37,17
1584503142.6351671,173.194.187.70,10.10.0.10,,,443,37473,0,1358,17
1584503142.6396382,173.194.187.70,10.10.0.10,,,443,37473,0,1358,17
1584503142.6412122,10.10.0.10,173.194.187.70,,,37473,443,0,37,17
1584503142.644072,173.194.187.70,10.10.0.10,,,443,37473,0,1358,17
1584503142.648532,173.194.187.70,10.10.0.10,,,443,37473,0,1358,17
1584503142.6500866,10.10.0.10,173.194.187.70,,,37473,443,0,37,17
1584503142.652983,173.194.187.70,10.10.0.10,,,443,37473,0,1358,17
1584503142.6574454,173.194.187.70,10.10.0.10,,,443,37473,0,1358,17
1584503142.659086,10.10.0.10,173.194.187.70,,,37473,443,0,37,17
1584503142.6618931,173.194.187.70,10.10.0.10,,,443,37473,0,1358,17
1584503142.66635,173.194.187.70,10.10.0.10,,,443,37473,0,1358,17
1584503142.667982,10.10.0.10,173.194.187.70,,,37473,443,0,37,17
1584503142.6708198,173.194.187.70,10.10.0.10,,,443,37473,0,1358,17
1584503142.675258,173.194.187.70,10.10.0.10,,,443,37473,0,1358,17
1584503142.677335,10.10.0.10,173.194.187.70,,,37473,443,0,37,17
1584503142.6797118,173.194.187.70,10.10.0.10,,,443,37473,0,1358,17
1584503142.684161,173.194.187.70,10.10.0.10,,,443,37473,0,1358,17
1584503142.6886349,173.194.187.70,10.10.0.10,,,443,37473,0,1358,17
1584503142.693074,173.194.187.70,10.10.0.10,,,443,37473,0,1358,17
1584503142.6975286,173.194.187.70,10.10.0.10,,,443,37473,0,1358,17
1584503142.702006,173.194.187.70,10.10.0.10,,,443,37473,0,1358,17
1584503142.7064428,173.194.187.70,10.10.0.10,,,443,37473,0,1358,17
1584503142.7137148,10.10.0.10,173.194.187.70,,,37473,443,0,37,17
1584503142.7164602,10.10.0.10,173.194.187.70,,,37473,443,0,37,17
1584503142.718576,10.10.0.10,173.194.187.70,,,37473,443,0,37,17
1584503142.7188668,173.194.187.70,10.10.0.10,,,443,37473,0,1358,17
1584503142.72035,10.10.0.10,173.194.187.70,,,37473,443,0,37,17
1584503142.7236528,173.194.187.70,10.10.0.10,,,443,37473,0,1358,17
1584503142.7236881,173.194.187.70,10.10.0.10,,,443,37473,0,1358,17
1584503142.727231,10.10.0.10,173.194.187.70,,,37473,443,0,37,17
1584503142.7323198,173.194.187.70,10.10.0.10,,,443,37473,0,1358,17
1584503142.7323544,173.194.187.70,10.10.0.10,,,443,37473,0,1358,17
1584503142.73421,10.10.0.10,173.194.187.70,,,37473,443,0,37,17
1584503142.736379,173.194.187.70,10.10.0.10,,,443,37473,0,1358,17
1584503142.740817,173.194.187.70,10.10.0.10,,,443,37473,0,1358,17
1584503142.742334,10.10.0.10,173.194.187.70,,,37473,443,0,50,17
1584503142.745269,173.194.187.70,10.10.0.10,,,443,37473,0,1358,17
1584503142.749724,173.194.187.70,10.10.0.10,,,443,37473,0,1358,17
1584503142.75123,10.10.0.10,173.194.187.70,,,37473,443,0,37,17
1584503142.7541919,173.194.187.70,10.10.0.10,,,443,37473,0,1358,17
1584503142.758634,173.194.187.70,10.10.0.10,,,443,37473,0,1358,17
1584503142.7614589,10.10.0.10,173.194.187.70,,,37473,443,0,37,17
1584503142.763083,173.194.187.70,10.10.0.10,,,443,37473,0,1358,17
1584503142.7675395,173.194.187.70,10.10.0.10,,,443,37473,0,1358,17
1584503142.769424,10.10.0.10,173.194.187.70,,,37473,443,0,37,17
1584503142.771991,173.194.187.70,10.10.0.10,,,443,37473,0,1358,17
1584503142.776446,173.194.187.70,10.10.0.10,,,443,37473,0,1358,17
1584503142.7787304,10.10.0.10,173.194.187.70,,,37473,443,0,37,17
1584503142.780908,173.194.187.70,10.10.0.10,,,443,37473,0,1358,17
1584503142.7853699,173.194.187.70,10.10.0.10,,,443,37473,0,1358,17
1584503142.788832,10.10.0.10,173.194.187.70,,,37473,443,0,37,17
1584503142.789808,173.194.187.70,10.10.0.10,,,443,37473,0,1358,17
1584503142.794264,173.194.187.70,10.10.0.10,,,443,37473,0,1358,17
1584503142.796207,10.10.0.10,173.194.187.70,,,37473,443,0,37,17
1584503142.798717,173.194.187.70,10.10.0.10,,,443,37473,0,1358,17
1584503142.803169,173.194.187.70,10.10.0.10,,,443,37473,0,1358,17
1584503142.8046849,10.10.0.10,173.194.187.70,,,37473,443,0,37,17
1584503142.8076231,173.194.187.70,10.10.0.10,,,443,37473,0,1358,17
1584503142.812076,173.194.187.70,10.10.0.10,,,443,37473,0,1358,17
1584503142.81509,10.10.0.10,173.194.187.70,,,37473,443,0,37,17
1584503142.81655,173.194.187.70,10.10.0.10,,,443,37473,0,1358,17
1584503142.8209882,173.194.187.70,10.10.0.10,,,443,37473,0,1358,17
1584503142.822593,10.10.0.10,173.194.187.70,,,37473,443,0,37,17
1584503142.82545,173.194.187.70,10.10.0.10,,,443,37473,0,1358,17
1584503142.8299036,173.194.187.70,10.10.0.10,,,443,37473,0,1358,17
1584503142.832331,10.10.0.10,173.194.187.70,,,37473,443,0,37,17
1584503142.834369,173.194.187.70,10.10.0.10,,,443,37473,0,1358,17
1584503142.838816,173.194.187.70,10.10.0.10,,,443,37473,0,1358,17
1584503142.8407092,10.10.0.10,173.194.187.70,,,37473,443,0,37,17
1584503142.8432622,173.194.187.70,10.10.0.10,,,443,37473,0,1358,17
1584503142.847717,173.194.187.70,10.10.0.10,,,443,37473,0,1358,17
1584503142.849549,10.10.0.10,173.194.187.70,,,37473,443,0,37,17
1584503142.8521721,173.194.187.70,10.10.0.10,,,443,37473,0,1358,17
1584503142.856622,173.194.187.70,10.10.0.10,,,443,37473,0,1358,17
1584503142.85817,10.10.0.10,173.194.187.70,,,37473,443,0,37,17
1584503142.8610802,173.194.187.70,10.10.0.10,,,443,37473,0,1358,17
1584503142.8655381,173.194.187.70,10.10.0.10,,,443,37473,0,1358,17
1584503142.8672054,10.10.0.10,173.194.187.70,,,37473,443,0,37,17
1584503142.8699875,173.194.187.70,10.10.0.10,,,443,37473,0,1358,17
1584503142.874447,173.194.187.70,10.10.0.10,,,443,37473,0,1358,17
1584503142.877463,10.10.0.10,173.194.187.70,,,37473,443,0,37,17
1584503142.878896,173.194.187.70,10.10.0.10,,,443,37473,0,1358,17
1584503142.883368,173.194.187.70,10.10.0.10,,,443,37473,0,1358,17
1584503142.885935,10.10.0.10,173.194.187.70,,,37473,443,0,37,17
1584503142.887813,173.194.187.70,10.10.0.10,,,443,37473,0,1358,17
1584503142.892259,173.194.187.70,10.10.0.10,,,443,37473,0,1358,17
1584503142.89433,10.10.0.10,173.194.187.70,,,37473,443,0,37,17
1584503142.896714,173.194.187.70,10.10.0.10,,,443,37473,0,1358,17
1584503142.9011712,173.194.187.70,10.10.0.10,,,443,37473,0,1358,17
1584503142.90292,10.10.0.10,173.194.187.70,,,37473,443,0,37,17
1584503142.905623,173.194.187.70,10.10.0.10,,,443,37473,0,1358,17
1584503142.9100769,173.194.187.70,10.10.0.10,,,443,37473,0,1358,17
1584503142.912946,10.10.0.10,173.194.187.70,,,37473,443,0,37,17
1584503142.9145286,173.194.187.70,10.10.0.10,,,443,37473,0,1358,17
1584503142.918982,173.194.187.70,10.10.0.10,,,443,37473,0,1358,17
1584503142.921672,10.10.0.10,173.194.187.70,,,37473,443,0,50,17
1584503142.923438,173.194.187.70,10.10.0.10,,,443,37473,0,1358,17
1584503142.927896,173.194.187.70,10.10.0.10,,,443,37473,0,1358,17
1584503142.929608,10.10.0.10,173.194.187.70,,,37473,443,0,37,17
1584503142.932359,173.194.187.70,10.10.0.10,,,443,37473,0,1358,17
1584503142.936802,173.194.187.70,10.10.0.10,,,443,37473,0,1358,17
1584503142.9384534,10.10.0.10,173.194.187.70,,,37473,443,0,37,17
1584503142.941261,173.194.187.70,10.10.0.10,,,443,37473,0,1358,17
1584503142.945715,173.194.187.70,10.10.0.10,,,443,37473,0,1358,17
1584503142.9471679,10.10.0.10,173.194.187.70,,,37473,443,0,37,17
1584503142.950168,173.194.187.70,10.10.0.10,,,443,37473,0,1358,17
1584503142.954625,173.194.187.70,10.10.0.10,,,443,37473,0,1358,17
1584503142.956448,10.10.0.10,173.194.187.70,,,37473,443,0,37,17
1584503142.9590776,173.194.187.70,10.10.0.10,,,443,37473,0,1358,17
1584503142.9635448,173.194.187.70,10.10.0.10,,,443,37473,0,1358,17
1584503142.9651,10.10.0.10,173.194.187.70,,,37473,443,0,37,17
1584503142.9679892,173.194.187.70,10.10.0.10,,,443,37473,0,1358,17
1584503142.972439,173.194.187.70,10.10.0.10,,,443,37473,0,1358,17
1584503142.974232,10.10.0.10,173.194.187.70,,,37473,443,0,37,17
1584503142.976899,173.194.187.70,10.10.0.10,,,443,37473,0,1358,17
1584503142.981373,173.194.187.70,10.10.0.10,,,443,37473,0,1358,17
1584503142.9828348,10.10.0.10,173.194.187.70,,,37473,443,0,37,17
1584503142.9858088,173.194.187.70,10.10.0.10,,,443,37473,0,1358,17
1584503142.990258,173.194.187.70,10.10.0.10,,,443,37473,0,1358,17
1584503142.992723,10.10.0.10,173.194.187.70,,,37473,443,0,37,17
1584503142.994713,173.194.187.70,10.10.0.10,,,443,37473,0,1358,17
1584503142.999165,173.194.187.70,10.10.0.10,,,443,37473,0,1358,17
1584503143.003082,10.10.0.10,173.194.187.70,,,37473,443,0,37,17
1584503143.003617,173.194.187.70,10.10.0.10,,,443,37473,0,1358,17
1584503143.00807,173.194.187.70,10.10.0.10,,,443,37473,0,1358,17
1584503143.0112169,10.10.0.10,173.194.187.70,,,37473,443,0,37,17
1584503143.012544,173.194.187.70,10.10.0.10,,,443,37473,0,1358,17
1584503143.0169814,173.194.187.70,10.10.0.10,,,443,37473,0,1358,17
1584503143.019855,10.10.0.10,173.194.187.70,,,37473,443,0,37,17
1584503143.0214381,173.194.187.70,10.10.0.10,,,443,37473,0,1358,17
1584503143.025896,173.194.187.70,10.10.0.10,,,443,37473,0,1358,17
1584503143.0277221,10.10.0.10,173.194.187.70,,,37473,443,0,37,17
1584503143.0303712,173.194.187.70,10.10.0.10,,,443,37473,0,1358,17
1584503143.0348089,173.194.187.70,10.10.0.10,,,443,37473,0,1358,17
1584503143.0365431,10.10.0.10,173.194.187.70,,,37473,443,0,37,17
1584503143.039259,173.194.187.70,10.10.0.10,,,443,37473,0,1358,17
1584503143.0437136,173.194.187.70,10.10.0.10,,,443,37473,0,1358,17
1584503143.045601,10.10.0.10,173.194.187.70,,,37473,443,0,37,17
1584503143.0481632,173.194.187.70,10.10.0.10,,,443,37473,0,1358,17
1584503143.052622,173.194.187.70,10.10.0.10,,,443,37473,0,1358,17
1584503143.055347,10.10.0.10,173.194.187.70,,,37473,443,0,37,17
1584503143.0570776,173.194.187.70,10.10.0.10,,,443,37473,0,1358,17
1584503143.0615325,173.194.187.70,10.10.0.10,,,443,37473,0,1358,17
1584503143.063692,10.10.0.10,173.194.187.70,,,37473,443,0,37,17
1584503143.066,173.194.187.70,10.10.0.10,,,443,37473,0,1358,17
1584503143.0704439,173.194.187.70,10.10.0.10,,,443,37473,0,1358,17
1584503143.072076,10.10.0.10,173.194.187.70,,,37473,443,0,37,17
1584503143.0748956,173.194.187.70,10.10.0.10,,,443,37473,0,1358,17
1584503143.0793679,173.194.187.70,10.10.0.10,,,443,37473,0,1358,17
1584503143.081074,10.10.0.10,173.194.187.70,,,37473,443,0,37,17
1584503143.083807,173.194.187.70,10.10.0.10,,,443,37473,0,1358,17
1584503143.088254,173.194.187.70,10.10.0.10,,,443,37473,0,1358,17
1584503143.089825,10.10.0.10,173.194.187.70,,,37473,443,0,37,17
1584503143.092712,173.194.187.70,10.10.0.10,,,443,37473,0,1358,17
1584503143.097181,173.194.187.70,10.10.0.10,,,443,37473,0,1358,17
1584503143.0987198,10.10.0.10,173.194.187.70,,,37473,443,0,50,17
1584503143.101626,173.194.187.70,10.10.0.10,,,443,37473,0,1358,17
1584503143.106074,173.194.187.70,10.10.0.10,,,443,37473,0,1358,17
1584503143.107701,10.10.0.10,173.194.187.70,,,37473,443,0,37,17
1584503143.110528,173.194.187.70,10.10.0.10,,,443,37473,0,1358,17
1584503143.1149962,173.194.187.70,10.10.0.10,,,443,37473,0,1358,17
1584503143.1176908,10.10.0.10,173.194.187.70,,,37473,443,0,37,17
1584503143.11944,173.194.187.70,10.10.0.10,,,443,37473,0,1358,17
1584503143.1238909,173.194.187.70,10.10.0.10,,,443,37473,0,1358,17
1584503143.1254704,10.10.0.10,173.194.187.70,,,37473,443,0,37,17
1584503143.1283581,173.194.187.70,10.10.0.10,,,443,37473,0,1358,17
1584503143.132806,173.194.187.70,10.10.0.10,,,443,37473,0,1358,17
1584503143.134848,10.10.0.10,173.194.187.70,,,37473,443,0,37,17
1584503143.1372552,173.194.187.70,10.10.0.10,,,443,37473,0,1358,17
1584503143.141714,173.194.187.70,10.10.0.10,,,443,37473,0,1358,17
1584503143.146181,173.194.187.70,10.10.0.10,,,443,37473,0,1358,17
1584503143.146195,10.10.0.10,173.194.187.70,,,37473,443,0,37,17
1584503143.150623,173.194.187.70,10.10.0.10,,,443,37473,0,1358,17
1584503143.152562,10.10.0.10,173.194.187.70,,,37473,443,0,37,17
1584503143.155072,173.194.187.70,10.10.0.10,,,443,37473,0,1358,17
1584503143.159527,173.194.187.70,10.10.0.10,,,443,37473,0,1358,17
1584503143.1628444,10.10.0.10,173.194.187.70,,,37473,443,0,37,17
1584503143.163977,173.194.187.70,10.10.0.10,,,443,37473,0,1358,17
1584503143.168432,173.194.187.70,10.10.0.10,,,443,37473,0,1358,17
1584503143.170217,10.10.0.10,173.194.187.70,,,37473,443,0,37,17
1584503143.17289,173.194.187.70,10.10.0.10,,,443,37473,0,1358,17
1584503143.177364,173.194.187.70,10.10.0.10,,,443,37473,0,1358,17
1584503143.1790712,10.10.0.10,173.194.187.70,,,37473,443,0,37,17
1584503143.1818042,173.194.187.70,10.10.0.10,,,443,37473,0,1358,17
1584503143.186254,173.194.187.70,10.10.0.10,,,443,37473,0,1358,17
1584503143.188591,10.10.0.10,173.194.187.70,,,37473,443,0,37,17
1584503143.19071,173.194.187.70,10.10.0.10,,,443,37473,0,1358,17
1584503143.195178,173.194.187.70,10.10.0.10,,,443,37473,0,1358,17
1584503143.198446,10.10.0.10,173.194.187.70,,,37473,443,0,37,17
1584503143.1996212,173.194.187.70,10.10.0.10,,,443,37473,0,1358,17
1584503143.204067,173.194.187.70,10.10.0.10,,,443,37473,0,1358,17
1584503143.205715,10.10.0.10,173.194.187.70,,,37473,443,0,37,17
1584503143.208528,173.194.187.70,10.10.0.10,,,443,37473,0,1358,17
1584503143.2129982,173.194.187.70,10.10.0.10,,,443,37473,0,1358,17
1584503143.2149382,10.10.0.10,173.194.187.70,,,37473,443,0,37,17
1584503143.217435,173.194.187.70,10.10.0.10,,,443,37473,0,1358,17
1584503143.221888,173.194.187.70,10.10.0.10,,,443,37473,0,1358,17
1584503143.224447,10.10.0.10,173.194.187.70,,,37473,443,0,37,17
1584503143.2263641,173.194.187.70,10.10.0.10,,,443,37473,0,1358,17
1584503143.2308035,173.194.187.70,10.10.0.10,,,443,37473,0,1358,17
1584503143.232451,10.10.0.10,173.194.187.70,,,37473,443,0,37,17
1584503143.2352538,173.194.187.70,10.10.0.10,,,443,37473,0,1358,17
1584503143.2397091,173.194.187.70,10.10.0.10,,,443,37473,0,1358,17
1584503143.241341,10.10.0.10,173.194.187.70,,,37473,443,0,37,17
1584503143.2441561,173.194.187.70,10.10.0.10,,,443,37473,0,1358,17
1584503143.248618,173.194.187.70,10.10.0.10,,,443,37473,0,1358,17
1584503143.2505698,10.10.0.10,173.194.187.70,,,37473,443,0,37,17
1584503143.253073,173.194.187.70,10.10.0.10,,,443,37473,0,1358,17
1584503143.2575238,173.194.187.70,10.10.0.10,,,443,37473,0,1358,17
1584503143.259465,10.10.0.10,173.194.187.70,,,37473,443,0,37,17
1584503143.261992,173.194.187.70,10.10.0.10,,,443,37473,0,1358,17
1584503143.266435,173.194.187.70,10.10.0.10,,,443,37473,0,1358,17
1584503143.2708876,173.194.187.70,10.10.0.10,,,443,37473,0,1358,17
1584503143.273944,10.10.0.10,173.194.187.70,,,37473,443,0,37,17
1584503143.275363,173.194.187.70,10.10.0.10,,,443,37473,0,1358,17
1584503143.278944,10.10.0.10,173.194.187.70,,,37473,443,0,50,17
1584503143.279801,173.194.187.70,10.10.0.10,,,443,37473,0,1358,17
1584503143.284245,173.194.187.70,10.10.0.10,,,443,37473,0,1358,17
1584503143.2858188,10.10.0.10,173.194.187.70,,,37473,443,0,37,17
1584503143.2887068,173.194.187.70,10.10.0.10,,,443,37473,0,1358,17
1584503143.293174,173.194.187.70,10.10.0.10,,,443,37473,0,1358,17
1584503143.2957141,10.10.0.10,173.194.187.70,,,37473,443,0,37,17
1584503143.2976098,173.194.187.70,10.10.0.10,,,443,37473,0,1358,17
1584503143.3020678,173.194.187.70,10.10.0.10,,,443,37473,0,1358,17
1584503143.303953,10.10.0.10,173.194.187.70,,,37473,443,0,37,17
1584503143.3065224,173.194.187.70,10.10.0.10,,,443,37473,0,1358,17
1584503143.3109722,173.194.187.70,10.10.0.10,,,443,37473,0,1358,17
1584503143.313185,10.10.0.10,173.194.187.70,,,37473,443,0,37,17
1584503143.3154302,173.194.187.70,10.10.0.10,,,443,37473,0,1358,17
1584503143.319886,173.194.187.70,10.10.0.10,,,443,37473,0,1358,17
1584503143.3225882,10.10.0.10,173.194.187.70,,,37473,443,0,37,17
1584503143.324337,173.194.187.70,10.10.0.10,,,443,37473,0,29,17
1584503143.3245342,173.194.187.70,10.10.0.10,,,443,37473,0,1358,17
1584503143.3289974,173.194.187.70,10.10.0.10,,,443,37473,0,1358,17
1584503143.330586,10.10.0.10,173.194.187.70,,,37473,443,0,37,17
1584503143.3334498,173.194.187.70,10.10.0.10,,,443,37473,0,1358,17
1584503143.3379052,173.194.187.70,10.10.0.10,,,443,37473,0,1358,17
1584503143.339712,10.10.0.10,173.194.187.70,,,37473,443,0,37,17
1584503143.342365,173.194.187.70,10.10.0.10,,,443,37473,0,1358,17
1584503143.3468132,173.194.187.70,10.10.0.10,,,443,37473,0,1358,17
1584503143.3488169,10.10.0.10,173.194.187.70,,,37473,443,0,37,17
1584503143.3512669,173.194.187.70,10.10.0.10,,,443,37473,0,1358,17
1584503143.355737,173.194.187.70,10.10.0.10,,,443,37473,0,1358,17
1584503143.3577092,10.10.0.10,173.194.187.70,,,37473,443,0,37,17
1584503143.3601725,173.194.187.70,10.10.0.10,,,443,37473,0,1358,17
1584503143.3646321,173.194.187.70,10.10.0.10,,,443,37473,0,1358,17
1584503143.366317,10.10.0.10,173.194.187.70,,,37473,443,0,37,17
1584503143.369085,173.194.187.70,10.10.0.10,,,443,37473,0,1358,17
1584503143.3735492,173.194.187.70,10.10.0.10,,,443,37473,0,1358,17
1584503143.37546,10.10.0.10,173.194.187.70,,,37473,443,0,37,17
1584503143.3779948,173.194.187.70,10.10.0.10,,,443,37473,0,1358,17
1584503143.3824532,173.194.187.70,10.10.0.10,,,443,37473,0,1358,17
1584503143.384308,10.10.0.10,173.194.187.70,,,37473,443,0,37,17
1584503143.3869052,173.194.187.70,10.10.0.10,,,443,37473,0,1358,17
1584503143.3913634,173.194.187.70,10.10.0.10,,,443,37473,0,1358,17
1584503143.3935642,10.10.0.10,173.194.187.70,,,37473,443,0,37,17
1584503143.3958132,173.194.187.70,10.10.0.10,,,443,37473,0,1358,17
1584503143.400265,173.194.187.70,10.10.0.10,,,443,37473,0,1358,17
1584503143.401691,10.10.0.10,173.194.187.70,,,37473,443,0,37,17
1584503143.404734,173.194.187.70,10.10.0.10,,,443,37473,0,1358,17
1584503143.409177,173.194.187.70,10.10.0.10,,,443,37473,0,1358,17
1584503143.4106898,10.10.0.10,173.194.187.70,,,37473,443,0,37,17
1584503143.413631,173.194.187.70,10.10.0.10,,,443,37473,0,1358,17
1584503143.418084,173.194.187.70,10.10.0.10,,,443,37473,0,1358,17
1584503143.4197092,10.10.0.10,173.194.187.70,,,37473,443,0,37,17
1584503143.4225464,173.194.187.70,10.10.0.10,,,443,37473,0,1358,17
1584503143.426993,173.194.187.70,10.10.0.10,,,443,37473,0,1358,17
1584503143.42907,10.10.0.10,173.194.187.70,,,37473,443,0,37,17
1584503143.431449,173.194.187.70,10.10.0.10,,,443,37473,0,1358,17
1584503143.4359019,173.194.187.70,10.10.0.10,,,443,37473,0,1358,17
1584503143.437439,10.10.0.10,173.194.187.70,,,37473,443,0,37,17
1584503143.440353,173.194.187.70,10.10.0.10,,,443,37473,0,1358,17
1584503143.4448106,173.194.187.70,10.10.0.10,,,443,37473,0,1358,17
1584503143.4463332,10.10.0.10,173.194.187.70,,,37473,443,0,37,17
1584503143.449265,173.194.187.70,10.10.0.10,,,443,37473,0,1358,17
1584503143.4537342,173.194.187.70,10.10.0.10,,,443,37473,0,1358,17
1584503143.455713,10.10.0.10,173.194.187.70,,,37473,443,0,50,17
1584503143.458174,173.194.187.70,10.10.0.10,,,443,37473,0,1358,17
1584503143.4626286,173.194.187.70,10.10.0.10,,,443,37473,0,1358,17
1584503143.4641788,10.10.0.10,173.194.187.70,,,37473,443,0,37,17
1584503143.467099,173.194.187.70,10.10.0.10,,,443,37473,0,1358,17
1584503143.4715462,173.194.187.70,10.10.0.10,,,443,37473,0,1358,17
1584503143.4730618,10.10.0.10,173.194.187.70,,,37473,443,0,37,17
1584503143.475987,173.194.187.70,10.10.0.10,,,443,37473,0,1358,17
1584503143.480449,173.194.187.70,10.10.0.10,,,443,37473,0,1358,17
1584503143.4821882,10.10.0.10,173.194.187.70,,,37473,443,0,37,17
1584503143.4849012,173.194.187.70,10.10.0.10,,,443,37473,0,1358,17
1584503143.4893599,173.194.187.70,10.10.0.10,,,443,37473,0,1358,17
1584503143.490813,10.10.0.10,173.194.187.70,,,37473,443,0,37,17
1584503143.493809,173.194.187.70,10.10.0.10,,,443,37473,0,1358,17
1584503143.4982634,173.194.187.70,10.10.0.10,,,443,37473,0,1358,17
1584503143.4996922,10.10.0.10,173.194.187.70,,,37473,443,0,37,17
1584503143.5027325,173.194.187.70,10.10.0.10,,,443,37473,0,1358,17
1584503143.507173,173.194.187.70,10.10.0.10,,,443,37473,0,1358,17
1584503143.5091882,10.10.0.10,173.194.187.70,,,37473,443,0,37,17
1584503143.5116286,173.194.187.70,10.10.0.10,,,443,37473,0,1358,17
1584503143.516076,173.194.187.70,10.10.0.10,,,443,37473,0,1358,17
1584503143.517708,10.10.0.10,173.194.187.70,,,37473,443,0,37,17
1584503143.520545,173.194.187.70,10.10.0.10,,,443,37473,0,1358,17
1584503143.524991,173.194.187.70,10.10.0.10,,,443,37473,0,1358,17
1584503143.5274599,10.10.0.10,173.194.187.70,,,37473,443,0,37,17
1584503143.52945,173.194.187.70,10.10.0.10,,,443,37473,0,1358,17
1584503143.5338988,173.194.187.70,10.10.0.10,,,443,37473,0,1358,17
1584503143.537067,10.10.0.10,173.194.187.70,,,37473,443,0,37,17
1584503143.538359,173.194.187.70,10.10.0.10,,,443,37473,0,1358,17
1584503143.542808,173.194.187.70,10.10.0.10,,,443,37473,0,1358,17
1584503143.546833,10.10.0.10,173.194.187.70,,,37473,443,0,37,17
1584503143.5472589,173.194.187.70,10.10.0.10,,,443,37473,0,1358,17
1584503143.551734,173.194.187.70,10.10.0.10,,,443,37473,0,1358,17
1584503143.5533311,10.10.0.10,173.194.187.70,,,37473,443,0,37,17
1584503143.5561662,173.194.187.70,10.10.0.10,,,443,37473,0,1358,17
1584503143.560625,173.194.187.70,10.10.0.10,,,443,37473,0,1358,17
1584503143.5624368,10.10.0.10,173.194.187.70,,,37473,443,0,37,17
1584503143.565078,173.194.187.70,10.10.0.10,,,443,37473,0,1358,17
1584503143.5695438,173.194.187.70,10.10.0.10,,,443,37473,0,1358,17
1584503143.57096,10.10.0.10,173.194.187.70,,,37473,443,0,37,17
1584503143.57399,173.194.187.70,10.10.0.10,,,443,37473,0,1358,17
1584503143.5784428,173.194.187.70,10.10.0.10,,,443,37473,0,1358,17
1584503143.5799556,10.10.0.10,173.194.187.70,,,37473,443,0,37,17
1584503143.5828981,173.194.187.70,10.10.0.10,,,443,37473,0,1358,17
1584503143.587358,173.194.187.70,10.10.0.10,,,443,37473,0,1358,17
1584503143.589317,10.10.0.10,173.194.187.70,,,37473,443,0,37,17
1584503143.5918062,173.194.187.70,10.10.0.10,,,443,37473,0,1358,17
1584503143.596257,173.194.187.70,10.10.0.10,,,443,37473,0,1358,17
1584503143.598207,10.10.0.10,173.194.187.70,,,37473,443,0,37,17
1584503143.6007102,173.194.187.70,10.10.0.10,,,443,37473,0,1358,17
1584503143.605169,173.194.187.70,10.10.0.10,,,443,37473,0,1358,17
1584503143.606834,10.10.0.10,173.194.187.70,,,37473,443,0,37,17
1584503143.609619,173.194.187.70,10.10.0.10,,,443,37473,0,1358,17
1584503143.614079,173.194.187.70,10.10.0.10,,,443,37473,0,1358,17
1584503143.616428,10.10.0.10,173.194.187.70,,,37473,443,0,37,17
1584503143.6185422,173.194.187.70,10.10.0.10,,,443,37473,0,1358,17
1584503143.6229868,173.194.187.70,10.10.0.10,,,443,37473,0,1358,17
1584503143.624812,10.10.0.10,173.194.187.70,,,37473,443,0,37,17
1584503143.627442,173.194.187.70,10.10.0.10,,,443,37473,0,1358,17
1584503143.631896,173.194.187.70,10.10.0.10,,,443,37473,0,1358,17
1584503143.634177,10.10.0.10,173.194.187.70,,,37473,443,0,50,17
1584503143.636346,173.194.187.70,10.10.0.10,,,443,37473,0,1358,17
1584503143.6408038,173.194.187.70,10.10.0.10,,,443,37473,0,1358,17
1584503143.642314,10.10.0.10,173.194.187.70,,,37473,443,0,37,17
1584503143.6452599,173.194.187.70,10.10.0.10,,,443,37473,0,1358,17
1584503143.6497278,173.194.187.70,10.10.0.10,,,443,37473,0,1358,17
1584503143.651308,10.10.0.10,173.194.187.70,,,37473,443,0,37,17
1584503143.654168,173.194.187.70,10.10.0.10,,,443,37473,0,1358,17
1584503143.658623,173.194.187.70,10.10.0.10,,,443,37473,0,1358,17
1584503143.660058,10.10.0.10,173.194.187.70,,,37473,443,0,37,17
1584503143.6630766,173.194.187.70,10.10.0.10,,,443,37473,0,1358,17
1584503143.667541,173.194.187.70,10.10.0.10,,,443,37473,0,1358,17
1584503143.670182,10.10.0.10,173.194.187.70,,,37473,443,0,37,17
1584503143.671985,173.194.187.70,10.10.0.10,,,443,37473,0,1358,17
1584503143.676441,173.194.187.70,10.10.0.10,,,443,37473,0,1358,17
1584503143.6784532,10.10.0.10,173.194.187.70,,,37473,443,0,37,17
1584503143.680897,173.194.187.70,10.10.0.10,,,443,37473,0,1358,17
1584503143.6853492,173.194.187.70,10.10.0.10,,,443,37473,0,1358,17
1584503143.6869252,10.10.0.10,173.194.187.70,,,37473,443,0,37,17
1584503143.6898036,173.194.187.70,10.10.0.10,,,443,37473,0,1358,17
1584503143.694257,173.194.187.70,10.10.0.10,,,443,37473,0,1358,17
1584503143.696058,10.10.0.10,173.194.187.70,,,37473,443,0,37,17
1584503143.6987276,173.194.187.70,10.10.0.10,,,443,37473,0,1358,17
1584503143.703168,173.194.187.70,10.10.0.10,,,443,37473,0,1358,17
1584503143.7048285,10.10.0.10,173.194.187.70,,,37473,443,0,37,17
1584503143.707621,173.194.187.70,10.10.0.10,,,443,37473,0,1358,17
1584503143.71207,173.194.187.70,10.10.0.10,,,443,37473,0,1358,17
1584503143.713702,10.10.0.10,173.194.187.70,,,37473,443,0,37,17
1584503143.7165391,173.194.187.70,10.10.0.10,,,443,37473,0,1358,17
1584503143.720985,173.194.187.70,10.10.0.10,,,443,37473,0,1358,17
1584503143.723077,10.10.0.10,173.194.187.70,,,37473,443,0,37,17
1584503143.72544,173.194.187.70,10.10.0.10,,,443,37473,0,1358,17
1584503143.7298932,173.194.187.70,10.10.0.10,,,443,37473,0,1358,17
1584503143.73268,10.10.0.10,173.194.187.70,,,37473,443,0,37,17
1584503143.7343528,173.194.187.70,10.10.0.10,,,443,37473,0,1358,17
1584503143.738802,173.194.187.70,10.10.0.10,,,443,37473,0,1358,17
1584503143.7408,10.10.0.10,173.194.187.70,,,37473,443,0,37,17
1584503143.743258,173.194.187.70,10.10.0.10,,,443,37473,0,1358,17
1584503143.747711,173.194.187.70,10.10.0.10,,,443,37473,0,1358,17
1584503143.749324,10.10.0.10,173.194.187.70,,,37473,443,0,37,17
1584503143.7521589,173.194.187.70,10.10.0.10,,,443,37473,0,1358,17
1584503143.756619,173.194.187.70,10.10.0.10,,,443,37473,0,1358,17
1584503143.758179,10.10.0.10,173.194.187.70,,,37473,443,0,37,17
1584503143.7610724,173.194.187.70,10.10.0.10,,,443,37473,0,1358,17
1584503143.765524,173.194.187.70,10.10.0.10,,,443,37473,0,1358,17
1584503143.766927,10.10.0.10,173.194.187.70,,,37473,443,0,37,17
1584503143.769983,173.194.187.70,10.10.0.10,,,443,37473,0,1358,17
1584503143.7744372,173.194.187.70,10.10.0.10,,,443,37473,0,1358,17
1584503143.778554,10.10.0.10,173.194.187.70,,,37473,443,0,37,17
1584503143.7788868,173.194.187.70,10.10.0.10,,,443,37473,0,1358,17
1584503143.783352,173.194.187.70,10.10.0.10,,,443,37473,0,1358,17
1584503143.7849288,10.10.0.10,173.194.187.70,,,37473,443,0,37,17
1584503143.787801,173.194.187.70,10.10.0.10,,,443,37473,0,1358,17
1584503143.792249,173.194.187.70,10.10.0.10,,,443,37473,0,1358,17
1584503143.7956452,10.10.0.10,173.194.187.70,,,37473,443,0,37,17
1584503143.796706,173.194.187.70,10.10.0.10,,,443,37473,0,1358,17
1584503143.8011572,173.194.187.70,10.10.0.10,,,443,37473,0,1358,17
1584503143.802766,10.10.0.10,173.194.187.70,,,37473,443,0,37,17
1584503143.805614,173.194.187.70,10.10.0.10,,,443,37473,0,1358,17
1584503143.810066,173.194.187.70,10.10.0.10,,,443,37473,0,1358,17
1584503143.812041,10.10.0.10,173.194.187.70,,,37473,443,0,50,17
1584503143.814526,173.194.187.70,10.10.0.10,,,443,37473,0,1358,17
1584503143.818974,173.194.187.70,10.10.0.10,,,443,37473,0,1358,17
1584503143.820562,10.10.0.10,173.194.187.70,,,37473,443,0,37,17
1584503143.823428,173.194.187.70,10.10.0.10,,,443,37473,0,1358,17
1584503143.8278859,173.194.187.70,10.10.0.10,,,443,37473,0,1358,17
1584503143.8295171,10.10.0.10,173.194.187.70,,,37473,443,0,37,17
1584503143.832335,173.194.187.70,10.10.0.10,,,443,37473,0,1358,17
1584503143.836792,173.194.187.70,10.10.0.10,,,443,37473,0,1358,17
1584503143.839428,10.10.0.10,173.194.187.70,,,37473,443,0,37,17
1584503143.841247,173.194.187.70,10.10.0.10,,,443,37473,0,1358,17
1584503143.845706,173.194.187.70,10.10.0.10,,,443,37473,0,1358,17
1584503143.8475509,10.10.0.10,173.194.187.70,,,37473,443,0,37,17
1584503143.850162,173.194.187.70,10.10.0.10,,,443,37473,0,1358,17
1584503143.8546169,173.194.187.70,10.10.0.10,,,443,37473,0,1358,17
1584503143.8589635,10.10.0.10,173.194.187.70,,,37473,443,0,37,17
1584503143.859083,173.194.187.70,10.10.0.10,,,443,37473,0,1358,17
1584503143.863519,173.194.187.70,10.10.0.10,,,443,37473,0,1358,17
1584503143.8651962,10.10.0.10,173.194.187.70,,,37473,443,0,37,17
1584503143.8679779,173.194.187.70,10.10.0.10,,,443,37473,0,1358,17
1584503143.872432,173.194.187.70,10.10.0.10,,,443,37473,0,1358,17
1584503143.874394,10.10.0.10,173.194.187.70,,,37473,443,0,37,17
1584503143.876889,173.194.187.70,10.10.0.10,,,443,37473,0,1358,17
1584503143.881336,173.194.187.70,10.10.0.10,,,443,37473,0,1358,17
1584503143.8834212,10.10.0.10,173.194.187.70,,,37473,443,0,37,17
1584503143.885791,173.194.187.70,10.10.0.10,,,443,37473,0,1358,17
1584503143.8902452,173.194.187.70,10.10.0.10,,,443,37473,0,1358,17
1584503143.8919349,10.10.0.10,173.194.187.70,,,37473,443,0,37,17
1584503143.8947036,173.194.187.70,10.10.0.10,,,443,37473,0,1358,17
1584503143.899157,173.194.187.70,10.10.0.10,,,443,37473,0,1358,17
1584503143.900809,10.10.0.10,173.194.187.70,,,37473,443,0,37,17
1584503143.903614,173.194.187.70,10.10.0.10,,,443,37473,0,1358,17
1584503143.9080641,173.194.187.70,10.10.0.10,,,443,37473,0,1358,17
1584503143.911074,10.10.0.10,173.194.187.70,,,37473,443,0,37,17
1584503143.9125214,173.194.187.70,10.10.0.10,,,443,37473,0,1358,17
1584503143.916978,173.194.187.70,10.10.0.10,,,443,37473,0,1358,17
1584503143.9190722,10.10.0.10,173.194.187.70,,,37473,443,0,37,17
1584503143.9214268,173.194.187.70,10.10.0.10,,,443,37473,0,1358,17
1584503143.9258852,173.194.187.70,10.10.0.10,,,443,37473,0,1358,17
1584503143.9275134,10.10.0.10,173.194.187.70,,,37473,443,0,37,17
1584503143.9303381,173.194.187.70,10.10.0.10,,,443,37473,0,1358,17
1584503143.9347892,173.194.187.70,10.10.0.10,,,443,37473,0,1358,17
1584503143.9388,10.10.0.10,173.194.187.70,,,37473,443,0,37,17
1584503143.9392428,173.194.187.70,10.10.0.10,,,443,37473,0,1358,17
1584503143.943706,173.194.187.70,10.10.0.10,,,443,37473,0,1358,17
1584503143.945694,10.10.0.10,173.194.187.70,,,37473,443,0,37,17
1584503143.948154,173.194.187.70,10.10.0.10,,,443,37473,0,1358,17
1584503143.952613,173.194.187.70,10.10.0.10,,,443,37473,0,1358,17
1584503143.9542036,10.10.0.10,173.194.187.70,,,37473,443,0,37,17
1584503143.957082,173.194.187.70,10.10.0.10,,,443,37473,0,1358,17
1584503143.961532,173.194.187.70,10.10.0.10,,,443,37473,0,1358,17
1584503143.96305,10.10.0.10,173.194.187.70,,,37473,443,0,37,17
1584503143.965971,173.194.187.70,10.10.0.10,,,443,37473,0,1358,17
1584503143.9704268,173.194.187.70,10.10.0.10,,,443,37473,0,1358,17
1584503143.9748778,173.194.187.70,10.10.0.10,,,443,37473,0,1358,17
1584503143.9793315,173.194.187.70,10.10.0.10,,,443,37473,0,1358,17
1584503143.9837868,173.194.187.70,10.10.0.10,,,443,37473,0,1358,17
1584503143.988241,173.194.187.70,10.10.0.10,,,443,37473,0,1358,17
1584503143.992717,173.194.187.70,10.10.0.10,,,443,37473,0,1358,17
1584503143.996684,10.10.0.10,173.194.187.70,,,37473,443,0,37,17
1584503143.997055,10.10.0.10,173.194.187.70,,,37473,443,0,37,17
1584503143.997306,10.10.0.10,173.194.187.70,,,37473,443,0,50,17
1584503144.002178,173.194.187.70,10.10.0.10,,,443,37473,0,1358,17
1584503144.002213,173.194.187.70,10.10.0.10,,,443,37473,0,1358,17
1584503144.0044188,10.10.0.10,173.194.187.70,,,37473,443,0,37,17
1584503144.009451,173.194.187.70,10.10.0.10,,,443,37473,0,1358,17
1584503144.01052,173.194.187.70,10.10.0.10,,,443,37473,0,1358,17
1584503144.014386,10.10.0.10,173.194.187.70,,,37473,443,0,37,17
1584503144.019607,173.194.187.70,10.10.0.10,,,443,37473,0,1358,17
1584503144.0196445,173.194.187.70,10.10.0.10,,,443,37473,0,1358,17
1584503144.021326,10.10.0.10,173.194.187.70,,,37473,443,0,37,17
1584503144.026709,173.194.187.70,10.10.0.10,,,443,37473,0,1358,17
1584503144.0283332,173.194.187.70,10.10.0.10,,,443,37473,0,1358,17
1584503144.029295,10.10.0.10,173.194.187.70,,,37473,443,0,37,17
1584503144.0344198,173.194.187.70,10.10.0.10,,,443,37473,0,1358,17
1584503144.036443,10.10.0.10,173.194.187.70,,,37473,443,0,37,17
1584503144.0372498,173.194.187.70,10.10.0.10,,,443,37473,0,1358,17
1584503144.043622,173.194.187.70,10.10.0.10,,,443,37473,0,1358,17
1584503144.0456922,10.10.0.10,173.194.187.70,,,37473,443,0,37,17
1584503144.046151,173.194.187.70,10.10.0.10,,,443,37473,0,1358,17
1584503144.0506964,173.194.187.70,10.10.0.10,,,443,37473,0,1358,17
1584503144.052289,10.10.0.10,173.194.187.70,,,37473,443,0,37,17
1584503144.055058,173.194.187.70,10.10.0.10,,,443,37473,0,1358,17
1584503144.05953,173.194.187.70,10.10.0.10,,,443,37473,0,1358,17
1584503144.062174,10.10.0.10,173.194.187.70,,,37473,443,0,37,17
1584503144.063968,173.194.187.70,10.10.0.10,,,443,37473,0,1358,17
1584503144.068426,173.194.187.70,10.10.0.10,,,443,37473,0,1358,17
1584503144.069926,10.10.0.10,173.194.187.70,,,37473,443,0,37,17
1584503144.072883,173.194.187.70,10.10.0.10,,,443,37473,0,1358,17
1584503144.0773304,173.194.187.70,10.10.0.10,,,443,37473,0,1358,17
1584503144.079173,10.10.0.10,173.194.187.70,,,37473,443,0,37,17
1584503144.08179,173.194.187.70,10.10.0.10,,,443,37473,0,1358,17
1584503144.0862439,173.194.187.70,10.10.0.10,,,443,37473,0,1358,17
1584503144.0878198,10.10.0.10,173.194.187.70,,,37473,443,0,37,17
1584503144.0907161,173.194.187.70,10.10.0.10,,,443,37473,0,1358,17
1584503144.0951526,173.194.187.70,10.10.0.10,,,443,37473,0,1358,17
1584503144.096801,10.10.0.10,173.194.187.70,,,37473,443,0,37,17
1584503144.099607,173.194.187.70,10.10.0.10,,,443,37473,0,1358,17
1584503144.104057,173.194.187.70,10.10.0.10,,,443,37473,0,1358,17
1584503144.1059198,10.10.0.10,173.194.187.70,,,37473,443,0,37,17
1584503144.108527,173.194.187.70,10.10.0.10,,,443,37473,0,1358,17
1584503144.1129732,173.194.187.70,10.10.0.10,,,443,37473,0,1358,17
1584503144.114795,10.10.0.10,173.194.187.70,,,37473,443,0,37,17
1584503144.117426,173.194.187.70,10.10.0.10,,,443,37473,0,1358,17
1584503144.1218884,173.194.187.70,10.10.0.10,,,443,37473,0,1358,17
1584503144.123538,10.10.0.10,173.194.187.70,,,37473,443,0,37,17
1584503144.126341,173.194.187.70,10.10.0.10,,,443,37473,0,1358,17
1584503144.130789,173.194.187.70,10.10.0.10,,,443,37473,0,1358,17
1584503144.132299,10.10.0.10,173.194.187.70,,,37473,443,0,37,17
1584503144.135244,173.194.187.70,10.10.0.10,,,443,37473,0,1358,17
1584503144.139692,173.194.187.70,10.10.0.10,,,443,37473,0,1358,17
1584503144.1416678,10.10.0.10,173.194.187.70,,,37473,443,0,37,17
1584503144.1441472,173.194.187.70,10.10.0.10,,,443,37473,0,1358,17
1584503144.148602,173.194.187.70,10.10.0.10,,,443,37473,0,1358,17
1584503144.150314,10.10.0.10,173.194.187.70,,,37473,443,0,37,17
1584503144.153064,173.194.187.70,10.10.0.10,,,443,37473,0,1358,17
1584503144.157526,173.194.187.70,10.10.0.10,,,443,37473,0,1358,17
1584503144.1595519,10.10.0.10,173.194.187.70,,,37473,443,0,37,17
1584503144.161969,173.194.187.70,10.10.0.10,,,443,37473,0,1358,17
1584503144.166424,173.194.187.70,10.10.0.10,,,443,37473,0,1358,17
1584503144.1686714,10.10.0.10,173.194.187.70,,,37473,443,0,50,17
1584503144.1708796,173.194.187.70,10.10.0.10,,,443,37473,0,1358,17
1584503144.1753411,173.194.187.70,10.10.0.10,,,443,37473,0,1358,17
1584503144.177562,10.10.0.10,173.194.187.70,,,37473,443,0,37,17
1584503144.179788,173.194.187.70,10.10.0.10,,,443,37473,0,1358,17
1584503144.1842382,173.194.187.70,10.10.0.10,,,443,37473,0,1358,17
1584503144.18643,10.10.0.10,173.194.187.70,,,37473,443,0,37,17
1584503144.188713,173.194.187.70,10.10.0.10,,,443,37473,0,1358,17
1584503144.193153,173.194.187.70,10.10.0.10,,,443,37473,0,1358,17
1584503144.195297,10.10.0.10,173.194.187.70,,,37473,443,0,37,17
1584503144.197604,173.194.187.70,10.10.0.10,,,443,37473,0,1358,17
1584503144.2020578,173.194.187.70,10.10.0.10,,,443,37473,0,1358,17
1584503144.203667,10.10.0.10,173.194.187.70,,,37473,443,0,37,17
1584503144.2065241,173.194.187.70,10.10.0.10,,,443,37473,0,1358,17
1584503144.210968,173.194.187.70,10.10.0.10,,,443,37473,0,29,17
1584503144.211161,173.194.187.70,10.10.0.10,,,443,37473,0,1358,17
1584503144.214315,10.10.0.10,173.194.187.70,,,37473,443,0,37,17
1584503144.2156231,173.194.187.70,10.10.0.10,,,443,37473,0,1358,17
1584503144.220073,173.194.187.70,10.10.0.10,,,443,37473,0,1358,17
1584503144.2216866,10.10.0.10,173.194.187.70,,,37473,443,0,37,17
1584503144.224534,173.194.187.70,10.10.0.10,,,443,37473,0,1358,17
1584503144.2289882,173.194.187.70,10.10.0.10,,,443,37473,0,1358,17
1584503144.231041,10.10.0.10,173.194.187.70,,,37473,443,0,37,17
1584503144.2334616,173.194.187.70,10.10.0.10,,,443,37473,0,1358,17
1584503144.2378988,173.194.187.70,10.10.0.10,,,443,37473,0,1358,17
1584503144.239436,10.10.0.10,173.194.187.70,,,37473,443,0,37,17
1584503144.242352,173.194.187.70,10.10.0.10,,,443,37473,0,1358,17
1584503144.246807,173.194.187.70,10.10.0.10,,,443,37473,0,1358,17
1584503144.2488108,10.10.0.10,173.194.187.70,,,37473,443,0,37,17
1584503144.251274,173.194.187.70,10.10.0.10,,,443,37473,0,1358,17
1584503144.255713,173.194.187.70,10.10.0.10,,,443,37473,0,1358,17
1584503144.2579136,10.10.0.10,173.194.187.70,,,37473,443,0,37,17
1584503144.2601626,173.194.187.70,10.10.0.10,,,443,37473,0,1358,17
1584503144.2646232,173.194.187.70,10.10.0.10,,,443,37473,0,1358,17
1584503144.266811,10.10.0.10,173.194.187.70,,,37473,443,0,37,17
1584503144.2690868,173.194.187.70,10.10.0.10,,,443,37473,0,1358,17
1584503144.273531,173.194.187.70,10.10.0.10,,,443,37473,0,1358,17
1584503144.275809,10.10.0.10,173.194.187.70,,,37473,443,0,37,17
1584503144.277984,173.194.187.70,10.10.0.10,,,443,37473,0,1358,17
1584503144.2824588,173.194.187.70,10.10.0.10,,,443,37473,0,1358,17
1584503144.284033,10.10.0.10,173.194.187.70,,,37473,443,0,37,17
1584503144.2868981,173.194.187.70,10.10.0.10,,,443,37473,0,1358,17
1584503144.2913704,173.194.187.70,10.10.0.10,,,443,37473,0,1358,17
1584503144.2930598,10.10.0.10,173.194.187.70,,,37473,443,0,37,17
1584503144.2958045,173.194.187.70,10.10.0.10,,,443,37473,0,1358,17
1584503144.300258,173.194.187.70,10.10.0.10,,,443,37473,0,1358,17
1584503144.3023126,10.10.0.10,173.194.187.70,,,37473,443,0,37,17
1584503144.3047118,173.194.187.70,10.10.0.10,,,443,37473,0,1358,17
1584503144.3091671,173.194.187.70,10.10.0.10,,,443,37473,0,1358,17
1584503144.310657,10.10.0.10,173.194.187.70,,,37473,443,0,37,17
1584503144.3136199,173.194.187.70,10.10.0.10,,,443,37473,0,1358,17
1584503144.318086,173.194.187.70,10.10.0.10,,,443,37473,0,1358,17
1584503144.3198938,10.10.0.10,173.194.187.70,,,37473,443,0,37,17
1584503144.32253,173.194.187.70,10.10.0.10,,,443,37473,0,1358,17
1584503144.326983,173.194.187.70,10.10.0.10,,,443,37473,0,1358,17
1584503144.3288052,10.10.0.10,173.194.187.70,,,37473,443,0,37,17
1584503144.3314588,173.194.187.70,10.10.0.10,,,443,37473,0,1358,17
1584503144.335896,173.194.187.70,10.10.0.10,,,443,37473,0,1358,17
1584503144.3375616,10.10.0.10,173.194.187.70,,,37473,443,0,37,17
1584503144.340343,173.194.187.70,10.10.0.10,,,443,37473,0,1358,17
1584503144.344801,173.194.187.70,10.10.0.10,,,443,37473,0,1358,17
1584503144.346807,10.10.0.10,173.194.187.70,,,37473,443,0,50,17
1584503144.3492699,173.194.187.70,10.10.0.10,,,443,37473,0,1358,17
1584503144.3537116,173.194.187.70,10.10.0.10,,,443,37473,0,1358,17
1584503144.355419,10.10.0.10,173.194.187.70,,,37473,443,0,37,17
1584503144.358165,173.194.187.70,10.10.0.10,,,443,37473,0,1358,17
1584503144.3626199,173.194.187.70,10.10.0.10,,,443,37473,0,1358,17
1584503144.364434,10.10.0.10,173.194.187.70,,,37473,443,0,37,17
1584503144.3670845,173.194.187.70,10.10.0.10,,,443,37473,0,1358,17
1584503144.371528,173.194.187.70,10.10.0.10,,,443,37473,0,1358,17
1584503144.3733091,10.10.0.10,173.194.187.70,,,37473,443,0,37,17
1584503144.375977,173.194.187.70,10.10.0.10,,,443,37473,0,1358,17
1584503144.380455,173.194.187.70,10.10.0.10,,,443,37473,0,1358,17
1584503144.3824134,10.10.0.10,173.194.187.70,,,37473,443,0,37,17
1584503144.3848946,173.194.187.70,10.10.0.10,,,443,37473,0,1358,17
1584503144.389345,173.194.187.70,10.10.0.10,,,443,37473,0,1358,17
1584503144.391162,10.10.0.10,173.194.187.70,,,37473,443,0,37,17
1584503144.393799,173.194.187.70,10.10.0.10,,,443,37473,0,1358,17
1584503144.3982694,173.194.187.70,10.10.0.10,,,443,37473,0,1358,17
1584503144.399808,10.10.0.10,173.194.187.70,,,37473,443,0,37,17
1584503144.4027116,173.194.187.70,10.10.0.10,,,443,37473,0,1358,17
1584503144.407162,173.194.187.70,10.10.0.10,,,443,37473,0,1358,17
1584503144.4087868,10.10.0.10,173.194.187.70,,,37473,443,0,37,17
1584503144.411617,173.194.187.70,10.10.0.10,,,443,37473,0,1358,17
1584503144.416067,173.194.187.70,10.10.0.10,,,443,37473,0,1358,17
1584503144.41768,10.10.0.10,173.194.187.70,,,37473,443,0,37,17
1584503144.4205296,173.194.187.70,10.10.0.10,,,443,37473,0,1358,17
1584503144.424982,173.194.187.70,10.10.0.10,,,443,37473,0,1358,17
1584503144.426408,10.10.0.10,173.194.187.70,,,37473,443,0,37,17
1584503144.429455,173.194.187.70,10.10.0.10,,,443,37473,0,1358,17
1584503144.4338932,173.194.187.70,10.10.0.10,,,443,37473,0,1358,17
1584503144.43566,10.10.0.10,173.194.187.70,,,37473,443,0,37,17
1584503144.438344,173.194.187.70,10.10.0.10,,,443,37473,0,1358,17
1584503144.4428,173.194.187.70,10.10.0.10,,,443,37473,0,1358,17
1584503144.4445686,10.10.0.10,173.194.187.70,,,37473,443,0,37,17
1584503144.4472678,173.194.187.70,10.10.0.10,,,443,37473,0,1358,17
1584503144.451708,173.194.187.70,10.10.0.10,,,443,37473,0,1358,17
1584503144.4545536,10.10.0.10,173.194.187.70,,,37473,443,0,37,17
1584503144.4561565,173.194.187.70,10.10.0.10,,,443,37473,0,1358,17
1584503144.4606106,173.194.187.70,10.10.0.10,,,443,37473,0,1358,17
1584503144.4623039,10.10.0.10,173.194.187.70,,,37473,443,0,37,17
1584503144.465082,173.194.187.70,10.10.0.10,,,443,37473,0,1358,17
1584503144.469527,173.194.187.70,10.10.0.10,,,443,37473,0,1358,17
1584503144.4710321,10.10.0.10,173.194.187.70,,,37473,443,0,37,17
1584503144.473979,173.194.187.70,10.10.0.10,,,443,37473,0,1358,17
1584503144.4784539,173.194.187.70,10.10.0.10,,,443,37473,0,1358,17
1584503144.4800026,10.10.0.10,173.194.187.70,,,37473,443,0,37,17
1584503144.4828908,173.194.187.70,10.10.0.10,,,443,37473,0,1358,17
1584503144.4873412,173.194.187.70,10.10.0.10,,,443,37473,0,1358,17
1584503144.488935,10.10.0.10,173.194.187.70,,,37473,443,0,37,17
1584503144.491792,173.194.187.70,10.10.0.10,,,443,37473,0,1358,17
1584503144.496246,173.194.187.70,10.10.0.10,,,443,37473,0,1358,17
1584503144.497803,10.10.0.10,173.194.187.70,,,37473,443,0,37,17
1584503144.500702,173.194.187.70,10.10.0.10,,,443,37473,0,1358,17
1584503144.505161,173.194.187.70,10.10.0.10,,,443,37473,0,1358,17
1584503144.5071628,10.10.0.10,173.194.187.70,,,37473,443,0,37,17
1584503144.509614,173.194.187.70,10.10.0.10,,,443,37473,0,1358,17
1584503144.514081,173.194.187.70,10.10.0.10,,,443,37473,0,1358,17
1584503144.515785,10.10.0.10,173.194.187.70,,,37473,443,0,37,17
1584503144.5185251,173.194.187.70,10.10.0.10,,,443,37473,0,1358,17
1584503144.5229788,173.194.187.70,10.10.0.10,,,443,37473,0,1358,17
1584503144.524549,10.10.0.10,173.194.187.70,,,37473,443,0,50,17
1584503144.5274508,173.194.187.70,10.10.0.10,,,443,37473,0,1358,17
1584503144.5318902,173.194.187.70,10.10.0.10,,,443,37473,0,1358,17
1584503144.533408,10.10.0.10,173.194.187.70,,,37473,443,0,37,17
1584503144.536337,173.194.187.70,10.10.0.10,,,443,37473,0,1358,17
1584503144.540796,173.194.187.70,10.10.0.10,,,443,37473,0,1358,17
1584503144.54241,10.10.0.10,173.194.187.70,,,37473,443,0,37,17
1584503144.545265,173.194.187.70,10.10.0.10,,,443,37473,0,1358,17
1584503144.549705,173.194.187.70,10.10.0.10,,,443,37473,0,1358,17
1584503144.551559,10.10.0.10,173.194.187.70,,,37473,443,0,37,17
1584503144.554159,173.194.187.70,10.10.0.10,,,443,37473,0,1358,17
1584503144.558614,173.194.187.70,10.10.0.10,,,443,37473,0,1358,17
1584503144.5610409,10.10.0.10,173.194.187.70,,,37473,443,0,37,17
1584503144.563066,173.194.187.70,10.10.0.10,,,443,37473,0,1358,17
1584503144.5675216,173.194.187.70,10.10.0.10,,,443,37473,0,1358,17
1584503144.5692818,10.10.0.10,173.194.187.70,,,37473,443,0,37,17
1584503144.571976,173.194.187.70,10.10.0.10,,,443,37473,0,1358,17
1584503144.576442,173.194.187.70,10.10.0.10,,,443,37473,0,1358,17
1584503144.578021,10.10.0.10,173.194.187.70,,,37473,443,0,37,17
1584503144.580889,173.194.187.70,10.10.0.10,,,443,37473,0,1358,17
1584503144.5853386,173.194.187.70,10.10.0.10,,,443,37473,0,1358,17
1584503144.5874062,10.10.0.10,173.194.187.70,,,37473,443,0,37,17
1584503144.589794,173.194.187.70,10.10.0.10,,,443,37473,0,1358,17
1584503144.5942461,173.194.187.70,10.10.0.10,,,443,37473,0,1358,17
1584503144.595905,10.10.0.10,173.194.187.70,,,37473,443,0,37,17
1584503144.5987039,173.194.187.70,10.10.0.10,,,443,37473,0,1358,17
1584503144.603157,173.194.187.70,10.10.0.10,,,443,37473,0,1358,17
1584503144.604657,10.10.0.10,173.194.187.70,,,37473,443,0,37,17
1584503144.607609,173.194.187.70,10.10.0.10,,,443,37473,0,1358,17
1584503144.61206,173.194.187.70,10.10.0.10,,,443,37473,0,1358,17
1584503144.6138,10.10.0.10,173.194.187.70,,,37473,443,0,37,17
1584503144.616519,173.194.187.70,10.10.0.10,,,443,37473,0,1358,17
1584503144.620976,173.194.187.70,10.10.0.10,,,443,37473,0,1358,17
1584503144.622802,10.10.0.10,173.194.187.70,,,37473,443,0,37,17
1584503144.62545,173.194.187.70,10.10.0.10,,,443,37473,0,1358,17
1584503144.629888,173.194.187.70,10.10.0.10,,,443,37473,0,1358,17
1584503144.631905,10.10.0.10,173.194.187.70,,,37473,443,0,37,17
1584503144.6343331,173.194.187.70,10.10.0.10,,,443,37473,0,1358,17
1584503144.638793,173.194.187.70,10.10.0.10,,,443,37473,0,1358,17
1584503144.6404035,10.10.0.10,173.194.187.70,,,37473,443,0,37,17
1584503144.643263,173.194.187.70,10.10.0.10,,,443,37473,0,1358,17
1584503144.647702,173.194.187.70,10.10.0.10,,,443,37473,0,1358,17
1584503144.649411,10.10.0.10,173.194.187.70,,,37473,443,0,37,17
1584503144.6521502,173.194.187.70,10.10.0.10,,,443,37473,0,1358,17
1584503144.65661,173.194.187.70,10.10.0.10,,,443,37473,0,1358,17
1584503144.658925,10.10.0.10,173.194.187.70,,,37473,443,0,37,17
1584503144.6610682,173.194.187.70,10.10.0.10,,,443,37473,0,1358,17
1584503144.665518,173.194.187.70,10.10.0.10,,,443,37473,0,1358,17
1584503144.6671548,10.10.0.10,173.194.187.70,,,37473,443,0,37,17
1584503144.6699688,173.194.187.70,10.10.0.10,,,443,37473,0,1358,17
1584503144.674448,173.194.187.70,10.10.0.10,,,443,37473,0,1358,17
1584503144.6781552,10.10.0.10,173.194.187.70,,,37473,443,0,37,17
1584503144.6788864,173.194.187.70,10.10.0.10,,,443,37473,0,1358,17
1584503144.6833308,173.194.187.70,10.10.0.10,,,443,37473,0,1358,17
1584503144.6847868,10.10.0.10,173.194.187.70,,,37473,443,0,37,17
1584503144.687791,173.194.187.70,10.10.0.10,,,443,37473,0,1358,17
1584503144.692239,173.194.187.70,10.10.0.10,,,443,37473,0,1358,17
1584503144.693896,10.10.0.10,173.194.187.70,,,37473,443,0,37,17
1584503144.696701,173.194.187.70,10.10.0.10,,,443,37473,0,1358,17
1584503144.701153,173.194.187.70,10.10.0.10,,,443,37473,0,1358,17
1584503144.7034278,10.10.0.10,173.194.187.70,,,37473,443,0,50,17
1584503144.705608,173.194.187.70,10.10.0.10,,,443,37473,0,1358,17
1584503144.710074,173.194.187.70,10.10.0.10,,,443,37473,0,1358,17
1584503144.711905,10.10.0.10,173.194.187.70,,,37473,443,0,37,17
1584503144.714518,173.194.187.70,10.10.0.10,,,443,37473,0,1358,17
1584503144.7189722,173.194.187.70,10.10.0.10,,,443,37473,0,1358,17
1584503144.7211714,10.10.0.10,173.194.187.70,,,37473,443,0,37,17
1584503144.7234461,173.194.187.70,10.10.0.10,,,443,37473,0,1358,17
1584503144.727885,173.194.187.70,10.10.0.10,,,443,37473,0,1358,17
1584503144.7294214,10.10.0.10,173.194.187.70,,,37473,443,0,37,17
1584503144.7323296,173.194.187.70,10.10.0.10,,,443,37473,0,1358,17
1584503144.7367911,173.194.187.70,10.10.0.10,,,443,37473,0,1358,17
1584503144.7385461,10.10.0.10,173.194.187.70,,,37473,443,0,37,17
1584503144.74126,173.194.187.70,10.10.0.10,,,443,37473,0,1358,17
1584503144.745698,173.194.187.70,10.10.0.10,,,443,37473,0,1358,17
1584503144.7471519,10.10.0.10,173.194.187.70,,,37473,443,0,37,17
1584503144.7501512,173.194.187.70,10.10.0.10,,,443,37473,0,1358,17
1584503144.754605,173.194.187.70,10.10.0.10,,,443,37473,0,1358,17
1584503144.7561634,10.10.0.10,173.194.187.70,,,37473,443,0,37,17
1584503144.759074,173.194.187.70,10.10.0.10,,,443,37473,0,1358,17
1584503144.76351,173.194.187.70,10.10.0.10,,,443,37473,0,1358,17
1584503144.7651556,10.10.0.10,173.194.187.70,,,37473,443,0,37,17
1584503144.767968,173.194.187.70,10.10.0.10,,,443,37473,0,1358,17
1584503144.772419,173.194.187.70,10.10.0.10,,,443,37473,0,1358,17
1584503144.774025,10.10.0.10,173.194.187.70,,,37473,443,0,37,17
1584503144.7768724,173.194.187.70,10.10.0.10,,,443,37473,0,1358,17
1584503144.7813349,173.194.187.70,10.10.0.10,,,443,37473,0,1358,17
1584503144.7830524,10.10.0.10,173.194.187.70,,,37473,443,0,37,17
1584503144.785789,173.194.187.70,10.10.0.10,,,443,37473,0,1358,17
1584503144.790255,173.194.187.70,10.10.0.10,,,443,37473,0,1358,17
1584503144.791902,10.10.0.10,173.194.187.70,,,37473,443,0,37,17
1584503144.794697,173.194.187.70,10.10.0.10,,,443,37473,0,1358,17
1584503144.79915,173.194.187.70,10.10.0.10,,,443,37473,0,1358,17
1584503144.8011706,10.10.0.10,173.194.187.70,,,37473,443,0,37,17
1584503144.803605,173.194.187.70,10.10.0.10,,,443,37473,0,1358,17
1584503144.8080552,173.194.187.70,10.10.0.10,,,443,37473,0,1358,17
1584503144.809794,10.10.0.10,173.194.187.70,,,37473,443,0,37,17
1584503144.8125148,173.194.187.70,10.10.0.10,,,443,37473,0,1358,17
1584503144.8169641,173.194.187.70,10.10.0.10,,,443,37473,0,1358,17
1584503144.819864,10.10.0.10,173.194.187.70,,,37473,443,0,37,17
1584503144.8214188,173.194.187.70,10.10.0.10,,,443,37473,0,1358,17
1584503144.8258722,173.194.187.70,10.10.0.10,,,443,37473,0,1358,17
1584503144.828797,10.10.0.10,173.194.187.70,,,37473,443,0,37,17
1584503144.8303251,173.194.187.70,10.10.0.10,,,443,37473,0,1358,17
1584503144.8347788,173.194.187.70,10.10.0.10,,,443,37473,0,1358,17
1584503144.8362901,10.10.0.10,173.194.187.70,,,37473,443,0,37,17
1584503144.8392394,173.194.187.70,10.10.0.10,,,443,37473,0,1358,17
1584503144.843688,173.194.187.70,10.10.0.10,,,443,37473,0,1358,17
1584503144.845651,10.10.0.10,173.194.187.70,,,37473,443,0,37,17
1584503144.8481402,173.194.187.70,10.10.0.10,,,443,37473,0,1358,17
1584503144.8525982,173.194.187.70,10.10.0.10,,,443,37473,0,1358,17
1584503144.8541136,10.10.0.10,173.194.187.70,,,37473,443,0,37,17
1584503144.857051,173.194.187.70,10.10.0.10,,,443,37473,0,1358,17
1584503144.861506,173.194.187.70,10.10.0.10,,,443,37473,0,1358,17
1584503144.864274,10.10.0.10,173.194.187.70,,,37473,443,0,37,17
1584503144.86596,173.194.187.70,10.10.0.10,,,443,37473,0,1358,17
1584503144.870431,173.194.187.70,10.10.0.10,,,443,37473,0,1358,17
1584503144.8728,10.10.0.10,173.194.187.70,,,37473,443,0,37,17
1584503144.874867,173.194.187.70,10.10.0.10,,,443,37473,0,1358,17
1584503144.8793252,173.194.187.70,10.10.0.10,,,443,37473,0,1358,17
1584503144.880906,10.10.0.10,173.194.187.70,,,37473,443,0,50,17
1584503144.883784,173.194.187.70,10.10.0.10,,,443,37473,0,1358,17
1584503144.888233,173.194.187.70,10.10.0.10,,,443,37473,0,1358,17
1584503144.8915448,10.10.0.10,173.194.187.70,,,37473,443,0,37,17
1584503144.8926866,173.194.187.70,10.10.0.10,,,443,37473,0,1358,17
1584503144.897146,173.194.187.70,10.10.0.10,,,443,37473,0,1358,17
1584503144.898737,10.10.0.10,173.194.187.70,,,37473,443,0,37,17
1584503144.901596,173.194.187.70,10.10.0.10,,,443,37473,0,1358,17
1584503144.906054,173.194.187.70,10.10.0.10,,,443,37473,0,1358,17
1584503144.907495,10.10.0.10,173.194.187.70,,,37473,443,0,37,17
1584503144.910506,173.194.187.70,10.10.0.10,,,443,37473,0,1358,17
1584503144.9149618,173.194.187.70,10.10.0.10,,,443,37473,0,1358,17
1584503144.917398,10.10.0.10,173.194.187.70,,,37473,443,0,37,17
1584503144.919414,173.194.187.70,10.10.0.10,,,443,37473,0,1358,17
1584503144.9238794,173.194.187.70,10.10.0.10,,,443,37473,0,1358,17
1584503144.9259279,10.10.0.10,173.194.187.70,,,37473,443,0,37,17
1584503144.9283216,173.194.187.70,10.10.0.10,,,443,37473,0,1358,17
1584503144.932784,173.194.187.70,10.10.0.10,,,443,37473,0,1358,17
1584503144.9345422,10.10.0.10,173.194.187.70,,,37473,443,0,37,17
1584503144.93725,173.194.187.70,10.10.0.10,,,443,37473,0,1358,17
1584503144.9416866,173.194.187.70,10.10.0.10,,,443,37473,0,1358,17
1584503144.9447742,10.10.0.10,173.194.187.70,,,37473,443,0,37,17
1584503144.9461439,173.194.187.70,10.10.0.10,,,443,37473,0,1358,17
1584503144.950596,173.194.187.70,10.10.0.10,,,443,37473,0,1358,17
1584503144.952416,10.10.0.10,173.194.187.70,,,37473,443,0,37,17
1584503144.95505,173.194.187.70,10.10.0.10,,,443,37473,0,1358,17
1584503144.959501,173.194.187.70,10.10.0.10,,,443,37473,0,1358,17
1584503144.962286,10.10.0.10,173.194.187.70,,,37473,443,0,37,17
1584503144.963956,173.194.187.70,10.10.0.10,,,443,37473,0,1358,17
1584503144.96841,173.194.187.70,10.10.0.10,,,443,37473,0,1358,17
1584503144.9705384,10.10.0.10,173.194.187.70,,,37473,443,0,37,17
1584503144.9728658,173.194.187.70,10.10.0.10,,,443,37473,0,1358,17
1584503144.97732,173.194.187.70,10.10.0.10,,,443,37473,0,1358,17
1584503144.979289,10.10.0.10,173.194.187.70,,,37473,443,0,37,17
1584503144.981774,173.194.187.70,10.10.0.10,,,443,37473,0,1358,17
1584503144.986234,173.194.187.70,10.10.0.10,,,443,37473,0,1358,17
1584503144.9877868,10.10.0.10,173.194.187.70,,,37473,443,0,37,17
1584503144.9906864,173.194.187.70,10.10.0.10,,,443,37473,0,1358,17
1584503144.9951394,173.194.187.70,10.10.0.10,,,443,37473,0,1358,17
1584503144.9971068,10.10.0.10,173.194.187.70,,,37473,443,0,37,17
1584503144.999591,173.194.187.70,10.10.0.10,,,443,37473,0,1358,17
1584503145.004045,173.194.187.70,10.10.0.10,,,443,37473,0,1358,17
1584503145.0056198,10.10.0.10,173.194.187.70,,,37473,443,0,37,17
1584503145.0085,173.194.187.70,10.10.0.10,,,443,37473,0,1358,17
1584503145.012954,173.194.187.70,10.10.0.10,,,443,37473,0,1358,17
1584503145.014905,10.10.0.10,173.194.187.70,,,37473,443,0,37,17
1584503145.017422,173.194.187.70,10.10.0.10,,,443,37473,0,1358,17
1584503145.0218658,173.194.187.70,10.10.0.10,,,443,37473,0,1358,17
1584503145.024143,10.10.0.10,173.194.187.70,,,37473,443,0,37,17
1584503145.026318,173.194.187.70,10.10.0.10,,,443,37473,0,1358,17
1584503145.030782,173.194.187.70,10.10.0.10,,,443,37473,0,1358,17
1584503145.0331652,10.10.0.10,173.194.187.70,,,37473,443,0,37,17
1584503145.0352292,173.194.187.70,10.10.0.10,,,443,37473,0,1358,17
1584503145.039681,173.194.187.70,10.10.0.10,,,443,37473,0,1358,17
1584503145.041611,10.10.0.10,173.194.187.70,,,37473,443,0,37,17
1584503145.04414,173.194.187.70,10.10.0.10,,,443,37473,0,1358,17
1584503145.048594,173.194.187.70,10.10.0.10,,,443,37473,0,1358,17
1584503145.050261,10.10.0.10,173.194.187.70,,,37473,443,0,37,17
1584503145.053051,173.194.187.70,10.10.0.10,,,443,37473,0,1358,17
1584503145.057502,173.194.187.70,10.10.0.10,,,443,37473,0,1358,17
1584503145.059028,10.10.0.10,173.194.187.70,,,37473,443,0,50,17
1584503145.061961,173.194.187.70,10.10.0.10,,,443,37473,0,1358,17
1584503145.0664132,173.194.187.70,10.10.0.10,,,443,37473,0,1358,17
1584503145.0681412,10.10.0.10,173.194.187.70,,,37473,443,0,37,17
1584503145.0708652,173.194.187.70,10.10.0.10,,,443,37473,0,1358,17
1584503145.0753224,173.194.187.70,10.10.0.10,,,443,37473,0,1358,17
1584503145.0771608,10.10.0.10,173.194.187.70,,,37473,443,0,37,17
1584503145.079777,173.194.187.70,10.10.0.10,,,443,37473,0,1358,17
1584503145.0842268,173.194.187.70,10.10.0.10,,,443,37473,0,1358,17
1584503145.0857599,10.10.0.10,173.194.187.70,,,37473,443,0,37,17
1584503145.0886881,173.194.187.70,10.10.0.10,,,443,37473,0,1358,17
1584503145.093143,173.194.187.70,10.10.0.10,,,443,37473,0,1358,17
1584503145.095641,10.10.0.10,173.194.187.70,,,37473,443,0,37,17
1584503145.097594,173.194.187.70,10.10.0.10,,,443,37473,0,1358,17
1584503145.1020641,173.194.187.70,10.10.0.10,,,443,37473,0,1358,17
1584503145.1038911,10.10.0.10,173.194.187.70,,,37473,443,0,37,17
1584503145.106503,173.194.187.70,10.10.0.10,,,443,37473,0,1358,17
1584503145.1109571,173.194.187.70,10.10.0.10,,,443,37473,0,1358,17
1584503145.112518,10.10.0.10,173.194.187.70,,,37473,443,0,37,17
1584503145.1154108,173.194.187.70,10.10.0.10,,,443,37473,0,1358,17
1584503145.119872,173.194.187.70,10.10.0.10,,,443,37473,0,1358,17
1584503145.1215148,10.10.0.10,173.194.187.70,,,37473,443,0,37,17
1584503145.1243162,173.194.187.70,10.10.0.10,,,443,37473,0,1358,17
1584503145.128777,173.194.187.70,10.10.0.10,,,443,37473,0,1358,17
1584503145.130392,10.10.0.10,173.194.187.70,,,37473,443,0,37,17
1584503145.133232,173.194.187.70,10.10.0.10,,,443,37473,0,1358,17
1584503145.137686,173.194.187.70,10.10.0.10,,,443,37473,0,1358,17
1584503145.1392686,10.10.0.10,173.194.187.70,,,37473,443,0,37,17
1584503145.1421351,173.194.187.70,10.10.0.10,,,443,37473,0,1358,17
1584503145.146592,173.194.187.70,10.10.0.10,,,443,37473,0,1358,17
1584503145.147983,10.10.0.10,173.194.187.70,,,37473,443,0,37,17
1584503145.151062,173.194.187.70,10.10.0.10,,,443,37473,0,1358,17
1584503145.155503,173.194.187.70,10.10.0.10,,,443,37473,0,1358,17
1584503145.1571398,10.10.0.10,173.194.187.70,,,37473,443,0,37,17
1584503145.159959,173.194.187.70,10.10.0.10,,,443,37473,0,1358,17
1584503145.164425,173.194.187.70,10.10.0.10,,,443,37473,0,1358,17
1584503145.168864,173.194.187.70,10.10.0.10,,,443,37473,0,1358,17
1584503145.1733198,173.194.187.70,10.10.0.10,,,443,37473,0,1358,17
1584503145.1777742,173.194.187.70,10.10.0.10,,,443,37473,0,1358,17
1584503145.1822278,173.194.187.70,10.10.0.10,,,443,37473,0,1358,17
1584503145.1866848,173.194.187.70,10.10.0.10,,,443,37473,0,1358,17
1584503145.2028859,10.10.0.10,173.194.187.70,,,37473,443,0,37,17
1584503145.20341,10.10.0.10,173.194.187.70,,,37473,443,0,37,17
1584503145.205129,10.10.0.10,173.194.187.70,,,37473,443,0,37,17
1584503145.2079716,173.194.187.70,10.10.0.10,,,443,37473,0,1358,17
1584503145.210032,10.10.0.10,173.194.187.70,,,37473,443,0,37,17
1584503145.213234,173.194.187.70,10.10.0.10,,,443,37473,0,1358,17
1584503145.2132692,173.194.187.70,10.10.0.10,,,443,37473,0,1358,17
1584503145.216414,10.10.0.10,173.194.187.70,,,37473,443,0,37,17
1584503145.2217062,173.194.187.70,10.10.0.10,,,443,37473,0,1358,17
1584503145.2217422,173.194.187.70,10.10.0.10,,,443,37473,0,1358,17
1584503145.223769,10.10.0.10,173.194.187.70,,,37473,443,0,37,17
1584503145.2259398,173.194.187.70,10.10.0.10,,,443,37473,0,1358,17
1584503145.2303982,173.194.187.70,10.10.0.10,,,443,37473,0,1358,17
1584503145.232137,10.10.0.10,173.194.187.70,,,37473,443,0,37,17
1584503145.2348444,173.194.187.70,10.10.0.10,,,443,37473,0,1358,17
1584503145.23931,173.194.187.70,10.10.0.10,,,443,37473,0,1358,17
1584503145.241388,10.10.0.10,173.194.187.70,,,37473,443,0,37,17
1584503145.243758,173.194.187.70,10.10.0.10,,,443,37473,0,1358,17
1584503145.248207,173.194.187.70,10.10.0.10,,,443,37473,0,1358,17
1584503145.25268,173.194.187.70,10.10.0.10,,,443,37473,0,1358,17
1584503145.257116,173.194.187.70,10.10.0.10,,,443,37473,0,1358,17
1584503145.261575,173.194.187.70,10.10.0.10,,,443,37473,0,1358,17
1584503145.2660296,173.194.187.70,10.10.0.10,,,443,37473,0,1358,17
1584503145.270494,173.194.187.70,10.10.0.10,,,443,37473,0,1358,17
1584503145.274938,173.194.187.70,10.10.0.10,,,443,37473,0,1358,17
1584503145.278039,10.10.0.10,173.194.187.70,,,37473,443,0,50,17
1584503145.279393,173.194.187.70,10.10.0.10,,,443,37473,0,1358,17
1584503145.281013,10.10.0.10,173.194.187.70,,,37473,443,0,37,17
1584503145.282887,10.10.0.10,173.194.187.70,,,37473,443,0,37,17
1584503145.283513,10.10.0.10,173.194.187.70,,,37473,443,0,37,17
1584503145.2838428,173.194.187.70,10.10.0.10,,,443,37473,0,1358,17
1584503145.2852602,10.10.0.10,173.194.187.70,,,37473,443,0,37,17
1584503145.2882981,173.194.187.70,10.10.0.10,,,443,37473,0,1358,17
1584503145.292752,173.194.187.70,10.10.0.10,,,443,37473,0,1358,17
1584503145.2943866,10.10.0.10,173.194.187.70,,,37473,443,0,37,17
1584503145.29721,173.194.187.70,10.10.0.10,,,443,37473,0,1358,17
1584503145.301664,173.194.187.70,10.10.0.10,,,443,37473,0,1358,17
1584503145.30328,10.10.0.10,173.194.187.70,,,37473,443,0,37,17
1584503145.30612,173.194.187.70,10.10.0.10,,,443,37473,0,1358,17
1584503145.310574,173.194.187.70,10.10.0.10,,,443,37473,0,1358,17
1584503145.3122652,10.10.0.10,173.194.187.70,,,37473,443,0,37,17
1584503145.315027,173.194.187.70,10.10.0.10,,,443,37473,0,1358,17
1584503145.3194802,173.194.187.70,10.10.0.10,,,443,37473,0,1358,17
1584503145.3211555,10.10.0.10,173.194.187.70,,,37473,443,0,37,17
1584503145.3239412,173.194.187.70,10.10.0.10,,,443,37473,0,1358,17
1584503145.3283875,173.194.187.70,10.10.0.10,,,443,37473,0,1358,17
1584503145.330029,10.10.0.10,173.194.187.70,,,37473,443,0,37,17
1584503145.332847,173.194.187.70,10.10.0.10,,,443,37473,0,1358,17
1584503145.3372989,173.194.187.70,10.10.0.10,,,443,37473,0,1358,17
1584503145.3389044,10.10.0.10,173.194.187.70,,,37473,443,0,37,17
1584503145.341758,173.194.187.70,10.10.0.10,,,443,37473,0,1358,17
1584503145.346208,173.194.187.70,10.10.0.10,,,443,37473,0,1358,17
1584503145.347904,10.10.0.10,173.194.187.70,,,37473,443,0,37,17
1584503145.350658,173.194.187.70,10.10.0.10,,,443,37473,0,1358,17
1584503145.355118,173.194.187.70,10.10.0.10,,,443,37473,0,1358,17
1584503145.357008,10.10.0.10,173.194.187.70,,,37473,443,0,37,17
1584503145.3595731,173.194.187.70,10.10.0.10,,,443,37473,0,1358,17
1584503145.364022,173.194.187.70,10.10.0.10,,,443,37473,0,1358,17
1584503145.365778,10.10.0.10,173.194.187.70,,,37473,443,0,37,17
1584503145.368491,173.194.187.70,10.10.0.10,,,443,37473,0,1358,17
1584503145.372936,173.194.187.70,10.10.0.10,,,443,37473,0,1358,17
1584503145.3751252,10.10.0.10,173.194.187.70,,,37473,443,0,37,17
1584503145.3773901,173.194.187.70,10.10.0.10,,,443,37473,0,1358,17
1584503145.3818474,173.194.187.70,10.10.0.10,,,443,37473,0,1358,17
1584503145.383388,10.10.0.10,173.194.187.70,,,37473,443,0,37,17
1584503145.386304,173.194.187.70,10.10.0.10,,,443,37473,0,1358,17
1584503145.390757,173.194.187.70,10.10.0.10,,,443,37473,0,1358,17
1584503145.3922632,10.10.0.10,173.194.187.70,,,37473,443,0,37,17
1584503145.3952081,173.194.187.70,10.10.0.10,,,443,37473,0,1358,17
1584503145.399676,173.194.187.70,10.10.0.10,,,443,37473,0,1358,17
1584503145.401256,10.10.0.10,173.194.187.70,,,37473,443,0,37,17
1584503145.4041116,173.194.187.70,10.10.0.10,,,443,37473,0,1358,17
1584503145.4085698,173.194.187.70,10.10.0.10,,,443,37473,0,1358,17
1584503145.410527,10.10.0.10,173.194.187.70,,,37473,443,0,37,17
1584503145.4130268,173.194.187.70,10.10.0.10,,,443,37473,0,1358,17
1584503145.4174852,173.194.187.70,10.10.0.10,,,443,37473,0,1358,17
1584503145.419256,10.10.0.10,173.194.187.70,,,37473,443,0,37,17
1584503145.4219394,173.194.187.70,10.10.0.10,,,443,37473,0,1358,17
1584503145.4263892,173.194.187.70,10.10.0.10,,,443,37473,0,1358,17
1584503145.428637,10.10.0.10,173.194.187.70,,,37473,443,0,50,17
1584503145.430846,173.194.187.70,10.10.0.10,,,443,37473,0,1358,17
1584503145.435304,173.194.187.70,10.10.0.10,,,443,37473,0,1358,17
1584503145.436776,10.10.0.10,173.194.187.70,,,37473,443,0,37,17
1584503145.4397519,173.194.187.70,10.10.0.10,,,443,37473,0,1358,17
1584503145.444201,173.194.187.70,10.10.0.10,,,443,37473,0,1358,17
1584503145.446151,10.10.0.10,173.194.187.70,,,37473,443,0,37,17
1584503145.448675,173.194.187.70,10.10.0.10,,,443,37473,0,1358,17
1584503145.453115,173.194.187.70,10.10.0.10,,,443,37473,0,1358,17
1584503145.45465,10.10.0.10,173.194.187.70,,,37473,443,0,37,17
1584503145.457569,173.194.187.70,10.10.0.10,,,443,37473,0,1358,17
1584503145.462024,173.194.187.70,10.10.0.10,,,443,37473,0,1358,17
1584503145.464247,10.10.0.10,173.194.187.70,,,37473,443,0,37,17
1584503145.4664881,173.194.187.70,10.10.0.10,,,443,37473,0,1358,17
1584503145.4709392,173.194.187.70,10.10.0.10,,,443,37473,0,1358,17
1584503145.4742749,10.10.0.10,173.194.187.70,,,37473,443,0,37,17
1584503145.475388,173.194.187.70,10.10.0.10,,,443,37473,0,1358,17
1584503145.479841,173.194.187.70,10.10.0.10,,,443,37473,0,1358,17
1584503145.48137,10.10.0.10,173.194.187.70,,,37473,443,0,37,17
1584503145.4842918,173.194.187.70,10.10.0.10,,,443,37473,0,1358,17
1584503145.488745,173.194.187.70,10.10.0.10,,,443,37473,0,1358,17
1584503145.490526,10.10.0.10,173.194.187.70,,,37473,443,0,37,17
1584503145.493201,173.194.187.70,10.10.0.10,,,443,37473,0,1358,17
1584503145.497675,173.194.187.70,10.10.0.10,,,443,37473,0,1358,17
1584503145.5012438,10.10.0.10,173.194.187.70,,,37473,443,0,37,17
1584503145.5021148,173.194.187.70,10.10.0.10,,,443,37473,0,1358,17
1584503145.5065641,173.194.187.70,10.10.0.10,,,443,37473,0,1358,17
1584503145.507976,10.10.0.10,173.194.187.70,,,37473,443,0,37,17
1584503145.511022,173.194.187.70,10.10.0.10,,,443,37473,0,1358,17
1584503145.5154748,173.194.187.70,10.10.0.10,,,443,37473,0,1358,17
1584503145.517129,10.10.0.10,173.194.187.70,,,37473,443,0,37,17
1584503145.5199401,173.194.187.70,10.10.0.10,,,443,37473,0,1358,17
1584503145.524382,173.194.187.70,10.10.0.10,,,443,37473,0,1358,17
1584503145.526149,10.10.0.10,173.194.187.70,,,37473,443,0,37,17
1584503145.52884,173.194.187.70,10.10.0.10,,,443,37473,0,1358,17
1584503145.533298,173.194.187.70,10.10.0.10,,,443,37473,0,1358,17
1584503145.535003,10.10.0.10,173.194.187.70,,,37473,443,0,37,17
1584503145.537748,173.194.187.70,10.10.0.10,,,443,37473,0,1358,17
1584503145.542205,173.194.187.70,10.10.0.10,,,443,37473,0,1358,17
1584503145.543752,10.10.0.10,173.194.187.70,,,37473,443,0,37,17
1584503145.546673,173.194.187.70,10.10.0.10,,,443,37473,0,1358,17
1584503145.5511134,173.194.187.70,10.10.0.10,,,443,37473,0,1358,17
1584503145.552494,10.10.0.10,173.194.187.70,,,37473,443,0,37,17
1584503145.555566,173.194.187.70,10.10.0.10,,,443,37473,0,1358,17
1584503145.560015,173.194.187.70,10.10.0.10,,,443,37473,0,1358,17
1584503145.5617518,10.10.0.10,173.194.187.70,,,37473,443,0,37,17
1584503145.564486,173.194.187.70,10.10.0.10,,,443,37473,0,1358,17
1584503145.568929,173.194.187.70,10.10.0.10,,,443,37473,0,1358,17
1584503145.570745,10.10.0.10,173.194.187.70,,,37473,443,0,37,17
1584503145.573385,173.194.187.70,10.10.0.10,,,443,37473,0,1358,17
1584503145.5778394,173.194.187.70,10.10.0.10,,,443,37473,0,1358,17
1584503145.5803974,10.10.0.10,173.194.187.70,,,37473,443,0,37,17
1584503145.5823002,173.194.187.70,10.10.0.10,,,443,37473,0,1358,17
1584503145.5867472,173.194.187.70,10.10.0.10,,,443,37473,0,1358,17
1584503145.5895061,10.10.0.10,173.194.187.70,,,37473,443,0,37,17
1584503145.591204,173.194.187.70,10.10.0.10,,,443,37473,0,1358,17
1584503145.5956721,173.194.187.70,10.10.0.10,,,443,37473,0,1358,17
1584503145.5973892,10.10.0.10,173.194.187.70,,,37473,443,0,37,17
1584503145.600105,173.194.187.70,10.10.0.10,,,443,37473,0,1358,17
1584503145.604564,173.194.187.70,10.10.0.10,,,443,37473,0,1358,17
1584503145.606273,10.10.0.10,173.194.187.70,,,37473,443,0,50,17
1584503145.609017,173.194.187.70,10.10.0.10,,,443,37473,0,1358,17
1584503145.613484,173.194.187.70,10.10.0.10,,,443,37473,0,1358,17
1584503145.61552,10.10.0.10,173.194.187.70,,,37473,443,0,37,17
1584503145.6179268,173.194.187.70,10.10.0.10,,,443,37473,0,1358,17
1584503145.622386,173.194.187.70,10.10.0.10,,,443,37473,0,1358,17
1584503145.624491,10.10.0.10,173.194.187.70,,,37473,443,0,37,17
1584503145.6268358,173.194.187.70,10.10.0.10,,,443,37473,0,1358,17
1584503145.6312995,173.194.187.70,10.10.0.10,,,443,37473,0,1358,17
1584503145.6328778,10.10.0.10,173.194.187.70,,,37473,443,0,37,17
1584503145.6357439,173.194.187.70,10.10.0.10,,,443,37473,0,1358,17
1584503145.640195,173.194.187.70,10.10.0.10,,,443,37473,0,1358,17
1584503145.6416268,10.10.0.10,173.194.187.70,,,37473,443,0,37,17
1584503145.64467,173.194.187.70,10.10.0.10,,,443,37473,0,1358,17
1584503145.649108,173.194.187.70,10.10.0.10,,,443,37473,0,1358,17
1584503145.6507502,10.10.0.10,173.194.187.70,,,37473,443,0,37,17
1584503145.6535628,173.194.187.70,10.10.0.10,,,443,37473,0,1358,17
1584503145.658033,173.194.187.70,10.10.0.10,,,443,37473,0,1358,17
1584503145.659895,10.10.0.10,173.194.187.70,,,37473,443,0,37,17
1584503145.662483,173.194.187.70,10.10.0.10,,,443,37473,0,1358,17
1584503145.6669269,173.194.187.70,10.10.0.10,,,443,37473,0,1358,17
1584503145.668873,10.10.0.10,173.194.187.70,,,37473,443,0,37,17
1584503145.6713822,173.194.187.70,10.10.0.10,,,443,37473,0,1358,17
1584503145.675835,173.194.187.70,10.10.0.10,,,443,37473,0,1358,17
1584503145.6786275,10.10.0.10,173.194.187.70,,,37473,443,0,37,17
1584503145.6802852,173.194.187.70,10.10.0.10,,,443,37473,0,1358,17
1584503145.684743,173.194.187.70,10.10.0.10,,,443,37473,0,1358,17
1584503145.6861148,10.10.0.10,173.194.187.70,,,37473,443,0,37,17
1584503145.689198,173.194.187.70,10.10.0.10,,,443,37473,0,1358,17
1584503145.6936526,173.194.187.70,10.10.0.10,,,443,37473,0,1358,17
1584503145.697753,10.10.0.10,173.194.187.70,,,37473,443,0,37,17
1584503145.698104,173.194.187.70,10.10.0.10,,,443,37473,0,1358,17
1584503145.7025628,173.194.187.70,10.10.0.10,,,443,37473,0,1358,17
1584503145.7042658,10.10.0.10,173.194.187.70,,,37473,443,0,37,17
1584503145.707026,173.194.187.70,10.10.0.10,,,443,37473,0,1358,17
1584503145.7114804,173.194.187.70,10.10.0.10,,,443,37473,0,1358,17
1584503145.714144,10.10.0.10,173.194.187.70,,,37473,443,0,37,17
1584503145.715934,173.194.187.70,10.10.0.10,,,443,37473,0,1358,17
1584503145.720375,173.194.187.70,10.10.0.10,,,443,37473,0,1358,17
1584503145.722392,10.10.0.10,173.194.187.70,,,37473,443,0,37,17
1584503145.724832,173.194.187.70,10.10.0.10,,,443,37473,0,1358,17
1584503145.729295,173.194.187.70,10.10.0.10,,,443,37473,0,1358,17
1584503145.730997,10.10.0.10,173.194.187.70,,,37473,443,0,37,17
1584503145.733742,173.194.187.70,10.10.0.10,,,443,37473,0,1358,17
1584503145.7381961,173.194.187.70,10.10.0.10,,,443,37473,0,1358,17
1584503145.7398634,10.10.0.10,173.194.187.70,,,37473,443,0,37,17
1584503145.742667,173.194.187.70,10.10.0.10,,,443,37473,0,1358,17
1584503145.7471054,173.194.187.70,10.10.0.10,,,443,37473,0,1358,17
1584503145.7487679,10.10.0.10,173.194.187.70,,,37473,443,0,37,17
1584503145.751561,173.194.187.70,10.10.0.10,,,443,37473,0,1358,17
1584503145.7560089,173.194.187.70,10.10.0.10,,,443,37473,0,1358,17
1584503145.7576258,10.10.0.10,173.194.187.70,,,37473,443,0,37,17
1584503145.7604802,173.194.187.70,10.10.0.10,,,443,37473,0,1358,17
1584503145.7649221,173.194.187.70,10.10.0.10,,,443,37473,0,1358,17
1584503145.766642,10.10.0.10,173.194.187.70,,,37473,443,0,37,17
1584503145.769377,173.194.187.70,10.10.0.10,,,443,37473,0,1358,17
1584503145.7738314,173.194.187.70,10.10.0.10,,,443,37473,0,1358,17
1584503145.7756429,10.10.0.10,173.194.187.70,,,37473,443,0,37,17
1584503145.7782931,173.194.187.70,10.10.0.10,,,443,37473,0,1358,17
1584503145.7827392,173.194.187.70,10.10.0.10,,,443,37473,0,1358,17
1584503145.7844892,10.10.0.10,173.194.187.70,,,37473,443,0,50,17
1584503145.787195,173.194.187.70,10.10.0.10,,,443,37473,0,1358,17
1584503145.791665,173.194.187.70,10.10.0.10,,,443,37473,0,1358,17
1584503145.7935162,10.10.0.10,173.194.187.70,,,37473,443,0,37,17
1584503145.796099,173.194.187.70,10.10.0.10,,,443,37473,0,1358,17
1584503145.800559,173.194.187.70,10.10.0.10,,,443,37473,0,1358,17
1584503145.80239,10.10.0.10,173.194.187.70,,,37473,443,0,37,17
1584503145.8050132,173.194.187.70,10.10.0.10,,,443,37473,0,1358,17
1584503145.809479,173.194.187.70,10.10.0.10,,,443,37473,0,1358,17
1584503145.8113902,10.10.0.10,173.194.187.70,,,37473,443,0,37,17
1584503145.8139234,173.194.187.70,10.10.0.10,,,443,37473,0,1358,17
1584503145.818375,173.194.187.70,10.10.0.10,,,443,37473,0,1358,17
1584503145.8198738,10.10.0.10,173.194.187.70,,,37473,443,0,37,17
1584503145.822832,173.194.187.70,10.10.0.10,,,443,37473,0,1358,17
1584503145.8272932,173.194.187.70,10.10.0.10,,,443,37473,0,1358,17
1584503145.829737,10.10.0.10,173.194.187.70,,,37473,443,0,37,17
1584503145.8317351,173.194.187.70,10.10.0.10,,,443,37473,0,1358,17
1584503145.836189,173.194.187.70,10.10.0.10,,,443,37473,0,1358,17
1584503145.838113,10.10.0.10,173.194.187.70,,,37473,443,0,37,17
1584503145.840647,173.194.187.70,10.10.0.10,,,443,37473,0,1358,17
1584503145.8451052,173.194.187.70,10.10.0.10,,,443,37473,0,1358,17
1584503145.847141,10.10.0.10,173.194.187.70,,,37473,443,0,37,17
1584503145.8495526,173.194.187.70,10.10.0.10,,,443,37473,0,1358,17
1584503145.854022,173.194.187.70,10.10.0.10,,,443,37473,0,1358,17
1584503145.8558939,10.10.0.10,173.194.187.70,,,37473,443,0,37,17
1584503145.8584778,173.194.187.70,10.10.0.10,,,443,37473,0,1358,17
1584503145.862918,173.194.187.70,10.10.0.10,,,443,37473,0,1358,17
1584503145.865486,10.10.0.10,173.194.187.70,,,37473,443,0,37,17
1584503145.8673725,173.194.187.70,10.10.0.10,,,443,37473,0,1358,17
1584503145.871826,173.194.187.70,10.10.0.10,,,443,37473,0,1358,17
1584503145.873344,10.10.0.10,173.194.187.70,,,37473,443,0,37,17
1584503145.8762774,173.194.187.70,10.10.0.10,,,443,37473,0,1358,17
1584503145.880733,173.194.187.70,10.10.0.10,,,443,37473,0,1358,17
1584503145.883744,10.10.0.10,173.194.187.70,,,37473,443,0,37,17
1584503145.885186,173.194.187.70,10.10.0.10,,,443,37473,0,1358,17
1584503145.889647,173.194.187.70,10.10.0.10,,,443,37473,0,1358,17
1584503145.891492,10.10.0.10,173.194.187.70,,,37473,443,0,37,17
1584503145.8940961,173.194.187.70,10.10.0.10,,,443,37473,0,1358,17
1584503145.8985548,173.194.187.70,10.10.0.10,,,443,37473,0,1358,17
1584503145.900242,10.10.0.10,173.194.187.70,,,37473,443,0,37,17
1584503145.9030142,173.194.187.70,10.10.0.10,,,443,37473,0,1358,17
1584503145.9074595,173.194.187.70,10.10.0.10,,,443,37473,0,1358,17
1584503145.9091089,10.10.0.10,173.194.187.70,,,37473,443,0,37,17
1584503145.9119172,173.194.187.70,10.10.0.10,,,443,37473,0,1358,17
1584503145.916369,173.194.187.70,10.10.0.10,,,443,37473,0,1358,17
1584503145.9183376,10.10.0.10,173.194.187.70,,,37473,443,0,37,17
1584503145.920823,173.194.187.70,10.10.0.10,,,443,37473,0,1358,17
1584503145.9252794,173.194.187.70,10.10.0.10,,,443,37473,0,1358,17
1584503145.9272122,10.10.0.10,173.194.187.70,,,37473,443,0,37,17
1584503145.929736,173.194.187.70,10.10.0.10,,,443,37473,0,1358,17
1584503145.934191,173.194.187.70,10.10.0.10,,,443,37473,0,1358,17
1584503145.9359732,10.10.0.10,173.194.187.70,,,37473,443,0,37,17
1584503145.938649,173.194.187.70,10.10.0.10,,,443,37473,0,1358,17
1584503145.9431012,173.194.187.70,10.10.0.10,,,443,37473,0,1358,17
1584503145.9458685,10.10.0.10,173.194.187.70,,,37473,443,0,37,17
1584503145.9475539,173.194.187.70,10.10.0.10,,,443,37473,0,1358,17
1584503145.9520028,173.194.187.70,10.10.0.10,,,443,37473,0,1358,17
1584503145.954366,10.10.0.10,173.194.187.70,,,37473,443,0,37,17
1584503145.956458,173.194.187.70,10.10.0.10,,,443,37473,0,1358,17
1584503145.960921,173.194.187.70,10.10.0.10,,,443,37473,0,1358,17
1584503145.9642339,10.10.0.10,173.194.187.70,,,37473,443,0,50,17
1584503145.96537,173.194.187.70,10.10.0.10,,,443,37473,0,1358,17
1584503145.9698212,173.194.187.70,10.10.0.10,,,443,37473,0,1358,17
1584503145.9714599,10.10.0.10,173.194.187.70,,,37473,443,0,37,17
1584503145.974277,173.194.187.70,10.10.0.10,,,443,37473,0,1358,17
1584503145.9787269,173.194.187.70,10.10.0.10,,,443,37473,0,1358,17
1584503145.981118,10.10.0.10,173.194.187.70,,,37473,443,0,37,17
1584503145.9831822,173.194.187.70,10.10.0.10,,,443,37473,0,1358,17
1584503145.9876409,173.194.187.70,10.10.0.10,,,443,37473,0,1358,17
1584503145.9892411,10.10.0.10,173.194.187.70,,,37473,443,0,37,17
1584503145.992089,173.194.187.70,10.10.0.10,,,443,37473,0,1358,17
1584503145.9965448,173.194.187.70,10.10.0.10,,,443,37473,0,1358,17
1584503145.9982598,10.10.0.10,173.194.187.70,,,37473,443,0,37,17
1584503146.001007,173.194.187.70,10.10.0.10,,,443,37473,0,1358,17
1584503146.0054722,173.194.187.70,10.10.0.10,,,443,37473,0,1358,17
1584503146.007638,10.10.0.10,173.194.187.70,,,37473,443,0,37,17
1584503146.0099142,173.194.187.70,10.10.0.10,,,443,37473,0,1358,17
1584503146.014366,173.194.187.70,10.10.0.10,,,443,37473,0,1358,17
1584503146.016084,10.10.0.10,173.194.187.70,,,37473,443,0,37,17
1584503146.0188189,173.194.187.70,10.10.0.10,,,443,37473,0,1358,17
1584503146.023272,173.194.187.70,10.10.0.10,,,443,37473,0,1358,17
1584503146.02499,10.10.0.10,173.194.187.70,,,37473,443,0,37,17
1584503146.0277262,173.194.187.70,10.10.0.10,,,443,37473,0,1358,17
1584503146.0321784,173.194.187.70,10.10.0.10,,,443,37473,0,1358,17
1584503146.034588,10.10.0.10,173.194.187.70,,,37473,443,0,37,17
1584503146.03664,173.194.187.70,10.10.0.10,,,443,37473,0,1358,17
1584503146.041089,173.194.187.70,10.10.0.10,,,443,37473,0,1358,17
1584503146.042867,10.10.0.10,173.194.187.70,,,37473,443,0,37,17
1584503146.045544,173.194.187.70,10.10.0.10,,,443,37473,0,1358,17
1584503146.050015,173.194.187.70,10.10.0.10,,,443,37473,0,1358,17
1584503146.0532498,10.10.0.10,173.194.187.70,,,37473,443,0,37,17
1584503146.054455,173.194.187.70,10.10.0.10,,,443,37473,0,1358,17
1584503146.0589092,173.194.187.70,10.10.0.10,,,443,37473,0,1358,17
1584503146.060459,10.10.0.10,173.194.187.70,,,37473,443,0,37,17
1584503146.0633626,173.194.187.70,10.10.0.10,,,443,37473,0,1358,17
1584503146.067815,173.194.187.70,10.10.0.10,,,443,37473,0,1358,17
1584503146.0697381,10.10.0.10,173.194.187.70,,,37473,443,0,37,17
1584503146.0722682,173.194.187.70,10.10.0.10,,,443,37473,0,1358,17
1584503146.076725,173.194.187.70,10.10.0.10,,,443,37473,0,1358,17
1584503146.078738,10.10.0.10,173.194.187.70,,,37473,443,0,37,17
1584503146.081181,173.194.187.70,10.10.0.10,,,443,37473,0,1358,17
1584503146.0856578,173.194.187.70,10.10.0.10,,,443,37473,0,1358,17
1584503146.0879712,10.10.0.10,173.194.187.70,,,37473,443,0,37,17
1584503146.09009,173.194.187.70,10.10.0.10,,,443,37473,0,1358,17
1584503146.0945492,173.194.187.70,10.10.0.10,,,443,37473,0,1358,17
1584503146.0972366,10.10.0.10,173.194.187.70,,,37473,443,0,37,17
1584503146.098999,173.194.187.70,10.10.0.10,,,443,37473,0,1358,17
1584503146.1034749,173.194.187.70,10.10.0.10,,,443,37473,0,1358,17
1584503146.105381,10.10.0.10,173.194.187.70,,,37473,443,0,37,17
1584503146.1079118,173.194.187.70,10.10.0.10,,,443,37473,0,1358,17
1584503146.112366,173.194.187.70,10.10.0.10,,,443,37473,0,1358,17
1584503146.114009,10.10.0.10,173.194.187.70,,,37473,443,0,37,17
1584503146.1168199,173.194.187.70,10.10.0.10,,,443,37473,0,1358,17
1584503146.1212704,173.194.187.70,10.10.0.10,,,443,37473,0,1358,17
1584503146.1228788,10.10.0.10,173.194.187.70,,,37473,443,0,37,17
1584503146.1257286,173.194.187.70,10.10.0.10,,,443,37473,0,1358,17
1584503146.130183,173.194.187.70,10.10.0.10,,,443,37473,0,1358,17
1584503146.1317382,10.10.0.10,173.194.187.70,,,37473,443,0,37,17
1584503146.134656,173.194.187.70,10.10.0.10,,,443,37473,0,1358,17
1584503146.1390932,173.194.187.70,10.10.0.10,,,443,37473,0,1358,17
1584503146.1407368,10.10.0.10,173.194.187.70,,,37473,443,0,50,17
1584503146.1435485,173.194.187.70,10.10.0.10,,,443,37473,0,1358,17
1584503146.1479962,173.194.187.70,10.10.0.10,,,443,37473,0,1358,17
1584503146.1496358,10.10.0.10,173.194.187.70,,,37473,443,0,37,17
1584503146.1524675,173.194.187.70,10.10.0.10,,,443,37473,0,1358,17
1584503146.1569116,173.194.187.70,10.10.0.10,,,443,37473,0,1358,17
1584503146.158361,10.10.0.10,173.194.187.70,,,37473,443,0,37,17
1584503146.1613634,173.194.187.70,10.10.0.10,,,443,37473,0,1358,17
1584503146.16582,173.194.187.70,10.10.0.10,,,443,37473,0,29,17
1584503146.1660118,173.194.187.70,10.10.0.10,,,443,37473,0,1358,17
1584503146.1704776,173.194.187.70,10.10.0.10,,,443,37473,0,1358,17
1584503146.1732602,10.10.0.10,173.194.187.70,,,37473,443,0,37,17
1584503146.17493,173.194.187.70,10.10.0.10,,,443,37473,0,1358,17
1584503146.17661,10.10.0.10,173.194.187.70,,,37473,443,0,37,17
1584503146.1794028,173.194.187.70,10.10.0.10,,,443,37473,0,1358,17
1584503146.183843,173.194.187.70,10.10.0.10,,,443,37473,0,1358,17
1584503146.1858606,10.10.0.10,173.194.187.70,,,37473,443,0,37,17
1584503146.188288,173.194.187.70,10.10.0.10,,,443,37473,0,1358,17
1584503146.192748,173.194.187.70,10.10.0.10,,,443,37473,0,1358,17
1584503146.194631,10.10.0.10,173.194.187.70,,,37473,443,0,37,17
1584503146.197217,173.194.187.70,10.10.0.10,,,443,37473,0,1358,17
1584503146.201659,173.194.187.70,10.10.0.10,,,443,37473,0,1358,17
1584503146.203632,10.10.0.10,173.194.187.70,,,37473,443,0,37,17
1584503146.20611,173.194.187.70,10.10.0.10,,,443,37473,0,1358,17
1584503146.210567,173.194.187.70,10.10.0.10,,,443,37473,0,1358,17
1584503146.215032,173.194.187.70,10.10.0.10,,,443,37473,0,1358,17
1584503146.2152338,10.10.0.10,173.194.187.70,,,37473,443,0,37,17
1584503146.2194722,173.194.187.70,10.10.0.10,,,443,37473,0,1358,17
1584503146.2211251,10.10.0.10,173.194.187.70,,,37473,443,0,37,17
1584503146.2239304,173.194.187.70,10.10.0.10,,,443,37473,0,1358,17
1584503146.228395,173.194.187.70,10.10.0.10,,,443,37473,0,1358,17
1584503146.2301102,10.10.0.10,173.194.187.70,,,37473,443,0,37,17
1584503146.232841,173.194.187.70,10.10.0.10,,,443,37473,0,1358,17
1584503146.2372851,173.194.187.70,10.10.0.10,,,443,37473,0,1358,17
1584503146.2393591,10.10.0.10,173.194.187.70,,,37473,443,0,37,17
1584503146.24175,173.194.187.70,10.10.0.10,,,443,37473,0,1358,17
1584503146.246215,173.194.187.70,10.10.0.10,,,443,37473,0,1358,17
1584503146.248375,10.10.0.10,173.194.187.70,,,37473,443,0,37,17
1584503146.250659,173.194.187.70,10.10.0.10,,,443,37473,0,1358,17
1584503146.255108,173.194.187.70,10.10.0.10,,,443,37473,0,1358,17
1584503146.256607,10.10.0.10,173.194.187.70,,,37473,443,0,37,17
1584503146.259557,173.194.187.70,10.10.0.10,,,443,37473,0,1358,17
1584503146.2640119,173.194.187.70,10.10.0.10,,,443,37473,0,1358,17
1584503146.2661068,10.10.0.10,173.194.187.70,,,37473,443,0,37,17
1584503146.268471,173.194.187.70,10.10.0.10,,,443,37473,0,1358,17
1584503146.272927,173.194.187.70,10.10.0.10,,,443,37473,0,1358,17
1584503146.2748802,10.10.0.10,173.194.187.70,,,37473,443,0,37,17
1584503146.277401,173.194.187.70,10.10.0.10,,,443,37473,0,1358,17
1584503146.2818394,173.194.187.70,10.10.0.10,,,443,37473,0,1358,17
1584503146.2836268,10.10.0.10,173.194.187.70,,,37473,443,0,37,17
1584503146.286289,173.194.187.70,10.10.0.10,,,443,37473,0,1358,17
1584503146.290745,173.194.187.70,10.10.0.10,,,443,37473,0,1358,17
1584503146.292498,10.10.0.10,173.194.187.70,,,37473,443,0,37,17
1584503146.2952151,173.194.187.70,10.10.0.10,,,443,37473,0,1358,17
1584503146.299648,173.194.187.70,10.10.0.10,,,443,37473,0,1358,17
1584503146.3012302,10.10.0.10,173.194.187.70,,,37473,443,0,37,17
1584503146.3041024,173.194.187.70,10.10.0.10,,,443,37473,0,1358,17
1584503146.308556,173.194.187.70,10.10.0.10,,,443,37473,0,1358,17
1584503146.310126,10.10.0.10,173.194.187.70,,,37473,443,0,37,17
1584503146.313027,173.194.187.70,10.10.0.10,,,443,37473,0,1358,17
1584503146.3174696,173.194.187.70,10.10.0.10,,,443,37473,0,1358,17
1584503146.319348,10.10.0.10,173.194.187.70,,,37473,443,0,50,17
1584503146.3219235,173.194.187.70,10.10.0.10,,,443,37473,0,1358,17
1584503146.3264,173.194.187.70,10.10.0.10,,,443,37473,0,1358,17
1584503146.3281252,10.10.0.10,173.194.187.70,,,37473,443,0,37,17
1584503146.3308382,173.194.187.70,10.10.0.10,,,443,37473,0,1358,17
1584503146.3352866,173.194.187.70,10.10.0.10,,,443,37473,0,1358,17
1584503146.3367276,10.10.0.10,173.194.187.70,,,37473,443,0,37,17
1584503146.3397431,173.194.187.70,10.10.0.10,,,443,37473,0,1358,17
1584503146.344192,173.194.187.70,10.10.0.10,,,443,37473,0,293,17
1584503146.345241,173.194.187.70,10.10.0.10,,,443,37473,0,29,17
1584503146.3460028,10.10.0.10,173.194.187.70,,,37473,443,0,37,17
1584503146.3671002,10.10.0.10,173.194.187.70,,,37473,443,0,743,17
1584503146.367126,10.10.0.10,173.194.187.70,,,37473,443,0,48,17
1584503146.371506,173.194.187.70,10.10.0.10,,,443,37473,0,29,17
1584503146.371681,173.194.187.70,10.10.0.10,,,443,37473,0,1358,17
1584503146.3717198,173.194.187.70,10.10.0.10,,,443,37473,0,1358,17
1584503146.3741028,10.10.0.10,173.194.187.70,,,37473,443,0,37,17
1584503146.3755212,173.194.187.70,10.10.0.10,,,443,37473,0,1358,17
1584503146.3799634,173.194.187.70,10.10.0.10,,,443,37473,0,1358,17
1584503146.38441,173.194.187.70,10.10.0.10,,,443,37473,0,1358,17
1584503146.3852222,10.10.0.10,173.194.187.70,,,37473,443,0,37,17
1584503146.3888721,173.194.187.70,10.10.0.10,,,443,37473,0,1358,17
1584503146.389225,10.10.0.10,173.194.187.70,,,37473,443,0,729,17
1584503146.390478,10.10.0.10,173.194.187.70,,,37473,443,0,37,17
1584503146.391603,10.10.0.10,173.194.187.70,,,37473,443,0,48,17
1584503146.3933382,173.194.187.70,10.10.0.10,,,443,37473,0,1358,17
1584503146.397779,173.194.187.70,10.10.0.10,,,443,37473,0,1358,17
1584503146.3994784,10.10.0.10,173.194.187.70,,,37473,443,0,37,17
1584503146.4022338,173.194.187.70,10.10.0.10,,,443,37473,0,1358,17
1584503146.406688,173.194.187.70,10.10.0.10,,,443,37473,0,1358,17
1584503146.40823,10.10.0.10,173.194.187.70,,,37473,443,0,37,17
1584503146.41115,173.194.187.70,10.10.0.10,,,443,37473,0,1358,17
1584503146.4155948,173.194.187.70,10.10.0.10,,,443,37473,0,1358,17
1584503146.417104,10.10.0.10,173.194.187.70,,,37473,443,0,37,17
1584503146.4200444,173.194.187.70,10.10.0.10,,,443,37473,0,1358,17
1584503146.4245222,173.194.187.70,10.10.0.10,,,443,37473,0,29,17
1584503146.4246972,173.194.187.70,10.10.0.10,,,443,37473,0,1358,17
1584503146.4268534,10.10.0.10,173.194.187.70,,,37473,443,0,37,17
1584503146.429162,173.194.187.70,10.10.0.10,,,443,37473,0,1358,17
1584503146.433614,173.194.187.70,10.10.0.10,,,443,37473,0,1358,17
1584503146.4357429,10.10.0.10,173.194.187.70,,,37473,443,0,37,17
1584503146.438084,173.194.187.70,10.10.0.10,,,443,37473,0,1358,17
1584503146.4425242,173.194.187.70,10.10.0.10,,,443,37473,0,1358,17
1584503146.443974,10.10.0.10,173.194.187.70,,,37473,443,0,37,17
1584503146.4469779,173.194.187.70,10.10.0.10,,,443,37473,0,1358,17
1584503146.45143,173.194.187.70,10.10.0.10,,,443,37473,0,1358,17
1584503146.453218,10.10.0.10,173.194.187.70,,,37473,443,0,37,17
1584503146.4559002,173.194.187.70,10.10.0.10,,,443,37473,0,1358,17
1584503146.460335,173.194.187.70,10.10.0.10,,,443,37473,0,1358,17
1584503146.463728,10.10.0.10,173.194.187.70,,,37473,443,0,37,17
1584503146.464794,173.194.187.70,10.10.0.10,,,443,37473,0,1358,17
1584503146.469262,173.194.187.70,10.10.0.10,,,443,37473,0,1358,17
1584503146.470995,10.10.0.10,173.194.187.70,,,37473,443,0,37,17
1584503146.4737082,173.194.187.70,10.10.0.10,,,443,37473,0,1358,17
1584503146.4781609,173.194.187.70,10.10.0.10,,,443,37473,0,1358,17
1584503146.480476,10.10.0.10,173.194.187.70,,,37473,443,0,37,17
1584503146.482613,173.194.187.70,10.10.0.10,,,443,37473,0,1358,17
1584503146.48708,173.194.187.70,10.10.0.10,,,443,37473,0,1358,17
1584503146.48884,10.10.0.10,173.194.187.70,,,37473,443,0,37,17
1584503146.4915226,173.194.187.70,10.10.0.10,,,443,37473,0,1358,17
1584503146.4959712,173.194.187.70,10.10.0.10,,,443,37473,0,1358,17
1584503146.4977438,10.10.0.10,173.194.187.70,,,37473,443,0,37,17
1584503146.50043,173.194.187.70,10.10.0.10,,,443,37473,0,1358,17
1584503146.5048974,173.194.187.70,10.10.0.10,,,443,37473,0,1358,17
1584503146.5064828,10.10.0.10,173.194.187.70,,,37473,443,0,37,17
1584503146.5093381,173.194.187.70,10.10.0.10,,,443,37473,0,1358,17
1584503146.513792,173.194.187.70,10.10.0.10,,,443,37473,0,1358,17
1584503146.5156,10.10.0.10,173.194.187.70,,,37473,443,0,37,17
1584503146.518269,173.194.187.70,10.10.0.10,,,443,37473,0,1358,17
1584503146.522707,173.194.187.70,10.10.0.10,,,443,37473,0,1358,17
1584503146.52485,10.10.0.10,173.194.187.70,,,37473,443,0,37,17
1584503146.527156,173.194.187.70,10.10.0.10,,,443,37473,0,1358,17
1584503146.5316124,173.194.187.70,10.10.0.10,,,443,37473,0,1358,17
1584503146.536061,173.194.187.70,10.10.0.10,,,443,37473,0,1358,17
1584503146.5405269,173.194.187.70,10.10.0.10,,,443,37473,0,1358,17
1584503146.544974,173.194.187.70,10.10.0.10,,,443,37473,0,1358,17
1584503146.5494292,173.194.187.70,10.10.0.10,,,443,37473,0,1358,17
1584503146.553895,173.194.187.70,10.10.0.10,,,443,37473,0,1358,17
1584503146.5567439,10.10.0.10,173.194.187.70,,,37473,443,0,37,17
1584503146.5578694,10.10.0.10,173.194.187.70,,,37473,443,0,37,17
1584503146.5583339,173.194.187.70,10.10.0.10,,,443,37473,0,1358,17
1584503146.559226,10.10.0.10,173.194.187.70,,,37473,443,0,37,17
1584503146.5601199,10.10.0.10,173.194.187.70,,,37473,443,0,37,17
1584503146.562791,173.194.187.70,10.10.0.10,,,443,37473,0,1358,17
1584503146.567268,173.194.187.70,10.10.0.10,,,443,37473,0,1358,17
1584503146.569,10.10.0.10,173.194.187.70,,,37473,443,0,50,17
1584503146.5717044,173.194.187.70,10.10.0.10,,,443,37473,0,1358,17
1584503146.576158,173.194.187.70,10.10.0.10,,,443,37473,0,1358,17
1584503146.5777268,10.10.0.10,173.194.187.70,,,37473,443,0,37,17
1584503146.5806134,173.194.187.70,10.10.0.10,,,443,37473,0,1358,17
1584503146.5850801,173.194.187.70,10.10.0.10,,,443,37473,0,29,17
1584503146.585257,173.194.187.70,10.10.0.10,,,443,37473,0,1358,17
1584503146.5865972,10.10.0.10,173.194.187.70,,,37473,443,0,37,17
1584503146.5897212,173.194.187.70,10.10.0.10,,,443,37473,0,1358,17
1584503146.594181,173.194.187.70,10.10.0.10,,,443,37473,0,1358,17
1584503146.596603,10.10.0.10,173.194.187.70,,,37473,443,0,37,17
1584503146.5986278,173.194.187.70,10.10.0.10,,,443,37473,0,1358,17
1584503146.603084,173.194.187.70,10.10.0.10,,,443,37473,0,1358,17
1584503146.605117,10.10.0.10,173.194.187.70,,,37473,443,0,37,17
1584503146.607538,173.194.187.70,10.10.0.10,,,443,37473,0,1358,17
1584503146.6119866,173.194.187.70,10.10.0.10,,,443,37473,0,1358,17
1584503146.6144724,10.10.0.10,173.194.187.70,,,37473,443,0,37,17
1584503146.616455,173.194.187.70,10.10.0.10,,,443,37473,0,1358,17
1584503146.620896,173.194.187.70,10.10.0.10,,,443,37473,0,1358,17
1584503146.6228669,10.10.0.10,173.194.187.70,,,37473,443,0,37,17
1584503146.6253562,173.194.187.70,10.10.0.10,,,443,37473,0,1358,17
1584503146.629808,173.194.187.70,10.10.0.10,,,443,37473,0,1358,17
1584503146.6315901,10.10.0.10,173.194.187.70,,,37473,443,0,37,17
1584503146.6342692,173.194.187.70,10.10.0.10,,,443,37473,0,1358,17
1584503146.6387172,173.194.187.70,10.10.0.10,,,443,37473,0,1358,17
1584503146.6404762,10.10.0.10,173.194.187.70,,,37473,443,0,37,17
1584503146.6431718,173.194.187.70,10.10.0.10,,,443,37473,0,1358,17
1584503146.64764,173.194.187.70,10.10.0.10,,,443,37473,0,1358,17
1584503146.649241,10.10.0.10,173.194.187.70,,,37473,443,0,37,17
1584503146.6520748,173.194.187.70,10.10.0.10,,,443,37473,0,1358,17
1584503146.6565359,173.194.187.70,10.10.0.10,,,443,37473,0,1358,17
1584503146.657961,10.10.0.10,173.194.187.70,,,37473,443,0,37,17
1584503146.660989,173.194.187.70,10.10.0.10,,,443,37473,0,1358,17
1584503146.6654534,173.194.187.70,10.10.0.10,,,443,37473,0,1358,17
1584503146.666987,10.10.0.10,173.194.187.70,,,37473,443,0,37,17
1584503146.6699011,173.194.187.70,10.10.0.10,,,443,37473,0,1358,17
1584503146.674353,173.194.187.70,10.10.0.10,,,443,37473,0,1358,17
1584503146.6759708,10.10.0.10,173.194.187.70,,,37473,443,0,37,17
1584503146.6788108,173.194.187.70,10.10.0.10,,,443,37473,0,1358,17
1584503146.6832678,173.194.187.70,10.10.0.10,,,443,37473,0,1358,17
1584503146.6848712,10.10.0.10,173.194.187.70,,,37473,443,0,37,17
1584503146.6877182,173.194.187.70,10.10.0.10,,,443,37473,0,1358,17
1584503146.692166,173.194.187.70,10.10.0.10,,,443,37473,0,1358,17
1584503146.694114,10.10.0.10,173.194.187.70,,,37473,443,0,37,17
1584503146.696639,173.194.187.70,10.10.0.10,,,443,37473,0,1358,17
1584503146.70108,173.194.187.70,10.10.0.10,,,443,37473,0,1358,17
1584503146.702844,10.10.0.10,173.194.187.70,,,37473,443,0,37,17
1584503146.705534,173.194.187.70,10.10.0.10,,,443,37473,0,1358,17
1584503146.709987,173.194.187.70,10.10.0.10,,,443,37473,0,1358,17
1584503146.711474,10.10.0.10,173.194.187.70,,,37473,443,0,37,17
1584503146.7144518,173.194.187.70,10.10.0.10,,,443,37473,0,1358,17
1584503146.7188973,173.194.187.70,10.10.0.10,,,443,37473,0,1358,17
1584503146.7209892,10.10.0.10,173.194.187.70,,,37473,443,0,37,17
1584503146.723352,173.194.187.70,10.10.0.10,,,443,37473,0,1358,17
1584503146.727808,173.194.187.70,10.10.0.10,,,443,37473,0,1358,17
1584503146.729738,10.10.0.10,173.194.187.70,,,37473,443,0,37,17
1584503146.7322571,173.194.187.70,10.10.0.10,,,443,37473,0,1358,17
1584503146.736711,173.194.187.70,10.10.0.10,,,443,37473,0,1358,17
1584503146.7380931,10.10.0.10,173.194.187.70,,,37473,443,0,37,17
1584503146.7411652,173.194.187.70,10.10.0.10,,,443,37473,0,1358,17
1584503146.7456179,173.194.187.70,10.10.0.10,,,443,37473,0,1358,17
1584503146.747981,10.10.0.10,173.194.187.70,,,37473,443,0,50,17
1584503146.750072,173.194.187.70,10.10.0.10,,,443,37473,0,1358,17
1584503146.754526,173.194.187.70,10.10.0.10,,,443,37473,0,1358,17
1584503146.7567182,10.10.0.10,173.194.187.70,,,37473,443,0,37,17
1584503146.7589812,173.194.187.70,10.10.0.10,,,443,37473,0,1358,17
1584503146.763447,173.194.187.70,10.10.0.10,,,443,37473,0,1358,17
1584503146.76583,10.10.0.10,173.194.187.70,,,37473,443,0,37,17
1584503146.767891,173.194.187.70,10.10.0.10,,,443,37473,0,1358,17
1584503146.7723432,173.194.187.70,10.10.0.10,,,443,37473,0,1358,17
1584503146.773847,10.10.0.10,173.194.187.70,,,37473,443,0,37,17
1584503146.776809,173.194.187.70,10.10.0.10,,,443,37473,0,1358,17
1584503146.781255,173.194.187.70,10.10.0.10,,,443,37473,0,1358,17
1584503146.783218,10.10.0.10,173.194.187.70,,,37473,443,0,37,17
1584503146.785707,173.194.187.70,10.10.0.10,,,443,37473,0,1358,17
1584503146.790161,173.194.187.70,10.10.0.10,,,443,37473,0,1358,17
1584503146.7924864,10.10.0.10,173.194.187.70,,,37473,443,0,37,17
1584503146.7946188,173.194.187.70,10.10.0.10,,,443,37473,0,1358,17
1584503146.7990758,173.194.187.70,10.10.0.10,,,443,37473,0,1358,17
1584503146.800967,10.10.0.10,173.194.187.70,,,37473,443,0,37,17
1584503146.8035262,173.194.187.70,10.10.0.10,,,443,37473,0,1358,17
1584503146.807986,173.194.187.70,10.10.0.10,,,443,37473,0,1358,17
1584503146.809681,10.10.0.10,173.194.187.70,,,37473,443,0,37,17
1584503146.812435,173.194.187.70,10.10.0.10,,,443,37473,0,1358,17
1584503146.816891,173.194.187.70,10.10.0.10,,,443,37473,0,1358,17
1584503146.8186939,10.10.0.10,173.194.187.70,,,37473,443,0,37,17
1584503146.8213458,173.194.187.70,10.10.0.10,,,443,37473,0,1358,17
1584503146.825799,173.194.187.70,10.10.0.10,,,443,37473,0,1358,17
1584503146.8275619,10.10.0.10,173.194.187.70,,,37473,443,0,37,17
1584503146.8302634,173.194.187.70,10.10.0.10,,,443,37473,0,1358,17
1584503146.8347151,173.194.187.70,10.10.0.10,,,443,37473,0,1358,17
1584503146.8374894,10.10.0.10,173.194.187.70,,,37473,443,0,37,17
1584503146.8391652,173.194.187.70,10.10.0.10,,,443,37473,0,1358,17
1584503146.8436348,173.194.187.70,10.10.0.10,,,443,37473,0,1358,17
1584503146.846593,10.10.0.10,173.194.187.70,,,37473,443,0,37,17
1584503146.8480694,173.194.187.70,10.10.0.10,,,443,37473,0,1358,17
1584503146.8525262,173.194.187.70,10.10.0.10,,,443,37473,0,1358,17
1584503146.8566108,10.10.0.10,173.194.187.70,,,37473,443,0,37,17
1584503146.8569796,173.194.187.70,10.10.0.10,,,443,37473,0,1358,17
1584503146.861447,173.194.187.70,10.10.0.10,,,443,37473,0,1358,17
1584503146.862943,10.10.0.10,173.194.187.70,,,37473,443,0,37,17
1584503146.86589,173.194.187.70,10.10.0.10,,,443,37473,0,1358,17
1584503146.870344,173.194.187.70,10.10.0.10,,,443,37473,0,1358,17
1584503146.872071,10.10.0.10,173.194.187.70,,,37473,443,0,37,17
1584503146.874797,173.194.187.70,10.10.0.10,,,443,37473,0,1358,17
1584503146.8792536,173.194.187.70,10.10.0.10,,,443,37473,0,1358,17
1584503146.8814619,10.10.0.10,173.194.187.70,,,37473,443,0,37,17
1584503146.8837092,173.194.187.70,10.10.0.10,,,443,37473,0,1358,17
1584503146.8881636,173.194.187.70,10.10.0.10,,,443,37473,0,1358,17
1584503146.890463,10.10.0.10,173.194.187.70,,,37473,443,0,37,17
1584503146.892634,173.194.187.70,10.10.0.10,,,443,37473,0,1358,17
1584503146.897073,173.194.187.70,10.10.0.10,,,443,37473,0,1358,17
1584503146.900238,10.10.0.10,173.194.187.70,,,37473,443,0,37,17
1584503146.9015238,173.194.187.70,10.10.0.10,,,443,37473,0,1358,17
1584503146.905979,173.194.187.70,10.10.0.10,,,443,37473,0,1358,17
1584503146.907552,10.10.0.10,173.194.187.70,,,37473,443,0,37,17
1584503146.9104366,173.194.187.70,10.10.0.10,,,443,37473,0,1358,17
1584503146.914885,173.194.187.70,10.10.0.10,,,443,37473,0,1358,17
1584503146.9176922,10.10.0.10,173.194.187.70,,,37473,443,0,37,17
1584503146.919343,173.194.187.70,10.10.0.10,,,443,37473,0,1358,17
1584503146.9238029,173.194.187.70,10.10.0.10,,,443,37473,0,1358,17
1584503146.925443,10.10.0.10,173.194.187.70,,,37473,443,0,50,17
1584503146.928246,173.194.187.70,10.10.0.10,,,443,37473,0,1358,17
1584503146.932704,173.194.187.70,10.10.0.10,,,443,37473,0,1358,17
1584503146.934219,10.10.0.10,173.194.187.70,,,37473,443,0,37,17
1584503146.9371624,173.194.187.70,10.10.0.10,,,443,37473,0,1358,17
1584503146.941633,173.194.187.70,10.10.0.10,,,443,37473,0,1358,17
1584503146.943463,10.10.0.10,173.194.187.70,,,37473,443,0,37,17
1584503146.946069,173.194.187.70,10.10.0.10,,,443,37473,0,1358,17
1584503146.9505332,173.194.187.70,10.10.0.10,,,443,37473,0,1358,17
1584503146.952081,10.10.0.10,173.194.187.70,,,37473,443,0,37,17
1584503146.954976,173.194.187.70,10.10.0.10,,,443,37473,0,1358,17
1584503146.9594321,173.194.187.70,10.10.0.10,,,443,37473,0,1358,17
1584503146.9610894,10.10.0.10,173.194.187.70,,,37473,443,0,37,17
1584503146.963883,173.194.187.70,10.10.0.10,,,443,37473,0,29,17
1584503146.964082,173.194.187.70,10.10.0.10,,,443,37473,0,1358,17
1584503146.9685464,173.194.187.70,10.10.0.10,,,443,37473,0,1358,17
1584503146.9709618,10.10.0.10,173.194.187.70,,,37473,443,0,37,17
1584503146.9729972,173.194.187.70,10.10.0.10,,,443,37473,0,1358,17
1584503146.977449,173.194.187.70,10.10.0.10,,,443,37473,0,1358,17
1584503146.9813368,10.10.0.10,173.194.187.70,,,37473,443,0,37,17
1584503146.981906,173.194.187.70,10.10.0.10,,,443,37473,0,1358,17
1584503146.986367,173.194.187.70,10.10.0.10,,,443,37473,0,1358,17
1584503146.988361,10.10.0.10,173.194.187.70,,,37473,443,0,37,17
1584503146.990819,173.194.187.70,10.10.0.10,,,443,37473,0,1358,17
1584503146.995267,173.194.187.70,10.10.0.10,,,443,37473,0,1358,17
1584503146.9969866,10.10.0.10,173.194.187.70,,,37473,443,0,37,17
1584503146.999726,173.194.187.70,10.10.0.10,,,443,37473,0,1358,17
1584503147.004176,173.194.187.70,10.10.0.10,,,443,37473,0,1358,17
1584503147.0057092,10.10.0.10,173.194.187.70,,,37473,443,0,37,17
1584503147.0086372,173.194.187.70,10.10.0.10,,,443,37473,0,1358,17
1584503147.0130892,173.194.187.70,10.10.0.10,,,443,37473,0,1358,17
1584503147.01496,10.10.0.10,173.194.187.70,,,37473,443,0,37,17
1584503147.0175474,173.194.187.70,10.10.0.10,,,443,37473,0,1358,17
1584503147.022007,173.194.187.70,10.10.0.10,,,443,37473,0,1358,17
1584503147.0236108,10.10.0.10,173.194.187.70,,,37473,443,0,37,17
1584503147.0264552,173.194.187.70,10.10.0.10,,,443,37473,0,1358,17
1584503147.030907,173.194.187.70,10.10.0.10,,,443,37473,0,1358,17
1584503147.032489,10.10.0.10,173.194.187.70,,,37473,443,0,37,17
1584503147.0353801,173.194.187.70,10.10.0.10,,,443,37473,0,1358,17
1584503147.0398178,173.194.187.70,10.10.0.10,,,443,37473,0,1358,17
1584503147.0414786,10.10.0.10,173.194.187.70,,,37473,443,0,37,17
1584503147.044265,173.194.187.70,10.10.0.10,,,443,37473,0,1358,17
1584503147.048726,173.194.187.70,10.10.0.10,,,443,37473,0,1358,17
1584503147.050462,10.10.0.10,173.194.187.70,,,37473,443,0,37,17
1584503147.053191,173.194.187.70,10.10.0.10,,,443,37473,0,1358,17
1584503147.0576348,173.194.187.70,10.10.0.10,,,443,37473,0,1358,17
1584503147.060085,10.10.0.10,173.194.187.70,,,37473,443,0,37,17
1584503147.0620828,173.194.187.70,10.10.0.10,,,443,37473,0,1358,17
1584503147.0665429,173.194.187.70,10.10.0.10,,,443,37473,0,1358,17
1584503147.0680838,10.10.0.10,173.194.187.70,,,37473,443,0,37,17
1584503147.071006,173.194.187.70,10.10.0.10,,,443,37473,0,1358,17
1584503147.075451,173.194.187.70,10.10.0.10,,,443,37473,0,1358,17
1584503147.077481,10.10.0.10,173.194.187.70,,,37473,443,0,37,17
1584503147.079906,173.194.187.70,10.10.0.10,,,443,37473,0,1358,17
1584503147.084363,173.194.187.70,10.10.0.10,,,443,37473,0,1358,17
1584503147.086104,10.10.0.10,173.194.187.70,,,37473,443,0,37,17
1584503147.088815,173.194.187.70,10.10.0.10,,,443,37473,0,1358,17
1584503147.093268,173.194.187.70,10.10.0.10,,,443,37473,0,1358,17
1584503147.094832,10.10.0.10,173.194.187.70,,,37473,443,0,37,17
1584503147.097727,173.194.187.70,10.10.0.10,,,443,37473,0,1358,17
1584503147.10219,173.194.187.70,10.10.0.10,,,443,37473,0,1358,17
1584503147.1037009,10.10.0.10,173.194.187.70,,,37473,443,0,50,17
1584503147.1066382,173.194.187.70,10.10.0.10,,,443,37473,0,1358,17
1584503147.1110866,173.194.187.70,10.10.0.10,,,443,37473,0,1358,17
1584503147.1148539,10.10.0.10,173.194.187.70,,,37473,443,0,37,17
1584503147.115545,173.194.187.70,10.10.0.10,,,443,37473,0,1358,17
1584503147.119991,173.194.187.70,10.10.0.10,,,443,37473,0,1358,17
1584503147.122209,10.10.0.10,173.194.187.70,,,37473,443,0,37,17
1584503147.124449,173.194.187.70,10.10.0.10,,,443,37473,0,1358,17
1584503147.128905,173.194.187.70,10.10.0.10,,,443,37473,0,1358,17
1584503147.1309571,10.10.0.10,173.194.187.70,,,37473,443,0,37,17
1584503147.133376,173.194.187.70,10.10.0.10,,,443,37473,0,1358,17
1584503147.137815,173.194.187.70,10.10.0.10,,,443,37473,0,1358,17
1584503147.13983,10.10.0.10,173.194.187.70,,,37473,443,0,37,17
1584503147.142266,173.194.187.70,10.10.0.10,,,443,37473,0,1358,17
1584503147.1467214,173.194.187.70,10.10.0.10,,,443,37473,0,1358,17
1584503147.148456,10.10.0.10,173.194.187.70,,,37473,443,0,37,17
1584503147.151189,173.194.187.70,10.10.0.10,,,443,37473,0,1358,17
1584503147.155632,173.194.187.70,10.10.0.10,,,443,37473,0,1358,17
1584503147.1572258,10.10.0.10,173.194.187.70,,,37473,443,0,37,17
1584503147.160079,173.194.187.70,10.10.0.10,,,443,37473,0,1358,17
1584503147.1645384,173.194.187.70,10.10.0.10,,,443,37473,0,1358,17
1584503147.166821,10.10.0.10,173.194.187.70,,,37473,443,0,37,17
1584503147.1690028,173.194.187.70,10.10.0.10,,,443,37473,0,1358,17
1584503147.1734474,173.194.187.70,10.10.0.10,,,443,37473,0,1358,17
1584503147.1753464,10.10.0.10,173.194.187.70,,,37473,443,0,37,17
1584503147.177902,173.194.187.70,10.10.0.10,,,443,37473,0,1358,17
1584503147.182375,173.194.187.70,10.10.0.10,,,443,37473,0,1358,17
1584503147.184079,10.10.0.10,173.194.187.70,,,37473,443,0,37,17
1584503147.186813,173.194.187.70,10.10.0.10,,,443,37473,0,1358,17
1584503147.1912649,173.194.187.70,10.10.0.10,,,443,37473,0,1358,17
1584503147.1927238,10.10.0.10,173.194.187.70,,,37473,443,0,37,17
1584503147.1957402,173.194.187.70,10.10.0.10,,,443,37473,0,1358,17
1584503147.2001688,173.194.187.70,10.10.0.10,,,443,37473,0,1358,17
1584503147.201947,10.10.0.10,173.194.187.70,,,37473,443,0,37,17
1584503147.204624,173.194.187.70,10.10.0.10,,,443,37473,0,1358,17
1584503147.2090845,173.194.187.70,10.10.0.10,,,443,37473,0,1358,17
1584503147.210954,10.10.0.10,173.194.187.70,,,37473,443,0,37,17
1584503147.2135394,173.194.187.70,10.10.0.10,,,443,37473,0,1358,17
1584503147.2180052,173.194.187.70,10.10.0.10,,,443,37473,0,1358,17
1584503147.2197044,10.10.0.10,173.194.187.70,,,37473,443,0,37,17
1584503147.2224462,173.194.187.70,10.10.0.10,,,443,37473,0,1358,17
1584503147.226902,173.194.187.70,10.10.0.10,,,443,37473,0,1358,17
1584503147.2283301,10.10.0.10,173.194.187.70,,,37473,443,0,37,17
1584503147.231374,173.194.187.70,10.10.0.10,,,443,37473,0,1358,17
1584503147.235812,173.194.187.70,10.10.0.10,,,443,37473,0,1358,17
1584503147.2378519,10.10.0.10,173.194.187.70,,,37473,443,0,37,17
1584503147.24026,173.194.187.70,10.10.0.10,,,443,37473,0,1358,17
1584503147.2447224,173.194.187.70,10.10.0.10,,,443,37473,0,1358,17
1584503147.247328,10.10.0.10,173.194.187.70,,,37473,443,0,37,17
1584503147.249187,173.194.187.70,10.10.0.10,,,443,37473,0,1358,17
1584503147.253632,173.194.187.70,10.10.0.10,,,443,37473,0,1358,17
1584503147.256074,10.10.0.10,173.194.187.70,,,37473,443,0,37,17
1584503147.2580779,173.194.187.70,10.10.0.10,,,443,37473,0,1358,17
1584503147.262536,173.194.187.70,10.10.0.10,,,443,37473,0,1358,17
1584503147.2644668,10.10.0.10,173.194.187.70,,,37473,443,0,37,17
1584503147.266985,173.194.187.70,10.10.0.10,,,443,37473,0,1358,17
1584503147.271445,173.194.187.70,10.10.0.10,,,443,37473,0,1358,17
1584503147.2729561,10.10.0.10,173.194.187.70,,,37473,443,0,37,17
1584503147.275899,173.194.187.70,10.10.0.10,,,443,37473,0,1358,17
1584503147.280358,173.194.187.70,10.10.0.10,,,443,37473,0,1358,17
1584503147.282078,10.10.0.10,173.194.187.70,,,37473,443,0,50,17
1584503147.2848098,173.194.187.70,10.10.0.10,,,443,37473,0,1358,17
1584503147.289263,173.194.187.70,10.10.0.10,,,443,37473,0,1358,17
1584503147.290823,10.10.0.10,173.194.187.70,,,37473,443,0,37,17
1584503147.2937179,173.194.187.70,10.10.0.10,,,443,37473,0,1358,17
1584503147.2981849,173.194.187.70,10.10.0.10,,,443,37473,0,1358,17
1584503147.299706,10.10.0.10,173.194.187.70,,,37473,443,0,37,17
1584503147.302625,173.194.187.70,10.10.0.10,,,443,37473,0,1358,17
1584503147.307083,173.194.187.70,10.10.0.10,,,443,37473,0,29,17
1584503147.3072731,173.194.187.70,10.10.0.10,,,443,37473,0,1358,17
1584503147.3089619,10.10.0.10,173.194.187.70,,,37473,443,0,37,17
1584503147.312263,173.194.187.70,10.10.0.10,,,443,37473,0,1358,17
1584503147.3167472,173.194.187.70,10.10.0.10,,,443,37473,0,1358,17
1584503147.3194509,10.10.0.10,173.194.187.70,,,37473,443,0,37,17
1584503147.321184,173.194.187.70,10.10.0.10,,,443,37473,0,1358,17
1584503147.325634,173.194.187.70,10.10.0.10,,,443,37473,0,1358,17
1584503147.3273466,10.10.0.10,173.194.187.70,,,37473,443,0,37,17
1584503147.3300898,173.194.187.70,10.10.0.10,,,443,37473,0,1358,17
1584503147.334558,173.194.187.70,10.10.0.10,,,443,37473,0,1358,17
1584503147.3360689,10.10.0.10,173.194.187.70,,,37473,443,0,37,17
1584503147.338993,173.194.187.70,10.10.0.10,,,443,37473,0,1358,17
1584503147.3750956,10.10.0.10,173.194.187.70,,,37473,443,0,37,17
1584503147.5617151,173.194.187.70,10.10.0.10,,,443,37473,0,1358,17
1584503147.6059482,10.10.0.10,173.194.187.70,,,37473,443,0,37,17
1584503147.7844348,173.194.187.70,10.10.0.10,,,443,37473,0,1358,17
1584503147.842465,10.10.0.10,173.194.187.70,,,37473,443,0,37,17
1584503148.007168,173.194.187.70,10.10.0.10,,,443,37473,0,1358,17
1584503148.0654528,10.10.0.10,173.194.187.70,,,37473,443,0,37,17
1584503148.2298772,173.194.187.70,10.10.0.10,,,443,37473,0,1358,17
1584503148.296943,10.10.0.10,173.194.187.70,,,37473,443,0,37,17
1584503148.4526,173.194.187.70,10.10.0.10,,,443,37473,0,1358,17
1584503148.495425,10.10.0.10,173.194.187.70,,,37473,443,0,37,17
1584503148.675313,173.194.187.70,10.10.0.10,,,443,37473,0,1358,17
1584503148.710911,10.10.0.10,173.194.187.70,,,37473,443,0,37,17
1584503148.8980358,173.194.187.70,10.10.0.10,,,443,37473,0,1358,17
1584503148.9559069,10.10.0.10,173.194.187.70,,,37473,443,0,37,17
1584503149.120759,173.194.187.70,10.10.0.10,,,443,37473,0,1358,17
1584503149.1787946,10.10.0.10,173.194.187.70,,,37473,443,0,37,17
1584503149.343477,173.194.187.70,10.10.0.10,,,443,37473,0,1358,17
1584503149.4047892,10.10.0.10,173.194.187.70,,,37473,443,0,37,17
1584503149.5929182,173.194.187.70,10.10.0.10,,,443,37473,0,1358,17
1584503149.627391,10.10.0.10,173.194.187.70,,,37473,443,0,37,17
1584503149.815636,173.194.187.70,10.10.0.10,,,443,37473,0,1358,17
1584503149.8691652,10.10.0.10,173.194.187.70,,,37473,443,0,37,17
1584503150.065075,173.194.187.70,10.10.0.10,,,443,37473,0,1358,17
1584503150.132519,10.10.0.10,173.194.187.70,,,37473,443,0,37,17
1584503150.3242884,173.194.187.70,10.10.0.10,,,443,37473,0,1358,17
1584503150.3921342,10.10.0.10,173.194.187.70,,,37473,443,0,50,17
1584503150.573558,173.194.187.70,10.10.0.10,,,443,37473,0,1358,17
1584503150.575608,10.10.0.10,173.194.187.70,,,37473,443,0,50,17
1584503150.668753,10.10.0.10,173.194.187.70,,,37473,443,0,43,17
1584503150.812757,173.194.187.70,10.10.0.10,,,443,37473,0,1358,17
1584503150.878849,10.10.0.10,173.194.187.70,,,37473,443,0,37,17
1584503150.878882,10.10.0.10,173.194.187.70,,,37473,443,0,43,17
1584503151.0354748,173.194.187.70,10.10.0.10,,,443,37473,0,1358,17
1584503151.082366,10.10.0.10,173.194.187.70,,,37473,443,0,37,17
1584503151.2681134,173.194.187.70,10.10.0.10,,,443,37473,0,1358,17
1584503151.279857,10.10.0.10,173.194.187.70,,,37473,443,0,50,17
1584503151.4975548,173.194.187.70,10.10.0.10,,,443,37473,0,1358,17
1584503151.6822221,10.10.0.10,173.194.187.70,,,37473,443,0,37,17
1584503151.720277,173.194.187.70,10.10.0.10,,,443,37473,0,1358,17
1584503151.78597,10.10.0.10,173.194.187.70,,,37473,443,0,37,17
1584503151.9429991,173.194.187.70,10.10.0.10,,,443,37473,0,1358,17
1584503151.985802,10.10.0.10,173.194.187.70,,,37473,443,0,37,17
1584503152.165736,173.194.187.70,10.10.0.10,,,443,37473,0,1358,17
1584503152.2320619,10.10.0.10,173.194.187.70,,,37473,443,0,37,17
1584503152.3884392,173.194.187.70,10.10.0.10,,,443,37473,0,1358,17
1584503152.4559288,10.10.0.10,173.194.187.70,,,37473,443,0,37,17
1584503152.6111572,173.194.187.70,10.10.0.10,,,443,37473,0,29,17
1584503152.621238,173.194.187.70,10.10.0.10,,,443,37473,0,1358,17
1584503152.6574428,10.10.0.10,173.194.187.70,,,37473,443,0,37,17
1584503152.843966,173.194.187.70,10.10.0.10,,,443,37473,0,1358,17
1584503152.895819,10.10.0.10,173.194.187.70,,,37473,443,0,37,17
1584503153.066694,173.194.187.70,10.10.0.10,,,443,37473,0,1358,17
1584503153.1223102,10.10.0.10,173.194.187.70,,,37473,443,0,37,17
1584503153.2893991,173.194.187.70,10.10.0.10,,,443,37473,0,1358,17
1584503153.331021,10.10.0.10,173.194.187.70,,,37473,443,0,37,17
1584503153.512131,173.194.187.70,10.10.0.10,,,443,37473,0,1358,17
1584503153.570294,10.10.0.10,173.194.187.70,,,37473,443,0,37,17
1584503153.7348368,173.194.187.70,10.10.0.10,,,443,37473,0,1358,17
1584503153.7821634,10.10.0.10,173.194.187.70,,,37473,443,0,37,17
1584503153.9575572,173.194.187.70,10.10.0.10,,,443,37473,0,1358,17
1584503154.0221546,10.10.0.10,173.194.187.70,,,37473,443,0,37,17
1584503154.1802974,173.194.187.70,10.10.0.10,,,443,37473,0,1358,17
1584503154.2392619,10.10.0.10,173.194.187.70,,,37473,443,0,37,17
1584503154.4029956,173.194.187.70,10.10.0.10,,,443,37473,0,1358,17
1584503154.452889,10.10.0.10,173.194.187.70,,,37473,443,0,37,17
1584503154.625724,173.194.187.70,10.10.0.10,,,443,37473,0,1358,17
1584503154.668993,10.10.0.10,173.194.187.70,,,37473,443,0,37,17
1584503154.8484368,173.194.187.70,10.10.0.10,,,443,37473,0,1358,17
1584503154.9155052,10.10.0.10,173.194.187.70,,,37473,443,0,37,17
1584503155.071161,173.194.187.70,10.10.0.10,,,443,37473,0,1358,17
1584503155.123354,10.10.0.10,173.194.187.70,,,37473,443,0,37,17
1584503155.29389,173.194.187.70,10.10.0.10,,,443,37473,0,1358,17
1584503155.358864,10.10.0.10,173.194.187.70,,,37473,443,0,37,17
1584503155.516598,173.194.187.70,10.10.0.10,,,443,37473,0,533,17
1584503155.5657039,10.10.0.10,173.194.187.70,,,37473,443,0,37,17
1584503155.6073198,173.194.187.70,10.10.0.10,,,443,37473,0,1358,17
1584503155.658981,10.10.0.10,173.194.187.70,,,37473,443,0,50,17
1584503155.830041,173.194.187.70,10.10.0.10,,,443,37473,0,1358,17
1584503155.8789608,10.10.0.10,173.194.187.70,,,37473,443,0,37,17
1584503156.0527642,173.194.187.70,10.10.0.10,,,443,37473,0,1358,17
1584503156.102226,10.10.0.10,173.194.187.70,,,37473,443,0,37,17
1584503156.2754884,173.194.187.70,10.10.0.10,,,443,37473,0,1358,17
1584503156.304465,10.10.0.10,173.194.187.70,,,37473,443,0,37,17
1584503156.498199,173.194.187.70,10.10.0.10,,,443,37473,0,1358,17
1584503156.5339556,10.10.0.10,173.194.187.70,,,37473,443,0,37,17
1584503156.7209182,173.194.187.70,10.10.0.10,,,443,37473,0,1358,17
1584503156.7881632,10.10.0.10,173.194.187.70,,,37473,443,0,37,17
1584503156.943664,173.194.187.70,10.10.0.10,,,443,37473,0,1358,17
1584503156.998803,10.10.0.10,173.194.187.70,,,37473,443,0,37,17
1584503157.16636,173.194.187.70,10.10.0.10,,,443,37473,0,1358,17
1584503157.236193,10.10.0.10,173.194.187.70,,,37473,443,0,37,17
1584503157.389083,173.194.187.70,10.10.0.10,,,443,37473,0,1358,17
1584503157.430807,10.10.0.10,173.194.187.70,,,37473,443,0,37,17
1584503157.6117961,173.194.187.70,10.10.0.10,,,443,37473,0,1358,17
1584503157.651547,10.10.0.10,173.194.187.70,,,37473,443,0,37,17
1584503157.8345132,173.194.187.70,10.10.0.10,,,443,37473,0,1358,17
1584503157.895531,10.10.0.10,173.194.187.70,,,37473,443,0,37,17
1584503158.057252,173.194.187.70,10.10.0.10,,,443,37473,0,1358,17
1584503158.093401,10.10.0.10,173.194.187.70,,,37473,443,0,37,17
1584503158.279959,173.194.187.70,10.10.0.10,,,443,37473,0,1358,17
1584503158.335904,10.10.0.10,173.194.187.70,,,37473,443,0,37,17
1584503158.502681,173.194.187.70,10.10.0.10,,,443,37473,0,1358,17
1584503158.5330222,10.10.0.10,173.194.187.70,,,37473,443,0,37,17
1584503158.6215026,10.10.0.10,173.194.187.70,,,37473,443,0,43,17
1584503158.725417,173.194.187.70,10.10.0.10,,,443,37473,0,1358,17
1584503158.7844748,10.10.0.10,173.194.187.70,,,37473,443,0,37,17
1584503158.9481149,173.194.187.70,10.10.0.10,,,443,37473,0,1358,17
1584503158.9777632,10.10.0.10,173.194.187.70,,,37473,443,0,37,17
1584503159.1708438,173.194.187.70,10.10.0.10,,,443,37473,0,1358,17
1584503159.236252,10.10.0.10,173.194.187.70,,,37473,443,0,37,17
1584503159.393556,173.194.187.70,10.10.0.10,,,443,37473,0,1358,17
1584503159.46235,10.10.0.10,173.194.187.70,,,37473,443,0,37,17
1584503159.6162784,173.194.187.70,10.10.0.10,,,443,37473,0,1358,17
1584503159.673988,10.10.0.10,173.194.187.70,,,37473,443,0,37,17
1584503159.8389974,173.194.187.70,10.10.0.10,,,443,37473,0,1358,17
1584503159.905567,10.10.0.10,173.194.187.70,,,37473,443,0,37,17
1584503160.061718,173.194.187.70,10.10.0.10,,,443,37473,0,1358,17
1584503160.128852,10.10.0.10,173.194.187.70,,,37473,443,0,37,17
1584503160.2844338,173.194.187.70,10.10.0.10,,,443,37473,0,1358,17
1584503160.312826,10.10.0.10,173.194.187.70,,,37473,443,0,37,17
1584503160.5071561,173.194.187.70,10.10.0.10,,,443,37473,0,1358,17
1584503160.547216,10.10.0.10,173.194.187.70,,,37473,443,0,37,17
1584503160.7298748,173.194.187.70,10.10.0.10,,,443,37473,0,1358,17
1584503160.7834456,10.10.0.10,173.194.187.70,,,37473,443,0,37,17
1584503160.952612,173.194.187.70,10.10.0.10,,,443,37473,0,1358,17
1584503161.0127056,10.10.0.10,173.194.187.70,,,37473,443,0,37,17
1584503161.1753206,173.194.187.70,10.10.0.10,,,443,37473,0,1358,17
1584503161.237819,10.10.0.10,173.194.187.70,,,37473,443,0,37,17
1584503161.3980372,173.194.187.70,10.10.0.10,,,443,37473,0,1358,17
1584503161.455543,10.10.0.10,173.194.187.70,,,37473,443,0,37,17
1584503161.574933,10.10.0.10,173.194.187.70,,,37473,443,0,43,17
1584503161.6207721,173.194.187.70,10.10.0.10,,,443,37473,0,1358,17
1584503161.668809,10.10.0.10,173.194.187.70,,,37473,443,0,37,17
1584503161.843481,173.194.187.70,10.10.0.10,,,443,37473,0,1358,17
1584503161.896159,10.10.0.10,173.194.187.70,,,37473,443,0,37,17
1584503162.0662026,173.194.187.70,10.10.0.10,,,443,37473,0,1358,17
1584503162.1125462,10.10.0.10,173.194.187.70,,,37473,443,0,37,17
1584503162.288939,173.194.187.70,10.10.0.10,,,443,37473,0,1358,17
1584503162.3562696,10.10.0.10,173.194.187.70,,,37473,443,0,37,17
1584503162.511639,173.194.187.70,10.10.0.10,,,443,37473,0,1358,17
1584503162.548757,173.194.187.70,10.10.0.10,,,443,37473,0,1358,17
1584503162.5505302,10.10.0.10,173.194.187.70,,,37473,443,0,37,17
1584503162.5858786,173.194.187.70,10.10.0.10,,,443,37473,0,1358,17
1584503162.622996,173.194.187.70,10.10.0.10,,,443,37473,0,1358,17
1584503162.624779,10.10.0.10,173.194.187.70,,,37473,443,0,37,17
1584503162.660112,173.194.187.70,10.10.0.10,,,443,37473,0,1358,17
1584503162.69724,173.194.187.70,10.10.0.10,,,443,37473,0,1358,17
1584503162.6988995,10.10.0.10,173.194.187.70,,,37473,443,0,37,17
1584503162.7343645,173.194.187.70,10.10.0.10,,,443,37473,0,1358,17
1584503162.771487,173.194.187.70,10.10.0.10,,,443,37473,0,1358,17
1584503162.773128,10.10.0.10,173.194.187.70,,,37473,443,0,37,17
1584503162.80861,173.194.187.70,10.10.0.10,,,443,37473,0,1358,17
1584503162.8457315,173.194.187.70,10.10.0.10,,,443,37473,0,1358,17
1584503162.8481462,10.10.0.10,173.194.187.70,,,37473,443,0,37,17
1584503162.8828359,173.194.187.70,10.10.0.10,,,443,37473,0,1358,17
1584503162.9199572,173.194.187.70,10.10.0.10,,,443,37473,0,1358,17
1584503162.921769,10.10.0.10,173.194.187.70,,,37473,443,0,37,17
1584503162.957077,173.194.187.70,10.10.0.10,,,443,37473,0,1358,17
1584503162.9941974,173.194.187.70,10.10.0.10,,,443,37473,0,1358,17
1584503162.9968932,10.10.0.10,173.194.187.70,,,37473,443,0,37,17
1584503163.03579,173.194.187.70,10.10.0.10,,,443,37473,0,1358,17
1584503163.0728884,173.194.187.70,10.10.0.10,,,443,37473,0,1358,17
1584503163.0751278,10.10.0.10,173.194.187.70,,,37473,443,0,37,17
1584503163.1144776,173.194.187.70,10.10.0.10,,,443,37473,0,1358,17
1584503163.149514,10.10.0.10,173.194.187.70,,,37473,443,0,37,17
1584503163.1516,173.194.187.70,10.10.0.10,,,443,37473,0,1358,17
1584503163.1887062,173.194.187.70,10.10.0.10,,,443,37473,0,1358,17
1584503163.1917405,10.10.0.10,173.194.187.70,,,37473,443,0,37,17
1584503163.225826,173.194.187.70,10.10.0.10,,,443,37473,0,1358,17
1584503163.267412,173.194.187.70,10.10.0.10,,,443,37473,0,1358,17
1584503163.269133,10.10.0.10,173.194.187.70,,,37473,443,0,37,17
1584503163.3045342,173.194.187.70,10.10.0.10,,,443,37473,0,1358,17
1584503163.341657,173.194.187.70,10.10.0.10,,,443,37473,0,1358,17
1584503163.34424,10.10.0.10,173.194.187.70,,,37473,443,0,37,17
1584503163.3787572,173.194.187.70,10.10.0.10,,,443,37473,0,1358,17
1584503163.4158769,173.194.187.70,10.10.0.10,,,443,37473,0,1358,17
1584503163.418358,10.10.0.10,173.194.187.70,,,37473,443,0,37,17
1584503163.452999,173.194.187.70,10.10.0.10,,,443,37473,0,1358,17
1584503163.482879,10.10.0.10,173.194.187.70,,,37473,443,0,37,17
1584503163.490117,173.194.187.70,10.10.0.10,,,443,37473,0,29,17
1584503163.4917958,173.194.187.70,10.10.0.10,,,443,37473,0,1358,17
1584503163.5289161,173.194.187.70,10.10.0.10,,,443,37473,0,1358,17
1584503163.530753,10.10.0.10,173.194.187.70,,,37473,443,0,37,17
1584503163.5660374,173.194.187.70,10.10.0.10,,,443,37473,0,1358,17
1584503163.603157,173.194.187.70,10.10.0.10,,,443,37473,0,1358,17
1584503163.6048439,10.10.0.10,173.194.187.70,,,37473,443,0,50,17
1584503163.6402779,173.194.187.70,10.10.0.10,,,443,37473,0,1358,17
1584503163.677397,173.194.187.70,10.10.0.10,,,443,37473,0,1358,17
1584503163.6798508,10.10.0.10,173.194.187.70,,,37473,443,0,37,17
1584503163.7145245,173.194.187.70,10.10.0.10,,,443,37473,0,1358,17
1584503163.751648,173.194.187.70,10.10.0.10,,,443,37473,0,1358,17
1584503163.753619,10.10.0.10,173.194.187.70,,,37473,443,0,37,17
1584503163.78877,173.194.187.70,10.10.0.10,,,443,37473,0,1358,17
1584503163.8258915,173.194.187.70,10.10.0.10,,,443,37473,0,1358,17
1584503163.828118,10.10.0.10,173.194.187.70,,,37473,443,0,37,17
1584503163.8630168,173.194.187.70,10.10.0.10,,,443,37473,0,1358,17
1584503163.9001172,173.194.187.70,10.10.0.10,,,443,37473,0,1358,17
1584503163.902614,10.10.0.10,173.194.187.70,,,37473,443,0,37,17
1584503163.9372392,173.194.187.70,10.10.0.10,,,443,37473,0,1358,17
1584503163.9737382,10.10.0.10,173.194.187.70,,,37473,443,0,37,17
1584503163.974359,173.194.187.70,10.10.0.10,,,443,37473,0,1358,17
1584503164.0114758,173.194.187.70,10.10.0.10,,,443,37473,0,1358,17
1584503164.013866,10.10.0.10,173.194.187.70,,,37473,443,0,37,17
1584503164.048598,173.194.187.70,10.10.0.10,,,443,37473,0,1358,17
1584503164.077112,10.10.0.10,173.194.187.70,,,37473,443,0,37,17
1584503164.0857198,173.194.187.70,10.10.0.10,,,443,37473,0,1358,17
1584503164.1228411,173.194.187.70,10.10.0.10,,,443,37473,0,1358,17
1584503164.1247332,10.10.0.10,173.194.187.70,,,37473,443,0,37,17
1584503164.1599581,173.194.187.70,10.10.0.10,,,443,37473,0,1358,17
1584503164.1944811,10.10.0.10,173.194.187.70,,,37473,443,0,37,17
1584503164.197079,173.194.187.70,10.10.0.10,,,443,37473,0,1358,17
1584503164.234198,173.194.187.70,10.10.0.10,,,443,37473,0,1358,17
1584503164.2363582,10.10.0.10,173.194.187.70,,,37473,443,0,37,17
1584503164.271317,173.194.187.70,10.10.0.10,,,443,37473,0,1358,17
1584503164.3084419,173.194.187.70,10.10.0.10,,,443,37473,0,1358,17
1584503164.3103368,10.10.0.10,173.194.187.70,,,37473,443,0,37,17
1584503164.345565,173.194.187.70,10.10.0.10,,,443,37473,0,1358,17
1584503164.382689,173.194.187.70,10.10.0.10,,,443,37473,0,29,17
1584503164.38436,173.194.187.70,10.10.0.10,,,443,37473,0,29,17
1584503164.384708,10.10.0.10,173.194.187.70,,,37473,443,0,37,17
1584503164.386036,173.194.187.70,10.10.0.10,,,443,37473,0,1358,17
1584503164.389958,10.10.0.10,173.194.187.70,,,37473,443,0,54,17
1584503164.4231555,173.194.187.70,10.10.0.10,,,443,37473,0,1358,17
1584503164.460273,173.194.187.70,10.10.0.10,,,443,37473,0,1358,17
1584503164.4755778,10.10.0.10,173.194.187.70,,,37473,443,0,37,17
1584503164.4973972,173.194.187.70,10.10.0.10,,,443,37473,0,1358,17
1584503164.534518,173.194.187.70,10.10.0.10,,,443,37473,0,1358,17
1584503164.5364444,10.10.0.10,173.194.187.70,,,37473,443,0,37,17
1584503164.5716348,173.194.187.70,10.10.0.10,,,443,37473,0,39,17
1584503164.573585,173.194.187.70,10.10.0.10,,,443,37473,0,29,17
1584503164.614595,10.10.0.10,173.194.187.70,,,37473,443,0,37,17
1584503183.4615526,10.10.0.10,173.194.187.70,,,37473,443,0,743,17
1584503183.461777,10.10.0.10,173.194.187.70,,,37473,443,0,48,17
1584503183.4660444,173.194.187.70,10.10.0.10,,,443,37473,0,29,17
1584503183.466078,173.194.187.70,10.10.0.10,,,443,37473,0,1358,17
1584503183.4660995,173.194.187.70,10.10.0.10,,,443,37473,0,1358,17
1584503183.4700446,10.10.0.10,173.194.187.70,,,37473,443,0,37,17
1584503183.499325,173.194.187.70,10.10.0.10,,,443,37473,0,1358,17
1584503183.536447,173.194.187.70,10.10.0.10,,,443,37473,0,1358,17
1584503183.538423,10.10.0.10,173.194.187.70,,,37473,443,0,37,17
1584503183.5735672,173.194.187.70,10.10.0.10,,,443,37473,0,1358,17
1584503183.6106648,173.194.187.70,10.10.0.10,,,443,37473,0,1358,17
1584503183.613023,10.10.0.10,173.194.187.70,,,37473,443,0,37,17
1584503183.647789,173.194.187.70,10.10.0.10,,,443,37473,0,1358,17
1584503183.684911,173.194.187.70,10.10.0.10,,,443,37473,0,1358,17
1584503183.686667,10.10.0.10,173.194.187.70,,,37473,443,0,37,17
1584503183.7220268,173.194.187.70,10.10.0.10,,,443,37473,0,1358,17
1584503183.7591472,173.194.187.70,10.10.0.10,,,443,37473,0,1358,17
1584503183.7628946,10.10.0.10,173.194.187.70,,,37473,443,0,37,17
1584503183.7962682,173.194.187.70,10.10.0.10,,,443,37473,0,1358,17
1584503183.833388,173.194.187.70,10.10.0.10,,,443,37473,0,1358,17
1584503183.835286,10.10.0.10,173.194.187.70,,,37473,443,0,37,17
1584503183.8705068,173.194.187.70,10.10.0.10,,,443,37473,0,1358,17
1584503183.907629,173.194.187.70,10.10.0.10,,,443,37473,0,1358,17
1584503183.9101439,10.10.0.10,173.194.187.70,,,37473,443,0,37,17
1584503183.944747,173.194.187.70,10.10.0.10,,,443,37473,0,1358,17
1584503183.9818704,173.194.187.70,10.10.0.10,,,443,37473,0,1358,17
1584503183.9855351,10.10.0.10,173.194.187.70,,,37473,443,0,37,17
1584503184.0189958,173.194.187.70,10.10.0.10,,,443,37473,0,1358,17
1584503184.056118,173.194.187.70,10.10.0.10,,,443,37473,0,1358,17
1584503184.0578852,10.10.0.10,173.194.187.70,,,37473,443,0,37,17
1584503184.093242,173.194.187.70,10.10.0.10,,,443,37473,0,1358,17
1584503184.1303468,173.194.187.70,10.10.0.10,,,443,37473,0,1358,17
1584503184.132133,10.10.0.10,173.194.187.70,,,37473,443,0,37,17
1584503184.167468,173.194.187.70,10.10.0.10,,,443,37473,0,1358,17
1584503184.2045882,173.194.187.70,10.10.0.10,,,443,37473,0,1358,17
1584503184.2064,10.10.0.10,173.194.187.70,,,37473,443,0,37,17
1584503184.2417061,173.194.187.70,10.10.0.10,,,443,37473,0,1358,17
1584503184.278825,173.194.187.70,10.10.0.10,,,443,37473,0,1358,17
1584503184.281897,10.10.0.10,173.194.187.70,,,37473,443,0,37,17
1584503184.3159482,173.194.187.70,10.10.0.10,,,443,37473,0,1358,17
1584503184.3447778,10.10.0.10,173.194.187.70,,,37473,443,0,37,17
1584503184.353066,173.194.187.70,10.10.0.10,,,443,37473,0,1358,17
1584503184.3901882,173.194.187.70,10.10.0.10,,,443,37473,0,1358,17
1584503184.391865,10.10.0.10,173.194.187.70,,,37473,443,0,37,17
1584503184.427305,173.194.187.70,10.10.0.10,,,443,37473,0,1358,17
1584503184.464433,173.194.187.70,10.10.0.10,,,443,37473,0,1358,17
1584503184.4663641,10.10.0.10,173.194.187.70,,,37473,443,0,37,17
1584503184.5015502,173.194.187.70,10.10.0.10,,,443,37473,0,1358,17
1584503184.538672,173.194.187.70,10.10.0.10,,,443,37473,0,1358,17
1584503184.5409956,10.10.0.10,173.194.187.70,,,37473,443,0,37,17
1584503184.575794,173.194.187.70,10.10.0.10,,,443,37473,0,1358,17
1584503184.6057332,10.10.0.10,173.194.187.70,,,37473,443,0,37,17
1584503184.612918,173.194.187.70,10.10.0.10,,,443,37473,0,1358,17
1584503184.6500418,173.194.187.70,10.10.0.10,,,443,37473,0,1358,17
1584503184.6516366,10.10.0.10,173.194.187.70,,,37473,443,0,37,17
1584503184.6871624,173.194.187.70,10.10.0.10,,,443,37473,0,1358,17
1584503184.7242851,173.194.187.70,10.10.0.10,,,443,37473,0,1358,17
1584503184.7267492,10.10.0.10,173.194.187.70,,,37473,443,0,37,17
1584503184.761409,173.194.187.70,10.10.0.10,,,443,37473,0,1358,17
1584503184.798507,173.194.187.70,10.10.0.10,,,443,37473,0,1358,17
1584503184.8006132,10.10.0.10,173.194.187.70,,,37473,443,0,50,17
1584503184.835622,173.194.187.70,10.10.0.10,,,443,37473,0,1358,17
1584503184.876281,173.194.187.70,10.10.0.10,,,443,37473,0,1358,17
1584503184.87813,10.10.0.10,173.194.187.70,,,37473,443,0,37,17
1584503184.9134052,173.194.187.70,10.10.0.10,,,443,37473,0,1358,17
1584503184.9505296,173.194.187.70,10.10.0.10,,,443,37473,0,1358,17
1584503184.9524882,10.10.0.10,173.194.187.70,,,37473,443,0,37,17
1584503184.9876258,173.194.187.70,10.10.0.10,,,443,37473,0,1358,17
1584503185.024752,173.194.187.70,10.10.0.10,,,443,37473,0,1358,17
1584503185.0268779,10.10.0.10,173.194.187.70,,,37473,443,0,37,17
1584503185.0618699,173.194.187.70,10.10.0.10,,,443,37473,0,1358,17
1584503185.101066,173.194.187.70,10.10.0.10,,,443,37473,0,1358,17
1584503185.1034794,10.10.0.10,173.194.187.70,,,37473,443,0,37,17
1584503185.138187,173.194.187.70,10.10.0.10,,,443,37473,0,1358,17
1584503185.1753054,173.194.187.70,10.10.0.10,,,443,37473,0,1358,17
1584503185.212427,173.194.187.70,10.10.0.10,,,443,37473,0,1358,17
1584503185.219354,10.10.0.10,173.194.187.70,,,37473,443,0,37,17
1584503185.220102,10.10.0.10,173.194.187.70,,,37473,443,0,40,17
1584503185.2495458,173.194.187.70,10.10.0.10,,,443,37473,0,1358,17
1584503185.2514956,10.10.0.10,173.194.187.70,,,37473,443,0,40,17
1584503185.2866669,173.194.187.70,10.10.0.10,,,443,37473,0,1358,17
1584503185.289852,10.10.0.10,173.194.187.70,,,37473,443,0,40,17
1584503185.3237882,173.194.187.70,10.10.0.10,,,443,37473,0,1358,17
1584503185.325742,10.10.0.10,173.194.187.70,,,37473,443,0,40,17
1584503185.3609068,173.194.187.70,10.10.0.10,,,443,37473,0,1358,17
1584503185.3980286,173.194.187.70,10.10.0.10,,,443,37473,0,1358,17
1584503185.399966,10.10.0.10,173.194.187.70,,,37473,443,0,40,17
1584503185.4351492,173.194.187.70,10.10.0.10,,,443,37473,0,1358,17
1584503185.4722679,173.194.187.70,10.10.0.10,,,443,37473,0,1358,17
1584503185.4751878,10.10.0.10,173.194.187.70,,,37473,443,0,40,17
1584503185.509391,173.194.187.70,10.10.0.10,,,443,37473,0,1358,17
1584503185.546516,173.194.187.70,10.10.0.10,,,443,37473,0,1358,17
1584503185.549118,10.10.0.10,173.194.187.70,,,37473,443,0,40,17
1584503185.5836391,173.194.187.70,10.10.0.10,,,443,37473,0,1358,17
1584503185.620761,173.194.187.70,10.10.0.10,,,443,37473,0,1358,17
1584503185.6229546,10.10.0.10,173.194.187.70,,,37473,443,0,40,17
1584503185.657885,173.194.187.70,10.10.0.10,,,443,37473,0,1358,17
1584503185.695008,173.194.187.70,10.10.0.10,,,443,37473,0,1358,17
1584503185.697985,10.10.0.10,173.194.187.70,,,37473,443,0,40,17
1584503185.732106,173.194.187.70,10.10.0.10,,,443,37473,0,1358,17
1584503185.7692294,173.194.187.70,10.10.0.10,,,443,37473,0,1358,17
1584503185.771231,10.10.0.10,173.194.187.70,,,37473,443,0,40,17
1584503185.806348,173.194.187.70,10.10.0.10,,,443,37473,0,1358,17
1584503185.843467,173.194.187.70,10.10.0.10,,,443,37473,0,1358,17
1584503185.847833,10.10.0.10,173.194.187.70,,,37473,443,0,40,17
1584503185.880588,173.194.187.70,10.10.0.10,,,443,37473,0,1358,17
1584503185.917705,173.194.187.70,10.10.0.10,,,443,37473,0,1358,17
1584503185.92022,10.10.0.10,173.194.187.70,,,37473,443,0,40,17
1584503185.9548285,173.194.187.70,10.10.0.10,,,443,37473,0,1358,17
1584503185.991946,173.194.187.70,10.10.0.10,,,443,37473,0,1358,17
1584503185.99383,10.10.0.10,173.194.187.70,,,37473,443,0,40,17
1584503186.0290668,173.194.187.70,10.10.0.10,,,443,37473,0,1358,17
1584503186.066188,173.194.187.70,10.10.0.10,,,443,37473,0,1358,17
1584503186.068706,10.10.0.10,173.194.187.70,,,37473,443,0,40,17
1584503186.1033092,173.194.187.70,10.10.0.10,,,443,37473,0,1358,17
1584503186.140423,173.194.187.70,10.10.0.10,,,443,37473,0,1358,17
1584503186.143574,10.10.0.10,173.194.187.70,,,37473,443,0,53,17
1584503186.1775448,173.194.187.70,10.10.0.10,,,443,37473,0,1358,17
1584503186.214674,173.194.187.70,10.10.0.10,,,443,37473,0,1358,17
1584503186.229702,10.10.0.10,173.194.187.70,,,37473,443,0,40,17
1584503186.251785,173.194.187.70,10.10.0.10,,,443,37473,0,1358,17
1584503186.2889082,173.194.187.70,10.10.0.10,,,443,37473,0,1358,17
1584503186.290719,10.10.0.10,173.194.187.70,,,37473,443,0,40,17
1584503186.326023,173.194.187.70,10.10.0.10,,,443,37473,0,1358,17
1584503186.3631446,173.194.187.70,10.10.0.10,,,443,37473,0,1358,17
1584503186.3652108,10.10.0.10,173.194.187.70,,,37473,443,0,37,17
1584503186.400264,173.194.187.70,10.10.0.10,,,443,37473,0,1358,17
1584503186.437386,173.194.187.70,10.10.0.10,,,443,37473,0,1358,17
1584503186.4394438,10.10.0.10,173.194.187.70,,,37473,443,0,37,17
1584503186.4745092,173.194.187.70,10.10.0.10,,,443,37473,0,1358,17
1584503186.511627,173.194.187.70,10.10.0.10,,,443,37473,0,1358,17
1584503186.513836,10.10.0.10,173.194.187.70,,,37473,443,0,37,17
1584503186.5487485,173.194.187.70,10.10.0.10,,,443,37473,0,1358,17
1584503186.585868,173.194.187.70,10.10.0.10,,,443,37473,0,1358,17
1584503186.587832,10.10.0.10,173.194.187.70,,,37473,443,0,37,17
1584503186.6229868,173.194.187.70,10.10.0.10,,,443,37473,0,1358,17
1584503186.660108,173.194.187.70,10.10.0.10,,,443,37473,0,1358,17
1584503186.6618292,10.10.0.10,173.194.187.70,,,37473,443,0,37,17
1584503186.6972358,173.194.187.70,10.10.0.10,,,443,37473,0,1358,17
1584503186.7343562,173.194.187.70,10.10.0.10,,,443,37473,0,1358,17
1584503186.736079,10.10.0.10,173.194.187.70,,,37473,443,0,37,17
1584503186.77148,173.194.187.70,10.10.0.10,,,443,37473,0,1358,17
1584503186.808601,173.194.187.70,10.10.0.10,,,443,37473,0,1358,17
1584503186.81093,10.10.0.10,173.194.187.70,,,37473,443,0,37,17
1584503186.845725,173.194.187.70,10.10.0.10,,,443,37473,0,1358,17
1584503186.875073,10.10.0.10,173.194.187.70,,,37473,443,0,37,17
1584503186.88285,173.194.187.70,10.10.0.10,,,443,37473,0,1358,17
1584503186.9199462,173.194.187.70,10.10.0.10,,,443,37473,0,1358,17
1584503186.9216769,10.10.0.10,173.194.187.70,,,37473,443,0,37,17
1584503186.9570668,173.194.187.70,10.10.0.10,,,443,37473,0,1358,17
1584503186.99419,173.194.187.70,10.10.0.10,,,443,37473,0,1358,17
1584503186.996925,10.10.0.10,173.194.187.70,,,37473,443,0,37,17
1584503187.0313098,173.194.187.70,10.10.0.10,,,443,37473,0,1358,17
1584503187.0684302,173.194.187.70,10.10.0.10,,,443,37473,0,1358,17
1584503187.0699232,10.10.0.10,173.194.187.70,,,37473,443,0,37,17
1584503187.105546,173.194.187.70,10.10.0.10,,,443,37473,0,1358,17
1584503187.1426682,173.194.187.70,10.10.0.10,,,443,37473,0,1358,17
1584503187.144548,10.10.0.10,173.194.187.70,,,37473,443,0,37,17
1584503187.179786,173.194.187.70,10.10.0.10,,,443,37473,0,1358,17
1584503187.2169044,173.194.187.70,10.10.0.10,,,443,37473,0,1358,17
1584503187.2190454,10.10.0.10,173.194.187.70,,,37473,443,0,37,17
1584503187.254027,173.194.187.70,10.10.0.10,,,443,37473,0,1358,17
1584503187.291151,173.194.187.70,10.10.0.10,,,443,37473,0,1358,17
1584503187.292918,10.10.0.10,173.194.187.70,,,37473,443,0,37,17
1584503187.328274,173.194.187.70,10.10.0.10,,,443,37473,0,1358,17
1584503187.3653991,173.194.187.70,10.10.0.10,,,443,37473,0,1358,17
1584503187.367165,10.10.0.10,173.194.187.70,,,37473,443,0,37,17
1584503187.40252,173.194.187.70,10.10.0.10,,,443,37473,0,1358,17
1584503187.439627,173.194.187.70,10.10.0.10,,,443,37473,0,1358,17
1584503187.441403,10.10.0.10,173.194.187.70,,,37473,443,0,37,17
1584503187.4767468,173.194.187.70,10.10.0.10,,,443,37473,0,1358,17
1584503187.5183322,173.194.187.70,10.10.0.10,,,443,37473,0,1358,17
1584503187.5201795,10.10.0.10,173.194.187.70,,,37473,443,0,37,17
1584503187.555462,173.194.187.70,10.10.0.10,,,443,37473,0,1358,17
1584503187.592579,173.194.187.70,10.10.0.10,,,443,37473,0,1358,17
1584503187.5946774,10.10.0.10,173.194.187.70,,,37473,443,0,50,17
1584503187.6297011,173.194.187.70,10.10.0.10,,,443,37473,0,1358,17
1584503187.6668036,173.194.187.70,10.10.0.10,,,443,37473,0,1358,17
1584503187.668907,10.10.0.10,173.194.187.70,,,37473,443,0,37,17
1584503187.703922,173.194.187.70,10.10.0.10,,,443,37473,0,1358,17
1584503187.7410429,173.194.187.70,10.10.0.10,,,443,37473,0,1358,17
1584503187.7433958,10.10.0.10,173.194.187.70,,,37473,443,0,37,17
1584503187.7781599,173.194.187.70,10.10.0.10,,,443,37473,0,1358,17
1584503187.8152812,173.194.187.70,10.10.0.10,,,443,37473,0,29,17
1584503187.8169012,10.10.0.10,173.194.187.70,,,37473,443,0,37,17
1584503187.821414,173.194.187.70,10.10.0.10,,,443,37473,0,1358,17
1584503187.8585331,173.194.187.70,10.10.0.10,,,443,37473,0,1358,17
1584503187.858799,10.10.0.10,173.194.187.70,,,37473,443,0,37,17
1584503187.895653,173.194.187.70,10.10.0.10,,,443,37473,0,1358,17
1584503187.897917,10.10.0.10,173.194.187.70,,,37473,443,0,37,17
1584503187.932773,173.194.187.70,10.10.0.10,,,443,37473,0,1358,17
1584503187.9698946,173.194.187.70,10.10.0.10,,,443,37473,0,1358,17
1584503187.973041,10.10.0.10,173.194.187.70,,,37473,443,0,37,17
1584503188.007015,173.194.187.70,10.10.0.10,,,443,37473,0,1358,17
1584503188.0427911,10.10.0.10,173.194.187.70,,,37473,443,0,37,17
1584503188.0441332,173.194.187.70,10.10.0.10,,,443,37473,0,1358,17
1584503188.0812528,173.194.187.70,10.10.0.10,,,443,37473,0,1358,17
1584503188.083662,10.10.0.10,173.194.187.70,,,37473,443,0,37,17
1584503188.122831,173.194.187.70,10.10.0.10,,,443,37473,0,1358,17
1584503188.159945,173.194.187.70,10.10.0.10,,,443,37473,0,1358,17
1584503188.163149,10.10.0.10,173.194.187.70,,,37473,443,0,37,17
1584503188.1970696,173.194.187.70,10.10.0.10,,,443,37473,0,1358,17
1584503188.234189,173.194.187.70,10.10.0.10,,,443,37473,0,1358,17
1584503188.236639,10.10.0.10,173.194.187.70,,,37473,443,0,37,17
1584503188.271312,173.194.187.70,10.10.0.10,,,443,37473,0,1358,17
1584503188.30516,10.10.0.10,173.194.187.70,,,37473,443,0,37,17
1584503188.308435,173.194.187.70,10.10.0.10,,,443,37473,0,1358,17
1584503188.3455412,173.194.187.70,10.10.0.10,,,443,37473,0,1358,17
1584503188.3505108,10.10.0.10,173.194.187.70,,,37473,443,0,37,17
1584503188.3826818,173.194.187.70,10.10.0.10,,,443,37473,0,1358,17
1584503188.419803,173.194.187.70,10.10.0.10,,,443,37473,0,1358,17
1584503188.42178,10.10.0.10,173.194.187.70,,,37473,443,0,37,17
1584503188.456927,173.194.187.70,10.10.0.10,,,443,37473,0,1358,17
1584503188.494026,173.194.187.70,10.10.0.10,,,443,37473,0,1358,17
1584503188.495973,10.10.0.10,173.194.187.70,,,37473,443,0,37,17
1584503188.5311482,173.194.187.70,10.10.0.10,,,443,37473,0,1358,17
1584503188.568269,173.194.187.70,10.10.0.10,,,443,37473,0,1358,17
1584503188.570879,10.10.0.10,173.194.187.70,,,37473,443,0,37,17
1584503188.605387,173.194.187.70,10.10.0.10,,,443,37473,0,1358,17
1584503188.6425085,173.194.187.70,10.10.0.10,,,443,37473,0,1358,17
1584503188.6462722,10.10.0.10,173.194.187.70,,,37473,443,0,37,17
1584503188.679627,173.194.187.70,10.10.0.10,,,443,37473,0,1358,17
1584503188.7167466,173.194.187.70,10.10.0.10,,,443,37473,0,1358,17
1584503188.71875,10.10.0.10,173.194.187.70,,,37473,443,0,37,17
1584503188.753869,173.194.187.70,10.10.0.10,,,443,37473,0,1358,17
1584503188.7909858,173.194.187.70,10.10.0.10,,,443,37473,0,1358,17
1584503188.794268,10.10.0.10,173.194.187.70,,,37473,443,0,37,17
1584503188.828105,173.194.187.70,10.10.0.10,,,443,37473,0,1358,17
1584503188.8652296,173.194.187.70,10.10.0.10,,,443,37473,0,1358,17
1584503188.86887,10.10.0.10,173.194.187.70,,,37473,443,0,37,17
1584503188.902354,173.194.187.70,10.10.0.10,,,443,37473,0,1358,17
1584503188.9394784,173.194.187.70,10.10.0.10,,,443,37473,0,1358,17
1584503188.9422624,10.10.0.10,173.194.187.70,,,37473,443,0,50,17
1584503188.9766,173.194.187.70,10.10.0.10,,,443,37473,0,1358,17
1584503189.013726,173.194.187.70,10.10.0.10,,,443,37473,0,1358,17
1584503189.0162618,10.10.0.10,173.194.187.70,,,37473,443,0,37,17
1584503189.0508294,173.194.187.70,10.10.0.10,,,443,37473,0,1358,17
1584503189.087952,173.194.187.70,10.10.0.10,,,443,37473,0,1358,17
1584503189.089866,10.10.0.10,173.194.187.70,,,37473,443,0,37,17
1584503189.125067,173.194.187.70,10.10.0.10,,,443,37473,0,1358,17
1584503189.162188,173.194.187.70,10.10.0.10,,,443,37473,0,29,17
1584503189.1638682,173.194.187.70,10.10.0.10,,,443,37473,0,1358,17
1584503189.1658812,10.10.0.10,173.194.187.70,,,37473,443,0,37,17
1584503189.200986,173.194.187.70,10.10.0.10,,,443,37473,0,1358,17
1584503189.203005,10.10.0.10,173.194.187.70,,,37473,443,0,37,17
1584503189.2381089,173.194.187.70,10.10.0.10,,,443,37473,0,1358,17
1584503189.2752292,173.194.187.70,10.10.0.10,,,443,37473,0,1358,17
1584503189.2776089,10.10.0.10,173.194.187.70,,,37473,443,0,37,17
1584503189.31235,173.194.187.70,10.10.0.10,,,443,37473,0,1358,17
1584503189.34947,173.194.187.70,10.10.0.10,,,443,37473,0,1358,17
1584503189.351232,10.10.0.10,173.194.187.70,,,37473,443,0,37,17
1584503189.386588,173.194.187.70,10.10.0.10,,,443,37473,0,1358,17
1584503189.423712,173.194.187.70,10.10.0.10,,,443,37473,0,1358,17
1584503189.42573,10.10.0.10,173.194.187.70,,,37473,443,0,37,17
1584503189.460836,173.194.187.70,10.10.0.10,,,443,37473,0,1358,17
1584503189.4979599,173.194.187.70,10.10.0.10,,,443,37473,0,1358,17
1584503189.5013509,10.10.0.10,173.194.187.70,,,37473,443,0,37,17
1584503189.5350811,173.194.187.70,10.10.0.10,,,443,37473,0,1358,17
1584503189.5721831,173.194.187.70,10.10.0.10,,,443,37473,0,1358,17
1584503189.574827,10.10.0.10,173.194.187.70,,,37473,443,0,37,17
1584503189.609319,173.194.187.70,10.10.0.10,,,443,37473,0,1358,17
1584503189.646426,173.194.187.70,10.10.0.10,,,443,37473,0,1358,17
1584503189.6493251,10.10.0.10,173.194.187.70,,,37473,443,0,37,17
1584503189.6835468,173.194.187.70,10.10.0.10,,,443,37473,0,1358,17
1584503189.720669,173.194.187.70,10.10.0.10,,,443,37473,0,1358,17
1584503189.7227206,10.10.0.10,173.194.187.70,,,37473,443,0,37,17
1584503189.757786,173.194.187.70,10.10.0.10,,,443,37473,0,1358,17
1584503189.797649,173.194.187.70,10.10.0.10,,,443,37473,0,1358,17
1584503189.799811,10.10.0.10,173.194.187.70,,,37473,443,0,37,17
1584503189.834774,173.194.187.70,10.10.0.10,,,443,37473,0,1358,17
1584503189.871894,173.194.187.70,10.10.0.10,,,443,37473,0,1358,17
1584503189.87359,10.10.0.10,173.194.187.70,,,37473,443,0,37,17
1584503189.909015,173.194.187.70,10.10.0.10,,,443,37473,0,1358,17
1584503189.946137,173.194.187.70,10.10.0.10,,,443,37473,0,1358,17
1584503189.9489858,10.10.0.10,173.194.187.70,,,37473,443,0,37,17
1584503189.983249,173.194.187.70,10.10.0.10,,,443,37473,0,1358,17
1584503190.020385,173.194.187.70,10.10.0.10,,,443,37473,0,1358,17
1584503190.022109,10.10.0.10,173.194.187.70,,,37473,443,0,37,17
1584503190.0575054,173.194.187.70,10.10.0.10,,,443,37473,0,1358,17
1584503190.09463,173.194.187.70,10.10.0.10,,,443,37473,0,1358,17
1584503190.096587,10.10.0.10,173.194.187.70,,,37473,443,0,37,17
1584503190.131752,173.194.187.70,10.10.0.10,,,443,37473,0,1358,17
1584503190.1688519,173.194.187.70,10.10.0.10,,,443,37473,0,1358,17
1584503190.1704788,10.10.0.10,173.194.187.70,,,37473,443,0,37,17
1584503190.205972,173.194.187.70,10.10.0.10,,,443,37473,0,1358,17
1584503190.243094,173.194.187.70,10.10.0.10,,,443,37473,0,1358,17
1584503190.244694,10.10.0.10,173.194.187.70,,,37473,443,0,37,17
1584503190.280213,173.194.187.70,10.10.0.10,,,443,37473,0,1358,17
1584503190.3173358,173.194.187.70,10.10.0.10,,,443,37473,0,1358,17
1584503190.319078,10.10.0.10,173.194.187.70,,,37473,443,0,37,17
1584503190.354455,173.194.187.70,10.10.0.10,,,443,37473,0,1358,17
1584503190.3915732,173.194.187.70,10.10.0.10,,,443,37473,0,1358,17
1584503190.3934438,10.10.0.10,173.194.187.70,,,37473,443,0,50,17
1584503190.428692,173.194.187.70,10.10.0.10,,,443,37473,0,1358,17
1584503190.465815,173.194.187.70,10.10.0.10,,,443,37473,0,1358,17
1584503190.467824,10.10.0.10,173.194.187.70,,,37473,443,0,37,17
1584503190.502935,173.194.187.70,10.10.0.10,,,443,37473,0,1358,17
1584503190.5400536,173.194.187.70,10.10.0.10,,,443,37473,0,1358,17
1584503190.542072,10.10.0.10,173.194.187.70,,,37473,443,0,37,17
1584503190.577181,173.194.187.70,10.10.0.10,,,443,37473,0,29,17
1584503190.578868,173.194.187.70,10.10.0.10,,,443,37473,0,1358,17
1584503190.615969,173.194.187.70,10.10.0.10,,,443,37473,0,1358,17
1584503190.619719,10.10.0.10,173.194.187.70,,,37473,443,0,37,17
1584503190.653112,173.194.187.70,10.10.0.10,,,443,37473,0,1358,17
1584503190.6902118,173.194.187.70,10.10.0.10,,,443,37473,0,1358,17
1584503190.693816,10.10.0.10,173.194.187.70,,,37473,443,0,37,17
1584503190.727334,173.194.187.70,10.10.0.10,,,443,37473,0,1358,17
1584503190.75571,10.10.0.10,173.194.187.70,,,37473,443,0,37,17
1584503190.764455,173.194.187.70,10.10.0.10,,,443,37473,0,1358,17
1584503190.801575,173.194.187.70,10.10.0.10,,,443,37473,0,1358,17
1584503190.80321,10.10.0.10,173.194.187.70,,,37473,443,0,37,17
1584503190.8386948,173.194.187.70,10.10.0.10,,,443,37473,0,1358,17
1584503190.875817,173.194.187.70,10.10.0.10,,,443,37473,0,1358,17
1584503190.878707,10.10.0.10,173.194.187.70,,,37473,443,0,37,17
1584503190.912937,173.194.187.70,10.10.0.10,,,443,37473,0,1358,17
1584503190.9500554,173.194.187.70,10.10.0.10,,,443,37473,0,1358,17
1584503190.9520602,10.10.0.10,173.194.187.70,,,37473,443,0,37,17
1584503190.987173,173.194.187.70,10.10.0.10,,,443,37473,0,1358,17
1584503191.024294,173.194.187.70,10.10.0.10,,,443,37473,0,1358,17
1584503191.026062,10.10.0.10,173.194.187.70,,,37473,443,0,37,17
1584503191.061415,173.194.187.70,10.10.0.10,,,443,37473,0,1358,17
1584503191.0985384,173.194.187.70,10.10.0.10,,,443,37473,0,1358,17
1584503191.1010768,10.10.0.10,173.194.187.70,,,37473,443,0,37,17
1584503191.135664,173.194.187.70,10.10.0.10,,,443,37473,0,1358,17
1584503191.169681,10.10.0.10,173.194.187.70,,,37473,443,0,37,17
1584503191.1727881,173.194.187.70,10.10.0.10,,,443,37473,0,1358,17
1584503191.2098944,173.194.187.70,10.10.0.10,,,443,37473,0,1358,17
1584503191.212933,10.10.0.10,173.194.187.70,,,37473,443,0,37,17
1584503191.247013,173.194.187.70,10.10.0.10,,,443,37473,0,1358,17
1584503191.280804,10.10.0.10,173.194.187.70,,,37473,443,0,37,17
1584503191.284129,173.194.187.70,10.10.0.10,,,443,37473,0,1358,17
1584503191.321251,173.194.187.70,10.10.0.10,,,443,37473,0,1358,17
1584503191.322783,10.10.0.10,173.194.187.70,,,37473,443,0,37,17
1584503191.358374,173.194.187.70,10.10.0.10,,,443,37473,0,1358,17
1584503191.360199,10.10.0.10,173.194.187.70,,,37473,443,0,37,17
1584503191.3954961,173.194.187.70,10.10.0.10,,,443,37473,0,1358,17
1584503191.432611,173.194.187.70,10.10.0.10,,,443,37473,0,1358,17
1584503191.4345481,10.10.0.10,173.194.187.70,,,37473,443,0,37,17
1584503191.4697301,173.194.187.70,10.10.0.10,,,443,37473,0,1358,17
1584503191.50685,173.194.187.70,10.10.0.10,,,443,37473,0,1358,17
1584503191.508538,10.10.0.10,173.194.187.70,,,37473,443,0,37,17
1584503191.5439706,173.194.187.70,10.10.0.10,,,443,37473,0,1358,17
1584503191.5772932,10.10.0.10,173.194.187.70,,,37473,443,0,37,17
1584503191.581094,173.194.187.70,10.10.0.10,,,443,37473,0,1358,17
1584503191.6182141,173.194.187.70,10.10.0.10,,,443,37473,0,1358,17
1584503191.6198108,10.10.0.10,173.194.187.70,,,37473,443,0,37,17
1584503191.655329,173.194.187.70,10.10.0.10,,,443,37473,0,1358,17
1584503191.6924481,173.194.187.70,10.10.0.10,,,443,37473,0,1358,17
1584503191.6944358,10.10.0.10,173.194.187.70,,,37473,443,0,50,17
1584503191.729585,173.194.187.70,10.10.0.10,,,443,37473,0,1358,17
1584503191.766706,173.194.187.70,10.10.0.10,,,443,37473,0,1358,17
1584503191.7685332,10.10.0.10,173.194.187.70,,,37473,443,0,37,17
1584503191.803831,173.194.187.70,10.10.0.10,,,443,37473,0,1358,17
1584503191.8409538,173.194.187.70,10.10.0.10,,,443,37473,0,1358,17
1584503191.842921,10.10.0.10,173.194.187.70,,,37473,443,0,37,17
1584503191.8780518,173.194.187.70,10.10.0.10,,,443,37473,0,1358,17
1584503191.915173,173.194.187.70,10.10.0.10,,,443,37473,0,29,17
1584503191.916854,173.194.187.70,10.10.0.10,,,443,37473,0,1358,17
1584503191.917034,10.10.0.10,173.194.187.70,,,37473,443,0,37,17
1584503191.953974,173.194.187.70,10.10.0.10,,,443,37473,0,1358,17
1584503191.956656,10.10.0.10,173.194.187.70,,,37473,443,0,37,17
1584503191.9910989,173.194.187.70,10.10.0.10,,,443,37473,0,1358,17
1584503192.028214,173.194.187.70,10.10.0.10,,,443,37473,0,1358,17
1584503192.030129,10.10.0.10,173.194.187.70,,,37473,443,0,37,17
1584503192.0653331,173.194.187.70,10.10.0.10,,,443,37473,0,1358,17
1584503192.1024554,173.194.187.70,10.10.0.10,,,443,37473,0,1358,17
1584503192.1041722,10.10.0.10,173.194.187.70,,,37473,443,0,37,17
1584503192.139574,173.194.187.70,10.10.0.10,,,443,37473,0,1358,17
1584503192.176699,173.194.187.70,10.10.0.10,,,443,37473,0,1358,17
1584503192.178273,10.10.0.10,173.194.187.70,,,37473,443,0,37,17
1584503192.2138178,173.194.187.70,10.10.0.10,,,443,37473,0,1358,17
1584503192.250947,173.194.187.70,10.10.0.10,,,443,37473,0,1358,17
1584503192.253046,10.10.0.10,173.194.187.70,,,37473,443,0,37,17
1584503192.2880669,173.194.187.70,10.10.0.10,,,443,37473,0,1358,17
1584503192.3251698,173.194.187.70,10.10.0.10,,,443,37473,0,1358,17
1584503192.327417,10.10.0.10,173.194.187.70,,,37473,443,0,37,17
1584503192.362303,173.194.187.70,10.10.0.10,,,443,37473,0,1358,17
1584503192.399426,173.194.187.70,10.10.0.10,,,443,37473,0,1358,17
1584503192.402265,10.10.0.10,173.194.187.70,,,37473,443,0,37,17
1584503192.4365351,173.194.187.70,10.10.0.10,,,443,37473,0,1358,17
1584503192.4736571,173.194.187.70,10.10.0.10,,,443,37473,0,1358,17
1584503192.4757652,10.10.0.10,173.194.187.70,,,37473,443,0,37,17
1584503192.510776,173.194.187.70,10.10.0.10,,,443,37473,0,1358,17
1584503192.547893,173.194.187.70,10.10.0.10,,,443,37473,0,1358,17
1584503192.5512948,10.10.0.10,173.194.187.70,,,37473,443,0,37,17
1584503192.585014,173.194.187.70,10.10.0.10,,,443,37473,0,1358,17
1584503192.622135,173.194.187.70,10.10.0.10,,,443,37473,0,1358,17
1584503192.637263,10.10.0.10,173.194.187.70,,,37473,443,0,37,17
1584503192.659255,173.194.187.70,10.10.0.10,,,443,37473,0,1358,17
1584503192.6963751,173.194.187.70,10.10.0.10,,,443,37473,0,1358,17
1584503192.7002661,10.10.0.10,173.194.187.70,,,37473,443,0,37,17
1584503192.733492,173.194.187.70,10.10.0.10,,,443,37473,0,1358,17
1584503192.7706141,173.194.187.70,10.10.0.10,,,443,37473,0,1358,17
1584503192.7722864,10.10.0.10,173.194.187.70,,,37473,443,0,37,17
1584503192.8077388,173.194.187.70,10.10.0.10,,,443,37473,0,1358,17
1584503192.8448641,173.194.187.70,10.10.0.10,,,443,37473,0,1358,17
1584503192.84663,10.10.0.10,173.194.187.70,,,37473,443,0,37,17
1584503192.8819866,173.194.187.70,10.10.0.10,,,443,37473,0,1358,17
1584503192.919092,173.194.187.70,10.10.0.10,,,443,37473,0,1358,17
1584503192.920751,10.10.0.10,173.194.187.70,,,37473,443,0,37,17
1584503192.9562142,173.194.187.70,10.10.0.10,,,443,37473,0,1358,17
1584503192.993334,173.194.187.70,10.10.0.10,,,443,37473,0,1358,17
1584503192.995501,10.10.0.10,173.194.187.70,,,37473,443,0,37,17
1584503193.0304544,173.194.187.70,10.10.0.10,,,443,37473,0,1358,17
1584503193.0628922,10.10.0.10,173.194.187.70,,,37473,443,0,37,17
1584503193.067573,173.194.187.70,10.10.0.10,,,443,37473,0,1358,17
1584503193.104694,173.194.187.70,10.10.0.10,,,443,37473,0,1358,17
1584503193.106518,10.10.0.10,173.194.187.70,,,37473,443,0,50,17
1584503193.1418188,173.194.187.70,10.10.0.10,,,443,37473,0,1358,17
1584503193.178934,173.194.187.70,10.10.0.10,,,443,37473,0,1358,17
1584503193.180524,10.10.0.10,173.194.187.70,,,37473,443,0,37,17
1584503193.216057,173.194.187.70,10.10.0.10,,,443,37473,0,1358,17
1584503193.253176,173.194.187.70,10.10.0.10,,,443,37473,0,1358,17
1584503193.2547429,10.10.0.10,173.194.187.70,,,37473,443,0,37,17
1584503193.2902956,173.194.187.70,10.10.0.10,,,443,37473,0,1358,17
1584503193.327416,173.194.187.70,10.10.0.10,,,443,37473,0,1358,17
1584503193.3292599,10.10.0.10,173.194.187.70,,,37473,443,0,37,17
1584503193.3645332,173.194.187.70,10.10.0.10,,,443,37473,0,1358,17
1584503193.401663,173.194.187.70,10.10.0.10,,,443,37473,0,1358,17
1584503193.405514,10.10.0.10,173.194.187.70,,,37473,443,0,37,17
1584503193.4387708,173.194.187.70,10.10.0.10,,,443,37473,0,1358,17
1584503193.4758918,173.194.187.70,10.10.0.10,,,443,37473,0,1358,17
1584503193.4774818,10.10.0.10,173.194.187.70,,,37473,443,0,37,17
1584503193.513031,173.194.187.70,10.10.0.10,,,443,37473,0,1358,17
1584503193.550156,173.194.187.70,10.10.0.10,,,443,37473,0,1358,17
1584503193.5519779,10.10.0.10,173.194.187.70,,,37473,443,0,37,17
1584503193.5872538,173.194.187.70,10.10.0.10,,,443,37473,0,1358,17
1584503193.6243708,173.194.187.70,10.10.0.10,,,443,37473,0,1358,17
1584503193.626256,10.10.0.10,173.194.187.70,,,37473,443,0,37,17
1584503193.661495,173.194.187.70,10.10.0.10,,,443,37473,0,1358,17
1584503193.6986141,173.194.187.70,10.10.0.10,,,443,37473,0,1358,17
1584503193.700364,10.10.0.10,173.194.187.70,,,37473,443,0,37,17
1584503193.735733,173.194.187.70,10.10.0.10,,,443,37473,0,1358,17
1584503193.772852,173.194.187.70,10.10.0.10,,,443,37473,0,1358,17
1584503193.774977,10.10.0.10,173.194.187.70,,,37473,443,0,37,17
1584503193.809973,173.194.187.70,10.10.0.10,,,443,37473,0,1358,17
1584503193.847094,173.194.187.70,10.10.0.10,,,443,37473,0,1358,17
1584503193.84935,10.10.0.10,173.194.187.70,,,37473,443,0,37,17
1584503193.884218,173.194.187.70,10.10.0.10,,,443,37473,0,1358,17
1584503193.913251,10.10.0.10,173.194.187.70,,,37473,443,0,37,17
1584503193.9213321,173.194.187.70,10.10.0.10,,,443,37473,0,1358,17
1584503193.958457,173.194.187.70,10.10.0.10,,,443,37473,0,1358,17
1584503193.961493,10.10.0.10,173.194.187.70,,,37473,443,0,37,17
1584503193.9955802,173.194.187.70,10.10.0.10,,,443,37473,0,1358,17
1584503194.032703,173.194.187.70,10.10.0.10,,,443,37473,0,1358,17
1584503194.034615,10.10.0.10,173.194.187.70,,,37473,443,0,37,17
1584503194.0698292,173.194.187.70,10.10.0.10,,,443,37473,0,1358,17
1584503194.106933,173.194.187.70,10.10.0.10,,,443,37473,0,1358,17
1584503194.1087172,10.10.0.10,173.194.187.70,,,37473,443,0,37,17
1584503194.1440544,173.194.187.70,10.10.0.10,,,443,37473,0,1358,17
1584503194.181173,173.194.187.70,10.10.0.10,,,443,37473,0,1358,17
1584503194.183486,10.10.0.10,173.194.187.70,,,37473,443,0,37,17
1584503194.2182946,173.194.187.70,10.10.0.10,,,443,37473,0,1358,17
1584503194.255414,173.194.187.70,10.10.0.10,,,443,37473,0,1358,17
1584503194.2575982,10.10.0.10,173.194.187.70,,,37473,443,0,37,17
1584503194.292536,173.194.187.70,10.10.0.10,,,443,37473,0,1358,17
1584503194.3296602,173.194.187.70,10.10.0.10,,,443,37473,0,1358,17
1584503194.331356,10.10.0.10,173.194.187.70,,,37473,443,0,37,17
1584503194.3667688,173.194.187.70,10.10.0.10,,,443,37473,0,1358,17
1584503194.4038918,173.194.187.70,10.10.0.10,,,443,37473,0,1358,17
1584503194.405463,10.10.0.10,173.194.187.70,,,37473,443,0,37,17
1584503194.44101,173.194.187.70,10.10.0.10,,,443,37473,0,1358,17
1584503194.4781342,173.194.187.70,10.10.0.10,,,443,37473,0,1358,17
1584503194.4798589,10.10.0.10,173.194.187.70,,,37473,443,0,37,17
1584503194.5152578,173.194.187.70,10.10.0.10,,,443,37473,0,1358,17
1584503194.5523698,173.194.187.70,10.10.0.10,,,443,37473,0,1358,17
1584503194.554107,10.10.0.10,173.194.187.70,,,37473,443,0,50,17
1584503194.589489,173.194.187.70,10.10.0.10,,,443,37473,0,1358,17
1584503194.626626,173.194.187.70,10.10.0.10,,,443,37473,0,1358,17
1584503194.6299741,10.10.0.10,173.194.187.70,,,37473,443,0,37,17
1584503194.6637475,173.194.187.70,10.10.0.10,,,443,37473,0,1358,17
1584503194.700871,173.194.187.70,10.10.0.10,,,443,37473,0,1358,17
1584503194.703566,10.10.0.10,173.194.187.70,,,37473,443,0,37,17
1584503194.737996,173.194.187.70,10.10.0.10,,,443,37473,0,29,17
1584503194.7396526,173.194.187.70,10.10.0.10,,,443,37473,0,1358,17
1584503194.7767751,173.194.187.70,10.10.0.10,,,443,37473,0,1358,17
1584503194.778824,10.10.0.10,173.194.187.70,,,37473,443,0,37,17
1584503194.813893,173.194.187.70,10.10.0.10,,,443,37473,0,1358,17
1584503194.851015,173.194.187.70,10.10.0.10,,,443,37473,0,1358,17
1584503194.8530777,10.10.0.10,173.194.187.70,,,37473,443,0,37,17
1584503194.888134,173.194.187.70,10.10.0.10,,,443,37473,0,1358,17
1584503194.9252536,173.194.187.70,10.10.0.10,,,443,37473,0,1358,17
1584503194.92709,10.10.0.10,173.194.187.70,,,37473,443,0,37,17
1584503194.962374,173.194.187.70,10.10.0.10,,,443,37473,0,1358,17
1584503194.9994931,173.194.187.70,10.10.0.10,,,443,37473,0,1358,17
1584503195.001338,10.10.0.10,173.194.187.70,,,37473,443,0,37,17
1584503195.0366142,173.194.187.70,10.10.0.10,,,443,37473,0,1358,17
1584503195.073738,173.194.187.70,10.10.0.10,,,443,37473,0,1358,17
1584503195.075815,10.10.0.10,173.194.187.70,,,37473,443,0,37,17
1584503195.110863,173.194.187.70,10.10.0.10,,,443,37473,0,1358,17
1584503195.147986,173.194.187.70,10.10.0.10,,,443,37473,0,1358,17
1584503195.149677,10.10.0.10,173.194.187.70,,,37473,443,0,37,17
1584503195.185107,173.194.187.70,10.10.0.10,,,443,37473,0,1358,17
1584503195.222233,173.194.187.70,10.10.0.10,,,443,37473,0,1358,17
1584503195.2249546,10.10.0.10,173.194.187.70,,,37473,443,0,37,17
1584503195.2593539,173.194.187.70,10.10.0.10,,,443,37473,0,1358,17
1584503195.2964518,173.194.187.70,10.10.0.10,,,443,37473,0,1358,17
1584503195.298058,10.10.0.10,173.194.187.70,,,37473,443,0,37,17
1584503195.333574,173.194.187.70,10.10.0.10,,,443,37473,0,1358,17
1584503195.3706946,173.194.187.70,10.10.0.10,,,443,37473,0,1358,17
1584503195.372806,10.10.0.10,173.194.187.70,,,37473,443,0,37,17
1584503195.4078119,173.194.187.70,10.10.0.10,,,443,37473,0,1358,17
1584503195.444936,173.194.187.70,10.10.0.10,,,443,37473,0,1358,17
1584503195.4479039,10.10.0.10,173.194.187.70,,,37473,443,0,37,17
1584503195.4820569,173.194.187.70,10.10.0.10,,,443,37473,0,1358,17
1584503195.5191698,173.194.187.70,10.10.0.10,,,443,37473,0,1358,17
1584503195.5211859,10.10.0.10,173.194.187.70,,,37473,443,0,37,17
1584503195.556289,173.194.187.70,10.10.0.10,,,443,37473,0,1358,17
1584503195.585308,10.10.0.10,173.194.187.70,,,37473,443,0,37,17
1584503195.593409,173.194.187.70,10.10.0.10,,,443,37473,0,1358,17
1584503195.6305358,173.194.187.70,10.10.0.10,,,443,37473,0,1358,17
1584503195.632542,10.10.0.10,173.194.187.70,,,37473,443,0,37,17
1584503195.667656,173.194.187.70,10.10.0.10,,,443,37473,0,1358,17
1584503195.704782,173.194.187.70,10.10.0.10,,,443,37473,0,1358,17
1584503195.7066774,10.10.0.10,173.194.187.70,,,37473,443,0,37,17
1584503195.7419028,173.194.187.70,10.10.0.10,,,443,37473,0,1358,17
1584503195.779027,173.194.187.70,10.10.0.10,,,443,37473,0,1358,17
1584503195.782263,10.10.0.10,173.194.187.70,,,37473,443,0,37,17
1584503195.816127,173.194.187.70,10.10.0.10,,,443,37473,0,1358,17
1584503195.853252,173.194.187.70,10.10.0.10,,,443,37473,0,1358,17
1584503195.857542,10.10.0.10,173.194.187.70,,,37473,443,0,37,17
1584503195.8903742,173.194.187.70,10.10.0.10,,,443,37473,0,1358,17
1584503195.9274929,173.194.187.70,10.10.0.10,,,443,37473,0,1358,17
1584503195.930407,10.10.0.10,173.194.187.70,,,37473,443,0,37,17
1584503195.964608,173.194.187.70,10.10.0.10,,,443,37473,0,1358,17
1584503196.001733,173.194.187.70,10.10.0.10,,,443,37473,0,1358,17
1584503196.0040526,10.10.0.10,173.194.187.70,,,37473,443,0,50,17
1584503196.0388515,173.194.187.70,10.10.0.10,,,443,37473,0,1358,17
1584503196.075973,173.194.187.70,10.10.0.10,,,443,37473,0,1358,17
1584503196.077805,10.10.0.10,173.194.187.70,,,37473,443,0,37,17
1584503196.1130931,173.194.187.70,10.10.0.10,,,443,37473,0,1358,17
1584503196.1502142,173.194.187.70,10.10.0.10,,,443,37473,0,1358,17
1584503196.152807,10.10.0.10,173.194.187.70,,,37473,443,0,37,17
1584503196.187336,173.194.187.70,10.10.0.10,,,443,37473,0,1358,17
1584503196.224456,173.194.187.70,10.10.0.10,,,443,37473,0,29,17
1584503196.2257938,10.10.0.10,173.194.187.70,,,37473,443,0,37,17
1584503196.22613,173.194.187.70,10.10.0.10,,,443,37473,0,1358,17
1584503196.2608,10.10.0.10,173.194.187.70,,,37473,443,0,37,17
1584503196.2632642,173.194.187.70,10.10.0.10,,,443,37473,0,1358,17
1584503196.300388,173.194.187.70,10.10.0.10,,,443,37473,0,1358,17
1584503196.3031552,10.10.0.10,173.194.187.70,,,37473,443,0,37,17
1584503196.3374932,173.194.187.70,10.10.0.10,,,443,37473,0,1358,17
1584503196.374614,173.194.187.70,10.10.0.10,,,443,37473,0,1358,17
1584503196.376424,10.10.0.10,173.194.187.70,,,37473,443,0,37,17
1584503196.411732,173.194.187.70,10.10.0.10,,,443,37473,0,1358,17
1584503196.448857,173.194.187.70,10.10.0.10,,,443,37473,0,1358,17
1584503196.47641,10.10.0.10,173.194.187.70,,,37473,443,0,37,17
1584503196.485975,173.194.187.70,10.10.0.10,,,443,37473,0,1358,17
1584503196.5230901,173.194.187.70,10.10.0.10,,,443,37473,0,1358,17
1584503196.52492,10.10.0.10,173.194.187.70,,,37473,443,0,37,17
1584503196.560208,173.194.187.70,10.10.0.10,,,443,37473,0,1358,17
1584503196.5973349,173.194.187.70,10.10.0.10,,,443,37473,0,1358,17
1584503196.599399,10.10.0.10,173.194.187.70,,,37473,443,0,37,17
1584503196.6344588,173.194.187.70,10.10.0.10,,,443,37473,0,1358,17
1584503196.671576,173.194.187.70,10.10.0.10,,,443,37473,0,1358,17
1584503196.6741636,10.10.0.10,173.194.187.70,,,37473,443,0,37,17
1584503196.7086961,173.194.187.70,10.10.0.10,,,443,37473,0,1358,17
1584503196.745815,173.194.187.70,10.10.0.10,,,443,37473,0,1358,17
1584503196.7476418,10.10.0.10,173.194.187.70,,,37473,443,0,37,17
1584503196.7829401,173.194.187.70,10.10.0.10,,,443,37473,0,1358,17
1584503196.820048,173.194.187.70,10.10.0.10,,,443,37473,0,1358,17
1584503196.823014,10.10.0.10,173.194.187.70,,,37473,443,0,37,17
1584503196.8571858,173.194.187.70,10.10.0.10,,,443,37473,0,1358,17
1584503196.894309,173.194.187.70,10.10.0.10,,,443,37473,0,1358,17
1584503196.896034,10.10.0.10,173.194.187.70,,,37473,443,0,37,17
1584503196.9314349,173.194.187.70,10.10.0.10,,,443,37473,0,1358,17
1584503196.9685464,173.194.187.70,10.10.0.10,,,443,37473,0,1358,17
1584503196.97153,10.10.0.10,173.194.187.70,,,37473,443,0,37,17
1584503197.005652,173.194.187.70,10.10.0.10,,,443,37473,0,1358,17
1584503197.0427752,173.194.187.70,10.10.0.10,,,443,37473,0,1358,17
1584503197.0456526,10.10.0.10,173.194.187.70,,,37473,443,0,37,17
1584503197.0798972,173.194.187.70,10.10.0.10,,,443,37473,0,1358,17
1584503197.117017,173.194.187.70,10.10.0.10,,,443,37473,0,1358,17
1584503197.1188722,10.10.0.10,173.194.187.70,,,37473,443,0,37,17
1584503197.154134,173.194.187.70,10.10.0.10,,,443,37473,0,1358,17
1584503197.1912534,173.194.187.70,10.10.0.10,,,443,37473,0,1358,17
1584503197.193149,10.10.0.10,173.194.187.70,,,37473,443,0,37,17
1584503197.228374,173.194.187.70,10.10.0.10,,,443,37473,0,1358,17
1584503197.265497,173.194.187.70,10.10.0.10,,,443,37473,0,1358,17
1584503197.2672749,10.10.0.10,173.194.187.70,,,37473,443,0,37,17
1584503197.304369,173.194.187.70,10.10.0.10,,,443,37473,0,1358,17
1584503197.333623,10.10.0.10,173.194.187.70,,,37473,443,0,37,17
1584503197.341491,173.194.187.70,10.10.0.10,,,443,37473,0,1358,17
1584503197.3786118,173.194.187.70,10.10.0.10,,,443,37473,0,1358,17
1584503197.381,10.10.0.10,173.194.187.70,,,37473,443,0,50,17
1584503197.41573,173.194.187.70,10.10.0.10,,,443,37473,0,1358,17
1584503197.452849,173.194.187.70,10.10.0.10,,,443,37473,0,1358,17
1584503197.454992,10.10.0.10,173.194.187.70,,,37473,443,0,37,17
1584503197.4899788,173.194.187.70,10.10.0.10,,,443,37473,0,1358,17
1584503197.533304,173.194.187.70,10.10.0.10,,,443,37473,0,1358,17
1584503197.5351224,10.10.0.10,173.194.187.70,,,37473,443,0,37,17
1584503197.570427,173.194.187.70,10.10.0.10,,,443,37473,0,1358,17
1584503197.6075466,173.194.187.70,10.10.0.10,,,443,37473,0,29,17
1584503197.608986,10.10.0.10,173.194.187.70,,,37473,443,0,37,17
1584503197.6092222,173.194.187.70,10.10.0.10,,,443,37473,0,1358,17
1584503197.6463492,173.194.187.70,10.10.0.10,,,443,37473,0,1358,17
1584503197.648263,10.10.0.10,173.194.187.70,,,37473,443,0,37,17
1584503197.6834738,173.194.187.70,10.10.0.10,,,443,37473,0,1358,17
1584503197.720597,173.194.187.70,10.10.0.10,,,443,37473,0,1358,17
1584503197.723584,10.10.0.10,173.194.187.70,,,37473,443,0,37,17
1584503197.75772,173.194.187.70,10.10.0.10,,,443,37473,0,1358,17
1584503197.794827,173.194.187.70,10.10.0.10,,,443,37473,0,1358,17
1584503197.7966099,10.10.0.10,173.194.187.70,,,37473,443,0,37,17
1584503197.8319461,173.194.187.70,10.10.0.10,,,443,37473,0,1358,17
1584503197.864491,10.10.0.10,173.194.187.70,,,37473,443,0,37,17
1584503197.873533,173.194.187.70,10.10.0.10,,,443,37473,0,1358,17
1584503197.9106526,173.194.187.70,10.10.0.10,,,443,37473,0,1358,17
1584503197.913002,10.10.0.10,173.194.187.70,,,37473,443,0,37,17
1584503197.947778,173.194.187.70,10.10.0.10,,,443,37473,0,1358,17
1584503197.9848998,173.194.187.70,10.10.0.10,,,443,37473,0,1358,17
1584503197.98673,10.10.0.10,173.194.187.70,,,37473,443,0,37,17
1584503198.022,173.194.187.70,10.10.0.10,,,443,37473,0,1358,17
1584503198.0591214,173.194.187.70,10.10.0.10,,,443,37473,0,1358,17
1584503198.061625,10.10.0.10,173.194.187.70,,,37473,443,0,37,17
1584503198.096242,173.194.187.70,10.10.0.10,,,443,37473,0,1358,17
1584503198.1333618,173.194.187.70,10.10.0.10,,,443,37473,0,1358,17
1584503198.1353722,10.10.0.10,173.194.187.70,,,37473,443,0,37,17
1584503198.1749332,173.194.187.70,10.10.0.10,,,443,37473,0,1358,17
1584503198.212055,173.194.187.70,10.10.0.10,,,443,37473,0,1358,17
1584503198.214617,10.10.0.10,173.194.187.70,,,37473,443,0,37,17
1584503198.249174,173.194.187.70,10.10.0.10,,,443,37473,0,1358,17
1584503198.286294,173.194.187.70,10.10.0.10,,,443,37473,0,1358,17
1584503198.288216,10.10.0.10,173.194.187.70,,,37473,443,0,37,17
1584503198.323416,173.194.187.70,10.10.0.10,,,443,37473,0,1358,17
1584503198.3605318,173.194.187.70,10.10.0.10,,,443,37473,0,1358,17
1584503198.3622198,10.10.0.10,173.194.187.70,,,37473,443,0,37,17
1584503198.397652,173.194.187.70,10.10.0.10,,,443,37473,0,1358,17
1584503198.4347742,173.194.187.70,10.10.0.10,,,443,37473,0,1358,17
1584503198.436612,10.10.0.10,173.194.187.70,,,37473,443,0,37,17
1584503198.4718962,173.194.187.70,10.10.0.10,,,443,37473,0,1358,17
1584503198.5090141,173.194.187.70,10.10.0.10,,,443,37473,0,1358,17
1584503198.5112374,10.10.0.10,173.194.187.70,,,37473,443,0,37,17
1584503198.5461388,173.194.187.70,10.10.0.10,,,443,37473,0,1358,17
1584503198.5832634,173.194.187.70,10.10.0.10,,,443,37473,0,1358,17
1584503198.585119,10.10.0.10,173.194.187.70,,,37473,443,0,37,17
1584503198.62037,173.194.187.70,10.10.0.10,,,443,37473,0,1358,17
1584503198.657508,173.194.187.70,10.10.0.10,,,443,37473,0,1358,17
1584503198.6593368,10.10.0.10,173.194.187.70,,,37473,443,0,37,17
1584503198.694631,173.194.187.70,10.10.0.10,,,443,37473,0,1358,17
1584503198.7306054,10.10.0.10,173.194.187.70,,,37473,443,0,37,17
1584503198.731752,173.194.187.70,10.10.0.10,,,443,37473,0,1358,17
1584503198.7688518,173.194.187.70,10.10.0.10,,,443,37473,0,1358,17
1584503198.770709,10.10.0.10,173.194.187.70,,,37473,443,0,50,17
1584503198.8059769,173.194.187.70,10.10.0.10,,,443,37473,0,1358,17
1584503198.8430939,173.194.187.70,10.10.0.10,,,443,37473,0,1358,17
1584503198.845102,10.10.0.10,173.194.187.70,,,37473,443,0,37,17
1584503198.880215,173.194.187.70,10.10.0.10,,,443,37473,0,1358,17
1584503198.917334,173.194.187.70,10.10.0.10,,,443,37473,0,1358,17
1584503198.9189546,10.10.0.10,173.194.187.70,,,37473,443,0,37,17
1584503198.9544532,173.194.187.70,10.10.0.10,,,443,37473,0,1358,17
1584503198.991573,173.194.187.70,10.10.0.10,,,443,37473,0,1358,17
1584503198.993202,10.10.0.10,173.194.187.70,,,37473,443,0,37,17
1584503199.028696,173.194.187.70,10.10.0.10,,,443,37473,0,29,17
1584503199.030373,173.194.187.70,10.10.0.10,,,443,37473,0,1358,17
1584503199.067499,173.194.187.70,10.10.0.10,,,443,37473,0,1358,17
1584503199.0693245,10.10.0.10,173.194.187.70,,,37473,443,0,37,17
1584503199.1046188,173.194.187.70,10.10.0.10,,,443,37473,0,1358,17
1584503199.141747,173.194.187.70,10.10.0.10,,,443,37473,0,1358,17
1584503199.1434689,10.10.0.10,173.194.187.70,,,37473,443,0,37,17
1584503199.1788669,173.194.187.70,10.10.0.10,,,443,37473,0,1358,17
1584503199.213595,10.10.0.10,173.194.187.70,,,37473,443,0,37,17
1584503199.215991,173.194.187.70,10.10.0.10,,,443,37473,0,1358,17
1584503199.253113,173.194.187.70,10.10.0.10,,,443,37473,0,1358,17
1584503199.255213,10.10.0.10,173.194.187.70,,,37473,443,0,37,17
1584503199.290212,173.194.187.70,10.10.0.10,,,443,37473,0,1358,17
1584503199.3273351,173.194.187.70,10.10.0.10,,,443,37473,0,1358,17
1584503199.329066,10.10.0.10,173.194.187.70,,,37473,443,0,37,17
1584503199.364452,173.194.187.70,10.10.0.10,,,443,37473,0,1358,17
1584503199.4015741,173.194.187.70,10.10.0.10,,,443,37473,0,1358,17
1584503199.4034634,10.10.0.10,173.194.187.70,,,37473,443,0,37,17
1584503199.438694,173.194.187.70,10.10.0.10,,,443,37473,0,1358,17
1584503199.4758134,173.194.187.70,10.10.0.10,,,443,37473,0,1358,17
1584503199.4778142,10.10.0.10,173.194.187.70,,,37473,443,0,37,17
1584503199.512935,173.194.187.70,10.10.0.10,,,443,37473,0,1358,17
1584503199.5500536,173.194.187.70,10.10.0.10,,,443,37473,0,1358,17
1584503199.5520818,10.10.0.10,173.194.187.70,,,37473,443,0,37,17
1584503199.5871718,173.194.187.70,10.10.0.10,,,443,37473,0,1358,17
1584503199.624289,173.194.187.70,10.10.0.10,,,443,37473,0,1358,17
1584503199.627809,10.10.0.10,173.194.187.70,,,37473,443,0,37,17
1584503199.661415,173.194.187.70,10.10.0.10,,,443,37473,0,1358,17
1584503199.6985388,173.194.187.70,10.10.0.10,,,443,37473,0,1358,17
1584503199.700577,10.10.0.10,173.194.187.70,,,37473,443,0,37,17
1584503199.7356641,173.194.187.70,10.10.0.10,,,443,37473,0,1358,17
1584503199.772789,173.194.187.70,10.10.0.10,,,443,37473,0,1358,17
1584503199.7758029,10.10.0.10,173.194.187.70,,,37473,443,0,37,17
1584503199.80991,173.194.187.70,10.10.0.10,,,443,37473,0,1358,17
1584503199.8470142,173.194.187.70,10.10.0.10,,,443,37473,0,1358,17
1584503199.851432,10.10.0.10,173.194.187.70,,,37473,443,0,37,17
1584503199.884135,173.194.187.70,10.10.0.10,,,443,37473,0,1358,17
1584503199.9212532,173.194.187.70,10.10.0.10,,,443,37473,0,1358,17
1584503199.923425,10.10.0.10,173.194.187.70,,,37473,443,0,37,17
1584503199.958374,173.194.187.70,10.10.0.10,,,443,37473,0,1358,17
1584503199.995494,173.194.187.70,10.10.0.10,,,443,37473,0,1358,17
1584503199.9974115,10.10.0.10,173.194.187.70,,,37473,443,0,37,17
1584503200.032615,173.194.187.70,10.10.0.10,,,443,37473,0,1358,17
1584503200.069732,173.194.187.70,10.10.0.10,,,443,37473,0,1358,17
1584503200.0719216,10.10.0.10,173.194.187.70,,,37473,443,0,37,17
1584503200.106853,173.194.187.70,10.10.0.10,,,443,37473,0,1358,17
1584503200.1439712,173.194.187.70,10.10.0.10,,,443,37473,0,1358,17
1584503200.1469266,10.10.0.10,173.194.187.70,,,37473,443,0,37,17
1584503200.1810946,173.194.187.70,10.10.0.10,,,443,37473,0,1358,17
1584503200.2159224,10.10.0.10,173.194.187.70,,,37473,443,0,50,17
1584503200.218213,173.194.187.70,10.10.0.10,,,443,37473,0,1358,17
1584503200.2553382,173.194.187.70,10.10.0.10,,,443,37473,0,1358,17
1584503200.256185,10.10.0.10,173.194.187.70,,,37473,443,0,37,17
1584503200.2924619,173.194.187.70,10.10.0.10,,,443,37473,0,1358,17
1584503200.3071642,10.10.0.10,173.194.187.70,,,37473,443,0,37,17
1584503200.329585,173.194.187.70,10.10.0.10,,,443,37473,0,1358,17
1584503200.3667078,173.194.187.70,10.10.0.10,,,443,37473,0,1358,17
1584503200.3687868,10.10.0.10,173.194.187.70,,,37473,443,0,37,17
1584503200.40383,173.194.187.70,10.10.0.10,,,443,37473,0,1358,17
1584503200.440956,173.194.187.70,10.10.0.10,,,443,37473,0,1358,17
1584503200.4431481,10.10.0.10,173.194.187.70,,,37473,443,0,37,17
1584503200.4780526,173.194.187.70,10.10.0.10,,,443,37473,0,29,17
1584503200.4797342,173.194.187.70,10.10.0.10,,,443,37473,0,1358,17
1584503200.5168538,173.194.187.70,10.10.0.10,,,443,37473,0,1358,17
1584503200.519033,10.10.0.10,173.194.187.70,,,37473,443,0,37,17
1584503200.5539742,173.194.187.70,10.10.0.10,,,443,37473,0,1358,17
1584503200.591093,173.194.187.70,10.10.0.10,,,443,37473,0,1358,17
1584503200.593398,10.10.0.10,173.194.187.70,,,37473,443,0,37,17
1584503200.6282141,173.194.187.70,10.10.0.10,,,443,37473,0,1358,17
1584503200.655405,10.10.0.10,173.194.187.70,,,37473,443,0,37,17
1584503200.665333,173.194.187.70,10.10.0.10,,,443,37473,0,1358,17
1584503200.702456,173.194.187.70,10.10.0.10,,,443,37473,0,1358,17
1584503200.7048988,10.10.0.10,173.194.187.70,,,37473,443,0,37,17
1584503200.739569,173.194.187.70,10.10.0.10,,,443,37473,0,1358,17
1584503200.776691,173.194.187.70,10.10.0.10,,,443,37473,0,1358,17
1584503200.778899,10.10.0.10,173.194.187.70,,,37473,443,0,37,17
1584503200.813822,173.194.187.70,10.10.0.10,,,443,37473,0,1358,17
1584503200.85093,173.194.187.70,10.10.0.10,,,443,37473,0,1358,17
1584503200.854275,10.10.0.10,173.194.187.70,,,37473,443,0,37,17
1584503200.8880675,173.194.187.70,10.10.0.10,,,443,37473,0,1358,17
1584503200.925193,173.194.187.70,10.10.0.10,,,443,37473,0,1358,17
1584503200.927149,10.10.0.10,173.194.187.70,,,37473,443,0,37,17
1584503200.9622884,173.194.187.70,10.10.0.10,,,443,37473,0,1358,17
1584503200.9994118,173.194.187.70,10.10.0.10,,,443,37473,0,1358,17
1584503201.001542,10.10.0.10,173.194.187.70,,,37473,443,0,37,17
1584503201.036535,173.194.187.70,10.10.0.10,,,443,37473,0,1358,17
1584503201.0736544,173.194.187.70,10.10.0.10,,,443,37473,0,1358,17
1584503201.076537,10.10.0.10,173.194.187.70,,,37473,443,0,37,17
1584503201.110774,173.194.187.70,10.10.0.10,,,443,37473,0,1358,17
1584503201.1478932,173.194.187.70,10.10.0.10,,,443,37473,0,1358,17
1584503201.1499078,10.10.0.10,173.194.187.70,,,37473,443,0,37,17
1584503201.185016,173.194.187.70,10.10.0.10,,,443,37473,0,1358,17
1584503201.222135,173.194.187.70,10.10.0.10,,,443,37473,0,1358,17
1584503201.225263,10.10.0.10,173.194.187.70,,,37473,443,0,37,17
1584503201.2592561,173.194.187.70,10.10.0.10,,,443,37473,0,1358,17
1584503201.2963731,173.194.187.70,10.10.0.10,,,443,37473,0,1358,17
1584503201.298527,10.10.0.10,173.194.187.70,,,37473,443,0,37,17
1584503201.3334944,173.194.187.70,10.10.0.10,,,443,37473,0,1358,17
1584503201.370625,173.194.187.70,10.10.0.10,,,443,37473,0,1358,17
1584503201.3723812,10.10.0.10,173.194.187.70,,,37473,443,0,37,17
1584503201.40774,173.194.187.70,10.10.0.10,,,443,37473,0,1358,17
1584503201.444864,173.194.187.70,10.10.0.10,,,443,37473,0,1358,17
1584503201.4470286,10.10.0.10,173.194.187.70,,,37473,443,0,37,17
1584503201.4819891,173.194.187.70,10.10.0.10,,,443,37473,0,1358,17
1584503201.486252,10.10.0.10,173.194.187.70,,,37473,443,0,54,17
1584503201.519093,173.194.187.70,10.10.0.10,,,443,37473,0,1358,17
1584503201.556216,173.194.187.70,10.10.0.10,,,443,37473,0,1358,17
1584503201.5613801,10.10.0.10,173.194.187.70,,,37473,443,0,37,17
1584503201.5933342,173.194.187.70,10.10.0.10,,,443,37473,0,1358,17
1584503201.6304526,173.194.187.70,10.10.0.10,,,443,37473,0,1358,17
1584503201.635023,10.10.0.10,173.194.187.70,,,37473,443,0,37,17
1584503201.6675718,173.194.187.70,10.10.0.10,,,443,37473,0,1358,17
1584503201.704692,173.194.187.70,10.10.0.10,,,443,37473,0,1358,17
1584503201.7106311,10.10.0.10,173.194.187.70,,,37473,443,0,37,17
1584503201.7418132,173.194.187.70,10.10.0.10,,,443,37473,0,29,17
1584503201.743493,173.194.187.70,10.10.0.10,,,443,37473,0,39,17
1584503201.8088696,10.10.0.10,173.194.187.70,,,37473,443,0,37,17
1584503203.510201,10.10.0.10,173.194.187.70,,,37473,443,0,742,17
1584503203.5104446,10.10.0.10,173.194.187.70,,,37473,443,0,48,17
1584503203.5147262,173.194.187.70,10.10.0.10,,,443,37473,0,115,17
1584503203.5147572,173.194.187.70,10.10.0.10,,,443,37473,0,1358,17
1584503203.51478,173.194.187.70,10.10.0.10,,,443,37473,0,1358,17
1584503203.51682,10.10.0.10,173.194.187.70,,,37473,443,0,37,17
1584503203.550283,173.194.187.70,10.10.0.10,,,443,37473,0,1358,17
1584503203.552095,10.10.0.10,173.194.187.70,,,37473,443,0,37,17
1584503203.5874052,173.194.187.70,10.10.0.10,,,443,37473,0,1358,17
1584503203.624525,173.194.187.70,10.10.0.10,,,443,37473,0,1358,17
1584503203.6267116,10.10.0.10,173.194.187.70,,,37473,443,0,37,17
1584503203.6616442,173.194.187.70,10.10.0.10,,,443,37473,0,1358,17
1584503203.698765,173.194.187.70,10.10.0.10,,,443,37473,0,1358,17
1584503203.7005572,10.10.0.10,173.194.187.70,,,37473,443,0,37,17
1584503203.7358818,173.194.187.70,10.10.0.10,,,443,37473,0,1358,17
1584503203.773002,173.194.187.70,10.10.0.10,,,443,37473,0,1358,17
1584503203.775945,10.10.0.10,173.194.187.70,,,37473,443,0,37,17
1584503203.810122,173.194.187.70,10.10.0.10,,,443,37473,0,1358,17
1584503203.840831,10.10.0.10,173.194.187.70,,,37473,443,0,37,17
1584503203.8472419,173.194.187.70,10.10.0.10,,,443,37473,0,1358,17
1584503203.8843641,173.194.187.70,10.10.0.10,,,443,37473,0,1358,17
1584503203.886935,10.10.0.10,173.194.187.70,,,37473,443,0,37,17
1584503203.9214852,173.194.187.70,10.10.0.10,,,443,37473,0,1358,17
1584503203.958606,173.194.187.70,10.10.0.10,,,443,37473,0,1358,17
1584503203.9605572,10.10.0.10,173.194.187.70,,,37473,443,0,37,17
1584503203.995729,173.194.187.70,10.10.0.10,,,443,37473,0,1358,17
1584503204.0328536,173.194.187.70,10.10.0.10,,,443,37473,0,1358,17
1584503204.0345552,10.10.0.10,173.194.187.70,,,37473,443,0,37,17
1584503204.069978,173.194.187.70,10.10.0.10,,,443,37473,0,1358,17
1584503204.1070971,173.194.187.70,10.10.0.10,,,443,37473,0,1358,17
1584503204.109061,10.10.0.10,173.194.187.70,,,37473,443,0,37,17
1584503204.144204,173.194.187.70,10.10.0.10,,,443,37473,0,1358,17
1584503204.181349,173.194.187.70,10.10.0.10,,,443,37473,0,1358,17
1584503204.1834269,10.10.0.10,173.194.187.70,,,37473,443,0,37,17
1584503204.218456,173.194.187.70,10.10.0.10,,,443,37473,0,1358,17
1584503204.25556,173.194.187.70,10.10.0.10,,,443,37473,0,1358,17
1584503204.2602818,10.10.0.10,173.194.187.70,,,37473,443,0,37,17
1584503204.2926831,173.194.187.70,10.10.0.10,,,443,37473,0,1358,17
1584503204.329807,173.194.187.70,10.10.0.10,,,443,37473,0,1358,17
1584503204.332177,10.10.0.10,173.194.187.70,,,37473,443,0,37,17
1584503204.3669212,173.194.187.70,10.10.0.10,,,443,37473,0,1358,17
1584503204.404046,173.194.187.70,10.10.0.10,,,443,37473,0,1358,17
1584503204.4069412,10.10.0.10,173.194.187.70,,,37473,443,0,37,17
1584503204.4411645,173.194.187.70,10.10.0.10,,,443,37473,0,1358,17
1584503204.478284,173.194.187.70,10.10.0.10,,,443,37473,0,1358,17
1584503204.4800632,10.10.0.10,173.194.187.70,,,37473,443,0,37,17
1584503204.5154042,173.194.187.70,10.10.0.10,,,443,37473,0,1358,17
1584503204.55231,10.10.0.10,173.194.187.70,,,37473,443,0,37,17
1584503204.552518,173.194.187.70,10.10.0.10,,,443,37473,0,1358,17
1584503204.5896409,173.194.187.70,10.10.0.10,,,443,37473,0,1358,17
1584503204.591281,10.10.0.10,173.194.187.70,,,37473,443,0,37,17
1584503204.6267712,173.194.187.70,10.10.0.10,,,443,37473,0,1358,17
1584503204.663896,173.194.187.70,10.10.0.10,,,443,37473,0,1358,17
1584503204.6659012,10.10.0.10,173.194.187.70,,,37473,443,0,37,17
1584503204.701017,173.194.187.70,10.10.0.10,,,443,37473,0,1358,17
1584503204.7381241,173.194.187.70,10.10.0.10,,,443,37473,0,1358,17
1584503204.740033,10.10.0.10,173.194.187.70,,,37473,443,0,37,17
1584503204.7752428,173.194.187.70,10.10.0.10,,,443,37473,0,1358,17
1584503204.8123634,173.194.187.70,10.10.0.10,,,443,37473,0,1358,17
1584503204.8145509,10.10.0.10,173.194.187.70,,,37473,443,0,50,17
1584503204.8494842,173.194.187.70,10.10.0.10,,,443,37473,0,1358,17
1584503204.8866036,173.194.187.70,10.10.0.10,,,443,37473,0,1358,17
1584503204.8880515,10.10.0.10,173.194.187.70,,,37473,443,0,37,17
1584503204.923723,173.194.187.70,10.10.0.10,,,443,37473,0,1358,17
1584503204.925905,10.10.0.10,173.194.187.70,,,37473,443,0,37,17
1584503204.9608445,173.194.187.70,10.10.0.10,,,443,37473,0,1358,17
1584503204.997962,173.194.187.70,10.10.0.10,,,443,37473,0,1358,17
1584503205.000422,10.10.0.10,173.194.187.70,,,37473,443,0,37,17
1584503205.0350828,173.194.187.70,10.10.0.10,,,443,37473,0,1358,17
1584503205.072201,173.194.187.70,10.10.0.10,,,443,37473,0,1358,17
1584503205.0762944,10.10.0.10,173.194.187.70,,,37473,443,0,37,17
1584503205.1093216,173.194.187.70,10.10.0.10,,,443,37473,0,1358,17
1584503205.146446,173.194.187.70,10.10.0.10,,,443,37473,0,1358,17
1584503205.1482348,10.10.0.10,173.194.187.70,,,37473,443,0,37,17
1584503205.18357,173.194.187.70,10.10.0.10,,,443,37473,0,1358,17
1584503205.220695,173.194.187.70,10.10.0.10,,,443,37473,0,1358,17
1584503205.222521,10.10.0.10,173.194.187.70,,,37473,443,0,37,17
1584503205.2578132,173.194.187.70,10.10.0.10,,,443,37473,0,1358,17
1584503205.2949376,173.194.187.70,10.10.0.10,,,443,37473,0,1358,17
1584503205.2967875,10.10.0.10,173.194.187.70,,,37473,443,0,37,17
1584503205.3320642,173.194.187.70,10.10.0.10,,,443,37473,0,1358,17
1584503205.369161,173.194.187.70,10.10.0.10,,,443,37473,0,1358,17
1584503205.371664,10.10.0.10,173.194.187.70,,,37473,443,0,37,17
1584503205.406281,173.194.187.70,10.10.0.10,,,443,37473,0,1358,17
1584503205.4434028,173.194.187.70,10.10.0.10,,,443,37473,0,1358,17
1584503205.4476619,10.10.0.10,173.194.187.70,,,37473,443,0,37,17
1584503205.4805224,173.194.187.70,10.10.0.10,,,443,37473,0,1358,17
1584503205.5166454,10.10.0.10,173.194.187.70,,,37473,443,0,37,17
1584503205.5176446,173.194.187.70,10.10.0.10,,,443,37473,0,1358,17
1584503205.5547645,173.194.187.70,10.10.0.10,,,443,37473,0,1358,17
1584503205.5567892,10.10.0.10,173.194.187.70,,,37473,443,0,37,17
1584503205.591881,173.194.187.70,10.10.0.10,,,443,37473,0,1358,17
1584503205.6290028,173.194.187.70,10.10.0.10,,,443,37473,0,1358,17
1584503205.630758,10.10.0.10,173.194.187.70,,,37473,443,0,37,17
1584503205.666126,173.194.187.70,10.10.0.10,,,443,37473,0,1358,17
1584503205.7032454,173.194.187.70,10.10.0.10,,,443,37473,0,1358,17
1584503205.705755,10.10.0.10,173.194.187.70,,,37473,443,0,37,17
1584503205.740365,173.194.187.70,10.10.0.10,,,443,37473,0,1358,17
1584503205.7774868,173.194.187.70,10.10.0.10,,,443,37473,0,1358,17
1584503205.780759,10.10.0.10,173.194.187.70,,,37473,443,0,37,17
1584503205.814612,173.194.187.70,10.10.0.10,,,443,37473,0,1358,17
1584503205.851737,173.194.187.70,10.10.0.10,,,443,37473,0,1358,17
1584503205.8543801,10.10.0.10,173.194.187.70,,,37473,443,0,37,17
1584503205.8888562,173.194.187.70,10.10.0.10,,,443,37473,0,1358,17
1584503205.9259632,173.194.187.70,10.10.0.10,,,443,37473,0,1358,17
1584503205.927896,10.10.0.10,173.194.187.70,,,37473,443,0,37,17
1584503205.9630814,173.194.187.70,10.10.0.10,,,443,37473,0,1358,17
1584503206.000202,173.194.187.70,10.10.0.10,,,443,37473,0,1358,17
1584503206.002269,10.10.0.10,173.194.187.70,,,37473,443,0,37,17
1584503206.03732,173.194.187.70,10.10.0.10,,,443,37473,0,1358,17
1584503206.0744429,173.194.187.70,10.10.0.10,,,443,37473,0,1358,17
1584503206.077392,10.10.0.10,173.194.187.70,,,37473,443,0,37,17
1584503206.11157,173.194.187.70,10.10.0.10,,,443,37473,0,1358,17
1584503206.1486828,173.194.187.70,10.10.0.10,,,443,37473,0,1358,17
1584503206.1507642,10.10.0.10,173.194.187.70,,,37473,443,0,37,17
1584503206.185804,173.194.187.70,10.10.0.10,,,443,37473,0,1358,17
1584503206.2229226,173.194.187.70,10.10.0.10,,,443,37473,0,1358,17
1584503206.2248616,10.10.0.10,173.194.187.70,,,37473,443,0,50,17
1584503206.260042,173.194.187.70,10.10.0.10,,,443,37473,0,1358,17
1584503206.2971628,173.194.187.70,10.10.0.10,,,443,37473,0,1358,17
1584503206.2996142,10.10.0.10,173.194.187.70,,,37473,443,0,37,17
1584503206.3342881,173.194.187.70,10.10.0.10,,,443,37473,0,1358,17
1584503206.37141,173.194.187.70,10.10.0.10,,,443,37473,0,1358,17
1584503206.373487,10.10.0.10,173.194.187.70,,,37473,443,0,37,17
1584503206.408534,173.194.187.70,10.10.0.10,,,443,37473,0,1358,17
1584503206.445656,173.194.187.70,10.10.0.10,,,443,37473,0,1358,17
1584503206.447472,10.10.0.10,173.194.187.70,,,37473,443,0,37,17
1584503206.4827802,173.194.187.70,10.10.0.10,,,443,37473,0,1358,17
1584503206.519903,173.194.187.70,10.10.0.10,,,443,37473,0,1358,17
1584503206.523005,10.10.0.10,173.194.187.70,,,37473,443,0,37,17
1584503206.5570018,173.194.187.70,10.10.0.10,,,443,37473,0,1358,17
1584503206.5921092,10.10.0.10,173.194.187.70,,,37473,443,0,37,17
1584503206.594125,173.194.187.70,10.10.0.10,,,443,37473,0,1358,17
1584503206.631247,173.194.187.70,10.10.0.10,,,443,37473,0,1358,17
1584503206.6321092,10.10.0.10,173.194.187.70,,,37473,443,0,37,17
1584503206.6683626,173.194.187.70,10.10.0.10,,,443,37473,0,1358,17
1584503206.670353,10.10.0.10,173.194.187.70,,,37473,443,0,37,17
1584503206.7054842,173.194.187.70,10.10.0.10,,,443,37473,0,1358,17
1584503206.7426045,173.194.187.70,10.10.0.10,,,443,37473,0,1358,17
1584503206.7446,10.10.0.10,173.194.187.70,,,37473,443,0,37,17
1584503206.779723,173.194.187.70,10.10.0.10,,,443,37473,0,1358,17
1584503206.8168442,173.194.187.70,10.10.0.10,,,443,37473,0,1358,17
1584503206.8195992,10.10.0.10,173.194.187.70,,,37473,443,0,37,17
1584503206.853959,173.194.187.70,10.10.0.10,,,443,37473,0,1358,17
1584503206.8910828,173.194.187.70,10.10.0.10,,,443,37473,0,1358,17
1584503206.8933468,10.10.0.10,173.194.187.70,,,37473,443,0,37,17
1584503206.928205,173.194.187.70,10.10.0.10,,,443,37473,0,1358,17
1584503206.9653332,173.194.187.70,10.10.0.10,,,443,37473,0,1358,17
1584503206.9672391,10.10.0.10,173.194.187.70,,,37473,443,0,37,17
1584503207.002452,173.194.187.70,10.10.0.10,,,443,37473,0,1358,17
1584503207.039576,173.194.187.70,10.10.0.10,,,443,37473,0,1358,17
1584503207.0414991,10.10.0.10,173.194.187.70,,,37473,443,0,37,17
1584503207.0766973,173.194.187.70,10.10.0.10,,,443,37473,0,1358,17
1584503207.1138039,173.194.187.70,10.10.0.10,,,443,37473,0,1358,17
1584503207.1168554,10.10.0.10,173.194.187.70,,,37473,443,0,37,17
1584503207.1551368,173.194.187.70,10.10.0.10,,,443,37473,0,1358,17
1584503207.1922526,173.194.187.70,10.10.0.10,,,443,37473,0,1358,17
1584503207.195108,10.10.0.10,173.194.187.70,,,37473,443,0,37,17
1584503207.2293868,173.194.187.70,10.10.0.10,,,443,37473,0,1358,17
1584503207.268467,173.194.187.70,10.10.0.10,,,443,37473,0,1358,17
1584503207.270326,10.10.0.10,173.194.187.70,,,37473,443,0,37,17
1584503207.3055892,173.194.187.70,10.10.0.10,,,443,37473,0,1358,17
1584503207.342707,173.194.187.70,10.10.0.10,,,443,37473,0,1358,17
1584503207.3444588,10.10.0.10,173.194.187.70,,,37473,443,0,37,17
1584503207.379831,173.194.187.70,10.10.0.10,,,443,37473,0,1358,17
1584503207.416854,10.10.0.10,173.194.187.70,,,37473,443,0,37,17
1584503207.416951,173.194.187.70,10.10.0.10,,,443,37473,0,1358,17
1584503207.454071,173.194.187.70,10.10.0.10,,,443,37473,0,1358,17
1584503207.456831,10.10.0.10,173.194.187.70,,,37473,443,0,37,17
1584503207.584481,173.194.187.70,10.10.0.10,,,443,37473,0,1358,17
1584503207.621591,173.194.187.70,10.10.0.10,,,443,37473,0,1358,17
1584503207.6233332,10.10.0.10,173.194.187.70,,,37473,443,0,37,17
1584503207.6587148,173.194.187.70,10.10.0.10,,,443,37473,0,1358,17
1584503207.6949599,10.10.0.10,173.194.187.70,,,37473,443,0,50,17
1584503207.6958268,173.194.187.70,10.10.0.10,,,443,37473,0,1358,17
1584503207.7329464,173.194.187.70,10.10.0.10,,,443,37473,0,1358,17
1584503207.735935,10.10.0.10,173.194.187.70,,,37473,443,0,37,17
1584503207.7700698,173.194.187.70,10.10.0.10,,,443,37473,0,1358,17
1584503207.816731,173.194.187.70,10.10.0.10,,,443,37473,0,1358,17
1584503207.8189662,10.10.0.10,173.194.187.70,,,37473,443,0,37,17
1584503207.8538704,173.194.187.70,10.10.0.10,,,443,37473,0,1358,17
1584503207.89543,173.194.187.70,10.10.0.10,,,443,37473,0,1358,17
1584503207.898712,10.10.0.10,173.194.187.70,,,37473,443,0,37,17
1584503207.9325502,173.194.187.70,10.10.0.10,,,443,37473,0,1358,17
1584503207.969674,173.194.187.70,10.10.0.10,,,443,37473,0,1358,17
1584503207.9974668,10.10.0.10,173.194.187.70,,,37473,443,0,37,17
1584503208.006797,173.194.187.70,10.10.0.10,,,443,37473,0,1358,17
1584503208.060737,173.194.187.70,10.10.0.10,,,443,37473,0,1358,17
1584503208.0623126,10.10.0.10,173.194.187.70,,,37473,443,0,37,17
1584503208.0978599,173.194.187.70,10.10.0.10,,,443,37473,0,1358,17
1584503208.1325798,10.10.0.10,173.194.187.70,,,37473,443,0,37,17
1584503208.134984,173.194.187.70,10.10.0.10,,,443,37473,0,1358,17
1584503208.176552,173.194.187.70,10.10.0.10,,,443,37473,0,1358,17
1584503208.1784544,10.10.0.10,173.194.187.70,,,37473,443,0,37,17
1584503208.21367,173.194.187.70,10.10.0.10,,,443,37473,0,1358,17
1584503208.250791,173.194.187.70,10.10.0.10,,,443,37473,0,1358,17
1584503208.252429,10.10.0.10,173.194.187.70,,,37473,443,0,37,17
1584503208.3621476,173.194.187.70,10.10.0.10,,,443,37473,0,1358,17
1584503208.3992882,173.194.187.70,10.10.0.10,,,443,37473,0,1358,17
1584503208.4009476,10.10.0.10,173.194.187.70,,,37473,443,0,37,17
1584503208.436391,173.194.187.70,10.10.0.10,,,443,37473,0,1358,17
1584503208.475599,173.194.187.70,10.10.0.10,,,443,37473,0,1358,17
1584503208.4778,10.10.0.10,173.194.187.70,,,37473,443,0,37,17
1584503208.586969,173.194.187.70,10.10.0.10,,,443,37473,0,1358,17
1584503208.624093,173.194.187.70,10.10.0.10,,,443,37473,0,1358,17
1584503208.626299,10.10.0.10,173.194.187.70,,,37473,443,0,37,17
1584503208.6632788,173.194.187.70,10.10.0.10,,,443,37473,0,1358,17
1584503208.730408,10.10.0.10,173.194.187.70,,,37473,443,0,37,17
1584503208.7396688,173.194.187.70,10.10.0.10,,,443,37473,0,1358,17
1584503208.805535,10.10.0.10,173.194.187.70,,,37473,443,0,37,17
1584503208.813911,173.194.187.70,10.10.0.10,,,443,37473,0,1358,17
1584503208.85103,173.194.187.70,10.10.0.10,,,443,37473,0,1358,17
1584503208.8536642,10.10.0.10,173.194.187.70,,,37473,443,0,37,17
1584503208.888151,173.194.187.70,10.10.0.10,,,443,37473,0,1358,17
1584503208.917811,10.10.0.10,173.194.187.70,,,37473,443,0,37,17
1584503208.9252698,173.194.187.70,10.10.0.10,,,443,37473,0,1358,17
1584503208.962394,173.194.187.70,10.10.0.10,,,443,37473,0,1358,17
1584503208.965311,10.10.0.10,173.194.187.70,,,37473,443,0,37,17
1584503209.0266428,173.194.187.70,10.10.0.10,,,443,37473,0,1358,17
1584503209.0749562,173.194.187.70,10.10.0.10,,,443,37473,0,1358,17
1584503209.076805,10.10.0.10,173.194.187.70,,,37473,443,0,37,17
1584503209.1120641,173.194.187.70,10.10.0.10,,,443,37473,0,1358,17
1584503209.1492028,173.194.187.70,10.10.0.10,,,443,37473,0,1358,17
1584503209.151551,10.10.0.10,173.194.187.70,,,37473,443,0,37,17
1584503209.186326,173.194.187.70,10.10.0.10,,,443,37473,0,1358,17
1584503209.223451,173.194.187.70,10.10.0.10,,,443,37473,0,1358,17
1584503209.2261572,10.10.0.10,173.194.187.70,,,37473,443,0,37,17
1584503209.260548,173.194.187.70,10.10.0.10,,,443,37473,0,1358,17
1584503209.29767,173.194.187.70,10.10.0.10,,,443,37473,0,1358,17
1584503209.2998028,10.10.0.10,173.194.187.70,,,37473,443,0,50,17
1584503209.33479,173.194.187.70,10.10.0.10,,,443,37473,0,1358,17
1584503209.3706758,10.10.0.10,173.194.187.70,,,37473,443,0,37,17
1584503209.3719099,173.194.187.70,10.10.0.10,,,443,37473,0,1358,17
1584503209.4090302,173.194.187.70,10.10.0.10,,,443,37473,0,1358,17
1584503209.4110231,10.10.0.10,173.194.187.70,,,37473,443,0,37,17
1584503209.44615,173.194.187.70,10.10.0.10,,,443,37473,0,1358,17
1584503209.483274,173.194.187.70,10.10.0.10,,,443,37473,0,1358,17
1584503209.4862714,10.10.0.10,173.194.187.70,,,37473,443,0,37,17
1584503209.52039,173.194.187.70,10.10.0.10,,,443,37473,0,1358,17
1584503209.55751,173.194.187.70,10.10.0.10,,,443,37473,0,1358,17
1584503209.561395,10.10.0.10,173.194.187.70,,,37473,443,0,37,17
1584503209.5946288,173.194.187.70,10.10.0.10,,,443,37473,0,1358,17
1584503209.631752,173.194.187.70,10.10.0.10,,,443,37473,0,1358,17
1584503209.634265,10.10.0.10,173.194.187.70,,,37473,443,0,37,17
1584503209.668875,173.194.187.70,10.10.0.10,,,443,37473,0,1358,17
1584503209.703165,10.10.0.10,173.194.187.70,,,37473,443,0,37,17
1584503209.7059982,173.194.187.70,10.10.0.10,,,443,37473,0,1358,17
1584503209.743122,173.194.187.70,10.10.0.10,,,443,37473,0,1358,17
1584503209.745754,10.10.0.10,173.194.187.70,,,37473,443,0,37,17
1584503209.78023,173.194.187.70,10.10.0.10,,,443,37473,0,1358,17
1584503209.8200982,173.194.187.70,10.10.0.10,,,443,37473,0,1358,17
1584503209.822136,10.10.0.10,173.194.187.70,,,37473,443,0,37,17
1584503209.857218,173.194.187.70,10.10.0.10,,,443,37473,0,1358,17
1584503209.894335,173.194.187.70,10.10.0.10,,,443,37473,0,1358,17
1584503209.9011538,10.10.0.10,173.194.187.70,,,37473,443,0,37,17
1584503209.9314554,173.194.187.70,10.10.0.10,,,443,37473,0,1358,17
1584503209.968576,173.194.187.70,10.10.0.10,,,443,37473,0,1358,17
1584503209.970781,10.10.0.10,173.194.187.70,,,37473,443,0,37,17
1584503210.005698,173.194.187.70,10.10.0.10,,,443,37473,0,1358,17
1584503210.0428195,173.194.187.70,10.10.0.10,,,443,37473,0,1358,17
1584503210.046027,10.10.0.10,173.194.187.70,,,37473,443,0,37,17
1584503210.0799398,173.194.187.70,10.10.0.10,,,443,37473,0,1358,17
1584503210.1170561,173.194.187.70,10.10.0.10,,,443,37473,0,1358,17
1584503210.119273,10.10.0.10,173.194.187.70,,,37473,443,0,37,17
1584503210.1541786,173.194.187.70,10.10.0.10,,,443,37473,0,1358,17
1584503210.191299,173.194.187.70,10.10.0.10,,,443,37473,0,1358,17
1584503210.194376,10.10.0.10,173.194.187.70,,,37473,443,0,37,17
1584503210.228424,173.194.187.70,10.10.0.10,,,443,37473,0,1358,17
1584503210.2655482,173.194.187.70,10.10.0.10,,,443,37473,0,1358,17
1584503210.26825,10.10.0.10,173.194.187.70,,,37473,443,0,37,17
1584503210.3026712,173.194.187.70,10.10.0.10,,,443,37473,0,1358,17
1584503210.339793,173.194.187.70,10.10.0.10,,,443,37473,0,1358,17
1584503210.343144,10.10.0.10,173.194.187.70,,,37473,443,0,37,17
1584503210.376916,173.194.187.70,10.10.0.10,,,443,37473,0,1358,17
1584503210.414015,173.194.187.70,10.10.0.10,,,443,37473,0,1358,17
1584503210.41664,10.10.0.10,173.194.187.70,,,37473,443,0,37,17
1584503210.4511368,173.194.187.70,10.10.0.10,,,443,37473,0,1358,17
1584503210.488257,173.194.187.70,10.10.0.10,,,443,37473,0,1358,17
1584503210.491997,10.10.0.10,173.194.187.70,,,37473,443,0,37,17
1584503210.525377,173.194.187.70,10.10.0.10,,,443,37473,0,1358,17
1584503210.5624962,173.194.187.70,10.10.0.10,,,443,37473,0,1358,17
1584503210.565635,10.10.0.10,173.194.187.70,,,37473,443,0,37,17
1584503210.599615,173.194.187.70,10.10.0.10,,,443,37473,0,1358,17
1584503210.636736,173.194.187.70,10.10.0.10,,,443,37473,0,1358,17
1584503210.639103,10.10.0.10,173.194.187.70,,,37473,443,0,37,17
1584503210.6738598,173.194.187.70,10.10.0.10,,,443,37473,0,1358,17
1584503210.710974,173.194.187.70,10.10.0.10,,,443,37473,0,1358,17
1584503210.7140071,10.10.0.10,173.194.187.70,,,37473,443,0,50,17
1584503210.748096,173.194.187.70,10.10.0.10,,,443,37473,0,1358,17
1584503210.785217,173.194.187.70,10.10.0.10,,,443,37473,0,1358,17
1584503210.7868588,10.10.0.10,173.194.187.70,,,37473,443,0,37,17
1584503210.8223412,173.194.187.70,10.10.0.10,,,443,37473,0,1358,17
1584503210.8594658,173.194.187.70,10.10.0.10,,,443,37473,0,1358,17
1584503210.8621151,10.10.0.10,173.194.187.70,,,37473,443,0,37,17
1584503210.8965948,173.194.187.70,10.10.0.10,,,443,37473,0,1358,17
1584503210.933712,173.194.187.70,10.10.0.10,,,443,37473,0,29,17
1584503210.935373,10.10.0.10,173.194.187.70,,,37473,443,0,37,17
1584503210.935376,173.194.187.70,10.10.0.10,,,443,37473,0,1358,17
1584503210.972497,173.194.187.70,10.10.0.10,,,443,37473,0,1358,17
1584503210.975125,10.10.0.10,173.194.187.70,,,37473,443,0,37,17
1584503211.00961,173.194.187.70,10.10.0.10,,,443,37473,0,1358,17
1584503211.046736,173.194.187.70,10.10.0.10,,,443,37473,0,1358,17
1584503211.050007,10.10.0.10,173.194.187.70,,,37473,443,0,37,17
1584503211.083852,173.194.187.70,10.10.0.10,,,443,37473,0,1358,17
1584503211.1209779,173.194.187.70,10.10.0.10,,,443,37473,0,1358,17
1584503211.123862,10.10.0.10,173.194.187.70,,,37473,443,0,37,17
1584503211.1580946,173.194.187.70,10.10.0.10,,,443,37473,0,1358,17
1584503211.195213,173.194.187.70,10.10.0.10,,,443,37473,0,1358,17
1584503211.19735,10.10.0.10,173.194.187.70,,,37473,443,0,37,17
1584503211.2323349,173.194.187.70,10.10.0.10,,,443,37473,0,1358,17
1584503211.2694578,173.194.187.70,10.10.0.10,,,443,37473,0,1358,17
1584503211.2717412,10.10.0.10,173.194.187.70,,,37473,443,0,37,17
1584503211.306578,173.194.187.70,10.10.0.10,,,443,37473,0,1358,17
1584503211.343699,173.194.187.70,10.10.0.10,,,443,37473,0,1358,17
1584503211.345595,10.10.0.10,173.194.187.70,,,37473,443,0,37,17
1584503211.380826,173.194.187.70,10.10.0.10,,,443,37473,0,1358,17
1584503211.4179304,173.194.187.70,10.10.0.10,,,443,37473,0,1358,17
1584503211.419589,10.10.0.10,173.194.187.70,,,37473,443,0,37,17
1584503211.4550722,173.194.187.70,10.10.0.10,,,443,37473,0,1358,17
1584503211.492176,173.194.187.70,10.10.0.10,,,443,37473,0,1358,17
1584503211.493734,10.10.0.10,173.194.187.70,,,37473,443,0,37,17
1584503211.5292964,173.194.187.70,10.10.0.10,,,443,37473,0,1358,17
1584503211.566418,173.194.187.70,10.10.0.10,,,443,37473,0,1358,17
1584503211.56873,10.10.0.10,173.194.187.70,,,37473,443,0,37,17
1584503211.603535,173.194.187.70,10.10.0.10,,,443,37473,0,1358,17
1584503211.640661,173.194.187.70,10.10.0.10,,,443,37473,0,1358,17
1584503211.6427288,10.10.0.10,173.194.187.70,,,37473,443,0,37,17
1584503211.6777759,173.194.187.70,10.10.0.10,,,443,37473,0,1358,17
1584503211.7148972,173.194.187.70,10.10.0.10,,,443,37473,0,1358,17
1584503211.7166042,10.10.0.10,173.194.187.70,,,37473,443,0,37,17
1584503211.752017,173.194.187.70,10.10.0.10,,,443,37473,0,1358,17
1584503211.789136,173.194.187.70,10.10.0.10,,,443,37473,0,1358,17
1584503211.791977,10.10.0.10,173.194.187.70,,,37473,443,0,37,17
1584503211.826261,173.194.187.70,10.10.0.10,,,443,37473,0,1358,17
1584503211.863376,173.194.187.70,10.10.0.10,,,443,37473,0,1358,17
1584503211.8665981,10.10.0.10,173.194.187.70,,,37473,443,0,37,17
1584503211.900501,173.194.187.70,10.10.0.10,,,443,37473,0,1358,17
1584503211.937624,173.194.187.70,10.10.0.10,,,443,37473,0,1358,17
1584503211.93972,10.10.0.10,173.194.187.70,,,37473,443,0,37,17
1584503211.9747472,173.194.187.70,10.10.0.10,,,443,37473,0,1358,17
1584503212.011871,173.194.187.70,10.10.0.10,,,443,37473,0,1358,17
1584503212.013825,10.10.0.10,173.194.187.70,,,37473,443,0,37,17
1584503212.048992,173.194.187.70,10.10.0.10,,,443,37473,0,1358,17
1584503212.086117,173.194.187.70,10.10.0.10,,,443,37473,0,1358,17
1584503212.087965,10.10.0.10,173.194.187.70,,,37473,443,0,37,17
1584503212.123215,173.194.187.70,10.10.0.10,,,443,37473,0,1358,17
1584503212.160335,173.194.187.70,10.10.0.10,,,443,37473,0,1358,17
1584503212.162193,10.10.0.10,173.194.187.70,,,37473,443,0,50,17
1584503212.1974561,173.194.187.70,10.10.0.10,,,443,37473,0,1358,17
1584503212.234574,173.194.187.70,10.10.0.10,,,443,37473,0,1358,17
1584503212.2372124,10.10.0.10,173.194.187.70,,,37473,443,0,37,17
1584503212.271696,173.194.187.70,10.10.0.10,,,443,37473,0,1358,17
1584503212.308817,173.194.187.70,10.10.0.10,,,443,37473,0,1358,17
1584503212.310585,10.10.0.10,173.194.187.70,,,37473,443,0,37,17
1584503212.3459342,173.194.187.70,10.10.0.10,,,443,37473,0,29,17
1584503212.3476188,173.194.187.70,10.10.0.10,,,443,37473,0,1358,17
1584503212.384737,173.194.187.70,10.10.0.10,,,443,37473,0,1358,17
1584503212.3867092,10.10.0.10,173.194.187.70,,,37473,443,0,37,17
1584503212.4218614,173.194.187.70,10.10.0.10,,,443,37473,0,1358,17
1584503212.4589849,173.194.187.70,10.10.0.10,,,443,37473,0,1358,17
1584503212.46283,10.10.0.10,173.194.187.70,,,37473,443,0,37,17
1584503212.496108,173.194.187.70,10.10.0.10,,,443,37473,0,1358,17
1584503212.53323,173.194.187.70,10.10.0.10,,,443,37473,0,1358,17
1584503212.535578,10.10.0.10,173.194.187.70,,,37473,443,0,37,17
1584503212.570354,173.194.187.70,10.10.0.10,,,443,37473,0,1358,17
1584503212.6074758,173.194.187.70,10.10.0.10,,,443,37473,0,1358,17
1584503212.6098108,10.10.0.10,173.194.187.70,,,37473,443,0,37,17
1584503212.6445742,173.194.187.70,10.10.0.10,,,443,37473,0,1358,17
1584503212.6816974,173.194.187.70,10.10.0.10,,,443,37473,0,1358,17
1584503212.6860561,10.10.0.10,173.194.187.70,,,37473,443,0,37,17
1584503212.718818,173.194.187.70,10.10.0.10,,,443,37473,0,1358,17
1584503212.755936,173.194.187.70,10.10.0.10,,,443,37473,0,1358,17
1584503212.757675,10.10.0.10,173.194.187.70,,,37473,443,0,37,17
1584503212.793061,173.194.187.70,10.10.0.10,,,443,37473,0,1358,17
1584503212.830178,173.194.187.70,10.10.0.10,,,443,37473,0,1358,17
1584503212.8435662,10.10.0.10,173.194.187.70,,,37473,443,0,37,17
1584503212.8672988,173.194.187.70,10.10.0.10,,,443,37473,0,1358,17
1584503212.90442,173.194.187.70,10.10.0.10,,,443,37473,0,1358,17
1584503212.9061751,10.10.0.10,173.194.187.70,,,37473,443,0,37,17
1584503212.941537,173.194.187.70,10.10.0.10,,,443,37473,0,1358,17
1584503212.9786682,173.194.187.70,10.10.0.10,,,443,37473,0,1358,17
1584503212.9814205,10.10.0.10,173.194.187.70,,,37473,443,0,37,17
1584503213.0157778,173.194.187.70,10.10.0.10,,,443,37473,0,1358,17
1584503213.052902,173.194.187.70,10.10.0.10,,,443,37473,0,1358,17
1584503213.056187,10.10.0.10,173.194.187.70,,,37473,443,0,37,17
1584503213.0900269,173.194.187.70,10.10.0.10,,,443,37473,0,1358,17
1584503213.127151,173.194.187.70,10.10.0.10,,,443,37473,0,1358,17
1584503213.1299078,10.10.0.10,173.194.187.70,,,37473,443,0,37,17
1584503213.1642554,173.194.187.70,10.10.0.10,,,443,37473,0,1358,17
1584503213.1942909,10.10.0.10,173.194.187.70,,,37473,443,0,37,17
1584503213.201377,173.194.187.70,10.10.0.10,,,443,37473,0,1358,17
1584503213.238499,173.194.187.70,10.10.0.10,,,443,37473,0,1358,17
1584503213.2405562,10.10.0.10,173.194.187.70,,,37473,443,0,37,17
1584503213.275617,173.194.187.70,10.10.0.10,,,443,37473,0,1358,17
1584503213.312736,173.194.187.70,10.10.0.10,,,443,37473,0,1358,17
1584503213.3148036,10.10.0.10,173.194.187.70,,,37473,443,0,37,17
1584503213.3498569,173.194.187.70,10.10.0.10,,,443,37473,0,1358,17
1584503213.386977,173.194.187.70,10.10.0.10,,,443,37473,0,1358,17
1584503213.38966,10.10.0.10,173.194.187.70,,,37473,443,0,37,17
1584503213.424096,173.194.187.70,10.10.0.10,,,443,37473,0,1358,17
1584503213.461217,173.194.187.70,10.10.0.10,,,443,37473,0,1358,17
1584503213.4633038,10.10.0.10,173.194.187.70,,,37473,443,0,37,17
1584503213.4983351,173.194.187.70,10.10.0.10,,,443,37473,0,1358,17
1584503213.5354578,173.194.187.70,10.10.0.10,,,443,37473,0,1358,17
1584503213.537801,10.10.0.10,173.194.187.70,,,37473,443,0,37,17
1584503213.572578,173.194.187.70,10.10.0.10,,,443,37473,0,1358,17
1584503213.6096995,173.194.187.70,10.10.0.10,,,443,37473,0,1358,17
1584503213.611921,10.10.0.10,173.194.187.70,,,37473,443,0,50,17
1584503213.646823,173.194.187.70,10.10.0.10,,,443,37473,0,1358,17
1584503213.6839492,173.194.187.70,10.10.0.10,,,443,37473,0,1358,17
1584503213.687993,10.10.0.10,173.194.187.70,,,37473,443,0,37,17
1584503213.7210698,173.194.187.70,10.10.0.10,,,443,37473,0,1358,17
1584503213.758195,173.194.187.70,10.10.0.10,,,443,37473,0,1358,17
1584503213.76117,10.10.0.10,173.194.187.70,,,37473,443,0,37,17
1584503213.795318,173.194.187.70,10.10.0.10,,,443,37473,0,1358,17
1584503213.8324142,173.194.187.70,10.10.0.10,,,443,37473,0,1358,17
1584503213.834415,10.10.0.10,173.194.187.70,,,37473,443,0,37,17
1584503213.869542,173.194.187.70,10.10.0.10,,,443,37473,0,1358,17
1584503213.906658,173.194.187.70,10.10.0.10,,,443,37473,0,1358,17
1584503213.9087868,10.10.0.10,173.194.187.70,,,37473,443,0,37,17
1584503213.9437768,173.194.187.70,10.10.0.10,,,443,37473,0,1358,17
1584503213.9808972,173.194.187.70,10.10.0.10,,,443,37473,0,1358,17
1584503213.985141,10.10.0.10,173.194.187.70,,,37473,443,0,37,17
1584503214.0180151,173.194.187.70,10.10.0.10,,,443,37473,0,1358,17
1584503214.055135,173.194.187.70,10.10.0.10,,,443,37473,0,1358,17
1584503214.057409,10.10.0.10,173.194.187.70,,,37473,443,0,37,17
1584503214.0922508,173.194.187.70,10.10.0.10,,,443,37473,0,1358,17
1584503214.129377,173.194.187.70,10.10.0.10,,,443,37473,0,1358,17
1584503214.1316528,10.10.0.10,173.194.187.70,,,37473,443,0,37,17
1584503214.1664946,173.194.187.70,10.10.0.10,,,443,37473,0,1358,17
1584503214.2036178,173.194.187.70,10.10.0.10,,,443,37473,0,1358,17
1584503214.2056339,10.10.0.10,173.194.187.70,,,37473,443,0,37,17
1584503214.240743,173.194.187.70,10.10.0.10,,,443,37473,0,1358,17
1584503214.2778661,173.194.187.70,10.10.0.10,,,443,37473,0,1358,17
1584503214.280008,10.10.0.10,173.194.187.70,,,37473,443,0,37,17
1584503214.314975,173.194.187.70,10.10.0.10,,,443,37473,0,1358,17
1584503214.3520956,173.194.187.70,10.10.0.10,,,443,37473,0,1358,17
1584503214.3536518,10.10.0.10,173.194.187.70,,,37473,443,0,37,17
1584503214.389212,173.194.187.70,10.10.0.10,,,443,37473,0,1358,17
1584503214.426334,173.194.187.70,10.10.0.10,,,443,37473,0,1358,17
1584503214.428159,10.10.0.10,173.194.187.70,,,37473,443,0,37,17
1584503214.463454,173.194.187.70,10.10.0.10,,,443,37473,0,1358,17
1584503214.5005732,173.194.187.70,10.10.0.10,,,443,37473,0,1358,17
1584503214.5024776,10.10.0.10,173.194.187.70,,,37473,443,0,37,17
1584503214.5376961,173.194.187.70,10.10.0.10,,,443,37473,0,1358,17
1584503214.574817,173.194.187.70,10.10.0.10,,,443,37473,0,1358,17
1584503214.57652,10.10.0.10,173.194.187.70,,,37473,443,0,37,17
1584503214.611938,173.194.187.70,10.10.0.10,,,443,37473,0,1358,17
1584503214.649056,173.194.187.70,10.10.0.10,,,443,37473,0,1358,17
1584503214.6511269,10.10.0.10,173.194.187.70,,,37473,443,0,37,17
1584503214.686176,173.194.187.70,10.10.0.10,,,443,37473,0,1358,17
1584503214.723291,173.194.187.70,10.10.0.10,,,443,37473,0,1358,17
1584503214.7251382,10.10.0.10,173.194.187.70,,,37473,443,0,37,17
1584503214.7604198,173.194.187.70,10.10.0.10,,,443,37473,0,1358,17
1584503214.7975366,173.194.187.70,10.10.0.10,,,443,37473,0,1358,17
1584503214.7991366,10.10.0.10,173.194.187.70,,,37473,443,0,37,17
1584503214.834664,173.194.187.70,10.10.0.10,,,443,37473,0,1358,17
1584503214.8717868,173.194.187.70,10.10.0.10,,,443,37473,0,1358,17
1584503214.874134,10.10.0.10,173.194.187.70,,,37473,443,0,37,17
1584503214.908909,173.194.187.70,10.10.0.10,,,443,37473,0,1358,17
1584503214.946033,173.194.187.70,10.10.0.10,,,443,37473,0,1358,17
1584503214.9481332,10.10.0.10,173.194.187.70,,,37473,443,0,37,17
1584503214.983159,173.194.187.70,10.10.0.10,,,443,37473,0,1358,17
1584503215.0202508,173.194.187.70,10.10.0.10,,,443,37473,0,1358,17
1584503215.02186,10.10.0.10,173.194.187.70,,,37473,443,0,37,17
1584503215.0573778,173.194.187.70,10.10.0.10,,,443,37473,0,1358,17
1584503215.094496,173.194.187.70,10.10.0.10,,,443,37473,0,1358,17
1584503215.096226,10.10.0.10,173.194.187.70,,,37473,443,0,50,17
1584503215.131617,173.194.187.70,10.10.0.10,,,443,37473,0,1358,17
1584503215.168737,173.194.187.70,10.10.0.10,,,443,37473,0,1358,17
1584503215.171126,10.10.0.10,173.194.187.70,,,37473,443,0,37,17
1584503215.2058554,173.194.187.70,10.10.0.10,,,443,37473,0,1358,17
1584503215.242975,173.194.187.70,10.10.0.10,,,443,37473,0,1358,17
1584503215.2451036,10.10.0.10,173.194.187.70,,,37473,443,0,37,17
1584503215.280096,173.194.187.70,10.10.0.10,,,443,37473,0,29,17
1584503215.2817788,173.194.187.70,10.10.0.10,,,443,37473,0,1358,17
1584503215.318901,173.194.187.70,10.10.0.10,,,443,37473,0,1358,17
1584503215.3208447,10.10.0.10,173.194.187.70,,,37473,443,0,37,17
1584503215.356015,173.194.187.70,10.10.0.10,,,443,37473,0,1358,17
1584503215.39315,173.194.187.70,10.10.0.10,,,443,37473,0,1358,17
1584503215.3957412,10.10.0.10,173.194.187.70,,,37473,443,0,37,17
1584503215.430269,173.194.187.70,10.10.0.10,,,443,37473,0,1358,17
1584503215.467393,173.194.187.70,10.10.0.10,,,443,37473,0,1358,17
1584503215.469223,10.10.0.10,173.194.187.70,,,37473,443,0,37,17
1584503215.504497,173.194.187.70,10.10.0.10,,,443,37473,0,1358,17
1584503215.541615,173.194.187.70,10.10.0.10,,,443,37473,0,1358,17
1584503215.5435948,10.10.0.10,173.194.187.70,,,37473,443,0,37,17
1584503215.5787358,173.194.187.70,10.10.0.10,,,443,37473,0,1358,17
1584503215.6158571,173.194.187.70,10.10.0.10,,,443,37473,0,1358,17
1584503215.61772,10.10.0.10,173.194.187.70,,,37473,443,0,37,17
1584503215.652976,173.194.187.70,10.10.0.10,,,443,37473,0,1358,17
1584503215.6900964,173.194.187.70,10.10.0.10,,,443,37473,0,1358,17
1584503215.691832,10.10.0.10,173.194.187.70,,,37473,443,0,37,17
1584503215.727215,173.194.187.70,10.10.0.10,,,443,37473,0,1358,17
1584503215.7643359,173.194.187.70,10.10.0.10,,,443,37473,0,1358,17
1584503215.7678401,10.10.0.10,173.194.187.70,,,37473,443,0,37,17
1584503215.8014581,173.194.187.70,10.10.0.10,,,443,37473,0,1358,17
1584503215.838577,173.194.187.70,10.10.0.10,,,443,37473,0,1358,17
1584503215.840607,10.10.0.10,173.194.187.70,,,37473,443,0,37,17
1584503215.8756962,173.194.187.70,10.10.0.10,,,443,37473,0,1358,17
1584503215.912819,173.194.187.70,10.10.0.10,,,443,37473,0,1358,17
1584503215.9147296,10.10.0.10,173.194.187.70,,,37473,443,0,37,17
1584503215.9499419,173.194.187.70,10.10.0.10,,,443,37473,0,1358,17
1584503215.987065,173.194.187.70,10.10.0.10,,,443,37473,0,1358,17
1584503215.989209,10.10.0.10,173.194.187.70,,,37473,443,0,37,17
1584503216.0241892,173.194.187.70,10.10.0.10,,,443,37473,0,1358,17
1584503216.061296,173.194.187.70,10.10.0.10,,,443,37473,0,1358,17
1584503216.0632062,10.10.0.10,173.194.187.70,,,37473,443,0,37,17
1584503216.0984132,173.194.187.70,10.10.0.10,,,443,37473,0,1358,17
1584503216.135536,173.194.187.70,10.10.0.10,,,443,37473,0,1358,17
1584503216.1381068,10.10.0.10,173.194.187.70,,,37473,443,0,37,17
1584503216.172656,173.194.187.70,10.10.0.10,,,443,37473,0,1358,17
1584503216.2097766,173.194.187.70,10.10.0.10,,,443,37473,0,1358,17
1584503216.211576,10.10.0.10,173.194.187.70,,,37473,443,0,37,17
1584503216.2468998,173.194.187.70,10.10.0.10,,,443,37473,0,1358,17
1584503216.284019,173.194.187.70,10.10.0.10,,,443,37473,0,1358,17
1584503216.2898452,10.10.0.10,173.194.187.70,,,37473,443,0,37,17
1584503216.3211381,173.194.187.70,10.10.0.10,,,443,37473,0,1358,17
1584503216.358256,173.194.187.70,10.10.0.10,,,443,37473,0,1358,17
1584503216.360466,10.10.0.10,173.194.187.70,,,37473,443,0,37,17
1584503216.395376,173.194.187.70,10.10.0.10,,,443,37473,0,1358,17
1584503216.432496,173.194.187.70,10.10.0.10,,,443,37473,0,1358,17
1584503216.4353259,10.10.0.10,173.194.187.70,,,37473,443,0,37,17
1584503216.4696178,173.194.187.70,10.10.0.10,,,443,37473,0,1358,17
1584503216.506741,173.194.187.70,10.10.0.10,,,443,37473,0,1358,17
1584503216.511193,10.10.0.10,173.194.187.70,,,37473,443,0,37,17
1584503216.543865,173.194.187.70,10.10.0.10,,,443,37473,0,1358,17
1584503216.5809894,173.194.187.70,10.10.0.10,,,443,37473,0,1358,17
1584503216.5839572,10.10.0.10,173.194.187.70,,,37473,443,0,50,17
1584503216.6181092,173.194.187.70,10.10.0.10,,,443,37473,0,1358,17
1584503216.655234,173.194.187.70,10.10.0.10,,,443,37473,0,1358,17
1584503216.6570818,10.10.0.10,173.194.187.70,,,37473,443,0,37,17
1584503216.692357,173.194.187.70,10.10.0.10,,,443,37473,0,991,17
1584503216.718212,10.10.0.10,173.194.187.70,,,37473,443,0,748,17
1584503216.718442,10.10.0.10,173.194.187.70,,,37473,443,0,48,17
1584503216.7213204,173.194.187.70,10.10.0.10,,,443,37473,0,29,17
1584503216.723714,173.194.187.70,10.10.0.10,,,443,37473,0,29,17
1584503216.7371645,173.194.187.70,10.10.0.10,,,443,37473,0,132,17
1584503216.7371962,173.194.187.70,10.10.0.10,,,443,37473,0,1358,17
1584503216.739816,10.10.0.10,173.194.187.70,,,37473,443,0,37,17
1584503216.766233,173.194.187.70,10.10.0.10,,,443,37473,0,1358,17
1584503216.8033571,173.194.187.70,10.10.0.10,,,443,37473,0,1278,17
1584503216.8059485,10.10.0.10,173.194.187.70,,,37473,443,0,37,17
1584503216.8109562,10.10.0.10,173.194.187.70,,,37473,443,0,47,17
1584503216.832937,10.10.0.10,173.194.187.70,,,37473,443,0,746,17
1584503216.8333304,10.10.0.10,173.194.187.70,,,37473,443,0,48,17
1584503216.838353,173.194.187.70,10.10.0.10,,,443,37473,0,26,17
1584503216.839935,173.194.187.70,10.10.0.10,,,443,37473,0,29,17
1584503216.8401911,10.10.0.10,173.194.187.70,,,37473,443,0,728,17
1584503216.841616,173.194.187.70,10.10.0.10,,,443,37473,0,29,17
1584503216.842435,10.10.0.10,173.194.187.70,,,37473,443,0,55,17
1584503216.8432922,173.194.187.70,10.10.0.10,,,443,37473,0,1358,17
1584503216.8804119,173.194.187.70,10.10.0.10,,,443,37473,0,1358,17
1584503216.8832052,10.10.0.10,173.194.187.70,,,37473,443,0,37,17
1584503216.9175398,173.194.187.70,10.10.0.10,,,443,37473,0,1358,17
1584503216.9546616,173.194.187.70,10.10.0.10,,,443,37473,0,1358,17
1584503216.956683,10.10.0.10,173.194.187.70,,,37473,443,0,37,17
1584503216.991786,173.194.187.70,10.10.0.10,,,443,37473,0,1358,17
1584503217.0239284,10.10.0.10,173.194.187.70,,,37473,443,0,37,17
1584503217.0289106,173.194.187.70,10.10.0.10,,,443,37473,0,1358,17
1584503217.066015,173.194.187.70,10.10.0.10,,,443,37473,0,1358,17
1584503217.0680518,10.10.0.10,173.194.187.70,,,37473,443,0,37,17
1584503217.1031358,173.194.187.70,10.10.0.10,,,443,37473,0,1358,17
1584503217.1402562,173.194.187.70,10.10.0.10,,,443,37473,0,1358,17
1584503217.1431742,10.10.0.10,173.194.187.70,,,37473,443,0,37,17
1584503217.177376,173.194.187.70,10.10.0.10,,,443,37473,0,1358,17
1584503217.2144964,173.194.187.70,10.10.0.10,,,443,37473,0,1358,17
1584503217.216568,10.10.0.10,173.194.187.70,,,37473,443,0,37,17
1584503217.251614,173.194.187.70,10.10.0.10,,,443,37473,0,1358,17
1584503217.2887368,173.194.187.70,10.10.0.10,,,443,37473,0,1358,17
1584503217.2908,10.10.0.10,173.194.187.70,,,37473,443,0,37,17
1584503217.325856,173.194.187.70,10.10.0.10,,,443,37473,0,1358,17
1584503217.362976,173.194.187.70,10.10.0.10,,,443,37473,0,1358,17
1584503217.364813,10.10.0.10,173.194.187.70,,,37473,443,0,37,17
1584503217.4000974,173.194.187.70,10.10.0.10,,,443,37473,0,1358,17
1584503217.437217,173.194.187.70,10.10.0.10,,,443,37473,0,1358,17
1584503217.4391868,10.10.0.10,173.194.187.70,,,37473,443,0,37,17
1584503217.474336,173.194.187.70,10.10.0.10,,,443,37473,0,1358,17
1584503217.511462,173.194.187.70,10.10.0.10,,,443,37473,0,1358,17
1584503217.513434,10.10.0.10,173.194.187.70,,,37473,443,0,37,17
1584503217.5485866,173.194.187.70,10.10.0.10,,,443,37473,0,1358,17
1584503217.590152,173.194.187.70,10.10.0.10,,,443,37473,0,1358,17
1584503217.592432,10.10.0.10,173.194.187.70,,,37473,443,0,37,17
1584503217.627269,173.194.187.70,10.10.0.10,,,443,37473,0,1358,17
1584503217.664392,173.194.187.70,10.10.0.10,,,443,37473,0,1358,17
1584503217.666252,10.10.0.10,173.194.187.70,,,37473,443,0,37,17
1584503217.701517,173.194.187.70,10.10.0.10,,,443,37473,0,1358,17
1584503217.738641,173.194.187.70,10.10.0.10,,,443,37473,0,1358,17
1584503217.740907,10.10.0.10,173.194.187.70,,,37473,443,0,37,17
1584503217.7757638,173.194.187.70,10.10.0.10,,,443,37473,0,1358,17
1584503217.81287,173.194.187.70,10.10.0.10,,,443,37473,0,1358,17
1584503217.8144038,10.10.0.10,173.194.187.70,,,37473,443,0,37,17
1584503217.8499875,173.194.187.70,10.10.0.10,,,443,37473,0,1358,17
1584503217.891575,173.194.187.70,10.10.0.10,,,443,37473,0,1358,17
1584503217.893153,10.10.0.10,173.194.187.70,,,37473,443,0,37,17
1584503217.9286973,173.194.187.70,10.10.0.10,,,443,37473,0,1358,17
1584503217.9658198,173.194.187.70,10.10.0.10,,,443,37473,0,1358,17
1584503217.967389,10.10.0.10,173.194.187.70,,,37473,443,0,37,17
1584503218.0029461,173.194.187.70,10.10.0.10,,,443,37473,0,1358,17
1584503218.040039,173.194.187.70,10.10.0.10,,,443,37473,0,1358,17
1584503218.042136,10.10.0.10,173.194.187.70,,,37473,443,0,37,17
1584503218.077159,173.194.187.70,10.10.0.10,,,443,37473,0,1358,17
1584503218.1142828,173.194.187.70,10.10.0.10,,,443,37473,0,1358,17
1584503218.1164038,10.10.0.10,173.194.187.70,,,37473,443,0,37,17
1584503218.151402,173.194.187.70,10.10.0.10,,,443,37473,0,1358,17
1584503218.192976,173.194.187.70,10.10.0.10,,,443,37473,0,1358,17
1584503218.1947699,10.10.0.10,173.194.187.70,,,37473,443,0,37,17
1584503218.2300956,173.194.187.70,10.10.0.10,,,443,37473,0,1358,17
1584503218.267214,173.194.187.70,10.10.0.10,,,443,37473,0,1358,17
1584503218.269131,10.10.0.10,173.194.187.70,,,37473,443,0,50,17
1584503218.30433,173.194.187.70,10.10.0.10,,,443,37473,0,1358,17
1584503218.3414614,173.194.187.70,10.10.0.10,,,443,37473,0,1358,17
1584503218.343159,10.10.0.10,173.194.187.70,,,37473,443,0,37,17
1584503218.378577,173.194.187.70,10.10.0.10,,,443,37473,0,1358,17
1584503218.4156976,173.194.187.70,10.10.0.10,,,443,37473,0,1358,17
1584503218.417629,10.10.0.10,173.194.187.70,,,37473,443,0,37,17
1584503218.4528122,173.194.187.70,10.10.0.10,,,443,37473,0,1358,17
1584503218.4899359,173.194.187.70,10.10.0.10,,,443,37473,0,1358,17
1584503218.5036552,10.10.0.10,173.194.187.70,,,37473,443,0,37,17
1584503218.5270598,173.194.187.70,10.10.0.10,,,443,37473,0,1358,17
1584503218.564182,173.194.187.70,10.10.0.10,,,443,37473,0,1358,17
1584503218.567008,10.10.0.10,173.194.187.70,,,37473,443,0,37,17
1584503218.601298,173.194.187.70,10.10.0.10,,,443,37473,0,1358,17
1584503218.633527,10.10.0.10,173.194.187.70,,,37473,443,0,37,17
1584503218.63843,173.194.187.70,10.10.0.10,,,443,37473,0,1358,17
1584503218.675551,173.194.187.70,10.10.0.10,,,443,37473,0,1358,17
1584503218.6771214,10.10.0.10,173.194.187.70,,,37473,443,0,37,17
1584503218.7126749,173.194.187.70,10.10.0.10,,,443,37473,0,1358,17
1584503218.749799,173.194.187.70,10.10.0.10,,,443,37473,0,1358,17
1584503218.7515078,10.10.0.10,173.194.187.70,,,37473,443,0,37,17
1584503218.7868972,173.194.187.70,10.10.0.10,,,443,37473,0,1358,17
1584503218.8240142,173.194.187.70,10.10.0.10,,,443,37473,0,1358,17
1584503218.8263948,10.10.0.10,173.194.187.70,,,37473,443,0,37,17
1584503218.861134,173.194.187.70,10.10.0.10,,,443,37473,0,1358,17
1584503218.8982532,173.194.187.70,10.10.0.10,,,443,37473,0,1358,17
1584503218.8998976,10.10.0.10,173.194.187.70,,,37473,443,0,37,17
1584503218.9353714,173.194.187.70,10.10.0.10,,,443,37473,0,1358,17
1584503218.9724932,173.194.187.70,10.10.0.10,,,443,37473,0,1358,17
1584503218.974374,10.10.0.10,173.194.187.70,,,37473,443,0,37,17
1584503219.0096178,173.194.187.70,10.10.0.10,,,443,37473,0,1358,17
1584503219.0467398,173.194.187.70,10.10.0.10,,,443,37473,0,1358,17
1584503219.0488448,10.10.0.10,173.194.187.70,,,37473,443,0,37,17
1584503219.083856,173.194.187.70,10.10.0.10,,,443,37473,0,1358,17
1584503219.120976,173.194.187.70,10.10.0.10,,,443,37473,0,1358,17
1584503219.1234908,10.10.0.10,173.194.187.70,,,37473,443,0,37,17
1584503219.1581,173.194.187.70,10.10.0.10,,,443,37473,0,1358,17
1584503219.195224,173.194.187.70,10.10.0.10,,,443,37473,0,1358,17
1584503219.1968858,10.10.0.10,173.194.187.70,,,37473,443,0,37,17
1584503219.2323322,173.194.187.70,10.10.0.10,,,443,37473,0,1358,17
1584503219.2694721,173.194.187.70,10.10.0.10,,,443,37473,0,1358,17
1584503219.2713618,10.10.0.10,173.194.187.70,,,37473,443,0,37,17
1584503219.306576,173.194.187.70,10.10.0.10,,,443,37473,0,1358,17
1584503219.343696,173.194.187.70,10.10.0.10,,,443,37473,0,1358,17
1584503219.345505,10.10.0.10,173.194.187.70,,,37473,443,0,37,17
1584503219.3808198,173.194.187.70,10.10.0.10,,,443,37473,0,1358,17
1584503219.4179368,173.194.187.70,10.10.0.10,,,443,37473,0,1358,17
1584503219.419504,10.10.0.10,173.194.187.70,,,37473,443,0,37,17
1584503219.4550571,173.194.187.70,10.10.0.10,,,443,37473,0,1358,17
1584503219.492176,173.194.187.70,10.10.0.10,,,443,37473,0,1358,17
1584503219.508859,10.10.0.10,173.194.187.70,,,37473,443,0,37,17
1584503219.5292964,173.194.187.70,10.10.0.10,,,443,37473,0,1358,17
1584503219.566418,173.194.187.70,10.10.0.10,,,443,37473,0,1358,17
1584503219.56848,10.10.0.10,173.194.187.70,,,37473,443,0,37,17
1584503219.603535,173.194.187.70,10.10.0.10,,,443,37473,0,1358,17
1584503219.6406589,173.194.187.70,10.10.0.10,,,443,37473,0,1358,17
1584503219.642623,10.10.0.10,173.194.187.70,,,37473,443,0,37,17
1584503219.677778,173.194.187.70,10.10.0.10,,,443,37473,0,1358,17
1584503219.7148972,173.194.187.70,10.10.0.10,,,443,37473,0,1358,17
1584503219.718849,10.10.0.10,173.194.187.70,,,37473,443,0,50,17
1584503219.752021,173.194.187.70,10.10.0.10,,,443,37473,0,1358,17
1584503219.7891474,173.194.187.70,10.10.0.10,,,443,37473,0,1358,17
1584503219.7914908,10.10.0.10,173.194.187.70,,,37473,443,0,37,17
1584503219.8262696,173.194.187.70,10.10.0.10,,,443,37473,0,1358,17
1584503219.86339,173.194.187.70,10.10.0.10,,,443,37473,0,1358,17
1584503219.865115,10.10.0.10,173.194.187.70,,,37473,443,0,37,17
1584503219.900502,173.194.187.70,10.10.0.10,,,443,37473,0,1358,17
1584503219.937618,173.194.187.70,10.10.0.10,,,443,37473,0,1358,17
1584503219.939345,10.10.0.10,173.194.187.70,,,37473,443,0,37,17
1584503219.974734,173.194.187.70,10.10.0.10,,,443,37473,0,1358,17
1584503220.01187,173.194.187.70,10.10.0.10,,,443,37473,0,1358,17
1584503220.0134606,10.10.0.10,173.194.187.70,,,37473,443,0,37,17
1584503220.048977,173.194.187.70,10.10.0.10,,,443,37473,0,1358,17
1584503220.086101,173.194.187.70,10.10.0.10,,,443,37473,0,1358,17
1584503220.088737,10.10.0.10,173.194.187.70,,,37473,443,0,37,17
1584503220.123214,173.194.187.70,10.10.0.10,,,443,37473,0,1358,17
1584503220.1603332,173.194.187.70,10.10.0.10,,,443,37473,0,1358,17
1584503220.1619878,10.10.0.10,173.194.187.70,,,37473,443,0,37,17
1584503220.197458,173.194.187.70,10.10.0.10,,,443,37473,0,1358,17
1584503220.234577,173.194.187.70,10.10.0.10,,,443,37473,0,1358,17
1584503220.236086,10.10.0.10,173.194.187.70,,,37473,443,0,37,17
1584503220.271696,173.194.187.70,10.10.0.10,,,443,37473,0,1358,17
1584503220.308817,173.194.187.70,10.10.0.10,,,443,37473,0,1358,17
1584503220.3119802,10.10.0.10,173.194.187.70,,,37473,443,0,37,17
1584503220.3459392,173.194.187.70,10.10.0.10,,,443,37473,0,1358,17
1584503220.383065,173.194.187.70,10.10.0.10,,,443,37473,0,1358,17
1584503220.384851,10.10.0.10,173.194.187.70,,,37473,443,0,37,17
1584503220.420191,173.194.187.70,10.10.0.10,,,443,37473,0,1358,17
1584503220.4573116,173.194.187.70,10.10.0.10,,,443,37473,0,1358,17
1584503220.4590971,10.10.0.10,173.194.187.70,,,37473,443,0,37,17
1584503220.494418,173.194.187.70,10.10.0.10,,,443,37473,0,1358,17
1584503220.5315342,173.194.187.70,10.10.0.10,,,443,37473,0,1358,17
1584503220.533602,10.10.0.10,173.194.187.70,,,37473,443,0,37,17
1584503220.568657,173.194.187.70,10.10.0.10,,,443,37473,0,1358,17
1584503220.605777,173.194.187.70,10.10.0.10,,,443,37473,0,1358,17
1584503220.6081982,10.10.0.10,173.194.187.70,,,37473,443,0,37,17
1584503220.6428974,173.194.187.70,10.10.0.10,,,443,37473,0,1358,17
1584503220.670842,10.10.0.10,173.194.187.70,,,37473,443,0,37,17
1584503220.680017,173.194.187.70,10.10.0.10,,,443,37473,0,1358,17
1584503220.717136,173.194.187.70,10.10.0.10,,,443,37473,0,1358,17
1584503220.719968,10.10.0.10,173.194.187.70,,,37473,443,0,37,17
1584503220.754256,173.194.187.70,10.10.0.10,,,443,37473,0,1358,17
1584503220.791377,173.194.187.70,10.10.0.10,,,443,37473,0,1358,17
1584503220.7935688,10.10.0.10,173.194.187.70,,,37473,443,0,37,17
1584503220.828495,173.194.187.70,10.10.0.10,,,443,37473,0,1358,17
1584503220.865619,173.194.187.70,10.10.0.10,,,443,37473,0,1358,17
1584503220.8673348,10.10.0.10,173.194.187.70,,,37473,443,0,37,17
1584503220.902737,173.194.187.70,10.10.0.10,,,443,37473,0,1358,17
1584503220.939862,173.194.187.70,10.10.0.10,,,443,37473,0,1358,17
1584503220.9433172,10.10.0.10,173.194.187.70,,,37473,443,0,37,17
1584503220.976985,173.194.187.70,10.10.0.10,,,443,37473,0,1358,17
1584503221.014111,173.194.187.70,10.10.0.10,,,443,37473,0,1358,17
1584503221.015813,10.10.0.10,173.194.187.70,,,37473,443,0,37,17
1584503221.0512311,173.194.187.70,10.10.0.10,,,443,37473,0,1358,17
1584503221.0883546,173.194.187.70,10.10.0.10,,,443,37473,0,1358,17
1584503221.0906858,10.10.0.10,173.194.187.70,,,37473,443,0,37,17
1584503221.125479,173.194.187.70,10.10.0.10,,,443,37473,0,1358,17
1584503221.1625779,173.194.187.70,10.10.0.10,,,443,37473,0,1358,17
1584503221.164954,10.10.0.10,173.194.187.70,,,37473,443,0,50,17
1584503221.199696,173.194.187.70,10.10.0.10,,,443,37473,0,1358,17
1584503221.236817,173.194.187.70,10.10.0.10,,,443,37473,0,1358,17
1584503221.2395751,10.10.0.10,173.194.187.70,,,37473,443,0,37,17
1584503221.273936,173.194.187.70,10.10.0.10,,,443,37473,0,1358,17
1584503221.3110552,173.194.187.70,10.10.0.10,,,443,37473,0,1358,17
1584503221.3135786,10.10.0.10,173.194.187.70,,,37473,443,0,37,17
1584503221.3481796,173.194.187.70,10.10.0.10,,,443,37473,0,1358,17
1584503221.385296,173.194.187.70,10.10.0.10,,,443,37473,0,29,17
1584503221.386971,173.194.187.70,10.10.0.10,,,443,37473,0,1358,17
1584503221.387298,10.10.0.10,173.194.187.70,,,37473,443,0,37,17
1584503221.42521,173.194.187.70,10.10.0.10,,,443,37473,0,1358,17
1584503221.427769,10.10.0.10,173.194.187.70,,,37473,443,0,37,17
1584503221.4623456,173.194.187.70,10.10.0.10,,,443,37473,0,1358,17
1584503221.490068,10.10.0.10,173.194.187.70,,,37473,443,0,37,17
1584503221.4994724,173.194.187.70,10.10.0.10,,,443,37473,0,1358,17
1584503221.536592,173.194.187.70,10.10.0.10,,,443,37473,0,1358,17
1584503221.5383005,10.10.0.10,173.194.187.70,,,37473,443,0,37,17
1584503221.573716,173.194.187.70,10.10.0.10,,,443,37473,0,1358,17
1584503221.60367,10.10.0.10,173.194.187.70,,,37473,443,0,37,17
1584503221.6108382,173.194.187.70,10.10.0.10,,,443,37473,0,1358,17
1584503221.647938,173.194.187.70,10.10.0.10,,,443,37473,0,1358,17
1584503221.6495645,10.10.0.10,173.194.187.70,,,37473,443,0,37,17
1584503221.685058,173.194.187.70,10.10.0.10,,,443,37473,0,1358,17
1584503221.722177,173.194.187.70,10.10.0.10,,,443,37473,0,1358,17
1584503221.723167,10.10.0.10,173.194.187.70,,,37473,443,0,37,17
1584503221.7592974,173.194.187.70,10.10.0.10,,,443,37473,0,1358,17
1584503221.762665,10.10.0.10,173.194.187.70,,,37473,443,0,37,17
1584503221.796418,173.194.187.70,10.10.0.10,,,443,37473,0,1358,17
1584503221.8335388,173.194.187.70,10.10.0.10,,,443,37473,0,1358,17
1584503221.8359306,10.10.0.10,173.194.187.70,,,37473,443,0,37,17
1584503221.870655,173.194.187.70,10.10.0.10,,,443,37473,0,1358,17
1584503221.907775,173.194.187.70,10.10.0.10,,,443,37473,0,1358,17
1584503221.90993,10.10.0.10,173.194.187.70,,,37473,443,0,37,17
1584503221.944895,173.194.187.70,10.10.0.10,,,443,37473,0,1358,17
1584503221.98202,173.194.187.70,10.10.0.10,,,443,37473,0,1358,17
1584503221.984027,10.10.0.10,173.194.187.70,,,37473,443,0,37,17
1584503222.019135,173.194.187.70,10.10.0.10,,,443,37473,0,1358,17
1584503222.0562508,173.194.187.70,10.10.0.10,,,443,37473,0,1358,17
1584503222.072008,10.10.0.10,173.194.187.70,,,37473,443,0,37,17
1584503222.093389,173.194.187.70,10.10.0.10,,,443,37473,0,1358,17
1584503222.1305132,173.194.187.70,10.10.0.10,,,443,37473,0,1358,17
1584503222.133157,10.10.0.10,173.194.187.70,,,37473,443,0,37,17
1584503222.167614,173.194.187.70,10.10.0.10,,,443,37473,0,1358,17
1584503222.204736,173.194.187.70,10.10.0.10,,,443,37473,0,1358,17
1584503222.206902,10.10.0.10,173.194.187.70,,,37473,443,0,37,17
1584503222.241857,173.194.187.70,10.10.0.10,,,443,37473,0,1358,17
1584503222.2789712,173.194.187.70,10.10.0.10,,,443,37473,0,1358,17
1584503222.281544,10.10.0.10,173.194.187.70,,,37473,443,0,37,17
1584503222.316097,173.194.187.70,10.10.0.10,,,443,37473,0,1358,17
1584503222.353216,173.194.187.70,10.10.0.10,,,443,37473,0,1358,17
1584503222.354899,10.10.0.10,173.194.187.70,,,37473,443,0,37,17
1584503222.3903348,173.194.187.70,10.10.0.10,,,443,37473,0,1358,17
1584503222.424271,10.10.0.10,173.194.187.70,,,37473,443,0,37,17
1584503222.4274552,173.194.187.70,10.10.0.10,,,443,37473,0,1358,17
1584503222.4645722,173.194.187.70,10.10.0.10,,,443,37473,0,1358,17
1584503222.466165,10.10.0.10,173.194.187.70,,,37473,443,0,50,17
1584503222.501696,173.194.187.70,10.10.0.10,,,443,37473,0,1358,17
1584503222.538816,173.194.187.70,10.10.0.10,,,443,37473,0,1358,17
1584503222.5406618,10.10.0.10,173.194.187.70,,,37473,443,0,37,17
1584503222.575941,173.194.187.70,10.10.0.10,,,443,37473,0,1358,17
1584503222.613063,173.194.187.70,10.10.0.10,,,443,37473,0,1358,17
1584503222.6152818,10.10.0.10,173.194.187.70,,,37473,443,0,37,17
1584503222.6501868,173.194.187.70,10.10.0.10,,,443,37473,0,1358,17
1584503222.687312,173.194.187.70,10.10.0.10,,,443,37473,0,29,17
1584503222.688909,10.10.0.10,173.194.187.70,,,37473,443,0,37,17
1584503222.6889741,173.194.187.70,10.10.0.10,,,443,37473,0,1358,17
1584503222.7185311,10.10.0.10,173.194.187.70,,,37473,443,0,37,17
1584503222.7260988,173.194.187.70,10.10.0.10,,,443,37473,0,1358,17
1584503222.763216,173.194.187.70,10.10.0.10,,,443,37473,0,1358,17
1584503222.76478,10.10.0.10,173.194.187.70,,,37473,443,0,37,17
1584503222.800336,173.194.187.70,10.10.0.10,,,443,37473,0,1358,17
1584503222.837455,173.194.187.70,10.10.0.10,,,443,37473,0,1358,17
1584503222.8448849,10.10.0.10,173.194.187.70,,,37473,443,0,37,17
1584503222.8745732,173.194.187.70,10.10.0.10,,,443,37473,0,1358,17
1584503222.9116962,173.194.187.70,10.10.0.10,,,443,37473,0,1358,17
1584503222.913759,10.10.0.10,173.194.187.70,,,37473,443,0,37,17
1584503222.9272518,10.10.0.10,173.194.187.70,,,37473,443,0,746,17
1584503222.9274852,10.10.0.10,173.194.187.70,,,37473,443,0,48,17
1584503222.9488122,173.194.187.70,10.10.0.10,,,443,37473,0,1358,17
1584503222.985932,173.194.187.70,10.10.0.10,,,443,37473,0,1358,17
1584503222.989222,10.10.0.10,173.194.187.70,,,37473,443,0,37,17
1584503223.023059,173.194.187.70,10.10.0.10,,,443,37473,0,1358,17
1584503223.0601714,173.194.187.70,10.10.0.10,,,443,37473,0,1358,17
1584503223.061744,10.10.0.10,173.194.187.70,,,37473,443,0,37,17
1584503223.0972998,173.194.187.70,10.10.0.10,,,443,37473,0,1358,17
1584503223.134424,173.194.187.70,10.10.0.10,,,443,37473,0,29,17
1584503223.1359036,10.10.0.10,173.194.187.70,,,37473,443,0,37,17
1584503223.136091,173.194.187.70,10.10.0.10,,,443,37473,0,1358,17
1584503223.173001,10.10.0.10,173.194.187.70,,,37473,443,0,37,17
1584503223.1732109,173.194.187.70,10.10.0.10,,,443,37473,0,1358,17
1584503223.210336,173.194.187.70,10.10.0.10,,,443,37473,0,1358,17
1584503223.2119718,10.10.0.10,173.194.187.70,,,37473,443,0,37,17
1584503223.2492301,173.194.187.70,10.10.0.10,,,443,37473,0,1358,17
1584503223.2863548,173.194.187.70,10.10.0.10,,,443,37473,0,1358,17
1584503223.287992,10.10.0.10,173.194.187.70,,,37473,443,0,37,17
1584503223.3234599,173.194.187.70,10.10.0.10,,,443,37473,0,1358,17
1584503223.3605769,173.194.187.70,10.10.0.10,,,443,37473,0,1358,17
1584503223.362244,10.10.0.10,173.194.187.70,,,37473,443,0,37,17
1584503223.3976948,173.194.187.70,10.10.0.10,,,443,37473,0,1358,17
1584503223.434815,173.194.187.70,10.10.0.10,,,443,37473,0,1358,17
1584503223.4367628,10.10.0.10,173.194.187.70,,,37473,443,0,37,17
1584503223.4719322,173.194.187.70,10.10.0.10,,,443,37473,0,1358,17
1584503223.509057,173.194.187.70,10.10.0.10,,,443,37473,0,1358,17
1584503223.5106132,10.10.0.10,173.194.187.70,,,37473,443,0,37,17
1584503223.546177,173.194.187.70,10.10.0.10,,,443,37473,0,1358,17
1584503223.583296,173.194.187.70,10.10.0.10,,,443,37473,0,1358,17
1584503223.586385,10.10.0.10,173.194.187.70,,,37473,443,0,37,17
1584503223.6204119,173.194.187.70,10.10.0.10,,,443,37473,0,1358,17
1584503223.6575382,173.194.187.70,10.10.0.10,,,443,37473,0,1358,17
1584503223.65938,10.10.0.10,173.194.187.70,,,37473,443,0,37,17
1584503223.6946568,173.194.187.70,10.10.0.10,,,443,37473,0,1358,17
1584503223.7317822,173.194.187.70,10.10.0.10,,,443,37473,0,1358,17
1584503223.733866,10.10.0.10,173.194.187.70,,,37473,443,0,37,17
1584503223.7688909,173.194.187.70,10.10.0.10,,,443,37473,0,1358,17
1584503223.806014,173.194.187.70,10.10.0.10,,,443,37473,0,1358,17
1584503223.808501,10.10.0.10,173.194.187.70,,,37473,443,0,37,17
1584503223.8431492,173.194.187.70,10.10.0.10,,,443,37473,0,1358,17
1584503223.8802738,173.194.187.70,10.10.0.10,,,443,37473,0,1358,17
1584503223.8830009,10.10.0.10,173.194.187.70,,,37473,443,0,37,17
1584503223.917397,173.194.187.70,10.10.0.10,,,443,37473,0,1358,17
1584503223.954493,173.194.187.70,10.10.0.10,,,443,37473,0,1358,17
1584503223.9566042,10.10.0.10,173.194.187.70,,,37473,443,0,37,17
1584503223.993276,173.194.187.70,10.10.0.10,,,443,37473,0,1358,17
1584503224.0304,173.194.187.70,10.10.0.10,,,443,37473,0,1358,17
1584503224.0328536,10.10.0.10,173.194.187.70,,,37473,443,0,37,17
1584503224.0675068,173.194.187.70,10.10.0.10,,,443,37473,0,1358,17
1584503224.104626,173.194.187.70,10.10.0.10,,,443,37473,0,1358,17
1584503224.106933,10.10.0.10,173.194.187.70,,,37473,443,0,37,17
1584503224.141766,173.194.187.70,10.10.0.10,,,443,37473,0,1358,17
1584503224.178891,173.194.187.70,10.10.0.10,,,443,37473,0,1358,17
1584503224.180972,10.10.0.10,173.194.187.70,,,37473,443,0,37,17
1584503224.2159884,173.194.187.70,10.10.0.10,,,443,37473,0,1358,17
1584503224.2531092,173.194.187.70,10.10.0.10,,,443,37473,0,1358,17
1584503224.255112,10.10.0.10,173.194.187.70,,,37473,443,0,37,17
1584503224.29023,173.194.187.70,10.10.0.10,,,443,37473,0,1358,17
1584503224.320502,10.10.0.10,173.194.187.70,,,37473,443,0,50,17
1584503224.3273492,173.194.187.70,10.10.0.10,,,443,37473,0,1358,17
1584503224.364469,173.194.187.70,10.10.0.10,,,443,37473,0,1358,17
1584503224.366589,10.10.0.10,173.194.187.70,,,37473,443,0,37,17
1584503224.4015875,173.194.187.70,10.10.0.10,,,443,37473,0,1358,17
1584503224.438715,173.194.187.70,10.10.0.10,,,443,37473,0,1358,17
1584503224.440607,10.10.0.10,173.194.187.70,,,37473,443,0,37,17
1584503224.475831,173.194.187.70,10.10.0.10,,,443,37473,0,1358,17
1584503224.5129492,173.194.187.70,10.10.0.10,,,443,37473,0,1358,17
1584503224.5144696,10.10.0.10,173.194.187.70,,,37473,443,0,37,17
1584503224.5500698,173.194.187.70,10.10.0.10,,,443,37473,0,29,17
1584503224.551757,173.194.187.70,10.10.0.10,,,443,37473,0,1358,17
1584503224.588881,173.194.187.70,10.10.0.10,,,443,37473,0,1358,17
1584503224.5905821,10.10.0.10,173.194.187.70,,,37473,443,0,37,17
1584503224.6260018,173.194.187.70,10.10.0.10,,,443,37473,0,1358,17
1584503224.663127,173.194.187.70,10.10.0.10,,,443,37473,0,1358,17
1584503224.664727,10.10.0.10,173.194.187.70,,,37473,443,0,37,17
1584503224.7002509,173.194.187.70,10.10.0.10,,,443,37473,0,1358,17
1584503224.7373474,173.194.187.70,10.10.0.10,,,443,37473,0,1358,17
1584503224.739328,10.10.0.10,173.194.187.70,,,37473,443,0,37,17
1584503224.7744699,173.194.187.70,10.10.0.10,,,443,37473,0,1358,17
1584503224.811589,173.194.187.70,10.10.0.10,,,443,37473,0,1358,17
1584503224.8132198,10.10.0.10,173.194.187.70,,,37473,443,0,37,17
1584503224.84871,173.194.187.70,10.10.0.10,,,443,37473,0,1358,17
1584503224.884969,10.10.0.10,173.194.187.70,,,37473,443,0,37,17
1584503224.8858292,173.194.187.70,10.10.0.10,,,443,37473,0,1358,17
1584503224.9229481,173.194.187.70,10.10.0.10,,,443,37473,0,1358,17
1584503224.9250908,10.10.0.10,173.194.187.70,,,37473,443,0,37,17
1584503224.9600658,173.194.187.70,10.10.0.10,,,443,37473,0,1358,17
1584503224.997191,173.194.187.70,10.10.0.10,,,443,37473,0,1358,17
1584503224.9988532,10.10.0.10,173.194.187.70,,,37473,443,0,37,17
1584503225.0343099,173.194.187.70,10.10.0.10,,,443,37473,0,1358,17
1584503225.071429,173.194.187.70,10.10.0.10,,,443,37473,0,1358,17
1584503225.0733411,10.10.0.10,173.194.187.70,,,37473,443,0,37,17
1584503225.1085546,173.194.187.70,10.10.0.10,,,443,37473,0,1358,17
1584503225.145678,173.194.187.70,10.10.0.10,,,443,37473,0,1358,17
1584503225.1471741,10.10.0.10,173.194.187.70,,,37473,443,0,37,17
1584503225.182785,173.194.187.70,10.10.0.10,,,443,37473,0,1358,17
1584503225.219929,173.194.187.70,10.10.0.10,,,443,37473,0,1358,17
1584503225.2233171,10.10.0.10,173.194.187.70,,,37473,443,0,37,17
1584503225.2570438,173.194.187.70,10.10.0.10,,,443,37473,0,1358,17
1584503225.294151,173.194.187.70,10.10.0.10,,,443,37473,0,1358,17
1584503225.296062,10.10.0.10,173.194.187.70,,,37473,443,0,37,17
1584503225.331269,173.194.187.70,10.10.0.10,,,443,37473,0,1358,17
1584503225.3683894,173.194.187.70,10.10.0.10,,,443,37473,0,1358,17
1584503225.370575,10.10.0.10,173.194.187.70,,,37473,443,0,37,17
1584503225.405514,173.194.187.70,10.10.0.10,,,443,37473,0,1358,17
1584503225.44263,173.194.187.70,10.10.0.10,,,443,37473,0,1358,17
1584503225.446698,10.10.0.10,173.194.187.70,,,37473,443,0,37,17
1584503225.4797502,173.194.187.70,10.10.0.10,,,443,37473,0,1358,17
1584503225.498455,10.10.0.10,173.194.187.70,,,37473,443,0,736,17
1584503225.498482,10.10.0.10,173.194.187.70,,,37473,443,0,48,17
1584503225.51687,173.194.187.70,10.10.0.10,,,443,37473,0,1358,17
1584503225.5539875,173.194.187.70,10.10.0.10,,,443,37473,0,1358,17
1584503225.555682,10.10.0.10,173.194.187.70,,,37473,443,0,37,17
1584503225.5911078,173.194.187.70,10.10.0.10,,,443,37473,0,1358,17
1584503225.623198,10.10.0.10,173.194.187.70,,,37473,443,0,37,17
1584503225.62823,173.194.187.70,10.10.0.10,,,443,37473,0,1358,17
1584503225.6653512,173.194.187.70,10.10.0.10,,,443,37473,0,1358,17
1584503225.6670554,10.10.0.10,173.194.187.70,,,37473,443,0,37,17
1584503225.702474,173.194.187.70,10.10.0.10,,,443,37473,0,29,17
1584503225.70416,173.194.187.70,10.10.0.10,,,443,37473,0,1358,17
1584503225.741284,173.194.187.70,10.10.0.10,,,443,37473,0,1358,17
1584503225.7428188,10.10.0.10,173.194.187.70,,,37473,443,0,37,17
1584503225.7784038,173.194.187.70,10.10.0.10,,,443,37473,0,1358,17
1584503225.815511,173.194.187.70,10.10.0.10,,,443,37473,0,1358,17
1584503225.8172998,10.10.0.10,173.194.187.70,,,37473,443,0,37,17
1584503225.8526278,173.194.187.70,10.10.0.10,,,443,37473,0,1358,17
1584503225.889749,173.194.187.70,10.10.0.10,,,443,37473,0,1358,17
1584503225.9178042,10.10.0.10,173.194.187.70,,,37473,443,0,37,17
1584503225.9268696,173.194.187.70,10.10.0.10,,,443,37473,0,1358,17
1584503225.963986,173.194.187.70,10.10.0.10,,,443,37473,0,1358,17
1584503225.966065,10.10.0.10,173.194.187.70,,,37473,443,0,37,17
1584503226.001107,173.194.187.70,10.10.0.10,,,443,37473,0,1358,17
1584503226.0382268,173.194.187.70,10.10.0.10,,,443,37473,0,1358,17
1584503226.041065,10.10.0.10,173.194.187.70,,,37473,443,0,37,17
1584503226.075351,173.194.187.70,10.10.0.10,,,443,37473,0,1358,17
1584503226.1124651,173.194.187.70,10.10.0.10,,,443,37473,0,1358,17
1584503226.114022,10.10.0.10,173.194.187.70,,,37473,443,0,37,17
1584503226.149585,173.194.187.70,10.10.0.10,,,443,37473,0,1358,17
1584503226.1867044,173.194.187.70,10.10.0.10,,,443,37473,0,1358,17
1584503226.188638,10.10.0.10,173.194.187.70,,,37473,443,0,37,17
1584503226.223835,173.194.187.70,10.10.0.10,,,443,37473,0,1358,17
1584503226.260957,173.194.187.70,10.10.0.10,,,443,37473,0,1358,17
1584503226.2620518,10.10.0.10,173.194.187.70,,,37473,443,0,37,17
1584503226.2980812,173.194.187.70,10.10.0.10,,,443,37473,0,1358,17
1584503226.2996588,10.10.0.10,173.194.187.70,,,37473,443,0,37,17
1584503226.335203,173.194.187.70,10.10.0.10,,,443,37473,0,1358,17
1584503226.3723226,173.194.187.70,10.10.0.10,,,443,37473,0,1358,17
1584503226.376549,10.10.0.10,173.194.187.70,,,37473,443,0,37,17
1584503226.4094498,173.194.187.70,10.10.0.10,,,443,37473,0,1358,17
1584503226.446551,173.194.187.70,10.10.0.10,,,443,37473,0,1358,17
1584503226.448154,10.10.0.10,173.194.187.70,,,37473,443,0,37,17
1584503226.483669,173.194.187.70,10.10.0.10,,,443,37473,0,1358,17
1584503226.52079,173.194.187.70,10.10.0.10,,,443,37473,0,1358,17
1584503226.522422,10.10.0.10,173.194.187.70,,,37473,443,0,37,17
1584503226.5579119,173.194.187.70,10.10.0.10,,,443,37473,0,1358,17
1584503226.5961492,173.194.187.70,10.10.0.10,,,443,37473,0,1358,17
1584503226.5980241,10.10.0.10,173.194.187.70,,,37473,443,0,37,17
1584503226.633271,173.194.187.70,10.10.0.10,,,443,37473,0,1358,17
1584503226.6703901,173.194.187.70,10.10.0.10,,,443,37473,0,1358,17
1584503226.672024,10.10.0.10,173.194.187.70,,,37473,443,0,37,17
1584503226.7075078,173.194.187.70,10.10.0.10,,,443,37473,0,1358,17
1584503226.74463,173.194.187.70,10.10.0.10,,,443,37473,0,1358,17
1584503226.748401,10.10.0.10,173.194.187.70,,,37473,443,0,37,17
1584503226.7817528,173.194.187.70,10.10.0.10,,,443,37473,0,1358,17
1584503226.8108964,10.10.0.10,173.194.187.70,,,37473,443,0,37,17
1584503226.8188765,173.194.187.70,10.10.0.10,,,443,37473,0,1358,17
1584503226.855984,173.194.187.70,10.10.0.10,,,443,37473,0,1358,17
1584503226.857788,10.10.0.10,173.194.187.70,,,37473,443,0,50,17
1584503226.893126,173.194.187.70,10.10.0.10,,,443,37473,0,1358,17
1584503226.9302301,173.194.187.70,10.10.0.10,,,443,37473,0,1358,17
1584503226.932535,10.10.0.10,173.194.187.70,,,37473,443,0,37,17
1584503226.967349,173.194.187.70,10.10.0.10,,,443,37473,0,1358,17
1584503227.0044641,173.194.187.70,10.10.0.10,,,443,37473,0,29,17
1584503227.005883,10.10.0.10,173.194.187.70,,,37473,443,0,37,17
1584503227.0061474,173.194.187.70,10.10.0.10,,,443,37473,0,1358,17
1584503227.0432675,173.194.187.70,10.10.0.10,,,443,37473,0,1358,17
1584503227.0456588,10.10.0.10,173.194.187.70,,,37473,443,0,37,17
1584503227.080385,173.194.187.70,10.10.0.10,,,443,37473,0,1358,17
1584503227.1175098,173.194.187.70,10.10.0.10,,,443,37473,0,1358,17
1584503227.119515,10.10.0.10,173.194.187.70,,,37473,443,0,37,17
1584503227.1546302,173.194.187.70,10.10.0.10,,,443,37473,0,1358,17
1584503227.191749,173.194.187.70,10.10.0.10,,,443,37473,0,1358,17
1584503227.193656,10.10.0.10,173.194.187.70,,,37473,443,0,37,17
1584503227.2288704,173.194.187.70,10.10.0.10,,,443,37473,0,1358,17
1584503227.26599,173.194.187.70,10.10.0.10,,,443,37473,0,1358,17
1584503227.2675102,10.10.0.10,173.194.187.70,,,37473,443,0,37,17
1584503227.3031108,173.194.187.70,10.10.0.10,,,443,37473,0,1358,17
1584503227.340227,173.194.187.70,10.10.0.10,,,443,37473,0,1358,17
1584503227.3421268,10.10.0.10,173.194.187.70,,,37473,443,0,37,17
1584503227.3773608,173.194.187.70,10.10.0.10,,,443,37473,0,1358,17
1584503227.4144838,173.194.187.70,10.10.0.10,,,443,37473,0,1358,17
1584503227.418503,10.10.0.10,173.194.187.70,,,37473,443,0,37,17
1584503227.4515884,173.194.187.70,10.10.0.10,,,443,37473,0,1358,17
1584503227.4887092,173.194.187.70,10.10.0.10,,,443,37473,0,1358,17
1584503227.490342,10.10.0.10,173.194.187.70,,,37473,443,0,37,17
1584503227.5302956,173.194.187.70,10.10.0.10,,,443,37473,0,1358,17
1584503227.567416,173.194.187.70,10.10.0.10,,,443,37473,0,1358,17
1584503227.56899,10.10.0.10,173.194.187.70,,,37473,443,0,37,17
1584503227.60454,173.194.187.70,10.10.0.10,,,443,37473,0,1358,17
1584503227.641664,173.194.187.70,10.10.0.10,,,443,37473,0,1358,17
1584503227.643394,10.10.0.10,173.194.187.70,,,37473,443,0,37,17
1584503227.678764,173.194.187.70,10.10.0.10,,,443,37473,0,1358,17
1584503227.7158852,173.194.187.70,10.10.0.10,,,443,37473,0,1358,17
1584503227.717889,10.10.0.10,173.194.187.70,,,37473,443,0,37,17
1584503227.7530036,173.194.187.70,10.10.0.10,,,443,37473,0,1358,17
1584503227.790122,173.194.187.70,10.10.0.10,,,443,37473,0,1358,17
1584503227.7929919,10.10.0.10,173.194.187.70,,,37473,443,0,37,17
1584503227.8272429,173.194.187.70,10.10.0.10,,,443,37473,0,1358,17
1584503227.868816,173.194.187.70,10.10.0.10,,,443,37473,0,1358,17
1584503227.8706331,10.10.0.10,173.194.187.70,,,37473,443,0,37,17
1584503227.905935,173.194.187.70,10.10.0.10,,,443,37473,0,1358,17
1584503227.943058,173.194.187.70,10.10.0.10,,,443,37473,0,1358,17
1584503227.9447582,10.10.0.10,173.194.187.70,,,37473,443,0,37,17
1584503227.9801712,173.194.187.70,10.10.0.10,,,443,37473,0,1358,17
1584503228.0172908,173.194.187.70,10.10.0.10,,,443,37473,0,1358,17
1584503228.019256,10.10.0.10,173.194.187.70,,,37473,443,0,37,17
1584503228.054416,173.194.187.70,10.10.0.10,,,443,37473,0,1358,17
1584503228.091537,173.194.187.70,10.10.0.10,,,443,37473,0,1358,17
1584503228.093107,10.10.0.10,173.194.187.70,,,37473,443,0,37,17
1584503228.1286578,173.194.187.70,10.10.0.10,,,443,37473,0,1358,17
1584503228.1702304,173.194.187.70,10.10.0.10,,,443,37473,0,1358,17
1584503228.174001,10.10.0.10,173.194.187.70,,,37473,443,0,37,17
1584503228.207349,173.194.187.70,10.10.0.10,,,443,37473,0,1358,17
1584503228.244471,173.194.187.70,10.10.0.10,,,443,37473,0,1358,17
1584503228.2464962,10.10.0.10,173.194.187.70,,,37473,443,0,37,17
1584503228.283351,173.194.187.70,10.10.0.10,,,443,37473,0,1358,17
1584503228.3204648,173.194.187.70,10.10.0.10,,,443,37473,0,1358,17
1584503228.322099,10.10.0.10,173.194.187.70,,,37473,443,0,50,17
1584503228.357589,173.194.187.70,10.10.0.10,,,443,37473,0,1358,17
1584503228.386966,10.10.0.10,173.194.187.70,,,37473,443,0,37,17
1584503228.39471,173.194.187.70,10.10.0.10,,,443,37473,0,1358,17
1584503228.4318314,173.194.187.70,10.10.0.10,,,443,37473,0,1358,17
1584503228.4334931,10.10.0.10,173.194.187.70,,,37473,443,0,37,17
1584503228.4689562,173.194.187.70,10.10.0.10,,,443,37473,0,1358,17
1584503228.506079,173.194.187.70,10.10.0.10,,,443,37473,0,1358,17
1584503228.5097196,10.10.0.10,173.194.187.70,,,37473,443,0,37,17
1584503228.543201,173.194.187.70,10.10.0.10,,,443,37473,0,1358,17
1584503228.580326,173.194.187.70,10.10.0.10,,,443,37473,0,1358,17
1584503228.582362,10.10.0.10,173.194.187.70,,,37473,443,0,37,17
1584503228.617429,173.194.187.70,10.10.0.10,,,443,37473,0,1358,17
1584503228.654547,173.194.187.70,10.10.0.10,,,443,37473,0,1358,17
1584503228.656589,10.10.0.10,173.194.187.70,,,37473,443,0,37,17
1584503228.6916678,173.194.187.70,10.10.0.10,,,443,37473,0,1358,17
1584503228.728789,173.194.187.70,10.10.0.10,,,443,37473,0,1358,17
1584503228.7298381,10.10.0.10,173.194.187.70,,,37473,443,0,37,17
1584503228.7659118,173.194.187.70,10.10.0.10,,,443,37473,0,1358,17
1584503228.7679868,10.10.0.10,173.194.187.70,,,37473,443,0,37,17
1584503228.8030279,173.194.187.70,10.10.0.10,,,443,37473,0,1358,17
1584503228.840144,173.194.187.70,10.10.0.10,,,443,37473,0,1358,17
1584503228.8418539,10.10.0.10,173.194.187.70,,,37473,443,0,37,17
1584503228.8772712,173.194.187.70,10.10.0.10,,,443,37473,0,1358,17
1584503228.9143894,173.194.187.70,10.10.0.10,,,443,37473,0,1358,17
1584503228.915968,10.10.0.10,173.194.187.70,,,37473,443,0,37,17
1584503228.9515078,173.194.187.70,10.10.0.10,,,443,37473,0,1358,17
1584503228.988628,173.194.187.70,10.10.0.10,,,443,37473,0,1358,17
1584503228.9905849,10.10.0.10,173.194.187.70,,,37473,443,0,37,17
1584503229.0257502,173.194.187.70,10.10.0.10,,,443,37473,0,1358,17
1584503229.0628762,173.194.187.70,10.10.0.10,,,443,37473,0,1358,17
1584503229.065702,10.10.0.10,173.194.187.70,,,37473,443,0,37,17
1584503229.0999858,173.194.187.70,10.10.0.10,,,443,37473,0,1358,17
1584503229.13711,173.194.187.70,10.10.0.10,,,443,37473,0,1358,17
1584503229.1392019,10.10.0.10,173.194.187.70,,,37473,443,0,37,17
1584503229.174233,173.194.187.70,10.10.0.10,,,443,37473,0,1358,17
1584503229.2113519,173.194.187.70,10.10.0.10,,,443,37473,0,1358,17
1584503229.212816,10.10.0.10,173.194.187.70,,,37473,443,0,37,17
1584503229.2484922,173.194.187.70,10.10.0.10,,,443,37473,0,1358,17
1584503229.285592,173.194.187.70,10.10.0.10,,,443,37473,0,1358,17
1584503229.287697,10.10.0.10,173.194.187.70,,,37473,443,0,37,17
1584503229.322709,173.194.187.70,10.10.0.10,,,443,37473,0,1358,17
1584503229.3598301,173.194.187.70,10.10.0.10,,,443,37473,0,1358,17
1584503229.3614724,10.10.0.10,173.194.187.70,,,37473,443,0,37,17
1584503229.396949,173.194.187.70,10.10.0.10,,,443,37473,0,1358,17
1584503229.4340696,173.194.187.70,10.10.0.10,,,443,37473,0,1358,17
1584503229.436337,10.10.0.10,173.194.187.70,,,37473,443,0,37,17
1584503229.471189,173.194.187.70,10.10.0.10,,,443,37473,0,1358,17
1584503229.508312,173.194.187.70,10.10.0.10,,,443,37473,0,1358,17
1584503229.5104609,10.10.0.10,173.194.187.70,,,37473,443,0,37,17
1584503229.545423,173.194.187.70,10.10.0.10,,,443,37473,0,1358,17
1584503229.58255,173.194.187.70,10.10.0.10,,,443,37473,0,1358,17
1584503229.5846882,10.10.0.10,173.194.187.70,,,37473,443,0,37,17
1584503229.6196694,173.194.187.70,10.10.0.10,,,443,37473,0,1358,17
1584503229.6567948,173.194.187.70,10.10.0.10,,,443,37473,0,1358,17
1584503229.659085,10.10.0.10,173.194.187.70,,,37473,443,0,37,17
1584503229.693903,173.194.187.70,10.10.0.10,,,443,37473,0,1358,17
1584503229.731042,173.194.187.70,10.10.0.10,,,443,37473,0,1358,17
1584503229.75831,10.10.0.10,173.194.187.70,,,37473,443,0,50,17
1584503229.768166,173.194.187.70,10.10.0.10,,,443,37473,0,1358,17
1584503229.8052702,173.194.187.70,10.10.0.10,,,443,37473,0,1358,17
1584503229.80793,10.10.0.10,173.194.187.70,,,37473,443,0,37,17
1584503229.818434,10.10.0.10,173.194.187.70,,,37473,443,0,746,17
1584503229.818562,10.10.0.10,173.194.187.70,,,37473,443,0,48,17
1584503229.842387,173.194.187.70,10.10.0.10,,,443,37473,0,1358,17
1584503229.8795102,173.194.187.70,10.10.0.10,,,443,37473,0,1358,17
1584503229.881074,10.10.0.10,173.194.187.70,,,37473,443,0,37,17
1584503229.919375,173.194.187.70,10.10.0.10,,,443,37473,0,1358,17
1584503229.9564939,173.194.187.70,10.10.0.10,,,443,37473,0,1358,17
1584503229.958432,10.10.0.10,173.194.187.70,,,37473,443,0,37,17
1584503229.993623,173.194.187.70,10.10.0.10,,,443,37473,0,1358,17
1584503230.0307398,173.194.187.70,10.10.0.10,,,443,37473,0,1358,17
1584503230.0326939,10.10.0.10,173.194.187.70,,,37473,443,0,37,17
1584503230.0678642,173.194.187.70,10.10.0.10,,,443,37473,0,29,17
1584503230.069533,173.194.187.70,10.10.0.10,,,443,37473,0,1358,17
1584503230.106657,173.194.187.70,10.10.0.10,,,443,37473,0,1358,17
1584503230.1086738,10.10.0.10,173.194.187.70,,,37473,443,0,37,17
1584503230.143776,173.194.187.70,10.10.0.10,,,443,37473,0,29,17
1584503230.1454532,173.194.187.70,10.10.0.10,,,443,37473,0,1358,17
1584503230.182573,173.194.187.70,10.10.0.10,,,443,37473,0,1358,17
1584503230.184162,10.10.0.10,173.194.187.70,,,37473,443,0,37,17
1584503230.2197142,173.194.187.70,10.10.0.10,,,443,37473,0,1358,17
1584503230.256815,173.194.187.70,10.10.0.10,,,443,37473,0,1358,17
1584503230.2595446,10.10.0.10,173.194.187.70,,,37473,443,0,37,17
1584503230.293935,173.194.187.70,10.10.0.10,,,443,37473,0,1358,17
1584503230.331057,173.194.187.70,10.10.0.10,,,443,37473,0,1358,17
1584503230.3338132,10.10.0.10,173.194.187.70,,,37473,443,0,37,17
1584503230.368176,173.194.187.70,10.10.0.10,,,443,37473,0,1358,17
1584503230.405296,173.194.187.70,10.10.0.10,,,443,37473,0,1358,17
1584503230.4081638,10.10.0.10,173.194.187.70,,,37473,443,0,37,17
1584503230.442416,173.194.187.70,10.10.0.10,,,443,37473,0,1358,17
1584503230.4795349,173.194.187.70,10.10.0.10,,,443,37473,0,1358,17
1584503230.482306,10.10.0.10,173.194.187.70,,,37473,443,0,37,17
1584503230.516655,173.194.187.70,10.10.0.10,,,443,37473,0,1358,17
1584503230.553777,173.194.187.70,10.10.0.10,,,443,37473,0,1358,17
1584503230.5559099,10.10.0.10,173.194.187.70,,,37473,443,0,37,17
1584503230.5908961,173.194.187.70,10.10.0.10,,,443,37473,0,1358,17
1584503230.628016,173.194.187.70,10.10.0.10,,,443,37473,0,1358,17
1584503230.629532,10.10.0.10,173.194.187.70,,,37473,443,0,37,17
1584503230.665141,173.194.187.70,10.10.0.10,,,443,37473,0,1358,17
1584503230.702264,173.194.187.70,10.10.0.10,,,443,37473,0,1358,17
1584503230.7039056,10.10.0.10,173.194.187.70,,,37473,443,0,37,17
1584503230.7393892,173.194.187.70,10.10.0.10,,,443,37473,0,1358,17
1584503230.776509,173.194.187.70,10.10.0.10,,,443,37473,0,1358,17
1584503230.778528,10.10.0.10,173.194.187.70,,,37473,443,0,37,17
1584503230.813616,173.194.187.70,10.10.0.10,,,443,37473,0,1358,17
1584503230.850734,173.194.187.70,10.10.0.10,,,443,37473,0,1358,17
1584503230.852924,10.10.0.10,173.194.187.70,,,37473,443,0,37,17
1584503230.887856,173.194.187.70,10.10.0.10,,,443,37473,0,1358,17
1584503230.924982,173.194.187.70,10.10.0.10,,,443,37473,0,1358,17
1584503230.927294,10.10.0.10,173.194.187.70,,,37473,443,0,37,17
1584503230.9620972,173.194.187.70,10.10.0.10,,,443,37473,0,1358,17
1584503230.999216,173.194.187.70,10.10.0.10,,,443,37473,0,1358,17
1584503231.0008929,10.10.0.10,173.194.187.70,,,37473,443,0,37,17
1584503231.036335,173.194.187.70,10.10.0.10,,,443,37473,0,1358,17
1584503231.0734599,173.194.187.70,10.10.0.10,,,443,37473,0,1358,17
1584503231.0757961,10.10.0.10,173.194.187.70,,,37473,443,0,37,17
1584503231.110573,173.194.187.70,10.10.0.10,,,443,37473,0,1358,17
1584503231.141667,10.10.0.10,173.194.187.70,,,37473,443,0,37,17
1584503231.147697,173.194.187.70,10.10.0.10,,,443,37473,0,1358,17
1584503231.184818,173.194.187.70,10.10.0.10,,,443,37473,0,1358,17
1584503231.187664,10.10.0.10,173.194.187.70,,,37473,443,0,37,17
1584503231.221953,173.194.187.70,10.10.0.10,,,443,37473,0,1358,17
1584503231.2590618,173.194.187.70,10.10.0.10,,,443,37473,0,1358,17
1584503231.2607868,10.10.0.10,173.194.187.70,,,37473,443,0,50,17
1584503231.296186,173.194.187.70,10.10.0.10,,,443,37473,0,1358,17
1584503231.3333108,173.194.187.70,10.10.0.10,,,443,37473,0,1358,17
1584503231.3356578,10.10.0.10,173.194.187.70,,,37473,443,0,37,17
1584503231.370414,173.194.187.70,10.10.0.10,,,443,37473,0,1358,17
1584503231.407554,173.194.187.70,10.10.0.10,,,443,37473,0,1358,17
1584503231.4091358,10.10.0.10,173.194.187.70,,,37473,443,0,37,17
1584503231.444654,173.194.187.70,10.10.0.10,,,443,37473,0,1358,17
1584503231.481776,173.194.187.70,10.10.0.10,,,443,37473,0,1358,17
1584503231.483777,10.10.0.10,173.194.187.70,,,37473,443,0,37,17
1584503231.518897,173.194.187.70,10.10.0.10,,,443,37473,0,1358,17
1584503231.556016,173.194.187.70,10.10.0.10,,,443,37473,0,1358,17
1584503231.5584018,10.10.0.10,173.194.187.70,,,37473,443,0,37,17
1584503231.5931358,173.194.187.70,10.10.0.10,,,443,37473,0,1358,17
1584503231.630256,173.194.187.70,10.10.0.10,,,443,37473,0,29,17
1584503231.6319392,173.194.187.70,10.10.0.10,,,443,37473,0,1358,17
1584503231.63197,10.10.0.10,173.194.187.70,,,37473,443,0,37,17
1584503231.6596189,10.10.0.10,173.194.187.70,,,37473,443,0,37,17
1584503231.6690571,173.194.187.70,10.10.0.10,,,443,37473,0,1358,17
1584503231.706177,173.194.187.70,10.10.0.10,,,443,37473,0,1358,17
1584503231.7077699,10.10.0.10,173.194.187.70,,,37473,443,0,37,17
1584503231.7432976,173.194.187.70,10.10.0.10,,,443,37473,0,1358,17
1584503231.780414,173.194.187.70,10.10.0.10,,,443,37473,0,1358,17
1584503231.7847538,10.10.0.10,173.194.187.70,,,37473,443,0,37,17
1584503231.8175464,173.194.187.70,10.10.0.10,,,443,37473,0,1358,17
1584503231.8546689,173.194.187.70,10.10.0.10,,,443,37473,0,1358,17
1584503231.856128,10.10.0.10,173.194.187.70,,,37473,443,0,37,17
1584503231.891777,173.194.187.70,10.10.0.10,,,443,37473,0,1358,17
1584503231.9289172,173.194.187.70,10.10.0.10,,,443,37473,0,1358,17
1584503231.9312658,10.10.0.10,173.194.187.70,,,37473,443,0,37,17
1584503231.966016,173.194.187.70,10.10.0.10,,,443,37473,0,1358,17
1584503232.0031376,173.194.187.70,10.10.0.10,,,443,37473,0,1358,17
1584503232.0064616,10.10.0.10,173.194.187.70,,,37473,443,0,37,17
1584503232.040257,173.194.187.70,10.10.0.10,,,443,37473,0,1358,17
1584503232.077382,173.194.187.70,10.10.0.10,,,443,37473,0,1358,17
1584503232.079969,10.10.0.10,173.194.187.70,,,37473,443,0,37,17
1584503232.1144989,173.194.187.70,10.10.0.10,,,443,37473,0,1358,17
1584503232.151616,173.194.187.70,10.10.0.10,,,443,37473,0,1358,17
1584503232.153111,10.10.0.10,173.194.187.70,,,37473,443,0,37,17
1584503232.1887321,173.194.187.70,10.10.0.10,,,443,37473,0,1358,17
1584503232.225857,173.194.187.70,10.10.0.10,,,443,37473,0,1358,17
1584503232.2279718,10.10.0.10,173.194.187.70,,,37473,443,0,37,17
1584503232.262974,173.194.187.70,10.10.0.10,,,443,37473,0,1358,17
1584503232.3000948,173.194.187.70,10.10.0.10,,,443,37473,0,1358,17
1584503232.315133,10.10.0.10,173.194.187.70,,,37473,443,0,37,17
1584503232.3372188,173.194.187.70,10.10.0.10,,,443,37473,0,1358,17
1584503232.3743398,173.194.187.70,10.10.0.10,,,443,37473,0,1358,17
1584503232.3767538,10.10.0.10,173.194.187.70,,,37473,443,0,37,17
1584503232.411464,173.194.187.70,10.10.0.10,,,443,37473,0,1358,17
1584503232.4485881,173.194.187.70,10.10.0.10,,,443,37473,0,1358,17
1584503232.4503558,10.10.0.10,173.194.187.70,,,37473,443,0,37,17
1584503232.485714,173.194.187.70,10.10.0.10,,,443,37473,0,1358,17
1584503232.5228179,173.194.187.70,10.10.0.10,,,443,37473,0,1358,17
1584503232.524749,10.10.0.10,173.194.187.70,,,37473,443,0,37,17
1584503232.559937,173.194.187.70,10.10.0.10,,,443,37473,0,1358,17
1584503232.5970552,173.194.187.70,10.10.0.10,,,443,37473,0,1358,17
1584503232.5988731,10.10.0.10,173.194.187.70,,,37473,443,0,37,17
1584503232.634177,173.194.187.70,10.10.0.10,,,443,37473,0,1358,17
1584503232.671295,173.194.187.70,10.10.0.10,,,443,37473,0,1358,17
1584503232.6730974,10.10.0.10,173.194.187.70,,,37473,443,0,50,17
1584503232.708416,173.194.187.70,10.10.0.10,,,443,37473,0,1358,17
1584503232.7455342,173.194.187.70,10.10.0.10,,,443,37473,0,1358,17
1584503232.7471151,10.10.0.10,173.194.187.70,,,37473,443,0,37,17
1584503232.782655,173.194.187.70,10.10.0.10,,,443,37473,0,1358,17
1584503232.8152132,10.10.0.10,173.194.187.70,,,37473,443,0,37,17
1584503232.819775,173.194.187.70,10.10.0.10,,,443,37473,0,1358,17
1584503232.852862,10.10.0.10,173.194.187.70,,,37473,443,0,37,17
1584503232.8568964,173.194.187.70,10.10.0.10,,,443,37473,0,1358,17
1584503232.894019,173.194.187.70,10.10.0.10,,,443,37473,0,1358,17
1584503232.8959858,10.10.0.10,173.194.187.70,,,37473,443,0,37,17
1584503232.931133,173.194.187.70,10.10.0.10,,,443,37473,0,1358,17
1584503232.9682524,173.194.187.70,10.10.0.10,,,443,37473,0,1358,17
1584503232.9703422,10.10.0.10,173.194.187.70,,,37473,443,0,37,17
1584503233.0053742,173.194.187.70,10.10.0.10,,,443,37473,0,1358,17
1584503233.0424972,173.194.187.70,10.10.0.10,,,443,37473,0,29,17
1584503233.0441742,173.194.187.70,10.10.0.10,,,443,37473,0,1358,17
1584503233.044208,10.10.0.10,173.194.187.70,,,37473,443,0,37,17
1584503233.0812972,173.194.187.70,10.10.0.10,,,443,37473,0,1358,17
1584503233.082958,10.10.0.10,173.194.187.70,,,37473,443,0,37,17
1584503233.118418,173.194.187.70,10.10.0.10,,,443,37473,0,1358,17
1584503233.155537,173.194.187.70,10.10.0.10,,,443,37473,0,1358,17
1584503233.157465,10.10.0.10,173.194.187.70,,,37473,443,0,37,17
1584503233.192656,173.194.187.70,10.10.0.10,,,443,37473,0,1358,17
1584503233.2297769,173.194.187.70,10.10.0.10,,,443,37473,0,1358,17
1584503233.231456,10.10.0.10,173.194.187.70,,,37473,443,0,37,17
1584503233.266896,173.194.187.70,10.10.0.10,,,443,37473,0,1358,17
1584503233.3040106,173.194.187.70,10.10.0.10,,,443,37473,0,1358,17
1584503233.3065991,10.10.0.10,173.194.187.70,,,37473,443,0,37,17
1584503233.3411398,173.194.187.70,10.10.0.10,,,443,37473,0,1358,17
1584503233.3782554,173.194.187.70,10.10.0.10,,,443,37473,0,1358,17
1584503233.379953,10.10.0.10,173.194.187.70,,,37473,443,0,37,17
1584503233.4153812,173.194.187.70,10.10.0.10,,,443,37473,0,1358,17
1584503233.452502,173.194.187.70,10.10.0.10,,,443,37473,0,1358,17
1584503233.454345,10.10.0.10,173.194.187.70,,,37473,443,0,37,17
1584503233.489622,173.194.187.70,10.10.0.10,,,443,37473,0,1358,17
1584503233.522825,10.10.0.10,173.194.187.70,,,37473,443,0,37,17
1584503233.5267482,173.194.187.70,10.10.0.10,,,443,37473,0,1358,17
1584503233.5638692,173.194.187.70,10.10.0.10,,,443,37473,0,1358,17
1584503233.5925722,10.10.0.10,173.194.187.70,,,37473,443,0,37,17
1584503233.600991,173.194.187.70,10.10.0.10,,,443,37473,0,1358,17
1584503233.638115,173.194.187.70,10.10.0.10,,,443,37473,0,1358,17
1584503233.639966,10.10.0.10,173.194.187.70,,,37473,443,0,37,17
1584503233.675215,173.194.187.70,10.10.0.10,,,443,37473,0,1358,17
1584503233.7123349,173.194.187.70,10.10.0.10,,,443,37473,0,1358,17
1584503233.7145689,10.10.0.10,173.194.187.70,,,37473,443,0,37,17
1584503233.749455,173.194.187.70,10.10.0.10,,,443,37473,0,1358,17
1584503233.786575,173.194.187.70,10.10.0.10,,,443,37473,0,1358,17
1584503233.789088,10.10.0.10,173.194.187.70,,,37473,443,0,37,17
1584503233.823695,173.194.187.70,10.10.0.10,,,443,37473,0,1358,17
1584503233.860811,173.194.187.70,10.10.0.10,,,443,37473,0,1358,17
1584503233.862688,10.10.0.10,173.194.187.70,,,37473,443,0,37,17
1584503233.8979352,173.194.187.70,10.10.0.10,,,443,37473,0,1358,17
1584503233.9350538,173.194.187.70,10.10.0.10,,,443,37473,0,1358,17
1584503233.937286,10.10.0.10,173.194.187.70,,,37473,443,0,37,17
1584503233.9721732,173.194.187.70,10.10.0.10,,,443,37473,0,1358,17
1584503234.0092974,173.194.187.70,10.10.0.10,,,443,37473,0,1358,17
1584503234.011399,10.10.0.10,173.194.187.70,,,37473,443,0,50,17
1584503234.046417,173.194.187.70,10.10.0.10,,,443,37473,0,1358,17
1584503234.083534,173.194.187.70,10.10.0.10,,,443,37473,0,1358,17
1584503234.086186,10.10.0.10,173.194.187.70,,,37473,443,0,37,17
1584503234.120665,173.194.187.70,10.10.0.10,,,443,37473,0,1358,17
1584503234.157773,173.194.187.70,10.10.0.10,,,443,37473,0,1358,17
1584503234.159431,10.10.0.10,173.194.187.70,,,37473,443,0,37,17
1584503234.194911,173.194.187.70,10.10.0.10,,,443,37473,0,1358,17
1584503234.2320151,173.194.187.70,10.10.0.10,,,443,37473,0,1358,17
1584503234.233682,10.10.0.10,173.194.187.70,,,37473,443,0,37,17
1584503234.269136,173.194.187.70,10.10.0.10,,,443,37473,0,1358,17
1584503234.282825,10.10.0.10,173.194.187.70,,,37473,443,0,736,17
1584503234.282852,10.10.0.10,173.194.187.70,,,37473,443,0,48,17
1584503234.306256,173.194.187.70,10.10.0.10,,,443,37473,0,1358,17
1584503234.3433778,173.194.187.70,10.10.0.10,,,443,37473,0,1358,17
1584503234.346551,10.10.0.10,173.194.187.70,,,37473,443,0,37,17
1584503234.3804948,173.194.187.70,10.10.0.10,,,443,37473,0,29,17
1584503234.382175,173.194.187.70,10.10.0.10,,,443,37473,0,1358,17
1584503234.419296,173.194.187.70,10.10.0.10,,,443,37473,0,1358,17
1584503234.4209216,10.10.0.10,173.194.187.70,,,37473,443,0,37,17
1584503234.4564116,173.194.187.70,10.10.0.10,,,443,37473,0,1358,17
1584503234.492193,10.10.0.10,173.194.187.70,,,37473,443,0,37,17
1584503234.493535,173.194.187.70,10.10.0.10,,,443,37473,0,1358,17
1584503234.530656,173.194.187.70,10.10.0.10,,,443,37473,0,1358,17
1584503234.53242,10.10.0.10,173.194.187.70,,,37473,443,0,37,17
1584503234.567776,173.194.187.70,10.10.0.10,,,443,37473,0,1358,17
1584503234.596167,10.10.0.10,173.194.187.70,,,37473,443,0,37,17
1584503234.6049,173.194.187.70,10.10.0.10,,,443,37473,0,1358,17
1584503234.642025,173.194.187.70,10.10.0.10,,,443,37473,0,1358,17
1584503234.643543,10.10.0.10,173.194.187.70,,,37473,443,0,37,17
1584503234.6791332,173.194.187.70,10.10.0.10,,,443,37473,0,29,17
1584503234.6808348,173.194.187.70,10.10.0.10,,,443,37473,0,1358,17
1584503234.717934,173.194.187.70,10.10.0.10,,,443,37473,0,1358,17
1584503234.719914,10.10.0.10,173.194.187.70,,,37473,443,0,37,17
1584503234.7550561,173.194.187.70,10.10.0.10,,,443,37473,0,1358,17
1584503234.792178,173.194.187.70,10.10.0.10,,,443,37473,0,1358,17
1584503234.7947962,10.10.0.10,173.194.187.70,,,37473,443,0,37,17
1584503234.829294,173.194.187.70,10.10.0.10,,,443,37473,0,1358,17
1584503234.866414,173.194.187.70,10.10.0.10,,,443,37473,0,1358,17
1584503234.8689132,10.10.0.10,173.194.187.70,,,37473,443,0,37,17
1584503234.9035358,173.194.187.70,10.10.0.10,,,443,37473,0,1358,17
1584503234.9406571,173.194.187.70,10.10.0.10,,,443,37473,0,1358,17
1584503234.951002,10.10.0.10,173.194.187.70,,,37473,443,0,37,17
1584503234.977776,173.194.187.70,10.10.0.10,,,443,37473,0,1358,17
1584503235.0039332,10.10.0.10,173.194.187.70,,,37473,443,0,754,17
1584503235.00397,10.10.0.10,173.194.187.70,,,37473,443,0,48,17
1584503235.0148995,173.194.187.70,10.10.0.10,,,443,37473,0,1358,17
1584503235.0520134,173.194.187.70,10.10.0.10,,,443,37473,0,1358,17
1584503235.053658,10.10.0.10,173.194.187.70,,,37473,443,0,37,17
1584503235.089136,173.194.187.70,10.10.0.10,,,443,37473,0,1358,17
1584503235.1262536,173.194.187.70,10.10.0.10,,,443,37473,0,1358,17
1584503235.1280036,10.10.0.10,173.194.187.70,,,37473,443,0,37,17
1584503235.163384,173.194.187.70,10.10.0.10,,,443,37473,0,1358,17
1584503235.200492,173.194.187.70,10.10.0.10,,,443,37473,0,1358,17
1584503235.2032962,10.10.0.10,173.194.187.70,,,37473,443,0,37,17
1584503235.237632,173.194.187.70,10.10.0.10,,,443,37473,0,1358,17
1584503235.2747571,173.194.187.70,10.10.0.10,,,443,37473,0,1358,17
1584503235.277272,10.10.0.10,173.194.187.70,,,37473,443,0,37,17
1584503235.311856,173.194.187.70,10.10.0.10,,,443,37473,0,1358,17
1584503235.348976,173.194.187.70,10.10.0.10,,,443,37473,0,29,17
1584503235.350271,10.10.0.10,173.194.187.70,,,37473,443,0,37,17
1584503235.3506525,173.194.187.70,10.10.0.10,,,443,37473,0,1358,17
1584503235.387774,173.194.187.70,10.10.0.10,,,443,37473,0,1358,17
1584503235.389402,10.10.0.10,173.194.187.70,,,37473,443,0,37,17
1584503235.4248948,173.194.187.70,10.10.0.10,,,443,37473,0,1358,17
1584503235.462016,173.194.187.70,10.10.0.10,,,443,37473,0,1358,17
1584503235.4636614,10.10.0.10,173.194.187.70,,,37473,443,0,37,17
1584503235.499135,173.194.187.70,10.10.0.10,,,443,37473,0,1358,17
1584503235.536256,173.194.187.70,10.10.0.10,,,443,37473,0,1358,17
1584503235.537792,10.10.0.10,173.194.187.70,,,37473,443,0,37,17
1584503235.573377,173.194.187.70,10.10.0.10,,,443,37473,0,1358,17
1584503235.610496,173.194.187.70,10.10.0.10,,,443,37473,0,1358,17
1584503235.612136,10.10.0.10,173.194.187.70,,,37473,443,0,37,17
1584503235.6476195,173.194.187.70,10.10.0.10,,,443,37473,0,1358,17
1584503235.684744,173.194.187.70,10.10.0.10,,,443,37473,0,1358,17
1584503235.6882696,10.10.0.10,173.194.187.70,,,37473,443,0,37,17
1584503235.7218692,173.194.187.70,10.10.0.10,,,443,37473,0,1358,17
1584503235.7521565,10.10.0.10,173.194.187.70,,,37473,443,0,37,17
1584503235.758993,173.194.187.70,10.10.0.10,,,443,37473,0,1358,17
1584503235.7960956,173.194.187.70,10.10.0.10,,,443,37473,0,1358,17
1584503235.7977798,10.10.0.10,173.194.187.70,,,37473,443,0,37,17
1584503235.833216,173.194.187.70,10.10.0.10,,,443,37473,0,1358,17
1584503235.8703349,173.194.187.70,10.10.0.10,,,443,37473,0,1358,17
1584503235.8732774,10.10.0.10,173.194.187.70,,,37473,443,0,37,17
1584503235.907454,173.194.187.70,10.10.0.10,,,443,37473,0,1358,17
1584503235.944574,173.194.187.70,10.10.0.10,,,443,37473,0,1358,17
1584503235.946023,10.10.0.10,173.194.187.70,,,37473,443,0,37,17
1584503235.981695,173.194.187.70,10.10.0.10,,,443,37473,0,1358,17
1584503236.0188134,173.194.187.70,10.10.0.10,,,443,37473,0,1358,17
1584503236.020982,10.10.0.10,173.194.187.70,,,37473,443,0,37,17
1584503236.055938,173.194.187.70,10.10.0.10,,,443,37473,0,1358,17
1584503236.093052,173.194.187.70,10.10.0.10,,,443,37473,0,1358,17
1584503236.09463,10.10.0.10,173.194.187.70,,,37473,443,0,37,17
1584503236.130177,173.194.187.70,10.10.0.10,,,443,37473,0,1358,17
1584503236.167295,173.194.187.70,10.10.0.10,,,443,37473,0,1358,17
1584503236.16959,10.10.0.10,173.194.187.70,,,37473,443,0,37,17
1584503236.2044122,173.194.187.70,10.10.0.10,,,443,37473,0,1358,17
1584503236.241544,173.194.187.70,10.10.0.10,,,443,37473,0,1358,17
1584503236.243744,10.10.0.10,173.194.187.70,,,37473,443,0,37,17
1584503236.2786682,173.194.187.70,10.10.0.10,,,443,37473,0,1358,17
1584503236.3157902,173.194.187.70,10.10.0.10,,,443,37473,0,1358,17
1584503236.3185134,10.10.0.10,173.194.187.70,,,37473,443,0,37,17
1584503236.352914,173.194.187.70,10.10.0.10,,,443,37473,0,1358,17
1584503236.390035,173.194.187.70,10.10.0.10,,,443,37473,0,1358,17
1584503236.39149,10.10.0.10,173.194.187.70,,,37473,443,0,50,17
1584503236.42716,173.194.187.70,10.10.0.10,,,443,37473,0,1358,17
1584503236.4642699,173.194.187.70,10.10.0.10,,,443,37473,0,1358,17
1584503236.465993,10.10.0.10,173.194.187.70,,,37473,443,0,37,17
1584503236.501375,173.194.187.70,10.10.0.10,,,443,37473,0,1358,17
1584503236.538497,173.194.187.70,10.10.0.10,,,443,37473,0,1358,17
1584503236.5401368,10.10.0.10,173.194.187.70,,,37473,443,0,37,17
1584503236.575615,173.194.187.70,10.10.0.10,,,443,37473,0,1358,17
1584503236.612736,173.194.187.70,10.10.0.10,,,443,37473,0,1358,17
1584503236.614351,10.10.0.10,173.194.187.70,,,37473,443,0,37,17
1584503236.649856,173.194.187.70,10.10.0.10,,,443,37473,0,1358,17
1584503236.6869779,173.194.187.70,10.10.0.10,,,443,37473,0,1358,17
1584503236.689504,10.10.0.10,173.194.187.70,,,37473,443,0,37,17
1584503236.724097,173.194.187.70,10.10.0.10,,,443,37473,0,1358,17
1584503236.761216,173.194.187.70,10.10.0.10,,,443,37473,0,29,17
1584503236.762902,173.194.187.70,10.10.0.10,,,443,37473,0,1358,17
1584503236.7634988,10.10.0.10,173.194.187.70,,,37473,443,0,37,17
1584503236.800011,173.194.187.70,10.10.0.10,,,443,37473,0,1358,17
1584503236.801872,10.10.0.10,173.194.187.70,,,37473,443,0,37,17
1584503236.837152,173.194.187.70,10.10.0.10,,,443,37473,0,1358,17
1584503236.874272,173.194.187.70,10.10.0.10,,,443,37473,0,1358,17
1584503236.876121,10.10.0.10,173.194.187.70,,,37473,443,0,37,17
1584503236.911394,173.194.187.70,10.10.0.10,,,443,37473,0,1358,17
1584503236.948493,173.194.187.70,10.10.0.10,,,443,37473,0,1358,17
1584503236.950979,10.10.0.10,173.194.187.70,,,37473,443,0,37,17
1584503236.9856212,173.194.187.70,10.10.0.10,,,443,37473,0,1358,17
1584503237.0227392,173.194.187.70,10.10.0.10,,,443,37473,0,1358,17
1584503237.025598,10.10.0.10,173.194.187.70,,,37473,443,0,37,17
1584503237.0598588,173.194.187.70,10.10.0.10,,,443,37473,0,1358,17
1584503237.096977,173.194.187.70,10.10.0.10,,,443,37473,0,1358,17
1584503237.1005788,10.10.0.10,173.194.187.70,,,37473,443,0,37,17
1584503237.134093,173.194.187.70,10.10.0.10,,,443,37473,0,1358,17
1584503237.171216,173.194.187.70,10.10.0.10,,,443,37473,0,1358,17
1584503237.1726801,10.10.0.10,173.194.187.70,,,37473,443,0,37,17
1584503237.2083304,173.194.187.70,10.10.0.10,,,443,37473,0,1358,17
1584503237.245456,173.194.187.70,10.10.0.10,,,443,37473,0,1358,17
1584503237.2469628,10.10.0.10,173.194.187.70,,,37473,443,0,37,17
1584503237.282578,173.194.187.70,10.10.0.10,,,443,37473,0,1358,17
1584503237.3196962,173.194.187.70,10.10.0.10,,,443,37473,0,1358,17
1584503237.32608,10.10.0.10,173.194.187.70,,,37473,443,0,37,17
1584503237.3568099,173.194.187.70,10.10.0.10,,,443,37473,0,1358,17
1584503237.393944,173.194.187.70,10.10.0.10,,,443,37473,0,1358,17
1584503237.3959868,10.10.0.10,173.194.187.70,,,37473,443,0,37,17
1584503237.431066,173.194.187.70,10.10.0.10,,,443,37473,0,1358,17
1584503237.468193,173.194.187.70,10.10.0.10,,,443,37473,0,1358,17
1584503237.469861,10.10.0.10,173.194.187.70,,,37473,443,0,37,17
1584503237.5052972,173.194.187.70,10.10.0.10,,,443,37473,0,1358,17
1584503237.546881,173.194.187.70,10.10.0.10,,,443,37473,0,1358,17
1584503237.5488534,10.10.0.10,173.194.187.70,,,37473,443,0,37,17
1584503237.584,173.194.187.70,10.10.0.10,,,443,37473,0,1358,17
1584503237.6211238,173.194.187.70,10.10.0.10,,,443,37473,0,1358,17
1584503237.6230788,10.10.0.10,173.194.187.70,,,37473,443,0,37,17
1584503237.658248,173.194.187.70,10.10.0.10,,,443,37473,0,1358,17
1584503237.6953466,173.194.187.70,10.10.0.10,,,443,37473,0,1358,17
1584503237.6977036,10.10.0.10,173.194.187.70,,,37473,443,0,37,17
1584503237.7324688,173.194.187.70,10.10.0.10,,,443,37473,0,1358,17
1584503237.7695901,173.194.187.70,10.10.0.10,,,443,37473,0,1358,17
1584503237.772701,10.10.0.10,173.194.187.70,,,37473,443,0,37,17
1584503237.811162,173.194.187.70,10.10.0.10,,,443,37473,0,1358,17
1584503237.8482828,173.194.187.70,10.10.0.10,,,443,37473,0,1358,17
1584503237.85009,10.10.0.10,173.194.187.70,,,37473,443,0,50,17
1584503237.8854039,173.194.187.70,10.10.0.10,,,443,37473,0,1358,17
1584503237.9225225,173.194.187.70,10.10.0.10,,,443,37473,0,1358,17
1584503237.9247162,10.10.0.10,173.194.187.70,,,37473,443,0,37,17
1584503237.959641,173.194.187.70,10.10.0.10,,,443,37473,0,1358,17
1584503237.996767,173.194.187.70,10.10.0.10,,,443,37473,0,1358,17
1584503237.9982948,10.10.0.10,173.194.187.70,,,37473,443,0,37,17
1584503238.033884,173.194.187.70,10.10.0.10,,,443,37473,0,1358,17
1584503238.071001,173.194.187.70,10.10.0.10,,,443,37473,0,29,17
1584503238.0726779,173.194.187.70,10.10.0.10,,,443,37473,0,1358,17
1584503238.07409,10.10.0.10,173.194.187.70,,,37473,443,0,37,17
1584503238.109809,173.194.187.70,10.10.0.10,,,443,37473,0,1358,17
1584503238.111569,10.10.0.10,173.194.187.70,,,37473,443,0,37,17
1584503238.151376,173.194.187.70,10.10.0.10,,,443,37473,0,1358,17
1584503238.188496,173.194.187.70,10.10.0.10,,,443,37473,0,1358,17
1584503238.1906722,10.10.0.10,173.194.187.70,,,37473,443,0,37,17
1584503238.225614,173.194.187.70,10.10.0.10,,,443,37473,0,1358,17
1584503238.262726,173.194.187.70,10.10.0.10,,,443,37473,0,1358,17
1584503238.264266,10.10.0.10,173.194.187.70,,,37473,443,0,37,17
1584503238.2998571,173.194.187.70,10.10.0.10,,,443,37473,0,1358,17
1584503238.336982,173.194.187.70,10.10.0.10,,,443,37473,0,1358,17
1584503238.339183,10.10.0.10,173.194.187.70,,,37473,443,0,37,17
1584503238.3740866,173.194.187.70,10.10.0.10,,,443,37473,0,1358,17
1584503238.4112108,173.194.187.70,10.10.0.10,,,443,37473,0,1358,17
1584503238.412959,10.10.0.10,173.194.187.70,,,37473,443,0,37,17
1584503238.4483502,173.194.187.70,10.10.0.10,,,443,37473,0,1358,17
1584503238.484025,10.10.0.10,173.194.187.70,,,37473,443,0,37,17
1584503238.4854527,173.194.187.70,10.10.0.10,,,443,37473,0,1358,17
1584503238.522566,173.194.187.70,10.10.0.10,,,443,37473,0,1358,17
1584503238.5243812,10.10.0.10,173.194.187.70,,,37473,443,0,37,17
1584503238.5596929,173.194.187.70,10.10.0.10,,,443,37473,0,1358,17
1584503238.596816,173.194.187.70,10.10.0.10,,,443,37473,0,1358,17
1584503238.59895,10.10.0.10,173.194.187.70,,,37473,443,0,37,17
1584503238.633935,173.194.187.70,10.10.0.10,,,443,37473,0,1358,17
1584503238.6356778,10.10.0.10,173.194.187.70,,,37473,443,0,37,17
1584503238.671054,173.194.187.70,10.10.0.10,,,443,37473,0,1358,17
1584503238.7081778,173.194.187.70,10.10.0.10,,,443,37473,0,1358,17
1584503238.709817,10.10.0.10,173.194.187.70,,,37473,443,0,37,17
1584503238.7452989,173.194.187.70,10.10.0.10,,,443,37473,0,1358,17
1584503238.7824152,173.194.187.70,10.10.0.10,,,443,37473,0,1358,17
1584503238.784817,10.10.0.10,173.194.187.70,,,37473,443,0,37,17
1584503238.819536,173.194.187.70,10.10.0.10,,,443,37473,0,1358,17
1584503238.856659,173.194.187.70,10.10.0.10,,,443,37473,0,1358,17
1584503238.8584428,10.10.0.10,173.194.187.70,,,37473,443,0,37,17
1584503238.893777,173.194.187.70,10.10.0.10,,,443,37473,0,1358,17
1584503238.9309,173.194.187.70,10.10.0.10,,,443,37473,0,1358,17
1584503238.933166,10.10.0.10,173.194.187.70,,,37473,443,0,37,17
1584503238.968013,173.194.187.70,10.10.0.10,,,443,37473,0,1358,17
1584503239.005147,173.194.187.70,10.10.0.10,,,443,37473,0,1358,17
1584503239.007408,10.10.0.10,173.194.187.70,,,37473,443,0,37,17
1584503239.042275,173.194.187.70,10.10.0.10,,,443,37473,0,1358,17
1584503239.079377,173.194.187.70,10.10.0.10,,,443,37473,0,1358,17
1584503239.080908,10.10.0.10,173.194.187.70,,,37473,443,0,37,17
1584503239.116503,173.194.187.70,10.10.0.10,,,443,37473,0,1358,17
1584503239.153615,173.194.187.70,10.10.0.10,,,443,37473,0,1358,17
1584503239.156538,10.10.0.10,173.194.187.70,,,37473,443,0,37,17
1584503239.190737,173.194.187.70,10.10.0.10,,,443,37473,0,1358,17
1584503239.2278562,173.194.187.70,10.10.0.10,,,443,37473,0,1358,17
1584503239.229552,10.10.0.10,173.194.187.70,,,37473,443,0,50,17
1584503239.264974,173.194.187.70,10.10.0.10,,,443,37473,0,1358,17
1584503239.302095,173.194.187.70,10.10.0.10,,,443,37473,0,1358,17
1584503239.3038,10.10.0.10,173.194.187.70,,,37473,443,0,37,17
1584503239.339215,173.194.187.70,10.10.0.10,,,443,37473,0,1358,17
1584503239.3763304,173.194.187.70,10.10.0.10,,,443,37473,0,1358,17
1584503239.3802972,10.10.0.10,173.194.187.70,,,37473,443,0,37,17
1584503239.41345,173.194.187.70,10.10.0.10,,,443,37473,0,1358,17
1584503239.450575,173.194.187.70,10.10.0.10,,,443,37473,0,29,17
1584503239.451927,10.10.0.10,173.194.187.70,,,37473,443,0,37,17
1584503239.452252,173.194.187.70,10.10.0.10,,,443,37473,0,1358,17
1584503239.489384,173.194.187.70,10.10.0.10,,,443,37473,0,1358,17
1584503239.4911716,10.10.0.10,173.194.187.70,,,37473,443,0,37,17
1584503239.526508,173.194.187.70,10.10.0.10,,,443,37473,0,1358,17
1584503239.563631,173.194.187.70,10.10.0.10,,,443,37473,0,1358,17
1584503239.566273,10.10.0.10,173.194.187.70,,,37473,443,0,37,17
1584503239.600734,173.194.187.70,10.10.0.10,,,443,37473,0,1358,17
1584503239.637857,173.194.187.70,10.10.0.10,,,443,37473,0,1358,17
1584503239.641294,10.10.0.10,173.194.187.70,,,37473,443,0,37,17
1584503239.6749759,173.194.187.70,10.10.0.10,,,443,37473,0,1358,17
1584503239.712096,173.194.187.70,10.10.0.10,,,443,37473,0,1358,17
1584503239.7137866,10.10.0.10,173.194.187.70,,,37473,443,0,37,17
1584503239.749217,173.194.187.70,10.10.0.10,,,443,37473,0,1358,17
1584503239.786334,173.194.187.70,10.10.0.10,,,443,37473,0,1358,17
1584503239.789161,10.10.0.10,173.194.187.70,,,37473,443,0,37,17
1584503239.823456,173.194.187.70,10.10.0.10,,,443,37473,0,1358,17
1584503239.860575,173.194.187.70,10.10.0.10,,,443,37473,0,1358,17
1584503239.8621652,10.10.0.10,173.194.187.70,,,37473,443,0,37,17
1584503239.8976982,173.194.187.70,10.10.0.10,,,443,37473,0,1358,17
1584503239.9348118,173.194.187.70,10.10.0.10,,,443,37473,0,1358,17
1584503239.9368944,10.10.0.10,173.194.187.70,,,37473,443,0,37,17
1584503239.971936,173.194.187.70,10.10.0.10,,,443,37473,0,1358,17
1584503240.0090532,173.194.187.70,10.10.0.10,,,443,37473,0,1358,17
1584503240.010737,10.10.0.10,173.194.187.70,,,37473,443,0,37,17
1584503240.046183,173.194.187.70,10.10.0.10,,,443,37473,0,1358,17
1584503240.0832908,173.194.187.70,10.10.0.10,,,443,37473,0,1358,17
1584503240.085905,10.10.0.10,173.194.187.70,,,37473,443,0,37,17
1584503240.120413,173.194.187.70,10.10.0.10,,,443,37473,0,1358,17
1584503240.1575491,173.194.187.70,10.10.0.10,,,443,37473,0,1358,17
1584503240.159257,10.10.0.10,173.194.187.70,,,37473,443,0,37,17
1584503240.194674,173.194.187.70,10.10.0.10,,,443,37473,0,1358,17
1584503240.2249012,10.10.0.10,173.194.187.70,,,37473,443,0,37,17
1584503240.231775,173.194.187.70,10.10.0.10,,,443,37473,0,1358,17
1584503240.268902,173.194.187.70,10.10.0.10,,,443,37473,0,1358,17
1584503240.2707741,10.10.0.10,173.194.187.70,,,37473,443,0,37,17
1584503240.306017,173.194.187.70,10.10.0.10,,,443,37473,0,1358,17
1584503240.3431358,173.194.187.70,10.10.0.10,,,443,37473,0,1358,17
1584503240.344616,10.10.0.10,173.194.187.70,,,37473,443,0,37,17
1584503240.3802571,173.194.187.70,10.10.0.10,,,443,37473,0,1358,17
1584503240.41738,173.194.187.70,10.10.0.10,,,443,37473,0,1358,17
1584503240.4193714,10.10.0.10,173.194.187.70,,,37473,443,0,37,17
1584503240.454495,173.194.187.70,10.10.0.10,,,443,37473,0,1358,17
1584503240.483247,10.10.0.10,173.194.187.70,,,37473,443,0,37,17
1584503240.491616,173.194.187.70,10.10.0.10,,,443,37473,0,1358,17
1584503240.528735,173.194.187.70,10.10.0.10,,,443,37473,0,1358,17
1584503240.530515,10.10.0.10,173.194.187.70,,,37473,443,0,37,17
1584503240.565857,173.194.187.70,10.10.0.10,,,443,37473,0,1358,17
1584503240.6029751,173.194.187.70,10.10.0.10,,,443,37473,0,1358,17
1584503240.6068678,10.10.0.10,173.194.187.70,,,37473,443,0,50,17
1584503240.6401012,173.194.187.70,10.10.0.10,,,443,37473,0,1358,17
1584503240.6772249,173.194.187.70,10.10.0.10,,,443,37473,0,1358,17
1584503240.6789901,10.10.0.10,173.194.187.70,,,37473,443,0,37,17
1584503240.7143462,173.194.187.70,10.10.0.10,,,443,37473,0,1358,17
1584503240.751471,173.194.187.70,10.10.0.10,,,443,37473,0,1358,17
1584503240.753114,10.10.0.10,173.194.187.70,,,37473,443,0,37,17
1584503240.788575,173.194.187.70,10.10.0.10,,,443,37473,0,1358,17
1584503240.825696,173.194.187.70,10.10.0.10,,,443,37473,0,29,17
1584503240.826979,10.10.0.10,173.194.187.70,,,37473,443,0,37,17
1584503240.827372,173.194.187.70,10.10.0.10,,,443,37473,0,1358,17
1584503240.864495,173.194.187.70,10.10.0.10,,,443,37473,0,1358,17
1584503240.866241,10.10.0.10,173.194.187.70,,,37473,443,0,37,17
1584503240.9016151,173.194.187.70,10.10.0.10,,,443,37473,0,1358,17
1584503240.938734,173.194.187.70,10.10.0.10,,,443,37473,0,1358,17
1584503240.9422338,10.10.0.10,173.194.187.70,,,37473,443,0,37,17
1584503240.975856,173.194.187.70,10.10.0.10,,,443,37473,0,1358,17
1584503241.012974,173.194.187.70,10.10.0.10,,,443,37473,0,1358,17
1584503241.014472,10.10.0.10,173.194.187.70,,,37473,443,0,37,17
1584503241.050094,173.194.187.70,10.10.0.10,,,443,37473,0,1358,17
1584503241.087209,173.194.187.70,10.10.0.10,,,443,37473,0,1358,17
1584503241.089313,10.10.0.10,173.194.187.70,,,37473,443,0,37,17
1584503241.124334,173.194.187.70,10.10.0.10,,,443,37473,0,1358,17
1584503241.1614606,173.194.187.70,10.10.0.10,,,443,37473,0,1358,17
1584503241.1629858,10.10.0.10,173.194.187.70,,,37473,443,0,37,17
1584503241.198585,173.194.187.70,10.10.0.10,,,443,37473,0,1358,17
1584503241.2357068,173.194.187.70,10.10.0.10,,,443,37473,0,1358,17
1584503241.237352,10.10.0.10,173.194.187.70,,,37473,443,0,37,17
1584503241.272831,173.194.187.70,10.10.0.10,,,443,37473,0,1358,17
1584503241.309934,173.194.187.70,10.10.0.10,,,443,37473,0,1358,17
1584503241.3117206,10.10.0.10,173.194.187.70,,,37473,443,0,37,17
1584503241.347054,173.194.187.70,10.10.0.10,,,443,37473,0,1358,17
1584503241.384175,173.194.187.70,10.10.0.10,,,443,37473,0,1358,17
1584503241.3859699,10.10.0.10,173.194.187.70,,,37473,443,0,37,17
1584503241.421304,173.194.187.70,10.10.0.10,,,443,37473,0,1358,17
1584503241.458417,173.194.187.70,10.10.0.10,,,443,37473,0,1358,17
1584503241.459841,10.10.0.10,173.194.187.70,,,37473,443,0,37,17
1584503241.4955359,173.194.187.70,10.10.0.10,,,443,37473,0,1358,17
1584503241.532656,173.194.187.70,10.10.0.10,,,443,37473,0,1358,17
1584503241.534317,10.10.0.10,173.194.187.70,,,37473,443,0,37,17
1584503241.569775,173.194.187.70,10.10.0.10,,,443,37473,0,1358,17
1584503241.606893,173.194.187.70,10.10.0.10,,,443,37473,0,1358,17
1584503241.6097422,10.10.0.10,173.194.187.70,,,37473,443,0,37,17
1584503241.644019,173.194.187.70,10.10.0.10,,,443,37473,0,1358,17
1584503241.681134,173.194.187.70,10.10.0.10,,,443,37473,0,1358,17
1584503241.6828382,10.10.0.10,173.194.187.70,,,37473,443,0,37,17
1584503241.718258,173.194.187.70,10.10.0.10,,,443,37473,0,1358,17
1584503241.755381,173.194.187.70,10.10.0.10,,,443,37473,0,1358,17
1584503241.757214,10.10.0.10,173.194.187.70,,,37473,443,0,37,17
1584503241.792507,173.194.187.70,10.10.0.10,,,443,37473,0,1358,17
1584503241.829631,173.194.187.70,10.10.0.10,,,443,37473,0,1358,17
1584503241.832216,10.10.0.10,173.194.187.70,,,37473,443,0,37,17
1584503241.866752,173.194.187.70,10.10.0.10,,,443,37473,0,1358,17
1584503241.9038749,173.194.187.70,10.10.0.10,,,443,37473,0,1358,17
1584503241.905705,10.10.0.10,173.194.187.70,,,37473,443,0,37,17
1584503241.940974,173.194.187.70,10.10.0.10,,,443,37473,0,1358,17
1584503241.9780898,173.194.187.70,10.10.0.10,,,443,37473,0,1358,17
1584503241.979815,10.10.0.10,173.194.187.70,,,37473,443,0,37,17
1584503242.015223,173.194.187.70,10.10.0.10,,,443,37473,0,1358,17
1584503242.052333,173.194.187.70,10.10.0.10,,,443,37473,0,82,17
1584503242.0554724,10.10.0.10,173.194.187.70,,,37473,443,0,50,17
1584503242.061521,173.194.187.70,10.10.0.10,,,443,37473,0,29,17
1584503242.0684712,10.10.0.10,173.194.187.70,,,37473,443,0,729,17
1584503242.06908,10.10.0.10,173.194.187.70,,,37473,443,0,48,17
1584503242.073968,173.194.187.70,10.10.0.10,,,443,37473,0,115,17
1584503242.074193,173.194.187.70,10.10.0.10,,,443,37473,0,1358,17
1584503242.076302,10.10.0.10,173.194.187.70,,,37473,443,0,37,17
1584503242.079674,10.10.0.10,173.194.187.70,,,37473,443,0,747,17
1584503242.079926,10.10.0.10,173.194.187.70,,,37473,443,0,48,17
1584503242.098202,173.194.187.70,10.10.0.10,,,443,37473,0,1358,17
1584503242.135329,173.194.187.70,10.10.0.10,,,443,37473,0,1358,17
1584503242.137973,10.10.0.10,173.194.187.70,,,37473,443,0,37,17
1584503242.172439,173.194.187.70,10.10.0.10,,,443,37473,0,1358,17
1584503242.1741798,10.10.0.10,173.194.187.70,,,37473,443,0,37,17
1584503242.2095618,173.194.187.70,10.10.0.10,,,443,37473,0,1358,17
1584503242.246682,173.194.187.70,10.10.0.10,,,443,37473,0,1358,17
1584503242.2483466,10.10.0.10,173.194.187.70,,,37473,443,0,37,17
1584503242.283803,173.194.187.70,10.10.0.10,,,443,37473,0,1358,17
1584503242.3209279,173.194.187.70,10.10.0.10,,,443,37473,0,1358,17
1584503242.3225572,10.10.0.10,173.194.187.70,,,37473,443,0,37,17
1584503242.35805,173.194.187.70,10.10.0.10,,,443,37473,0,1358,17
1584503242.395173,173.194.187.70,10.10.0.10,,,443,37473,0,29,17
1584503242.396841,173.194.187.70,10.10.0.10,,,443,37473,0,1358,17
1584503242.3969376,10.10.0.10,173.194.187.70,,,37473,443,0,37,17
1584503242.433961,173.194.187.70,10.10.0.10,,,443,37473,0,1358,17
1584503242.4356909,10.10.0.10,173.194.187.70,,,37473,443,0,37,17
1584503242.47108,173.194.187.70,10.10.0.10,,,443,37473,0,1358,17
1584503242.5082042,173.194.187.70,10.10.0.10,,,443,37473,0,1358,17
1584503242.509811,10.10.0.10,173.194.187.70,,,37473,443,0,37,17
1584503242.545326,173.194.187.70,10.10.0.10,,,443,37473,0,1358,17
1584503242.5824418,173.194.187.70,10.10.0.10,,,443,37473,0,1358,17
1584503242.584336,10.10.0.10,173.194.187.70,,,37473,443,0,37,17
1584503242.619562,173.194.187.70,10.10.0.10,,,443,37473,0,1358,17
1584503242.656682,173.194.187.70,10.10.0.10,,,443,37473,0,1358,17
1584503242.658558,10.10.0.10,173.194.187.70,,,37473,443,0,37,17
1584503242.6938019,173.194.187.70,10.10.0.10,,,443,37473,0,1358,17
1584503242.730922,173.194.187.70,10.10.0.10,,,443,37473,0,1358,17
1584503242.73268,10.10.0.10,173.194.187.70,,,37473,443,0,37,17
1584503242.7680418,173.194.187.70,10.10.0.10,,,443,37473,0,1358,17
1584503242.804199,10.10.0.10,173.194.187.70,,,37473,443,0,37,17
1584503242.805161,173.194.187.70,10.10.0.10,,,443,37473,0,1358,17
1584503242.8422852,173.194.187.70,10.10.0.10,,,443,37473,0,1358,17
1584503242.8461812,10.10.0.10,173.194.187.70,,,37473,443,0,37,17
1584503242.87941,173.194.187.70,10.10.0.10,,,443,37473,0,1358,17
1584503242.916529,173.194.187.70,10.10.0.10,,,443,37473,0,1358,17
1584503242.9181948,10.10.0.10,173.194.187.70,,,37473,443,0,37,17
1584503242.953656,173.194.187.70,10.10.0.10,,,443,37473,0,1358,17
1584503242.9907742,173.194.187.70,10.10.0.10,,,443,37473,0,1358,17
1584503242.9925554,10.10.0.10,173.194.187.70,,,37473,443,0,37,17
1584503243.0278852,173.194.187.70,10.10.0.10,,,443,37473,0,1358,17
1584503243.065,173.194.187.70,10.10.0.10,,,443,37473,0,1358,17
1584503243.0667882,10.10.0.10,173.194.187.70,,,37473,443,0,37,17
1584503243.102119,173.194.187.70,10.10.0.10,,,443,37473,0,1358,17
1584503243.1375165,10.10.0.10,173.194.187.70,,,37473,443,0,37,17
1584503243.139238,173.194.187.70,10.10.0.10,,,443,37473,0,1358,17
1584503243.176358,173.194.187.70,10.10.0.10,,,443,37473,0,1358,17
1584503243.1778939,10.10.0.10,173.194.187.70,,,37473,443,0,37,17
1584503243.2134778,173.194.187.70,10.10.0.10,,,443,37473,0,1358,17
1584503243.250602,173.194.187.70,10.10.0.10,,,443,37473,0,1358,17
1584503243.252812,10.10.0.10,173.194.187.70,,,37473,443,0,37,17
1584503243.28772,173.194.187.70,10.10.0.10,,,443,37473,0,1358,17
1584503243.324843,173.194.187.70,10.10.0.10,,,443,37473,0,1358,17
1584503243.326808,10.10.0.10,173.194.187.70,,,37473,443,0,37,17
1584503243.3619628,173.194.187.70,10.10.0.10,,,443,37473,0,1358,17
1584503243.399083,173.194.187.70,10.10.0.10,,,443,37473,0,1358,17
1584503243.4016829,10.10.0.10,173.194.187.70,,,37473,443,0,50,17
1584503243.436209,173.194.187.70,10.10.0.10,,,443,37473,0,1358,17
1584503243.469554,10.10.0.10,173.194.187.70,,,37473,443,0,37,17
1584503243.473332,173.194.187.70,10.10.0.10,,,443,37473,0,1358,17
1584503243.504678,10.10.0.10,173.194.187.70,,,37473,443,0,37,17
1584503243.5104554,173.194.187.70,10.10.0.10,,,443,37473,0,1358,17
1584503243.537679,10.10.0.10,173.194.187.70,,,37473,443,0,37,17
1584503243.5475788,173.194.187.70,10.10.0.10,,,443,37473,0,1358,17
1584503243.584701,173.194.187.70,10.10.0.10,,,443,37473,0,1358,17
1584503243.5981572,10.10.0.10,173.194.187.70,,,37473,443,0,37,17
1584503243.6218,173.194.187.70,10.10.0.10,,,443,37473,0,1358,17
1584503243.658922,173.194.187.70,10.10.0.10,,,443,37473,0,1358,17
1584503243.6609068,10.10.0.10,173.194.187.70,,,37473,443,0,37,17
1584503243.6960444,173.194.187.70,10.10.0.10,,,443,37473,0,1358,17
1584503243.733165,173.194.187.70,10.10.0.10,,,443,37473,0,1358,17
1584503243.7359078,10.10.0.10,173.194.187.70,,,37473,443,0,37,17
1584503243.770281,173.194.187.70,10.10.0.10,,,443,37473,0,1358,17
1584503243.807402,173.194.187.70,10.10.0.10,,,443,37473,0,1358,17
1584503243.8352964,10.10.0.10,173.194.187.70,,,37473,443,0,37,17
1584503243.844524,173.194.187.70,10.10.0.10,,,443,37473,0,1358,17
1584503243.8816428,173.194.187.70,10.10.0.10,,,443,37473,0,1358,17
1584503243.88492,10.10.0.10,173.194.187.70,,,37473,443,0,37,17
1584503243.918762,173.194.187.70,10.10.0.10,,,443,37473,0,1358,17
1584503243.9558818,173.194.187.70,10.10.0.10,,,443,37473,0,1358,17
1584503243.9637892,10.10.0.10,173.194.187.70,,,37473,443,0,37,17
1584503243.993001,173.194.187.70,10.10.0.10,,,443,37473,0,1358,17
1584503244.030128,173.194.187.70,10.10.0.10,,,443,37473,0,1358,17
1584503244.031791,10.10.0.10,173.194.187.70,,,37473,443,0,37,17
1584503244.067252,173.194.187.70,10.10.0.10,,,443,37473,0,1358,17
1584503244.1043582,173.194.187.70,10.10.0.10,,,443,37473,0,1358,17
1584503244.106139,10.10.0.10,173.194.187.70,,,37473,443,0,37,17
1584503244.141479,173.194.187.70,10.10.0.10,,,443,37473,0,1358,17
1584503244.178603,173.194.187.70,10.10.0.10,,,443,37473,0,1358,17
1584503244.1800964,10.10.0.10,173.194.187.70,,,37473,443,0,37,17
1584503244.2157242,173.194.187.70,10.10.0.10,,,443,37473,0,1358,17
1584503244.252841,173.194.187.70,10.10.0.10,,,443,37473,0,1358,17
1584503244.254409,10.10.0.10,173.194.187.70,,,37473,443,0,37,17
1584503244.28996,173.194.187.70,10.10.0.10,,,443,37473,0,1358,17
1584503244.327085,173.194.187.70,10.10.0.10,,,443,37473,0,1358,17
1584503244.330013,10.10.0.10,173.194.187.70,,,37473,443,0,37,17
1584503244.3641956,173.194.187.70,10.10.0.10,,,443,37473,0,1358,17
1584503244.4013212,173.194.187.70,10.10.0.10,,,443,37473,0,1358,17
1584503244.403008,10.10.0.10,173.194.187.70,,,37473,443,0,37,17
1584503244.438441,173.194.187.70,10.10.0.10,,,443,37473,0,1358,17
1584503244.4734972,10.10.0.10,173.194.187.70,,,37473,443,0,37,17
1584503244.475561,173.194.187.70,10.10.0.10,,,443,37473,0,1358,17
1584503244.512682,173.194.187.70,10.10.0.10,,,443,37473,0,1358,17
1584503244.514504,10.10.0.10,173.194.187.70,,,37473,443,0,37,17
1584503244.5498042,173.194.187.70,10.10.0.10,,,443,37473,0,1358,17
1584503244.586924,173.194.187.70,10.10.0.10,,,443,37473,0,1358,17
1584503244.589649,10.10.0.10,173.194.187.70,,,37473,443,0,37,17
1584503244.624053,173.194.187.70,10.10.0.10,,,443,37473,0,1358,17
1584503244.661174,173.194.187.70,10.10.0.10,,,443,37473,0,1358,17
1584503244.6629992,10.10.0.10,173.194.187.70,,,37473,443,0,37,17
1584503244.698296,173.194.187.70,10.10.0.10,,,443,37473,0,1358,17
1584503244.735417,173.194.187.70,10.10.0.10,,,443,37473,0,1358,17
1584503244.7375262,10.10.0.10,173.194.187.70,,,37473,443,0,50,17
1584503244.772543,173.194.187.70,10.10.0.10,,,443,37473,0,1358,17
1584503244.80964,173.194.187.70,10.10.0.10,,,443,37473,0,1358,17
1584503244.8128939,10.10.0.10,173.194.187.70,,,37473,443,0,37,17
1584503244.8467634,173.194.187.70,10.10.0.10,,,443,37473,0,1358,17
1584503244.8838859,173.194.187.70,10.10.0.10,,,443,37473,0,1358,17
1584503244.886461,10.10.0.10,173.194.187.70,,,37473,443,0,37,17
1584503244.921005,173.194.187.70,10.10.0.10,,,443,37473,0,1358,17
1584503244.9581301,173.194.187.70,10.10.0.10,,,443,37473,0,1358,17
1584503244.9602542,10.10.0.10,173.194.187.70,,,37473,443,0,37,17
1584503244.995238,173.194.187.70,10.10.0.10,,,443,37473,0,1358,17
1584503245.0323555,173.194.187.70,10.10.0.10,,,443,37473,0,1358,17
1584503245.033979,10.10.0.10,173.194.187.70,,,37473,443,0,37,17
1584503245.0694811,173.194.187.70,10.10.0.10,,,443,37473,0,1358,17
1584503245.106607,173.194.187.70,10.10.0.10,,,443,37473,0,1358,17
1584503245.1087544,10.10.0.10,173.194.187.70,,,37473,443,0,37,17
1584503245.1437242,173.194.187.70,10.10.0.10,,,443,37473,0,1358,17
1584503245.180845,173.194.187.70,10.10.0.10,,,443,37473,0,1358,17
1584503245.1827571,10.10.0.10,173.194.187.70,,,37473,443,0,37,17
1584503245.21796,173.194.187.70,10.10.0.10,,,443,37473,0,1358,17
1584503245.255091,173.194.187.70,10.10.0.10,,,443,37473,0,1358,17
1584503245.2567348,10.10.0.10,173.194.187.70,,,37473,443,0,37,17
1584503245.292216,173.194.187.70,10.10.0.10,,,443,37473,0,1358,17
1584503245.3293402,173.194.187.70,10.10.0.10,,,443,37473,0,1358,17
1584503245.330981,10.10.0.10,173.194.187.70,,,37473,443,0,37,17
1584503245.366443,173.194.187.70,10.10.0.10,,,443,37473,0,1358,17
1584503245.4035606,173.194.187.70,10.10.0.10,,,443,37473,0,1358,17
1584503245.405376,10.10.0.10,173.194.187.70,,,37473,443,0,37,17
1584503245.440681,173.194.187.70,10.10.0.10,,,443,37473,0,1358,17
1584503245.477803,173.194.187.70,10.10.0.10,,,443,37473,0,1358,17
1584503245.4801009,10.10.0.10,173.194.187.70,,,37473,443,0,37,17
1584503245.5149212,173.194.187.70,10.10.0.10,,,443,37473,0,1358,17
1584503245.5520372,173.194.187.70,10.10.0.10,,,443,37473,0,1358,17
1584503245.554009,10.10.0.10,173.194.187.70,,,37473,443,0,37,17
1584503245.5891626,173.194.187.70,10.10.0.10,,,443,37473,0,1358,17
1584503245.626281,173.194.187.70,10.10.0.10,,,443,37473,0,1358,17
1584503245.6279778,10.10.0.10,173.194.187.70,,,37473,443,0,37,17
1584503245.6634018,173.194.187.70,10.10.0.10,,,443,37473,0,1358,17
1584503245.694849,10.10.0.10,173.194.187.70,,,37473,443,0,37,17
1584503245.7005231,173.194.187.70,10.10.0.10,,,443,37473,0,1358,17
1584503245.731844,10.10.0.10,173.194.187.70,,,37473,443,0,37,17
1584503245.7376418,173.194.187.70,10.10.0.10,,,443,37473,0,1358,17
1584503245.774766,173.194.187.70,10.10.0.10,,,443,37473,0,1358,17
1584503245.776364,10.10.0.10,173.194.187.70,,,37473,443,0,37,17
1584503245.8118892,173.194.187.70,10.10.0.10,,,443,37473,0,1358,17
1584503245.849014,173.194.187.70,10.10.0.10,,,443,37473,0,1358,17
1584503245.8510802,10.10.0.10,173.194.187.70,,,37473,443,0,37,17
1584503245.8861349,173.194.187.70,10.10.0.10,,,443,37473,0,1358,17
1584503245.923241,173.194.187.70,10.10.0.10,,,443,37473,0,1358,17
1584503245.9249885,10.10.0.10,173.194.187.70,,,37473,443,0,37,17
1584503245.960386,173.194.187.70,10.10.0.10,,,443,37473,0,1358,17
1584503245.9974818,173.194.187.70,10.10.0.10,,,443,37473,0,1358,17
1584503246.000233,10.10.0.10,173.194.187.70,,,37473,443,0,37,17
1584503246.034605,173.194.187.70,10.10.0.10,,,443,37473,0,1358,17
1584503246.07172,173.194.187.70,10.10.0.10,,,443,37473,0,1358,17
1584503246.0740619,10.10.0.10,173.194.187.70,,,37473,443,0,37,17
1584503246.1088428,173.194.187.70,10.10.0.10,,,443,37473,0,1358,17
1584503246.145968,173.194.187.70,10.10.0.10,,,443,37473,0,1358,17
1584503246.1483548,10.10.0.10,173.194.187.70,,,37473,443,0,50,17
1584503246.183089,173.194.187.70,10.10.0.10,,,443,37473,0,1358,17
1584503246.220205,173.194.187.70,10.10.0.10,,,443,37473,0,1358,17
1584503246.221849,10.10.0.10,173.194.187.70,,,37473,443,0,37,17
1584503246.2573225,173.194.187.70,10.10.0.10,,,443,37473,0,1358,17
1584503246.294442,173.194.187.70,10.10.0.10,,,443,37473,0,1358,17
1584503246.299097,10.10.0.10,173.194.187.70,,,37473,443,0,37,17
1584503246.331563,173.194.187.70,10.10.0.10,,,443,37473,0,1358,17
1584503246.368684,173.194.187.70,10.10.0.10,,,443,37473,0,1358,17
1584503246.395784,10.10.0.10,173.194.187.70,,,37473,443,0,37,17
1584503246.405807,173.194.187.70,10.10.0.10,,,443,37473,0,1358,17
1584503246.442931,173.194.187.70,10.10.0.10,,,443,37473,0,1358,17
1584503246.445214,10.10.0.10,173.194.187.70,,,37473,443,0,37,17
1584503246.4811618,173.194.187.70,10.10.0.10,,,443,37473,0,1358,17
1584503246.518283,173.194.187.70,10.10.0.10,,,443,37473,0,1358,17
1584503246.520064,10.10.0.10,173.194.187.70,,,37473,443,0,37,17
1584503246.5554018,173.194.187.70,10.10.0.10,,,443,37473,0,1358,17
1584503246.5925212,173.194.187.70,10.10.0.10,,,443,37473,0,1358,17
1584503246.594568,10.10.0.10,173.194.187.70,,,37473,443,0,37,17
1584503246.629642,173.194.187.70,10.10.0.10,,,443,37473,0,1358,17
1584503246.6667619,173.194.187.70,10.10.0.10,,,443,37473,0,1358,17
1584503246.6684518,10.10.0.10,173.194.187.70,,,37473,443,0,37,17
1584503246.703882,173.194.187.70,10.10.0.10,,,443,37473,0,1358,17
1584503246.741001,173.194.187.70,10.10.0.10,,,443,37473,0,1358,17
1584503246.743472,10.10.0.10,173.194.187.70,,,37473,443,0,37,17
1584503246.7781231,173.194.187.70,10.10.0.10,,,443,37473,0,1358,17
1584503246.8152418,173.194.187.70,10.10.0.10,,,443,37473,0,1358,17
1584503246.8172038,10.10.0.10,173.194.187.70,,,37473,443,0,37,17
1584503246.85236,173.194.187.70,10.10.0.10,,,443,37473,0,1358,17
1584503246.8894858,173.194.187.70,10.10.0.10,,,443,37473,0,1358,17
1584503246.892934,10.10.0.10,173.194.187.70,,,37473,443,0,37,17
1584503246.926601,173.194.187.70,10.10.0.10,,,443,37473,0,1358,17
1584503246.9637332,173.194.187.70,10.10.0.10,,,443,37473,0,1358,17
1584503246.9657009,10.10.0.10,173.194.187.70,,,37473,443,0,37,17
1584503247.0008562,173.194.187.70,10.10.0.10,,,443,37473,0,1358,17
1584503247.03796,173.194.187.70,10.10.0.10,,,443,37473,0,1358,17
1584503247.0395582,10.10.0.10,173.194.187.70,,,37473,443,0,37,17
1584503247.075103,173.194.187.70,10.10.0.10,,,443,37473,0,1358,17
1584503247.112198,173.194.187.70,10.10.0.10,,,443,37473,0,1358,17
1584503247.113823,10.10.0.10,173.194.187.70,,,37473,443,0,37,17
1584503247.149322,173.194.187.70,10.10.0.10,,,443,37473,0,1358,17
1584503247.186444,173.194.187.70,10.10.0.10,,,443,37473,0,1358,17
1584503247.1885562,10.10.0.10,173.194.187.70,,,37473,443,0,37,17
1584503247.223561,173.194.187.70,10.10.0.10,,,443,37473,0,1358,17
1584503247.260682,173.194.187.70,10.10.0.10,,,443,37473,0,1358,17
1584503247.264051,10.10.0.10,173.194.187.70,,,37473,443,0,37,17
1584503247.297803,173.194.187.70,10.10.0.10,,,443,37473,0,1358,17
1584503247.3349216,173.194.187.70,10.10.0.10,,,443,37473,0,1358,17
1584503247.336818,10.10.0.10,173.194.187.70,,,37473,443,0,37,17
1584503247.37204,173.194.187.70,10.10.0.10,,,443,37473,0,1358,17
1584503247.4091609,173.194.187.70,10.10.0.10,,,443,37473,0,1358,17
1584503247.4109402,10.10.0.10,173.194.187.70,,,37473,443,0,37,17
1584503247.446284,173.194.187.70,10.10.0.10,,,443,37473,0,1358,17
1584503247.486276,10.10.0.10,173.194.187.70,,,37473,443,0,37,17
1584503247.4878561,173.194.187.70,10.10.0.10,,,443,37473,0,1358,17
1584503247.517686,10.10.0.10,173.194.187.70,,,37473,443,0,37,17
1584503247.5249784,173.194.187.70,10.10.0.10,,,443,37473,0,1358,17
1584503247.5585618,10.10.0.10,173.194.187.70,,,37473,443,0,50,17
1584503247.562097,173.194.187.70,10.10.0.10,,,443,37473,0,1358,17
1584503247.599217,173.194.187.70,10.10.0.10,,,443,37473,0,1358,17
1584503247.601293,10.10.0.10,173.194.187.70,,,37473,443,0,37,17
1584503247.6363358,173.194.187.70,10.10.0.10,,,443,37473,0,1358,17
1584503247.673463,173.194.187.70,10.10.0.10,,,443,37473,0,1358,17
1584503247.6756804,10.10.0.10,173.194.187.70,,,37473,443,0,37,17
1584503247.7105732,173.194.187.70,10.10.0.10,,,443,37473,0,29,17
1584503247.71225,173.194.187.70,10.10.0.10,,,443,37473,0,1358,17
1584503247.749376,173.194.187.70,10.10.0.10,,,443,37473,0,1358,17
1584503247.750912,10.10.0.10,173.194.187.70,,,37473,443,0,37,17
1584503247.7864964,173.194.187.70,10.10.0.10,,,443,37473,0,1358,17
1584503247.8280618,173.194.187.70,10.10.0.10,,,443,37473,0,1358,17
1584503247.8298054,10.10.0.10,173.194.187.70,,,37473,443,0,37,17
1584503247.865205,173.194.187.70,10.10.0.10,,,443,37473,0,1358,17
1584503247.902327,173.194.187.70,10.10.0.10,,,443,37473,0,1358,17
1584503247.9042828,10.10.0.10,173.194.187.70,,,37473,443,0,37,17
1584503247.9394288,173.194.187.70,10.10.0.10,,,443,37473,0,1358,17
1584503247.9765468,173.194.187.70,10.10.0.10,,,443,37473,0,1358,17
1584503247.980134,10.10.0.10,173.194.187.70,,,37473,443,0,37,17
1584503248.01367,173.194.187.70,10.10.0.10,,,443,37473,0,1358,17
1584503248.050792,173.194.187.70,10.10.0.10,,,443,37473,0,1358,17
1584503248.0525546,10.10.0.10,173.194.187.70,,,37473,443,0,37,17
1584503248.0879116,173.194.187.70,10.10.0.10,,,443,37473,0,1358,17
1584503248.129483,173.194.187.70,10.10.0.10,,,443,37473,0,1358,17
1584503248.131526,10.10.0.10,173.194.187.70,,,37473,443,0,37,17
1584503248.1666028,173.194.187.70,10.10.0.10,,,443,37473,0,1358,17
1584503248.203723,173.194.187.70,10.10.0.10,,,443,37473,0,1358,17
1584503248.2052732,10.10.0.10,173.194.187.70,,,37473,443,0,37,17
1584503248.240842,173.194.187.70,10.10.0.10,,,443,37473,0,1358,17
1584503248.277965,173.194.187.70,10.10.0.10,,,443,37473,0,1358,17
1584503248.2802918,10.10.0.10,173.194.187.70,,,37473,443,0,37,17
1584503248.3150814,173.194.187.70,10.10.0.10,,,443,37473,0,1358,17
1584503248.3522,173.194.187.70,10.10.0.10,,,443,37473,0,1358,17
1584503248.359267,10.10.0.10,173.194.187.70,,,37473,443,0,37,17
1584503248.3893216,173.194.187.70,10.10.0.10,,,443,37473,0,1358,17
1584503248.3911412,10.10.0.10,173.194.187.70,,,37473,443,0,37,17
1584503248.426441,173.194.187.70,10.10.0.10,,,443,37473,0,1358,17
1584503248.4635632,173.194.187.70,10.10.0.10,,,443,37473,0,1358,17
1584503248.465535,10.10.0.10,173.194.187.70,,,37473,443,0,37,17
1584503248.500689,173.194.187.70,10.10.0.10,,,443,37473,0,1358,17
1584503248.5378108,173.194.187.70,10.10.0.10,,,443,37473,0,1358,17
1584503248.539754,10.10.0.10,173.194.187.70,,,37473,443,0,37,17
1584503248.5749388,173.194.187.70,10.10.0.10,,,443,37473,0,1358,17
1584503248.6120358,173.194.187.70,10.10.0.10,,,443,37473,0,1358,17
1584503248.6146588,10.10.0.10,173.194.187.70,,,37473,443,0,37,17
1584503248.6491802,173.194.187.70,10.10.0.10,,,443,37473,0,1358,17
1584503248.6863036,173.194.187.70,10.10.0.10,,,443,37473,0,1358,17
1584503248.688637,10.10.0.10,173.194.187.70,,,37473,443,0,37,17
1584503248.723399,173.194.187.70,10.10.0.10,,,443,37473,0,1358,17
1584503248.7605245,173.194.187.70,10.10.0.10,,,443,37473,0,1358,17
1584503248.763651,10.10.0.10,173.194.187.70,,,37473,443,0,37,17
1584503248.797641,173.194.187.70,10.10.0.10,,,443,37473,0,1358,17
1584503248.8347628,173.194.187.70,10.10.0.10,,,443,37473,0,1358,17
1584503248.8367548,10.10.0.10,173.194.187.70,,,37473,443,0,37,17
1584503248.871882,173.194.187.70,10.10.0.10,,,443,37473,0,1358,17
1584503248.9090042,173.194.187.70,10.10.0.10,,,443,37473,0,1358,17
1584503248.9108946,10.10.0.10,173.194.187.70,,,37473,443,0,37,17
1584503248.946121,173.194.187.70,10.10.0.10,,,443,37473,0,1358,17
1584503248.9832392,173.194.187.70,10.10.0.10,,,443,37473,0,1358,17
1584503248.9849956,10.10.0.10,173.194.187.70,,,37473,443,0,50,17
1584503249.0203626,173.194.187.70,10.10.0.10,,,443,37473,0,1358,17
1584503249.057484,173.194.187.70,10.10.0.10,,,443,37473,0,1358,17
1584503249.059132,10.10.0.10,173.194.187.70,,,37473,443,0,37,17
1584503249.094612,173.194.187.70,10.10.0.10,,,443,37473,0,1358,17
1584503249.1317306,173.194.187.70,10.10.0.10,,,443,37473,0,29,17
1584503249.133248,10.10.0.10,173.194.187.70,,,37473,443,0,37,17
1584503249.133398,173.194.187.70,10.10.0.10,,,443,37473,0,1358,17
1584503249.1705391,173.194.187.70,10.10.0.10,,,443,37473,0,1358,17
1584503249.1722438,10.10.0.10,173.194.187.70,,,37473,443,0,37,17
1584503249.2076619,173.194.187.70,10.10.0.10,,,443,37473,0,1358,17
1584503249.24476,173.194.187.70,10.10.0.10,,,443,37473,0,1358,17
1584503249.24651,10.10.0.10,173.194.187.70,,,37473,443,0,37,17
1584503249.281879,173.194.187.70,10.10.0.10,,,443,37473,0,1358,17
1584503249.3190038,173.194.187.70,10.10.0.10,,,443,37473,0,1358,17
1584503249.3208852,10.10.0.10,173.194.187.70,,,37473,443,0,37,17
1584503249.356126,173.194.187.70,10.10.0.10,,,443,37473,0,577,17
1584503249.3703878,10.10.0.10,173.194.187.70,,,37473,443,0,736,17
1584503249.370414,10.10.0.10,173.194.187.70,,,37473,443,0,48,17
1584503249.376294,173.194.187.70,10.10.0.10,,,443,37473,0,1358,17
1584503249.3764956,10.10.0.10,173.194.187.70,,,37473,443,0,747,17
1584503249.3765204,10.10.0.10,173.194.187.70,,,37473,443,0,48,17
1584503249.377738,10.10.0.10,173.194.187.70,,,37473,443,0,40,17
1584503249.4095366,173.194.187.70,10.10.0.10,,,443,37473,0,341,17
1584503249.413255,10.10.0.10,173.194.187.70,,,37473,443,0,37,17
1584503249.4195368,173.194.187.70,10.10.0.10,,,443,37473,0,1358,17
1584503249.4566598,173.194.187.70,10.10.0.10,,,443,37473,0,1358,17
1584503249.458255,10.10.0.10,173.194.187.70,,,37473,443,0,40,17
1584503249.493783,173.194.187.70,10.10.0.10,,,443,37473,0,1358,17
1584503249.4954839,10.10.0.10,173.194.187.70,,,37473,443,0,37,17
1584503249.530906,173.194.187.70,10.10.0.10,,,443,37473,0,1358,17
1584503249.568032,173.194.187.70,10.10.0.10,,,443,37473,0,1358,17
1584503249.5700018,10.10.0.10,173.194.187.70,,,37473,443,0,37,17
1584503249.605152,173.194.187.70,10.10.0.10,,,443,37473,0,29,17
1584503249.606815,173.194.187.70,10.10.0.10,,,443,37473,0,1358,17
1584503249.643935,173.194.187.70,10.10.0.10,,,443,37473,0,1358,17
1584503249.645604,10.10.0.10,173.194.187.70,,,37473,443,0,37,17
1584503249.681057,173.194.187.70,10.10.0.10,,,443,37473,0,1358,17
1584503249.718175,173.194.187.70,10.10.0.10,,,443,37473,0,1358,17
1584503249.721978,10.10.0.10,173.194.187.70,,,37473,443,0,37,17
1584503249.755296,173.194.187.70,10.10.0.10,,,443,37473,0,1358,17
1584503249.79242,173.194.187.70,10.10.0.10,,,443,37473,0,1358,17
1584503249.793996,10.10.0.10,173.194.187.70,,,37473,443,0,37,17
1584503249.829537,173.194.187.70,10.10.0.10,,,443,37473,0,1358,17
1584503249.869403,173.194.187.70,10.10.0.10,,,443,37473,0,1358,17
1584503249.8711169,10.10.0.10,173.194.187.70,,,37473,443,0,37,17
1584503249.9065251,173.194.187.70,10.10.0.10,,,443,37473,0,1358,17
1584503249.943641,173.194.187.70,10.10.0.10,,,443,37473,0,1358,17
1584503249.9497464,10.10.0.10,173.194.187.70,,,37473,443,0,37,17
1584503249.9807699,173.194.187.70,10.10.0.10,,,443,37473,0,1358,17
1584503250.017895,173.194.187.70,10.10.0.10,,,443,37473,0,1358,17
1584503250.0196018,10.10.0.10,173.194.187.70,,,37473,443,0,37,17
1584503250.055004,173.194.187.70,10.10.0.10,,,443,37473,0,1358,17
1584503250.0921216,173.194.187.70,10.10.0.10,,,443,37473,0,1358,17
1584503250.095458,10.10.0.10,173.194.187.70,,,37473,443,0,37,17
1584503250.129264,173.194.187.70,10.10.0.10,,,443,37473,0,1358,17
1584503250.16636,173.194.187.70,10.10.0.10,,,443,37473,0,1358,17
1584503250.1679661,10.10.0.10,173.194.187.70,,,37473,443,0,37,17
1584503250.203482,173.194.187.70,10.10.0.10,,,443,37473,0,1358,17
1584503250.240605,173.194.187.70,10.10.0.10,,,443,37473,0,1358,17
1584503250.2424624,10.10.0.10,173.194.187.70,,,37473,443,0,37,17
1584503250.2777252,173.194.187.70,10.10.0.10,,,443,37473,0,1358,17
1584503250.314841,173.194.187.70,10.10.0.10,,,443,37473,0,1358,17
1584503250.3174682,10.10.0.10,173.194.187.70,,,37473,443,0,37,17
1584503250.351961,173.194.187.70,10.10.0.10,,,443,37473,0,1358,17
1584503250.3802302,10.10.0.10,173.194.187.70,,,37473,443,0,37,17
1584503250.389083,173.194.187.70,10.10.0.10,,,443,37473,0,1358,17
1584503250.426196,173.194.187.70,10.10.0.10,,,443,37473,0,1358,17
1584503250.4287288,10.10.0.10,173.194.187.70,,,37473,443,0,37,17
1584503250.4633224,173.194.187.70,10.10.0.10,,,443,37473,0,1358,17
1584503250.500441,173.194.187.70,10.10.0.10,,,443,37473,0,1358,17
1584503250.502072,10.10.0.10,173.194.187.70,,,37473,443,0,37,17
1584503250.537562,173.194.187.70,10.10.0.10,,,443,37473,0,1358,17
1584503250.574686,173.194.187.70,10.10.0.10,,,443,37473,0,1358,17
1584503250.576472,10.10.0.10,173.194.187.70,,,37473,443,0,37,17
1584503250.61181,173.194.187.70,10.10.0.10,,,443,37473,0,1358,17
1584503250.648935,173.194.187.70,10.10.0.10,,,443,37473,0,1358,17
1584503250.650595,10.10.0.10,173.194.187.70,,,37473,443,0,50,17
1584503250.6860578,173.194.187.70,10.10.0.10,,,443,37473,0,1358,17
1584503250.723162,173.194.187.70,10.10.0.10,,,443,37473,0,1358,17
1584503250.72485,10.10.0.10,173.194.187.70,,,37473,443,0,37,17
1584503250.760279,173.194.187.70,10.10.0.10,,,443,37473,0,1358,17
1584503250.797402,173.194.187.70,10.10.0.10,,,443,37473,0,1358,17
1584503250.8000932,10.10.0.10,173.194.187.70,,,37473,443,0,37,17
1584503250.834523,173.194.187.70,10.10.0.10,,,443,37473,0,1358,17
1584503250.8716419,173.194.187.70,10.10.0.10,,,443,37473,0,1358,17
1584503250.873445,10.10.0.10,173.194.187.70,,,37473,443,0,37,17
1584503250.908762,173.194.187.70,10.10.0.10,,,443,37473,0,1358,17
1584503250.9458828,173.194.187.70,10.10.0.10,,,443,37473,0,1358,17
1584503250.9479039,10.10.0.10,173.194.187.70,,,37473,443,0,37,17
1584503250.983003,173.194.187.70,10.10.0.10,,,443,37473,0,1358,17
1584503251.014284,10.10.0.10,173.194.187.70,,,37473,443,0,37,17
1584503251.0201206,173.194.187.70,10.10.0.10,,,443,37473,0,1358,17
1584503251.057244,173.194.187.70,10.10.0.10,,,443,37473,0,1358,17
1584503251.059463,10.10.0.10,173.194.187.70,,,37473,443,0,37,17
1584503251.0943651,173.194.187.70,10.10.0.10,,,443,37473,0,1358,17
1584503251.1314778,173.194.187.70,10.10.0.10,,,443,37473,0,1358,17
1584503251.133681,10.10.0.10,173.194.187.70,,,37473,443,0,37,17
1584503251.168602,173.194.187.70,10.10.0.10,,,443,37473,0,1358,17
1584503251.205732,173.194.187.70,10.10.0.10,,,443,37473,0,1358,17
1584503251.2078052,10.10.0.10,173.194.187.70,,,37473,443,0,37,17
1584503251.242856,173.194.187.70,10.10.0.10,,,443,37473,0,1358,17
1584503251.279979,173.194.187.70,10.10.0.10,,,443,37473,0,1358,17
1584503251.2823188,10.10.0.10,173.194.187.70,,,37473,443,0,37,17
1584503251.3171036,173.194.187.70,10.10.0.10,,,443,37473,0,1358,17
1584503251.3542,173.194.187.70,10.10.0.10,,,443,37473,0,1358,17
1584503251.3563302,10.10.0.10,173.194.187.70,,,37473,443,0,37,17
1584503251.3913221,173.194.187.70,10.10.0.10,,,443,37473,0,1358,17
1584503251.428442,173.194.187.70,10.10.0.10,,,443,37473,0,1358,17
1584503251.4300518,10.10.0.10,173.194.187.70,,,37473,443,0,37,17
1584503251.465561,173.194.187.70,10.10.0.10,,,443,37473,0,1358,17
1584503251.495697,10.10.0.10,173.194.187.70,,,37473,443,0,37,17
1584503251.502681,173.194.187.70,10.10.0.10,,,443,37473,0,1358,17
1584503251.5398018,173.194.187.70,10.10.0.10,,,443,37473,0,1358,17
1584503251.5416946,10.10.0.10,173.194.187.70,,,37473,443,0,37,17
1584503251.5769222,173.194.187.70,10.10.0.10,,,443,37473,0,1358,17
1584503251.614043,173.194.187.70,10.10.0.10,,,443,37473,0,1358,17
1584503251.6167982,10.10.0.10,173.194.187.70,,,37473,443,0,37,17
1584503251.6511624,173.194.187.70,10.10.0.10,,,443,37473,0,1358,17
1584503251.6882842,173.194.187.70,10.10.0.10,,,443,37473,0,1358,17
1584503251.690422,10.10.0.10,173.194.187.70,,,37473,443,0,37,17
1584503251.7254071,173.194.187.70,10.10.0.10,,,443,37473,0,1358,17
1584503251.762526,173.194.187.70,10.10.0.10,,,443,37473,0,1358,17
1584503251.765167,10.10.0.10,173.194.187.70,,,37473,443,0,37,17
1584503251.7996519,173.194.187.70,10.10.0.10,,,443,37473,0,1358,17
1584503251.836776,173.194.187.70,10.10.0.10,,,443,37473,0,1358,17
1584503251.8389351,10.10.0.10,173.194.187.70,,,37473,443,0,37,17
1584503251.873898,173.194.187.70,10.10.0.10,,,443,37473,0,1358,17
1584503251.911001,173.194.187.70,10.10.0.10,,,443,37473,0,1358,17
1584503251.913289,10.10.0.10,173.194.187.70,,,37473,443,0,37,17
1584503251.948123,173.194.187.70,10.10.0.10,,,443,37473,0,1358,17
1584503251.9852462,173.194.187.70,10.10.0.10,,,443,37473,0,1358,17
1584503251.9874039,10.10.0.10,173.194.187.70,,,37473,443,0,37,17
1584503252.0223641,173.194.187.70,10.10.0.10,,,443,37473,0,1358,17
1584503252.0594828,173.194.187.70,10.10.0.10,,,443,37473,0,1358,17
1584503252.061664,10.10.0.10,173.194.187.70,,,37473,443,0,50,17
1584503252.096599,173.194.187.70,10.10.0.10,,,443,37473,0,1358,17
1584503252.133719,173.194.187.70,10.10.0.10,,,443,37473,0,1358,17
1584503252.135762,10.10.0.10,173.194.187.70,,,37473,443,0,37,17
1584503252.1708374,173.194.187.70,10.10.0.10,,,443,37473,0,1358,17
1584503252.2079608,173.194.187.70,10.10.0.10,,,443,37473,0,1358,17
1584503252.209784,10.10.0.10,173.194.187.70,,,37473,443,0,37,17
1584503252.2450829,173.194.187.70,10.10.0.10,,,443,37473,0,1358,17
1584503252.282202,173.194.187.70,10.10.0.10,,,443,37473,0,1358,17
1584503252.283994,10.10.0.10,173.194.187.70,,,37473,443,0,37,17
1584503252.3193262,173.194.187.70,10.10.0.10,,,443,37473,0,1358,17
1584503252.3564384,173.194.187.70,10.10.0.10,,,443,37473,0,1358,17
1584503252.36015,10.10.0.10,173.194.187.70,,,37473,443,0,37,17
1584503252.393572,173.194.187.70,10.10.0.10,,,443,37473,0,1358,17
1584503252.430697,173.194.187.70,10.10.0.10,,,443,37473,0,1358,17
1584503252.4324,10.10.0.10,173.194.187.70,,,37473,443,0,37,17
1584503252.467819,173.194.187.70,10.10.0.10,,,443,37473,0,1358,17
1584503252.5049412,173.194.187.70,10.10.0.10,,,443,37473,0,1358,17
1584503252.506648,10.10.0.10,173.194.187.70,,,37473,443,0,37,17
1584503252.542064,173.194.187.70,10.10.0.10,,,443,37473,0,1358,17
1584503252.579162,173.194.187.70,10.10.0.10,,,443,37473,0,1358,17
1584503252.5807939,10.10.0.10,173.194.187.70,,,37473,443,0,37,17
1584503252.6162775,173.194.187.70,10.10.0.10,,,443,37473,0,1358,17
1584503252.6534028,173.194.187.70,10.10.0.10,,,443,37473,0,1358,17
1584503252.6555386,10.10.0.10,173.194.187.70,,,37473,443,0,37,17
1584503252.690522,173.194.187.70,10.10.0.10,,,443,37473,0,1358,17
1584503252.7276428,173.194.187.70,10.10.0.10,,,443,37473,0,1358,17
1584503252.727776,10.10.0.10,173.194.187.70,,,37473,443,0,37,17
1584503252.7647624,173.194.187.70,10.10.0.10,,,443,37473,0,1358,17
1584503252.7919812,10.10.0.10,173.194.187.70,,,37473,443,0,37,17
1584503252.801881,173.194.187.70,10.10.0.10,,,443,37473,0,1358,17
1584503252.839002,173.194.187.70,10.10.0.10,,,443,37473,0,1358,17
1584503252.84063,10.10.0.10,173.194.187.70,,,37473,443,0,37,17
1584503252.876121,173.194.187.70,10.10.0.10,,,443,37473,0,1358,17
1584503252.9132442,173.194.187.70,10.10.0.10,,,443,37473,0,1358,17
1584503252.914752,10.10.0.10,173.194.187.70,,,37473,443,0,37,17
1584503252.950368,173.194.187.70,10.10.0.10,,,443,37473,0,1358,17
1584503252.9874828,173.194.187.70,10.10.0.10,,,443,37473,0,1358,17
1584503252.9891028,10.10.0.10,173.194.187.70,,,37473,443,0,37,17
1584503253.024617,173.194.187.70,10.10.0.10,,,443,37473,0,1358,17
1584503253.061726,173.194.187.70,10.10.0.10,,,443,37473,0,1358,17
1584503253.064386,10.10.0.10,173.194.187.70,,,37473,443,0,37,17
1584503253.09884,173.194.187.70,10.10.0.10,,,443,37473,0,1358,17
1584503253.1359582,173.194.187.70,10.10.0.10,,,443,37473,0,1358,17
1584503253.1376328,10.10.0.10,173.194.187.70,,,37473,443,0,37,17
1584503253.1730876,173.194.187.70,10.10.0.10,,,443,37473,0,1358,17
1584503253.210205,173.194.187.70,10.10.0.10,,,443,37473,0,1358,17
1584503253.212884,10.10.0.10,173.194.187.70,,,37473,443,0,37,17
1584503253.2473214,173.194.187.70,10.10.0.10,,,443,37473,0,1358,17
1584503253.284443,173.194.187.70,10.10.0.10,,,443,37473,0,1358,17
1584503253.286275,10.10.0.10,173.194.187.70,,,37473,443,0,37,17
1584503253.3215628,173.194.187.70,10.10.0.10,,,443,37473,0,1358,17
1584503253.358688,173.194.187.70,10.10.0.10,,,443,37473,0,1358,17
1584503253.360497,10.10.0.10,173.194.187.70,,,37473,443,0,37,17
1584503253.3957958,173.194.187.70,10.10.0.10,,,443,37473,0,1358,17
1584503253.4329224,173.194.187.70,10.10.0.10,,,443,37473,0,1358,17
1584503253.43462,10.10.0.10,173.194.187.70,,,37473,443,0,37,17
1584503253.470041,173.194.187.70,10.10.0.10,,,443,37473,0,1358,17
1584503253.5071652,173.194.187.70,10.10.0.10,,,443,37473,0,1358,17
1584503253.511011,10.10.0.10,173.194.187.70,,,37473,443,0,50,17
1584503253.5442898,173.194.187.70,10.10.0.10,,,443,37473,0,1358,17
1584503253.573762,10.10.0.10,173.194.187.70,,,37473,443,0,37,17
1584503253.581414,173.194.187.70,10.10.0.10,,,443,37473,0,1358,17
1584503253.618534,173.194.187.70,10.10.0.10,,,443,37473,0,1358,17
1584503253.6202588,10.10.0.10,173.194.187.70,,,37473,443,0,37,17
1584503253.655658,173.194.187.70,10.10.0.10,,,443,37473,0,1358,17
1584503253.6927822,173.194.187.70,10.10.0.10,,,443,37473,0,1358,17
1584503253.6943812,10.10.0.10,173.194.187.70,,,37473,443,0,37,17
1584503253.72988,173.194.187.70,10.10.0.10,,,443,37473,0,29,17
1584503253.731561,173.194.187.70,10.10.0.10,,,443,37473,0,1358,17
1584503253.768681,173.194.187.70,10.10.0.10,,,443,37473,0,1358,17
1584503253.776867,10.10.0.10,173.194.187.70,,,37473,443,0,37,17
1584503253.8058028,173.194.187.70,10.10.0.10,,,443,37473,0,1358,17
1584503253.842925,173.194.187.70,10.10.0.10,,,443,37473,0,1358,17
1584503253.8448498,10.10.0.10,173.194.187.70,,,37473,443,0,37,17
1584503253.88004,173.194.187.70,10.10.0.10,,,443,37473,0,1358,17
1584503253.9171572,173.194.187.70,10.10.0.10,,,443,37473,0,1358,17
1584503253.920754,10.10.0.10,173.194.187.70,,,37473,443,0,37,17
1584503253.9542859,173.194.187.70,10.10.0.10,,,443,37473,0,1358,17
1584503253.991401,173.194.187.70,10.10.0.10,,,443,37473,0,1358,17
1584503253.99335,10.10.0.10,173.194.187.70,,,37473,443,0,37,17
1584503254.028518,173.194.187.70,10.10.0.10,,,443,37473,0,1358,17
1584503254.065652,173.194.187.70,10.10.0.10,,,443,37473,0,1358,17
1584503254.067471,10.10.0.10,173.194.187.70,,,37473,443,0,37,17
1584503254.1027582,173.194.187.70,10.10.0.10,,,443,37473,0,1358,17
1584503254.1398768,173.194.187.70,10.10.0.10,,,443,37473,0,1358,17
1584503254.1427472,10.10.0.10,173.194.187.70,,,37473,443,0,37,17
1584503254.177021,173.194.187.70,10.10.0.10,,,443,37473,0,1358,17
1584503254.214143,173.194.187.70,10.10.0.10,,,443,37473,0,1358,17
1584503254.221489,10.10.0.10,173.194.187.70,,,37473,443,0,37,17
1584503254.25124,173.194.187.70,10.10.0.10,,,443,37473,0,1358,17
1584503254.288367,173.194.187.70,10.10.0.10,,,443,37473,0,1358,17
1584503254.2901149,10.10.0.10,173.194.187.70,,,37473,443,0,37,17
1584503254.3254845,173.194.187.70,10.10.0.10,,,443,37473,0,1358,17
1584503254.362601,173.194.187.70,10.10.0.10,,,443,37473,0,1358,17
1584503254.36424,10.10.0.10,173.194.187.70,,,37473,443,0,37,17
1584503254.399722,173.194.187.70,10.10.0.10,,,443,37473,0,1358,17
1584503254.43684,173.194.187.70,10.10.0.10,,,443,37473,0,1358,17
1584503254.4384658,10.10.0.10,173.194.187.70,,,37473,443,0,37,17
1584503254.4739606,173.194.187.70,10.10.0.10,,,443,37473,0,1358,17
1584503254.511081,173.194.187.70,10.10.0.10,,,443,37473,0,1358,17
1584503254.512991,10.10.0.10,173.194.187.70,,,37473,443,0,37,17
1584503254.548203,173.194.187.70,10.10.0.10,,,443,37473,0,1358,17
1584503254.5853212,173.194.187.70,10.10.0.10,,,443,37473,0,1358,17
1584503254.5873358,10.10.0.10,173.194.187.70,,,37473,443,0,37,17
1584503254.622443,173.194.187.70,10.10.0.10,,,443,37473,0,1358,17
1584503254.659569,173.194.187.70,10.10.0.10,,,443,37473,0,1358,17
1584503254.6612284,10.10.0.10,173.194.187.70,,,37473,443,0,37,17
1584503254.6966908,173.194.187.70,10.10.0.10,,,443,37473,0,1358,17
1584503254.733815,173.194.187.70,10.10.0.10,,,443,37473,0,1358,17
1584503254.7341056,10.10.0.10,173.194.187.70,,,37473,443,0,37,17
1584503254.7709384,173.194.187.70,10.10.0.10,,,443,37473,0,1358,17
1584503254.7724762,10.10.0.10,173.194.187.70,,,37473,443,0,37,17
1584503254.8080418,173.194.187.70,10.10.0.10,,,443,37473,0,1358,17
1584503254.845162,173.194.187.70,10.10.0.10,,,443,37473,0,1358,17
1584503254.847703,10.10.0.10,173.194.187.70,,,37473,443,0,37,17
1584503254.882283,173.194.187.70,10.10.0.10,,,443,37473,0,1358,17
1584503254.9194,173.194.187.70,10.10.0.10,,,443,37473,0,1358,17
1584503254.9210749,10.10.0.10,173.194.187.70,,,37473,443,0,50,17
1584503254.9565182,173.194.187.70,10.10.0.10,,,443,37473,0,1358,17
1584503254.993642,173.194.187.70,10.10.0.10,,,443,37473,0,1358,17
1584503254.9959679,10.10.0.10,173.194.187.70,,,37473,443,0,37,17
1584503255.03076,173.194.187.70,10.10.0.10,,,443,37473,0,1358,17
1584503255.067878,173.194.187.70,10.10.0.10,,,443,37473,0,1358,17
1584503255.070824,10.10.0.10,173.194.187.70,,,37473,443,0,37,17
1584503255.105,173.194.187.70,10.10.0.10,,,443,37473,0,29,17
1584503255.106675,173.194.187.70,10.10.0.10,,,443,37473,0,1358,17
1584503255.143798,173.194.187.70,10.10.0.10,,,443,37473,0,1358,17
1584503255.14572,10.10.0.10,173.194.187.70,,,37473,443,0,37,17
1584503255.180929,173.194.187.70,10.10.0.10,,,443,37473,0,1358,17
1584503255.218051,173.194.187.70,10.10.0.10,,,443,37473,0,1358,17
1584503255.220684,10.10.0.10,173.194.187.70,,,37473,443,0,37,17
1584503255.255175,173.194.187.70,10.10.0.10,,,443,37473,0,1358,17
1584503255.292276,173.194.187.70,10.10.0.10,,,443,37473,0,1358,17
1584503255.2941961,10.10.0.10,173.194.187.70,,,37473,443,0,37,17
1584503255.329399,173.194.187.70,10.10.0.10,,,443,37473,0,1358,17
1584503255.3665242,173.194.187.70,10.10.0.10,,,443,37473,0,1358,17
1584503255.368073,10.10.0.10,173.194.187.70,,,37473,443,0,37,17
1584503255.4036472,173.194.187.70,10.10.0.10,,,443,37473,0,1358,17
1584503255.44076,173.194.187.70,10.10.0.10,,,443,37473,0,1358,17
1584503255.4423342,10.10.0.10,173.194.187.70,,,37473,443,0,37,17
1584503255.477881,173.194.187.70,10.10.0.10,,,443,37473,0,1358,17
1584503255.5141866,10.10.0.10,173.194.187.70,,,37473,443,0,37,17
1584503255.515002,173.194.187.70,10.10.0.10,,,443,37473,0,1358,17
1584503255.552116,173.194.187.70,10.10.0.10,,,443,37473,0,1358,17
1584503255.5541608,10.10.0.10,173.194.187.70,,,37473,443,0,37,17
1584503255.589241,173.194.187.70,10.10.0.10,,,443,37473,0,1358,17
1584503255.626361,173.194.187.70,10.10.0.10,,,443,37473,0,1358,17
1584503255.628432,10.10.0.10,173.194.187.70,,,37473,443,0,37,17
1584503255.663481,173.194.187.70,10.10.0.10,,,443,37473,0,1358,17
1584503255.7006054,173.194.187.70,10.10.0.10,,,443,37473,0,1358,17
1584503255.7021706,10.10.0.10,173.194.187.70,,,37473,443,0,37,17
1584503255.737724,173.194.187.70,10.10.0.10,,,443,37473,0,1358,17
1584503255.774847,173.194.187.70,10.10.0.10,,,443,37473,0,1358,17
1584503255.7768028,10.10.0.10,173.194.187.70,,,37473,443,0,37,17
1584503255.811961,173.194.187.70,10.10.0.10,,,443,37473,0,1358,17
1584503255.8490946,173.194.187.70,10.10.0.10,,,443,37473,0,1358,17
1584503255.8506956,10.10.0.10,173.194.187.70,,,37473,443,0,37,17
1584503255.8862188,173.194.187.70,10.10.0.10,,,443,37473,0,1358,17
1584503255.9233198,173.194.187.70,10.10.0.10,,,443,37473,0,1358,17
1584503255.9249241,10.10.0.10,173.194.187.70,,,37473,443,0,37,17
1584503255.9604518,173.194.187.70,10.10.0.10,,,443,37473,0,1358,17
1584503255.9975634,173.194.187.70,10.10.0.10,,,443,37473,0,1358,17
1584503256.000298,10.10.0.10,173.194.187.70,,,37473,443,0,37,17
1584503256.0346868,173.194.187.70,10.10.0.10,,,443,37473,0,1358,17
1584503256.0718,173.194.187.70,10.10.0.10,,,443,37473,0,1358,17
1584503256.0734508,10.10.0.10,173.194.187.70,,,37473,443,0,37,17
1584503256.108922,173.194.187.70,10.10.0.10,,,443,37473,0,1358,17
1584503256.146042,173.194.187.70,10.10.0.10,,,443,37473,0,1358,17
1584503256.148297,10.10.0.10,173.194.187.70,,,37473,443,0,37,17
1584503256.183162,173.194.187.70,10.10.0.10,,,443,37473,0,1358,17
1584503256.2202802,173.194.187.70,10.10.0.10,,,443,37473,0,1358,17
1584503256.22069,10.10.0.10,173.194.187.70,,,37473,443,0,37,17
1584503256.257401,173.194.187.70,10.10.0.10,,,443,37473,0,1358,17
1584503256.261543,10.10.0.10,173.194.187.70,,,37473,443,0,37,17
1584503256.2945206,173.194.187.70,10.10.0.10,,,443,37473,0,1358,17
1584503256.331644,173.194.187.70,10.10.0.10,,,443,37473,0,1358,17
1584503256.333414,10.10.0.10,173.194.187.70,,,37473,443,0,50,17
1584503256.3687718,173.194.187.70,10.10.0.10,,,443,37473,0,1358,17
1584503256.405893,173.194.187.70,10.10.0.10,,,443,37473,0,1358,17
1584503256.407681,10.10.0.10,173.194.187.70,,,37473,443,0,37,17
1584503256.443017,173.194.187.70,10.10.0.10,,,443,37473,0,1358,17
1584503256.4759262,10.10.0.10,173.194.187.70,,,37473,443,0,37,17
1584503256.4801226,173.194.187.70,10.10.0.10,,,443,37473,0,1358,17
1584503256.5172448,173.194.187.70,10.10.0.10,,,443,37473,0,1358,17
1584503256.52003,10.10.0.10,173.194.187.70,,,37473,443,0,37,17
1584503256.5543652,173.194.187.70,10.10.0.10,,,443,37473,0,29,17
1584503256.556043,173.194.187.70,10.10.0.10,,,443,37473,0,1358,17
1584503256.5931628,173.194.187.70,10.10.0.10,,,443,37473,0,1358,17
1584503256.5946527,10.10.0.10,173.194.187.70,,,37473,443,0,37,17
1584503256.630281,173.194.187.70,10.10.0.10,,,443,37473,0,1358,17
1584503256.667401,173.194.187.70,10.10.0.10,,,443,37473,0,1358,17
1584503256.671297,10.10.0.10,173.194.187.70,,,37473,443,0,37,17
1584503256.7045262,173.194.187.70,10.10.0.10,,,443,37473,0,1358,17
1584503256.741646,173.194.187.70,10.10.0.10,,,443,37473,0,1358,17
1584503256.74315,10.10.0.10,173.194.187.70,,,37473,443,0,37,17
1584503256.7787642,173.194.187.70,10.10.0.10,,,443,37473,0,1358,17
1584503256.815881,173.194.187.70,10.10.0.10,,,443,37473,0,1358,17
1584503256.81829,10.10.0.10,173.194.187.70,,,37473,443,0,37,17
1584503256.8530042,173.194.187.70,10.10.0.10,,,443,37473,0,1358,17
1584503256.890128,173.194.187.70,10.10.0.10,,,443,37473,0,1358,17
1584503256.891985,10.10.0.10,173.194.187.70,,,37473,443,0,37,17
1584503256.927253,173.194.187.70,10.10.0.10,,,443,37473,0,1358,17
1584503256.964358,173.194.187.70,10.10.0.10,,,443,37473,0,1358,17
1584503256.96627,10.10.0.10,173.194.187.70,,,37473,443,0,37,17
1584503257.001482,173.194.187.70,10.10.0.10,,,443,37473,0,1358,17
1584503257.038609,173.194.187.70,10.10.0.10,,,443,37473,0,1358,17
1584503257.0428884,10.10.0.10,173.194.187.70,,,37473,443,0,37,17
1584503257.0757241,173.194.187.70,10.10.0.10,,,443,37473,0,367,17
1584503257.0941439,10.10.0.10,173.194.187.70,,,37473,443,0,735,17
1584503257.0943878,10.10.0.10,173.194.187.70,,,37473,443,0,48,17
1584503257.09567,10.10.0.10,173.194.187.70,,,37473,443,0,747,17
1584503257.095977,10.10.0.10,173.194.187.70,,,37473,443,0,48,17
1584503257.09864,173.194.187.70,10.10.0.10,,,443,37473,0,139,17
1584503257.0986712,173.194.187.70,10.10.0.10,,,443,37473,0,1358,17
1584503257.1055331,10.10.0.10,173.194.187.70,,,37473,443,0,37,17
1584503257.1281462,173.194.187.70,10.10.0.10,,,443,37473,0,1358,17
1584503257.1652696,173.194.187.70,10.10.0.10,,,443,37473,0,1358,17
1584503257.1672668,10.10.0.10,173.194.187.70,,,37473,443,0,37,17
1584503257.2023878,173.194.187.70,10.10.0.10,,,443,37473,0,1358,17
1584503257.239508,173.194.187.70,10.10.0.10,,,443,37473,0,1358,17
1584503257.2414072,10.10.0.10,173.194.187.70,,,37473,443,0,37,17
1584503257.276638,173.194.187.70,10.10.0.10,,,443,37473,0,1358,17
1584503257.313749,173.194.187.70,10.10.0.10,,,443,37473,0,29,17
1584503257.315028,10.10.0.10,173.194.187.70,,,37473,443,0,37,17
1584503257.315425,173.194.187.70,10.10.0.10,,,443,37473,0,1358,17
1584503257.3525536,173.194.187.70,10.10.0.10,,,443,37473,0,1358,17
1584503257.3557742,10.10.0.10,173.194.187.70,,,37473,443,0,37,17
1584503257.3896801,173.194.187.70,10.10.0.10,,,443,37473,0,1358,17
1584503257.426802,173.194.187.70,10.10.0.10,,,443,37473,0,1358,17
1584503257.428774,10.10.0.10,173.194.187.70,,,37473,443,0,37,17
1584503257.463927,173.194.187.70,10.10.0.10,,,443,37473,0,1358,17
1584503257.499377,10.10.0.10,173.194.187.70,,,37473,443,0,37,17
1584503257.5010474,173.194.187.70,10.10.0.10,,,443,37473,0,1358,17
1584503257.5381699,173.194.187.70,10.10.0.10,,,443,37473,0,1358,17
1584503257.5400212,10.10.0.10,173.194.187.70,,,37473,443,0,37,17
1584503257.579737,173.194.187.70,10.10.0.10,,,443,37473,0,1358,17
1584503257.616857,173.194.187.70,10.10.0.10,,,443,37473,0,1358,17
1584503257.6188931,10.10.0.10,173.194.187.70,,,37473,443,0,37,17
1584503257.653962,173.194.187.70,10.10.0.10,,,443,37473,0,1358,17
1584503257.691081,173.194.187.70,10.10.0.10,,,443,37473,0,1358,17
1584503257.6989946,10.10.0.10,173.194.187.70,,,37473,443,0,37,17
1584503257.7282019,173.194.187.70,10.10.0.10,,,443,37473,0,1358,17
1584503257.7653232,173.194.187.70,10.10.0.10,,,443,37473,0,1358,17
1584503257.767141,10.10.0.10,173.194.187.70,,,37473,443,0,37,17
1584503257.80244,173.194.187.70,10.10.0.10,,,443,37473,0,1358,17
1584503257.8395634,173.194.187.70,10.10.0.10,,,443,37473,0,1358,17
1584503257.841265,10.10.0.10,173.194.187.70,,,37473,443,0,37,17
1584503257.876683,173.194.187.70,10.10.0.10,,,443,37473,0,1358,17
1584503257.9182508,173.194.187.70,10.10.0.10,,,443,37473,0,1358,17
1584503257.920235,10.10.0.10,173.194.187.70,,,37473,443,0,37,17
1584503257.955374,173.194.187.70,10.10.0.10,,,443,37473,0,1358,17
1584503257.9924922,173.194.187.70,10.10.0.10,,,443,37473,0,1358,17
1584503257.994385,10.10.0.10,173.194.187.70,,,37473,443,0,37,17
1584503258.029617,173.194.187.70,10.10.0.10,,,443,37473,0,1358,17
1584503258.0667381,173.194.187.70,10.10.0.10,,,443,37473,0,1358,17
1584503258.06924,10.10.0.10,173.194.187.70,,,37473,443,0,37,17
1584503258.1038532,173.194.187.70,10.10.0.10,,,443,37473,0,1358,17
1584503258.1409798,173.194.187.70,10.10.0.10,,,443,37473,0,1358,17
1584503258.1426098,10.10.0.10,173.194.187.70,,,37473,443,0,37,17
1584503258.1780946,173.194.187.70,10.10.0.10,,,443,37473,0,1358,17
1584503258.2196689,173.194.187.70,10.10.0.10,,,443,37473,0,1358,17
1584503258.2212508,10.10.0.10,173.194.187.70,,,37473,443,0,37,17
1584503258.2567892,173.194.187.70,10.10.0.10,,,443,37473,0,1358,17
1584503258.293906,173.194.187.70,10.10.0.10,,,443,37473,0,1358,17
1584503258.295729,10.10.0.10,173.194.187.70,,,37473,443,0,37,17
1584503258.3310275,173.194.187.70,10.10.0.10,,,443,37473,0,1358,17
1584503258.368151,173.194.187.70,10.10.0.10,,,443,37473,0,1358,17
1584503258.369852,10.10.0.10,173.194.187.70,,,37473,443,0,37,17
1584503258.4052749,173.194.187.70,10.10.0.10,,,443,37473,0,1358,17
1584503258.442395,173.194.187.70,10.10.0.10,,,443,37473,0,1358,17
1584503258.444849,10.10.0.10,173.194.187.70,,,37473,443,0,50,17
1584503258.479522,173.194.187.70,10.10.0.10,,,443,37473,0,1358,17
1584503258.5166428,173.194.187.70,10.10.0.10,,,443,37473,0,1358,17
1584503258.518241,10.10.0.10,173.194.187.70,,,37473,443,0,37,17
1584503258.553767,173.194.187.70,10.10.0.10,,,443,37473,0,1358,17
1584503258.5908668,173.194.187.70,10.10.0.10,,,443,37473,0,1358,17
1584503258.5927398,10.10.0.10,173.194.187.70,,,37473,443,0,37,17
1584503258.627983,173.194.187.70,10.10.0.10,,,443,37473,0,1358,17
1584503258.665112,173.194.187.70,10.10.0.10,,,443,37473,0,1358,17
1584503258.667114,10.10.0.10,173.194.187.70,,,37473,443,0,37,17
1584503258.702229,173.194.187.70,10.10.0.10,,,443,37473,0,1358,17
1584503258.73935,173.194.187.70,10.10.0.10,,,443,37473,0,1358,17
1584503258.740985,10.10.0.10,173.194.187.70,,,37473,443,0,37,17
1584503258.776464,173.194.187.70,10.10.0.10,,,443,37473,0,1358,17
1584503258.813589,173.194.187.70,10.10.0.10,,,443,37473,0,1358,17
1584503258.8177412,10.10.0.10,173.194.187.70,,,37473,443,0,37,17
1584503258.8507092,173.194.187.70,10.10.0.10,,,443,37473,0,1358,17
1584503258.887831,173.194.187.70,10.10.0.10,,,443,37473,0,1358,17
1584503258.8897011,10.10.0.10,173.194.187.70,,,37473,443,0,37,17
1584503258.9249492,173.194.187.70,10.10.0.10,,,443,37473,0,1358,17
1584503258.962069,173.194.187.70,10.10.0.10,,,443,37473,0,1358,17
1584503258.9639342,10.10.0.10,173.194.187.70,,,37473,443,0,37,17
1584503258.999191,173.194.187.70,10.10.0.10,,,443,37473,0,1358,17
1584503259.0363052,173.194.187.70,10.10.0.10,,,443,37473,0,1358,17
1584503259.0393536,10.10.0.10,173.194.187.70,,,37473,443,0,37,17
1584503259.073426,173.194.187.70,10.10.0.10,,,443,37473,0,1358,17
1584503259.110546,173.194.187.70,10.10.0.10,,,443,37473,0,1358,17
1584503259.112207,10.10.0.10,173.194.187.70,,,37473,443,0,37,17
1584503259.147668,173.194.187.70,10.10.0.10,,,443,37473,0,1358,17
1584503259.1847878,173.194.187.70,10.10.0.10,,,443,37473,0,1358,17
1584503259.187473,10.10.0.10,173.194.187.70,,,37473,443,0,37,17
1584503259.221908,173.194.187.70,10.10.0.10,,,443,37473,0,1358,17
1584503259.2590294,173.194.187.70,10.10.0.10,,,443,37473,0,1358,17
1584503259.260711,10.10.0.10,173.194.187.70,,,37473,443,0,37,17
1584503259.296149,173.194.187.70,10.10.0.10,,,443,37473,0,1358,17
1584503259.333268,173.194.187.70,10.10.0.10,,,443,37473,0,1358,17
1584503259.3349679,10.10.0.10,173.194.187.70,,,37473,443,0,37,17
1584503259.3703902,173.194.187.70,10.10.0.10,,,443,37473,0,1358,17
1584503259.403342,10.10.0.10,173.194.187.70,,,37473,443,0,37,17
1584503259.407509,173.194.187.70,10.10.0.10,,,443,37473,0,1358,17
1584503259.4444668,10.10.0.10,173.194.187.70,,,37473,443,0,37,17
1584503259.444624,173.194.187.70,10.10.0.10,,,443,37473,0,1358,17
1584503259.481748,173.194.187.70,10.10.0.10,,,443,37473,0,1358,17
1584503259.4833179,10.10.0.10,173.194.187.70,,,37473,443,0,37,17
1584503259.518872,173.194.187.70,10.10.0.10,,,443,37473,0,1358,17
1584503259.555991,173.194.187.70,10.10.0.10,,,443,37473,0,1358,17
1584503259.559692,10.10.0.10,173.194.187.70,,,37473,443,0,37,17
1584503259.5931172,173.194.187.70,10.10.0.10,,,443,37473,0,1358,17
1584503259.630239,173.194.187.70,10.10.0.10,,,443,37473,0,1358,17
1584503259.6318061,10.10.0.10,173.194.187.70,,,37473,443,0,37,17
1584503259.667362,173.194.187.70,10.10.0.10,,,443,37473,0,1358,17
1584503259.7044828,173.194.187.70,10.10.0.10,,,443,37473,0,1358,17
1584503259.7064445,10.10.0.10,173.194.187.70,,,37473,443,0,37,17
1584503259.741606,173.194.187.70,10.10.0.10,,,443,37473,0,1358,17
1584503259.7787054,173.194.187.70,10.10.0.10,,,443,37473,0,1358,17
1584503259.7804284,10.10.0.10,173.194.187.70,,,37473,443,0,37,17
1584503259.8158288,173.194.187.70,10.10.0.10,,,443,37473,0,1358,17
1584503259.8529491,173.194.187.70,10.10.0.10,,,443,37473,0,1358,17
1584503259.85456,10.10.0.10,173.194.187.70,,,37473,443,0,50,17
1584503259.890069,173.194.187.70,10.10.0.10,,,443,37473,0,1358,17
1584503259.927187,173.194.187.70,10.10.0.10,,,443,37473,0,1358,17
1584503259.929209,10.10.0.10,173.194.187.70,,,37473,443,0,37,17
1584503259.9643102,173.194.187.70,10.10.0.10,,,443,37473,0,1358,17
1584503260.00143,173.194.187.70,10.10.0.10,,,443,37473,0,1358,17
1584503260.0030956,10.10.0.10,173.194.187.70,,,37473,443,0,37,17
1584503260.038543,173.194.187.70,10.10.0.10,,,443,37473,0,1358,17
1584503260.075662,173.194.187.70,10.10.0.10,,,443,37473,0,1358,17
1584503260.077302,10.10.0.10,173.194.187.70,,,37473,443,0,37,17
1584503260.1127858,173.194.187.70,10.10.0.10,,,443,37473,0,1358,17
1584503260.1499062,173.194.187.70,10.10.0.10,,,443,37473,0,1358,17
1584503260.151768,10.10.0.10,173.194.187.70,,,37473,443,0,37,17
1584503260.187042,173.194.187.70,10.10.0.10,,,443,37473,0,1358,17
1584503260.2241561,173.194.187.70,10.10.0.10,,,443,37473,0,1358,17
1584503260.225958,10.10.0.10,173.194.187.70,,,37473,443,0,37,17
1584503260.26128,173.194.187.70,10.10.0.10,,,443,37473,0,1358,17
1584503260.2984035,173.194.187.70,10.10.0.10,,,443,37473,0,1358,17
1584503260.3010454,10.10.0.10,173.194.187.70,,,37473,443,0,37,17
1584503260.335509,173.194.187.70,10.10.0.10,,,443,37473,0,1358,17
1584503260.3726275,173.194.187.70,10.10.0.10,,,443,37473,0,1358,17
1584503260.3745642,10.10.0.10,173.194.187.70,,,37473,443,0,37,17
1584503260.4097474,173.194.187.70,10.10.0.10,,,443,37473,0,1358,17
1584503260.446868,173.194.187.70,10.10.0.10,,,443,37473,0,1358,17
1584503260.474187,10.10.0.10,173.194.187.70,,,37473,443,0,37,17
1584503260.483992,173.194.187.70,10.10.0.10,,,443,37473,0,1358,17
1584503260.521106,173.194.187.70,10.10.0.10,,,443,37473,0,1358,17
1584503260.5237892,10.10.0.10,173.194.187.70,,,37473,443,0,37,17
1584503260.5582292,173.194.187.70,10.10.0.10,,,443,37473,0,1358,17
1584503260.5953481,173.194.187.70,10.10.0.10,,,443,37473,0,1358,17
1584503260.596932,10.10.0.10,173.194.187.70,,,37473,443,0,37,17
1584503260.6324694,173.194.187.70,10.10.0.10,,,443,37473,0,1358,17
1584503260.669587,173.194.187.70,10.10.0.10,,,443,37473,0,1358,17
1584503260.6712835,10.10.0.10,173.194.187.70,,,37473,443,0,37,17
1584503260.706711,173.194.187.70,10.10.0.10,,,443,37473,0,1358,17
1584503260.743834,173.194.187.70,10.10.0.10,,,443,37473,0,1358,17
1584503260.7468028,10.10.0.10,173.194.187.70,,,37473,443,0,37,17
1584503260.780953,173.194.187.70,10.10.0.10,,,443,37473,0,1358,17
1584503260.8180802,173.194.187.70,10.10.0.10,,,443,37473,0,1358,17
1584503260.8196838,10.10.0.10,173.194.187.70,,,37473,443,0,37,17
1584503260.855203,173.194.187.70,10.10.0.10,,,443,37473,0,1358,17
1584503260.8923078,173.194.187.70,10.10.0.10,,,443,37473,0,1358,17
1584503260.8945448,10.10.0.10,173.194.187.70,,,37473,443,0,37,17
1584503260.9294481,173.194.187.70,10.10.0.10,,,443,37473,0,1358,17
1584503260.96656,173.194.187.70,10.10.0.10,,,443,37473,0,1358,17
1584503260.968158,10.10.0.10,173.194.187.70,,,37473,443,0,37,17
1584503261.003665,173.194.187.70,10.10.0.10,,,443,37473,0,1358,17
1584503261.04079,173.194.187.70,10.10.0.10,,,443,37473,0,1358,17
1584503261.042658,10.10.0.10,173.194.187.70,,,37473,443,0,37,17
1584503261.0779092,173.194.187.70,10.10.0.10,,,443,37473,0,1358,17
1584503261.115031,173.194.187.70,10.10.0.10,,,443,37473,0,1358,17
1584503261.116918,10.10.0.10,173.194.187.70,,,37473,443,0,37,17
1584503261.152144,173.194.187.70,10.10.0.10,,,443,37473,0,1358,17
1584503261.1892624,173.194.187.70,10.10.0.10,,,443,37473,0,1358,17
1584503261.1916692,10.10.0.10,173.194.187.70,,,37473,443,0,37,17
1584503261.2263858,173.194.187.70,10.10.0.10,,,443,37473,0,1358,17
1584503261.263509,173.194.187.70,10.10.0.10,,,443,37473,0,1358,17
1584503261.265288,10.10.0.10,173.194.187.70,,,37473,443,0,37,17
1584503261.3006294,173.194.187.70,10.10.0.10,,,443,37473,0,1358,17
1584503261.3377476,173.194.187.70,10.10.0.10,,,443,37473,0,1358,17
1584503261.3398876,10.10.0.10,173.194.187.70,,,37473,443,0,50,17
1584503261.3748732,173.194.187.70,10.10.0.10,,,443,37473,0,1358,17
1584503261.4119859,173.194.187.70,10.10.0.10,,,443,37473,0,1358,17
1584503261.4141402,10.10.0.10,173.194.187.70,,,37473,443,0,37,17
1584503261.449122,173.194.187.70,10.10.0.10,,,443,37473,0,1358,17
1584503261.4862428,173.194.187.70,10.10.0.10,,,443,37473,0,1358,17
1584503261.4879036,10.10.0.10,173.194.187.70,,,37473,443,0,37,17
1584503261.5233474,173.194.187.70,10.10.0.10,,,443,37473,0,1358,17
1584503261.5604641,173.194.187.70,10.10.0.10,,,443,37473,0,29,17
1584503261.562148,173.194.187.70,10.10.0.10,,,443,37473,0,1358,17
1584503261.5622542,10.10.0.10,173.194.187.70,,,37473,443,0,37,17
1584503261.5904038,10.10.0.10,173.194.187.70,,,37473,443,0,37,17
1584503261.5992675,173.194.187.70,10.10.0.10,,,443,37473,0,1358,17
1584503261.636389,173.194.187.70,10.10.0.10,,,443,37473,0,1358,17
1584503261.638277,10.10.0.10,173.194.187.70,,,37473,443,0,37,17
1584503261.673508,173.194.187.70,10.10.0.10,,,443,37473,0,1358,17
1584503261.7106292,173.194.187.70,10.10.0.10,,,443,37473,0,1358,17
1584503261.712263,10.10.0.10,173.194.187.70,,,37473,443,0,37,17
1584503261.7477481,173.194.187.70,10.10.0.10,,,443,37473,0,1358,17
1584503261.7848668,173.194.187.70,10.10.0.10,,,443,37473,0,1358,17
1584503261.7865224,10.10.0.10,173.194.187.70,,,37473,443,0,37,17
1584503261.821983,173.194.187.70,10.10.0.10,,,443,37473,0,1358,17
1584503261.859113,173.194.187.70,10.10.0.10,,,443,37473,0,1358,17
1584503261.860617,10.10.0.10,173.194.187.70,,,37473,443,0,37,17
1584503261.896234,173.194.187.70,10.10.0.10,,,443,37473,0,1358,17
1584503261.9333544,173.194.187.70,10.10.0.10,,,443,37473,0,1358,17
1584503261.9353929,10.10.0.10,173.194.187.70,,,37473,443,0,37,17
1584503261.970464,173.194.187.70,10.10.0.10,,,443,37473,0,1358,17
1584503262.0075822,173.194.187.70,10.10.0.10,,,443,37473,0,1358,17
1584503262.0098915,10.10.0.10,173.194.187.70,,,37473,443,0,37,17
1584503262.044704,173.194.187.70,10.10.0.10,,,443,37473,0,1358,17
1584503262.0818279,173.194.187.70,10.10.0.10,,,443,37473,0,1358,17
1584503262.084394,10.10.0.10,173.194.187.70,,,37473,443,0,37,17
1584503262.1189475,173.194.187.70,10.10.0.10,,,443,37473,0,1358,17
1584503262.156067,173.194.187.70,10.10.0.10,,,443,37473,0,1358,17
1584503262.1590269,10.10.0.10,173.194.187.70,,,37473,443,0,37,17
1584503262.1931849,173.194.187.70,10.10.0.10,,,443,37473,0,1358,17
1584503262.230314,173.194.187.70,10.10.0.10,,,443,37473,0,1358,17
1584503262.232135,10.10.0.10,173.194.187.70,,,37473,443,0,37,17
1584503262.267428,173.194.187.70,10.10.0.10,,,443,37473,0,1358,17
1584503262.3045466,173.194.187.70,10.10.0.10,,,443,37473,0,1358,17
1584503262.306135,10.10.0.10,173.194.187.70,,,37473,443,0,37,17
1584503262.3427858,173.194.187.70,10.10.0.10,,,443,37473,0,1358,17
1584503262.3799126,173.194.187.70,10.10.0.10,,,443,37473,0,1358,17
1584503262.3816302,10.10.0.10,173.194.187.70,,,37473,443,0,37,17
1584503262.41703,173.194.187.70,10.10.0.10,,,443,37473,0,1358,17
1584503262.454157,173.194.187.70,10.10.0.10,,,443,37473,0,1358,17
1584503262.4557538,10.10.0.10,173.194.187.70,,,37473,443,0,37,17
1584503262.49128,173.194.187.70,10.10.0.10,,,443,37473,0,1358,17
1584503262.528401,173.194.187.70,10.10.0.10,,,443,37473,0,1358,17
1584503262.5301044,10.10.0.10,173.194.187.70,,,37473,443,0,37,17
1584503262.565526,173.194.187.70,10.10.0.10,,,443,37473,0,1358,17
1584503262.602648,173.194.187.70,10.10.0.10,,,443,37473,0,1358,17
1584503262.6044981,10.10.0.10,173.194.187.70,,,37473,443,0,37,17
1584503262.6397474,173.194.187.70,10.10.0.10,,,443,37473,0,1358,17
1584503262.6768696,173.194.187.70,10.10.0.10,,,443,37473,0,1358,17
1584503262.678751,10.10.0.10,173.194.187.70,,,37473,443,0,37,17
1584503262.71399,173.194.187.70,10.10.0.10,,,443,37473,0,1358,17
1584503262.751108,173.194.187.70,10.10.0.10,,,443,37473,0,1358,17
1584503262.753994,10.10.0.10,173.194.187.70,,,37473,443,0,50,17
1584503262.7882302,173.194.187.70,10.10.0.10,,,443,37473,0,1358,17
1584503262.825349,173.194.187.70,10.10.0.10,,,443,37473,0,1358,17
1584503262.829116,10.10.0.10,173.194.187.70,,,37473,443,0,37,17
1584503262.8624678,173.194.187.70,10.10.0.10,,,443,37473,0,1358,17
1584503262.899587,173.194.187.70,10.10.0.10,,,443,37473,0,1358,17
1584503262.9010851,10.10.0.10,173.194.187.70,,,37473,443,0,37,17
1584503262.9367092,173.194.187.70,10.10.0.10,,,443,37473,0,29,17
1584503262.938391,173.194.187.70,10.10.0.10,,,443,37473,0,1358,17
1584503262.9755054,173.194.187.70,10.10.0.10,,,443,37473,0,1358,17
1584503262.977186,10.10.0.10,173.194.187.70,,,37473,443,0,37,17
1584503263.012627,173.194.187.70,10.10.0.10,,,443,37473,0,1358,17
1584503263.049744,173.194.187.70,10.10.0.10,,,443,37473,0,1358,17
1584503263.051431,10.10.0.10,173.194.187.70,,,37473,443,0,37,17
1584503263.0868852,173.194.187.70,10.10.0.10,,,443,37473,0,1358,17
1584503263.123985,173.194.187.70,10.10.0.10,,,443,37473,0,1358,17
1584503263.126742,10.10.0.10,173.194.187.70,,,37473,443,0,37,17
1584503263.161117,173.194.187.70,10.10.0.10,,,443,37473,0,1358,17
1584503263.198243,173.194.187.70,10.10.0.10,,,443,37473,0,1358,17
1584503263.200099,10.10.0.10,173.194.187.70,,,37473,443,0,37,17
1584503263.235352,173.194.187.70,10.10.0.10,,,443,37473,0,1358,17
1584503263.2702134,10.10.0.10,173.194.187.70,,,37473,443,0,37,17
1584503263.2724721,173.194.187.70,10.10.0.10,,,443,37473,0,1358,17
1584503263.308354,10.10.0.10,173.194.187.70,,,37473,443,0,37,17
1584503263.3095882,173.194.187.70,10.10.0.10,,,443,37473,0,1358,17
1584503263.3467028,173.194.187.70,10.10.0.10,,,443,37473,0,1358,17
1584503263.348331,10.10.0.10,173.194.187.70,,,37473,443,0,37,17
1584503263.383828,173.194.187.70,10.10.0.10,,,443,37473,0,1358,17
1584503263.4209552,173.194.187.70,10.10.0.10,,,443,37473,0,1358,17
1584503263.422607,10.10.0.10,173.194.187.70,,,37473,443,0,37,17
1584503263.458067,173.194.187.70,10.10.0.10,,,443,37473,0,1358,17
1584503263.4951878,173.194.187.70,10.10.0.10,,,443,37473,0,1358,17
1584503263.497328,10.10.0.10,173.194.187.70,,,37473,443,0,37,17
1584503263.532309,173.194.187.70,10.10.0.10,,,443,37473,0,1358,17
1584503263.569433,173.194.187.70,10.10.0.10,,,443,37473,0,1358,17
1584503263.571703,10.10.0.10,173.194.187.70,,,37473,443,0,37,17
1584503263.606559,173.194.187.70,10.10.0.10,,,443,37473,0,1358,17
1584503263.643681,173.194.187.70,10.10.0.10,,,443,37473,0,1358,17
1584503263.645466,10.10.0.10,173.194.187.70,,,37473,443,0,37,17
1584503263.6807878,173.194.187.70,10.10.0.10,,,443,37473,0,1358,17
1584503263.717907,173.194.187.70,10.10.0.10,,,443,37473,0,1358,17
1584503263.720201,10.10.0.10,173.194.187.70,,,37473,443,0,37,17
1584503263.7550302,173.194.187.70,10.10.0.10,,,443,37473,0,1358,17
1584503263.792149,173.194.187.70,10.10.0.10,,,443,37473,0,1358,17
1584503263.7937126,10.10.0.10,173.194.187.70,,,37473,443,0,37,17
1584503263.829262,173.194.187.70,10.10.0.10,,,443,37473,0,1358,17
1584503263.866387,173.194.187.70,10.10.0.10,,,443,37473,0,1358,17
1584503263.868055,10.10.0.10,173.194.187.70,,,37473,443,0,37,17
1584503263.903524,173.194.187.70,10.10.0.10,,,443,37473,0,1358,17
1584503263.9406312,173.194.187.70,10.10.0.10,,,443,37473,0,1358,17
1584503263.9428296,10.10.0.10,173.194.187.70,,,37473,443,0,37,17
1584503263.977747,173.194.187.70,10.10.0.10,,,443,37473,0,1358,17
1584503264.014865,173.194.187.70,10.10.0.10,,,443,37473,0,1358,17
1584503264.016902,10.10.0.10,173.194.187.70,,,37473,443,0,37,17
1584503264.051984,173.194.187.70,10.10.0.10,,,443,37473,0,1358,17
1584503264.089113,173.194.187.70,10.10.0.10,,,443,37473,0,1358,17
1584503264.090688,10.10.0.10,173.194.187.70,,,37473,443,0,37,17
1584503264.1262321,173.194.187.70,10.10.0.10,,,443,37473,0,1358,17
1584503264.163357,173.194.187.70,10.10.0.10,,,443,37473,0,1358,17
1584503264.1650774,10.10.0.10,173.194.187.70,,,37473,443,0,50,17
1584503264.2004821,173.194.187.70,10.10.0.10,,,443,37473,0,1358,17
1584503264.237603,173.194.187.70,10.10.0.10,,,443,37473,0,1358,17
1584503264.2396722,10.10.0.10,173.194.187.70,,,37473,443,0,37,17
1584503264.2747252,173.194.187.70,10.10.0.10,,,443,37473,0,1358,17
1584503264.3118489,173.194.187.70,10.10.0.10,,,443,37473,0,1358,17
1584503264.313575,10.10.0.10,173.194.187.70,,,37473,443,0,37,17
1584503264.348946,173.194.187.70,10.10.0.10,,,443,37473,0,29,17
1584503264.3506286,173.194.187.70,10.10.0.10,,,443,37473,0,1358,17
1584503264.387746,173.194.187.70,10.10.0.10,,,443,37473,0,330,17
1584503264.389678,10.10.0.10,173.194.187.70,,,37473,443,0,37,17
1584503264.402806,10.10.0.10,173.194.187.70,,,37473,443,0,728,17
1584503264.403322,10.10.0.10,173.194.187.70,,,37473,443,0,48,17
1584503264.407705,173.194.187.70,10.10.0.10,,,443,37473,0,115,17
1584503264.407742,173.194.187.70,10.10.0.10,,,443,37473,0,1358,17
1584503264.413451,10.10.0.10,173.194.187.70,,,37473,443,0,37,17
1584503264.414187,10.10.0.10,173.194.187.70,,,37473,443,0,747,17
1584503264.414675,10.10.0.10,173.194.187.70,,,37473,443,0,48,17
1584503264.438549,173.194.187.70,10.10.0.10,,,443,37473,0,1358,17
1584503264.4756658,173.194.187.70,10.10.0.10,,,443,37473,0,1358,17
1584503264.477944,10.10.0.10,173.194.187.70,,,37473,443,0,37,17
1584503264.5127866,173.194.187.70,10.10.0.10,,,443,37473,0,1358,17
1584503264.549908,173.194.187.70,10.10.0.10,,,443,37473,0,1358,17
1584503264.552691,10.10.0.10,173.194.187.70,,,37473,443,0,37,17
1584503264.5870292,173.194.187.70,10.10.0.10,,,443,37473,0,1358,17
1584503264.624153,173.194.187.70,10.10.0.10,,,443,37473,0,1358,17
1584503264.6261902,10.10.0.10,173.194.187.70,,,37473,443,0,37,17
1584503264.661278,173.194.187.70,10.10.0.10,,,443,37473,0,1358,17
1584503264.698402,173.194.187.70,10.10.0.10,,,443,37473,0,1358,17
1584503264.7000446,10.10.0.10,173.194.187.70,,,37473,443,0,37,17
1584503264.735522,173.194.187.70,10.10.0.10,,,443,37473,0,29,17
1584503264.737186,173.194.187.70,10.10.0.10,,,443,37473,0,1358,17
1584503264.7743075,173.194.187.70,10.10.0.10,,,443,37473,0,1358,17
1584503264.7760339,10.10.0.10,173.194.187.70,,,37473,443,0,37,17
1584503264.8114278,173.194.187.70,10.10.0.10,,,443,37473,0,1358,17
1584503264.8485491,173.194.187.70,10.10.0.10,,,443,37473,0,1358,17
1584503264.850154,10.10.0.10,173.194.187.70,,,37473,443,0,37,17
1584503264.8856678,173.194.187.70,10.10.0.10,,,443,37473,0,1358,17
1584503264.922787,173.194.187.70,10.10.0.10,,,443,37473,0,1358,17
1584503264.92439,10.10.0.10,173.194.187.70,,,37473,443,0,37,17
1584503264.9599078,173.194.187.70,10.10.0.10,,,443,37473,0,1358,17
1584503264.997025,173.194.187.70,10.10.0.10,,,443,37473,0,1358,17
1584503264.9989386,10.10.0.10,173.194.187.70,,,37473,443,0,37,17
1584503265.03415,173.194.187.70,10.10.0.10,,,443,37473,0,1358,17
1584503265.0697546,10.10.0.10,173.194.187.70,,,37473,443,0,37,17
1584503265.071266,173.194.187.70,10.10.0.10,,,443,37473,0,1358,17
1584503265.1083858,173.194.187.70,10.10.0.10,,,443,37473,0,1358,17
1584503265.110496,10.10.0.10,173.194.187.70,,,37473,443,0,37,17
1584503265.145513,173.194.187.70,10.10.0.10,,,443,37473,0,1358,17
1584503265.1826372,173.194.187.70,10.10.0.10,,,443,37473,0,1358,17
1584503265.1842804,10.10.0.10,173.194.187.70,,,37473,443,0,37,17
1584503265.219761,173.194.187.70,10.10.0.10,,,443,37473,0,1358,17
1584503265.256882,173.194.187.70,10.10.0.10,,,443,37473,0,1358,17
1584503265.25868,10.10.0.10,173.194.187.70,,,37473,443,0,37,17
1584503265.2939878,173.194.187.70,10.10.0.10,,,443,37473,0,1358,17
1584503265.3311124,173.194.187.70,10.10.0.10,,,443,37473,0,1358,17
1584503265.3330462,10.10.0.10,173.194.187.70,,,37473,443,0,37,17
1584503265.36823,173.194.187.70,10.10.0.10,,,443,37473,0,1358,17
1584503265.4053473,173.194.187.70,10.10.0.10,,,443,37473,0,1358,17
1584503265.406917,10.10.0.10,173.194.187.70,,,37473,443,0,37,17
1584503265.4424696,173.194.187.70,10.10.0.10,,,443,37473,0,1358,17
1584503265.4795878,173.194.187.70,10.10.0.10,,,443,37473,0,1358,17
1584503265.4811714,10.10.0.10,173.194.187.70,,,37473,443,0,37,17
1584503265.51671,173.194.187.70,10.10.0.10,,,443,37473,0,1358,17
1584503265.5538278,173.194.187.70,10.10.0.10,,,443,37473,0,1358,17
1584503265.556393,10.10.0.10,173.194.187.70,,,37473,443,0,37,17
1584503265.590948,173.194.187.70,10.10.0.10,,,443,37473,0,1358,17
1584503265.6280801,173.194.187.70,10.10.0.10,,,443,37473,0,1358,17
1584503265.63275,10.10.0.10,173.194.187.70,,,37473,443,0,37,17
1584503265.665189,173.194.187.70,10.10.0.10,,,443,37473,0,1358,17
1584503265.697912,10.10.0.10,173.194.187.70,,,37473,443,0,37,17
1584503265.702312,173.194.187.70,10.10.0.10,,,443,37473,0,1358,17
1584503265.739435,173.194.187.70,10.10.0.10,,,443,37473,0,1358,17
1584503265.741514,10.10.0.10,173.194.187.70,,,37473,443,0,37,17
1584503265.776561,173.194.187.70,10.10.0.10,,,443,37473,0,1358,17
1584503265.8136828,173.194.187.70,10.10.0.10,,,443,37473,0,1358,17
1584503265.816259,10.10.0.10,173.194.187.70,,,37473,443,0,50,17
1584503265.8508039,173.194.187.70,10.10.0.10,,,443,37473,0,1358,17
1584503265.887933,173.194.187.70,10.10.0.10,,,443,37473,0,1358,17
1584503265.889529,10.10.0.10,173.194.187.70,,,37473,443,0,37,17
1584503265.925027,173.194.187.70,10.10.0.10,,,443,37473,0,1358,17
1584503265.962153,173.194.187.70,10.10.0.10,,,443,37473,0,1358,17
1584503265.9638774,10.10.0.10,173.194.187.70,,,37473,443,0,37,17
1584503265.999265,173.194.187.70,10.10.0.10,,,443,37473,0,1358,17
1584503266.036385,173.194.187.70,10.10.0.10,,,443,37473,0,1358,17
1584503266.038506,10.10.0.10,173.194.187.70,,,37473,443,0,37,17
1584503266.0735092,173.194.187.70,10.10.0.10,,,443,37473,0,1358,17
1584503266.102606,10.10.0.10,173.194.187.70,,,37473,443,0,37,17
1584503266.1106234,173.194.187.70,10.10.0.10,,,443,37473,0,1358,17
1584503266.147745,173.194.187.70,10.10.0.10,,,443,37473,0,1358,17
1584503266.149501,10.10.0.10,173.194.187.70,,,37473,443,0,37,17
1584503266.18487,173.194.187.70,10.10.0.10,,,443,37473,0,1358,17
1584503266.2219892,173.194.187.70,10.10.0.10,,,443,37473,0,1358,17
1584503266.222999,10.10.0.10,173.194.187.70,,,37473,443,0,37,17
1584503266.2591028,173.194.187.70,10.10.0.10,,,443,37473,0,1358,17
1584503266.2606409,10.10.0.10,173.194.187.70,,,37473,443,0,37,17
1584503266.296231,173.194.187.70,10.10.0.10,,,443,37473,0,1358,17
1584503266.3333552,173.194.187.70,10.10.0.10,,,443,37473,0,1358,17
1584503266.334985,10.10.0.10,173.194.187.70,,,37473,443,0,37,17
1584503266.3704774,173.194.187.70,10.10.0.10,,,443,37473,0,1358,17
1584503266.4076028,173.194.187.70,10.10.0.10,,,443,37473,0,1358,17
1584503266.4097636,10.10.0.10,173.194.187.70,,,37473,443,0,37,17
1584503266.4447222,173.194.187.70,10.10.0.10,,,443,37473,0,1358,17
1584503266.4818301,173.194.187.70,10.10.0.10,,,443,37473,0,1358,17
1584503266.483365,10.10.0.10,173.194.187.70,,,37473,443,0,37,17
1584503266.518949,173.194.187.70,10.10.0.10,,,443,37473,0,1358,17
1584503266.5560696,173.194.187.70,10.10.0.10,,,443,37473,0,1358,17
1584503266.5580142,10.10.0.10,173.194.187.70,,,37473,443,0,37,17
1584503266.593189,173.194.187.70,10.10.0.10,,,443,37473,0,1358,17
1584503266.630308,173.194.187.70,10.10.0.10,,,443,37473,0,1358,17
1584503266.6326108,10.10.0.10,173.194.187.70,,,37473,443,0,37,17
1584503266.6674302,173.194.187.70,10.10.0.10,,,443,37473,0,1358,17
1584503266.6980062,10.10.0.10,173.194.187.70,,,37473,443,0,37,17
1584503266.704549,173.194.187.70,10.10.0.10,,,443,37473,0,1358,17
1584503266.7416675,173.194.187.70,10.10.0.10,,,443,37473,0,1358,17
1584503266.755002,10.10.0.10,173.194.187.70,,,37473,443,0,37,17
1584503266.77879,173.194.187.70,10.10.0.10,,,443,37473,0,1358,17
1584503266.8159091,173.194.187.70,10.10.0.10,,,443,37473,0,1358,17
1584503266.817877,10.10.0.10,173.194.187.70,,,37473,443,0,37,17
1584503266.8530278,173.194.187.70,10.10.0.10,,,443,37473,0,1358,17
1584503266.890153,173.194.187.70,10.10.0.10,,,443,37473,0,1358,17
1584503266.8919704,10.10.0.10,173.194.187.70,,,37473,443,0,37,17
1584503266.927278,173.194.187.70,10.10.0.10,,,443,37473,0,1358,17
1584503266.959753,10.10.0.10,173.194.187.70,,,37473,443,0,37,17
1584503266.964385,173.194.187.70,10.10.0.10,,,443,37473,0,1358,17
1584503267.0015225,173.194.187.70,10.10.0.10,,,443,37473,0,1358,17
1584503267.0033429,10.10.0.10,173.194.187.70,,,37473,443,0,37,17
1584503267.0386288,173.194.187.70,10.10.0.10,,,443,37473,0,1358,17
1584503267.075744,173.194.187.70,10.10.0.10,,,443,37473,0,1358,17
1584503267.077567,10.10.0.10,173.194.187.70,,,37473,443,0,37,17
1584503267.1128669,173.194.187.70,10.10.0.10,,,443,37473,0,1358,17
1584503267.149994,173.194.187.70,10.10.0.10,,,443,37473,0,1358,17
1584503267.1518588,10.10.0.10,173.194.187.70,,,37473,443,0,50,17
1584503267.1871061,173.194.187.70,10.10.0.10,,,443,37473,0,1358,17
1584503267.22423,173.194.187.70,10.10.0.10,,,443,37473,0,1358,17
1584503267.226727,10.10.0.10,173.194.187.70,,,37473,443,0,37,17
1584503267.2613509,173.194.187.70,10.10.0.10,,,443,37473,0,1358,17
1584503267.295592,10.10.0.10,173.194.187.70,,,37473,443,0,37,17
1584503267.2984722,173.194.187.70,10.10.0.10,,,443,37473,0,1358,17
1584503267.3355868,173.194.187.70,10.10.0.10,,,443,37473,0,1358,17
1584503267.337193,10.10.0.10,173.194.187.70,,,37473,443,0,37,17
1584503267.37271,173.194.187.70,10.10.0.10,,,443,37473,0,1358,17
1584503267.4098294,173.194.187.70,10.10.0.10,,,443,37473,0,1358,17
1584503267.4129546,10.10.0.10,173.194.187.70,,,37473,443,0,37,17
1584503267.446949,173.194.187.70,10.10.0.10,,,443,37473,0,1358,17
1584503267.484071,173.194.187.70,10.10.0.10,,,443,37473,0,1358,17
1584503267.486088,10.10.0.10,173.194.187.70,,,37473,443,0,37,17
1584503267.525641,173.194.187.70,10.10.0.10,,,443,37473,0,1358,17
1584503267.5627608,173.194.187.70,10.10.0.10,,,443,37473,0,1358,17
1584503267.56448,10.10.0.10,173.194.187.70,,,37473,443,0,37,17
1584503267.601005,173.194.187.70,10.10.0.10,,,443,37473,0,1358,17
1584503267.638119,173.194.187.70,10.10.0.10,,,443,37473,0,1358,17
1584503267.640959,10.10.0.10,173.194.187.70,,,37473,443,0,37,17
1584503267.675255,173.194.187.70,10.10.0.10,,,443,37473,0,1358,17
1584503267.712379,173.194.187.70,10.10.0.10,,,443,37473,0,1358,17
1584503267.7148292,10.10.0.10,173.194.187.70,,,37473,443,0,37,17
1584503267.7494988,173.194.187.70,10.10.0.10,,,443,37473,0,1358,17
1584503267.7866,173.194.187.70,10.10.0.10,,,443,37473,0,1358,17
1584503267.788943,10.10.0.10,173.194.187.70,,,37473,443,0,37,17
1584503267.8237212,173.194.187.70,10.10.0.10,,,443,37473,0,1358,17
1584503267.8653102,173.194.187.70,10.10.0.10,,,443,37473,0,1358,17
1584503267.8668268,10.10.0.10,173.194.187.70,,,37473,443,0,37,17
1584503267.902433,173.194.187.70,10.10.0.10,,,443,37473,0,1358,17
1584503267.939532,173.194.187.70,10.10.0.10,,,443,37473,0,1358,17
1584503267.941576,10.10.0.10,173.194.187.70,,,37473,443,0,37,17
1584503267.976652,173.194.187.70,10.10.0.10,,,443,37473,0,1358,17
1584503268.0137732,173.194.187.70,10.10.0.10,,,443,37473,0,1358,17
1584503268.015812,10.10.0.10,173.194.187.70,,,37473,443,0,37,17
1584503268.050895,173.194.187.70,10.10.0.10,,,443,37473,0,1358,17
1584503268.0880108,173.194.187.70,10.10.0.10,,,443,37473,0,1358,17
1584503268.0897148,10.10.0.10,173.194.187.70,,,37473,443,0,37,17
1584503268.1251314,173.194.187.70,10.10.0.10,,,443,37473,0,1358,17
1584503268.1529431,10.10.0.10,173.194.187.70,,,37473,443,0,50,17
1584503268.166703,173.194.187.70,10.10.0.10,,,443,37473,0,1358,17
1584503268.2038288,173.194.187.70,10.10.0.10,,,443,37473,0,1358,17
1584503268.2060678,10.10.0.10,173.194.187.70,,,37473,443,0,37,17
1584503268.240944,173.194.187.70,10.10.0.10,,,443,37473,0,1358,17
1584503268.278069,173.194.187.70,10.10.0.10,,,443,37473,0,1358,17
1584503268.27969,10.10.0.10,173.194.187.70,,,37473,443,0,37,17
1584503268.315187,173.194.187.70,10.10.0.10,,,443,37473,0,1358,17
1584503268.352304,173.194.187.70,10.10.0.10,,,443,37473,0,29,17
1584503268.353678,10.10.0.10,173.194.187.70,,,37473,443,0,37,17
1584503268.353983,173.194.187.70,10.10.0.10,,,443,37473,0,1358,17
1584503268.3911078,173.194.187.70,10.10.0.10,,,443,37473,0,1358,17
1584503268.392677,10.10.0.10,173.194.187.70,,,37473,443,0,37,17
1584503268.428233,173.194.187.70,10.10.0.10,,,443,37473,0,1358,17
1584503268.465357,173.194.187.70,10.10.0.10,,,443,37473,0,1358,17
1584503268.4673278,10.10.0.10,173.194.187.70,,,37473,443,0,37,17
1584503268.502482,173.194.187.70,10.10.0.10,,,443,37473,0,1358,17
1584503268.5395875,173.194.187.70,10.10.0.10,,,443,37473,0,1358,17
1584503268.5439556,10.10.0.10,173.194.187.70,,,37473,443,0,37,17
1584503268.5767276,173.194.187.70,10.10.0.10,,,443,37473,0,1358,17
1584503268.613849,173.194.187.70,10.10.0.10,,,443,37473,0,1358,17
1584503268.616576,10.10.0.10,173.194.187.70,,,37473,443,0,37,17
1584503268.6509461,173.194.187.70,10.10.0.10,,,443,37473,0,1358,17
1584503268.688071,173.194.187.70,10.10.0.10,,,443,37473,0,1358,17
1584503268.6897938,10.10.0.10,173.194.187.70,,,37473,443,0,37,17
1584503268.7251892,173.194.187.70,10.10.0.10,,,443,37473,0,1358,17
1584503268.7623081,173.194.187.70,10.10.0.10,,,443,37473,0,1358,17
1584503268.764428,10.10.0.10,173.194.187.70,,,37473,443,0,37,17
1584503268.7994292,173.194.187.70,10.10.0.10,,,443,37473,0,1358,17
1584503268.8365474,173.194.187.70,10.10.0.10,,,443,37473,0,1358,17
1584503268.839818,10.10.0.10,173.194.187.70,,,37473,443,0,37,17
1584503268.8736699,173.194.187.70,10.10.0.10,,,443,37473,0,1358,17
1584503268.910789,173.194.187.70,10.10.0.10,,,443,37473,0,1358,17
1584503268.9145381,10.10.0.10,173.194.187.70,,,37473,443,0,37,17
1584503268.947905,173.194.187.70,10.10.0.10,,,443,37473,0,1358,17
1584503268.985025,173.194.187.70,10.10.0.10,,,443,37473,0,1358,17
1584503268.986775,10.10.0.10,173.194.187.70,,,37473,443,0,37,17
1584503269.022151,173.194.187.70,10.10.0.10,,,443,37473,0,1358,17
1584503269.059275,173.194.187.70,10.10.0.10,,,443,37473,0,1358,17
1584503269.06131,10.10.0.10,173.194.187.70,,,37473,443,0,37,17
1584503269.096386,173.194.187.70,10.10.0.10,,,443,37473,0,1358,17
1584503269.1335075,173.194.187.70,10.10.0.10,,,443,37473,0,1358,17
1584503269.1355321,10.10.0.10,173.194.187.70,,,37473,443,0,37,17
1584503269.1706452,173.194.187.70,10.10.0.10,,,443,37473,0,1358,17
1584503269.2077491,173.194.187.70,10.10.0.10,,,443,37473,0,1358,17
1584503269.210295,10.10.0.10,173.194.187.70,,,37473,443,0,37,17
1584503269.2448678,173.194.187.70,10.10.0.10,,,443,37473,0,1358,17
1584503269.281987,173.194.187.70,10.10.0.10,,,443,37473,0,1358,17
1584503269.283909,10.10.0.10,173.194.187.70,,,37473,443,0,37,17
1584503269.3191078,173.194.187.70,10.10.0.10,,,443,37473,0,1358,17
1584503269.3562279,173.194.187.70,10.10.0.10,,,443,37473,0,1358,17
1584503269.357802,10.10.0.10,173.194.187.70,,,37473,443,0,37,17
1584503269.3933475,173.194.187.70,10.10.0.10,,,443,37473,0,1358,17
1584503269.430469,173.194.187.70,10.10.0.10,,,443,37473,0,1358,17
1584503269.4339259,10.10.0.10,173.194.187.70,,,37473,443,0,37,17
1584503269.4675882,173.194.187.70,10.10.0.10,,,443,37473,0,1358,17
1584503269.504709,173.194.187.70,10.10.0.10,,,443,37473,0,1358,17
1584503269.5070488,10.10.0.10,173.194.187.70,,,37473,443,0,37,17
1584503269.541828,173.194.187.70,10.10.0.10,,,443,37473,0,1358,17
1584503269.5789475,173.194.187.70,10.10.0.10,,,443,37473,0,1358,17
1584503269.5817964,10.10.0.10,173.194.187.70,,,37473,443,0,50,17
1584503269.616065,173.194.187.70,10.10.0.10,,,443,37473,0,1358,17
1584503269.653196,173.194.187.70,10.10.0.10,,,443,37473,0,1358,17
1584503269.657293,10.10.0.10,173.194.187.70,,,37473,443,0,37,17
1584503269.69032,173.194.187.70,10.10.0.10,,,443,37473,0,1358,17
1584503269.727442,173.194.187.70,10.10.0.10,,,443,37473,0,1358,17
1584503269.7292721,10.10.0.10,173.194.187.70,,,37473,443,0,37,17
1584503269.7645671,173.194.187.70,10.10.0.10,,,443,37473,0,1358,17
1584503269.80169,173.194.187.70,10.10.0.10,,,443,37473,0,29,17
1584503269.803259,10.10.0.10,173.194.187.70,,,37473,443,0,37,17
1584503269.806096,173.194.187.70,10.10.0.10,,,443,37473,0,1358,17
1584503269.843214,173.194.187.70,10.10.0.10,,,443,37473,0,1358,17
1584503269.8449118,10.10.0.10,173.194.187.70,,,37473,443,0,37,17
1584503269.880336,173.194.187.70,10.10.0.10,,,443,37473,0,1358,17
1584503269.917454,173.194.187.70,10.10.0.10,,,443,37473,0,1358,17
1584503269.91916,10.10.0.10,173.194.187.70,,,37473,443,0,37,17
1584503269.954574,173.194.187.70,10.10.0.10,,,443,37473,0,1358,17
1584503269.991697,173.194.187.70,10.10.0.10,,,443,37473,0,1358,17
1584503269.997535,10.10.0.10,173.194.187.70,,,37473,443,0,37,17
1584503270.028808,173.194.187.70,10.10.0.10,,,443,37473,0,1358,17
1584503270.0659351,173.194.187.70,10.10.0.10,,,443,37473,0,1358,17
1584503270.068392,10.10.0.10,173.194.187.70,,,37473,443,0,37,17
1584503270.1030598,173.194.187.70,10.10.0.10,,,443,37473,0,1358,17
1584503270.1401708,173.194.187.70,10.10.0.10,,,443,37473,0,1358,17
1584503270.14276,10.10.0.10,173.194.187.70,,,37473,443,0,37,17
1584503270.1772964,173.194.187.70,10.10.0.10,,,443,37473,0,1358,17
1584503270.209878,10.10.0.10,173.194.187.70,,,37473,443,0,37,17
1584503270.2144132,173.194.187.70,10.10.0.10,,,443,37473,0,1358,17
1584503270.2515302,173.194.187.70,10.10.0.10,,,443,37473,0,1358,17
1584503270.252999,10.10.0.10,173.194.187.70,,,37473,443,0,37,17
1584503270.288666,173.194.187.70,10.10.0.10,,,443,37473,0,1358,17
1584503270.3257742,173.194.187.70,10.10.0.10,,,443,37473,0,1358,17
1584503270.327408,10.10.0.10,173.194.187.70,,,37473,443,0,37,17
1584503270.362907,173.194.187.70,10.10.0.10,,,443,37473,0,1358,17
1584503270.401983,173.194.187.70,10.10.0.10,,,443,37473,0,1358,17
1584503270.40552,10.10.0.10,173.194.187.70,,,37473,443,0,37,17
1584503270.439108,173.194.187.70,10.10.0.10,,,443,37473,0,1358,17
1584503270.4717722,10.10.0.10,173.194.187.70,,,37473,443,0,37,17
1584503270.476232,173.194.187.70,10.10.0.10,,,443,37473,0,1358,17
1584503270.512022,10.10.0.10,173.194.187.70,,,37473,443,0,37,17
1584503270.5133572,173.194.187.70,10.10.0.10,,,443,37473,0,1358,17
1584503270.550482,173.194.187.70,10.10.0.10,,,443,37473,0,1358,17
1584503270.552384,10.10.0.10,173.194.187.70,,,37473,443,0,37,17
1584503270.5875876,173.194.187.70,10.10.0.10,,,443,37473,0,1358,17
1584503270.6155136,10.10.0.10,173.194.187.70,,,37473,443,0,37,17
1584503270.6325474,173.194.187.70,10.10.0.10,,,443,37473,0,1358,17
1584503270.6696696,173.194.187.70,10.10.0.10,,,443,37473,0,1358,17
1584503270.671247,10.10.0.10,173.194.187.70,,,37473,443,0,37,17
1584503270.706791,173.194.187.70,10.10.0.10,,,443,37473,0,1358,17
1584503270.7439141,173.194.187.70,10.10.0.10,,,443,37473,0,1358,17
1584503270.7455099,10.10.0.10,173.194.187.70,,,37473,443,0,37,17
1584503270.78104,173.194.187.70,10.10.0.10,,,443,37473,0,1358,17
1584503270.8152409,10.10.0.10,173.194.187.70,,,37473,443,0,37,17
1584503270.8181634,173.194.187.70,10.10.0.10,,,443,37473,0,1358,17
1584503270.857023,173.194.187.70,10.10.0.10,,,443,37473,0,1358,17
1584503270.859387,10.10.0.10,173.194.187.70,,,37473,443,0,50,17
1584503270.894159,173.194.187.70,10.10.0.10,,,443,37473,0,1358,17
1584503270.9312818,173.194.187.70,10.10.0.10,,,443,37473,0,1358,17
1584503270.9336376,10.10.0.10,173.194.187.70,,,37473,443,0,37,17
1584503270.968406,173.194.187.70,10.10.0.10,,,443,37473,0,1358,17
1584503271.0055325,173.194.187.70,10.10.0.10,,,443,37473,0,1358,17
1584503271.0078268,10.10.0.10,173.194.187.70,,,37473,443,0,37,17
1584503271.0426269,173.194.187.70,10.10.0.10,,,443,37473,0,1358,17
1584503271.081526,173.194.187.70,10.10.0.10,,,443,37473,0,1358,17
1584503271.084226,10.10.0.10,173.194.187.70,,,37473,443,0,37,17
1584503271.1424348,173.194.187.70,10.10.0.10,,,443,37473,0,1358,17
1584503271.1795619,173.194.187.70,10.10.0.10,,,443,37473,0,1358,17
1584503271.181345,10.10.0.10,173.194.187.70,,,37473,443,0,37,17
1584503271.216682,173.194.187.70,10.10.0.10,,,443,37473,0,1358,17
1584503271.2538009,173.194.187.70,10.10.0.10,,,443,37473,0,1358,17
1584503271.2553751,10.10.0.10,173.194.187.70,,,37473,443,0,37,17
1584503271.29092,173.194.187.70,10.10.0.10,,,443,37473,0,1358,17
1584503271.328041,173.194.187.70,10.10.0.10,,,443,37473,0,1358,17
1584503271.32985,10.10.0.10,173.194.187.70,,,37473,443,0,37,17
1584503271.3651671,173.194.187.70,10.10.0.10,,,443,37473,0,1358,17
1584503271.404042,173.194.187.70,10.10.0.10,,,443,37473,0,1358,17
1584503271.405599,10.10.0.10,173.194.187.70,,,37473,443,0,37,17
1584503271.441159,173.194.187.70,10.10.0.10,,,443,37473,0,1358,17
1584503271.478281,173.194.187.70,10.10.0.10,,,443,37473,0,1358,17
1584503271.4798682,10.10.0.10,173.194.187.70,,,37473,443,0,37,17
1584503271.515401,173.194.187.70,10.10.0.10,,,443,37473,0,1358,17
1584503271.556602,173.194.187.70,10.10.0.10,,,443,37473,0,1358,17
1584503271.561933,10.10.0.10,173.194.187.70,,,37473,443,0,37,17
1584503271.5937223,173.194.187.70,10.10.0.10,,,443,37473,0,1358,17
1584503271.63084,173.194.187.70,10.10.0.10,,,443,37473,0,1358,17
1584503271.6324852,10.10.0.10,173.194.187.70,,,37473,443,0,37,17
1584503271.6679628,173.194.187.70,10.10.0.10,,,443,37473,0,1358,17
1584503271.705084,173.194.187.70,10.10.0.10,,,443,37473,0,1358,17
1584503271.706839,10.10.0.10,173.194.187.70,,,37473,443,0,37,17
1584503271.7422009,173.194.187.70,10.10.0.10,,,443,37473,0,1358,17
1584503271.7804446,173.194.187.70,10.10.0.10,,,443,37473,0,1358,17
1584503271.781951,10.10.0.10,173.194.187.70,,,37473,443,0,37,17
1584503271.81757,173.194.187.70,10.10.0.10,,,443,37473,0,1358,17
1584503271.8546915,173.194.187.70,10.10.0.10,,,443,37473,0,1358,17
1584503271.856605,10.10.0.10,173.194.187.70,,,37473,443,0,37,17
1584503271.891816,173.194.187.70,10.10.0.10,,,443,37473,0,1358,17
1584503271.928925,173.194.187.70,10.10.0.10,,,443,37473,0,1358,17
1584503271.9289572,10.10.0.10,173.194.187.70,,,37473,443,0,37,17
1584503271.9660444,173.194.187.70,10.10.0.10,,,443,37473,0,1358,17
1584503271.9931786,10.10.0.10,173.194.187.70,,,37473,443,0,37,17
1584503272.003175,173.194.187.70,10.10.0.10,,,443,37473,0,1358,17
1584503272.040277,173.194.187.70,10.10.0.10,,,443,37473,0,1358,17
1584503272.043838,10.10.0.10,173.194.187.70,,,37473,443,0,37,17
1584503272.077398,173.194.187.70,10.10.0.10,,,443,37473,0,1358,17
1584503272.1145182,173.194.187.70,10.10.0.10,,,443,37473,0,820,17
1584503272.117226,10.10.0.10,173.194.187.70,,,37473,443,0,37,17
1584503272.126056,10.10.0.10,173.194.187.70,,,37473,443,0,729,17
1584503272.12923,10.10.0.10,173.194.187.70,,,37473,443,0,48,17
1584503272.130482,10.10.0.10,173.194.187.70,,,37473,443,0,748,17
1584503272.1305046,10.10.0.10,173.194.187.70,,,37473,443,0,48,17
1584503272.137295,173.194.187.70,10.10.0.10,,,443,37473,0,29,17
1584503272.1389759,173.194.187.70,10.10.0.10,,,443,37473,0,29,17
1584503272.1406536,173.194.187.70,10.10.0.10,,,443,37473,0,1358,17
1584503272.177785,173.194.187.70,10.10.0.10,,,443,37473,0,1358,17
1584503272.179964,10.10.0.10,173.194.187.70,,,37473,443,0,37,17
1584503272.214891,173.194.187.70,10.10.0.10,,,443,37473,0,1358,17
1584503272.2520142,173.194.187.70,10.10.0.10,,,443,37473,0,1358,17
1584503272.2536998,10.10.0.10,173.194.187.70,,,37473,443,0,37,17
1584503272.289134,173.194.187.70,10.10.0.10,,,443,37473,0,1358,17
1584503272.3262534,173.194.187.70,10.10.0.10,,,443,37473,0,1358,17
1584503272.328217,10.10.0.10,173.194.187.70,,,37473,443,0,37,17
1584503272.36337,173.194.187.70,10.10.0.10,,,443,37473,0,1358,17
1584503272.4004908,173.194.187.70,10.10.0.10,,,443,37473,0,29,17
1584503272.4018214,10.10.0.10,173.194.187.70,,,37473,443,0,37,17
1584503272.40217,173.194.187.70,10.10.0.10,,,443,37473,0,1358,17
1584503272.439302,173.194.187.70,10.10.0.10,,,443,37473,0,1358,17
1584503272.4410374,10.10.0.10,173.194.187.70,,,37473,443,0,37,17
1584503272.4764268,173.194.187.70,10.10.0.10,,,443,37473,0,1358,17
1584503272.513549,173.194.187.70,10.10.0.10,,,443,37473,0,1358,17
1584503272.515068,10.10.0.10,173.194.187.70,,,37473,443,0,37,17
1584503272.5506554,173.194.187.70,10.10.0.10,,,443,37473,0,1358,17
1584503272.582458,10.10.0.10,173.194.187.70,,,37473,443,0,37,17
1584503272.587775,173.194.187.70,10.10.0.10,,,443,37473,0,1358,17
1584503272.624894,173.194.187.70,10.10.0.10,,,443,37473,0,1358,17
1584503272.6269562,10.10.0.10,173.194.187.70,,,37473,443,0,37,17
1584503272.6620169,173.194.187.70,10.10.0.10,,,443,37473,0,1358,17
1584503272.6991332,173.194.187.70,10.10.0.10,,,443,37473,0,1358,17
1584503272.702714,10.10.0.10,173.194.187.70,,,37473,443,0,37,17
1584503272.7362552,173.194.187.70,10.10.0.10,,,443,37473,0,1358,17
1584503272.773375,173.194.187.70,10.10.0.10,,,443,37473,0,1358,17
1584503272.7763278,10.10.0.10,173.194.187.70,,,37473,443,0,37,17
1584503272.8104892,173.194.187.70,10.10.0.10,,,443,37473,0,1358,17
1584503272.847615,173.194.187.70,10.10.0.10,,,443,37473,0,1358,17
1584503272.8502,10.10.0.10,173.194.187.70,,,37473,443,0,37,17
1584503272.88473,173.194.187.70,10.10.0.10,,,443,37473,0,1358,17
1584503272.9218519,173.194.187.70,10.10.0.10,,,443,37473,0,1358,17
1584503272.923575,10.10.0.10,173.194.187.70,,,37473,443,0,37,17
1584503272.9589732,173.194.187.70,10.10.0.10,,,443,37473,0,1358,17
1584503272.99609,173.194.187.70,10.10.0.10,,,443,37473,0,1358,17
1584503272.99802,10.10.0.10,173.194.187.70,,,37473,443,0,37,17
1584503273.033211,173.194.187.70,10.10.0.10,,,443,37473,0,1358,17
1584503273.070342,173.194.187.70,10.10.0.10,,,443,37473,0,1358,17
1584503273.0725439,10.10.0.10,173.194.187.70,,,37473,443,0,37,17
1584503273.1074688,173.194.187.70,10.10.0.10,,,443,37473,0,1358,17
1584503273.144577,173.194.187.70,10.10.0.10,,,443,37473,0,1358,17
1584503273.146414,10.10.0.10,173.194.187.70,,,37473,443,0,37,17
1584503273.1817155,173.194.187.70,10.10.0.10,,,443,37473,0,1358,17
1584503273.218817,173.194.187.70,10.10.0.10,,,443,37473,0,1358,17
1584503273.220691,10.10.0.10,173.194.187.70,,,37473,443,0,37,17
1584503273.2559376,173.194.187.70,10.10.0.10,,,443,37473,0,1358,17
1584503273.2930536,173.194.187.70,10.10.0.10,,,443,37473,0,1358,17
1584503273.294544,10.10.0.10,173.194.187.70,,,37473,443,0,37,17
1584503273.330177,173.194.187.70,10.10.0.10,,,443,37473,0,1358,17
1584503273.367296,173.194.187.70,10.10.0.10,,,443,37473,0,1358,17
1584503273.3689182,10.10.0.10,173.194.187.70,,,37473,443,0,37,17
1584503273.4044142,173.194.187.70,10.10.0.10,,,443,37473,0,1358,17
1584503273.441536,173.194.187.70,10.10.0.10,,,443,37473,0,1358,17
1584503273.443432,10.10.0.10,173.194.187.70,,,37473,443,0,37,17
1584503273.478655,173.194.187.70,10.10.0.10,,,443,37473,0,1358,17
1584503273.513433,10.10.0.10,173.194.187.70,,,37473,443,0,50,17
1584503273.51577,173.194.187.70,10.10.0.10,,,443,37473,0,1358,17
1584503273.5528932,173.194.187.70,10.10.0.10,,,443,37473,0,1358,17
1584503273.554409,10.10.0.10,173.194.187.70,,,37473,443,0,37,17
1584503273.590019,173.194.187.70,10.10.0.10,,,443,37473,0,1358,17
1584503273.6271412,173.194.187.70,10.10.0.10,,,443,37473,0,1358,17
1584503273.6292849,10.10.0.10,173.194.187.70,,,37473,443,0,37,17
1584503273.664266,173.194.187.70,10.10.0.10,,,443,37473,0,1358,17
1584503273.701389,173.194.187.70,10.10.0.10,,,443,37473,0,1358,17
1584503273.7029052,10.10.0.10,173.194.187.70,,,37473,443,0,37,17
1584503273.7384946,173.194.187.70,10.10.0.10,,,443,37473,0,1358,17
1584503273.775613,173.194.187.70,10.10.0.10,,,443,37473,0,1358,17
1584503273.777186,10.10.0.10,173.194.187.70,,,37473,443,0,37,17
1584503273.8127348,173.194.187.70,10.10.0.10,,,443,37473,0,1358,17
1584503273.8498518,173.194.187.70,10.10.0.10,,,443,37473,0,1358,17
1584503273.852175,10.10.0.10,173.194.187.70,,,37473,443,0,37,17
1584503273.8869731,173.194.187.70,10.10.0.10,,,443,37473,0,1358,17
1584503273.9240909,173.194.187.70,10.10.0.10,,,443,37473,0,1358,17
1584503273.926151,10.10.0.10,173.194.187.70,,,37473,443,0,37,17
1584503273.961214,173.194.187.70,10.10.0.10,,,443,37473,0,1358,17
1584503273.9983351,173.194.187.70,10.10.0.10,,,443,37473,0,1358,17
1584503274.002786,10.10.0.10,173.194.187.70,,,37473,443,0,37,17
1584503274.0354538,173.194.187.70,10.10.0.10,,,443,37473,0,1358,17
1584503274.072577,173.194.187.70,10.10.0.10,,,443,37473,0,1358,17
1584503274.074368,10.10.0.10,173.194.187.70,,,37473,443,0,37,17
1584503274.1096973,173.194.187.70,10.10.0.10,,,443,37473,0,1358,17
1584503274.146821,173.194.187.70,10.10.0.10,,,443,37473,0,1358,17
1584503274.149166,10.10.0.10,173.194.187.70,,,37473,443,0,37,17
1584503274.183944,173.194.187.70,10.10.0.10,,,443,37473,0,1358,17
1584503274.221065,173.194.187.70,10.10.0.10,,,443,37473,0,1358,17
1584503274.222641,10.10.0.10,173.194.187.70,,,37473,443,0,37,17
1584503274.258191,173.194.187.70,10.10.0.10,,,443,37473,0,1358,17
1584503274.2952929,173.194.187.70,10.10.0.10,,,443,37473,0,1358,17
1584503274.298264,10.10.0.10,173.194.187.70,,,37473,443,0,37,17
1584503274.332417,173.194.187.70,10.10.0.10,,,443,37473,0,1358,17
1584503274.3639069,10.10.0.10,173.194.187.70,,,37473,443,0,37,17
1584503274.3695571,173.194.187.70,10.10.0.10,,,443,37473,0,1358,17
1584503274.406656,173.194.187.70,10.10.0.10,,,443,37473,0,1358,17
1584503274.4082599,10.10.0.10,173.194.187.70,,,37473,443,0,37,17
1584503274.443773,173.194.187.70,10.10.0.10,,,443,37473,0,1358,17
1584503274.4808939,173.194.187.70,10.10.0.10,,,443,37473,0,1358,17
1584503274.4826338,10.10.0.10,173.194.187.70,,,37473,443,0,37,17
1584503274.5180142,173.194.187.70,10.10.0.10,,,443,37473,0,1358,17
1584503274.555136,173.194.187.70,10.10.0.10,,,443,37473,0,1358,17
1584503274.557632,10.10.0.10,173.194.187.70,,,37473,443,0,37,17
1584503274.592255,173.194.187.70,10.10.0.10,,,443,37473,0,1358,17
1584503274.629373,173.194.187.70,10.10.0.10,,,443,37473,0,1358,17
1584503274.6309948,10.10.0.10,173.194.187.70,,,37473,443,0,37,17
1584503274.666496,173.194.187.70,10.10.0.10,,,443,37473,0,1358,17
1584503274.703615,173.194.187.70,10.10.0.10,,,443,37473,0,1358,17
1584503274.706626,10.10.0.10,173.194.187.70,,,37473,443,0,37,17
1584503274.740735,173.194.187.70,10.10.0.10,,,443,37473,0,1358,17
1584503274.777857,173.194.187.70,10.10.0.10,,,443,37473,0,1358,17
1584503274.7797492,10.10.0.10,173.194.187.70,,,37473,443,0,37,17
1584503274.8149831,173.194.187.70,10.10.0.10,,,443,37473,0,1358,17
1584503274.8521068,173.194.187.70,10.10.0.10,,,443,37473,0,1358,17
1584503274.8548741,10.10.0.10,173.194.187.70,,,37473,443,0,37,17
1584503274.88923,173.194.187.70,10.10.0.10,,,443,37473,0,1358,17
1584503274.926353,173.194.187.70,10.10.0.10,,,443,37473,0,1358,17
1584503274.928015,10.10.0.10,173.194.187.70,,,37473,443,0,50,17
1584503274.963451,173.194.187.70,10.10.0.10,,,443,37473,0,1358,17
1584503275.0005732,173.194.187.70,10.10.0.10,,,443,37473,0,1358,17
1584503275.0033412,10.10.0.10,173.194.187.70,,,37473,443,0,37,17
1584503275.037697,173.194.187.70,10.10.0.10,,,443,37473,0,1358,17
1584503275.074817,173.194.187.70,10.10.0.10,,,443,37473,0,1358,17
1584503275.078265,10.10.0.10,173.194.187.70,,,37473,443,0,37,17
1584503275.1119509,173.194.187.70,10.10.0.10,,,443,37473,0,29,17
1584503275.113615,173.194.187.70,10.10.0.10,,,443,37473,0,1358,17
1584503275.1507401,173.194.187.70,10.10.0.10,,,443,37473,0,1358,17
1584503275.152994,10.10.0.10,173.194.187.70,,,37473,443,0,37,17
1584503275.1878538,173.194.187.70,10.10.0.10,,,443,37473,0,1358,17
1584503275.2249742,173.194.187.70,10.10.0.10,,,443,37473,0,1358,17
1584503275.226629,10.10.0.10,173.194.187.70,,,37473,443,0,37,17
1584503275.262093,173.194.187.70,10.10.0.10,,,443,37473,0,1358,17
1584503275.299219,173.194.187.70,10.10.0.10,,,443,37473,0,1358,17
1584503275.301235,10.10.0.10,173.194.187.70,,,37473,443,0,37,17
1584503275.33634,173.194.187.70,10.10.0.10,,,443,37473,0,1358,17
1584503275.373467,173.194.187.70,10.10.0.10,,,443,37473,0,1358,17
1584503275.375488,10.10.0.10,173.194.187.70,,,37473,443,0,37,17
1584503275.4105892,173.194.187.70,10.10.0.10,,,443,37473,0,1358,17
1584503275.447694,173.194.187.70,10.10.0.10,,,443,37473,0,1358,17
1584503275.451374,10.10.0.10,173.194.187.70,,,37473,443,0,37,17
1584503275.4848132,173.194.187.70,10.10.0.10,,,443,37473,0,1358,17
1584503275.5141242,10.10.0.10,173.194.187.70,,,37473,443,0,37,17
1584503275.521934,173.194.187.70,10.10.0.10,,,443,37473,0,1358,17
1584503275.559054,173.194.187.70,10.10.0.10,,,443,37473,0,1358,17
1584503275.560606,10.10.0.10,173.194.187.70,,,37473,443,0,37,17
1584503275.596175,173.194.187.70,10.10.0.10,,,443,37473,0,1358,17
1584503275.6332932,173.194.187.70,10.10.0.10,,,443,37473,0,1358,17
1584503275.634866,10.10.0.10,173.194.187.70,,,37473,443,0,37,17
1584503275.670416,173.194.187.70,10.10.0.10,,,443,37473,0,1358,17
1584503275.707534,173.194.187.70,10.10.0.10,,,443,37473,0,1358,17
1584503275.7096221,10.10.0.10,173.194.187.70,,,37473,443,0,37,17
1584503275.744656,173.194.187.70,10.10.0.10,,,443,37473,0,1358,17
1584503275.781774,173.194.187.70,10.10.0.10,,,443,37473,0,1358,17
1584503275.7838454,10.10.0.10,173.194.187.70,,,37473,443,0,37,17
1584503275.818896,173.194.187.70,10.10.0.10,,,443,37473,0,1358,17
1584503275.8560169,173.194.187.70,10.10.0.10,,,443,37473,0,1358,17
1584503275.857988,10.10.0.10,173.194.187.70,,,37473,443,0,37,17
1584503275.8931398,173.194.187.70,10.10.0.10,,,443,37473,0,1358,17
1584503275.930251,173.194.187.70,10.10.0.10,,,443,37473,0,1358,17
1584503275.9376874,10.10.0.10,173.194.187.70,,,37473,443,0,37,17
1584503275.967375,173.194.187.70,10.10.0.10,,,443,37473,0,1358,17
1584503276.0044956,173.194.187.70,10.10.0.10,,,443,37473,0,1358,17
1584503276.0061,10.10.0.10,173.194.187.70,,,37473,443,0,37,17
1584503276.04164,173.194.187.70,10.10.0.10,,,443,37473,0,1358,17
1584503276.0787349,173.194.187.70,10.10.0.10,,,443,37473,0,1358,17
1584503276.0804858,10.10.0.10,173.194.187.70,,,37473,443,0,37,17
1584503276.115851,173.194.187.70,10.10.0.10,,,443,37473,0,1358,17
1584503276.1529732,173.194.187.70,10.10.0.10,,,443,37473,0,1358,17
1584503276.1551142,10.10.0.10,173.194.187.70,,,37473,443,0,37,17
1584503276.1900961,173.194.187.70,10.10.0.10,,,443,37473,0,1358,17
1584503276.2272134,173.194.187.70,10.10.0.10,,,443,37473,0,1358,17
1584503276.2289786,10.10.0.10,173.194.187.70,,,37473,443,0,37,17
1584503276.2643359,173.194.187.70,10.10.0.10,,,443,37473,0,1358,17
1584503276.301456,173.194.187.70,10.10.0.10,,,443,37473,0,1358,17
1584503276.30335,10.10.0.10,173.194.187.70,,,37473,443,0,37,17
1584503276.3385742,173.194.187.70,10.10.0.10,,,443,37473,0,1358,17
1584503276.3756974,173.194.187.70,10.10.0.10,,,443,37473,0,1358,17
1584503276.377194,10.10.0.10,173.194.187.70,,,37473,443,0,50,17
1584503276.412815,173.194.187.70,10.10.0.10,,,443,37473,0,1358,17
1584503276.449935,173.194.187.70,10.10.0.10,,,443,37473,0,1358,17
1584503276.451473,10.10.0.10,173.194.187.70,,,37473,443,0,37,17
1584503276.4870589,173.194.187.70,10.10.0.10,,,443,37473,0,1358,17
1584503276.524183,173.194.187.70,10.10.0.10,,,443,37473,0,1358,17
1584503276.525949,10.10.0.10,173.194.187.70,,,37473,443,0,37,17
1584503276.561306,173.194.187.70,10.10.0.10,,,443,37473,0,29,17
1584503276.562992,173.194.187.70,10.10.0.10,,,443,37473,0,1358,17
1584503276.6001158,173.194.187.70,10.10.0.10,,,443,37473,0,1358,17
1584503276.601723,10.10.0.10,173.194.187.70,,,37473,443,0,37,17
1584503276.637217,173.194.187.70,10.10.0.10,,,443,37473,0,1358,17
1584503276.674336,173.194.187.70,10.10.0.10,,,443,37473,0,1358,17
1584503276.676321,10.10.0.10,173.194.187.70,,,37473,443,0,37,17
1584503276.7114534,173.194.187.70,10.10.0.10,,,443,37473,0,1358,17
1584503276.748575,173.194.187.70,10.10.0.10,,,443,37473,0,1358,17
1584503276.754334,10.10.0.10,173.194.187.70,,,37473,443,0,37,17
1584503276.785696,173.194.187.70,10.10.0.10,,,443,37473,0,1358,17
1584503276.8228161,173.194.187.70,10.10.0.10,,,443,37473,0,1358,17
1584503276.824556,10.10.0.10,173.194.187.70,,,37473,443,0,37,17
1584503276.8599322,173.194.187.70,10.10.0.10,,,443,37473,0,1358,17
1584503276.8970554,173.194.187.70,10.10.0.10,,,443,37473,0,1358,17
1584503276.8993332,10.10.0.10,173.194.187.70,,,37473,443,0,37,17
1584503276.934177,173.194.187.70,10.10.0.10,,,443,37473,0,1358,17
1584503276.9712946,173.194.187.70,10.10.0.10,,,443,37473,0,1358,17
1584503276.973311,10.10.0.10,173.194.187.70,,,37473,443,0,37,17
1584503277.008412,173.194.187.70,10.10.0.10,,,443,37473,0,1358,17
1584503277.045543,173.194.187.70,10.10.0.10,,,443,37473,0,1358,17
1584503277.047194,10.10.0.10,173.194.187.70,,,37473,443,0,37,17
1584503277.082653,173.194.187.70,10.10.0.10,,,443,37473,0,1358,17
1584503277.119775,173.194.187.70,10.10.0.10,,,443,37473,0,1358,17
1584503277.1215901,10.10.0.10,173.194.187.70,,,37473,443,0,37,17
1584503277.156896,173.194.187.70,10.10.0.10,,,443,37473,0,1358,17
1584503277.194015,173.194.187.70,10.10.0.10,,,443,37473,0,1358,17
1584503277.1950758,10.10.0.10,173.194.187.70,,,37473,443,0,37,17
1584503277.2311332,173.194.187.70,10.10.0.10,,,443,37473,0,1358,17
1584503277.233074,10.10.0.10,173.194.187.70,,,37473,443,0,37,17
1584503277.268255,173.194.187.70,10.10.0.10,,,443,37473,0,1358,17
1584503277.305375,173.194.187.70,10.10.0.10,,,443,37473,0,1358,17
1584503277.307417,10.10.0.10,173.194.187.70,,,37473,443,0,37,17
1584503277.342495,173.194.187.70,10.10.0.10,,,443,37473,0,1358,17
1584503277.379614,173.194.187.70,10.10.0.10,,,443,37473,0,1358,17
1584503277.381193,10.10.0.10,173.194.187.70,,,37473,443,0,37,17
1584503277.416734,173.194.187.70,10.10.0.10,,,443,37473,0,1358,17
1584503277.453849,173.194.187.70,10.10.0.10,,,443,37473,0,1358,17
1584503277.455818,10.10.0.10,173.194.187.70,,,37473,443,0,37,17
1584503277.4909751,173.194.187.70,10.10.0.10,,,443,37473,0,1358,17
1584503277.528095,173.194.187.70,10.10.0.10,,,443,37473,0,1358,17
1584503277.529669,10.10.0.10,173.194.187.70,,,37473,443,0,37,17
1584503277.565219,173.194.187.70,10.10.0.10,,,443,37473,0,1358,17
1584503277.606787,173.194.187.70,10.10.0.10,,,443,37473,0,1358,17
1584503277.608815,10.10.0.10,173.194.187.70,,,37473,443,0,37,17
1584503277.6439092,173.194.187.70,10.10.0.10,,,443,37473,0,1358,17
1584503277.681026,173.194.187.70,10.10.0.10,,,443,37473,0,1358,17
1584503277.683415,10.10.0.10,173.194.187.70,,,37473,443,0,37,17
1584503277.7181492,173.194.187.70,10.10.0.10,,,443,37473,0,1358,17
1584503277.7552712,173.194.187.70,10.10.0.10,,,443,37473,0,1358,17
1584503277.758038,10.10.0.10,173.194.187.70,,,37473,443,0,37,17
1584503277.792382,173.194.187.70,10.10.0.10,,,443,37473,0,1358,17
1584503277.829519,173.194.187.70,10.10.0.10,,,443,37473,0,1358,17
1584503277.8312864,10.10.0.10,173.194.187.70,,,37473,443,0,50,17
1584503277.866644,173.194.187.70,10.10.0.10,,,443,37473,0,1358,17
1584503277.9081948,173.194.187.70,10.10.0.10,,,443,37473,0,1358,17
1584503277.9116776,10.10.0.10,173.194.187.70,,,37473,443,0,37,17
1584503277.945319,173.194.187.70,10.10.0.10,,,443,37473,0,1358,17
1584503277.98244,173.194.187.70,10.10.0.10,,,443,37473,0,1358,17
1584503277.9867892,10.10.0.10,173.194.187.70,,,37473,443,0,37,17
1584503278.019561,173.194.187.70,10.10.0.10,,,443,37473,0,1358,17
1584503278.0567002,173.194.187.70,10.10.0.10,,,443,37473,0,1358,17
1584503278.0590498,10.10.0.10,173.194.187.70,,,37473,443,0,37,17
1584503278.0938132,173.194.187.70,10.10.0.10,,,443,37473,0,1358,17
1584503278.1309226,173.194.187.70,10.10.0.10,,,443,37473,0,1358,17
1584503278.132657,10.10.0.10,173.194.187.70,,,37473,443,0,37,17
1584503278.1680374,173.194.187.70,10.10.0.10,,,443,37473,0,1358,17
1584503278.20516,173.194.187.70,10.10.0.10,,,443,37473,0,1358,17
1584503278.207048,10.10.0.10,173.194.187.70,,,37473,443,0,37,17
1584503278.246734,173.194.187.70,10.10.0.10,,,443,37473,0,1358,17
1584503278.2838519,173.194.187.70,10.10.0.10,,,443,37473,0,1358,17
1584503278.286649,10.10.0.10,173.194.187.70,,,37473,443,0,37,17
1584503278.320974,173.194.187.70,10.10.0.10,,,443,37473,0,1358,17
1584503278.358094,173.194.187.70,10.10.0.10,,,443,37473,0,1358,17
1584503278.359895,10.10.0.10,173.194.187.70,,,37473,443,0,37,17
1584503278.395214,173.194.187.70,10.10.0.10,,,443,37473,0,1358,17
1584503278.4323304,173.194.187.70,10.10.0.10,,,443,37473,0,1358,17
1584503278.433772,10.10.0.10,173.194.187.70,,,37473,443,0,37,17
1584503278.4694588,173.194.187.70,10.10.0.10,,,443,37473,0,1358,17
1584503278.506575,173.194.187.70,10.10.0.10,,,443,37473,0,1358,17
1584503278.508287,10.10.0.10,173.194.187.70,,,37473,443,0,37,17
1584503278.5436964,173.194.187.70,10.10.0.10,,,443,37473,0,1358,17
1584503278.580816,173.194.187.70,10.10.0.10,,,443,37473,0,1358,17
1584503278.5826619,10.10.0.10,173.194.187.70,,,37473,443,0,37,17
1584503278.617939,173.194.187.70,10.10.0.10,,,443,37473,0,1358,17
1584503278.655061,173.194.187.70,10.10.0.10,,,443,37473,0,1358,17
1584503278.657409,10.10.0.10,173.194.187.70,,,37473,443,0,37,17
1584503278.692173,173.194.187.70,10.10.0.10,,,443,37473,0,1358,17
1584503278.728145,10.10.0.10,173.194.187.70,,,37473,443,0,37,17
1584503278.7292929,173.194.187.70,10.10.0.10,,,443,37473,0,1358,17
1584503278.7664282,173.194.187.70,10.10.0.10,,,443,37473,0,1358,17
1584503278.767979,10.10.0.10,173.194.187.70,,,37473,443,0,37,17
1584503278.803551,173.194.187.70,10.10.0.10,,,443,37473,0,1358,17
1584503278.8406534,173.194.187.70,10.10.0.10,,,443,37473,0,1358,17
1584503278.842246,10.10.0.10,173.194.187.70,,,37473,443,0,37,17
1584503278.877772,173.194.187.70,10.10.0.10,,,443,37473,0,1358,17
1584503278.914896,173.194.187.70,10.10.0.10,,,443,37473,0,1358,17
1584503278.9172616,10.10.0.10,173.194.187.70,,,37473,443,0,37,17
1584503278.952015,173.194.187.70,10.10.0.10,,,443,37473,0,1358,17
1584503278.989135,173.194.187.70,10.10.0.10,,,443,37473,0,1358,17
1584503278.990972,10.10.0.10,173.194.187.70,,,37473,443,0,37,17
1584503279.0262525,173.194.187.70,10.10.0.10,,,443,37473,0,1358,17
1584503279.0633721,173.194.187.70,10.10.0.10,,,443,37473,0,1358,17
1584503279.0661461,10.10.0.10,173.194.187.70,,,37473,443,0,37,17
1584503279.1004922,173.194.187.70,10.10.0.10,,,443,37473,0,1358,17
1584503279.137611,173.194.187.70,10.10.0.10,,,443,37473,0,1358,17
1584503279.139846,10.10.0.10,173.194.187.70,,,37473,443,0,37,17
1584503279.174737,173.194.187.70,10.10.0.10,,,443,37473,0,1358,17
1584503279.2118561,173.194.187.70,10.10.0.10,,,443,37473,0,1358,17
1584503279.214273,10.10.0.10,173.194.187.70,,,37473,443,0,37,17
1584503279.248978,173.194.187.70,10.10.0.10,,,443,37473,0,1358,17
1584503279.286102,173.194.187.70,10.10.0.10,,,443,37473,0,495,17
1584503279.2881188,10.10.0.10,173.194.187.70,,,37473,443,0,50,17
1584503279.299892,10.10.0.10,173.194.187.70,,,37473,443,0,729,17
1584503279.2999182,10.10.0.10,173.194.187.70,,,37473,443,0,48,17
1584503279.300195,173.194.187.70,10.10.0.10,,,443,37473,0,29,17
1584503279.3041198,173.194.187.70,10.10.0.10,,,443,37473,0,29,17
1584503279.3042915,173.194.187.70,10.10.0.10,,,443,37473,0,1358,17
1584503279.340678,173.194.187.70,10.10.0.10,,,443,37473,0,1358,17
1584503279.343267,10.10.0.10,173.194.187.70,,,37473,443,0,37,17
1584503279.3778,173.194.187.70,10.10.0.10,,,443,37473,0,1358,17
1584503279.4149199,173.194.187.70,10.10.0.10,,,443,37473,0,1358,17
1584503279.418489,10.10.0.10,173.194.187.70,,,37473,443,0,37,17
1584503279.4520428,173.194.187.70,10.10.0.10,,,443,37473,0,1358,17
1584503279.486864,10.10.0.10,173.194.187.70,,,37473,443,0,37,17
1584503279.4891546,173.194.187.70,10.10.0.10,,,443,37473,0,1358,17
1584503279.5262842,173.194.187.70,10.10.0.10,,,443,37473,0,1358,17
1584503279.5278606,10.10.0.10,173.194.187.70,,,37473,443,0,37,17
1584503279.5633955,173.194.187.70,10.10.0.10,,,443,37473,0,1358,17
1584503279.600533,173.194.187.70,10.10.0.10,,,443,37473,0,1358,17
1584503279.6022534,10.10.0.10,173.194.187.70,,,37473,443,0,37,17
1584503279.6376526,173.194.187.70,10.10.0.10,,,443,37473,0,1358,17
1584503279.674779,173.194.187.70,10.10.0.10,,,443,37473,0,1358,17
1584503279.6769822,10.10.0.10,173.194.187.70,,,37473,443,0,37,17
1584503279.7119002,173.194.187.70,10.10.0.10,,,443,37473,0,1358,17
1584503279.748999,173.194.187.70,10.10.0.10,,,443,37473,0,1358,17
1584503279.75123,10.10.0.10,173.194.187.70,,,37473,443,0,37,17
1584503279.7861226,173.194.187.70,10.10.0.10,,,443,37473,0,1358,17
1584503279.82324,173.194.187.70,10.10.0.10,,,443,37473,0,1358,17
1584503279.8263712,10.10.0.10,173.194.187.70,,,37473,443,0,37,17
1584503279.8603628,173.194.187.70,10.10.0.10,,,443,37473,0,1358,17
1584503279.8974788,173.194.187.70,10.10.0.10,,,443,37473,0,1358,17
1584503279.899123,10.10.0.10,173.194.187.70,,,37473,443,0,37,17
1584503279.934601,173.194.187.70,10.10.0.10,,,443,37473,0,1358,17
1584503279.97172,173.194.187.70,10.10.0.10,,,443,37473,0,1358,17
1584503279.9733481,10.10.0.10,173.194.187.70,,,37473,443,0,37,17
1584503280.0088372,173.194.187.70,10.10.0.10,,,443,37473,0,1358,17
1584503280.0459619,173.194.187.70,10.10.0.10,,,443,37473,0,1358,17
1584503280.0477462,10.10.0.10,173.194.187.70,,,37473,443,0,37,17
1584503280.083078,173.194.187.70,10.10.0.10,,,443,37473,0,1358,17
1584503280.1202,173.194.187.70,10.10.0.10,,,443,37473,0,1358,17
1584503280.123222,10.10.0.10,173.194.187.70,,,37473,443,0,37,17
1584503280.1573155,173.194.187.70,10.10.0.10,,,443,37473,0,1358,17
1584503280.194438,173.194.187.70,10.10.0.10,,,443,37473,0,1358,17
1584503280.196239,10.10.0.10,173.194.187.70,,,37473,443,0,37,17
1584503280.231556,173.194.187.70,10.10.0.10,,,443,37473,0,1358,17
1584503280.268697,173.194.187.70,10.10.0.10,,,443,37473,0,1358,17
1584503280.270361,10.10.0.10,173.194.187.70,,,37473,443,0,37,17
1584503280.305801,173.194.187.70,10.10.0.10,,,443,37473,0,1358,17
1584503280.3429198,173.194.187.70,10.10.0.10,,,443,37473,0,1358,17
1584503280.3445911,10.10.0.10,173.194.187.70,,,37473,443,0,37,17
1584503280.3800418,173.194.187.70,10.10.0.10,,,443,37473,0,1358,17
1584503280.417161,173.194.187.70,10.10.0.10,,,443,37473,0,1358,17
1584503280.4191036,10.10.0.10,173.194.187.70,,,37473,443,0,37,17
1584503280.4542818,173.194.187.70,10.10.0.10,,,443,37473,0,1358,17
1584503280.4889839,10.10.0.10,173.194.187.70,,,37473,443,0,37,17
1584503280.4914,173.194.187.70,10.10.0.10,,,443,37473,0,1358,17
1584503280.5285242,173.194.187.70,10.10.0.10,,,443,37473,0,1358,17
1584503280.532353,10.10.0.10,173.194.187.70,,,37473,443,0,37,17
1584503280.56564,173.194.187.70,10.10.0.10,,,443,37473,0,1358,17
1584503280.602761,173.194.187.70,10.10.0.10,,,443,37473,0,1358,17
1584503280.6044571,10.10.0.10,173.194.187.70,,,37473,443,0,37,17
1584503280.6398842,173.194.187.70,10.10.0.10,,,443,37473,0,1358,17
1584503280.677002,173.194.187.70,10.10.0.10,,,443,37473,0,1358,17
1584503280.6792028,10.10.0.10,173.194.187.70,,,37473,443,0,50,17
1584503280.714119,173.194.187.70,10.10.0.10,,,443,37473,0,1358,17
1584503280.7512481,173.194.187.70,10.10.0.10,,,443,37473,0,1358,17
1584503280.753075,10.10.0.10,173.194.187.70,,,37473,443,0,37,17
1584503280.7883742,173.194.187.70,10.10.0.10,,,443,37473,0,1358,17
1584503280.8254962,173.194.187.70,10.10.0.10,,,443,37473,0,1358,17
1584503280.825706,10.10.0.10,173.194.187.70,,,37473,443,0,37,17
1584503280.862618,173.194.187.70,10.10.0.10,,,443,37473,0,1358,17
1584503280.8645642,10.10.0.10,173.194.187.70,,,37473,443,0,37,17
1584503280.899719,173.194.187.70,10.10.0.10,,,443,37473,0,1358,17
1584503280.9368358,173.194.187.70,10.10.0.10,,,443,37473,0,1358,17
1584503280.9518301,10.10.0.10,173.194.187.70,,,37473,443,0,37,17
1584503280.97396,173.194.187.70,10.10.0.10,,,443,37473,0,1358,17
1584503281.011084,173.194.187.70,10.10.0.10,,,443,37473,0,1358,17
1584503281.013214,10.10.0.10,173.194.187.70,,,37473,443,0,37,17
1584503281.0481956,173.194.187.70,10.10.0.10,,,443,37473,0,1358,17
1584503281.0853212,173.194.187.70,10.10.0.10,,,443,37473,0,1358,17
1584503281.087089,10.10.0.10,173.194.187.70,,,37473,443,0,37,17
1584503281.122442,173.194.187.70,10.10.0.10,,,443,37473,0,1358,17
1584503281.1595619,173.194.187.70,10.10.0.10,,,443,37473,0,1358,17
1584503281.1610668,10.10.0.10,173.194.187.70,,,37473,443,0,37,17
1584503281.196685,173.194.187.70,10.10.0.10,,,443,37473,0,1358,17
1584503281.233801,173.194.187.70,10.10.0.10,,,443,37473,0,1358,17
1584503281.235558,10.10.0.10,173.194.187.70,,,37473,443,0,37,17
1584503281.2709222,173.194.187.70,10.10.0.10,,,443,37473,0,1358,17
1584503281.3080456,173.194.187.70,10.10.0.10,,,443,37473,0,1358,17
1584503281.309706,10.10.0.10,173.194.187.70,,,37473,443,0,37,17
1584503281.345167,173.194.187.70,10.10.0.10,,,443,37473,0,1358,17
1584503281.3822908,173.194.187.70,10.10.0.10,,,443,37473,0,1358,17
1584503281.384454,10.10.0.10,173.194.187.70,,,37473,443,0,37,17
1584503281.419415,173.194.187.70,10.10.0.10,,,443,37473,0,1358,17
1584503281.45654,173.194.187.70,10.10.0.10,,,443,37473,0,1358,17
1584503281.4583259,10.10.0.10,173.194.187.70,,,37473,443,0,37,17
1584503281.493642,173.194.187.70,10.10.0.10,,,443,37473,0,1358,17
1584503281.530762,173.194.187.70,10.10.0.10,,,443,37473,0,1358,17
1584503281.5323222,10.10.0.10,173.194.187.70,,,37473,443,0,37,17
1584503281.5678804,173.194.187.70,10.10.0.10,,,443,37473,0,1358,17
1584503281.605001,173.194.187.70,10.10.0.10,,,443,37473,0,1358,17
1584503281.607072,10.10.0.10,173.194.187.70,,,37473,443,0,37,17
1584503281.642122,173.194.187.70,10.10.0.10,,,443,37473,0,1358,17
1584503281.679244,173.194.187.70,10.10.0.10,,,443,37473,0,1358,17
1584503281.6810372,10.10.0.10,173.194.187.70,,,37473,443,0,37,17
1584503281.7163632,173.194.187.70,10.10.0.10,,,443,37473,0,1358,17
1584503281.7534802,173.194.187.70,10.10.0.10,,,443,37473,0,1358,17
1584503281.755441,10.10.0.10,173.194.187.70,,,37473,443,0,37,17
1584503281.790601,173.194.187.70,10.10.0.10,,,443,37473,0,1358,17
1584503281.8277204,173.194.187.70,10.10.0.10,,,443,37473,0,1358,17
1584503281.8295438,10.10.0.10,173.194.187.70,,,37473,443,0,37,17
1584503281.864839,173.194.187.70,10.10.0.10,,,443,37473,0,1358,17
1584503281.901959,173.194.187.70,10.10.0.10,,,443,37473,0,1358,17
1584503281.903815,10.10.0.10,173.194.187.70,,,37473,443,0,37,17
1584503281.9390738,173.194.187.70,10.10.0.10,,,443,37473,0,1358,17
1584503281.9761958,173.194.187.70,10.10.0.10,,,443,37473,0,1358,17
1584503281.9782536,10.10.0.10,173.194.187.70,,,37473,443,0,37,17
1584503282.013335,173.194.187.70,10.10.0.10,,,443,37473,0,1358,17
1584503282.050444,173.194.187.70,10.10.0.10,,,443,37473,0,1358,17
1584503282.052027,10.10.0.10,173.194.187.70,,,37473,443,0,37,17
1584503282.087559,173.194.187.70,10.10.0.10,,,443,37473,0,1358,17
1584503282.1195388,10.10.0.10,173.194.187.70,,,37473,443,0,50,17
1584503282.1246786,173.194.187.70,10.10.0.10,,,443,37473,0,1358,17
1584503282.1618028,173.194.187.70,10.10.0.10,,,443,37473,0,1358,17
1584503282.163568,10.10.0.10,173.194.187.70,,,37473,443,0,37,17
1584503282.1989222,173.194.187.70,10.10.0.10,,,443,37473,0,1358,17
1584503282.236034,173.194.187.70,10.10.0.10,,,443,37473,0,1358,17
1584503282.2376778,10.10.0.10,173.194.187.70,,,37473,443,0,37,17
1584503282.2731626,173.194.187.70,10.10.0.10,,,443,37473,0,1358,17
1584503282.31028,173.194.187.70,10.10.0.10,,,443,37473,0,1358,17
1584503282.312549,10.10.0.10,173.194.187.70,,,37473,443,0,37,17
1584503282.3474052,173.194.187.70,10.10.0.10,,,443,37473,0,29,17
1584503282.3490784,173.194.187.70,10.10.0.10,,,443,37473,0,1358,17
1584503282.386201,173.194.187.70,10.10.0.10,,,443,37473,0,1358,17
1584503282.387903,10.10.0.10,173.194.187.70,,,37473,443,0,37,17
1584503282.4233284,173.194.187.70,10.10.0.10,,,443,37473,0,1358,17
1584503282.450046,10.10.0.10,173.194.187.70,,,37473,443,0,37,17
1584503282.460451,173.194.187.70,10.10.0.10,,,443,37473,0,1358,17
1584503282.4975731,173.194.187.70,10.10.0.10,,,443,37473,0,1358,17
1584503282.499422,10.10.0.10,173.194.187.70,,,37473,443,0,37,17
1584503282.5346944,173.194.187.70,10.10.0.10,,,443,37473,0,1358,17
1584503282.5718179,173.194.187.70,10.10.0.10,,,443,37473,0,1358,17
1584503282.573398,10.10.0.10,173.194.187.70,,,37473,443,0,37,17
1584503282.608943,173.194.187.70,10.10.0.10,,,443,37473,0,1358,17
1584503282.640292,10.10.0.10,173.194.187.70,,,37473,443,0,37,17
1584503282.64604,173.194.187.70,10.10.0.10,,,443,37473,0,1358,17
1584503282.6827722,10.10.0.10,173.194.187.70,,,37473,443,0,37,17
1584503282.683175,173.194.187.70,10.10.0.10,,,443,37473,0,1358,17
1584503282.7202818,173.194.187.70,10.10.0.10,,,443,37473,0,1358,17
1584503282.7236428,10.10.0.10,173.194.187.70,,,37473,443,0,37,17
1584503282.757401,173.194.187.70,10.10.0.10,,,443,37473,0,1358,17
1584503282.79452,173.194.187.70,10.10.0.10,,,443,37473,0,1358,17
1584503282.797516,10.10.0.10,173.194.187.70,,,37473,443,0,37,17
1584503282.83164,173.194.187.70,10.10.0.10,,,443,37473,0,1358,17
1584503282.8687599,173.194.187.70,10.10.0.10,,,443,37473,0,1358,17
1584503282.870661,10.10.0.10,173.194.187.70,,,37473,443,0,37,17
1584503282.9058821,173.194.187.70,10.10.0.10,,,443,37473,0,1358,17
1584503282.943002,173.194.187.70,10.10.0.10,,,443,37473,0,1358,17
1584503282.945909,10.10.0.10,173.194.187.70,,,37473,443,0,37,17
1584503282.980117,173.194.187.70,10.10.0.10,,,443,37473,0,1358,17
1584503283.0172381,173.194.187.70,10.10.0.10,,,443,37473,0,1358,17
1584503283.0190115,10.10.0.10,173.194.187.70,,,37473,443,0,37,17
1584503283.0543628,173.194.187.70,10.10.0.10,,,443,37473,0,1358,17
1584503283.0914779,173.194.187.70,10.10.0.10,,,443,37473,0,1358,17
1584503283.0936358,10.10.0.10,173.194.187.70,,,37473,443,0,37,17
1584503283.128616,173.194.187.70,10.10.0.10,,,443,37473,0,1358,17
1584503283.1657221,173.194.187.70,10.10.0.10,,,443,37473,0,1358,17
1584503283.1679866,10.10.0.10,173.194.187.70,,,37473,443,0,37,17
1584503283.202842,173.194.187.70,10.10.0.10,,,443,37473,0,1358,17
1584503283.239958,173.194.187.70,10.10.0.10,,,443,37473,0,1358,17
1584503283.242381,10.10.0.10,173.194.187.70,,,37473,443,0,37,17
1584503283.277082,173.194.187.70,10.10.0.10,,,443,37473,0,1358,17
1584503283.3142009,173.194.187.70,10.10.0.10,,,443,37473,0,1358,17
1584503283.3159714,10.10.0.10,173.194.187.70,,,37473,443,0,37,17
1584503283.3513188,173.194.187.70,10.10.0.10,,,443,37473,0,1358,17
1584503283.388443,173.194.187.70,10.10.0.10,,,443,37473,0,1358,17
1584503283.3906481,10.10.0.10,173.194.187.70,,,37473,443,0,37,17
1584503283.425562,173.194.187.70,10.10.0.10,,,443,37473,0,1358,17
1584503283.46268,173.194.187.70,10.10.0.10,,,443,37473,0,1358,17
1584503283.4648988,10.10.0.10,173.194.187.70,,,37473,443,0,50,17
1584503283.499801,173.194.187.70,10.10.0.10,,,443,37473,0,1358,17
1584503283.536923,173.194.187.70,10.10.0.10,,,443,37473,0,1358,17
1584503283.5387642,10.10.0.10,173.194.187.70,,,37473,443,0,37,17
1584503283.5740428,173.194.187.70,10.10.0.10,,,443,37473,0,1358,17
1584503283.611166,173.194.187.70,10.10.0.10,,,443,37473,0,1358,17
1584503283.6126199,10.10.0.10,173.194.187.70,,,37473,443,0,37,17
1584503283.648276,173.194.187.70,10.10.0.10,,,443,37473,0,29,17
1584503283.649974,173.194.187.70,10.10.0.10,,,443,37473,0,1358,17
1584503283.6870828,173.194.187.70,10.10.0.10,,,443,37473,0,1358,17
1584503283.689266,10.10.0.10,173.194.187.70,,,37473,443,0,37,17
1584503283.724201,173.194.187.70,10.10.0.10,,,443,37473,0,1358,17
1584503283.761323,173.194.187.70,10.10.0.10,,,443,37473,0,1358,17
1584503283.7638679,10.10.0.10,173.194.187.70,,,37473,443,0,37,17
1584503283.7984428,173.194.187.70,10.10.0.10,,,443,37473,0,1073,17
1584503283.816333,10.10.0.10,173.194.187.70,,,37473,443,0,736,17
1584503283.816358,10.10.0.10,173.194.187.70,,,37473,443,0,48,17
1584503283.822741,10.10.0.10,173.194.187.70,,,37473,443,0,748,17
1584503283.8231332,10.10.0.10,173.194.187.70,,,37473,443,0,48,17
1584503283.827971,173.194.187.70,10.10.0.10,,,443,37473,0,115,17
1584503283.831936,173.194.187.70,10.10.0.10,,,443,37473,0,1358,17
1584503283.833882,10.10.0.10,173.194.187.70,,,37473,443,0,37,17
1584503283.8690536,173.194.187.70,10.10.0.10,,,443,37473,0,1358,17
1584503283.9061742,173.194.187.70,10.10.0.10,,,443,37473,0,1358,17
1584503283.9077349,10.10.0.10,173.194.187.70,,,37473,443,0,40,17
1584503283.943292,173.194.187.70,10.10.0.10,,,443,37473,0,1358,17
1584503283.9472456,10.10.0.10,173.194.187.70,,,37473,443,0,37,17
1584503283.9804108,173.194.187.70,10.10.0.10,,,443,37473,0,1358,17
1584503284.0175366,173.194.187.70,10.10.0.10,,,443,37473,0,29,17
1584503284.019206,173.194.187.70,10.10.0.10,,,443,37473,0,1358,17
1584503284.020981,10.10.0.10,173.194.187.70,,,37473,443,0,37,17
1584503284.056329,173.194.187.70,10.10.0.10,,,443,37473,0,1358,17
1584503284.058378,10.10.0.10,173.194.187.70,,,37473,443,0,37,17
1584503284.0934649,173.194.187.70,10.10.0.10,,,443,37473,0,1358,17
1584503284.130588,173.194.187.70,10.10.0.10,,,443,37473,0,1358,17
1584503284.1322482,10.10.0.10,173.194.187.70,,,37473,443,0,37,17
1584503284.167691,173.194.187.70,10.10.0.10,,,443,37473,0,1358,17
1584503284.2048151,173.194.187.70,10.10.0.10,,,443,37473,0,1358,17
1584503284.206855,10.10.0.10,173.194.187.70,,,37473,443,0,37,17
1584503284.241935,173.194.187.70,10.10.0.10,,,443,37473,0,1358,17
1584503284.279055,173.194.187.70,10.10.0.10,,,443,37473,0,1358,17
1584503284.280725,10.10.0.10,173.194.187.70,,,37473,443,0,37,17
1584503284.3161721,173.194.187.70,10.10.0.10,,,443,37473,0,1358,17
1584503284.3532946,173.194.187.70,10.10.0.10,,,443,37473,0,1358,17
1584503284.3549712,10.10.0.10,173.194.187.70,,,37473,443,0,37,17
1584503284.390415,173.194.187.70,10.10.0.10,,,443,37473,0,1358,17
1584503284.427534,173.194.187.70,10.10.0.10,,,443,37473,0,1358,17
1584503284.43074,10.10.0.10,173.194.187.70,,,37473,443,0,37,17
1584503284.4646552,173.194.187.70,10.10.0.10,,,443,37473,0,1358,17
1584503284.493345,10.10.0.10,173.194.187.70,,,37473,443,0,37,17
1584503284.501773,173.194.187.70,10.10.0.10,,,443,37473,0,1358,17
1584503284.5388944,173.194.187.70,10.10.0.10,,,443,37473,0,1358,17
1584503284.5408704,10.10.0.10,173.194.187.70,,,37473,443,0,37,17
1584503284.576017,173.194.187.70,10.10.0.10,,,443,37473,0,1358,17
1584503284.608736,10.10.0.10,173.194.187.70,,,37473,443,0,37,17
1584503284.6131382,173.194.187.70,10.10.0.10,,,443,37473,0,1358,17
1584503284.650264,173.194.187.70,10.10.0.10,,,443,37473,0,1358,17
1584503284.6524642,10.10.0.10,173.194.187.70,,,37473,443,0,37,17
1584503284.6873848,173.194.187.70,10.10.0.10,,,443,37473,0,1358,17
1584503284.7245102,173.194.187.70,10.10.0.10,,,443,37473,0,1358,17
1584503284.726463,10.10.0.10,173.194.187.70,,,37473,443,0,37,17
1584503284.761633,173.194.187.70,10.10.0.10,,,443,37473,0,1358,17
1584503284.7987552,173.194.187.70,10.10.0.10,,,443,37473,0,1358,17
1584503284.800459,10.10.0.10,173.194.187.70,,,37473,443,0,37,17
1584503284.835851,173.194.187.70,10.10.0.10,,,443,37473,0,1358,17
1584503284.872977,173.194.187.70,10.10.0.10,,,443,37473,0,1358,17
1584503284.874831,10.10.0.10,173.194.187.70,,,37473,443,0,37,17
1584503284.9100964,173.194.187.70,10.10.0.10,,,443,37473,0,1358,17
1584503284.9472132,173.194.187.70,10.10.0.10,,,443,37473,0,1358,17
1584503284.950302,10.10.0.10,173.194.187.70,,,37473,443,0,37,17
1584503284.9843311,173.194.187.70,10.10.0.10,,,443,37473,0,1358,17
1584503285.0214524,173.194.187.70,10.10.0.10,,,443,37473,0,1358,17
1584503285.0232089,10.10.0.10,173.194.187.70,,,37473,443,0,37,17
1584503285.058574,173.194.187.70,10.10.0.10,,,443,37473,0,1358,17
1584503285.0956938,173.194.187.70,10.10.0.10,,,443,37473,0,1358,17
1584503285.0974526,10.10.0.10,173.194.187.70,,,37473,443,0,50,17
1584503285.132817,173.194.187.70,10.10.0.10,,,443,37473,0,1358,17
1584503285.1699312,173.194.187.70,10.10.0.10,,,443,37473,0,1358,17
1584503285.1722279,10.10.0.10,173.194.187.70,,,37473,443,0,37,17
1584503285.207055,173.194.187.70,10.10.0.10,,,443,37473,0,1358,17
1584503285.238467,10.10.0.10,173.194.187.70,,,37473,443,0,37,17
1584503285.2441788,173.194.187.70,10.10.0.10,,,443,37473,0,1358,17
1584503285.281304,173.194.187.70,10.10.0.10,,,443,37473,0,1358,17
1584503285.283215,10.10.0.10,173.194.187.70,,,37473,443,0,37,17
1584503285.318426,173.194.187.70,10.10.0.10,,,443,37473,0,1358,17
1584503285.355547,173.194.187.70,10.10.0.10,,,443,37473,0,1358,17
1584503285.3578384,10.10.0.10,173.194.187.70,,,37473,443,0,37,17
1584503285.3926542,173.194.187.70,10.10.0.10,,,443,37473,0,1358,17
1584503285.429774,173.194.187.70,10.10.0.10,,,443,37473,0,1358,17
1584503285.431314,10.10.0.10,173.194.187.70,,,37473,443,0,37,17
1584503285.4668922,173.194.187.70,10.10.0.10,,,443,37473,0,1358,17
1584503285.503333,10.10.0.10,173.194.187.70,,,37473,443,0,37,17
1584503285.504016,173.194.187.70,10.10.0.10,,,443,37473,0,1358,17
1584503285.5411332,173.194.187.70,10.10.0.10,,,443,37473,0,1358,17
1584503285.543315,10.10.0.10,173.194.187.70,,,37473,443,0,37,17
1584503285.5782552,173.194.187.70,10.10.0.10,,,443,37473,0,1358,17
1584503285.615374,173.194.187.70,10.10.0.10,,,443,37473,0,1358,17
1584503285.6176784,10.10.0.10,173.194.187.70,,,37473,443,0,37,17
1584503285.6524944,173.194.187.70,10.10.0.10,,,443,37473,0,1358,17
1584503285.689613,173.194.187.70,10.10.0.10,,,443,37473,0,1358,17
1584503285.6914241,10.10.0.10,173.194.187.70,,,37473,443,0,37,17
1584503285.7267342,173.194.187.70,10.10.0.10,,,443,37473,0,1358,17
1584503285.7638571,173.194.187.70,10.10.0.10,,,443,37473,0,1358,17
1584503285.7670774,10.10.0.10,173.194.187.70,,,37473,443,0,37,17
1584503285.800979,173.194.187.70,10.10.0.10,,,443,37473,0,1358,17
1584503285.8381019,173.194.187.70,10.10.0.10,,,443,37473,0,1358,17
1584503285.8404498,10.10.0.10,173.194.187.70,,,37473,443,0,37,17
1584503285.8752098,173.194.187.70,10.10.0.10,,,443,37473,0,1358,17
1584503285.9085722,10.10.0.10,173.194.187.70,,,37473,443,0,37,17
1584503285.9123485,173.194.187.70,10.10.0.10,,,443,37473,0,1358,17
1584503285.949471,173.194.187.70,10.10.0.10,,,443,37473,0,1358,17
1584503285.953175,10.10.0.10,173.194.187.70,,,37473,443,0,37,17
1584503285.9865859,173.194.187.70,10.10.0.10,,,443,37473,0,1358,17
1584503286.023694,173.194.187.70,10.10.0.10,,,443,37473,0,1358,17
1584503286.0264258,10.10.0.10,173.194.187.70,,,37473,443,0,37,17
1584503286.0608294,173.194.187.70,10.10.0.10,,,443,37473,0,1358,17
1584503286.0979302,173.194.187.70,10.10.0.10,,,443,37473,0,1358,17
1584503286.09953,10.10.0.10,173.194.187.70,,,37473,443,0,37,17
1584503286.1350508,173.194.187.70,10.10.0.10,,,443,37473,0,1358,17
1584503286.1721704,173.194.187.70,10.10.0.10,,,443,37473,0,1358,17
1584503286.175392,10.10.0.10,173.194.187.70,,,37473,443,0,37,17
1584503286.209296,173.194.187.70,10.10.0.10,,,443,37473,0,1358,17
1584503286.2464151,173.194.187.70,10.10.0.10,,,443,37473,0,1358,17
1584503286.24816,10.10.0.10,173.194.187.70,,,37473,443,0,37,17
1584503286.283535,173.194.187.70,10.10.0.10,,,443,37473,0,1358,17
1584503286.320655,173.194.187.70,10.10.0.10,,,443,37473,0,1358,17
1584503286.322421,10.10.0.10,173.194.187.70,,,37473,443,0,37,17
1584503286.3577766,173.194.187.70,10.10.0.10,,,443,37473,0,1358,17
1584503286.3877866,10.10.0.10,173.194.187.70,,,37473,443,0,37,17
1584503286.3948948,173.194.187.70,10.10.0.10,,,443,37473,0,1358,17
1584503286.4230292,10.10.0.10,173.194.187.70,,,37473,443,0,50,17
1584503286.43202,173.194.187.70,10.10.0.10,,,443,37473,0,1358,17
1584503286.4691422,173.194.187.70,10.10.0.10,,,443,37473,0,1358,17
1584503286.4706595,10.10.0.10,173.194.187.70,,,37473,443,0,37,17
1584503286.506274,173.194.187.70,10.10.0.10,,,443,37473,0,1358,17
1584503286.508157,10.10.0.10,173.194.187.70,,,37473,443,0,37,17
1584503286.543389,173.194.187.70,10.10.0.10,,,443,37473,0,1358,17
1584503286.5804932,173.194.187.70,10.10.0.10,,,443,37473,0,1358,17
1584503286.5823002,10.10.0.10,173.194.187.70,,,37473,443,0,37,17
1584503286.617612,173.194.187.70,10.10.0.10,,,443,37473,0,1358,17
1584503286.654734,173.194.187.70,10.10.0.10,,,443,37473,0,1358,17
1584503286.656301,10.10.0.10,173.194.187.70,,,37473,443,0,37,17
1584503286.6918561,173.194.187.70,10.10.0.10,,,443,37473,0,1358,17
1584503286.728975,173.194.187.70,10.10.0.10,,,443,37473,0,1358,17
1584503286.73103,10.10.0.10,173.194.187.70,,,37473,443,0,37,17
1584503286.766094,173.194.187.70,10.10.0.10,,,443,37473,0,1358,17
1584503286.803214,173.194.187.70,10.10.0.10,,,443,37473,0,1358,17
1584503286.805158,10.10.0.10,173.194.187.70,,,37473,443,0,37,17
1584503286.8403368,173.194.187.70,10.10.0.10,,,443,37473,0,1358,17
1584503286.877456,173.194.187.70,10.10.0.10,,,443,37473,0,1358,17
1584503286.87929,10.10.0.10,173.194.187.70,,,37473,443,0,37,17
1584503286.914578,173.194.187.70,10.10.0.10,,,443,37473,0,1358,17
1584503286.951694,173.194.187.70,10.10.0.10,,,443,37473,0,1358,17
1584503286.953541,10.10.0.10,173.194.187.70,,,37473,443,0,37,17
1584503286.9888134,173.194.187.70,10.10.0.10,,,443,37473,0,1358,17
1584503287.025944,173.194.187.70,10.10.0.10,,,443,37473,0,1358,17
1584503287.0295308,10.10.0.10,173.194.187.70,,,37473,443,0,37,17
1584503287.063051,173.194.187.70,10.10.0.10,,,443,37473,0,1358,17
1584503287.100169,173.194.187.70,10.10.0.10,,,443,37473,0,1358,17
1584503287.101887,10.10.0.10,173.194.187.70,,,37473,443,0,37,17
1584503287.137311,173.194.187.70,10.10.0.10,,,443,37473,0,1358,17
1584503287.1744359,173.194.187.70,10.10.0.10,,,443,37473,0,1358,17
1584503287.1765368,10.10.0.10,173.194.187.70,,,37473,443,0,37,17
1584503287.211548,173.194.187.70,10.10.0.10,,,443,37473,0,1358,17
1584503287.2486682,173.194.187.70,10.10.0.10,,,443,37473,0,1358,17
1584503287.2502642,10.10.0.10,173.194.187.70,,,37473,443,0,37,17
1584503287.285774,173.194.187.70,10.10.0.10,,,443,37473,0,1358,17
1584503287.3228939,173.194.187.70,10.10.0.10,,,443,37473,0,1358,17
1584503287.335535,10.10.0.10,173.194.187.70,,,37473,443,0,37,17
1584503287.360009,173.194.187.70,10.10.0.10,,,443,37473,0,1358,17
1584503287.397134,173.194.187.70,10.10.0.10,,,443,37473,0,1358,17
1584503287.40028,10.10.0.10,173.194.187.70,,,37473,443,0,37,17
1584503287.4342554,173.194.187.70,10.10.0.10,,,443,37473,0,1358,17
1584503287.471374,173.194.187.70,10.10.0.10,,,443,37473,0,1358,17
1584503287.474024,10.10.0.10,173.194.187.70,,,37473,443,0,37,17
1584503287.508494,173.194.187.70,10.10.0.10,,,443,37473,0,1358,17
1584503287.545616,173.194.187.70,10.10.0.10,,,443,37473,0,1358,17
1584503287.5477526,10.10.0.10,173.194.187.70,,,37473,443,0,37,17
1584503287.5871868,173.194.187.70,10.10.0.10,,,443,37473,0,1358,17
1584503287.6183972,10.10.0.10,173.194.187.70,,,37473,443,0,37,17
1584503287.624307,173.194.187.70,10.10.0.10,,,443,37473,0,1358,17
1584503287.6614275,173.194.187.70,10.10.0.10,,,443,37473,0,1358,17
1584503287.663975,10.10.0.10,173.194.187.70,,,37473,443,0,37,17
1584503287.6985528,173.194.187.70,10.10.0.10,,,443,37473,0,1358,17
1584503287.735672,173.194.187.70,10.10.0.10,,,443,37473,0,1358,17
1584503287.737374,10.10.0.10,173.194.187.70,,,37473,443,0,37,17
1584503287.772794,173.194.187.70,10.10.0.10,,,443,37473,0,1358,17
1584503287.8099148,173.194.187.70,10.10.0.10,,,443,37473,0,1358,17
1584503287.8138509,10.10.0.10,173.194.187.70,,,37473,443,0,50,17
1584503287.84704,173.194.187.70,10.10.0.10,,,443,37473,0,1358,17
1584503287.8841438,173.194.187.70,10.10.0.10,,,443,37473,0,1358,17
1584503287.885747,10.10.0.10,173.194.187.70,,,37473,443,0,37,17
1584503287.9257262,173.194.187.70,10.10.0.10,,,443,37473,0,1358,17
1584503287.9628382,173.194.187.70,10.10.0.10,,,443,37473,0,1358,17
1584503287.9645214,10.10.0.10,173.194.187.70,,,37473,443,0,37,17
1584503287.999958,173.194.187.70,10.10.0.10,,,443,37473,0,1358,17
1584503288.0337148,10.10.0.10,173.194.187.70,,,37473,443,0,37,17
1584503288.037083,173.194.187.70,10.10.0.10,,,443,37473,0,29,17
1584503288.0387518,173.194.187.70,10.10.0.10,,,443,37473,0,1358,17
1584503288.0758774,173.194.187.70,10.10.0.10,,,443,37473,0,1358,17
1584503288.0776038,10.10.0.10,173.194.187.70,,,37473,443,0,37,17
1584503288.1130009,173.194.187.70,10.10.0.10,,,443,37473,0,1358,17
1584503288.1501222,173.194.187.70,10.10.0.10,,,443,37473,0,1358,17
1584503288.152736,10.10.0.10,173.194.187.70,,,37473,443,0,37,17
1584503288.1872401,173.194.187.70,10.10.0.10,,,443,37473,0,1358,17
1584503288.228816,173.194.187.70,10.10.0.10,,,443,37473,0,1358,17
1584503288.2314892,10.10.0.10,173.194.187.70,,,37473,443,0,37,17
1584503288.265934,173.194.187.70,10.10.0.10,,,443,37473,0,1358,17
1584503288.301118,10.10.0.10,173.194.187.70,,,37473,443,0,37,17
1584503288.3030524,173.194.187.70,10.10.0.10,,,443,37473,0,1358,17
1584503288.3401742,173.194.187.70,10.10.0.10,,,443,37473,0,1358,17
1584503288.3422508,10.10.0.10,173.194.187.70,,,37473,443,0,37,17
1584503288.377294,173.194.187.70,10.10.0.10,,,443,37473,0,1358,17
1584503288.4144142,173.194.187.70,10.10.0.10,,,443,37473,0,1358,17
1584503288.416249,10.10.0.10,173.194.187.70,,,37473,443,0,37,17
1584503288.451535,173.194.187.70,10.10.0.10,,,443,37473,0,1358,17
1584503288.488655,173.194.187.70,10.10.0.10,,,443,37473,0,1358,17
1584503288.4904964,10.10.0.10,173.194.187.70,,,37473,443,0,37,17
1584503288.525775,173.194.187.70,10.10.0.10,,,443,37473,0,1358,17
1584503288.5628982,173.194.187.70,10.10.0.10,,,443,37473,0,1358,17
1584503288.5646179,10.10.0.10,173.194.187.70,,,37473,443,0,37,17
1584503288.60001,173.194.187.70,10.10.0.10,,,443,37473,0,1358,17
1584503288.635349,10.10.0.10,173.194.187.70,,,37473,443,0,37,17
1584503288.6371439,173.194.187.70,10.10.0.10,,,443,37473,0,1358,17
1584503288.6742668,173.194.187.70,10.10.0.10,,,443,37473,0,1358,17
1584503288.676369,10.10.0.10,173.194.187.70,,,37473,443,0,37,17
1584503288.711391,173.194.187.70,10.10.0.10,,,443,37473,0,1358,17
1584503288.748518,173.194.187.70,10.10.0.10,,,443,37473,0,1358,17
1584503288.7519698,10.10.0.10,173.194.187.70,,,37473,443,0,37,17
1584503288.785613,173.194.187.70,10.10.0.10,,,443,37473,0,1358,17
1584503288.8227322,173.194.187.70,10.10.0.10,,,443,37473,0,1358,17
1584503288.824977,10.10.0.10,173.194.187.70,,,37473,443,0,37,17
1584503288.8598568,173.194.187.70,10.10.0.10,,,443,37473,0,1358,17
1584503288.8969786,173.194.187.70,10.10.0.10,,,443,37473,0,1358,17
1584503288.8999412,10.10.0.10,173.194.187.70,,,37473,443,0,37,17
1584503288.9340956,173.194.187.70,10.10.0.10,,,443,37473,0,1358,17
1584503288.971213,173.194.187.70,10.10.0.10,,,443,37473,0,1358,17
1584503288.972833,10.10.0.10,173.194.187.70,,,37473,443,0,37,17
1584503289.0083306,173.194.187.70,10.10.0.10,,,443,37473,0,1358,17
1584503289.045455,173.194.187.70,10.10.0.10,,,443,37473,0,1358,17
1584503289.047086,10.10.0.10,173.194.187.70,,,37473,443,0,37,17
1584503289.082578,173.194.187.70,10.10.0.10,,,443,37473,0,1358,17
1584503289.1196911,173.194.187.70,10.10.0.10,,,443,37473,0,1358,17
1584503289.12246,10.10.0.10,173.194.187.70,,,37473,443,0,37,17
1584503289.156816,173.194.187.70,10.10.0.10,,,443,37473,0,1358,17
1584503289.193941,173.194.187.70,10.10.0.10,,,443,37473,0,1358,17
1584503289.1961012,10.10.0.10,173.194.187.70,,,37473,443,0,50,17
1584503289.231065,173.194.187.70,10.10.0.10,,,443,37473,0,1358,17
1584503289.268169,173.194.187.70,10.10.0.10,,,443,37473,0,1358,17
1584503289.2697241,10.10.0.10,173.194.187.70,,,37473,443,0,37,17
1584503289.305308,173.194.187.70,10.10.0.10,,,443,37473,0,1358,17
1584503289.3424132,173.194.187.70,10.10.0.10,,,443,37473,0,1358,17
1584503289.344987,10.10.0.10,173.194.187.70,,,37473,443,0,37,17
1584503289.379534,173.194.187.70,10.10.0.10,,,443,37473,0,1358,17
1584503289.416656,173.194.187.70,10.10.0.10,,,443,37473,0,29,17
1584503289.4183376,173.194.187.70,10.10.0.10,,,443,37473,0,1358,17
1584503289.4186988,10.10.0.10,173.194.187.70,,,37473,443,0,37,17
1584503289.4554536,173.194.187.70,10.10.0.10,,,443,37473,0,1358,17
1584503289.4570642,10.10.0.10,173.194.187.70,,,37473,443,0,37,17
1584503289.492575,173.194.187.70,10.10.0.10,,,443,37473,0,1358,17
1584503289.529695,173.194.187.70,10.10.0.10,,,443,37473,0,1358,17
1584503289.5316956,10.10.0.10,173.194.187.70,,,37473,443,0,37,17
1584503289.5668132,173.194.187.70,10.10.0.10,,,443,37473,0,1358,17
1584503289.603938,173.194.187.70,10.10.0.10,,,443,37473,0,1358,17
1584503289.605818,10.10.0.10,173.194.187.70,,,37473,443,0,37,17
1584503289.6410544,173.194.187.70,10.10.0.10,,,443,37473,0,1358,17
1584503289.678175,173.194.187.70,10.10.0.10,,,443,37473,0,1358,17
1584503289.6816812,10.10.0.10,173.194.187.70,,,37473,443,0,37,17
1584503289.7152991,173.194.187.70,10.10.0.10,,,443,37473,0,1358,17
1584503289.752422,173.194.187.70,10.10.0.10,,,443,37473,0,1358,17
1584503289.75583,10.10.0.10,173.194.187.70,,,37473,443,0,37,17
1584503289.789547,173.194.187.70,10.10.0.10,,,443,37473,0,1358,17
1584503289.829403,173.194.187.70,10.10.0.10,,,443,37473,0,1358,17
1584503289.831439,10.10.0.10,173.194.187.70,,,37473,443,0,37,17
1584503289.8665214,173.194.187.70,10.10.0.10,,,443,37473,0,1358,17
1584503289.903641,173.194.187.70,10.10.0.10,,,443,37473,0,1358,17
1584503289.906807,10.10.0.10,173.194.187.70,,,37473,443,0,37,17
1584503289.9407618,173.194.187.70,10.10.0.10,,,443,37473,0,1358,17
1584503289.977881,173.194.187.70,10.10.0.10,,,443,37473,0,1358,17
1584503289.983419,10.10.0.10,173.194.187.70,,,37473,443,0,37,17
1584503290.016115,173.194.187.70,10.10.0.10,,,443,37473,0,1358,17
1584503290.0532491,173.194.187.70,10.10.0.10,,,443,37473,0,1358,17
1584503290.0550704,10.10.0.10,173.194.187.70,,,37473,443,0,37,17
1584503290.0903606,173.194.187.70,10.10.0.10,,,443,37473,0,1358,17
1584503290.1274881,173.194.187.70,10.10.0.10,,,443,37473,0,1358,17
1584503290.129056,10.10.0.10,173.194.187.70,,,37473,443,0,37,17
1584503290.1646008,173.194.187.70,10.10.0.10,,,443,37473,0,1358,17
1584503290.2017262,173.194.187.70,10.10.0.10,,,443,37473,0,1358,17
1584503290.203447,10.10.0.10,173.194.187.70,,,37473,443,0,37,17
1584503290.238848,173.194.187.70,10.10.0.10,,,443,37473,0,1358,17
1584503290.275973,173.194.187.70,10.10.0.10,,,443,37473,0,1358,17
1584503290.277549,10.10.0.10,173.194.187.70,,,37473,443,0,37,17
1584503290.313094,173.194.187.70,10.10.0.10,,,443,37473,0,1358,17
1584503290.3502169,173.194.187.70,10.10.0.10,,,443,37473,0,1358,17
1584503290.351797,10.10.0.10,173.194.187.70,,,37473,443,0,37,17
1584503290.387342,173.194.187.70,10.10.0.10,,,443,37473,0,1358,17
1584503290.4244561,173.194.187.70,10.10.0.10,,,443,37473,0,1358,17
1584503290.4262948,10.10.0.10,173.194.187.70,,,37473,443,0,37,17
1584503290.461564,173.194.187.70,10.10.0.10,,,443,37473,0,1358,17
1584503290.49868,173.194.187.70,10.10.0.10,,,443,37473,0,1358,17
1584503290.500313,10.10.0.10,173.194.187.70,,,37473,443,0,37,17
1584503290.5358045,173.194.187.70,10.10.0.10,,,443,37473,0,1358,17
1584503290.572921,173.194.187.70,10.10.0.10,,,443,37473,0,1358,17
1584503290.574791,10.10.0.10,173.194.187.70,,,37473,443,0,37,17
1584503290.610041,173.194.187.70,10.10.0.10,,,443,37473,0,1358,17
1584503290.647161,173.194.187.70,10.10.0.10,,,443,37473,0,1358,17
1584503290.6491628,10.10.0.10,173.194.187.70,,,37473,443,0,50,17
1584503290.6842802,173.194.187.70,10.10.0.10,,,443,37473,0,1358,17
1584503290.721401,173.194.187.70,10.10.0.10,,,443,37473,0,1358,17
1584503290.723056,10.10.0.10,173.194.187.70,,,37473,443,0,37,17
1584503290.758522,173.194.187.70,10.10.0.10,,,443,37473,0,1358,17
1584503290.795644,173.194.187.70,10.10.0.10,,,443,37473,0,1358,17
1584503290.7983036,10.10.0.10,173.194.187.70,,,37473,443,0,37,17
1584503290.832768,173.194.187.70,10.10.0.10,,,443,37473,0,1358,17
1584503290.869892,173.194.187.70,10.10.0.10,,,443,37473,0,29,17
1584503290.871537,10.10.0.10,173.194.187.70,,,37473,443,0,37,17
1584503290.8715599,173.194.187.70,10.10.0.10,,,443,37473,0,1358,17
1584503290.9086769,173.194.187.70,10.10.0.10,,,443,37473,0,1358,17
1584503290.9105172,10.10.0.10,173.194.187.70,,,37473,443,0,37,17
1584503290.9458108,173.194.187.70,10.10.0.10,,,443,37473,0,1358,17
1584503290.982918,173.194.187.70,10.10.0.10,,,443,37473,0,1358,17
1584503290.985614,10.10.0.10,173.194.187.70,,,37473,443,0,37,17
1584503291.020039,173.194.187.70,10.10.0.10,,,443,37473,0,1358,17
1584503291.0571618,173.194.187.70,10.10.0.10,,,443,37473,0,1358,17
1584503291.059056,10.10.0.10,173.194.187.70,,,37473,443,0,37,17
1584503291.0942822,173.194.187.70,10.10.0.10,,,443,37473,0,1358,17
1584503291.131401,173.194.187.70,10.10.0.10,,,443,37473,0,1358,17
1584503291.1332908,10.10.0.10,173.194.187.70,,,37473,443,0,37,17
1584503291.1685221,173.194.187.70,10.10.0.10,,,443,37473,0,1358,17
1584503291.205641,173.194.187.70,10.10.0.10,,,443,37473,0,1358,17
1584503291.207512,10.10.0.10,173.194.187.70,,,37473,443,0,37,17
1584503291.242759,173.194.187.70,10.10.0.10,,,443,37473,0,1209,17
1584503291.261294,10.10.0.10,173.194.187.70,,,37473,443,0,736,17
1584503291.2613199,10.10.0.10,173.194.187.70,,,37473,443,0,48,17
1584503291.2750435,10.10.0.10,173.194.187.70,,,37473,443,0,748,17
1584503291.27579,10.10.0.10,173.194.187.70,,,37473,443,0,48,17
1584503291.2759092,173.194.187.70,10.10.0.10,,,443,37473,0,29,17
1584503291.277587,173.194.187.70,10.10.0.10,,,443,37473,0,1358,17
1584503291.3147068,173.194.187.70,10.10.0.10,,,443,37473,0,1358,17
1584503291.318521,10.10.0.10,173.194.187.70,,,37473,443,0,37,17
1584503291.351826,173.194.187.70,10.10.0.10,,,443,37473,0,1358,17
1584503291.3889458,173.194.187.70,10.10.0.10,,,443,37473,0,1358,17
1584503291.3905392,10.10.0.10,173.194.187.70,,,37473,443,0,37,17
1584503291.4260669,173.194.187.70,10.10.0.10,,,443,37473,0,1358,17
1584503291.4631882,173.194.187.70,10.10.0.10,,,443,37473,0,1358,17
1584503291.46479,10.10.0.10,173.194.187.70,,,37473,443,0,37,17
1584503291.500313,173.194.187.70,10.10.0.10,,,443,37473,0,29,17
1584503291.5019972,173.194.187.70,10.10.0.10,,,443,37473,0,1358,17
1584503291.53912,173.194.187.70,10.10.0.10,,,443,37473,0,1358,17
1584503291.541263,10.10.0.10,173.194.187.70,,,37473,443,0,37,17
1584503291.576227,173.194.187.70,10.10.0.10,,,443,37473,0,1358,17
1584503291.6133478,173.194.187.70,10.10.0.10,,,443,37473,0,1358,17
1584503291.6151538,10.10.0.10,173.194.187.70,,,37473,443,0,37,17
1584503291.650467,173.194.187.70,10.10.0.10,,,443,37473,0,1358,17
1584503291.6875892,173.194.187.70,10.10.0.10,,,443,37473,0,1358,17
1584503291.689147,10.10.0.10,173.194.187.70,,,37473,443,0,37,17
1584503291.7247062,173.194.187.70,10.10.0.10,,,443,37473,0,1358,17
1584503291.761826,173.194.187.70,10.10.0.10,,,443,37473,0,1358,17
1584503291.762247,10.10.0.10,173.194.187.70,,,37473,443,0,37,17
1584503291.7989476,173.194.187.70,10.10.0.10,,,443,37473,0,1358,17
1584503291.800774,10.10.0.10,173.194.187.70,,,37473,443,0,37,17
1584503291.8360622,173.194.187.70,10.10.0.10,,,443,37473,0,1358,17
1584503291.8731859,173.194.187.70,10.10.0.10,,,443,37473,0,1358,17
1584503291.875274,10.10.0.10,173.194.187.70,,,37473,443,0,37,17
1584503291.910306,173.194.187.70,10.10.0.10,,,443,37473,0,1358,17
1584503291.947423,173.194.187.70,10.10.0.10,,,443,37473,0,1358,17
1584503291.9507172,10.10.0.10,173.194.187.70,,,37473,443,0,37,17
1584503291.984543,173.194.187.70,10.10.0.10,,,443,37473,0,1358,17
1584503292.021673,173.194.187.70,10.10.0.10,,,443,37473,0,1358,17
1584503292.023654,10.10.0.10,173.194.187.70,,,37473,443,0,37,17
1584503292.058785,173.194.187.70,10.10.0.10,,,443,37473,0,1358,17
1584503292.095906,173.194.187.70,10.10.0.10,,,443,37473,0,1358,17
1584503292.0978842,10.10.0.10,173.194.187.70,,,37473,443,0,37,17
1584503292.1330268,173.194.187.70,10.10.0.10,,,443,37473,0,1358,17
1584503292.17015,173.194.187.70,10.10.0.10,,,443,37473,0,1358,17
1584503292.172142,10.10.0.10,173.194.187.70,,,37473,443,0,37,17
1584503292.207288,173.194.187.70,10.10.0.10,,,443,37473,0,1358,17
1584503292.244387,173.194.187.70,10.10.0.10,,,443,37473,0,1358,17
1584503292.2460122,10.10.0.10,173.194.187.70,,,37473,443,0,37,17
1584503292.2815075,173.194.187.70,10.10.0.10,,,443,37473,0,1358,17
1584503292.31863,173.194.187.70,10.10.0.10,,,443,37473,0,1358,17
1584503292.320759,10.10.0.10,173.194.187.70,,,37473,443,0,37,17
1584503292.355753,173.194.187.70,10.10.0.10,,,443,37473,0,1358,17
1584503292.3928668,173.194.187.70,10.10.0.10,,,443,37473,0,1358,17
1584503292.394366,10.10.0.10,173.194.187.70,,,37473,443,0,37,17
1584503292.429985,173.194.187.70,10.10.0.10,,,443,37473,0,1358,17
1584503292.4671092,173.194.187.70,10.10.0.10,,,443,37473,0,1358,17
1584503292.4692569,10.10.0.10,173.194.187.70,,,37473,443,0,37,17
1584503292.50423,173.194.187.70,10.10.0.10,,,443,37473,0,1358,17
1584503292.5413492,173.194.187.70,10.10.0.10,,,443,37473,0,1358,17
1584503292.5433788,10.10.0.10,173.194.187.70,,,37473,443,0,37,17
1584503292.578465,173.194.187.70,10.10.0.10,,,443,37473,0,1358,17
1584503292.615591,173.194.187.70,10.10.0.10,,,443,37473,0,1358,17
1584503292.617482,10.10.0.10,173.194.187.70,,,37473,443,0,37,17
1584503292.652713,173.194.187.70,10.10.0.10,,,443,37473,0,1358,17
1584503292.6898372,173.194.187.70,10.10.0.10,,,443,37473,0,1358,17
1584503292.691624,10.10.0.10,173.194.187.70,,,37473,443,0,50,17
1584503292.72696,173.194.187.70,10.10.0.10,,,443,37473,0,1358,17
1584503292.764068,173.194.187.70,10.10.0.10,,,443,37473,0,1358,17
1584503292.7650714,10.10.0.10,173.194.187.70,,,37473,443,0,37,17
1584503292.8011901,173.194.187.70,10.10.0.10,,,443,37473,0,1358,17
1584503292.8037262,10.10.0.10,173.194.187.70,,,37473,443,0,37,17
1584503292.8383071,173.194.187.70,10.10.0.10,,,443,37473,0,1358,17
1584503292.8754249,173.194.187.70,10.10.0.10,,,443,37473,0,1358,17
1584503292.877369,10.10.0.10,173.194.187.70,,,37473,443,0,37,17
1584503292.9125473,173.194.187.70,10.10.0.10,,,443,37473,0,1358,17
1584503292.949664,173.194.187.70,10.10.0.10,,,443,37473,0,1358,17
1584503292.9514658,10.10.0.10,173.194.187.70,,,37473,443,0,37,17
1584503292.9867902,173.194.187.70,10.10.0.10,,,443,37473,0,1358,17
1584503293.023905,173.194.187.70,10.10.0.10,,,443,37473,0,1358,17
1584503293.027878,10.10.0.10,173.194.187.70,,,37473,443,0,37,17
1584503293.061024,173.194.187.70,10.10.0.10,,,443,37473,0,1358,17
1584503293.0981472,173.194.187.70,10.10.0.10,,,443,37473,0,1358,17
1584503293.100729,10.10.0.10,173.194.187.70,,,37473,443,0,37,17
1584503293.135271,173.194.187.70,10.10.0.10,,,443,37473,0,1358,17
1584503293.172384,173.194.187.70,10.10.0.10,,,443,37473,0,1358,17
1584503293.174999,10.10.0.10,173.194.187.70,,,37473,443,0,37,17
1584503293.209512,173.194.187.70,10.10.0.10,,,443,37473,0,1358,17
1584503293.2466366,173.194.187.70,10.10.0.10,,,443,37473,0,1358,17
1584503293.248464,10.10.0.10,173.194.187.70,,,37473,443,0,37,17
1584503293.2837589,173.194.187.70,10.10.0.10,,,443,37473,0,1358,17
1584503293.3208852,173.194.187.70,10.10.0.10,,,443,37473,0,1358,17
1584503293.32321,10.10.0.10,173.194.187.70,,,37473,443,0,37,17
1584503293.358003,173.194.187.70,10.10.0.10,,,443,37473,0,1358,17
1584503293.395129,173.194.187.70,10.10.0.10,,,443,37473,0,1358,17
1584503293.396729,10.10.0.10,173.194.187.70,,,37473,443,0,37,17
1584503293.432226,173.194.187.70,10.10.0.10,,,443,37473,0,1358,17
1584503293.469348,173.194.187.70,10.10.0.10,,,443,37473,0,1358,17
1584503293.4720821,10.10.0.10,173.194.187.70,,,37473,443,0,37,17
1584503293.5064678,173.194.187.70,10.10.0.10,,,443,37473,0,1358,17
1584503293.543586,173.194.187.70,10.10.0.10,,,443,37473,0,1358,17
1584503293.5458279,10.10.0.10,173.194.187.70,,,37473,443,0,37,17
1584503293.5807068,173.194.187.70,10.10.0.10,,,443,37473,0,1358,17
1584503293.617827,173.194.187.70,10.10.0.10,,,443,37473,0,1358,17
1584503293.619854,10.10.0.10,173.194.187.70,,,37473,443,0,37,17
1584503293.6549478,173.194.187.70,10.10.0.10,,,443,37473,0,1358,17
1584503293.692066,173.194.187.70,10.10.0.10,,,443,37473,0,1358,17
1584503293.693824,10.10.0.10,173.194.187.70,,,37473,443,0,37,17
1584503293.7291892,173.194.187.70,10.10.0.10,,,443,37473,0,1358,17
1584503293.7663019,173.194.187.70,10.10.0.10,,,443,37473,0,1358,17
1584503293.7681732,10.10.0.10,173.194.187.70,,,37473,443,0,37,17
1584503293.80343,173.194.187.70,10.10.0.10,,,443,37473,0,1358,17
1584503293.8405519,173.194.187.70,10.10.0.10,,,443,37473,0,1358,17
1584503293.842718,10.10.0.10,173.194.187.70,,,37473,443,0,37,17
1584503293.8776774,173.194.187.70,10.10.0.10,,,443,37473,0,1358,17
1584503293.9148018,173.194.187.70,10.10.0.10,,,443,37473,0,1358,17
1584503293.9180882,10.10.0.10,173.194.187.70,,,37473,443,0,37,17
1584503293.951905,173.194.187.70,10.10.0.10,,,443,37473,0,1358,17
1584503293.989034,173.194.187.70,10.10.0.10,,,443,37473,0,1358,17
1584503293.990534,10.10.0.10,173.194.187.70,,,37473,443,0,37,17
1584503294.026144,173.194.187.70,10.10.0.10,,,443,37473,0,1358,17
1584503294.063267,173.194.187.70,10.10.0.10,,,443,37473,0,1358,17
1584503294.066065,10.10.0.10,173.194.187.70,,,37473,443,0,37,17
1584503294.100385,173.194.187.70,10.10.0.10,,,443,37473,0,1358,17
1584503294.1375089,173.194.187.70,10.10.0.10,,,443,37473,0,1358,17
1584503294.1393142,10.10.0.10,173.194.187.70,,,37473,443,0,50,17
1584503294.1746278,173.194.187.70,10.10.0.10,,,443,37473,0,1358,17
1584503294.2117472,173.194.187.70,10.10.0.10,,,443,37473,0,1358,17
1584503294.213319,10.10.0.10,173.194.187.70,,,37473,443,0,37,17
1584503294.24887,173.194.187.70,10.10.0.10,,,443,37473,0,1358,17
1584503294.28599,173.194.187.70,10.10.0.10,,,443,37473,0,29,17
1584503294.2876658,173.194.187.70,10.10.0.10,,,443,37473,0,1358,17
1584503294.288586,10.10.0.10,173.194.187.70,,,37473,443,0,37,17
1584503294.324789,173.194.187.70,10.10.0.10,,,443,37473,0,1358,17
1584503294.3265538,10.10.0.10,173.194.187.70,,,37473,443,0,37,17
1584503294.3619132,173.194.187.70,10.10.0.10,,,443,37473,0,1358,17
1584503294.399038,173.194.187.70,10.10.0.10,,,443,37473,0,1358,17
1584503294.4021788,10.10.0.10,173.194.187.70,,,37473,443,0,37,17
1584503294.436162,173.194.187.70,10.10.0.10,,,443,37473,0,1358,17
1584503294.4732692,173.194.187.70,10.10.0.10,,,443,37473,0,1358,17
1584503294.474818,10.10.0.10,173.194.187.70,,,37473,443,0,37,17
1584503294.510387,173.194.187.70,10.10.0.10,,,443,37473,0,1358,17
1584503294.547506,173.194.187.70,10.10.0.10,,,443,37473,0,1358,17
1584503294.54907,10.10.0.10,173.194.187.70,,,37473,443,0,37,17
1584503294.584627,173.194.187.70,10.10.0.10,,,443,37473,0,1358,17
1584503294.6217468,173.194.187.70,10.10.0.10,,,443,37473,0,1358,17
1584503294.6239223,10.10.0.10,173.194.187.70,,,37473,443,0,37,17
1584503294.658867,173.194.187.70,10.10.0.10,,,443,37473,0,1358,17
1584503294.695991,173.194.187.70,10.10.0.10,,,443,37473,0,1358,17
1584503294.697688,10.10.0.10,173.194.187.70,,,37473,443,0,37,17
1584503294.7331069,173.194.187.70,10.10.0.10,,,443,37473,0,1358,17
1584503294.770227,173.194.187.70,10.10.0.10,,,443,37473,0,1358,17
1584503294.77319,10.10.0.10,173.194.187.70,,,37473,443,0,37,17
1584503294.8073552,173.194.187.70,10.10.0.10,,,443,37473,0,1358,17
1584503294.8444679,173.194.187.70,10.10.0.10,,,443,37473,0,1358,17
1584503294.8466651,10.10.0.10,173.194.187.70,,,37473,443,0,37,17
1584503294.8815858,173.194.187.70,10.10.0.10,,,443,37473,0,1358,17
1584503294.9187136,173.194.187.70,10.10.0.10,,,443,37473,0,1358,17
1584503294.920289,10.10.0.10,173.194.187.70,,,37473,443,0,37,17
1584503294.9558358,173.194.187.70,10.10.0.10,,,443,37473,0,1358,17
1584503294.9929671,173.194.187.70,10.10.0.10,,,443,37473,0,1358,17
1584503294.995539,10.10.0.10,173.194.187.70,,,37473,443,0,37,17
1584503295.0300634,173.194.187.70,10.10.0.10,,,443,37473,0,1358,17
1584503295.067182,173.194.187.70,10.10.0.10,,,443,37473,0,1358,17
1584503295.0694141,10.10.0.10,173.194.187.70,,,37473,443,0,37,17
1584503295.1043036,173.194.187.70,10.10.0.10,,,443,37473,0,1358,17
1584503295.141424,173.194.187.70,10.10.0.10,,,443,37473,0,1358,17
1584503295.143266,10.10.0.10,173.194.187.70,,,37473,443,0,37,17
1584503295.178544,173.194.187.70,10.10.0.10,,,443,37473,0,1358,17
1584503295.2156632,173.194.187.70,10.10.0.10,,,443,37473,0,1358,17
1584503295.2178018,10.10.0.10,173.194.187.70,,,37473,443,0,37,17
1584503295.2527876,173.194.187.70,10.10.0.10,,,443,37473,0,1358,17
1584503295.2899091,173.194.187.70,10.10.0.10,,,443,37473,0,1358,17
1584503295.2921698,10.10.0.10,173.194.187.70,,,37473,443,0,37,17
1584503295.327026,173.194.187.70,10.10.0.10,,,443,37473,0,1358,17
1584503295.3641472,173.194.187.70,10.10.0.10,,,443,37473,0,1358,17
1584503295.3692696,10.10.0.10,173.194.187.70,,,37473,443,0,37,17
1584503295.4012668,173.194.187.70,10.10.0.10,,,443,37473,0,1358,17
1584503295.438385,173.194.187.70,10.10.0.10,,,443,37473,0,1358,17
1584503295.4755054,173.194.187.70,10.10.0.10,,,443,37473,0,1358,17
1584503295.505792,10.10.0.10,173.194.187.70,,,37473,443,0,37,17
1584503295.512631,173.194.187.70,10.10.0.10,,,443,37473,0,1358,17
1584503295.5209155,10.10.0.10,173.194.187.70,,,37473,443,0,40,17
1584503295.549756,173.194.187.70,10.10.0.10,,,443,37473,0,1358,17
1584503295.551423,10.10.0.10,173.194.187.70,,,37473,443,0,53,17
1584503295.5868769,173.194.187.70,10.10.0.10,,,443,37473,0,1358,17
1584503295.589769,10.10.0.10,173.194.187.70,,,37473,443,0,40,17
1584503295.623985,173.194.187.70,10.10.0.10,,,443,37473,0,1358,17
1584503295.625519,10.10.0.10,173.194.187.70,,,37473,443,0,40,17
1584503295.6611078,173.194.187.70,10.10.0.10,,,443,37473,0,1358,17
1584503295.698227,173.194.187.70,10.10.0.10,,,443,37473,0,1358,17
1584503295.6997662,10.10.0.10,173.194.187.70,,,37473,443,0,40,17
1584503295.7353456,173.194.187.70,10.10.0.10,,,443,37473,0,29,17
1584503295.7370286,173.194.187.70,10.10.0.10,,,443,37473,0,1358,17
1584503295.7741468,173.194.187.70,10.10.0.10,,,443,37473,0,1358,17
1584503295.775648,10.10.0.10,173.194.187.70,,,37473,443,0,37,17
1584503295.811269,173.194.187.70,10.10.0.10,,,443,37473,0,1358,17
1584503295.8483882,173.194.187.70,10.10.0.10,,,443,37473,0,1358,17
1584503295.8498852,10.10.0.10,173.194.187.70,,,37473,443,0,37,17
1584503295.8855069,173.194.187.70,10.10.0.10,,,443,37473,0,1358,17
1584503295.922627,173.194.187.70,10.10.0.10,,,443,37473,0,1358,17
1584503295.9246438,10.10.0.10,173.194.187.70,,,37473,443,0,37,17
1584503295.9597476,173.194.187.70,10.10.0.10,,,443,37473,0,1358,17
1584503295.99687,173.194.187.70,10.10.0.10,,,443,37473,0,1358,17
1584503295.9990132,10.10.0.10,173.194.187.70,,,37473,443,0,37,17
1584503296.033984,173.194.187.70,10.10.0.10,,,443,37473,0,1358,17
1584503296.0711148,173.194.187.70,10.10.0.10,,,443,37473,0,1358,17
1584503296.0733948,10.10.0.10,173.194.187.70,,,37473,443,0,37,17
1584503296.1082258,173.194.187.70,10.10.0.10,,,443,37473,0,1358,17
1584503296.1453464,173.194.187.70,10.10.0.10,,,443,37473,0,1358,17
1584503296.147133,10.10.0.10,173.194.187.70,,,37473,443,0,37,17
1584503296.1824641,173.194.187.70,10.10.0.10,,,443,37473,0,1358,17
1584503296.2151456,10.10.0.10,173.194.187.70,,,37473,443,0,37,17
1584503296.2195878,173.194.187.70,10.10.0.10,,,443,37473,0,1358,17
1584503296.256708,173.194.187.70,10.10.0.10,,,443,37473,0,1358,17
1584503296.258749,10.10.0.10,173.194.187.70,,,37473,443,0,37,17
1584503296.2938259,173.194.187.70,10.10.0.10,,,443,37473,0,1358,17
1584503296.330948,173.194.187.70,10.10.0.10,,,443,37473,0,1358,17
1584503296.333009,10.10.0.10,173.194.187.70,,,37473,443,0,37,17
1584503296.368062,173.194.187.70,10.10.0.10,,,443,37473,0,1358,17
1584503296.4051876,173.194.187.70,10.10.0.10,,,443,37473,0,1358,17
1584503296.4068902,10.10.0.10,173.194.187.70,,,37473,443,0,37,17
1584503296.442307,173.194.187.70,10.10.0.10,,,443,37473,0,1358,17
1584503296.4794269,173.194.187.70,10.10.0.10,,,443,37473,0,1358,17
1584503296.4817634,10.10.0.10,173.194.187.70,,,37473,443,0,37,17
1584503296.516546,173.194.187.70,10.10.0.10,,,443,37473,0,1358,17
1584503296.5536678,173.194.187.70,10.10.0.10,,,443,37473,0,1358,17
1584503296.556617,10.10.0.10,173.194.187.70,,,37473,443,0,37,17
1584503296.590789,173.194.187.70,10.10.0.10,,,443,37473,0,1358,17
1584503296.624239,10.10.0.10,173.194.187.70,,,37473,443,0,37,17
1584503296.6279118,173.194.187.70,10.10.0.10,,,443,37473,0,1358,17
1584503296.6650374,173.194.187.70,10.10.0.10,,,443,37473,0,1358,17
1584503296.666759,10.10.0.10,173.194.187.70,,,37473,443,0,37,17
1584503296.70216,173.194.187.70,10.10.0.10,,,443,37473,0,1358,17
1584503296.7392828,173.194.187.70,10.10.0.10,,,443,37473,0,1358,17
1584503296.741383,10.10.0.10,173.194.187.70,,,37473,443,0,37,17
1584503296.776404,173.194.187.70,10.10.0.10,,,443,37473,0,1358,17
1584503296.8135061,173.194.187.70,10.10.0.10,,,443,37473,0,1358,17
1584503296.82177,10.10.0.10,173.194.187.70,,,37473,443,0,37,17
1584503296.850625,173.194.187.70,10.10.0.10,,,443,37473,0,1358,17
1584503296.8877492,173.194.187.70,10.10.0.10,,,443,37473,0,1358,17
1584503296.88936,10.10.0.10,173.194.187.70,,,37473,443,0,50,17
1584503296.92487,173.194.187.70,10.10.0.10,,,443,37473,0,1358,17
1584503296.9619868,173.194.187.70,10.10.0.10,,,443,37473,0,1358,17
1584503296.963609,10.10.0.10,173.194.187.70,,,37473,443,0,37,17
1584503296.999105,173.194.187.70,10.10.0.10,,,443,37473,0,1358,17
1584503297.036223,173.194.187.70,10.10.0.10,,,443,37473,0,1358,17
1584503297.037837,10.10.0.10,173.194.187.70,,,37473,443,0,37,17
1584503297.0733492,173.194.187.70,10.10.0.10,,,443,37473,0,29,17
1584503297.075023,173.194.187.70,10.10.0.10,,,443,37473,0,1358,17
1584503297.112142,173.194.187.70,10.10.0.10,,,443,37473,0,1358,17
1584503297.113978,10.10.0.10,173.194.187.70,,,37473,443,0,37,17
1584503297.1492732,173.194.187.70,10.10.0.10,,,443,37473,0,1358,17
1584503297.1836195,10.10.0.10,173.194.187.70,,,37473,443,0,37,17
1584503297.1863961,173.194.187.70,10.10.0.10,,,443,37473,0,1358,17
1584503297.223521,173.194.187.70,10.10.0.10,,,443,37473,0,1358,17
1584503297.2252266,10.10.0.10,173.194.187.70,,,37473,443,0,37,17
1584503297.2606409,173.194.187.70,10.10.0.10,,,443,37473,0,1358,17
1584503297.297766,173.194.187.70,10.10.0.10,,,443,37473,0,1358,17
1584503297.2993472,10.10.0.10,173.194.187.70,,,37473,443,0,37,17
1584503297.334887,173.194.187.70,10.10.0.10,,,443,37473,0,1358,17
1584503297.371984,173.194.187.70,10.10.0.10,,,443,37473,0,1358,17
1584503297.3734686,10.10.0.10,173.194.187.70,,,37473,443,0,37,17
1584503297.40911,173.194.187.70,10.10.0.10,,,443,37473,0,1358,17
1584503297.4462302,173.194.187.70,10.10.0.10,,,443,37473,0,1358,17
1584503297.447832,10.10.0.10,173.194.187.70,,,37473,443,0,37,17
1584503297.4833472,173.194.187.70,10.10.0.10,,,443,37473,0,1358,17
1584503297.5204678,173.194.187.70,10.10.0.10,,,443,37473,0,1358,17
1584503297.522088,10.10.0.10,173.194.187.70,,,37473,443,0,37,17
1584503297.56204,173.194.187.70,10.10.0.10,,,443,37473,0,1358,17
1584503297.59883,10.10.0.10,173.194.187.70,,,37473,443,0,37,17
1584503297.5991561,173.194.187.70,10.10.0.10,,,443,37473,0,1358,17
1584503297.6362758,173.194.187.70,10.10.0.10,,,443,37473,0,1358,17
1584503297.6393352,10.10.0.10,173.194.187.70,,,37473,443,0,37,17
1584503297.6734,173.194.187.70,10.10.0.10,,,443,37473,0,1358,17
1584503297.71052,173.194.187.70,10.10.0.10,,,443,37473,0,1358,17
1584503297.712209,10.10.0.10,173.194.187.70,,,37473,443,0,37,17
1584503297.7476401,173.194.187.70,10.10.0.10,,,443,37473,0,1358,17
1584503297.7764769,10.10.0.10,173.194.187.70,,,37473,443,0,37,17
1584503297.78476,173.194.187.70,10.10.0.10,,,443,37473,0,1358,17
1584503297.8179471,10.10.0.10,173.194.187.70,,,37473,443,0,37,17
1584503297.8218849,173.194.187.70,10.10.0.10,,,443,37473,0,1358,17
1584503297.8590045,173.194.187.70,10.10.0.10,,,443,37473,0,1358,17
1584503297.860445,10.10.0.10,173.194.187.70,,,37473,443,0,37,17
1584503297.900569,173.194.187.70,10.10.0.10,,,443,37473,0,1358,17
1584503297.9376972,173.194.187.70,10.10.0.10,,,443,37473,0,1358,17
1584503297.939474,10.10.0.10,173.194.187.70,,,37473,443,0,37,17
1584503297.974809,173.194.187.70,10.10.0.10,,,443,37473,0,1358,17
1584503298.011942,173.194.187.70,10.10.0.10,,,443,37473,0,1358,17
1584503298.013568,10.10.0.10,173.194.187.70,,,37473,443,0,37,17
1584503298.049057,173.194.187.70,10.10.0.10,,,443,37473,0,1358,17
1584503298.0861714,173.194.187.70,10.10.0.10,,,443,37473,0,1358,17
1584503298.0884442,10.10.0.10,173.194.187.70,,,37473,443,0,37,17
1584503298.1233046,173.194.187.70,10.10.0.10,,,443,37473,0,1358,17
1584503298.1604269,173.194.187.70,10.10.0.10,,,443,37473,0,1358,17
1584503298.161951,10.10.0.10,173.194.187.70,,,37473,443,0,37,17
1584503298.201991,173.194.187.70,10.10.0.10,,,443,37473,0,1358,17
1584503298.2391148,173.194.187.70,10.10.0.10,,,443,37473,0,1358,17
1584503298.240711,10.10.0.10,173.194.187.70,,,37473,443,0,50,17
1584503298.276241,173.194.187.70,10.10.0.10,,,443,37473,0,1358,17
1584503298.313361,173.194.187.70,10.10.0.10,,,443,37473,0,1358,17
1584503298.314958,10.10.0.10,173.194.187.70,,,37473,443,0,37,17
1584503298.350483,173.194.187.70,10.10.0.10,,,443,37473,0,1358,17
1584503298.387608,173.194.187.70,10.10.0.10,,,443,37473,0,1358,17
1584503298.389338,10.10.0.10,173.194.187.70,,,37473,443,0,37,17
1584503298.424707,173.194.187.70,10.10.0.10,,,443,37473,0,1358,17
1584503298.4618258,173.194.187.70,10.10.0.10,,,443,37473,0,29,17
1584503298.463507,173.194.187.70,10.10.0.10,,,443,37473,0,1358,17
1584503298.4650831,10.10.0.10,173.194.187.70,,,37473,443,0,37,17
1584503298.5006278,173.194.187.70,10.10.0.10,,,443,37473,0,1358,17
1584503298.5022042,10.10.0.10,173.194.187.70,,,37473,443,0,37,17
1584503298.537748,173.194.187.70,10.10.0.10,,,443,37473,0,1358,17
1584503298.5748675,173.194.187.70,10.10.0.10,,,443,37473,0,1358,17
1584503298.5763106,10.10.0.10,173.194.187.70,,,37473,443,0,37,17
1584503298.6119866,173.194.187.70,10.10.0.10,,,443,37473,0,1001,17
1584503298.6281831,10.10.0.10,173.194.187.70,,,37473,443,0,736,17
1584503298.6282089,10.10.0.10,173.194.187.70,,,37473,443,0,48,17
1584503298.636067,10.10.0.10,173.194.187.70,,,37473,443,0,748,17
1584503298.6360931,10.10.0.10,173.194.187.70,,,37473,443,0,48,17
1584503298.639601,173.194.187.70,10.10.0.10,,,443,37473,0,29,17
1584503298.6412668,173.194.187.70,10.10.0.10,,,443,37473,0,1358,17
1584503298.678386,173.194.187.70,10.10.0.10,,,443,37473,0,1358,17
1584503298.680306,10.10.0.10,173.194.187.70,,,37473,443,0,37,17
1584503298.7155075,173.194.187.70,10.10.0.10,,,443,37473,0,1358,17
1584503298.7522,10.10.0.10,173.194.187.70,,,37473,443,0,37,17
1584503298.752623,173.194.187.70,10.10.0.10,,,443,37473,0,1358,17
1584503298.783304,10.10.0.10,173.194.187.70,,,37473,443,0,37,17
1584503298.7897468,173.194.187.70,10.10.0.10,,,443,37473,0,1358,17
1584503298.8268678,173.194.187.70,10.10.0.10,,,443,37473,0,1358,17
1584503298.829199,10.10.0.10,173.194.187.70,,,37473,443,0,37,17
1584503298.863992,173.194.187.70,10.10.0.10,,,443,37473,0,1358,17
1584503298.901102,173.194.187.70,10.10.0.10,,,443,37473,0,1358,17
1584503298.902673,10.10.0.10,173.194.187.70,,,37473,443,0,37,17
1584503298.938226,173.194.187.70,10.10.0.10,,,443,37473,0,1358,17
1584503298.975345,173.194.187.70,10.10.0.10,,,443,37473,0,1358,17
1584503298.977416,10.10.0.10,173.194.187.70,,,37473,443,0,37,17
1584503298.9779172,10.10.0.10,173.194.187.70,,,37473,443,0,748,17
1584503299.012469,173.194.187.70,10.10.0.10,,,443,37473,0,29,17
1584503299.014154,173.194.187.70,10.10.0.10,,,443,37473,0,1358,17
1584503299.0512788,173.194.187.70,10.10.0.10,,,443,37473,0,1358,17
1584503299.052921,10.10.0.10,173.194.187.70,,,37473,443,0,37,17
1584503299.088382,173.194.187.70,10.10.0.10,,,443,37473,0,1358,17
1584503299.1255279,173.194.187.70,10.10.0.10,,,443,37473,0,1358,17
1584503299.1286721,10.10.0.10,173.194.187.70,,,37473,443,0,37,17
1584503299.162627,173.194.187.70,10.10.0.10,,,443,37473,0,1358,17
1584503299.1997464,173.194.187.70,10.10.0.10,,,443,37473,0,1358,17
1584503299.20179,10.10.0.10,173.194.187.70,,,37473,443,0,37,17
1584503299.2368634,173.194.187.70,10.10.0.10,,,443,37473,0,1358,17
1584503299.2739878,173.194.187.70,10.10.0.10,,,443,37473,0,1358,17
1584503299.2758071,10.10.0.10,173.194.187.70,,,37473,443,0,37,17
1584503299.311107,173.194.187.70,10.10.0.10,,,443,37473,0,1358,17
1584503299.3482258,173.194.187.70,10.10.0.10,,,443,37473,0,1358,17
1584503299.3509312,10.10.0.10,173.194.187.70,,,37473,443,0,37,17
1584503299.385349,173.194.187.70,10.10.0.10,,,443,37473,0,1358,17
1584503299.4224696,173.194.187.70,10.10.0.10,,,443,37473,0,1358,17
1584503299.424007,10.10.0.10,173.194.187.70,,,37473,443,0,37,17
1584503299.459589,173.194.187.70,10.10.0.10,,,443,37473,0,1358,17
1584503299.4967148,173.194.187.70,10.10.0.10,,,443,37473,0,1358,17
1584503299.4993026,10.10.0.10,173.194.187.70,,,37473,443,0,37,17
1584503299.5338314,173.194.187.70,10.10.0.10,,,443,37473,0,1358,17
1584503299.5709548,173.194.187.70,10.10.0.10,,,443,37473,0,1358,17
1584503299.5737786,10.10.0.10,173.194.187.70,,,37473,443,0,37,17
1584503299.608076,173.194.187.70,10.10.0.10,,,443,37473,0,1358,17
1584503299.645199,173.194.187.70,10.10.0.10,,,443,37473,0,1358,17
1584503299.648154,10.10.0.10,173.194.187.70,,,37473,443,0,37,17
1584503299.682321,173.194.187.70,10.10.0.10,,,443,37473,0,1358,17
1584503299.7194452,173.194.187.70,10.10.0.10,,,443,37473,0,1358,17
1584503299.7211492,10.10.0.10,173.194.187.70,,,37473,443,0,37,17
1584503299.7565699,173.194.187.70,10.10.0.10,,,443,37473,0,1358,17
1584503299.7936668,173.194.187.70,10.10.0.10,,,443,37473,0,1358,17
1584503299.795881,10.10.0.10,173.194.187.70,,,37473,443,0,37,17
1584503299.830787,173.194.187.70,10.10.0.10,,,443,37473,0,1358,17
1584503299.8679068,173.194.187.70,10.10.0.10,,,443,37473,0,1358,17
1584503299.8695214,10.10.0.10,173.194.187.70,,,37473,443,0,37,17
1584503299.9050279,173.194.187.70,10.10.0.10,,,443,37473,0,1358,17
1584503299.942143,173.194.187.70,10.10.0.10,,,443,37473,0,1358,17
1584503299.944009,10.10.0.10,173.194.187.70,,,37473,443,0,37,17
1584503299.979267,173.194.187.70,10.10.0.10,,,443,37473,0,1358,17
1584503300.016383,173.194.187.70,10.10.0.10,,,443,37473,0,1358,17
1584503300.0192704,10.10.0.10,173.194.187.70,,,37473,443,0,37,17
1584503300.053503,173.194.187.70,10.10.0.10,,,443,37473,0,1358,17
1584503300.090626,173.194.187.70,10.10.0.10,,,443,37473,0,1358,17
1584503300.0925171,10.10.0.10,173.194.187.70,,,37473,443,0,37,17
1584503300.127743,173.194.187.70,10.10.0.10,,,443,37473,0,1358,17
1584503300.16487,173.194.187.70,10.10.0.10,,,443,37473,0,1358,17
1584503300.166504,10.10.0.10,173.194.187.70,,,37473,443,0,37,17
1584503300.201994,173.194.187.70,10.10.0.10,,,443,37473,0,1358,17
1584503300.2391171,173.194.187.70,10.10.0.10,,,443,37473,0,1358,17
1584503300.2407591,10.10.0.10,173.194.187.70,,,37473,443,0,37,17
1584503300.276242,173.194.187.70,10.10.0.10,,,443,37473,0,1358,17
1584503300.3133464,173.194.187.70,10.10.0.10,,,443,37473,0,1358,17
1584503300.316032,10.10.0.10,173.194.187.70,,,37473,443,0,37,17
1584503300.350467,173.194.187.70,10.10.0.10,,,443,37473,0,1358,17
1584503300.3875911,173.194.187.70,10.10.0.10,,,443,37473,0,1358,17
1584503300.38966,10.10.0.10,173.194.187.70,,,37473,443,0,37,17
1584503300.424711,173.194.187.70,10.10.0.10,,,443,37473,0,1358,17
1584503300.4618278,173.194.187.70,10.10.0.10,,,443,37473,0,1358,17
1584503300.4635036,10.10.0.10,173.194.187.70,,,37473,443,0,50,17
1584503300.498948,173.194.187.70,10.10.0.10,,,443,37473,0,1358,17
1584503300.5360696,173.194.187.70,10.10.0.10,,,443,37473,0,1358,17
1584503300.5377562,10.10.0.10,173.194.187.70,,,37473,443,0,37,17
1584503300.573186,173.194.187.70,10.10.0.10,,,443,37473,0,1358,17
1584503300.610307,173.194.187.70,10.10.0.10,,,443,37473,0,1358,17
1584503300.6121461,10.10.0.10,173.194.187.70,,,37473,443,0,37,17
1584503300.6474268,173.194.187.70,10.10.0.10,,,443,37473,0,1358,17
1584503300.68455,173.194.187.70,10.10.0.10,,,443,37473,0,1358,17
1584503300.686766,10.10.0.10,173.194.187.70,,,37473,443,0,37,17
1584503300.721671,173.194.187.70,10.10.0.10,,,443,37473,0,1358,17
1584503300.758791,173.194.187.70,10.10.0.10,,,443,37473,0,1358,17
1584503300.7661252,10.10.0.10,173.194.187.70,,,37473,443,0,37,17
1584503300.795916,173.194.187.70,10.10.0.10,,,443,37473,0,1358,17
1584503300.83304,173.194.187.70,10.10.0.10,,,443,37473,0,1358,17
1584503300.835386,10.10.0.10,173.194.187.70,,,37473,443,0,37,17
1584503300.8701632,173.194.187.70,10.10.0.10,,,443,37473,0,1358,17
1584503300.9072864,173.194.187.70,10.10.0.10,,,443,37473,0,1358,17
1584503300.9092612,10.10.0.10,173.194.187.70,,,37473,443,0,37,17
1584503300.944385,173.194.187.70,10.10.0.10,,,443,37473,0,1358,17
1584503300.981502,173.194.187.70,10.10.0.10,,,443,37473,0,1358,17
1584503300.9835875,10.10.0.10,173.194.187.70,,,37473,443,0,37,17
1584503301.018627,173.194.187.70,10.10.0.10,,,443,37473,0,1358,17
1584503301.055751,173.194.187.70,10.10.0.10,,,443,37473,0,1358,17
1584503301.057633,10.10.0.10,173.194.187.70,,,37473,443,0,37,17
1584503301.092869,173.194.187.70,10.10.0.10,,,443,37473,0,1358,17
1584503301.12999,173.194.187.70,10.10.0.10,,,443,37473,0,1358,17
1584503301.1324902,10.10.0.10,173.194.187.70,,,37473,443,0,37,17
1584503301.167109,173.194.187.70,10.10.0.10,,,443,37473,0,1358,17
1584503301.204227,173.194.187.70,10.10.0.10,,,443,37473,0,1358,17
1584503301.2075028,10.10.0.10,173.194.187.70,,,37473,443,0,37,17
1584503301.2413466,173.194.187.70,10.10.0.10,,,443,37473,0,1358,17
1584503301.278471,173.194.187.70,10.10.0.10,,,443,37473,0,1358,17
1584503301.280231,10.10.0.10,173.194.187.70,,,37473,443,0,37,17
1584503301.3155859,173.194.187.70,10.10.0.10,,,443,37473,0,1358,17
1584503301.352712,173.194.187.70,10.10.0.10,,,443,37473,0,1358,17
1584503301.3543706,10.10.0.10,173.194.187.70,,,37473,443,0,37,17
1584503301.3898358,173.194.187.70,10.10.0.10,,,443,37473,0,1358,17
1584503301.426959,173.194.187.70,10.10.0.10,,,443,37473,0,1358,17
1584503301.429244,10.10.0.10,173.194.187.70,,,37473,443,0,37,17
1584503301.464086,173.194.187.70,10.10.0.10,,,443,37473,0,1358,17
1584503301.5011892,173.194.187.70,10.10.0.10,,,443,37473,0,1358,17
1584503301.502728,10.10.0.10,173.194.187.70,,,37473,443,0,37,17
1584503301.538308,173.194.187.70,10.10.0.10,,,443,37473,0,1358,17
1584503301.568742,10.10.0.10,173.194.187.70,,,37473,443,0,37,17
1584503301.5754268,173.194.187.70,10.10.0.10,,,443,37473,0,1358,17
1584503301.612553,173.194.187.70,10.10.0.10,,,443,37473,0,1358,17
1584503301.6143632,10.10.0.10,173.194.187.70,,,37473,443,0,37,17
1584503301.64967,173.194.187.70,10.10.0.10,,,443,37473,0,1358,17
1584503301.686786,173.194.187.70,10.10.0.10,,,443,37473,0,1358,17
1584503301.688719,10.10.0.10,173.194.187.70,,,37473,443,0,37,17
1584503301.7239056,173.194.187.70,10.10.0.10,,,443,37473,0,1358,17
1584503301.7610278,173.194.187.70,10.10.0.10,,,443,37473,0,1358,17
1584503301.762959,10.10.0.10,173.194.187.70,,,37473,443,0,37,17
1584503301.798146,173.194.187.70,10.10.0.10,,,443,37473,0,1358,17
1584503301.835265,173.194.187.70,10.10.0.10,,,443,37473,0,1358,17
1584503301.8377528,10.10.0.10,173.194.187.70,,,37473,443,0,37,17
1584503301.872387,173.194.187.70,10.10.0.10,,,443,37473,0,1358,17
1584503301.90951,173.194.187.70,10.10.0.10,,,443,37473,0,1358,17
1584503301.911358,10.10.0.10,173.194.187.70,,,37473,443,0,50,17
1584503301.946626,173.194.187.70,10.10.0.10,,,443,37473,0,1358,17
1584503301.9837468,173.194.187.70,10.10.0.10,,,443,37473,0,1358,17
1584503301.9854536,10.10.0.10,173.194.187.70,,,37473,443,0,37,17
1584503302.020881,173.194.187.70,10.10.0.10,,,443,37473,0,1358,17
1584503302.058003,173.194.187.70,10.10.0.10,,,443,37473,0,1358,17
1584503302.059709,10.10.0.10,173.194.187.70,,,37473,443,0,37,17
1584503302.0951262,173.194.187.70,10.10.0.10,,,443,37473,0,1358,17
1584503302.1322231,173.194.187.70,10.10.0.10,,,443,37473,0,29,17
1584503302.1339061,173.194.187.70,10.10.0.10,,,443,37473,0,1358,17
1584503302.1341012,10.10.0.10,173.194.187.70,,,37473,443,0,37,17
1584503302.171025,173.194.187.70,10.10.0.10,,,443,37473,0,1358,17
1584503302.17435,10.10.0.10,173.194.187.70,,,37473,443,0,37,17
1584503302.2081466,173.194.187.70,10.10.0.10,,,443,37473,0,1358,17
1584503302.2452679,173.194.187.70,10.10.0.10,,,443,37473,0,1358,17
1584503302.2477028,10.10.0.10,173.194.187.70,,,37473,443,0,37,17
1584503302.2823849,173.194.187.70,10.10.0.10,,,443,37473,0,1358,17
1584503302.3195062,173.194.187.70,10.10.0.10,,,443,37473,0,1358,17
1584503302.321224,10.10.0.10,173.194.187.70,,,37473,443,0,37,17
1584503302.356626,173.194.187.70,10.10.0.10,,,443,37473,0,1358,17
1584503302.3937464,173.194.187.70,10.10.0.10,,,443,37473,0,1358,17
1584503302.3953226,10.10.0.10,173.194.187.70,,,37473,443,0,37,17
1584503302.4308689,173.194.187.70,10.10.0.10,,,443,37473,0,1358,17
1584503302.467985,173.194.187.70,10.10.0.10,,,443,37473,0,1358,17
1584503302.469935,10.10.0.10,173.194.187.70,,,37473,443,0,37,17
1584503302.505118,173.194.187.70,10.10.0.10,,,443,37473,0,1358,17
1584503302.5422418,173.194.187.70,10.10.0.10,,,443,37473,0,1358,17
1584503302.544194,10.10.0.10,173.194.187.70,,,37473,443,0,37,17
1584503302.5793624,173.194.187.70,10.10.0.10,,,443,37473,0,1358,17
1584503302.616487,173.194.187.70,10.10.0.10,,,443,37473,0,1358,17
1584503302.619084,10.10.0.10,173.194.187.70,,,37473,443,0,37,17
1584503302.653584,173.194.187.70,10.10.0.10,,,443,37473,0,1358,17
1584503302.690706,173.194.187.70,10.10.0.10,,,443,37473,0,1358,17
1584503302.7173119,10.10.0.10,173.194.187.70,,,37473,443,0,37,17
1584503302.7278259,173.194.187.70,10.10.0.10,,,443,37473,0,1358,17
1584503302.764946,173.194.187.70,10.10.0.10,,,443,37473,0,1358,17
1584503302.767561,10.10.0.10,173.194.187.70,,,37473,443,0,37,17
1584503302.8020678,173.194.187.70,10.10.0.10,,,443,37473,0,1358,17
1584503302.839189,173.194.187.70,10.10.0.10,,,443,37473,0,1358,17
1584503302.840934,10.10.0.10,173.194.187.70,,,37473,443,0,37,17
1584503302.876302,173.194.187.70,10.10.0.10,,,443,37473,0,1358,17
1584503302.9134321,173.194.187.70,10.10.0.10,,,443,37473,0,1358,17
1584503302.915055,10.10.0.10,173.194.187.70,,,37473,443,0,37,17
1584503302.9505448,173.194.187.70,10.10.0.10,,,443,37473,0,1358,17
1584503302.9876678,173.194.187.70,10.10.0.10,,,443,37473,0,1358,17
1584503302.990158,10.10.0.10,173.194.187.70,,,37473,443,0,37,17
1584503303.024785,173.194.187.70,10.10.0.10,,,443,37473,0,1358,17
1584503303.061904,173.194.187.70,10.10.0.10,,,443,37473,0,1358,17
1584503303.063671,10.10.0.10,173.194.187.70,,,37473,443,0,37,17
1584503303.0990362,173.194.187.70,10.10.0.10,,,443,37473,0,1358,17
1584503303.1361446,173.194.187.70,10.10.0.10,,,443,37473,0,1358,17
1584503303.137928,10.10.0.10,173.194.187.70,,,37473,443,0,37,17
1584503303.1732829,173.194.187.70,10.10.0.10,,,443,37473,0,1358,17
1584503303.210387,173.194.187.70,10.10.0.10,,,443,37473,0,1358,17
1584503303.2123196,10.10.0.10,173.194.187.70,,,37473,443,0,37,17
1584503303.2475061,173.194.187.70,10.10.0.10,,,443,37473,0,1358,17
1584503303.2846365,173.194.187.70,10.10.0.10,,,443,37473,0,1358,17
1584503303.287671,10.10.0.10,173.194.187.70,,,37473,443,0,37,17
1584503303.322867,173.194.187.70,10.10.0.10,,,443,37473,0,1358,17
1584503303.3599868,173.194.187.70,10.10.0.10,,,443,37473,0,1358,17
1584503303.362169,10.10.0.10,173.194.187.70,,,37473,443,0,50,17
1584503303.3971078,173.194.187.70,10.10.0.10,,,443,37473,0,1358,17
1584503303.4342294,173.194.187.70,10.10.0.10,,,443,37473,0,1358,17
1584503303.4359171,10.10.0.10,173.194.187.70,,,37473,443,0,37,17
1584503303.4713464,173.194.187.70,10.10.0.10,,,443,37473,0,1358,17
1584503303.508467,173.194.187.70,10.10.0.10,,,443,37473,0,1358,17
1584503303.5108109,10.10.0.10,173.194.187.70,,,37473,443,0,37,17
1584503303.5455868,173.194.187.70,10.10.0.10,,,443,37473,0,1358,17
1584503303.574047,10.10.0.10,173.194.187.70,,,37473,443,0,37,17
1584503303.58271,173.194.187.70,10.10.0.10,,,443,37473,0,1358,17
1584503303.6198359,173.194.187.70,10.10.0.10,,,443,37473,0,1358,17
1584503303.621418,10.10.0.10,173.194.187.70,,,37473,443,0,37,17
1584503303.656959,173.194.187.70,10.10.0.10,,,443,37473,0,1358,17
1584503303.6940668,173.194.187.70,10.10.0.10,,,443,37473,0,1358,17
1584503303.695805,10.10.0.10,173.194.187.70,,,37473,443,0,37,17
1584503303.7312052,173.194.187.70,10.10.0.10,,,443,37473,0,1358,17
1584503303.768329,173.194.187.70,10.10.0.10,,,443,37473,0,1358,17
1584503303.770304,10.10.0.10,173.194.187.70,,,37473,443,0,37,17
1584503303.805421,173.194.187.70,10.10.0.10,,,443,37473,0,1358,17
1584503303.842549,173.194.187.70,10.10.0.10,,,443,37473,0,1358,17
1584503303.844425,10.10.0.10,173.194.187.70,,,37473,443,0,37,17
1584503303.8796668,173.194.187.70,10.10.0.10,,,443,37473,0,1358,17
1584503303.916788,173.194.187.70,10.10.0.10,,,443,37473,0,1358,17
1584503303.918652,10.10.0.10,173.194.187.70,,,37473,443,0,37,17
1584503303.9539044,173.194.187.70,10.10.0.10,,,443,37473,0,1358,17
1584503303.9910312,173.194.187.70,10.10.0.10,,,443,37473,0,1358,17
1584503303.9941492,10.10.0.10,173.194.187.70,,,37473,443,0,37,17
1584503304.028143,173.194.187.70,10.10.0.10,,,443,37473,0,1358,17
1584503304.0652668,173.194.187.70,10.10.0.10,,,443,37473,0,1358,17
1584503304.066869,10.10.0.10,173.194.187.70,,,37473,443,0,37,17
1584503304.102392,173.194.187.70,10.10.0.10,,,443,37473,0,1358,17
1584503304.139504,173.194.187.70,10.10.0.10,,,443,37473,0,1358,17
1584503304.1423812,10.10.0.10,173.194.187.70,,,37473,443,0,37,17
1584503304.176627,173.194.187.70,10.10.0.10,,,443,37473,0,1358,17
1584503304.213751,173.194.187.70,10.10.0.10,,,443,37473,0,1358,17
1584503304.216022,10.10.0.10,173.194.187.70,,,37473,443,0,37,17
1584503304.2508776,173.194.187.70,10.10.0.10,,,443,37473,0,1358,17
1584503304.288001,173.194.187.70,10.10.0.10,,,443,37473,0,1358,17
1584503304.290258,10.10.0.10,173.194.187.70,,,37473,443,0,37,17
1584503304.3251224,173.194.187.70,10.10.0.10,,,443,37473,0,1358,17
1584503304.362227,173.194.187.70,10.10.0.10,,,443,37473,0,1358,17
1584503304.364265,10.10.0.10,173.194.187.70,,,37473,443,0,37,17
1584503304.3993466,173.194.187.70,10.10.0.10,,,443,37473,0,1358,17
1584503304.4332838,10.10.0.10,173.194.187.70,,,37473,443,0,37,17
1584503304.436468,173.194.187.70,10.10.0.10,,,443,37473,0,1358,17
1584503304.4655304,10.10.0.10,173.194.187.70,,,37473,443,0,37,17
1584503304.4735868,173.194.187.70,10.10.0.10,,,443,37473,0,1358,17
1584503304.510708,173.194.187.70,10.10.0.10,,,443,37473,0,1358,17
1584503304.51276,10.10.0.10,173.194.187.70,,,37473,443,0,37,17
1584503304.5478258,173.194.187.70,10.10.0.10,,,443,37473,0,1358,17
1584503304.5849464,173.194.187.70,10.10.0.10,,,443,37473,0,1358,17
1584503304.5876534,10.10.0.10,173.194.187.70,,,37473,443,0,37,17
1584503304.622066,173.194.187.70,10.10.0.10,,,443,37473,0,1358,17
1584503304.6591866,173.194.187.70,10.10.0.10,,,443,37473,0,1358,17
1584503304.660904,10.10.0.10,173.194.187.70,,,37473,443,0,37,17
1584503304.6963012,173.194.187.70,10.10.0.10,,,443,37473,0,909,17
1584503304.7134042,10.10.0.10,173.194.187.70,,,37473,443,0,736,17
1584503304.7134314,10.10.0.10,173.194.187.70,,,37473,443,0,48,17
1584503304.72039,10.10.0.10,173.194.187.70,,,37473,443,0,748,17
1584503304.720417,10.10.0.10,173.194.187.70,,,37473,443,0,48,17
1584503304.7214534,173.194.187.70,10.10.0.10,,,443,37473,0,115,17
1584503304.725427,173.194.187.70,10.10.0.10,,,443,37473,0,1358,17
1584503304.727976,10.10.0.10,173.194.187.70,,,37473,443,0,37,17
1584503304.762551,173.194.187.70,10.10.0.10,,,443,37473,0,1358,17
1584503304.799675,173.194.187.70,10.10.0.10,,,443,37473,0,1358,17
1584503304.802378,10.10.0.10,173.194.187.70,,,37473,443,0,37,17
1584503304.836801,173.194.187.70,10.10.0.10,,,443,37473,0,1358,17
1584503304.8739214,173.194.187.70,10.10.0.10,,,443,37473,0,1358,17
1584503304.8760214,10.10.0.10,173.194.187.70,,,37473,443,0,37,17
1584503304.911043,173.194.187.70,10.10.0.10,,,443,37473,0,1358,17
1584503304.948144,173.194.187.70,10.10.0.10,,,443,37473,0,29,17
1584503304.949827,173.194.187.70,10.10.0.10,,,443,37473,0,1358,17
1584503304.950003,10.10.0.10,173.194.187.70,,,37473,443,0,37,17
1584503304.986952,173.194.187.70,10.10.0.10,,,443,37473,0,1358,17
1584503304.989238,10.10.0.10,173.194.187.70,,,37473,443,0,37,17
1584503305.024063,173.194.187.70,10.10.0.10,,,443,37473,0,1358,17
1584503305.061184,173.194.187.70,10.10.0.10,,,443,37473,0,1358,17
1584503305.0695982,10.10.0.10,173.194.187.70,,,37473,443,0,37,17
1584503305.098319,173.194.187.70,10.10.0.10,,,443,37473,0,1358,17
1584503305.135428,173.194.187.70,10.10.0.10,,,443,37473,0,1358,17
1584503305.1369731,10.10.0.10,173.194.187.70,,,37473,443,0,37,17
1584503305.172543,173.194.187.70,10.10.0.10,,,443,37473,0,1358,17
1584503305.2096698,173.194.187.70,10.10.0.10,,,443,37473,0,1358,17
1584503305.2118864,10.10.0.10,173.194.187.70,,,37473,443,0,37,17
1584503305.2467859,173.194.187.70,10.10.0.10,,,443,37473,0,1358,17
1584503305.283911,173.194.187.70,10.10.0.10,,,443,37473,0,1358,17
1584503305.2862642,10.10.0.10,173.194.187.70,,,37473,443,0,37,17
1584503305.321035,173.194.187.70,10.10.0.10,,,443,37473,0,1358,17
1584503305.358162,173.194.187.70,10.10.0.10,,,443,37473,0,1358,17
1584503305.3591099,10.10.0.10,173.194.187.70,,,37473,443,0,37,17
1584503305.395279,173.194.187.70,10.10.0.10,,,443,37473,0,1358,17
1584503305.3972461,10.10.0.10,173.194.187.70,,,37473,443,0,37,17
1584503305.4324052,173.194.187.70,10.10.0.10,,,443,37473,0,1358,17
1584503305.469527,173.194.187.70,10.10.0.10,,,443,37473,0,1358,17
1584503305.4711075,10.10.0.10,173.194.187.70,,,37473,443,0,37,17
1584503305.506626,173.194.187.70,10.10.0.10,,,443,37473,0,1358,17
1584503305.542481,10.10.0.10,173.194.187.70,,,37473,443,0,37,17
1584503305.543746,173.194.187.70,10.10.0.10,,,443,37473,0,1358,17
1584503305.5808694,173.194.187.70,10.10.0.10,,,443,37473,0,1358,17
1584503305.582823,10.10.0.10,173.194.187.70,,,37473,443,0,37,17
1584503305.617985,173.194.187.70,10.10.0.10,,,443,37473,0,1358,17
1584503305.6551054,173.194.187.70,10.10.0.10,,,443,37473,0,1358,17
1584503305.6569972,10.10.0.10,173.194.187.70,,,37473,443,0,37,17
1584503305.692222,173.194.187.70,10.10.0.10,,,443,37473,0,1358,17
1584503305.7293448,173.194.187.70,10.10.0.10,,,443,37473,0,1358,17
1584503305.731225,10.10.0.10,173.194.187.70,,,37473,443,0,37,17
1584503305.766466,173.194.187.70,10.10.0.10,,,443,37473,0,1358,17
1584503305.803585,173.194.187.70,10.10.0.10,,,443,37473,0,1358,17
1584503305.806222,10.10.0.10,173.194.187.70,,,37473,443,0,37,17
1584503305.8407068,173.194.187.70,10.10.0.10,,,443,37473,0,1358,17
1584503305.877828,173.194.187.70,10.10.0.10,,,443,37473,0,1358,17
1584503305.8793461,10.10.0.10,173.194.187.70,,,37473,443,0,37,17
1584503305.9149554,173.194.187.70,10.10.0.10,,,443,37473,0,1358,17
1584503305.952065,173.194.187.70,10.10.0.10,,,443,37473,0,1358,17
1584503305.95357,10.10.0.10,173.194.187.70,,,37473,443,0,37,17
1584503305.9891849,173.194.187.70,10.10.0.10,,,443,37473,0,1358,17
1584503306.02631,173.194.187.70,10.10.0.10,,,443,37473,0,1358,17
1584503306.028075,10.10.0.10,173.194.187.70,,,37473,443,0,50,17
1584503306.0634286,173.194.187.70,10.10.0.10,,,443,37473,0,1358,17
1584503306.1005492,173.194.187.70,10.10.0.10,,,443,37473,0,1358,17
1584503306.102096,10.10.0.10,173.194.187.70,,,37473,443,0,37,17
1584503306.137671,173.194.187.70,10.10.0.10,,,443,37473,0,1358,17
1584503306.174784,173.194.187.70,10.10.0.10,,,443,37473,0,1358,17
1584503306.1781962,10.10.0.10,173.194.187.70,,,37473,443,0,37,17
1584503306.211906,173.194.187.70,10.10.0.10,,,443,37473,0,1358,17
1584503306.2490275,173.194.187.70,10.10.0.10,,,443,37473,0,1358,17
1584503306.25073,10.10.0.10,173.194.187.70,,,37473,443,0,37,17
1584503306.2861464,173.194.187.70,10.10.0.10,,,443,37473,0,1358,17
1584503306.323266,173.194.187.70,10.10.0.10,,,443,37473,0,1358,17
1584503306.325582,10.10.0.10,173.194.187.70,,,37473,443,0,37,17
1584503306.360382,173.194.187.70,10.10.0.10,,,443,37473,0,1358,17
1584503306.397506,173.194.187.70,10.10.0.10,,,443,37473,0,1358,17
1584503306.398959,10.10.0.10,173.194.187.70,,,37473,443,0,37,17
1584503306.4346259,173.194.187.70,10.10.0.10,,,443,37473,0,1358,17
1584503306.471751,173.194.187.70,10.10.0.10,,,443,37473,0,1358,17
1584503306.4736009,10.10.0.10,173.194.187.70,,,37473,443,0,37,17
1584503306.508875,173.194.187.70,10.10.0.10,,,443,37473,0,1358,17
1584503306.545985,173.194.187.70,10.10.0.10,,,443,37473,0,1358,17
1584503306.5490758,10.10.0.10,173.194.187.70,,,37473,443,0,37,17
1584503306.583121,173.194.187.70,10.10.0.10,,,443,37473,0,1358,17
1584503306.6202452,173.194.187.70,10.10.0.10,,,443,37473,0,1358,17
1584503306.623343,10.10.0.10,173.194.187.70,,,37473,443,0,37,17
1584503306.657368,173.194.187.70,10.10.0.10,,,443,37473,0,1358,17
1584503306.694466,173.194.187.70,10.10.0.10,,,443,37473,0,1358,17
1584503306.696846,10.10.0.10,173.194.187.70,,,37473,443,0,37,17
1584503306.731587,173.194.187.70,10.10.0.10,,,443,37473,0,1358,17
1584503306.7687078,173.194.187.70,10.10.0.10,,,443,37473,0,1358,17
1584503306.770466,10.10.0.10,173.194.187.70,,,37473,443,0,37,17
1584503306.805831,173.194.187.70,10.10.0.10,,,443,37473,0,1358,17
1584503306.842943,173.194.187.70,10.10.0.10,,,443,37473,0,1358,17
1584503306.8453276,10.10.0.10,173.194.187.70,,,37473,443,0,37,17
1584503306.8800669,173.194.187.70,10.10.0.10,,,443,37473,0,1358,17
1584503306.917187,173.194.187.70,10.10.0.10,,,443,37473,0,1358,17
1584503306.919199,10.10.0.10,173.194.187.70,,,37473,443,0,37,17
1584503306.9543068,173.194.187.70,10.10.0.10,,,443,37473,0,1358,17
1584503306.991428,173.194.187.70,10.10.0.10,,,443,37473,0,1358,17
1584503306.993059,10.10.0.10,173.194.187.70,,,37473,443,0,37,17
1584503307.028542,173.194.187.70,10.10.0.10,,,443,37473,0,1358,17
1584503307.06567,173.194.187.70,10.10.0.10,,,443,37473,0,1358,17
1584503307.0671802,10.10.0.10,173.194.187.70,,,37473,443,0,37,17
1584503307.102797,173.194.187.70,10.10.0.10,,,443,37473,0,1358,17
1584503307.141667,173.194.187.70,10.10.0.10,,,443,37473,0,1358,17
1584503307.1434429,10.10.0.10,173.194.187.70,,,37473,443,0,37,17
1584503307.1787858,173.194.187.70,10.10.0.10,,,443,37473,0,1358,17
1584503307.215915,173.194.187.70,10.10.0.10,,,443,37473,0,1358,17
1584503307.2176812,10.10.0.10,173.194.187.70,,,37473,443,0,37,17
1584503307.253047,173.194.187.70,10.10.0.10,,,443,37473,0,1358,17
1584503307.2901628,173.194.187.70,10.10.0.10,,,443,37473,0,1358,17
1584503307.2920446,10.10.0.10,173.194.187.70,,,37473,443,0,37,17
1584503307.327268,173.194.187.70,10.10.0.10,,,443,37473,0,1358,17
1584503307.366142,173.194.187.70,10.10.0.10,,,443,37473,0,1358,17
1584503307.368446,10.10.0.10,173.194.187.70,,,37473,443,0,37,17
1584503307.403267,173.194.187.70,10.10.0.10,,,443,37473,0,1358,17
1584503307.4403946,173.194.187.70,10.10.0.10,,,443,37473,0,1358,17
1584503307.44205,10.10.0.10,173.194.187.70,,,37473,443,0,37,17
1584503307.4775078,173.194.187.70,10.10.0.10,,,443,37473,0,1358,17
1584503307.514627,173.194.187.70,10.10.0.10,,,443,37473,0,1358,17
1584503307.5161722,10.10.0.10,173.194.187.70,,,37473,443,0,50,17
1584503307.5517464,173.194.187.70,10.10.0.10,,,443,37473,0,1358,17
1584503307.5888698,173.194.187.70,10.10.0.10,,,443,37473,0,1358,17
1584503307.5909278,10.10.0.10,173.194.187.70,,,37473,443,0,37,17
1584503307.630438,173.194.187.70,10.10.0.10,,,443,37473,0,1358,17
1584503307.6675632,173.194.187.70,10.10.0.10,,,443,37473,0,1358,17
1584503307.6699376,10.10.0.10,173.194.187.70,,,37473,443,0,37,17
1584503307.70468,173.194.187.70,10.10.0.10,,,443,37473,0,1358,17
1584503307.741801,173.194.187.70,10.10.0.10,,,443,37473,0,29,17
1584503307.7434359,10.10.0.10,173.194.187.70,,,37473,443,0,37,17
1584503307.743479,173.194.187.70,10.10.0.10,,,443,37473,0,1358,17
1584503307.7806,173.194.187.70,10.10.0.10,,,443,37473,0,1358,17
1584503307.783415,10.10.0.10,173.194.187.70,,,37473,443,0,37,17
1584503307.8177214,173.194.187.70,10.10.0.10,,,443,37473,0,1358,17
1584503307.85484,173.194.187.70,10.10.0.10,,,443,37473,0,1358,17
1584503307.8558118,10.10.0.10,173.194.187.70,,,37473,443,0,37,17
1584503307.8919609,173.194.187.70,10.10.0.10,,,443,37473,0,1358,17
1584503307.893932,10.10.0.10,173.194.187.70,,,37473,443,0,37,17
1584503307.9335332,173.194.187.70,10.10.0.10,,,443,37473,0,1358,17
1584503307.9706721,173.194.187.70,10.10.0.10,,,443,37473,0,1358,17
1584503307.9726279,10.10.0.10,173.194.187.70,,,37473,443,0,37,17
1584503308.0077686,173.194.187.70,10.10.0.10,,,443,37473,0,1358,17
1584503308.044894,173.194.187.70,10.10.0.10,,,443,37473,0,1358,17
1584503308.0468829,10.10.0.10,173.194.187.70,,,37473,443,0,37,17
1584503308.082018,173.194.187.70,10.10.0.10,,,443,37473,0,1358,17
1584503308.1191332,173.194.187.70,10.10.0.10,,,443,37473,0,1358,17
1584503308.121526,10.10.0.10,173.194.187.70,,,37473,443,0,37,17
1584503308.1562526,173.194.187.70,10.10.0.10,,,443,37473,0,1358,17
1584503308.1933708,173.194.187.70,10.10.0.10,,,443,37473,0,1358,17
1584503308.1956358,10.10.0.10,173.194.187.70,,,37473,443,0,37,17
1584503308.234947,173.194.187.70,10.10.0.10,,,443,37473,0,1358,17
1584503308.272076,173.194.187.70,10.10.0.10,,,443,37473,0,1358,17
1584503308.273651,10.10.0.10,173.194.187.70,,,37473,443,0,37,17
1584503308.309199,173.194.187.70,10.10.0.10,,,443,37473,0,1358,17
1584503308.3463204,173.194.187.70,10.10.0.10,,,443,37473,0,1358,17
1584503308.348148,10.10.0.10,173.194.187.70,,,37473,443,0,37,17
1584503308.383442,173.194.187.70,10.10.0.10,,,443,37473,0,1358,17
1584503308.420554,173.194.187.70,10.10.0.10,,,443,37473,0,1358,17
1584503308.422416,10.10.0.10,173.194.187.70,,,37473,443,0,37,17
1584503308.457666,173.194.187.70,10.10.0.10,,,443,37473,0,1358,17
1584503308.494786,173.194.187.70,10.10.0.10,,,443,37473,0,1358,17
1584503308.498646,10.10.0.10,173.194.187.70,,,37473,443,0,37,17
1584503308.5319078,173.194.187.70,10.10.0.10,,,443,37473,0,1358,17
1584503308.570152,173.194.187.70,10.10.0.10,,,443,37473,0,1358,17
1584503308.572394,10.10.0.10,173.194.187.70,,,37473,443,0,37,17
1584503308.607266,173.194.187.70,10.10.0.10,,,443,37473,0,1358,17
1584503308.644394,173.194.187.70,10.10.0.10,,,443,37473,0,1358,17
1584503308.6482651,10.10.0.10,173.194.187.70,,,37473,443,0,37,17
1584503308.681505,173.194.187.70,10.10.0.10,,,443,37473,0,1358,17
1584503308.718625,173.194.187.70,10.10.0.10,,,443,37473,0,1358,17
1584503308.720391,10.10.0.10,173.194.187.70,,,37473,443,0,37,17
1584503308.7557461,173.194.187.70,10.10.0.10,,,443,37473,0,1358,17
1584503308.792871,173.194.187.70,10.10.0.10,,,443,37473,0,1358,17
1584503308.7946362,10.10.0.10,173.194.187.70,,,37473,443,0,37,17
1584503308.829994,173.194.187.70,10.10.0.10,,,443,37473,0,1358,17
1584503308.8671162,173.194.187.70,10.10.0.10,,,443,37473,0,1358,17
1584503308.868632,10.10.0.10,173.194.187.70,,,37473,443,0,37,17
1584503308.904242,173.194.187.70,10.10.0.10,,,443,37473,0,1358,17
1584503308.9413474,173.194.187.70,10.10.0.10,,,443,37473,0,1358,17
1584503308.9441311,10.10.0.10,173.194.187.70,,,37473,443,0,50,17
1584503308.978468,173.194.187.70,10.10.0.10,,,443,37473,0,1358,17
1584503309.0155878,173.194.187.70,10.10.0.10,,,443,37473,0,1358,17
1584503309.023006,10.10.0.10,173.194.187.70,,,37473,443,0,37,17
1584503309.052709,173.194.187.70,10.10.0.10,,,443,37473,0,1358,17
1584503309.089825,173.194.187.70,10.10.0.10,,,443,37473,0,1358,17
1584503309.117789,10.10.0.10,173.194.187.70,,,37473,443,0,37,17
1584503309.126948,173.194.187.70,10.10.0.10,,,443,37473,0,1358,17
1584503309.1640651,173.194.187.70,10.10.0.10,,,443,37473,0,1358,17
1584503309.1657548,10.10.0.10,173.194.187.70,,,37473,443,0,37,17
1584503309.2011876,173.194.187.70,10.10.0.10,,,443,37473,0,1358,17
1584503309.238308,173.194.187.70,10.10.0.10,,,443,37473,0,1358,17
1584503309.2398932,10.10.0.10,173.194.187.70,,,37473,443,0,37,17
1584503309.275426,173.194.187.70,10.10.0.10,,,443,37473,0,1358,17
1584503309.306621,10.10.0.10,173.194.187.70,,,37473,443,0,37,17
1584503309.312551,173.194.187.70,10.10.0.10,,,443,37473,0,1358,17
1584503309.3496692,173.194.187.70,10.10.0.10,,,443,37473,0,1358,17
1584503309.35164,10.10.0.10,173.194.187.70,,,37473,443,0,37,17
1584503309.3867812,173.194.187.70,10.10.0.10,,,443,37473,0,1358,17
1584503309.423902,173.194.187.70,10.10.0.10,,,443,37473,0,1358,17
1584503309.4256198,10.10.0.10,173.194.187.70,,,37473,443,0,37,17
1584503309.461039,173.194.187.70,10.10.0.10,,,443,37473,0,1358,17
1584503309.498159,173.194.187.70,10.10.0.10,,,443,37473,0,1358,17
1584503309.499992,10.10.0.10,173.194.187.70,,,37473,443,0,37,17
1584503309.5352852,173.194.187.70,10.10.0.10,,,443,37473,0,1358,17
1584503309.5724099,173.194.187.70,10.10.0.10,,,443,37473,0,1358,17
1584503309.574354,10.10.0.10,173.194.187.70,,,37473,443,0,37,17
1584503309.6095102,173.194.187.70,10.10.0.10,,,443,37473,0,1358,17
1584503309.646625,173.194.187.70,10.10.0.10,,,443,37473,0,1358,17
1584503309.649112,10.10.0.10,173.194.187.70,,,37473,443,0,37,17
1584503309.683745,173.194.187.70,10.10.0.10,,,443,37473,0,1358,17
1584503309.720864,173.194.187.70,10.10.0.10,,,443,37473,0,1358,17
1584503309.7236311,10.10.0.10,173.194.187.70,,,37473,443,0,37,17
1584503309.7579875,173.194.187.70,10.10.0.10,,,443,37473,0,1358,17
1584503309.797856,173.194.187.70,10.10.0.10,,,443,37473,0,1358,17
1584503309.799855,10.10.0.10,173.194.187.70,,,37473,443,0,37,17
1584503309.834975,173.194.187.70,10.10.0.10,,,443,37473,0,1358,17
1584503309.8720946,173.194.187.70,10.10.0.10,,,443,37473,0,1358,17
1584503309.873606,10.10.0.10,173.194.187.70,,,37473,443,0,37,17
1584503309.909213,173.194.187.70,10.10.0.10,,,443,37473,0,1358,17
1584503309.946336,173.194.187.70,10.10.0.10,,,443,37473,0,1358,17
1584503309.948748,10.10.0.10,173.194.187.70,,,37473,443,0,37,17
1584503309.983454,173.194.187.70,10.10.0.10,,,443,37473,0,1358,17
1584503310.020585,173.194.187.70,10.10.0.10,,,443,37473,0,1358,17
1584503310.023737,10.10.0.10,173.194.187.70,,,37473,443,0,37,17
1584503310.057692,173.194.187.70,10.10.0.10,,,443,37473,0,1358,17
1584503310.09481,173.194.187.70,10.10.0.10,,,443,37473,0,1358,17
1584503310.0993721,10.10.0.10,173.194.187.70,,,37473,443,0,37,17
1584503310.131938,173.194.187.70,10.10.0.10,,,443,37473,0,1358,17
1584503310.169049,173.194.187.70,10.10.0.10,,,443,37473,0,1358,17
1584503310.1717231,10.10.0.10,173.194.187.70,,,37473,443,0,37,17
1584503310.206175,173.194.187.70,10.10.0.10,,,443,37473,0,1358,17
1584503310.243293,173.194.187.70,10.10.0.10,,,443,37473,0,1358,17
1584503310.245344,10.10.0.10,173.194.187.70,,,37473,443,0,37,17
1584503310.280415,173.194.187.70,10.10.0.10,,,443,37473,0,1358,17
1584503310.317533,173.194.187.70,10.10.0.10,,,443,37473,0,1358,17
1584503310.3196988,10.10.0.10,173.194.187.70,,,37473,443,0,37,17
1584503310.3546526,173.194.187.70,10.10.0.10,,,443,37473,0,1358,17
1584503310.3917742,173.194.187.70,10.10.0.10,,,443,37473,0,1358,17
1584503310.392846,10.10.0.10,173.194.187.70,,,37473,443,0,50,17
1584503310.428892,173.194.187.70,10.10.0.10,,,443,37473,0,1358,17
1584503310.431736,10.10.0.10,173.194.187.70,,,37473,443,0,37,17
1584503310.466015,173.194.187.70,10.10.0.10,,,443,37473,0,1358,17
1584503310.503134,173.194.187.70,10.10.0.10,,,443,37473,0,1358,17
1584503310.5052118,10.10.0.10,173.194.187.70,,,37473,443,0,37,17
1584503310.540258,173.194.187.70,10.10.0.10,,,443,37473,0,1358,17
1584503310.577384,173.194.187.70,10.10.0.10,,,443,37473,0,1358,17
1584503310.5793388,10.10.0.10,173.194.187.70,,,37473,443,0,37,17
1584503310.614507,173.194.187.70,10.10.0.10,,,443,37473,0,1358,17
1584503310.6516259,173.194.187.70,10.10.0.10,,,443,37473,0,1358,17
1584503310.653234,10.10.0.10,173.194.187.70,,,37473,443,0,37,17
1584503310.688752,173.194.187.70,10.10.0.10,,,443,37473,0,1358,17
1584503310.725876,173.194.187.70,10.10.0.10,,,443,37473,0,1358,17
1584503310.7277026,10.10.0.10,173.194.187.70,,,37473,443,0,37,17
1584503310.762972,173.194.187.70,10.10.0.10,,,443,37473,0,1358,17
1584503310.7927241,10.10.0.10,173.194.187.70,,,37473,443,0,37,17
1584503310.800094,173.194.187.70,10.10.0.10,,,443,37473,0,1358,17
1584503310.8372178,173.194.187.70,10.10.0.10,,,443,37473,0,1358,17
1584503310.839816,10.10.0.10,173.194.187.70,,,37473,443,0,37,17
1584503310.874337,173.194.187.70,10.10.0.10,,,443,37473,0,1358,17
1584503310.911459,173.194.187.70,10.10.0.10,,,443,37473,0,378,17
1584503310.912819,10.10.0.10,173.194.187.70,,,37473,443,0,37,17
1584503310.941792,10.10.0.10,173.194.187.70,,,37473,443,0,748,17
1584503310.9434712,10.10.0.10,173.194.187.70,,,37473,443,0,729,17
1584503310.9438212,10.10.0.10,173.194.187.70,,,37473,443,0,48,17
1584503310.944033,10.10.0.10,173.194.187.70,,,37473,443,0,48,17
1584503310.947577,173.194.187.70,10.10.0.10,,,443,37473,0,29,17
1584503310.9477026,173.194.187.70,10.10.0.10,,,443,37473,0,108,17
1584503310.947922,173.194.187.70,10.10.0.10,,,443,37473,0,1358,17
1584503310.9513226,10.10.0.10,173.194.187.70,,,37473,443,0,37,17
1584503310.9650278,173.194.187.70,10.10.0.10,,,443,37473,0,1358,17
1584503311.0021482,173.194.187.70,10.10.0.10,,,443,37473,0,1358,17
1584503311.0038118,10.10.0.10,173.194.187.70,,,37473,443,0,37,17
1584503311.039264,173.194.187.70,10.10.0.10,,,443,37473,0,1358,17
1584503311.076386,173.194.187.70,10.10.0.10,,,443,37473,0,1358,17
1584503311.078467,10.10.0.10,173.194.187.70,,,37473,443,0,37,17
1584503311.1135054,173.194.187.70,10.10.0.10,,,443,37473,0,1358,17
1584503311.150627,173.194.187.70,10.10.0.10,,,443,37473,0,29,17
1584503311.1523054,173.194.187.70,10.10.0.10,,,443,37473,0,1358,17
1584503311.152714,10.10.0.10,173.194.187.70,,,37473,443,0,37,17
1584503311.1894348,173.194.187.70,10.10.0.10,,,443,37473,0,1358,17
1584503311.191211,10.10.0.10,173.194.187.70,,,37473,443,0,37,17
1584503311.226548,173.194.187.70,10.10.0.10,,,443,37473,0,1358,17
1584503311.263672,173.194.187.70,10.10.0.10,,,443,37473,0,1358,17
1584503311.266459,10.10.0.10,173.194.187.70,,,37473,443,0,37,17
1584503311.3007982,173.194.187.70,10.10.0.10,,,443,37473,0,1358,17
1584503311.33792,173.194.187.70,10.10.0.10,,,443,37473,0,1358,17
1584503311.339582,10.10.0.10,173.194.187.70,,,37473,443,0,37,17
1584503311.3750439,173.194.187.70,10.10.0.10,,,443,37473,0,1358,17
1584503311.4121478,173.194.187.70,10.10.0.10,,,443,37473,0,1358,17
1584503311.4143279,10.10.0.10,173.194.187.70,,,37473,443,0,37,17
1584503311.449267,173.194.187.70,10.10.0.10,,,443,37473,0,1358,17
1584503311.4863875,173.194.187.70,10.10.0.10,,,443,37473,0,1358,17
1584503311.4890769,10.10.0.10,173.194.187.70,,,37473,443,0,37,17
1584503311.5235062,173.194.187.70,10.10.0.10,,,443,37473,0,1358,17
1584503311.560626,173.194.187.70,10.10.0.10,,,443,37473,0,1358,17
1584503311.5623262,10.10.0.10,173.194.187.70,,,37473,443,0,37,17
1584503311.5977464,173.194.187.70,10.10.0.10,,,443,37473,0,1358,17
1584503311.634866,173.194.187.70,10.10.0.10,,,443,37473,0,1358,17
1584503311.636677,10.10.0.10,173.194.187.70,,,37473,443,0,37,17
1584503311.6719892,173.194.187.70,10.10.0.10,,,443,37473,0,1358,17
1584503311.709108,173.194.187.70,10.10.0.10,,,443,37473,0,1358,17
1584503311.711074,10.10.0.10,173.194.187.70,,,37473,443,0,37,17
1584503311.746231,173.194.187.70,10.10.0.10,,,443,37473,0,1358,17
1584503311.783349,173.194.187.70,10.10.0.10,,,443,37473,0,1358,17
1584503311.785165,10.10.0.10,173.194.187.70,,,37473,443,0,37,17
1584503311.820473,173.194.187.70,10.10.0.10,,,443,37473,0,1358,17
1584503311.8575964,173.194.187.70,10.10.0.10,,,443,37473,0,1358,17
1584503311.859174,10.10.0.10,173.194.187.70,,,37473,443,0,37,17
1584503311.894707,173.194.187.70,10.10.0.10,,,443,37473,0,1358,17
1584503311.9318268,173.194.187.70,10.10.0.10,,,443,37473,0,1358,17
1584503311.93345,10.10.0.10,173.194.187.70,,,37473,443,0,37,17
1584503311.96895,173.194.187.70,10.10.0.10,,,443,37473,0,1358,17
1584503312.0060642,173.194.187.70,10.10.0.10,,,443,37473,0,1358,17
1584503312.0079124,10.10.0.10,173.194.187.70,,,37473,443,0,37,17
1584503312.043183,173.194.187.70,10.10.0.10,,,443,37473,0,1358,17
1584503312.080137,10.10.0.10,173.194.187.70,,,37473,443,0,37,17
1584503312.080302,173.194.187.70,10.10.0.10,,,443,37473,0,1358,17
1584503312.117423,173.194.187.70,10.10.0.10,,,443,37473,0,1358,17
1584503312.119442,10.10.0.10,173.194.187.70,,,37473,443,0,37,17
1584503312.154548,173.194.187.70,10.10.0.10,,,443,37473,0,1358,17
1584503312.196681,173.194.187.70,10.10.0.10,,,443,37473,0,1358,17
1584503312.1983109,10.10.0.10,173.194.187.70,,,37473,443,0,37,17
1584503312.233801,173.194.187.70,10.10.0.10,,,443,37473,0,1358,17
1584503312.272678,173.194.187.70,10.10.0.10,,,443,37473,0,1358,17
1584503312.274785,10.10.0.10,173.194.187.70,,,37473,443,0,50,17
1584503312.3098009,173.194.187.70,10.10.0.10,,,443,37473,0,1358,17
1584503312.34692,173.194.187.70,10.10.0.10,,,443,37473,0,1358,17
1584503312.348681,10.10.0.10,173.194.187.70,,,37473,443,0,37,17
1584503312.384037,173.194.187.70,10.10.0.10,,,443,37473,0,1358,17
1584503312.421159,173.194.187.70,10.10.0.10,,,443,37473,0,1358,17
1584503312.422905,10.10.0.10,173.194.187.70,,,37473,443,0,37,17
1584503312.461534,173.194.187.70,10.10.0.10,,,443,37473,0,1358,17
1584503312.4986534,173.194.187.70,10.10.0.10,,,443,37473,0,1358,17
1584503312.5016518,10.10.0.10,173.194.187.70,,,37473,443,0,37,17
1584503312.535775,173.194.187.70,10.10.0.10,,,443,37473,0,1358,17
1584503312.5728931,173.194.187.70,10.10.0.10,,,443,37473,0,1358,17
1584503312.575423,10.10.0.10,173.194.187.70,,,37473,443,0,37,17
1584503312.611772,173.194.187.70,10.10.0.10,,,443,37473,0,1358,17
1584503312.648888,173.194.187.70,10.10.0.10,,,443,37473,0,1358,17
1584503312.650543,10.10.0.10,173.194.187.70,,,37473,443,0,37,17
1584503312.6860132,173.194.187.70,10.10.0.10,,,443,37473,0,1358,17
1584503312.723134,173.194.187.70,10.10.0.10,,,443,37473,0,1358,17
1584503312.724906,10.10.0.10,173.194.187.70,,,37473,443,0,37,17
1584503312.7620122,173.194.187.70,10.10.0.10,,,443,37473,0,1358,17
1584503312.792417,10.10.0.10,173.194.187.70,,,37473,443,0,37,17
1584503312.799133,173.194.187.70,10.10.0.10,,,443,37473,0,1358,17
1584503312.836254,173.194.187.70,10.10.0.10,,,443,37473,0,1358,17
1584503312.838264,10.10.0.10,173.194.187.70,,,37473,443,0,37,17
1584503312.873375,173.194.187.70,10.10.0.10,,,443,37473,0,1358,17
1584503312.912242,173.194.187.70,10.10.0.10,,,443,37473,0,1358,17
1584503312.9141018,10.10.0.10,173.194.187.70,,,37473,443,0,37,17
1584503312.949382,173.194.187.70,10.10.0.10,,,443,37473,0,1358,17
1584503312.9864998,173.194.187.70,10.10.0.10,,,443,37473,0,1358,17
1584503312.9892876,10.10.0.10,173.194.187.70,,,37473,443,0,37,17
1584503313.0236099,173.194.187.70,10.10.0.10,,,443,37473,0,1358,17
1584503313.0607288,173.194.187.70,10.10.0.10,,,443,37473,0,1358,17
1584503313.062607,10.10.0.10,173.194.187.70,,,37473,443,0,37,17
1584503313.097856,173.194.187.70,10.10.0.10,,,443,37473,0,1358,17
1584503313.134974,173.194.187.70,10.10.0.10,,,443,37473,0,1358,17
1584503313.1366348,10.10.0.10,173.194.187.70,,,37473,443,0,37,17
1584503313.173867,173.194.187.70,10.10.0.10,,,443,37473,0,1358,17
1584503313.2109866,173.194.187.70,10.10.0.10,,,443,37473,0,1358,17
1584503313.2133882,10.10.0.10,173.194.187.70,,,37473,443,0,37,17
1584503313.2480922,173.194.187.70,10.10.0.10,,,443,37473,0,1358,17
1584503313.2852125,173.194.187.70,10.10.0.10,,,443,37473,0,1358,17
1584503313.286998,10.10.0.10,173.194.187.70,,,37473,443,0,37,17
1584503313.322333,173.194.187.70,10.10.0.10,,,443,37473,0,1358,17
1584503313.3594532,173.194.187.70,10.10.0.10,,,443,37473,0,1358,17
1584503313.361149,10.10.0.10,173.194.187.70,,,37473,443,0,37,17
1584503313.396573,173.194.187.70,10.10.0.10,,,443,37473,0,1358,17
1584503313.4336932,173.194.187.70,10.10.0.10,,,443,37473,0,1358,17
1584503313.436005,10.10.0.10,173.194.187.70,,,37473,443,0,37,17
1584503313.4708116,173.194.187.70,10.10.0.10,,,443,37473,0,1358,17
1584503313.507934,173.194.187.70,10.10.0.10,,,443,37473,0,1358,17
1584503313.509866,10.10.0.10,173.194.187.70,,,37473,443,0,37,17
1584503313.5450554,173.194.187.70,10.10.0.10,,,443,37473,0,1358,17
1584503313.582175,173.194.187.70,10.10.0.10,,,443,37473,0,1358,17
1584503313.584768,10.10.0.10,173.194.187.70,,,37473,443,0,37,17
1584503313.6192932,173.194.187.70,10.10.0.10,,,443,37473,0,1358,17
1584503313.6564212,173.194.187.70,10.10.0.10,,,443,37473,0,1358,17
1584503313.6582668,10.10.0.10,173.194.187.70,,,37473,443,0,37,17
1584503313.693543,173.194.187.70,10.10.0.10,,,443,37473,0,1358,17
1584503313.7233868,10.10.0.10,173.194.187.70,,,37473,443,0,50,17
1584503313.730669,173.194.187.70,10.10.0.10,,,443,37473,0,1358,17
1584503313.767787,173.194.187.70,10.10.0.10,,,443,37473,0,1358,17
1584503313.769491,10.10.0.10,173.194.187.70,,,37473,443,0,37,17
1584503313.8049116,173.194.187.70,10.10.0.10,,,443,37473,0,1358,17
1584503313.842033,173.194.187.70,10.10.0.10,,,443,37473,0,1358,17
1584503313.8441136,10.10.0.10,173.194.187.70,,,37473,443,0,37,17
1584503313.8791304,173.194.187.70,10.10.0.10,,,443,37473,0,1358,17
1584503313.9162571,173.194.187.70,10.10.0.10,,,443,37473,0,1358,17
1584503313.91799,10.10.0.10,173.194.187.70,,,37473,443,0,37,17
1584503313.953375,173.194.187.70,10.10.0.10,,,443,37473,0,1358,17
1584503313.990489,173.194.187.70,10.10.0.10,,,443,37473,0,1358,17
1584503313.992862,10.10.0.10,173.194.187.70,,,37473,443,0,37,17
1584503314.0276108,173.194.187.70,10.10.0.10,,,443,37473,0,1358,17
1584503314.064734,173.194.187.70,10.10.0.10,,,443,37473,0,1358,17
1584503314.067486,10.10.0.10,173.194.187.70,,,37473,443,0,37,17
1584503314.101856,173.194.187.70,10.10.0.10,,,443,37473,0,1358,17
1584503314.1389751,173.194.187.70,10.10.0.10,,,443,37473,0,1358,17
1584503314.1409779,10.10.0.10,173.194.187.70,,,37473,443,0,37,17
1584503314.1760962,173.194.187.70,10.10.0.10,,,443,37473,0,1358,17
1584503314.2132125,173.194.187.70,10.10.0.10,,,443,37473,0,1358,17
1584503314.215353,10.10.0.10,173.194.187.70,,,37473,443,0,37,17
1584503314.2503386,173.194.187.70,10.10.0.10,,,443,37473,0,1358,17
1584503314.287461,173.194.187.70,10.10.0.10,,,443,37473,0,1358,17
1584503314.289247,10.10.0.10,173.194.187.70,,,37473,443,0,37,17
1584503314.324585,173.194.187.70,10.10.0.10,,,443,37473,0,1358,17
1584503314.361707,173.194.187.70,10.10.0.10,,,443,37473,0,1358,17
1584503314.3634946,10.10.0.10,173.194.187.70,,,37473,443,0,37,17
1584503314.3988285,173.194.187.70,10.10.0.10,,,443,37473,0,1358,17
1584503314.4359381,173.194.187.70,10.10.0.10,,,443,37473,0,1358,17
1584503314.4392445,10.10.0.10,173.194.187.70,,,37473,443,0,37,17
1584503314.4730508,173.194.187.70,10.10.0.10,,,443,37473,0,1358,17
1584503314.510173,173.194.187.70,10.10.0.10,,,443,37473,0,1358,17
1584503314.511977,10.10.0.10,173.194.187.70,,,37473,443,0,37,17
1584503314.547294,173.194.187.70,10.10.0.10,,,443,37473,0,1358,17
1584503314.584413,173.194.187.70,10.10.0.10,,,443,37473,0,1358,17
1584503314.585986,10.10.0.10,173.194.187.70,,,37473,443,0,37,17
1584503314.6215332,173.194.187.70,10.10.0.10,,,443,37473,0,1358,17
1584503314.658652,173.194.187.70,10.10.0.10,,,443,37473,0,1358,17
1584503314.660236,10.10.0.10,173.194.187.70,,,37473,443,0,37,17
1584503314.695774,173.194.187.70,10.10.0.10,,,443,37473,0,1358,17
1584503314.7289839,10.10.0.10,173.194.187.70,,,37473,443,0,37,17
1584503314.7328925,173.194.187.70,10.10.0.10,,,443,37473,0,1358,17
1584503314.770017,173.194.187.70,10.10.0.10,,,443,37473,0,1358,17
1584503314.772088,10.10.0.10,173.194.187.70,,,37473,443,0,37,17
1584503314.8071349,173.194.187.70,10.10.0.10,,,443,37473,0,1358,17
1584503314.844248,173.194.187.70,10.10.0.10,,,443,37473,0,1358,17
1584503314.845858,10.10.0.10,173.194.187.70,,,37473,443,0,37,17
1584503314.881381,173.194.187.70,10.10.0.10,,,443,37473,0,1358,17
1584503314.918492,173.194.187.70,10.10.0.10,,,443,37473,0,1358,17
1584503314.9205885,10.10.0.10,173.194.187.70,,,37473,443,0,37,17
1584503314.955627,173.194.187.70,10.10.0.10,,,443,37473,0,1358,17
1584503314.992729,173.194.187.70,10.10.0.10,,,443,37473,0,1358,17
1584503314.995211,10.10.0.10,173.194.187.70,,,37473,443,0,37,17
1584503315.029866,173.194.187.70,10.10.0.10,,,443,37473,0,1358,17
1584503315.0669732,173.194.187.70,10.10.0.10,,,443,37473,0,1358,17
1584503315.06933,10.10.0.10,173.194.187.70,,,37473,443,0,37,17
1584503315.104089,173.194.187.70,10.10.0.10,,,443,37473,0,1358,17
1584503315.1412132,173.194.187.70,10.10.0.10,,,443,37473,0,1358,17
1584503315.1433349,10.10.0.10,173.194.187.70,,,37473,443,0,50,17
1584503315.178335,173.194.187.70,10.10.0.10,,,443,37473,0,1358,17
1584503315.213825,10.10.0.10,173.194.187.70,,,37473,443,0,37,17
1584503315.2154536,173.194.187.70,10.10.0.10,,,443,37473,0,1358,17
1584503315.252573,173.194.187.70,10.10.0.10,,,443,37473,0,1358,17
1584503315.255344,10.10.0.10,173.194.187.70,,,37473,443,0,37,17
1584503315.2896938,173.194.187.70,10.10.0.10,,,443,37473,0,1358,17
1584503315.3268132,173.194.187.70,10.10.0.10,,,443,37473,0,29,17
1584503315.3281958,10.10.0.10,173.194.187.70,,,37473,443,0,37,17
1584503315.328489,173.194.187.70,10.10.0.10,,,443,37473,0,1358,17
1584503315.365617,173.194.187.70,10.10.0.10,,,443,37473,0,1358,17
1584503315.3674462,10.10.0.10,173.194.187.70,,,37473,443,0,37,17
1584503315.402742,173.194.187.70,10.10.0.10,,,443,37473,0,1358,17
1584503315.4056606,10.10.0.10,173.194.187.70,,,37473,443,0,37,17
1584503315.4398682,173.194.187.70,10.10.0.10,,,443,37473,0,1358,17
1584503315.476988,173.194.187.70,10.10.0.10,,,443,37473,0,1358,17
1584503315.478961,10.10.0.10,173.194.187.70,,,37473,443,0,37,17
1584503315.514111,173.194.187.70,10.10.0.10,,,443,37473,0,1358,17
1584503315.5512106,173.194.187.70,10.10.0.10,,,443,37473,0,1358,17
1584503315.5530634,10.10.0.10,173.194.187.70,,,37473,443,0,37,17
1584503315.5883331,173.194.187.70,10.10.0.10,,,443,37473,0,1358,17
1584503315.625452,173.194.187.70,10.10.0.10,,,443,37473,0,1358,17
1584503315.6272054,10.10.0.10,173.194.187.70,,,37473,443,0,37,17
1584503315.662574,173.194.187.70,10.10.0.10,,,443,37473,0,1358,17
1584503315.6987052,10.10.0.10,173.194.187.70,,,37473,443,0,37,17
1584503315.6996932,173.194.187.70,10.10.0.10,,,443,37473,0,1358,17
1584503315.736814,173.194.187.70,10.10.0.10,,,443,37473,0,1358,17
1584503315.7389548,10.10.0.10,173.194.187.70,,,37473,443,0,37,17
1584503315.7739332,173.194.187.70,10.10.0.10,,,443,37473,0,1358,17
1584503315.811053,173.194.187.70,10.10.0.10,,,443,37473,0,1358,17
1584503315.812823,10.10.0.10,173.194.187.70,,,37473,443,0,37,17
1584503315.8481731,173.194.187.70,10.10.0.10,,,443,37473,0,1358,17
1584503315.8852954,173.194.187.70,10.10.0.10,,,443,37473,0,1358,17
1584503315.886931,10.10.0.10,173.194.187.70,,,37473,443,0,37,17
1584503315.922415,173.194.187.70,10.10.0.10,,,443,37473,0,1358,17
1584503315.9595358,173.194.187.70,10.10.0.10,,,443,37473,0,1358,17
1584503315.961441,10.10.0.10,173.194.187.70,,,37473,443,0,37,17
1584503315.996662,173.194.187.70,10.10.0.10,,,443,37473,0,1358,17
1584503316.033792,173.194.187.70,10.10.0.10,,,443,37473,0,1358,17
1584503316.035794,10.10.0.10,173.194.187.70,,,37473,443,0,37,17
1584503316.07089,173.194.187.70,10.10.0.10,,,443,37473,0,1358,17
1584503316.1080089,173.194.187.70,10.10.0.10,,,443,37473,0,1358,17
1584503316.1096961,10.10.0.10,173.194.187.70,,,37473,443,0,37,17
1584503316.1451368,173.194.187.70,10.10.0.10,,,443,37473,0,1358,17
1584503316.1822536,173.194.187.70,10.10.0.10,,,443,37473,0,1358,17
1584503316.183788,10.10.0.10,173.194.187.70,,,37473,443,0,37,17
1584503316.2193706,173.194.187.70,10.10.0.10,,,443,37473,0,1358,17
1584503316.2564929,173.194.187.70,10.10.0.10,,,443,37473,0,1358,17
1584503316.258168,10.10.0.10,173.194.187.70,,,37473,443,0,37,17
1584503316.2936141,173.194.187.70,10.10.0.10,,,443,37473,0,1358,17
1584503316.330732,173.194.187.70,10.10.0.10,,,443,37473,0,1358,17
1584503316.332418,10.10.0.10,173.194.187.70,,,37473,443,0,37,17
1584503316.3678534,173.194.187.70,10.10.0.10,,,443,37473,0,1358,17
1584503316.404973,173.194.187.70,10.10.0.10,,,443,37473,0,1358,17
1584503316.406658,10.10.0.10,173.194.187.70,,,37473,443,0,37,17
1584503316.4420938,173.194.187.70,10.10.0.10,,,443,37473,0,1358,17
1584503316.4792109,173.194.187.70,10.10.0.10,,,443,37473,0,1358,17
1584503316.482308,10.10.0.10,173.194.187.70,,,37473,443,0,50,17
1584503316.5163288,173.194.187.70,10.10.0.10,,,443,37473,0,1358,17
1584503316.548928,10.10.0.10,173.194.187.70,,,37473,443,0,37,17
1584503316.55346,173.194.187.70,10.10.0.10,,,443,37473,0,1358,17
1584503316.5905812,173.194.187.70,10.10.0.10,,,443,37473,0,1358,17
1584503316.5925546,10.10.0.10,173.194.187.70,,,37473,443,0,37,17
1584503316.6277068,173.194.187.70,10.10.0.10,,,443,37473,0,1358,17
1584503316.6648278,173.194.187.70,10.10.0.10,,,443,37473,0,29,17
1584503316.666411,10.10.0.10,173.194.187.70,,,37473,443,0,37,17
1584503316.666496,173.194.187.70,10.10.0.10,,,443,37473,0,1358,17
1584503316.7036119,173.194.187.70,10.10.0.10,,,443,37473,0,1358,17
1584503316.705303,10.10.0.10,173.194.187.70,,,37473,443,0,37,17
1584503316.7407331,173.194.187.70,10.10.0.10,,,443,37473,0,1358,17
1584503316.777853,173.194.187.70,10.10.0.10,,,443,37473,0,1358,17
1584503316.7930524,10.10.0.10,173.194.187.70,,,37473,443,0,37,17
1584503316.814975,173.194.187.70,10.10.0.10,,,443,37473,0,1358,17
1584503316.8520932,173.194.187.70,10.10.0.10,,,443,37473,0,1358,17
1584503316.8545468,10.10.0.10,173.194.187.70,,,37473,443,0,37,17
1584503316.889212,173.194.187.70,10.10.0.10,,,443,37473,0,1358,17
1584503316.92633,173.194.187.70,10.10.0.10,,,443,37473,0,1358,17
1584503316.9279099,10.10.0.10,173.194.187.70,,,37473,443,0,37,17
1584503316.963455,173.194.187.70,10.10.0.10,,,443,37473,0,1358,17
1584503317.0005708,173.194.187.70,10.10.0.10,,,443,37473,0,1358,17
1584503317.0030286,10.10.0.10,173.194.187.70,,,37473,443,0,37,17
1584503317.037689,173.194.187.70,10.10.0.10,,,443,37473,0,1358,17
1584503317.074811,173.194.187.70,10.10.0.10,,,443,37473,0,1358,17
1584503317.0773911,10.10.0.10,173.194.187.70,,,37473,443,0,37,17
1584503317.1119509,173.194.187.70,10.10.0.10,,,443,37473,0,1358,17
1584503317.1490526,173.194.187.70,10.10.0.10,,,443,37473,0,1358,17
1584503317.152664,10.10.0.10,173.194.187.70,,,37473,443,0,37,17
1584503317.1861858,173.194.187.70,10.10.0.10,,,443,37473,0,176,17
1584503317.20629,10.10.0.10,173.194.187.70,,,37473,443,0,736,17
1584503317.2066624,10.10.0.10,173.194.187.70,,,37473,443,0,48,17
1584503317.210968,173.194.187.70,10.10.0.10,,,443,37473,0,115,17
1584503317.211459,173.194.187.70,10.10.0.10,,,443,37473,0,1358,17
1584503317.211982,10.10.0.10,173.194.187.70,,,37473,443,0,748,17
1584503317.212006,10.10.0.10,173.194.187.70,,,37473,443,0,48,17
1584503317.2132678,10.10.0.10,173.194.187.70,,,37473,443,0,37,17
1584503317.2414,173.194.187.70,10.10.0.10,,,443,37473,0,1358,17
1584503317.278521,173.194.187.70,10.10.0.10,,,443,37473,0,1358,17
1584503317.2830348,10.10.0.10,173.194.187.70,,,37473,443,0,37,17
1584503317.3156452,173.194.187.70,10.10.0.10,,,443,37473,0,1358,17
1584503317.352761,173.194.187.70,10.10.0.10,,,443,37473,0,1358,17
1584503317.3547812,10.10.0.10,173.194.187.70,,,37473,443,0,37,17
1584503317.3898818,173.194.187.70,10.10.0.10,,,443,37473,0,1358,17
1584503317.4241242,10.10.0.10,173.194.187.70,,,37473,443,0,37,17
1584503317.4270134,173.194.187.70,10.10.0.10,,,443,37473,0,29,17
1584503317.4336898,173.194.187.70,10.10.0.10,,,443,37473,0,1358,17
1584503317.472573,173.194.187.70,10.10.0.10,,,443,37473,0,1358,17
1584503317.474135,10.10.0.10,173.194.187.70,,,37473,443,0,37,17
1584503317.5096922,173.194.187.70,10.10.0.10,,,443,37473,0,1358,17
1584503317.546814,173.194.187.70,10.10.0.10,,,443,37473,0,1358,17
1584503317.548903,10.10.0.10,173.194.187.70,,,37473,443,0,37,17
1584503317.583935,173.194.187.70,10.10.0.10,,,443,37473,0,1358,17
1584503317.6210544,173.194.187.70,10.10.0.10,,,443,37473,0,1358,17
1584503317.6226392,10.10.0.10,173.194.187.70,,,37473,443,0,37,17
1584503317.662627,173.194.187.70,10.10.0.10,,,443,37473,0,1358,17
1584503317.7015102,173.194.187.70,10.10.0.10,,,443,37473,0,1358,17
1584503317.7031262,10.10.0.10,173.194.187.70,,,37473,443,0,37,17
1584503317.738626,173.194.187.70,10.10.0.10,,,443,37473,0,1358,17
1584503317.775745,173.194.187.70,10.10.0.10,,,443,37473,0,1358,17
1584503317.7773948,10.10.0.10,173.194.187.70,,,37473,443,0,37,17
1584503317.812866,173.194.187.70,10.10.0.10,,,443,37473,0,1358,17
1584503317.8499868,173.194.187.70,10.10.0.10,,,443,37473,0,1358,17
1584503317.851769,10.10.0.10,173.194.187.70,,,37473,443,0,37,17
1584503317.887106,173.194.187.70,10.10.0.10,,,443,37473,0,1358,17
1584503317.9242294,173.194.187.70,10.10.0.10,,,443,37473,0,1358,17
1584503317.9258714,10.10.0.10,173.194.187.70,,,37473,443,0,37,17
1584503317.961343,173.194.187.70,10.10.0.10,,,443,37473,0,1358,17
1584503318.002914,173.194.187.70,10.10.0.10,,,443,37473,0,1358,17
1584503318.0053706,10.10.0.10,173.194.187.70,,,37473,443,0,37,17
1584503318.040038,173.194.187.70,10.10.0.10,,,443,37473,0,1358,17
1584503318.077157,173.194.187.70,10.10.0.10,,,443,37473,0,1358,17
1584503318.078707,10.10.0.10,173.194.187.70,,,37473,443,0,37,17
1584503318.114276,173.194.187.70,10.10.0.10,,,443,37473,0,1358,17
1584503318.1514132,173.194.187.70,10.10.0.10,,,443,37473,0,1358,17
1584503318.154741,10.10.0.10,173.194.187.70,,,37473,443,0,37,17
1584503318.188532,173.194.187.70,10.10.0.10,,,443,37473,0,1358,17
1584503318.2256649,173.194.187.70,10.10.0.10,,,443,37473,0,1358,17
1584503318.2282338,10.10.0.10,173.194.187.70,,,37473,443,0,37,17
1584503318.2627811,173.194.187.70,10.10.0.10,,,443,37473,0,1358,17
1584503318.3043306,173.194.187.70,10.10.0.10,,,443,37473,0,1358,17
1584503318.305984,10.10.0.10,173.194.187.70,,,37473,443,0,37,17
1584503318.3414528,173.194.187.70,10.10.0.10,,,443,37473,0,1358,17
1584503318.378591,173.194.187.70,10.10.0.10,,,443,37473,0,1358,17
1584503318.3802366,10.10.0.10,173.194.187.70,,,37473,443,0,37,17
1584503318.415693,173.194.187.70,10.10.0.10,,,443,37473,0,1358,17
1584503318.452814,173.194.187.70,10.10.0.10,,,443,37473,0,1358,17
1584503318.452985,10.10.0.10,173.194.187.70,,,37473,443,0,37,17
1584503318.489934,173.194.187.70,10.10.0.10,,,443,37473,0,1358,17
1584503318.491875,10.10.0.10,173.194.187.70,,,37473,443,0,37,17
1584503318.5270526,173.194.187.70,10.10.0.10,,,443,37473,0,1358,17
1584503318.5641732,173.194.187.70,10.10.0.10,,,443,37473,0,1358,17
1584503318.567231,10.10.0.10,173.194.187.70,,,37473,443,0,50,17
1584503318.6012988,173.194.187.70,10.10.0.10,,,443,37473,0,1358,17
1584503318.6384132,173.194.187.70,10.10.0.10,,,443,37473,0,1358,17
1584503318.64012,10.10.0.10,173.194.187.70,,,37473,443,0,37,17
1584503318.675533,173.194.187.70,10.10.0.10,,,443,37473,0,1358,17
1584503318.7126508,173.194.187.70,10.10.0.10,,,443,37473,0,1358,17
1584503318.71424,10.10.0.10,173.194.187.70,,,37473,443,0,37,17
1584503318.749775,173.194.187.70,10.10.0.10,,,443,37473,0,1358,17
1584503318.786895,173.194.187.70,10.10.0.10,,,443,37473,0,1358,17
1584503318.789222,10.10.0.10,173.194.187.70,,,37473,443,0,37,17
1584503318.824019,173.194.187.70,10.10.0.10,,,443,37473,0,1358,17
1584503318.8611412,173.194.187.70,10.10.0.10,,,443,37473,0,1358,17
1584503318.8631182,10.10.0.10,173.194.187.70,,,37473,443,0,37,17
1584503318.8982658,173.194.187.70,10.10.0.10,,,443,37473,0,1358,17
1584503318.9353714,173.194.187.70,10.10.0.10,,,443,37473,0,1358,17
1584503318.938809,10.10.0.10,173.194.187.70,,,37473,443,0,37,17
1584503318.9724884,173.194.187.70,10.10.0.10,,,443,37473,0,1358,17
1584503319.009609,173.194.187.70,10.10.0.10,,,443,37473,0,1358,17
1584503319.011443,10.10.0.10,173.194.187.70,,,37473,443,0,37,17
1584503319.0467331,173.194.187.70,10.10.0.10,,,443,37473,0,1358,17
1584503319.083857,173.194.187.70,10.10.0.10,,,443,37473,0,1358,17
1584503319.08587,10.10.0.10,173.194.187.70,,,37473,443,0,37,17
1584503319.120975,173.194.187.70,10.10.0.10,,,443,37473,0,1358,17
1584503319.1580925,173.194.187.70,10.10.0.10,,,443,37473,0,1358,17
1584503319.1598349,10.10.0.10,173.194.187.70,,,37473,443,0,37,17
1584503319.195214,173.194.187.70,10.10.0.10,,,443,37473,0,1358,17
1584503319.232334,173.194.187.70,10.10.0.10,,,443,37473,0,1358,17
1584503319.23395,10.10.0.10,173.194.187.70,,,37473,443,0,37,17
1584503319.269454,173.194.187.70,10.10.0.10,,,443,37473,0,1358,17
1584503319.306576,173.194.187.70,10.10.0.10,,,443,37473,0,1358,17
1584503319.3113296,10.10.0.10,173.194.187.70,,,37473,443,0,37,17
1584503319.343693,173.194.187.70,10.10.0.10,,,443,37473,0,1358,17
1584503319.3808134,173.194.187.70,10.10.0.10,,,443,37473,0,1358,17
1584503319.3827252,10.10.0.10,173.194.187.70,,,37473,443,0,37,17
1584503319.4179351,173.194.187.70,10.10.0.10,,,443,37473,0,1358,17
1584503319.4550588,173.194.187.70,10.10.0.10,,,443,37473,0,1358,17
1584503319.458953,10.10.0.10,173.194.187.70,,,37473,443,0,37,17
1584503319.492183,173.194.187.70,10.10.0.10,,,443,37473,0,1358,17
1584503319.5202188,10.10.0.10,173.194.187.70,,,37473,443,0,37,17
1584503319.5293071,173.194.187.70,10.10.0.10,,,443,37473,0,1358,17
1584503319.566432,173.194.187.70,10.10.0.10,,,443,37473,0,1358,17
1584503319.568469,10.10.0.10,173.194.187.70,,,37473,443,0,37,17
1584503319.603532,173.194.187.70,10.10.0.10,,,443,37473,0,1358,17
1584503319.637091,10.10.0.10,173.194.187.70,,,37473,443,0,37,17
1584503319.6406527,173.194.187.70,10.10.0.10,,,443,37473,0,1358,17
1584503319.677772,173.194.187.70,10.10.0.10,,,443,37473,0,1358,17
1584503319.680686,10.10.0.10,173.194.187.70,,,37473,443,0,37,17
1584503319.714892,173.194.187.70,10.10.0.10,,,443,37473,0,1358,17
1584503319.7520142,173.194.187.70,10.10.0.10,,,443,37473,0,1358,17
1584503319.753712,10.10.0.10,173.194.187.70,,,37473,443,0,37,17
1584503319.7891376,173.194.187.70,10.10.0.10,,,443,37473,0,1358,17
1584503319.8215866,10.10.0.10,173.194.187.70,,,37473,443,0,37,17
1584503319.826254,173.194.187.70,10.10.0.10,,,443,37473,0,1358,17
1584503319.863372,173.194.187.70,10.10.0.10,,,443,37473,0,1358,17
1584503319.8665636,10.10.0.10,173.194.187.70,,,37473,443,0,37,17
1584503319.9004931,173.194.187.70,10.10.0.10,,,443,37473,0,1358,17
1584503319.937616,173.194.187.70,10.10.0.10,,,443,37473,0,1358,17
1584503319.9393306,10.10.0.10,173.194.187.70,,,37473,443,0,50,17
1584503319.9747276,173.194.187.70,10.10.0.10,,,443,37473,0,1358,17
1584503320.0118508,173.194.187.70,10.10.0.10,,,443,37473,0,1358,17
1584503320.0136678,10.10.0.10,173.194.187.70,,,37473,443,0,37,17
1584503320.0489712,173.194.187.70,10.10.0.10,,,443,37473,0,1358,17
1584503320.086086,173.194.187.70,10.10.0.10,,,443,37473,0,1358,17
1584503320.0878189,10.10.0.10,173.194.187.70,,,37473,443,0,37,17
1584503320.123214,173.194.187.70,10.10.0.10,,,443,37473,0,1358,17
1584503320.1534119,10.10.0.10,173.194.187.70,,,37473,443,0,37,17
1584503320.160336,173.194.187.70,10.10.0.10,,,443,37473,0,1358,17
1584503320.197476,173.194.187.70,10.10.0.10,,,443,37473,0,1358,17
1584503320.199064,10.10.0.10,173.194.187.70,,,37473,443,0,37,17
1584503320.2345722,173.194.187.70,10.10.0.10,,,443,37473,0,1358,17
1584503320.2716932,173.194.187.70,10.10.0.10,,,443,37473,0,1358,17
1584503320.275902,10.10.0.10,173.194.187.70,,,37473,443,0,37,17
1584503320.308812,173.194.187.70,10.10.0.10,,,443,37473,0,1358,17
1584503320.3459342,173.194.187.70,10.10.0.10,,,443,37473,0,1358,17
1584503320.34743,10.10.0.10,173.194.187.70,,,37473,443,0,37,17
1584503320.383054,173.194.187.70,10.10.0.10,,,443,37473,0,1358,17
1584503320.420168,173.194.187.70,10.10.0.10,,,443,37473,0,1358,17
1584503320.4224222,10.10.0.10,173.194.187.70,,,37473,443,0,37,17
1584503320.4572964,173.194.187.70,10.10.0.10,,,443,37473,0,1358,17
1584503320.4944134,173.194.187.70,10.10.0.10,,,443,37473,0,1358,17
1584503320.4961722,10.10.0.10,173.194.187.70,,,37473,443,0,37,17
1584503320.5315342,173.194.187.70,10.10.0.10,,,443,37473,0,1358,17
1584503320.5686526,173.194.187.70,10.10.0.10,,,443,37473,0,1358,17
1584503320.5705626,10.10.0.10,173.194.187.70,,,37473,443,0,37,17
1584503320.605778,173.194.187.70,10.10.0.10,,,443,37473,0,1358,17
1584503320.642902,173.194.187.70,10.10.0.10,,,443,37473,0,1358,17
1584503320.6430454,10.10.0.10,173.194.187.70,,,37473,443,0,37,17
1584503320.6800249,173.194.187.70,10.10.0.10,,,443,37473,0,1358,17
1584503320.682166,10.10.0.10,173.194.187.70,,,37473,443,0,37,17
1584503320.717148,173.194.187.70,10.10.0.10,,,443,37473,0,1358,17
1584503320.7542524,173.194.187.70,10.10.0.10,,,443,37473,0,1358,17
1584503320.7564359,10.10.0.10,173.194.187.70,,,37473,443,0,37,17
1584503320.791372,173.194.187.70,10.10.0.10,,,443,37473,0,1358,17
1584503320.828496,173.194.187.70,10.10.0.10,,,443,37473,0,1358,17
1584503320.830035,10.10.0.10,173.194.187.70,,,37473,443,0,37,17
1584503320.865619,173.194.187.70,10.10.0.10,,,443,37473,0,1358,17
1584503320.902736,173.194.187.70,10.10.0.10,,,443,37473,0,1358,17
1584503320.906285,10.10.0.10,173.194.187.70,,,37473,443,0,37,17
1584503320.9398534,173.194.187.70,10.10.0.10,,,443,37473,0,1358,17
1584503320.976968,173.194.187.70,10.10.0.10,,,443,37473,0,1358,17
1584503320.978642,10.10.0.10,173.194.187.70,,,37473,443,0,37,17
1584503321.0140884,173.194.187.70,10.10.0.10,,,443,37473,0,1358,17
1584503321.051213,173.194.187.70,10.10.0.10,,,443,37473,0,1358,17
1584503321.053055,10.10.0.10,173.194.187.70,,,37473,443,0,37,17
1584503321.0883322,173.194.187.70,10.10.0.10,,,443,37473,0,1358,17
1584503321.1254508,173.194.187.70,10.10.0.10,,,443,37473,0,1358,17
1584503321.127031,10.10.0.10,173.194.187.70,,,37473,443,0,37,17
1584503321.16257,173.194.187.70,10.10.0.10,,,443,37473,0,1358,17
1584503321.1996882,173.194.187.70,10.10.0.10,,,443,37473,0,1358,17
1584503321.2016518,10.10.0.10,173.194.187.70,,,37473,443,0,37,17
1584503321.236823,173.194.187.70,10.10.0.10,,,443,37473,0,1358,17
1584503321.2739482,173.194.187.70,10.10.0.10,,,443,37473,0,1358,17
1584503321.275672,10.10.0.10,173.194.187.70,,,37473,443,0,37,17
1584503321.3110669,173.194.187.70,10.10.0.10,,,443,37473,0,1358,17
1584503321.348191,173.194.187.70,10.10.0.10,,,443,37473,0,1358,17
1584503321.350022,10.10.0.10,173.194.187.70,,,37473,443,0,50,17
1584503321.3853161,173.194.187.70,10.10.0.10,,,443,37473,0,1358,17
1584503321.422411,173.194.187.70,10.10.0.10,,,443,37473,0,1358,17
1584503321.4243991,10.10.0.10,173.194.187.70,,,37473,443,0,37,17
1584503321.4595342,173.194.187.70,10.10.0.10,,,443,37473,0,1358,17
1584503321.4966528,173.194.187.70,10.10.0.10,,,443,37473,0,1358,17
1584503321.4995394,10.10.0.10,173.194.187.70,,,37473,443,0,37,17
1584503321.533775,173.194.187.70,10.10.0.10,,,443,37473,0,29,17
1584503321.5354528,173.194.187.70,10.10.0.10,,,443,37473,0,1358,17
1584503321.5725722,173.194.187.70,10.10.0.10,,,443,37473,0,1358,17
1584503321.5745142,10.10.0.10,173.194.187.70,,,37473,443,0,37,17
1584503321.609694,173.194.187.70,10.10.0.10,,,443,37473,0,1358,17
1584503321.646815,173.194.187.70,10.10.0.10,,,443,37473,0,1358,17
1584503321.6487849,10.10.0.10,173.194.187.70,,,37473,443,0,37,17
1584503321.683935,173.194.187.70,10.10.0.10,,,443,37473,0,1358,17
1584503321.7210588,173.194.187.70,10.10.0.10,,,443,37473,0,1358,17
1584503321.723135,10.10.0.10,173.194.187.70,,,37473,443,0,37,17
1584503321.758183,173.194.187.70,10.10.0.10,,,443,37473,0,1358,17
1584503321.7952876,173.194.187.70,10.10.0.10,,,443,37473,0,1358,17
1584503321.79741,10.10.0.10,173.194.187.70,,,37473,443,0,37,17
1584503321.8324294,173.194.187.70,10.10.0.10,,,443,37473,0,1358,17
1584503321.869552,173.194.187.70,10.10.0.10,,,443,37473,0,1358,17
1584503321.87188,10.10.0.10,173.194.187.70,,,37473,443,0,37,17
1584503321.9066749,173.194.187.70,10.10.0.10,,,443,37473,0,1358,17
1584503321.943773,173.194.187.70,10.10.0.10,,,443,37473,0,1358,17
1584503321.9455235,10.10.0.10,173.194.187.70,,,37473,443,0,37,17
1584503321.982645,173.194.187.70,10.10.0.10,,,443,37473,0,1358,17
1584503322.01977,173.194.187.70,10.10.0.10,,,443,37473,0,1358,17
1584503322.02137,10.10.0.10,173.194.187.70,,,37473,443,0,37,17
1584503322.056894,173.194.187.70,10.10.0.10,,,443,37473,0,1358,17
1584503322.090618,10.10.0.10,173.194.187.70,,,37473,443,0,37,17
1584503322.0940142,173.194.187.70,10.10.0.10,,,443,37473,0,1358,17
1584503322.1311321,173.194.187.70,10.10.0.10,,,443,37473,0,1358,17
1584503322.1331446,10.10.0.10,173.194.187.70,,,37473,443,0,37,17
1584503322.170009,173.194.187.70,10.10.0.10,,,443,37473,0,1358,17
1584503322.2071412,173.194.187.70,10.10.0.10,,,443,37473,0,1358,17
1584503322.209126,10.10.0.10,173.194.187.70,,,37473,443,0,37,17
1584503322.2442539,173.194.187.70,10.10.0.10,,,443,37473,0,1358,17
1584503322.281373,173.194.187.70,10.10.0.10,,,443,37473,0,1358,17
1584503322.28337,10.10.0.10,173.194.187.70,,,37473,443,0,37,17
1584503322.3184972,173.194.187.70,10.10.0.10,,,443,37473,0,1358,17
1584503322.3556125,173.194.187.70,10.10.0.10,,,443,37473,0,1358,17
1584503322.358247,10.10.0.10,173.194.187.70,,,37473,443,0,37,17
1584503322.3927321,173.194.187.70,10.10.0.10,,,443,37473,0,1358,17
1584503322.4298534,173.194.187.70,10.10.0.10,,,443,37473,0,1358,17
1584503322.43151,10.10.0.10,173.194.187.70,,,37473,443,0,37,17
1584503322.466973,173.194.187.70,10.10.0.10,,,443,37473,0,1358,17
1584503322.504096,173.194.187.70,10.10.0.10,,,443,37473,0,1358,17
1584503322.506113,10.10.0.10,173.194.187.70,,,37473,443,0,37,17
1584503322.5412214,173.194.187.70,10.10.0.10,,,443,37473,0,1358,17
1584503322.5783432,173.194.187.70,10.10.0.10,,,443,37473,0,1358,17
1584503322.5802288,10.10.0.10,173.194.187.70,,,37473,443,0,37,17
1584503322.6154668,173.194.187.70,10.10.0.10,,,443,37473,0,1358,17
1584503322.646503,10.10.0.10,173.194.187.70,,,37473,443,0,37,17
1584503322.6525712,173.194.187.70,10.10.0.10,,,443,37473,0,1358,17
1584503322.6896932,173.194.187.70,10.10.0.10,,,443,37473,0,1358,17
1584503322.691985,10.10.0.10,173.194.187.70,,,37473,443,0,37,17
1584503322.726807,173.194.187.70,10.10.0.10,,,443,37473,0,1358,17
1584503322.7639296,173.194.187.70,10.10.0.10,,,443,37473,0,1358,17
1584503322.766376,10.10.0.10,173.194.187.70,,,37473,443,0,50,17
1584503322.801054,173.194.187.70,10.10.0.10,,,443,37473,0,1358,17
1584503322.838174,173.194.187.70,10.10.0.10,,,443,37473,0,1358,17
1584503322.839747,10.10.0.10,173.194.187.70,,,37473,443,0,37,17
1584503322.875293,173.194.187.70,10.10.0.10,,,443,37473,0,1358,17
1584503322.9124134,173.194.187.70,10.10.0.10,,,443,37473,0,1358,17
1584503322.9143715,10.10.0.10,173.194.187.70,,,37473,443,0,37,17
1584503322.9495332,173.194.187.70,10.10.0.10,,,443,37473,0,1358,17
1584503322.98665,173.194.187.70,10.10.0.10,,,443,37473,0,29,17
1584503322.987819,10.10.0.10,173.194.187.70,,,37473,443,0,37,17
1584503322.988328,173.194.187.70,10.10.0.10,,,443,37473,0,1358,17
1584503323.0254571,173.194.187.70,10.10.0.10,,,443,37473,0,1358,17
1584503323.0273368,10.10.0.10,173.194.187.70,,,37473,443,0,37,17
1584503323.062581,173.194.187.70,10.10.0.10,,,443,37473,0,1358,17
1584503323.0997038,173.194.187.70,10.10.0.10,,,443,37473,0,1358,17
1584503323.101495,10.10.0.10,173.194.187.70,,,37473,443,0,37,17
1584503323.136817,173.194.187.70,10.10.0.10,,,443,37473,0,1358,17
1584503323.173934,173.194.187.70,10.10.0.10,,,443,37473,0,1358,17
1584503323.186615,10.10.0.10,173.194.187.70,,,37473,443,0,37,17
1584503323.211055,173.194.187.70,10.10.0.10,,,443,37473,0,1358,17
1584503323.2481732,173.194.187.70,10.10.0.10,,,443,37473,0,1358,17
1584503323.252093,10.10.0.10,173.194.187.70,,,37473,443,0,37,17
1584503323.285294,173.194.187.70,10.10.0.10,,,443,37473,0,1358,17
1584503323.3224125,173.194.187.70,10.10.0.10,,,443,37473,0,1358,17
1584503323.3242302,10.10.0.10,173.194.187.70,,,37473,443,0,37,17
1584503323.359532,173.194.187.70,10.10.0.10,,,443,37473,0,1358,17
1584503323.396657,173.194.187.70,10.10.0.10,,,443,37473,0,1358,17
1584503323.398232,10.10.0.10,173.194.187.70,,,37473,443,0,37,17
1584503323.433775,173.194.187.70,10.10.0.10,,,443,37473,0,1358,17
1584503323.4708939,173.194.187.70,10.10.0.10,,,443,37473,0,1358,17
1584503323.4724605,10.10.0.10,173.194.187.70,,,37473,443,0,37,17
1584503323.508009,173.194.187.70,10.10.0.10,,,443,37473,0,1358,17
1584503323.545135,173.194.187.70,10.10.0.10,,,443,37473,0,1358,17
1584503323.547983,10.10.0.10,173.194.187.70,,,37473,443,0,37,17
1584503323.5822554,173.194.187.70,10.10.0.10,,,443,37473,0,1358,17
1584503323.6193779,173.194.187.70,10.10.0.10,,,443,37473,0,1358,17
1584503323.6340802,10.10.0.10,173.194.187.70,,,37473,443,0,37,17
1584503323.656503,173.194.187.70,10.10.0.10,,,443,37473,0,1358,17
1584503323.6936266,173.194.187.70,10.10.0.10,,,443,37473,0,1358,17
1584503323.695346,10.10.0.10,173.194.187.70,,,37473,443,0,37,17
1584503323.730747,173.194.187.70,10.10.0.10,,,443,37473,0,1358,17
1584503323.7678704,173.194.187.70,10.10.0.10,,,443,37473,0,498,17
1584503323.76947,10.10.0.10,173.194.187.70,,,37473,443,0,37,17
1584503323.781849,10.10.0.10,173.194.187.70,,,37473,443,0,729,17
1584503323.782582,10.10.0.10,173.194.187.70,,,37473,443,0,48,17
1584503323.7868366,173.194.187.70,10.10.0.10,,,443,37473,0,115,17
1584503323.7868679,173.194.187.70,10.10.0.10,,,443,37473,0,1358,17
1584503323.788846,10.10.0.10,173.194.187.70,,,37473,443,0,37,17
1584503323.7917228,10.10.0.10,173.194.187.70,,,37473,443,0,748,17
1584503323.7920759,10.10.0.10,173.194.187.70,,,37473,443,0,48,17
1584503323.8231332,173.194.187.70,10.10.0.10,,,443,37473,0,1358,17
1584503323.8602526,173.194.187.70,10.10.0.10,,,443,37473,0,1358,17
1584503323.861968,10.10.0.10,173.194.187.70,,,37473,443,0,37,17
1584503323.8973732,173.194.187.70,10.10.0.10,,,443,37473,0,1358,17
1584503323.930702,10.10.0.10,173.194.187.70,,,37473,443,0,37,17
1584503323.9345012,173.194.187.70,10.10.0.10,,,443,37473,0,1358,17
1584503323.9716089,173.194.187.70,10.10.0.10,,,443,37473,0,1358,17
1584503323.9730446,10.10.0.10,173.194.187.70,,,37473,443,0,37,17
1584503324.008743,173.194.187.70,10.10.0.10,,,443,37473,0,29,17
1584503324.0104258,173.194.187.70,10.10.0.10,,,443,37473,0,1358,17
1584503324.0475314,173.194.187.70,10.10.0.10,,,443,37473,0,1358,17
1584503324.0490522,10.10.0.10,173.194.187.70,,,37473,443,0,37,17
1584503324.0846524,173.194.187.70,10.10.0.10,,,443,37473,0,1358,17
1584503324.121773,173.194.187.70,10.10.0.10,,,443,37473,0,1358,17
1584503324.1237938,10.10.0.10,173.194.187.70,,,37473,443,0,37,17
1584503324.158891,173.194.187.70,10.10.0.10,,,443,37473,0,1358,17
1584503324.1960099,173.194.187.70,10.10.0.10,,,443,37473,0,1358,17
1584503324.1975641,10.10.0.10,173.194.187.70,,,37473,443,0,37,17
1584503324.233134,173.194.187.70,10.10.0.10,,,443,37473,0,1358,17
1584503324.270254,173.194.187.70,10.10.0.10,,,443,37473,0,1358,17
1584503324.2728028,10.10.0.10,173.194.187.70,,,37473,443,0,37,17
1584503324.3073769,173.194.187.70,10.10.0.10,,,443,37473,0,1358,17
1584503324.344496,173.194.187.70,10.10.0.10,,,443,37473,0,1358,17
1584503324.34795,10.10.0.10,173.194.187.70,,,37473,443,0,37,17
1584503324.381614,173.194.187.70,10.10.0.10,,,443,37473,0,1358,17
1584503324.383706,10.10.0.10,173.194.187.70,,,37473,443,0,37,17
1584503324.418734,173.194.187.70,10.10.0.10,,,443,37473,0,1358,17
1584503324.455858,173.194.187.70,10.10.0.10,,,443,37473,0,1358,17
1584503324.4710786,10.10.0.10,173.194.187.70,,,37473,443,0,37,17
1584503324.492984,173.194.187.70,10.10.0.10,,,443,37473,0,1358,17
1584503324.530103,173.194.187.70,10.10.0.10,,,443,37473,0,1358,17
1584503324.532448,10.10.0.10,173.194.187.70,,,37473,443,0,37,17
1584503324.567227,173.194.187.70,10.10.0.10,,,443,37473,0,1358,17
1584503324.604327,173.194.187.70,10.10.0.10,,,443,37473,0,1358,17
1584503324.606551,10.10.0.10,173.194.187.70,,,37473,443,0,37,17
1584503324.641469,173.194.187.70,10.10.0.10,,,443,37473,0,1358,17
1584503324.6785939,173.194.187.70,10.10.0.10,,,443,37473,0,1358,17
1584503324.680426,10.10.0.10,173.194.187.70,,,37473,443,0,37,17
1584503324.7156901,173.194.187.70,10.10.0.10,,,443,37473,0,1358,17
1584503324.752193,10.10.0.10,173.194.187.70,,,37473,443,0,37,17
1584503324.752811,173.194.187.70,10.10.0.10,,,443,37473,0,1358,17
1584503324.7899342,173.194.187.70,10.10.0.10,,,443,37473,0,1358,17
1584503324.79255,10.10.0.10,173.194.187.70,,,37473,443,0,37,17
1584503324.827054,173.194.187.70,10.10.0.10,,,443,37473,0,1358,17
1584503324.8641732,173.194.187.70,10.10.0.10,,,443,37473,0,1358,17
1584503324.867046,10.10.0.10,173.194.187.70,,,37473,443,0,37,17
1584503324.901292,173.194.187.70,10.10.0.10,,,443,37473,0,1358,17
1584503324.9384134,173.194.187.70,10.10.0.10,,,443,37473,0,1358,17
1584503324.940187,10.10.0.10,173.194.187.70,,,37473,443,0,37,17
1584503324.975533,173.194.187.70,10.10.0.10,,,443,37473,0,1358,17
1584503325.0126538,173.194.187.70,10.10.0.10,,,443,37473,0,1358,17
1584503325.0157928,10.10.0.10,173.194.187.70,,,37473,443,0,37,17
1584503325.0497699,173.194.187.70,10.10.0.10,,,443,37473,0,1358,17
1584503325.08689,173.194.187.70,10.10.0.10,,,443,37473,0,1358,17
1584503325.0890381,10.10.0.10,173.194.187.70,,,37473,443,0,37,17
1584503325.124017,173.194.187.70,10.10.0.10,,,443,37473,0,1358,17
1584503325.161132,173.194.187.70,10.10.0.10,,,443,37473,0,1358,17
1584503325.16344,10.10.0.10,173.194.187.70,,,37473,443,0,50,17
1584503325.1982698,173.194.187.70,10.10.0.10,,,443,37473,0,1358,17
1584503325.2353892,173.194.187.70,10.10.0.10,,,443,37473,0,1358,17
1584503325.2371502,10.10.0.10,173.194.187.70,,,37473,443,0,37,17
1584503325.2724938,173.194.187.70,10.10.0.10,,,443,37473,0,1358,17
1584503325.3096151,173.194.187.70,10.10.0.10,,,443,37473,0,1358,17
1584503325.311523,10.10.0.10,173.194.187.70,,,37473,443,0,37,17
1584503325.346737,173.194.187.70,10.10.0.10,,,443,37473,0,1358,17
1584503325.3838534,173.194.187.70,10.10.0.10,,,443,37473,0,1358,17
1584503325.386423,10.10.0.10,173.194.187.70,,,37473,443,0,37,17
1584503325.420973,173.194.187.70,10.10.0.10,,,443,37473,0,1358,17
1584503325.4580908,173.194.187.70,10.10.0.10,,,443,37473,0,1358,17
1584503325.460778,10.10.0.10,173.194.187.70,,,37473,443,0,37,17
1584503325.495213,173.194.187.70,10.10.0.10,,,443,37473,0,1358,17
1584503325.5239005,10.10.0.10,173.194.187.70,,,37473,443,0,37,17
1584503325.5323322,173.194.187.70,10.10.0.10,,,443,37473,0,1358,17
1584503325.569452,173.194.187.70,10.10.0.10,,,443,37473,0,1358,17
1584503325.5712738,10.10.0.10,173.194.187.70,,,37473,443,0,37,17
1584503325.606575,173.194.187.70,10.10.0.10,,,443,37473,0,1358,17
1584503325.643696,173.194.187.70,10.10.0.10,,,443,37473,0,1358,17
1584503325.645665,10.10.0.10,173.194.187.70,,,37473,443,0,37,17
1584503325.680824,173.194.187.70,10.10.0.10,,,443,37473,0,1358,17
1584503325.717943,173.194.187.70,10.10.0.10,,,443,37473,0,1358,17
1584503325.720143,10.10.0.10,173.194.187.70,,,37473,443,0,37,17
1584503325.755066,173.194.187.70,10.10.0.10,,,443,37473,0,1358,17
1584503325.792187,173.194.187.70,10.10.0.10,,,443,37473,0,1358,17
1584503325.7939134,10.10.0.10,173.194.187.70,,,37473,443,0,37,17
1584503325.8293116,173.194.187.70,10.10.0.10,,,443,37473,0,1358,17
1584503325.8664348,173.194.187.70,10.10.0.10,,,443,37473,0,1358,17
1584503325.8684099,10.10.0.10,173.194.187.70,,,37473,443,0,37,17
1584503325.9035325,173.194.187.70,10.10.0.10,,,443,37473,0,1358,17
1584503325.940655,173.194.187.70,10.10.0.10,,,443,37473,0,1358,17
1584503325.943265,10.10.0.10,173.194.187.70,,,37473,443,0,37,17
1584503325.977776,173.194.187.70,10.10.0.10,,,443,37473,0,1358,17
1584503326.0148995,173.194.187.70,10.10.0.10,,,443,37473,0,1358,17
1584503326.016782,10.10.0.10,173.194.187.70,,,37473,443,0,37,17
1584503326.0520108,173.194.187.70,10.10.0.10,,,443,37473,0,1358,17
1584503326.0891304,173.194.187.70,10.10.0.10,,,443,37473,0,1358,17
1584503326.0909688,10.10.0.10,173.194.187.70,,,37473,443,0,37,17
1584503326.1262536,173.194.187.70,10.10.0.10,,,443,37473,0,1358,17
1584503326.163376,173.194.187.70,10.10.0.10,,,443,37473,0,1358,17
1584503326.165017,10.10.0.10,173.194.187.70,,,37473,443,0,37,17
1584503326.20049,173.194.187.70,10.10.0.10,,,443,37473,0,1358,17
1584503326.237608,173.194.187.70,10.10.0.10,,,443,37473,0,1358,17
1584503326.239272,10.10.0.10,173.194.187.70,,,37473,443,0,37,17
1584503326.2747376,173.194.187.70,10.10.0.10,,,443,37473,0,1358,17
1584503326.3118598,173.194.187.70,10.10.0.10,,,443,37473,0,1358,17
1584503326.314377,10.10.0.10,173.194.187.70,,,37473,443,0,37,17
1584503326.348984,173.194.187.70,10.10.0.10,,,443,37473,0,1358,17
1584503326.3861082,173.194.187.70,10.10.0.10,,,443,37473,0,1358,17
1584503326.38777,10.10.0.10,173.194.187.70,,,37473,443,0,37,17
1584503326.423213,173.194.187.70,10.10.0.10,,,443,37473,0,1358,17
1584503326.460333,173.194.187.70,10.10.0.10,,,443,37473,0,1358,17
1584503326.4620008,10.10.0.10,173.194.187.70,,,37473,443,0,37,17
1584503326.4974532,173.194.187.70,10.10.0.10,,,443,37473,0,1358,17
1584503326.5345721,173.194.187.70,10.10.0.10,,,443,37473,0,1358,17
1584503326.536765,10.10.0.10,173.194.187.70,,,37473,443,0,37,17
1584503326.5716932,173.194.187.70,10.10.0.10,,,443,37473,0,1358,17
1584503326.6088119,173.194.187.70,10.10.0.10,,,443,37473,0,1358,17
1584503326.61087,10.10.0.10,173.194.187.70,,,37473,443,0,50,17
1584503326.6459322,173.194.187.70,10.10.0.10,,,443,37473,0,1358,17
1584503326.6830509,173.194.187.70,10.10.0.10,,,443,37473,0,1358,17
1584503326.6847398,10.10.0.10,173.194.187.70,,,37473,443,0,37,17
1584503326.7201734,173.194.187.70,10.10.0.10,,,443,37473,0,1358,17
1584503326.7572908,173.194.187.70,10.10.0.10,,,443,37473,0,1358,17
1584503326.76073,10.10.0.10,173.194.187.70,,,37473,443,0,37,17
1584503326.794415,173.194.187.70,10.10.0.10,,,443,37473,0,1358,17
1584503326.832649,173.194.187.70,10.10.0.10,,,443,37473,0,1358,17
1584503326.83588,10.10.0.10,173.194.187.70,,,37473,443,0,37,17
1584503326.8697839,173.194.187.70,10.10.0.10,,,443,37473,0,1358,17
1584503326.9069102,173.194.187.70,10.10.0.10,,,443,37473,0,1358,17
1584503326.908602,10.10.0.10,173.194.187.70,,,37473,443,0,37,17
1584503326.94401,173.194.187.70,10.10.0.10,,,443,37473,0,1358,17
1584503326.9800036,10.10.0.10,173.194.187.70,,,37473,443,0,37,17
1584503326.981152,173.194.187.70,10.10.0.10,,,443,37473,0,1358,17
1584503327.018252,173.194.187.70,10.10.0.10,,,443,37473,0,1358,17
1584503327.0353198,10.10.0.10,173.194.187.70,,,37473,443,0,37,17
1584503327.0553732,173.194.187.70,10.10.0.10,,,443,37473,0,1358,17
1584503327.092493,173.194.187.70,10.10.0.10,,,443,37473,0,1358,17
1584503327.094198,10.10.0.10,173.194.187.70,,,37473,443,0,37,17
1584503327.1296134,173.194.187.70,10.10.0.10,,,443,37473,0,1358,17
1584503327.1667366,173.194.187.70,10.10.0.10,,,443,37473,0,1358,17
1584503327.168348,10.10.0.10,173.194.187.70,,,37473,443,0,37,17
1584503327.20385,173.194.187.70,10.10.0.10,,,443,37473,0,1358,17
1584503327.238755,10.10.0.10,173.194.187.70,,,37473,443,0,37,17
1584503327.240972,173.194.187.70,10.10.0.10,,,443,37473,0,1358,17
1584503327.2780929,173.194.187.70,10.10.0.10,,,443,37473,0,1358,17
1584503327.279973,10.10.0.10,173.194.187.70,,,37473,443,0,37,17
1584503327.3152142,173.194.187.70,10.10.0.10,,,443,37473,0,1358,17
1584503327.352335,173.194.187.70,10.10.0.10,,,443,37473,0,1358,17
1584503327.353965,10.10.0.10,173.194.187.70,,,37473,443,0,37,17
1584503327.389455,173.194.187.70,10.10.0.10,,,443,37473,0,1358,17
1584503327.426576,173.194.187.70,10.10.0.10,,,443,37473,0,1358,17
1584503327.4280932,10.10.0.10,173.194.187.70,,,37473,443,0,37,17
1584503327.4637036,173.194.187.70,10.10.0.10,,,443,37473,0,1358,17
1584503327.500826,173.194.187.70,10.10.0.10,,,443,37473,0,1358,17
1584503327.502712,10.10.0.10,173.194.187.70,,,37473,443,0,37,17
1584503327.537933,173.194.187.70,10.10.0.10,,,443,37473,0,1358,17
1584503327.5845199,173.194.187.70,10.10.0.10,,,443,37473,0,1358,17
1584503327.586866,10.10.0.10,173.194.187.70,,,37473,443,0,37,17
1584503327.6234,173.194.187.70,10.10.0.10,,,443,37473,0,1358,17
1584503327.6605196,173.194.187.70,10.10.0.10,,,443,37473,0,1358,17
1584503327.6621091,10.10.0.10,173.194.187.70,,,37473,443,0,37,17
1584503327.697639,173.194.187.70,10.10.0.10,,,443,37473,0,1358,17
1584503327.734759,173.194.187.70,10.10.0.10,,,443,37473,0,1358,17
1584503327.736557,10.10.0.10,173.194.187.70,,,37473,443,0,37,17
1584503327.7736402,173.194.187.70,10.10.0.10,,,443,37473,0,1358,17
1584503327.810762,173.194.187.70,10.10.0.10,,,443,37473,0,1358,17
1584503327.8125849,10.10.0.10,173.194.187.70,,,37473,443,0,37,17
1584503327.8478758,173.194.187.70,10.10.0.10,,,443,37473,0,1358,17
1584503327.884995,173.194.187.70,10.10.0.10,,,443,37473,0,1358,17
1584503327.886826,10.10.0.10,173.194.187.70,,,37473,443,0,37,17
1584503327.9221196,173.194.187.70,10.10.0.10,,,443,37473,0,1358,17
1584503327.963687,173.194.187.70,10.10.0.10,,,443,37473,0,1358,17
1584503327.9654481,10.10.0.10,173.194.187.70,,,37473,443,0,37,17
1584503328.000809,173.194.187.70,10.10.0.10,,,443,37473,0,1358,17
1584503328.037934,173.194.187.70,10.10.0.10,,,443,37473,0,1358,17
1584503328.039922,10.10.0.10,173.194.187.70,,,37473,443,0,50,17
1584503328.0750508,173.194.187.70,10.10.0.10,,,443,37473,0,1358,17
1584503328.11217,173.194.187.70,10.10.0.10,,,443,37473,0,1358,17
1584503328.1137009,10.10.0.10,173.194.187.70,,,37473,443,0,37,17
1584503328.1493056,173.194.187.70,10.10.0.10,,,443,37473,0,1358,17
1584503328.1864278,173.194.187.70,10.10.0.10,,,443,37473,0,1358,17
1584503328.188065,10.10.0.10,173.194.187.70,,,37473,443,0,37,17
1584503328.227996,173.194.187.70,10.10.0.10,,,443,37473,0,29,17
1584503328.2296786,173.194.187.70,10.10.0.10,,,443,37473,0,1358,17
1584503328.2581882,10.10.0.10,173.194.187.70,,,37473,443,0,37,17
1584503328.2668052,173.194.187.70,10.10.0.10,,,443,37473,0,1358,17
1584503328.303906,173.194.187.70,10.10.0.10,,,443,37473,0,1358,17
1584503328.30682,10.10.0.10,173.194.187.70,,,37473,443,0,37,17
1584503328.3410249,173.194.187.70,10.10.0.10,,,443,37473,0,1358,17
1584503328.3781462,173.194.187.70,10.10.0.10,,,443,37473,0,1358,17
1584503328.379953,10.10.0.10,173.194.187.70,,,37473,443,0,37,17
1584503328.415266,173.194.187.70,10.10.0.10,,,443,37473,0,1358,17
1584503328.4523866,173.194.187.70,10.10.0.10,,,443,37473,0,1358,17
1584503328.453825,10.10.0.10,173.194.187.70,,,37473,443,0,37,17
1584503328.489507,173.194.187.70,10.10.0.10,,,443,37473,0,1358,17
1584503328.5266259,173.194.187.70,10.10.0.10,,,443,37473,0,1358,17
1584503328.531438,10.10.0.10,173.194.187.70,,,37473,443,0,37,17
1584503328.563745,173.194.187.70,10.10.0.10,,,443,37473,0,1358,17
1584503328.5993118,10.10.0.10,173.194.187.70,,,37473,443,0,37,17
1584503328.600863,173.194.187.70,10.10.0.10,,,443,37473,0,1358,17
1584503328.637988,173.194.187.70,10.10.0.10,,,443,37473,0,1358,17
1584503328.640934,10.10.0.10,173.194.187.70,,,37473,443,0,37,17
1584503328.6751044,173.194.187.70,10.10.0.10,,,443,37473,0,1358,17
1584503328.712235,173.194.187.70,10.10.0.10,,,443,37473,0,1358,17
1584503328.714076,10.10.0.10,173.194.187.70,,,37473,443,0,37,17
1584503328.7493565,173.194.187.70,10.10.0.10,,,443,37473,0,1358,17
1584503328.786478,173.194.187.70,10.10.0.10,,,443,37473,0,1358,17
1584503328.7882,10.10.0.10,173.194.187.70,,,37473,443,0,37,17
1584503328.823602,173.194.187.70,10.10.0.10,,,443,37473,0,1358,17
1584503328.8607225,173.194.187.70,10.10.0.10,,,443,37473,0,1358,17
1584503328.862796,10.10.0.10,173.194.187.70,,,37473,443,0,37,17
1584503328.897825,173.194.187.70,10.10.0.10,,,443,37473,0,1358,17
1584503328.9349446,173.194.187.70,10.10.0.10,,,443,37473,0,1358,17
1584503328.9374132,10.10.0.10,173.194.187.70,,,37473,443,0,37,17
1584503328.9720619,173.194.187.70,10.10.0.10,,,443,37473,0,1358,17
1584503329.009186,173.194.187.70,10.10.0.10,,,443,37473,0,1358,17
1584503329.0128038,10.10.0.10,173.194.187.70,,,37473,443,0,37,17
1584503329.0463116,173.194.187.70,10.10.0.10,,,443,37473,0,1358,17
1584503329.083428,173.194.187.70,10.10.0.10,,,443,37473,0,1358,17
1584503329.085797,10.10.0.10,173.194.187.70,,,37473,443,0,37,17
1584503329.120544,173.194.187.70,10.10.0.10,,,443,37473,0,1358,17
1584503329.157666,173.194.187.70,10.10.0.10,,,443,37473,0,1358,17
1584503329.159192,10.10.0.10,173.194.187.70,,,37473,443,0,37,17
1584503329.1947875,173.194.187.70,10.10.0.10,,,443,37473,0,1358,17
1584503329.231905,173.194.187.70,10.10.0.10,,,443,37473,0,1358,17
1584503329.2335546,10.10.0.10,173.194.187.70,,,37473,443,0,37,17
1584503329.2690258,173.194.187.70,10.10.0.10,,,443,37473,0,1358,17
1584503329.3061502,173.194.187.70,10.10.0.10,,,443,37473,0,1358,17
1584503329.307792,10.10.0.10,173.194.187.70,,,37473,443,0,37,17
1584503329.343271,173.194.187.70,10.10.0.10,,,443,37473,0,1358,17
1584503329.3803961,173.194.187.70,10.10.0.10,,,443,37473,0,1358,17
1584503329.383682,10.10.0.10,173.194.187.70,,,37473,443,0,37,17
1584503329.417505,173.194.187.70,10.10.0.10,,,443,37473,0,1358,17
1584503329.454625,173.194.187.70,10.10.0.10,,,443,37473,0,1358,17
1584503329.456683,10.10.0.10,173.194.187.70,,,37473,443,0,50,17
1584503329.4917462,173.194.187.70,10.10.0.10,,,443,37473,0,1358,17
1584503329.5288668,173.194.187.70,10.10.0.10,,,443,37473,0,1358,17
1584503329.53043,10.10.0.10,173.194.187.70,,,37473,443,0,37,17
1584503329.565986,173.194.187.70,10.10.0.10,,,443,37473,0,1358,17
1584503329.6031039,173.194.187.70,10.10.0.10,,,443,37473,0,1358,17
1584503329.605032,10.10.0.10,173.194.187.70,,,37473,443,0,37,17
1584503329.6402204,173.194.187.70,10.10.0.10,,,443,37473,0,29,17
1584503329.6419039,173.194.187.70,10.10.0.10,,,443,37473,0,1358,17
1584503329.6790268,173.194.187.70,10.10.0.10,,,443,37473,0,1358,17
1584503329.680929,10.10.0.10,173.194.187.70,,,37473,443,0,37,17
1584503329.716146,173.194.187.70,10.10.0.10,,,443,37473,0,1358,17
1584503329.7532651,173.194.187.70,10.10.0.10,,,443,37473,0,1358,17
1584503329.7556536,10.10.0.10,173.194.187.70,,,37473,443,0,37,17
1584503329.790385,173.194.187.70,10.10.0.10,,,443,37473,0,1358,17
1584503329.8302588,173.194.187.70,10.10.0.10,,,443,37473,0,1358,17
1584503329.831786,10.10.0.10,173.194.187.70,,,37473,443,0,37,17
1584503329.867381,173.194.187.70,10.10.0.10,,,443,37473,0,1358,17
1584503329.904489,173.194.187.70,10.10.0.10,,,443,37473,0,1358,17
1584503329.9067712,10.10.0.10,173.194.187.70,,,37473,443,0,37,17
1584503329.9416108,173.194.187.70,10.10.0.10,,,443,37473,0,1358,17
1584503329.978734,173.194.187.70,10.10.0.10,,,443,37473,0,1358,17
1584503329.981504,10.10.0.10,173.194.187.70,,,37473,443,0,37,17
1584503330.0158525,173.194.187.70,10.10.0.10,,,443,37473,0,1358,17
1584503330.0529768,173.194.187.70,10.10.0.10,,,443,37473,0,1358,17
1584503330.055395,10.10.0.10,173.194.187.70,,,37473,443,0,37,17
1584503330.0900931,173.194.187.70,10.10.0.10,,,443,37473,0,1358,17
1584503330.1272151,173.194.187.70,10.10.0.10,,,443,37473,0,1358,17
1584503330.130038,10.10.0.10,173.194.187.70,,,37473,443,0,37,17
1584503330.16433,173.194.187.70,10.10.0.10,,,443,37473,0,1358,17
1584503330.1998909,10.10.0.10,173.194.187.70,,,37473,443,0,37,17
1584503330.2014508,173.194.187.70,10.10.0.10,,,443,37473,0,1358,17
1584503330.2301388,10.10.0.10,173.194.187.70,,,37473,443,0,37,17
1584503330.238573,173.194.187.70,10.10.0.10,,,443,37473,0,1358,17
1584503330.275697,173.194.187.70,10.10.0.10,,,443,37473,0,1358,17
1584503330.2775116,10.10.0.10,173.194.187.70,,,37473,443,0,37,17
1584503330.312813,173.194.187.70,10.10.0.10,,,443,37473,0,1358,17
1584503330.3499331,173.194.187.70,10.10.0.10,,,443,37473,0,1358,17
1584503330.3515232,10.10.0.10,173.194.187.70,,,37473,443,0,37,17
1584503330.387056,173.194.187.70,10.10.0.10,,,443,37473,0,1358,17
1584503330.4241672,173.194.187.70,10.10.0.10,,,443,37473,0,1358,17
1584503330.4259028,10.10.0.10,173.194.187.70,,,37473,443,0,37,17
1584503330.461304,173.194.187.70,10.10.0.10,,,443,37473,0,1358,17
1584503330.4984279,173.194.187.70,10.10.0.10,,,443,37473,0,1358,17
1584503330.500027,10.10.0.10,173.194.187.70,,,37473,443,0,37,17
1584503330.537398,173.194.187.70,10.10.0.10,,,443,37473,0,1358,17
1584503330.564523,10.10.0.10,173.194.187.70,,,37473,443,0,37,17
1584503330.5745199,173.194.187.70,10.10.0.10,,,443,37473,0,1358,17
1584503330.608026,10.10.0.10,173.194.187.70,,,37473,443,0,37,17
1584503330.611638,173.194.187.70,10.10.0.10,,,443,37473,0,1358,17
1584503330.648762,173.194.187.70,10.10.0.10,,,443,37473,0,1358,17
1584503330.6504922,10.10.0.10,173.194.187.70,,,37473,443,0,37,17
1584503330.685878,173.194.187.70,10.10.0.10,,,443,37473,0,1358,17
1584503330.7229981,173.194.187.70,10.10.0.10,,,443,37473,0,1358,17
1584503330.7260199,10.10.0.10,173.194.187.70,,,37473,443,0,37,17
1584503330.760119,173.194.187.70,10.10.0.10,,,443,37473,0,1358,17
1584503330.797241,173.194.187.70,10.10.0.10,,,443,37473,0,1358,17
1584503330.799246,10.10.0.10,173.194.187.70,,,37473,443,0,50,17
1584503330.83436,173.194.187.70,10.10.0.10,,,443,37473,0,1358,17
1584503330.8714778,173.194.187.70,10.10.0.10,,,443,37473,0,1358,17
1584503330.8736384,10.10.0.10,173.194.187.70,,,37473,443,0,37,17
1584503330.9086,173.194.187.70,10.10.0.10,,,443,37473,0,1358,17
1584503330.9457269,173.194.187.70,10.10.0.10,,,443,37473,0,1358,17
1584503330.9473708,10.10.0.10,173.194.187.70,,,37473,443,0,37,17
1584503330.982848,173.194.187.70,10.10.0.10,,,443,37473,0,1358,17
1584503331.0199714,173.194.187.70,10.10.0.10,,,443,37473,0,29,17
1584503331.021639,173.194.187.70,10.10.0.10,,,443,37473,0,1358,17
1584503331.022989,10.10.0.10,173.194.187.70,,,37473,443,0,37,17
1584503331.058758,173.194.187.70,10.10.0.10,,,443,37473,0,1358,17
1584503331.0610988,10.10.0.10,173.194.187.70,,,37473,443,0,37,17
1584503331.0958755,173.194.187.70,10.10.0.10,,,443,37473,0,1358,17
1584503331.1330009,173.194.187.70,10.10.0.10,,,443,37473,0,1358,17
1584503331.1348634,10.10.0.10,173.194.187.70,,,37473,443,0,37,17
1584503331.1701171,173.194.187.70,10.10.0.10,,,443,37473,0,1358,17
1584503331.207241,173.194.187.70,10.10.0.10,,,443,37473,0,1358,17
1584503331.209759,10.10.0.10,173.194.187.70,,,37473,443,0,37,17
1584503331.2443562,173.194.187.70,10.10.0.10,,,443,37473,0,1358,17
1584503331.2814796,173.194.187.70,10.10.0.10,,,443,37473,0,1358,17
1584503331.283233,10.10.0.10,173.194.187.70,,,37473,443,0,37,17
1584503331.318599,173.194.187.70,10.10.0.10,,,443,37473,0,1358,17
1584503331.3557189,173.194.187.70,10.10.0.10,,,443,37473,0,1358,17
1584503331.357624,10.10.0.10,173.194.187.70,,,37473,443,0,37,17
1584503331.392838,173.194.187.70,10.10.0.10,,,443,37473,0,1358,17
1584503331.429961,173.194.187.70,10.10.0.10,,,443,37473,0,1358,17
1584503331.4333448,10.10.0.10,173.194.187.70,,,37473,443,0,37,17
1584503331.4670842,173.194.187.70,10.10.0.10,,,443,37473,0,610,17
1584503331.4798758,10.10.0.10,173.194.187.70,,,37473,443,0,736,17
1584503331.4812472,10.10.0.10,173.194.187.70,,,37473,443,0,48,17
1584503331.485481,173.194.187.70,10.10.0.10,,,443,37473,0,29,17
1584503331.4861262,10.10.0.10,173.194.187.70,,,37473,443,0,748,17
1584503331.4867382,173.194.187.70,10.10.0.10,,,443,37473,0,1358,17
1584503331.487102,10.10.0.10,173.194.187.70,,,37473,443,0,48,17
1584503331.523054,173.194.187.70,10.10.0.10,,,443,37473,0,1358,17
1584503331.5247252,10.10.0.10,173.194.187.70,,,37473,443,0,37,17
1584503331.560172,173.194.187.70,10.10.0.10,,,443,37473,0,1358,17
1584503331.592494,10.10.0.10,173.194.187.70,,,37473,443,0,37,17
1584503331.5972922,173.194.187.70,10.10.0.10,,,443,37473,0,1358,17
1584503331.634413,173.194.187.70,10.10.0.10,,,443,37473,0,1358,17
1584503331.6374748,10.10.0.10,173.194.187.70,,,37473,443,0,37,17
1584503331.6715322,173.194.187.70,10.10.0.10,,,443,37473,0,1358,17
1584503331.7086544,173.194.187.70,10.10.0.10,,,443,37473,0,29,17
1584503331.710098,10.10.0.10,173.194.187.70,,,37473,443,0,37,17
1584503331.7103288,173.194.187.70,10.10.0.10,,,443,37473,0,1358,17
1584503331.7474525,173.194.187.70,10.10.0.10,,,443,37473,0,1358,17
1584503331.749488,10.10.0.10,173.194.187.70,,,37473,443,0,37,17
1584503331.784577,173.194.187.70,10.10.0.10,,,443,37473,0,1358,17
1584503331.813992,10.10.0.10,173.194.187.70,,,37473,443,0,37,17
1584503331.8217,173.194.187.70,10.10.0.10,,,443,37473,0,1358,17
1584503331.858825,173.194.187.70,10.10.0.10,,,443,37473,0,1358,17
1584503331.860342,10.10.0.10,173.194.187.70,,,37473,443,0,37,17
1584503331.8959491,173.194.187.70,10.10.0.10,,,443,37473,0,1358,17
1584503331.9330509,173.194.187.70,10.10.0.10,,,443,37473,0,1358,17
1584503331.9345796,10.10.0.10,173.194.187.70,,,37473,443,0,37,17
1584503331.9701734,173.194.187.70,10.10.0.10,,,443,37473,0,1358,17
1584503332.0072956,173.194.187.70,10.10.0.10,,,443,37473,0,1358,17
1584503332.01111,10.10.0.10,173.194.187.70,,,37473,443,0,37,17
1584503332.044412,173.194.187.70,10.10.0.10,,,443,37473,0,1358,17
1584503332.0815349,173.194.187.70,10.10.0.10,,,443,37473,0,1358,17
1584503332.0840864,10.10.0.10,173.194.187.70,,,37473,443,0,37,17
1584503332.118654,173.194.187.70,10.10.0.10,,,443,37473,0,1358,17
1584503332.1557708,173.194.187.70,10.10.0.10,,,443,37473,0,1358,17
1584503332.1588151,10.10.0.10,173.194.187.70,,,37473,443,0,37,17
1584503332.19289,173.194.187.70,10.10.0.10,,,443,37473,0,1358,17
1584503332.230017,173.194.187.70,10.10.0.10,,,443,37473,0,1358,17
1584503332.2320821,10.10.0.10,173.194.187.70,,,37473,443,0,37,17
1584503332.2671304,173.194.187.70,10.10.0.10,,,443,37473,0,1358,17
1584503332.3042526,173.194.187.70,10.10.0.10,,,443,37473,0,1358,17
1584503332.306456,10.10.0.10,173.194.187.70,,,37473,443,0,37,17
1584503332.341377,173.194.187.70,10.10.0.10,,,443,37473,0,1358,17
1584503332.378493,173.194.187.70,10.10.0.10,,,443,37473,0,1358,17
1584503332.380162,10.10.0.10,173.194.187.70,,,37473,443,0,37,17
1584503332.415622,173.194.187.70,10.10.0.10,,,443,37473,0,1358,17
1584503332.4527311,173.194.187.70,10.10.0.10,,,443,37473,0,1358,17
1584503332.457575,10.10.0.10,173.194.187.70,,,37473,443,0,37,17
1584503332.489872,173.194.187.70,10.10.0.10,,,443,37473,0,1358,17
1584503332.5269911,173.194.187.70,10.10.0.10,,,443,37473,0,1358,17
1584503332.528825,10.10.0.10,173.194.187.70,,,37473,443,0,37,17
1584503332.5641158,173.194.187.70,10.10.0.10,,,443,37473,0,1358,17
1584503332.6012132,173.194.187.70,10.10.0.10,,,443,37473,0,1358,17
1584503332.6030931,10.10.0.10,173.194.187.70,,,37473,443,0,37,17
1584503332.6383321,173.194.187.70,10.10.0.10,,,443,37473,0,1358,17
1584503332.675456,173.194.187.70,10.10.0.10,,,443,37473,0,1358,17
1584503332.6772108,10.10.0.10,173.194.187.70,,,37473,443,0,37,17
1584503332.712572,173.194.187.70,10.10.0.10,,,443,37473,0,1358,17
1584503332.7496939,173.194.187.70,10.10.0.10,,,443,37473,0,1358,17
1584503332.751339,10.10.0.10,173.194.187.70,,,37473,443,0,37,17
1584503332.7868106,173.194.187.70,10.10.0.10,,,443,37473,0,1358,17
1584503332.8239331,173.194.187.70,10.10.0.10,,,443,37473,0,1358,17
1584503332.8271961,10.10.0.10,173.194.187.70,,,37473,443,0,50,17
1584503332.8610525,173.194.187.70,10.10.0.10,,,443,37473,0,1358,17
1584503332.862559,10.10.0.10,173.194.187.70,,,37473,443,0,37,17
1584503332.8981721,173.194.187.70,10.10.0.10,,,443,37473,0,1358,17
1584503332.9352946,173.194.187.70,10.10.0.10,,,443,37473,0,1358,17
1584503332.936826,10.10.0.10,173.194.187.70,,,37473,443,0,37,17
1584503332.9724169,173.194.187.70,10.10.0.10,,,443,37473,0,1358,17
1584503333.0095308,173.194.187.70,10.10.0.10,,,443,37473,0,1358,17
1584503333.014457,10.10.0.10,173.194.187.70,,,37473,443,0,37,17
1584503333.0466518,173.194.187.70,10.10.0.10,,,443,37473,0,1358,17
1584503333.083774,173.194.187.70,10.10.0.10,,,443,37473,0,1358,17
1584503333.085425,10.10.0.10,173.194.187.70,,,37473,443,0,37,17
1584503333.1208944,173.194.187.70,10.10.0.10,,,443,37473,0,1358,17
1584503333.158013,173.194.187.70,10.10.0.10,,,443,37473,0,1358,17
1584503333.1595552,10.10.0.10,173.194.187.70,,,37473,443,0,37,17
1584503333.1951332,173.194.187.70,10.10.0.10,,,443,37473,0,1358,17
1584503333.232251,173.194.187.70,10.10.0.10,,,443,37473,0,1358,17
1584503333.234195,10.10.0.10,173.194.187.70,,,37473,443,0,37,17
1584503333.269378,173.194.187.70,10.10.0.10,,,443,37473,0,1358,17
1584503333.306491,173.194.187.70,10.10.0.10,,,443,37473,0,1358,17
1584503333.308193,10.10.0.10,173.194.187.70,,,37473,443,0,37,17
1584503333.3436108,173.194.187.70,10.10.0.10,,,443,37473,0,1358,17
1584503333.372665,10.10.0.10,173.194.187.70,,,37473,443,0,37,17
1584503333.3807304,173.194.187.70,10.10.0.10,,,443,37473,0,1358,17
1584503333.417857,173.194.187.70,10.10.0.10,,,443,37473,0,1358,17
1584503333.433944,10.10.0.10,173.194.187.70,,,37473,443,0,37,17
1584503333.4549725,173.194.187.70,10.10.0.10,,,443,37473,0,1358,17
1584503333.492095,173.194.187.70,10.10.0.10,,,443,37473,0,1358,17
1584503333.4942946,10.10.0.10,173.194.187.70,,,37473,443,0,37,17
1584503333.529216,173.194.187.70,10.10.0.10,,,443,37473,0,1358,17
1584503333.5663412,173.194.187.70,10.10.0.10,,,443,37473,0,1358,17
1584503333.568812,10.10.0.10,173.194.187.70,,,37473,443,0,37,17
1584503333.6034632,173.194.187.70,10.10.0.10,,,443,37473,0,1358,17
1584503333.640586,173.194.187.70,10.10.0.10,,,443,37473,0,1358,17
1584503333.6425376,10.10.0.10,173.194.187.70,,,37473,443,0,37,17
1584503333.677709,173.194.187.70,10.10.0.10,,,443,37473,0,1358,17
1584503333.714832,173.194.187.70,10.10.0.10,,,443,37473,0,1358,17
1584503333.71656,10.10.0.10,173.194.187.70,,,37473,443,0,37,17
1584503333.7519321,173.194.187.70,10.10.0.10,,,443,37473,0,1358,17
1584503333.7890508,173.194.187.70,10.10.0.10,,,443,37473,0,1358,17
1584503333.7919116,10.10.0.10,173.194.187.70,,,37473,443,0,37,17
1584503333.826172,173.194.187.70,10.10.0.10,,,443,37473,0,1358,17
1584503333.8632932,173.194.187.70,10.10.0.10,,,443,37473,0,1358,17
1584503333.8650372,10.10.0.10,173.194.187.70,,,37473,443,0,37,17
1584503333.900411,173.194.187.70,10.10.0.10,,,443,37473,0,1358,17
1584503333.937535,173.194.187.70,10.10.0.10,,,443,37473,0,1358,17
1584503333.945178,10.10.0.10,173.194.187.70,,,37473,443,0,37,17
1584503333.974649,173.194.187.70,10.10.0.10,,,443,37473,0,1358,17
1584503334.011773,173.194.187.70,10.10.0.10,,,443,37473,0,1358,17
1584503334.013782,10.10.0.10,173.194.187.70,,,37473,443,0,37,17
1584503334.0488946,173.194.187.70,10.10.0.10,,,443,37473,0,1358,17
1584503334.0860188,173.194.187.70,10.10.0.10,,,443,37473,0,1358,17
1584503334.087628,10.10.0.10,173.194.187.70,,,37473,443,0,37,17
1584503334.1231332,173.194.187.70,10.10.0.10,,,443,37473,0,1358,17
1584503334.160248,173.194.187.70,10.10.0.10,,,443,37473,0,1358,17
1584503334.1619,10.10.0.10,173.194.187.70,,,37473,443,0,37,17
1584503334.1973796,173.194.187.70,10.10.0.10,,,443,37473,0,1358,17
1584503334.2345061,173.194.187.70,10.10.0.10,,,443,37473,0,1358,17
1584503334.236651,10.10.0.10,173.194.187.70,,,37473,443,0,50,17
1584503334.271614,173.194.187.70,10.10.0.10,,,443,37473,0,1358,17
1584503334.3087325,173.194.187.70,10.10.0.10,,,443,37473,0,1358,17
1584503334.310519,10.10.0.10,173.194.187.70,,,37473,443,0,37,17
1584503334.345855,173.194.187.70,10.10.0.10,,,443,37473,0,1358,17
1584503334.382974,173.194.187.70,10.10.0.10,,,443,37473,0,1358,17
1584503334.3852675,10.10.0.10,173.194.187.70,,,37473,443,0,37,17
1584503334.4200866,173.194.187.70,10.10.0.10,,,443,37473,0,29,17
1584503334.4217708,173.194.187.70,10.10.0.10,,,443,37473,0,1358,17
1584503334.458893,173.194.187.70,10.10.0.10,,,443,37473,0,1358,17
1584503334.460535,10.10.0.10,173.194.187.70,,,37473,443,0,37,17
1584503334.4960098,173.194.187.70,10.10.0.10,,,443,37473,0,1358,17
1584503334.533133,173.194.187.70,10.10.0.10,,,443,37473,0,1358,17
1584503334.5352619,10.10.0.10,173.194.187.70,,,37473,443,0,37,17
1584503334.570251,173.194.187.70,10.10.0.10,,,443,37473,0,1358,17
1584503334.605754,10.10.0.10,173.194.187.70,,,37473,443,0,37,17
1584503334.607372,173.194.187.70,10.10.0.10,,,443,37473,0,1358,17
1584503334.6444929,173.194.187.70,10.10.0.10,,,443,37473,0,1358,17
1584503334.648006,10.10.0.10,173.194.187.70,,,37473,443,0,37,17
1584503334.681618,173.194.187.70,10.10.0.10,,,443,37473,0,1358,17
1584503334.7187395,173.194.187.70,10.10.0.10,,,443,37473,0,1358,17
1584503334.7211332,10.10.0.10,173.194.187.70,,,37473,443,0,37,17
1584503334.7558632,173.194.187.70,10.10.0.10,,,443,37473,0,1358,17
1584503334.7929866,173.194.187.70,10.10.0.10,,,443,37473,0,1358,17
1584503334.794774,10.10.0.10,173.194.187.70,,,37473,443,0,37,17
1584503334.8300922,173.194.187.70,10.10.0.10,,,443,37473,0,1358,17
1584503334.8672106,173.194.187.70,10.10.0.10,,,443,37473,0,1358,17
1584503334.86912,10.10.0.10,173.194.187.70,,,37473,443,0,37,17
1584503334.9043322,173.194.187.70,10.10.0.10,,,443,37473,0,1358,17
1584503334.941456,173.194.187.70,10.10.0.10,,,443,37473,0,1358,17
1584503334.9432461,10.10.0.10,173.194.187.70,,,37473,443,0,37,17
1584503334.978574,173.194.187.70,10.10.0.10,,,443,37473,0,1358,17
1584503335.0156882,173.194.187.70,10.10.0.10,,,443,37473,0,1358,17
1584503335.0206294,10.10.0.10,173.194.187.70,,,37473,443,0,37,17
1584503335.052809,173.194.187.70,10.10.0.10,,,443,37473,0,1358,17
1584503335.089928,173.194.187.70,10.10.0.10,,,443,37473,0,1358,17
1584503335.09323,10.10.0.10,173.194.187.70,,,37473,443,0,37,17
1584503335.127053,173.194.187.70,10.10.0.10,,,443,37473,0,1358,17
1584503335.1641731,173.194.187.70,10.10.0.10,,,443,37473,0,1358,17
1584503335.1657472,10.10.0.10,173.194.187.70,,,37473,443,0,37,17
1584503335.2012932,173.194.187.70,10.10.0.10,,,443,37473,0,1358,17
1584503335.238409,173.194.187.70,10.10.0.10,,,443,37473,0,1358,17
1584503335.240887,10.10.0.10,173.194.187.70,,,37473,443,0,37,17
1584503335.27554,173.194.187.70,10.10.0.10,,,443,37473,0,1358,17
1584503335.312665,173.194.187.70,10.10.0.10,,,443,37473,0,1358,17
1584503335.3144898,10.10.0.10,173.194.187.70,,,37473,443,0,37,17
1584503335.349787,173.194.187.70,10.10.0.10,,,443,37473,0,1358,17
1584503335.386908,173.194.187.70,10.10.0.10,,,443,37473,0,1358,17
1584503335.389737,10.10.0.10,173.194.187.70,,,37473,443,0,37,17
1584503335.424007,173.194.187.70,10.10.0.10,,,443,37473,0,1358,17
1584503335.461132,173.194.187.70,10.10.0.10,,,443,37473,0,1358,17
1584503335.4632561,10.10.0.10,173.194.187.70,,,37473,443,0,37,17
1584503335.498251,173.194.187.70,10.10.0.10,,,443,37473,0,1358,17
1584503335.5353732,173.194.187.70,10.10.0.10,,,443,37473,0,1358,17
1584503335.5372539,10.10.0.10,173.194.187.70,,,37473,443,0,37,17
1584503335.572491,173.194.187.70,10.10.0.10,,,443,37473,0,1358,17
1584503335.6096141,173.194.187.70,10.10.0.10,,,443,37473,0,1358,17
1584503335.6113482,10.10.0.10,173.194.187.70,,,37473,443,0,37,17
1584503335.646734,173.194.187.70,10.10.0.10,,,443,37473,0,1358,17
1584503335.6838539,173.194.187.70,10.10.0.10,,,443,37473,0,1358,17
1584503335.685481,10.10.0.10,173.194.187.70,,,37473,443,0,50,17
1584503335.720975,173.194.187.70,10.10.0.10,,,443,37473,0,1358,17
1584503335.7580938,173.194.187.70,10.10.0.10,,,443,37473,0,1358,17
1584503335.760851,10.10.0.10,173.194.187.70,,,37473,443,0,37,17
1584503335.7952151,173.194.187.70,10.10.0.10,,,443,37473,0,1358,17
1584503335.8281028,10.10.0.10,173.194.187.70,,,37473,443,0,37,17
1584503335.832338,173.194.187.70,10.10.0.10,,,443,37473,0,1358,17
1584503335.869457,173.194.187.70,10.10.0.10,,,443,37473,0,1358,17
1584503335.871474,10.10.0.10,173.194.187.70,,,37473,443,0,37,17
1584503335.906569,173.194.187.70,10.10.0.10,,,443,37473,0,1358,17
1584503335.9437046,173.194.187.70,10.10.0.10,,,443,37473,0,1358,17
1584503335.945599,10.10.0.10,173.194.187.70,,,37473,443,0,37,17
1584503335.9808302,173.194.187.70,10.10.0.10,,,443,37473,0,1358,17
1584503336.0179381,173.194.187.70,10.10.0.10,,,443,37473,0,1358,17
1584503336.019706,10.10.0.10,173.194.187.70,,,37473,443,0,37,17
1584503336.05505,173.194.187.70,10.10.0.10,,,443,37473,0,1358,17
1584503336.0921679,173.194.187.70,10.10.0.10,,,443,37473,0,1358,17
1584503336.093713,10.10.0.10,173.194.187.70,,,37473,443,0,37,17
1584503336.1292946,173.194.187.70,10.10.0.10,,,443,37473,0,1358,17
1584503336.1664119,173.194.187.70,10.10.0.10,,,443,37473,0,1358,17
1584503336.168591,10.10.0.10,173.194.187.70,,,37473,443,0,37,17
1584503336.2035306,173.194.187.70,10.10.0.10,,,443,37473,0,1358,17
1584503336.240653,173.194.187.70,10.10.0.10,,,443,37473,0,1358,17
1584503336.242841,10.10.0.10,173.194.187.70,,,37473,443,0,37,17
1584503336.2777731,173.194.187.70,10.10.0.10,,,443,37473,0,1358,17
1584503336.314892,173.194.187.70,10.10.0.10,,,443,37473,0,1358,17
1584503336.314955,10.10.0.10,173.194.187.70,,,37473,443,0,37,17
1584503336.352011,173.194.187.70,10.10.0.10,,,443,37473,0,1358,17
1584503336.35398,10.10.0.10,173.194.187.70,,,37473,443,0,37,17
1584503336.3891332,173.194.187.70,10.10.0.10,,,443,37473,0,1358,17
1584503336.426251,173.194.187.70,10.10.0.10,,,443,37473,0,1358,17
1584503336.42796,10.10.0.10,173.194.187.70,,,37473,443,0,37,17
1584503336.46338,173.194.187.70,10.10.0.10,,,443,37473,0,1358,17
1584503336.4995716,10.10.0.10,173.194.187.70,,,37473,443,0,37,17
1584503336.500504,173.194.187.70,10.10.0.10,,,443,37473,0,1358,17
1584503336.537626,173.194.187.70,10.10.0.10,,,443,37473,0,1358,17
1584503336.539552,10.10.0.10,173.194.187.70,,,37473,443,0,37,17
1584503336.5747492,173.194.187.70,10.10.0.10,,,443,37473,0,1358,17
1584503336.611874,173.194.187.70,10.10.0.10,,,443,37473,0,1358,17
1584503336.613971,10.10.0.10,173.194.187.70,,,37473,443,0,37,17
1584503336.64897,173.194.187.70,10.10.0.10,,,443,37473,0,1358,17
1584503336.686095,173.194.187.70,10.10.0.10,,,443,37473,0,1358,17
1584503336.688834,10.10.0.10,173.194.187.70,,,37473,443,0,37,17
1584503336.7232132,173.194.187.70,10.10.0.10,,,443,37473,0,1358,17
1584503336.760335,173.194.187.70,10.10.0.10,,,443,37473,0,1358,17
1584503336.762968,10.10.0.10,173.194.187.70,,,37473,443,0,37,17
1584503336.797458,173.194.187.70,10.10.0.10,,,443,37473,0,1358,17
1584503336.834573,173.194.187.70,10.10.0.10,,,443,37473,0,1358,17
1584503336.8364668,10.10.0.10,173.194.187.70,,,37473,443,0,37,17
1584503336.8716931,173.194.187.70,10.10.0.10,,,443,37473,0,1358,17
1584503336.9088109,173.194.187.70,10.10.0.10,,,443,37473,0,1358,17
1584503336.9107149,10.10.0.10,173.194.187.70,,,37473,443,0,37,17
1584503336.945935,173.194.187.70,10.10.0.10,,,443,37473,0,1358,17
1584503336.983055,173.194.187.70,10.10.0.10,,,443,37473,0,1358,17
1584503336.986466,10.10.0.10,173.194.187.70,,,37473,443,0,37,17
1584503337.02017,173.194.187.70,10.10.0.10,,,443,37473,0,1358,17
1584503337.0572948,173.194.187.70,10.10.0.10,,,443,37473,0,1358,17
1584503337.060068,10.10.0.10,173.194.187.70,,,37473,443,0,50,17
1584503337.094409,173.194.187.70,10.10.0.10,,,443,37473,0,1358,17
1584503337.131546,173.194.187.70,10.10.0.10,,,443,37473,0,1358,17
1584503337.1331801,10.10.0.10,173.194.187.70,,,37473,443,0,37,17
1584503337.1686692,173.194.187.70,10.10.0.10,,,443,37473,0,1358,17
1584503337.205773,173.194.187.70,10.10.0.10,,,443,37473,0,1358,17
1584503337.2074368,10.10.0.10,173.194.187.70,,,37473,443,0,37,17
1584503337.2428932,173.194.187.70,10.10.0.10,,,443,37473,0,1358,17
1584503337.280014,173.194.187.70,10.10.0.10,,,443,37473,0,1358,17
1584503337.282309,10.10.0.10,173.194.187.70,,,37473,443,0,37,17
1584503337.3171322,173.194.187.70,10.10.0.10,,,443,37473,0,1358,17
1584503337.3465798,10.10.0.10,173.194.187.70,,,37473,443,0,37,17
1584503337.3542528,173.194.187.70,10.10.0.10,,,443,37473,0,1358,17
1584503337.3913732,173.194.187.70,10.10.0.10,,,443,37473,0,29,17
1584503337.3927972,10.10.0.10,173.194.187.70,,,37473,443,0,37,17
1584503337.393048,173.194.187.70,10.10.0.10,,,443,37473,0,1358,17
1584503337.430174,173.194.187.70,10.10.0.10,,,443,37473,0,1358,17
1584503337.432329,10.10.0.10,173.194.187.70,,,37473,443,0,37,17
1584503337.467292,173.194.187.70,10.10.0.10,,,443,37473,0,1358,17
1584503337.504414,173.194.187.70,10.10.0.10,,,443,37473,0,1358,17
1584503337.5061982,10.10.0.10,173.194.187.70,,,37473,443,0,37,17
1584503337.5415332,173.194.187.70,10.10.0.10,,,443,37473,0,1358,17
1584503337.578658,173.194.187.70,10.10.0.10,,,443,37473,0,1358,17
1584503337.58255,10.10.0.10,173.194.187.70,,,37473,443,0,37,17
1584503337.615783,173.194.187.70,10.10.0.10,,,443,37473,0,1358,17
1584503337.6529038,173.194.187.70,10.10.0.10,,,443,37473,0,1358,17
1584503337.654923,10.10.0.10,173.194.187.70,,,37473,443,0,37,17
1584503337.6900284,173.194.187.70,10.10.0.10,,,443,37473,0,1358,17
1584503337.731592,173.194.187.70,10.10.0.10,,,443,37473,0,1358,17
1584503337.733315,10.10.0.10,173.194.187.70,,,37473,443,0,37,17
1584503337.768718,173.194.187.70,10.10.0.10,,,443,37473,0,1358,17
1584503337.805839,173.194.187.70,10.10.0.10,,,443,37473,0,1358,17
1584503337.80744,10.10.0.10,173.194.187.70,,,37473,443,0,37,17
1584503337.842943,173.194.187.70,10.10.0.10,,,443,37473,0,1358,17
1584503337.8800602,173.194.187.70,10.10.0.10,,,443,37473,0,1358,17
1584503337.882804,10.10.0.10,173.194.187.70,,,37473,443,0,37,17
1584503337.917183,173.194.187.70,10.10.0.10,,,443,37473,0,1358,17
1584503337.9543214,173.194.187.70,10.10.0.10,,,443,37473,0,1358,17
1584503337.9574368,10.10.0.10,173.194.187.70,,,37473,443,0,37,17
1584503337.9914231,173.194.187.70,10.10.0.10,,,443,37473,0,1358,17
1584503338.0285478,173.194.187.70,10.10.0.10,,,443,37473,0,1358,17
1584503338.0321562,10.10.0.10,173.194.187.70,,,37473,443,0,37,17
1584503338.0701149,173.194.187.70,10.10.0.10,,,443,37473,0,1358,17
1584503338.107238,173.194.187.70,10.10.0.10,,,443,37473,0,1358,17
1584503338.1096532,10.10.0.10,173.194.187.70,,,37473,443,0,37,17
1584503338.144365,173.194.187.70,10.10.0.10,,,443,37473,0,1358,17
1584503338.1814814,173.194.187.70,10.10.0.10,,,443,37473,0,1358,17
1584503338.183307,10.10.0.10,173.194.187.70,,,37473,443,0,37,17
1584503338.2186,173.194.187.70,10.10.0.10,,,443,37473,0,1194,17
1584503338.2385519,10.10.0.10,173.194.187.70,,,37473,443,0,736,17
1584503338.238898,10.10.0.10,173.194.187.70,,,37473,443,0,48,17
1584503338.2464108,10.10.0.10,173.194.187.70,,,37473,443,0,748,17
1584503338.246655,10.10.0.10,173.194.187.70,,,37473,443,0,48,17
1584503338.255798,173.194.187.70,10.10.0.10,,,443,37473,0,115,17
1584503338.259775,173.194.187.70,10.10.0.10,,,443,37473,0,1358,17
1584503338.2628028,10.10.0.10,173.194.187.70,,,37473,443,0,37,17
1584503338.2968931,173.194.187.70,10.10.0.10,,,443,37473,0,1358,17
1584503338.329298,10.10.0.10,173.194.187.70,,,37473,443,0,37,17
1584503338.3340125,173.194.187.70,10.10.0.10,,,443,37473,0,1358,17
1584503338.371136,173.194.187.70,10.10.0.10,,,443,37473,0,1358,17
1584503338.37265,10.10.0.10,173.194.187.70,,,37473,443,0,37,17
1584503338.408259,173.194.187.70,10.10.0.10,,,443,37473,0,1358,17
1584503338.445382,173.194.187.70,10.10.0.10,,,443,37473,0,1358,17
1584503338.4475238,10.10.0.10,173.194.187.70,,,37473,443,0,37,17
1584503338.482507,173.194.187.70,10.10.0.10,,,443,37473,0,1358,17
1584503338.5196302,173.194.187.70,10.10.0.10,,,443,37473,0,1358,17
1584503338.521527,10.10.0.10,173.194.187.70,,,37473,443,0,37,17
1584503338.5567331,173.194.187.70,10.10.0.10,,,443,37473,0,29,17
1584503338.558414,173.194.187.70,10.10.0.10,,,443,37473,0,1358,17
1584503338.5955322,173.194.187.70,10.10.0.10,,,443,37473,0,1358,17
1584503338.5973961,10.10.0.10,173.194.187.70,,,37473,443,0,37,17
1584503338.632652,173.194.187.70,10.10.0.10,,,443,37473,0,1358,17
1584503338.669773,173.194.187.70,10.10.0.10,,,443,37473,0,1358,17
1584503338.671392,10.10.0.10,173.194.187.70,,,37473,443,0,37,17
1584503338.7068925,173.194.187.70,10.10.0.10,,,443,37473,0,1358,17
1584503338.744015,173.194.187.70,10.10.0.10,,,443,37473,0,1358,17
1584503338.746016,10.10.0.10,173.194.187.70,,,37473,443,0,37,17
1584503338.7811348,173.194.187.70,10.10.0.10,,,443,37473,0,1358,17
1584503338.818253,173.194.187.70,10.10.0.10,,,443,37473,0,1358,17
1584503338.820389,10.10.0.10,173.194.187.70,,,37473,443,0,37,17
1584503338.8553722,173.194.187.70,10.10.0.10,,,443,37473,0,1358,17
1584503338.892496,173.194.187.70,10.10.0.10,,,443,37473,0,1358,17
1584503338.8941562,10.10.0.10,173.194.187.70,,,37473,443,0,37,17
1584503338.929609,173.194.187.70,10.10.0.10,,,443,37473,0,1358,17
1584503338.966743,173.194.187.70,10.10.0.10,,,443,37473,0,1358,17
1584503338.968785,10.10.0.10,173.194.187.70,,,37473,443,0,37,17
1584503339.003866,173.194.187.70,10.10.0.10,,,443,37473,0,1358,17
1584503339.040978,173.194.187.70,10.10.0.10,,,443,37473,0,1358,17
1584503339.043014,10.10.0.10,173.194.187.70,,,37473,443,0,37,17
1584503339.078095,173.194.187.70,10.10.0.10,,,443,37473,0,1358,17
1584503339.108736,10.10.0.10,173.194.187.70,,,37473,443,0,37,17
1584503339.1152098,173.194.187.70,10.10.0.10,,,443,37473,0,1358,17
1584503339.1523304,173.194.187.70,10.10.0.10,,,443,37473,0,1358,17
1584503339.153903,10.10.0.10,173.194.187.70,,,37473,443,0,37,17
1584503339.1894536,173.194.187.70,10.10.0.10,,,443,37473,0,1358,17
1584503339.2265725,173.194.187.70,10.10.0.10,,,443,37473,0,1358,17
1584503339.229022,10.10.0.10,173.194.187.70,,,37473,443,0,37,17
1584503339.263695,173.194.187.70,10.10.0.10,,,443,37473,0,1358,17
1584503339.3008122,173.194.187.70,10.10.0.10,,,443,37473,0,1358,17
1584503339.30652,10.10.0.10,173.194.187.70,,,37473,443,0,37,17
1584503339.337934,173.194.187.70,10.10.0.10,,,443,37473,0,1358,17
1584503339.3750498,173.194.187.70,10.10.0.10,,,443,37473,0,1358,17
1584503339.3825223,10.10.0.10,173.194.187.70,,,37473,443,0,37,17
1584503339.412174,173.194.187.70,10.10.0.10,,,443,37473,0,1358,17
1584503339.4492948,173.194.187.70,10.10.0.10,,,443,37473,0,1358,17
1584503339.451015,10.10.0.10,173.194.187.70,,,37473,443,0,37,17
1584503339.486421,173.194.187.70,10.10.0.10,,,443,37473,0,1358,17
1584503339.5235398,173.194.187.70,10.10.0.10,,,443,37473,0,1358,17
1584503339.5263894,10.10.0.10,173.194.187.70,,,37473,443,0,37,17
1584503339.5606658,173.194.187.70,10.10.0.10,,,443,37473,0,1358,17
1584503339.596242,10.10.0.10,173.194.187.70,,,37473,443,0,50,17
1584503339.597785,173.194.187.70,10.10.0.10,,,443,37473,0,1358,17
1584503339.634912,173.194.187.70,10.10.0.10,,,443,37473,0,1358,17
1584503339.6372619,10.10.0.10,173.194.187.70,,,37473,443,0,37,17
1584503339.672035,173.194.187.70,10.10.0.10,,,443,37473,0,1358,17
1584503339.7091296,173.194.187.70,10.10.0.10,,,443,37473,0,1358,17
1584503339.710884,10.10.0.10,173.194.187.70,,,37473,443,0,37,17
1584503339.746253,173.194.187.70,10.10.0.10,,,443,37473,0,1358,17
1584503339.783373,173.194.187.70,10.10.0.10,,,443,37473,0,1358,17
1584503339.7848651,10.10.0.10,173.194.187.70,,,37473,443,0,37,17
1584503339.820496,173.194.187.70,10.10.0.10,,,443,37473,0,1358,17
1584503339.857611,173.194.187.70,10.10.0.10,,,443,37473,0,1358,17
1584503339.859258,10.10.0.10,173.194.187.70,,,37473,443,0,37,17
1584503339.8947306,173.194.187.70,10.10.0.10,,,443,37473,0,1358,17
1584503339.931855,173.194.187.70,10.10.0.10,,,443,37473,0,1358,17
1584503339.933347,10.10.0.10,173.194.187.70,,,37473,443,0,37,17
1584503339.9689732,173.194.187.70,10.10.0.10,,,443,37473,0,1358,17
1584503340.0060909,173.194.187.70,10.10.0.10,,,443,37473,0,1358,17
1584503340.0079868,10.10.0.10,173.194.187.70,,,37473,443,0,37,17
1584503340.0432134,173.194.187.70,10.10.0.10,,,443,37473,0,1358,17
1584503340.0803301,173.194.187.70,10.10.0.10,,,443,37473,0,1358,17
1584503340.083231,10.10.0.10,173.194.187.70,,,37473,443,0,37,17
1584503340.117449,173.194.187.70,10.10.0.10,,,443,37473,0,1358,17
1584503340.154567,173.194.187.70,10.10.0.10,,,443,37473,0,1358,17
1584503340.1560981,10.10.0.10,173.194.187.70,,,37473,443,0,37,17
1584503340.191705,173.194.187.70,10.10.0.10,,,443,37473,0,1358,17
1584503340.2288141,173.194.187.70,10.10.0.10,,,443,37473,0,1358,17
1584503340.230724,10.10.0.10,173.194.187.70,,,37473,443,0,37,17
1584503340.265935,173.194.187.70,10.10.0.10,,,443,37473,0,1358,17
1584503340.3030536,173.194.187.70,10.10.0.10,,,443,37473,0,1358,17
1584503340.304874,10.10.0.10,173.194.187.70,,,37473,443,0,37,17
1584503340.340172,173.194.187.70,10.10.0.10,,,443,37473,0,1358,17
1584503340.377291,173.194.187.70,10.10.0.10,,,443,37473,0,1358,17
1584503340.378968,10.10.0.10,173.194.187.70,,,37473,443,0,37,17
1584503340.4144125,173.194.187.70,10.10.0.10,,,443,37473,0,1358,17
1584503340.451536,173.194.187.70,10.10.0.10,,,443,37473,0,1358,17
1584503340.453465,10.10.0.10,173.194.187.70,,,37473,443,0,37,17
1584503340.4886599,173.194.187.70,10.10.0.10,,,443,37473,0,1358,17
1584503340.525776,173.194.187.70,10.10.0.10,,,443,37473,0,1358,17
1584503340.527357,10.10.0.10,173.194.187.70,,,37473,443,0,37,17
1584503340.5628939,173.194.187.70,10.10.0.10,,,443,37473,0,1358,17
1584503340.600016,173.194.187.70,10.10.0.10,,,443,37473,0,1358,17
1584503340.601451,10.10.0.10,173.194.187.70,,,37473,443,0,37,17
1584503340.6371331,173.194.187.70,10.10.0.10,,,443,37473,0,1358,17
1584503340.6693554,10.10.0.10,173.194.187.70,,,37473,443,0,37,17
1584503340.674259,173.194.187.70,10.10.0.10,,,443,37473,0,1358,17
1584503340.7098525,10.10.0.10,173.194.187.70,,,37473,443,0,37,17
1584503340.7113798,173.194.187.70,10.10.0.10,,,443,37473,0,1358,17
1584503340.748504,173.194.187.70,10.10.0.10,,,443,37473,0,1358,17
1584503340.7515802,10.10.0.10,173.194.187.70,,,37473,443,0,37,17
1584503340.785627,173.194.187.70,10.10.0.10,,,443,37473,0,1358,17
1584503340.82275,173.194.187.70,10.10.0.10,,,443,37473,0,1358,17
1584503340.824321,10.10.0.10,173.194.187.70,,,37473,443,0,37,17
1584503340.859873,173.194.187.70,10.10.0.10,,,443,37473,0,1358,17
1584503340.89697,173.194.187.70,10.10.0.10,,,443,37473,0,1358,17
1584503340.899329,10.10.0.10,173.194.187.70,,,37473,443,0,37,17
1584503340.934097,173.194.187.70,10.10.0.10,,,443,37473,0,1358,17
1584503340.971215,173.194.187.70,10.10.0.10,,,443,37473,0,1358,17
1584503340.974849,10.10.0.10,173.194.187.70,,,37473,443,0,50,17
1584503341.008329,173.194.187.70,10.10.0.10,,,443,37473,0,1358,17
1584503341.0454562,173.194.187.70,10.10.0.10,,,443,37473,0,1358,17
1584503341.0470679,10.10.0.10,173.194.187.70,,,37473,443,0,37,17
1584503341.082575,173.194.187.70,10.10.0.10,,,443,37473,0,1358,17
1584503341.119695,173.194.187.70,10.10.0.10,,,443,37473,0,1358,17
1584503341.1219492,10.10.0.10,173.194.187.70,,,37473,443,0,37,17
1584503341.156811,173.194.187.70,10.10.0.10,,,443,37473,0,1358,17
1584503341.1939304,173.194.187.70,10.10.0.10,,,443,37473,0,1358,17
1584503341.196694,10.10.0.10,173.194.187.70,,,37473,443,0,37,17
1584503341.2310526,173.194.187.70,10.10.0.10,,,443,37473,0,1358,17
1584503341.268167,173.194.187.70,10.10.0.10,,,443,37473,0,1358,17
1584503341.270433,10.10.0.10,173.194.187.70,,,37473,443,0,37,17
1584503341.3052988,173.194.187.70,10.10.0.10,,,443,37473,0,1358,17
1584503341.342423,173.194.187.70,10.10.0.10,,,443,37473,0,1358,17
1584503341.3444602,10.10.0.10,173.194.187.70,,,37473,443,0,37,17
1584503341.3795464,173.194.187.70,10.10.0.10,,,443,37473,0,1358,17
1584503341.4166524,173.194.187.70,10.10.0.10,,,443,37473,0,1358,17
1584503341.4183106,10.10.0.10,173.194.187.70,,,37473,443,0,37,17
1584503341.453775,173.194.187.70,10.10.0.10,,,443,37473,0,1358,17
1584503341.487066,10.10.0.10,173.194.187.70,,,37473,443,0,37,17
1584503341.4908922,173.194.187.70,10.10.0.10,,,443,37473,0,1358,17
1584503341.5280151,173.194.187.70,10.10.0.10,,,443,37473,0,1358,17
1584503341.529925,10.10.0.10,173.194.187.70,,,37473,443,0,37,17
1584503341.5651321,173.194.187.70,10.10.0.10,,,443,37473,0,1358,17
1584503341.6022534,173.194.187.70,10.10.0.10,,,443,37473,0,1358,17
1584503341.606704,10.10.0.10,173.194.187.70,,,37473,443,0,37,17
1584503341.639372,173.194.187.70,10.10.0.10,,,443,37473,0,1358,17
1584503341.676498,173.194.187.70,10.10.0.10,,,443,37473,0,1358,17
1584503341.678202,10.10.0.10,173.194.187.70,,,37473,443,0,37,17
1584503341.713613,173.194.187.70,10.10.0.10,,,443,37473,0,1358,17
1584503341.750734,173.194.187.70,10.10.0.10,,,443,37473,0,1358,17
1584503341.752697,10.10.0.10,173.194.187.70,,,37473,443,0,37,17
1584503341.787857,173.194.187.70,10.10.0.10,,,443,37473,0,1358,17
1584503341.824975,173.194.187.70,10.10.0.10,,,443,37473,0,1358,17
1584503341.8269026,10.10.0.10,173.194.187.70,,,37473,443,0,37,17
1584503341.862098,173.194.187.70,10.10.0.10,,,443,37473,0,1358,17
1584503341.899223,173.194.187.70,10.10.0.10,,,443,37473,0,1358,17
1584503341.9010491,10.10.0.10,173.194.187.70,,,37473,443,0,37,17
1584503341.9363296,173.194.187.70,10.10.0.10,,,443,37473,0,1358,17
1584503341.97345,173.194.187.70,10.10.0.10,,,443,37473,0,1358,17
1584503341.975183,10.10.0.10,173.194.187.70,,,37473,443,0,37,17
1584503342.010594,173.194.187.70,10.10.0.10,,,443,37473,0,1358,17
1584503342.047694,173.194.187.70,10.10.0.10,,,443,37473,0,1358,17
1584503342.0494428,10.10.0.10,173.194.187.70,,,37473,443,0,37,17
1584503342.084813,173.194.187.70,10.10.0.10,,,443,37473,0,1358,17
1584503342.1219301,173.194.187.70,10.10.0.10,,,443,37473,0,1358,17
1584503342.1239321,10.10.0.10,173.194.187.70,,,37473,443,0,37,17
1584503342.1590528,173.194.187.70,10.10.0.10,,,443,37473,0,1358,17
1584503342.1961722,173.194.187.70,10.10.0.10,,,443,37473,0,1358,17
1584503342.1979165,10.10.0.10,173.194.187.70,,,37473,443,0,37,17
1584503342.233293,173.194.187.70,10.10.0.10,,,443,37473,0,1358,17
1584503342.2704108,173.194.187.70,10.10.0.10,,,443,37473,0,1358,17
1584503342.274787,10.10.0.10,173.194.187.70,,,37473,443,0,37,17
1584503342.307533,173.194.187.70,10.10.0.10,,,443,37473,0,1358,17
1584503342.3446536,173.194.187.70,10.10.0.10,,,443,37473,0,1358,17
1584503342.347807,10.10.0.10,173.194.187.70,,,37473,443,0,37,17
1584503342.381772,173.194.187.70,10.10.0.10,,,443,37473,0,1358,17
1584503342.4189012,173.194.187.70,10.10.0.10,,,443,37473,0,1358,17
1584503342.4216778,10.10.0.10,173.194.187.70,,,37473,443,0,50,17
1584503342.456017,173.194.187.70,10.10.0.10,,,443,37473,0,1358,17
1584503342.484303,10.10.0.10,173.194.187.70,,,37473,443,0,37,17
1584503342.4931388,173.194.187.70,10.10.0.10,,,443,37473,0,1358,17
1584503342.5302649,173.194.187.70,10.10.0.10,,,443,37473,0,1358,17
1584503342.5321548,10.10.0.10,173.194.187.70,,,37473,443,0,37,17
1584503342.567389,173.194.187.70,10.10.0.10,,,443,37473,0,1358,17
1584503342.6045132,173.194.187.70,10.10.0.10,,,443,37473,0,1358,17
1584503342.607658,10.10.0.10,173.194.187.70,,,37473,443,0,37,17
1584503342.6416152,173.194.187.70,10.10.0.10,,,443,37473,0,1358,17
1584503342.678731,173.194.187.70,10.10.0.10,,,443,37473,0,1358,17
1584503342.6805458,10.10.0.10,173.194.187.70,,,37473,443,0,37,17
1584503342.7158508,173.194.187.70,10.10.0.10,,,443,37473,0,1358,17
1584503342.752975,173.194.187.70,10.10.0.10,,,443,37473,0,1358,17
1584503342.7565448,10.10.0.10,173.194.187.70,,,37473,443,0,37,17
1584503342.7900932,173.194.187.70,10.10.0.10,,,443,37473,0,1358,17
1584503342.8272188,173.194.187.70,10.10.0.10,,,443,37473,0,1358,17
1584503342.8290234,10.10.0.10,173.194.187.70,,,37473,443,0,37,17
1584503342.8643308,173.194.187.70,10.10.0.10,,,443,37473,0,1358,17
1584503342.90145,173.194.187.70,10.10.0.10,,,443,37473,0,1358,17
1584503342.903039,10.10.0.10,173.194.187.70,,,37473,443,0,37,17
1584503342.938574,173.194.187.70,10.10.0.10,,,443,37473,0,1358,17
1584503342.9756956,173.194.187.70,10.10.0.10,,,443,37473,0,1358,17
1584503342.9774141,10.10.0.10,173.194.187.70,,,37473,443,0,37,17
1584503343.012816,173.194.187.70,10.10.0.10,,,443,37473,0,1358,17
1584503343.0499332,173.194.187.70,10.10.0.10,,,443,37473,0,1358,17
1584503343.0525134,10.10.0.10,173.194.187.70,,,37473,443,0,37,17
1584503343.087063,173.194.187.70,10.10.0.10,,,443,37473,0,1358,17
1584503343.124166,173.194.187.70,10.10.0.10,,,443,37473,0,1358,17
1584503343.1258779,10.10.0.10,173.194.187.70,,,37473,443,0,37,17
1584503343.161303,173.194.187.70,10.10.0.10,,,443,37473,0,1358,17
1584503343.19843,173.194.187.70,10.10.0.10,,,443,37473,0,1358,17
1584503343.200763,10.10.0.10,173.194.187.70,,,37473,443,0,37,17
1584503343.2355301,173.194.187.70,10.10.0.10,,,443,37473,0,1358,17
1584503343.2726526,173.194.187.70,10.10.0.10,,,443,37473,0,1358,17
1584503343.274624,10.10.0.10,173.194.187.70,,,37473,443,0,37,17
1584503343.3097725,173.194.187.70,10.10.0.10,,,443,37473,0,1358,17
1584503343.346893,173.194.187.70,10.10.0.10,,,443,37473,0,1358,17
1584503343.3491228,10.10.0.10,173.194.187.70,,,37473,443,0,37,17
1584503343.3840132,173.194.187.70,10.10.0.10,,,443,37473,0,1358,17
1584503343.418025,10.10.0.10,173.194.187.70,,,37473,443,0,37,17
1584503343.421133,173.194.187.70,10.10.0.10,,,443,37473,0,1358,17
1584503343.458255,173.194.187.70,10.10.0.10,,,443,37473,0,1358,17
1584503343.467149,10.10.0.10,173.194.187.70,,,37473,443,0,37,17
1584503343.49537,173.194.187.70,10.10.0.10,,,443,37473,0,1358,17
1584503343.5324938,173.194.187.70,10.10.0.10,,,443,37473,0,1358,17
1584503343.5341468,10.10.0.10,173.194.187.70,,,37473,443,0,37,17
1584503343.5696142,173.194.187.70,10.10.0.10,,,443,37473,0,1358,17
1584503343.606736,173.194.187.70,10.10.0.10,,,443,37473,0,1358,17
1584503343.6088948,10.10.0.10,173.194.187.70,,,37473,443,0,37,17
1584503343.643856,173.194.187.70,10.10.0.10,,,443,37473,0,1358,17
1584503343.6809795,173.194.187.70,10.10.0.10,,,443,37473,0,1358,17
1584503343.6827679,10.10.0.10,173.194.187.70,,,37473,443,0,37,17
1584503343.718104,173.194.187.70,10.10.0.10,,,443,37473,0,1358,17
1584503343.755213,173.194.187.70,10.10.0.10,,,443,37473,0,1358,17
1584503343.7576401,10.10.0.10,173.194.187.70,,,37473,443,0,37,17
1584503343.792337,173.194.187.70,10.10.0.10,,,443,37473,0,1358,17
1584503343.8294508,173.194.187.70,10.10.0.10,,,443,37473,0,1358,17
1584503343.830736,10.10.0.10,173.194.187.70,,,37473,443,0,50,17
1584503343.866573,173.194.187.70,10.10.0.10,,,443,37473,0,1358,17
1584503343.8689911,10.10.0.10,173.194.187.70,,,37473,443,0,37,17
1584503343.9036922,173.194.187.70,10.10.0.10,,,443,37473,0,1358,17
1584503343.940814,173.194.187.70,10.10.0.10,,,443,37473,0,1358,17
1584503343.942745,10.10.0.10,173.194.187.70,,,37473,443,0,37,17
1584503343.977926,173.194.187.70,10.10.0.10,,,443,37473,0,1358,17
1584503344.015048,173.194.187.70,10.10.0.10,,,443,37473,0,29,17
1584503344.016472,10.10.0.10,173.194.187.70,,,37473,443,0,37,17
1584503344.016727,173.194.187.70,10.10.0.10,,,443,37473,0,1358,17
1584503344.053854,173.194.187.70,10.10.0.10,,,443,37473,0,1358,17
1584503344.0563624,10.10.0.10,173.194.187.70,,,37473,443,0,37,17
1584503344.0909731,173.194.187.70,10.10.0.10,,,443,37473,0,1358,17
1584503344.128088,173.194.187.70,10.10.0.10,,,443,37473,0,1358,17
1584503344.13011,10.10.0.10,173.194.187.70,,,37473,443,0,37,17
1584503344.1652179,173.194.187.70,10.10.0.10,,,443,37473,0,1358,17
1584503344.2023401,173.194.187.70,10.10.0.10,,,443,37473,0,1358,17
1584503344.2038598,10.10.0.10,173.194.187.70,,,37473,443,0,37,17
1584503344.239448,173.194.187.70,10.10.0.10,,,443,37473,0,1358,17
1584503344.2776911,173.194.187.70,10.10.0.10,,,443,37473,0,1358,17
1584503344.2793546,10.10.0.10,173.194.187.70,,,37473,443,0,37,17
1584503344.3148232,173.194.187.70,10.10.0.10,,,443,37473,0,1358,17
1584503344.3519402,173.194.187.70,10.10.0.10,,,443,37473,0,1358,17
1584503344.3538532,10.10.0.10,173.194.187.70,,,37473,443,0,37,17
1584503344.3890526,173.194.187.70,10.10.0.10,,,443,37473,0,1358,17
1584503344.4261732,173.194.187.70,10.10.0.10,,,443,37473,0,1358,17
1584503344.427851,10.10.0.10,173.194.187.70,,,37473,443,0,37,17
1584503344.463288,173.194.187.70,10.10.0.10,,,443,37473,0,1358,17
1584503344.500415,173.194.187.70,10.10.0.10,,,443,37473,0,1358,17
1584503344.503721,10.10.0.10,173.194.187.70,,,37473,443,0,37,17
1584503344.5375302,173.194.187.70,10.10.0.10,,,443,37473,0,876,17
1584503344.5579982,10.10.0.10,173.194.187.70,,,37473,443,0,736,17
1584503344.558222,10.10.0.10,173.194.187.70,,,37473,443,0,48,17
1584503344.5624669,173.194.187.70,10.10.0.10,,,443,37473,0,115,17
1584503344.565599,10.10.0.10,173.194.187.70,,,37473,443,0,755,17
1584503344.565768,173.194.187.70,10.10.0.10,,,443,37473,0,1358,17
1584503344.56584,10.10.0.10,173.194.187.70,,,37473,443,0,48,17
1584503344.6028922,173.194.187.70,10.10.0.10,,,443,37473,0,1358,17
1584503344.6049712,10.10.0.10,173.194.187.70,,,37473,443,0,37,17
1584503344.640008,173.194.187.70,10.10.0.10,,,443,37473,0,1358,17
1584503344.677142,173.194.187.70,10.10.0.10,,,443,37473,0,1358,17
1584503344.6789882,10.10.0.10,173.194.187.70,,,37473,443,0,37,17
1584503344.7142498,173.194.187.70,10.10.0.10,,,443,37473,0,1358,17
1584503344.751385,173.194.187.70,10.10.0.10,,,443,37473,0,1358,17
1584503344.7534866,10.10.0.10,173.194.187.70,,,37473,443,0,37,17
1584503344.7885098,173.194.187.70,10.10.0.10,,,443,37473,0,29,17
1584503344.790172,173.194.187.70,10.10.0.10,,,443,37473,0,1358,17
1584503344.8272908,173.194.187.70,10.10.0.10,,,443,37473,0,1358,17
1584503344.8294652,10.10.0.10,173.194.187.70,,,37473,443,0,37,17
1584503344.864415,173.194.187.70,10.10.0.10,,,443,37473,0,1358,17
1584503344.901537,173.194.187.70,10.10.0.10,,,443,37473,0,1358,17
1584503344.90322,10.10.0.10,173.194.187.70,,,37473,443,0,37,17
1584503344.9386554,173.194.187.70,10.10.0.10,,,443,37473,0,1358,17
1584503344.9757671,173.194.187.70,10.10.0.10,,,443,37473,0,1358,17
1584503344.9774249,10.10.0.10,173.194.187.70,,,37473,443,0,37,17
1584503345.01289,173.194.187.70,10.10.0.10,,,443,37473,0,1358,17
1584503345.050009,173.194.187.70,10.10.0.10,,,443,37473,0,1358,17
1584503345.053082,10.10.0.10,173.194.187.70,,,37473,443,0,37,17
1584503345.087134,173.194.187.70,10.10.0.10,,,443,37473,0,1358,17
1584503345.124249,173.194.187.70,10.10.0.10,,,443,37473,0,1358,17
1584503345.126457,10.10.0.10,173.194.187.70,,,37473,443,0,37,17
1584503345.1613786,173.194.187.70,10.10.0.10,,,443,37473,0,1358,17
1584503345.1985009,173.194.187.70,10.10.0.10,,,443,37473,0,1358,17
1584503345.2000802,10.10.0.10,173.194.187.70,,,37473,443,0,37,17
1584503345.235625,173.194.187.70,10.10.0.10,,,443,37473,0,1358,17
1584503345.2727456,173.194.187.70,10.10.0.10,,,443,37473,0,1358,17
1584503345.277576,10.10.0.10,173.194.187.70,,,37473,443,0,37,17
1584503345.309848,173.194.187.70,10.10.0.10,,,443,37473,0,1358,17
1584503345.346992,173.194.187.70,10.10.0.10,,,443,37473,0,1358,17
1584503345.3486989,10.10.0.10,173.194.187.70,,,37473,443,0,37,17
1584503345.384091,173.194.187.70,10.10.0.10,,,443,37473,0,1358,17
1584503345.4212122,173.194.187.70,10.10.0.10,,,443,37473,0,1358,17
1584503345.423093,10.10.0.10,173.194.187.70,,,37473,443,0,37,17
1584503345.4583359,173.194.187.70,10.10.0.10,,,443,37473,0,1358,17
1584503345.4954536,173.194.187.70,10.10.0.10,,,443,37473,0,1358,17
1584503345.4971938,10.10.0.10,173.194.187.70,,,37473,443,0,37,17
1584503345.5325742,173.194.187.70,10.10.0.10,,,443,37473,0,1358,17
1584503345.568336,10.10.0.10,173.194.187.70,,,37473,443,0,37,17
1584503345.569692,173.194.187.70,10.10.0.10,,,443,37473,0,1358,17
1584503345.5982108,10.10.0.10,173.194.187.70,,,37473,443,0,37,17
1584503345.6068132,173.194.187.70,10.10.0.10,,,443,37473,0,1358,17
1584503345.6439376,173.194.187.70,10.10.0.10,,,443,37473,0,1358,17
1584503345.646337,10.10.0.10,173.194.187.70,,,37473,443,0,37,17
1584503345.6810534,173.194.187.70,10.10.0.10,,,443,37473,0,1358,17
1584503345.7181714,173.194.187.70,10.10.0.10,,,443,37473,0,1358,17
1584503345.7209609,10.10.0.10,173.194.187.70,,,37473,443,0,37,17
1584503345.755296,173.194.187.70,10.10.0.10,,,443,37473,0,1358,17
1584503345.792409,173.194.187.70,10.10.0.10,,,443,37473,0,1358,17
1584503345.794065,10.10.0.10,173.194.187.70,,,37473,443,0,37,17
1584503345.8295438,173.194.187.70,10.10.0.10,,,443,37473,0,1358,17
1584503345.8666658,173.194.187.70,10.10.0.10,,,443,37473,0,1358,17
1584503345.868453,10.10.0.10,173.194.187.70,,,37473,443,0,37,17
1584503345.903773,173.194.187.70,10.10.0.10,,,443,37473,0,1358,17
1584503345.9408932,173.194.187.70,10.10.0.10,,,443,37473,0,1358,17
1584503345.9441822,10.10.0.10,173.194.187.70,,,37473,443,0,50,17
1584503345.978014,173.194.187.70,10.10.0.10,,,443,37473,0,1358,17
1584503346.0151331,173.194.187.70,10.10.0.10,,,443,37473,0,1358,17
1584503346.017182,10.10.0.10,173.194.187.70,,,37473,443,0,37,17
1584503346.052248,173.194.187.70,10.10.0.10,,,443,37473,0,1358,17
1584503346.089375,173.194.187.70,10.10.0.10,,,443,37473,0,1358,17
1584503346.0910842,10.10.0.10,173.194.187.70,,,37473,443,0,37,17
1584503346.1264892,173.194.187.70,10.10.0.10,,,443,37473,0,1358,17
1584503346.163631,173.194.187.70,10.10.0.10,,,443,37473,0,1358,17
1584503346.165145,10.10.0.10,173.194.187.70,,,37473,443,0,37,17
1584503346.2007332,173.194.187.70,10.10.0.10,,,443,37473,0,1358,17
1584503346.2378519,173.194.187.70,10.10.0.10,,,443,37473,0,1358,17
1584503346.239932,10.10.0.10,173.194.187.70,,,37473,443,0,37,17
1584503346.274974,173.194.187.70,10.10.0.10,,,443,37473,0,1358,17
1584503346.312096,173.194.187.70,10.10.0.10,,,443,37473,0,1358,17
1584503346.313941,10.10.0.10,173.194.187.70,,,37473,443,0,37,17
1584503346.349218,173.194.187.70,10.10.0.10,,,443,37473,0,1358,17
1584503346.3863401,173.194.187.70,10.10.0.10,,,443,37473,0,1358,17
1584503346.388295,10.10.0.10,173.194.187.70,,,37473,443,0,37,17
1584503346.423465,173.194.187.70,10.10.0.10,,,443,37473,0,1358,17
1584503346.4605858,173.194.187.70,10.10.0.10,,,443,37473,0,1358,17
1584503346.462311,10.10.0.10,173.194.187.70,,,37473,443,0,37,17
1584503346.49771,173.194.187.70,10.10.0.10,,,443,37473,0,1358,17
1584503346.5348122,173.194.187.70,10.10.0.10,,,443,37473,0,1358,17
1584503346.537166,10.10.0.10,173.194.187.70,,,37473,443,0,37,17
1584503346.571933,173.194.187.70,10.10.0.10,,,443,37473,0,1358,17
1584503346.6090536,173.194.187.70,10.10.0.10,,,443,37473,0,1358,17
1584503346.6105359,10.10.0.10,173.194.187.70,,,37473,443,0,37,17
1584503346.6461732,173.194.187.70,10.10.0.10,,,443,37473,0,1358,17
1584503346.6832929,173.194.187.70,10.10.0.10,,,443,37473,0,1358,17
1584503346.6849089,10.10.0.10,173.194.187.70,,,37473,443,0,37,17
1584503346.7204132,173.194.187.70,10.10.0.10,,,443,37473,0,1358,17
1584503346.754303,10.10.0.10,173.194.187.70,,,37473,443,0,37,17
1584503346.757533,173.194.187.70,10.10.0.10,,,443,37473,0,1358,17
1584503346.7946534,173.194.187.70,10.10.0.10,,,443,37473,0,1358,17
1584503346.7983005,10.10.0.10,173.194.187.70,,,37473,443,0,37,17
1584503346.831772,173.194.187.70,10.10.0.10,,,443,37473,0,1358,17
1584503346.8688931,173.194.187.70,10.10.0.10,,,443,37473,0,1358,17
1584503346.8706741,10.10.0.10,173.194.187.70,,,37473,443,0,37,17
1584503346.906014,173.194.187.70,10.10.0.10,,,443,37473,0,1358,17
1584503346.943137,173.194.187.70,10.10.0.10,,,443,37473,0,1358,17
1584503346.9449024,10.10.0.10,173.194.187.70,,,37473,443,0,37,17
1584503346.980249,173.194.187.70,10.10.0.10,,,443,37473,0,1358,17
1584503347.017386,173.194.187.70,10.10.0.10,,,443,37473,0,1358,17
1584503347.019151,10.10.0.10,173.194.187.70,,,37473,443,0,37,17
1584503347.0545068,173.194.187.70,10.10.0.10,,,443,37473,0,1358,17
1584503347.091609,173.194.187.70,10.10.0.10,,,443,37473,0,1358,17
1584503347.0932698,10.10.0.10,173.194.187.70,,,37473,443,0,37,17
1584503347.128728,173.194.187.70,10.10.0.10,,,443,37473,0,1358,17
1584503347.165854,173.194.187.70,10.10.0.10,,,443,37473,0,1358,17
1584503347.167767,10.10.0.10,173.194.187.70,,,37473,443,0,37,17
1584503347.202974,173.194.187.70,10.10.0.10,,,443,37473,0,1358,17
1584503347.240087,173.194.187.70,10.10.0.10,,,443,37473,0,1358,17
1584503347.2429152,10.10.0.10,173.194.187.70,,,37473,443,0,37,17
1584503347.277214,173.194.187.70,10.10.0.10,,,443,37473,0,1358,17
1584503347.308786,10.10.0.10,173.194.187.70,,,37473,443,0,37,17
1584503347.3143332,173.194.187.70,10.10.0.10,,,443,37473,0,1358,17
1584503347.351454,173.194.187.70,10.10.0.10,,,443,37473,0,1358,17
1584503347.3545349,10.10.0.10,173.194.187.70,,,37473,443,0,50,17
1584503347.3885722,173.194.187.70,10.10.0.10,,,443,37473,0,1358,17
1584503347.425694,173.194.187.70,10.10.0.10,,,443,37473,0,1358,17
1584503347.427763,10.10.0.10,173.194.187.70,,,37473,443,0,37,17
1584503347.4628134,173.194.187.70,10.10.0.10,,,443,37473,0,1358,17
1584503347.4999352,173.194.187.70,10.10.0.10,,,443,37473,0,1358,17
1584503347.516381,10.10.0.10,173.194.187.70,,,37473,443,0,37,17
1584503347.537058,173.194.187.70,10.10.0.10,,,443,37473,0,1358,17
1584503347.5786312,173.194.187.70,10.10.0.10,,,443,37473,0,1358,17
1584503347.5801492,10.10.0.10,173.194.187.70,,,37473,443,0,37,17
1584503347.615747,173.194.187.70,10.10.0.10,,,443,37473,0,1358,17
1584503347.6528668,173.194.187.70,10.10.0.10,,,443,37473,0,1358,17
1584503347.654528,10.10.0.10,173.194.187.70,,,37473,443,0,37,17
1584503347.689989,173.194.187.70,10.10.0.10,,,443,37473,0,1358,17
1584503347.727114,173.194.187.70,10.10.0.10,,,443,37473,0,1358,17
1584503347.729529,10.10.0.10,173.194.187.70,,,37473,443,0,37,17
1584503347.7642374,173.194.187.70,10.10.0.10,,,443,37473,0,1358,17
1584503347.8013618,173.194.187.70,10.10.0.10,,,443,37473,0,1358,17
1584503347.8028774,10.10.0.10,173.194.187.70,,,37473,443,0,37,17
1584503347.838467,173.194.187.70,10.10.0.10,,,443,37473,0,1358,17
1584503347.875583,173.194.187.70,10.10.0.10,,,443,37473,0,1358,17
1584503347.8775196,10.10.0.10,173.194.187.70,,,37473,443,0,37,17
1584503347.917172,173.194.187.70,10.10.0.10,,,443,37473,0,1358,17
1584503347.9542758,173.194.187.70,10.10.0.10,,,443,37473,0,1358,17
1584503347.956025,10.10.0.10,173.194.187.70,,,37473,443,0,37,17
1584503347.9914038,173.194.187.70,10.10.0.10,,,443,37473,0,1358,17
1584503348.028523,173.194.187.70,10.10.0.10,,,443,37473,0,1358,17
1584503348.0305269,10.10.0.10,173.194.187.70,,,37473,443,0,37,17
1584503348.065638,173.194.187.70,10.10.0.10,,,443,37473,0,1358,17
1584503348.102762,173.194.187.70,10.10.0.10,,,443,37473,0,1358,17
1584503348.1051419,10.10.0.10,173.194.187.70,,,37473,443,0,37,17
1584503348.139875,173.194.187.70,10.10.0.10,,,443,37473,0,1358,17
1584503348.1769938,173.194.187.70,10.10.0.10,,,443,37473,0,1358,17
1584503348.178607,10.10.0.10,173.194.187.70,,,37473,443,0,37,17
1584503348.218575,173.194.187.70,10.10.0.10,,,443,37473,0,1358,17
1584503348.2556908,173.194.187.70,10.10.0.10,,,443,37473,0,1358,17
1584503348.2575092,10.10.0.10,173.194.187.70,,,37473,443,0,37,17
1584503348.292814,173.194.187.70,10.10.0.10,,,443,37473,0,1358,17
1584503348.3299332,173.194.187.70,10.10.0.10,,,443,37473,0,1358,17
1584503348.3329868,10.10.0.10,173.194.187.70,,,37473,443,0,37,17
1584503348.367053,173.194.187.70,10.10.0.10,,,443,37473,0,1358,17
1584503348.4041722,173.194.187.70,10.10.0.10,,,443,37473,0,1358,17
1584503348.4061186,10.10.0.10,173.194.187.70,,,37473,443,0,37,17
1584503348.4412909,173.194.187.70,10.10.0.10,,,443,37473,0,1358,17
1584503348.475758,10.10.0.10,173.194.187.70,,,37473,443,0,37,17
1584503348.478413,173.194.187.70,10.10.0.10,,,443,37473,0,1358,17
1584503348.5155332,173.194.187.70,10.10.0.10,,,443,37473,0,1358,17
1584503348.519481,10.10.0.10,173.194.187.70,,,37473,443,0,37,17
1584503348.5576649,173.194.187.70,10.10.0.10,,,443,37473,0,1358,17
1584503348.594787,173.194.187.70,10.10.0.10,,,443,37473,0,1358,17
1584503348.596981,10.10.0.10,173.194.187.70,,,37473,443,0,37,17
1584503348.631904,173.194.187.70,10.10.0.10,,,443,37473,0,1358,17
1584503348.669025,173.194.187.70,10.10.0.10,,,443,37473,0,1358,17
1584503348.671368,10.10.0.10,173.194.187.70,,,37473,443,0,37,17
1584503348.70615,173.194.187.70,10.10.0.10,,,443,37473,0,1358,17
1584503348.7450268,173.194.187.70,10.10.0.10,,,443,37473,0,1358,17
1584503348.747101,10.10.0.10,173.194.187.70,,,37473,443,0,37,17
1584503348.78215,173.194.187.70,10.10.0.10,,,443,37473,0,1358,17
1584503348.819271,173.194.187.70,10.10.0.10,,,443,37473,0,1358,17
1584503348.8209982,10.10.0.10,173.194.187.70,,,37473,443,0,50,17
1584503348.8563821,173.194.187.70,10.10.0.10,,,443,37473,0,1358,17
1584503348.893521,173.194.187.70,10.10.0.10,,,443,37473,0,1358,17
1584503348.895504,10.10.0.10,173.194.187.70,,,37473,443,0,37,17
1584503348.93063,173.194.187.70,10.10.0.10,,,443,37473,0,1358,17
1584503348.967742,173.194.187.70,10.10.0.10,,,443,37473,0,1358,17
1584503348.969309,10.10.0.10,173.194.187.70,,,37473,443,0,37,17
1584503349.0048618,173.194.187.70,10.10.0.10,,,443,37473,0,29,17
1584503349.006553,173.194.187.70,10.10.0.10,,,443,37473,0,1358,17
1584503349.043672,173.194.187.70,10.10.0.10,,,443,37473,0,1358,17
1584503349.045593,10.10.0.10,173.194.187.70,,,37473,443,0,37,17
1584503349.0807822,173.194.187.70,10.10.0.10,,,443,37473,0,1358,17
1584503349.117906,173.194.187.70,10.10.0.10,,,443,37473,0,1358,17
1584503349.120987,10.10.0.10,173.194.187.70,,,37473,443,0,37,17
1584503349.155027,173.194.187.70,10.10.0.10,,,443,37473,0,1358,17
1584503349.1921456,173.194.187.70,10.10.0.10,,,443,37473,0,1358,17
1584503349.194586,10.10.0.10,173.194.187.70,,,37473,443,0,37,17
1584503349.2292712,173.194.187.70,10.10.0.10,,,443,37473,0,1358,17
1584503349.2663882,173.194.187.70,10.10.0.10,,,443,37473,0,1358,17
1584503349.2680838,10.10.0.10,173.194.187.70,,,37473,443,0,37,17
1584503349.3035116,173.194.187.70,10.10.0.10,,,443,37473,0,1358,17
1584503349.34063,173.194.187.70,10.10.0.10,,,443,37473,0,1358,17
1584503349.342225,10.10.0.10,173.194.187.70,,,37473,443,0,37,17
1584503349.377754,173.194.187.70,10.10.0.10,,,443,37473,0,1358,17
1584503349.407711,10.10.0.10,173.194.187.70,,,37473,443,0,37,17
1584503349.414878,173.194.187.70,10.10.0.10,,,443,37473,0,1358,17
1584503349.4520009,173.194.187.70,10.10.0.10,,,443,37473,0,1358,17
1584503349.4553492,10.10.0.10,173.194.187.70,,,37473,443,0,37,17
1584503349.4891238,173.194.187.70,10.10.0.10,,,443,37473,0,1358,17
1584503349.526246,173.194.187.70,10.10.0.10,,,443,37473,0,1358,17
1584503349.5283391,10.10.0.10,173.194.187.70,,,37473,443,0,37,17
1584503349.563343,173.194.187.70,10.10.0.10,,,443,37473,0,1358,17
1584503349.600466,173.194.187.70,10.10.0.10,,,443,37473,0,1358,17
1584503349.602222,10.10.0.10,173.194.187.70,,,37473,443,0,37,17
1584503349.637581,173.194.187.70,10.10.0.10,,,443,37473,0,1358,17
1584503349.674707,173.194.187.70,10.10.0.10,,,443,37473,0,1358,17
1584503349.676572,10.10.0.10,173.194.187.70,,,37473,443,0,37,17
1584503349.7118258,173.194.187.70,10.10.0.10,,,443,37473,0,1358,17
1584503349.751692,173.194.187.70,10.10.0.10,,,443,37473,0,1358,17
1584503349.753579,10.10.0.10,173.194.187.70,,,37473,443,0,37,17
1584503349.7888124,173.194.187.70,10.10.0.10,,,443,37473,0,1358,17
1584503349.825928,173.194.187.70,10.10.0.10,,,443,37473,0,1358,17
1584503349.8283384,10.10.0.10,173.194.187.70,,,37473,443,0,37,17
1584503349.863052,173.194.187.70,10.10.0.10,,,443,37473,0,1358,17
1584503349.9001722,173.194.187.70,10.10.0.10,,,443,37473,0,1358,17
1584503349.9020948,10.10.0.10,173.194.187.70,,,37473,443,0,37,17
1584503349.9372973,173.194.187.70,10.10.0.10,,,443,37473,0,1358,17
1584503349.9744241,173.194.187.70,10.10.0.10,,,443,37473,0,1358,17
1584503349.976191,10.10.0.10,173.194.187.70,,,37473,443,0,37,17
1584503350.0115461,173.194.187.70,10.10.0.10,,,443,37473,0,1358,17
1584503350.0486536,173.194.187.70,10.10.0.10,,,443,37473,0,1358,17
1584503350.075839,10.10.0.10,173.194.187.70,,,37473,443,0,37,17
1584503350.0857732,173.194.187.70,10.10.0.10,,,443,37473,0,1358,17
1584503350.122891,173.194.187.70,10.10.0.10,,,443,37473,0,1358,17
1584503350.1245599,10.10.0.10,173.194.187.70,,,37473,443,0,37,17
1584503350.1600142,173.194.187.70,10.10.0.10,,,443,37473,0,1358,17
1584503350.1971312,173.194.187.70,10.10.0.10,,,443,37473,0,1358,17
1584503350.1993306,10.10.0.10,173.194.187.70,,,37473,443,0,37,17
1584503350.2342534,173.194.187.70,10.10.0.10,,,443,37473,0,1358,17
1584503350.27137,173.194.187.70,10.10.0.10,,,443,37473,0,1358,17
1584503350.274322,10.10.0.10,173.194.187.70,,,37473,443,0,50,17
1584503350.308491,173.194.187.70,10.10.0.10,,,443,37473,0,1358,17
1584503350.345606,173.194.187.70,10.10.0.10,,,443,37473,0,1358,17
1584503350.3470454,10.10.0.10,173.194.187.70,,,37473,443,0,37,17
1584503350.38273,173.194.187.70,10.10.0.10,,,443,37473,0,1358,17
1584503350.419847,173.194.187.70,10.10.0.10,,,443,37473,0,1358,17
1584503350.4214258,10.10.0.10,173.194.187.70,,,37473,443,0,37,17
1584503350.456973,173.194.187.70,10.10.0.10,,,443,37473,0,29,17
1584503350.458657,173.194.187.70,10.10.0.10,,,443,37473,0,1358,17
1584503350.495783,173.194.187.70,10.10.0.10,,,443,37473,0,1358,17
1584503350.4979439,10.10.0.10,173.194.187.70,,,37473,443,0,37,17
1584503350.5329068,173.194.187.70,10.10.0.10,,,443,37473,0,1358,17
1584503350.5700119,173.194.187.70,10.10.0.10,,,443,37473,0,1358,17
1584503350.573191,10.10.0.10,173.194.187.70,,,37473,443,0,37,17
1584503350.6071339,173.194.187.70,10.10.0.10,,,443,37473,0,1358,17
1584503350.6442509,173.194.187.70,10.10.0.10,,,443,37473,0,1358,17
1584503350.645941,10.10.0.10,173.194.187.70,,,37473,443,0,37,17
1584503350.68137,173.194.187.70,10.10.0.10,,,443,37473,0,1358,17
1584503350.7184925,173.194.187.70,10.10.0.10,,,443,37473,0,1358,17
1584503350.720294,10.10.0.10,173.194.187.70,,,37473,443,0,37,17
1584503350.755614,173.194.187.70,10.10.0.10,,,443,37473,0,1358,17
1584503350.7927322,173.194.187.70,10.10.0.10,,,443,37473,0,1358,17
1584503350.7965634,10.10.0.10,173.194.187.70,,,37473,443,0,37,17
1584503350.8298562,173.194.187.70,10.10.0.10,,,443,37473,0,1358,17
1584503350.866974,173.194.187.70,10.10.0.10,,,443,37473,0,1358,17
1584503350.8689141,10.10.0.10,173.194.187.70,,,37473,443,0,37,17
1584503350.904089,173.194.187.70,10.10.0.10,,,443,37473,0,1358,17
1584503350.941217,173.194.187.70,10.10.0.10,,,443,37473,0,1358,17
1584503350.943032,10.10.0.10,173.194.187.70,,,37473,443,0,37,17
1584503350.978338,173.194.187.70,10.10.0.10,,,443,37473,0,1358,17
1584503351.015457,173.194.187.70,10.10.0.10,,,443,37473,0,1358,17
1584503351.0172892,10.10.0.10,173.194.187.70,,,37473,443,0,37,17
1584503351.0525699,173.194.187.70,10.10.0.10,,,443,37473,0,1358,17
1584503351.08969,173.194.187.70,10.10.0.10,,,443,37473,0,1358,17
1584503351.092318,10.10.0.10,173.194.187.70,,,37473,443,0,37,17
1584503351.1268249,173.194.187.70,10.10.0.10,,,443,37473,0,1358,17
1584503351.163942,173.194.187.70,10.10.0.10,,,443,37473,0,1358,17
1584503351.1656508,10.10.0.10,173.194.187.70,,,37473,443,0,37,17
1584503351.2010698,173.194.187.70,10.10.0.10,,,443,37473,0,1358,17
1584503351.23817,173.194.187.70,10.10.0.10,,,443,37473,0,1358,17
1584503351.2398946,10.10.0.10,173.194.187.70,,,37473,443,0,37,17
1584503351.27529,173.194.187.70,10.10.0.10,,,443,37473,0,1358,17
1584503351.3124151,173.194.187.70,10.10.0.10,,,443,37473,0,1358,17
1584503351.3161714,10.10.0.10,173.194.187.70,,,37473,443,0,37,17
1584503351.3495321,173.194.187.70,10.10.0.10,,,443,37473,0,1358,17
1584503351.3866498,173.194.187.70,10.10.0.10,,,443,37473,0,1358,17
1584503351.3891716,10.10.0.10,173.194.187.70,,,37473,443,0,37,17
1584503351.4237714,173.194.187.70,10.10.0.10,,,443,37473,0,1358,17
1584503351.4608932,173.194.187.70,10.10.0.10,,,443,37473,0,1358,17
1584503351.4623866,10.10.0.10,173.194.187.70,,,37473,443,0,37,17
1584503351.498013,173.194.187.70,10.10.0.10,,,443,37473,0,1358,17
1584503351.5351322,173.194.187.70,10.10.0.10,,,443,37473,0,1358,17
1584503351.5366428,10.10.0.10,173.194.187.70,,,37473,443,0,37,17
1584503351.5722525,173.194.187.70,10.10.0.10,,,443,37473,0,1358,17
1584503351.609374,173.194.187.70,10.10.0.10,,,443,37473,0,1358,17
1584503351.6110456,10.10.0.10,173.194.187.70,,,37473,443,0,37,17
1584503351.646498,173.194.187.70,10.10.0.10,,,443,37473,0,1358,17
1584503351.6836214,173.194.187.70,10.10.0.10,,,443,37473,0,1358,17
1584503351.6914098,10.10.0.10,173.194.187.70,,,37473,443,0,37,17
1584503351.7207482,173.194.187.70,10.10.0.10,,,443,37473,0,1358,17
1584503351.757853,173.194.187.70,10.10.0.10,,,443,37473,0,1358,17
1584503351.7597618,10.10.0.10,173.194.187.70,,,37473,443,0,50,17
1584503351.794977,173.194.187.70,10.10.0.10,,,443,37473,0,1358,17
1584503351.8320956,173.194.187.70,10.10.0.10,,,443,37473,0,1358,17
1584503351.833634,10.10.0.10,173.194.187.70,,,37473,443,0,37,17
1584503351.869216,173.194.187.70,10.10.0.10,,,443,37473,0,1358,17
1584503351.9063342,173.194.187.70,10.10.0.10,,,443,37473,0,29,17
1584503351.9080071,173.194.187.70,10.10.0.10,,,443,37473,0,1358,17
1584503351.9081314,10.10.0.10,173.194.187.70,,,37473,443,0,37,17
1584503351.9451358,173.194.187.70,10.10.0.10,,,443,37473,0,1358,17
1584503351.947162,10.10.0.10,173.194.187.70,,,37473,443,0,37,17
1584503351.982248,173.194.187.70,10.10.0.10,,,443,37473,0,1358,17
1584503352.0193732,173.194.187.70,10.10.0.10,,,443,37473,0,1358,17
1584503352.0231102,10.10.0.10,173.194.187.70,,,37473,443,0,37,17
1584503352.056492,173.194.187.70,10.10.0.10,,,443,37473,0,1358,17
1584503352.0936098,173.194.187.70,10.10.0.10,,,443,37473,0,1358,17
1584503352.095493,10.10.0.10,173.194.187.70,,,37473,443,0,37,17
1584503352.130728,173.194.187.70,10.10.0.10,,,443,37473,0,1358,17
1584503352.1678581,173.194.187.70,10.10.0.10,,,443,37473,0,1358,17
1584503352.170024,10.10.0.10,173.194.187.70,,,37473,443,0,37,17
1584503352.204983,173.194.187.70,10.10.0.10,,,443,37473,0,1358,17
1584503352.242105,173.194.187.70,10.10.0.10,,,443,37473,0,1186,17
1584503352.2441509,10.10.0.10,173.194.187.70,,,37473,443,0,37,17
1584503352.2575011,10.10.0.10,173.194.187.70,,,37473,443,0,729,17
1584503352.259642,10.10.0.10,173.194.187.70,,,37473,443,0,48,17
1584503352.261646,10.10.0.10,173.194.187.70,,,37473,443,0,748,17
1584503352.262017,10.10.0.10,173.194.187.70,,,37473,443,0,48,17
1584503352.274625,173.194.187.70,10.10.0.10,,,443,37473,0,29,17
1584503352.2763011,173.194.187.70,10.10.0.10,,,443,37473,0,108,17
1584503352.280087,173.194.187.70,10.10.0.10,,,443,37473,0,1358,17
1584503352.2833722,10.10.0.10,173.194.187.70,,,37473,443,0,37,17
1584503352.317211,173.194.187.70,10.10.0.10,,,443,37473,0,1358,17
1584503352.354335,173.194.187.70,10.10.0.10,,,443,37473,0,1358,17
1584503352.356267,10.10.0.10,173.194.187.70,,,37473,443,0,37,17
1584503352.391447,173.194.187.70,10.10.0.10,,,443,37473,0,1358,17
1584503352.428574,173.194.187.70,10.10.0.10,,,443,37473,0,1358,17
1584503352.4321392,10.10.0.10,173.194.187.70,,,37473,443,0,37,17
1584503352.4656932,173.194.187.70,10.10.0.10,,,443,37473,0,1358,17
1584503352.502811,173.194.187.70,10.10.0.10,,,443,37473,0,29,17
1584503352.504138,10.10.0.10,173.194.187.70,,,37473,443,0,37,17
1584503352.504489,173.194.187.70,10.10.0.10,,,443,37473,0,1358,17
1584503352.5416212,173.194.187.70,10.10.0.10,,,443,37473,0,1358,17
1584503352.543228,10.10.0.10,173.194.187.70,,,37473,443,0,37,17
1584503352.5787306,173.194.187.70,10.10.0.10,,,443,37473,0,1358,17
1584503352.615854,173.194.187.70,10.10.0.10,,,443,37473,0,1358,17
1584503352.631737,10.10.0.10,173.194.187.70,,,37473,443,0,37,17
1584503352.6529722,173.194.187.70,10.10.0.10,,,443,37473,0,1358,17
1584503352.690094,173.194.187.70,10.10.0.10,,,443,37473,0,1358,17
1584503352.690365,10.10.0.10,173.194.187.70,,,37473,443,0,37,17
1584503352.727218,173.194.187.70,10.10.0.10,,,443,37473,0,1358,17
1584503352.729001,10.10.0.10,173.194.187.70,,,37473,443,0,37,17
1584503352.764343,173.194.187.70,10.10.0.10,,,443,37473,0,1358,17
1584503352.801465,173.194.187.70,10.10.0.10,,,443,37473,0,1358,17
1584503352.8033822,10.10.0.10,173.194.187.70,,,37473,443,0,37,17
1584503352.8385859,173.194.187.70,10.10.0.10,,,443,37473,0,1358,17
1584503352.875692,173.194.187.70,10.10.0.10,,,443,37473,0,1358,17
1584503352.8775,10.10.0.10,173.194.187.70,,,37473,443,0,37,17
1584503352.9128132,173.194.187.70,10.10.0.10,,,443,37473,0,1358,17
1584503352.949934,173.194.187.70,10.10.0.10,,,443,37473,0,1358,17
1584503352.951479,10.10.0.10,173.194.187.70,,,37473,443,0,37,17
1584503352.9870524,173.194.187.70,10.10.0.10,,,443,37473,0,1358,17
1584503353.024168,173.194.187.70,10.10.0.10,,,443,37473,0,1358,17
1584503353.025873,10.10.0.10,173.194.187.70,,,37473,443,0,37,17
1584503353.061295,173.194.187.70,10.10.0.10,,,443,37473,0,1358,17
1584503353.0984142,173.194.187.70,10.10.0.10,,,443,37473,0,1358,17
1584503353.1010988,10.10.0.10,173.194.187.70,,,37473,443,0,37,17
1584503353.135552,173.194.187.70,10.10.0.10,,,443,37473,0,1358,17
1584503353.1726522,173.194.187.70,10.10.0.10,,,443,37473,0,1358,17
1584503353.174367,10.10.0.10,173.194.187.70,,,37473,443,0,37,17
1584503353.209773,173.194.187.70,10.10.0.10,,,443,37473,0,1358,17
1584503353.2468932,173.194.187.70,10.10.0.10,,,443,37473,0,1358,17
1584503353.2492301,10.10.0.10,173.194.187.70,,,37473,443,0,37,17
1584503353.2840161,173.194.187.70,10.10.0.10,,,443,37473,0,1358,17
1584503353.321141,173.194.187.70,10.10.0.10,,,443,37473,0,1358,17
1584503353.322968,10.10.0.10,173.194.187.70,,,37473,443,0,37,17
1584503353.358263,173.194.187.70,10.10.0.10,,,443,37473,0,1358,17
1584503353.3953881,173.194.187.70,10.10.0.10,,,443,37473,0,1358,17
1584503353.397858,10.10.0.10,173.194.187.70,,,37473,443,0,37,17
1584503353.43251,173.194.187.70,10.10.0.10,,,443,37473,0,1358,17
1584503353.4696321,173.194.187.70,10.10.0.10,,,443,37473,0,1358,17
1584503353.471359,10.10.0.10,173.194.187.70,,,37473,443,0,37,17
1584503353.5067306,173.194.187.70,10.10.0.10,,,443,37473,0,1358,17
1584503353.543853,173.194.187.70,10.10.0.10,,,443,37473,0,1358,17
1584503353.5454595,10.10.0.10,173.194.187.70,,,37473,443,0,37,17
1584503353.5809731,173.194.187.70,10.10.0.10,,,443,37473,0,1358,17
1584503353.618095,173.194.187.70,10.10.0.10,,,443,37473,0,1358,17
1584503353.619599,10.10.0.10,173.194.187.70,,,37473,443,0,50,17
1584503353.655213,173.194.187.70,10.10.0.10,,,443,37473,0,1358,17
1584503353.691104,10.10.0.10,173.194.187.70,,,37473,443,0,37,17
1584503353.6923325,173.194.187.70,10.10.0.10,,,443,37473,0,1358,17
1584503353.729452,173.194.187.70,10.10.0.10,,,443,37473,0,1358,17
1584503353.733072,10.10.0.10,173.194.187.70,,,37473,443,0,37,17
1584503353.766578,173.194.187.70,10.10.0.10,,,443,37473,0,1358,17
1584503353.803691,173.194.187.70,10.10.0.10,,,443,37473,0,1358,17
1584503353.805193,10.10.0.10,173.194.187.70,,,37473,443,0,37,17
1584503353.8408134,173.194.187.70,10.10.0.10,,,443,37473,0,1358,17
1584503353.877933,173.194.187.70,10.10.0.10,,,443,37473,0,1358,17
1584503353.879447,10.10.0.10,173.194.187.70,,,37473,443,0,37,17
1584503353.9150481,173.194.187.70,10.10.0.10,,,443,37473,0,1358,17
1584503353.952169,173.194.187.70,10.10.0.10,,,443,37473,0,1358,17
1584503353.9538279,10.10.0.10,173.194.187.70,,,37473,443,0,37,17
1584503353.989305,173.194.187.70,10.10.0.10,,,443,37473,0,1358,17
1584503354.026409,173.194.187.70,10.10.0.10,,,443,37473,0,1358,17
1584503354.0283332,10.10.0.10,173.194.187.70,,,37473,443,0,37,17
1584503354.063533,173.194.187.70,10.10.0.10,,,443,37473,0,1358,17
1584503354.100654,173.194.187.70,10.10.0.10,,,443,37473,0,1358,17
1584503354.102689,10.10.0.10,173.194.187.70,,,37473,443,0,37,17
1584503354.137772,173.194.187.70,10.10.0.10,,,443,37473,0,1358,17
1584503354.174891,173.194.187.70,10.10.0.10,,,443,37473,0,1358,17
1584503354.176944,10.10.0.10,173.194.187.70,,,37473,443,0,37,17
1584503354.2120118,173.194.187.70,10.10.0.10,,,443,37473,0,1358,17
1584503354.249134,173.194.187.70,10.10.0.10,,,443,37473,0,1358,17
1584503354.250814,10.10.0.10,173.194.187.70,,,37473,443,0,37,17
1584503354.286247,173.194.187.70,10.10.0.10,,,443,37473,0,1358,17
1584503354.3233721,173.194.187.70,10.10.0.10,,,443,37473,0,1358,17
1584503354.3254569,10.10.0.10,173.194.187.70,,,37473,443,0,37,17
1584503354.3604922,173.194.187.70,10.10.0.10,,,443,37473,0,1358,17
1584503354.394581,10.10.0.10,173.194.187.70,,,37473,443,0,37,17
1584503354.397611,173.194.187.70,10.10.0.10,,,443,37473,0,1358,17
1584503354.4347339,173.194.187.70,10.10.0.10,,,443,37473,0,1358,17
1584503354.436184,10.10.0.10,173.194.187.70,,,37473,443,0,37,17
1584503354.4718552,173.194.187.70,10.10.0.10,,,443,37473,0,1358,17
1584503354.502954,10.10.0.10,173.194.187.70,,,37473,443,0,37,17
1584503354.5089786,173.194.187.70,10.10.0.10,,,443,37473,0,1358,17
1584503354.546106,173.194.187.70,10.10.0.10,,,443,37473,0,1358,17
1584503354.5480762,10.10.0.10,173.194.187.70,,,37473,443,0,37,17
1584503354.583227,173.194.187.70,10.10.0.10,,,443,37473,0,1358,17
1584503354.62035,173.194.187.70,10.10.0.10,,,443,37473,0,1358,17
1584503354.622803,10.10.0.10,173.194.187.70,,,37473,443,0,37,17
1584503354.6574738,173.194.187.70,10.10.0.10,,,443,37473,0,1358,17
1584503354.6945708,173.194.187.70,10.10.0.10,,,443,37473,0,1358,17
1584503354.695688,10.10.0.10,173.194.187.70,,,37473,443,0,37,17
1584503354.73169,173.194.187.70,10.10.0.10,,,443,37473,0,1358,17
1584503354.733417,10.10.0.10,173.194.187.70,,,37473,443,0,37,17
1584503354.768817,173.194.187.70,10.10.0.10,,,443,37473,0,1358,17
1584503354.8059332,173.194.187.70,10.10.0.10,,,443,37473,0,1358,17
1584503354.807682,10.10.0.10,173.194.187.70,,,37473,443,0,37,17
1584503354.8430538,173.194.187.70,10.10.0.10,,,443,37473,0,1358,17
1584503354.8801708,173.194.187.70,10.10.0.10,,,443,37473,0,1358,17
1584503354.883162,10.10.0.10,173.194.187.70,,,37473,443,0,37,17
1584503354.917294,173.194.187.70,10.10.0.10,,,443,37473,0,1358,17
1584503354.9544132,173.194.187.70,10.10.0.10,,,443,37473,0,1358,17
1584503354.9560509,10.10.0.10,173.194.187.70,,,37473,443,0,50,17
1584503354.991532,173.194.187.70,10.10.0.10,,,443,37473,0,1358,17
1584503355.0286489,173.194.187.70,10.10.0.10,,,443,37473,0,1358,17
1584503355.030907,10.10.0.10,173.194.187.70,,,37473,443,0,37,17
1584503355.0657759,173.194.187.70,10.10.0.10,,,443,37473,0,1358,17
1584503355.1028988,173.194.187.70,10.10.0.10,,,443,37473,0,1358,17
1584503355.1044116,10.10.0.10,173.194.187.70,,,37473,443,0,37,17
1584503355.140007,173.194.187.70,10.10.0.10,,,443,37473,0,1358,17
1584503355.177145,173.194.187.70,10.10.0.10,,,443,37473,0,1358,17
1584503355.192166,10.10.0.10,173.194.187.70,,,37473,443,0,37,17
1584503355.2142682,173.194.187.70,10.10.0.10,,,443,37473,0,29,17
1584503355.215931,173.194.187.70,10.10.0.10,,,443,37473,0,1358,17
1584503355.2530522,173.194.187.70,10.10.0.10,,,443,37473,0,1358,17
1584503355.255414,10.10.0.10,173.194.187.70,,,37473,443,0,37,17
1584503355.290172,173.194.187.70,10.10.0.10,,,443,37473,0,1358,17
1584503355.3272922,173.194.187.70,10.10.0.10,,,443,37473,0,1358,17
1584503355.328929,10.10.0.10,173.194.187.70,,,37473,443,0,37,17
1584503355.364415,173.194.187.70,10.10.0.10,,,443,37473,0,1358,17
1584503355.401531,173.194.187.70,10.10.0.10,,,443,37473,0,1358,17
1584503355.404033,10.10.0.10,173.194.187.70,,,37473,443,0,37,17
1584503355.4386525,173.194.187.70,10.10.0.10,,,443,37473,0,1358,17
1584503355.475773,173.194.187.70,10.10.0.10,,,443,37473,0,1358,17
1584503355.478173,10.10.0.10,173.194.187.70,,,37473,443,0,37,17
1584503355.5128922,173.194.187.70,10.10.0.10,,,443,37473,0,1358,17
1584503355.5500119,173.194.187.70,10.10.0.10,,,443,37473,0,1358,17
1584503355.5514214,10.10.0.10,173.194.187.70,,,37473,443,0,37,17
1584503355.587135,173.194.187.70,10.10.0.10,,,443,37473,0,1358,17
1584503355.5900528,10.10.0.10,173.194.187.70,,,37473,443,0,37,17
1584503355.6242578,173.194.187.70,10.10.0.10,,,443,37473,0,1358,17
1584503355.652153,10.10.0.10,173.194.187.70,,,37473,443,0,37,17
1584503355.6613832,173.194.187.70,10.10.0.10,,,443,37473,0,1358,17
1584503355.692167,10.10.0.10,173.194.187.70,,,37473,443,0,37,17
1584503355.6985102,173.194.187.70,10.10.0.10,,,443,37473,0,1358,17
1584503355.7356124,173.194.187.70,10.10.0.10,,,443,37473,0,1358,17
1584503355.7375212,10.10.0.10,173.194.187.70,,,37473,443,0,37,17
1584503355.7727342,173.194.187.70,10.10.0.10,,,443,37473,0,1358,17
1584503355.809852,173.194.187.70,10.10.0.10,,,443,37473,0,1358,17
1584503355.8119962,10.10.0.10,173.194.187.70,,,37473,443,0,37,17
1584503355.8469708,173.194.187.70,10.10.0.10,,,443,37473,0,1358,17
1584503355.8779204,10.10.0.10,173.194.187.70,,,37473,443,0,37,17
1584503355.884092,173.194.187.70,10.10.0.10,,,443,37473,0,1358,17
1584503355.9212098,173.194.187.70,10.10.0.10,,,443,37473,0,1358,17
1584503355.922914,10.10.0.10,173.194.187.70,,,37473,443,0,37,17
1584503355.958334,173.194.187.70,10.10.0.10,,,443,37473,0,1358,17
1584503355.995449,173.194.187.70,10.10.0.10,,,443,37473,0,1358,17
1584503355.9971461,10.10.0.10,173.194.187.70,,,37473,443,0,37,17
1584503356.03257,173.194.187.70,10.10.0.10,,,443,37473,0,1358,17
1584503356.069691,173.194.187.70,10.10.0.10,,,443,37473,0,1358,17
1584503356.072134,10.10.0.10,173.194.187.70,,,37473,443,0,37,17
1584503356.106815,173.194.187.70,10.10.0.10,,,443,37473,0,1358,17
1584503356.14395,173.194.187.70,10.10.0.10,,,443,37473,0,1358,17
1584503356.1462598,10.10.0.10,173.194.187.70,,,37473,443,0,37,17
1584503356.181056,173.194.187.70,10.10.0.10,,,443,37473,0,1358,17
1584503356.2181811,173.194.187.70,10.10.0.10,,,443,37473,0,1358,17
1584503356.219904,10.10.0.10,173.194.187.70,,,37473,443,0,37,17
1584503356.2553036,173.194.187.70,10.10.0.10,,,443,37473,0,1358,17
1584503356.292425,173.194.187.70,10.10.0.10,,,443,37473,0,1358,17
1584503356.294151,10.10.0.10,173.194.187.70,,,37473,443,0,50,17
1584503356.3295481,173.194.187.70,10.10.0.10,,,443,37473,0,1358,17
1584503356.366673,173.194.187.70,10.10.0.10,,,443,37473,0,1358,17
1584503356.3682525,10.10.0.10,173.194.187.70,,,37473,443,0,37,17
1584503356.4037714,173.194.187.70,10.10.0.10,,,443,37473,0,1358,17
1584503356.4408922,173.194.187.70,10.10.0.10,,,443,37473,0,1358,17
1584503356.4418821,10.10.0.10,173.194.187.70,,,37473,443,0,37,17
1584503356.478013,173.194.187.70,10.10.0.10,,,443,37473,0,1358,17
1584503356.4803965,10.10.0.10,173.194.187.70,,,37473,443,0,37,17
1584503356.515134,173.194.187.70,10.10.0.10,,,443,37473,0,1358,17
1584503356.5427492,10.10.0.10,173.194.187.70,,,37473,443,0,37,17
1584503356.552253,173.194.187.70,10.10.0.10,,,443,37473,0,1358,17
1584503356.58937,173.194.187.70,10.10.0.10,,,443,37473,0,1358,17
1584503356.591016,10.10.0.10,173.194.187.70,,,37473,443,0,37,17
1584503356.6264908,173.194.187.70,10.10.0.10,,,443,37473,0,1358,17
1584503356.663611,173.194.187.70,10.10.0.10,,,443,37473,0,1358,17
1584503356.6658704,10.10.0.10,173.194.187.70,,,37473,443,0,37,17
1584503356.700734,173.194.187.70,10.10.0.10,,,443,37473,0,1358,17
1584503356.73785,173.194.187.70,10.10.0.10,,,443,37473,0,1358,17
1584503356.739484,10.10.0.10,173.194.187.70,,,37473,443,0,37,17
1584503356.774975,173.194.187.70,10.10.0.10,,,443,37473,0,1358,17
1584503356.812099,173.194.187.70,10.10.0.10,,,443,37473,0,1358,17
1584503356.813619,10.10.0.10,173.194.187.70,,,37473,443,0,37,17
1584503356.8492231,173.194.187.70,10.10.0.10,,,443,37473,0,1358,17
1584503356.886345,173.194.187.70,10.10.0.10,,,443,37473,0,1358,17
1584503356.887864,10.10.0.10,173.194.187.70,,,37473,443,0,37,17
1584503356.923451,173.194.187.70,10.10.0.10,,,443,37473,0,1358,17
1584503356.960579,173.194.187.70,10.10.0.10,,,443,37473,0,1358,17
1584503356.9622188,10.10.0.10,173.194.187.70,,,37473,443,0,37,17
1584503356.997689,173.194.187.70,10.10.0.10,,,443,37473,0,1358,17
1584503357.0348108,173.194.187.70,10.10.0.10,,,443,37473,0,1358,17
1584503357.0378294,10.10.0.10,173.194.187.70,,,37473,443,0,37,17
1584503357.071948,173.194.187.70,10.10.0.10,,,443,37473,0,1358,17
1584503357.1090527,173.194.187.70,10.10.0.10,,,443,37473,0,1358,17
1584503357.1111321,10.10.0.10,173.194.187.70,,,37473,443,0,37,17
1584503357.1461742,173.194.187.70,10.10.0.10,,,443,37473,0,1358,17
1584503357.183291,173.194.187.70,10.10.0.10,,,443,37473,0,1358,17
1584503357.184856,10.10.0.10,173.194.187.70,,,37473,443,0,37,17
1584503357.2204142,173.194.187.70,10.10.0.10,,,443,37473,0,1358,17
1584503357.257537,173.194.187.70,10.10.0.10,,,443,37473,0,1358,17
1584503357.2591262,10.10.0.10,173.194.187.70,,,37473,443,0,37,17
1584503357.2946508,173.194.187.70,10.10.0.10,,,443,37473,0,1358,17
1584503357.331773,173.194.187.70,10.10.0.10,,,443,37473,0,1358,17
1584503357.3337262,10.10.0.10,173.194.187.70,,,37473,443,0,37,17
1584503357.368896,173.194.187.70,10.10.0.10,,,443,37473,0,1358,17
1584503357.406021,173.194.187.70,10.10.0.10,,,443,37473,0,1358,17
1584503357.4076188,10.10.0.10,173.194.187.70,,,37473,443,0,37,17
1584503357.4431438,173.194.187.70,10.10.0.10,,,443,37473,0,1358,17
1584503357.478714,10.10.0.10,173.194.187.70,,,37473,443,0,37,17
1584503357.4802668,173.194.187.70,10.10.0.10,,,443,37473,0,1358,17
1584503357.517389,173.194.187.70,10.10.0.10,,,443,37473,0,1358,17
1584503357.518973,10.10.0.10,173.194.187.70,,,37473,443,0,37,17
1584503357.5545142,173.194.187.70,10.10.0.10,,,443,37473,0,1358,17
1584503357.59161,173.194.187.70,10.10.0.10,,,443,37473,0,1358,17
1584503357.593467,10.10.0.10,173.194.187.70,,,37473,443,0,37,17
1584503357.6287308,173.194.187.70,10.10.0.10,,,443,37473,0,1358,17
1584503357.665854,173.194.187.70,10.10.0.10,,,443,37473,0,1358,17
1584503357.66809,10.10.0.10,173.194.187.70,,,37473,443,0,50,17
1584503357.702971,173.194.187.70,10.10.0.10,,,443,37473,0,1358,17
1584503357.7445474,173.194.187.70,10.10.0.10,,,443,37473,0,1358,17
1584503357.7466161,10.10.0.10,173.194.187.70,,,37473,443,0,37,17
1584503357.7816658,173.194.187.70,10.10.0.10,,,443,37473,0,1358,17
1584503357.8102348,10.10.0.10,173.194.187.70,,,37473,443,0,37,17
1584503357.8187811,173.194.187.70,10.10.0.10,,,443,37473,0,1358,17
1584503357.8559039,173.194.187.70,10.10.0.10,,,443,37473,0,1358,17
1584503357.8602028,10.10.0.10,173.194.187.70,,,37473,443,0,37,17
1584503357.893025,173.194.187.70,10.10.0.10,,,443,37473,0,1358,17
1584503357.9301422,173.194.187.70,10.10.0.10,,,443,37473,0,1358,17
1584503357.932078,10.10.0.10,173.194.187.70,,,37473,443,0,37,17
1584503357.9672651,173.194.187.70,10.10.0.10,,,443,37473,0,1358,17
1584503358.004383,173.194.187.70,10.10.0.10,,,443,37473,0,1358,17
1584503358.006231,10.10.0.10,173.194.187.70,,,37473,443,0,37,17
1584503358.045954,173.194.187.70,10.10.0.10,,,443,37473,0,1358,17
1584503358.083078,173.194.187.70,10.10.0.10,,,443,37473,0,1358,17
1584503358.0856981,10.10.0.10,173.194.187.70,,,37473,443,0,37,17
1584503358.120195,173.194.187.70,10.10.0.10,,,443,37473,0,1358,17
1584503358.15732,173.194.187.70,10.10.0.10,,,443,37473,0,1358,17
1584503358.1592019,10.10.0.10,173.194.187.70,,,37473,443,0,37,17
1584503358.1944392,173.194.187.70,10.10.0.10,,,443,37473,0,1358,17
1584503358.231562,173.194.187.70,10.10.0.10,,,443,37473,0,1358,17
1584503358.233325,10.10.0.10,173.194.187.70,,,37473,443,0,37,17
1584503358.26868,173.194.187.70,10.10.0.10,,,443,37473,0,1358,17
1584503358.303719,10.10.0.10,173.194.187.70,,,37473,443,0,37,17
1584503358.3058052,173.194.187.70,10.10.0.10,,,443,37473,0,1358,17
1584503358.347373,173.194.187.70,10.10.0.10,,,443,37473,0,1358,17
1584503358.3494446,10.10.0.10,173.194.187.70,,,37473,443,0,37,17
1584503358.3844922,173.194.187.70,10.10.0.10,,,443,37473,0,1358,17
1584503358.421618,173.194.187.70,10.10.0.10,,,443,37473,0,1358,17
1584503358.423217,10.10.0.10,173.194.187.70,,,37473,443,0,37,17
1584503358.4587462,173.194.187.70,10.10.0.10,,,443,37473,0,1358,17
1584503358.4958642,173.194.187.70,10.10.0.10,,,443,37473,0,1358,17
1584503358.497585,10.10.0.10,173.194.187.70,,,37473,443,0,37,17
1584503358.5329866,173.194.187.70,10.10.0.10,,,443,37473,0,1358,17
1584503358.570111,173.194.187.70,10.10.0.10,,,443,37473,0,1358,17
1584503358.5729148,10.10.0.10,173.194.187.70,,,37473,443,0,37,17
1584503358.607233,173.194.187.70,10.10.0.10,,,443,37473,0,1358,17
1584503358.64433,173.194.187.70,10.10.0.10,,,443,37473,0,1358,17
1584503358.6469562,10.10.0.10,173.194.187.70,,,37473,443,0,37,17
1584503358.6814554,173.194.187.70,10.10.0.10,,,443,37473,0,1358,17
1584503358.718574,173.194.187.70,10.10.0.10,,,443,37473,0,1358,17
1584503358.7213302,10.10.0.10,173.194.187.70,,,37473,443,0,37,17
1584503358.7556946,173.194.187.70,10.10.0.10,,,443,37473,0,1358,17
1584503358.792814,173.194.187.70,10.10.0.10,,,443,37473,0,1358,17
1584503358.7949538,10.10.0.10,173.194.187.70,,,37473,443,0,37,17
1584503358.8299332,173.194.187.70,10.10.0.10,,,443,37473,0,1358,17
1584503358.8670552,173.194.187.70,10.10.0.10,,,443,37473,0,1358,17
1584503358.868449,10.10.0.10,173.194.187.70,,,37473,443,0,37,17
1584503358.9041731,173.194.187.70,10.10.0.10,,,443,37473,0,1358,17
1584503358.905801,10.10.0.10,173.194.187.70,,,37473,443,0,37,17
1584503358.9412909,173.194.187.70,10.10.0.10,,,443,37473,0,1358,17
1584503358.978415,173.194.187.70,10.10.0.10,,,443,37473,0,1358,17
1584503358.980071,10.10.0.10,173.194.187.70,,,37473,443,0,37,17
1584503359.015528,173.194.187.70,10.10.0.10,,,443,37473,0,1358,17
1584503359.052651,173.194.187.70,10.10.0.10,,,443,37473,0,1358,17
1584503359.0545402,10.10.0.10,173.194.187.70,,,37473,443,0,50,17
1584503359.089769,173.194.187.70,10.10.0.10,,,443,37473,0,1358,17
1584503359.126888,173.194.187.70,10.10.0.10,,,443,37473,0,1358,17
1584503359.1286561,10.10.0.10,173.194.187.70,,,37473,443,0,37,17
1584503359.164007,173.194.187.70,10.10.0.10,,,443,37473,0,1358,17
1584503359.201133,173.194.187.70,10.10.0.10,,,443,37473,0,1358,17
1584503359.203923,10.10.0.10,173.194.187.70,,,37473,443,0,37,17
1584503359.2382526,173.194.187.70,10.10.0.10,,,443,37473,0,1358,17
1584503359.2753706,173.194.187.70,10.10.0.10,,,443,37473,0,1358,17
1584503359.278439,10.10.0.10,173.194.187.70,,,37473,443,0,37,17
1584503359.312493,173.194.187.70,10.10.0.10,,,443,37473,0,1358,17
1584503359.3496122,173.194.187.70,10.10.0.10,,,443,37473,0,1358,17
1584503359.354542,10.10.0.10,173.194.187.70,,,37473,443,0,37,17
1584503359.386735,173.194.187.70,10.10.0.10,,,443,37473,0,1358,17
1584503359.4238534,173.194.187.70,10.10.0.10,,,443,37473,0,1358,17
1584503359.427434,10.10.0.10,173.194.187.70,,,37473,443,0,37,17
1584503359.460969,173.194.187.70,10.10.0.10,,,443,37473,0,1353,17
1584503359.4733028,10.10.0.10,173.194.187.70,,,37473,443,0,736,17
1584503359.474183,10.10.0.10,173.194.187.70,,,37473,443,0,48,17
1584503359.4814372,10.10.0.10,173.194.187.70,,,37473,443,0,748,17
1584503359.481462,10.10.0.10,173.194.187.70,,,37473,443,0,48,17
1584503359.4979641,173.194.187.70,10.10.0.10,,,443,37473,0,29,17
1584503359.4996452,173.194.187.70,10.10.0.10,,,443,37473,0,108,17
1584503359.5034268,173.194.187.70,10.10.0.10,,,443,37473,0,1358,17
1584503359.505786,10.10.0.10,173.194.187.70,,,37473,443,0,37,17
1584503359.5405474,173.194.187.70,10.10.0.10,,,443,37473,0,1358,17
1584503359.577668,173.194.187.70,10.10.0.10,,,443,37473,0,1358,17
1584503359.5800462,10.10.0.10,173.194.187.70,,,37473,443,0,37,17
1584503359.614786,173.194.187.70,10.10.0.10,,,443,37473,0,1358,17
1584503359.647552,10.10.0.10,173.194.187.70,,,37473,443,0,37,17
1584503359.651905,173.194.187.70,10.10.0.10,,,443,37473,0,1358,17
1584503359.689023,173.194.187.70,10.10.0.10,,,443,37473,0,1358,17
1584503359.690782,10.10.0.10,173.194.187.70,,,37473,443,0,37,17
1584503359.726146,173.194.187.70,10.10.0.10,,,443,37473,0,1358,17
1584503359.7632651,173.194.187.70,10.10.0.10,,,443,37473,0,1358,17
1584503359.7651742,10.10.0.10,173.194.187.70,,,37473,443,0,37,17
1584503359.800386,173.194.187.70,10.10.0.10,,,443,37473,0,1358,17
1584503359.837512,173.194.187.70,10.10.0.10,,,443,37473,0,29,17
1584503359.839199,173.194.187.70,10.10.0.10,,,443,37473,0,1358,17
1584503359.839271,10.10.0.10,173.194.187.70,,,37473,443,0,37,17
1584503359.8763056,173.194.187.70,10.10.0.10,,,443,37473,0,1358,17
1584503359.878047,10.10.0.10,173.194.187.70,,,37473,443,0,37,17
1584503359.9134452,173.194.187.70,10.10.0.10,,,443,37473,0,1358,17
1584503359.950543,173.194.187.70,10.10.0.10,,,443,37473,0,1358,17
1584503359.954028,10.10.0.10,173.194.187.70,,,37473,443,0,37,17
1584503359.987665,173.194.187.70,10.10.0.10,,,443,37473,0,1358,17
1584503360.0247831,173.194.187.70,10.10.0.10,,,443,37473,0,1358,17
1584503360.0269082,10.10.0.10,173.194.187.70,,,37473,443,0,37,17
1584503360.061903,173.194.187.70,10.10.0.10,,,443,37473,0,1358,17
1584503360.0990222,173.194.187.70,10.10.0.10,,,443,37473,0,1358,17
1584503360.101146,10.10.0.10,173.194.187.70,,,37473,443,0,37,17
1584503360.136143,173.194.187.70,10.10.0.10,,,443,37473,0,1358,17
1584503360.173265,173.194.187.70,10.10.0.10,,,443,37473,0,1358,17
1584503360.175139,10.10.0.10,173.194.187.70,,,37473,443,0,37,17
1584503360.2103848,173.194.187.70,10.10.0.10,,,443,37473,0,1358,17
1584503360.2475061,173.194.187.70,10.10.0.10,,,443,37473,0,1358,17
1584503360.2500348,10.10.0.10,173.194.187.70,,,37473,443,0,37,17
1584503360.284626,173.194.187.70,10.10.0.10,,,443,37473,0,1358,17
1584503360.321746,173.194.187.70,10.10.0.10,,,443,37473,0,1358,17
1584503360.323782,10.10.0.10,173.194.187.70,,,37473,443,0,37,17
1584503360.35887,173.194.187.70,10.10.0.10,,,443,37473,0,1358,17
1584503360.395993,173.194.187.70,10.10.0.10,,,443,37473,0,1358,17
1584503360.3975332,10.10.0.10,173.194.187.70,,,37473,443,0,37,17
1584503360.433119,173.194.187.70,10.10.0.10,,,443,37473,0,1358,17
1584503360.4702268,173.194.187.70,10.10.0.10,,,443,37473,0,1358,17
1584503360.4720292,10.10.0.10,173.194.187.70,,,37473,443,0,37,17
1584503360.5073464,173.194.187.70,10.10.0.10,,,443,37473,0,1358,17
1584503360.544468,173.194.187.70,10.10.0.10,,,443,37473,0,1358,17
1584503360.546509,10.10.0.10,173.194.187.70,,,37473,443,0,37,17
1584503360.581585,173.194.187.70,10.10.0.10,,,443,37473,0,1358,17
1584503360.618705,173.194.187.70,10.10.0.10,,,443,37473,0,1358,17
1584503360.623379,10.10.0.10,173.194.187.70,,,37473,443,0,37,17
1584503360.655826,173.194.187.70,10.10.0.10,,,443,37473,0,1358,17
1584503360.692944,173.194.187.70,10.10.0.10,,,443,37473,0,1358,17
1584503360.6951492,10.10.0.10,173.194.187.70,,,37473,443,0,37,17
1584503360.7300699,173.194.187.70,10.10.0.10,,,443,37473,0,1358,17
1584503360.761367,10.10.0.10,173.194.187.70,,,37473,443,0,37,17
1584503360.76719,173.194.187.70,10.10.0.10,,,443,37473,0,1358,17
1584503360.8043091,173.194.187.70,10.10.0.10,,,443,37473,0,1358,17
1584503360.8060179,10.10.0.10,173.194.187.70,,,37473,443,0,50,17
1584503360.8414214,173.194.187.70,10.10.0.10,,,443,37473,0,1358,17
1584503360.8785448,173.194.187.70,10.10.0.10,,,443,37473,0,1358,17
1584503360.880141,10.10.0.10,173.194.187.70,,,37473,443,0,37,17
1584503360.9156704,173.194.187.70,10.10.0.10,,,443,37473,0,1358,17
1584503360.9527822,173.194.187.70,10.10.0.10,,,443,37473,0,1358,17
1584503360.954741,10.10.0.10,173.194.187.70,,,37473,443,0,37,17
1584503360.989903,173.194.187.70,10.10.0.10,,,443,37473,0,1358,17
1584503361.027023,173.194.187.70,10.10.0.10,,,443,37473,0,1358,17
1584503361.03052,10.10.0.10,173.194.187.70,,,37473,443,0,37,17
1584503361.06414,173.194.187.70,10.10.0.10,,,443,37473,0,1358,17
1584503361.1012619,173.194.187.70,10.10.0.10,,,443,37473,0,1358,17
1584503361.103105,10.10.0.10,173.194.187.70,,,37473,443,0,37,17
1584503361.138385,173.194.187.70,10.10.0.10,,,443,37473,0,1358,17
1584503361.175506,173.194.187.70,10.10.0.10,,,443,37473,0,1358,17
1584503361.1772122,10.10.0.10,173.194.187.70,,,37473,443,0,37,17
1584503361.212625,173.194.187.70,10.10.0.10,,,443,37473,0,1358,17
1584503361.2497478,173.194.187.70,10.10.0.10,,,443,37473,0,1358,17
1584503361.251736,10.10.0.10,173.194.187.70,,,37473,443,0,37,17
1584503361.286863,173.194.187.70,10.10.0.10,,,443,37473,0,1358,17
1584503361.323984,173.194.187.70,10.10.0.10,,,443,37473,0,1358,17
1584503361.326254,10.10.0.10,173.194.187.70,,,37473,443,0,37,17
1584503361.3611062,173.194.187.70,10.10.0.10,,,443,37473,0,1358,17
1584503361.398227,173.194.187.70,10.10.0.10,,,443,37473,0,1358,17
1584503361.399733,10.10.0.10,173.194.187.70,,,37473,443,0,37,17
1584503361.4353411,173.194.187.70,10.10.0.10,,,443,37473,0,1358,17
1584503361.4724698,173.194.187.70,10.10.0.10,,,443,37473,0,1358,17
1584503361.4739802,10.10.0.10,173.194.187.70,,,37473,443,0,37,17
1584503361.5095859,173.194.187.70,10.10.0.10,,,443,37473,0,1358,17
1584503361.546711,173.194.187.70,10.10.0.10,,,443,37473,0,1358,17
1584503361.5483751,10.10.0.10,173.194.187.70,,,37473,443,0,37,17
1584503361.5838358,173.194.187.70,10.10.0.10,,,443,37473,0,1358,17
1584503361.62096,173.194.187.70,10.10.0.10,,,443,37473,0,1358,17
1584503361.622995,10.10.0.10,173.194.187.70,,,37473,443,0,37,17
1584503361.658066,173.194.187.70,10.10.0.10,,,443,37473,0,1358,17
1584503361.695186,173.194.187.70,10.10.0.10,,,443,37473,0,1358,17
1584503361.6972241,10.10.0.10,173.194.187.70,,,37473,443,0,37,17
1584503361.732306,173.194.187.70,10.10.0.10,,,443,37473,0,1358,17
1584503361.7694259,173.194.187.70,10.10.0.10,,,443,37473,0,1358,17
1584503361.771959,10.10.0.10,173.194.187.70,,,37473,443,0,37,17
1584503361.8065405,173.194.187.70,10.10.0.10,,,443,37473,0,1358,17
1584503361.8352249,10.10.0.10,173.194.187.70,,,37473,443,0,37,17
1584503361.8436651,173.194.187.70,10.10.0.10,,,443,37473,0,1358,17
1584503361.880786,173.194.187.70,10.10.0.10,,,443,37473,0,1358,17
1584503361.882622,10.10.0.10,173.194.187.70,,,37473,443,0,37,17
1584503361.9179044,173.194.187.70,10.10.0.10,,,443,37473,0,1358,17
1584503361.9522364,10.10.0.10,173.194.187.70,,,37473,443,0,37,17
1584503361.955024,173.194.187.70,10.10.0.10,,,443,37473,0,1358,17
1584503361.992154,173.194.187.70,10.10.0.10,,,443,37473,0,1358,17
1584503361.994603,10.10.0.10,173.194.187.70,,,37473,443,0,37,17
1584503362.029265,173.194.187.70,10.10.0.10,,,443,37473,0,1358,17
1584503362.0663881,173.194.187.70,10.10.0.10,,,443,37473,0,1358,17
1584503362.06809,10.10.0.10,173.194.187.70,,,37473,443,0,37,17
1584503362.1035109,173.194.187.70,10.10.0.10,,,443,37473,0,1358,17
1584503362.1406221,173.194.187.70,10.10.0.10,,,443,37473,0,1358,17
1584503362.142609,10.10.0.10,173.194.187.70,,,37473,443,0,37,17
1584503362.177742,173.194.187.70,10.10.0.10,,,443,37473,0,1358,17
1584503362.2148778,173.194.187.70,10.10.0.10,,,443,37473,0,1358,17
1584503362.217106,10.10.0.10,173.194.187.70,,,37473,443,0,50,17
1584503362.25198,173.194.187.70,10.10.0.10,,,443,37473,0,1358,17
1584503362.2891052,173.194.187.70,10.10.0.10,,,443,37473,0,1358,17
1584503362.290976,10.10.0.10,173.194.187.70,,,37473,443,0,37,17
1584503362.3262372,173.194.187.70,10.10.0.10,,,443,37473,0,1358,17
1584503362.363345,173.194.187.70,10.10.0.10,,,443,37473,0,1358,17
1584503362.3657231,10.10.0.10,173.194.187.70,,,37473,443,0,37,17
1584503362.400463,173.194.187.70,10.10.0.10,,,443,37473,0,1358,17
1584503362.4375849,173.194.187.70,10.10.0.10,,,443,37473,0,1358,17
1584503362.4392028,10.10.0.10,173.194.187.70,,,37473,443,0,37,17
1584503362.4747078,173.194.187.70,10.10.0.10,,,443,37473,0,1358,17
1584503362.5118241,173.194.187.70,10.10.0.10,,,443,37473,0,1358,17
1584503362.514344,10.10.0.10,173.194.187.70,,,37473,443,0,37,17
1584503362.548945,173.194.187.70,10.10.0.10,,,443,37473,0,1358,17
1584503362.583833,10.10.0.10,173.194.187.70,,,37473,443,0,37,17
1584503362.586066,173.194.187.70,10.10.0.10,,,443,37473,0,1358,17
1584503362.623182,173.194.187.70,10.10.0.10,,,443,37473,0,1358,17
1584503362.6248198,10.10.0.10,173.194.187.70,,,37473,443,0,37,17
1584503362.660306,173.194.187.70,10.10.0.10,,,443,37473,0,1358,17
1584503362.6949468,10.10.0.10,173.194.187.70,,,37473,443,0,37,17
1584503362.6974275,173.194.187.70,10.10.0.10,,,443,37473,0,1358,17
1584503362.733338,10.10.0.10,173.194.187.70,,,37473,443,0,37,17
1584503362.734551,173.194.187.70,10.10.0.10,,,443,37473,0,1358,17
1584503362.771683,173.194.187.70,10.10.0.10,,,443,37473,0,1358,17
1584503362.773162,10.10.0.10,173.194.187.70,,,37473,443,0,37,17
1584503362.808801,173.194.187.70,10.10.0.10,,,443,37473,0,1358,17
1584503362.845922,173.194.187.70,10.10.0.10,,,443,37473,0,1358,17
1584503362.875584,10.10.0.10,173.194.187.70,,,37473,443,0,37,17
1584503362.883026,173.194.187.70,10.10.0.10,,,443,37473,0,1358,17
1584503362.920149,173.194.187.70,10.10.0.10,,,443,37473,0,1358,17
1584503362.922805,10.10.0.10,173.194.187.70,,,37473,443,0,37,17
1584503362.957266,173.194.187.70,10.10.0.10,,,443,37473,0,1358,17
1584503362.994383,173.194.187.70,10.10.0.10,,,443,37473,0,1358,17
1584503362.995933,10.10.0.10,173.194.187.70,,,37473,443,0,37,17
1584503363.031504,173.194.187.70,10.10.0.10,,,443,37473,0,1358,17
1584503363.0686266,173.194.187.70,10.10.0.10,,,443,37473,0,1358,17
1584503363.070457,10.10.0.10,173.194.187.70,,,37473,443,0,37,17
1584503363.105748,173.194.187.70,10.10.0.10,,,443,37473,0,1358,17
1584503363.1428692,173.194.187.70,10.10.0.10,,,443,37473,0,1358,17
1584503363.144562,10.10.0.10,173.194.187.70,,,37473,443,0,37,17
1584503363.1799831,173.194.187.70,10.10.0.10,,,443,37473,0,1358,17
1584503363.217106,173.194.187.70,10.10.0.10,,,443,37473,0,1358,17
1584503363.21945,10.10.0.10,173.194.187.70,,,37473,443,0,37,17
1584503363.254227,173.194.187.70,10.10.0.10,,,443,37473,0,1358,17
1584503363.291351,173.194.187.70,10.10.0.10,,,443,37473,0,1358,17
1584503363.292926,10.10.0.10,173.194.187.70,,,37473,443,0,37,17
1584503363.3284678,173.194.187.70,10.10.0.10,,,443,37473,0,1358,17
1584503363.365601,173.194.187.70,10.10.0.10,,,443,37473,0,1358,17
1584503363.3670714,10.10.0.10,173.194.187.70,,,37473,443,0,37,17
1584503363.40272,173.194.187.70,10.10.0.10,,,443,37473,0,1358,17
1584503363.4042988,10.10.0.10,173.194.187.70,,,37473,443,0,37,17
1584503363.439844,173.194.187.70,10.10.0.10,,,443,37473,0,1358,17
1584503363.4769652,173.194.187.70,10.10.0.10,,,443,37473,0,1358,17
1584503363.4787948,10.10.0.10,173.194.187.70,,,37473,443,0,37,17
1584503363.514064,173.194.187.70,10.10.0.10,,,443,37473,0,1358,17
1584503363.547442,10.10.0.10,173.194.187.70,,,37473,443,0,50,17
1584503363.551185,173.194.187.70,10.10.0.10,,,443,37473,0,1358,17
1584503363.5874202,10.10.0.10,173.194.187.70,,,37473,443,0,37,17
1584503363.588305,173.194.187.70,10.10.0.10,,,443,37473,0,1358,17
1584503363.6254268,173.194.187.70,10.10.0.10,,,443,37473,0,1358,17
1584503363.6270418,10.10.0.10,173.194.187.70,,,37473,443,0,37,17
1584503363.662544,173.194.187.70,10.10.0.10,,,443,37473,0,1358,17
1584503363.699666,173.194.187.70,10.10.0.10,,,443,37473,0,1358,17
1584503363.702039,10.10.0.10,173.194.187.70,,,37473,443,0,37,17
1584503363.736784,173.194.187.70,10.10.0.10,,,443,37473,0,29,17
1584503363.738466,173.194.187.70,10.10.0.10,,,443,37473,0,1358,17
1584503363.775586,173.194.187.70,10.10.0.10,,,443,37473,0,1358,17
1584503363.777432,10.10.0.10,173.194.187.70,,,37473,443,0,37,17
1584503363.81271,173.194.187.70,10.10.0.10,,,443,37473,0,1358,17
1584503363.849834,173.194.187.70,10.10.0.10,,,443,37473,0,1358,17
1584503363.851536,10.10.0.10,173.194.187.70,,,37473,443,0,37,17
1584503363.886959,173.194.187.70,10.10.0.10,,,443,37473,0,1358,17
1584503363.9240801,173.194.187.70,10.10.0.10,,,443,37473,0,1358,17
1584503363.9261491,10.10.0.10,173.194.187.70,,,37473,443,0,37,17
1584503363.9612026,173.194.187.70,10.10.0.10,,,443,37473,0,1358,17
1584503363.998303,173.194.187.70,10.10.0.10,,,443,37473,0,1358,17
1584503364.0017366,10.10.0.10,173.194.187.70,,,37473,443,0,37,17
1584503364.035425,173.194.187.70,10.10.0.10,,,443,37473,0,1358,17
1584503364.072546,173.194.187.70,10.10.0.10,,,443,37473,0,1358,17
1584503364.0741544,10.10.0.10,173.194.187.70,,,37473,443,0,37,17
1584503364.1096678,173.194.187.70,10.10.0.10,,,443,37473,0,1358,17
1584503364.1467881,173.194.187.70,10.10.0.10,,,443,37473,0,1358,17
1584503364.1488,10.10.0.10,173.194.187.70,,,37473,443,0,37,17
1584503364.183904,173.194.187.70,10.10.0.10,,,443,37473,0,1358,17
1584503364.2210221,173.194.187.70,10.10.0.10,,,443,37473,0,1358,17
1584503364.2241502,10.10.0.10,173.194.187.70,,,37473,443,0,37,17
1584503364.2581468,173.194.187.70,10.10.0.10,,,443,37473,0,1358,17
1584503364.295264,173.194.187.70,10.10.0.10,,,443,37473,0,1358,17
1584503364.2967708,10.10.0.10,173.194.187.70,,,37473,443,0,37,17
1584503364.332386,173.194.187.70,10.10.0.10,,,443,37473,0,1358,17
1584503364.3695061,173.194.187.70,10.10.0.10,,,443,37473,0,1358,17
1584503364.371165,10.10.0.10,173.194.187.70,,,37473,443,0,37,17
1584503364.406627,173.194.187.70,10.10.0.10,,,443,37473,0,1358,17
1584503364.4437509,173.194.187.70,10.10.0.10,,,443,37473,0,1358,17
1584503364.445394,10.10.0.10,173.194.187.70,,,37473,443,0,37,17
1584503364.4808776,173.194.187.70,10.10.0.10,,,443,37473,0,1358,17
1584503364.517999,173.194.187.70,10.10.0.10,,,443,37473,0,1358,17
1584503364.5196602,10.10.0.10,173.194.187.70,,,37473,443,0,37,17
1584503364.5551028,173.194.187.70,10.10.0.10,,,443,37473,0,1358,17
1584503364.592225,173.194.187.70,10.10.0.10,,,443,37473,0,1358,17
1584503364.5939078,10.10.0.10,173.194.187.70,,,37473,443,0,37,17
1584503364.629344,173.194.187.70,10.10.0.10,,,443,37473,0,1358,17
1584503364.666466,173.194.187.70,10.10.0.10,,,443,37473,0,1358,17
1584503364.669281,10.10.0.10,173.194.187.70,,,37473,443,0,37,17
1584503364.7035859,173.194.187.70,10.10.0.10,,,443,37473,0,1358,17
1584503364.740705,173.194.187.70,10.10.0.10,,,443,37473,0,1358,17
1584503364.7424028,10.10.0.10,173.194.187.70,,,37473,443,0,37,17
1584503364.7778268,173.194.187.70,10.10.0.10,,,443,37473,0,1358,17
1584503364.814944,173.194.187.70,10.10.0.10,,,443,37473,0,1358,17
1584503364.816516,10.10.0.10,173.194.187.70,,,37473,443,0,37,17
1584503364.8520648,173.194.187.70,10.10.0.10,,,443,37473,0,1358,17
1584503364.8891866,173.194.187.70,10.10.0.10,,,443,37473,0,1358,17
1584503364.891008,10.10.0.10,173.194.187.70,,,37473,443,0,37,17
1584503364.926305,173.194.187.70,10.10.0.10,,,443,37473,0,1358,17
1584503364.963425,173.194.187.70,10.10.0.10,,,443,37473,0,1358,17
1584503364.965252,10.10.0.10,173.194.187.70,,,37473,443,0,50,17
1584503365.0005429,173.194.187.70,10.10.0.10,,,443,37473,0,1358,17
1584503365.037674,173.194.187.70,10.10.0.10,,,443,37473,0,1358,17
1584503365.0402858,10.10.0.10,173.194.187.70,,,37473,443,0,37,17
1584503365.0747821,173.194.187.70,10.10.0.10,,,443,37473,0,1358,17
1584503365.111902,173.194.187.70,10.10.0.10,,,443,37473,0,1358,17
1584503365.113878,10.10.0.10,173.194.187.70,,,37473,443,0,37,17
1584503365.14903,173.194.187.70,10.10.0.10,,,443,37473,0,1358,17
1584503365.186143,173.194.187.70,10.10.0.10,,,443,37473,0,29,17
1584503365.1878178,173.194.187.70,10.10.0.10,,,443,37473,0,1358,17
1584503365.1878538,10.10.0.10,173.194.187.70,,,37473,443,0,37,17
1584503365.224946,173.194.187.70,10.10.0.10,,,443,37473,0,1358,17
1584503365.226872,10.10.0.10,173.194.187.70,,,37473,443,0,37,17
1584503365.262064,173.194.187.70,10.10.0.10,,,443,37473,0,1358,17
1584503365.299184,173.194.187.70,10.10.0.10,,,443,37473,0,1358,17
1584503365.3018892,10.10.0.10,173.194.187.70,,,37473,443,0,37,17
1584503365.3363068,173.194.187.70,10.10.0.10,,,443,37473,0,1358,17
1584503365.3734279,173.194.187.70,10.10.0.10,,,443,37473,0,1358,17
1584503365.3758821,10.10.0.10,173.194.187.70,,,37473,443,0,37,17
1584503365.4105446,173.194.187.70,10.10.0.10,,,443,37473,0,1358,17
1584503365.44767,173.194.187.70,10.10.0.10,,,443,37473,0,1358,17
1584503365.450134,10.10.0.10,173.194.187.70,,,37473,443,0,37,17
1584503365.4847882,173.194.187.70,10.10.0.10,,,443,37473,0,1358,17
1584503365.5219102,173.194.187.70,10.10.0.10,,,443,37473,0,1358,17
1584503365.5234866,10.10.0.10,173.194.187.70,,,37473,443,0,37,17
1584503365.5590365,173.194.187.70,10.10.0.10,,,443,37473,0,1358,17
1584503365.5865052,10.10.0.10,173.194.187.70,,,37473,443,0,37,17
1584503365.5961401,173.194.187.70,10.10.0.10,,,443,37473,0,1358,17
1584503365.633263,173.194.187.70,10.10.0.10,,,443,37473,0,1358,17
1584503365.6364696,10.10.0.10,173.194.187.70,,,37473,443,0,37,17
1584503365.670404,173.194.187.70,10.10.0.10,,,443,37473,0,1358,17
1584503365.698256,10.10.0.10,173.194.187.70,,,37473,443,0,37,17
1584503365.7075288,173.194.187.70,10.10.0.10,,,443,37473,0,1358,17
1584503365.738127,10.10.0.10,173.194.187.70,,,37473,443,0,37,17
1584503365.744623,173.194.187.70,10.10.0.10,,,443,37473,0,1358,17
1584503365.7817476,173.194.187.70,10.10.0.10,,,443,37473,0,1358,17
1584503365.7835965,10.10.0.10,173.194.187.70,,,37473,443,0,37,17
1584503365.818865,173.194.187.70,10.10.0.10,,,443,37473,0,1358,17
1584503365.8559802,173.194.187.70,10.10.0.10,,,443,37473,0,1358,17
1584503365.857595,10.10.0.10,173.194.187.70,,,37473,443,0,37,17
1584503365.8931036,173.194.187.70,10.10.0.10,,,443,37473,0,1358,17
1584503365.930222,173.194.187.70,10.10.0.10,,,443,37473,0,1358,17
1584503365.9322364,10.10.0.10,173.194.187.70,,,37473,443,0,37,17
1584503365.9673412,173.194.187.70,10.10.0.10,,,443,37473,0,1358,17
1584503366.004462,173.194.187.70,10.10.0.10,,,443,37473,0,1358,17
1584503366.006353,10.10.0.10,173.194.187.70,,,37473,443,0,37,17
1584503366.041592,173.194.187.70,10.10.0.10,,,443,37473,0,1358,17
1584503366.078706,173.194.187.70,10.10.0.10,,,443,37473,0,1358,17
1584503366.0803492,10.10.0.10,173.194.187.70,,,37473,443,0,37,17
1584503366.1158268,173.194.187.70,10.10.0.10,,,443,37473,0,1358,17
1584503366.1529539,173.194.187.70,10.10.0.10,,,443,37473,0,1358,17
1584503366.1547186,10.10.0.10,173.194.187.70,,,37473,443,0,37,17
1584503366.1900759,173.194.187.70,10.10.0.10,,,443,37473,0,1358,17
1584503366.2272,173.194.187.70,10.10.0.10,,,443,37473,0,1358,17
1584503366.2287092,10.10.0.10,173.194.187.70,,,37473,443,0,37,17
1584503366.2643,173.194.187.70,10.10.0.10,,,443,37473,0,1358,17
1584503366.301423,173.194.187.70,10.10.0.10,,,443,37473,0,1358,17
1584503366.3034842,10.10.0.10,173.194.187.70,,,37473,443,0,50,17
1584503366.338546,173.194.187.70,10.10.0.10,,,443,37473,0,1358,17
1584503366.375665,173.194.187.70,10.10.0.10,,,443,37473,0,1358,17
1584503366.3777342,10.10.0.10,173.194.187.70,,,37473,443,0,37,17
1584503366.41278,173.194.187.70,10.10.0.10,,,443,37473,0,1358,17
1584503366.449903,173.194.187.70,10.10.0.10,,,443,37473,0,1358,17
1584503366.45237,10.10.0.10,173.194.187.70,,,37473,443,0,37,17
1584503366.48703,173.194.187.70,10.10.0.10,,,443,37473,0,29,17
1584503366.488706,173.194.187.70,10.10.0.10,,,443,37473,0,1358,17
1584503366.525828,173.194.187.70,10.10.0.10,,,443,37473,0,1358,17
1584503366.529851,10.10.0.10,173.194.187.70,,,37473,443,0,37,17
1584503366.562945,173.194.187.70,10.10.0.10,,,443,37473,0,1358,17
1584503366.600066,173.194.187.70,10.10.0.10,,,443,37473,0,1358,17
1584503366.602214,10.10.0.10,173.194.187.70,,,37473,443,0,37,17
1584503366.6371868,173.194.187.70,10.10.0.10,,,443,37473,0,1358,17
1584503366.674311,173.194.187.70,10.10.0.10,,,443,37473,0,1358,17
1584503366.67808,10.10.0.10,173.194.187.70,,,37473,443,0,37,17
1584503366.7114365,173.194.187.70,10.10.0.10,,,443,37473,0,1358,17
1584503366.74856,173.194.187.70,10.10.0.10,,,443,37473,0,1038,17
1584503366.750851,10.10.0.10,173.194.187.70,,,37473,443,0,37,17
1584503366.765225,10.10.0.10,173.194.187.70,,,37473,443,0,729,17
1584503366.7657068,10.10.0.10,173.194.187.70,,,37473,443,0,48,17
1584503366.771473,10.10.0.10,173.194.187.70,,,37473,443,0,748,17
1584503366.772105,10.10.0.10,173.194.187.70,,,37473,443,0,48,17
1584503366.7771325,173.194.187.70,10.10.0.10,,,443,37473,0,115,17
1584503366.7811186,173.194.187.70,10.10.0.10,,,443,37473,0,1358,17
1584503366.7835946,10.10.0.10,173.194.187.70,,,37473,443,0,37,17
1584503366.8182461,173.194.187.70,10.10.0.10,,,443,37473,0,1358,17
1584503366.855366,173.194.187.70,10.10.0.10,,,443,37473,0,1358,17
1584503366.8696976,10.10.0.10,173.194.187.70,,,37473,443,0,37,17
1584503366.8924649,173.194.187.70,10.10.0.10,,,443,37473,0,1358,17
1584503366.9295876,173.194.187.70,10.10.0.10,,,443,37473,0,1358,17
1584503366.9314525,10.10.0.10,173.194.187.70,,,37473,443,0,37,17
1584503366.966701,173.194.187.70,10.10.0.10,,,443,37473,0,29,17
1584503366.9694982,173.194.187.70,10.10.0.10,,,443,37473,0,1358,17
1584503367.006626,173.194.187.70,10.10.0.10,,,443,37473,0,1358,17
1584503367.0081882,10.10.0.10,173.194.187.70,,,37473,443,0,37,17
1584503367.0437412,173.194.187.70,10.10.0.10,,,443,37473,0,1358,17
1584503367.080866,173.194.187.70,10.10.0.10,,,443,37473,0,1358,17
1584503367.0838392,10.10.0.10,173.194.187.70,,,37473,443,0,37,17
1584503367.117989,173.194.187.70,10.10.0.10,,,443,37473,0,1358,17
1584503367.155113,173.194.187.70,10.10.0.10,,,443,37473,0,1358,17
1584503367.1638205,10.10.0.10,173.194.187.70,,,37473,443,0,37,17
1584503367.1922364,173.194.187.70,10.10.0.10,,,443,37473,0,1358,17
1584503367.230795,173.194.187.70,10.10.0.10,,,443,37473,0,1358,17
1584503367.232436,10.10.0.10,173.194.187.70,,,37473,443,0,37,17
1584503367.267925,173.194.187.70,10.10.0.10,,,443,37473,0,1358,17
1584503367.305024,173.194.187.70,10.10.0.10,,,443,37473,0,1358,17
1584503367.30656,10.10.0.10,173.194.187.70,,,37473,443,0,37,17
1584503367.3421464,173.194.187.70,10.10.0.10,,,443,37473,0,1358,17
1584503367.3792908,173.194.187.70,10.10.0.10,,,443,37473,0,1358,17
1584503367.3810818,10.10.0.10,173.194.187.70,,,37473,443,0,37,17
1584503367.416385,173.194.187.70,10.10.0.10,,,443,37473,0,1358,17
1584503367.453506,173.194.187.70,10.10.0.10,,,443,37473,0,1358,17
1584503367.455433,10.10.0.10,173.194.187.70,,,37473,443,0,37,17
1584503367.4906268,173.194.187.70,10.10.0.10,,,443,37473,0,1358,17
1584503367.5277462,173.194.187.70,10.10.0.10,,,443,37473,0,1358,17
1584503367.5294278,10.10.0.10,173.194.187.70,,,37473,443,0,37,17
1584503367.5648699,173.194.187.70,10.10.0.10,,,443,37473,0,1358,17
1584503367.601983,173.194.187.70,10.10.0.10,,,443,37473,0,1358,17
1584503367.6035721,10.10.0.10,173.194.187.70,,,37473,443,0,37,17
1584503367.643561,173.194.187.70,10.10.0.10,,,443,37473,0,1358,17
1584503367.680682,173.194.187.70,10.10.0.10,,,443,37473,0,1358,17
1584503367.682569,10.10.0.10,173.194.187.70,,,37473,443,0,37,17
1584503367.717799,173.194.187.70,10.10.0.10,,,443,37473,0,1358,17
1584503367.75492,173.194.187.70,10.10.0.10,,,443,37473,0,1358,17
1584503367.7569242,10.10.0.10,173.194.187.70,,,37473,443,0,37,17
1584503367.792041,173.194.187.70,10.10.0.10,,,443,37473,0,1358,17
1584503367.829161,173.194.187.70,10.10.0.10,,,443,37473,0,1358,17
1584503367.8310704,10.10.0.10,173.194.187.70,,,37473,443,0,37,17
1584503367.86628,173.194.187.70,10.10.0.10,,,443,37473,0,1358,17
1584503367.903393,173.194.187.70,10.10.0.10,,,443,37473,0,1358,17
1584503367.904883,10.10.0.10,173.194.187.70,,,37473,443,0,37,17
1584503367.9405148,173.194.187.70,10.10.0.10,,,443,37473,0,1358,17
1584503367.9820828,173.194.187.70,10.10.0.10,,,443,37473,0,1358,17
1584503367.997816,10.10.0.10,173.194.187.70,,,37473,443,0,37,17
1584503368.019209,173.194.187.70,10.10.0.10,,,443,37473,0,1358,17
1584503368.0563269,173.194.187.70,10.10.0.10,,,443,37473,0,1358,17
1584503368.058032,10.10.0.10,173.194.187.70,,,37473,443,0,37,17
1584503368.0934598,173.194.187.70,10.10.0.10,,,443,37473,0,1358,17
1584503368.1305866,173.194.187.70,10.10.0.10,,,443,37473,0,1358,17
1584503368.13243,10.10.0.10,173.194.187.70,,,37473,443,0,37,17
1584503368.1677039,173.194.187.70,10.10.0.10,,,443,37473,0,1358,17
1584503368.2048292,173.194.187.70,10.10.0.10,,,443,37473,0,1358,17
1584503368.2069108,10.10.0.10,173.194.187.70,,,37473,443,0,50,17
1584503368.241952,173.194.187.70,10.10.0.10,,,443,37473,0,1358,17
1584503368.283515,173.194.187.70,10.10.0.10,,,443,37473,0,1358,17
1584503368.286158,10.10.0.10,173.194.187.70,,,37473,443,0,37,17
1584503368.3206394,173.194.187.70,10.10.0.10,,,443,37473,0,1358,17
1584503368.3577619,173.194.187.70,10.10.0.10,,,443,37473,0,1358,17
1584503368.359905,10.10.0.10,173.194.187.70,,,37473,443,0,37,17
1584503368.394867,173.194.187.70,10.10.0.10,,,443,37473,0,1358,17
1584503368.4319859,173.194.187.70,10.10.0.10,,,443,37473,0,1358,17
1584503368.434403,10.10.0.10,173.194.187.70,,,37473,443,0,37,17
1584503368.469105,173.194.187.70,10.10.0.10,,,443,37473,0,1358,17
1584503368.506224,173.194.187.70,10.10.0.10,,,443,37473,0,1358,17
1584503368.510296,10.10.0.10,173.194.187.70,,,37473,443,0,37,17
1584503368.5433464,173.194.187.70,10.10.0.10,,,443,37473,0,1358,17
1584503368.5804632,173.194.187.70,10.10.0.10,,,443,37473,0,1358,17
1584503368.5831482,10.10.0.10,173.194.187.70,,,37473,443,0,37,17
1584503368.617586,173.194.187.70,10.10.0.10,,,443,37473,0,1358,17
1584503368.6547039,173.194.187.70,10.10.0.10,,,443,37473,0,1358,17
1584503368.656543,10.10.0.10,173.194.187.70,,,37473,443,0,37,17
1584503368.691825,173.194.187.70,10.10.0.10,,,443,37473,0,1358,17
1584503368.7289462,173.194.187.70,10.10.0.10,,,443,37473,0,1358,17
1584503368.7307892,10.10.0.10,173.194.187.70,,,37473,443,0,37,17
1584503368.7660651,173.194.187.70,10.10.0.10,,,443,37473,0,1358,17
1584503368.803191,173.194.187.70,10.10.0.10,,,443,37473,0,1358,17
1584503368.805547,10.10.0.10,173.194.187.70,,,37473,443,0,37,17
1584503368.8403,173.194.187.70,10.10.0.10,,,443,37473,0,1358,17
1584503368.877438,173.194.187.70,10.10.0.10,,,443,37473,0,1358,17
1584503368.8791492,10.10.0.10,173.194.187.70,,,37473,443,0,37,17
1584503368.9145432,173.194.187.70,10.10.0.10,,,443,37473,0,1358,17
1584503368.951663,173.194.187.70,10.10.0.10,,,443,37473,0,1358,17
1584503368.953785,10.10.0.10,173.194.187.70,,,37473,443,0,37,17
1584503368.988807,173.194.187.70,10.10.0.10,,,443,37473,0,1358,17
1584503369.025903,173.194.187.70,10.10.0.10,,,443,37473,0,1358,17
1584503369.029034,10.10.0.10,173.194.187.70,,,37473,443,0,37,17
1584503369.063024,173.194.187.70,10.10.0.10,,,443,37473,0,1358,17
1584503369.10014,173.194.187.70,10.10.0.10,,,443,37473,0,1358,17
1584503369.101724,10.10.0.10,173.194.187.70,,,37473,443,0,37,17
1584503369.137265,173.194.187.70,10.10.0.10,,,443,37473,0,1358,17
1584503369.174385,173.194.187.70,10.10.0.10,,,443,37473,0,1358,17
1584503369.1761308,10.10.0.10,173.194.187.70,,,37473,443,0,37,17
1584503369.2115061,173.194.187.70,10.10.0.10,,,443,37473,0,1358,17
1584503369.248626,173.194.187.70,10.10.0.10,,,443,37473,0,1358,17
1584503369.2760286,10.10.0.10,173.194.187.70,,,37473,443,0,37,17
1584503369.2857478,173.194.187.70,10.10.0.10,,,443,37473,0,1358,17
1584503369.322866,173.194.187.70,10.10.0.10,,,443,37473,0,1358,17
1584503369.3265011,10.10.0.10,173.194.187.70,,,37473,443,0,37,17
1584503369.3599849,173.194.187.70,10.10.0.10,,,443,37473,0,1358,17
1584503369.3971062,173.194.187.70,10.10.0.10,,,443,37473,0,1358,17
1584503369.3995225,10.10.0.10,173.194.187.70,,,37473,443,0,37,17
1584503369.434232,173.194.187.70,10.10.0.10,,,443,37473,0,1358,17
1584503369.471357,173.194.187.70,10.10.0.10,,,443,37473,0,1358,17
1584503369.4729972,10.10.0.10,173.194.187.70,,,37473,443,0,37,17
1584503369.508481,173.194.187.70,10.10.0.10,,,443,37473,0,1358,17
1584503369.545585,173.194.187.70,10.10.0.10,,,443,37473,0,1358,17
1584503369.547369,10.10.0.10,173.194.187.70,,,37473,443,0,37,17
1584503369.5827038,173.194.187.70,10.10.0.10,,,443,37473,0,1358,17
1584503369.619825,173.194.187.70,10.10.0.10,,,443,37473,0,1358,17
1584503369.62187,10.10.0.10,173.194.187.70,,,37473,443,0,37,17
1584503369.656945,173.194.187.70,10.10.0.10,,,443,37473,0,1358,17
1584503369.6940641,173.194.187.70,10.10.0.10,,,443,37473,0,1358,17
1584503369.6964908,10.10.0.10,173.194.187.70,,,37473,443,0,50,17
1584503369.731185,173.194.187.70,10.10.0.10,,,443,37473,0,1358,17
1584503369.7683089,173.194.187.70,10.10.0.10,,,443,37473,0,1358,17
1584503369.769885,10.10.0.10,173.194.187.70,,,37473,443,0,37,17
1584503369.8081732,173.194.187.70,10.10.0.10,,,443,37473,0,1358,17
1584503369.8103652,10.10.0.10,173.194.187.70,,,37473,443,0,37,17
1584503369.845292,173.194.187.70,10.10.0.10,,,443,37473,0,1358,17
1584503369.8824134,173.194.187.70,10.10.0.10,,,443,37473,0,1358,17
1584503369.8841321,10.10.0.10,173.194.187.70,,,37473,443,0,37,17
1584503369.9195359,173.194.187.70,10.10.0.10,,,443,37473,0,1358,17
1584503369.956664,173.194.187.70,10.10.0.10,,,443,37473,0,1358,17
1584503369.958764,10.10.0.10,173.194.187.70,,,37473,443,0,37,17
1584503369.99377,173.194.187.70,10.10.0.10,,,443,37473,0,1358,17
1584503370.03089,173.194.187.70,10.10.0.10,,,443,37473,0,1358,17
1584503370.034,10.10.0.10,173.194.187.70,,,37473,443,0,37,17
1584503370.068008,173.194.187.70,10.10.0.10,,,443,37473,0,1358,17
1584503370.105149,173.194.187.70,10.10.0.10,,,443,37473,0,1358,17
1584503370.107702,10.10.0.10,173.194.187.70,,,37473,443,0,37,17
1584503370.1422741,173.194.187.70,10.10.0.10,,,443,37473,0,1358,17
1584503370.17937,173.194.187.70,10.10.0.10,,,443,37473,0,1358,17
1584503370.1809812,10.10.0.10,173.194.187.70,,,37473,443,0,37,17
1584503370.2164931,173.194.187.70,10.10.0.10,,,443,37473,0,1358,17
1584503370.2536142,173.194.187.70,10.10.0.10,,,443,37473,0,1358,17
1584503370.255481,10.10.0.10,173.194.187.70,,,37473,443,0,37,17
1584503370.2907321,173.194.187.70,10.10.0.10,,,443,37473,0,1358,17
1584503370.3278508,173.194.187.70,10.10.0.10,,,443,37473,0,1358,17
1584503370.330992,10.10.0.10,173.194.187.70,,,37473,443,0,37,17
1584503370.3649714,173.194.187.70,10.10.0.10,,,443,37473,0,1358,17
1584503370.4020932,173.194.187.70,10.10.0.10,,,443,37473,0,1358,17
1584503370.403739,10.10.0.10,173.194.187.70,,,37473,443,0,37,17
1584503370.4392116,173.194.187.70,10.10.0.10,,,443,37473,0,1358,17
1584503370.4763286,173.194.187.70,10.10.0.10,,,443,37473,0,1358,17
1584503370.480216,10.10.0.10,173.194.187.70,,,37473,443,0,37,17
1584503370.513453,173.194.187.70,10.10.0.10,,,443,37473,0,1358,17
1584503370.550574,173.194.187.70,10.10.0.10,,,443,37473,0,1358,17
1584503370.554111,10.10.0.10,173.194.187.70,,,37473,443,0,37,17
1584503370.587699,173.194.187.70,10.10.0.10,,,443,37473,0,1358,17
1584503370.624823,173.194.187.70,10.10.0.10,,,443,37473,0,1358,17
1584503370.626984,10.10.0.10,173.194.187.70,,,37473,443,0,37,17
1584503370.6619446,173.194.187.70,10.10.0.10,,,443,37473,0,1358,17
1584503370.699069,173.194.187.70,10.10.0.10,,,443,37473,0,1358,17
1584503370.700595,10.10.0.10,173.194.187.70,,,37473,443,0,37,17
1584503370.736166,173.194.187.70,10.10.0.10,,,443,37473,0,1358,17
1584503370.7732909,173.194.187.70,10.10.0.10,,,443,37473,0,1358,17
1584503370.7748554,10.10.0.10,173.194.187.70,,,37473,443,0,37,17
1584503370.8104134,173.194.187.70,10.10.0.10,,,443,37473,0,1358,17
1584503370.8475304,173.194.187.70,10.10.0.10,,,443,37473,0,1358,17
1584503370.851726,10.10.0.10,173.194.187.70,,,37473,443,0,37,17
1584503370.884652,173.194.187.70,10.10.0.10,,,443,37473,0,1358,17
1584503370.9217708,173.194.187.70,10.10.0.10,,,443,37473,0,1358,17
1584503370.92355,10.10.0.10,173.194.187.70,,,37473,443,0,37,17
1584503370.958889,173.194.187.70,10.10.0.10,,,443,37473,0,1358,17
1584503370.9960089,173.194.187.70,10.10.0.10,,,443,37473,0,1358,17
1584503370.997581,10.10.0.10,173.194.187.70,,,37473,443,0,37,17
1584503371.0331314,173.194.187.70,10.10.0.10,,,443,37473,0,1358,17
1584503371.0702472,173.194.187.70,10.10.0.10,,,443,37473,0,1358,17
1584503371.0720649,10.10.0.10,173.194.187.70,,,37473,443,0,37,17
1584503371.107367,173.194.187.70,10.10.0.10,,,443,37473,0,1358,17
1584503371.1444864,173.194.187.70,10.10.0.10,,,443,37473,0,1358,17
1584503371.148348,10.10.0.10,173.194.187.70,,,37473,443,0,50,17
1584503371.181622,173.194.187.70,10.10.0.10,,,443,37473,0,1358,17
1584503371.218729,173.194.187.70,10.10.0.10,,,443,37473,0,1358,17
1584503371.2207198,10.10.0.10,173.194.187.70,,,37473,443,0,37,17
1584503371.2558649,173.194.187.70,10.10.0.10,,,443,37473,0,1358,17
1584503371.292989,173.194.187.70,10.10.0.10,,,443,37473,0,1358,17
1584503371.294713,10.10.0.10,173.194.187.70,,,37473,443,0,37,17
1584503371.3301132,173.194.187.70,10.10.0.10,,,443,37473,0,1358,17
1584503371.362695,10.10.0.10,173.194.187.70,,,37473,443,0,37,17
1584503371.367209,173.194.187.70,10.10.0.10,,,443,37473,0,29,17
1584503371.3688931,173.194.187.70,10.10.0.10,,,443,37473,0,1358,17
1584503371.4060118,173.194.187.70,10.10.0.10,,,443,37473,0,1358,17
1584503371.407711,10.10.0.10,173.194.187.70,,,37473,443,0,37,17
1584503371.443133,173.194.187.70,10.10.0.10,,,443,37473,0,1358,17
1584503371.475959,10.10.0.10,173.194.187.70,,,37473,443,0,37,17
1584503371.4802532,173.194.187.70,10.10.0.10,,,443,37473,0,1358,17
1584503371.517368,173.194.187.70,10.10.0.10,,,443,37473,0,1358,17
1584503371.519582,10.10.0.10,173.194.187.70,,,37473,443,0,37,17
1584503371.5544932,173.194.187.70,10.10.0.10,,,443,37473,0,1358,17
1584503371.591613,173.194.187.70,10.10.0.10,,,443,37473,0,1358,17
1584503371.5933304,10.10.0.10,173.194.187.70,,,37473,443,0,37,17
1584503371.628735,173.194.187.70,10.10.0.10,,,443,37473,0,1358,17
1584503371.665858,173.194.187.70,10.10.0.10,,,443,37473,0,1358,17
1584503371.667578,10.10.0.10,173.194.187.70,,,37473,443,0,37,17
1584503371.7029822,173.194.187.70,10.10.0.10,,,443,37473,0,1358,17
1584503371.7400858,173.194.187.70,10.10.0.10,,,443,37473,0,1358,17
1584503371.741935,10.10.0.10,173.194.187.70,,,37473,443,0,37,17
1584503371.77721,173.194.187.70,10.10.0.10,,,443,37473,0,1358,17
1584503371.814351,173.194.187.70,10.10.0.10,,,443,37473,0,1358,17
1584503371.8263106,10.10.0.10,173.194.187.70,,,37473,443,0,37,17
1584503371.8514721,173.194.187.70,10.10.0.10,,,443,37473,0,1358,17
1584503371.8885708,173.194.187.70,10.10.0.10,,,443,37473,0,1358,17
1584503371.8904462,10.10.0.10,173.194.187.70,,,37473,443,0,37,17
1584503371.925704,173.194.187.70,10.10.0.10,,,443,37473,0,1358,17
1584503371.962818,173.194.187.70,10.10.0.10,,,443,37473,0,1358,17
1584503371.9649286,10.10.0.10,173.194.187.70,,,37473,443,0,37,17
1584503371.9999511,173.194.187.70,10.10.0.10,,,443,37473,0,1358,17
1584503372.0370462,173.194.187.70,10.10.0.10,,,443,37473,0,1358,17
1584503372.039144,10.10.0.10,173.194.187.70,,,37473,443,0,37,17
1584503372.0741751,173.194.187.70,10.10.0.10,,,443,37473,0,1358,17
1584503372.111293,173.194.187.70,10.10.0.10,,,443,37473,0,1358,17
1584503372.113802,10.10.0.10,173.194.187.70,,,37473,443,0,37,17
1584503372.148408,173.194.187.70,10.10.0.10,,,443,37473,0,1358,17
1584503372.182816,10.10.0.10,173.194.187.70,,,37473,443,0,37,17
1584503372.1855311,173.194.187.70,10.10.0.10,,,443,37473,0,1358,17
1584503372.2226524,173.194.187.70,10.10.0.10,,,443,37473,0,1358,17
1584503372.22444,10.10.0.10,173.194.187.70,,,37473,443,0,37,17
1584503372.259775,173.194.187.70,10.10.0.10,,,443,37473,0,1358,17
1584503372.296888,173.194.187.70,10.10.0.10,,,443,37473,0,1358,17
1584503372.3017948,10.10.0.10,173.194.187.70,,,37473,443,0,37,17
1584503372.334022,173.194.187.70,10.10.0.10,,,443,37473,0,1358,17
1584503372.3711462,173.194.187.70,10.10.0.10,,,443,37473,0,1358,17
1584503372.3726828,10.10.0.10,173.194.187.70,,,37473,443,0,37,17
1584503372.40827,173.194.187.70,10.10.0.10,,,443,37473,0,1358,17
1584503372.445376,173.194.187.70,10.10.0.10,,,443,37473,0,1358,17
1584503372.4472866,10.10.0.10,173.194.187.70,,,37473,443,0,37,17
1584503372.4839325,173.194.187.70,10.10.0.10,,,443,37473,0,1358,17
1584503372.5228279,173.194.187.70,10.10.0.10,,,443,37473,0,1358,17
1584503372.5253036,10.10.0.10,173.194.187.70,,,37473,443,0,50,17
1584503372.559957,173.194.187.70,10.10.0.10,,,443,37473,0,1358,17
1584503372.597051,173.194.187.70,10.10.0.10,,,443,37473,0,1358,17
1584503372.609783,10.10.0.10,173.194.187.70,,,37473,443,0,37,17
1584503372.6341732,173.194.187.70,10.10.0.10,,,443,37473,0,1358,17
1584503372.6360018,10.10.0.10,173.194.187.70,,,37473,443,0,37,17
1584503372.671292,173.194.187.70,10.10.0.10,,,443,37473,0,1358,17
1584503372.708411,173.194.187.70,10.10.0.10,,,443,37473,0,1358,17
1584503372.7102964,10.10.0.10,173.194.187.70,,,37473,443,0,37,17
1584503372.7455304,173.194.187.70,10.10.0.10,,,443,37473,0,1358,17
1584503372.779431,10.10.0.10,173.194.187.70,,,37473,443,0,37,17
1584503372.78265,173.194.187.70,10.10.0.10,,,443,37473,0,1358,17
1584503372.8197708,173.194.187.70,10.10.0.10,,,443,37473,0,1358,17
1584503372.821296,10.10.0.10,173.194.187.70,,,37473,443,0,37,17
1584503372.858333,173.194.187.70,10.10.0.10,,,443,37473,0,1358,17
1584503372.8954544,173.194.187.70,10.10.0.10,,,443,37473,0,1358,17
1584503372.8977911,10.10.0.10,173.194.187.70,,,37473,443,0,37,17
1584503372.9325652,173.194.187.70,10.10.0.10,,,443,37473,0,1358,17
1584503372.9696898,173.194.187.70,10.10.0.10,,,443,37473,0,1358,17
1584503372.971781,10.10.0.10,173.194.187.70,,,37473,443,0,37,17
1584503373.0068188,173.194.187.70,10.10.0.10,,,443,37473,0,1358,17
1584503373.0439296,173.194.187.70,10.10.0.10,,,443,37473,0,1358,17
1584503373.0459068,10.10.0.10,173.194.187.70,,,37473,443,0,37,17
1584503373.081052,173.194.187.70,10.10.0.10,,,443,37473,0,1358,17
1584503373.1094918,10.10.0.10,173.194.187.70,,,37473,443,0,37,17
1584503373.118166,173.194.187.70,10.10.0.10,,,443,37473,0,1358,17
1584503373.1553106,173.194.187.70,10.10.0.10,,,443,37473,0,1358,17
1584503373.1570199,10.10.0.10,173.194.187.70,,,37473,443,0,37,17
1584503373.192423,173.194.187.70,10.10.0.10,,,443,37473,0,1358,17
1584503373.2295306,173.194.187.70,10.10.0.10,,,443,37473,0,1358,17
1584503373.2321308,10.10.0.10,173.194.187.70,,,37473,443,0,37,17
1584503373.266651,173.194.187.70,10.10.0.10,,,443,37473,0,1358,17
1584503373.301263,10.10.0.10,173.194.187.70,,,37473,443,0,37,17
1584503373.3037722,173.194.187.70,10.10.0.10,,,443,37473,0,1358,17
1584503373.3408911,173.194.187.70,10.10.0.10,,,443,37473,0,1358,17
1584503373.342635,10.10.0.10,173.194.187.70,,,37473,443,0,37,17
1584503373.3780124,173.194.187.70,10.10.0.10,,,443,37473,0,1358,17
1584503373.4151368,173.194.187.70,10.10.0.10,,,443,37473,0,1358,17
1584503373.416874,10.10.0.10,173.194.187.70,,,37473,443,0,37,17
1584503373.4522538,173.194.187.70,10.10.0.10,,,443,37473,0,1358,17
1584503373.4893732,173.194.187.70,10.10.0.10,,,443,37473,0,1358,17
1584503373.4910052,10.10.0.10,173.194.187.70,,,37473,443,0,37,17
1584503373.526491,173.194.187.70,10.10.0.10,,,443,37473,0,1358,17
1584503373.5636108,173.194.187.70,10.10.0.10,,,443,37473,0,1358,17
1584503373.565398,10.10.0.10,173.194.187.70,,,37473,443,0,37,17
1584503373.6007366,173.194.187.70,10.10.0.10,,,443,37473,0,1358,17
1584503373.6378539,173.194.187.70,10.10.0.10,,,443,37473,0,1358,17
1584503373.6395,10.10.0.10,173.194.187.70,,,37473,443,0,37,17
1584503373.674985,173.194.187.70,10.10.0.10,,,443,37473,0,1358,17
1584503373.712089,173.194.187.70,10.10.0.10,,,443,37473,0,1358,17
1584503373.7138731,10.10.0.10,173.194.187.70,,,37473,443,0,37,17
1584503373.7492108,173.194.187.70,10.10.0.10,,,443,37473,0,1358,17
1584503373.786333,173.194.187.70,10.10.0.10,,,443,37473,0,1358,17
1584503373.7873652,10.10.0.10,173.194.187.70,,,37473,443,0,37,17
1584503373.8234534,173.194.187.70,10.10.0.10,,,443,37473,0,1358,17
1584503373.827121,10.10.0.10,173.194.187.70,,,37473,443,0,50,17
1584503373.860572,173.194.187.70,10.10.0.10,,,443,37473,0,1358,17
1584503373.8976948,173.194.187.70,10.10.0.10,,,443,37473,0,1358,17
1584503373.8998682,10.10.0.10,173.194.187.70,,,37473,443,0,37,17
1584503373.934818,173.194.187.70,10.10.0.10,,,443,37473,0,1358,17
1584503373.971931,173.194.187.70,10.10.0.10,,,443,37473,0,1358,17
1584503373.973494,10.10.0.10,173.194.187.70,,,37473,443,0,37,17
1584503374.00905,173.194.187.70,10.10.0.10,,,443,37473,0,1358,17
1584503374.0461679,173.194.187.70,10.10.0.10,,,443,37473,0,29,17
1584503374.0478456,173.194.187.70,10.10.0.10,,,443,37473,0,1358,17
1584503374.048238,10.10.0.10,173.194.187.70,,,37473,443,0,37,17
1584503374.08497,173.194.187.70,10.10.0.10,,,443,37473,0,1358,17
1584503374.0866349,10.10.0.10,173.194.187.70,,,37473,443,0,37,17
1584503374.122098,173.194.187.70,10.10.0.10,,,443,37473,0,1358,17
1584503374.1592178,173.194.187.70,10.10.0.10,,,443,37473,0,1358,17
1584503374.160988,10.10.0.10,173.194.187.70,,,37473,443,0,37,17
1584503374.196326,173.194.187.70,10.10.0.10,,,443,37473,0,1298,17
1584503374.212134,10.10.0.10,173.194.187.70,,,37473,443,0,736,17
1584503374.212366,10.10.0.10,173.194.187.70,,,37473,443,0,48,17
1584503374.217489,10.10.0.10,173.194.187.70,,,37473,443,0,748,17
1584503374.217515,10.10.0.10,173.194.187.70,,,37473,443,0,48,17
1584503374.2318509,173.194.187.70,10.10.0.10,,,443,37473,0,29,17
1584503374.233531,173.194.187.70,10.10.0.10,,,443,37473,0,1358,17
1584503374.2706552,173.194.187.70,10.10.0.10,,,443,37473,0,1358,17
1584503374.272379,10.10.0.10,173.194.187.70,,,37473,443,0,37,17
1584503374.3077812,173.194.187.70,10.10.0.10,,,443,37473,0,1358,17
1584503374.3449054,173.194.187.70,10.10.0.10,,,443,37473,0,1358,17
1584503374.347377,10.10.0.10,173.194.187.70,,,37473,443,0,37,17
1584503374.382026,173.194.187.70,10.10.0.10,,,443,37473,0,1358,17
1584503374.4191482,173.194.187.70,10.10.0.10,,,443,37473,0,1358,17
1584503374.420998,10.10.0.10,173.194.187.70,,,37473,443,0,37,17
1584503374.456274,173.194.187.70,10.10.0.10,,,443,37473,0,1358,17
1584503374.493374,173.194.187.70,10.10.0.10,,,443,37473,0,29,17
1584503374.494975,10.10.0.10,173.194.187.70,,,37473,443,0,37,17
1584503374.49505,173.194.187.70,10.10.0.10,,,443,37473,0,1358,17
1584503374.5321722,173.194.187.70,10.10.0.10,,,443,37473,0,1358,17
1584503374.5337448,10.10.0.10,173.194.187.70,,,37473,443,0,37,17
1584503374.569293,173.194.187.70,10.10.0.10,,,443,37473,0,1358,17
1584503374.606411,173.194.187.70,10.10.0.10,,,443,37473,0,1358,17
1584503374.608247,10.10.0.10,173.194.187.70,,,37473,443,0,37,17
1584503374.6435301,173.194.187.70,10.10.0.10,,,443,37473,0,1358,17
1584503374.680652,173.194.187.70,10.10.0.10,,,443,37473,0,1358,17
1584503374.682991,10.10.0.10,173.194.187.70,,,37473,443,0,37,17
1584503374.7177699,173.194.187.70,10.10.0.10,,,443,37473,0,1358,17
1584503374.754891,173.194.187.70,10.10.0.10,,,443,37473,0,1358,17
1584503374.7564678,10.10.0.10,173.194.187.70,,,37473,443,0,37,17
1584503374.792007,173.194.187.70,10.10.0.10,,,443,37473,0,1358,17
1584503374.8233619,10.10.0.10,173.194.187.70,,,37473,443,0,37,17
1584503374.829139,173.194.187.70,10.10.0.10,,,443,37473,0,1358,17
1584503374.8647149,10.10.0.10,173.194.187.70,,,37473,443,0,37,17
1584503374.8662634,173.194.187.70,10.10.0.10,,,443,37473,0,1358,17
1584503374.9033868,173.194.187.70,10.10.0.10,,,443,37473,0,1358,17
1584503374.905463,10.10.0.10,173.194.187.70,,,37473,443,0,37,17
1584503374.9404929,173.194.187.70,10.10.0.10,,,443,37473,0,1358,17
1584503374.977623,173.194.187.70,10.10.0.10,,,443,37473,0,1358,17
1584503374.9805946,10.10.0.10,173.194.187.70,,,37473,443,0,37,17
1584503375.014735,173.194.187.70,10.10.0.10,,,443,37473,0,1358,17
1584503375.051848,173.194.187.70,10.10.0.10,,,443,37473,0,1358,17
1584503375.0544338,10.10.0.10,173.194.187.70,,,37473,443,0,37,17
1584503375.088973,173.194.187.70,10.10.0.10,,,443,37473,0,1358,17
1584503375.1260982,173.194.187.70,10.10.0.10,,,443,37473,0,1358,17
1584503375.1282294,10.10.0.10,173.194.187.70,,,37473,443,0,37,17
1584503375.163209,173.194.187.70,10.10.0.10,,,443,37473,0,1358,17
1584503375.2003276,173.194.187.70,10.10.0.10,,,443,37473,0,1358,17
1584503375.202343,10.10.0.10,173.194.187.70,,,37473,443,0,37,17
1584503375.2374508,173.194.187.70,10.10.0.10,,,443,37473,0,1358,17
1584503375.274574,173.194.187.70,10.10.0.10,,,443,37473,0,1358,17
1584503375.2775786,10.10.0.10,173.194.187.70,,,37473,443,0,37,17
1584503375.3116908,173.194.187.70,10.10.0.10,,,443,37473,0,1358,17
1584503375.3488119,173.194.187.70,10.10.0.10,,,443,37473,0,1358,17
1584503375.3519511,10.10.0.10,173.194.187.70,,,37473,443,0,37,17
1584503375.3859332,173.194.187.70,10.10.0.10,,,443,37473,0,1358,17
1584503375.423059,173.194.187.70,10.10.0.10,,,443,37473,0,1358,17
1584503375.424952,10.10.0.10,173.194.187.70,,,37473,443,0,37,17
1584503375.460166,173.194.187.70,10.10.0.10,,,443,37473,0,1358,17
1584503375.497306,173.194.187.70,10.10.0.10,,,443,37473,0,1358,17
1584503375.499476,10.10.0.10,173.194.187.70,,,37473,443,0,37,17
1584503375.534431,173.194.187.70,10.10.0.10,,,443,37473,0,1358,17
1584503375.57153,173.194.187.70,10.10.0.10,,,443,37473,0,1358,17
1584503375.573224,10.10.0.10,173.194.187.70,,,37473,443,0,50,17
1584503375.608647,173.194.187.70,10.10.0.10,,,443,37473,0,1358,17
1584503375.6457732,173.194.187.70,10.10.0.10,,,443,37473,0,1358,17
1584503375.672965,10.10.0.10,173.194.187.70,,,37473,443,0,37,17
1584503375.68289,173.194.187.70,10.10.0.10,,,443,37473,0,1358,17
1584503375.7200089,173.194.187.70,10.10.0.10,,,443,37473,0,1358,17
1584503375.72169,10.10.0.10,173.194.187.70,,,37473,443,0,37,17
1584503375.757139,173.194.187.70,10.10.0.10,,,443,37473,0,1358,17
1584503375.7898364,10.10.0.10,173.194.187.70,,,37473,443,0,37,17
1584503375.7942526,173.194.187.70,10.10.0.10,,,443,37473,0,1358,17
1584503375.8313706,173.194.187.70,10.10.0.10,,,443,37473,0,1358,17
1584503375.833832,10.10.0.10,173.194.187.70,,,37473,443,0,37,17
1584503375.868492,173.194.187.70,10.10.0.10,,,443,37473,0,1358,17
1584503375.9056108,173.194.187.70,10.10.0.10,,,443,37473,0,1358,17
1584503375.907454,10.10.0.10,173.194.187.70,,,37473,443,0,37,17
1584503375.9427269,173.194.187.70,10.10.0.10,,,443,37473,0,1358,17
1584503375.9798489,173.194.187.70,10.10.0.10,,,443,37473,0,1358,17
1584503375.9822931,10.10.0.10,173.194.187.70,,,37473,443,0,37,17
1584503376.016968,173.194.187.70,10.10.0.10,,,443,37473,0,1358,17
1584503376.0541036,173.194.187.70,10.10.0.10,,,443,37473,0,1358,17
1584503376.055932,10.10.0.10,173.194.187.70,,,37473,443,0,37,17
1584503376.091224,173.194.187.70,10.10.0.10,,,443,37473,0,1358,17
1584503376.128334,173.194.187.70,10.10.0.10,,,443,37473,0,1358,17
1584503376.1299322,10.10.0.10,173.194.187.70,,,37473,443,0,37,17
1584503376.165447,173.194.187.70,10.10.0.10,,,443,37473,0,1358,17
1584503376.20257,173.194.187.70,10.10.0.10,,,443,37473,0,1358,17
1584503376.2044258,10.10.0.10,173.194.187.70,,,37473,443,0,37,17
1584503376.2396922,173.194.187.70,10.10.0.10,,,443,37473,0,1358,17
1584503376.2768116,173.194.187.70,10.10.0.10,,,443,37473,0,1358,17
1584503376.27857,10.10.0.10,173.194.187.70,,,37473,443,0,37,17
1584503376.3139322,173.194.187.70,10.10.0.10,,,443,37473,0,1358,17
1584503376.351052,173.194.187.70,10.10.0.10,,,443,37473,0,1358,17
1584503376.3543012,10.10.0.10,173.194.187.70,,,37473,443,0,37,17
1584503376.3881712,173.194.187.70,10.10.0.10,,,443,37473,0,1358,17
1584503376.4252908,173.194.187.70,10.10.0.10,,,443,37473,0,1358,17
1584503376.427425,10.10.0.10,173.194.187.70,,,37473,443,0,37,17
1584503376.462414,173.194.187.70,10.10.0.10,,,443,37473,0,1358,17
1584503376.4995332,173.194.187.70,10.10.0.10,,,443,37473,0,1358,17
1584503376.501542,10.10.0.10,173.194.187.70,,,37473,443,0,37,17
1584503376.53665,173.194.187.70,10.10.0.10,,,443,37473,0,1358,17
1584503376.5737731,173.194.187.70,10.10.0.10,,,443,37473,0,1358,17
1584503376.57679,10.10.0.10,173.194.187.70,,,37473,443,0,37,17
1584503376.610899,173.194.187.70,10.10.0.10,,,443,37473,0,1358,17
1584503376.6480124,173.194.187.70,10.10.0.10,,,443,37473,0,1358,17
1584503376.6496649,10.10.0.10,173.194.187.70,,,37473,443,0,37,17
1584503376.6851466,173.194.187.70,10.10.0.10,,,443,37473,0,1358,17
1584503376.6868072,10.10.0.10,173.194.187.70,,,37473,443,0,37,17
1584503376.72225,173.194.187.70,10.10.0.10,,,443,37473,0,1358,17
1584503376.7593708,173.194.187.70,10.10.0.10,,,443,37473,0,1358,17
1584503376.7610528,10.10.0.10,173.194.187.70,,,37473,443,0,37,17
1584503376.796508,173.194.187.70,10.10.0.10,,,443,37473,0,1358,17
1584503376.8336122,173.194.187.70,10.10.0.10,,,443,37473,0,1358,17
1584503376.8353012,10.10.0.10,173.194.187.70,,,37473,443,0,37,17
1584503376.8707304,173.194.187.70,10.10.0.10,,,443,37473,0,1358,17
1584503376.907851,173.194.187.70,10.10.0.10,,,443,37473,0,1358,17
1584503376.910184,10.10.0.10,173.194.187.70,,,37473,443,0,37,17
1584503376.9449706,173.194.187.70,10.10.0.10,,,443,37473,0,1358,17
1584503376.982092,173.194.187.70,10.10.0.10,,,443,37473,0,1358,17
1584503376.9851305,10.10.0.10,173.194.187.70,,,37473,443,0,50,17
1584503377.019206,173.194.187.70,10.10.0.10,,,443,37473,0,1358,17
1584503377.057774,173.194.187.70,10.10.0.10,,,443,37473,0,1358,17
1584503377.061263,10.10.0.10,173.194.187.70,,,37473,443,0,37,17
1584503377.094896,173.194.187.70,10.10.0.10,,,443,37473,0,1358,17
1584503377.1320071,173.194.187.70,10.10.0.10,,,443,37473,0,1358,17
1584503377.137645,10.10.0.10,173.194.187.70,,,37473,443,0,37,17
1584503377.1691349,173.194.187.70,10.10.0.10,,,443,37473,0,1358,17
1584503377.2082202,173.194.187.70,10.10.0.10,,,443,37473,0,1358,17
1584503377.217272,10.10.0.10,173.194.187.70,,,37473,443,0,37,17
1584503377.245344,173.194.187.70,10.10.0.10,,,443,37473,0,1358,17
1584503377.2752922,10.10.0.10,173.194.187.70,,,37473,443,0,37,17
1584503377.282464,173.194.187.70,10.10.0.10,,,443,37473,0,1358,17
1584503377.319586,173.194.187.70,10.10.0.10,,,443,37473,0,1358,17
1584503377.3222961,10.10.0.10,173.194.187.70,,,37473,443,0,37,17
1584503377.3645651,173.194.187.70,10.10.0.10,,,443,37473,0,1358,17
1584503377.4016619,173.194.187.70,10.10.0.10,,,443,37473,0,1358,17
1584503377.4035401,10.10.0.10,173.194.187.70,,,37473,443,0,37,17
1584503377.438785,173.194.187.70,10.10.0.10,,,443,37473,0,1358,17
1584503377.4759092,173.194.187.70,10.10.0.10,,,443,37473,0,1358,17
1584503377.477911,10.10.0.10,173.194.187.70,,,37473,443,0,37,17
1584503377.513027,173.194.187.70,10.10.0.10,,,443,37473,0,1358,17
1584503377.555435,173.194.187.70,10.10.0.10,,,443,37473,0,1358,17
1584503377.557153,10.10.0.10,173.194.187.70,,,37473,443,0,37,17
1584503377.5925562,173.194.187.70,10.10.0.10,,,443,37473,0,1358,17
1584503377.63412,173.194.187.70,10.10.0.10,,,443,37473,0,1358,17
1584503377.636514,10.10.0.10,173.194.187.70,,,37473,443,0,37,17
1584503377.671242,173.194.187.70,10.10.0.10,,,443,37473,0,1358,17
1584503377.708367,173.194.187.70,10.10.0.10,,,443,37473,0,1358,17
1584503377.710507,10.10.0.10,173.194.187.70,,,37473,443,0,37,17
1584503377.747241,173.194.187.70,10.10.0.10,,,443,37473,0,1358,17
1584503377.8139002,10.10.0.10,173.194.187.70,,,37473,443,0,37,17
1584503377.816998,173.194.187.70,10.10.0.10,,,443,37473,0,1358,17
1584503377.8523982,10.10.0.10,173.194.187.70,,,37473,443,0,37,17
1584503377.854119,173.194.187.70,10.10.0.10,,,443,37473,0,1358,17
1584503377.891238,173.194.187.70,10.10.0.10,,,443,37473,0,1358,17
1584503377.8933802,10.10.0.10,173.194.187.70,,,37473,443,0,37,17
1584503377.92836,173.194.187.70,10.10.0.10,,,443,37473,0,1358,17
1584503377.969933,173.194.187.70,10.10.0.10,,,443,37473,0,1358,17
1584503377.9716294,10.10.0.10,173.194.187.70,,,37473,443,0,37,17
1584503378.00705,173.194.187.70,10.10.0.10,,,443,37473,0,1358,17
1584503378.044167,173.194.187.70,10.10.0.10,,,443,37473,0,1358,17
1584503378.047497,10.10.0.10,173.194.187.70,,,37473,443,0,37,17
1584503378.081307,173.194.187.70,10.10.0.10,,,443,37473,0,1358,17
1584503378.118409,173.194.187.70,10.10.0.10,,,443,37473,0,1358,17
1584503378.1210248,10.10.0.10,173.194.187.70,,,37473,443,0,37,17
1584503378.1555278,173.194.187.70,10.10.0.10,,,443,37473,0,1358,17
1584503378.1926682,173.194.187.70,10.10.0.10,,,443,37473,0,1358,17
1584503378.194869,10.10.0.10,173.194.187.70,,,37473,443,0,37,17
1584503378.229789,173.194.187.70,10.10.0.10,,,443,37473,0,1358,17
1584503378.2669132,173.194.187.70,10.10.0.10,,,443,37473,0,1358,17
1584503378.269495,10.10.0.10,173.194.187.70,,,37473,443,0,37,17
1584503378.3084614,173.194.187.70,10.10.0.10,,,443,37473,0,1358,17
1584503378.345598,173.194.187.70,10.10.0.10,,,443,37473,0,1358,17
1584503378.347973,10.10.0.10,173.194.187.70,,,37473,443,0,37,17
1584503378.382705,173.194.187.70,10.10.0.10,,,443,37473,0,1358,17
1584503378.419825,173.194.187.70,10.10.0.10,,,443,37473,0,1358,17
1584503378.422729,10.10.0.10,173.194.187.70,,,37473,443,0,50,17
1584503378.456944,173.194.187.70,10.10.0.10,,,443,37473,0,1358,17
1584503378.494064,173.194.187.70,10.10.0.10,,,443,37473,0,1358,17
1584503378.4957552,10.10.0.10,173.194.187.70,,,37473,443,0,37,17
1584503378.5311859,173.194.187.70,10.10.0.10,,,443,37473,0,1358,17
1584503378.568306,173.194.187.70,10.10.0.10,,,443,37473,0,1358,17
1584503378.570232,10.10.0.10,173.194.187.70,,,37473,443,0,37,17
1584503378.605424,173.194.187.70,10.10.0.10,,,443,37473,0,1358,17
1584503378.642543,173.194.187.70,10.10.0.10,,,443,37473,0,1358,17
1584503378.6451252,10.10.0.10,173.194.187.70,,,37473,443,0,37,17
1584503378.679661,173.194.187.70,10.10.0.10,,,443,37473,0,1358,17
1584503378.716784,173.194.187.70,10.10.0.10,,,443,37473,0,29,17
1584503378.718467,173.194.187.70,10.10.0.10,,,443,37473,0,1358,17
1584503378.71875,10.10.0.10,173.194.187.70,,,37473,443,0,37,17
1584503378.7555811,173.194.187.70,10.10.0.10,,,443,37473,0,1358,17
1584503378.758351,10.10.0.10,173.194.187.70,,,37473,443,0,37,17
1584503378.792711,173.194.187.70,10.10.0.10,,,443,37473,0,1358,17
1584503378.822994,10.10.0.10,173.194.187.70,,,37473,443,0,37,17
1584503378.829833,173.194.187.70,10.10.0.10,,,443,37473,0,1358,17
1584503378.8669572,173.194.187.70,10.10.0.10,,,443,37473,0,1358,17
1584503378.8711214,10.10.0.10,173.194.187.70,,,37473,443,0,37,17
1584503378.9040828,173.194.187.70,10.10.0.10,,,443,37473,0,1358,17
1584503378.941185,173.194.187.70,10.10.0.10,,,443,37473,0,1358,17
1584503378.942846,10.10.0.10,173.194.187.70,,,37473,443,0,37,17
1584503378.9783044,173.194.187.70,10.10.0.10,,,443,37473,0,1358,17
1584503379.0154278,173.194.187.70,10.10.0.10,,,443,37473,0,1358,17
1584503379.0171068,10.10.0.10,173.194.187.70,,,37473,443,0,37,17
1584503379.052547,173.194.187.70,10.10.0.10,,,443,37473,0,1358,17
1584503379.0816178,10.10.0.10,173.194.187.70,,,37473,443,0,37,17
1584503379.089659,173.194.187.70,10.10.0.10,,,443,37473,0,1358,17
1584503379.1267812,173.194.187.70,10.10.0.10,,,443,37473,0,1358,17
1584503379.129844,10.10.0.10,173.194.187.70,,,37473,443,0,37,17
1584503379.1639,173.194.187.70,10.10.0.10,,,443,37473,0,1358,17
1584503379.201025,173.194.187.70,10.10.0.10,,,443,37473,0,1358,17
1584503379.202595,10.10.0.10,173.194.187.70,,,37473,443,0,37,17
1584503379.238143,173.194.187.70,10.10.0.10,,,443,37473,0,1358,17
1584503379.275265,173.194.187.70,10.10.0.10,,,443,37473,0,1358,17
1584503379.276721,10.10.0.10,173.194.187.70,,,37473,443,0,37,17
1584503379.312381,173.194.187.70,10.10.0.10,,,443,37473,0,1358,17
1584503379.3495069,173.194.187.70,10.10.0.10,,,443,37473,0,1358,17
1584503379.356709,10.10.0.10,173.194.187.70,,,37473,443,0,37,17
1584503379.386632,173.194.187.70,10.10.0.10,,,443,37473,0,1358,17
1584503379.4237561,173.194.187.70,10.10.0.10,,,443,37473,0,1358,17
1584503379.4253318,10.10.0.10,173.194.187.70,,,37473,443,0,37,17
1584503379.46088,173.194.187.70,10.10.0.10,,,443,37473,0,1358,17
1584503379.4980009,173.194.187.70,10.10.0.10,,,443,37473,0,1358,17
1584503379.515079,10.10.0.10,173.194.187.70,,,37473,443,0,37,17
1584503379.5351224,173.194.187.70,10.10.0.10,,,443,37473,0,1358,17
1584503379.572233,173.194.187.70,10.10.0.10,,,443,37473,0,1358,17
1584503379.574207,10.10.0.10,173.194.187.70,,,37473,443,0,37,17
1584503379.6093464,173.194.187.70,10.10.0.10,,,443,37473,0,1358,17
1584503379.646465,173.194.187.70,10.10.0.10,,,443,37473,0,1358,17
1584503379.6490777,10.10.0.10,173.194.187.70,,,37473,443,0,37,17
1584503379.683584,173.194.187.70,10.10.0.10,,,443,37473,0,1358,17
1584503379.7207134,173.194.187.70,10.10.0.10,,,443,37473,0,1358,17
1584503379.7223182,10.10.0.10,173.194.187.70,,,37473,443,0,37,17
1584503379.757826,173.194.187.70,10.10.0.10,,,443,37473,0,1358,17
1584503379.794945,173.194.187.70,10.10.0.10,,,443,37473,0,1358,17
1584503379.796721,10.10.0.10,173.194.187.70,,,37473,443,0,50,17
1584503379.8320642,173.194.187.70,10.10.0.10,,,443,37473,0,1358,17
1584503379.869184,173.194.187.70,10.10.0.10,,,443,37473,0,1358,17
1584503379.8725958,10.10.0.10,173.194.187.70,,,37473,443,0,37,17
1584503379.906305,173.194.187.70,10.10.0.10,,,443,37473,0,1358,17
1584503379.943425,173.194.187.70,10.10.0.10,,,443,37473,0,1358,17
1584503379.9458199,10.10.0.10,173.194.187.70,,,37473,443,0,37,17
1584503379.9805439,173.194.187.70,10.10.0.10,,,443,37473,0,1358,17
1584503380.0176759,173.194.187.70,10.10.0.10,,,443,37473,0,1358,17
1584503380.019222,10.10.0.10,173.194.187.70,,,37473,443,0,37,17
1584503380.054801,173.194.187.70,10.10.0.10,,,443,37473,0,1358,17
1584503380.0919068,173.194.187.70,10.10.0.10,,,443,37473,0,1358,17
1584503380.0936909,10.10.0.10,173.194.187.70,,,37473,443,0,37,17
1584503380.129025,173.194.187.70,10.10.0.10,,,443,37473,0,1358,17
1584503380.1661394,173.194.187.70,10.10.0.10,,,443,37473,0,1358,17
1584503380.167798,10.10.0.10,173.194.187.70,,,37473,443,0,37,17
1584503380.203264,173.194.187.70,10.10.0.10,,,443,37473,0,1358,17
1584503380.2323296,10.10.0.10,173.194.187.70,,,37473,443,0,37,17
1584503380.240387,173.194.187.70,10.10.0.10,,,443,37473,0,1358,17
1584503380.277504,173.194.187.70,10.10.0.10,,,443,37473,0,1358,17
1584503380.2793071,10.10.0.10,173.194.187.70,,,37473,443,0,37,17
1584503380.314625,173.194.187.70,10.10.0.10,,,443,37473,0,1358,17
1584503380.350825,10.10.0.10,173.194.187.70,,,37473,443,0,37,17
1584503380.35175,173.194.187.70,10.10.0.10,,,443,37473,0,1358,17
1584503380.388864,173.194.187.70,10.10.0.10,,,443,37473,0,1358,17
1584503380.391073,10.10.0.10,173.194.187.70,,,37473,443,0,37,17
1584503380.4259849,173.194.187.70,10.10.0.10,,,443,37473,0,1358,17
1584503380.4631028,173.194.187.70,10.10.0.10,,,443,37473,0,1358,17
1584503380.464928,10.10.0.10,173.194.187.70,,,37473,443,0,37,17
1584503380.500228,173.194.187.70,10.10.0.10,,,443,37473,0,1358,17
1584503380.5373476,173.194.187.70,10.10.0.10,,,443,37473,0,1358,17
1584503380.53907,10.10.0.10,173.194.187.70,,,37473,443,0,37,17
1584503380.5744722,173.194.187.70,10.10.0.10,,,443,37473,0,1358,17
1584503380.611596,173.194.187.70,10.10.0.10,,,443,37473,0,1358,17
1584503380.613568,10.10.0.10,173.194.187.70,,,37473,443,0,37,17
1584503380.6487172,173.194.187.70,10.10.0.10,,,443,37473,0,1358,17
1584503380.685842,173.194.187.70,10.10.0.10,,,443,37473,0,1358,17
1584503380.688693,10.10.0.10,173.194.187.70,,,37473,443,0,37,17
1584503380.7229662,173.194.187.70,10.10.0.10,,,443,37473,0,1358,17
1584503380.7600641,173.194.187.70,10.10.0.10,,,443,37473,0,1358,17
1584503380.7621868,10.10.0.10,173.194.187.70,,,37473,443,0,37,17
1584503380.7971878,173.194.187.70,10.10.0.10,,,443,37473,0,1358,17
1584503380.834306,173.194.187.70,10.10.0.10,,,443,37473,0,1358,17
1584503380.8359172,10.10.0.10,173.194.187.70,,,37473,443,0,37,17
1584503380.8714292,173.194.187.70,10.10.0.10,,,443,37473,0,1358,17
1584503380.908545,173.194.187.70,10.10.0.10,,,443,37473,0,1358,17
1584503380.910291,10.10.0.10,173.194.187.70,,,37473,443,0,37,17
1584503380.9456651,173.194.187.70,10.10.0.10,,,443,37473,0,1358,17
1584503380.982789,173.194.187.70,10.10.0.10,,,443,37473,0,1358,17
1584503380.9875221,10.10.0.10,173.194.187.70,,,37473,443,0,37,17
1584503381.0199056,173.194.187.70,10.10.0.10,,,443,37473,0,1358,17
1584503381.0570214,173.194.187.70,10.10.0.10,,,443,37473,0,1358,17
1584503381.0605388,10.10.0.10,173.194.187.70,,,37473,443,0,37,17
1584503381.0941432,173.194.187.70,10.10.0.10,,,443,37473,0,1358,17
1584503381.1312668,173.194.187.70,10.10.0.10,,,443,37473,0,1358,17
1584503381.1331306,10.10.0.10,173.194.187.70,,,37473,443,0,37,17
1584503381.168385,173.194.187.70,10.10.0.10,,,443,37473,0,1358,17
1584503381.205516,173.194.187.70,10.10.0.10,,,443,37473,0,1358,17
1584503381.2076588,10.10.0.10,173.194.187.70,,,37473,443,0,50,17
1584503381.242638,173.194.187.70,10.10.0.10,,,443,37473,0,1358,17
1584503381.2797642,173.194.187.70,10.10.0.10,,,443,37473,0,1358,17
1584503381.281411,10.10.0.10,173.194.187.70,,,37473,443,0,37,17
1584503381.316866,173.194.187.70,10.10.0.10,,,443,37473,0,1358,17
1584503381.3490279,10.10.0.10,173.194.187.70,,,37473,443,0,37,17
1584503381.353983,173.194.187.70,10.10.0.10,,,443,37473,0,1358,17
1584503381.3911061,173.194.187.70,10.10.0.10,,,443,37473,0,1358,17
1584503381.3928,10.10.0.10,173.194.187.70,,,37473,443,0,37,17
1584503381.428226,173.194.187.70,10.10.0.10,,,443,37473,0,1358,17
1584503381.4653466,173.194.187.70,10.10.0.10,,,443,37473,0,1358,17
1584503381.467273,10.10.0.10,173.194.187.70,,,37473,443,0,37,17
1584503381.502466,173.194.187.70,10.10.0.10,,,443,37473,0,1358,17
1584503381.5395849,173.194.187.70,10.10.0.10,,,443,37473,0,1358,17
1584503381.543793,10.10.0.10,173.194.187.70,,,37473,443,0,37,17
1584503381.5767028,173.194.187.70,10.10.0.10,,,443,37473,0,1358,17
1584503381.6138294,173.194.187.70,10.10.0.10,,,443,37473,0,1358,17
1584503381.615664,10.10.0.10,173.194.187.70,,,37473,443,0,37,17
1584503381.650945,173.194.187.70,10.10.0.10,,,443,37473,0,1358,17
1584503381.688065,173.194.187.70,10.10.0.10,,,443,37473,0,1358,17
1584503381.689788,10.10.0.10,173.194.187.70,,,37473,443,0,37,17
1584503381.7251902,173.194.187.70,10.10.0.10,,,443,37473,0,1358,17
1584503381.7623148,173.194.187.70,10.10.0.10,,,443,37473,0,1358,17
1584503381.7638938,10.10.0.10,173.194.187.70,,,37473,443,0,37,17
1584503381.7994368,173.194.187.70,10.10.0.10,,,443,37473,0,927,17
1584503381.8215172,10.10.0.10,173.194.187.70,,,37473,443,0,736,17
1584503381.8225136,10.10.0.10,173.194.187.70,,,37473,443,0,48,17
1584503381.8267062,173.194.187.70,10.10.0.10,,,443,37473,0,139,17
1584503381.8311212,173.194.187.70,10.10.0.10,,,443,37473,0,1358,17
1584503381.832762,10.10.0.10,173.194.187.70,,,37473,443,0,37,17
1584503381.868222,173.194.187.70,10.10.0.10,,,443,37473,0,1358,17
1584503381.9053562,173.194.187.70,10.10.0.10,,,443,37473,0,1358,17
1584503381.9070141,10.10.0.10,173.194.187.70,,,37473,443,0,37,17
1584503381.9424698,173.194.187.70,10.10.0.10,,,443,37473,0,1358,17
1584503381.979586,173.194.187.70,10.10.0.10,,,443,37473,0,1358,17
1584503381.981284,10.10.0.10,173.194.187.70,,,37473,443,0,37,17
1584503382.016708,173.194.187.70,10.10.0.10,,,443,37473,0,1358,17
1584503382.053822,173.194.187.70,10.10.0.10,,,443,37473,0,1358,17
1584503382.066277,10.10.0.10,173.194.187.70,,,37473,443,0,37,17
1584503382.0909386,173.194.187.70,10.10.0.10,,,443,37473,0,1358,17
1584503382.1280699,173.194.187.70,10.10.0.10,,,443,37473,0,1358,17
1584503382.1299012,10.10.0.10,173.194.187.70,,,37473,443,0,37,17
1584503382.165189,173.194.187.70,10.10.0.10,,,443,37473,0,1358,17
1584503382.202301,173.194.187.70,10.10.0.10,,,443,37473,0,1358,17
1584503382.2047718,10.10.0.10,173.194.187.70,,,37473,443,0,37,17
1584503382.2394269,173.194.187.70,10.10.0.10,,,443,37473,0,1358,17
1584503382.276547,173.194.187.70,10.10.0.10,,,443,37473,0,1358,17
1584503382.2787502,10.10.0.10,173.194.187.70,,,37473,443,0,37,17
1584503382.313673,173.194.187.70,10.10.0.10,,,443,37473,0,1358,17
1584503382.3507972,173.194.187.70,10.10.0.10,,,443,37473,0,1358,17
1584503382.3526418,10.10.0.10,173.194.187.70,,,37473,443,0,37,17
1584503382.3879216,173.194.187.70,10.10.0.10,,,443,37473,0,1358,17
1584503382.4250221,173.194.187.70,10.10.0.10,,,443,37473,0,1358,17
1584503382.429144,10.10.0.10,173.194.187.70,,,37473,443,0,37,17
1584503382.462165,173.194.187.70,10.10.0.10,,,443,37473,0,1358,17
1584503382.495745,10.10.0.10,173.194.187.70,,,37473,443,0,37,17
1584503382.4992619,173.194.187.70,10.10.0.10,,,443,37473,0,1358,17
1584503382.536387,173.194.187.70,10.10.0.10,,,443,37473,0,1358,17
1584503382.5404818,10.10.0.10,173.194.187.70,,,37473,443,0,37,17
1584503382.5735052,173.194.187.70,10.10.0.10,,,443,37473,0,1358,17
1584503382.610625,173.194.187.70,10.10.0.10,,,443,37473,0,1358,17
1584503382.612387,10.10.0.10,173.194.187.70,,,37473,443,0,37,17
1584503382.647744,173.194.187.70,10.10.0.10,,,443,37473,0,1358,17
1584503382.678632,10.10.0.10,173.194.187.70,,,37473,443,0,37,17
1584503382.684865,173.194.187.70,10.10.0.10,,,443,37473,0,1358,17
1584503382.7219849,173.194.187.70,10.10.0.10,,,443,37473,0,1358,17
1584503382.72387,10.10.0.10,173.194.187.70,,,37473,443,0,37,17
1584503382.7591028,173.194.187.70,10.10.0.10,,,443,37473,0,1358,17
1584503382.796225,173.194.187.70,10.10.0.10,,,443,37473,0,1358,17
1584503382.7992349,10.10.0.10,173.194.187.70,,,37473,443,0,37,17
1584503382.833339,173.194.187.70,10.10.0.10,,,443,37473,0,1358,17
1584503382.870467,173.194.187.70,10.10.0.10,,,443,37473,0,1358,17
1584503382.8728552,10.10.0.10,173.194.187.70,,,37473,443,0,37,17
1584503382.907581,173.194.187.70,10.10.0.10,,,443,37473,0,1358,17
1584503382.9447148,173.194.187.70,10.10.0.10,,,443,37473,0,1358,17
1584503382.946626,10.10.0.10,173.194.187.70,,,37473,443,0,37,17
1584503382.981838,173.194.187.70,10.10.0.10,,,443,37473,0,1358,17
1584503383.018961,173.194.187.70,10.10.0.10,,,443,37473,0,1358,17
1584503383.0210118,10.10.0.10,173.194.187.70,,,37473,443,0,37,17
1584503383.056061,173.194.187.70,10.10.0.10,,,443,37473,0,1358,17
1584503383.0931878,173.194.187.70,10.10.0.10,,,443,37473,0,1358,17
1584503383.094857,10.10.0.10,173.194.187.70,,,37473,443,0,37,17
1584503383.130305,173.194.187.70,10.10.0.10,,,443,37473,0,1358,17
1584503383.167423,173.194.187.70,10.10.0.10,,,443,37473,0,1358,17
1584503383.168983,10.10.0.10,173.194.187.70,,,37473,443,0,50,17
1584503383.2045472,173.194.187.70,10.10.0.10,,,443,37473,0,1358,17
1584503383.241662,173.194.187.70,10.10.0.10,,,443,37473,0,1358,17
1584503383.243366,10.10.0.10,173.194.187.70,,,37473,443,0,37,17
1584503383.278786,173.194.187.70,10.10.0.10,,,443,37473,0,1358,17
1584503383.3159056,173.194.187.70,10.10.0.10,,,443,37473,0,1358,17
1584503383.317471,10.10.0.10,173.194.187.70,,,37473,443,0,37,17
1584503383.3530278,173.194.187.70,10.10.0.10,,,443,37473,0,1358,17
1584503383.389618,10.10.0.10,173.194.187.70,,,37473,443,0,37,17
1584503383.3901439,173.194.187.70,10.10.0.10,,,443,37473,0,1358,17
1584503383.4272668,173.194.187.70,10.10.0.10,,,443,37473,0,1358,17
1584503383.4289708,10.10.0.10,173.194.187.70,,,37473,443,0,37,17
1584503383.464387,173.194.187.70,10.10.0.10,,,443,37473,0,1358,17
1584503383.5015118,173.194.187.70,10.10.0.10,,,443,37473,0,1358,17
1584503383.503233,10.10.0.10,173.194.187.70,,,37473,443,0,37,17
1584503383.538639,173.194.187.70,10.10.0.10,,,443,37473,0,1358,17
1584503383.575756,173.194.187.70,10.10.0.10,,,443,37473,0,1358,17
1584503383.577586,10.10.0.10,173.194.187.70,,,37473,443,0,37,17
1584503383.612881,173.194.187.70,10.10.0.10,,,443,37473,0,1358,17
1584503383.650005,173.194.187.70,10.10.0.10,,,443,37473,0,1358,17
1584503383.651709,10.10.0.10,173.194.187.70,,,37473,443,0,37,17
1584503383.687103,173.194.187.70,10.10.0.10,,,443,37473,0,1358,17
1584503383.724226,173.194.187.70,10.10.0.10,,,443,37473,0,1358,17
1584503383.7259572,10.10.0.10,173.194.187.70,,,37473,443,0,37,17
1584503383.761346,173.194.187.70,10.10.0.10,,,443,37473,0,1358,17
1584503383.798466,173.194.187.70,10.10.0.10,,,443,37473,0,1358,17
1584503383.800839,10.10.0.10,173.194.187.70,,,37473,443,0,37,17
1584503383.8355849,173.194.187.70,10.10.0.10,,,443,37473,0,1358,17
1584503383.872706,173.194.187.70,10.10.0.10,,,443,37473,0,1358,17
1584503383.8752232,10.10.0.10,173.194.187.70,,,37473,443,0,37,17
1584503383.90983,173.194.187.70,10.10.0.10,,,443,37473,0,1358,17
1584503383.9469464,173.194.187.70,10.10.0.10,,,443,37473,0,1358,17
1584503383.949225,10.10.0.10,173.194.187.70,,,37473,443,0,37,17
1584503383.984066,173.194.187.70,10.10.0.10,,,443,37473,0,1358,17
1584503384.0211859,173.194.187.70,10.10.0.10,,,443,37473,0,1358,17
1584503384.022841,10.10.0.10,173.194.187.70,,,37473,443,0,37,17
1584503384.058307,173.194.187.70,10.10.0.10,,,443,37473,0,1358,17
1584503384.095431,173.194.187.70,10.10.0.10,,,443,37473,0,1358,17
1584503384.0969698,10.10.0.10,173.194.187.70,,,37473,443,0,37,17
1584503384.1325548,173.194.187.70,10.10.0.10,,,443,37473,0,1358,17
1584503384.169678,173.194.187.70,10.10.0.10,,,443,37473,0,1358,17
1584503384.1713386,10.10.0.10,173.194.187.70,,,37473,443,0,37,17
1584503384.206802,173.194.187.70,10.10.0.10,,,443,37473,0,1358,17
1584503384.243905,173.194.187.70,10.10.0.10,,,443,37473,0,1358,17
1584503384.248194,10.10.0.10,173.194.187.70,,,37473,443,0,37,17
1584503384.2810278,173.194.187.70,10.10.0.10,,,443,37473,0,1358,17
1584503384.3181438,173.194.187.70,10.10.0.10,,,443,37473,0,1358,17
1584503384.3190749,10.10.0.10,173.194.187.70,,,37473,443,0,37,17
1584503384.3552651,173.194.187.70,10.10.0.10,,,443,37473,0,1358,17
1584503384.3575642,10.10.0.10,173.194.187.70,,,37473,443,0,37,17
1584503384.392386,173.194.187.70,10.10.0.10,,,443,37473,0,1358,17
1584503384.4295056,173.194.187.70,10.10.0.10,,,443,37473,0,1358,17
1584503384.431334,10.10.0.10,173.194.187.70,,,37473,443,0,37,17
1584503384.466626,173.194.187.70,10.10.0.10,,,443,37473,0,1358,17
1584503384.500186,10.10.0.10,173.194.187.70,,,37473,443,0,37,17
1584503384.503744,173.194.187.70,10.10.0.10,,,443,37473,0,1358,17
1584503384.540863,173.194.187.70,10.10.0.10,,,443,37473,0,1358,17
1584503384.542451,10.10.0.10,173.194.187.70,,,37473,443,0,50,17
1584503384.577987,173.194.187.70,10.10.0.10,,,443,37473,0,1358,17
1584503384.6151078,173.194.187.70,10.10.0.10,,,443,37473,0,1358,17
1584503384.628202,10.10.0.10,173.194.187.70,,,37473,443,0,37,17
1584503384.6522286,173.194.187.70,10.10.0.10,,,443,37473,0,1358,17
1584503384.689353,173.194.187.70,10.10.0.10,,,443,37473,0,1358,17
1584503384.691432,10.10.0.10,173.194.187.70,,,37473,443,0,37,17
1584503384.7264762,173.194.187.70,10.10.0.10,,,443,37473,0,1358,17
1584503384.7635992,173.194.187.70,10.10.0.10,,,443,37473,0,1358,17
1584503384.765324,10.10.0.10,173.194.187.70,,,37473,443,0,37,17
1584503384.8007221,173.194.187.70,10.10.0.10,,,443,37473,0,1358,17
1584503384.8378446,173.194.187.70,10.10.0.10,,,443,37473,0,1358,17
1584503384.83956,10.10.0.10,173.194.187.70,,,37473,443,0,37,17
1584503384.8749552,173.194.187.70,10.10.0.10,,,443,37473,0,1358,17
1584503384.9120624,173.194.187.70,10.10.0.10,,,443,37473,0,1358,17
1584503384.913703,10.10.0.10,173.194.187.70,,,37473,443,0,37,17
1584503384.9491868,173.194.187.70,10.10.0.10,,,443,37473,0,1358,17
1584503384.98631,173.194.187.70,10.10.0.10,,,443,37473,0,1358,17
1584503384.988185,10.10.0.10,173.194.187.70,,,37473,443,0,37,17
1584503385.0234258,173.194.187.70,10.10.0.10,,,443,37473,0,1358,17
1584503385.060542,173.194.187.70,10.10.0.10,,,443,37473,0,1358,17
1584503385.0624409,10.10.0.10,173.194.187.70,,,37473,443,0,37,17
1584503385.097666,173.194.187.70,10.10.0.10,,,443,37473,0,1358,17
1584503385.1347866,173.194.187.70,10.10.0.10,,,443,37473,0,1358,17
1584503385.136679,10.10.0.10,173.194.187.70,,,37473,443,0,37,17
1584503385.1719036,173.194.187.70,10.10.0.10,,,443,37473,0,1358,17
1584503385.2090278,173.194.187.70,10.10.0.10,,,443,37473,0,1358,17
1584503385.210782,10.10.0.10,173.194.187.70,,,37473,443,0,37,17
1584503385.2472696,173.194.187.70,10.10.0.10,,,443,37473,0,1358,17
1584503385.284394,173.194.187.70,10.10.0.10,,,443,37473,0,1358,17
1584503385.286309,10.10.0.10,173.194.187.70,,,37473,443,0,37,17
1584503385.321521,173.194.187.70,10.10.0.10,,,443,37473,0,1358,17
1584503385.3586268,173.194.187.70,10.10.0.10,,,443,37473,0,1358,17
1584503385.36041,10.10.0.10,173.194.187.70,,,37473,443,0,37,17
1584503385.395745,173.194.187.70,10.10.0.10,,,443,37473,0,1358,17
1584503385.432864,173.194.187.70,10.10.0.10,,,443,37473,0,1358,17
1584503385.4344,10.10.0.10,173.194.187.70,,,37473,443,0,37,17
1584503385.469984,173.194.187.70,10.10.0.10,,,443,37473,0,1358,17
1584503385.507104,173.194.187.70,10.10.0.10,,,443,37473,0,1358,17
1584503385.514157,10.10.0.10,173.194.187.70,,,37473,443,0,40,17
1584503385.544224,173.194.187.70,10.10.0.10,,,443,37473,0,1358,17
1584503385.5465288,10.10.0.10,173.194.187.70,,,37473,443,0,40,17
1584503385.5813448,173.194.187.70,10.10.0.10,,,443,37473,0,1358,17
1584503385.5830526,10.10.0.10,173.194.187.70,,,37473,443,0,40,17
1584503385.618466,173.194.187.70,10.10.0.10,,,443,37473,0,1358,17
1584503385.6205466,10.10.0.10,173.194.187.70,,,37473,443,0,40,17
1584503385.6555831,173.194.187.70,10.10.0.10,,,443,37473,0,1358,17
1584503385.692706,173.194.187.70,10.10.0.10,,,443,37473,0,1358,17
1584503385.695151,10.10.0.10,173.194.187.70,,,37473,443,0,40,17
1584503385.7298205,173.194.187.70,10.10.0.10,,,443,37473,0,1358,17
1584503385.7579231,10.10.0.10,173.194.187.70,,,37473,443,0,40,17
1584503385.7669468,173.194.187.70,10.10.0.10,,,443,37473,0,1358,17
1584503385.804062,173.194.187.70,10.10.0.10,,,443,37473,0,1358,17
1584503385.8065412,10.10.0.10,173.194.187.70,,,37473,443,0,40,17
1584503385.8411946,173.194.187.70,10.10.0.10,,,443,37473,0,1358,17
1584503385.8783169,173.194.187.70,10.10.0.10,,,443,37473,0,1358,17
1584503385.880645,10.10.0.10,173.194.187.70,,,37473,443,0,53,17
1584503385.915424,173.194.187.70,10.10.0.10,,,443,37473,0,1358,17
1584503385.9525652,173.194.187.70,10.10.0.10,,,443,37473,0,1358,17
1584503385.9545429,10.10.0.10,173.194.187.70,,,37473,443,0,40,17
1584503385.9896624,173.194.187.70,10.10.0.10,,,443,37473,0,1358,17
1584503386.026784,173.194.187.70,10.10.0.10,,,443,37473,0,1358,17
1584503386.0287619,10.10.0.10,173.194.187.70,,,37473,443,0,40,17
1584503386.0639026,173.194.187.70,10.10.0.10,,,443,37473,0,29,17
1584503386.065579,173.194.187.70,10.10.0.10,,,443,37473,0,1358,17
1584503386.1027012,173.194.187.70,10.10.0.10,,,443,37473,0,1358,17
1584503386.104525,10.10.0.10,173.194.187.70,,,37473,443,0,37,17
1584503386.139824,173.194.187.70,10.10.0.10,,,443,37473,0,1358,17
1584503386.176945,173.194.187.70,10.10.0.10,,,443,37473,0,1358,17
1584503386.17901,10.10.0.10,173.194.187.70,,,37473,443,0,37,17
1584503386.2140632,173.194.187.70,10.10.0.10,,,443,37473,0,1358,17
1584503386.2511866,173.194.187.70,10.10.0.10,,,443,37473,0,1358,17
1584503386.253409,10.10.0.10,173.194.187.70,,,37473,443,0,37,17
1584503386.288306,173.194.187.70,10.10.0.10,,,443,37473,0,1358,17
1584503386.3254302,173.194.187.70,10.10.0.10,,,443,37473,0,1358,17
1584503386.328758,10.10.0.10,173.194.187.70,,,37473,443,0,37,17
1584503386.362553,173.194.187.70,10.10.0.10,,,443,37473,0,213,17
1584503386.383376,10.10.0.10,173.194.187.70,,,37473,443,0,735,17
1584503386.3834019,10.10.0.10,173.194.187.70,,,37473,443,0,48,17
1584503386.388058,173.194.187.70,10.10.0.10,,,443,37473,0,115,17
1584503386.3880892,173.194.187.70,10.10.0.10,,,443,37473,0,1358,17
1584503386.3912554,10.10.0.10,173.194.187.70,,,37473,443,0,37,17
1584503386.3936338,10.10.0.10,173.194.187.70,,,37473,443,0,748,17
1584503386.3938801,10.10.0.10,173.194.187.70,,,37473,443,0,48,17
1584503386.410239,173.194.187.70,10.10.0.10,,,443,37473,0,1358,17
1584503386.4473438,173.194.187.70,10.10.0.10,,,443,37473,0,1358,17
1584503386.4492762,10.10.0.10,173.194.187.70,,,37473,443,0,37,17
1584503386.4844651,173.194.187.70,10.10.0.10,,,443,37473,0,1358,17
1584503386.520509,10.10.0.10,173.194.187.70,,,37473,443,0,37,17
1584503386.521584,173.194.187.70,10.10.0.10,,,443,37473,0,1358,17
1584503386.558398,10.10.0.10,173.194.187.70,,,37473,443,0,37,17
1584503386.5587,173.194.187.70,10.10.0.10,,,443,37473,0,1358,17
1584503386.5958204,173.194.187.70,10.10.0.10,,,443,37473,0,29,17
1584503386.597498,173.194.187.70,10.10.0.10,,,443,37473,0,1358,17
1584503386.597626,10.10.0.10,173.194.187.70,,,37473,443,0,37,17
1584503386.629128,10.10.0.10,173.194.187.70,,,37473,443,0,37,17
1584503386.634619,173.194.187.70,10.10.0.10,,,443,37473,0,1358,17
1584503386.6717439,173.194.187.70,10.10.0.10,,,443,37473,0,1358,17
1584503386.6746428,10.10.0.10,173.194.187.70,,,37473,443,0,37,17
1584503386.708864,173.194.187.70,10.10.0.10,,,443,37473,0,1358,17
1584503386.7459831,173.194.187.70,10.10.0.10,,,443,37473,0,1358,17
1584503386.747895,10.10.0.10,173.194.187.70,,,37473,443,0,37,17
1584503386.783106,173.194.187.70,10.10.0.10,,,443,37473,0,1358,17
1584503386.8202188,173.194.187.70,10.10.0.10,,,443,37473,0,1358,17
1584503386.822241,10.10.0.10,173.194.187.70,,,37473,443,0,37,17
1584503386.857351,173.194.187.70,10.10.0.10,,,443,37473,0,1358,17
1584503386.894474,173.194.187.70,10.10.0.10,,,443,37473,0,1358,17
1584503386.8961148,10.10.0.10,173.194.187.70,,,37473,443,0,37,17
1584503386.931601,173.194.187.70,10.10.0.10,,,443,37473,0,1358,17
1584503386.9687238,173.194.187.70,10.10.0.10,,,443,37473,0,1358,17
1584503386.970613,10.10.0.10,173.194.187.70,,,37473,443,0,37,17
1584503387.005825,173.194.187.70,10.10.0.10,,,443,37473,0,1358,17
1584503387.0429492,173.194.187.70,10.10.0.10,,,443,37473,0,1358,17
1584503387.044592,10.10.0.10,173.194.187.70,,,37473,443,0,37,17
1584503387.0800614,173.194.187.70,10.10.0.10,,,443,37473,0,1358,17
1584503387.117182,173.194.187.70,10.10.0.10,,,443,37473,0,1358,17
1584503387.119139,10.10.0.10,173.194.187.70,,,37473,443,0,37,17
1584503387.154305,173.194.187.70,10.10.0.10,,,443,37473,0,1358,17
1584503387.191426,173.194.187.70,10.10.0.10,,,443,37473,0,1358,17
1584503387.1946,10.10.0.10,173.194.187.70,,,37473,443,0,37,17
1584503387.228544,173.194.187.70,10.10.0.10,,,443,37473,0,1358,17
1584503387.265661,173.194.187.70,10.10.0.10,,,443,37473,0,1358,17
1584503387.2676098,10.10.0.10,173.194.187.70,,,37473,443,0,37,17
1584503387.3027859,173.194.187.70,10.10.0.10,,,443,37473,0,1358,17
1584503387.339905,173.194.187.70,10.10.0.10,,,443,37473,0,1358,17
1584503387.3424964,10.10.0.10,173.194.187.70,,,37473,443,0,37,17
1584503387.377024,173.194.187.70,10.10.0.10,,,443,37473,0,1358,17
1584503387.414149,173.194.187.70,10.10.0.10,,,443,37473,0,1358,17
1584503387.4183712,10.10.0.10,173.194.187.70,,,37473,443,0,37,17
1584503387.451273,173.194.187.70,10.10.0.10,,,443,37473,0,1358,17
1584503387.488383,173.194.187.70,10.10.0.10,,,443,37473,0,1358,17
1584503387.49062,10.10.0.10,173.194.187.70,,,37473,443,0,37,17
1584503387.5255196,173.194.187.70,10.10.0.10,,,443,37473,0,1358,17
1584503387.562641,173.194.187.70,10.10.0.10,,,443,37473,0,1358,17
1584503387.5642204,10.10.0.10,173.194.187.70,,,37473,443,0,37,17
1584503387.599767,173.194.187.70,10.10.0.10,,,443,37473,0,1358,17
1584503387.6413276,173.194.187.70,10.10.0.10,,,443,37473,0,1358,17
1584503387.643095,10.10.0.10,173.194.187.70,,,37473,443,0,37,17
1584503387.67845,173.194.187.70,10.10.0.10,,,443,37473,0,1358,17
1584503387.715574,173.194.187.70,10.10.0.10,,,443,37473,0,1358,17
1584503387.717361,10.10.0.10,173.194.187.70,,,37473,443,0,50,17
1584503387.7526786,173.194.187.70,10.10.0.10,,,443,37473,0,1358,17
1584503387.7898018,173.194.187.70,10.10.0.10,,,443,37473,0,1358,17
1584503387.7917304,10.10.0.10,173.194.187.70,,,37473,443,0,37,17
1584503387.8269188,173.194.187.70,10.10.0.10,,,443,37473,0,1358,17
1584503387.8640409,173.194.187.70,10.10.0.10,,,443,37473,0,1358,17
1584503387.865712,10.10.0.10,173.194.187.70,,,37473,443,0,37,17
1584503387.9011571,173.194.187.70,10.10.0.10,,,443,37473,0,1358,17
1584503387.938277,173.194.187.70,10.10.0.10,,,443,37473,0,1358,17
1584503387.9399679,10.10.0.10,173.194.187.70,,,37473,443,0,37,17
1584503387.975395,173.194.187.70,10.10.0.10,,,443,37473,0,1358,17
1584503388.0169652,173.194.187.70,10.10.0.10,,,443,37473,0,1358,17
1584503388.018586,10.10.0.10,173.194.187.70,,,37473,443,0,37,17
1584503388.054087,173.194.187.70,10.10.0.10,,,443,37473,0,1358,17
1584503388.091208,173.194.187.70,10.10.0.10,,,443,37473,0,1358,17
1584503388.0949502,10.10.0.10,173.194.187.70,,,37473,443,0,37,17
1584503388.1283278,173.194.187.70,10.10.0.10,,,443,37473,0,1358,17
1584503388.16196,10.10.0.10,173.194.187.70,,,37473,443,0,37,17
1584503388.1654508,173.194.187.70,10.10.0.10,,,443,37473,0,1358,17
1584503388.2025714,173.194.187.70,10.10.0.10,,,443,37473,0,1358,17
1584503388.204477,10.10.0.10,173.194.187.70,,,37473,443,0,37,17
1584503388.2396898,173.194.187.70,10.10.0.10,,,443,37473,0,1358,17
1584503388.2768116,173.194.187.70,10.10.0.10,,,443,37473,0,1358,17
1584503388.2805812,10.10.0.10,173.194.187.70,,,37473,443,0,37,17
1584503388.3183858,173.194.187.70,10.10.0.10,,,443,37473,0,1358,17
1584503388.355511,173.194.187.70,10.10.0.10,,,443,37473,0,1358,17
1584503388.357066,10.10.0.10,173.194.187.70,,,37473,443,0,37,17
1584503388.3926268,173.194.187.70,10.10.0.10,,,443,37473,0,1358,17
1584503388.429744,173.194.187.70,10.10.0.10,,,443,37473,0,1358,17
1584503388.431821,10.10.0.10,173.194.187.70,,,37473,443,0,37,17
1584503388.4668634,173.194.187.70,10.10.0.10,,,443,37473,0,1358,17
1584503388.503993,173.194.187.70,10.10.0.10,,,443,37473,0,1358,17
1584503388.505592,10.10.0.10,173.194.187.70,,,37473,443,0,37,17
1584503388.5411148,173.194.187.70,10.10.0.10,,,443,37473,0,1358,17
1584503388.5782368,173.194.187.70,10.10.0.10,,,443,37473,0,1358,17
1584503388.579836,10.10.0.10,173.194.187.70,,,37473,443,0,37,17
1584503388.61536,173.194.187.70,10.10.0.10,,,443,37473,0,1358,17
1584503388.6524851,173.194.187.70,10.10.0.10,,,443,37473,0,1358,17
1584503388.654439,10.10.0.10,173.194.187.70,,,37473,443,0,37,17
1584503388.689584,173.194.187.70,10.10.0.10,,,443,37473,0,1358,17
1584503388.726707,173.194.187.70,10.10.0.10,,,443,37473,0,1358,17
1584503388.7294366,10.10.0.10,173.194.187.70,,,37473,443,0,37,17
1584503388.763825,173.194.187.70,10.10.0.10,,,443,37473,0,1358,17
1584503388.8009448,173.194.187.70,10.10.0.10,,,443,37473,0,1358,17
1584503388.803434,10.10.0.10,173.194.187.70,,,37473,443,0,37,17
1584503388.838063,173.194.187.70,10.10.0.10,,,443,37473,0,1358,17
1584503388.875184,173.194.187.70,10.10.0.10,,,443,37473,0,1358,17
1584503388.8783224,10.10.0.10,173.194.187.70,,,37473,443,0,37,17
1584503388.9123044,173.194.187.70,10.10.0.10,,,443,37473,0,1358,17
1584503388.9494214,173.194.187.70,10.10.0.10,,,443,37473,0,1358,17
1584503388.951545,10.10.0.10,173.194.187.70,,,37473,443,0,37,17
1584503388.986543,173.194.187.70,10.10.0.10,,,443,37473,0,1358,17
1584503389.023666,173.194.187.70,10.10.0.10,,,443,37473,0,1358,17
1584503389.025451,10.10.0.10,173.194.187.70,,,37473,443,0,37,17
1584503389.0607822,173.194.187.70,10.10.0.10,,,443,37473,0,1358,17
1584503389.097902,173.194.187.70,10.10.0.10,,,443,37473,0,1358,17
1584503389.099402,10.10.0.10,173.194.187.70,,,37473,443,0,37,17
1584503389.1350205,173.194.187.70,10.10.0.10,,,443,37473,0,1358,17
1584503389.172158,173.194.187.70,10.10.0.10,,,443,37473,0,1358,17
1584503389.173823,10.10.0.10,173.194.187.70,,,37473,443,0,50,17
1584503389.2092788,173.194.187.70,10.10.0.10,,,443,37473,0,1358,17
1584503389.241695,10.10.0.10,173.194.187.70,,,37473,443,0,37,17
1584503389.2463849,173.194.187.70,10.10.0.10,,,443,37473,0,1358,17
1584503389.283443,10.10.0.10,173.194.187.70,,,37473,443,0,37,17
1584503389.2835062,173.194.187.70,10.10.0.10,,,443,37473,0,1358,17
1584503389.320624,173.194.187.70,10.10.0.10,,,443,37473,0,1358,17
1584503389.322295,10.10.0.10,173.194.187.70,,,37473,443,0,37,17
1584503389.357744,173.194.187.70,10.10.0.10,,,443,37473,0,1358,17
1584503389.394864,173.194.187.70,10.10.0.10,,,443,37473,0,29,17
1584503389.396544,173.194.187.70,10.10.0.10,,,443,37473,0,1358,17
1584503389.396672,10.10.0.10,173.194.187.70,,,37473,443,0,37,17
1584503389.433664,173.194.187.70,10.10.0.10,,,443,37473,0,1358,17
1584503389.436296,10.10.0.10,173.194.187.70,,,37473,443,0,37,17
1584503389.4707859,173.194.187.70,10.10.0.10,,,443,37473,0,1358,17
1584503389.504908,10.10.0.10,173.194.187.70,,,37473,443,0,37,17
1584503389.5079026,173.194.187.70,10.10.0.10,,,443,37473,0,1358,17
1584503389.5399332,10.10.0.10,173.194.187.70,,,37473,443,0,37,17
1584503389.54503,173.194.187.70,10.10.0.10,,,443,37473,0,1358,17
1584503389.58215,173.194.187.70,10.10.0.10,,,443,37473,0,1358,17
1584503389.584183,10.10.0.10,173.194.187.70,,,37473,443,0,37,17
1584503389.6192696,173.194.187.70,10.10.0.10,,,443,37473,0,1358,17
1584503389.650057,10.10.0.10,173.194.187.70,,,37473,443,0,37,17
1584503389.656393,173.194.187.70,10.10.0.10,,,443,37473,0,1358,17
1584503389.6935172,173.194.187.70,10.10.0.10,,,443,37473,0,1358,17
1584503389.694034,10.10.0.10,173.194.187.70,,,37473,443,0,37,17
1584503389.7306268,173.194.187.70,10.10.0.10,,,443,37473,0,1358,17
1584503389.7580569,10.10.0.10,173.194.187.70,,,37473,443,0,37,17
1584503389.767745,173.194.187.70,10.10.0.10,,,443,37473,0,1358,17
1584503389.8076134,173.194.187.70,10.10.0.10,,,443,37473,0,1358,17
1584503389.809148,10.10.0.10,173.194.187.70,,,37473,443,0,37,17
1584503389.8447301,173.194.187.70,10.10.0.10,,,443,37473,0,1358,17
1584503389.8818526,173.194.187.70,10.10.0.10,,,443,37473,0,1358,17
1584503389.884279,10.10.0.10,173.194.187.70,,,37473,443,0,37,17
1584503389.9189725,173.194.187.70,10.10.0.10,,,443,37473,0,1358,17
1584503389.956088,173.194.187.70,10.10.0.10,,,443,37473,0,1358,17
1584503389.957784,10.10.0.10,173.194.187.70,,,37473,443,0,37,17
1584503389.9932108,173.194.187.70,10.10.0.10,,,443,37473,0,1358,17
1584503390.0303311,173.194.187.70,10.10.0.10,,,443,37473,0,1358,17
1584503390.0319018,10.10.0.10,173.194.187.70,,,37473,443,0,37,17
1584503390.0674536,173.194.187.70,10.10.0.10,,,443,37473,0,1358,17
1584503390.104569,173.194.187.70,10.10.0.10,,,443,37473,0,1358,17
1584503390.1082964,10.10.0.10,173.194.187.70,,,37473,443,0,37,17
1584503390.1416998,173.194.187.70,10.10.0.10,,,443,37473,0,1358,17
1584503390.178817,173.194.187.70,10.10.0.10,,,443,37473,0,1358,17
1584503390.180408,10.10.0.10,173.194.187.70,,,37473,443,0,37,17
1584503390.21596,173.194.187.70,10.10.0.10,,,443,37473,0,1358,17
1584503390.2530668,173.194.187.70,10.10.0.10,,,443,37473,0,1358,17
1584503390.2545311,10.10.0.10,173.194.187.70,,,37473,443,0,37,17
1584503390.290172,173.194.187.70,10.10.0.10,,,443,37473,0,1358,17
1584503390.317786,10.10.0.10,173.194.187.70,,,37473,443,0,37,17
1584503390.327302,173.194.187.70,10.10.0.10,,,443,37473,0,1358,17
1584503390.364409,173.194.187.70,10.10.0.10,,,443,37473,0,1358,17
1584503390.366417,10.10.0.10,173.194.187.70,,,37473,443,0,50,17
1584503390.4015322,173.194.187.70,10.10.0.10,,,443,37473,0,1358,17
1584503390.4386456,173.194.187.70,10.10.0.10,,,443,37473,0,1358,17
1584503390.441158,10.10.0.10,173.194.187.70,,,37473,443,0,37,17
1584503390.475775,173.194.187.70,10.10.0.10,,,443,37473,0,1358,17
1584503390.5128922,173.194.187.70,10.10.0.10,,,443,37473,0,1358,17
1584503390.514536,10.10.0.10,173.194.187.70,,,37473,443,0,37,17
1584503390.550015,173.194.187.70,10.10.0.10,,,443,37473,0,1358,17
1584503390.5871332,173.194.187.70,10.10.0.10,,,443,37473,0,29,17
1584503390.588632,10.10.0.10,173.194.187.70,,,37473,443,0,37,17
1584503390.588807,173.194.187.70,10.10.0.10,,,443,37473,0,1358,17
1584503390.6259305,173.194.187.70,10.10.0.10,,,443,37473,0,1358,17
1584503390.627865,10.10.0.10,173.194.187.70,,,37473,443,0,37,17
1584503390.6630518,173.194.187.70,10.10.0.10,,,443,37473,0,1358,17
1584503390.700176,173.194.187.70,10.10.0.10,,,443,37473,0,1358,17
1584503390.707525,10.10.0.10,173.194.187.70,,,37473,443,0,37,17
1584503390.737303,173.194.187.70,10.10.0.10,,,443,37473,0,1358,17
1584503390.774415,173.194.187.70,10.10.0.10,,,443,37473,0,1358,17
1584503390.776778,10.10.0.10,173.194.187.70,,,37473,443,0,37,17
1584503390.8115456,173.194.187.70,10.10.0.10,,,443,37473,0,1358,17
1584503390.8486679,173.194.187.70,10.10.0.10,,,443,37473,0,1358,17
1584503390.850732,10.10.0.10,173.194.187.70,,,37473,443,0,37,17
1584503390.885766,173.194.187.70,10.10.0.10,,,443,37473,0,1358,17
1584503390.922893,173.194.187.70,10.10.0.10,,,443,37473,0,1358,17
1584503390.926394,10.10.0.10,173.194.187.70,,,37473,443,0,37,17
1584503390.960006,173.194.187.70,10.10.0.10,,,443,37473,0,1358,17
1584503390.997129,173.194.187.70,10.10.0.10,,,443,37473,0,1358,17
1584503390.9993742,10.10.0.10,173.194.187.70,,,37473,443,0,37,17
1584503391.0342598,173.194.187.70,10.10.0.10,,,443,37473,0,1358,17
1584503391.0713725,173.194.187.70,10.10.0.10,,,443,37473,0,1358,17
1584503391.072865,10.10.0.10,173.194.187.70,,,37473,443,0,37,17
1584503391.108492,173.194.187.70,10.10.0.10,,,443,37473,0,1358,17
1584503391.1456132,173.194.187.70,10.10.0.10,,,443,37473,0,1358,17
1584503391.1473892,10.10.0.10,173.194.187.70,,,37473,443,0,37,17
1584503391.18273,173.194.187.70,10.10.0.10,,,443,37473,0,1358,17
1584503391.2198524,173.194.187.70,10.10.0.10,,,443,37473,0,1358,17
1584503391.22164,10.10.0.10,173.194.187.70,,,37473,443,0,37,17
1584503391.256972,173.194.187.70,10.10.0.10,,,443,37473,0,1358,17
1584503391.2940981,173.194.187.70,10.10.0.10,,,443,37473,0,1358,17
1584503391.2971332,10.10.0.10,173.194.187.70,,,37473,443,0,37,17
1584503391.33122,173.194.187.70,10.10.0.10,,,443,37473,0,1358,17
1584503391.368345,173.194.187.70,10.10.0.10,,,443,37473,0,1358,17
1584503391.370009,10.10.0.10,173.194.187.70,,,37473,443,0,37,17
1584503391.4054658,173.194.187.70,10.10.0.10,,,443,37473,0,1358,17
1584503391.4425714,173.194.187.70,10.10.0.10,,,443,37473,0,1358,17
1584503391.446378,10.10.0.10,173.194.187.70,,,37473,443,0,37,17
1584503391.4796898,173.194.187.70,10.10.0.10,,,443,37473,0,1358,17
1584503391.516811,173.194.187.70,10.10.0.10,,,443,37473,0,1358,17
1584503391.5184898,10.10.0.10,173.194.187.70,,,37473,443,0,37,17
1584503391.5539331,173.194.187.70,10.10.0.10,,,443,37473,0,1358,17
1584503391.591052,173.194.187.70,10.10.0.10,,,443,37473,0,1358,17
1584503391.592855,10.10.0.10,173.194.187.70,,,37473,443,0,37,17
1584503391.6281722,173.194.187.70,10.10.0.10,,,443,37473,0,1358,17
1584503391.66529,173.194.187.70,10.10.0.10,,,443,37473,0,1358,17
1584503391.666978,10.10.0.10,173.194.187.70,,,37473,443,0,37,17
1584503391.702413,173.194.187.70,10.10.0.10,,,443,37473,0,1358,17
1584503391.7395306,173.194.187.70,10.10.0.10,,,443,37473,0,1358,17
1584503391.7412438,10.10.0.10,173.194.187.70,,,37473,443,0,37,17
1584503391.77665,173.194.187.70,10.10.0.10,,,443,37473,0,1358,17
1584503391.813774,173.194.187.70,10.10.0.10,,,443,37473,0,1358,17
1584503391.8169732,10.10.0.10,173.194.187.70,,,37473,443,0,50,17
1584503391.850894,173.194.187.70,10.10.0.10,,,443,37473,0,1358,17
1584503391.8880188,173.194.187.70,10.10.0.10,,,443,37473,0,1358,17
1584503391.8894696,10.10.0.10,173.194.187.70,,,37473,443,0,37,17
1584503391.9251482,173.194.187.70,10.10.0.10,,,443,37473,0,1358,17
1584503391.9622462,173.194.187.70,10.10.0.10,,,443,37473,0,1358,17
1584503391.9640946,10.10.0.10,173.194.187.70,,,37473,443,0,37,17
1584503391.999367,173.194.187.70,10.10.0.10,,,443,37473,0,1358,17
1584503392.036486,173.194.187.70,10.10.0.10,,,443,37473,0,29,17
1584503392.0379634,10.10.0.10,173.194.187.70,,,37473,443,0,37,17
1584503392.0381699,173.194.187.70,10.10.0.10,,,443,37473,0,1358,17
1584503392.0727162,10.10.0.10,173.194.187.70,,,37473,443,0,37,17
1584503392.075292,173.194.187.70,10.10.0.10,,,443,37473,0,1358,17
1584503392.1124108,173.194.187.70,10.10.0.10,,,443,37473,0,1358,17
1584503392.1144776,10.10.0.10,173.194.187.70,,,37473,443,0,37,17
1584503392.149532,173.194.187.70,10.10.0.10,,,443,37473,0,1358,17
1584503392.1866539,173.194.187.70,10.10.0.10,,,443,37473,0,1358,17
1584503392.188358,10.10.0.10,173.194.187.70,,,37473,443,0,37,17
1584503392.2237742,173.194.187.70,10.10.0.10,,,443,37473,0,1358,17
1584503392.2608929,173.194.187.70,10.10.0.10,,,443,37473,0,1358,17
1584503392.264078,10.10.0.10,173.194.187.70,,,37473,443,0,37,17
1584503392.2980108,173.194.187.70,10.10.0.10,,,443,37473,0,1358,17
1584503392.335133,173.194.187.70,10.10.0.10,,,443,37473,0,1358,17
1584503392.3374784,10.10.0.10,173.194.187.70,,,37473,443,0,37,17
1584503392.372254,173.194.187.70,10.10.0.10,,,443,37473,0,1358,17
1584503392.40938,173.194.187.70,10.10.0.10,,,443,37473,0,1358,17
1584503392.4110909,10.10.0.10,173.194.187.70,,,37473,443,0,37,17
1584503392.4464881,173.194.187.70,10.10.0.10,,,443,37473,0,1358,17
1584503392.483609,173.194.187.70,10.10.0.10,,,443,37473,0,1358,17
1584503392.485207,10.10.0.10,173.194.187.70,,,37473,443,0,37,17
1584503392.5207472,173.194.187.70,10.10.0.10,,,443,37473,0,1358,17
1584503392.5578694,173.194.187.70,10.10.0.10,,,443,37473,0,1358,17
1584503392.5599742,10.10.0.10,173.194.187.70,,,37473,443,0,37,17
1584503392.594969,173.194.187.70,10.10.0.10,,,443,37473,0,1358,17
1584503392.6320922,173.194.187.70,10.10.0.10,,,443,37473,0,1358,17
1584503392.6343286,10.10.0.10,173.194.187.70,,,37473,443,0,37,17
1584503392.669213,173.194.187.70,10.10.0.10,,,443,37473,0,1358,17
1584503392.7063332,173.194.187.70,10.10.0.10,,,443,37473,0,1358,17
1584503392.7081964,10.10.0.10,173.194.187.70,,,37473,443,0,37,17
1584503392.7434509,173.194.187.70,10.10.0.10,,,443,37473,0,1358,17
1584503392.78057,173.194.187.70,10.10.0.10,,,443,37473,0,1358,17
1584503392.7828188,10.10.0.10,173.194.187.70,,,37473,443,0,37,17
1584503392.8176944,173.194.187.70,10.10.0.10,,,443,37473,0,1358,17
1584503392.854812,173.194.187.70,10.10.0.10,,,443,37473,0,1358,17
1584503392.856584,10.10.0.10,173.194.187.70,,,37473,443,0,37,17
1584503392.8919332,173.194.187.70,10.10.0.10,,,443,37473,0,1358,17
1584503392.929051,173.194.187.70,10.10.0.10,,,443,37473,0,1358,17
1584503392.930692,10.10.0.10,173.194.187.70,,,37473,443,0,37,17
1584503392.966168,173.194.187.70,10.10.0.10,,,443,37473,0,1358,17
1584503393.0033011,173.194.187.70,10.10.0.10,,,443,37473,0,1358,17
1584503393.0051901,10.10.0.10,173.194.187.70,,,37473,443,0,37,17
1584503393.0404088,173.194.187.70,10.10.0.10,,,443,37473,0,1358,17
1584503393.0775461,173.194.187.70,10.10.0.10,,,443,37473,0,1358,17
1584503393.079062,10.10.0.10,173.194.187.70,,,37473,443,0,37,17
1584503393.1146748,173.194.187.70,10.10.0.10,,,443,37473,0,1358,17
1584503393.1517732,173.194.187.70,10.10.0.10,,,443,37473,0,1358,17
1584503393.153936,10.10.0.10,173.194.187.70,,,37473,443,0,37,17
1584503393.188893,173.194.187.70,10.10.0.10,,,443,37473,0,1358,17
1584503393.2260108,173.194.187.70,10.10.0.10,,,443,37473,0,1358,17
1584503393.227937,10.10.0.10,173.194.187.70,,,37473,443,0,50,17
1584503393.263132,173.194.187.70,10.10.0.10,,,443,37473,0,1358,17
1584503393.3002448,173.194.187.70,10.10.0.10,,,443,37473,0,1358,17
1584503393.3021958,10.10.0.10,173.194.187.70,,,37473,443,0,37,17
1584503393.3373704,173.194.187.70,10.10.0.10,,,443,37473,0,1358,17
1584503393.3744922,173.194.187.70,10.10.0.10,,,443,37473,0,1358,17
1584503393.376544,10.10.0.10,173.194.187.70,,,37473,443,0,37,17
1584503393.4116125,173.194.187.70,10.10.0.10,,,443,37473,0,1358,17
1584503393.4487321,173.194.187.70,10.10.0.10,,,443,37473,0,29,17
1584503393.450319,10.10.0.10,173.194.187.70,,,37473,443,0,37,17
1584503393.4504151,173.194.187.70,10.10.0.10,,,443,37473,0,1358,17
1584503393.4819238,10.10.0.10,173.194.187.70,,,37473,443,0,37,17
1584503393.4875321,173.194.187.70,10.10.0.10,,,443,37473,0,1358,17
1584503393.524657,173.194.187.70,10.10.0.10,,,443,37473,0,1358,17
1584503393.526797,10.10.0.10,173.194.187.70,,,37473,443,0,37,17
1584503393.5617821,173.194.187.70,10.10.0.10,,,443,37473,0,1358,17
1584503393.5941708,10.10.0.10,173.194.187.70,,,37473,443,0,37,17
1584503393.5989046,173.194.187.70,10.10.0.10,,,443,37473,0,1358,17
1584503393.6360116,173.194.187.70,10.10.0.10,,,443,37473,0,1358,17
1584503393.637798,10.10.0.10,173.194.187.70,,,37473,443,0,37,17
1584503393.6731322,173.194.187.70,10.10.0.10,,,443,37473,0,1358,17
1584503393.7102509,173.194.187.70,10.10.0.10,,,443,37473,0,1358,17
1584503393.712167,10.10.0.10,173.194.187.70,,,37473,443,0,37,17
1584503393.747369,173.194.187.70,10.10.0.10,,,443,37473,0,66,17
1584503393.763438,10.10.0.10,173.194.187.70,,,37473,443,0,736,17
1584503393.763464,10.10.0.10,173.194.187.70,,,37473,443,0,48,17
1584503393.767931,173.194.187.70,10.10.0.10,,,443,37473,0,115,17
1584503393.7679741,173.194.187.70,10.10.0.10,,,443,37473,0,1358,17
1584503393.7696881,10.10.0.10,173.194.187.70,,,37473,443,0,748,17
1584503393.77006,10.10.0.10,173.194.187.70,,,37473,443,0,37,17
1584503393.7710588,10.10.0.10,173.194.187.70,,,37473,443,0,48,17
1584503393.79115,173.194.187.70,10.10.0.10,,,443,37473,0,1358,17
1584503393.828253,173.194.187.70,10.10.0.10,,,443,37473,0,1358,17
1584503393.830183,10.10.0.10,173.194.187.70,,,37473,443,0,37,17
1584503393.86537,173.194.187.70,10.10.0.10,,,443,37473,0,1358,17
1584503393.902492,173.194.187.70,10.10.0.10,,,443,37473,0,1358,17
1584503393.9040296,10.10.0.10,173.194.187.70,,,37473,443,0,37,17
1584503393.939614,173.194.187.70,10.10.0.10,,,443,37473,0,29,17
1584503393.9412909,173.194.187.70,10.10.0.10,,,443,37473,0,1358,17
1584503393.978411,173.194.187.70,10.10.0.10,,,443,37473,0,1358,17
1584503393.980294,10.10.0.10,173.194.187.70,,,37473,443,0,37,17
1584503394.0155358,173.194.187.70,10.10.0.10,,,443,37473,0,1358,17
1584503394.052647,173.194.187.70,10.10.0.10,,,443,37473,0,1358,17
1584503394.054374,10.10.0.10,173.194.187.70,,,37473,443,0,37,17
1584503394.089768,173.194.187.70,10.10.0.10,,,443,37473,0,1358,17
1584503394.126892,173.194.187.70,10.10.0.10,,,443,37473,0,1358,17
1584503394.1291628,10.10.0.10,173.194.187.70,,,37473,443,0,37,17
1584503394.1640122,173.194.187.70,10.10.0.10,,,443,37473,0,1358,17
1584503394.201138,173.194.187.70,10.10.0.10,,,443,37473,0,1358,17
1584503394.2041528,10.10.0.10,173.194.187.70,,,37473,443,0,37,17
1584503394.2382624,173.194.187.70,10.10.0.10,,,443,37473,0,1358,17
1584503394.275385,173.194.187.70,10.10.0.10,,,443,37473,0,1358,17
1584503394.278153,10.10.0.10,173.194.187.70,,,37473,443,0,37,17
1584503394.312509,173.194.187.70,10.10.0.10,,,443,37473,0,1358,17
1584503394.3496132,173.194.187.70,10.10.0.10,,,443,37473,0,1358,17
1584503394.3512998,10.10.0.10,173.194.187.70,,,37473,443,0,37,17
1584503394.386733,173.194.187.70,10.10.0.10,,,443,37473,0,1358,17
1584503394.4238498,173.194.187.70,10.10.0.10,,,443,37473,0,1358,17
1584503394.425919,10.10.0.10,173.194.187.70,,,37473,443,0,37,17
1584503394.460972,173.194.187.70,10.10.0.10,,,443,37473,0,1358,17
1584503394.4975386,10.10.0.10,173.194.187.70,,,37473,443,0,37,17
1584503394.4980881,173.194.187.70,10.10.0.10,,,443,37473,0,1358,17
1584503394.5339036,10.10.0.10,173.194.187.70,,,37473,443,0,37,17
1584503394.5352108,173.194.187.70,10.10.0.10,,,443,37473,0,1358,17
1584503394.564413,10.10.0.10,173.194.187.70,,,37473,443,0,37,17
1584503394.5723321,173.194.187.70,10.10.0.10,,,443,37473,0,1358,17
1584503394.6094522,173.194.187.70,10.10.0.10,,,443,37473,0,1358,17
1584503394.6176338,10.10.0.10,173.194.187.70,,,37473,443,0,37,17
1584503394.6465714,173.194.187.70,10.10.0.10,,,443,37473,0,1358,17
1584503394.6836884,173.194.187.70,10.10.0.10,,,443,37473,0,1358,17
1584503394.6852849,10.10.0.10,173.194.187.70,,,37473,443,0,37,17
1584503394.720811,173.194.187.70,10.10.0.10,,,443,37473,0,1358,17
1584503394.757937,173.194.187.70,10.10.0.10,,,443,37473,0,1358,17
1584503394.7596571,10.10.0.10,173.194.187.70,,,37473,443,0,37,17
1584503394.795058,173.194.187.70,10.10.0.10,,,443,37473,0,1358,17
1584503394.832184,173.194.187.70,10.10.0.10,,,443,37473,0,1358,17
1584503394.8337278,10.10.0.10,173.194.187.70,,,37473,443,0,37,17
1584503394.8692925,173.194.187.70,10.10.0.10,,,443,37473,0,1358,17
1584503394.9064279,173.194.187.70,10.10.0.10,,,443,37473,0,1358,17
1584503394.9089036,10.10.0.10,173.194.187.70,,,37473,443,0,37,17
1584503394.943526,173.194.187.70,10.10.0.10,,,443,37473,0,1358,17
1584503394.980665,173.194.187.70,10.10.0.10,,,443,37473,0,1358,17
1584503394.984008,10.10.0.10,173.194.187.70,,,37473,443,0,37,17
1584503395.0177689,173.194.187.70,10.10.0.10,,,443,37473,0,1358,17
1584503395.054894,173.194.187.70,10.10.0.10,,,443,37473,0,1358,17
1584503395.0566509,10.10.0.10,173.194.187.70,,,37473,443,0,37,17
1584503395.092007,173.194.187.70,10.10.0.10,,,443,37473,0,1358,17
1584503395.1291351,173.194.187.70,10.10.0.10,,,443,37473,0,1358,17
1584503395.131392,10.10.0.10,173.194.187.70,,,37473,443,0,50,17
1584503395.1662529,173.194.187.70,10.10.0.10,,,443,37473,0,1358,17
1584503395.2033708,173.194.187.70,10.10.0.10,,,443,37473,0,1358,17
1584503395.205271,10.10.0.10,173.194.187.70,,,37473,443,0,37,17
1584503395.240495,173.194.187.70,10.10.0.10,,,443,37473,0,1358,17
1584503395.2776108,173.194.187.70,10.10.0.10,,,443,37473,0,1358,17
1584503395.2796428,10.10.0.10,173.194.187.70,,,37473,443,0,37,17
1584503395.314735,173.194.187.70,10.10.0.10,,,443,37473,0,1358,17
1584503395.3518536,173.194.187.70,10.10.0.10,,,443,37473,0,1358,17
1584503395.364999,10.10.0.10,173.194.187.70,,,37473,443,0,37,17
1584503395.388979,173.194.187.70,10.10.0.10,,,443,37473,0,1358,17
1584503395.4261026,173.194.187.70,10.10.0.10,,,443,37473,0,1358,17
1584503395.4277332,10.10.0.10,173.194.187.70,,,37473,443,0,37,17
1584503395.4632258,173.194.187.70,10.10.0.10,,,443,37473,0,1358,17
1584503395.492136,10.10.0.10,173.194.187.70,,,37473,443,0,37,17
1584503395.5003312,173.194.187.70,10.10.0.10,,,443,37473,0,1358,17
1584503395.5374534,173.194.187.70,10.10.0.10,,,443,37473,0,1358,17
1584503395.541262,10.10.0.10,173.194.187.70,,,37473,443,0,37,17
1584503395.574572,173.194.187.70,10.10.0.10,,,443,37473,0,1358,17
1584503395.611691,173.194.187.70,10.10.0.10,,,443,37473,0,1358,17
1584503395.6132536,10.10.0.10,173.194.187.70,,,37473,443,0,37,17
1584503395.64881,173.194.187.70,10.10.0.10,,,443,37473,0,1358,17
1584503395.68593,173.194.187.70,10.10.0.10,,,443,37473,0,1358,17
1584503395.6882362,10.10.0.10,173.194.187.70,,,37473,443,0,37,17
1584503395.72305,173.194.187.70,10.10.0.10,,,443,37473,0,1358,17
1584503395.7601712,173.194.187.70,10.10.0.10,,,443,37473,0,1358,17
1584503395.762599,10.10.0.10,173.194.187.70,,,37473,443,0,37,17
1584503395.7972898,173.194.187.70,10.10.0.10,,,443,37473,0,1358,17
1584503395.8344188,173.194.187.70,10.10.0.10,,,443,37473,0,1358,17
1584503395.8361044,10.10.0.10,173.194.187.70,,,37473,443,0,37,17
1584503395.8715322,173.194.187.70,10.10.0.10,,,443,37473,0,1358,17
1584503395.908653,173.194.187.70,10.10.0.10,,,443,37473,0,1358,17
1584503395.9114974,10.10.0.10,173.194.187.70,,,37473,443,0,37,17
1584503395.945775,173.194.187.70,10.10.0.10,,,443,37473,0,1358,17
1584503395.982903,173.194.187.70,10.10.0.10,,,443,37473,0,1358,17
1584503395.985727,10.10.0.10,173.194.187.70,,,37473,443,0,37,17
1584503396.0200071,173.194.187.70,10.10.0.10,,,443,37473,0,1358,17
1584503396.0571446,173.194.187.70,10.10.0.10,,,443,37473,0,1358,17
1584503396.0594964,10.10.0.10,173.194.187.70,,,37473,443,0,37,17
1584503396.0953634,173.194.187.70,10.10.0.10,,,443,37473,0,1358,17
1584503396.1324902,173.194.187.70,10.10.0.10,,,443,37473,0,1358,17
1584503396.1483526,10.10.0.10,173.194.187.70,,,37473,443,0,37,17
1584503396.169607,173.194.187.70,10.10.0.10,,,443,37473,0,1358,17
1584503396.2067342,173.194.187.70,10.10.0.10,,,443,37473,0,1358,17
1584503396.208962,10.10.0.10,173.194.187.70,,,37473,443,0,37,17
1584503396.243852,173.194.187.70,10.10.0.10,,,443,37473,0,1358,17
1584503396.280975,173.194.187.70,10.10.0.10,,,443,37473,0,1358,17
1584503396.282744,10.10.0.10,173.194.187.70,,,37473,443,0,37,17
1584503396.31809,173.194.187.70,10.10.0.10,,,443,37473,0,1358,17
1584503396.3552108,173.194.187.70,10.10.0.10,,,443,37473,0,1358,17
1584503396.3590908,10.10.0.10,173.194.187.70,,,37473,443,0,37,17
1584503396.3923302,173.194.187.70,10.10.0.10,,,443,37473,0,1358,17
1584503396.4294536,173.194.187.70,10.10.0.10,,,443,37473,0,1358,17
1584503396.4310932,10.10.0.10,173.194.187.70,,,37473,443,0,37,17
1584503396.4665732,173.194.187.70,10.10.0.10,,,443,37473,0,1358,17
1584503396.503694,173.194.187.70,10.10.0.10,,,443,37473,0,1358,17
1584503396.505341,10.10.0.10,173.194.187.70,,,37473,443,0,37,17
1584503396.540818,173.194.187.70,10.10.0.10,,,443,37473,0,1358,17
1584503396.575606,10.10.0.10,173.194.187.70,,,37473,443,0,50,17
1584503396.577942,173.194.187.70,10.10.0.10,,,443,37473,0,1358,17
1584503396.6150682,173.194.187.70,10.10.0.10,,,443,37473,0,1358,17
1584503396.6168258,10.10.0.10,173.194.187.70,,,37473,443,0,37,17
1584503396.6521714,173.194.187.70,10.10.0.10,,,443,37473,0,1358,17
1584503396.6892939,173.194.187.70,10.10.0.10,,,443,37473,0,1358,17
1584503396.690839,10.10.0.10,173.194.187.70,,,37473,443,0,37,17
1584503396.7264106,173.194.187.70,10.10.0.10,,,443,37473,0,1358,17
1584503396.7635322,173.194.187.70,10.10.0.10,,,443,37473,0,1358,17
1584503396.76509,10.10.0.10,173.194.187.70,,,37473,443,0,37,17
1584503396.8006508,173.194.187.70,10.10.0.10,,,443,37473,0,29,17
1584503396.8023322,173.194.187.70,10.10.0.10,,,443,37473,0,1358,17
1584503396.8394532,173.194.187.70,10.10.0.10,,,443,37473,0,1358,17
1584503396.841202,10.10.0.10,173.194.187.70,,,37473,443,0,37,17
1584503396.87657,173.194.187.70,10.10.0.10,,,443,37473,0,1358,17
1584503396.91369,173.194.187.70,10.10.0.10,,,443,37473,0,1358,17
1584503396.916074,10.10.0.10,173.194.187.70,,,37473,443,0,37,17
1584503396.9508119,173.194.187.70,10.10.0.10,,,443,37473,0,1358,17
1584503396.9879339,173.194.187.70,10.10.0.10,,,443,37473,0,1358,17
1584503396.989825,10.10.0.10,173.194.187.70,,,37473,443,0,37,17
1584503397.0250552,173.194.187.70,10.10.0.10,,,443,37473,0,1358,17
1584503397.0621786,173.194.187.70,10.10.0.10,,,443,37473,0,1358,17
1584503397.0638428,10.10.0.10,173.194.187.70,,,37473,443,0,37,17
1584503397.099304,173.194.187.70,10.10.0.10,,,443,37473,0,1358,17
1584503397.1305392,10.10.0.10,173.194.187.70,,,37473,443,0,37,17
1584503397.136411,173.194.187.70,10.10.0.10,,,443,37473,0,1358,17
1584503397.1735322,173.194.187.70,10.10.0.10,,,443,37473,0,1358,17
1584503397.175558,10.10.0.10,173.194.187.70,,,37473,443,0,37,17
1584503397.2106464,173.194.187.70,10.10.0.10,,,443,37473,0,1358,17
1584503397.2477722,173.194.187.70,10.10.0.10,,,443,37473,0,1358,17
1584503397.2493148,10.10.0.10,173.194.187.70,,,37473,443,0,37,17
1584503397.284892,173.194.187.70,10.10.0.10,,,443,37473,0,1358,17
1584503397.3220134,173.194.187.70,10.10.0.10,,,443,37473,0,1358,17
1584503397.324337,10.10.0.10,173.194.187.70,,,37473,443,0,37,17
1584503397.3591304,173.194.187.70,10.10.0.10,,,443,37473,0,1358,17
1584503397.396251,173.194.187.70,10.10.0.10,,,443,37473,0,1358,17
1584503397.3979352,10.10.0.10,173.194.187.70,,,37473,443,0,37,17
1584503397.4333725,173.194.187.70,10.10.0.10,,,443,37473,0,1358,17
1584503397.47049,173.194.187.70,10.10.0.10,,,443,37473,0,1358,17
1584503397.473686,10.10.0.10,173.194.187.70,,,37473,443,0,37,17
1584503397.5076122,173.194.187.70,10.10.0.10,,,443,37473,0,1358,17
1584503397.544733,173.194.187.70,10.10.0.10,,,443,37473,0,1358,17
1584503397.546298,10.10.0.10,173.194.187.70,,,37473,443,0,37,17
1584503397.581856,173.194.187.70,10.10.0.10,,,443,37473,0,1358,17
1584503397.623425,173.194.187.70,10.10.0.10,,,443,37473,0,1358,17
1584503397.6253223,10.10.0.10,173.194.187.70,,,37473,443,0,37,17
1584503397.660543,173.194.187.70,10.10.0.10,,,443,37473,0,1358,17
1584503397.697665,173.194.187.70,10.10.0.10,,,443,37473,0,1358,17
1584503397.6994462,10.10.0.10,173.194.187.70,,,37473,443,0,37,17
1584503397.734784,173.194.187.70,10.10.0.10,,,443,37473,0,1358,17
1584503397.7719069,173.194.187.70,10.10.0.10,,,443,37473,0,1358,17
1584503397.774174,10.10.0.10,173.194.187.70,,,37473,443,0,37,17
1584503397.809032,173.194.187.70,10.10.0.10,,,443,37473,0,1358,17
1584503397.8461561,173.194.187.70,10.10.0.10,,,443,37473,0,1358,17
1584503397.8480392,10.10.0.10,173.194.187.70,,,37473,443,0,37,17
1584503397.8832786,173.194.187.70,10.10.0.10,,,443,37473,0,1358,17
1584503397.920385,173.194.187.70,10.10.0.10,,,443,37473,0,1358,17
1584503397.922064,10.10.0.10,173.194.187.70,,,37473,443,0,37,17
1584503397.961968,173.194.187.70,10.10.0.10,,,443,37473,0,1358,17
1584503397.999073,173.194.187.70,10.10.0.10,,,443,37473,0,1358,17
1584503398.000908,10.10.0.10,173.194.187.70,,,37473,443,0,50,17
1584503398.0361938,173.194.187.70,10.10.0.10,,,443,37473,0,1358,17
1584503398.073338,173.194.187.70,10.10.0.10,,,443,37473,0,1358,17
1584503398.0749388,10.10.0.10,173.194.187.70,,,37473,443,0,37,17
1584503398.11046,173.194.187.70,10.10.0.10,,,443,37473,0,1358,17
1584503398.147557,173.194.187.70,10.10.0.10,,,443,37473,0,1358,17
1584503398.1497548,10.10.0.10,173.194.187.70,,,37473,443,0,37,17
1584503398.184681,173.194.187.70,10.10.0.10,,,443,37473,0,1358,17
1584503398.2217972,173.194.187.70,10.10.0.10,,,443,37473,0,29,17
1584503398.2232811,10.10.0.10,173.194.187.70,,,37473,443,0,37,17
1584503398.223472,173.194.187.70,10.10.0.10,,,443,37473,0,1358,17
1584503398.265053,173.194.187.70,10.10.0.10,,,443,37473,0,1358,17
1584503398.2666821,10.10.0.10,173.194.187.70,,,37473,443,0,37,17
1584503398.3021731,173.194.187.70,10.10.0.10,,,443,37473,0,1358,17
1584503398.339292,173.194.187.70,10.10.0.10,,,443,37473,0,1358,17
1584503398.341178,10.10.0.10,173.194.187.70,,,37473,443,0,37,17
1584503398.37641,173.194.187.70,10.10.0.10,,,443,37473,0,1358,17
1584503398.4135303,173.194.187.70,10.10.0.10,,,443,37473,0,1358,17
1584503398.4153,10.10.0.10,173.194.187.70,,,37473,443,0,37,17
1584503398.450652,173.194.187.70,10.10.0.10,,,443,37473,0,1358,17
1584503398.4877708,173.194.187.70,10.10.0.10,,,443,37473,0,1358,17
1584503398.4899251,10.10.0.10,173.194.187.70,,,37473,443,0,37,17
1584503398.524892,173.194.187.70,10.10.0.10,,,443,37473,0,1358,17
1584503398.5620134,173.194.187.70,10.10.0.10,,,443,37473,0,1358,17
1584503398.565048,10.10.0.10,173.194.187.70,,,37473,443,0,37,17
1584503398.599135,173.194.187.70,10.10.0.10,,,443,37473,0,1358,17
1584503398.630017,10.10.0.10,173.194.187.70,,,37473,443,0,37,17
1584503398.6362581,173.194.187.70,10.10.0.10,,,443,37473,0,1358,17
1584503398.673383,173.194.187.70,10.10.0.10,,,443,37473,0,1358,17
1584503398.6748939,10.10.0.10,173.194.187.70,,,37473,443,0,37,17
1584503398.710505,173.194.187.70,10.10.0.10,,,443,37473,0,1358,17
1584503398.747609,173.194.187.70,10.10.0.10,,,443,37473,0,1358,17
1584503398.7493956,10.10.0.10,173.194.187.70,,,37473,443,0,37,17
1584503398.7847302,173.194.187.70,10.10.0.10,,,443,37473,0,1358,17
1584503398.8205378,10.10.0.10,173.194.187.70,,,37473,443,0,37,17
1584503398.8218508,173.194.187.70,10.10.0.10,,,443,37473,0,1358,17
1584503398.888792,10.10.0.10,173.194.187.70,,,37473,443,0,37,17
1584503398.896086,173.194.187.70,10.10.0.10,,,443,37473,0,1358,17
1584503398.933208,173.194.187.70,10.10.0.10,,,443,37473,0,1358,17
1584503398.934999,10.10.0.10,173.194.187.70,,,37473,443,0,37,17
1584503398.9703279,173.194.187.70,10.10.0.10,,,443,37473,0,1358,17
1584503399.0074508,173.194.187.70,10.10.0.10,,,443,37473,0,1358,17
1584503399.009492,10.10.0.10,173.194.187.70,,,37473,443,0,37,17
1584503399.044568,173.194.187.70,10.10.0.10,,,443,37473,0,1358,17
1584503399.0816908,173.194.187.70,10.10.0.10,,,443,37473,0,1358,17
1584503399.083515,10.10.0.10,173.194.187.70,,,37473,443,0,37,17
1584503399.134558,173.194.187.70,10.10.0.10,,,443,37473,0,1358,17
1584503399.171679,173.194.187.70,10.10.0.10,,,443,37473,0,1358,17
1584503399.173399,10.10.0.10,173.194.187.70,,,37473,443,0,37,17
1584503399.208803,173.194.187.70,10.10.0.10,,,443,37473,0,1358,17
1584503399.2459269,173.194.187.70,10.10.0.10,,,443,37473,0,1358,17
1584503399.248153,10.10.0.10,173.194.187.70,,,37473,443,0,37,17
1584503399.283025,173.194.187.70,10.10.0.10,,,443,37473,0,1358,17
1584503399.320145,173.194.187.70,10.10.0.10,,,443,37473,0,1358,17
1584503399.3216481,10.10.0.10,173.194.187.70,,,37473,443,0,37,17
1584503399.3572602,173.194.187.70,10.10.0.10,,,443,37473,0,1358,17
1584503399.394384,173.194.187.70,10.10.0.10,,,443,37473,0,1358,17
1584503399.3965206,10.10.0.10,173.194.187.70,,,37473,443,0,50,17
1584503399.431504,173.194.187.70,10.10.0.10,,,443,37473,0,1358,17
1584503399.468624,173.194.187.70,10.10.0.10,,,443,37473,0,1358,17
1584503399.4712696,10.10.0.10,173.194.187.70,,,37473,443,0,37,17
1584503399.5057461,173.194.187.70,10.10.0.10,,,443,37473,0,1358,17
1584503399.5360188,10.10.0.10,173.194.187.70,,,37473,443,0,37,17
1584503399.542866,173.194.187.70,10.10.0.10,,,443,37473,0,1358,17
1584503399.579984,173.194.187.70,10.10.0.10,,,443,37473,0,1358,17
1584503399.5819962,10.10.0.10,173.194.187.70,,,37473,443,0,37,17
1584503399.617105,173.194.187.70,10.10.0.10,,,443,37473,0,1358,17
1584503399.646386,10.10.0.10,173.194.187.70,,,37473,443,0,37,17
1584503399.6542268,173.194.187.70,10.10.0.10,,,443,37473,0,1358,17
1584503399.6865242,10.10.0.10,173.194.187.70,,,37473,443,0,37,17
1584503399.6913528,173.194.187.70,10.10.0.10,,,443,37473,0,1358,17
1584503399.7284784,173.194.187.70,10.10.0.10,,,443,37473,0,1358,17
1584503399.7299938,10.10.0.10,173.194.187.70,,,37473,443,0,37,17
1584503399.7656,173.194.187.70,10.10.0.10,,,443,37473,0,1358,17
1584503399.802705,173.194.187.70,10.10.0.10,,,443,37473,0,1358,17
1584503399.804384,10.10.0.10,173.194.187.70,,,37473,443,0,37,17
1584503399.839824,173.194.187.70,10.10.0.10,,,443,37473,0,1358,17
1584503399.876945,173.194.187.70,10.10.0.10,,,443,37473,0,1358,17
1584503399.8786044,10.10.0.10,173.194.187.70,,,37473,443,0,37,17
1584503399.914062,173.194.187.70,10.10.0.10,,,443,37473,0,1358,17
1584503399.9511802,173.194.187.70,10.10.0.10,,,443,37473,0,1358,17
1584503399.953007,10.10.0.10,173.194.187.70,,,37473,443,0,37,17
1584503399.988303,173.194.187.70,10.10.0.10,,,443,37473,0,1358,17
1584503400.0254269,173.194.187.70,10.10.0.10,,,443,37473,0,1358,17
1584503400.027384,10.10.0.10,173.194.187.70,,,37473,443,0,37,17
1584503400.0625448,173.194.187.70,10.10.0.10,,,443,37473,0,1358,17
1584503400.099666,173.194.187.70,10.10.0.10,,,443,37473,0,1358,17
1584503400.1022544,10.10.0.10,173.194.187.70,,,37473,443,0,37,17
1584503400.136786,173.194.187.70,10.10.0.10,,,443,37473,0,1358,17
1584503400.1739068,173.194.187.70,10.10.0.10,,,443,37473,0,1358,17
1584503400.175846,10.10.0.10,173.194.187.70,,,37473,443,0,37,17
1584503400.211026,173.194.187.70,10.10.0.10,,,443,37473,0,1358,17
1584503400.2481446,173.194.187.70,10.10.0.10,,,443,37473,0,1358,17
1584503400.251344,10.10.0.10,173.194.187.70,,,37473,443,0,37,17
1584503400.2852762,173.194.187.70,10.10.0.10,,,443,37473,0,1358,17
1584503400.3223982,173.194.187.70,10.10.0.10,,,443,37473,0,1358,17
1584503400.3239741,10.10.0.10,173.194.187.70,,,37473,443,0,37,17
1584503400.359519,173.194.187.70,10.10.0.10,,,443,37473,0,1358,17
1584503400.396642,173.194.187.70,10.10.0.10,,,443,37473,0,1358,17
1584503400.398243,10.10.0.10,173.194.187.70,,,37473,443,0,37,17
1584503400.433767,173.194.187.70,10.10.0.10,,,443,37473,0,1358,17
1584503400.470865,173.194.187.70,10.10.0.10,,,443,37473,0,1358,17
1584503400.47437,10.10.0.10,173.194.187.70,,,37473,443,0,37,17
1584503400.507979,173.194.187.70,10.10.0.10,,,443,37473,0,1358,17
1584503400.545105,173.194.187.70,10.10.0.10,,,443,37473,0,1358,17
1584503400.5469868,10.10.0.10,173.194.187.70,,,37473,443,0,37,17
1584503400.5822248,173.194.187.70,10.10.0.10,,,443,37473,0,1358,17
1584503400.6127381,10.10.0.10,173.194.187.70,,,37473,443,0,37,17
1584503400.619345,173.194.187.70,10.10.0.10,,,443,37473,0,1358,17
1584503400.656464,173.194.187.70,10.10.0.10,,,443,37473,0,1358,17
1584503400.659859,10.10.0.10,173.194.187.70,,,37473,443,0,37,17
1584503400.693584,173.194.187.70,10.10.0.10,,,443,37473,0,1358,17
1584503400.7248619,10.10.0.10,173.194.187.70,,,37473,443,0,50,17
1584503400.730706,173.194.187.70,10.10.0.10,,,443,37473,0,1358,17
1584503400.767824,173.194.187.70,10.10.0.10,,,443,37473,0,1358,17
1584503400.769608,10.10.0.10,173.194.187.70,,,37473,443,0,37,17
1584503400.8049562,173.194.187.70,10.10.0.10,,,443,37473,0,1358,17
1584503400.8420696,173.194.187.70,10.10.0.10,,,443,37473,0,1358,17
1584503400.8437262,10.10.0.10,173.194.187.70,,,37473,443,0,37,17
1584503400.8791919,173.194.187.70,10.10.0.10,,,443,37473,0,1358,17
1584503400.9163036,173.194.187.70,10.10.0.10,,,443,37473,0,29,17
1584503400.917952,10.10.0.10,173.194.187.70,,,37473,443,0,37,17
1584503400.917983,173.194.187.70,10.10.0.10,,,443,37473,0,1358,17
1584503400.9551034,173.194.187.70,10.10.0.10,,,443,37473,0,1358,17
1584503400.9568448,10.10.0.10,173.194.187.70,,,37473,443,0,37,17
1584503400.992224,173.194.187.70,10.10.0.10,,,443,37473,0,1358,17
1584503401.029346,173.194.187.70,10.10.0.10,,,443,37473,0,1358,17
1584503401.032455,10.10.0.10,173.194.187.70,,,37473,443,0,37,17
1584503401.0664694,173.194.187.70,10.10.0.10,,,443,37473,0,1358,17
1584503401.099333,10.10.0.10,173.194.187.70,,,37473,443,0,37,17
1584503401.103587,173.194.187.70,10.10.0.10,,,443,37473,0,1358,17
1584503401.1407044,173.194.187.70,10.10.0.10,,,443,37473,0,1358,17
1584503401.1430788,10.10.0.10,173.194.187.70,,,37473,443,0,37,17
1584503401.177825,173.194.187.70,10.10.0.10,,,443,37473,0,298,17
1584503401.1919732,10.10.0.10,173.194.187.70,,,37473,443,0,736,17
1584503401.192325,10.10.0.10,173.194.187.70,,,37473,443,0,48,17
1584503401.1949544,10.10.0.10,173.194.187.70,,,37473,443,0,748,17
1584503401.195346,10.10.0.10,173.194.187.70,,,37473,443,0,48,17
1584503401.1963482,173.194.187.70,10.10.0.10,,,443,37473,0,29,17
1584503401.1963801,173.194.187.70,10.10.0.10,,,443,37473,0,1358,17
1584503401.2254946,173.194.187.70,10.10.0.10,,,443,37473,0,1358,17
1584503401.227443,10.10.0.10,173.194.187.70,,,37473,443,0,37,17
1584503401.2626169,173.194.187.70,10.10.0.10,,,443,37473,0,1358,17
1584503401.2997172,173.194.187.70,10.10.0.10,,,443,37473,0,1358,17
1584503401.3027172,10.10.0.10,173.194.187.70,,,37473,443,0,37,17
1584503401.336838,173.194.187.70,10.10.0.10,,,443,37473,0,1358,17
1584503401.373958,173.194.187.70,10.10.0.10,,,443,37473,0,1358,17
1584503401.3765712,10.10.0.10,173.194.187.70,,,37473,443,0,37,17
1584503401.411077,173.194.187.70,10.10.0.10,,,443,37473,0,29,17
1584503401.412758,173.194.187.70,10.10.0.10,,,443,37473,0,1358,17
1584503401.449879,173.194.187.70,10.10.0.10,,,443,37473,0,1358,17
1584503401.451444,10.10.0.10,173.194.187.70,,,37473,443,0,37,17
1584503401.4870002,173.194.187.70,10.10.0.10,,,443,37473,0,1358,17
1584503401.5163386,10.10.0.10,173.194.187.70,,,37473,443,0,37,17
1584503401.5241182,173.194.187.70,10.10.0.10,,,443,37473,0,1358,17
1584503401.561238,173.194.187.70,10.10.0.10,,,443,37473,0,1358,17
1584503401.562814,10.10.0.10,173.194.187.70,,,37473,443,0,37,17
1584503401.59836,173.194.187.70,10.10.0.10,,,443,37473,0,1358,17
1584503401.6354852,173.194.187.70,10.10.0.10,,,443,37473,0,1358,17
1584503401.637462,10.10.0.10,173.194.187.70,,,37473,443,0,37,17
1584503401.672608,173.194.187.70,10.10.0.10,,,443,37473,0,1358,17
1584503401.7097318,173.194.187.70,10.10.0.10,,,443,37473,0,1358,17
1584503401.716464,10.10.0.10,173.194.187.70,,,37473,443,0,37,17
1584503401.746855,173.194.187.70,10.10.0.10,,,443,37473,0,1358,17
1584503401.749059,10.10.0.10,173.194.187.70,,,37473,443,0,37,17
1584503401.783979,173.194.187.70,10.10.0.10,,,443,37473,0,1358,17
1584503401.821076,173.194.187.70,10.10.0.10,,,443,37473,0,1358,17
1584503401.8229306,10.10.0.10,173.194.187.70,,,37473,443,0,37,17
1584503401.8581991,173.194.187.70,10.10.0.10,,,443,37473,0,1358,17
1584503401.895319,173.194.187.70,10.10.0.10,,,443,37473,0,1358,17
1584503401.896951,10.10.0.10,173.194.187.70,,,37473,443,0,37,17
1584503401.932441,173.194.187.70,10.10.0.10,,,443,37473,0,1358,17
1584503401.96956,173.194.187.70,10.10.0.10,,,443,37473,0,1358,17
1584503401.971313,10.10.0.10,173.194.187.70,,,37473,443,0,37,17
1584503402.0066779,173.194.187.70,10.10.0.10,,,443,37473,0,1358,17
1584503402.043801,173.194.187.70,10.10.0.10,,,443,37473,0,1358,17
1584503402.045928,10.10.0.10,173.194.187.70,,,37473,443,0,37,17
1584503402.0809212,173.194.187.70,10.10.0.10,,,443,37473,0,1358,17
1584503402.11804,173.194.187.70,10.10.0.10,,,443,37473,0,1358,17
1584503402.120176,10.10.0.10,173.194.187.70,,,37473,443,0,37,17
1584503402.1551518,173.194.187.70,10.10.0.10,,,443,37473,0,1358,17
1584503402.19228,173.194.187.70,10.10.0.10,,,443,37473,0,1358,17
1584503402.1940668,10.10.0.10,173.194.187.70,,,37473,443,0,37,17
1584503402.229396,173.194.187.70,10.10.0.10,,,443,37473,0,1358,17
1584503402.266527,173.194.187.70,10.10.0.10,,,443,37473,0,1358,17
1584503402.26942,10.10.0.10,173.194.187.70,,,37473,443,0,37,17
1584503402.3036509,173.194.187.70,10.10.0.10,,,443,37473,0,1358,17
1584503402.3407571,173.194.187.70,10.10.0.10,,,443,37473,0,1358,17
1584503402.342533,10.10.0.10,173.194.187.70,,,37473,443,0,37,17
1584503402.3778794,173.194.187.70,10.10.0.10,,,443,37473,0,1358,17
1584503402.4149961,173.194.187.70,10.10.0.10,,,443,37473,0,1358,17
1584503402.416687,10.10.0.10,173.194.187.70,,,37473,443,0,37,17
1584503402.4521182,173.194.187.70,10.10.0.10,,,443,37473,0,1358,17
1584503402.4892359,173.194.187.70,10.10.0.10,,,443,37473,0,1358,17
1584503402.490807,10.10.0.10,173.194.187.70,,,37473,443,0,37,17
1584503402.526359,173.194.187.70,10.10.0.10,,,443,37473,0,1358,17
1584503402.5601652,10.10.0.10,173.194.187.70,,,37473,443,0,50,17
1584503402.563477,173.194.187.70,10.10.0.10,,,443,37473,0,1358,17
1584503402.6005962,173.194.187.70,10.10.0.10,,,443,37473,0,1358,17
1584503402.602658,10.10.0.10,173.194.187.70,,,37473,443,0,37,17
1584503402.6377196,173.194.187.70,10.10.0.10,,,443,37473,0,1358,17
1584503402.6748366,173.194.187.70,10.10.0.10,,,443,37473,0,1358,17
1584503402.676801,10.10.0.10,173.194.187.70,,,37473,443,0,37,17
1584503402.7119572,173.194.187.70,10.10.0.10,,,443,37473,0,1358,17
1584503402.7490768,173.194.187.70,10.10.0.10,,,443,37473,0,1358,17
1584503402.750779,10.10.0.10,173.194.187.70,,,37473,443,0,37,17
1584503402.786203,173.194.187.70,10.10.0.10,,,443,37473,0,1358,17
1584503402.8180294,10.10.0.10,173.194.187.70,,,37473,443,0,37,17
1584503402.8233118,173.194.187.70,10.10.0.10,,,443,37473,0,1358,17
1584503402.8604321,173.194.187.70,10.10.0.10,,,443,37473,0,1358,17
1584503402.8621528,10.10.0.10,173.194.187.70,,,37473,443,0,37,17
1584503402.8975706,173.194.187.70,10.10.0.10,,,443,37473,0,1358,17
1584503402.9346776,173.194.187.70,10.10.0.10,,,443,37473,0,1358,17
1584503402.936769,10.10.0.10,173.194.187.70,,,37473,443,0,37,17
1584503402.9717982,173.194.187.70,10.10.0.10,,,443,37473,0,1358,17
1584503403.008915,173.194.187.70,10.10.0.10,,,443,37473,0,1358,17
1584503403.0104988,10.10.0.10,173.194.187.70,,,37473,443,0,37,17
1584503403.046042,173.194.187.70,10.10.0.10,,,443,37473,0,1358,17
1584503403.0831606,173.194.187.70,10.10.0.10,,,443,37473,0,1358,17
1584503403.0847821,10.10.0.10,173.194.187.70,,,37473,443,0,37,17
1584503403.12028,173.194.187.70,10.10.0.10,,,443,37473,0,1358,17
1584503403.157403,173.194.187.70,10.10.0.10,,,443,37473,0,1358,17
1584503403.1590278,10.10.0.10,173.194.187.70,,,37473,443,0,37,17
1584503403.1945179,173.194.187.70,10.10.0.10,,,443,37473,0,1358,17
1584503403.2316382,173.194.187.70,10.10.0.10,,,443,37473,0,1358,17
1584503403.233133,10.10.0.10,173.194.187.70,,,37473,443,0,37,17
1584503403.268761,173.194.187.70,10.10.0.10,,,443,37473,0,1358,17
1584503403.3058786,173.194.187.70,10.10.0.10,,,443,37473,0,1358,17
1584503403.30791,10.10.0.10,173.194.187.70,,,37473,443,0,37,17
1584503403.3429961,173.194.187.70,10.10.0.10,,,443,37473,0,1358,17
1584503403.38012,173.194.187.70,10.10.0.10,,,443,37473,0,1358,17
1584503403.381781,10.10.0.10,173.194.187.70,,,37473,443,0,37,17
1584503403.4172456,173.194.187.70,10.10.0.10,,,443,37473,0,1358,17
1584503403.4459062,10.10.0.10,173.194.187.70,,,37473,443,0,37,17
1584503403.454367,173.194.187.70,10.10.0.10,,,443,37473,0,1358,17
1584503403.4914908,173.194.187.70,10.10.0.10,,,443,37473,0,1358,17
1584503403.493158,10.10.0.10,173.194.187.70,,,37473,443,0,37,17
1584503403.528597,173.194.187.70,10.10.0.10,,,443,37473,0,1358,17
1584503403.5657182,173.194.187.70,10.10.0.10,,,443,37473,0,1358,17
1584503403.5675259,10.10.0.10,173.194.187.70,,,37473,443,0,37,17
1584503403.602839,173.194.187.70,10.10.0.10,,,443,37473,0,1358,17
1584503403.639959,173.194.187.70,10.10.0.10,,,443,37473,0,1358,17
1584503403.6416302,10.10.0.10,173.194.187.70,,,37473,443,0,37,17
1584503403.677078,173.194.187.70,10.10.0.10,,,443,37473,0,1358,17
1584503403.714198,173.194.187.70,10.10.0.10,,,443,37473,0,1358,17
1584503403.715993,10.10.0.10,173.194.187.70,,,37473,443,0,37,17
1584503403.751318,173.194.187.70,10.10.0.10,,,443,37473,0,1358,17
1584503403.788439,173.194.187.70,10.10.0.10,,,443,37473,0,1358,17
1584503403.790474,10.10.0.10,173.194.187.70,,,37473,443,0,37,17
1584503403.8255591,173.194.187.70,10.10.0.10,,,443,37473,0,1358,17
1584503403.8626778,173.194.187.70,10.10.0.10,,,443,37473,0,1358,17
1584503403.8643732,10.10.0.10,173.194.187.70,,,37473,443,0,37,17
1584503403.8997982,173.194.187.70,10.10.0.10,,,443,37473,0,1358,17
1584503403.9369214,173.194.187.70,10.10.0.10,,,443,37473,0,1358,17
1584503403.938631,10.10.0.10,173.194.187.70,,,37473,443,0,50,17
1584503403.974042,173.194.187.70,10.10.0.10,,,443,37473,0,1358,17
1584503404.011167,173.194.187.70,10.10.0.10,,,443,37473,0,1358,17
1584503404.0133634,10.10.0.10,173.194.187.70,,,37473,443,0,37,17
1584503404.0482779,173.194.187.70,10.10.0.10,,,443,37473,0,1358,17
1584503404.0854108,173.194.187.70,10.10.0.10,,,443,37473,0,1358,17
1584503404.087265,10.10.0.10,173.194.187.70,,,37473,443,0,37,17
1584503404.122536,173.194.187.70,10.10.0.10,,,443,37473,0,1358,17
1584503404.1596348,173.194.187.70,10.10.0.10,,,443,37473,0,1358,17
1584503404.161386,10.10.0.10,173.194.187.70,,,37473,443,0,37,17
1584503404.1967561,173.194.187.70,10.10.0.10,,,443,37473,0,1358,17
1584503404.233881,173.194.187.70,10.10.0.10,,,443,37473,0,1358,17
1584503404.2361171,10.10.0.10,173.194.187.70,,,37473,443,0,37,17
1584503404.271,173.194.187.70,10.10.0.10,,,443,37473,0,1358,17
1584503404.308116,173.194.187.70,10.10.0.10,,,443,37473,0,1358,17
1584503404.3124852,10.10.0.10,173.194.187.70,,,37473,443,0,37,17
1584503404.3452358,173.194.187.70,10.10.0.10,,,443,37473,0,1358,17
1584503404.3823645,173.194.187.70,10.10.0.10,,,443,37473,0,1358,17
1584503404.3842561,10.10.0.10,173.194.187.70,,,37473,443,0,37,17
1584503404.41948,173.194.187.70,10.10.0.10,,,443,37473,0,1358,17
1584503404.456598,173.194.187.70,10.10.0.10,,,443,37473,0,1358,17
1584503404.458627,10.10.0.10,173.194.187.70,,,37473,443,0,37,17
1584503404.4937189,173.194.187.70,10.10.0.10,,,443,37473,0,1358,17
1584503404.530832,173.194.187.70,10.10.0.10,,,443,37473,0,1358,17
1584503404.5323439,10.10.0.10,173.194.187.70,,,37473,443,0,37,17
1584503404.567961,173.194.187.70,10.10.0.10,,,443,37473,0,1358,17
1584503404.5968778,10.10.0.10,173.194.187.70,,,37473,443,0,37,17
1584503404.6050851,173.194.187.70,10.10.0.10,,,443,37473,0,1358,17
1584503404.6422071,173.194.187.70,10.10.0.10,,,443,37473,0,1358,17
1584503404.6438682,10.10.0.10,173.194.187.70,,,37473,443,0,37,17
1584503404.6793332,173.194.187.70,10.10.0.10,,,443,37473,0,1358,17
1584503404.71644,173.194.187.70,10.10.0.10,,,443,37473,0,1358,17
1584503404.7186186,10.10.0.10,173.194.187.70,,,37473,443,0,37,17
1584503404.7535558,173.194.187.70,10.10.0.10,,,443,37473,0,1358,17
1584503404.7902212,10.10.0.10,173.194.187.70,,,37473,443,0,37,17
1584503404.790677,173.194.187.70,10.10.0.10,,,443,37473,0,1358,17
1584503404.8277981,173.194.187.70,10.10.0.10,,,443,37473,0,1358,17
1584503404.829344,10.10.0.10,173.194.187.70,,,37473,443,0,37,17
1584503404.864918,173.194.187.70,10.10.0.10,,,443,37473,0,1358,17
1584503404.9013634,10.10.0.10,173.194.187.70,,,37473,443,0,37,17
1584503404.9020374,173.194.187.70,10.10.0.10,,,443,37473,0,1358,17
1584503404.9391556,173.194.187.70,10.10.0.10,,,443,37473,0,1358,17
1584503404.9416122,10.10.0.10,173.194.187.70,,,37473,443,0,37,17
1584503404.976276,173.194.187.70,10.10.0.10,,,443,37473,0,1358,17
1584503405.013402,173.194.187.70,10.10.0.10,,,443,37473,0,1358,17
1584503405.014966,10.10.0.10,173.194.187.70,,,37473,443,0,37,17
1584503405.0505226,173.194.187.70,10.10.0.10,,,443,37473,0,1358,17
1584503405.0876348,173.194.187.70,10.10.0.10,,,443,37473,0,1358,17
1584503405.1145642,10.10.0.10,173.194.187.70,,,37473,443,0,37,17
1584503405.1247554,173.194.187.70,10.10.0.10,,,443,37473,0,1358,17
1584503405.1618724,173.194.187.70,10.10.0.10,,,443,37473,0,1358,17
1584503405.163463,10.10.0.10,173.194.187.70,,,37473,443,0,37,17
1584503405.198992,173.194.187.70,10.10.0.10,,,443,37473,0,1358,17
1584503405.2361212,173.194.187.70,10.10.0.10,,,443,37473,0,1358,17
1584503405.2377286,10.10.0.10,173.194.187.70,,,37473,443,0,37,17
1584503405.2732518,173.194.187.70,10.10.0.10,,,443,37473,0,1358,17
1584503405.310375,173.194.187.70,10.10.0.10,,,443,37473,0,1358,17
1584503405.3140821,10.10.0.10,173.194.187.70,,,37473,443,0,50,17
1584503405.3474991,173.194.187.70,10.10.0.10,,,443,37473,0,1358,17
1584503405.3828268,10.10.0.10,173.194.187.70,,,37473,443,0,37,17
1584503405.384597,173.194.187.70,10.10.0.10,,,443,37473,0,1358,17
1584503405.421721,173.194.187.70,10.10.0.10,,,443,37473,0,1358,17
1584503405.426105,10.10.0.10,173.194.187.70,,,37473,443,0,37,17
1584503405.458837,173.194.187.70,10.10.0.10,,,443,37473,0,1358,17
1584503405.495959,173.194.187.70,10.10.0.10,,,443,37473,0,1358,17
1584503405.497719,10.10.0.10,173.194.187.70,,,37473,443,0,37,17
1584503405.5330794,173.194.187.70,10.10.0.10,,,443,37473,0,29,17
1584503405.534759,173.194.187.70,10.10.0.10,,,443,37473,0,1358,17
1584503405.571882,173.194.187.70,10.10.0.10,,,443,37473,0,1358,17
1584503405.5749464,10.10.0.10,173.194.187.70,,,37473,443,0,37,17
1584503405.608998,173.194.187.70,10.10.0.10,,,443,37473,0,1358,17
1584503405.645965,10.10.0.10,173.194.187.70,,,37473,443,0,37,17
1584503405.646114,173.194.187.70,10.10.0.10,,,443,37473,0,1358,17
1584503405.6832418,173.194.187.70,10.10.0.10,,,443,37473,0,1358,17
1584503405.6850884,10.10.0.10,173.194.187.70,,,37473,443,0,37,17
1584503405.720368,173.194.187.70,10.10.0.10,,,443,37473,0,1358,17
1584503405.757493,173.194.187.70,10.10.0.10,,,443,37473,0,1358,17
1584503405.759683,10.10.0.10,173.194.187.70,,,37473,443,0,37,17
1584503405.79461,173.194.187.70,10.10.0.10,,,443,37473,0,1358,17
1584503405.8317351,173.194.187.70,10.10.0.10,,,443,37473,0,1358,17
1584503405.83319,10.10.0.10,173.194.187.70,,,37473,443,0,37,17
1584503405.868858,173.194.187.70,10.10.0.10,,,443,37473,0,1358,17
1584503405.899583,10.10.0.10,173.194.187.70,,,37473,443,0,37,17
1584503405.9059546,173.194.187.70,10.10.0.10,,,443,37473,0,1358,17
1584503405.9430768,173.194.187.70,10.10.0.10,,,443,37473,0,1358,17
1584503405.9446876,10.10.0.10,173.194.187.70,,,37473,443,0,37,17
1584503405.9801958,173.194.187.70,10.10.0.10,,,443,37473,0,1358,17
1584503406.01732,173.194.187.70,10.10.0.10,,,443,37473,0,1358,17
1584503406.019335,10.10.0.10,173.194.187.70,,,37473,443,0,37,17
1584503406.0544348,173.194.187.70,10.10.0.10,,,443,37473,0,1358,17
1584503406.0915544,173.194.187.70,10.10.0.10,,,443,37473,0,1358,17
1584503406.093434,10.10.0.10,173.194.187.70,,,37473,443,0,37,17
1584503406.128675,173.194.187.70,10.10.0.10,,,443,37473,0,1358,17
1584503406.165794,173.194.187.70,10.10.0.10,,,443,37473,0,1358,17
1584503406.167809,10.10.0.10,173.194.187.70,,,37473,443,0,37,17
1584503406.202913,173.194.187.70,10.10.0.10,,,443,37473,0,1358,17
1584503406.240041,173.194.187.70,10.10.0.10,,,443,37473,0,1358,17
1584503406.242025,10.10.0.10,173.194.187.70,,,37473,443,0,37,17
1584503406.277161,173.194.187.70,10.10.0.10,,,443,37473,0,1358,17
1584503406.314285,173.194.187.70,10.10.0.10,,,443,37473,0,1358,17
1584503406.3161955,10.10.0.10,173.194.187.70,,,37473,443,0,37,17
1584503406.351409,173.194.187.70,10.10.0.10,,,443,37473,0,1358,17
1584503406.388533,173.194.187.70,10.10.0.10,,,443,37473,0,1358,17
1584503406.3900678,10.10.0.10,173.194.187.70,,,37473,443,0,37,17
1584503406.42564,173.194.187.70,10.10.0.10,,,443,37473,0,1358,17
1584503406.462759,173.194.187.70,10.10.0.10,,,443,37473,0,1358,17
1584503406.4645462,10.10.0.10,173.194.187.70,,,37473,443,0,37,17
1584503406.4998775,173.194.187.70,10.10.0.10,,,443,37473,0,1358,17
1584503406.5370002,173.194.187.70,10.10.0.10,,,443,37473,0,1358,17
1584503406.5391786,10.10.0.10,173.194.187.70,,,37473,443,0,37,17
1584503406.5741231,173.194.187.70,10.10.0.10,,,443,37473,0,1358,17
1584503406.6112359,173.194.187.70,10.10.0.10,,,443,37473,0,1358,17
1584503406.6131911,10.10.0.10,173.194.187.70,,,37473,443,0,37,17
1584503406.6483572,173.194.187.70,10.10.0.10,,,443,37473,0,1358,17
1584503406.685478,173.194.187.70,10.10.0.10,,,443,37473,0,1358,17
1584503406.687685,10.10.0.10,173.194.187.70,,,37473,443,0,50,17
1584503406.722599,173.194.187.70,10.10.0.10,,,443,37473,0,1358,17
1584503406.750647,10.10.0.10,173.194.187.70,,,37473,443,0,37,17
1584503406.7597158,173.194.187.70,10.10.0.10,,,443,37473,0,1358,17
1584503406.7968366,173.194.187.70,10.10.0.10,,,443,37473,0,1358,17
1584503406.799536,10.10.0.10,173.194.187.70,,,37473,443,0,37,17
1584503406.833959,173.194.187.70,10.10.0.10,,,443,37473,0,1358,17
1584503406.8710759,173.194.187.70,10.10.0.10,,,443,37473,0,1358,17
1584503406.8728778,10.10.0.10,173.194.187.70,,,37473,443,0,37,17
1584503406.9081929,173.194.187.70,10.10.0.10,,,443,37473,0,29,17
1584503406.909866,173.194.187.70,10.10.0.10,,,443,37473,0,1358,17
1584503406.946999,173.194.187.70,10.10.0.10,,,443,37473,0,1358,17
1584503406.9485419,10.10.0.10,173.194.187.70,,,37473,443,0,37,17
1584503406.9841108,173.194.187.70,10.10.0.10,,,443,37473,0,1358,17
1584503407.02124,173.194.187.70,10.10.0.10,,,443,37473,0,1358,17
1584503407.0229359,10.10.0.10,173.194.187.70,,,37473,443,0,37,17
1584503407.058361,173.194.187.70,10.10.0.10,,,443,37473,0,1358,17
1584503407.0954778,173.194.187.70,10.10.0.10,,,443,37473,0,1358,17
1584503407.097252,10.10.0.10,173.194.187.70,,,37473,443,0,37,17
1584503407.1325958,173.194.187.70,10.10.0.10,,,443,37473,0,1358,17
1584503407.16972,173.194.187.70,10.10.0.10,,,443,37473,0,1358,17
1584503407.1716444,10.10.0.10,173.194.187.70,,,37473,443,0,37,17
1584503407.206839,173.194.187.70,10.10.0.10,,,443,37473,0,1358,17
1584503407.243957,173.194.187.70,10.10.0.10,,,443,37473,0,1358,17
1584503407.24592,10.10.0.10,173.194.187.70,,,37473,443,0,37,17
1584503407.2810776,173.194.187.70,10.10.0.10,,,443,37473,0,1358,17
1584503407.318198,173.194.187.70,10.10.0.10,,,443,37473,0,1358,17
1584503407.319793,10.10.0.10,173.194.187.70,,,37473,443,0,37,17
1584503407.35532,173.194.187.70,10.10.0.10,,,443,37473,0,1358,17
1584503407.392442,173.194.187.70,10.10.0.10,,,443,37473,0,1358,17
1584503407.394416,10.10.0.10,173.194.187.70,,,37473,443,0,37,17
1584503407.429568,173.194.187.70,10.10.0.10,,,443,37473,0,1358,17
1584503407.4666898,173.194.187.70,10.10.0.10,,,443,37473,0,1358,17
1584503407.469916,10.10.0.10,173.194.187.70,,,37473,443,0,37,17
1584503407.503813,173.194.187.70,10.10.0.10,,,443,37473,0,1358,17
1584503407.540937,173.194.187.70,10.10.0.10,,,443,37473,0,1358,17
1584503407.541785,10.10.0.10,173.194.187.70,,,37473,443,0,37,17
1584503407.578059,173.194.187.70,10.10.0.10,,,443,37473,0,1358,17
1584503407.5795062,10.10.0.10,173.194.187.70,,,37473,443,0,37,17
1584503407.6151562,173.194.187.70,10.10.0.10,,,443,37473,0,1358,17
1584503407.656745,173.194.187.70,10.10.0.10,,,443,37473,0,1358,17
1584503407.6715422,10.10.0.10,173.194.187.70,,,37473,443,0,37,17
1584503407.6938686,173.194.187.70,10.10.0.10,,,443,37473,0,1358,17
1584503407.730972,173.194.187.70,10.10.0.10,,,443,37473,0,1358,17
1584503407.7326488,10.10.0.10,173.194.187.70,,,37473,443,0,37,17
1584503407.768095,173.194.187.70,10.10.0.10,,,443,37473,0,1358,17
1584503407.8052125,173.194.187.70,10.10.0.10,,,443,37473,0,1358,17
1584503407.8067572,10.10.0.10,173.194.187.70,,,37473,443,0,37,17
1584503407.842329,173.194.187.70,10.10.0.10,,,443,37473,0,1358,17
1584503407.879448,173.194.187.70,10.10.0.10,,,443,37473,0,1358,17
1584503407.881168,10.10.0.10,173.194.187.70,,,37473,443,0,37,17
1584503407.9165661,173.194.187.70,10.10.0.10,,,443,37473,0,1358,17
1584503407.958143,173.194.187.70,10.10.0.10,,,443,37473,0,1358,17
1584503407.961778,10.10.0.10,173.194.187.70,,,37473,443,0,37,17
1584503407.995269,173.194.187.70,10.10.0.10,,,443,37473,0,1358,17
1584503408.03239,173.194.187.70,10.10.0.10,,,443,37473,0,1358,17
1584503408.036984,10.10.0.10,173.194.187.70,,,37473,443,0,37,17
1584503408.069505,173.194.187.70,10.10.0.10,,,443,37473,0,1358,17
1584503408.1066248,173.194.187.70,10.10.0.10,,,443,37473,0,1358,17
1584503408.108508,10.10.0.10,173.194.187.70,,,37473,443,0,50,17
1584503408.1437464,173.194.187.70,10.10.0.10,,,443,37473,0,1358,17
1584503408.177016,10.10.0.10,173.194.187.70,,,37473,443,0,37,17
1584503408.180865,173.194.187.70,10.10.0.10,,,443,37473,0,1358,17
1584503408.217984,173.194.187.70,10.10.0.10,,,443,37473,0,1358,17
1584503408.220391,10.10.0.10,173.194.187.70,,,37473,443,0,37,17
1584503408.2551038,173.194.187.70,10.10.0.10,,,443,37473,0,1358,17
1584503408.2966778,173.194.187.70,10.10.0.10,,,443,37473,0,1358,17
1584503408.2981188,10.10.0.10,173.194.187.70,,,37473,443,0,37,17
1584503408.3337972,173.194.187.70,10.10.0.10,,,443,37473,0,1358,17
1584503408.370917,173.194.187.70,10.10.0.10,,,443,37473,0,29,17
1584503408.3717382,10.10.0.10,173.194.187.70,,,37473,443,0,37,17
1584503408.3725991,173.194.187.70,10.10.0.10,,,443,37473,0,1358,17
1584503408.4097242,173.194.187.70,10.10.0.10,,,443,37473,0,1358,17
1584503408.4128852,10.10.0.10,173.194.187.70,,,37473,443,0,37,17
1584503408.446847,173.194.187.70,10.10.0.10,,,443,37473,0,1358,17
1584503408.4739876,10.10.0.10,173.194.187.70,,,37473,443,0,37,17
1584503408.4839716,173.194.187.70,10.10.0.10,,,443,37473,0,1358,17
1584503408.5210755,173.194.187.70,10.10.0.10,,,443,37473,0,1358,17
1584503408.5232394,10.10.0.10,173.194.187.70,,,37473,443,0,37,17
1584503408.558198,173.194.187.70,10.10.0.10,,,443,37473,0,1358,17
1584503408.594235,10.10.0.10,173.194.187.70,,,37473,443,0,37,17
1584503408.595318,173.194.187.70,10.10.0.10,,,443,37473,0,1358,17
1584503408.6324372,173.194.187.70,10.10.0.10,,,443,37473,0,1358,17
1584503408.6341279,10.10.0.10,173.194.187.70,,,37473,443,0,37,17
1584503408.6695561,173.194.187.70,10.10.0.10,,,443,37473,0,1358,17
1584503408.7053628,10.10.0.10,173.194.187.70,,,37473,443,0,37,17
1584503408.7066748,173.194.187.70,10.10.0.10,,,443,37473,0,1358,17
1584503408.743797,173.194.187.70,10.10.0.10,,,443,37473,0,1358,17
1584503408.745359,10.10.0.10,173.194.187.70,,,37473,443,0,37,17
1584503408.780918,173.194.187.70,10.10.0.10,,,443,37473,0,1358,17
1584503408.8180401,173.194.187.70,10.10.0.10,,,443,37473,0,1358,17
1584503408.8202212,10.10.0.10,173.194.187.70,,,37473,443,0,37,17
1584503408.8551571,173.194.187.70,10.10.0.10,,,443,37473,0,100,17
1584503408.866876,10.10.0.10,173.194.187.70,,,37473,443,0,736,17
1584503408.8669019,10.10.0.10,173.194.187.70,,,37473,443,0,48,17
1584503408.871597,173.194.187.70,10.10.0.10,,,443,37473,0,115,17
1584503408.871628,173.194.187.70,10.10.0.10,,,443,37473,0,1358,17
1584503408.8742278,10.10.0.10,173.194.187.70,,,37473,443,0,37,17
1584503408.875607,10.10.0.10,173.194.187.70,,,37473,443,0,748,17
1584503408.875633,10.10.0.10,173.194.187.70,,,37473,443,0,48,17
1584503408.8998258,173.194.187.70,10.10.0.10,,,443,37473,0,1358,17
1584503408.9369626,173.194.187.70,10.10.0.10,,,443,37473,0,1358,17
1584503408.9522266,10.10.0.10,173.194.187.70,,,37473,443,0,37,17
1584503408.974066,173.194.187.70,10.10.0.10,,,443,37473,0,1358,17
1584503409.011197,173.194.187.70,10.10.0.10,,,443,37473,0,1358,17
1584503409.012842,10.10.0.10,173.194.187.70,,,37473,443,0,37,17
1584503409.0483012,173.194.187.70,10.10.0.10,,,443,37473,0,1358,17
1584503409.085425,173.194.187.70,10.10.0.10,,,443,37473,0,1358,17
1584503409.087252,10.10.0.10,173.194.187.70,,,37473,443,0,37,17
1584503409.1225429,173.194.187.70,10.10.0.10,,,443,37473,0,1358,17
1584503409.1596642,173.194.187.70,10.10.0.10,,,443,37473,0,1358,17
1584503409.161231,10.10.0.10,173.194.187.70,,,37473,443,0,37,17
1584503409.196784,173.194.187.70,10.10.0.10,,,443,37473,0,29,17
1584503409.1984632,173.194.187.70,10.10.0.10,,,443,37473,0,1358,17
1584503409.235585,173.194.187.70,10.10.0.10,,,443,37473,0,1358,17
1584503409.2372372,10.10.0.10,173.194.187.70,,,37473,443,0,37,17
1584503409.272703,173.194.187.70,10.10.0.10,,,443,37473,0,1358,17
1584503409.309824,173.194.187.70,10.10.0.10,,,443,37473,0,1358,17
1584503409.313589,10.10.0.10,173.194.187.70,,,37473,443,0,37,17
1584503409.3469448,173.194.187.70,10.10.0.10,,,443,37473,0,1358,17
1584503409.384059,173.194.187.70,10.10.0.10,,,443,37473,0,1358,17
1584503409.386357,10.10.0.10,173.194.187.70,,,37473,443,0,37,17
1584503409.4211788,173.194.187.70,10.10.0.10,,,443,37473,0,1358,17
1584503409.4583206,173.194.187.70,10.10.0.10,,,443,37473,0,1358,17
1584503409.4607036,10.10.0.10,173.194.187.70,,,37473,443,0,37,17
1584503409.495442,173.194.187.70,10.10.0.10,,,443,37473,0,1358,17
1584503409.532547,173.194.187.70,10.10.0.10,,,443,37473,0,1358,17
1584503409.534199,10.10.0.10,173.194.187.70,,,37473,443,0,37,17
1584503409.569663,173.194.187.70,10.10.0.10,,,443,37473,0,1358,17
1584503409.606786,173.194.187.70,10.10.0.10,,,443,37473,0,1358,17
1584503409.60835,10.10.0.10,173.194.187.70,,,37473,443,0,37,17
1584503409.6439052,173.194.187.70,10.10.0.10,,,443,37473,0,1358,17
1584503409.681027,173.194.187.70,10.10.0.10,,,443,37473,0,1358,17
1584503409.6827116,10.10.0.10,173.194.187.70,,,37473,443,0,37,17
1584503409.7181466,173.194.187.70,10.10.0.10,,,443,37473,0,1358,17
1584503409.755264,173.194.187.70,10.10.0.10,,,443,37473,0,1358,17
1584503409.75747,10.10.0.10,173.194.187.70,,,37473,443,0,37,17
1584503409.7923858,173.194.187.70,10.10.0.10,,,443,37473,0,1358,17
1584503409.8322544,173.194.187.70,10.10.0.10,,,443,37473,0,1358,17
1584503409.833949,10.10.0.10,173.194.187.70,,,37473,443,0,37,17
1584503409.869373,173.194.187.70,10.10.0.10,,,443,37473,0,1358,17
1584503409.906497,173.194.187.70,10.10.0.10,,,443,37473,0,1358,17
1584503409.908316,10.10.0.10,173.194.187.70,,,37473,443,0,37,17
1584503409.943609,173.194.187.70,10.10.0.10,,,443,37473,0,1358,17
1584503409.98075,173.194.187.70,10.10.0.10,,,443,37473,0,1358,17
1584503409.982474,10.10.0.10,173.194.187.70,,,37473,443,0,37,17
1584503410.0178692,173.194.187.70,10.10.0.10,,,443,37473,0,1358,17
1584503410.054989,173.194.187.70,10.10.0.10,,,443,37473,0,1358,17
1584503410.062711,10.10.0.10,173.194.187.70,,,37473,443,0,37,17
1584503410.092088,173.194.187.70,10.10.0.10,,,443,37473,0,1358,17
1584503410.126462,10.10.0.10,173.194.187.70,,,37473,443,0,37,17
1584503410.129209,173.194.187.70,10.10.0.10,,,443,37473,0,1358,17
1584503410.1663332,173.194.187.70,10.10.0.10,,,443,37473,0,1358,17
1584503410.167945,10.10.0.10,173.194.187.70,,,37473,443,0,37,17
1584503410.2034528,173.194.187.70,10.10.0.10,,,443,37473,0,1358,17
1584503410.240566,173.194.187.70,10.10.0.10,,,443,37473,0,1358,17
1584503410.2425606,10.10.0.10,173.194.187.70,,,37473,443,0,37,17
1584503410.2776911,173.194.187.70,10.10.0.10,,,443,37473,0,1358,17
1584503410.31481,173.194.187.70,10.10.0.10,,,443,37473,0,1358,17
1584503410.3163002,10.10.0.10,173.194.187.70,,,37473,443,0,50,17
1584503410.3519304,173.194.187.70,10.10.0.10,,,443,37473,0,1358,17
1584503410.389051,173.194.187.70,10.10.0.10,,,443,37473,0,1358,17
1584503410.3900568,10.10.0.10,173.194.187.70,,,37473,443,0,37,17
1584503410.4261699,173.194.187.70,10.10.0.10,,,443,37473,0,1358,17
1584503410.429306,10.10.0.10,173.194.187.70,,,37473,443,0,37,17
1584503410.46329,173.194.187.70,10.10.0.10,,,443,37473,0,1358,17
1584503410.492305,10.10.0.10,173.194.187.70,,,37473,443,0,37,17
1584503410.5004132,173.194.187.70,10.10.0.10,,,443,37473,0,1358,17
1584503410.5375366,173.194.187.70,10.10.0.10,,,443,37473,0,1358,17
1584503410.539294,10.10.0.10,173.194.187.70,,,37473,443,0,37,17
1584503410.5746598,173.194.187.70,10.10.0.10,,,443,37473,0,1358,17
1584503410.611783,173.194.187.70,10.10.0.10,,,443,37473,0,1358,17
1584503410.61457,10.10.0.10,173.194.187.70,,,37473,443,0,37,17
1584503410.648889,173.194.187.70,10.10.0.10,,,443,37473,0,1358,17
1584503410.6860108,173.194.187.70,10.10.0.10,,,443,37473,0,1358,17
1584503410.689542,10.10.0.10,173.194.187.70,,,37473,443,0,37,17
1584503410.723138,173.194.187.70,10.10.0.10,,,443,37473,0,1358,17
1584503410.7602508,173.194.187.70,10.10.0.10,,,443,37473,0,1358,17
1584503410.7629411,10.10.0.10,173.194.187.70,,,37473,443,0,37,17
1584503410.797369,173.194.187.70,10.10.0.10,,,443,37473,0,1358,17
1584503410.8344908,173.194.187.70,10.10.0.10,,,443,37473,0,1358,17
1584503410.836191,10.10.0.10,173.194.187.70,,,37473,443,0,37,17
1584503410.871614,173.194.187.70,10.10.0.10,,,443,37473,0,1358,17
1584503410.9087322,173.194.187.70,10.10.0.10,,,443,37473,0,1358,17
1584503410.9102876,10.10.0.10,173.194.187.70,,,37473,443,0,37,17
1584503410.9458542,173.194.187.70,10.10.0.10,,,443,37473,0,1358,17
1584503410.9829679,173.194.187.70,10.10.0.10,,,443,37473,0,1358,17
1584503410.9846814,10.10.0.10,173.194.187.70,,,37473,443,0,37,17
1584503411.0200882,173.194.187.70,10.10.0.10,,,443,37473,0,1358,17
1584503411.05721,173.194.187.70,10.10.0.10,,,443,37473,0,1358,17
1584503411.059292,10.10.0.10,173.194.187.70,,,37473,443,0,37,17
1584503411.094328,173.194.187.70,10.10.0.10,,,443,37473,0,1358,17
1584503411.124434,10.10.0.10,173.194.187.70,,,37473,443,0,37,17
1584503411.131448,173.194.187.70,10.10.0.10,,,443,37473,0,1358,17
1584503411.1685839,173.194.187.70,10.10.0.10,,,443,37473,0,1358,17
1584503411.171169,10.10.0.10,173.194.187.70,,,37473,443,0,37,17
1584503411.2056901,173.194.187.70,10.10.0.10,,,443,37473,0,1358,17
1584503411.242811,173.194.187.70,10.10.0.10,,,443,37473,0,1358,17
1584503411.245773,10.10.0.10,173.194.187.70,,,37473,443,0,37,17
1584503411.279959,173.194.187.70,10.10.0.10,,,443,37473,0,1358,17
1584503411.317048,173.194.187.70,10.10.0.10,,,443,37473,0,1358,17
1584503411.319161,10.10.0.10,173.194.187.70,,,37473,443,0,37,17
1584503411.3541722,173.194.187.70,10.10.0.10,,,443,37473,0,1358,17
1584503411.391292,173.194.187.70,10.10.0.10,,,443,37473,0,1358,17
1584503411.392908,10.10.0.10,173.194.187.70,,,37473,443,0,37,17
1584503411.428407,173.194.187.70,10.10.0.10,,,443,37473,0,1358,17
1584503411.4655304,173.194.187.70,10.10.0.10,,,443,37473,0,1358,17
1584503411.467151,10.10.0.10,173.194.187.70,,,37473,443,0,37,17
1584503411.50265,173.194.187.70,10.10.0.10,,,443,37473,0,1358,17
1584503411.5397725,173.194.187.70,10.10.0.10,,,443,37473,0,1358,17
1584503411.5427759,10.10.0.10,173.194.187.70,,,37473,443,0,37,17
1584503411.576891,173.194.187.70,10.10.0.10,,,443,37473,0,1358,17
1584503411.6140108,173.194.187.70,10.10.0.10,,,443,37473,0,1358,17
1584503411.616771,10.10.0.10,173.194.187.70,,,37473,443,0,37,17
1584503411.65113,173.194.187.70,10.10.0.10,,,443,37473,0,1358,17
1584503411.6882534,173.194.187.70,10.10.0.10,,,443,37473,0,1358,17
1584503411.690166,10.10.0.10,173.194.187.70,,,37473,443,0,50,17
1584503411.725376,173.194.187.70,10.10.0.10,,,443,37473,0,1358,17
1584503411.762501,173.194.187.70,10.10.0.10,,,443,37473,0,1358,17
1584503411.764415,10.10.0.10,173.194.187.70,,,37473,443,0,37,17
1584503411.799625,173.194.187.70,10.10.0.10,,,443,37473,0,1358,17
1584503411.8367481,173.194.187.70,10.10.0.10,,,443,37473,0,1358,17
1584503411.8386588,10.10.0.10,173.194.187.70,,,37473,443,0,37,17
1584503411.8738508,173.194.187.70,10.10.0.10,,,443,37473,0,1358,17
1584503411.910975,173.194.187.70,10.10.0.10,,,443,37473,0,1358,17
1584503411.913266,10.10.0.10,173.194.187.70,,,37473,443,0,37,17
1584503411.9480882,173.194.187.70,10.10.0.10,,,443,37473,0,1358,17
1584503411.985213,173.194.187.70,10.10.0.10,,,443,37473,0,1358,17
1584503411.98688,10.10.0.10,173.194.187.70,,,37473,443,0,37,17
1584503412.0223286,173.194.187.70,10.10.0.10,,,443,37473,0,1358,17
1584503412.059447,173.194.187.70,10.10.0.10,,,443,37473,0,1358,17
1584503412.061761,10.10.0.10,173.194.187.70,,,37473,443,0,37,17
1584503412.096573,173.194.187.70,10.10.0.10,,,443,37473,0,1358,17
1584503412.1336932,173.194.187.70,10.10.0.10,,,443,37473,0,1358,17
1584503412.135724,10.10.0.10,173.194.187.70,,,37473,443,0,37,17
1584503412.170812,173.194.187.70,10.10.0.10,,,443,37473,0,1358,17
1584503412.207934,173.194.187.70,10.10.0.10,,,443,37473,0,1358,17
1584503412.209775,10.10.0.10,173.194.187.70,,,37473,443,0,37,17
1584503412.2450528,173.194.187.70,10.10.0.10,,,443,37473,0,1358,17
1584503412.282165,173.194.187.70,10.10.0.10,,,443,37473,0,1358,17
1584503412.284503,10.10.0.10,173.194.187.70,,,37473,443,0,37,17
1584503412.3193,173.194.187.70,10.10.0.10,,,443,37473,0,1358,17
1584503412.356406,173.194.187.70,10.10.0.10,,,443,37473,0,1358,17
1584503412.358022,10.10.0.10,173.194.187.70,,,37473,443,0,37,17
1584503412.393545,173.194.187.70,10.10.0.10,,,443,37473,0,1358,17
1584503412.4306679,173.194.187.70,10.10.0.10,,,443,37473,0,1358,17
1584503412.432517,10.10.0.10,173.194.187.70,,,37473,443,0,37,17
1584503412.467793,173.194.187.70,10.10.0.10,,,443,37473,0,1358,17
1584503412.5048714,10.10.0.10,173.194.187.70,,,37473,443,0,37,17
1584503412.504889,173.194.187.70,10.10.0.10,,,443,37473,0,1358,17
1584503412.5420122,173.194.187.70,10.10.0.10,,,443,37473,0,1358,17
1584503412.543875,10.10.0.10,173.194.187.70,,,37473,443,0,37,17
1584503412.579132,173.194.187.70,10.10.0.10,,,443,37473,0,1358,17
1584503412.6151376,10.10.0.10,173.194.187.70,,,37473,443,0,37,17
1584503412.6162524,173.194.187.70,10.10.0.10,,,443,37473,0,1358,17
1584503412.6533706,173.194.187.70,10.10.0.10,,,443,37473,0,1358,17
1584503412.655479,10.10.0.10,173.194.187.70,,,37473,443,0,37,17
1584503412.69049,173.194.187.70,10.10.0.10,,,443,37473,0,1358,17
1584503412.7276099,173.194.187.70,10.10.0.10,,,443,37473,0,1358,17
1584503412.7293642,10.10.0.10,173.194.187.70,,,37473,443,0,37,17
1584503412.764734,173.194.187.70,10.10.0.10,,,443,37473,0,1358,17
1584503412.8018508,173.194.187.70,10.10.0.10,,,443,37473,0,1358,17
1584503412.8034868,10.10.0.10,173.194.187.70,,,37473,443,0,37,17
1584503412.838969,173.194.187.70,10.10.0.10,,,443,37473,0,1358,17
1584503412.8760939,173.194.187.70,10.10.0.10,,,443,37473,0,1358,17
1584503412.877991,10.10.0.10,173.194.187.70,,,37473,443,0,37,17
1584503412.9132106,173.194.187.70,10.10.0.10,,,443,37473,0,1358,17
1584503412.9503288,173.194.187.70,10.10.0.10,,,443,37473,0,1358,17
1584503412.9521172,10.10.0.10,173.194.187.70,,,37473,443,0,37,17
1584503412.9874651,173.194.187.70,10.10.0.10,,,443,37473,0,1358,17
1584503413.0245712,173.194.187.70,10.10.0.10,,,443,37473,0,1358,17
1584503413.027226,10.10.0.10,173.194.187.70,,,37473,443,0,37,17
1584503413.0616882,173.194.187.70,10.10.0.10,,,443,37473,0,1358,17
1584503413.098809,173.194.187.70,10.10.0.10,,,443,37473,0,1358,17
1584503413.100735,10.10.0.10,173.194.187.70,,,37473,443,0,50,17
1584503413.135942,173.194.187.70,10.10.0.10,,,443,37473,0,1358,17
1584503413.1730509,173.194.187.70,10.10.0.10,,,443,37473,0,1358,17
1584503413.174602,10.10.0.10,173.194.187.70,,,37473,443,0,37,17
1584503413.210171,173.194.187.70,10.10.0.10,,,443,37473,0,1358,17
1584503413.2472901,173.194.187.70,10.10.0.10,,,443,37473,0,1358,17
1584503413.2497182,10.10.0.10,173.194.187.70,,,37473,443,0,37,17
1584503413.284411,173.194.187.70,10.10.0.10,,,443,37473,0,1358,17
1584503413.3215306,173.194.187.70,10.10.0.10,,,443,37473,0,29,17
1584503413.323211,173.194.187.70,10.10.0.10,,,443,37473,0,1358,17
1584503413.323498,10.10.0.10,173.194.187.70,,,37473,443,0,37,17
1584503413.3603325,173.194.187.70,10.10.0.10,,,443,37473,0,1358,17
1584503413.3619642,10.10.0.10,173.194.187.70,,,37473,443,0,37,17
1584503413.397455,173.194.187.70,10.10.0.10,,,443,37473,0,1358,17
1584503413.434578,173.194.187.70,10.10.0.10,,,443,37473,0,1358,17
1584503413.4363446,10.10.0.10,173.194.187.70,,,37473,443,0,37,17
1584503413.4717011,173.194.187.70,10.10.0.10,,,443,37473,0,1358,17
1584503413.5068452,10.10.0.10,173.194.187.70,,,37473,443,0,37,17
1584503413.508825,173.194.187.70,10.10.0.10,,,443,37473,0,1358,17
1584503413.545932,173.194.187.70,10.10.0.10,,,443,37473,0,1358,17
1584503413.551611,10.10.0.10,173.194.187.70,,,37473,443,0,37,17
1584503413.58305,173.194.187.70,10.10.0.10,,,443,37473,0,1358,17
1584503413.6201699,173.194.187.70,10.10.0.10,,,443,37473,0,1358,17
1584503413.62211,10.10.0.10,173.194.187.70,,,37473,443,0,37,17
1584503413.65729,173.194.187.70,10.10.0.10,,,443,37473,0,1358,17
1584503413.694409,173.194.187.70,10.10.0.10,,,443,37473,0,1339,17
1584503413.696079,10.10.0.10,173.194.187.70,,,37473,443,0,37,17
1584503428.335308,10.10.0.10,173.194.187.70,,,37473,443,0,31,17
1584503428.34141,173.194.187.70,10.10.0.10,,,443,37473,0,29,17
