timestamp,ipSrc,ipDst,tcpPortSrc,tcpPortDst,udpPortSrc,udpPortDst,tcpLen,udpLen,payloadProtocolNumber
1587481412.850821,10.10.0.10,173.194.182.102,,,41888,443,0,1358,17
1587481412.8772602,173.194.182.102,10.10.0.10,,,443,41888,0,1358,17
1587481412.881706,10.10.0.10,173.194.182.102,,,41888,443,0,1358,17
1587481412.9441519,10.10.0.10,173.194.182.102,,,41888,443,0,44,17
1587481412.98476,173.194.182.102,10.10.0.10,,,443,41888,0,44,17
1587481412.984993,173.194.182.102,10.10.0.10,,,443,41888,0,1358,17
1587481412.989047,10.10.0.10,173.194.182.102,,,41888,443,0,36,17
1587481412.989455,173.194.182.102,10.10.0.10,,,443,41888,0,28,17
1587481412.9913938,10.10.0.10,173.194.182.102,,,41888,443,0,836,17
1587481412.992857,10.10.0.10,173.194.182.102,,,41888,443,0,700,17
1587481412.993596,10.10.0.10,173.194.182.102,,,41888,443,0,48,17
1587481412.99429,10.10.0.10,173.194.182.102,,,41888,443,0,48,17
1587481413.004376,173.194.182.102,10.10.0.10,,,443,41888,0,28,17
1587481413.0063715,173.194.182.102,10.10.0.10,,,443,41888,0,378,17
1587481413.0064125,173.194.182.102,10.10.0.10,,,443,41888,0,1358,17
1587481413.007096,173.194.182.102,10.10.0.10,,,443,41888,0,474,17
1587481413.008734,173.194.182.102,10.10.0.10,,,443,41888,0,26,17
1587481413.008776,10.10.0.10,173.194.182.102,,,41888,443,0,36,17
1587481413.0088446,173.194.182.102,10.10.0.10,,,443,41888,0,68,17
1587481413.009202,173.194.182.102,10.10.0.10,,,443,41888,0,1228,17
1587481413.0109134,10.10.0.10,173.194.182.102,,,41888,443,0,36,17
1587481413.0132804,173.194.182.102,10.10.0.10,,,443,41888,0,26,17
1587481413.013351,10.10.0.10,173.194.182.102,,,41888,443,0,36,17
1587481413.042751,10.10.0.10,173.194.182.102,,,41888,443,0,36,17
1587481413.04652,10.10.0.10,173.194.182.102,,,41888,443,0,704,17
1587481413.0476,10.10.0.10,173.194.182.102,,,41888,443,0,48,17
1587481413.052651,10.10.0.10,173.194.182.102,,,41888,443,0,708,17
1587481413.0568779,10.10.0.10,173.194.182.102,,,41888,443,0,48,17
1587481413.059747,173.194.182.102,10.10.0.10,,,443,41888,0,28,17
1587481413.059925,173.194.182.102,10.10.0.10,,,443,41888,0,1358,17
1587481413.059959,173.194.182.102,10.10.0.10,,,443,41888,0,1358,17
1587481413.0629148,10.10.0.10,173.194.182.102,,,41888,443,0,36,17
1587481413.06379,173.194.182.102,10.10.0.10,,,443,41888,0,1358,17
1587481413.068265,173.194.182.102,10.10.0.10,,,443,41888,0,1358,17
1587481413.072721,173.194.182.102,10.10.0.10,,,443,41888,0,1358,17
1587481413.072906,10.10.0.10,173.194.182.102,,,41888,443,0,36,17
1587481413.0771742,173.194.182.102,10.10.0.10,,,443,41888,0,1358,17
1587481413.0790205,10.10.0.10,173.194.182.102,,,41888,443,0,36,17
1587481413.081627,173.194.182.102,10.10.0.10,,,443,41888,0,1358,17
1587481413.0860848,173.194.182.102,10.10.0.10,,,443,41888,0,1358,17
1587481413.08991,10.10.0.10,173.194.182.102,,,41888,443,0,36,17
1587481413.0905054,173.194.182.102,10.10.0.10,,,443,41888,0,1358,17
1587481413.0930884,10.10.0.10,173.194.182.102,,,41888,443,0,39,17
1587481413.0949948,173.194.182.102,10.10.0.10,,,443,41888,0,1358,17
1587481413.0967422,10.10.0.10,173.194.182.102,,,41888,443,0,36,17
1587481413.0994241,173.194.182.102,10.10.0.10,,,443,41888,0,1358,17
1587481413.1039062,173.194.182.102,10.10.0.10,,,443,41888,0,1358,17
1587481413.108358,173.194.182.102,10.10.0.10,,,443,41888,0,1358,17
1587481413.1085699,10.10.0.10,173.194.182.102,,,41888,443,0,36,17
1587481413.1127868,173.194.182.102,10.10.0.10,,,443,41888,0,1358,17
1587481413.11637,10.10.0.10,173.194.182.102,,,41888,443,0,36,17
1587481413.11724,173.194.182.102,10.10.0.10,,,443,41888,0,1358,17
1587481413.1190429,10.10.0.10,173.194.182.102,,,41888,443,0,39,17
1587481413.1216981,173.194.182.102,10.10.0.10,,,443,41888,0,1358,17
1587481413.123959,10.10.0.10,173.194.182.102,,,41888,443,0,36,17
1587481413.126151,173.194.182.102,10.10.0.10,,,443,41888,0,1358,17
1587481413.13063,173.194.182.102,10.10.0.10,,,443,41888,0,1358,17
1587481413.132358,10.10.0.10,173.194.182.102,,,41888,443,0,36,17
1587481413.135058,173.194.182.102,10.10.0.10,,,443,41888,0,1358,17
1587481413.1395388,173.194.182.102,10.10.0.10,,,443,41888,0,1358,17
1587481413.142377,10.10.0.10,173.194.182.102,,,41888,443,0,36,17
1587481413.1439948,173.194.182.102,10.10.0.10,,,443,41888,0,1358,17
1587481413.148447,173.194.182.102,10.10.0.10,,,443,41888,0,1358,17
1587481413.1501882,10.10.0.10,173.194.182.102,,,41888,443,0,36,17
1587481413.15291,173.194.182.102,10.10.0.10,,,443,41888,0,1358,17
1587481413.1573572,173.194.182.102,10.10.0.10,,,443,41888,0,1358,17
1587481413.159255,10.10.0.10,173.194.182.102,,,41888,443,0,36,17
1587481413.16181,173.194.182.102,10.10.0.10,,,443,41888,0,1358,17
1587481413.166265,173.194.182.102,10.10.0.10,,,443,41888,0,1358,17
1587481413.168574,10.10.0.10,173.194.182.102,,,41888,443,0,36,17
1587481413.1707199,173.194.182.102,10.10.0.10,,,443,41888,0,1358,17
1587481413.175175,173.194.182.102,10.10.0.10,,,443,41888,0,1358,17
1587481413.1771019,10.10.0.10,173.194.182.102,,,41888,443,0,36,17
1587481413.179567,173.194.182.102,10.10.0.10,,,443,41888,0,1358,17
1587481413.184025,173.194.182.102,10.10.0.10,,,443,41888,0,1358,17
1587481413.1858199,10.10.0.10,173.194.182.102,,,41888,443,0,36,17
1587481413.1885412,173.194.182.102,10.10.0.10,,,443,41888,0,1358,17
1587481413.1929958,173.194.182.102,10.10.0.10,,,443,41888,0,1358,17
1587481413.1948578,10.10.0.10,173.194.182.102,,,41888,443,0,36,17
1587481413.1974108,173.194.182.102,10.10.0.10,,,443,41888,0,1358,17
1587481413.201905,173.194.182.102,10.10.0.10,,,443,41888,0,1358,17
1587481413.2063591,173.194.182.102,10.10.0.10,,,443,41888,0,1358,17
1587481413.2074418,10.10.0.10,173.194.182.102,,,41888,443,0,36,17
1587481413.210813,173.194.182.102,10.10.0.10,,,443,41888,0,1358,17
1587481413.214654,10.10.0.10,173.194.182.102,,,41888,443,0,49,17
1587481413.21523,173.194.182.102,10.10.0.10,,,443,41888,0,1358,17
1587481413.219722,173.194.182.102,10.10.0.10,,,443,41888,0,1358,17
1587481413.2241778,173.194.182.102,10.10.0.10,,,443,41888,0,1358,17
1587481413.228631,173.194.182.102,10.10.0.10,,,443,41888,0,1358,17
1587481413.233022,173.194.182.102,10.10.0.10,,,443,41888,0,1358,17
1587481413.234879,10.10.0.10,173.194.182.102,,,41888,443,0,36,17
1587481413.2351801,10.10.0.10,173.194.182.102,,,41888,443,0,36,17
1587481413.2375398,173.194.182.102,10.10.0.10,,,443,41888,0,1358,17
1587481413.241994,173.194.182.102,10.10.0.10,,,443,41888,0,1358,17
1587481413.243998,10.10.0.10,173.194.182.102,,,41888,443,0,36,17
1587481413.246453,173.194.182.102,10.10.0.10,,,443,41888,0,1358,17
1587481413.248091,10.10.0.10,173.194.182.102,,,41888,443,0,39,17
1587481413.2509036,173.194.182.102,10.10.0.10,,,443,41888,0,1358,17
1587481413.2527974,10.10.0.10,173.194.182.102,,,41888,443,0,36,17
1587481413.2553318,173.194.182.102,10.10.0.10,,,443,41888,0,1358,17
1587481413.2598119,173.194.182.102,10.10.0.10,,,443,41888,0,1358,17
1587481413.264232,173.194.182.102,10.10.0.10,,,443,41888,0,1358,17
1587481413.2687228,173.194.182.102,10.10.0.10,,,443,41888,0,1358,17
1587481413.2731662,173.194.182.102,10.10.0.10,,,443,41888,0,1358,17
1587481413.2776198,173.194.182.102,10.10.0.10,,,443,41888,0,1358,17
1587481413.2819688,10.10.0.10,173.194.182.102,,,41888,443,0,36,17
1587481413.2820446,173.194.182.102,10.10.0.10,,,443,41888,0,1358,17
1587481413.2865288,173.194.182.102,10.10.0.10,,,443,41888,0,1358,17
1587481413.290983,173.194.182.102,10.10.0.10,,,443,41888,0,1358,17
1587481413.293869,10.10.0.10,173.194.182.102,,,41888,443,0,36,17
1587481413.295418,173.194.182.102,10.10.0.10,,,443,41888,0,1358,17
1587481413.2978525,10.10.0.10,173.194.182.102,,,41888,443,0,36,17
1587481413.298326,10.10.0.10,173.194.182.102,,,41888,443,0,36,17
1587481413.2987876,10.10.0.10,173.194.182.102,,,41888,443,0,39,17
1587481413.299892,173.194.182.102,10.10.0.10,,,443,41888,0,1358,17
1587481413.304352,173.194.182.102,10.10.0.10,,,443,41888,0,1358,17
1587481413.308768,173.194.182.102,10.10.0.10,,,443,41888,0,1358,17
1587481413.311906,10.10.0.10,173.194.182.102,,,41888,443,0,36,17
1587481413.3132539,173.194.182.102,10.10.0.10,,,443,41888,0,1358,17
1587481413.3177102,173.194.182.102,10.10.0.10,,,443,41888,0,1358,17
1587481413.3208039,10.10.0.10,173.194.182.102,,,41888,443,0,36,17
1587481413.322133,173.194.182.102,10.10.0.10,,,443,41888,0,1358,17
1587481413.326618,173.194.182.102,10.10.0.10,,,443,41888,0,1358,17
1587481413.331072,173.194.182.102,10.10.0.10,,,443,41888,0,1358,17
1587481413.335465,173.194.182.102,10.10.0.10,,,443,41888,0,1358,17
1587481413.338792,10.10.0.10,173.194.182.102,,,41888,443,0,36,17
1587481413.3396838,10.10.0.10,173.194.182.102,,,41888,443,0,36,17
1587481413.339922,173.194.182.102,10.10.0.10,,,443,41888,0,1358,17
1587481413.3400214,10.10.0.10,173.194.182.102,,,41888,443,0,36,17
1587481413.3443868,173.194.182.102,10.10.0.10,,,443,41888,0,1358,17
1587481413.347667,10.10.0.10,173.194.182.102,,,41888,443,0,36,17
1587481413.3488278,173.194.182.102,10.10.0.10,,,443,41888,0,1358,17
1587481413.353345,173.194.182.102,10.10.0.10,,,443,41888,0,1358,17
1587481413.357798,173.194.182.102,10.10.0.10,,,443,41888,0,1358,17
1587481413.362191,173.194.182.102,10.10.0.10,,,443,41888,0,1358,17
1587481413.3624382,10.10.0.10,173.194.182.102,,,41888,443,0,36,17
1587481413.3667078,173.194.182.102,10.10.0.10,,,443,41888,0,1358,17
1587481413.371162,173.194.182.102,10.10.0.10,,,443,41888,0,1358,17
1587481413.3755732,173.194.182.102,10.10.0.10,,,443,41888,0,1358,17
1587481413.38005,173.194.182.102,10.10.0.10,,,443,41888,0,1358,17
1587481413.384526,173.194.182.102,10.10.0.10,,,443,41888,0,1358,17
1587481413.388985,173.194.182.102,10.10.0.10,,,443,41888,0,1358,17
1587481413.3926852,10.10.0.10,173.194.182.102,,,41888,443,0,36,17
1587481413.3931332,10.10.0.10,173.194.182.102,,,41888,443,0,36,17
1587481413.393374,173.194.182.102,10.10.0.10,,,443,41888,0,1358,17
1587481413.3937652,10.10.0.10,173.194.182.102,,,41888,443,0,49,17
1587481413.3978882,173.194.182.102,10.10.0.10,,,443,41888,0,1358,17
1587481413.399771,10.10.0.10,173.194.182.102,,,41888,443,0,36,17
1587481413.4023464,173.194.182.102,10.10.0.10,,,443,41888,0,1358,17
1587481413.402694,10.10.0.10,173.194.182.102,,,41888,443,0,36,17
1587481413.406801,173.194.182.102,10.10.0.10,,,443,41888,0,1358,17
1587481413.408849,10.10.0.10,173.194.182.102,,,41888,443,0,36,17
1587481413.4112508,173.194.182.102,10.10.0.10,,,443,41888,0,1358,17
1587481413.4157062,173.194.182.102,10.10.0.10,,,443,41888,0,1358,17
1587481413.4175394,10.10.0.10,173.194.182.102,,,41888,443,0,36,17
1587481413.420161,173.194.182.102,10.10.0.10,,,443,41888,0,1358,17
1587481413.424616,173.194.182.102,10.10.0.10,,,443,41888,0,1358,17
1587481413.4263706,10.10.0.10,173.194.182.102,,,41888,443,0,36,17
1587481413.42907,173.194.182.102,10.10.0.10,,,443,41888,0,1358,17
1587481413.4335241,173.194.182.102,10.10.0.10,,,443,41888,0,1358,17
1587481413.435561,10.10.0.10,173.194.182.102,,,41888,443,0,36,17
1587481413.437978,173.194.182.102,10.10.0.10,,,443,41888,0,1358,17
1587481413.442416,173.194.182.102,10.10.0.10,,,443,41888,0,1358,17
1587481413.4449134,10.10.0.10,173.194.182.102,,,41888,443,0,36,17
1587481413.446887,173.194.182.102,10.10.0.10,,,443,41888,0,1358,17
1587481413.4513464,173.194.182.102,10.10.0.10,,,443,41888,0,1358,17
1587481413.453622,10.10.0.10,173.194.182.102,,,41888,443,0,36,17
1587481413.455801,173.194.182.102,10.10.0.10,,,443,41888,0,1358,17
1587481413.4602554,173.194.182.102,10.10.0.10,,,443,41888,0,1358,17
1587481413.4621036,10.10.0.10,173.194.182.102,,,41888,443,0,36,17
1587481413.4646428,173.194.182.102,10.10.0.10,,,443,41888,0,1358,17
1587481413.4691641,173.194.182.102,10.10.0.10,,,443,41888,0,1358,17
1587481413.471992,10.10.0.10,173.194.182.102,,,41888,443,0,36,17
1587481413.4735878,173.194.182.102,10.10.0.10,,,443,41888,0,1358,17
1587481413.478067,173.194.182.102,10.10.0.10,,,443,41888,0,1358,17
1587481413.4807286,10.10.0.10,173.194.182.102,,,41888,443,0,36,17
1587481413.4824774,173.194.182.102,10.10.0.10,,,443,41888,0,1358,17
1587481413.4869778,173.194.182.102,10.10.0.10,,,443,41888,0,1358,17
1587481413.490059,10.10.0.10,173.194.182.102,,,41888,443,0,36,17
1587481413.491416,173.194.182.102,10.10.0.10,,,443,41888,0,1358,17
1587481413.495843,173.194.182.102,10.10.0.10,,,443,41888,0,1358,17
1587481413.49779,10.10.0.10,173.194.182.102,,,41888,443,0,36,17
1587481413.500344,173.194.182.102,10.10.0.10,,,443,41888,0,1358,17
1587481413.504823,173.194.182.102,10.10.0.10,,,443,41888,0,1358,17
1587481413.506616,10.10.0.10,173.194.182.102,,,41888,443,0,36,17
1587481413.509253,173.194.182.102,10.10.0.10,,,443,41888,0,1358,17
1587481413.5137026,173.194.182.102,10.10.0.10,,,443,41888,0,1358,17
1587481413.515542,10.10.0.10,173.194.182.102,,,41888,443,0,36,17
1587481413.5181599,173.194.182.102,10.10.0.10,,,443,41888,0,1358,17
1587481413.522616,173.194.182.102,10.10.0.10,,,443,41888,0,1358,17
1587481413.525497,10.10.0.10,173.194.182.102,,,41888,443,0,36,17
1587481413.527066,173.194.182.102,10.10.0.10,,,443,41888,0,1358,17
1587481413.53148,173.194.182.102,10.10.0.10,,,443,41888,0,1358,17
1587481413.535914,173.194.182.102,10.10.0.10,,,443,41888,0,1358,17
1587481413.540431,173.194.182.102,10.10.0.10,,,443,41888,0,1358,17
1587481413.5448835,173.194.182.102,10.10.0.10,,,443,41888,0,1358,17
1587481413.5492976,173.194.182.102,10.10.0.10,,,443,41888,0,1358,17
1587481413.553793,173.194.182.102,10.10.0.10,,,443,41888,0,1358,17
1587481413.556943,10.10.0.10,173.194.182.102,,,41888,443,0,36,17
1587481413.5574858,10.10.0.10,173.194.182.102,,,41888,443,0,36,17
1587481413.557934,10.10.0.10,173.194.182.102,,,41888,443,0,36,17
1587481413.5581868,173.194.182.102,10.10.0.10,,,443,41888,0,1358,17
1587481413.5609741,10.10.0.10,173.194.182.102,,,41888,443,0,49,17
1587481413.562705,173.194.182.102,10.10.0.10,,,443,41888,0,1358,17
1587481413.567126,173.194.182.102,10.10.0.10,,,443,41888,0,1358,17
1587481413.568831,10.10.0.10,173.194.182.102,,,41888,443,0,36,17
1587481413.57161,173.194.182.102,10.10.0.10,,,443,41888,0,1358,17
1587481413.5760634,173.194.182.102,10.10.0.10,,,443,41888,0,1358,17
1587481413.577518,10.10.0.10,173.194.182.102,,,41888,443,0,36,17
1587481413.580519,173.194.182.102,10.10.0.10,,,443,41888,0,1358,17
1587481413.5849721,173.194.182.102,10.10.0.10,,,443,41888,0,1358,17
1587481413.586849,10.10.0.10,173.194.182.102,,,41888,443,0,36,17
1587481413.589427,173.194.182.102,10.10.0.10,,,443,41888,0,1358,17
1587481413.590899,10.10.0.10,173.194.182.102,,,41888,443,0,39,17
1587481413.5938814,173.194.182.102,10.10.0.10,,,443,41888,0,1358,17
1587481413.595248,10.10.0.10,173.194.182.102,,,41888,443,0,36,17
1587481413.5982866,173.194.182.102,10.10.0.10,,,443,41888,0,1358,17
1587481413.60279,173.194.182.102,10.10.0.10,,,443,41888,0,1358,17
1587481413.604487,10.10.0.10,173.194.182.102,,,41888,443,0,36,17
1587481413.6072464,173.194.182.102,10.10.0.10,,,443,41888,0,1358,17
1587481413.611831,173.194.182.102,10.10.0.10,,,443,41888,0,1358,17
1587481413.613169,10.10.0.10,173.194.182.102,,,41888,443,0,36,17
1587481413.6163561,173.194.182.102,10.10.0.10,,,443,41888,0,1358,17
1587481413.620811,173.194.182.102,10.10.0.10,,,443,41888,0,1358,17
1587481413.6227882,10.10.0.10,173.194.182.102,,,41888,443,0,36,17
1587481413.6252642,173.194.182.102,10.10.0.10,,,443,41888,0,1358,17
1587481413.62972,173.194.182.102,10.10.0.10,,,443,41888,0,1358,17
1587481413.631263,10.10.0.10,173.194.182.102,,,41888,443,0,36,17
1587481413.634174,173.194.182.102,10.10.0.10,,,443,41888,0,1358,17
1587481413.6386278,173.194.182.102,10.10.0.10,,,443,41888,0,1358,17
1587481413.6405196,10.10.0.10,173.194.182.102,,,41888,443,0,36,17
1587481413.6430821,173.194.182.102,10.10.0.10,,,443,41888,0,1358,17
1587481413.647537,173.194.182.102,10.10.0.10,,,443,41888,0,1358,17
1587481413.64926,10.10.0.10,173.194.182.102,,,41888,443,0,36,17
1587481413.6519911,173.194.182.102,10.10.0.10,,,443,41888,0,1358,17
1587481413.6564472,173.194.182.102,10.10.0.10,,,443,41888,0,1358,17
1587481413.6582851,10.10.0.10,173.194.182.102,,,41888,443,0,36,17
1587481413.66086,173.194.182.102,10.10.0.10,,,443,41888,0,1358,17
1587481413.665354,173.194.182.102,10.10.0.10,,,443,41888,0,1358,17
1587481413.6671062,10.10.0.10,173.194.182.102,,,41888,443,0,36,17
1587481413.6698089,173.194.182.102,10.10.0.10,,,443,41888,0,1358,17
1587481413.674264,173.194.182.102,10.10.0.10,,,443,41888,0,1358,17
1587481413.675978,10.10.0.10,173.194.182.102,,,41888,443,0,36,17
1587481413.6787262,173.194.182.102,10.10.0.10,,,443,41888,0,1358,17
1587481413.683112,173.194.182.102,10.10.0.10,,,443,41888,0,1358,17
1587481413.684792,10.10.0.10,173.194.182.102,,,41888,443,0,36,17
1587481413.6876366,173.194.182.102,10.10.0.10,,,443,41888,0,1358,17
1587481413.692091,173.194.182.102,10.10.0.10,,,443,41888,0,1358,17
1587481413.693766,10.10.0.10,173.194.182.102,,,41888,443,0,36,17
1587481413.6965349,173.194.182.102,10.10.0.10,,,443,41888,0,1358,17
1587481413.700989,173.194.182.102,10.10.0.10,,,443,41888,0,1358,17
1587481413.702744,10.10.0.10,173.194.182.102,,,41888,443,0,36,17
1587481413.705426,173.194.182.102,10.10.0.10,,,443,41888,0,1358,17
1587481413.709897,173.194.182.102,10.10.0.10,,,443,41888,0,1358,17
1587481413.711472,10.10.0.10,173.194.182.102,,,41888,443,0,36,17
1587481413.7143528,173.194.182.102,10.10.0.10,,,443,41888,0,1358,17
1587481413.718764,173.194.182.102,10.10.0.10,,,443,41888,0,1358,17
1587481413.721224,10.10.0.10,173.194.182.102,,,41888,443,0,36,17
1587481413.7232602,173.194.182.102,10.10.0.10,,,443,41888,0,1358,17
1587481413.7277155,173.194.182.102,10.10.0.10,,,443,41888,0,1358,17
1587481413.730294,10.10.0.10,173.194.182.102,,,41888,443,0,49,17
1587481413.7321222,173.194.182.102,10.10.0.10,,,443,41888,0,1358,17
1587481413.736625,173.194.182.102,10.10.0.10,,,443,41888,0,1358,17
1587481413.738993,10.10.0.10,173.194.182.102,,,41888,443,0,36,17
1587481413.741078,173.194.182.102,10.10.0.10,,,443,41888,0,1358,17
1587481413.745472,173.194.182.102,10.10.0.10,,,443,41888,0,1358,17
1587481413.7472668,10.10.0.10,173.194.182.102,,,41888,443,0,36,17
1587481413.749946,173.194.182.102,10.10.0.10,,,443,41888,0,1358,17
1587481413.7544188,173.194.182.102,10.10.0.10,,,443,41888,0,1358,17
1587481413.756435,10.10.0.10,173.194.182.102,,,41888,443,0,36,17
1587481413.758831,173.194.182.102,10.10.0.10,,,443,41888,0,1358,17
1587481413.76335,173.194.182.102,10.10.0.10,,,443,41888,0,1358,17
1587481413.764892,10.10.0.10,173.194.182.102,,,41888,443,0,36,17
1587481413.767804,173.194.182.102,10.10.0.10,,,443,41888,0,1358,17
1587481413.772198,173.194.182.102,10.10.0.10,,,443,41888,0,1358,17
1587481413.774127,10.10.0.10,173.194.182.102,,,41888,443,0,36,17
1587481413.776665,173.194.182.102,10.10.0.10,,,443,41888,0,1358,17
1587481413.781167,173.194.182.102,10.10.0.10,,,443,41888,0,1358,17
1587481413.78276,10.10.0.10,173.194.182.102,,,41888,443,0,36,17
1587481413.785583,173.194.182.102,10.10.0.10,,,443,41888,0,1358,17
1587481413.7900765,173.194.182.102,10.10.0.10,,,443,41888,0,1358,17
1587481413.791743,10.10.0.10,173.194.182.102,,,41888,443,0,36,17
1587481413.7945068,173.194.182.102,10.10.0.10,,,443,41888,0,1358,17
1587481413.7989461,173.194.182.102,10.10.0.10,,,443,41888,0,1358,17
1587481413.8006804,10.10.0.10,173.194.182.102,,,41888,443,0,36,17
1587481413.80344,173.194.182.102,10.10.0.10,,,443,41888,0,1358,17
1587481413.807895,173.194.182.102,10.10.0.10,,,443,41888,0,1358,17
1587481413.80997,10.10.0.10,173.194.182.102,,,41888,443,0,36,17
1587481413.812304,173.194.182.102,10.10.0.10,,,443,41888,0,1358,17
1587481413.816804,173.194.182.102,10.10.0.10,,,443,41888,0,1358,17
1587481413.819136,10.10.0.10,173.194.182.102,,,41888,443,0,36,17
1587481413.8212578,173.194.182.102,10.10.0.10,,,443,41888,0,1358,17
1587481413.8256721,173.194.182.102,10.10.0.10,,,443,41888,0,1358,17
1587481413.8276794,10.10.0.10,173.194.182.102,,,41888,443,0,36,17
1587481413.830298,173.194.182.102,10.10.0.10,,,443,41888,0,1358,17
1587481413.8348231,173.194.182.102,10.10.0.10,,,443,41888,0,1358,17
1587481413.8364284,10.10.0.10,173.194.182.102,,,41888,443,0,36,17
1587481413.8392372,173.194.182.102,10.10.0.10,,,443,41888,0,1358,17
1587481413.8437018,173.194.182.102,10.10.0.10,,,443,41888,0,1358,17
1587481413.8452866,10.10.0.10,173.194.182.102,,,41888,443,0,36,17
1587481413.848186,173.194.182.102,10.10.0.10,,,443,41888,0,1358,17
1587481413.852619,173.194.182.102,10.10.0.10,,,443,41888,0,1358,17
1587481413.8542829,10.10.0.10,173.194.182.102,,,41888,443,0,36,17
1587481413.857094,173.194.182.102,10.10.0.10,,,443,41888,0,1358,17
1587481413.8615482,173.194.182.102,10.10.0.10,,,443,41888,0,1358,17
1587481413.8631165,10.10.0.10,173.194.182.102,,,41888,443,0,36,17
1587481413.865976,173.194.182.102,10.10.0.10,,,443,41888,0,1358,17
1587481413.8704581,173.194.182.102,10.10.0.10,,,443,41888,0,1358,17
1587481413.872113,10.10.0.10,173.194.182.102,,,41888,443,0,36,17
1587481413.874912,173.194.182.102,10.10.0.10,,,443,41888,0,1358,17
1587481413.879343,173.194.182.102,10.10.0.10,,,443,41888,0,1358,17
1587481413.880929,10.10.0.10,173.194.182.102,,,41888,443,0,36,17
1587481413.883821,173.194.182.102,10.10.0.10,,,443,41888,0,1358,17
1587481413.8882759,173.194.182.102,10.10.0.10,,,443,41888,0,1358,17
1587481413.890217,10.10.0.10,173.194.182.102,,,41888,443,0,36,17
1587481413.892705,173.194.182.102,10.10.0.10,,,443,41888,0,1358,17
1587481413.897184,173.194.182.102,10.10.0.10,,,443,41888,0,1358,17
1587481413.8988874,10.10.0.10,173.194.182.102,,,41888,443,0,36,17
1587481413.9016528,173.194.182.102,10.10.0.10,,,443,41888,0,1358,17
1587481413.906069,173.194.182.102,10.10.0.10,,,443,41888,0,1358,17
1587481413.908205,10.10.0.10,173.194.182.102,,,41888,443,0,49,17
1587481413.910521,173.194.182.102,10.10.0.10,,,443,41888,0,1358,17
1587481413.914975,173.194.182.102,10.10.0.10,,,443,41888,0,1358,17
1587481413.9182222,10.10.0.10,173.194.182.102,,,41888,443,0,36,17
1587481413.919416,173.194.182.102,10.10.0.10,,,443,41888,0,1358,17
1587481413.9211812,10.10.0.10,173.194.182.102,,,41888,443,0,39,17
1587481413.9239109,173.194.182.102,10.10.0.10,,,443,41888,0,1358,17
1587481413.9256802,10.10.0.10,173.194.182.102,,,41888,443,0,36,17
1587481413.9283662,173.194.182.102,10.10.0.10,,,443,41888,0,1358,17
1587481413.9328198,173.194.182.102,10.10.0.10,,,443,41888,0,1358,17
1587481413.935427,10.10.0.10,173.194.182.102,,,41888,443,0,36,17
1587481413.937234,173.194.182.102,10.10.0.10,,,443,41888,0,1358,17
1587481413.9417331,173.194.182.102,10.10.0.10,,,443,41888,0,1358,17
1587481413.943514,10.10.0.10,173.194.182.102,,,41888,443,0,37,17
1587481413.946121,173.194.182.102,10.10.0.10,,,443,41888,0,1358,17
1587481413.950641,173.194.182.102,10.10.0.10,,,443,41888,0,1358,17
1587481413.95243,10.10.0.10,173.194.182.102,,,41888,443,0,37,17
1587481413.955092,173.194.182.102,10.10.0.10,,,443,41888,0,1358,17
1587481413.959546,173.194.182.102,10.10.0.10,,,443,41888,0,1358,17
1587481413.9612658,10.10.0.10,173.194.182.102,,,41888,443,0,37,17
1587481413.964,173.194.182.102,10.10.0.10,,,443,41888,0,1358,17
1587481413.968456,173.194.182.102,10.10.0.10,,,443,41888,0,1358,17
1587481413.970264,10.10.0.10,173.194.182.102,,,41888,443,0,37,17
1587481413.9729214,173.194.182.102,10.10.0.10,,,443,41888,0,1358,17
1587481413.977332,173.194.182.102,10.10.0.10,,,443,41888,0,1358,17
1587481413.9790974,10.10.0.10,173.194.182.102,,,41888,443,0,37,17
1587481413.981818,173.194.182.102,10.10.0.10,,,443,41888,0,1358,17
1587481413.986232,173.194.182.102,10.10.0.10,,,443,41888,0,1358,17
1587481413.987996,10.10.0.10,173.194.182.102,,,41888,443,0,37,17
1587481413.990726,173.194.182.102,10.10.0.10,,,443,41888,0,1358,17
1587481413.995141,173.194.182.102,10.10.0.10,,,443,41888,0,1358,17
1587481413.9968028,10.10.0.10,173.194.182.102,,,41888,443,0,37,17
1587481413.999636,173.194.182.102,10.10.0.10,,,443,41888,0,1358,17
1587481414.0040884,173.194.182.102,10.10.0.10,,,443,41888,0,1358,17
1587481414.005784,10.10.0.10,173.194.182.102,,,41888,443,0,37,17
1587481414.008543,173.194.182.102,10.10.0.10,,,443,41888,0,1358,17
1587481414.01297,173.194.182.102,10.10.0.10,,,443,41888,0,1358,17
1587481414.0145464,10.10.0.10,173.194.182.102,,,41888,443,0,37,17
1587481414.0174534,173.194.182.102,10.10.0.10,,,443,41888,0,1358,17
1587481414.0219078,173.194.182.102,10.10.0.10,,,443,41888,0,1358,17
1587481414.0244539,10.10.0.10,173.194.182.102,,,41888,443,0,37,17
1587481414.026362,173.194.182.102,10.10.0.10,,,443,41888,0,1358,17
1587481414.030816,173.194.182.102,10.10.0.10,,,443,41888,0,1358,17
1587481414.033201,10.10.0.10,173.194.182.102,,,41888,443,0,37,17
1587481414.035233,173.194.182.102,10.10.0.10,,,443,41888,0,1358,17
1587481414.039726,173.194.182.102,10.10.0.10,,,443,41888,0,1358,17
1587481414.041848,10.10.0.10,173.194.182.102,,,41888,443,0,37,17
1587481414.0441391,173.194.182.102,10.10.0.10,,,443,41888,0,1358,17
1587481414.048638,173.194.182.102,10.10.0.10,,,443,41888,0,1358,17
1587481414.050577,10.10.0.10,173.194.182.102,,,41888,443,0,36,17
1587481414.0530498,173.194.182.102,10.10.0.10,,,443,41888,0,1358,17
1587481414.057543,173.194.182.102,10.10.0.10,,,443,41888,0,1358,17
1587481414.0594368,10.10.0.10,173.194.182.102,,,41888,443,0,36,17
1587481414.0619972,173.194.182.102,10.10.0.10,,,443,41888,0,1358,17
1587481414.066456,173.194.182.102,10.10.0.10,,,443,41888,0,1358,17
1587481414.0683491,10.10.0.10,173.194.182.102,,,41888,443,0,36,17
1587481414.0709069,173.194.182.102,10.10.0.10,,,443,41888,0,1358,17
1587481414.075365,173.194.182.102,10.10.0.10,,,443,41888,0,1358,17
1587481414.0769491,10.10.0.10,173.194.182.102,,,41888,443,0,49,17
1587481414.0797882,173.194.182.102,10.10.0.10,,,443,41888,0,1358,17
1587481414.0842724,173.194.182.102,10.10.0.10,,,443,41888,0,1358,17
1587481414.0872989,10.10.0.10,173.194.182.102,,,41888,443,0,36,17
1587481414.088692,173.194.182.102,10.10.0.10,,,443,41888,0,1358,17
1587481414.093145,173.194.182.102,10.10.0.10,,,443,41888,0,1358,17
1587481414.094704,10.10.0.10,173.194.182.102,,,41888,443,0,36,17
1587481414.09757,173.194.182.102,10.10.0.10,,,443,41888,0,1358,17
1587481414.102074,173.194.182.102,10.10.0.10,,,443,41888,0,1358,17
1587481414.104483,10.10.0.10,173.194.182.102,,,41888,443,0,36,17
1587481414.106504,173.194.182.102,10.10.0.10,,,443,41888,0,1358,17
1587481414.1109812,173.194.182.102,10.10.0.10,,,443,41888,0,1358,17
1587481414.1125634,10.10.0.10,173.194.182.102,,,41888,443,0,37,17
1587481414.115386,173.194.182.102,10.10.0.10,,,443,41888,0,1358,17
1587481414.119835,173.194.182.102,10.10.0.10,,,443,41888,0,1358,17
1587481414.1212509,10.10.0.10,173.194.182.102,,,41888,443,0,37,17
1587481414.1243238,173.194.182.102,10.10.0.10,,,443,41888,0,1358,17
1587481414.128746,173.194.182.102,10.10.0.10,,,443,41888,0,1358,17
1587481414.1316931,10.10.0.10,173.194.182.102,,,41888,443,0,37,17
1587481414.133257,173.194.182.102,10.10.0.10,,,443,41888,0,1358,17
1587481414.1377099,173.194.182.102,10.10.0.10,,,443,41888,0,1358,17
1587481414.1403482,10.10.0.10,173.194.182.102,,,41888,443,0,38,17
1587481414.1421056,173.194.182.102,10.10.0.10,,,443,41888,0,1358,17
1587481414.1466188,173.194.182.102,10.10.0.10,,,443,41888,0,1358,17
1587481414.1483011,10.10.0.10,173.194.182.102,,,41888,443,0,38,17
1587481414.151046,173.194.182.102,10.10.0.10,,,443,41888,0,1358,17
1587481414.1554694,173.194.182.102,10.10.0.10,,,443,41888,0,1358,17
1587481414.1585069,10.10.0.10,173.194.182.102,,,41888,443,0,38,17
1587481414.15993,173.194.182.102,10.10.0.10,,,443,41888,0,1358,17
1587481414.164446,173.194.182.102,10.10.0.10,,,443,41888,0,1358,17
1587481414.166278,10.10.0.10,173.194.182.102,,,41888,443,0,38,17
1587481414.168832,173.194.182.102,10.10.0.10,,,443,41888,0,1358,17
1587481414.1733446,173.194.182.102,10.10.0.10,,,443,41888,0,1358,17
1587481414.177759,173.194.182.102,10.10.0.10,,,443,41888,0,1358,17
1587481414.1788778,10.10.0.10,173.194.182.102,,,41888,443,0,38,17
1587481414.182193,173.194.182.102,10.10.0.10,,,443,41888,0,1358,17
1587481414.1838632,10.10.0.10,173.194.182.102,,,41888,443,0,38,17
1587481414.1866472,173.194.182.102,10.10.0.10,,,443,41888,0,1358,17
1587481414.1911645,173.194.182.102,10.10.0.10,,,443,41888,0,1358,17
1587481414.1929462,10.10.0.10,173.194.182.102,,,41888,443,0,38,17
1587481414.195559,173.194.182.102,10.10.0.10,,,443,41888,0,1358,17
1587481414.200072,173.194.182.102,10.10.0.10,,,443,41888,0,1358,17
1587481414.2018,10.10.0.10,173.194.182.102,,,41888,443,0,38,17
1587481414.2044866,173.194.182.102,10.10.0.10,,,443,41888,0,1358,17
1587481414.2089221,173.194.182.102,10.10.0.10,,,443,41888,0,1358,17
1587481414.2107599,10.10.0.10,173.194.182.102,,,41888,443,0,38,17
1587481414.213439,173.194.182.102,10.10.0.10,,,443,41888,0,1358,17
1587481414.21789,173.194.182.102,10.10.0.10,,,443,41888,0,1358,17
1587481414.219825,10.10.0.10,173.194.182.102,,,41888,443,0,38,17
1587481414.2223182,173.194.182.102,10.10.0.10,,,443,41888,0,1358,17
1587481414.226742,173.194.182.102,10.10.0.10,,,443,41888,0,1358,17
1587481414.2285929,10.10.0.10,173.194.182.102,,,41888,443,0,38,17
1587481414.2312539,173.194.182.102,10.10.0.10,,,443,41888,0,1358,17
1587481414.235683,173.194.182.102,10.10.0.10,,,443,41888,0,1358,17
1587481414.2373712,10.10.0.10,173.194.182.102,,,41888,443,0,38,17
1587481414.2401216,173.194.182.102,10.10.0.10,,,443,41888,0,1358,17
1587481414.242687,10.10.0.10,173.194.182.102,,,41888,443,0,41,17
1587481414.2445958,173.194.182.102,10.10.0.10,,,443,41888,0,1358,17
1587481414.2490408,173.194.182.102,10.10.0.10,,,443,41888,0,1358,17
1587481414.249985,10.10.0.10,173.194.182.102,,,41888,443,0,51,17
1587481414.2535279,173.194.182.102,10.10.0.10,,,443,41888,0,1358,17
1587481414.25515,10.10.0.10,173.194.182.102,,,41888,443,0,38,17
1587481414.257979,173.194.182.102,10.10.0.10,,,443,41888,0,1358,17
1587481414.262406,173.194.182.102,10.10.0.10,,,443,41888,0,1358,17
1587481414.2640038,10.10.0.10,173.194.182.102,,,41888,443,0,38,17
1587481414.266887,173.194.182.102,10.10.0.10,,,443,41888,0,1358,17
1587481414.271342,173.194.182.102,10.10.0.10,,,443,41888,0,1358,17
1587481414.273868,10.10.0.10,173.194.182.102,,,41888,443,0,38,17
1587481414.275743,173.194.182.102,10.10.0.10,,,443,41888,0,1358,17
1587481414.280211,173.194.182.102,10.10.0.10,,,443,41888,0,1358,17
1587481414.2818372,10.10.0.10,173.194.182.102,,,41888,443,0,38,17
1587481414.2846851,173.194.182.102,10.10.0.10,,,443,41888,0,1358,17
1587481414.289134,173.194.182.102,10.10.0.10,,,443,41888,0,1358,17
1587481414.2908282,10.10.0.10,173.194.182.102,,,41888,443,0,38,17
1587481414.293623,173.194.182.102,10.10.0.10,,,443,41888,0,1358,17
1587481414.298075,173.194.182.102,10.10.0.10,,,443,41888,0,1358,17
1587481414.301579,10.10.0.10,173.194.182.102,,,41888,443,0,38,17
1587481414.302498,173.194.182.102,10.10.0.10,,,443,41888,0,1358,17
1587481414.306985,173.194.182.102,10.10.0.10,,,443,41888,0,1358,17
1587481414.309438,10.10.0.10,173.194.182.102,,,41888,443,0,38,17
1587481414.31144,173.194.182.102,10.10.0.10,,,443,41888,0,1358,17
1587481414.315896,173.194.182.102,10.10.0.10,,,443,41888,0,1358,17
1587481414.3184445,10.10.0.10,173.194.182.102,,,41888,443,0,38,17
1587481414.3203092,173.194.182.102,10.10.0.10,,,443,41888,0,1358,17
1587481414.3248038,173.194.182.102,10.10.0.10,,,443,41888,0,1358,17
1587481414.3265822,10.10.0.10,173.194.182.102,,,41888,443,0,38,17
1587481414.328349,10.10.0.10,173.194.182.102,,,41888,443,0,711,17
1587481414.328658,10.10.0.10,173.194.182.102,,,41888,443,0,49,17
1587481414.3292284,173.194.182.102,10.10.0.10,,,443,41888,0,1358,17
1587481414.333715,173.194.182.102,10.10.0.10,,,443,41888,0,1358,17
1587481414.335375,10.10.0.10,173.194.182.102,,,41888,443,0,38,17
1587481414.338168,173.194.182.102,10.10.0.10,,,443,41888,0,1358,17
1587481414.342622,173.194.182.102,10.10.0.10,,,443,41888,0,1358,17
1587481414.34513,10.10.0.10,173.194.182.102,,,41888,443,0,38,17
1587481414.3470776,173.194.182.102,10.10.0.10,,,443,41888,0,1358,17
1587481414.3515306,173.194.182.102,10.10.0.10,,,443,41888,0,1358,17
1587481414.3530884,10.10.0.10,173.194.182.102,,,41888,443,0,38,17
1587481414.3559878,173.194.182.102,10.10.0.10,,,443,41888,0,1358,17
1587481414.36044,173.194.182.102,10.10.0.10,,,443,41888,0,1358,17
1587481414.3626714,10.10.0.10,173.194.182.102,,,41888,443,0,38,17
1587481414.3648946,173.194.182.102,10.10.0.10,,,443,41888,0,1358,17
1587481414.369349,173.194.182.102,10.10.0.10,,,443,41888,0,1358,17
1587481414.371145,10.10.0.10,173.194.182.102,,,41888,443,0,38,17
1587481414.373807,173.194.182.102,10.10.0.10,,,443,41888,0,1358,17
1587481414.378257,173.194.182.102,10.10.0.10,,,443,41888,0,1358,17
1587481414.37986,10.10.0.10,173.194.182.102,,,41888,443,0,38,17
1587481414.3826802,173.194.182.102,10.10.0.10,,,443,41888,0,1358,17
1587481414.387167,173.194.182.102,10.10.0.10,,,443,41888,0,1358,17
1587481414.3887286,10.10.0.10,173.194.182.102,,,41888,443,0,38,17
1587481414.39162,173.194.182.102,10.10.0.10,,,443,41888,0,1358,17
1587481414.396051,173.194.182.102,10.10.0.10,,,443,41888,0,1358,17
1587481414.397667,10.10.0.10,173.194.182.102,,,41888,443,0,37,17
1587481414.400464,173.194.182.102,10.10.0.10,,,443,41888,0,1358,17
1587481414.404984,173.194.182.102,10.10.0.10,,,443,41888,0,1358,17
1587481414.406501,10.10.0.10,173.194.182.102,,,41888,443,0,37,17
1587481414.4094381,173.194.182.102,10.10.0.10,,,443,41888,0,1358,17
1587481414.413896,173.194.182.102,10.10.0.10,,,443,41888,0,1358,17
1587481414.415518,10.10.0.10,173.194.182.102,,,41888,443,0,37,17
1587481414.4183474,173.194.182.102,10.10.0.10,,,443,41888,0,1358,17
1587481414.4228,173.194.182.102,10.10.0.10,,,443,41888,0,1358,17
1587481414.424313,10.10.0.10,173.194.182.102,,,41888,443,0,37,17
1587481414.4272602,173.194.182.102,10.10.0.10,,,443,41888,0,1358,17
1587481414.4317136,173.194.182.102,10.10.0.10,,,443,41888,0,1358,17
1587481414.433649,10.10.0.10,173.194.182.102,,,41888,443,0,37,17
1587481414.436167,173.194.182.102,10.10.0.10,,,443,41888,0,1358,17
1587481414.440622,173.194.182.102,10.10.0.10,,,443,41888,0,1358,17
1587481414.443984,10.10.0.10,173.194.182.102,,,41888,443,0,37,17
1587481414.445015,173.194.182.102,10.10.0.10,,,443,41888,0,1358,17
1587481414.449528,173.194.182.102,10.10.0.10,,,443,41888,0,1358,17
1587481414.451442,10.10.0.10,173.194.182.102,,,41888,443,0,37,17
1587481414.453986,173.194.182.102,10.10.0.10,,,443,41888,0,1358,17
1587481414.458439,173.194.182.102,10.10.0.10,,,443,41888,0,1358,17
1587481414.460104,10.10.0.10,173.194.182.102,,,41888,443,0,37,17
1587481414.462894,173.194.182.102,10.10.0.10,,,443,41888,0,29,17
1587481414.463021,173.194.182.102,10.10.0.10,,,443,41888,0,28,17
1587481414.4632518,173.194.182.102,10.10.0.10,,,443,41888,0,1358,17
1587481414.467749,173.194.182.102,10.10.0.10,,,443,41888,0,1358,17
1587481414.469359,10.10.0.10,173.194.182.102,,,41888,443,0,37,17
1587481414.472176,173.194.182.102,10.10.0.10,,,443,41888,0,1358,17
1587481414.476658,173.194.182.102,10.10.0.10,,,443,41888,0,1358,17
1587481414.478911,10.10.0.10,173.194.182.102,,,41888,443,0,37,17
1587481414.481108,173.194.182.102,10.10.0.10,,,443,41888,0,1358,17
1587481414.485541,173.194.182.102,10.10.0.10,,,443,41888,0,1358,17
1587481414.490018,173.194.182.102,10.10.0.10,,,443,41888,0,1358,17
1587481414.4902098,10.10.0.10,173.194.182.102,,,41888,443,0,37,17
1587481414.4944696,173.194.182.102,10.10.0.10,,,443,41888,0,1358,17
1587481414.4989061,173.194.182.102,10.10.0.10,,,443,41888,0,1358,17
1587481414.503381,173.194.182.102,10.10.0.10,,,443,41888,0,1358,17
1587481414.507786,173.194.182.102,10.10.0.10,,,443,41888,0,1358,17
1587481414.5122929,173.194.182.102,10.10.0.10,,,443,41888,0,1358,17
1587481414.516688,173.194.182.102,10.10.0.10,,,443,41888,0,1358,17
1587481414.519568,10.10.0.10,173.194.182.102,,,41888,443,0,37,17
1587481414.5200279,10.10.0.10,173.194.182.102,,,41888,443,0,50,17
1587481414.521013,10.10.0.10,173.194.182.102,,,41888,443,0,37,17
1587481414.5211868,173.194.182.102,10.10.0.10,,,443,41888,0,1358,17
1587481414.523034,10.10.0.10,173.194.182.102,,,41888,443,0,37,17
1587481414.5256329,173.194.182.102,10.10.0.10,,,443,41888,0,1358,17
1587481414.53012,173.194.182.102,10.10.0.10,,,443,41888,0,1358,17
1587481414.5326777,10.10.0.10,173.194.182.102,,,41888,443,0,37,17
1587481414.5345788,173.194.182.102,10.10.0.10,,,443,41888,0,1358,17
1587481414.538987,173.194.182.102,10.10.0.10,,,443,41888,0,1358,17
1587481414.541368,10.10.0.10,173.194.182.102,,,41888,443,0,37,17
1587481414.543408,173.194.182.102,10.10.0.10,,,443,41888,0,1358,17
1587481414.547935,173.194.182.102,10.10.0.10,,,443,41888,0,1358,17
1587481414.552289,10.10.0.10,173.194.182.102,,,41888,443,0,37,17
1587481414.5523276,173.194.182.102,10.10.0.10,,,443,41888,0,1358,17
1587481414.556842,173.194.182.102,10.10.0.10,,,443,41888,0,1358,17
1587481414.5584269,10.10.0.10,173.194.182.102,,,41888,443,0,37,17
1587481414.5612981,173.194.182.102,10.10.0.10,,,443,41888,0,1358,17
1587481414.5657132,173.194.182.102,10.10.0.10,,,443,41888,0,1358,17
1587481414.5674508,10.10.0.10,173.194.182.102,,,41888,443,0,37,17
1587481414.5702062,173.194.182.102,10.10.0.10,,,443,41888,0,1358,17
1587481414.574658,173.194.182.102,10.10.0.10,,,443,41888,0,1358,17
1587481414.5762188,10.10.0.10,173.194.182.102,,,41888,443,0,37,17
1587481414.579077,173.194.182.102,10.10.0.10,,,443,41888,0,1358,17
1587481414.5835679,173.194.182.102,10.10.0.10,,,443,41888,0,1358,17
1587481414.5851572,10.10.0.10,173.194.182.102,,,41888,443,0,37,17
1587481414.588022,173.194.182.102,10.10.0.10,,,443,41888,0,1358,17
1587481414.592473,173.194.182.102,10.10.0.10,,,443,41888,0,1358,17
1587481414.594053,10.10.0.10,173.194.182.102,,,41888,443,0,37,17
1587481414.596932,173.194.182.102,10.10.0.10,,,443,41888,0,1358,17
1587481414.601352,173.194.182.102,10.10.0.10,,,443,41888,0,1358,17
1587481414.602968,10.10.0.10,173.194.182.102,,,41888,443,0,37,17
1587481414.6058028,173.194.182.102,10.10.0.10,,,443,41888,0,1358,17
1587481414.6102939,173.194.182.102,10.10.0.10,,,443,41888,0,1358,17
1587481414.612012,10.10.0.10,173.194.182.102,,,41888,443,0,37,17
1587481414.6146908,173.194.182.102,10.10.0.10,,,443,41888,0,1358,17
1587481414.6191642,173.194.182.102,10.10.0.10,,,443,41888,0,1358,17
1587481414.6207511,10.10.0.10,173.194.182.102,,,41888,443,0,37,17
1587481414.623587,173.194.182.102,10.10.0.10,,,443,41888,0,1358,17
1587481414.6281068,173.194.182.102,10.10.0.10,,,443,41888,0,1358,17
1587481414.629761,10.10.0.10,173.194.182.102,,,41888,443,0,37,17
1587481414.6325312,173.194.182.102,10.10.0.10,,,443,41888,0,1358,17
1587481414.636982,173.194.182.102,10.10.0.10,,,443,41888,0,1358,17
1587481414.641474,173.194.182.102,10.10.0.10,,,443,41888,0,1358,17
1587481414.645891,173.194.182.102,10.10.0.10,,,443,41888,0,1358,17
1587481414.651073,173.194.182.102,10.10.0.10,,,443,41888,0,1358,17
1587481414.6555052,173.194.182.102,10.10.0.10,,,443,41888,0,1358,17
1587481414.660002,173.194.182.102,10.10.0.10,,,443,41888,0,1358,17
1587481414.664459,173.194.182.102,10.10.0.10,,,443,41888,0,1358,17
1587481414.6688988,173.194.182.102,10.10.0.10,,,443,41888,0,1358,17
1587481414.673395,173.194.182.102,10.10.0.10,,,443,41888,0,1358,17
1587481414.6777892,173.194.182.102,10.10.0.10,,,443,41888,0,1358,17
1587481414.682264,173.194.182.102,10.10.0.10,,,443,41888,0,1358,17
1587481414.687401,173.194.182.102,10.10.0.10,,,443,41888,0,1358,17
1587481414.6919148,173.194.182.102,10.10.0.10,,,443,41888,0,1358,17
1587481414.696347,173.194.182.102,10.10.0.10,,,443,41888,0,1358,17
1587481414.7201798,10.10.0.10,173.194.182.102,,,41888,443,0,37,17
1587481414.7237391,10.10.0.10,173.194.182.102,,,41888,443,0,37,17
1587481414.725472,10.10.0.10,173.194.182.102,,,41888,443,0,37,17
1587481414.726973,10.10.0.10,173.194.182.102,,,41888,443,0,37,17
1587481414.7271779,10.10.0.10,173.194.182.102,,,41888,443,0,37,17
1587481414.7290704,10.10.0.10,173.194.182.102,,,41888,443,0,50,17
1587481414.7295866,173.194.182.102,10.10.0.10,,,443,41888,0,1358,17
1587481414.7301722,10.10.0.10,173.194.182.102,,,41888,443,0,37,17
1587481414.732541,10.10.0.10,173.194.182.102,,,41888,443,0,37,17
1587481414.7356908,173.194.182.102,10.10.0.10,,,443,41888,0,1358,17
1587481414.7357519,173.194.182.102,10.10.0.10,,,443,41888,0,1358,17
1587481414.7385929,10.10.0.10,173.194.182.102,,,41888,443,0,37,17
1587481414.742593,173.194.182.102,10.10.0.10,,,443,41888,0,1358,17
1587481414.7440052,173.194.182.102,10.10.0.10,,,443,41888,0,1358,17
1587481414.7442641,10.10.0.10,173.194.182.102,,,41888,443,0,37,17
1587481414.753815,173.194.182.102,10.10.0.10,,,443,41888,0,1358,17
1587481414.7538724,173.194.182.102,10.10.0.10,,,443,41888,0,1358,17
1587481414.7636108,173.194.182.102,10.10.0.10,,,443,41888,0,1358,17
1587481414.76367,173.194.182.102,10.10.0.10,,,443,41888,0,1358,17
1587481414.769904,173.194.182.102,10.10.0.10,,,443,41888,0,1358,17
1587481414.7719238,173.194.182.102,10.10.0.10,,,443,41888,0,1358,17
1587481414.778544,173.194.182.102,10.10.0.10,,,443,41888,0,1358,17
1587481414.780834,173.194.182.102,10.10.0.10,,,443,41888,0,1358,17
1587481414.78616,173.194.182.102,10.10.0.10,,,443,41888,0,1358,17
1587481414.7897458,173.194.182.102,10.10.0.10,,,443,41888,0,1358,17
1587481414.7941349,173.194.182.102,10.10.0.10,,,443,41888,0,1358,17
1587481414.79865,173.194.182.102,10.10.0.10,,,443,41888,0,1358,17
1587481414.8030796,173.194.182.102,10.10.0.10,,,443,41888,0,1358,17
1587481414.807559,173.194.182.102,10.10.0.10,,,443,41888,0,1358,17
1587481414.812669,173.194.182.102,10.10.0.10,,,443,41888,0,1358,17
1587481414.8164678,173.194.182.102,10.10.0.10,,,443,41888,0,1358,17
1587481414.8212738,173.194.182.102,10.10.0.10,,,443,41888,0,1358,17
1587481414.825381,173.194.182.102,10.10.0.10,,,443,41888,0,1358,17
1587481414.9524536,173.194.182.102,10.10.0.10,,,443,41888,0,1358,17
1587481414.966742,10.10.0.10,173.194.182.102,,,41888,443,0,37,17
1587481415.1191778,173.194.182.102,10.10.0.10,,,443,41888,0,1358,17
1587481415.2856028,173.194.182.102,10.10.0.10,,,443,41888,0,1358,17
1587481415.6261885,173.194.182.102,10.10.0.10,,,443,41888,0,1358,17
1587481415.62621,173.194.182.102,10.10.0.10,,,443,41888,0,1358,17
1587481415.692028,10.10.0.10,173.194.182.102,,,41888,443,0,37,17
1587481415.69207,10.10.0.10,173.194.182.102,,,41888,443,0,37,17
1587481415.6938498,10.10.0.10,173.194.182.102,,,41888,443,0,37,17
1587481415.6938741,10.10.0.10,173.194.182.102,,,41888,443,0,37,17
1587481415.694057,10.10.0.10,173.194.182.102,,,41888,443,0,40,17
1587481415.6944392,10.10.0.10,173.194.182.102,,,41888,443,0,37,17
1587481415.6944518,10.10.0.10,173.194.182.102,,,41888,443,0,37,17
1587481415.694594,10.10.0.10,173.194.182.102,,,41888,443,0,37,17
1587481415.694854,10.10.0.10,173.194.182.102,,,41888,443,0,37,17
1587481415.6948678,10.10.0.10,173.194.182.102,,,41888,443,0,37,17
1587481415.6962821,10.10.0.10,173.194.182.102,,,41888,443,0,37,17
1587481415.6964214,10.10.0.10,173.194.182.102,,,41888,443,0,37,17
1587481415.7049148,173.194.182.102,10.10.0.10,,,443,41888,0,1358,17
1587481415.7049446,173.194.182.102,10.10.0.10,,,443,41888,0,1358,17
1587481415.713827,173.194.182.102,10.10.0.10,,,443,41888,0,1358,17
1587481415.7138698,173.194.182.102,10.10.0.10,,,443,41888,0,1358,17
1587481415.722111,173.194.182.102,10.10.0.10,,,443,41888,0,1358,17
1587481415.722154,173.194.182.102,10.10.0.10,,,443,41888,0,1358,17
1587481415.7307134,173.194.182.102,10.10.0.10,,,443,41888,0,1358,17
1587481415.731016,173.194.182.102,10.10.0.10,,,443,41888,0,1358,17
1587481415.737474,10.10.0.10,173.194.182.102,,,41888,443,0,37,17
1587481415.738197,173.194.182.102,10.10.0.10,,,443,41888,0,1358,17
1587481415.738915,10.10.0.10,173.194.182.102,,,41888,443,0,37,17
1587481415.739957,173.194.182.102,10.10.0.10,,,443,41888,0,1358,17
1587481415.740387,10.10.0.10,173.194.182.102,,,41888,443,0,50,17
1587481415.7418618,10.10.0.10,173.194.182.102,,,41888,443,0,37,17
1587481415.7434864,10.10.0.10,173.194.182.102,,,41888,443,0,37,17
1587481415.746375,173.194.182.102,10.10.0.10,,,443,41888,0,1358,17
1587481415.748282,10.10.0.10,173.194.182.102,,,41888,443,0,37,17
1587481415.7488382,173.194.182.102,10.10.0.10,,,443,41888,0,1358,17
1587481415.753293,173.194.182.102,10.10.0.10,,,443,41888,0,1358,17
1587481415.7548409,10.10.0.10,173.194.182.102,,,41888,443,0,37,17
1587481415.757784,173.194.182.102,10.10.0.10,,,443,41888,0,1358,17
1587481415.762432,173.194.182.102,10.10.0.10,,,443,41888,0,1358,17
1587481415.764211,10.10.0.10,173.194.182.102,,,41888,443,0,37,17
1587481415.7666972,173.194.182.102,10.10.0.10,,,443,41888,0,1358,17
1587481415.771112,173.194.182.102,10.10.0.10,,,443,41888,0,1358,17
1587481415.772839,10.10.0.10,173.194.182.102,,,41888,443,0,37,17
1587481415.7756052,173.194.182.102,10.10.0.10,,,443,41888,0,1358,17
1587481415.780067,173.194.182.102,10.10.0.10,,,443,41888,0,1358,17
1587481415.781672,10.10.0.10,173.194.182.102,,,41888,443,0,37,17
1587481415.7845118,173.194.182.102,10.10.0.10,,,443,41888,0,1358,17
1587481415.7888956,173.194.182.102,10.10.0.10,,,443,41888,0,1358,17
1587481415.7904909,10.10.0.10,173.194.182.102,,,41888,443,0,40,17
1587481415.793419,173.194.182.102,10.10.0.10,,,443,41888,0,1358,17
1587481415.796273,10.10.0.10,173.194.182.102,,,41888,443,0,37,17
1587481415.797875,173.194.182.102,10.10.0.10,,,443,41888,0,1358,17
1587481415.802312,173.194.182.102,10.10.0.10,,,443,41888,0,1358,17
1587481415.804128,10.10.0.10,173.194.182.102,,,41888,443,0,37,17
1587481415.806784,173.194.182.102,10.10.0.10,,,443,41888,0,1358,17
1587481415.81124,173.194.182.102,10.10.0.10,,,443,41888,0,1358,17
1587481415.813358,10.10.0.10,173.194.182.102,,,41888,443,0,37,17
1587481415.8156538,173.194.182.102,10.10.0.10,,,443,41888,0,1358,17
1587481415.8201466,173.194.182.102,10.10.0.10,,,443,41888,0,1358,17
1587481415.821672,10.10.0.10,173.194.182.102,,,41888,443,0,37,17
1587481415.824602,173.194.182.102,10.10.0.10,,,443,41888,0,1358,17
1587481415.8290205,173.194.182.102,10.10.0.10,,,443,41888,0,1358,17
1587481415.83212,10.10.0.10,173.194.182.102,,,41888,443,0,37,17
1587481415.8335106,173.194.182.102,10.10.0.10,,,443,41888,0,1358,17
1587481415.8379068,173.194.182.102,10.10.0.10,,,443,41888,0,1358,17
1587481415.8394608,10.10.0.10,173.194.182.102,,,41888,443,0,37,17
1587481415.8423822,173.194.182.102,10.10.0.10,,,443,41888,0,1358,17
1587481415.846873,173.194.182.102,10.10.0.10,,,443,41888,0,1358,17
1587481415.848662,10.10.0.10,173.194.182.102,,,41888,443,0,37,17
1587481415.851298,173.194.182.102,10.10.0.10,,,443,41888,0,1358,17
1587481415.855747,173.194.182.102,10.10.0.10,,,443,41888,0,1358,17
1587481415.8576882,10.10.0.10,173.194.182.102,,,41888,443,0,37,17
1587481415.860239,173.194.182.102,10.10.0.10,,,443,41888,0,1358,17
1587481415.8646932,173.194.182.102,10.10.0.10,,,443,41888,0,1358,17
1587481415.8668768,10.10.0.10,173.194.182.102,,,41888,443,0,37,17
1587481415.86908,173.194.182.102,10.10.0.10,,,443,41888,0,1358,17
1587481415.873599,173.194.182.102,10.10.0.10,,,443,41888,0,1358,17
1587481415.875255,10.10.0.10,173.194.182.102,,,41888,443,0,37,17
1587481415.878055,173.194.182.102,10.10.0.10,,,443,41888,0,1358,17
1587481415.882475,173.194.182.102,10.10.0.10,,,443,41888,0,1358,17
1587481415.8840668,10.10.0.10,173.194.182.102,,,41888,443,0,37,17
1587481415.8869634,173.194.182.102,10.10.0.10,,,443,41888,0,1358,17
1587481415.891418,173.194.182.102,10.10.0.10,,,443,41888,0,1358,17
1587481415.8932998,10.10.0.10,173.194.182.102,,,41888,443,0,50,17
1587481415.8958359,173.194.182.102,10.10.0.10,,,443,41888,0,1358,17
1587481415.9003308,173.194.182.102,10.10.0.10,,,443,41888,0,1358,17
1587481415.9025881,10.10.0.10,173.194.182.102,,,41888,443,0,37,17
1587481415.9047458,173.194.182.102,10.10.0.10,,,443,41888,0,1358,17
1587481415.909199,173.194.182.102,10.10.0.10,,,443,41888,0,1358,17
1587481415.910987,10.10.0.10,173.194.182.102,,,41888,443,0,37,17
1587481415.9136894,173.194.182.102,10.10.0.10,,,443,41888,0,1358,17
1587481415.9181082,173.194.182.102,10.10.0.10,,,443,41888,0,1358,17
1587481415.919589,10.10.0.10,173.194.182.102,,,41888,443,0,37,17
1587481415.922562,173.194.182.102,10.10.0.10,,,443,41888,0,1358,17
1587481415.9270544,173.194.182.102,10.10.0.10,,,443,41888,0,1358,17
1587481415.9297779,10.10.0.10,173.194.182.102,,,41888,443,0,37,17
1587481415.9315078,173.194.182.102,10.10.0.10,,,443,41888,0,1358,17
1587481415.935925,173.194.182.102,10.10.0.10,,,443,41888,0,1358,17
1587481415.9373882,10.10.0.10,173.194.182.102,,,41888,443,0,37,17
1587481415.94042,173.194.182.102,10.10.0.10,,,443,41888,0,1358,17
1587481415.94487,173.194.182.102,10.10.0.10,,,443,41888,0,1358,17
1587481415.946798,10.10.0.10,173.194.182.102,,,41888,443,0,37,17
1587481415.949285,173.194.182.102,10.10.0.10,,,443,41888,0,1358,17
1587481415.953753,173.194.182.102,10.10.0.10,,,443,41888,0,1358,17
1587481415.955274,10.10.0.10,173.194.182.102,,,41888,443,0,37,17
1587481415.958208,173.194.182.102,10.10.0.10,,,443,41888,0,1358,17
1587481415.9626641,173.194.182.102,10.10.0.10,,,443,41888,0,1358,17
1587481415.967143,173.194.182.102,10.10.0.10,,,443,41888,0,1358,17
1587481415.9715972,173.194.182.102,10.10.0.10,,,443,41888,0,1358,17
1587481415.9735308,10.10.0.10,173.194.182.102,,,41888,443,0,37,17
1587481415.9742525,10.10.0.10,173.194.182.102,,,41888,443,0,37,17
1587481415.9760554,173.194.182.102,10.10.0.10,,,443,41888,0,1358,17
1587481415.9805071,173.194.182.102,10.10.0.10,,,443,41888,0,1358,17
1587481415.983178,10.10.0.10,173.194.182.102,,,41888,443,0,37,17
1587481415.98489,173.194.182.102,10.10.0.10,,,443,41888,0,1358,17
1587481415.989414,173.194.182.102,10.10.0.10,,,443,41888,0,1358,17
1587481415.9911098,10.10.0.10,173.194.182.102,,,41888,443,0,37,17
1587481415.9938712,173.194.182.102,10.10.0.10,,,443,41888,0,1358,17
1587481415.998323,173.194.182.102,10.10.0.10,,,443,41888,0,1358,17
1587481415.9999628,10.10.0.10,173.194.182.102,,,41888,443,0,37,17
1587481416.0027778,173.194.182.102,10.10.0.10,,,443,41888,0,1358,17
1587481416.0072358,173.194.182.102,10.10.0.10,,,443,41888,0,1358,17
1587481416.009194,10.10.0.10,173.194.182.102,,,41888,443,0,37,17
1587481416.0116868,173.194.182.102,10.10.0.10,,,443,41888,0,1358,17
1587481416.016114,173.194.182.102,10.10.0.10,,,443,41888,0,1358,17
1587481416.017649,10.10.0.10,173.194.182.102,,,41888,443,0,37,17
1587481416.0205991,173.194.182.102,10.10.0.10,,,443,41888,0,1358,17
1587481416.02505,173.194.182.102,10.10.0.10,,,443,41888,0,1358,17
1587481416.0266268,10.10.0.10,173.194.182.102,,,41888,443,0,37,17
1587481416.029509,173.194.182.102,10.10.0.10,,,443,41888,0,1358,17
1587481416.0339632,173.194.182.102,10.10.0.10,,,443,41888,0,1358,17
1587481416.0354052,10.10.0.10,173.194.182.102,,,41888,443,0,37,17
1587481416.038413,173.194.182.102,10.10.0.10,,,443,41888,0,1358,17
1587481416.0428698,173.194.182.102,10.10.0.10,,,443,41888,0,1358,17
1587481416.044461,10.10.0.10,173.194.182.102,,,41888,443,0,37,17
1587481416.0473206,173.194.182.102,10.10.0.10,,,443,41888,0,1358,17
1587481416.051776,173.194.182.102,10.10.0.10,,,443,41888,0,1358,17
1587481416.0532749,10.10.0.10,173.194.182.102,,,41888,443,0,37,17
1587481416.0561938,173.194.182.102,10.10.0.10,,,443,41888,0,1358,17
1587481416.0606852,173.194.182.102,10.10.0.10,,,443,41888,0,1358,17
1587481416.062878,10.10.0.10,173.194.182.102,,,41888,443,0,37,17
1587481416.0651398,173.194.182.102,10.10.0.10,,,443,41888,0,1358,17
1587481416.0695238,173.194.182.102,10.10.0.10,,,443,41888,0,1358,17
1587481416.0731492,10.10.0.10,173.194.182.102,,,41888,443,0,50,17
1587481416.074049,173.194.182.102,10.10.0.10,,,443,41888,0,1358,17
1587481416.075689,10.10.0.10,173.194.182.102,,,41888,443,0,40,17
1587481416.0785036,173.194.182.102,10.10.0.10,,,443,41888,0,1358,17
1587481416.08079,10.10.0.10,173.194.182.102,,,41888,443,0,37,17
1587481416.082957,173.194.182.102,10.10.0.10,,,443,41888,0,1358,17
1587481416.087411,173.194.182.102,10.10.0.10,,,443,41888,0,1358,17
1587481416.091841,173.194.182.102,10.10.0.10,,,443,41888,0,1358,17
1587481416.09632,173.194.182.102,10.10.0.10,,,443,41888,0,1358,17
1587481416.100758,173.194.182.102,10.10.0.10,,,443,41888,0,1358,17
1587481416.102387,10.10.0.10,173.194.182.102,,,41888,443,0,37,17
1587481416.105205,173.194.182.102,10.10.0.10,,,443,41888,0,1358,17
1587481416.105234,10.10.0.10,173.194.182.102,,,41888,443,0,37,17
1587481416.106648,10.10.0.10,173.194.182.102,,,41888,443,0,37,17
1587481416.1096828,173.194.182.102,10.10.0.10,,,443,41888,0,1358,17
1587481416.114137,173.194.182.102,10.10.0.10,,,443,41888,0,1358,17
1587481416.115796,10.10.0.10,173.194.182.102,,,41888,443,0,37,17
1587481416.118593,173.194.182.102,10.10.0.10,,,443,41888,0,1358,17
1587481416.123051,173.194.182.102,10.10.0.10,,,443,41888,0,1358,17
1587481416.125047,10.10.0.10,173.194.182.102,,,41888,443,0,37,17
1587481416.127505,173.194.182.102,10.10.0.10,,,443,41888,0,1358,17
1587481416.131956,173.194.182.102,10.10.0.10,,,443,41888,0,1358,17
1587481416.1336932,10.10.0.10,173.194.182.102,,,41888,443,0,37,17
1587481416.136413,173.194.182.102,10.10.0.10,,,443,41888,0,1358,17
1587481416.140868,173.194.182.102,10.10.0.10,,,443,41888,0,1358,17
1587481416.1426759,10.10.0.10,173.194.182.102,,,41888,443,0,37,17
1587481416.145318,173.194.182.102,10.10.0.10,,,443,41888,0,1358,17
1587481416.1497831,173.194.182.102,10.10.0.10,,,443,41888,0,1358,17
1587481416.1515448,10.10.0.10,173.194.182.102,,,41888,443,0,37,17
1587481416.1542268,173.194.182.102,10.10.0.10,,,443,41888,0,1358,17
1587481416.158657,173.194.182.102,10.10.0.10,,,443,41888,0,1358,17
1587481416.1605241,10.10.0.10,173.194.182.102,,,41888,443,0,37,17
1587481416.163136,173.194.182.102,10.10.0.10,,,443,41888,0,1358,17
1587481416.1675901,173.194.182.102,10.10.0.10,,,443,41888,0,1358,17
1587481416.1692762,10.10.0.10,173.194.182.102,,,41888,443,0,40,17
1587481416.172048,173.194.182.102,10.10.0.10,,,443,41888,0,1358,17
1587481416.173754,10.10.0.10,173.194.182.102,,,41888,443,0,37,17
1587481416.176503,173.194.182.102,10.10.0.10,,,443,41888,0,1358,17
1587481416.1809242,173.194.182.102,10.10.0.10,,,443,41888,0,1358,17
1587481416.183526,10.10.0.10,173.194.182.102,,,41888,443,0,37,17
1587481416.185335,173.194.182.102,10.10.0.10,,,443,41888,0,1358,17
1587481416.189833,173.194.182.102,10.10.0.10,,,443,41888,0,1358,17
1587481416.191621,10.10.0.10,173.194.182.102,,,41888,443,0,37,17
1587481416.1942852,173.194.182.102,10.10.0.10,,,443,41888,0,1358,17
1587481416.1987398,173.194.182.102,10.10.0.10,,,443,41888,0,1358,17
1587481416.2001884,10.10.0.10,173.194.182.102,,,41888,443,0,37,17
1587481416.2032301,173.194.182.102,10.10.0.10,,,443,41888,0,1358,17
1587481416.2076828,173.194.182.102,10.10.0.10,,,443,41888,0,1358,17
1587481416.209249,10.10.0.10,173.194.182.102,,,41888,443,0,37,17
1587481416.2121036,173.194.182.102,10.10.0.10,,,443,41888,0,1358,17
1587481416.216593,173.194.182.102,10.10.0.10,,,443,41888,0,1358,17
1587481416.218366,10.10.0.10,173.194.182.102,,,41888,443,0,37,17
1587481416.2210472,173.194.182.102,10.10.0.10,,,443,41888,0,1358,17
1587481416.225439,173.194.182.102,10.10.0.10,,,443,41888,0,1358,17
1587481416.2271078,10.10.0.10,173.194.182.102,,,41888,443,0,37,17
1587481416.229929,173.194.182.102,10.10.0.10,,,443,41888,0,1358,17
1587481416.2344098,173.194.182.102,10.10.0.10,,,443,41888,0,1358,17
1587481416.2359822,10.10.0.10,173.194.182.102,,,41888,443,0,50,17
1587481416.23879,173.194.182.102,10.10.0.10,,,443,41888,0,1358,17
1587481416.243319,173.194.182.102,10.10.0.10,,,443,41888,0,1358,17
1587481416.2449028,10.10.0.10,173.194.182.102,,,41888,443,0,37,17
1587481416.2477741,173.194.182.102,10.10.0.10,,,443,41888,0,1358,17
1587481416.2521539,173.194.182.102,10.10.0.10,,,443,41888,0,1358,17
1587481416.2537751,10.10.0.10,173.194.182.102,,,41888,443,0,37,17
1587481416.256682,173.194.182.102,10.10.0.10,,,443,41888,0,1358,17
1587481416.261136,173.194.182.102,10.10.0.10,,,443,41888,0,1358,17
1587481416.262904,10.10.0.10,173.194.182.102,,,41888,443,0,37,17
1587481416.2655182,173.194.182.102,10.10.0.10,,,443,41888,0,1358,17
1587481416.2671142,10.10.0.10,173.194.182.102,,,41888,443,0,40,17
1587481416.269973,173.194.182.102,10.10.0.10,,,443,41888,0,1358,17
1587481416.273405,10.10.0.10,173.194.182.102,,,41888,443,0,37,17
1587481416.274501,173.194.182.102,10.10.0.10,,,443,41888,0,1358,17
1587481416.278883,173.194.182.102,10.10.0.10,,,443,41888,0,1358,17
1587481416.280689,10.10.0.10,173.194.182.102,,,41888,443,0,37,17
1587481416.2833982,173.194.182.102,10.10.0.10,,,443,41888,0,1358,17
1587481416.287853,173.194.182.102,10.10.0.10,,,443,41888,0,1358,17
1587481416.2904851,10.10.0.10,173.194.182.102,,,41888,443,0,37,17
1587481416.2922428,173.194.182.102,10.10.0.10,,,443,41888,0,1358,17
1587481416.296762,173.194.182.102,10.10.0.10,,,443,41888,0,1358,17
1587481416.298416,10.10.0.10,173.194.182.102,,,41888,443,0,37,17
1587481416.3011858,173.194.182.102,10.10.0.10,,,443,41888,0,1358,17
1587481416.305629,173.194.182.102,10.10.0.10,,,443,41888,0,1358,17
1587481416.3073769,10.10.0.10,173.194.182.102,,,41888,443,0,37,17
1587481416.3101242,173.194.182.102,10.10.0.10,,,443,41888,0,1358,17
1587481416.3145812,173.194.182.102,10.10.0.10,,,443,41888,0,1358,17
1587481416.3170042,10.10.0.10,173.194.182.102,,,41888,443,0,37,17
1587481416.3189929,173.194.182.102,10.10.0.10,,,443,41888,0,1358,17
1587481416.323488,173.194.182.102,10.10.0.10,,,443,41888,0,1358,17
1587481416.3252714,10.10.0.10,173.194.182.102,,,41888,443,0,37,17
1587481416.3279018,173.194.182.102,10.10.0.10,,,443,41888,0,1358,17
1587481416.3323548,173.194.182.102,10.10.0.10,,,443,41888,0,1358,17
1587481416.335003,10.10.0.10,173.194.182.102,,,41888,443,0,37,17
1587481416.3368099,173.194.182.102,10.10.0.10,,,443,41888,0,1358,17
1587481416.341306,173.194.182.102,10.10.0.10,,,443,41888,0,1358,17
1587481416.343374,10.10.0.10,173.194.182.102,,,41888,443,0,37,17
1587481416.3457148,173.194.182.102,10.10.0.10,,,443,41888,0,1358,17
1587481416.350214,173.194.182.102,10.10.0.10,,,443,41888,0,1358,17
1587481416.3518748,10.10.0.10,173.194.182.102,,,41888,443,0,37,17
1587481416.354668,173.194.182.102,10.10.0.10,,,443,41888,0,1358,17
1587481416.359082,173.194.182.102,10.10.0.10,,,443,41888,0,1358,17
1587481416.3629148,10.10.0.10,173.194.182.102,,,41888,443,0,37,17
1587481416.363553,173.194.182.102,10.10.0.10,,,443,41888,0,1358,17
1587481416.3680358,173.194.182.102,10.10.0.10,,,443,41888,0,1358,17
1587481416.3696609,10.10.0.10,173.194.182.102,,,41888,443,0,37,17
1587481416.37246,173.194.182.102,10.10.0.10,,,443,41888,0,1358,17
1587481416.3769462,173.194.182.102,10.10.0.10,,,443,41888,0,1358,17
1587481416.378669,10.10.0.10,173.194.182.102,,,41888,443,0,37,17
1587481416.381334,173.194.182.102,10.10.0.10,,,443,41888,0,1358,17
1587481416.385855,173.194.182.102,10.10.0.10,,,443,41888,0,1358,17
1587481416.3877132,10.10.0.10,173.194.182.102,,,41888,443,0,37,17
1587481416.390305,173.194.182.102,10.10.0.10,,,443,41888,0,1358,17
1587481416.394759,173.194.182.102,10.10.0.10,,,443,41888,0,1358,17
1587481416.3967302,10.10.0.10,173.194.182.102,,,41888,443,0,37,17
1587481416.399173,173.194.182.102,10.10.0.10,,,443,41888,0,1358,17
1587481416.403668,173.194.182.102,10.10.0.10,,,443,41888,0,1358,17
1587481416.405444,10.10.0.10,173.194.182.102,,,41888,443,0,50,17
1587481416.408096,173.194.182.102,10.10.0.10,,,443,41888,0,1358,17
1587481416.4125788,173.194.182.102,10.10.0.10,,,443,41888,0,1358,17
1587481416.414315,10.10.0.10,173.194.182.102,,,41888,443,0,37,17
1587481416.417031,173.194.182.102,10.10.0.10,,,443,41888,0,1358,17
1587481416.421489,173.194.182.102,10.10.0.10,,,443,41888,0,1358,17
1587481416.4234734,10.10.0.10,173.194.182.102,,,41888,443,0,37,17
1587481416.4258988,173.194.182.102,10.10.0.10,,,443,41888,0,1358,17
1587481416.430398,173.194.182.102,10.10.0.10,,,443,41888,0,1358,17
1587481416.432213,10.10.0.10,173.194.182.102,,,41888,443,0,37,17
1587481416.434823,173.194.182.102,10.10.0.10,,,443,41888,0,1358,17
1587481416.4393039,173.194.182.102,10.10.0.10,,,443,41888,0,1358,17
1587481416.441042,10.10.0.10,173.194.182.102,,,41888,443,0,37,17
1587481416.443757,173.194.182.102,10.10.0.10,,,443,41888,0,1358,17
1587481416.4482179,173.194.182.102,10.10.0.10,,,443,41888,0,1358,17
1587481416.450168,10.10.0.10,173.194.182.102,,,41888,443,0,37,17
1587481416.452672,173.194.182.102,10.10.0.10,,,443,41888,0,1358,17
1587481416.4571252,173.194.182.102,10.10.0.10,,,443,41888,0,1358,17
1587481416.4588974,10.10.0.10,173.194.182.102,,,41888,443,0,37,17
1587481416.461574,173.194.182.102,10.10.0.10,,,443,41888,0,1358,17
1587481416.4660294,173.194.182.102,10.10.0.10,,,443,41888,0,1358,17
1587481416.4677868,10.10.0.10,173.194.182.102,,,41888,443,0,37,17
1587481416.4704828,173.194.182.102,10.10.0.10,,,443,41888,0,1358,17
1587481416.474942,173.194.182.102,10.10.0.10,,,443,41888,0,1358,17
1587481416.476687,10.10.0.10,173.194.182.102,,,41888,443,0,37,17
1587481416.479392,173.194.182.102,10.10.0.10,,,443,41888,0,1358,17
1587481416.4838462,173.194.182.102,10.10.0.10,,,443,41888,0,1358,17
1587481416.485814,10.10.0.10,173.194.182.102,,,41888,443,0,37,17
1587481416.488301,173.194.182.102,10.10.0.10,,,443,41888,0,1358,17
1587481416.492732,173.194.182.102,10.10.0.10,,,443,41888,0,1358,17
1587481416.495423,10.10.0.10,173.194.182.102,,,41888,443,0,37,17
1587481416.497209,173.194.182.102,10.10.0.10,,,443,41888,0,1358,17
1587481416.5016649,173.194.182.102,10.10.0.10,,,443,41888,0,1358,17
1587481416.50331,10.10.0.10,173.194.182.102,,,41888,443,0,37,17
1587481416.506118,173.194.182.102,10.10.0.10,,,443,41888,0,1358,17
1587481416.5105731,173.194.182.102,10.10.0.10,,,443,41888,0,1358,17
1587481416.5122054,10.10.0.10,173.194.182.102,,,41888,443,0,37,17
1587481416.5150268,173.194.182.102,10.10.0.10,,,443,41888,0,1358,17
1587481416.519481,173.194.182.102,10.10.0.10,,,443,41888,0,1358,17
1587481416.521185,10.10.0.10,173.194.182.102,,,41888,443,0,37,17
1587481416.523896,173.194.182.102,10.10.0.10,,,443,41888,0,1358,17
1587481416.5283902,173.194.182.102,10.10.0.10,,,443,41888,0,1358,17
1587481416.5301,10.10.0.10,173.194.182.102,,,41888,443,0,37,17
1587481416.532817,173.194.182.102,10.10.0.10,,,443,41888,0,1358,17
1587481416.537299,173.194.182.102,10.10.0.10,,,443,41888,0,1358,17
1587481416.5391822,10.10.0.10,173.194.182.102,,,41888,443,0,37,17
1587481416.5417528,173.194.182.102,10.10.0.10,,,443,41888,0,1358,17
1587481416.546218,173.194.182.102,10.10.0.10,,,443,41888,0,1358,17
1587481416.550226,10.10.0.10,173.194.182.102,,,41888,443,0,37,17
1587481416.550623,173.194.182.102,10.10.0.10,,,443,41888,0,1358,17
1587481416.555119,173.194.182.102,10.10.0.10,,,443,41888,0,1358,17
1587481416.557414,10.10.0.10,173.194.182.102,,,41888,443,0,37,17
1587481416.5595708,173.194.182.102,10.10.0.10,,,443,41888,0,1358,17
1587481416.5640268,173.194.182.102,10.10.0.10,,,443,41888,0,1358,17
1587481416.565626,10.10.0.10,173.194.182.102,,,41888,443,0,37,17
1587481416.56844,173.194.182.102,10.10.0.10,,,443,41888,0,1358,17
1587481416.572927,173.194.182.102,10.10.0.10,,,443,41888,0,1358,17
1587481416.574398,10.10.0.10,173.194.182.102,,,41888,443,0,37,17
1587481416.577389,173.194.182.102,10.10.0.10,,,443,41888,0,1358,17
1587481416.5818448,173.194.182.102,10.10.0.10,,,443,41888,0,1358,17
1587481416.585058,10.10.0.10,173.194.182.102,,,41888,443,0,50,17
1587481416.586302,173.194.182.102,10.10.0.10,,,443,41888,0,1358,17
1587481416.5907571,173.194.182.102,10.10.0.10,,,443,41888,0,1358,17
1587481416.5924132,10.10.0.10,173.194.182.102,,,41888,443,0,37,17
1587481416.595207,173.194.182.102,10.10.0.10,,,443,41888,0,1358,17
1587481416.599665,173.194.182.102,10.10.0.10,,,443,41888,0,1358,17
1587481416.6017635,10.10.0.10,173.194.182.102,,,41888,443,0,37,17
1587481416.6041155,173.194.182.102,10.10.0.10,,,443,41888,0,1358,17
1587481416.6085742,173.194.182.102,10.10.0.10,,,443,41888,0,1358,17
1587481416.612998,173.194.182.102,10.10.0.10,,,443,41888,0,1358,17
1587481416.6145024,10.10.0.10,173.194.182.102,,,41888,443,0,37,17
1587481416.6174786,173.194.182.102,10.10.0.10,,,443,41888,0,1358,17
1587481416.6191502,10.10.0.10,173.194.182.102,,,41888,443,0,37,17
1587481416.621897,173.194.182.102,10.10.0.10,,,443,41888,0,1358,17
1587481416.626352,173.194.182.102,10.10.0.10,,,443,41888,0,1358,17
1587481416.627942,10.10.0.10,173.194.182.102,,,41888,443,0,40,17
1587481416.6307812,173.194.182.102,10.10.0.10,,,443,41888,0,1358,17
1587481416.632552,10.10.0.10,173.194.182.102,,,41888,443,0,37,17
1587481416.6352804,173.194.182.102,10.10.0.10,,,443,41888,0,1358,17
1587481416.639735,173.194.182.102,10.10.0.10,,,443,41888,0,1358,17
1587481416.6435325,10.10.0.10,173.194.182.102,,,41888,443,0,37,17
1587481416.6441634,173.194.182.102,10.10.0.10,,,443,41888,0,1358,17
1587481416.6486454,173.194.182.102,10.10.0.10,,,443,41888,0,1358,17
1587481416.650193,10.10.0.10,173.194.182.102,,,41888,443,0,37,17
1587481416.653053,173.194.182.102,10.10.0.10,,,443,41888,0,1358,17
1587481416.657512,173.194.182.102,10.10.0.10,,,443,41888,0,1358,17
1587481416.659015,10.10.0.10,173.194.182.102,,,41888,443,0,37,17
1587481416.66196,173.194.182.102,10.10.0.10,,,443,41888,0,1358,17
1587481416.666415,173.194.182.102,10.10.0.10,,,443,41888,0,1358,17
1587481416.667926,10.10.0.10,173.194.182.102,,,41888,443,0,37,17
1587481416.6709158,173.194.182.102,10.10.0.10,,,443,41888,0,1358,17
1587481416.6753302,173.194.182.102,10.10.0.10,,,443,41888,0,1358,17
1587481416.676798,10.10.0.10,173.194.182.102,,,41888,443,0,37,17
1587481416.679825,173.194.182.102,10.10.0.10,,,443,41888,0,1358,17
1587481416.6842802,173.194.182.102,10.10.0.10,,,443,41888,0,1358,17
1587481416.685708,10.10.0.10,173.194.182.102,,,41888,443,0,37,17
1587481416.688695,173.194.182.102,10.10.0.10,,,443,41888,0,1358,17
1587481416.6931698,173.194.182.102,10.10.0.10,,,443,41888,0,1358,17
1587481416.694825,10.10.0.10,173.194.182.102,,,41888,443,0,37,17
1587481416.6975868,173.194.182.102,10.10.0.10,,,443,41888,0,1358,17
1587481416.7020779,173.194.182.102,10.10.0.10,,,443,41888,0,1358,17
1587481416.7038429,10.10.0.10,173.194.182.102,,,41888,443,0,37,17
1587481416.706558,173.194.182.102,10.10.0.10,,,443,41888,0,1358,17
1587481416.711014,173.194.182.102,10.10.0.10,,,443,41888,0,1358,17
1587481416.713665,10.10.0.10,173.194.182.102,,,41888,443,0,37,17
1587481416.7154028,173.194.182.102,10.10.0.10,,,443,41888,0,1358,17
1587481416.7199216,173.194.182.102,10.10.0.10,,,443,41888,0,1358,17
1587481416.7215786,10.10.0.10,173.194.182.102,,,41888,443,0,37,17
1587481416.7243395,173.194.182.102,10.10.0.10,,,443,41888,0,1358,17
1587481416.72877,173.194.182.102,10.10.0.10,,,443,41888,0,1358,17
1587481416.7305179,10.10.0.10,173.194.182.102,,,41888,443,0,37,17
1587481416.733286,173.194.182.102,10.10.0.10,,,443,41888,0,1358,17
1587481416.7377384,173.194.182.102,10.10.0.10,,,443,41888,0,1358,17
1587481416.739311,10.10.0.10,173.194.182.102,,,41888,443,0,37,17
1587481416.742131,173.194.182.102,10.10.0.10,,,443,41888,0,1358,17
1587481416.746648,173.194.182.102,10.10.0.10,,,443,41888,0,1358,17
1587481416.7487311,10.10.0.10,173.194.182.102,,,41888,443,0,37,17
1587481416.751103,173.194.182.102,10.10.0.10,,,443,41888,0,1358,17
1587481416.755559,173.194.182.102,10.10.0.10,,,443,41888,0,1358,17
1587481416.7573318,10.10.0.10,173.194.182.102,,,41888,443,0,50,17
1587481416.760013,173.194.182.102,10.10.0.10,,,443,41888,0,1358,17
1587481416.7644696,173.194.182.102,10.10.0.10,,,443,41888,0,1358,17
1587481416.7661226,10.10.0.10,173.194.182.102,,,41888,443,0,37,17
1587481416.7689214,173.194.182.102,10.10.0.10,,,443,41888,0,1358,17
1587481416.7733786,173.194.182.102,10.10.0.10,,,443,41888,0,1358,17
1587481416.774891,10.10.0.10,173.194.182.102,,,41888,443,0,40,17
1587481416.7778108,173.194.182.102,10.10.0.10,,,443,41888,0,1358,17
1587481416.77933,10.10.0.10,173.194.182.102,,,41888,443,0,37,17
1587481416.782282,173.194.182.102,10.10.0.10,,,443,41888,0,1358,17
1587481416.7867384,173.194.182.102,10.10.0.10,,,443,41888,0,1358,17
1587481416.7883482,10.10.0.10,173.194.182.102,,,41888,443,0,37,17
1587481416.791192,173.194.182.102,10.10.0.10,,,443,41888,0,1358,17
1587481416.795648,173.194.182.102,10.10.0.10,,,443,41888,0,1358,17
1587481416.797394,10.10.0.10,173.194.182.102,,,41888,443,0,37,17
1587481416.800103,173.194.182.102,10.10.0.10,,,443,41888,0,1358,17
1587481416.804557,173.194.182.102,10.10.0.10,,,443,41888,0,1358,17
1587481416.809012,173.194.182.102,10.10.0.10,,,443,41888,0,1358,17
1587481416.812017,10.10.0.10,173.194.182.102,,,41888,443,0,37,17
1587481416.8134658,173.194.182.102,10.10.0.10,,,443,41888,0,1358,17
1587481416.815289,10.10.0.10,173.194.182.102,,,41888,443,0,37,17
1587481416.817919,173.194.182.102,10.10.0.10,,,443,41888,0,1358,17
1587481416.822361,173.194.182.102,10.10.0.10,,,443,41888,0,1358,17
1587481416.82404,10.10.0.10,173.194.182.102,,,41888,443,0,37,17
1587481416.8268292,173.194.182.102,10.10.0.10,,,443,41888,0,1358,17
1587481416.8312528,173.194.182.102,10.10.0.10,,,443,41888,0,1358,17
1587481416.832999,10.10.0.10,173.194.182.102,,,41888,443,0,37,17
1587481416.83574,173.194.182.102,10.10.0.10,,,443,41888,0,32,17
1587481416.835908,173.194.182.102,10.10.0.10,,,443,41888,0,1358,17
1587481416.840402,173.194.182.102,10.10.0.10,,,443,41888,0,1358,17
1587481416.84204,10.10.0.10,173.194.182.102,,,41888,443,0,37,17
1587481416.844856,173.194.182.102,10.10.0.10,,,443,41888,0,1358,17
1587481416.8493102,173.194.182.102,10.10.0.10,,,443,41888,0,1358,17
1587481416.850855,10.10.0.10,173.194.182.102,,,41888,443,0,37,17
1587481416.853765,173.194.182.102,10.10.0.10,,,443,41888,0,1358,17
1587481416.8582199,173.194.182.102,10.10.0.10,,,443,41888,0,1358,17
1587481416.859936,10.10.0.10,173.194.182.102,,,41888,443,0,37,17
1587481416.862674,173.194.182.102,10.10.0.10,,,443,41888,0,1358,17
1587481416.8671322,173.194.182.102,10.10.0.10,,,443,41888,0,1358,17
1587481416.868835,10.10.0.10,173.194.182.102,,,41888,443,0,37,17
1587481416.871585,173.194.182.102,10.10.0.10,,,443,41888,0,1358,17
1587481416.8760376,173.194.182.102,10.10.0.10,,,443,41888,0,1358,17
1587481416.877999,10.10.0.10,173.194.182.102,,,41888,443,0,37,17
1587481416.880481,173.194.182.102,10.10.0.10,,,443,41888,0,1358,17
1587481416.884946,173.194.182.102,10.10.0.10,,,443,41888,0,1358,17
1587481416.887975,10.10.0.10,173.194.182.102,,,41888,443,0,37,17
1587481416.8894026,173.194.182.102,10.10.0.10,,,443,41888,0,1358,17
1587481416.893855,173.194.182.102,10.10.0.10,,,443,41888,0,1358,17
1587481416.895448,10.10.0.10,173.194.182.102,,,41888,443,0,37,17
1587481416.898817,173.194.182.102,10.10.0.10,,,443,41888,0,1358,17
1587481416.9032972,173.194.182.102,10.10.0.10,,,443,41888,0,1358,17
1587481416.905725,10.10.0.10,173.194.182.102,,,41888,443,0,37,17
1587481416.907725,173.194.182.102,10.10.0.10,,,443,41888,0,1358,17
1587481416.909412,10.10.0.10,173.194.182.102,,,41888,443,0,40,17
1587481416.912145,173.194.182.102,10.10.0.10,,,443,41888,0,1358,17
1587481416.915601,10.10.0.10,173.194.182.102,,,41888,443,0,37,17
1587481416.9166062,173.194.182.102,10.10.0.10,,,443,41888,0,1358,17
1587481416.9210918,173.194.182.102,10.10.0.10,,,443,41888,0,1358,17
1587481416.9226818,10.10.0.10,173.194.182.102,,,41888,443,0,50,17
1587481416.9255092,173.194.182.102,10.10.0.10,,,443,41888,0,1358,17
1587481416.9300294,173.194.182.102,10.10.0.10,,,443,41888,0,1358,17
1587481416.9317384,10.10.0.10,173.194.182.102,,,41888,443,0,37,17
1587481416.9344866,173.194.182.102,10.10.0.10,,,443,41888,0,1358,17
1587481416.938875,173.194.182.102,10.10.0.10,,,443,41888,0,1358,17
1587481416.940635,10.10.0.10,173.194.182.102,,,41888,443,0,37,17
1587481416.943396,173.194.182.102,10.10.0.10,,,443,41888,0,708,17
1587481416.9457386,173.194.182.102,10.10.0.10,,,443,41888,0,29,17
1587481416.9632714,10.10.0.10,173.194.182.102,,,41888,443,0,713,17
1587481416.9633155,10.10.0.10,173.194.182.102,,,41888,443,0,48,17
1587481416.9749699,173.194.182.102,10.10.0.10,,,443,41888,0,29,17
1587481416.976368,173.194.182.102,10.10.0.10,,,443,41888,0,108,17
1587481416.976534,173.194.182.102,10.10.0.10,,,443,41888,0,1358,17
1587481416.976567,173.194.182.102,10.10.0.10,,,443,41888,0,1358,17
1587481416.980009,10.10.0.10,173.194.182.102,,,41888,443,0,37,17
1587481416.9806552,173.194.182.102,10.10.0.10,,,443,41888,0,1358,17
1587481416.981776,10.10.0.10,173.194.182.102,,,41888,443,0,717,17
1587481416.9818199,10.10.0.10,173.194.182.102,,,41888,443,0,48,17
1587481416.9851398,173.194.182.102,10.10.0.10,,,443,41888,0,1358,17
1587481416.987135,10.10.0.10,173.194.182.102,,,41888,443,0,37,17
1587481416.989594,173.194.182.102,10.10.0.10,,,443,41888,0,1358,17
1587481416.994048,173.194.182.102,10.10.0.10,,,443,41888,0,1358,17
1587481416.995735,10.10.0.10,173.194.182.102,,,41888,443,0,37,17
1587481416.998503,173.194.182.102,10.10.0.10,,,443,41888,0,1358,17
1587481417.002961,173.194.182.102,10.10.0.10,,,443,41888,0,1358,17
1587481417.004658,10.10.0.10,173.194.182.102,,,41888,443,0,37,17
1587481417.007412,173.194.182.102,10.10.0.10,,,443,41888,0,1358,17
1587481417.0118668,173.194.182.102,10.10.0.10,,,443,41888,0,1358,17
1587481417.0135741,10.10.0.10,173.194.182.102,,,41888,443,0,37,17
1587481417.01632,173.194.182.102,10.10.0.10,,,443,41888,0,1358,17
1587481417.020775,173.194.182.102,10.10.0.10,,,443,41888,0,32,17
1587481417.0209134,173.194.182.102,10.10.0.10,,,443,41888,0,1358,17
1587481417.0224602,10.10.0.10,173.194.182.102,,,41888,443,0,37,17
1587481417.025419,173.194.182.102,10.10.0.10,,,443,41888,0,1358,17
1587481417.0298991,173.194.182.102,10.10.0.10,,,443,41888,0,1358,17
1587481417.033221,10.10.0.10,173.194.182.102,,,41888,443,0,37,17
1587481417.0343492,173.194.182.102,10.10.0.10,,,443,41888,0,1358,17
1587481417.0388072,173.194.182.102,10.10.0.10,,,443,41888,0,1358,17
1587481417.040859,10.10.0.10,173.194.182.102,,,41888,443,0,37,17
1587481417.043261,173.194.182.102,10.10.0.10,,,443,41888,0,1358,17
1587481417.047713,173.194.182.102,10.10.0.10,,,443,41888,0,1358,17
1587481417.0497026,10.10.0.10,173.194.182.102,,,41888,443,0,37,17
1587481417.05217,173.194.182.102,10.10.0.10,,,443,41888,0,1358,17
1587481417.0566258,173.194.182.102,10.10.0.10,,,443,41888,0,1358,17
1587481417.05847,10.10.0.10,173.194.182.102,,,41888,443,0,37,17
1587481417.0610428,173.194.182.102,10.10.0.10,,,443,41888,0,1358,17
1587481417.0655339,173.194.182.102,10.10.0.10,,,443,41888,0,1358,17
1587481417.067616,10.10.0.10,173.194.182.102,,,41888,443,0,37,17
1587481417.069984,173.194.182.102,10.10.0.10,,,443,41888,0,1358,17
1587481417.07444,173.194.182.102,10.10.0.10,,,443,41888,0,1358,17
1587481417.077681,10.10.0.10,173.194.182.102,,,41888,443,0,37,17
1587481417.0788882,173.194.182.102,10.10.0.10,,,443,41888,0,1358,17
1587481417.0833228,173.194.182.102,10.10.0.10,,,443,41888,0,1358,17
1587481417.0856428,10.10.0.10,173.194.182.102,,,41888,443,0,37,17
1587481417.087802,173.194.182.102,10.10.0.10,,,443,41888,0,1358,17
1587481417.0922668,173.194.182.102,10.10.0.10,,,443,41888,0,1358,17
1587481417.094943,10.10.0.10,173.194.182.102,,,41888,443,0,37,17
1587481417.096714,173.194.182.102,10.10.0.10,,,443,41888,0,1358,17
1587481417.101164,173.194.182.102,10.10.0.10,,,443,41888,0,1358,17
1587481417.103913,10.10.0.10,173.194.182.102,,,41888,443,0,37,17
1587481417.1046526,10.10.0.10,173.194.182.102,,,41888,443,0,710,17
1587481417.10559,173.194.182.102,10.10.0.10,,,443,41888,0,1358,17
1587481417.1100738,173.194.182.102,10.10.0.10,,,443,41888,0,1358,17
1587481417.1141136,10.10.0.10,173.194.182.102,,,41888,443,0,37,17
1587481417.1144972,173.194.182.102,10.10.0.10,,,443,41888,0,1358,17
1587481417.118951,173.194.182.102,10.10.0.10,,,443,41888,0,1358,17
1587481417.121325,10.10.0.10,173.194.182.102,,,41888,443,0,37,17
1587481417.1234374,173.194.182.102,10.10.0.10,,,443,41888,0,1358,17
1587481417.1278908,173.194.182.102,10.10.0.10,,,443,41888,0,1358,17
1587481417.130567,10.10.0.10,173.194.182.102,,,41888,443,0,37,17
1587481417.132313,173.194.182.102,10.10.0.10,,,443,41888,0,1358,17
1587481417.136801,173.194.182.102,10.10.0.10,,,443,41888,0,1358,17
1587481417.139992,10.10.0.10,173.194.182.102,,,41888,443,0,37,17
1587481417.141256,173.194.182.102,10.10.0.10,,,443,41888,0,1358,17
1587481417.145678,173.194.182.102,10.10.0.10,,,443,41888,0,1358,17
1587481417.147933,10.10.0.10,173.194.182.102,,,41888,443,0,37,17
1587481417.150169,173.194.182.102,10.10.0.10,,,443,41888,0,1358,17
1587481417.154624,173.194.182.102,10.10.0.10,,,443,41888,0,1358,17
1587481417.1579368,10.10.0.10,173.194.182.102,,,41888,443,0,37,17
1587481417.15904,173.194.182.102,10.10.0.10,,,443,41888,0,1358,17
1587481417.1635325,173.194.182.102,10.10.0.10,,,443,41888,0,1358,17
1587481417.16799,173.194.182.102,10.10.0.10,,,443,41888,0,1358,17
1587481417.1684804,10.10.0.10,173.194.182.102,,,41888,443,0,37,17
1587481417.1724188,173.194.182.102,10.10.0.10,,,443,41888,0,1358,17
1587481417.1747482,10.10.0.10,173.194.182.102,,,41888,443,0,37,17
1587481417.176856,173.194.182.102,10.10.0.10,,,443,41888,0,1358,17
1587481417.18135,173.194.182.102,10.10.0.10,,,443,41888,0,1358,17
1587481417.183251,10.10.0.10,173.194.182.102,,,41888,443,0,37,17
1587481417.185736,173.194.182.102,10.10.0.10,,,443,41888,0,1358,17
1587481417.1901839,173.194.182.102,10.10.0.10,,,443,41888,0,1358,17
1587481417.192015,10.10.0.10,173.194.182.102,,,41888,443,0,37,17
1587481417.194638,173.194.182.102,10.10.0.10,,,443,41888,0,1358,17
1587481417.199091,173.194.182.102,10.10.0.10,,,443,41888,0,1358,17
1587481417.2010338,10.10.0.10,173.194.182.102,,,41888,443,0,37,17
1587481417.2035458,173.194.182.102,10.10.0.10,,,443,41888,0,1358,17
1587481417.208,173.194.182.102,10.10.0.10,,,443,41888,0,1358,17
1587481417.2097402,10.10.0.10,173.194.182.102,,,41888,443,0,37,17
1587481417.212481,173.194.182.102,10.10.0.10,,,443,41888,0,1358,17
1587481417.216943,173.194.182.102,10.10.0.10,,,443,41888,0,1358,17
1587481417.218771,10.10.0.10,173.194.182.102,,,41888,443,0,37,17
1587481417.2213955,173.194.182.102,10.10.0.10,,,443,41888,0,1358,17
1587481417.225828,173.194.182.102,10.10.0.10,,,443,41888,0,1358,17
1587481417.227835,10.10.0.10,173.194.182.102,,,41888,443,0,37,17
1587481417.2303069,173.194.182.102,10.10.0.10,,,443,41888,0,1358,17
1587481417.234782,173.194.182.102,10.10.0.10,,,443,41888,0,1358,17
1587481417.2371302,10.10.0.10,173.194.182.102,,,41888,443,0,37,17
1587481417.2397332,173.194.182.102,10.10.0.10,,,443,41888,0,1358,17
1587481417.244226,173.194.182.102,10.10.0.10,,,443,41888,0,1358,17
1587481417.246034,10.10.0.10,173.194.182.102,,,41888,443,0,37,17
1587481417.248655,173.194.182.102,10.10.0.10,,,443,41888,0,1358,17
1587481417.253134,173.194.182.102,10.10.0.10,,,443,41888,0,1358,17
1587481417.255898,10.10.0.10,173.194.182.102,,,41888,443,0,37,17
1587481417.25759,173.194.182.102,10.10.0.10,,,443,41888,0,1358,17
1587481417.2593012,10.10.0.10,173.194.182.102,,,41888,443,0,40,17
1587481417.262054,173.194.182.102,10.10.0.10,,,443,41888,0,1358,17
1587481417.26395,10.10.0.10,173.194.182.102,,,41888,443,0,37,17
1587481417.2665026,173.194.182.102,10.10.0.10,,,443,41888,0,1358,17
1587481417.2709565,173.194.182.102,10.10.0.10,,,443,41888,0,1358,17
1587481417.272846,10.10.0.10,173.194.182.102,,,41888,443,0,50,17
1587481417.275411,173.194.182.102,10.10.0.10,,,443,41888,0,1358,17
1587481417.279865,173.194.182.102,10.10.0.10,,,443,41888,0,1358,17
1587481417.2812982,10.10.0.10,173.194.182.102,,,41888,443,0,37,17
1587481417.284296,173.194.182.102,10.10.0.10,,,443,41888,0,1358,17
1587481417.288717,173.194.182.102,10.10.0.10,,,443,41888,0,1358,17
1587481417.2904198,10.10.0.10,173.194.182.102,,,41888,443,0,37,17
1587481417.293187,173.194.182.102,10.10.0.10,,,443,41888,0,1358,17
1587481417.297644,173.194.182.102,10.10.0.10,,,443,41888,0,1358,17
1587481417.2993796,10.10.0.10,173.194.182.102,,,41888,443,0,37,17
1587481417.30209,173.194.182.102,10.10.0.10,,,443,41888,0,1358,17
1587481417.306601,173.194.182.102,10.10.0.10,,,443,41888,0,1358,17
1587481417.3085911,10.10.0.10,173.194.182.102,,,41888,443,0,37,17
1587481417.311022,173.194.182.102,10.10.0.10,,,443,41888,0,1358,17
1587481417.3154454,173.194.182.102,10.10.0.10,,,443,41888,0,1358,17
1587481417.3199322,173.194.182.102,10.10.0.10,,,443,41888,0,1358,17
1587481417.3243759,173.194.182.102,10.10.0.10,,,443,41888,0,1358,17
1587481417.324377,10.10.0.10,173.194.182.102,,,41888,443,0,37,17
1587481417.3263395,10.10.0.10,173.194.182.102,,,41888,443,0,37,17
1587481417.328807,173.194.182.102,10.10.0.10,,,443,41888,0,1358,17
1587481417.3332932,173.194.182.102,10.10.0.10,,,443,41888,0,1358,17
1587481417.3348668,10.10.0.10,173.194.182.102,,,41888,443,0,37,17
1587481417.337733,173.194.182.102,10.10.0.10,,,443,41888,0,1358,17
1587481417.3421662,173.194.182.102,10.10.0.10,,,443,41888,0,1358,17
1587481417.34512,10.10.0.10,173.194.182.102,,,41888,443,0,37,17
1587481417.34664,173.194.182.102,10.10.0.10,,,443,41888,0,1358,17
1587481417.3511322,173.194.182.102,10.10.0.10,,,443,41888,0,1358,17
1587481417.35271,10.10.0.10,173.194.182.102,,,41888,443,0,37,17
1587481417.35553,173.194.182.102,10.10.0.10,,,443,41888,0,1358,17
1587481417.3600461,173.194.182.102,10.10.0.10,,,443,41888,0,1358,17
1587481417.361638,10.10.0.10,173.194.182.102,,,41888,443,0,37,17
1587481417.3644452,173.194.182.102,10.10.0.10,,,443,41888,0,1358,17
1587481417.368927,173.194.182.102,10.10.0.10,,,443,41888,0,1358,17
1587481417.37341,173.194.182.102,10.10.0.10,,,443,41888,0,1358,17
1587481417.3778696,173.194.182.102,10.10.0.10,,,443,41888,0,1358,17
1587481417.382261,173.194.182.102,10.10.0.10,,,443,41888,0,1358,17
1587481417.386756,173.194.182.102,10.10.0.10,,,443,41888,0,1358,17
1587481417.391234,173.194.182.102,10.10.0.10,,,443,41888,0,1358,17
1587481417.395656,173.194.182.102,10.10.0.10,,,443,41888,0,1358,17
1587481417.396222,10.10.0.10,173.194.182.102,,,41888,443,0,37,17
1587481417.398218,10.10.0.10,173.194.182.102,,,41888,443,0,37,17
1587481417.3998759,10.10.0.10,173.194.182.102,,,41888,443,0,37,17
1587481417.400079,173.194.182.102,10.10.0.10,,,443,41888,0,1358,17
1587481417.403031,10.10.0.10,173.194.182.102,,,41888,443,0,37,17
1587481417.404567,173.194.182.102,10.10.0.10,,,443,41888,0,1358,17
1587481417.406089,10.10.0.10,173.194.182.102,,,41888,443,0,37,17
1587481417.409049,173.194.182.102,10.10.0.10,,,443,41888,0,1358,17
1587481417.413502,173.194.182.102,10.10.0.10,,,443,41888,0,1358,17
1587481417.416718,10.10.0.10,173.194.182.102,,,41888,443,0,37,17
1587481417.417958,173.194.182.102,10.10.0.10,,,443,41888,0,1358,17
1587481417.422413,173.194.182.102,10.10.0.10,,,443,41888,0,1358,17
1587481417.4244409,10.10.0.10,173.194.182.102,,,41888,443,0,37,17
1587481417.4268675,173.194.182.102,10.10.0.10,,,443,41888,0,1358,17
1587481417.4313214,173.194.182.102,10.10.0.10,,,443,41888,0,1358,17
1587481417.43319,10.10.0.10,173.194.182.102,,,41888,443,0,37,17
1587481417.435777,173.194.182.102,10.10.0.10,,,443,41888,0,1358,17
1587481417.4402301,173.194.182.102,10.10.0.10,,,443,41888,0,1358,17
1587481417.441731,10.10.0.10,173.194.182.102,,,41888,443,0,37,17
1587481417.4446845,173.194.182.102,10.10.0.10,,,443,41888,0,1358,17
1587481417.4491398,173.194.182.102,10.10.0.10,,,443,41888,0,1358,17
1587481417.450729,10.10.0.10,173.194.182.102,,,41888,443,0,50,17
1587481417.453596,173.194.182.102,10.10.0.10,,,443,41888,0,1358,17
1587481417.458052,173.194.182.102,10.10.0.10,,,443,41888,0,1358,17
1587481417.4596279,10.10.0.10,173.194.182.102,,,41888,443,0,37,17
1587481417.4625044,173.194.182.102,10.10.0.10,,,443,41888,0,1358,17
1587481417.466961,173.194.182.102,10.10.0.10,,,443,41888,0,1358,17
1587481417.468672,10.10.0.10,173.194.182.102,,,41888,443,0,37,17
1587481417.4714134,173.194.182.102,10.10.0.10,,,443,41888,0,32,17
1587481417.4715528,173.194.182.102,10.10.0.10,,,443,41888,0,1358,17
1587481417.4760811,173.194.182.102,10.10.0.10,,,443,41888,0,1358,17
1587481417.4778008,10.10.0.10,173.194.182.102,,,41888,443,0,37,17
1587481417.4805331,173.194.182.102,10.10.0.10,,,443,41888,0,1358,17
1587481417.4850018,173.194.182.102,10.10.0.10,,,443,41888,0,1358,17
1587481417.487033,10.10.0.10,173.194.182.102,,,41888,443,0,37,17
1587481417.4894452,173.194.182.102,10.10.0.10,,,443,41888,0,1358,17
1587481417.493866,173.194.182.102,10.10.0.10,,,443,41888,0,1358,17
1587481417.497261,10.10.0.10,173.194.182.102,,,41888,443,0,37,17
1587481417.498352,173.194.182.102,10.10.0.10,,,443,41888,0,1358,17
1587481417.502809,173.194.182.102,10.10.0.10,,,443,41888,0,1358,17
1587481417.504759,10.10.0.10,173.194.182.102,,,41888,443,0,37,17
1587481417.5072598,173.194.182.102,10.10.0.10,,,443,41888,0,1358,17
1587481417.511714,173.194.182.102,10.10.0.10,,,443,41888,0,1358,17
1587481417.513342,10.10.0.10,173.194.182.102,,,41888,443,0,37,17
1587481417.516666,173.194.182.102,10.10.0.10,,,443,41888,0,1358,17
1587481417.521157,173.194.182.102,10.10.0.10,,,443,41888,0,1358,17
1587481417.523047,10.10.0.10,173.194.182.102,,,41888,443,0,37,17
1587481417.5255468,173.194.182.102,10.10.0.10,,,443,41888,0,1358,17
1587481417.530067,173.194.182.102,10.10.0.10,,,443,41888,0,1358,17
1587481417.532422,10.10.0.10,173.194.182.102,,,41888,443,0,37,17
1587481417.534497,173.194.182.102,10.10.0.10,,,443,41888,0,1358,17
1587481417.538944,173.194.182.102,10.10.0.10,,,443,41888,0,1358,17
1587481417.540777,10.10.0.10,173.194.182.102,,,41888,443,0,37,17
1587481417.543365,173.194.182.102,10.10.0.10,,,443,41888,0,1358,17
1587481417.5478842,173.194.182.102,10.10.0.10,,,443,41888,0,1358,17
1587481417.5498,10.10.0.10,173.194.182.102,,,41888,443,0,37,17
1587481417.552306,173.194.182.102,10.10.0.10,,,443,41888,0,1358,17
1587481417.556793,173.194.182.102,10.10.0.10,,,443,41888,0,1358,17
1587481417.5584445,10.10.0.10,173.194.182.102,,,41888,443,0,37,17
1587481417.561247,173.194.182.102,10.10.0.10,,,443,41888,0,1358,17
1587481417.56567,173.194.182.102,10.10.0.10,,,443,41888,0,1358,17
1587481417.5673196,10.10.0.10,173.194.182.102,,,41888,443,0,37,17
1587481417.5701635,173.194.182.102,10.10.0.10,,,443,41888,0,1358,17
1587481417.5746188,173.194.182.102,10.10.0.10,,,443,41888,0,1358,17
1587481417.5761158,10.10.0.10,173.194.182.102,,,41888,443,0,37,17
1587481417.5790372,173.194.182.102,10.10.0.10,,,443,41888,0,1358,17
1587481417.583528,173.194.182.102,10.10.0.10,,,443,41888,0,1358,17
1587481417.585076,10.10.0.10,173.194.182.102,,,41888,443,0,37,17
1587481417.5879822,173.194.182.102,10.10.0.10,,,443,41888,0,1358,17
1587481417.5923991,173.194.182.102,10.10.0.10,,,443,41888,0,1358,17
1587481417.593894,10.10.0.10,173.194.182.102,,,41888,443,0,37,17
1587481417.5968974,173.194.182.102,10.10.0.10,,,443,41888,0,1358,17
1587481417.6013439,173.194.182.102,10.10.0.10,,,443,41888,0,1358,17
1587481417.602895,10.10.0.10,173.194.182.102,,,41888,443,0,37,17
1587481417.605762,173.194.182.102,10.10.0.10,,,443,41888,0,1358,17
1587481417.6102538,173.194.182.102,10.10.0.10,,,443,41888,0,1358,17
1587481417.6118279,10.10.0.10,173.194.182.102,,,41888,443,0,37,17
1587481417.614708,173.194.182.102,10.10.0.10,,,443,41888,0,1358,17
1587481417.619126,173.194.182.102,10.10.0.10,,,443,41888,0,1358,17
1587481417.6217039,10.10.0.10,173.194.182.102,,,41888,443,0,37,17
1587481417.623617,173.194.182.102,10.10.0.10,,,443,41888,0,1358,17
1587481417.628072,173.194.182.102,10.10.0.10,,,443,41888,0,1358,17
1587481417.6296828,10.10.0.10,173.194.182.102,,,41888,443,0,50,17
1587481417.6324902,173.194.182.102,10.10.0.10,,,443,41888,0,1358,17
1587481417.6369796,173.194.182.102,10.10.0.10,,,443,41888,0,1358,17
1587481417.638622,10.10.0.10,173.194.182.102,,,41888,443,0,37,17
1587481417.6414359,173.194.182.102,10.10.0.10,,,443,41888,0,1358,17
1587481417.645834,173.194.182.102,10.10.0.10,,,443,41888,0,1358,17
1587481417.647347,10.10.0.10,173.194.182.102,,,41888,443,0,37,17
1587481417.6503446,173.194.182.102,10.10.0.10,,,443,41888,0,1358,17
1587481417.652104,10.10.0.10,173.194.182.102,,,41888,443,0,40,17
1587481417.654797,173.194.182.102,10.10.0.10,,,443,41888,0,1358,17
1587481417.656368,10.10.0.10,173.194.182.102,,,41888,443,0,37,17
1587481417.659215,173.194.182.102,10.10.0.10,,,443,41888,0,29,17
1587481417.659375,173.194.182.102,10.10.0.10,,,443,41888,0,1358,17
1587481417.663918,173.194.182.102,10.10.0.10,,,443,41888,0,1358,17
1587481417.6654804,10.10.0.10,173.194.182.102,,,41888,443,0,37,17
1587481417.6683626,173.194.182.102,10.10.0.10,,,443,41888,0,1358,17
1587481417.6727805,173.194.182.102,10.10.0.10,,,443,41888,0,1358,17
1587481417.674409,10.10.0.10,173.194.182.102,,,41888,443,0,37,17
1587481417.6772714,173.194.182.102,10.10.0.10,,,443,41888,0,1358,17
1587481417.681726,173.194.182.102,10.10.0.10,,,443,41888,0,1358,17
1587481417.684579,10.10.0.10,173.194.182.102,,,41888,443,0,37,17
1587481417.686179,173.194.182.102,10.10.0.10,,,443,41888,0,1358,17
1587481417.6905742,173.194.182.102,10.10.0.10,,,443,41888,0,1358,17
1587481417.692329,10.10.0.10,173.194.182.102,,,41888,443,0,37,17
1587481417.6950881,173.194.182.102,10.10.0.10,,,443,41888,0,1358,17
1587481417.699529,173.194.182.102,10.10.0.10,,,443,41888,0,1358,17
1587481417.701415,10.10.0.10,173.194.182.102,,,41888,443,0,37,17
1587481417.7039974,173.194.182.102,10.10.0.10,,,443,41888,0,1358,17
1587481417.7084534,173.194.182.102,10.10.0.10,,,443,41888,0,1358,17
1587481417.7102668,10.10.0.10,173.194.182.102,,,41888,443,0,37,17
1587481417.712918,173.194.182.102,10.10.0.10,,,443,41888,0,1358,17
1587481417.71736,173.194.182.102,10.10.0.10,,,443,41888,0,1358,17
1587481417.719746,10.10.0.10,173.194.182.102,,,41888,443,0,37,17
1587481417.721816,173.194.182.102,10.10.0.10,,,443,41888,0,1358,17
1587481417.726269,173.194.182.102,10.10.0.10,,,443,41888,0,1358,17
1587481417.7278268,10.10.0.10,173.194.182.102,,,41888,443,0,37,17
1587481417.730724,173.194.182.102,10.10.0.10,,,443,41888,0,1358,17
1587481417.735179,173.194.182.102,10.10.0.10,,,443,41888,0,1358,17
1587481417.7370348,10.10.0.10,173.194.182.102,,,41888,443,0,37,17
1587481417.739649,173.194.182.102,10.10.0.10,,,443,41888,0,1358,17
1587481417.7440536,173.194.182.102,10.10.0.10,,,443,41888,0,1358,17
1587481417.745831,10.10.0.10,173.194.182.102,,,41888,443,0,37,17
1587481417.748545,173.194.182.102,10.10.0.10,,,443,41888,0,1358,17
1587481417.751776,10.10.0.10,173.194.182.102,,,41888,443,0,40,17
1587481417.752999,173.194.182.102,10.10.0.10,,,443,41888,0,1358,17
1587481417.7548964,10.10.0.10,173.194.182.102,,,41888,443,0,37,17
1587481417.7574544,173.194.182.102,10.10.0.10,,,443,41888,0,1358,17
1587481417.7619078,173.194.182.102,10.10.0.10,,,443,41888,0,1358,17
1587481417.763605,10.10.0.10,173.194.182.102,,,41888,443,0,37,17
1587481417.7663634,173.194.182.102,10.10.0.10,,,443,41888,0,1358,17
1587481417.77078,173.194.182.102,10.10.0.10,,,443,41888,0,1358,17
1587481417.7726898,10.10.0.10,173.194.182.102,,,41888,443,0,37,17
1587481417.7752712,173.194.182.102,10.10.0.10,,,443,41888,0,1358,17
1587481417.779728,173.194.182.102,10.10.0.10,,,443,41888,0,1358,17
1587481417.781416,10.10.0.10,173.194.182.102,,,41888,443,0,37,17
1587481417.7841802,173.194.182.102,10.10.0.10,,,443,41888,0,1358,17
1587481417.7886348,173.194.182.102,10.10.0.10,,,443,41888,0,1358,17
1587481417.790416,10.10.0.10,173.194.182.102,,,41888,443,0,50,17
1587481417.7930892,173.194.182.102,10.10.0.10,,,443,41888,0,1358,17
1587481417.797543,173.194.182.102,10.10.0.10,,,443,41888,0,1358,17
1587481417.799165,10.10.0.10,173.194.182.102,,,41888,443,0,37,17
1587481417.8020198,173.194.182.102,10.10.0.10,,,443,41888,0,1358,17
1587481417.8064554,173.194.182.102,10.10.0.10,,,443,41888,0,1358,17
1587481417.8081038,10.10.0.10,173.194.182.102,,,41888,443,0,37,17
1587481417.8109071,173.194.182.102,10.10.0.10,,,443,41888,0,1358,17
1587481417.8153722,173.194.182.102,10.10.0.10,,,443,41888,0,1358,17
1587481417.8169148,10.10.0.10,173.194.182.102,,,41888,443,0,37,17
1587481417.8198152,173.194.182.102,10.10.0.10,,,443,41888,0,1358,17
1587481417.824269,173.194.182.102,10.10.0.10,,,443,41888,0,1358,17
1587481417.827394,10.10.0.10,173.194.182.102,,,41888,443,0,37,17
1587481417.828708,173.194.182.102,10.10.0.10,,,443,41888,0,1358,17
1587481417.8331778,173.194.182.102,10.10.0.10,,,443,41888,0,1358,17
1587481417.835418,10.10.0.10,173.194.182.102,,,41888,443,0,37,17
1587481417.837633,173.194.182.102,10.10.0.10,,,443,41888,0,1358,17
1587481417.8421,173.194.182.102,10.10.0.10,,,443,41888,0,1358,17
1587481417.843816,10.10.0.10,173.194.182.102,,,41888,443,0,37,17
1587481417.8465528,173.194.182.102,10.10.0.10,,,443,41888,0,1358,17
1587481417.8509948,173.194.182.102,10.10.0.10,,,443,41888,0,1358,17
1587481417.852752,10.10.0.10,173.194.182.102,,,41888,443,0,37,17
1587481417.8554258,173.194.182.102,10.10.0.10,,,443,41888,0,1358,17
1587481417.859905,173.194.182.102,10.10.0.10,,,443,41888,0,1358,17
1587481417.8615394,10.10.0.10,173.194.182.102,,,41888,443,0,37,17
1587481417.8643599,173.194.182.102,10.10.0.10,,,443,41888,0,1358,17
1587481417.8687706,173.194.182.102,10.10.0.10,,,443,41888,0,1358,17
1587481417.8705866,10.10.0.10,173.194.182.102,,,41888,443,0,37,17
1587481417.873236,173.194.182.102,10.10.0.10,,,443,41888,0,1358,17
1587481417.877722,173.194.182.102,10.10.0.10,,,443,41888,0,1358,17
1587481417.8794599,10.10.0.10,173.194.182.102,,,41888,443,0,37,17
1587481417.8821044,173.194.182.102,10.10.0.10,,,443,41888,0,1358,17
1587481417.886632,173.194.182.102,10.10.0.10,,,443,41888,0,1358,17
1587481417.888438,10.10.0.10,173.194.182.102,,,41888,443,0,37,17
1587481417.8910851,173.194.182.102,10.10.0.10,,,443,41888,0,1358,17
1587481417.8954668,173.194.182.102,10.10.0.10,,,443,41888,0,1358,17
1587481417.897249,10.10.0.10,173.194.182.102,,,41888,443,0,37,17
1587481417.8999982,173.194.182.102,10.10.0.10,,,443,41888,0,1358,17
1587481417.9044282,173.194.182.102,10.10.0.10,,,443,41888,0,1358,17
1587481417.906196,10.10.0.10,173.194.182.102,,,41888,443,0,37,17
1587481417.9088302,173.194.182.102,10.10.0.10,,,443,41888,0,1358,17
1587481417.913357,173.194.182.102,10.10.0.10,,,443,41888,0,1358,17
1587481417.915189,10.10.0.10,173.194.182.102,,,41888,443,0,37,17
1587481417.917813,173.194.182.102,10.10.0.10,,,443,41888,0,1358,17
1587481417.922194,173.194.182.102,10.10.0.10,,,443,41888,0,1358,17
1587481417.924002,10.10.0.10,173.194.182.102,,,41888,443,0,37,17
1587481417.9267251,173.194.182.102,10.10.0.10,,,443,41888,0,1358,17
1587481417.931175,173.194.182.102,10.10.0.10,,,443,41888,0,1358,17
1587481417.9330685,10.10.0.10,173.194.182.102,,,41888,443,0,37,17
1587481417.935616,173.194.182.102,10.10.0.10,,,443,41888,0,1358,17
1587481417.940089,173.194.182.102,10.10.0.10,,,443,41888,0,1358,17
1587481417.941875,10.10.0.10,173.194.182.102,,,41888,443,0,37,17
1587481417.944538,173.194.182.102,10.10.0.10,,,443,41888,0,1358,17
1587481417.948978,173.194.182.102,10.10.0.10,,,443,41888,0,1358,17
1587481417.950983,10.10.0.10,173.194.182.102,,,41888,443,0,37,17
1587481417.953448,173.194.182.102,10.10.0.10,,,443,41888,0,1358,17
1587481417.9579024,173.194.182.102,10.10.0.10,,,443,41888,0,1358,17
1587481417.9594722,10.10.0.10,173.194.182.102,,,41888,443,0,37,17
1587481417.9623196,173.194.182.102,10.10.0.10,,,443,41888,0,1358,17
1587481417.966811,173.194.182.102,10.10.0.10,,,443,41888,0,1358,17
1587481417.9691026,10.10.0.10,173.194.182.102,,,41888,443,0,50,17
1587481417.971266,173.194.182.102,10.10.0.10,,,443,41888,0,1358,17
1587481417.975681,173.194.182.102,10.10.0.10,,,443,41888,0,1358,17
1587481417.977248,10.10.0.10,173.194.182.102,,,41888,443,0,37,17
1587481417.9801779,173.194.182.102,10.10.0.10,,,443,41888,0,1358,17
1587481417.9846294,173.194.182.102,10.10.0.10,,,443,41888,0,1358,17
1587481417.9868329,10.10.0.10,173.194.182.102,,,41888,443,0,37,17
1587481417.989044,173.194.182.102,10.10.0.10,,,443,41888,0,1358,17
1587481417.993537,173.194.182.102,10.10.0.10,,,443,41888,0,1358,17
1587481417.995126,10.10.0.10,173.194.182.102,,,41888,443,0,37,17
1587481417.997992,173.194.182.102,10.10.0.10,,,443,41888,0,1358,17
1587481418.002408,173.194.182.102,10.10.0.10,,,443,41888,0,1358,17
1587481418.004123,10.10.0.10,173.194.182.102,,,41888,443,0,37,17
1587481418.006858,173.194.182.102,10.10.0.10,,,443,41888,0,29,17
1587481418.0070221,173.194.182.102,10.10.0.10,,,443,41888,0,1358,17
1587481418.011557,173.194.182.102,10.10.0.10,,,443,41888,0,1358,17
1587481418.014374,10.10.0.10,173.194.182.102,,,41888,443,0,37,17
1587481418.01597,173.194.182.102,10.10.0.10,,,443,41888,0,1358,17
1587481418.0204284,173.194.182.102,10.10.0.10,,,443,41888,0,1358,17
1587481418.022158,10.10.0.10,173.194.182.102,,,41888,443,0,37,17
1587481418.02492,173.194.182.102,10.10.0.10,,,443,41888,0,1358,17
1587481418.02935,173.194.182.102,10.10.0.10,,,443,41888,0,1358,17
1587481418.0325198,10.10.0.10,173.194.182.102,,,41888,443,0,37,17
1587481418.0338278,173.194.182.102,10.10.0.10,,,443,41888,0,1358,17
1587481418.038285,173.194.182.102,10.10.0.10,,,443,41888,0,1358,17
1587481418.0400922,10.10.0.10,173.194.182.102,,,41888,443,0,37,17
1587481418.0426989,173.194.182.102,10.10.0.10,,,443,41888,0,1358,17
1587481418.0471911,173.194.182.102,10.10.0.10,,,443,41888,0,1358,17
1587481418.051608,173.194.182.102,10.10.0.10,,,443,41888,0,1358,17
1587481418.05216,10.10.0.10,173.194.182.102,,,41888,443,0,37,17
1587481418.056077,173.194.182.102,10.10.0.10,,,443,41888,0,1358,17
1587481418.0575938,10.10.0.10,173.194.182.102,,,41888,443,0,37,17
1587481418.060555,173.194.182.102,10.10.0.10,,,443,41888,0,1358,17
1587481418.0650098,173.194.182.102,10.10.0.10,,,443,41888,0,1358,17
1587481418.0665786,10.10.0.10,173.194.182.102,,,41888,443,0,37,17
1587481418.0694392,173.194.182.102,10.10.0.10,,,443,41888,0,1358,17
1587481418.0739179,173.194.182.102,10.10.0.10,,,443,41888,0,1358,17
1587481418.0754411,10.10.0.10,173.194.182.102,,,41888,443,0,37,17
1587481418.078374,173.194.182.102,10.10.0.10,,,443,41888,0,1358,17
1587481418.082828,173.194.182.102,10.10.0.10,,,443,41888,0,1358,17
1587481418.084729,10.10.0.10,173.194.182.102,,,41888,443,0,37,17
1587481418.087282,173.194.182.102,10.10.0.10,,,443,41888,0,1358,17
1587481418.0917358,173.194.182.102,10.10.0.10,,,443,41888,0,1358,17
1587481418.093457,10.10.0.10,173.194.182.102,,,41888,443,0,37,17
1587481418.096191,173.194.182.102,10.10.0.10,,,443,41888,0,1358,17
1587481418.1006448,173.194.182.102,10.10.0.10,,,443,41888,0,1358,17
1587481418.102154,10.10.0.10,173.194.182.102,,,41888,443,0,37,17
1587481418.1050682,173.194.182.102,10.10.0.10,,,443,41888,0,1358,17
1587481418.109513,173.194.182.102,10.10.0.10,,,443,41888,0,1358,17
1587481418.111079,10.10.0.10,173.194.182.102,,,41888,443,0,37,17
1587481418.114008,173.194.182.102,10.10.0.10,,,443,41888,0,1358,17
1587481418.118464,173.194.182.102,10.10.0.10,,,443,41888,0,1358,17
1587481418.120055,10.10.0.10,173.194.182.102,,,41888,443,0,37,17
1587481418.1229155,173.194.182.102,10.10.0.10,,,443,41888,0,1358,17
1587481418.1273706,173.194.182.102,10.10.0.10,,,443,41888,0,1358,17
1587481418.1288779,10.10.0.10,173.194.182.102,,,41888,443,0,37,17
1587481418.131815,173.194.182.102,10.10.0.10,,,443,41888,0,1358,17
1587481418.1362698,173.194.182.102,10.10.0.10,,,443,41888,0,1358,17
1587481418.138011,10.10.0.10,173.194.182.102,,,41888,443,0,37,17
1587481418.140726,173.194.182.102,10.10.0.10,,,443,41888,0,1358,17
1587481418.1451561,173.194.182.102,10.10.0.10,,,443,41888,0,1358,17
1587481418.1474779,10.10.0.10,173.194.182.102,,,41888,443,0,50,17
1587481418.149583,173.194.182.102,10.10.0.10,,,443,41888,0,1358,17
1587481418.1540508,173.194.182.102,10.10.0.10,,,443,41888,0,1358,17
1587481418.1555321,10.10.0.10,173.194.182.102,,,41888,443,0,37,17
1587481418.158492,173.194.182.102,10.10.0.10,,,443,41888,0,1358,17
1587481418.162934,173.194.182.102,10.10.0.10,,,443,41888,0,1358,17
1587481418.164314,10.10.0.10,173.194.182.102,,,41888,443,0,37,17
1587481418.1673868,173.194.182.102,10.10.0.10,,,443,41888,0,1358,17
1587481418.171862,173.194.182.102,10.10.0.10,,,443,41888,0,1358,17
1587481418.1742988,10.10.0.10,173.194.182.102,,,41888,443,0,37,17
1587481418.1763482,173.194.182.102,10.10.0.10,,,443,41888,0,1358,17
1587481418.180742,173.194.182.102,10.10.0.10,,,443,41888,0,1358,17
1587481418.182153,10.10.0.10,173.194.182.102,,,41888,443,0,37,17
1587481418.185226,173.194.182.102,10.10.0.10,,,443,41888,0,1358,17
1587481418.189665,173.194.182.102,10.10.0.10,,,443,41888,0,1358,17
1587481418.191441,10.10.0.10,173.194.182.102,,,41888,443,0,37,17
1587481418.1941411,173.194.182.102,10.10.0.10,,,443,41888,0,1358,17
1587481418.198622,173.194.182.102,10.10.0.10,,,443,41888,0,1358,17
1587481418.200274,10.10.0.10,173.194.182.102,,,41888,443,0,37,17
1587481418.203075,173.194.182.102,10.10.0.10,,,443,41888,0,1358,17
1587481418.2075288,173.194.182.102,10.10.0.10,,,443,41888,0,1358,17
1587481418.209296,10.10.0.10,173.194.182.102,,,41888,443,0,37,17
1587481418.211968,173.194.182.102,10.10.0.10,,,443,41888,0,1358,17
1587481418.216396,173.194.182.102,10.10.0.10,,,443,41888,0,1358,17
1587481418.2191482,10.10.0.10,173.194.182.102,,,41888,443,0,37,17
1587481418.220834,173.194.182.102,10.10.0.10,,,443,41888,0,1358,17
1587481418.225356,173.194.182.102,10.10.0.10,,,443,41888,0,1358,17
1587481418.226928,10.10.0.10,173.194.182.102,,,41888,443,0,37,17
1587481418.229743,173.194.182.102,10.10.0.10,,,443,41888,0,272,17
1587481418.230783,173.194.182.102,10.10.0.10,,,443,41888,0,1358,17
1587481418.233614,10.10.0.10,173.194.182.102,,,41888,443,0,37,17
1587481418.23521,173.194.182.102,10.10.0.10,,,443,41888,0,1358,17
1587481418.239696,173.194.182.102,10.10.0.10,,,443,41888,0,1358,17
1587481418.241424,10.10.0.10,173.194.182.102,,,41888,443,0,37,17
1587481418.244146,173.194.182.102,10.10.0.10,,,443,41888,0,1358,17
1587481418.2485778,173.194.182.102,10.10.0.10,,,443,41888,0,1358,17
1587481418.2505732,10.10.0.10,173.194.182.102,,,41888,443,0,37,17
1587481418.253055,173.194.182.102,10.10.0.10,,,443,41888,0,1358,17
1587481418.2574651,173.194.182.102,10.10.0.10,,,443,41888,0,1358,17
1587481418.25911,10.10.0.10,173.194.182.102,,,41888,443,0,37,17
1587481418.2619162,173.194.182.102,10.10.0.10,,,443,41888,0,1358,17
1587481418.266418,173.194.182.102,10.10.0.10,,,443,41888,0,1358,17
1587481418.269049,10.10.0.10,173.194.182.102,,,41888,443,0,37,17
1587481418.2708125,173.194.182.102,10.10.0.10,,,443,41888,0,1358,17
1587481418.275326,173.194.182.102,10.10.0.10,,,443,41888,0,1358,17
1587481418.276964,10.10.0.10,173.194.182.102,,,41888,443,0,37,17
1587481418.279756,173.194.182.102,10.10.0.10,,,443,41888,0,1358,17
1587481418.2842348,173.194.182.102,10.10.0.10,,,443,41888,0,1358,17
1587481418.2857769,10.10.0.10,173.194.182.102,,,41888,443,0,37,17
1587481418.2886634,173.194.182.102,10.10.0.10,,,443,41888,0,1358,17
1587481418.2930892,173.194.182.102,10.10.0.10,,,443,41888,0,1358,17
1587481418.2945304,10.10.0.10,173.194.182.102,,,41888,443,0,37,17
1587481418.2975972,173.194.182.102,10.10.0.10,,,443,41888,0,1358,17
1587481418.302056,173.194.182.102,10.10.0.10,,,443,41888,0,1358,17
1587481418.30363,10.10.0.10,173.194.182.102,,,41888,443,0,37,17
1587481418.306475,173.194.182.102,10.10.0.10,,,443,41888,0,1358,17
1587481418.310959,173.194.182.102,10.10.0.10,,,443,41888,0,1358,17
1587481418.313116,10.10.0.10,173.194.182.102,,,41888,443,0,37,17
1587481418.3154118,173.194.182.102,10.10.0.10,,,443,41888,0,1358,17
1587481418.319868,173.194.182.102,10.10.0.10,,,443,41888,0,1358,17
1587481418.3226278,10.10.0.10,173.194.182.102,,,41888,443,0,50,17
1587481418.324323,173.194.182.102,10.10.0.10,,,443,41888,0,1358,17
1587481418.3287456,173.194.182.102,10.10.0.10,,,443,41888,0,1358,17
1587481418.3308382,10.10.0.10,173.194.182.102,,,41888,443,0,37,17
1587481418.333232,173.194.182.102,10.10.0.10,,,443,41888,0,1358,17
1587481418.3376858,173.194.182.102,10.10.0.10,,,443,41888,0,1358,17
1587481418.339276,10.10.0.10,173.194.182.102,,,41888,443,0,37,17
1587481418.342081,173.194.182.102,10.10.0.10,,,443,41888,0,1358,17
1587481418.3465712,173.194.182.102,10.10.0.10,,,443,41888,0,1358,17
1587481418.348171,10.10.0.10,173.194.182.102,,,41888,443,0,37,17
1587481418.351049,173.194.182.102,10.10.0.10,,,443,41888,0,1358,17
1587481418.355444,173.194.182.102,10.10.0.10,,,443,41888,0,1358,17
1587481418.3568811,10.10.0.10,173.194.182.102,,,41888,443,0,37,17
1587481418.3599582,173.194.182.102,10.10.0.10,,,443,41888,0,1358,17
1587481418.364413,173.194.182.102,10.10.0.10,,,443,41888,0,1358,17
1587481418.366026,10.10.0.10,173.194.182.102,,,41888,443,0,37,17
1587481418.368807,173.194.182.102,10.10.0.10,,,443,41888,0,1358,17
1587481418.373321,173.194.182.102,10.10.0.10,,,443,41888,0,1358,17
1587481418.3747349,10.10.0.10,173.194.182.102,,,41888,443,0,37,17
1587481418.377776,173.194.182.102,10.10.0.10,,,443,41888,0,1358,17
1587481418.3821714,173.194.182.102,10.10.0.10,,,443,41888,0,1358,17
1587481418.383816,10.10.0.10,173.194.182.102,,,41888,443,0,37,17
1587481418.3866842,173.194.182.102,10.10.0.10,,,443,41888,0,1358,17
1587481418.3911376,173.194.182.102,10.10.0.10,,,443,41888,0,1358,17
1587481418.3926694,10.10.0.10,173.194.182.102,,,41888,443,0,37,17
1587481418.395534,173.194.182.102,10.10.0.10,,,443,41888,0,1358,17
1587481418.400048,173.194.182.102,10.10.0.10,,,443,41888,0,1358,17
1587481418.401901,10.10.0.10,173.194.182.102,,,41888,443,0,37,17
1587481418.4045026,173.194.182.102,10.10.0.10,,,443,41888,0,1358,17
1587481418.408928,173.194.182.102,10.10.0.10,,,443,41888,0,1358,17
1587481418.411043,10.10.0.10,173.194.182.102,,,41888,443,0,37,17
1587481418.41341,173.194.182.102,10.10.0.10,,,443,41888,0,1358,17
1587481418.417865,173.194.182.102,10.10.0.10,,,443,41888,0,1358,17
1587481418.419609,10.10.0.10,173.194.182.102,,,41888,443,0,37,17
1587481418.4222894,173.194.182.102,10.10.0.10,,,443,41888,0,1358,17
1587481418.4267821,173.194.182.102,10.10.0.10,,,443,41888,0,1358,17
1587481418.4285412,10.10.0.10,173.194.182.102,,,41888,443,0,37,17
1587481418.4312348,173.194.182.102,10.10.0.10,,,443,41888,0,1358,17
1587481418.43566,173.194.182.102,10.10.0.10,,,443,41888,0,1358,17
1587481418.43752,10.10.0.10,173.194.182.102,,,41888,443,0,37,17
1587481418.4401462,173.194.182.102,10.10.0.10,,,443,41888,0,1358,17
1587481418.4445992,173.194.182.102,10.10.0.10,,,443,41888,0,1358,17
1587481418.446416,10.10.0.10,173.194.182.102,,,41888,443,0,37,17
1587481418.449023,173.194.182.102,10.10.0.10,,,443,41888,0,1358,17
1587481418.453509,173.194.182.102,10.10.0.10,,,443,41888,0,1358,17
1587481418.455558,10.10.0.10,173.194.182.102,,,41888,443,0,37,17
1587481418.4579296,173.194.182.102,10.10.0.10,,,443,41888,0,1358,17
1587481418.4623866,173.194.182.102,10.10.0.10,,,443,41888,0,1358,17
1587481418.464375,10.10.0.10,173.194.182.102,,,41888,443,0,37,17
1587481418.46684,173.194.182.102,10.10.0.10,,,443,41888,0,1358,17
1587481418.4713252,173.194.182.102,10.10.0.10,,,443,41888,0,1358,17
1587481418.473288,10.10.0.10,173.194.182.102,,,41888,443,0,37,17
1587481418.475749,173.194.182.102,10.10.0.10,,,443,41888,0,1358,17
1587481418.480234,173.194.182.102,10.10.0.10,,,443,41888,0,1358,17
1587481418.481915,10.10.0.10,173.194.182.102,,,41888,443,0,37,17
1587481418.484689,173.194.182.102,10.10.0.10,,,443,41888,0,1358,17
1587481418.489112,173.194.182.102,10.10.0.10,,,443,41888,0,1358,17
1587481418.4908285,10.10.0.10,173.194.182.102,,,41888,443,0,37,17
1587481418.4936,173.194.182.102,10.10.0.10,,,443,41888,0,1358,17
1587481418.498052,173.194.182.102,10.10.0.10,,,443,41888,0,1358,17
1587481418.499667,10.10.0.10,173.194.182.102,,,41888,443,0,50,17
1587481418.5024738,173.194.182.102,10.10.0.10,,,443,41888,0,1358,17
1587481418.5069606,173.194.182.102,10.10.0.10,,,443,41888,0,1358,17
1587481418.5084348,10.10.0.10,173.194.182.102,,,41888,443,0,37,17
1587481418.511416,173.194.182.102,10.10.0.10,,,443,41888,0,1358,17
1587481418.515873,173.194.182.102,10.10.0.10,,,443,41888,0,1358,17
1587481418.5175366,10.10.0.10,173.194.182.102,,,41888,443,0,37,17
1587481418.5203238,173.194.182.102,10.10.0.10,,,443,41888,0,1358,17
1587481418.524767,173.194.182.102,10.10.0.10,,,443,41888,0,1358,17
1587481418.527713,10.10.0.10,173.194.182.102,,,41888,443,0,37,17
1587481418.5292099,173.194.182.102,10.10.0.10,,,443,41888,0,1358,17
1587481418.533689,173.194.182.102,10.10.0.10,,,443,41888,0,1358,17
1587481418.5360632,10.10.0.10,173.194.182.102,,,41888,443,0,37,17
1587481418.538142,173.194.182.102,10.10.0.10,,,443,41888,0,1358,17
1587481418.542599,173.194.182.102,10.10.0.10,,,443,41888,0,1358,17
1587481418.544185,10.10.0.10,173.194.182.102,,,41888,443,0,37,17
1587481418.547051,173.194.182.102,10.10.0.10,,,443,41888,0,1358,17
1587481418.5515044,173.194.182.102,10.10.0.10,,,443,41888,0,1358,17
1587481418.554754,10.10.0.10,173.194.182.102,,,41888,443,0,37,17
1587481418.55596,173.194.182.102,10.10.0.10,,,443,41888,0,1358,17
1587481418.560416,173.194.182.102,10.10.0.10,,,443,41888,0,1358,17
1587481418.561992,10.10.0.10,173.194.182.102,,,41888,443,0,37,17
1587481418.5648675,173.194.182.102,10.10.0.10,,,443,41888,0,1358,17
1587481418.5693252,173.194.182.102,10.10.0.10,,,443,41888,0,1358,17
1587481418.5709991,10.10.0.10,173.194.182.102,,,41888,443,0,37,17
1587481418.573778,173.194.182.102,10.10.0.10,,,443,41888,0,1358,17
1587481418.578231,173.194.182.102,10.10.0.10,,,443,41888,0,1358,17
1587481418.5796828,10.10.0.10,173.194.182.102,,,41888,443,0,37,17
1587481418.582689,173.194.182.102,10.10.0.10,,,443,41888,0,1358,17
1587481418.587141,173.194.182.102,10.10.0.10,,,443,41888,0,1358,17
1587481418.5887902,10.10.0.10,173.194.182.102,,,41888,443,0,37,17
1587481418.591595,173.194.182.102,10.10.0.10,,,443,41888,0,1358,17
1587481418.596017,173.194.182.102,10.10.0.10,,,443,41888,0,1358,17
1587481418.597582,10.10.0.10,173.194.182.102,,,41888,443,0,37,17
1587481418.60048,173.194.182.102,10.10.0.10,,,443,41888,0,1358,17
1587481418.604958,173.194.182.102,10.10.0.10,,,443,41888,0,1358,17
1587481418.606583,10.10.0.10,173.194.182.102,,,41888,443,0,37,17
1587481418.609388,173.194.182.102,10.10.0.10,,,443,41888,0,1358,17
1587481418.6138668,173.194.182.102,10.10.0.10,,,443,41888,0,1358,17
1587481418.615433,10.10.0.10,173.194.182.102,,,41888,443,0,37,17
1587481418.6183221,173.194.182.102,10.10.0.10,,,443,41888,0,1358,17
1587481418.622775,173.194.182.102,10.10.0.10,,,443,41888,0,1358,17
1587481418.6243868,10.10.0.10,173.194.182.102,,,41888,443,0,37,17
1587481418.6272292,173.194.182.102,10.10.0.10,,,443,41888,0,1358,17
1587481418.6316829,173.194.182.102,10.10.0.10,,,443,41888,0,1358,17
1587481418.63375,10.10.0.10,173.194.182.102,,,41888,443,0,37,17
1587481418.6361148,173.194.182.102,10.10.0.10,,,443,41888,0,1358,17
1587481418.640594,173.194.182.102,10.10.0.10,,,443,41888,0,1358,17
1587481418.642186,10.10.0.10,173.194.182.102,,,41888,443,0,37,17
1587481418.6450481,173.194.182.102,10.10.0.10,,,443,41888,0,1358,17
1587481418.6494699,173.194.182.102,10.10.0.10,,,443,41888,0,1358,17
1587481418.6539571,173.194.182.102,10.10.0.10,,,443,41888,0,1358,17
1587481418.6583881,173.194.182.102,10.10.0.10,,,443,41888,0,1358,17
1587481418.662865,173.194.182.102,10.10.0.10,,,443,41888,0,1358,17
1587481418.6673179,173.194.182.102,10.10.0.10,,,443,41888,0,1358,17
1587481418.6717732,173.194.182.102,10.10.0.10,,,443,41888,0,1358,17
1587481418.6762292,173.194.182.102,10.10.0.10,,,443,41888,0,1358,17
1587481418.676791,10.10.0.10,173.194.182.102,,,41888,443,0,37,17
1587481418.680684,173.194.182.102,10.10.0.10,,,443,41888,0,1358,17
1587481418.687742,173.194.182.102,10.10.0.10,,,443,41888,0,1358,17
1587481418.690404,10.10.0.10,173.194.182.102,,,41888,443,0,37,17
1587481418.6914508,10.10.0.10,173.194.182.102,,,41888,443,0,37,17
1587481418.692672,10.10.0.10,173.194.182.102,,,41888,443,0,50,17
1587481418.692776,173.194.182.102,10.10.0.10,,,443,41888,0,1358,17
1587481418.6929069,10.10.0.10,173.194.182.102,,,41888,443,0,37,17
1587481418.70097,173.194.182.102,10.10.0.10,,,443,41888,0,1358,17
1587481418.702788,10.10.0.10,173.194.182.102,,,41888,443,0,37,17
1587481418.706054,173.194.182.102,10.10.0.10,,,443,41888,0,1358,17
1587481418.7060995,173.194.182.102,10.10.0.10,,,443,41888,0,1358,17
1587481418.708443,10.10.0.10,173.194.182.102,,,41888,443,0,37,17
1587481418.7140772,173.194.182.102,10.10.0.10,,,443,41888,0,1358,17
1587481418.714333,173.194.182.102,10.10.0.10,,,443,41888,0,1358,17
1587481418.7176929,10.10.0.10,173.194.182.102,,,41888,443,0,37,17
1587481418.723171,173.194.182.102,10.10.0.10,,,443,41888,0,1358,17
1587481418.723218,173.194.182.102,10.10.0.10,,,443,41888,0,1358,17
1587481418.725215,10.10.0.10,173.194.182.102,,,41888,443,0,37,17
1587481418.732091,173.194.182.102,10.10.0.10,,,443,41888,0,1358,17
1587481418.732137,173.194.182.102,10.10.0.10,,,443,41888,0,1358,17
1587481418.739335,173.194.182.102,10.10.0.10,,,443,41888,0,1358,17
1587481418.7410982,173.194.182.102,10.10.0.10,,,443,41888,0,1358,17
1587481418.7465901,173.194.182.102,10.10.0.10,,,443,41888,0,1358,17
1587481418.750011,173.194.182.102,10.10.0.10,,,443,41888,0,1358,17
1587481418.7543938,173.194.182.102,10.10.0.10,,,443,41888,0,1358,17
1587481418.7589102,173.194.182.102,10.10.0.10,,,443,41888,0,1358,17
1587481418.763376,173.194.182.102,10.10.0.10,,,443,41888,0,1358,17
1587481418.7678258,173.194.182.102,10.10.0.10,,,443,41888,0,1358,17
1587481418.7722821,173.194.182.102,10.10.0.10,,,443,41888,0,1358,17
1587481418.776706,173.194.182.102,10.10.0.10,,,443,41888,0,1358,17
1587481418.781191,173.194.182.102,10.10.0.10,,,443,41888,0,1358,17
1587481418.785648,173.194.182.102,10.10.0.10,,,443,41888,0,1358,17
1587481418.790099,173.194.182.102,10.10.0.10,,,443,41888,0,1358,17
1587481418.8178134,10.10.0.10,173.194.182.102,,,41888,443,0,37,17
1587481418.8212602,10.10.0.10,173.194.182.102,,,41888,443,0,37,17
1587481418.821308,10.10.0.10,173.194.182.102,,,41888,443,0,37,17
1587481418.8223212,10.10.0.10,173.194.182.102,,,41888,443,0,37,17
1587481418.8233054,10.10.0.10,173.194.182.102,,,41888,443,0,37,17
1587481418.824367,10.10.0.10,173.194.182.102,,,41888,443,0,37,17
1587481418.824414,10.10.0.10,173.194.182.102,,,41888,443,0,37,17
1587481418.8286428,173.194.182.102,10.10.0.10,,,443,41888,0,1358,17
1587481418.8286908,173.194.182.102,10.10.0.10,,,443,41888,0,1358,17
1587481418.8304052,10.10.0.10,173.194.182.102,,,41888,443,0,37,17
1587481418.834485,173.194.182.102,10.10.0.10,,,443,41888,0,1358,17
1587481418.8363411,10.10.0.10,173.194.182.102,,,41888,443,0,37,17
1587481418.836927,173.194.182.102,10.10.0.10,,,443,41888,0,1358,17
1587481418.8438828,173.194.182.102,10.10.0.10,,,443,41888,0,1358,17
1587481418.8458679,173.194.182.102,10.10.0.10,,,443,41888,0,1358,17
1587481418.8519342,173.194.182.102,10.10.0.10,,,443,41888,0,1358,17
1587481418.854782,173.194.182.102,10.10.0.10,,,443,41888,0,1358,17
1587481418.8591962,173.194.182.102,10.10.0.10,,,443,41888,0,1358,17
1587481418.8636932,173.194.182.102,10.10.0.10,,,443,41888,0,1358,17
1587481418.8681474,173.194.182.102,10.10.0.10,,,443,41888,0,1358,17
1587481418.872603,173.194.182.102,10.10.0.10,,,443,41888,0,1358,17
1587481418.8770561,173.194.182.102,10.10.0.10,,,443,41888,0,1358,17
1587481418.8814852,173.194.182.102,10.10.0.10,,,443,41888,0,1358,17
1587481418.885969,173.194.182.102,10.10.0.10,,,443,41888,0,1358,17
1587481418.890422,173.194.182.102,10.10.0.10,,,443,41888,0,1358,17
1587481418.8948762,173.194.182.102,10.10.0.10,,,443,41888,0,1358,17
1587481418.8993332,173.194.182.102,10.10.0.10,,,443,41888,0,1358,17
1587481418.9037461,173.194.182.102,10.10.0.10,,,443,41888,0,1358,17
1587481418.908218,173.194.182.102,10.10.0.10,,,443,41888,0,1358,17
1587481418.912693,173.194.182.102,10.10.0.10,,,443,41888,0,1358,17
1587481418.917149,173.194.182.102,10.10.0.10,,,443,41888,0,1358,17
1587481418.921601,173.194.182.102,10.10.0.10,,,443,41888,0,1358,17
1587481419.0031376,173.194.182.102,10.10.0.10,,,443,41888,0,1358,17
1587481419.0564802,10.10.0.10,173.194.182.102,,,41888,443,0,37,17
1587481419.0643492,10.10.0.10,173.194.182.102,,,41888,443,0,37,17
1587481419.066385,10.10.0.10,173.194.182.102,,,41888,443,0,37,17
1587481419.068046,10.10.0.10,173.194.182.102,,,41888,443,0,37,17
1587481419.0685651,10.10.0.10,173.194.182.102,,,41888,443,0,37,17
1587481419.070169,10.10.0.10,173.194.182.102,,,41888,443,0,50,17
1587481419.0722039,10.10.0.10,173.194.182.102,,,41888,443,0,37,17
1587481419.072259,10.10.0.10,173.194.182.102,,,41888,443,0,37,17
1587481419.0750852,173.194.182.102,10.10.0.10,,,443,41888,0,1358,17
1587481419.0751412,173.194.182.102,10.10.0.10,,,443,41888,0,1358,17
1587481419.076375,10.10.0.10,173.194.182.102,,,41888,443,0,37,17
1587481419.07643,10.10.0.10,173.194.182.102,,,41888,443,0,37,17
1587481419.077742,10.10.0.10,173.194.182.102,,,41888,443,0,37,17
1587481419.0783231,10.10.0.10,173.194.182.102,,,41888,443,0,37,17
1587481419.0830526,173.194.182.102,10.10.0.10,,,443,41888,0,1358,17
1587481419.083368,173.194.182.102,10.10.0.10,,,443,41888,0,1358,17
1587481419.0924802,173.194.182.102,10.10.0.10,,,443,41888,0,1358,17
1587481419.092533,173.194.182.102,10.10.0.10,,,443,41888,0,1358,17
1587481419.0984268,173.194.182.102,10.10.0.10,,,443,41888,0,1358,17
1587481419.1012301,173.194.182.102,10.10.0.10,,,443,41888,0,1358,17
1587481419.105906,173.194.182.102,10.10.0.10,,,443,41888,0,1358,17
1587481419.110125,173.194.182.102,10.10.0.10,,,443,41888,0,1358,17
1587481419.114592,173.194.182.102,10.10.0.10,,,443,41888,0,1358,17
1587481419.119045,173.194.182.102,10.10.0.10,,,443,41888,0,1358,17
1587481419.123503,173.194.182.102,10.10.0.10,,,443,41888,0,1358,17
1587481419.127958,173.194.182.102,10.10.0.10,,,443,41888,0,1358,17
1587481419.132415,173.194.182.102,10.10.0.10,,,443,41888,0,1358,17
1587481419.136864,173.194.182.102,10.10.0.10,,,443,41888,0,1358,17
1587481419.1413224,173.194.182.102,10.10.0.10,,,443,41888,0,1358,17
1587481419.145778,173.194.182.102,10.10.0.10,,,443,41888,0,1358,17
1587481419.1502278,173.194.182.102,10.10.0.10,,,443,41888,0,1358,17
1587481419.154635,173.194.182.102,10.10.0.10,,,443,41888,0,1358,17
1587481419.1590755,173.194.182.102,10.10.0.10,,,443,41888,0,1358,17
1587481419.163544,173.194.182.102,10.10.0.10,,,443,41888,0,1358,17
1587481419.1679769,173.194.182.102,10.10.0.10,,,443,41888,0,1358,17
1587481419.1724489,173.194.182.102,10.10.0.10,,,443,41888,0,1358,17
1587481419.1769311,173.194.182.102,10.10.0.10,,,443,41888,0,1358,17
1587481419.1813262,173.194.182.102,10.10.0.10,,,443,41888,0,1358,17
1587481419.185792,173.194.182.102,10.10.0.10,,,443,41888,0,1358,17
1587481419.301527,10.10.0.10,173.194.182.102,,,41888,443,0,43,17
1587481419.307357,10.10.0.10,173.194.182.102,,,41888,443,0,37,17
1587481419.308864,10.10.0.10,173.194.182.102,,,41888,443,0,37,17
1587481419.309866,10.10.0.10,173.194.182.102,,,41888,443,0,37,17
1587481419.311312,10.10.0.10,173.194.182.102,,,41888,443,0,37,17
1587481419.311857,10.10.0.10,173.194.182.102,,,41888,443,0,37,17
1587481419.313306,10.10.0.10,173.194.182.102,,,41888,443,0,37,17
1587481419.3149722,173.194.182.102,10.10.0.10,,,443,41888,0,29,17
1587481419.3152122,10.10.0.10,173.194.182.102,,,41888,443,0,37,17
1587481419.315331,10.10.0.10,173.194.182.102,,,41888,443,0,37,17
1587481419.3175519,173.194.182.102,10.10.0.10,,,443,41888,0,1358,17
1587481419.317589,173.194.182.102,10.10.0.10,,,443,41888,0,1358,17
1587481419.318717,10.10.0.10,173.194.182.102,,,41888,443,0,37,17
1587481419.3187628,10.10.0.10,173.194.182.102,,,41888,443,0,37,17
1587481419.318969,10.10.0.10,173.194.182.102,,,41888,443,0,37,17
1587481419.318987,10.10.0.10,173.194.182.102,,,41888,443,0,37,17
1587481419.3209991,10.10.0.10,173.194.182.102,,,41888,443,0,37,17
1587481419.3241544,173.194.182.102,10.10.0.10,,,443,41888,0,1358,17
1587481419.3258214,173.194.182.102,10.10.0.10,,,443,41888,0,1358,17
1587481419.3318632,173.194.182.102,10.10.0.10,,,443,41888,0,1358,17
1587481419.334713,173.194.182.102,10.10.0.10,,,443,41888,0,1358,17
1587481419.3403876,173.194.182.102,10.10.0.10,,,443,41888,0,1358,17
1587481419.343704,173.194.182.102,10.10.0.10,,,443,41888,0,1358,17
1587481419.3492658,173.194.182.102,10.10.0.10,,,443,41888,0,1358,17
1587481419.3525972,173.194.182.102,10.10.0.10,,,443,41888,0,1358,17
1587481419.357053,173.194.182.102,10.10.0.10,,,443,41888,0,1358,17
1587481419.3615026,173.194.182.102,10.10.0.10,,,443,41888,0,1358,17
1587481419.36596,173.194.182.102,10.10.0.10,,,443,41888,0,1358,17
1587481419.3703554,173.194.182.102,10.10.0.10,,,443,41888,0,1358,17
1587481419.3748698,173.194.182.102,10.10.0.10,,,443,41888,0,1358,17
1587481419.379329,173.194.182.102,10.10.0.10,,,443,41888,0,1358,17
1587481419.3837821,173.194.182.102,10.10.0.10,,,443,41888,0,1358,17
1587481419.3882349,173.194.182.102,10.10.0.10,,,443,41888,0,1358,17
1587481419.39269,173.194.182.102,10.10.0.10,,,443,41888,0,1358,17
1587481419.397145,173.194.182.102,10.10.0.10,,,443,41888,0,1358,17
1587481419.4015946,173.194.182.102,10.10.0.10,,,443,41888,0,1358,17
1587481419.4060528,173.194.182.102,10.10.0.10,,,443,41888,0,1358,17
1587481419.410505,173.194.182.102,10.10.0.10,,,443,41888,0,1358,17
1587481419.4148922,173.194.182.102,10.10.0.10,,,443,41888,0,1358,17
1587481419.419416,173.194.182.102,10.10.0.10,,,443,41888,0,1358,17
1587481419.4223142,10.10.0.10,173.194.182.102,,,41888,443,0,37,17
1587481419.423867,173.194.182.102,10.10.0.10,,,443,41888,0,1358,17
1587481419.42541,10.10.0.10,173.194.182.102,,,41888,443,0,37,17
1587481419.4272141,10.10.0.10,173.194.182.102,,,41888,443,0,37,17
1587481419.4277134,10.10.0.10,173.194.182.102,,,41888,443,0,37,17
1587481419.4282918,173.194.182.102,10.10.0.10,,,443,41888,0,1358,17
1587481419.4287634,10.10.0.10,173.194.182.102,,,41888,443,0,37,17
1587481419.430216,10.10.0.10,173.194.182.102,,,41888,443,0,37,17
1587481419.430995,10.10.0.10,173.194.182.102,,,41888,443,0,50,17
1587481419.4319026,10.10.0.10,173.194.182.102,,,41888,443,0,37,17
1587481419.432535,10.10.0.10,173.194.182.102,,,41888,443,0,37,17
1587481419.4327102,173.194.182.102,10.10.0.10,,,443,41888,0,1358,17
1587481419.43357,10.10.0.10,173.194.182.102,,,41888,443,0,40,17
1587481419.4350948,10.10.0.10,173.194.182.102,,,41888,443,0,37,17
1587481419.435677,10.10.0.10,173.194.182.102,,,41888,443,0,37,17
1587481419.435815,10.10.0.10,173.194.182.102,,,41888,443,0,37,17
1587481419.43719,173.194.182.102,10.10.0.10,,,443,41888,0,1358,17
1587481419.437331,10.10.0.10,173.194.182.102,,,41888,443,0,37,17
1587481419.438051,10.10.0.10,173.194.182.102,,,41888,443,0,37,17
1587481419.441653,173.194.182.102,10.10.0.10,,,443,41888,0,1358,17
1587481419.4432454,10.10.0.10,173.194.182.102,,,41888,443,0,37,17
1587481419.4461148,173.194.182.102,10.10.0.10,,,443,41888,0,1358,17
1587481419.450562,173.194.182.102,10.10.0.10,,,443,41888,0,1358,17
1587481419.4550474,173.194.182.102,10.10.0.10,,,443,41888,0,1358,17
1587481419.459504,173.194.182.102,10.10.0.10,,,443,41888,0,32,17
1587481419.4596438,173.194.182.102,10.10.0.10,,,443,41888,0,1358,17
1587481419.464169,173.194.182.102,10.10.0.10,,,443,41888,0,1358,17
1587481419.468622,173.194.182.102,10.10.0.10,,,443,41888,0,1358,17
1587481419.4730818,173.194.182.102,10.10.0.10,,,443,41888,0,1358,17
1587481419.477476,173.194.182.102,10.10.0.10,,,443,41888,0,1358,17
1587481419.4819858,173.194.182.102,10.10.0.10,,,443,41888,0,1358,17
1587481419.48644,173.194.182.102,10.10.0.10,,,443,41888,0,1358,17
1587481419.490896,173.194.182.102,10.10.0.10,,,443,41888,0,1358,17
1587481419.495351,173.194.182.102,10.10.0.10,,,443,41888,0,1358,17
1587481419.4998028,173.194.182.102,10.10.0.10,,,443,41888,0,1358,17
1587481419.504257,173.194.182.102,10.10.0.10,,,443,41888,0,1358,17
1587481419.5087216,173.194.182.102,10.10.0.10,,,443,41888,0,1358,17
1587481419.513156,173.194.182.102,10.10.0.10,,,443,41888,0,1358,17
1587481419.517621,173.194.182.102,10.10.0.10,,,443,41888,0,1358,17
1587481419.522079,173.194.182.102,10.10.0.10,,,443,41888,0,1358,17
1587481419.526532,173.194.182.102,10.10.0.10,,,443,41888,0,1358,17
1587481419.530984,173.194.182.102,10.10.0.10,,,443,41888,0,1358,17
1587481419.535408,173.194.182.102,10.10.0.10,,,443,41888,0,1358,17
1587481419.5398939,173.194.182.102,10.10.0.10,,,443,41888,0,1358,17
1587481419.5421882,10.10.0.10,173.194.182.102,,,41888,443,0,37,17
1587481419.5435462,10.10.0.10,173.194.182.102,,,41888,443,0,37,17
1587481419.5443466,173.194.182.102,10.10.0.10,,,443,41888,0,1358,17
1587481419.5445318,10.10.0.10,173.194.182.102,,,41888,443,0,37,17
1587481419.546936,10.10.0.10,173.194.182.102,,,41888,443,0,37,17
1587481419.547039,10.10.0.10,173.194.182.102,,,41888,443,0,37,17
1587481419.54881,173.194.182.102,10.10.0.10,,,443,41888,0,1358,17
1587481419.5504372,10.10.0.10,173.194.182.102,,,41888,443,0,37,17
1587481419.550482,10.10.0.10,173.194.182.102,,,41888,443,0,37,17
1587481419.552384,10.10.0.10,173.194.182.102,,,41888,443,0,37,17
1587481419.553191,173.194.182.102,10.10.0.10,,,443,41888,0,1358,17
1587481419.554541,10.10.0.10,173.194.182.102,,,41888,443,0,37,17
1587481419.556387,10.10.0.10,173.194.182.102,,,41888,443,0,37,17
1587481419.5577116,173.194.182.102,10.10.0.10,,,443,41888,0,1358,17
1587481419.557793,10.10.0.10,173.194.182.102,,,41888,443,0,50,17
1587481419.558206,10.10.0.10,173.194.182.102,,,41888,443,0,37,17
1587481419.5594108,10.10.0.10,173.194.182.102,,,41888,443,0,37,17
1587481419.5621245,173.194.182.102,10.10.0.10,,,443,41888,0,1358,17
1587481419.566623,173.194.182.102,10.10.0.10,,,443,41888,0,1358,17
1587481419.5710876,173.194.182.102,10.10.0.10,,,443,41888,0,1358,17
1587481419.5755286,173.194.182.102,10.10.0.10,,,443,41888,0,1358,17
1587481419.5799859,173.194.182.102,10.10.0.10,,,443,41888,0,1358,17
1587481419.584438,173.194.182.102,10.10.0.10,,,443,41888,0,1358,17
1587481419.5888605,173.194.182.102,10.10.0.10,,,443,41888,0,1358,17
1587481419.5933502,173.194.182.102,10.10.0.10,,,443,41888,0,1358,17
1587481419.5978,173.194.182.102,10.10.0.10,,,443,41888,0,29,17
1587481419.597929,173.194.182.102,10.10.0.10,,,443,41888,0,1358,17
1587481419.602459,173.194.182.102,10.10.0.10,,,443,41888,0,1358,17
1587481419.6069136,173.194.182.102,10.10.0.10,,,443,41888,0,1358,17
1587481419.611332,173.194.182.102,10.10.0.10,,,443,41888,0,1358,17
1587481419.615822,173.194.182.102,10.10.0.10,,,443,41888,0,1358,17
1587481419.620282,173.194.182.102,10.10.0.10,,,443,41888,0,1358,17
1587481419.6247306,173.194.182.102,10.10.0.10,,,443,41888,0,1358,17
1587481419.6291866,173.194.182.102,10.10.0.10,,,443,41888,0,1358,17
1587481419.6335802,173.194.182.102,10.10.0.10,,,443,41888,0,1358,17
1587481419.6381068,173.194.182.102,10.10.0.10,,,443,41888,0,1358,17
1587481419.64255,173.194.182.102,10.10.0.10,,,443,41888,0,1358,17
1587481419.647001,173.194.182.102,10.10.0.10,,,443,41888,0,1358,17
1587481419.651454,173.194.182.102,10.10.0.10,,,443,41888,0,1358,17
1587481419.6558769,173.194.182.102,10.10.0.10,,,443,41888,0,1358,17
1587481419.6582372,10.10.0.10,173.194.182.102,,,41888,443,0,37,17
1587481419.660325,173.194.182.102,10.10.0.10,,,443,41888,0,1358,17
1587481419.660429,10.10.0.10,173.194.182.102,,,41888,443,0,37,17
1587481419.66068,10.10.0.10,173.194.182.102,,,41888,443,0,37,17
1587481419.662401,10.10.0.10,173.194.182.102,,,41888,443,0,37,17
1587481419.6637769,10.10.0.10,173.194.182.102,,,41888,443,0,37,17
1587481419.6644428,10.10.0.10,173.194.182.102,,,41888,443,0,37,17
1587481419.664785,173.194.182.102,10.10.0.10,,,443,41888,0,1358,17
1587481419.6649342,10.10.0.10,173.194.182.102,,,41888,443,0,37,17
1587481419.6665466,10.10.0.10,173.194.182.102,,,41888,443,0,37,17
1587481419.667609,10.10.0.10,173.194.182.102,,,41888,443,0,37,17
1587481419.6681929,10.10.0.10,173.194.182.102,,,41888,443,0,37,17
1587481419.669239,173.194.182.102,10.10.0.10,,,443,41888,0,1358,17
1587481419.671583,10.10.0.10,173.194.182.102,,,41888,443,0,37,17
1587481419.673727,173.194.182.102,10.10.0.10,,,443,41888,0,1358,17
1587481419.6781812,173.194.182.102,10.10.0.10,,,443,41888,0,1358,17
1587481419.680681,10.10.0.10,173.194.182.102,,,41888,443,0,37,17
1587481419.682602,173.194.182.102,10.10.0.10,,,443,41888,0,1358,17
1587481419.6834884,10.10.0.10,173.194.182.102,,,41888,443,0,37,17
1587481419.6870909,173.194.182.102,10.10.0.10,,,443,41888,0,1358,17
1587481419.6915221,173.194.182.102,10.10.0.10,,,443,41888,0,1358,17
1587481419.695966,173.194.182.102,10.10.0.10,,,443,41888,0,1358,17
1587481419.7004602,173.194.182.102,10.10.0.10,,,443,41888,0,1358,17
1587481419.704914,173.194.182.102,10.10.0.10,,,443,41888,0,1358,17
1587481419.709344,173.194.182.102,10.10.0.10,,,443,41888,0,1358,17
1587481419.713823,173.194.182.102,10.10.0.10,,,443,41888,0,1358,17
1587481419.7182775,173.194.182.102,10.10.0.10,,,443,41888,0,1358,17
1587481419.722703,173.194.182.102,10.10.0.10,,,443,41888,0,1358,17
1587481419.727187,173.194.182.102,10.10.0.10,,,443,41888,0,1358,17
1587481419.73164,173.194.182.102,10.10.0.10,,,443,41888,0,1358,17
1587481419.7360704,173.194.182.102,10.10.0.10,,,443,41888,0,1358,17
1587481419.740511,173.194.182.102,10.10.0.10,,,443,41888,0,1358,17
1587481419.745003,173.194.182.102,10.10.0.10,,,443,41888,0,1358,17
1587481419.749435,173.194.182.102,10.10.0.10,,,443,41888,0,1358,17
1587481419.753911,173.194.182.102,10.10.0.10,,,443,41888,0,1358,17
1587481419.758367,173.194.182.102,10.10.0.10,,,443,41888,0,1358,17
1587481419.7628222,173.194.182.102,10.10.0.10,,,443,41888,0,1358,17
1587481419.767282,173.194.182.102,10.10.0.10,,,443,41888,0,1358,17
1587481419.7717302,173.194.182.102,10.10.0.10,,,443,41888,0,1358,17
1587481419.776187,173.194.182.102,10.10.0.10,,,443,41888,0,1358,17
1587481419.7790694,10.10.0.10,173.194.182.102,,,41888,443,0,37,17
1587481419.77912,10.10.0.10,173.194.182.102,,,41888,443,0,37,17
1587481419.780578,10.10.0.10,173.194.182.102,,,41888,443,0,37,17
1587481419.7805972,173.194.182.102,10.10.0.10,,,443,41888,0,1358,17
1587481419.782118,10.10.0.10,173.194.182.102,,,41888,443,0,37,17
1587481419.782167,10.10.0.10,173.194.182.102,,,41888,443,0,50,17
1587481419.7842698,10.10.0.10,173.194.182.102,,,41888,443,0,37,17
1587481419.7849634,10.10.0.10,173.194.182.102,,,41888,443,0,37,17
1587481419.785049,173.194.182.102,10.10.0.10,,,443,41888,0,1358,17
1587481419.786374,10.10.0.10,173.194.182.102,,,41888,443,0,37,17
1587481419.787389,10.10.0.10,173.194.182.102,,,41888,443,0,37,17
1587481419.7895448,173.194.182.102,10.10.0.10,,,443,41888,0,1358,17
1587481419.7897198,10.10.0.10,173.194.182.102,,,41888,443,0,37,17
1587481419.7904508,10.10.0.10,173.194.182.102,,,41888,443,0,37,17
1587481419.7905009,10.10.0.10,173.194.182.102,,,41888,443,0,37,17
1587481419.7929492,10.10.0.10,173.194.182.102,,,41888,443,0,37,17
1587481419.793214,10.10.0.10,173.194.182.102,,,41888,443,0,37,17
1587481419.794,173.194.182.102,10.10.0.10,,,443,41888,0,177,17
1587481419.7967238,173.194.182.102,10.10.0.10,,,443,41888,0,29,17
1587481419.9018269,10.10.0.10,173.194.182.102,,,41888,443,0,714,17
1587481419.9018776,10.10.0.10,173.194.182.102,,,41888,443,0,48,17
1587481419.913185,173.194.182.102,10.10.0.10,,,443,41888,0,115,17
1587481419.9132285,173.194.182.102,10.10.0.10,,,443,41888,0,1358,17
1587481419.913247,173.194.182.102,10.10.0.10,,,443,41888,0,1358,17
1587481419.915839,10.10.0.10,173.194.182.102,,,41888,443,0,37,17
1587481419.9175322,173.194.182.102,10.10.0.10,,,443,41888,0,1358,17
1587481419.9192526,10.10.0.10,173.194.182.102,,,41888,443,0,37,17
1587481419.921985,173.194.182.102,10.10.0.10,,,443,41888,0,1358,17
1587481419.926416,173.194.182.102,10.10.0.10,,,443,41888,0,1358,17
1587481419.930898,173.194.182.102,10.10.0.10,,,443,41888,0,1358,17
1587481419.9353518,173.194.182.102,10.10.0.10,,,443,41888,0,1358,17
1587481419.939807,173.194.182.102,10.10.0.10,,,443,41888,0,1358,17
1587481419.9442608,173.194.182.102,10.10.0.10,,,443,41888,0,1358,17
1587481419.9486508,173.194.182.102,10.10.0.10,,,443,41888,0,1358,17
1587481419.953166,173.194.182.102,10.10.0.10,,,443,41888,0,1358,17
1587481419.957623,173.194.182.102,10.10.0.10,,,443,41888,0,1358,17
1587481419.9620776,173.194.182.102,10.10.0.10,,,443,41888,0,1358,17
1587481419.9665332,173.194.182.102,10.10.0.10,,,443,41888,0,1358,17
1587481419.9709885,173.194.182.102,10.10.0.10,,,443,41888,0,1358,17
1587481419.975441,173.194.182.102,10.10.0.10,,,443,41888,0,1358,17
1587481419.979896,173.194.182.102,10.10.0.10,,,443,41888,0,1358,17
1587481419.9843512,173.194.182.102,10.10.0.10,,,443,41888,0,1358,17
1587481419.988807,173.194.182.102,10.10.0.10,,,443,41888,0,1358,17
1587481419.99323,173.194.182.102,10.10.0.10,,,443,41888,0,1358,17
1587481419.997712,173.194.182.102,10.10.0.10,,,443,41888,0,1358,17
1587481420.002166,173.194.182.102,10.10.0.10,,,443,41888,0,1358,17
1587481420.006623,173.194.182.102,10.10.0.10,,,443,41888,0,1358,17
1587481420.0110738,173.194.182.102,10.10.0.10,,,443,41888,0,1358,17
1587481420.01553,173.194.182.102,10.10.0.10,,,443,41888,0,1358,17
1587481420.017673,10.10.0.10,173.194.182.102,,,41888,443,0,37,17
1587481420.0199802,173.194.182.102,10.10.0.10,,,443,41888,0,1358,17
1587481420.021484,10.10.0.10,173.194.182.102,,,41888,443,0,37,17
1587481420.0227866,10.10.0.10,173.194.182.102,,,41888,443,0,37,17
1587481420.0244026,173.194.182.102,10.10.0.10,,,443,41888,0,1358,17
1587481420.024938,10.10.0.10,173.194.182.102,,,41888,443,0,37,17
1587481420.02519,10.10.0.10,173.194.182.102,,,41888,443,0,37,17
1587481420.0277538,10.10.0.10,173.194.182.102,,,41888,443,0,37,17
1587481420.0277958,10.10.0.10,173.194.182.102,,,41888,443,0,37,17
1587481420.028848,173.194.182.102,10.10.0.10,,,443,41888,0,1358,17
1587481420.029925,10.10.0.10,173.194.182.102,,,41888,443,0,37,17
1587481420.0310776,10.10.0.10,173.194.182.102,,,41888,443,0,37,17
1587481420.031127,10.10.0.10,173.194.182.102,,,41888,443,0,37,17
1587481420.032042,10.10.0.10,173.194.182.102,,,41888,443,0,37,17
1587481420.0333068,173.194.182.102,10.10.0.10,,,443,41888,0,1358,17
1587481420.0378,173.194.182.102,10.10.0.10,,,443,41888,0,1358,17
1587481420.0390818,10.10.0.10,173.194.182.102,,,41888,443,0,37,17
1587481420.039675,10.10.0.10,173.194.182.102,,,41888,443,0,37,17
1587481420.041458,10.10.0.10,173.194.182.102,,,41888,443,0,37,17
1587481420.0421796,173.194.182.102,10.10.0.10,,,443,41888,0,1358,17
1587481420.046709,173.194.182.102,10.10.0.10,,,443,41888,0,1358,17
1587481420.051162,173.194.182.102,10.10.0.10,,,443,41888,0,1358,17
1587481420.055547,173.194.182.102,10.10.0.10,,,443,41888,0,1358,17
1587481420.060071,173.194.182.102,10.10.0.10,,,443,41888,0,1358,17
1587481420.064526,173.194.182.102,10.10.0.10,,,443,41888,0,1358,17
1587481420.068984,173.194.182.102,10.10.0.10,,,443,41888,0,1358,17
1587481420.0734348,173.194.182.102,10.10.0.10,,,443,41888,0,1358,17
1587481420.0778909,173.194.182.102,10.10.0.10,,,443,41888,0,1358,17
1587481420.0823069,173.194.182.102,10.10.0.10,,,443,41888,0,1358,17
1587481420.0868,173.194.182.102,10.10.0.10,,,443,41888,0,1358,17
1587481420.0912561,173.194.182.102,10.10.0.10,,,443,41888,0,1358,17
1587481420.09571,173.194.182.102,10.10.0.10,,,443,41888,0,1358,17
1587481420.100166,173.194.182.102,10.10.0.10,,,443,41888,0,1358,17
1587481420.1046188,173.194.182.102,10.10.0.10,,,443,41888,0,1358,17
1587481420.109074,173.194.182.102,10.10.0.10,,,443,41888,0,1358,17
1587481420.1118188,10.10.0.10,173.194.182.102,,,41888,443,0,37,17
1587481420.1135235,173.194.182.102,10.10.0.10,,,443,41888,0,1358,17
1587481420.1169431,10.10.0.10,173.194.182.102,,,41888,443,0,37,17
1587481420.1179788,173.194.182.102,10.10.0.10,,,443,41888,0,1358,17
1587481420.1216779,10.10.0.10,173.194.182.102,,,41888,443,0,37,17
1587481420.122283,10.10.0.10,173.194.182.102,,,41888,443,0,50,17
1587481420.1224372,173.194.182.102,10.10.0.10,,,443,41888,0,1358,17
1587481420.1237214,10.10.0.10,173.194.182.102,,,41888,443,0,37,17
1587481420.124308,10.10.0.10,173.194.182.102,,,41888,443,0,37,17
1587481420.1255162,10.10.0.10,173.194.182.102,,,41888,443,0,37,17
1587481420.126888,173.194.182.102,10.10.0.10,,,443,41888,0,1358,17
1587481420.127843,10.10.0.10,173.194.182.102,,,41888,443,0,37,17
1587481420.12839,10.10.0.10,173.194.182.102,,,41888,443,0,37,17
1587481420.1293812,10.10.0.10,173.194.182.102,,,41888,443,0,37,17
1587481420.1313422,173.194.182.102,10.10.0.10,,,443,41888,0,1358,17
1587481420.133464,10.10.0.10,173.194.182.102,,,41888,443,0,37,17
1587481420.135775,173.194.182.102,10.10.0.10,,,443,41888,0,1358,17
1587481420.1402152,173.194.182.102,10.10.0.10,,,443,41888,0,1358,17
1587481420.142303,10.10.0.10,173.194.182.102,,,41888,443,0,37,17
1587481420.144706,173.194.182.102,10.10.0.10,,,443,41888,0,1358,17
1587481420.149128,173.194.182.102,10.10.0.10,,,443,41888,0,1358,17
1587481420.150985,10.10.0.10,173.194.182.102,,,41888,443,0,37,17
1587481420.153617,173.194.182.102,10.10.0.10,,,443,41888,0,1358,17
1587481420.1580696,173.194.182.102,10.10.0.10,,,443,41888,0,1358,17
1587481420.162456,173.194.182.102,10.10.0.10,,,443,41888,0,1358,17
1587481420.1647706,10.10.0.10,173.194.182.102,,,41888,443,0,37,17
1587481420.1669092,173.194.182.102,10.10.0.10,,,443,41888,0,1358,17
1587481420.168833,10.10.0.10,173.194.182.102,,,41888,443,0,37,17
1587481420.171386,173.194.182.102,10.10.0.10,,,443,41888,0,29,17
1587481420.1715708,173.194.182.102,10.10.0.10,,,443,41888,0,1358,17
1587481420.1760454,173.194.182.102,10.10.0.10,,,443,41888,0,1358,17
1587481420.1787276,10.10.0.10,173.194.182.102,,,41888,443,0,37,17
1587481420.180495,173.194.182.102,10.10.0.10,,,443,41888,0,1358,17
1587481420.1849751,173.194.182.102,10.10.0.10,,,443,41888,0,1358,17
1587481420.1865158,10.10.0.10,173.194.182.102,,,41888,443,0,37,17
1587481420.189374,173.194.182.102,10.10.0.10,,,443,41888,0,1358,17
1587481420.193862,173.194.182.102,10.10.0.10,,,443,41888,0,1358,17
1587481420.195424,10.10.0.10,173.194.182.102,,,41888,443,0,37,17
1587481420.198281,173.194.182.102,10.10.0.10,,,443,41888,0,1358,17
1587481420.202773,173.194.182.102,10.10.0.10,,,443,41888,0,1358,17
1587481420.204535,10.10.0.10,173.194.182.102,,,41888,443,0,37,17
1587481420.2072518,173.194.182.102,10.10.0.10,,,443,41888,0,1358,17
1587481420.2117062,173.194.182.102,10.10.0.10,,,443,41888,0,1358,17
1587481420.2134314,10.10.0.10,173.194.182.102,,,41888,443,0,37,17
1587481420.2161412,173.194.182.102,10.10.0.10,,,443,41888,0,1358,17
1587481420.2206118,173.194.182.102,10.10.0.10,,,443,41888,0,1358,17
1587481420.2224374,10.10.0.10,173.194.182.102,,,41888,443,0,37,17
1587481420.2250679,173.194.182.102,10.10.0.10,,,443,41888,0,1358,17
1587481420.2295039,173.194.182.102,10.10.0.10,,,443,41888,0,1358,17
1587481420.231057,10.10.0.10,173.194.182.102,,,41888,443,0,37,17
1587481420.2339196,173.194.182.102,10.10.0.10,,,443,41888,0,1358,17
1587481420.238384,173.194.182.102,10.10.0.10,,,443,41888,0,1358,17
1587481420.2406142,10.10.0.10,173.194.182.102,,,41888,443,0,37,17
1587481420.24286,173.194.182.102,10.10.0.10,,,443,41888,0,1358,17
1587481420.247317,173.194.182.102,10.10.0.10,,,443,41888,0,1358,17
1587481420.250073,10.10.0.10,173.194.182.102,,,41888,443,0,50,17
1587481420.251792,173.194.182.102,10.10.0.10,,,443,41888,0,1358,17
1587481420.256246,173.194.182.102,10.10.0.10,,,443,41888,0,1358,17
1587481420.2578,10.10.0.10,173.194.182.102,,,41888,443,0,37,17
1587481420.2607002,173.194.182.102,10.10.0.10,,,443,41888,0,1358,17
1587481420.265154,173.194.182.102,10.10.0.10,,,443,41888,0,1358,17
1587481420.2688901,10.10.0.10,173.194.182.102,,,41888,443,0,37,17
1587481420.2695632,173.194.182.102,10.10.0.10,,,443,41888,0,1358,17
1587481420.274007,173.194.182.102,10.10.0.10,,,443,41888,0,1358,17
1587481420.2755961,10.10.0.10,173.194.182.102,,,41888,443,0,37,17
1587481420.2784922,173.194.182.102,10.10.0.10,,,443,41888,0,1358,17
1587481420.282952,173.194.182.102,10.10.0.10,,,443,41888,0,1358,17
1587481420.2859519,10.10.0.10,173.194.182.102,,,41888,443,0,37,17
1587481420.287409,173.194.182.102,10.10.0.10,,,443,41888,0,1358,17
1587481420.2918859,173.194.182.102,10.10.0.10,,,443,41888,0,1358,17
1587481420.293495,10.10.0.10,173.194.182.102,,,41888,443,0,37,17
1587481420.2963262,173.194.182.102,10.10.0.10,,,443,41888,0,1358,17
1587481420.3007472,173.194.182.102,10.10.0.10,,,443,41888,0,1358,17
1587481420.302305,10.10.0.10,173.194.182.102,,,41888,443,0,37,17
1587481420.3051991,173.194.182.102,10.10.0.10,,,443,41888,0,1358,17
1587481420.3096821,173.194.182.102,10.10.0.10,,,443,41888,0,1358,17
1587481420.3116536,10.10.0.10,173.194.182.102,,,41888,443,0,37,17
1587481420.314147,173.194.182.102,10.10.0.10,,,443,41888,0,1358,17
1587481420.318577,173.194.182.102,10.10.0.10,,,443,41888,0,1358,17
1587481420.32016,10.10.0.10,173.194.182.102,,,41888,443,0,37,17
1587481420.323067,173.194.182.102,10.10.0.10,,,443,41888,0,1358,17
1587481420.327532,173.194.182.102,10.10.0.10,,,443,41888,0,1358,17
1587481420.3290932,10.10.0.10,173.194.182.102,,,41888,443,0,37,17
1587481420.331984,173.194.182.102,10.10.0.10,,,443,41888,0,1358,17
1587481420.3364382,173.194.182.102,10.10.0.10,,,443,41888,0,1358,17
1587481420.3380532,10.10.0.10,173.194.182.102,,,41888,443,0,37,17
1587481420.340893,173.194.182.102,10.10.0.10,,,443,41888,0,1358,17
1587481420.3453245,173.194.182.102,10.10.0.10,,,443,41888,0,1358,17
1587481420.346805,10.10.0.10,173.194.182.102,,,41888,443,0,37,17
1587481420.349775,173.194.182.102,10.10.0.10,,,443,41888,0,1358,17
1587481420.3542578,173.194.182.102,10.10.0.10,,,443,41888,0,1358,17
1587481420.355746,10.10.0.10,173.194.182.102,,,41888,443,0,37,17
1587481420.3587296,173.194.182.102,10.10.0.10,,,443,41888,0,1358,17
1587481420.3631332,173.194.182.102,10.10.0.10,,,443,41888,0,1358,17
1587481420.3646748,10.10.0.10,173.194.182.102,,,41888,443,0,37,17
1587481420.367623,173.194.182.102,10.10.0.10,,,443,41888,0,1358,17
1587481420.372084,173.194.182.102,10.10.0.10,,,443,41888,0,1358,17
1587481420.3736372,10.10.0.10,173.194.182.102,,,41888,443,0,37,17
1587481420.376529,173.194.182.102,10.10.0.10,,,443,41888,0,1358,17
1587481420.38099,173.194.182.102,10.10.0.10,,,443,41888,0,1358,17
1587481420.382623,10.10.0.10,173.194.182.102,,,41888,443,0,37,17
1587481420.385433,173.194.182.102,10.10.0.10,,,443,41888,0,1358,17
1587481420.389874,173.194.182.102,10.10.0.10,,,443,41888,0,1358,17
1587481420.3924348,10.10.0.10,173.194.182.102,,,41888,443,0,37,17
1587481420.3943539,173.194.182.102,10.10.0.10,,,443,41888,0,1358,17
1587481420.3987546,173.194.182.102,10.10.0.10,,,443,41888,0,1358,17
1587481420.4003134,10.10.0.10,173.194.182.102,,,41888,443,0,37,17
1587481420.403263,173.194.182.102,10.10.0.10,,,443,41888,0,1358,17
1587481420.4077182,173.194.182.102,10.10.0.10,,,443,41888,0,1358,17
1587481420.409501,10.10.0.10,173.194.182.102,,,41888,443,0,37,17
1587481420.412098,173.194.182.102,10.10.0.10,,,443,41888,0,1358,17
1587481420.416626,173.194.182.102,10.10.0.10,,,443,41888,0,1358,17
1587481420.418185,10.10.0.10,173.194.182.102,,,41888,443,0,37,17
1587481420.421081,173.194.182.102,10.10.0.10,,,443,41888,0,1358,17
1587481420.4254642,173.194.182.102,10.10.0.10,,,443,41888,0,1358,17
1587481420.427166,10.10.0.10,173.194.182.102,,,41888,443,0,50,17
1587481420.429964,173.194.182.102,10.10.0.10,,,443,41888,0,1358,17
1587481420.4344444,173.194.182.102,10.10.0.10,,,443,41888,0,1358,17
1587481420.436285,10.10.0.10,173.194.182.102,,,41888,443,0,37,17
1587481420.4388268,173.194.182.102,10.10.0.10,,,443,41888,0,1358,17
1587481420.443352,173.194.182.102,10.10.0.10,,,443,41888,0,1358,17
1587481420.4454508,10.10.0.10,173.194.182.102,,,41888,443,0,37,17
1587481420.4478061,173.194.182.102,10.10.0.10,,,443,41888,0,1358,17
1587481420.4521902,173.194.182.102,10.10.0.10,,,443,41888,0,1358,17
1587481420.454458,10.10.0.10,173.194.182.102,,,41888,443,0,37,17
1587481420.456716,173.194.182.102,10.10.0.10,,,443,41888,0,1358,17
1587481420.4611342,173.194.182.102,10.10.0.10,,,443,41888,0,1358,17
1587481420.4629798,10.10.0.10,173.194.182.102,,,41888,443,0,37,17
1587481420.465553,173.194.182.102,10.10.0.10,,,443,41888,0,1358,17
1587481420.470078,173.194.182.102,10.10.0.10,,,443,41888,0,1358,17
1587481420.474533,173.194.182.102,10.10.0.10,,,443,41888,0,1358,17
1587481420.47545,10.10.0.10,173.194.182.102,,,41888,443,0,37,17
1587481420.478951,173.194.182.102,10.10.0.10,,,443,41888,0,1358,17
1587481420.480959,10.10.0.10,173.194.182.102,,,41888,443,0,37,17
1587481420.4834142,173.194.182.102,10.10.0.10,,,443,41888,0,1358,17
1587481420.485337,10.10.0.10,173.194.182.102,,,41888,443,0,40,17
1587481420.487898,173.194.182.102,10.10.0.10,,,443,41888,0,1358,17
1587481420.492314,173.194.182.102,10.10.0.10,,,443,41888,0,1358,17
1587481420.4928348,10.10.0.10,173.194.182.102,,,41888,443,0,37,17
1587481420.4968052,173.194.182.102,10.10.0.10,,,443,41888,0,1358,17
1587481420.49846,10.10.0.10,173.194.182.102,,,41888,443,0,37,17
1587481420.50126,173.194.182.102,10.10.0.10,,,443,41888,0,1358,17
1587481420.5056775,173.194.182.102,10.10.0.10,,,443,41888,0,1358,17
1587481420.507227,10.10.0.10,173.194.182.102,,,41888,443,0,37,17
1587481420.510168,173.194.182.102,10.10.0.10,,,443,41888,0,29,17
1587481420.5102918,173.194.182.102,10.10.0.10,,,443,41888,0,1358,17
1587481420.514824,173.194.182.102,10.10.0.10,,,443,41888,0,1358,17
1587481420.516394,10.10.0.10,173.194.182.102,,,41888,443,0,37,17
1587481420.519239,173.194.182.102,10.10.0.10,,,443,41888,0,1358,17
1587481420.5237331,173.194.182.102,10.10.0.10,,,443,41888,0,1358,17
1587481420.525977,10.10.0.10,173.194.182.102,,,41888,443,0,37,17
1587481420.5281868,173.194.182.102,10.10.0.10,,,443,41888,0,1358,17
1587481420.5326052,173.194.182.102,10.10.0.10,,,443,41888,0,1358,17
1587481420.53421,10.10.0.10,173.194.182.102,,,41888,443,0,37,17
1587481420.5370948,173.194.182.102,10.10.0.10,,,443,41888,0,1358,17
1587481420.5415502,173.194.182.102,10.10.0.10,,,443,41888,0,1358,17
1587481420.5436282,10.10.0.10,173.194.182.102,,,41888,443,0,37,17
1587481420.545968,173.194.182.102,10.10.0.10,,,443,41888,0,1358,17
1587481420.550458,173.194.182.102,10.10.0.10,,,443,41888,0,1358,17
1587481420.5525026,10.10.0.10,173.194.182.102,,,41888,443,0,37,17
1587481420.554916,173.194.182.102,10.10.0.10,,,443,41888,0,1358,17
1587481420.5593462,173.194.182.102,10.10.0.10,,,443,41888,0,1358,17
1587481420.5610259,10.10.0.10,173.194.182.102,,,41888,443,0,37,17
1587481420.563825,173.194.182.102,10.10.0.10,,,443,41888,0,1358,17
1587481420.5682788,173.194.182.102,10.10.0.10,,,443,41888,0,1358,17
1587481420.569957,10.10.0.10,173.194.182.102,,,41888,443,0,37,17
1587481420.572711,173.194.182.102,10.10.0.10,,,443,41888,0,1358,17
1587481420.5771902,173.194.182.102,10.10.0.10,,,443,41888,0,1358,17
1587481420.5787961,10.10.0.10,173.194.182.102,,,41888,443,0,37,17
1587481420.5816429,173.194.182.102,10.10.0.10,,,443,41888,0,1358,17
1587481420.5860732,173.194.182.102,10.10.0.10,,,443,41888,0,1358,17
1587481420.5879252,10.10.0.10,173.194.182.102,,,41888,443,0,37,17
1587481420.5905519,173.194.182.102,10.10.0.10,,,443,41888,0,1358,17
1587481420.595006,173.194.182.102,10.10.0.10,,,443,41888,0,1358,17
1587481420.597007,10.10.0.10,173.194.182.102,,,41888,443,0,50,17
1587481420.599436,173.194.182.102,10.10.0.10,,,443,41888,0,1358,17
1587481420.603915,173.194.182.102,10.10.0.10,,,443,41888,0,1358,17
1587481420.607485,10.10.0.10,173.194.182.102,,,41888,443,0,37,17
1587481420.6083698,173.194.182.102,10.10.0.10,,,443,41888,0,1358,17
1587481420.612824,173.194.182.102,10.10.0.10,,,443,41888,0,1358,17
1587481420.615102,10.10.0.10,173.194.182.102,,,41888,443,0,37,17
1587481420.6172779,173.194.182.102,10.10.0.10,,,443,41888,0,1358,17
1587481420.6217318,173.194.182.102,10.10.0.10,,,443,41888,0,1358,17
1587481420.6233811,10.10.0.10,173.194.182.102,,,41888,443,0,37,17
1587481420.6261618,173.194.182.102,10.10.0.10,,,443,41888,0,1358,17
1587481420.630641,173.194.182.102,10.10.0.10,,,443,41888,0,1358,17
1587481420.6337318,10.10.0.10,173.194.182.102,,,41888,443,0,37,17
1587481420.635097,173.194.182.102,10.10.0.10,,,443,41888,0,1358,17
1587481420.63955,173.194.182.102,10.10.0.10,,,443,41888,0,1358,17
1587481420.641132,10.10.0.10,173.194.182.102,,,41888,443,0,37,17
1587481420.644005,173.194.182.102,10.10.0.10,,,443,41888,0,1358,17
1587481420.648459,173.194.182.102,10.10.0.10,,,443,41888,0,1358,17
1587481420.6502151,10.10.0.10,173.194.182.102,,,41888,443,0,37,17
1587481420.6529136,173.194.182.102,10.10.0.10,,,443,41888,0,1358,17
1587481420.657369,173.194.182.102,10.10.0.10,,,443,41888,0,1358,17
1587481420.6594741,10.10.0.10,173.194.182.102,,,41888,443,0,37,17
1587481420.661822,173.194.182.102,10.10.0.10,,,443,41888,0,1358,17
1587481420.6662755,173.194.182.102,10.10.0.10,,,443,41888,0,1358,17
1587481420.6679811,10.10.0.10,173.194.182.102,,,41888,443,0,37,17
1587481420.6706588,173.194.182.102,10.10.0.10,,,443,41888,0,1358,17
1587481420.675184,173.194.182.102,10.10.0.10,,,443,41888,0,1358,17
1587481420.6778612,10.10.0.10,173.194.182.102,,,41888,443,0,37,17
1587481420.67964,173.194.182.102,10.10.0.10,,,443,41888,0,1358,17
1587481420.6840956,173.194.182.102,10.10.0.10,,,443,41888,0,1358,17
1587481420.685714,10.10.0.10,173.194.182.102,,,41888,443,0,37,17
1587481420.688549,173.194.182.102,10.10.0.10,,,443,41888,0,1358,17
1587481420.6929321,173.194.182.102,10.10.0.10,,,443,41888,0,1358,17
1587481420.696625,10.10.0.10,173.194.182.102,,,41888,443,0,37,17
1587481420.697391,173.194.182.102,10.10.0.10,,,443,41888,0,29,17
1587481420.697579,173.194.182.102,10.10.0.10,,,443,41888,0,1358,17
1587481420.702095,173.194.182.102,10.10.0.10,,,443,41888,0,1358,17
1587481420.7042508,10.10.0.10,173.194.182.102,,,41888,443,0,37,17
1587481420.706558,173.194.182.102,10.10.0.10,,,443,41888,0,1358,17
1587481420.7109902,173.194.182.102,10.10.0.10,,,443,41888,0,1358,17
1587481420.7131276,10.10.0.10,173.194.182.102,,,41888,443,0,37,17
1587481420.7154279,173.194.182.102,10.10.0.10,,,443,41888,0,1358,17
1587481420.7199204,173.194.182.102,10.10.0.10,,,443,41888,0,1358,17
1587481420.7214036,10.10.0.10,173.194.182.102,,,41888,443,0,37,17
1587481420.7243464,173.194.182.102,10.10.0.10,,,443,41888,0,1358,17
1587481420.7287679,173.194.182.102,10.10.0.10,,,443,41888,0,1358,17
1587481420.7303698,10.10.0.10,173.194.182.102,,,41888,443,0,37,17
1587481420.7332852,173.194.182.102,10.10.0.10,,,443,41888,0,1358,17
1587481420.7377384,173.194.182.102,10.10.0.10,,,443,41888,0,1358,17
1587481420.741514,10.10.0.10,173.194.182.102,,,41888,443,0,37,17
1587481420.7421298,173.194.182.102,10.10.0.10,,,443,41888,0,1358,17
1587481420.746607,173.194.182.102,10.10.0.10,,,443,41888,0,1358,17
1587481420.748226,10.10.0.10,173.194.182.102,,,41888,443,0,37,17
1587481420.7510777,173.194.182.102,10.10.0.10,,,443,41888,0,1358,17
1587481420.755506,173.194.182.102,10.10.0.10,,,443,41888,0,1358,17
1587481420.757186,10.10.0.10,173.194.182.102,,,41888,443,0,37,17
1587481420.7599714,173.194.182.102,10.10.0.10,,,443,41888,0,1358,17
1587481420.7644658,173.194.182.102,10.10.0.10,,,443,41888,0,1358,17
1587481420.766016,10.10.0.10,173.194.182.102,,,41888,443,0,37,17
1587481420.768858,173.194.182.102,10.10.0.10,,,443,41888,0,1358,17
1587481420.773374,173.194.182.102,10.10.0.10,,,443,41888,0,1358,17
1587481420.7761462,10.10.0.10,173.194.182.102,,,41888,443,0,50,17
1587481420.7778132,173.194.182.102,10.10.0.10,,,443,41888,0,1358,17
1587481420.782222,173.194.182.102,10.10.0.10,,,443,41888,0,1358,17
1587481420.78385,10.10.0.10,173.194.182.102,,,41888,443,0,37,17
1587481420.7867384,173.194.182.102,10.10.0.10,,,443,41888,0,1358,17
1587481420.791192,173.194.182.102,10.10.0.10,,,443,41888,0,1358,17
1587481420.7933226,10.10.0.10,173.194.182.102,,,41888,443,0,37,17
1587481420.7956061,173.194.182.102,10.10.0.10,,,443,41888,0,1358,17
1587481420.800102,173.194.182.102,10.10.0.10,,,443,41888,0,1358,17
1587481420.8016696,10.10.0.10,173.194.182.102,,,41888,443,0,37,17
1587481420.8045552,173.194.182.102,10.10.0.10,,,443,41888,0,1358,17
1587481420.808969,173.194.182.102,10.10.0.10,,,443,41888,0,1358,17
1587481420.8106186,10.10.0.10,173.194.182.102,,,41888,443,0,37,17
1587481420.813463,173.194.182.102,10.10.0.10,,,443,41888,0,1358,17
1587481420.817918,173.194.182.102,10.10.0.10,,,443,41888,0,1358,17
1587481420.819473,10.10.0.10,173.194.182.102,,,41888,443,0,37,17
1587481420.8223321,173.194.182.102,10.10.0.10,,,443,41888,0,1358,17
1587481420.826826,173.194.182.102,10.10.0.10,,,443,41888,0,1358,17
1587481420.828535,10.10.0.10,173.194.182.102,,,41888,443,0,37,17
1587481420.8312821,173.194.182.102,10.10.0.10,,,443,41888,0,1358,17
1587481420.835695,173.194.182.102,10.10.0.10,,,443,41888,0,1358,17
1587481420.8376439,10.10.0.10,173.194.182.102,,,41888,443,0,37,17
1587481420.840195,173.194.182.102,10.10.0.10,,,443,41888,0,1358,17
1587481420.844645,173.194.182.102,10.10.0.10,,,443,41888,0,1358,17
1587481420.8463502,10.10.0.10,173.194.182.102,,,41888,443,0,37,17
1587481420.849103,173.194.182.102,10.10.0.10,,,443,41888,0,1358,17
1587481420.853558,173.194.182.102,10.10.0.10,,,443,41888,0,1358,17
1587481420.855266,10.10.0.10,173.194.182.102,,,41888,443,0,37,17
1587481420.8588932,173.194.182.102,10.10.0.10,,,443,41888,0,1358,17
1587481420.8633974,173.194.182.102,10.10.0.10,,,443,41888,0,1358,17
1587481420.865159,10.10.0.10,173.194.182.102,,,41888,443,0,37,17
1587481420.8678508,173.194.182.102,10.10.0.10,,,443,41888,0,1358,17
1587481420.8723102,173.194.182.102,10.10.0.10,,,443,41888,0,1358,17
1587481420.8741071,10.10.0.10,173.194.182.102,,,41888,443,0,37,17
1587481420.876761,173.194.182.102,10.10.0.10,,,443,41888,0,1358,17
1587481420.881217,173.194.182.102,10.10.0.10,,,443,41888,0,1358,17
1587481420.883039,10.10.0.10,173.194.182.102,,,41888,443,0,37,17
1587481420.8856692,173.194.182.102,10.10.0.10,,,443,41888,0,1358,17
1587481420.890126,173.194.182.102,10.10.0.10,,,443,41888,0,1358,17
1587481420.8918722,10.10.0.10,173.194.182.102,,,41888,443,0,37,17
1587481420.894578,173.194.182.102,10.10.0.10,,,443,41888,0,29,17
1587481420.8947089,173.194.182.102,10.10.0.10,,,443,41888,0,1358,17
1587481420.899194,173.194.182.102,10.10.0.10,,,443,41888,0,1358,17
1587481420.900992,10.10.0.10,173.194.182.102,,,41888,443,0,37,17
1587481420.903687,173.194.182.102,10.10.0.10,,,443,41888,0,1358,17
1587481420.908143,173.194.182.102,10.10.0.10,,,443,41888,0,1358,17
1587481420.910865,10.10.0.10,173.194.182.102,,,41888,443,0,37,17
1587481420.9125538,173.194.182.102,10.10.0.10,,,443,41888,0,1358,17
1587481420.9170508,173.194.182.102,10.10.0.10,,,443,41888,0,1358,17
1587481420.918792,10.10.0.10,173.194.182.102,,,41888,443,0,37,17
1587481420.921505,173.194.182.102,10.10.0.10,,,443,41888,0,1358,17
1587481420.925919,173.194.182.102,10.10.0.10,,,443,41888,0,1358,17
1587481420.9278312,10.10.0.10,173.194.182.102,,,41888,443,0,37,17
1587481420.930414,173.194.182.102,10.10.0.10,,,443,41888,0,1358,17
1587481420.9348679,173.194.182.102,10.10.0.10,,,443,41888,0,1358,17
1587481420.9366,10.10.0.10,173.194.182.102,,,41888,443,0,37,17
1587481420.939282,173.194.182.102,10.10.0.10,,,443,41888,0,1358,17
1587481420.9437768,173.194.182.102,10.10.0.10,,,443,41888,0,1358,17
1587481420.945502,10.10.0.10,173.194.182.102,,,41888,443,0,37,17
1587481420.948233,173.194.182.102,10.10.0.10,,,443,41888,0,1358,17
1587481420.952642,173.194.182.102,10.10.0.10,,,443,41888,0,1358,17
1587481420.954602,10.10.0.10,173.194.182.102,,,41888,443,0,50,17
1587481420.9571412,173.194.182.102,10.10.0.10,,,443,41888,0,1358,17
1587481420.9615965,173.194.182.102,10.10.0.10,,,443,41888,0,1358,17
1587481420.963393,10.10.0.10,173.194.182.102,,,41888,443,0,37,17
1587481420.966017,173.194.182.102,10.10.0.10,,,443,41888,0,1358,17
1587481420.9705038,173.194.182.102,10.10.0.10,,,443,41888,0,1358,17
1587481420.974101,10.10.0.10,173.194.182.102,,,41888,443,0,37,17
1587481420.9749572,173.194.182.102,10.10.0.10,,,443,41888,0,1358,17
1587481420.9793882,173.194.182.102,10.10.0.10,,,443,41888,0,1358,17
1587481420.981268,10.10.0.10,173.194.182.102,,,41888,443,0,37,17
1587481420.983866,173.194.182.102,10.10.0.10,,,443,41888,0,1358,17
1587481420.988322,173.194.182.102,10.10.0.10,,,443,41888,0,1358,17
1587481420.9900348,10.10.0.10,173.194.182.102,,,41888,443,0,37,17
1587481420.992775,173.194.182.102,10.10.0.10,,,443,41888,0,1358,17
1587481420.997231,173.194.182.102,10.10.0.10,,,443,41888,0,1358,17
1587481420.9989948,10.10.0.10,173.194.182.102,,,41888,443,0,37,17
1587481421.0016851,173.194.182.102,10.10.0.10,,,443,41888,0,1358,17
1587481421.0061402,173.194.182.102,10.10.0.10,,,443,41888,0,1358,17
1587481421.00785,10.10.0.10,173.194.182.102,,,41888,443,0,37,17
1587481421.010593,173.194.182.102,10.10.0.10,,,443,41888,0,1358,17
1587481421.015048,173.194.182.102,10.10.0.10,,,443,41888,0,1358,17
1587481421.016684,10.10.0.10,173.194.182.102,,,41888,443,0,40,17
1587481421.0195026,173.194.182.102,10.10.0.10,,,443,41888,0,1358,17
1587481421.021182,10.10.0.10,173.194.182.102,,,41888,443,0,40,17
1587481421.023957,173.194.182.102,10.10.0.10,,,443,41888,0,1358,17
1587481421.0263288,10.10.0.10,173.194.182.102,,,41888,443,0,40,17
1587481421.0284119,173.194.182.102,10.10.0.10,,,443,41888,0,1358,17
1587481421.030014,10.10.0.10,173.194.182.102,,,41888,443,0,40,17
1587481421.032866,173.194.182.102,10.10.0.10,,,443,41888,0,1358,17
1587481421.03732,173.194.182.102,10.10.0.10,,,443,41888,0,1358,17
1587481421.038761,10.10.0.10,173.194.182.102,,,41888,443,0,40,17
1587481421.041775,173.194.182.102,10.10.0.10,,,443,41888,0,1358,17
1587481421.046231,173.194.182.102,10.10.0.10,,,443,41888,0,1358,17
1587481421.0476649,10.10.0.10,173.194.182.102,,,41888,443,0,40,17
1587481421.0506818,173.194.182.102,10.10.0.10,,,443,41888,0,1358,17
1587481421.055138,173.194.182.102,10.10.0.10,,,443,41888,0,1358,17
1587481421.056602,10.10.0.10,173.194.182.102,,,41888,443,0,40,17
1587481421.059593,173.194.182.102,10.10.0.10,,,443,41888,0,1358,17
1587481421.0640461,173.194.182.102,10.10.0.10,,,443,41888,0,1358,17
1587481421.0654852,10.10.0.10,173.194.182.102,,,41888,443,0,40,17
1587481421.0685024,173.194.182.102,10.10.0.10,,,443,41888,0,1358,17
1587481421.0702882,10.10.0.10,173.194.182.102,,,41888,443,0,42,17
1587481421.072956,173.194.182.102,10.10.0.10,,,443,41888,0,1358,17
1587481421.0746598,10.10.0.10,173.194.182.102,,,41888,443,0,40,17
1587481421.077409,173.194.182.102,10.10.0.10,,,443,41888,0,1358,17
1587481421.081865,173.194.182.102,10.10.0.10,,,443,41888,0,1358,17
1587481421.0835054,10.10.0.10,173.194.182.102,,,41888,443,0,40,17
1587481421.0863204,173.194.182.102,10.10.0.10,,,443,41888,0,1358,17
1587481421.090773,173.194.182.102,10.10.0.10,,,443,41888,0,1358,17
1587481421.092374,10.10.0.10,173.194.182.102,,,41888,443,0,40,17
1587481421.095238,173.194.182.102,10.10.0.10,,,443,41888,0,1358,17
1587481421.099682,173.194.182.102,10.10.0.10,,,443,41888,0,1358,17
1587481421.101327,10.10.0.10,173.194.182.102,,,41888,443,0,40,17
1587481421.104135,173.194.182.102,10.10.0.10,,,443,41888,0,1358,17
1587481421.108591,173.194.182.102,10.10.0.10,,,443,41888,0,1358,17
1587481421.1102462,10.10.0.10,173.194.182.102,,,41888,443,0,53,17
1587481421.1130438,173.194.182.102,10.10.0.10,,,443,41888,0,1358,17
1587481421.1174989,173.194.182.102,10.10.0.10,,,443,41888,0,1358,17
1587481421.1191401,10.10.0.10,173.194.182.102,,,41888,443,0,40,17
1587481421.121953,173.194.182.102,10.10.0.10,,,443,41888,0,1358,17
1587481421.126408,173.194.182.102,10.10.0.10,,,443,41888,0,1358,17
1587481421.1280348,10.10.0.10,173.194.182.102,,,41888,443,0,40,17
1587481421.1308632,173.194.182.102,10.10.0.10,,,443,41888,0,1358,17
1587481421.135317,173.194.182.102,10.10.0.10,,,443,41888,0,1358,17
1587481421.1370811,10.10.0.10,173.194.182.102,,,41888,443,0,40,17
1587481421.13977,173.194.182.102,10.10.0.10,,,443,41888,0,1358,17
1587481421.144225,173.194.182.102,10.10.0.10,,,443,41888,0,1358,17
1587481421.1459742,10.10.0.10,173.194.182.102,,,41888,443,0,40,17
1587481421.148694,173.194.182.102,10.10.0.10,,,443,41888,0,1358,17
1587481421.153136,173.194.182.102,10.10.0.10,,,443,41888,0,1358,17
1587481421.1549132,10.10.0.10,173.194.182.102,,,41888,443,0,40,17
1587481421.1575878,173.194.182.102,10.10.0.10,,,443,41888,0,1358,17
1587481421.162056,173.194.182.102,10.10.0.10,,,443,41888,0,1358,17
1587481421.163825,10.10.0.10,173.194.182.102,,,41888,443,0,40,17
1587481421.166501,173.194.182.102,10.10.0.10,,,443,41888,0,1358,17
1587481421.1709518,173.194.182.102,10.10.0.10,,,443,41888,0,1358,17
1587481421.1728694,10.10.0.10,173.194.182.102,,,41888,443,0,40,17
1587481421.175418,173.194.182.102,10.10.0.10,,,443,41888,0,1358,17
1587481421.179862,173.194.182.102,10.10.0.10,,,443,41888,0,1358,17
1587481421.1827672,10.10.0.10,173.194.182.102,,,41888,443,0,37,17
1587481421.184315,173.194.182.102,10.10.0.10,,,443,41888,0,1358,17
1587481421.188759,173.194.182.102,10.10.0.10,,,443,41888,0,1358,17
1587481421.190326,10.10.0.10,173.194.182.102,,,41888,443,0,37,17
1587481421.1931634,173.194.182.102,10.10.0.10,,,443,41888,0,1358,17
1587481421.1976418,173.194.182.102,10.10.0.10,,,443,41888,0,1358,17
1587481421.1996448,10.10.0.10,173.194.182.102,,,41888,443,0,37,17
1587481421.2020602,173.194.182.102,10.10.0.10,,,443,41888,0,1358,17
1587481421.206534,173.194.182.102,10.10.0.10,,,443,41888,0,1358,17
1587481421.211032,173.194.182.102,10.10.0.10,,,443,41888,0,1358,17
1587481421.215427,173.194.182.102,10.10.0.10,,,443,41888,0,1358,17
1587481421.219943,173.194.182.102,10.10.0.10,,,443,41888,0,1358,17
1587481421.2214382,10.10.0.10,173.194.182.102,,,41888,443,0,37,17
1587481421.223113,10.10.0.10,173.194.182.102,,,41888,443,0,37,17
1587481421.224334,173.194.182.102,10.10.0.10,,,443,41888,0,1358,17
1587481421.225793,10.10.0.10,173.194.182.102,,,41888,443,0,37,17
1587481421.228785,173.194.182.102,10.10.0.10,,,443,41888,0,1358,17
1587481421.2332768,173.194.182.102,10.10.0.10,,,443,41888,0,1358,17
1587481421.2350292,10.10.0.10,173.194.182.102,,,41888,443,0,37,17
1587481421.2377539,173.194.182.102,10.10.0.10,,,443,41888,0,1358,17
1587481421.242153,173.194.182.102,10.10.0.10,,,443,41888,0,1358,17
1587481421.2439716,10.10.0.10,173.194.182.102,,,41888,443,0,37,17
1587481421.24667,173.194.182.102,10.10.0.10,,,443,41888,0,1358,17
1587481421.251123,173.194.182.102,10.10.0.10,,,443,41888,0,1358,17
1587481421.252784,10.10.0.10,173.194.182.102,,,41888,443,0,37,17
1587481421.255516,173.194.182.102,10.10.0.10,,,443,41888,0,1358,17
1587481421.259989,173.194.182.102,10.10.0.10,,,443,41888,0,1358,17
1587481421.261497,10.10.0.10,173.194.182.102,,,41888,443,0,37,17
1587481421.264426,173.194.182.102,10.10.0.10,,,443,41888,0,1358,17
1587481421.268882,173.194.182.102,10.10.0.10,,,443,41888,0,1358,17
1587481421.270592,10.10.0.10,173.194.182.102,,,41888,443,0,37,17
1587481421.2733786,173.194.182.102,10.10.0.10,,,443,41888,0,1358,17
1587481421.2754452,10.10.0.10,173.194.182.102,,,41888,443,0,40,17
1587481421.277823,173.194.182.102,10.10.0.10,,,443,41888,0,1358,17
1587481421.279401,10.10.0.10,173.194.182.102,,,41888,443,0,50,17
1587481421.2822454,173.194.182.102,10.10.0.10,,,443,41888,0,1358,17
1587481421.286768,173.194.182.102,10.10.0.10,,,443,41888,0,1358,17
1587481421.288486,10.10.0.10,173.194.182.102,,,41888,443,0,37,17
1587481421.2912178,173.194.182.102,10.10.0.10,,,443,41888,0,1358,17
1587481421.2956188,173.194.182.102,10.10.0.10,,,443,41888,0,1358,17
1587481421.2972732,10.10.0.10,173.194.182.102,,,41888,443,0,37,17
1587481421.300055,173.194.182.102,10.10.0.10,,,443,41888,0,1358,17
1587481421.3045099,173.194.182.102,10.10.0.10,,,443,41888,0,1358,17
1587481421.3089948,173.194.182.102,10.10.0.10,,,443,41888,0,1358,17
1587481421.3094401,10.10.0.10,173.194.182.102,,,41888,443,0,37,17
1587481421.313478,173.194.182.102,10.10.0.10,,,443,41888,0,1358,17
1587481421.317486,10.10.0.10,173.194.182.102,,,41888,443,0,37,17
1587481421.317874,173.194.182.102,10.10.0.10,,,443,41888,0,1358,17
1587481421.322364,173.194.182.102,10.10.0.10,,,443,41888,0,1358,17
1587481421.3241148,10.10.0.10,173.194.182.102,,,41888,443,0,37,17
1587481421.3267848,173.194.182.102,10.10.0.10,,,443,41888,0,1358,17
1587481421.3312998,173.194.182.102,10.10.0.10,,,443,41888,0,1358,17
1587481421.335708,173.194.182.102,10.10.0.10,,,443,41888,0,1358,17
1587481421.336012,10.10.0.10,173.194.182.102,,,41888,443,0,37,17
1587481421.3371642,10.10.0.10,173.194.182.102,,,41888,443,0,710,17
1587481421.338393,10.10.0.10,173.194.182.102,,,41888,443,0,55,17
1587481421.3401475,173.194.182.102,10.10.0.10,,,443,41888,0,1358,17
1587481421.3446212,173.194.182.102,10.10.0.10,,,443,41888,0,1358,17
1587481421.346123,10.10.0.10,173.194.182.102,,,41888,443,0,37,17
1587481421.3490918,173.194.182.102,10.10.0.10,,,443,41888,0,1358,17
1587481421.353577,173.194.182.102,10.10.0.10,,,443,41888,0,1358,17
1587481421.355488,10.10.0.10,173.194.182.102,,,41888,443,0,37,17
1587481421.358031,173.194.182.102,10.10.0.10,,,443,41888,0,1358,17
1587481421.362456,173.194.182.102,10.10.0.10,,,443,41888,0,1358,17
1587481421.3642519,10.10.0.10,173.194.182.102,,,41888,443,0,37,17
1587481421.3669212,173.194.182.102,10.10.0.10,,,443,41888,0,1358,17
1587481421.371365,173.194.182.102,10.10.0.10,,,443,41888,0,1358,17
1587481421.375822,173.194.182.102,10.10.0.10,,,443,41888,0,1358,17
1587481421.375875,10.10.0.10,173.194.182.102,,,41888,443,0,37,17
1587481421.3803198,173.194.182.102,10.10.0.10,,,443,41888,0,1358,17
1587481421.3818884,10.10.0.10,173.194.182.102,,,41888,443,0,37,17
1587481421.3847628,173.194.182.102,10.10.0.10,,,443,41888,0,1358,17
1587481421.389182,173.194.182.102,10.10.0.10,,,443,41888,0,1358,17
1587481421.3908286,10.10.0.10,173.194.182.102,,,41888,443,0,37,17
1587481421.393673,173.194.182.102,10.10.0.10,,,443,41888,0,1358,17
1587481421.398129,173.194.182.102,10.10.0.10,,,443,41888,0,29,17
1587481421.398256,173.194.182.102,10.10.0.10,,,443,41888,0,1358,17
1587481421.3997226,10.10.0.10,173.194.182.102,,,41888,443,0,37,17
1587481421.402762,173.194.182.102,10.10.0.10,,,443,41888,0,1358,17
1587481421.407238,173.194.182.102,10.10.0.10,,,443,41888,0,1358,17
1587481421.4103332,10.10.0.10,173.194.182.102,,,41888,443,0,37,17
1587481421.411694,173.194.182.102,10.10.0.10,,,443,41888,0,1358,17
1587481421.416147,173.194.182.102,10.10.0.10,,,443,41888,0,1358,17
1587481421.417593,10.10.0.10,173.194.182.102,,,41888,443,0,37,17
1587481421.4206018,173.194.182.102,10.10.0.10,,,443,41888,0,1358,17
1587481421.425009,173.194.182.102,10.10.0.10,,,443,41888,0,1358,17
1587481421.42718,10.10.0.10,173.194.182.102,,,41888,443,0,37,17
1587481421.4295099,173.194.182.102,10.10.0.10,,,443,41888,0,1358,17
1587481421.4339652,173.194.182.102,10.10.0.10,,,443,41888,0,1358,17
1587481421.435477,10.10.0.10,173.194.182.102,,,41888,443,0,37,17
1587481421.438406,173.194.182.102,10.10.0.10,,,443,41888,0,1358,17
1587481421.4428544,173.194.182.102,10.10.0.10,,,443,41888,0,1358,17
1587481421.4446828,10.10.0.10,173.194.182.102,,,41888,443,0,37,17
1587481421.447333,173.194.182.102,10.10.0.10,,,443,41888,0,1358,17
1587481421.4517882,173.194.182.102,10.10.0.10,,,443,41888,0,1358,17
1587481421.453369,10.10.0.10,173.194.182.102,,,41888,443,0,37,17
1587481421.4562418,173.194.182.102,10.10.0.10,,,443,41888,0,1358,17
1587481421.460695,173.194.182.102,10.10.0.10,,,443,41888,0,1358,17
1587481421.462642,10.10.0.10,173.194.182.102,,,41888,443,0,37,17
1587481421.465167,173.194.182.102,10.10.0.10,,,443,41888,0,1358,17
1587481421.469608,173.194.182.102,10.10.0.10,,,443,41888,0,1358,17
1587481421.4713318,10.10.0.10,173.194.182.102,,,41888,443,0,37,17
1587481421.474062,173.194.182.102,10.10.0.10,,,443,41888,0,1358,17
1587481421.478516,173.194.182.102,10.10.0.10,,,443,41888,0,1358,17
1587481421.480385,10.10.0.10,173.194.182.102,,,41888,443,0,37,17
1587481421.4829712,173.194.182.102,10.10.0.10,,,443,41888,0,1358,17
1587481421.48736,173.194.182.102,10.10.0.10,,,443,41888,0,1358,17
1587481421.4891882,10.10.0.10,173.194.182.102,,,41888,443,0,37,17
1587481421.4918802,173.194.182.102,10.10.0.10,,,443,41888,0,1358,17
1587481421.496334,173.194.182.102,10.10.0.10,,,443,41888,0,1358,17
1587481421.4997866,10.10.0.10,173.194.182.102,,,41888,443,0,37,17
1587481421.500751,173.194.182.102,10.10.0.10,,,443,41888,0,1358,17
1587481421.505247,173.194.182.102,10.10.0.10,,,443,41888,0,1358,17
1587481421.506974,10.10.0.10,173.194.182.102,,,41888,443,0,37,17
1587481421.5096982,173.194.182.102,10.10.0.10,,,443,41888,0,1358,17
1587481421.514153,173.194.182.102,10.10.0.10,,,443,41888,0,1358,17
1587481421.5159225,10.10.0.10,173.194.182.102,,,41888,443,0,50,17
1587481421.5186052,173.194.182.102,10.10.0.10,,,443,41888,0,1358,17
1587481421.5230598,173.194.182.102,10.10.0.10,,,443,41888,0,1358,17
1587481421.5247214,10.10.0.10,173.194.182.102,,,41888,443,0,37,17
1587481421.527515,173.194.182.102,10.10.0.10,,,443,41888,0,1358,17
1587481421.53197,173.194.182.102,10.10.0.10,,,443,41888,0,1358,17
1587481421.533648,10.10.0.10,173.194.182.102,,,41888,443,0,37,17
1587481421.5364249,173.194.182.102,10.10.0.10,,,443,41888,0,1358,17
1587481421.5408838,173.194.182.102,10.10.0.10,,,443,41888,0,1358,17
1587481421.543389,10.10.0.10,173.194.182.102,,,41888,443,0,37,17
1587481421.545334,173.194.182.102,10.10.0.10,,,443,41888,0,1358,17
1587481421.5497868,173.194.182.102,10.10.0.10,,,443,41888,0,1358,17
1587481421.553227,10.10.0.10,173.194.182.102,,,41888,443,0,37,17
1587481421.554241,173.194.182.102,10.10.0.10,,,443,41888,0,1358,17
1587481421.558701,173.194.182.102,10.10.0.10,,,443,41888,0,1358,17
1587481421.5605652,10.10.0.10,173.194.182.102,,,41888,443,0,37,17
1587481421.5631502,173.194.182.102,10.10.0.10,,,443,41888,0,1358,17
1587481421.5676038,173.194.182.102,10.10.0.10,,,443,41888,0,1358,17
1587481421.569184,10.10.0.10,173.194.182.102,,,41888,443,0,37,17
1587481421.572055,173.194.182.102,10.10.0.10,,,443,41888,0,1358,17
1587481421.576504,173.194.182.102,10.10.0.10,,,443,41888,0,1358,17
1587481421.578094,10.10.0.10,173.194.182.102,,,41888,443,0,37,17
1587481421.580962,173.194.182.102,10.10.0.10,,,443,41888,0,1358,17
1587481421.585397,173.194.182.102,10.10.0.10,,,443,41888,0,1358,17
1587481421.587265,10.10.0.10,173.194.182.102,,,41888,443,0,37,17
1587481421.5898714,173.194.182.102,10.10.0.10,,,443,41888,0,1358,17
1587481421.594325,173.194.182.102,10.10.0.10,,,443,41888,0,1358,17
1587481421.5965538,10.10.0.10,173.194.182.102,,,41888,443,0,37,17
1587481421.5987802,173.194.182.102,10.10.0.10,,,443,41888,0,1358,17
1587481421.6032338,173.194.182.102,10.10.0.10,,,443,41888,0,1358,17
1587481421.604745,10.10.0.10,173.194.182.102,,,41888,443,0,37,17
1587481421.60769,173.194.182.102,10.10.0.10,,,443,41888,0,1358,17
1587481421.612098,173.194.182.102,10.10.0.10,,,443,41888,0,1358,17
1587481421.615106,10.10.0.10,173.194.182.102,,,41888,443,0,37,17
1587481421.6165981,173.194.182.102,10.10.0.10,,,443,41888,0,1358,17
1587481421.621048,173.194.182.102,10.10.0.10,,,443,41888,0,1358,17
1587481421.622807,10.10.0.10,173.194.182.102,,,41888,443,0,37,17
1587481421.6255078,173.194.182.102,10.10.0.10,,,443,41888,0,1358,17
1587481421.6299582,173.194.182.102,10.10.0.10,,,443,41888,0,1358,17
1587481421.6316762,10.10.0.10,173.194.182.102,,,41888,443,0,37,17
1587481421.634416,173.194.182.102,10.10.0.10,,,443,41888,0,1358,17
1587481421.6388366,173.194.182.102,10.10.0.10,,,443,41888,0,1358,17
1587481421.640556,10.10.0.10,173.194.182.102,,,41888,443,0,37,17
1587481421.6433241,173.194.182.102,10.10.0.10,,,443,41888,0,1358,17
1587481421.647775,173.194.182.102,10.10.0.10,,,443,41888,0,1358,17
1587481421.649535,10.10.0.10,173.194.182.102,,,41888,443,0,37,17
1587481421.652167,173.194.182.102,10.10.0.10,,,443,41888,0,1358,17
1587481421.6566842,173.194.182.102,10.10.0.10,,,443,41888,0,1358,17
1587481421.658385,10.10.0.10,173.194.182.102,,,41888,443,0,37,17
1587481421.661097,173.194.182.102,10.10.0.10,,,443,41888,0,1358,17
1587481421.6655312,173.194.182.102,10.10.0.10,,,443,41888,0,1358,17
1587481421.667368,10.10.0.10,173.194.182.102,,,41888,443,0,37,17
1587481421.670046,173.194.182.102,10.10.0.10,,,443,41888,0,1358,17
1587481421.6745012,173.194.182.102,10.10.0.10,,,443,41888,0,1358,17
1587481421.676054,10.10.0.10,173.194.182.102,,,41888,443,0,37,17
1587481421.6789136,173.194.182.102,10.10.0.10,,,443,41888,0,1358,17
1587481421.683408,173.194.182.102,10.10.0.10,,,443,41888,0,1358,17
1587481421.6850939,10.10.0.10,173.194.182.102,,,41888,443,0,37,17
1587481421.687867,173.194.182.102,10.10.0.10,,,443,41888,0,1358,17
1587481421.6922634,173.194.182.102,10.10.0.10,,,443,41888,0,1358,17
1587481421.693832,10.10.0.10,173.194.182.102,,,41888,443,0,50,17
1587481421.6967068,173.194.182.102,10.10.0.10,,,443,41888,0,1358,17
1587481421.701201,173.194.182.102,10.10.0.10,,,443,41888,0,1358,17
1587481421.7029092,10.10.0.10,173.194.182.102,,,41888,443,0,37,17
1587481421.705642,173.194.182.102,10.10.0.10,,,443,41888,0,1358,17
1587481421.710136,173.194.182.102,10.10.0.10,,,443,41888,0,1358,17
1587481421.711888,10.10.0.10,173.194.182.102,,,41888,443,0,37,17
1587481421.714591,173.194.182.102,10.10.0.10,,,443,41888,0,1358,17
1587481421.719005,173.194.182.102,10.10.0.10,,,443,41888,0,1358,17
1587481421.7206366,10.10.0.10,173.194.182.102,,,41888,443,0,37,17
1587481421.7234988,173.194.182.102,10.10.0.10,,,443,41888,0,1358,17
1587481421.727953,173.194.182.102,10.10.0.10,,,443,41888,0,1358,17
1587481421.7296374,10.10.0.10,173.194.182.102,,,41888,443,0,37,17
1587481421.732367,173.194.182.102,10.10.0.10,,,443,41888,0,1358,17
1587481421.7368624,173.194.182.102,10.10.0.10,,,443,41888,0,1358,17
1587481421.73851,10.10.0.10,173.194.182.102,,,41888,443,0,37,17
1587481421.7413158,173.194.182.102,10.10.0.10,,,443,41888,0,1358,17
1587481421.745733,173.194.182.102,10.10.0.10,,,443,41888,0,1358,17
1587481421.7474296,10.10.0.10,173.194.182.102,,,41888,443,0,37,17
1587481421.750225,173.194.182.102,10.10.0.10,,,443,41888,0,1358,17
1587481421.754679,173.194.182.102,10.10.0.10,,,443,41888,0,1358,17
1587481421.7562141,10.10.0.10,173.194.182.102,,,41888,443,0,37,17
1587481421.759093,173.194.182.102,10.10.0.10,,,443,41888,0,1358,17
1587481421.7635891,173.194.182.102,10.10.0.10,,,443,41888,0,1358,17
1587481421.7652838,10.10.0.10,173.194.182.102,,,41888,443,0,37,17
1587481421.7680428,173.194.182.102,10.10.0.10,,,443,41888,0,1358,17
1587481421.772433,173.194.182.102,10.10.0.10,,,443,41888,0,1358,17
1587481421.7741802,10.10.0.10,173.194.182.102,,,41888,443,0,37,17
1587481421.776966,173.194.182.102,10.10.0.10,,,443,41888,0,1358,17
1587481421.7814062,173.194.182.102,10.10.0.10,,,443,41888,0,1358,17
1587481421.783326,10.10.0.10,173.194.182.102,,,41888,443,0,37,17
1587481421.7858212,173.194.182.102,10.10.0.10,,,443,41888,0,1358,17
1587481421.7903152,173.194.182.102,10.10.0.10,,,443,41888,0,1358,17
1587481421.7921572,10.10.0.10,173.194.182.102,,,41888,443,0,37,17
1587481421.79477,173.194.182.102,10.10.0.10,,,443,41888,0,1358,17
1587481421.7991831,173.194.182.102,10.10.0.10,,,443,41888,0,1358,17
1587481421.8011339,10.10.0.10,173.194.182.102,,,41888,443,0,37,17
1587481421.8036509,173.194.182.102,10.10.0.10,,,443,41888,0,1358,17
1587481421.808132,173.194.182.102,10.10.0.10,,,443,41888,0,1358,17
1587481421.8099458,10.10.0.10,173.194.182.102,,,41888,443,0,37,17
1587481421.8125432,173.194.182.102,10.10.0.10,,,443,41888,0,1358,17
1587481421.8170009,173.194.182.102,10.10.0.10,,,443,41888,0,1358,17
1587481421.81974,10.10.0.10,173.194.182.102,,,41888,443,0,37,17
1587481421.821496,173.194.182.102,10.10.0.10,,,443,41888,0,1358,17
1587481421.825906,173.194.182.102,10.10.0.10,,,443,41888,0,1358,17
1587481421.827697,10.10.0.10,173.194.182.102,,,41888,443,0,37,17
1587481421.830416,173.194.182.102,10.10.0.10,,,443,41888,0,1358,17
1587481421.834818,173.194.182.102,10.10.0.10,,,443,41888,0,1358,17
1587481421.836575,10.10.0.10,173.194.182.102,,,41888,443,0,37,17
1587481421.839273,173.194.182.102,10.10.0.10,,,443,41888,0,1358,17
1587481421.843768,173.194.182.102,10.10.0.10,,,443,41888,0,1358,17
1587481421.84558,10.10.0.10,173.194.182.102,,,41888,443,0,37,17
1587481421.848181,173.194.182.102,10.10.0.10,,,443,41888,0,1358,17
1587481421.852651,173.194.182.102,10.10.0.10,,,443,41888,0,1358,17
1587481421.85435,10.10.0.10,173.194.182.102,,,41888,443,0,37,17
1587481421.8571296,173.194.182.102,10.10.0.10,,,443,41888,0,1358,17
1587481421.861544,173.194.182.102,10.10.0.10,,,443,41888,0,1358,17
1587481421.86468,10.10.0.10,173.194.182.102,,,41888,443,0,37,17
1587481421.866014,173.194.182.102,10.10.0.10,,,443,41888,0,1358,17
1587481421.8704948,173.194.182.102,10.10.0.10,,,443,41888,0,1358,17
1587481421.872825,10.10.0.10,173.194.182.102,,,41888,443,0,50,17
1587481421.8749475,173.194.182.102,10.10.0.10,,,443,41888,0,1358,17
1587481421.879375,173.194.182.102,10.10.0.10,,,443,41888,0,1358,17
1587481421.881473,10.10.0.10,173.194.182.102,,,41888,443,0,37,17
1587481421.883857,173.194.182.102,10.10.0.10,,,443,41888,0,1358,17
1587481421.8883119,173.194.182.102,10.10.0.10,,,443,41888,0,1358,17
1587481421.88998,10.10.0.10,173.194.182.102,,,41888,443,0,37,17
1587481421.8927412,173.194.182.102,10.10.0.10,,,443,41888,0,1358,17
1587481421.897221,173.194.182.102,10.10.0.10,,,443,41888,0,1358,17
1587481421.898994,10.10.0.10,173.194.182.102,,,41888,443,0,37,17
1587481421.901675,173.194.182.102,10.10.0.10,,,443,41888,0,1358,17
1587481421.9061036,173.194.182.102,10.10.0.10,,,443,41888,0,1358,17
1587481421.907887,10.10.0.10,173.194.182.102,,,41888,443,0,37,17
1587481421.910584,173.194.182.102,10.10.0.10,,,443,41888,0,1358,17
1587481421.915038,173.194.182.102,10.10.0.10,,,443,41888,0,1358,17
1587481421.916783,10.10.0.10,173.194.182.102,,,41888,443,0,37,17
1587481421.9194918,173.194.182.102,10.10.0.10,,,443,41888,0,1358,17
1587481421.9239054,173.194.182.102,10.10.0.10,,,443,41888,0,1358,17
1587481421.9255366,10.10.0.10,173.194.182.102,,,41888,443,0,37,17
1587481421.928401,173.194.182.102,10.10.0.10,,,443,41888,0,1358,17
1587481421.9328554,173.194.182.102,10.10.0.10,,,443,41888,0,1358,17
1587481421.9345956,10.10.0.10,173.194.182.102,,,41888,443,0,37,17
1587481421.937315,173.194.182.102,10.10.0.10,,,443,41888,0,1358,17
1587481421.941769,173.194.182.102,10.10.0.10,,,443,41888,0,1358,17
1587481421.943658,10.10.0.10,173.194.182.102,,,41888,443,0,37,17
1587481421.946223,173.194.182.102,10.10.0.10,,,443,41888,0,1358,17
1587481421.9506738,173.194.182.102,10.10.0.10,,,443,41888,0,1358,17
1587481421.955128,173.194.182.102,10.10.0.10,,,443,41888,0,1358,17
1587481421.957742,10.10.0.10,173.194.182.102,,,41888,443,0,37,17
1587481421.959584,173.194.182.102,10.10.0.10,,,443,41888,0,1358,17
1587481421.9615972,10.10.0.10,173.194.182.102,,,41888,443,0,37,17
1587481421.964008,173.194.182.102,10.10.0.10,,,443,41888,0,1358,17
1587481421.9684515,173.194.182.102,10.10.0.10,,,443,41888,0,1358,17
1587481421.970114,10.10.0.10,173.194.182.102,,,41888,443,0,37,17
1587481421.97295,173.194.182.102,10.10.0.10,,,443,41888,0,1358,17
1587481421.9774039,173.194.182.102,10.10.0.10,,,443,41888,0,1358,17
1587481421.9792454,10.10.0.10,173.194.182.102,,,41888,443,0,37,17
1587481421.9818554,173.194.182.102,10.10.0.10,,,443,41888,0,1358,17
1587481421.986268,173.194.182.102,10.10.0.10,,,443,41888,0,1358,17
1587481421.9878874,10.10.0.10,173.194.182.102,,,41888,443,0,37,17
1587481421.9907641,173.194.182.102,10.10.0.10,,,443,41888,0,1358,17
1587481421.9952168,173.194.182.102,10.10.0.10,,,443,41888,0,1358,17
1587481421.997326,10.10.0.10,173.194.182.102,,,41888,443,0,37,17
1587481421.9996777,173.194.182.102,10.10.0.10,,,443,41888,0,1358,17
1587481422.004126,173.194.182.102,10.10.0.10,,,443,41888,0,1358,17
1587481422.005614,10.10.0.10,173.194.182.102,,,41888,443,0,37,17
1587481422.0085812,173.194.182.102,10.10.0.10,,,443,41888,0,1358,17
1587481422.0130384,173.194.182.102,10.10.0.10,,,443,41888,0,1358,17
1587481422.0147831,10.10.0.10,173.194.182.102,,,41888,443,0,37,17
1587481422.017489,173.194.182.102,10.10.0.10,,,443,41888,0,1358,17
1587481422.021944,173.194.182.102,10.10.0.10,,,443,41888,0,1358,17
1587481422.0246232,10.10.0.10,173.194.182.102,,,41888,443,0,37,17
1587481422.026337,173.194.182.102,10.10.0.10,,,443,41888,0,1358,17
1587481422.0308578,173.194.182.102,10.10.0.10,,,443,41888,0,1358,17
1587481422.032599,10.10.0.10,173.194.182.102,,,41888,443,0,37,17
1587481422.0352461,173.194.182.102,10.10.0.10,,,443,41888,0,1358,17
1587481422.039766,173.194.182.102,10.10.0.10,,,443,41888,0,1358,17
1587481422.041448,10.10.0.10,173.194.182.102,,,41888,443,0,37,17
1587481422.0442169,173.194.182.102,10.10.0.10,,,443,41888,0,1358,17
1587481422.0486698,173.194.182.102,10.10.0.10,,,443,41888,0,1358,17
1587481422.0505958,10.10.0.10,173.194.182.102,,,41888,443,0,50,17
1587481422.053124,173.194.182.102,10.10.0.10,,,443,41888,0,1358,17
1587481422.0575812,173.194.182.102,10.10.0.10,,,443,41888,0,1358,17
1587481422.059256,10.10.0.10,173.194.182.102,,,41888,443,0,37,17
1587481422.062046,173.194.182.102,10.10.0.10,,,443,41888,0,1358,17
1587481422.0664961,173.194.182.102,10.10.0.10,,,443,41888,0,1358,17
1587481422.068134,10.10.0.10,173.194.182.102,,,41888,443,0,37,17
1587481422.0709422,173.194.182.102,10.10.0.10,,,443,41888,0,1358,17
1587481422.075409,173.194.182.102,10.10.0.10,,,443,41888,0,1358,17
1587481422.0769882,10.10.0.10,173.194.182.102,,,41888,443,0,37,17
1587481422.079851,173.194.182.102,10.10.0.10,,,443,41888,0,1358,17
1587481422.0816605,10.10.0.10,173.194.182.102,,,41888,443,0,40,17
1587481422.084307,173.194.182.102,10.10.0.10,,,443,41888,0,1358,17
1587481422.085904,10.10.0.10,173.194.182.102,,,41888,443,0,37,17
1587481422.088763,173.194.182.102,10.10.0.10,,,443,41888,0,29,17
1587481422.0888908,173.194.182.102,10.10.0.10,,,443,41888,0,1358,17
1587481422.093416,173.194.182.102,10.10.0.10,,,443,41888,0,1358,17
1587481422.095074,10.10.0.10,173.194.182.102,,,41888,443,0,37,17
1587481422.097871,173.194.182.102,10.10.0.10,,,443,41888,0,1358,17
1587481422.1022842,173.194.182.102,10.10.0.10,,,443,41888,0,1358,17
1587481422.104341,10.10.0.10,173.194.182.102,,,41888,443,0,37,17
1587481422.1067786,173.194.182.102,10.10.0.10,,,443,41888,0,1358,17
1587481422.111233,173.194.182.102,10.10.0.10,,,443,41888,0,1358,17
1587481422.112905,10.10.0.10,173.194.182.102,,,41888,443,0,37,17
1587481422.1156578,173.194.182.102,10.10.0.10,,,443,41888,0,1358,17
1587481422.120141,173.194.182.102,10.10.0.10,,,443,41888,0,1358,17
1587481422.121781,10.10.0.10,173.194.182.102,,,41888,443,0,37,17
1587481422.124596,173.194.182.102,10.10.0.10,,,443,41888,0,1358,17
1587481422.12901,173.194.182.102,10.10.0.10,,,443,41888,0,1358,17
1587481422.1306329,10.10.0.10,173.194.182.102,,,41888,443,0,37,17
1587481422.1335056,173.194.182.102,10.10.0.10,,,443,41888,0,1358,17
1587481422.137961,173.194.182.102,10.10.0.10,,,443,41888,0,1358,17
1587481422.1395528,10.10.0.10,173.194.182.102,,,41888,443,0,37,17
1587481422.142373,173.194.182.102,10.10.0.10,,,443,41888,0,1358,17
1587481422.1468678,173.194.182.102,10.10.0.10,,,443,41888,0,1358,17
1587481422.148574,10.10.0.10,173.194.182.102,,,41888,443,0,37,17
1587481422.1513245,173.194.182.102,10.10.0.10,,,443,41888,0,1358,17
1587481422.155737,173.194.182.102,10.10.0.10,,,443,41888,0,1358,17
1587481422.1573155,10.10.0.10,173.194.182.102,,,41888,443,0,37,17
1587481422.160231,173.194.182.102,10.10.0.10,,,443,41888,0,1358,17
1587481422.164686,173.194.182.102,10.10.0.10,,,443,41888,0,1358,17
1587481422.166575,10.10.0.10,173.194.182.102,,,41888,443,0,37,17
1587481422.1691,173.194.182.102,10.10.0.10,,,443,41888,0,1358,17
1587481422.173595,173.194.182.102,10.10.0.10,,,443,41888,0,1358,17
1587481422.175256,10.10.0.10,173.194.182.102,,,41888,443,0,37,17
1587481422.1780498,173.194.182.102,10.10.0.10,,,443,41888,0,1358,17
1587481422.1824632,173.194.182.102,10.10.0.10,,,443,41888,0,1358,17
1587481422.1841981,10.10.0.10,173.194.182.102,,,41888,443,0,37,17
1587481422.186958,173.194.182.102,10.10.0.10,,,443,41888,0,1358,17
1587481422.1914115,173.194.182.102,10.10.0.10,,,443,41888,0,1358,17
1587481422.193053,10.10.0.10,173.194.182.102,,,41888,443,0,37,17
1587481422.195816,173.194.182.102,10.10.0.10,,,443,41888,0,1358,17
1587481422.20029,173.194.182.102,10.10.0.10,,,443,41888,0,1358,17
1587481422.2022028,10.10.0.10,173.194.182.102,,,41888,443,0,37,17
1587481422.2047422,173.194.182.102,10.10.0.10,,,443,41888,0,1358,17
1587481422.2091718,173.194.182.102,10.10.0.10,,,443,41888,0,1358,17
1587481422.2105882,10.10.0.10,173.194.182.102,,,41888,443,0,37,17
1587481422.2136712,173.194.182.102,10.10.0.10,,,443,41888,0,1358,17
1587481422.218086,173.194.182.102,10.10.0.10,,,443,41888,0,1358,17
1587481422.2197332,10.10.0.10,173.194.182.102,,,41888,443,0,50,17
1587481422.2225552,173.194.182.102,10.10.0.10,,,443,41888,0,1358,17
1587481422.226988,173.194.182.102,10.10.0.10,,,443,41888,0,1358,17
1587481422.229487,10.10.0.10,173.194.182.102,,,41888,443,0,37,17
1587481422.231462,173.194.182.102,10.10.0.10,,,443,41888,0,1358,17
1587481422.235922,173.194.182.102,10.10.0.10,,,443,41888,0,1358,17
1587481422.237605,10.10.0.10,173.194.182.102,,,41888,443,0,37,17
1587481422.2403965,173.194.182.102,10.10.0.10,,,443,41888,0,1358,17
1587481422.2448518,173.194.182.102,10.10.0.10,,,443,41888,0,1358,17
1587481422.247167,10.10.0.10,173.194.182.102,,,41888,443,0,37,17
1587481422.2492812,173.194.182.102,10.10.0.10,,,443,41888,0,1358,17
1587481422.253765,173.194.182.102,10.10.0.10,,,443,41888,0,1358,17
1587481422.257716,10.10.0.10,173.194.182.102,,,41888,443,0,37,17
1587481422.2582,173.194.182.102,10.10.0.10,,,443,41888,0,1358,17
1587481422.262631,173.194.182.102,10.10.0.10,,,443,41888,0,1358,17
1587481422.2642179,10.10.0.10,173.194.182.102,,,41888,443,0,37,17
1587481422.267086,173.194.182.102,10.10.0.10,,,443,41888,0,1358,17
1587481422.27156,173.194.182.102,10.10.0.10,,,443,41888,0,1358,17
1587481422.273174,10.10.0.10,173.194.182.102,,,41888,443,0,37,17
1587481422.276008,173.194.182.102,10.10.0.10,,,443,41888,0,1358,17
1587481422.280489,173.194.182.102,10.10.0.10,,,443,41888,0,1358,17
1587481422.282488,10.10.0.10,173.194.182.102,,,41888,443,0,37,17
1587481422.2849422,173.194.182.102,10.10.0.10,,,443,41888,0,1358,17
1587481422.289376,173.194.182.102,10.10.0.10,,,443,41888,0,1358,17
1587481422.292021,10.10.0.10,173.194.182.102,,,41888,443,0,37,17
1587481422.2938519,173.194.182.102,10.10.0.10,,,443,41888,0,1358,17
1587481422.298306,173.194.182.102,10.10.0.10,,,443,41888,0,1358,17
1587481422.300329,10.10.0.10,173.194.182.102,,,41888,443,0,37,17
1587481422.302705,173.194.182.102,10.10.0.10,,,443,41888,0,1358,17
1587481422.3071642,173.194.182.102,10.10.0.10,,,443,41888,0,1358,17
1587481422.308593,10.10.0.10,173.194.182.102,,,41888,443,0,37,17
1587481422.3116062,173.194.182.102,10.10.0.10,,,443,41888,0,1358,17
1587481422.316101,173.194.182.102,10.10.0.10,,,443,41888,0,1358,17
1587481422.317875,10.10.0.10,173.194.182.102,,,41888,443,0,37,17
1587481422.320575,173.194.182.102,10.10.0.10,,,443,41888,0,1358,17
1587481422.3250349,173.194.182.102,10.10.0.10,,,443,41888,0,1358,17
1587481422.326672,10.10.0.10,173.194.182.102,,,41888,443,0,37,17
1587481422.329464,173.194.182.102,10.10.0.10,,,443,41888,0,1358,17
1587481422.3339438,173.194.182.102,10.10.0.10,,,443,41888,0,1358,17
1587481422.335712,10.10.0.10,173.194.182.102,,,41888,443,0,37,17
1587481422.3383546,173.194.182.102,10.10.0.10,,,443,41888,0,1358,17
1587481422.342793,173.194.182.102,10.10.0.10,,,443,41888,0,1358,17
1587481422.3473089,173.194.182.102,10.10.0.10,,,443,41888,0,1358,17
1587481422.3517628,173.194.182.102,10.10.0.10,,,443,41888,0,1358,17
1587481422.356194,173.194.182.102,10.10.0.10,,,443,41888,0,1358,17
1587481422.356227,10.10.0.10,173.194.182.102,,,41888,443,0,37,17
1587481422.357151,10.10.0.10,173.194.182.102,,,41888,443,0,37,17
1587481422.3606699,173.194.182.102,10.10.0.10,,,443,41888,0,1358,17
1587481422.3624911,10.10.0.10,173.194.182.102,,,41888,443,0,37,17
1587481422.3651235,173.194.182.102,10.10.0.10,,,443,41888,0,1358,17
1587481422.369586,173.194.182.102,10.10.0.10,,,443,41888,0,1358,17
1587481422.371115,10.10.0.10,173.194.182.102,,,41888,443,0,37,17
1587481422.374035,173.194.182.102,10.10.0.10,,,443,41888,0,1358,17
1587481422.37849,173.194.182.102,10.10.0.10,,,443,41888,0,1358,17
1587481422.3801732,10.10.0.10,173.194.182.102,,,41888,443,0,37,17
1587481422.382911,173.194.182.102,10.10.0.10,,,443,41888,0,1358,17
1587481422.3874018,173.194.182.102,10.10.0.10,,,443,41888,0,1358,17
1587481422.389101,10.10.0.10,173.194.182.102,,,41888,443,0,37,17
1587481422.391858,173.194.182.102,10.10.0.10,,,443,41888,0,1358,17
1587481422.3963132,173.194.182.102,10.10.0.10,,,443,41888,0,1358,17
1587481422.3979561,10.10.0.10,173.194.182.102,,,41888,443,0,50,17
1587481422.4007485,173.194.182.102,10.10.0.10,,,443,41888,0,1358,17
1587481422.4052212,173.194.182.102,10.10.0.10,,,443,41888,0,1358,17
1587481422.40685,10.10.0.10,173.194.182.102,,,41888,443,0,37,17
1587481422.409674,173.194.182.102,10.10.0.10,,,443,41888,0,1358,17
1587481422.4141312,173.194.182.102,10.10.0.10,,,443,41888,0,1358,17
1587481422.415749,10.10.0.10,173.194.182.102,,,41888,443,0,37,17
1587481422.418586,173.194.182.102,10.10.0.10,,,443,41888,0,1358,17
1587481422.4230402,173.194.182.102,10.10.0.10,,,443,41888,0,1358,17
1587481422.42454,10.10.0.10,173.194.182.102,,,41888,443,0,37,17
1587481422.427494,173.194.182.102,10.10.0.10,,,443,41888,0,1358,17
1587481422.4319482,173.194.182.102,10.10.0.10,,,443,41888,0,1358,17
1587481422.434819,10.10.0.10,173.194.182.102,,,41888,443,0,37,17
1587481422.4364052,173.194.182.102,10.10.0.10,,,443,41888,0,1358,17
1587481422.440857,173.194.182.102,10.10.0.10,,,443,41888,0,1358,17
1587481422.4425619,10.10.0.10,173.194.182.102,,,41888,443,0,37,17
1587481422.4453108,173.194.182.102,10.10.0.10,,,443,41888,0,1358,17
1587481422.4497662,173.194.182.102,10.10.0.10,,,443,41888,0,1358,17
1587481422.451459,10.10.0.10,173.194.182.102,,,41888,443,0,37,17
1587481422.4542198,173.194.182.102,10.10.0.10,,,443,41888,0,1358,17
1587481422.4586842,173.194.182.102,10.10.0.10,,,443,41888,0,1358,17
1587481422.460272,10.10.0.10,173.194.182.102,,,41888,443,0,37,17
1587481422.46313,173.194.182.102,10.10.0.10,,,443,41888,0,1358,17
1587481422.467584,173.194.182.102,10.10.0.10,,,443,41888,0,1358,17
1587481422.4705431,10.10.0.10,173.194.182.102,,,41888,443,0,37,17
1587481422.4720461,173.194.182.102,10.10.0.10,,,443,41888,0,1358,17
1587481422.4764938,173.194.182.102,10.10.0.10,,,443,41888,0,1358,17
1587481422.478251,10.10.0.10,173.194.182.102,,,41888,443,0,37,17
1587481422.4809475,173.194.182.102,10.10.0.10,,,443,41888,0,1358,17
1587481422.485407,173.194.182.102,10.10.0.10,,,443,41888,0,1358,17
1587481422.489856,173.194.182.102,10.10.0.10,,,443,41888,0,1358,17
1587481422.49431,173.194.182.102,10.10.0.10,,,443,41888,0,1358,17
1587481422.4987571,173.194.182.102,10.10.0.10,,,443,41888,0,1358,17
1587481422.503218,173.194.182.102,10.10.0.10,,,443,41888,0,1358,17
1587481422.507673,173.194.182.102,10.10.0.10,,,443,41888,0,1358,17
1587481422.51213,173.194.182.102,10.10.0.10,,,443,41888,0,1358,17
1587481422.5126526,10.10.0.10,173.194.182.102,,,41888,443,0,37,17
1587481422.516583,173.194.182.102,10.10.0.10,,,443,41888,0,1358,17
1587481422.516651,10.10.0.10,173.194.182.102,,,41888,443,0,37,17
1587481422.517858,10.10.0.10,173.194.182.102,,,41888,443,0,37,17
1587481422.5181599,10.10.0.10,173.194.182.102,,,41888,443,0,37,17
1587481422.521036,173.194.182.102,10.10.0.10,,,443,41888,0,1358,17
1587481422.524722,10.10.0.10,173.194.182.102,,,41888,443,0,37,17
1587481422.525449,173.194.182.102,10.10.0.10,,,443,41888,0,1358,17
1587481422.529945,173.194.182.102,10.10.0.10,,,443,41888,0,1358,17
1587481422.532108,10.10.0.10,173.194.182.102,,,41888,443,0,37,17
1587481422.534399,173.194.182.102,10.10.0.10,,,443,41888,0,1358,17
1587481422.5393472,173.194.182.102,10.10.0.10,,,443,41888,0,1358,17
1587481422.5417304,10.10.0.10,173.194.182.102,,,41888,443,0,37,17
1587481422.5438461,173.194.182.102,10.10.0.10,,,443,41888,0,1358,17
1587481422.5483005,173.194.182.102,10.10.0.10,,,443,41888,0,1358,17
1587481422.5499196,10.10.0.10,173.194.182.102,,,41888,443,0,37,17
1587481422.5527544,173.194.182.102,10.10.0.10,,,443,41888,0,1358,17
1587481422.557209,173.194.182.102,10.10.0.10,,,443,41888,0,1358,17
1587481422.5587628,10.10.0.10,173.194.182.102,,,41888,443,0,37,17
1587481422.561666,173.194.182.102,10.10.0.10,,,443,41888,0,1358,17
1587481422.5661216,173.194.182.102,10.10.0.10,,,443,41888,0,1358,17
1587481422.5676801,10.10.0.10,173.194.182.102,,,41888,443,0,37,17
1587481422.5705721,173.194.182.102,10.10.0.10,,,443,41888,0,1358,17
1587481422.575027,173.194.182.102,10.10.0.10,,,443,41888,0,1358,17
1587481422.576623,10.10.0.10,173.194.182.102,,,41888,443,0,50,17
1587481422.5794814,173.194.182.102,10.10.0.10,,,443,41888,0,1358,17
1587481422.583936,173.194.182.102,10.10.0.10,,,443,41888,0,1358,17
1587481422.58551,10.10.0.10,173.194.182.102,,,41888,443,0,37,17
1587481422.58839,173.194.182.102,10.10.0.10,,,443,41888,0,1358,17
1587481422.5928216,173.194.182.102,10.10.0.10,,,443,41888,0,1358,17
1587481422.5944116,10.10.0.10,173.194.182.102,,,41888,443,0,37,17
1587481422.5972989,173.194.182.102,10.10.0.10,,,443,41888,0,1358,17
1587481422.6016881,173.194.182.102,10.10.0.10,,,443,41888,0,29,17
1587481422.601917,173.194.182.102,10.10.0.10,,,443,41888,0,1358,17
1587481422.603442,10.10.0.10,173.194.182.102,,,41888,443,0,37,17
1587481422.606411,173.194.182.102,10.10.0.10,,,443,41888,0,1358,17
1587481422.6108649,173.194.182.102,10.10.0.10,,,443,41888,0,1358,17
1587481422.612639,10.10.0.10,173.194.182.102,,,41888,443,0,37,17
1587481422.615259,173.194.182.102,10.10.0.10,,,443,41888,0,1358,17
1587481422.6197536,173.194.182.102,10.10.0.10,,,443,41888,0,1358,17
1587481422.6223388,10.10.0.10,173.194.182.102,,,41888,443,0,37,17
1587481422.624235,173.194.182.102,10.10.0.10,,,443,41888,0,1358,17
1587481422.628689,173.194.182.102,10.10.0.10,,,443,41888,0,1358,17
1587481422.631798,10.10.0.10,173.194.182.102,,,41888,443,0,37,17
1587481422.633122,173.194.182.102,10.10.0.10,,,443,41888,0,1358,17
1587481422.637599,173.194.182.102,10.10.0.10,,,443,41888,0,1358,17
1587481422.6404035,10.10.0.10,173.194.182.102,,,41888,443,0,37,17
1587481422.642056,173.194.182.102,10.10.0.10,,,443,41888,0,1358,17
1587481422.6465068,173.194.182.102,10.10.0.10,,,443,41888,0,1358,17
1587481422.648675,10.10.0.10,173.194.182.102,,,41888,443,0,37,17
1587481422.6509619,173.194.182.102,10.10.0.10,,,443,41888,0,1358,17
1587481422.655399,173.194.182.102,10.10.0.10,,,443,41888,0,1358,17
1587481422.656985,10.10.0.10,173.194.182.102,,,41888,443,0,37,17
1587481422.659874,173.194.182.102,10.10.0.10,,,443,41888,0,1358,17
1587481422.6643279,173.194.182.102,10.10.0.10,,,443,41888,0,1358,17
1587481422.666022,10.10.0.10,173.194.182.102,,,41888,443,0,37,17
1587481422.6687698,173.194.182.102,10.10.0.10,,,443,41888,0,1358,17
1587481422.673198,173.194.182.102,10.10.0.10,,,443,41888,0,1358,17
1587481422.674712,10.10.0.10,173.194.182.102,,,41888,443,0,37,17
1587481422.67769,173.194.182.102,10.10.0.10,,,443,41888,0,1358,17
1587481422.682069,173.194.182.102,10.10.0.10,,,443,41888,0,1358,17
1587481422.6836376,10.10.0.10,173.194.182.102,,,41888,443,0,37,17
1587481422.686601,173.194.182.102,10.10.0.10,,,443,41888,0,1358,17
1587481422.6910381,173.194.182.102,10.10.0.10,,,443,41888,0,1358,17
1587481422.693019,10.10.0.10,173.194.182.102,,,41888,443,0,37,17
1587481422.6954381,173.194.182.102,10.10.0.10,,,443,41888,0,1358,17
1587481422.6998842,173.194.182.102,10.10.0.10,,,443,41888,0,1358,17
1587481422.701632,10.10.0.10,173.194.182.102,,,41888,443,0,37,17
1587481422.704407,173.194.182.102,10.10.0.10,,,443,41888,0,1358,17
1587481422.708801,173.194.182.102,10.10.0.10,,,443,41888,0,1358,17
1587481422.710592,10.10.0.10,173.194.182.102,,,41888,443,0,37,17
1587481422.7133172,173.194.182.102,10.10.0.10,,,443,41888,0,1358,17
1587481422.7177708,173.194.182.102,10.10.0.10,,,443,41888,0,1358,17
1587481422.7195306,10.10.0.10,173.194.182.102,,,41888,443,0,37,17
1587481422.7221642,173.194.182.102,10.10.0.10,,,443,41888,0,1358,17
1587481422.72668,173.194.182.102,10.10.0.10,,,443,41888,0,1358,17
1587481422.7284858,10.10.0.10,173.194.182.102,,,41888,443,0,37,17
1587481422.7311358,173.194.182.102,10.10.0.10,,,443,41888,0,1358,17
1587481422.735527,173.194.182.102,10.10.0.10,,,443,41888,0,1358,17
1587481422.7372382,10.10.0.10,173.194.182.102,,,41888,443,0,37,17
1587481422.739999,173.194.182.102,10.10.0.10,,,443,41888,0,1358,17
1587481422.744498,173.194.182.102,10.10.0.10,,,443,41888,0,1358,17
1587481422.7463012,10.10.0.10,173.194.182.102,,,41888,443,0,37,17
1587481422.74889,173.194.182.102,10.10.0.10,,,443,41888,0,1358,17
1587481422.753406,173.194.182.102,10.10.0.10,,,443,41888,0,1358,17
1587481422.755154,10.10.0.10,173.194.182.102,,,41888,443,0,50,17
1587481422.75786,173.194.182.102,10.10.0.10,,,443,41888,0,1358,17
1587481422.762274,173.194.182.102,10.10.0.10,,,443,41888,0,1358,17
1587481422.7644439,10.10.0.10,173.194.182.102,,,41888,443,0,37,17
1587481422.766769,173.194.182.102,10.10.0.10,,,443,41888,0,1358,17
1587481422.771223,173.194.182.102,10.10.0.10,,,443,41888,0,1358,17
1587481422.77284,10.10.0.10,173.194.182.102,,,41888,443,0,37,17
1587481422.775636,173.194.182.102,10.10.0.10,,,443,41888,0,1358,17
1587481422.7801318,173.194.182.102,10.10.0.10,,,443,41888,0,1358,17
1587481422.782486,10.10.0.10,173.194.182.102,,,41888,443,0,37,17
1587481422.784586,173.194.182.102,10.10.0.10,,,443,41888,0,1358,17
1587481422.7889812,173.194.182.102,10.10.0.10,,,443,41888,0,1358,17
1587481422.790815,10.10.0.10,173.194.182.102,,,41888,443,0,37,17
1587481422.793494,173.194.182.102,10.10.0.10,,,443,41888,0,1358,17
1587481422.797951,173.194.182.102,10.10.0.10,,,443,41888,0,1358,17
1587481422.799865,10.10.0.10,173.194.182.102,,,41888,443,0,37,17
1587481422.8023634,173.194.182.102,10.10.0.10,,,443,41888,0,1358,17
1587481422.8068292,173.194.182.102,10.10.0.10,,,443,41888,0,1358,17
1587481422.808377,10.10.0.10,173.194.182.102,,,41888,443,0,37,17
1587481422.8113134,173.194.182.102,10.10.0.10,,,443,41888,0,1358,17
1587481422.8157089,173.194.182.102,10.10.0.10,,,443,41888,0,1358,17
1587481422.817383,10.10.0.10,173.194.182.102,,,41888,443,0,37,17
1587481422.8202212,173.194.182.102,10.10.0.10,,,443,41888,0,1358,17
1587481422.8246772,173.194.182.102,10.10.0.10,,,443,41888,0,1358,17
1587481422.827025,10.10.0.10,173.194.182.102,,,41888,443,0,37,17
1587481422.829099,173.194.182.102,10.10.0.10,,,443,41888,0,1358,17
1587481422.833585,173.194.182.102,10.10.0.10,,,443,41888,0,1358,17
1587481422.83804,173.194.182.102,10.10.0.10,,,443,41888,0,1358,17
1587481422.8424554,173.194.182.102,10.10.0.10,,,443,41888,0,1358,17
1587481422.846953,173.194.182.102,10.10.0.10,,,443,41888,0,1358,17
1587481422.851406,173.194.182.102,10.10.0.10,,,443,41888,0,1358,17
1587481422.855862,173.194.182.102,10.10.0.10,,,443,41888,0,1358,17
1587481422.8603165,173.194.182.102,10.10.0.10,,,443,41888,0,1358,17
1587481422.8647652,173.194.182.102,10.10.0.10,,,443,41888,0,1358,17
1587481422.869225,173.194.182.102,10.10.0.10,,,443,41888,0,1358,17
1587481422.87368,173.194.182.102,10.10.0.10,,,443,41888,0,1358,17
1587481422.878134,173.194.182.102,10.10.0.10,,,443,41888,0,1358,17
1587481422.882585,173.194.182.102,10.10.0.10,,,443,41888,0,1358,17
1587481422.9141688,173.194.182.102,10.10.0.10,,,443,41888,0,1358,17
1587481422.91731,10.10.0.10,173.194.182.102,,,41888,443,0,37,17
1587481422.917367,10.10.0.10,173.194.182.102,,,41888,443,0,37,17
1587481422.918709,10.10.0.10,173.194.182.102,,,41888,443,0,37,17
1587481422.918847,10.10.0.10,173.194.182.102,,,41888,443,0,37,17
1587481422.921886,10.10.0.10,173.194.182.102,,,41888,443,0,37,17
1587481422.9238648,10.10.0.10,173.194.182.102,,,41888,443,0,40,17
1587481422.9239252,10.10.0.10,173.194.182.102,,,41888,443,0,37,17
1587481422.926943,10.10.0.10,173.194.182.102,,,41888,443,0,50,17
1587481422.9284651,173.194.182.102,10.10.0.10,,,443,41888,0,1358,17
1587481422.928517,173.194.182.102,10.10.0.10,,,443,41888,0,1358,17
1587481422.9327419,10.10.0.10,173.194.182.102,,,41888,443,0,37,17
1587481422.937406,173.194.182.102,10.10.0.10,,,443,41888,0,1358,17
1587481422.937466,173.194.182.102,10.10.0.10,,,443,41888,0,1358,17
1587481422.939631,10.10.0.10,173.194.182.102,,,41888,443,0,37,17
1587481422.946395,173.194.182.102,10.10.0.10,,,443,41888,0,1358,17
1587481422.9464538,173.194.182.102,10.10.0.10,,,443,41888,0,1358,17
1587481422.9550052,173.194.182.102,10.10.0.10,,,443,41888,0,1358,17
1587481422.955064,173.194.182.102,10.10.0.10,,,443,41888,0,1358,17
1587481422.9634864,173.194.182.102,10.10.0.10,,,443,41888,0,1358,17
1587481422.9635448,173.194.182.102,10.10.0.10,,,443,41888,0,1358,17
1587481422.972112,173.194.182.102,10.10.0.10,,,443,41888,0,1358,17
1587481422.972482,173.194.182.102,10.10.0.10,,,443,41888,0,1358,17
1587481422.9803965,173.194.182.102,10.10.0.10,,,443,41888,0,1358,17
1587481422.9814348,173.194.182.102,10.10.0.10,,,443,41888,0,1358,17
1587481422.989206,173.194.182.102,10.10.0.10,,,443,41888,0,1358,17
1587481422.990344,173.194.182.102,10.10.0.10,,,443,41888,0,1358,17
1587481422.9980922,173.194.182.102,10.10.0.10,,,443,41888,0,1358,17
1587481422.9992561,173.194.182.102,10.10.0.10,,,443,41888,0,1358,17
1587481423.0059626,173.194.182.102,10.10.0.10,,,443,41888,0,1358,17
1587481423.008162,173.194.182.102,10.10.0.10,,,443,41888,0,1358,17
1587481423.014993,173.194.182.102,10.10.0.10,,,443,41888,0,1358,17
1587481423.017072,173.194.182.102,10.10.0.10,,,443,41888,0,1358,17
1587481423.023583,173.194.182.102,10.10.0.10,,,443,41888,0,1358,17
1587481423.1060731,173.194.182.102,10.10.0.10,,,443,41888,0,1358,17
1587481423.1582222,10.10.0.10,173.194.182.102,,,41888,443,0,37,17
1587481423.1582804,10.10.0.10,173.194.182.102,,,41888,443,0,37,17
1587481423.1700811,173.194.182.102,10.10.0.10,,,443,41888,0,1358,17
1587481423.1701412,173.194.182.102,10.10.0.10,,,443,41888,0,1358,17
1587481423.1790562,173.194.182.102,10.10.0.10,,,443,41888,0,1358,17
1587481423.2782779,10.10.0.10,173.194.182.102,,,41888,443,0,37,17
1587481423.278336,10.10.0.10,173.194.182.102,,,41888,443,0,37,17
1587481423.2791526,10.10.0.10,173.194.182.102,,,41888,443,0,37,17
1587481423.2796528,10.10.0.10,173.194.182.102,,,41888,443,0,37,17
1587481423.2804658,10.10.0.10,173.194.182.102,,,41888,443,0,37,17
1587481423.2805252,10.10.0.10,173.194.182.102,,,41888,443,0,37,17
1587481423.2807548,10.10.0.10,173.194.182.102,,,41888,443,0,37,17
1587481423.280797,10.10.0.10,173.194.182.102,,,41888,443,0,37,17
1587481423.2854779,173.194.182.102,10.10.0.10,,,443,41888,0,1358,17
1587481423.285536,173.194.182.102,10.10.0.10,,,443,41888,0,1358,17
1587481423.295264,173.194.182.102,10.10.0.10,,,443,41888,0,1358,17
1587481423.295325,173.194.182.102,10.10.0.10,,,443,41888,0,1358,17
1587481423.3030891,173.194.182.102,10.10.0.10,,,443,41888,0,1358,17
1587481423.3035321,173.194.182.102,10.10.0.10,,,443,41888,0,1358,17
1587481423.3116765,173.194.182.102,10.10.0.10,,,443,41888,0,1358,17
1587481423.31249,173.194.182.102,10.10.0.10,,,443,41888,0,1358,17
1587481423.320141,173.194.182.102,10.10.0.10,,,443,41888,0,1358,17
1587481423.321394,173.194.182.102,10.10.0.10,,,443,41888,0,1358,17
1587481423.328975,173.194.182.102,10.10.0.10,,,443,41888,0,1358,17
1587481423.330304,173.194.182.102,10.10.0.10,,,443,41888,0,1358,17
1587481423.337192,173.194.182.102,10.10.0.10,,,443,41888,0,1358,17
1587481423.339215,173.194.182.102,10.10.0.10,,,443,41888,0,1358,17
1587481423.346102,173.194.182.102,10.10.0.10,,,443,41888,0,1358,17
1587481423.3481214,173.194.182.102,10.10.0.10,,,443,41888,0,1358,17
1587481423.354537,173.194.182.102,10.10.0.10,,,443,41888,0,1358,17
1587481423.521126,10.10.0.10,173.194.182.102,,,41888,443,0,37,17
1587481423.531822,173.194.182.102,10.10.0.10,,,443,41888,0,1358,17
1587481424.006288,173.194.182.102,10.10.0.10,,,443,41888,0,1358,17
1587481424.114167,10.10.0.10,173.194.182.102,,,41888,443,0,40,17
1587481424.118454,173.194.182.102,10.10.0.10,,,443,41888,0,1358,17
1587481424.1277769,10.10.0.10,173.194.182.102,,,41888,443,0,40,17
1587481424.127948,10.10.0.10,173.194.182.102,,,41888,443,0,40,17
1587481424.129214,10.10.0.10,173.194.182.102,,,41888,443,0,40,17
1587481424.130729,10.10.0.10,173.194.182.102,,,41888,443,0,40,17
1587481424.1318202,10.10.0.10,173.194.182.102,,,41888,443,0,40,17
1587481424.132476,10.10.0.10,173.194.182.102,,,41888,443,0,53,17
1587481424.1326973,173.194.182.102,10.10.0.10,,,443,41888,0,1358,17
1587481424.1327162,173.194.182.102,10.10.0.10,,,443,41888,0,1358,17
1587481424.1334472,10.10.0.10,173.194.182.102,,,41888,443,0,40,17
1587481424.1361318,10.10.0.10,173.194.182.102,,,41888,443,0,40,17
1587481424.136272,10.10.0.10,173.194.182.102,,,41888,443,0,40,17
1587481424.1369116,10.10.0.10,173.194.182.102,,,41888,443,0,40,17
1587481424.1396818,173.194.182.102,10.10.0.10,,,443,41888,0,29,17
1587481424.139838,10.10.0.10,173.194.182.102,,,41888,443,0,40,17
1587481424.1409671,173.194.182.102,10.10.0.10,,,443,41888,0,1358,17
1587481424.1411722,173.194.182.102,10.10.0.10,,,443,41888,0,1358,17
1587481424.141863,10.10.0.10,173.194.182.102,,,41888,443,0,40,17
1587481424.143643,10.10.0.10,173.194.182.102,,,41888,443,0,37,17
1587481424.1484814,173.194.182.102,10.10.0.10,,,443,41888,0,1358,17
1587481424.150136,173.194.182.102,10.10.0.10,,,443,41888,0,1358,17
1587481424.154592,173.194.182.102,10.10.0.10,,,443,41888,0,1358,17
1587481424.158403,10.10.0.10,173.194.182.102,,,41888,443,0,37,17
1587481424.158994,173.194.182.102,10.10.0.10,,,443,41888,0,1358,17
1587481424.161392,10.10.0.10,173.194.182.102,,,41888,443,0,37,17
1587481424.1634939,173.194.182.102,10.10.0.10,,,443,41888,0,1358,17
1587481424.167945,173.194.182.102,10.10.0.10,,,443,41888,0,1358,17
1587481424.170002,10.10.0.10,173.194.182.102,,,41888,443,0,37,17
1587481424.1724038,173.194.182.102,10.10.0.10,,,443,41888,0,1358,17
1587481424.1768534,173.194.182.102,10.10.0.10,,,443,41888,0,1358,17
1587481424.1794221,10.10.0.10,173.194.182.102,,,41888,443,0,37,17
1587481424.1813061,173.194.182.102,10.10.0.10,,,443,41888,0,1358,17
1587481424.1857634,173.194.182.102,10.10.0.10,,,443,41888,0,1358,17
1587481424.190215,173.194.182.102,10.10.0.10,,,443,41888,0,1358,17
1587481424.193861,10.10.0.10,173.194.182.102,,,41888,443,0,37,17
1587481424.19467,173.194.182.102,10.10.0.10,,,443,41888,0,1358,17
1587481424.196794,10.10.0.10,173.194.182.102,,,41888,443,0,37,17
1587481424.199074,173.194.182.102,10.10.0.10,,,443,41888,0,1358,17
1587481424.203579,173.194.182.102,10.10.0.10,,,443,41888,0,1358,17
1587481424.2054338,10.10.0.10,173.194.182.102,,,41888,443,0,37,17
1587481424.2080321,173.194.182.102,10.10.0.10,,,443,41888,0,1358,17
1587481424.2124429,173.194.182.102,10.10.0.10,,,443,41888,0,1358,17
1587481424.214585,10.10.0.10,173.194.182.102,,,41888,443,0,37,17
1587481424.216941,173.194.182.102,10.10.0.10,,,443,41888,0,1358,17
1587481424.2213948,173.194.182.102,10.10.0.10,,,443,41888,0,1358,17
1587481424.223663,10.10.0.10,173.194.182.102,,,41888,443,0,37,17
1587481424.225806,173.194.182.102,10.10.0.10,,,443,41888,0,1358,17
1587481424.2303052,173.194.182.102,10.10.0.10,,,443,41888,0,1358,17
1587481424.2324328,10.10.0.10,173.194.182.102,,,41888,443,0,37,17
1587481424.234758,173.194.182.102,10.10.0.10,,,443,41888,0,1358,17
1587481424.2391732,173.194.182.102,10.10.0.10,,,443,41888,0,1358,17
1587481424.24121,10.10.0.10,173.194.182.102,,,41888,443,0,37,17
1587481424.2436678,173.194.182.102,10.10.0.10,,,443,41888,0,1358,17
1587481424.248122,173.194.182.102,10.10.0.10,,,443,41888,0,1358,17
1587481424.2501054,10.10.0.10,173.194.182.102,,,41888,443,0,37,17
1587481424.2525392,173.194.182.102,10.10.0.10,,,443,41888,0,1358,17
1587481424.257031,173.194.182.102,10.10.0.10,,,443,41888,0,1358,17
1587481424.2589262,10.10.0.10,173.194.182.102,,,41888,443,0,50,17
1587481424.261486,173.194.182.102,10.10.0.10,,,443,41888,0,1358,17
1587481424.2659,173.194.182.102,10.10.0.10,,,443,41888,0,1358,17
1587481424.267767,10.10.0.10,173.194.182.102,,,41888,443,0,37,17
1587481424.2703948,173.194.182.102,10.10.0.10,,,443,41888,0,1358,17
1587481424.274848,173.194.182.102,10.10.0.10,,,443,41888,0,1358,17
1587481424.278215,10.10.0.10,173.194.182.102,,,41888,443,0,37,17
1587481424.2792602,173.194.182.102,10.10.0.10,,,443,41888,0,1358,17
1587481424.2837582,173.194.182.102,10.10.0.10,,,443,41888,0,1358,17
1587481424.2859118,10.10.0.10,173.194.182.102,,,41888,443,0,37,17
1587481424.288223,173.194.182.102,10.10.0.10,,,443,41888,0,1358,17
1587481424.2926269,173.194.182.102,10.10.0.10,,,443,41888,0,1358,17
1587481424.2951028,10.10.0.10,173.194.182.102,,,41888,443,0,37,17
1587481424.297121,173.194.182.102,10.10.0.10,,,443,41888,0,1358,17
1587481424.301574,173.194.182.102,10.10.0.10,,,443,41888,0,1358,17
1587481424.3043132,10.10.0.10,173.194.182.102,,,41888,443,0,37,17
1587481424.3060038,173.194.182.102,10.10.0.10,,,443,41888,0,1358,17
1587481424.310483,173.194.182.102,10.10.0.10,,,443,41888,0,1358,17
1587481424.312721,10.10.0.10,173.194.182.102,,,41888,443,0,37,17
1587481424.3148818,173.194.182.102,10.10.0.10,,,443,41888,0,29,17
1587481424.3150852,173.194.182.102,10.10.0.10,,,443,41888,0,1358,17
1587481424.3195572,173.194.182.102,10.10.0.10,,,443,41888,0,1358,17
1587481424.322097,10.10.0.10,173.194.182.102,,,41888,443,0,37,17
1587481424.3240118,173.194.182.102,10.10.0.10,,,443,41888,0,1358,17
1587481424.328466,173.194.182.102,10.10.0.10,,,443,41888,0,1358,17
1587481424.3305652,10.10.0.10,173.194.182.102,,,41888,443,0,37,17
1587481424.332906,173.194.182.102,10.10.0.10,,,443,41888,0,1358,17
1587481424.337375,173.194.182.102,10.10.0.10,,,443,41888,0,1358,17
1587481424.339582,10.10.0.10,173.194.182.102,,,41888,443,0,37,17
1587481424.341866,173.194.182.102,10.10.0.10,,,443,41888,0,1358,17
1587481424.3463204,173.194.182.102,10.10.0.10,,,443,41888,0,1358,17
1587481424.348312,10.10.0.10,173.194.182.102,,,41888,443,0,37,17
1587481424.350776,173.194.182.102,10.10.0.10,,,443,41888,0,1358,17
1587481424.3552294,173.194.182.102,10.10.0.10,,,443,41888,0,1358,17
1587481424.357538,10.10.0.10,173.194.182.102,,,41888,443,0,37,17
1587481424.3596838,173.194.182.102,10.10.0.10,,,443,41888,0,1358,17
1587481424.3641381,173.194.182.102,10.10.0.10,,,443,41888,0,1358,17
1587481424.366084,10.10.0.10,173.194.182.102,,,41888,443,0,37,17
1587481424.368592,173.194.182.102,10.10.0.10,,,443,41888,0,1358,17
1587481424.373047,173.194.182.102,10.10.0.10,,,443,41888,0,1358,17
1587481424.3751204,10.10.0.10,173.194.182.102,,,41888,443,0,37,17
1587481424.377501,173.194.182.102,10.10.0.10,,,443,41888,0,1358,17
1587481424.381956,173.194.182.102,10.10.0.10,,,443,41888,0,1358,17
1587481424.3842454,10.10.0.10,173.194.182.102,,,41888,443,0,37,17
1587481424.386412,173.194.182.102,10.10.0.10,,,443,41888,0,1358,17
1587481424.3908648,173.194.182.102,10.10.0.10,,,443,41888,0,1358,17
1587481424.393118,10.10.0.10,173.194.182.102,,,41888,443,0,37,17
1587481424.395319,173.194.182.102,10.10.0.10,,,443,41888,0,1358,17
1587481424.3997734,173.194.182.102,10.10.0.10,,,443,41888,0,1358,17
1587481424.402191,10.10.0.10,173.194.182.102,,,41888,443,0,37,17
1587481424.4042294,173.194.182.102,10.10.0.10,,,443,41888,0,1358,17
1587481424.4086974,173.194.182.102,10.10.0.10,,,443,41888,0,1358,17
1587481424.411201,10.10.0.10,173.194.182.102,,,41888,443,0,37,17
1587481424.413137,173.194.182.102,10.10.0.10,,,443,41888,0,1358,17
1587481424.417592,173.194.182.102,10.10.0.10,,,443,41888,0,1358,17
1587481424.4196026,10.10.0.10,173.194.182.102,,,41888,443,0,37,17
1587481424.4220688,173.194.182.102,10.10.0.10,,,443,41888,0,1358,17
1587481424.4264991,173.194.182.102,10.10.0.10,,,443,41888,0,1358,17
1587481424.4285462,10.10.0.10,173.194.182.102,,,41888,443,0,37,17
1587481424.430954,173.194.182.102,10.10.0.10,,,443,41888,0,1358,17
1587481424.435416,173.194.182.102,10.10.0.10,,,443,41888,0,1358,17
1587481424.439125,10.10.0.10,173.194.182.102,,,41888,443,0,50,17
1587481424.439825,173.194.182.102,10.10.0.10,,,443,41888,0,1358,17
1587481424.444317,173.194.182.102,10.10.0.10,,,443,41888,0,1358,17
1587481424.4468124,10.10.0.10,173.194.182.102,,,41888,443,0,37,17
1587481424.448762,173.194.182.102,10.10.0.10,,,443,41888,0,1358,17
1587481424.4532268,173.194.182.102,10.10.0.10,,,443,41888,0,1358,17
1587481424.45768,173.194.182.102,10.10.0.10,,,443,41888,0,1358,17
1587481424.4620972,173.194.182.102,10.10.0.10,,,443,41888,0,1358,17
1587481424.4629831,10.10.0.10,173.194.182.102,,,41888,443,0,37,17
1587481424.465683,10.10.0.10,173.194.182.102,,,41888,443,0,37,17
1587481424.4665911,173.194.182.102,10.10.0.10,,,443,41888,0,1358,17
1587481424.471048,173.194.182.102,10.10.0.10,,,443,41888,0,1358,17
1587481424.4734616,10.10.0.10,173.194.182.102,,,41888,443,0,37,17
1587481424.4755,173.194.182.102,10.10.0.10,,,443,41888,0,1358,17
1587481424.479913,173.194.182.102,10.10.0.10,,,443,41888,0,1358,17
1587481424.482507,10.10.0.10,173.194.182.102,,,41888,443,0,37,17
1587481424.484407,173.194.182.102,10.10.0.10,,,443,41888,0,1358,17
1587481424.488799,173.194.182.102,10.10.0.10,,,443,41888,0,1358,17
1587481424.491561,10.10.0.10,173.194.182.102,,,41888,443,0,37,17
1587481424.493316,173.194.182.102,10.10.0.10,,,443,41888,0,1358,17
1587481424.4977171,173.194.182.102,10.10.0.10,,,443,41888,0,1358,17
1587481424.4998748,10.10.0.10,173.194.182.102,,,41888,443,0,37,17
1587481424.5022302,173.194.182.102,10.10.0.10,,,443,41888,0,1358,17
1587481424.506639,173.194.182.102,10.10.0.10,,,443,41888,0,1358,17
1587481424.508831,10.10.0.10,173.194.182.102,,,41888,443,0,37,17
1587481424.5111332,173.194.182.102,10.10.0.10,,,443,41888,0,1358,17
1587481424.513587,10.10.0.10,173.194.182.102,,,41888,443,0,40,17
1587481424.515592,173.194.182.102,10.10.0.10,,,443,41888,0,1358,17
1587481424.518019,10.10.0.10,173.194.182.102,,,41888,443,0,37,17
1587481424.520043,173.194.182.102,10.10.0.10,,,443,41888,0,1358,17
1587481424.524499,173.194.182.102,10.10.0.10,,,443,41888,0,1358,17
1587481424.528955,173.194.182.102,10.10.0.10,,,443,41888,0,1358,17
1587481424.5334098,173.194.182.102,10.10.0.10,,,443,41888,0,1358,17
1587481424.537865,173.194.182.102,10.10.0.10,,,443,41888,0,1358,17
1587481424.542319,173.194.182.102,10.10.0.10,,,443,41888,0,1358,17
1587481424.5467732,173.194.182.102,10.10.0.10,,,443,41888,0,1358,17
1587481424.5512292,173.194.182.102,10.10.0.10,,,443,41888,0,1358,17
1587481424.555682,173.194.182.102,10.10.0.10,,,443,41888,0,1358,17
1587481424.5601368,173.194.182.102,10.10.0.10,,,443,41888,0,1358,17
1587481424.56459,173.194.182.102,10.10.0.10,,,443,41888,0,1358,17
1587481424.5690439,173.194.182.102,10.10.0.10,,,443,41888,0,1358,17
1587481424.5734956,173.194.182.102,10.10.0.10,,,443,41888,0,1358,17
1587481424.577935,173.194.182.102,10.10.0.10,,,443,41888,0,1358,17
1587481424.582405,173.194.182.102,10.10.0.10,,,443,41888,0,1358,17
1587481424.586863,173.194.182.102,10.10.0.10,,,443,41888,0,1358,17
1587481424.5913172,173.194.182.102,10.10.0.10,,,443,41888,0,1358,17
1587481424.5957725,173.194.182.102,10.10.0.10,,,443,41888,0,1358,17
1587481424.600222,173.194.182.102,10.10.0.10,,,443,41888,0,1358,17
1587481424.604251,10.10.0.10,173.194.182.102,,,41888,443,0,37,17
1587481424.6046374,173.194.182.102,10.10.0.10,,,443,41888,0,1358,17
1587481424.605616,10.10.0.10,173.194.182.102,,,41888,443,0,37,17
1587481424.6091301,173.194.182.102,10.10.0.10,,,443,41888,0,1358,17
1587481424.61351,10.10.0.10,173.194.182.102,,,41888,443,0,37,17
1587481424.613557,173.194.182.102,10.10.0.10,,,443,41888,0,1358,17
1587481424.613568,10.10.0.10,173.194.182.102,,,41888,443,0,37,17
1587481424.618041,173.194.182.102,10.10.0.10,,,443,41888,0,1358,17
1587481424.6210828,10.10.0.10,173.194.182.102,,,41888,443,0,37,17
1587481424.622498,173.194.182.102,10.10.0.10,,,443,41888,0,1358,17
1587481424.6267529,10.10.0.10,173.194.182.102,,,41888,443,0,37,17
1587481424.626935,173.194.182.102,10.10.0.10,,,443,41888,0,1358,17
1587481424.628834,10.10.0.10,173.194.182.102,,,41888,443,0,37,17
1587481424.6313722,173.194.182.102,10.10.0.10,,,443,41888,0,1358,17
1587481424.6358569,173.194.182.102,10.10.0.10,,,443,41888,0,1358,17
1587481424.6403148,173.194.182.102,10.10.0.10,,,443,41888,0,1358,17
1587481424.6447706,173.194.182.102,10.10.0.10,,,443,41888,0,1358,17
1587481424.649224,173.194.182.102,10.10.0.10,,,443,41888,0,1358,17
1587481424.6536796,173.194.182.102,10.10.0.10,,,443,41888,0,1358,17
1587481424.658133,173.194.182.102,10.10.0.10,,,443,41888,0,1358,17
1587481424.66257,173.194.182.102,10.10.0.10,,,443,41888,0,1358,17
1587481424.667044,173.194.182.102,10.10.0.10,,,443,41888,0,1358,17
1587481424.6714964,173.194.182.102,10.10.0.10,,,443,41888,0,1358,17
1587481424.67595,173.194.182.102,10.10.0.10,,,443,41888,0,1358,17
1587481424.6804054,173.194.182.102,10.10.0.10,,,443,41888,0,1358,17
1587481424.6848571,173.194.182.102,10.10.0.10,,,443,41888,0,1358,17
1587481424.699991,10.10.0.10,173.194.182.102,,,41888,443,0,37,17
1587481424.700049,10.10.0.10,173.194.182.102,,,41888,443,0,37,17
1587481424.711007,173.194.182.102,10.10.0.10,,,443,41888,0,1358,17
1587481424.7110589,173.194.182.102,10.10.0.10,,,443,41888,0,1358,17
1587481424.712397,10.10.0.10,173.194.182.102,,,41888,443,0,50,17
1587481424.7126696,10.10.0.10,173.194.182.102,,,41888,443,0,37,17
1587481424.7126842,10.10.0.10,173.194.182.102,,,41888,443,0,37,17
1587481424.712807,10.10.0.10,173.194.182.102,,,41888,443,0,37,17
1587481424.7153618,10.10.0.10,173.194.182.102,,,41888,443,0,37,17
1587481424.716972,10.10.0.10,173.194.182.102,,,41888,443,0,37,17
1587481424.7175472,10.10.0.10,173.194.182.102,,,41888,443,0,37,17
1587481424.7215538,173.194.182.102,10.10.0.10,,,443,41888,0,1358,17
1587481424.7216,173.194.182.102,10.10.0.10,,,443,41888,0,1358,17
1587481424.723599,10.10.0.10,173.194.182.102,,,41888,443,0,37,17
1587481424.724941,10.10.0.10,173.194.182.102,,,41888,443,0,37,17
1587481424.7253635,173.194.182.102,10.10.0.10,,,443,41888,0,29,17
1587481424.727203,10.10.0.10,173.194.182.102,,,41888,443,0,37,17
1587481424.731039,10.10.0.10,173.194.182.102,,,41888,443,0,37,17
1587481424.731949,10.10.0.10,173.194.182.102,,,41888,443,0,37,17
1587481424.733565,173.194.182.102,10.10.0.10,,,443,41888,0,1358,17
1587481424.733624,173.194.182.102,10.10.0.10,,,443,41888,0,1358,17
1587481424.735856,10.10.0.10,173.194.182.102,,,41888,443,0,37,17
1587481424.7412634,173.194.182.102,10.10.0.10,,,443,41888,0,1358,17
1587481424.7418509,173.194.182.102,10.10.0.10,,,443,41888,0,1358,17
1587481424.744123,10.10.0.10,173.194.182.102,,,41888,443,0,37,17
1587481424.7510002,173.194.182.102,10.10.0.10,,,443,41888,0,1358,17
1587481424.7510588,173.194.182.102,10.10.0.10,,,443,41888,0,1358,17
1587481424.7531662,10.10.0.10,173.194.182.102,,,41888,443,0,37,17
1587481424.759137,173.194.182.102,10.10.0.10,,,443,41888,0,1358,17
1587481424.7596679,173.194.182.102,10.10.0.10,,,443,41888,0,1358,17
1587481424.7613714,10.10.0.10,173.194.182.102,,,41888,443,0,37,17
1587481424.768032,173.194.182.102,10.10.0.10,,,443,41888,0,1358,17
1587481424.7685769,173.194.182.102,10.10.0.10,,,443,41888,0,1358,17
1587481424.770103,10.10.0.10,173.194.182.102,,,41888,443,0,37,17
1587481424.7764268,173.194.182.102,10.10.0.10,,,443,41888,0,1358,17
1587481424.777513,173.194.182.102,10.10.0.10,,,443,41888,0,1358,17
1587481424.7786212,10.10.0.10,173.194.182.102,,,41888,443,0,37,17
1587481424.7852821,173.194.182.102,10.10.0.10,,,443,41888,0,1358,17
1587481424.786423,173.194.182.102,10.10.0.10,,,443,41888,0,1358,17
1587481424.789825,10.10.0.10,173.194.182.102,,,41888,443,0,40,17
1587481424.789885,10.10.0.10,173.194.182.102,,,41888,443,0,37,17
1587481424.792463,173.194.182.102,10.10.0.10,,,443,41888,0,1358,17
1587481424.7953308,173.194.182.102,10.10.0.10,,,443,41888,0,1358,17
1587481424.7977881,10.10.0.10,173.194.182.102,,,41888,443,0,50,17
1587481424.8000321,173.194.182.102,10.10.0.10,,,443,41888,0,1358,17
1587481424.8042028,173.194.182.102,10.10.0.10,,,443,41888,0,1358,17
1587481424.806348,10.10.0.10,173.194.182.102,,,41888,443,0,37,17
1587481424.8086338,173.194.182.102,10.10.0.10,,,443,41888,0,1358,17
1587481424.8131518,173.194.182.102,10.10.0.10,,,443,41888,0,1358,17
1587481424.8153868,10.10.0.10,173.194.182.102,,,41888,443,0,37,17
1587481424.817606,173.194.182.102,10.10.0.10,,,443,41888,0,29,17
1587481424.8177366,173.194.182.102,10.10.0.10,,,443,41888,0,1358,17
1587481424.822207,173.194.182.102,10.10.0.10,,,443,41888,0,1358,17
1587481424.8243332,10.10.0.10,173.194.182.102,,,41888,443,0,37,17
1587481424.826835,173.194.182.102,10.10.0.10,,,443,41888,0,1358,17
1587481424.8311732,173.194.182.102,10.10.0.10,,,443,41888,0,1358,17
1587481424.8333108,10.10.0.10,173.194.182.102,,,41888,443,0,37,17
1587481424.83561,173.194.182.102,10.10.0.10,,,443,41888,0,1358,17
1587481424.8400779,173.194.182.102,10.10.0.10,,,443,41888,0,1358,17
1587481424.8426461,10.10.0.10,173.194.182.102,,,41888,443,0,37,17
1587481424.8445342,173.194.182.102,10.10.0.10,,,443,41888,0,1358,17
1587481424.848952,173.194.182.102,10.10.0.10,,,443,41888,0,1358,17
1587481424.851118,10.10.0.10,173.194.182.102,,,41888,443,0,37,17
1587481424.853446,173.194.182.102,10.10.0.10,,,443,41888,0,1358,17
1587481424.857897,173.194.182.102,10.10.0.10,,,443,41888,0,1358,17
1587481424.8600562,10.10.0.10,173.194.182.102,,,41888,443,0,37,17
1587481424.862352,173.194.182.102,10.10.0.10,,,443,41888,0,1358,17
1587481424.866777,173.194.182.102,10.10.0.10,,,443,41888,0,1358,17
1587481424.8712301,173.194.182.102,10.10.0.10,,,443,41888,0,1358,17
1587481424.873199,10.10.0.10,173.194.182.102,,,41888,443,0,37,17
1587481424.8757155,173.194.182.102,10.10.0.10,,,443,41888,0,1358,17
1587481424.8778632,10.10.0.10,173.194.182.102,,,41888,443,0,37,17
1587481424.880169,173.194.182.102,10.10.0.10,,,443,41888,0,1358,17
1587481424.8846269,173.194.182.102,10.10.0.10,,,443,41888,0,1358,17
1587481424.8869116,10.10.0.10,173.194.182.102,,,41888,443,0,37,17
1587481424.8890364,173.194.182.102,10.10.0.10,,,443,41888,0,1358,17
1587481424.8935325,173.194.182.102,10.10.0.10,,,443,41888,0,1358,17
1587481424.8957276,10.10.0.10,173.194.182.102,,,41888,443,0,37,17
1587481424.897986,173.194.182.102,10.10.0.10,,,443,41888,0,1358,17
1587481424.902411,173.194.182.102,10.10.0.10,,,443,41888,0,1358,17
1587481424.9048722,10.10.0.10,173.194.182.102,,,41888,443,0,37,17
1587481424.906899,173.194.182.102,10.10.0.10,,,443,41888,0,1358,17
1587481424.911288,173.194.182.102,10.10.0.10,,,443,41888,0,1358,17
1587481424.913367,10.10.0.10,173.194.182.102,,,41888,443,0,37,17
1587481424.915808,173.194.182.102,10.10.0.10,,,443,41888,0,1358,17
1587481424.9202578,173.194.182.102,10.10.0.10,,,443,41888,0,1358,17
1587481424.923501,10.10.0.10,173.194.182.102,,,41888,443,0,37,17
1587481424.9247134,173.194.182.102,10.10.0.10,,,443,41888,0,1358,17
1587481424.929127,173.194.182.102,10.10.0.10,,,443,41888,0,1358,17
1587481424.931271,10.10.0.10,173.194.182.102,,,41888,443,0,37,17
1587481424.933586,173.194.182.102,10.10.0.10,,,443,41888,0,1358,17
1587481424.938038,173.194.182.102,10.10.0.10,,,443,41888,0,1358,17
1587481424.9409618,10.10.0.10,173.194.182.102,,,41888,443,0,37,17
1587481424.9424772,173.194.182.102,10.10.0.10,,,443,41888,0,1358,17
1587481424.9469464,173.194.182.102,10.10.0.10,,,443,41888,0,1358,17
1587481424.9492922,10.10.0.10,173.194.182.102,,,41888,443,0,37,17
1587481424.951402,173.194.182.102,10.10.0.10,,,443,41888,0,1358,17
1587481424.955848,173.194.182.102,10.10.0.10,,,443,41888,0,1358,17
1587481424.958662,10.10.0.10,173.194.182.102,,,41888,443,0,37,17
1587481424.9603481,173.194.182.102,10.10.0.10,,,443,41888,0,1358,17
1587481424.964802,173.194.182.102,10.10.0.10,,,443,41888,0,1358,17
1587481424.966832,10.10.0.10,173.194.182.102,,,41888,443,0,37,17
1587481424.9692152,173.194.182.102,10.10.0.10,,,443,41888,0,1358,17
1587481424.97371,173.194.182.102,10.10.0.10,,,443,41888,0,1358,17
1587481424.9755628,10.10.0.10,173.194.182.102,,,41888,443,0,50,17
1587481424.9781628,173.194.182.102,10.10.0.10,,,443,41888,0,554,17
1587481424.9876282,173.194.182.102,10.10.0.10,,,443,41888,0,32,17
1587481425.0115228,10.10.0.10,173.194.182.102,,,41888,443,0,37,17
1587481425.012943,10.10.0.10,173.194.182.102,,,41888,443,0,706,17
1587481425.013208,10.10.0.10,173.194.182.102,,,41888,443,0,48,17
1587481425.023967,173.194.182.102,10.10.0.10,,,443,41888,0,115,17
1587481425.0240178,173.194.182.102,10.10.0.10,,,443,41888,0,1358,17
1587481425.024042,173.194.182.102,10.10.0.10,,,443,41888,0,1358,17
1587481425.027752,10.10.0.10,173.194.182.102,,,41888,443,0,37,17
1587481425.028266,173.194.182.102,10.10.0.10,,,443,41888,0,1358,17
1587481425.030247,10.10.0.10,173.194.182.102,,,41888,443,0,37,17
1587481425.0327182,173.194.182.102,10.10.0.10,,,443,41888,0,1358,17
1587481425.037184,173.194.182.102,10.10.0.10,,,443,41888,0,1358,17
1587481425.0396776,10.10.0.10,173.194.182.102,,,41888,443,0,37,17
1587481425.0416696,173.194.182.102,10.10.0.10,,,443,41888,0,1358,17
1587481425.0461226,173.194.182.102,10.10.0.10,,,443,41888,0,1358,17
1587481425.050549,173.194.182.102,10.10.0.10,,,443,41888,0,1358,17
1587481425.055031,173.194.182.102,10.10.0.10,,,443,41888,0,1358,17
1587481425.0594866,173.194.182.102,10.10.0.10,,,443,41888,0,1358,17
1587481425.063941,173.194.182.102,10.10.0.10,,,443,41888,0,1358,17
1587481425.0684,173.194.182.102,10.10.0.10,,,443,41888,0,1358,17
1587481425.0728168,173.194.182.102,10.10.0.10,,,443,41888,0,1358,17
1587481425.0733151,10.10.0.10,173.194.182.102,,,41888,443,0,37,17
1587481425.07715,10.10.0.10,173.194.182.102,,,41888,443,0,37,17
1587481425.077282,173.194.182.102,10.10.0.10,,,443,41888,0,1358,17
1587481425.0773304,10.10.0.10,173.194.182.102,,,41888,443,0,37,17
1587481425.0783556,10.10.0.10,173.194.182.102,,,41888,443,0,37,17
1587481425.08176,173.194.182.102,10.10.0.10,,,443,41888,0,1358,17
1587481425.0841188,10.10.0.10,173.194.182.102,,,41888,443,0,37,17
1587481425.086214,173.194.182.102,10.10.0.10,,,443,41888,0,1358,17
1587481425.0906682,173.194.182.102,10.10.0.10,,,443,41888,0,1358,17
1587481425.0927296,10.10.0.10,173.194.182.102,,,41888,443,0,37,17
1587481425.0950804,173.194.182.102,10.10.0.10,,,443,41888,0,1358,17
1587481425.0995822,173.194.182.102,10.10.0.10,,,443,41888,0,1358,17
1587481425.101327,10.10.0.10,173.194.182.102,,,41888,443,0,37,17
1587481425.104035,173.194.182.102,10.10.0.10,,,443,41888,0,1358,17
1587481425.108459,173.194.182.102,10.10.0.10,,,443,41888,0,1358,17
1587481425.110329,10.10.0.10,173.194.182.102,,,41888,443,0,37,17
1587481425.112943,173.194.182.102,10.10.0.10,,,443,41888,0,1358,17
1587481425.117399,173.194.182.102,10.10.0.10,,,443,41888,0,1358,17
1587481425.1194382,10.10.0.10,173.194.182.102,,,41888,443,0,37,17
1587481425.121849,173.194.182.102,10.10.0.10,,,443,41888,0,1358,17
1587481425.126302,173.194.182.102,10.10.0.10,,,443,41888,0,1358,17
1587481425.1282248,10.10.0.10,173.194.182.102,,,41888,443,0,37,17
1587481425.130758,173.194.182.102,10.10.0.10,,,443,41888,0,1358,17
1587481425.1352124,173.194.182.102,10.10.0.10,,,443,41888,0,1358,17
1587481425.137407,10.10.0.10,173.194.182.102,,,41888,443,0,37,17
1587481425.1396658,173.194.182.102,10.10.0.10,,,443,41888,0,1358,17
1587481425.14412,173.194.182.102,10.10.0.10,,,443,41888,0,1358,17
1587481425.1466026,10.10.0.10,173.194.182.102,,,41888,443,0,37,17
1587481425.1485252,173.194.182.102,10.10.0.10,,,443,41888,0,1358,17
1587481425.1530292,173.194.182.102,10.10.0.10,,,443,41888,0,1358,17
1587481425.1568089,10.10.0.10,173.194.182.102,,,41888,443,0,37,17
1587481425.1574428,173.194.182.102,10.10.0.10,,,443,41888,0,1358,17
1587481425.161942,173.194.182.102,10.10.0.10,,,443,41888,0,1358,17
1587481425.164591,10.10.0.10,173.194.182.102,,,41888,443,0,37,17
1587481425.166393,173.194.182.102,10.10.0.10,,,443,41888,0,1358,17
1587481425.170852,173.194.182.102,10.10.0.10,,,443,41888,0,1358,17
1587481425.17279,10.10.0.10,173.194.182.102,,,41888,443,0,37,17
1587481425.175273,173.194.182.102,10.10.0.10,,,443,41888,0,1358,17
1587481425.179716,173.194.182.102,10.10.0.10,,,443,41888,0,1358,17
1587481425.182392,10.10.0.10,173.194.182.102,,,41888,443,0,37,17
1587481425.1842108,173.194.182.102,10.10.0.10,,,443,41888,0,1358,17
1587481425.1886652,173.194.182.102,10.10.0.10,,,443,41888,0,1358,17
1587481425.1913722,10.10.0.10,173.194.182.102,,,41888,443,0,50,17
1587481425.1931224,173.194.182.102,10.10.0.10,,,443,41888,0,1358,17
1587481425.1975741,173.194.182.102,10.10.0.10,,,443,41888,0,1358,17
1587481425.201447,10.10.0.10,173.194.182.102,,,41888,443,0,37,17
1587481425.201979,173.194.182.102,10.10.0.10,,,443,41888,0,1358,17
1587481425.206452,173.194.182.102,10.10.0.10,,,443,41888,0,1358,17
1587481425.209251,10.10.0.10,173.194.182.102,,,41888,443,0,37,17
1587481425.210902,173.194.182.102,10.10.0.10,,,443,41888,0,1358,17
1587481425.2153332,173.194.182.102,10.10.0.10,,,443,41888,0,1358,17
1587481425.2175002,10.10.0.10,173.194.182.102,,,41888,443,0,37,17
1587481425.219776,173.194.182.102,10.10.0.10,,,443,41888,0,1358,17
1587481425.2242372,173.194.182.102,10.10.0.10,,,443,41888,0,1358,17
1587481425.228714,173.194.182.102,10.10.0.10,,,443,41888,0,1358,17
1587481425.231793,10.10.0.10,173.194.182.102,,,41888,443,0,37,17
1587481425.233192,173.194.182.102,10.10.0.10,,,443,41888,0,1358,17
1587481425.2364998,10.10.0.10,173.194.182.102,,,41888,443,0,37,17
1587481425.237624,173.194.182.102,10.10.0.10,,,443,41888,0,1358,17
1587481425.2420561,173.194.182.102,10.10.0.10,,,443,41888,0,1358,17
1587481425.2452052,10.10.0.10,173.194.182.102,,,41888,443,0,37,17
1587481425.246561,173.194.182.102,10.10.0.10,,,443,41888,0,1358,17
1587481425.251015,173.194.182.102,10.10.0.10,,,443,41888,0,1358,17
1587481425.2533634,10.10.0.10,173.194.182.102,,,41888,443,0,37,17
1587481425.255409,173.194.182.102,10.10.0.10,,,443,41888,0,1358,17
1587481425.259932,173.194.182.102,10.10.0.10,,,443,41888,0,1358,17
1587481425.2630038,10.10.0.10,173.194.182.102,,,41888,443,0,37,17
1587481425.2643251,173.194.182.102,10.10.0.10,,,443,41888,0,29,17
1587481425.264519,173.194.182.102,10.10.0.10,,,443,41888,0,1358,17
1587481425.268987,173.194.182.102,10.10.0.10,,,443,41888,0,1358,17
1587481425.2710438,10.10.0.10,173.194.182.102,,,41888,443,0,37,17
1587481425.2734852,173.194.182.102,10.10.0.10,,,443,41888,0,1358,17
1587481425.2779384,173.194.182.102,10.10.0.10,,,443,41888,0,1358,17
1587481425.279759,10.10.0.10,173.194.182.102,,,41888,443,0,37,17
1587481425.282369,173.194.182.102,10.10.0.10,,,443,41888,0,1358,17
1587481425.286852,173.194.182.102,10.10.0.10,,,443,41888,0,1358,17
1587481425.28872,10.10.0.10,173.194.182.102,,,41888,443,0,37,17
1587481425.291306,173.194.182.102,10.10.0.10,,,443,41888,0,1358,17
1587481425.2957342,173.194.182.102,10.10.0.10,,,443,41888,0,1358,17
1587481425.298347,10.10.0.10,173.194.182.102,,,41888,443,0,37,17
1587481425.300216,173.194.182.102,10.10.0.10,,,443,41888,0,1358,17
1587481425.304671,173.194.182.102,10.10.0.10,,,443,41888,0,1358,17
1587481425.306617,10.10.0.10,173.194.182.102,,,41888,443,0,37,17
1587481425.309096,173.194.182.102,10.10.0.10,,,443,41888,0,1358,17
1587481425.3135805,173.194.182.102,10.10.0.10,,,443,41888,0,1358,17
1587481425.3159068,10.10.0.10,173.194.182.102,,,41888,443,0,37,17
1587481425.318035,173.194.182.102,10.10.0.10,,,443,41888,0,1358,17
1587481425.3224602,173.194.182.102,10.10.0.10,,,443,41888,0,1358,17
1587481425.3243482,10.10.0.10,173.194.182.102,,,41888,443,0,37,17
1587481425.326905,173.194.182.102,10.10.0.10,,,443,41888,0,1358,17
1587481425.331348,173.194.182.102,10.10.0.10,,,443,41888,0,1358,17
1587481425.3346848,10.10.0.10,173.194.182.102,,,41888,443,0,37,17
1587481425.3358028,173.194.182.102,10.10.0.10,,,443,41888,0,1358,17
1587481425.3402598,173.194.182.102,10.10.0.10,,,443,41888,0,1358,17
1587481425.341975,10.10.0.10,173.194.182.102,,,41888,443,0,37,17
1587481425.344738,173.194.182.102,10.10.0.10,,,443,41888,0,1358,17
1587481425.349184,173.194.182.102,10.10.0.10,,,443,41888,0,1358,17
1587481425.350967,10.10.0.10,173.194.182.102,,,41888,443,0,37,17
1587481425.3536668,173.194.182.102,10.10.0.10,,,443,41888,0,1358,17
1587481425.3581245,173.194.182.102,10.10.0.10,,,443,41888,0,1358,17
1587481425.3598974,10.10.0.10,173.194.182.102,,,41888,443,0,37,17
1587481425.36255,173.194.182.102,10.10.0.10,,,443,41888,0,1358,17
1587481425.3670368,173.194.182.102,10.10.0.10,,,443,41888,0,1358,17
1587481425.3687732,10.10.0.10,173.194.182.102,,,41888,443,0,50,17
1587481425.37149,173.194.182.102,10.10.0.10,,,443,41888,0,1358,17
1587481425.375924,173.194.182.102,10.10.0.10,,,443,41888,0,1358,17
1587481425.3803608,173.194.182.102,10.10.0.10,,,443,41888,0,1358,17
1587481425.3807054,10.10.0.10,173.194.182.102,,,41888,443,0,37,17
1587481425.384824,173.194.182.102,10.10.0.10,,,443,41888,0,1358,17
1587481425.387218,10.10.0.10,173.194.182.102,,,41888,443,0,37,17
1587481425.3892589,173.194.182.102,10.10.0.10,,,443,41888,0,1358,17
1587481425.3937206,173.194.182.102,10.10.0.10,,,443,41888,0,1358,17
1587481425.3960302,10.10.0.10,173.194.182.102,,,41888,443,0,37,17
1587481425.398215,173.194.182.102,10.10.0.10,,,443,41888,0,1358,17
1587481425.402646,173.194.182.102,10.10.0.10,,,443,41888,0,1358,17
1587481425.4052851,10.10.0.10,173.194.182.102,,,41888,443,0,37,17
1587481425.4070618,173.194.182.102,10.10.0.10,,,443,41888,0,1358,17
1587481425.411579,173.194.182.102,10.10.0.10,,,443,41888,0,1358,17
1587481425.4132998,10.10.0.10,173.194.182.102,,,41888,443,0,37,17
1587481425.416016,173.194.182.102,10.10.0.10,,,443,41888,0,1358,17
1587481425.420495,173.194.182.102,10.10.0.10,,,443,41888,0,1358,17
1587481425.422354,10.10.0.10,173.194.182.102,,,41888,443,0,37,17
1587481425.4249036,173.194.182.102,10.10.0.10,,,443,41888,0,1358,17
1587481425.429359,173.194.182.102,10.10.0.10,,,443,41888,0,1358,17
1587481425.430957,10.10.0.10,173.194.182.102,,,41888,443,0,37,17
1587481425.4337919,173.194.182.102,10.10.0.10,,,443,41888,0,1358,17
1587481425.4382749,173.194.182.102,10.10.0.10,,,443,41888,0,1358,17
1587481425.440001,10.10.0.10,173.194.182.102,,,41888,443,0,37,17
1587481425.4427376,173.194.182.102,10.10.0.10,,,443,41888,0,1358,17
1587481425.447205,173.194.182.102,10.10.0.10,,,443,41888,0,1358,17
1587481425.448823,10.10.0.10,173.194.182.102,,,41888,443,0,37,17
1587481425.4516606,173.194.182.102,10.10.0.10,,,443,41888,0,1358,17
1587481425.456092,173.194.182.102,10.10.0.10,,,443,41888,0,1358,17
1587481425.457778,10.10.0.10,173.194.182.102,,,41888,443,0,37,17
1587481425.4605742,173.194.182.102,10.10.0.10,,,443,41888,0,1358,17
1587481425.4650018,173.194.182.102,10.10.0.10,,,443,41888,0,1358,17
1587481425.468791,10.10.0.10,173.194.182.102,,,41888,443,0,37,17
1587481425.4694614,173.194.182.102,10.10.0.10,,,443,41888,0,1358,17
1587481425.473942,173.194.182.102,10.10.0.10,,,443,41888,0,1358,17
1587481425.475587,10.10.0.10,173.194.182.102,,,41888,443,0,37,17
1587481425.478401,173.194.182.102,10.10.0.10,,,443,41888,0,1358,17
1587481425.482792,173.194.182.102,10.10.0.10,,,443,41888,0,1358,17
1587481425.4843464,10.10.0.10,173.194.182.102,,,41888,443,0,37,17
1587481425.4873052,173.194.182.102,10.10.0.10,,,443,41888,0,1358,17
1587481425.491762,173.194.182.102,10.10.0.10,,,443,41888,0,1358,17
1587481425.4962132,173.194.182.102,10.10.0.10,,,443,41888,0,1358,17
1587481425.500672,173.194.182.102,10.10.0.10,,,443,41888,0,1358,17
1587481425.5051231,173.194.182.102,10.10.0.10,,,443,41888,0,1358,17
1587481425.5095801,173.194.182.102,10.10.0.10,,,443,41888,0,1358,17
1587481425.513991,173.194.182.102,10.10.0.10,,,443,41888,0,1358,17
1587481425.5184898,173.194.182.102,10.10.0.10,,,443,41888,0,1358,17
1587481425.522945,173.194.182.102,10.10.0.10,,,443,41888,0,1358,17
1587481425.5273972,173.194.182.102,10.10.0.10,,,443,41888,0,1358,17
1587481425.531849,173.194.182.102,10.10.0.10,,,443,41888,0,1358,17
1587481425.5363019,173.194.182.102,10.10.0.10,,,443,41888,0,1358,17
1587481425.539968,10.10.0.10,173.194.182.102,,,41888,443,0,37,17
1587481425.54099,10.10.0.10,173.194.182.102,,,41888,443,0,37,17
1587481425.541774,10.10.0.10,173.194.182.102,,,41888,443,0,37,17
1587481425.543261,10.10.0.10,173.194.182.102,,,41888,443,0,37,17
1587481425.54384,10.10.0.10,173.194.182.102,,,41888,443,0,37,17
1587481425.544878,10.10.0.10,173.194.182.102,,,41888,443,0,37,17
1587481425.550173,173.194.182.102,10.10.0.10,,,443,41888,0,1358,17
1587481425.55021,173.194.182.102,10.10.0.10,,,443,41888,0,1358,17
1587481425.552145,10.10.0.10,173.194.182.102,,,41888,443,0,50,17
1587481425.558537,173.194.182.102,10.10.0.10,,,443,41888,0,1358,17
1587481425.558574,173.194.182.102,10.10.0.10,,,443,41888,0,1358,17
1587481425.56032,10.10.0.10,173.194.182.102,,,41888,443,0,37,17
1587481425.565326,173.194.182.102,10.10.0.10,,,443,41888,0,29,17
1587481425.5675812,173.194.182.102,10.10.0.10,,,443,41888,0,1358,17
1587481425.567617,173.194.182.102,10.10.0.10,,,443,41888,0,1358,17
1587481425.569625,10.10.0.10,173.194.182.102,,,41888,443,0,37,17
1587481425.578294,173.194.182.102,10.10.0.10,,,443,41888,0,1358,17
1587481425.578331,173.194.182.102,10.10.0.10,,,443,41888,0,1358,17
1587481425.5802882,10.10.0.10,173.194.182.102,,,41888,443,0,37,17
1587481425.5867689,173.194.182.102,10.10.0.10,,,443,41888,0,1358,17
1587481425.586806,173.194.182.102,10.10.0.10,,,443,41888,0,1358,17
1587481425.590352,10.10.0.10,173.194.182.102,,,41888,443,0,37,17
1587481425.596199,173.194.182.102,10.10.0.10,,,443,41888,0,1358,17
1587481425.596232,173.194.182.102,10.10.0.10,,,443,41888,0,1358,17
1587481425.5988472,10.10.0.10,173.194.182.102,,,41888,443,0,37,17
1587481425.601562,173.194.182.102,10.10.0.10,,,443,41888,0,1358,17
1587481425.6088028,173.194.182.102,10.10.0.10,,,443,41888,0,1358,17
1587481425.6088998,173.194.182.102,10.10.0.10,,,443,41888,0,1358,17
1587481425.6104374,10.10.0.10,173.194.182.102,,,41888,443,0,40,17
1587481425.611023,10.10.0.10,173.194.182.102,,,41888,443,0,40,17
1587481425.6153948,173.194.182.102,10.10.0.10,,,443,41888,0,1358,17
1587481425.616976,10.10.0.10,173.194.182.102,,,41888,443,0,40,17
1587481425.6178749,173.194.182.102,10.10.0.10,,,443,41888,0,1358,17
1587481425.619483,10.10.0.10,173.194.182.102,,,41888,443,0,40,17
1587481425.622333,173.194.182.102,10.10.0.10,,,443,41888,0,1358,17
1587481425.6240838,10.10.0.10,173.194.182.102,,,41888,443,0,42,17
1587481425.626787,173.194.182.102,10.10.0.10,,,443,41888,0,1358,17
1587481425.628519,10.10.0.10,173.194.182.102,,,41888,443,0,40,17
1587481425.6312132,173.194.182.102,10.10.0.10,,,443,41888,0,1358,17
1587481425.635674,173.194.182.102,10.10.0.10,,,443,41888,0,1358,17
1587481425.638619,10.10.0.10,173.194.182.102,,,41888,443,0,40,17
1587481425.640147,173.194.182.102,10.10.0.10,,,443,41888,0,1358,17
1587481425.6446018,173.194.182.102,10.10.0.10,,,443,41888,0,1358,17
1587481425.6460445,10.10.0.10,173.194.182.102,,,41888,443,0,40,17
1587481425.6490571,173.194.182.102,10.10.0.10,,,443,41888,0,1358,17
1587481425.653512,173.194.182.102,10.10.0.10,,,443,41888,0,1358,17
1587481425.656,10.10.0.10,173.194.182.102,,,41888,443,0,42,17
1587481425.6579652,173.194.182.102,10.10.0.10,,,443,41888,0,1358,17
1587481425.659583,10.10.0.10,173.194.182.102,,,41888,443,0,40,17
1587481425.667221,173.194.182.102,10.10.0.10,,,443,41888,0,1358,17
1587481425.6672704,173.194.182.102,10.10.0.10,,,443,41888,0,1358,17
1587481425.668764,10.10.0.10,173.194.182.102,,,41888,443,0,42,17
1587481425.669008,10.10.0.10,173.194.182.102,,,41888,443,0,42,17
1587481425.6740189,173.194.182.102,10.10.0.10,,,443,41888,0,1358,17
1587481425.6757536,173.194.182.102,10.10.0.10,,,443,41888,0,1358,17
1587481425.6806042,173.194.182.102,10.10.0.10,,,443,41888,0,1358,17
1587481425.6846619,173.194.182.102,10.10.0.10,,,443,41888,0,1358,17
1587481425.6891556,173.194.182.102,10.10.0.10,,,443,41888,0,1358,17
1587481425.7164538,10.10.0.10,173.194.182.102,,,41888,443,0,42,17
1587481425.717558,10.10.0.10,173.194.182.102,,,41888,443,0,42,17
1587481425.727101,173.194.182.102,10.10.0.10,,,443,41888,0,1358,17
1587481425.729506,173.194.182.102,10.10.0.10,,,443,41888,0,1358,17
1587481425.7329636,173.194.182.102,10.10.0.10,,,443,41888,0,1358,17
1587481425.745526,10.10.0.10,173.194.182.102,,,41888,443,0,55,17
1587481425.7477412,10.10.0.10,173.194.182.102,,,41888,443,0,42,17
1587481425.749224,10.10.0.10,173.194.182.102,,,41888,443,0,42,17
1587481425.7564876,173.194.182.102,10.10.0.10,,,443,41888,0,1358,17
1587481425.756532,173.194.182.102,10.10.0.10,,,443,41888,0,1358,17
1587481425.758282,10.10.0.10,173.194.182.102,,,41888,443,0,37,17
1587481425.764648,173.194.182.102,10.10.0.10,,,443,41888,0,1358,17
1587481425.7647321,173.194.182.102,10.10.0.10,,,443,41888,0,1358,17
1587481425.7664268,10.10.0.10,173.194.182.102,,,41888,443,0,37,17
1587481425.772567,173.194.182.102,10.10.0.10,,,443,41888,0,1358,17
1587481425.7737231,173.194.182.102,10.10.0.10,,,443,41888,0,1358,17
1587481425.775196,10.10.0.10,173.194.182.102,,,41888,443,0,37,17
1587481425.7781699,173.194.182.102,10.10.0.10,,,443,41888,0,1358,17
1587481425.782626,173.194.182.102,10.10.0.10,,,443,41888,0,1358,17
1587481425.784679,10.10.0.10,173.194.182.102,,,41888,443,0,37,17
1587481425.78708,173.194.182.102,10.10.0.10,,,443,41888,0,1358,17
1587481425.7915325,173.194.182.102,10.10.0.10,,,443,41888,0,1358,17
1587481425.7931118,10.10.0.10,173.194.182.102,,,41888,443,0,37,17
1587481425.7959876,173.194.182.102,10.10.0.10,,,443,41888,0,1358,17
1587481425.800444,173.194.182.102,10.10.0.10,,,443,41888,0,1358,17
1587481425.802071,10.10.0.10,173.194.182.102,,,41888,443,0,37,17
1587481425.8048599,173.194.182.102,10.10.0.10,,,443,41888,0,1358,17
1587481425.809352,173.194.182.102,10.10.0.10,,,443,41888,0,1358,17
1587481425.811049,10.10.0.10,173.194.182.102,,,41888,443,0,37,17
1587481425.813804,173.194.182.102,10.10.0.10,,,443,41888,0,1358,17
1587481425.818224,173.194.182.102,10.10.0.10,,,443,41888,0,1358,17
1587481425.8197188,10.10.0.10,173.194.182.102,,,41888,443,0,37,17
1587481425.82269,173.194.182.102,10.10.0.10,,,443,41888,0,1358,17
1587481425.827168,173.194.182.102,10.10.0.10,,,443,41888,0,1358,17
1587481425.8286679,10.10.0.10,173.194.182.102,,,41888,443,0,37,17
1587481425.8316212,173.194.182.102,10.10.0.10,,,443,41888,0,1358,17
1587481425.836052,173.194.182.102,10.10.0.10,,,443,41888,0,1358,17
1587481425.837698,10.10.0.10,173.194.182.102,,,41888,443,0,37,17
1587481425.8405302,173.194.182.102,10.10.0.10,,,443,41888,0,1358,17
1587481425.844985,173.194.182.102,10.10.0.10,,,443,41888,0,1358,17
1587481425.8466759,10.10.0.10,173.194.182.102,,,41888,443,0,37,17
1587481425.849415,173.194.182.102,10.10.0.10,,,443,41888,0,1358,17
1587481425.8538258,173.194.182.102,10.10.0.10,,,443,41888,0,1358,17
1587481425.856591,10.10.0.10,173.194.182.102,,,41888,443,0,37,17
1587481425.8583481,173.194.182.102,10.10.0.10,,,443,41888,0,1358,17
1587481425.862777,173.194.182.102,10.10.0.10,,,443,41888,0,1358,17
1587481425.864594,10.10.0.10,173.194.182.102,,,41888,443,0,37,17
1587481425.8672602,173.194.182.102,10.10.0.10,,,443,41888,0,1358,17
1587481425.871712,173.194.182.102,10.10.0.10,,,443,41888,0,1358,17
1587481425.873673,10.10.0.10,173.194.182.102,,,41888,443,0,37,17
1587481425.876168,173.194.182.102,10.10.0.10,,,443,41888,0,1358,17
1587481425.8806202,173.194.182.102,10.10.0.10,,,443,41888,0,1358,17
1587481425.882387,10.10.0.10,173.194.182.102,,,41888,443,0,37,17
1587481425.8850741,173.194.182.102,10.10.0.10,,,443,41888,0,1358,17
1587481425.8895366,173.194.182.102,10.10.0.10,,,443,41888,0,1358,17
1587481425.891438,10.10.0.10,173.194.182.102,,,41888,443,0,37,17
1587481425.893992,173.194.182.102,10.10.0.10,,,443,41888,0,1358,17
1587481425.898407,173.194.182.102,10.10.0.10,,,443,41888,0,1358,17
1587481425.900309,10.10.0.10,173.194.182.102,,,41888,443,0,37,17
1587481425.9028995,173.194.182.102,10.10.0.10,,,443,41888,0,1358,17
1587481425.904684,10.10.0.10,173.194.182.102,,,41888,443,0,53,17
1587481425.9073641,173.194.182.102,10.10.0.10,,,443,41888,0,1358,17
1587481425.9095778,10.10.0.10,173.194.182.102,,,41888,443,0,37,17
1587481425.911808,173.194.182.102,10.10.0.10,,,443,41888,0,1358,17
1587481425.916263,173.194.182.102,10.10.0.10,,,443,41888,0,1358,17
1587481425.918144,10.10.0.10,173.194.182.102,,,41888,443,0,37,17
1587481425.9207182,173.194.182.102,10.10.0.10,,,443,41888,0,1358,17
1587481425.925173,173.194.182.102,10.10.0.10,,,443,41888,0,1358,17
1587481425.926915,10.10.0.10,173.194.182.102,,,41888,443,0,37,17
1587481425.929584,173.194.182.102,10.10.0.10,,,443,41888,0,1358,17
1587481425.934048,173.194.182.102,10.10.0.10,,,443,41888,0,1358,17
1587481425.935787,10.10.0.10,173.194.182.102,,,41888,443,0,37,17
1587481425.938536,173.194.182.102,10.10.0.10,,,443,41888,0,1358,17
1587481425.942986,173.194.182.102,10.10.0.10,,,443,41888,0,1358,17
1587481425.9447238,10.10.0.10,173.194.182.102,,,41888,443,0,37,17
1587481425.9473708,173.194.182.102,10.10.0.10,,,443,41888,0,1358,17
1587481425.9518988,173.194.182.102,10.10.0.10,,,443,41888,0,1358,17
1587481425.953799,10.10.0.10,173.194.182.102,,,41888,443,0,37,17
1587481425.956352,173.194.182.102,10.10.0.10,,,443,41888,0,1358,17
1587481425.960811,173.194.182.102,10.10.0.10,,,443,41888,0,1358,17
1587481425.962466,10.10.0.10,173.194.182.102,,,41888,443,0,37,17
1587481425.9652605,173.194.182.102,10.10.0.10,,,443,41888,0,29,17
1587481425.965383,173.194.182.102,10.10.0.10,,,443,41888,0,1358,17
1587481425.969917,173.194.182.102,10.10.0.10,,,443,41888,0,1358,17
1587481425.9716446,10.10.0.10,173.194.182.102,,,41888,443,0,37,17
1587481425.974373,173.194.182.102,10.10.0.10,,,443,41888,0,1358,17
1587481425.978831,173.194.182.102,10.10.0.10,,,443,41888,0,1358,17
1587481425.9805582,10.10.0.10,173.194.182.102,,,41888,443,0,37,17
1587481425.983282,173.194.182.102,10.10.0.10,,,443,41888,0,1358,17
1587481425.9877384,173.194.182.102,10.10.0.10,,,443,41888,0,1358,17
1587481425.98948,10.10.0.10,173.194.182.102,,,41888,443,0,37,17
1587481425.9921448,173.194.182.102,10.10.0.10,,,443,41888,0,1358,17
1587481425.996618,173.194.182.102,10.10.0.10,,,443,41888,0,1358,17
1587481425.998211,10.10.0.10,173.194.182.102,,,41888,443,0,37,17
1587481426.001035,173.194.182.102,10.10.0.10,,,443,41888,0,1358,17
1587481426.005557,173.194.182.102,10.10.0.10,,,443,41888,0,1358,17
1587481426.008559,10.10.0.10,173.194.182.102,,,41888,443,0,37,17
1587481426.0100071,173.194.182.102,10.10.0.10,,,443,41888,0,1358,17
1587481426.014461,173.194.182.102,10.10.0.10,,,443,41888,0,1358,17
1587481426.0162098,10.10.0.10,173.194.182.102,,,41888,443,0,37,17
1587481426.01892,173.194.182.102,10.10.0.10,,,443,41888,0,1358,17
1587481426.0233722,173.194.182.102,10.10.0.10,,,443,41888,0,1358,17
1587481426.0259626,10.10.0.10,173.194.182.102,,,41888,443,0,37,17
1587481426.027824,173.194.182.102,10.10.0.10,,,443,41888,0,1358,17
1587481426.0322278,173.194.182.102,10.10.0.10,,,443,41888,0,1358,17
1587481426.0342202,10.10.0.10,173.194.182.102,,,41888,443,0,37,17
1587481426.036724,173.194.182.102,10.10.0.10,,,443,41888,0,1358,17
1587481426.041177,173.194.182.102,10.10.0.10,,,443,41888,0,1358,17
1587481426.0430682,10.10.0.10,173.194.182.102,,,41888,443,0,37,17
1587481426.045592,173.194.182.102,10.10.0.10,,,443,41888,0,1358,17
1587481426.050087,173.194.182.102,10.10.0.10,,,443,41888,0,1358,17
1587481426.051719,10.10.0.10,173.194.182.102,,,41888,443,0,37,17
1587481426.054541,173.194.182.102,10.10.0.10,,,443,41888,0,1358,17
1587481426.0589561,173.194.182.102,10.10.0.10,,,443,41888,0,1358,17
1587481426.060886,10.10.0.10,173.194.182.102,,,41888,443,0,37,17
1587481426.06345,173.194.182.102,10.10.0.10,,,443,41888,0,1358,17
1587481426.067904,173.194.182.102,10.10.0.10,,,443,41888,0,1358,17
1587481426.0695698,10.10.0.10,173.194.182.102,,,41888,443,0,37,17
1587481426.072315,173.194.182.102,10.10.0.10,,,443,41888,0,1358,17
1587481426.0768125,173.194.182.102,10.10.0.10,,,443,41888,0,1358,17
1587481426.078595,10.10.0.10,173.194.182.102,,,41888,443,0,50,17
1587481426.0812788,173.194.182.102,10.10.0.10,,,443,41888,0,1358,17
1587481426.085682,173.194.182.102,10.10.0.10,,,443,41888,0,1358,17
1587481426.090181,173.194.182.102,10.10.0.10,,,443,41888,0,1358,17
1587481426.0946364,173.194.182.102,10.10.0.10,,,443,41888,0,1358,17
1587481426.0990891,173.194.182.102,10.10.0.10,,,443,41888,0,1358,17
1587481426.103539,173.194.182.102,10.10.0.10,,,443,41888,0,1358,17
1587481426.1079948,173.194.182.102,10.10.0.10,,,443,41888,0,1358,17
1587481426.1124518,173.194.182.102,10.10.0.10,,,443,41888,0,1358,17
1587481426.116874,173.194.182.102,10.10.0.10,,,443,41888,0,1358,17
1587481426.12133,173.194.182.102,10.10.0.10,,,443,41888,0,1358,17
1587481426.1257539,173.194.182.102,10.10.0.10,,,443,41888,0,1358,17
1587481426.1261392,10.10.0.10,173.194.182.102,,,41888,443,0,37,17
1587481426.126274,10.10.0.10,173.194.182.102,,,41888,443,0,37,17
1587481426.1281662,10.10.0.10,173.194.182.102,,,41888,443,0,37,17
1587481426.1292439,10.10.0.10,173.194.182.102,,,41888,443,0,37,17
1587481426.130267,173.194.182.102,10.10.0.10,,,443,41888,0,1358,17
1587481426.1304328,10.10.0.10,173.194.182.102,,,41888,443,0,37,17
1587481426.1319456,10.10.0.10,173.194.182.102,,,41888,443,0,37,17
1587481426.134706,173.194.182.102,10.10.0.10,,,443,41888,0,1358,17
1587481426.139142,173.194.182.102,10.10.0.10,,,443,41888,0,1358,17
1587481426.141,10.10.0.10,173.194.182.102,,,41888,443,0,37,17
1587481426.143614,173.194.182.102,10.10.0.10,,,443,41888,0,1358,17
1587481426.1674132,173.194.182.102,10.10.0.10,,,443,41888,0,1358,17
1587481426.1674411,173.194.182.102,10.10.0.10,,,443,41888,0,1358,17
1587481426.1689026,10.10.0.10,173.194.182.102,,,41888,443,0,40,17
1587481426.169231,10.10.0.10,173.194.182.102,,,41888,443,0,37,17
1587481426.172184,173.194.182.102,10.10.0.10,,,443,41888,0,1358,17
1587481426.175699,173.194.182.102,10.10.0.10,,,443,41888,0,1358,17
1587481426.1772964,10.10.0.10,173.194.182.102,,,41888,443,0,37,17
1587481426.182559,173.194.182.102,10.10.0.10,,,443,41888,0,1358,17
1587481426.1845722,173.194.182.102,10.10.0.10,,,443,41888,0,1358,17
1587481426.1867108,10.10.0.10,173.194.182.102,,,41888,443,0,37,17
1587481426.194348,173.194.182.102,10.10.0.10,,,443,41888,0,1358,17
1587481426.194377,173.194.182.102,10.10.0.10,,,443,41888,0,1358,17
1587481426.196506,10.10.0.10,173.194.182.102,,,41888,443,0,37,17
1587481426.209167,173.194.182.102,10.10.0.10,,,443,41888,0,1358,17
1587481426.2092009,173.194.182.102,10.10.0.10,,,443,41888,0,1358,17
1587481426.2110338,10.10.0.10,173.194.182.102,,,41888,443,0,37,17
1587481426.2130294,173.194.182.102,10.10.0.10,,,443,41888,0,1358,17
1587481426.2174258,173.194.182.102,10.10.0.10,,,443,41888,0,1358,17
1587481426.2189536,10.10.0.10,173.194.182.102,,,41888,443,0,37,17
1587481426.221875,173.194.182.102,10.10.0.10,,,443,41888,0,1358,17
1587481426.22638,173.194.182.102,10.10.0.10,,,443,41888,0,1358,17
1587481426.230832,173.194.182.102,10.10.0.10,,,443,41888,0,1358,17
1587481426.231267,10.10.0.10,173.194.182.102,,,41888,443,0,37,17
1587481426.235266,173.194.182.102,10.10.0.10,,,443,41888,0,1358,17
1587481426.2369132,10.10.0.10,173.194.182.102,,,41888,443,0,37,17
1587481426.239745,173.194.182.102,10.10.0.10,,,443,41888,0,1358,17
1587481426.244201,173.194.182.102,10.10.0.10,,,443,41888,0,1358,17
1587481426.2464428,10.10.0.10,173.194.182.102,,,41888,443,0,37,17
1587481426.248626,173.194.182.102,10.10.0.10,,,443,41888,0,1358,17
1587481426.2530534,173.194.182.102,10.10.0.10,,,443,41888,0,1358,17
1587481426.2548141,10.10.0.10,173.194.182.102,,,41888,443,0,37,17
1587481426.2575214,173.194.182.102,10.10.0.10,,,443,41888,0,1358,17
1587481426.2620268,173.194.182.102,10.10.0.10,,,443,41888,0,1358,17
1587481426.263692,10.10.0.10,173.194.182.102,,,41888,443,0,37,17
1587481426.2664769,173.194.182.102,10.10.0.10,,,443,41888,0,1358,17
1587481426.2709286,173.194.182.102,10.10.0.10,,,443,41888,0,1358,17
1587481426.274128,10.10.0.10,173.194.182.102,,,41888,443,0,50,17
1587481426.275368,173.194.182.102,10.10.0.10,,,443,41888,0,1358,17
1587481426.2798119,173.194.182.102,10.10.0.10,,,443,41888,0,1358,17
1587481426.28135,10.10.0.10,173.194.182.102,,,41888,443,0,37,17
1587481426.28428,173.194.182.102,10.10.0.10,,,443,41888,0,1358,17
1587481426.2887092,173.194.182.102,10.10.0.10,,,443,41888,0,1358,17
1587481426.2919092,10.10.0.10,173.194.182.102,,,41888,443,0,37,17
1587481426.2932036,173.194.182.102,10.10.0.10,,,443,41888,0,34,17
1587481426.2933538,173.194.182.102,10.10.0.10,,,443,41888,0,1358,17
1587481426.297878,173.194.182.102,10.10.0.10,,,443,41888,0,1358,17
1587481426.29939,10.10.0.10,173.194.182.102,,,41888,443,0,37,17
1587481426.302302,173.194.182.102,10.10.0.10,,,443,41888,0,1358,17
1587481426.3067849,173.194.182.102,10.10.0.10,,,443,41888,0,1358,17
1587481426.310101,10.10.0.10,173.194.182.102,,,41888,443,0,37,17
1587481426.311239,173.194.182.102,10.10.0.10,,,443,41888,0,1358,17
1587481426.315664,173.194.182.102,10.10.0.10,,,443,41888,0,1358,17
1587481426.317265,10.10.0.10,173.194.182.102,,,41888,443,0,37,17
1587481426.3201478,173.194.182.102,10.10.0.10,,,443,41888,0,1358,17
1587481426.324574,173.194.182.102,10.10.0.10,,,443,41888,0,1358,17
1587481426.329027,173.194.182.102,10.10.0.10,,,443,41888,0,1358,17
1587481426.333515,173.194.182.102,10.10.0.10,,,443,41888,0,1358,17
1587481426.3379722,173.194.182.102,10.10.0.10,,,443,41888,0,1358,17
1587481426.3424268,173.194.182.102,10.10.0.10,,,443,41888,0,1358,17
1587481426.3441546,10.10.0.10,173.194.182.102,,,41888,443,0,37,17
1587481426.3444116,10.10.0.10,173.194.182.102,,,41888,443,0,717,17
1587481426.344438,10.10.0.10,173.194.182.102,,,41888,443,0,48,17
1587481426.3464189,10.10.0.10,173.194.182.102,,,41888,443,0,37,17
1587481426.346849,173.194.182.102,10.10.0.10,,,443,41888,0,1358,17
1587481426.3491304,10.10.0.10,173.194.182.102,,,41888,443,0,37,17
1587481426.3513439,173.194.182.102,10.10.0.10,,,443,41888,0,1358,17
1587481426.3557868,173.194.182.102,10.10.0.10,,,443,41888,0,1358,17
1587481426.3582509,10.10.0.10,173.194.182.102,,,41888,443,0,37,17
1587481426.360241,173.194.182.102,10.10.0.10,,,443,41888,0,1358,17
1587481426.3646991,173.194.182.102,10.10.0.10,,,443,41888,0,1358,17
1587481426.3663304,10.10.0.10,173.194.182.102,,,41888,443,0,37,17
1587481426.369154,173.194.182.102,10.10.0.10,,,443,41888,0,1358,17
1587481426.373605,173.194.182.102,10.10.0.10,,,443,41888,0,1358,17
1587481426.3771448,10.10.0.10,173.194.182.102,,,41888,443,0,37,17
1587481426.378059,173.194.182.102,10.10.0.10,,,443,41888,0,1358,17
1587481426.382516,173.194.182.102,10.10.0.10,,,443,41888,0,29,17
1587481426.382644,173.194.182.102,10.10.0.10,,,443,41888,0,1358,17
1587481426.384248,10.10.0.10,173.194.182.102,,,41888,443,0,37,17
1587481426.387169,173.194.182.102,10.10.0.10,,,443,41888,0,1358,17
1587481426.3916268,173.194.182.102,10.10.0.10,,,443,41888,0,1358,17
1587481426.3945572,10.10.0.10,173.194.182.102,,,41888,443,0,37,17
1587481426.396082,173.194.182.102,10.10.0.10,,,443,41888,0,1358,17
1587481426.400537,173.194.182.102,10.10.0.10,,,443,41888,0,1358,17
1587481426.4022481,10.10.0.10,173.194.182.102,,,41888,443,0,37,17
1587481426.4049866,173.194.182.102,10.10.0.10,,,443,41888,0,1358,17
1587481426.4094536,173.194.182.102,10.10.0.10,,,443,41888,0,1358,17
1587481426.4120939,10.10.0.10,173.194.182.102,,,41888,443,0,37,17
1587481426.4138956,173.194.182.102,10.10.0.10,,,443,41888,0,1358,17
1587481426.41835,173.194.182.102,10.10.0.10,,,443,41888,0,1358,17
1587481426.419893,10.10.0.10,173.194.182.102,,,41888,443,0,37,17
1587481426.422774,173.194.182.102,10.10.0.10,,,443,41888,0,1358,17
1587481426.427259,173.194.182.102,10.10.0.10,,,443,41888,0,1358,17
1587481426.429639,10.10.0.10,173.194.182.102,,,41888,443,0,37,17
1587481426.431648,173.194.182.102,10.10.0.10,,,443,41888,0,1358,17
1587481426.436146,173.194.182.102,10.10.0.10,,,443,41888,0,1358,17
1587481426.4378202,10.10.0.10,173.194.182.102,,,41888,443,0,37,17
1587481426.440626,173.194.182.102,10.10.0.10,,,443,41888,0,1358,17
1587481426.4450452,173.194.182.102,10.10.0.10,,,443,41888,0,1358,17
1587481426.4465628,10.10.0.10,173.194.182.102,,,41888,443,0,37,17
1587481426.4495325,173.194.182.102,10.10.0.10,,,443,41888,0,1358,17
1587481426.453987,173.194.182.102,10.10.0.10,,,443,41888,0,1358,17
1587481426.456236,10.10.0.10,173.194.182.102,,,41888,443,0,37,17
1587481426.458441,173.194.182.102,10.10.0.10,,,443,41888,0,1358,17
1587481426.462898,173.194.182.102,10.10.0.10,,,443,41888,0,1358,17
1587481426.46473,10.10.0.10,173.194.182.102,,,41888,443,0,37,17
1587481426.467352,173.194.182.102,10.10.0.10,,,443,41888,0,1358,17
1587481426.471807,173.194.182.102,10.10.0.10,,,443,41888,0,1358,17
1587481426.47342,10.10.0.10,173.194.182.102,,,41888,443,0,37,17
1587481426.476226,173.194.182.102,10.10.0.10,,,443,41888,0,1358,17
1587481426.480718,173.194.182.102,10.10.0.10,,,443,41888,0,1358,17
1587481426.4823148,10.10.0.10,173.194.182.102,,,41888,443,0,37,17
1587481426.485169,173.194.182.102,10.10.0.10,,,443,41888,0,1358,17
1587481426.489624,173.194.182.102,10.10.0.10,,,443,41888,0,1358,17
1587481426.4916532,10.10.0.10,173.194.182.102,,,41888,443,0,37,17
1587481426.4940786,173.194.182.102,10.10.0.10,,,443,41888,0,1358,17
1587481426.4985092,173.194.182.102,10.10.0.10,,,443,41888,0,1358,17
1587481426.5000026,10.10.0.10,173.194.182.102,,,41888,443,0,37,17
1587481426.502988,173.194.182.102,10.10.0.10,,,443,41888,0,1358,17
1587481426.507442,173.194.182.102,10.10.0.10,,,443,41888,0,1358,17
1587481426.509466,10.10.0.10,173.194.182.102,,,41888,443,0,50,17
1587481426.5118961,173.194.182.102,10.10.0.10,,,443,41888,0,1358,17
1587481426.516352,173.194.182.102,10.10.0.10,,,443,41888,0,1358,17
1587481426.517902,10.10.0.10,173.194.182.102,,,41888,443,0,37,17
1587481426.520809,173.194.182.102,10.10.0.10,,,443,41888,0,1358,17
1587481426.5252616,173.194.182.102,10.10.0.10,,,443,41888,0,1358,17
1587481426.527102,10.10.0.10,173.194.182.102,,,41888,443,0,37,17
1587481426.529714,173.194.182.102,10.10.0.10,,,443,41888,0,1358,17
1587481426.534168,173.194.182.102,10.10.0.10,,,443,41888,0,1358,17
1587481426.536132,10.10.0.10,173.194.182.102,,,41888,443,0,37,17
1587481426.538623,173.194.182.102,10.10.0.10,,,443,41888,0,1358,17
1587481426.5430784,173.194.182.102,10.10.0.10,,,443,41888,0,1358,17
1587481426.545008,10.10.0.10,173.194.182.102,,,41888,443,0,37,17
1587481426.547532,173.194.182.102,10.10.0.10,,,443,41888,0,1358,17
1587481426.551986,173.194.182.102,10.10.0.10,,,443,41888,0,1358,17
1587481426.553649,10.10.0.10,173.194.182.102,,,41888,443,0,37,17
1587481426.556441,173.194.182.102,10.10.0.10,,,443,41888,0,1358,17
1587481426.5608974,173.194.182.102,10.10.0.10,,,443,41888,0,1358,17
1587481426.56242,10.10.0.10,173.194.182.102,,,41888,443,0,37,17
1587481426.56536,173.194.182.102,10.10.0.10,,,443,41888,0,1358,17
1587481426.5698042,173.194.182.102,10.10.0.10,,,443,41888,0,29,17
1587481426.5699306,173.194.182.102,10.10.0.10,,,443,41888,0,1358,17
1587481426.5716279,10.10.0.10,173.194.182.102,,,41888,443,0,37,17
1587481426.5744612,173.194.182.102,10.10.0.10,,,443,41888,0,1358,17
1587481426.5788472,173.194.182.102,10.10.0.10,,,443,41888,0,1358,17
1587481426.580339,10.10.0.10,173.194.182.102,,,41888,443,0,37,17
1587481426.58337,173.194.182.102,10.10.0.10,,,443,41888,0,1358,17
1587481426.5878232,173.194.182.102,10.10.0.10,,,443,41888,0,1358,17
1587481426.589419,10.10.0.10,173.194.182.102,,,41888,443,0,37,17
1587481426.5922098,173.194.182.102,10.10.0.10,,,443,41888,0,1358,17
1587481426.596731,173.194.182.102,10.10.0.10,,,443,41888,0,1358,17
1587481426.598361,10.10.0.10,173.194.182.102,,,41888,443,0,37,17
1587481426.601187,173.194.182.102,10.10.0.10,,,443,41888,0,1358,17
1587481426.605604,173.194.182.102,10.10.0.10,,,443,41888,0,1358,17
1587481426.6072528,10.10.0.10,173.194.182.102,,,41888,443,0,37,17
1587481426.610096,173.194.182.102,10.10.0.10,,,443,41888,0,1358,17
1587481426.614556,173.194.182.102,10.10.0.10,,,443,41888,0,1358,17
1587481426.6172314,10.10.0.10,173.194.182.102,,,41888,443,0,37,17
1587481426.618968,173.194.182.102,10.10.0.10,,,443,41888,0,1358,17
1587481426.623416,173.194.182.102,10.10.0.10,,,443,41888,0,1358,17
1587481426.62515,10.10.0.10,173.194.182.102,,,41888,443,0,37,17
1587481426.6278448,173.194.182.102,10.10.0.10,,,443,41888,0,1358,17
1587481426.632332,173.194.182.102,10.10.0.10,,,443,41888,0,1358,17
1587481426.6341429,10.10.0.10,173.194.182.102,,,41888,443,0,37,17
1587481426.636821,173.194.182.102,10.10.0.10,,,443,41888,0,1358,17
1587481426.641276,173.194.182.102,10.10.0.10,,,443,41888,0,1358,17
1587481426.6435056,10.10.0.10,173.194.182.102,,,41888,443,0,37,17
1587481426.645695,173.194.182.102,10.10.0.10,,,443,41888,0,1358,17
1587481426.6501858,173.194.182.102,10.10.0.10,,,443,41888,0,1358,17
1587481426.6518528,10.10.0.10,173.194.182.102,,,41888,443,0,37,17
1587481426.654639,173.194.182.102,10.10.0.10,,,443,41888,0,1358,17
1587481426.659062,173.194.182.102,10.10.0.10,,,443,41888,0,1358,17
1587481426.6609206,10.10.0.10,173.194.182.102,,,41888,443,0,37,17
1587481426.663551,173.194.182.102,10.10.0.10,,,443,41888,0,1358,17
1587481426.668002,173.194.182.102,10.10.0.10,,,443,41888,0,1358,17
1587481426.6707482,10.10.0.10,173.194.182.102,,,41888,443,0,37,17
1587481426.672425,173.194.182.102,10.10.0.10,,,443,41888,0,1358,17
1587481426.6769118,173.194.182.102,10.10.0.10,,,443,41888,0,1358,17
1587481426.6787848,10.10.0.10,173.194.182.102,,,41888,443,0,37,17
1587481426.681366,173.194.182.102,10.10.0.10,,,443,41888,0,1358,17
1587481426.685793,173.194.182.102,10.10.0.10,,,443,41888,0,1358,17
1587481426.687568,10.10.0.10,173.194.182.102,,,41888,443,0,50,17
1587481426.690275,173.194.182.102,10.10.0.10,,,443,41888,0,1358,17
1587481426.6947286,173.194.182.102,10.10.0.10,,,443,41888,0,1358,17
1587481426.6967552,10.10.0.10,173.194.182.102,,,41888,443,0,37,17
1587481426.699146,173.194.182.102,10.10.0.10,,,443,41888,0,1358,17
1587481426.703584,173.194.182.102,10.10.0.10,,,443,41888,0,1358,17
1587481426.705225,10.10.0.10,173.194.182.102,,,41888,443,0,37,17
1587481426.7080462,173.194.182.102,10.10.0.10,,,443,41888,0,1358,17
1587481426.712502,173.194.182.102,10.10.0.10,,,443,41888,0,1358,17
1587481426.7142231,10.10.0.10,173.194.182.102,,,41888,443,0,37,17
1587481426.7169518,173.194.182.102,10.10.0.10,,,443,41888,0,1358,17
1587481426.721425,173.194.182.102,10.10.0.10,,,443,41888,0,1358,17
1587481426.723469,10.10.0.10,173.194.182.102,,,41888,443,0,37,17
1587481426.7258651,173.194.182.102,10.10.0.10,,,443,41888,0,1358,17
1587481426.730364,173.194.182.102,10.10.0.10,,,443,41888,0,1358,17
1587481426.7320971,10.10.0.10,173.194.182.102,,,41888,443,0,37,17
1587481426.734818,173.194.182.102,10.10.0.10,,,443,41888,0,1358,17
1587481426.7392368,173.194.182.102,10.10.0.10,,,443,41888,0,1358,17
1587481426.741398,10.10.0.10,173.194.182.102,,,41888,443,0,37,17
1587481426.743728,173.194.182.102,10.10.0.10,,,443,41888,0,1358,17
1587481426.748183,173.194.182.102,10.10.0.10,,,443,41888,0,1358,17
1587481426.749737,10.10.0.10,173.194.182.102,,,41888,443,0,37,17
1587481426.752598,173.194.182.102,10.10.0.10,,,443,41888,0,1358,17
1587481426.75709,173.194.182.102,10.10.0.10,,,443,41888,0,1358,17
1587481426.758769,10.10.0.10,173.194.182.102,,,41888,443,0,37,17
1587481426.7615461,173.194.182.102,10.10.0.10,,,443,41888,0,1358,17
1587481426.7659645,173.194.182.102,10.10.0.10,,,443,41888,0,1358,17
1587481426.7675226,10.10.0.10,173.194.182.102,,,41888,443,0,37,17
1587481426.770386,173.194.182.102,10.10.0.10,,,443,41888,0,1358,17
1587481426.774908,173.194.182.102,10.10.0.10,,,443,41888,0,1358,17
1587481426.7767751,10.10.0.10,173.194.182.102,,,41888,443,0,37,17
1587481426.779336,173.194.182.102,10.10.0.10,,,443,41888,0,1358,17
1587481426.783816,173.194.182.102,10.10.0.10,,,443,41888,0,1358,17
1587481426.785438,10.10.0.10,173.194.182.102,,,41888,443,0,37,17
1587481426.7882721,173.194.182.102,10.10.0.10,,,443,41888,0,1358,17
1587481426.792691,173.194.182.102,10.10.0.10,,,443,41888,0,1358,17
1587481426.794736,10.10.0.10,173.194.182.102,,,41888,443,0,37,17
1587481426.797179,173.194.182.102,10.10.0.10,,,443,41888,0,1358,17
1587481426.8016374,173.194.182.102,10.10.0.10,,,443,41888,0,1358,17
1587481426.803374,10.10.0.10,173.194.182.102,,,41888,443,0,37,17
1587481426.8060641,173.194.182.102,10.10.0.10,,,443,41888,0,1358,17
1587481426.8105464,173.194.182.102,10.10.0.10,,,443,41888,0,1358,17
1587481426.812361,10.10.0.10,173.194.182.102,,,41888,443,0,37,17
1587481426.8149972,173.194.182.102,10.10.0.10,,,443,41888,0,1358,17
1587481426.81943,173.194.182.102,10.10.0.10,,,443,41888,0,1358,17
1587481426.822078,10.10.0.10,173.194.182.102,,,41888,443,0,37,17
1587481426.823895,173.194.182.102,10.10.0.10,,,443,41888,0,1358,17
1587481426.828361,173.194.182.102,10.10.0.10,,,443,41888,0,1358,17
1587481426.8301241,10.10.0.10,173.194.182.102,,,41888,443,0,37,17
1587481426.832778,173.194.182.102,10.10.0.10,,,443,41888,0,1358,17
1587481426.83727,173.194.182.102,10.10.0.10,,,443,41888,0,1358,17
1587481426.8388908,10.10.0.10,173.194.182.102,,,41888,443,0,37,17
1587481426.841656,173.194.182.102,10.10.0.10,,,443,41888,0,1358,17
1587481426.8461552,173.194.182.102,10.10.0.10,,,443,41888,0,1358,17
1587481426.8481288,10.10.0.10,173.194.182.102,,,41888,443,0,37,17
1587481426.850598,173.194.182.102,10.10.0.10,,,443,41888,0,1358,17
1587481426.8550901,173.194.182.102,10.10.0.10,,,443,41888,0,1358,17
1587481426.856752,10.10.0.10,173.194.182.102,,,41888,443,0,37,17
1587481426.8595462,173.194.182.102,10.10.0.10,,,443,41888,0,1358,17
1587481426.8639991,173.194.182.102,10.10.0.10,,,443,41888,0,1358,17
1587481426.8658009,10.10.0.10,173.194.182.102,,,41888,443,0,50,17
1587481426.86845,173.194.182.102,10.10.0.10,,,443,41888,0,1358,17
1587481426.87291,173.194.182.102,10.10.0.10,,,443,41888,0,1358,17
1587481426.8763149,10.10.0.10,173.194.182.102,,,41888,443,0,37,17
1587481426.8773582,173.194.182.102,10.10.0.10,,,443,41888,0,1358,17
1587481426.8818169,173.194.182.102,10.10.0.10,,,443,41888,0,1358,17
1587481426.883818,10.10.0.10,173.194.182.102,,,41888,443,0,37,17
1587481426.886272,173.194.182.102,10.10.0.10,,,443,41888,0,1358,17
1587481426.8907251,173.194.182.102,10.10.0.10,,,443,41888,0,1358,17
1587481426.892637,10.10.0.10,173.194.182.102,,,41888,443,0,37,17
1587481426.8951778,173.194.182.102,10.10.0.10,,,443,41888,0,1358,17
1587481426.8996348,173.194.182.102,10.10.0.10,,,443,41888,0,1358,17
1587481426.9017081,10.10.0.10,173.194.182.102,,,41888,443,0,37,17
1587481426.9040868,173.194.182.102,10.10.0.10,,,443,41888,0,1358,17
1587481426.9085429,173.194.182.102,10.10.0.10,,,443,41888,0,1358,17
1587481426.91031,10.10.0.10,173.194.182.102,,,41888,443,0,37,17
1587481426.912997,173.194.182.102,10.10.0.10,,,443,41888,0,1358,17
1587481426.917448,173.194.182.102,10.10.0.10,,,443,41888,0,1358,17
1587481426.9190881,10.10.0.10,173.194.182.102,,,41888,443,0,37,17
1587481426.9219036,173.194.182.102,10.10.0.10,,,443,41888,0,1358,17
1587481426.9263608,173.194.182.102,10.10.0.10,,,443,41888,0,1358,17
1587481426.931319,173.194.182.102,10.10.0.10,,,443,41888,0,1358,17
1587481426.935805,173.194.182.102,10.10.0.10,,,443,41888,0,1358,17
1587481426.940259,173.194.182.102,10.10.0.10,,,443,41888,0,32,17
1587481426.940392,173.194.182.102,10.10.0.10,,,443,41888,0,1358,17
1587481426.9449232,173.194.182.102,10.10.0.10,,,443,41888,0,1358,17
1587481426.949378,173.194.182.102,10.10.0.10,,,443,41888,0,1358,17
1587481426.9538348,173.194.182.102,10.10.0.10,,,443,41888,0,1358,17
1587481426.958284,173.194.182.102,10.10.0.10,,,443,41888,0,1358,17
1587481426.962703,173.194.182.102,10.10.0.10,,,443,41888,0,1358,17
1587481426.9671938,173.194.182.102,10.10.0.10,,,443,41888,0,1358,17
1587481426.9716508,173.194.182.102,10.10.0.10,,,443,41888,0,1358,17
1587481426.976105,173.194.182.102,10.10.0.10,,,443,41888,0,1358,17
1587481426.98056,173.194.182.102,10.10.0.10,,,443,41888,0,1358,17
1587481426.985008,173.194.182.102,10.10.0.10,,,443,41888,0,1358,17
1587481427.009585,10.10.0.10,173.194.182.102,,,41888,443,0,37,17
1587481427.0110614,10.10.0.10,173.194.182.102,,,41888,443,0,37,17
1587481427.014749,10.10.0.10,173.194.182.102,,,41888,443,0,37,17
1587481427.0194268,173.194.182.102,10.10.0.10,,,443,41888,0,1358,17
1587481427.019474,173.194.182.102,10.10.0.10,,,443,41888,0,1358,17
1587481427.0236402,10.10.0.10,173.194.182.102,,,41888,443,0,37,17
1587481427.025525,10.10.0.10,173.194.182.102,,,41888,443,0,37,17
1587481427.027689,10.10.0.10,173.194.182.102,,,41888,443,0,37,17
1587481427.027735,10.10.0.10,173.194.182.102,,,41888,443,0,37,17
1587481427.0309012,10.10.0.10,173.194.182.102,,,41888,443,0,37,17
1587481427.037399,173.194.182.102,10.10.0.10,,,443,41888,0,1358,17
1587481427.037446,173.194.182.102,10.10.0.10,,,443,41888,0,1358,17
1587481427.048342,173.194.182.102,10.10.0.10,,,443,41888,0,1358,17
1587481427.0483892,173.194.182.102,10.10.0.10,,,443,41888,0,1358,17
1587481427.0553026,173.194.182.102,10.10.0.10,,,443,41888,0,1358,17
1587481427.056646,173.194.182.102,10.10.0.10,,,443,41888,0,1358,17
1587481427.062542,173.194.182.102,10.10.0.10,,,443,41888,0,1358,17
1587481427.0655482,173.194.182.102,10.10.0.10,,,443,41888,0,1358,17
1587481427.0699859,173.194.182.102,10.10.0.10,,,443,41888,0,1358,17
1587481427.0744774,173.194.182.102,10.10.0.10,,,443,41888,0,1358,17
1587481427.07892,173.194.182.102,10.10.0.10,,,443,41888,0,1358,17
1587481427.0833972,173.194.182.102,10.10.0.10,,,443,41888,0,1358,17
1587481427.08785,173.194.182.102,10.10.0.10,,,443,41888,0,1358,17
1587481427.092304,173.194.182.102,10.10.0.10,,,443,41888,0,1358,17
1587481427.129041,10.10.0.10,173.194.182.102,,,41888,443,0,37,17
1587481427.130451,10.10.0.10,173.194.182.102,,,41888,443,0,37,17
1587481427.131018,10.10.0.10,173.194.182.102,,,41888,443,0,37,17
1587481427.1334338,10.10.0.10,173.194.182.102,,,41888,443,0,37,17
1587481427.133465,10.10.0.10,173.194.182.102,,,41888,443,0,37,17
1587481427.134074,10.10.0.10,173.194.182.102,,,41888,443,0,50,17
1587481427.1356616,10.10.0.10,173.194.182.102,,,41888,443,0,37,17
1587481427.1364448,10.10.0.10,173.194.182.102,,,41888,443,0,37,17
1587481427.140089,173.194.182.102,10.10.0.10,,,443,41888,0,1358,17
1587481427.14159,173.194.182.102,10.10.0.10,,,443,41888,0,1358,17
1587481427.1430619,10.10.0.10,173.194.182.102,,,41888,443,0,37,17
1587481427.143889,173.194.182.102,10.10.0.10,,,443,41888,0,1358,17
1587481427.1483526,173.194.182.102,10.10.0.10,,,443,41888,0,29,17
1587481427.151869,173.194.182.102,10.10.0.10,,,443,41888,0,1358,17
1587481427.153054,173.194.182.102,10.10.0.10,,,443,41888,0,1358,17
1587481427.1597118,173.194.182.102,10.10.0.10,,,443,41888,0,1358,17
1587481427.161959,173.194.182.102,10.10.0.10,,,443,41888,0,1358,17
1587481427.1683106,173.194.182.102,10.10.0.10,,,443,41888,0,1358,17
1587481427.1708355,173.194.182.102,10.10.0.10,,,443,41888,0,1358,17
1587481427.178183,173.194.182.102,10.10.0.10,,,443,41888,0,1358,17
1587481427.179774,173.194.182.102,10.10.0.10,,,443,41888,0,1358,17
1587481427.187651,173.194.182.102,10.10.0.10,,,443,41888,0,1358,17
1587481427.18869,173.194.182.102,10.10.0.10,,,443,41888,0,1358,17
1587481427.193881,173.194.182.102,10.10.0.10,,,443,41888,0,1358,17
1587481427.197599,173.194.182.102,10.10.0.10,,,443,41888,0,1358,17
1587481427.202351,173.194.182.102,10.10.0.10,,,443,41888,0,1358,17
1587481427.206456,173.194.182.102,10.10.0.10,,,443,41888,0,1358,17
1587481427.210902,173.194.182.102,10.10.0.10,,,443,41888,0,1358,17
1587481427.2153478,173.194.182.102,10.10.0.10,,,443,41888,0,1358,17
1587481427.219834,173.194.182.102,10.10.0.10,,,443,41888,0,1358,17
1587481427.3158028,10.10.0.10,173.194.182.102,,,41888,443,0,37,17
1587481427.32698,173.194.182.102,10.10.0.10,,,443,41888,0,1358,17
1587481427.374018,10.10.0.10,173.194.182.102,,,41888,443,0,43,17
1587481427.3863466,173.194.182.102,10.10.0.10,,,443,41888,0,29,17
1587481427.500033,173.194.182.102,10.10.0.10,,,443,41888,0,1358,17
1587481427.613321,10.10.0.10,173.194.182.102,,,41888,443,0,43,17
1587481427.6252446,173.194.182.102,10.10.0.10,,,443,41888,0,29,17
1587481427.6743536,173.194.182.102,10.10.0.10,,,443,41888,0,1358,17
1587481427.943991,173.194.182.102,10.10.0.10,,,443,41888,0,1358,17
1587481427.94404,173.194.182.102,10.10.0.10,,,443,41888,0,1358,17
1587481427.9661582,10.10.0.10,173.194.182.102,,,41888,443,0,43,17
1587481427.9776132,173.194.182.102,10.10.0.10,,,443,41888,0,29,17
1587481428.0588179,10.10.0.10,173.194.182.102,,,41888,443,0,37,17
1587481428.060478,10.10.0.10,173.194.182.102,,,41888,443,0,37,17
1587481428.1574562,10.10.0.10,173.194.182.102,,,41888,443,0,37,17
1587481428.157506,10.10.0.10,173.194.182.102,,,41888,443,0,37,17
1587481428.168202,173.194.182.102,10.10.0.10,,,443,41888,0,1358,17
1587481428.1682198,173.194.182.102,10.10.0.10,,,443,41888,0,1358,17
1587481428.168954,10.10.0.10,173.194.182.102,,,41888,443,0,37,17
1587481428.168979,10.10.0.10,173.194.182.102,,,41888,443,0,37,17
1587481428.170745,10.10.0.10,173.194.182.102,,,41888,443,0,37,17
1587481428.171362,10.10.0.10,173.194.182.102,,,41888,443,0,37,17
1587481428.1757069,173.194.182.102,10.10.0.10,,,443,41888,0,1358,17
1587481428.179626,173.194.182.102,10.10.0.10,,,443,41888,0,1358,17
1587481428.1809044,173.194.182.102,10.10.0.10,,,443,41888,0,1358,17
1587481428.1914248,173.194.182.102,10.10.0.10,,,443,41888,0,1358,17
1587481428.1914525,173.194.182.102,10.10.0.10,,,443,41888,0,1358,17
1587481428.2027972,173.194.182.102,10.10.0.10,,,443,41888,0,1358,17
1587481428.202822,173.194.182.102,10.10.0.10,,,443,41888,0,1358,17
1587481428.2137802,173.194.182.102,10.10.0.10,,,443,41888,0,1358,17
1587481428.213807,173.194.182.102,10.10.0.10,,,443,41888,0,1358,17
1587481428.271889,10.10.0.10,173.194.182.102,,,41888,443,0,37,17
1587481428.27192,10.10.0.10,173.194.182.102,,,41888,443,0,37,17
1587481428.273782,10.10.0.10,173.194.182.102,,,41888,443,0,37,17
1587481428.2779331,10.10.0.10,173.194.182.102,,,41888,443,0,37,17
1587481428.2798214,10.10.0.10,173.194.182.102,,,41888,443,0,37,17
1587481428.28057,10.10.0.10,173.194.182.102,,,41888,443,0,37,17
1587481428.2805798,10.10.0.10,173.194.182.102,,,41888,443,0,37,17
1587481428.281168,10.10.0.10,173.194.182.102,,,41888,443,0,37,17
1587481428.282553,10.10.0.10,173.194.182.102,,,41888,443,0,37,17
1587481428.2825608,173.194.182.102,10.10.0.10,,,443,41888,0,1358,17
1587481428.282585,173.194.182.102,10.10.0.10,,,443,41888,0,1358,17
1587481428.284808,10.10.0.10,173.194.182.102,,,41888,443,0,37,17
1587481428.2907972,173.194.182.102,10.10.0.10,,,443,41888,0,1358,17
1587481428.291021,173.194.182.102,10.10.0.10,,,443,41888,0,1358,17
1587481428.2928178,10.10.0.10,173.194.182.102,,,41888,443,0,37,17
1587481428.2996778,173.194.182.102,10.10.0.10,,,443,41888,0,1358,17
1587481428.2999468,173.194.182.102,10.10.0.10,,,443,41888,0,1358,17
1587481428.3080995,173.194.182.102,10.10.0.10,,,443,41888,0,1358,17
1587481428.3088696,173.194.182.102,10.10.0.10,,,443,41888,0,1358,17
1587481428.322665,173.194.182.102,10.10.0.10,,,443,41888,0,1358,17
1587481428.3227026,173.194.182.102,10.10.0.10,,,443,41888,0,1358,17
1587481428.3368678,173.194.182.102,10.10.0.10,,,443,41888,0,1358,17
1587481428.336909,173.194.182.102,10.10.0.10,,,443,41888,0,1358,17
1587481428.3516312,173.194.182.102,10.10.0.10,,,443,41888,0,1358,17
1587481428.3516722,173.194.182.102,10.10.0.10,,,443,41888,0,1358,17
1587481428.365246,173.194.182.102,10.10.0.10,,,443,41888,0,1358,17
1587481428.3652868,173.194.182.102,10.10.0.10,,,443,41888,0,1358,17
1587481428.3809009,173.194.182.102,10.10.0.10,,,443,41888,0,1358,17
1587481428.380942,173.194.182.102,10.10.0.10,,,443,41888,0,1358,17
1587481428.3930428,10.10.0.10,173.194.182.102,,,41888,443,0,50,17
1587481428.393085,10.10.0.10,173.194.182.102,,,41888,443,0,40,17
1587481428.3935132,173.194.182.102,10.10.0.10,,,443,41888,0,1358,17
1587481428.3935502,173.194.182.102,10.10.0.10,,,443,41888,0,1358,17
1587481428.393589,10.10.0.10,173.194.182.102,,,41888,443,0,37,17
1587481428.395143,10.10.0.10,173.194.182.102,,,41888,443,0,37,17
1587481428.3961012,10.10.0.10,173.194.182.102,,,41888,443,0,37,17
1587481428.397165,10.10.0.10,173.194.182.102,,,41888,443,0,37,17
1587481428.399412,10.10.0.10,173.194.182.102,,,41888,443,0,37,17
1587481428.399455,10.10.0.10,173.194.182.102,,,41888,443,0,37,17
1587481428.4008849,10.10.0.10,173.194.182.102,,,41888,443,0,37,17
1587481428.4053721,173.194.182.102,10.10.0.10,,,443,41888,0,29,17
1587481428.408668,173.194.182.102,10.10.0.10,,,443,41888,0,1358,17
1587481428.408709,173.194.182.102,10.10.0.10,,,443,41888,0,1358,17
1587481428.4107368,10.10.0.10,173.194.182.102,,,41888,443,0,37,17
1587481428.4213688,173.194.182.102,10.10.0.10,,,443,41888,0,1358,17
1587481428.4214098,173.194.182.102,10.10.0.10,,,443,41888,0,1358,17
1587481428.4252338,173.194.182.102,10.10.0.10,,,443,41888,0,1358,17
1587481428.429688,173.194.182.102,10.10.0.10,,,443,41888,0,1358,17
1587481428.4341419,173.194.182.102,10.10.0.10,,,443,41888,0,1358,17
1587481428.438593,173.194.182.102,10.10.0.10,,,443,41888,0,1358,17
1587481428.4430509,173.194.182.102,10.10.0.10,,,443,41888,0,1358,17
1587481428.447508,173.194.182.102,10.10.0.10,,,443,41888,0,1358,17
1587481428.4519231,173.194.182.102,10.10.0.10,,,443,41888,0,1358,17
1587481428.45641,173.194.182.102,10.10.0.10,,,443,41888,0,1358,17
1587481428.460865,173.194.182.102,10.10.0.10,,,443,41888,0,1358,17
1587481428.4653199,173.194.182.102,10.10.0.10,,,443,41888,0,1358,17
1587481428.469774,173.194.182.102,10.10.0.10,,,443,41888,0,1358,17
1587481428.474228,173.194.182.102,10.10.0.10,,,443,41888,0,1358,17
1587481428.478702,173.194.182.102,10.10.0.10,,,443,41888,0,1358,17
1587481428.483137,173.194.182.102,10.10.0.10,,,443,41888,0,1358,17
1587481428.487592,173.194.182.102,10.10.0.10,,,443,41888,0,1358,17
1587481428.492054,173.194.182.102,10.10.0.10,,,443,41888,0,1358,17
1587481428.4964998,173.194.182.102,10.10.0.10,,,443,41888,0,1358,17
1587481428.5009544,173.194.182.102,10.10.0.10,,,443,41888,0,1358,17
1587481428.505415,173.194.182.102,10.10.0.10,,,443,41888,0,1358,17
1587481428.509864,173.194.182.102,10.10.0.10,,,443,41888,0,1358,17
1587481428.5142848,173.194.182.102,10.10.0.10,,,443,41888,0,1358,17
1587481428.514304,10.10.0.10,173.194.182.102,,,41888,443,0,37,17
1587481428.515016,10.10.0.10,173.194.182.102,,,41888,443,0,37,17
1587481428.5170732,10.10.0.10,173.194.182.102,,,41888,443,0,37,17
1587481428.518066,10.10.0.10,173.194.182.102,,,41888,443,0,37,17
1587481428.5187492,173.194.182.102,10.10.0.10,,,443,41888,0,1358,17
1587481428.519223,10.10.0.10,173.194.182.102,,,41888,443,0,37,17
1587481428.5206842,10.10.0.10,173.194.182.102,,,41888,443,0,37,17
1587481428.521283,10.10.0.10,173.194.182.102,,,41888,443,0,37,17
1587481428.522349,10.10.0.10,173.194.182.102,,,41888,443,0,37,17
1587481428.5238278,10.10.0.10,173.194.182.102,,,41888,443,0,37,17
1587481428.5248392,10.10.0.10,173.194.182.102,,,41888,443,0,37,17
1587481428.525383,173.194.182.102,10.10.0.10,,,443,41888,0,1358,17
1587481428.525898,10.10.0.10,173.194.182.102,,,41888,443,0,50,17
1587481428.526406,10.10.0.10,173.194.182.102,,,41888,443,0,37,17
1587481428.5276554,173.194.182.102,10.10.0.10,,,443,41888,0,1358,17
1587481428.5293412,10.10.0.10,173.194.182.102,,,41888,443,0,37,17
1587481428.5354052,173.194.182.102,10.10.0.10,,,443,41888,0,1358,17
1587481428.5365891,173.194.182.102,10.10.0.10,,,443,41888,0,1358,17
1587481428.5410428,173.194.182.102,10.10.0.10,,,443,41888,0,32,17
1587481428.5518649,173.194.182.102,10.10.0.10,,,443,41888,0,1358,17
1587481428.551906,173.194.182.102,10.10.0.10,,,443,41888,0,1358,17
1587481428.5611448,173.194.182.102,10.10.0.10,,,443,41888,0,1358,17
1587481428.5611858,173.194.182.102,10.10.0.10,,,443,41888,0,1358,17
1587481428.5706668,173.194.182.102,10.10.0.10,,,443,41888,0,1358,17
1587481428.5707078,173.194.182.102,10.10.0.10,,,443,41888,0,1358,17
1587481428.5802932,173.194.182.102,10.10.0.10,,,443,41888,0,1358,17
1587481428.5803332,173.194.182.102,10.10.0.10,,,443,41888,0,1060,17
1587481428.5885901,173.194.182.102,10.10.0.10,,,443,41888,0,1358,17
1587481428.5886312,173.194.182.102,10.10.0.10,,,443,41888,0,1358,17
1587481428.5980852,173.194.182.102,10.10.0.10,,,443,41888,0,1358,17
1587481428.5981262,173.194.182.102,10.10.0.10,,,443,41888,0,1358,17
1587481428.608938,173.194.182.102,10.10.0.10,,,443,41888,0,1358,17
1587481428.6089802,173.194.182.102,10.10.0.10,,,443,41888,0,1358,17
1587481428.6193402,173.194.182.102,10.10.0.10,,,443,41888,0,1358,17
1587481428.6193788,173.194.182.102,10.10.0.10,,,443,41888,0,1358,17
1587481428.626786,173.194.182.102,10.10.0.10,,,443,41888,0,1358,17
1587481428.6276374,173.194.182.102,10.10.0.10,,,443,41888,0,1358,17
1587481428.631275,10.10.0.10,173.194.182.102,,,41888,443,0,37,17
1587481428.6363628,173.194.182.102,10.10.0.10,,,443,41888,0,1358,17
1587481428.636427,10.10.0.10,173.194.182.102,,,41888,443,0,37,17
1587481428.636455,10.10.0.10,173.194.182.102,,,41888,443,0,37,17
1587481428.6364932,173.194.182.102,10.10.0.10,,,443,41888,0,1358,17
1587481428.636889,10.10.0.10,173.194.182.102,,,41888,443,0,37,17
1587481428.63812,10.10.0.10,173.194.182.102,,,41888,443,0,37,17
1587481428.6402779,10.10.0.10,173.194.182.102,,,41888,443,0,37,17
1587481428.6403198,10.10.0.10,173.194.182.102,,,41888,443,0,37,17
1587481428.6403394,10.10.0.10,173.194.182.102,,,41888,443,0,37,17
1587481428.6429331,10.10.0.10,173.194.182.102,,,41888,443,0,37,17
1587481428.6438851,10.10.0.10,173.194.182.102,,,41888,443,0,37,17
1587481428.644881,10.10.0.10,173.194.182.102,,,41888,443,0,37,17
1587481428.646658,173.194.182.102,10.10.0.10,,,443,41888,0,1358,17
1587481428.6466944,173.194.182.102,10.10.0.10,,,443,41888,0,1358,17
1587481428.648343,10.10.0.10,173.194.182.102,,,41888,443,0,37,17
1587481428.6537151,173.194.182.102,10.10.0.10,,,443,41888,0,1358,17
1587481428.654973,173.194.182.102,10.10.0.10,,,443,41888,0,1358,17
1587481428.6552696,10.10.0.10,173.194.182.102,,,41888,443,0,37,17
1587481428.664881,173.194.182.102,10.10.0.10,,,443,41888,0,1358,17
1587481428.664923,173.194.182.102,10.10.0.10,,,443,41888,0,1358,17
1587481428.674133,173.194.182.102,10.10.0.10,,,443,41888,0,1358,17
1587481428.674174,173.194.182.102,10.10.0.10,,,443,41888,0,1358,17
1587481428.683639,173.194.182.102,10.10.0.10,,,443,41888,0,1358,17
1587481428.68368,173.194.182.102,10.10.0.10,,,443,41888,0,1358,17
1587481428.6946132,173.194.182.102,10.10.0.10,,,443,41888,0,1358,17
1587481428.694654,173.194.182.102,10.10.0.10,,,443,41888,0,1358,17
1587481428.704693,173.194.182.102,10.10.0.10,,,443,41888,0,1358,17
1587481428.704731,173.194.182.102,10.10.0.10,,,443,41888,0,1358,17
1587481428.7104454,173.194.182.102,10.10.0.10,,,443,41888,0,1358,17
1587481428.713006,173.194.182.102,10.10.0.10,,,443,41888,0,1358,17
1587481428.719758,173.194.182.102,10.10.0.10,,,443,41888,0,1358,17
1587481428.7219179,173.194.182.102,10.10.0.10,,,443,41888,0,1358,17
1587481428.7287269,173.194.182.102,10.10.0.10,,,443,41888,0,1358,17
1587481428.730824,173.194.182.102,10.10.0.10,,,443,41888,0,1358,17
1587481428.737459,173.194.182.102,10.10.0.10,,,443,41888,0,1358,17
1587481428.7397351,173.194.182.102,10.10.0.10,,,443,41888,0,1358,17
1587481428.746912,173.194.182.102,10.10.0.10,,,443,41888,0,1358,17
1587481428.7486439,173.194.182.102,10.10.0.10,,,443,41888,0,1358,17
1587481428.7516696,10.10.0.10,173.194.182.102,,,41888,443,0,37,17
1587481428.7543652,10.10.0.10,173.194.182.102,,,41888,443,0,37,17
1587481428.7558439,173.194.182.102,10.10.0.10,,,443,41888,0,1358,17
1587481428.756569,10.10.0.10,173.194.182.102,,,41888,443,0,37,17
1587481428.7575102,173.194.182.102,10.10.0.10,,,443,41888,0,1358,17
1587481428.758124,10.10.0.10,173.194.182.102,,,41888,443,0,37,17
1587481428.759326,10.10.0.10,173.194.182.102,,,41888,443,0,50,17
1587481428.760262,10.10.0.10,173.194.182.102,,,41888,443,0,37,17
1587481428.761327,10.10.0.10,173.194.182.102,,,41888,443,0,37,17
1587481428.763387,10.10.0.10,173.194.182.102,,,41888,443,0,37,17
1587481428.7642348,173.194.182.102,10.10.0.10,,,443,41888,0,1358,17
1587481428.766463,173.194.182.102,10.10.0.10,,,443,41888,0,1358,17
1587481428.7677839,10.10.0.10,173.194.182.102,,,41888,443,0,37,17
1587481428.7678258,10.10.0.10,173.194.182.102,,,41888,443,0,37,17
1587481428.767946,10.10.0.10,173.194.182.102,,,41888,443,0,37,17
1587481428.7685304,10.10.0.10,173.194.182.102,,,41888,443,0,37,17
1587481428.7696981,10.10.0.10,173.194.182.102,,,41888,443,0,37,17
1587481428.771697,173.194.182.102,10.10.0.10,,,443,41888,0,29,17
1587481428.7741332,173.194.182.102,10.10.0.10,,,443,41888,0,1358,17
1587481428.775573,173.194.182.102,10.10.0.10,,,443,41888,0,1358,17
1587481428.779959,173.194.182.102,10.10.0.10,,,443,41888,0,1358,17
1587481428.784481,173.194.182.102,10.10.0.10,,,443,41888,0,1358,17
1587481428.790447,173.194.182.102,10.10.0.10,,,443,41888,0,1358,17
1587481428.793387,173.194.182.102,10.10.0.10,,,443,41888,0,1358,17
1587481428.800083,173.194.182.102,10.10.0.10,,,443,41888,0,1358,17
1587481428.8022988,173.194.182.102,10.10.0.10,,,443,41888,0,1358,17
1587481428.8095438,173.194.182.102,10.10.0.10,,,443,41888,0,1358,17
1587481428.8112054,173.194.182.102,10.10.0.10,,,443,41888,0,1358,17
1587481428.817913,173.194.182.102,10.10.0.10,,,443,41888,0,1358,17
1587481428.8201182,173.194.182.102,10.10.0.10,,,443,41888,0,1358,17
1587481428.8266,173.194.182.102,10.10.0.10,,,443,41888,0,1358,17
1587481428.829026,173.194.182.102,10.10.0.10,,,443,41888,0,1358,17
1587481428.8355286,173.194.182.102,10.10.0.10,,,443,41888,0,1358,17
1587481428.837932,173.194.182.102,10.10.0.10,,,443,41888,0,1358,17
1587481428.8450534,173.194.182.102,10.10.0.10,,,443,41888,0,1358,17
1587481428.8468428,173.194.182.102,10.10.0.10,,,443,41888,0,1358,17
1587481428.853765,173.194.182.102,10.10.0.10,,,443,41888,0,1358,17
1587481428.855752,173.194.182.102,10.10.0.10,,,443,41888,0,1358,17
1587481428.8629448,173.194.182.102,10.10.0.10,,,443,41888,0,1358,17
1587481428.864658,173.194.182.102,10.10.0.10,,,443,41888,0,1358,17
1587481428.871898,173.194.182.102,10.10.0.10,,,443,41888,0,1358,17
1587481428.872302,10.10.0.10,173.194.182.102,,,41888,443,0,37,17
1587481428.873567,173.194.182.102,10.10.0.10,,,443,41888,0,1358,17
1587481428.8746312,10.10.0.10,173.194.182.102,,,41888,443,0,37,17
1587481428.877366,10.10.0.10,173.194.182.102,,,41888,443,0,37,17
1587481428.8778632,10.10.0.10,173.194.182.102,,,41888,443,0,37,17
1587481428.879357,10.10.0.10,173.194.182.102,,,41888,443,0,37,17
1587481428.880573,173.194.182.102,10.10.0.10,,,443,41888,0,1358,17
1587481428.882476,173.194.182.102,10.10.0.10,,,443,41888,0,1358,17
1587481428.882902,10.10.0.10,173.194.182.102,,,41888,443,0,37,17
1587481428.8829439,10.10.0.10,173.194.182.102,,,41888,443,0,37,17
1587481428.8830614,10.10.0.10,173.194.182.102,,,41888,443,0,37,17
1587481428.883594,10.10.0.10,173.194.182.102,,,41888,443,0,37,17
1587481428.888816,173.194.182.102,10.10.0.10,,,443,41888,0,1358,17
1587481428.8913882,173.194.182.102,10.10.0.10,,,443,41888,0,1358,17
1587481428.8989458,173.194.182.102,10.10.0.10,,,443,41888,0,1358,17
1587481428.9003012,173.194.182.102,10.10.0.10,,,443,41888,0,1358,17
1587481428.908081,173.194.182.102,10.10.0.10,,,443,41888,0,1358,17
1587481428.90921,173.194.182.102,10.10.0.10,,,443,41888,0,1358,17
1587481428.915422,10.10.0.10,173.194.182.102,,,41888,443,0,37,17
1587481428.916734,173.194.182.102,10.10.0.10,,,443,41888,0,1358,17
1587481428.918114,173.194.182.102,10.10.0.10,,,443,41888,0,1358,17
1587481428.918169,10.10.0.10,173.194.182.102,,,41888,443,0,37,17
1587481428.927193,173.194.182.102,10.10.0.10,,,443,41888,0,1358,17
1587481428.9272401,173.194.182.102,10.10.0.10,,,443,41888,0,1358,17
1587481428.9324946,10.10.0.10,173.194.182.102,,,41888,443,0,50,17
1587481428.933137,10.10.0.10,173.194.182.102,,,41888,443,0,37,17
1587481428.934709,10.10.0.10,173.194.182.102,,,41888,443,0,37,17
1587481428.9347572,10.10.0.10,173.194.182.102,,,41888,443,0,37,17
1587481428.935225,173.194.182.102,10.10.0.10,,,443,41888,0,1358,17
1587481428.9359322,173.194.182.102,10.10.0.10,,,443,41888,0,1358,17
1587481428.936092,10.10.0.10,173.194.182.102,,,41888,443,0,37,17
1587481428.937209,10.10.0.10,173.194.182.102,,,41888,443,0,37,17
1587481428.9383152,10.10.0.10,173.194.182.102,,,41888,443,0,37,17
1587481428.938585,10.10.0.10,173.194.182.102,,,41888,443,0,37,17
1587481428.943832,173.194.182.102,10.10.0.10,,,443,41888,0,1358,17
1587481428.9448302,173.194.182.102,10.10.0.10,,,443,41888,0,1358,17
1587481428.946471,10.10.0.10,173.194.182.102,,,41888,443,0,37,17
1587481428.953438,173.194.182.102,10.10.0.10,,,443,41888,0,1358,17
1587481428.953711,173.194.182.102,10.10.0.10,,,443,41888,0,1358,17
1587481428.955975,10.10.0.10,173.194.182.102,,,41888,443,0,37,17
1587481428.96195,173.194.182.102,10.10.0.10,,,443,41888,0,1358,17
1587481428.9626598,173.194.182.102,10.10.0.10,,,443,41888,0,1358,17
1587481428.9645972,10.10.0.10,173.194.182.102,,,41888,443,0,37,17
1587481428.971009,173.194.182.102,10.10.0.10,,,443,41888,0,1358,17
1587481428.9715412,173.194.182.102,10.10.0.10,,,443,41888,0,1358,17
1587481428.9729538,10.10.0.10,173.194.182.102,,,41888,443,0,37,17
1587481428.9782045,173.194.182.102,10.10.0.10,,,443,41888,0,1358,17
1587481428.9804769,173.194.182.102,10.10.0.10,,,443,41888,0,1358,17
1587481428.9826598,10.10.0.10,173.194.182.102,,,41888,443,0,37,17
1587481428.9849331,173.194.182.102,10.10.0.10,,,443,41888,0,1358,17
1587481428.9893892,173.194.182.102,10.10.0.10,,,443,41888,0,1358,17
1587481428.9909751,10.10.0.10,173.194.182.102,,,41888,443,0,37,17
1587481428.993841,173.194.182.102,10.10.0.10,,,443,41888,0,1358,17
1587481428.9982939,173.194.182.102,10.10.0.10,,,443,41888,0,1358,17
1587481429.0000944,10.10.0.10,173.194.182.102,,,41888,443,0,37,17
1587481429.0027509,173.194.182.102,10.10.0.10,,,443,41888,0,1358,17
1587481429.0072026,173.194.182.102,10.10.0.10,,,443,41888,0,1358,17
1587481429.008889,10.10.0.10,173.194.182.102,,,41888,443,0,37,17
1587481429.0116339,173.194.182.102,10.10.0.10,,,443,41888,0,1358,17
1587481429.016114,173.194.182.102,10.10.0.10,,,443,41888,0,1358,17
1587481429.0177562,10.10.0.10,173.194.182.102,,,41888,443,0,37,17
1587481429.0205321,173.194.182.102,10.10.0.10,,,443,41888,0,1358,17
1587481429.025024,173.194.182.102,10.10.0.10,,,443,41888,0,1358,17
1587481429.02668,10.10.0.10,173.194.182.102,,,41888,443,0,37,17
1587481429.02944,173.194.182.102,10.10.0.10,,,443,41888,0,1358,17
1587481429.0339332,173.194.182.102,10.10.0.10,,,443,41888,0,1358,17
1587481429.035636,10.10.0.10,173.194.182.102,,,41888,443,0,37,17
1587481429.038385,173.194.182.102,10.10.0.10,,,443,41888,0,1358,17
1587481429.042841,173.194.182.102,10.10.0.10,,,443,41888,0,1358,17
1587481429.0444038,10.10.0.10,173.194.182.102,,,41888,443,0,37,17
1587481429.047296,173.194.182.102,10.10.0.10,,,443,41888,0,1358,17
1587481429.0517461,173.194.182.102,10.10.0.10,,,443,41888,0,1358,17
1587481429.053281,10.10.0.10,173.194.182.102,,,41888,443,0,50,17
1587481429.056207,173.194.182.102,10.10.0.10,,,443,41888,0,1358,17
1587481429.060659,173.194.182.102,10.10.0.10,,,443,41888,0,1358,17
1587481429.062258,10.10.0.10,173.194.182.102,,,41888,443,0,37,17
1587481429.0651119,173.194.182.102,10.10.0.10,,,443,41888,0,1358,17
1587481429.0695698,173.194.182.102,10.10.0.10,,,443,41888,0,1358,17
1587481429.0711148,10.10.0.10,173.194.182.102,,,41888,443,0,37,17
1587481429.074021,173.194.182.102,10.10.0.10,,,443,41888,0,29,17
1587481429.074148,173.194.182.102,10.10.0.10,,,443,41888,0,1358,17
1587481429.0786786,173.194.182.102,10.10.0.10,,,443,41888,0,1358,17
1587481429.081933,10.10.0.10,173.194.182.102,,,41888,443,0,37,17
1587481429.0831304,173.194.182.102,10.10.0.10,,,443,41888,0,1358,17
1587481429.0875866,173.194.182.102,10.10.0.10,,,443,41888,0,1358,17
1587481429.090241,10.10.0.10,173.194.182.102,,,41888,443,0,37,17
1587481429.0920439,173.194.182.102,10.10.0.10,,,443,41888,0,1358,17
1587481429.096496,173.194.182.102,10.10.0.10,,,443,41888,0,1358,17
1587481429.0983222,10.10.0.10,173.194.182.102,,,41888,443,0,37,17
1587481429.10095,173.194.182.102,10.10.0.10,,,443,41888,0,1358,17
1587481429.105405,173.194.182.102,10.10.0.10,,,443,41888,0,1358,17
1587481429.108018,10.10.0.10,173.194.182.102,,,41888,443,0,37,17
1587481429.10986,173.194.182.102,10.10.0.10,,,443,41888,0,1358,17
1587481429.11431,173.194.182.102,10.10.0.10,,,443,41888,0,1358,17
1587481429.115925,10.10.0.10,173.194.182.102,,,41888,443,0,37,17
1587481429.118769,173.194.182.102,10.10.0.10,,,443,41888,0,1358,17
1587481429.123223,173.194.182.102,10.10.0.10,,,443,41888,0,1358,17
1587481429.124696,10.10.0.10,173.194.182.102,,,41888,443,0,37,17
1587481429.1276774,173.194.182.102,10.10.0.10,,,443,41888,0,1358,17
1587481429.13206,173.194.182.102,10.10.0.10,,,443,41888,0,1358,17
1587481429.1336124,10.10.0.10,173.194.182.102,,,41888,443,0,37,17
1587481429.136542,173.194.182.102,10.10.0.10,,,443,41888,0,1358,17
1587481429.1409788,173.194.182.102,10.10.0.10,,,443,41888,0,1358,17
1587481429.1423225,10.10.0.10,173.194.182.102,,,41888,443,0,37,17
1587481429.145415,173.194.182.102,10.10.0.10,,,443,41888,0,1358,17
1587481429.1499288,173.194.182.102,10.10.0.10,,,443,41888,0,1358,17
1587481429.1543891,173.194.182.102,10.10.0.10,,,443,41888,0,1358,17
1587481429.157768,10.10.0.10,173.194.182.102,,,41888,443,0,37,17
1587481429.158781,173.194.182.102,10.10.0.10,,,443,41888,0,1358,17
1587481429.160175,10.10.0.10,173.194.182.102,,,41888,443,0,37,17
1587481429.163236,173.194.182.102,10.10.0.10,,,443,41888,0,1358,17
1587481429.1677082,173.194.182.102,10.10.0.10,,,443,41888,0,1358,17
1587481429.169542,10.10.0.10,173.194.182.102,,,41888,443,0,37,17
1587481429.172145,173.194.182.102,10.10.0.10,,,443,41888,0,1358,17
1587481429.176657,173.194.182.102,10.10.0.10,,,443,41888,0,1358,17
1587481429.178872,10.10.0.10,173.194.182.102,,,41888,443,0,37,17
1587481429.181117,173.194.182.102,10.10.0.10,,,443,41888,0,1358,17
1587481429.1855528,173.194.182.102,10.10.0.10,,,443,41888,0,1358,17
1587481429.187867,10.10.0.10,173.194.182.102,,,41888,443,0,37,17
1587481429.19003,173.194.182.102,10.10.0.10,,,443,41888,0,1358,17
1587481429.194479,173.194.182.102,10.10.0.10,,,443,41888,0,1358,17
1587481429.1961699,10.10.0.10,173.194.182.102,,,41888,443,0,37,17
1587481429.198874,173.194.182.102,10.10.0.10,,,443,41888,0,1358,17
1587481429.2033286,173.194.182.102,10.10.0.10,,,443,41888,0,1358,17
1587481429.2048962,10.10.0.10,173.194.182.102,,,41888,443,0,37,17
1587481429.207777,173.194.182.102,10.10.0.10,,,443,41888,0,1358,17
1587481429.212241,173.194.182.102,10.10.0.10,,,443,41888,0,1358,17
1587481429.2142286,10.10.0.10,173.194.182.102,,,41888,443,0,37,17
1587481429.216725,173.194.182.102,10.10.0.10,,,443,41888,0,1358,17
1587481429.221183,173.194.182.102,10.10.0.10,,,443,41888,0,1358,17
1587481429.225633,173.194.182.102,10.10.0.10,,,443,41888,0,1358,17
1587481429.226738,10.10.0.10,173.194.182.102,,,41888,443,0,37,17
1587481429.230113,173.194.182.102,10.10.0.10,,,443,41888,0,1358,17
1587481429.2323012,10.10.0.10,173.194.182.102,,,41888,443,0,50,17
1587481429.2345688,173.194.182.102,10.10.0.10,,,443,41888,0,1358,17
1587481429.2389972,173.194.182.102,10.10.0.10,,,443,41888,0,1358,17
1587481429.2407002,10.10.0.10,173.194.182.102,,,41888,443,0,37,17
1587481429.243479,173.194.182.102,10.10.0.10,,,443,41888,0,1358,17
1587481429.247894,173.194.182.102,10.10.0.10,,,443,41888,0,1358,17
1587481429.249325,10.10.0.10,173.194.182.102,,,41888,443,0,37,17
1587481429.252325,173.194.182.102,10.10.0.10,,,443,41888,0,29,17
1587481429.2525241,173.194.182.102,10.10.0.10,,,443,41888,0,1358,17
1587481429.25701,173.194.182.102,10.10.0.10,,,443,41888,0,1358,17
1587481429.2586188,10.10.0.10,173.194.182.102,,,41888,443,0,37,17
1587481429.2614696,173.194.182.102,10.10.0.10,,,443,41888,0,1358,17
1587481429.2658901,173.194.182.102,10.10.0.10,,,443,41888,0,1358,17
1587481429.26775,10.10.0.10,173.194.182.102,,,41888,443,0,37,17
1587481429.2704108,173.194.182.102,10.10.0.10,,,443,41888,0,1358,17
1587481429.2748039,173.194.182.102,10.10.0.10,,,443,41888,0,1358,17
1587481429.2792668,10.10.0.10,173.194.182.102,,,41888,443,0,37,17
1587481429.2792716,173.194.182.102,10.10.0.10,,,443,41888,0,1358,17
1587481429.2837448,173.194.182.102,10.10.0.10,,,443,41888,0,1358,17
1587481429.285456,10.10.0.10,173.194.182.102,,,41888,443,0,37,17
1587481429.288169,173.194.182.102,10.10.0.10,,,443,41888,0,1358,17
1587481429.2926302,173.194.182.102,10.10.0.10,,,443,41888,0,1358,17
1587481429.295119,10.10.0.10,173.194.182.102,,,41888,443,0,37,17
1587481429.2970738,173.194.182.102,10.10.0.10,,,443,41888,0,1358,17
1587481429.3015802,173.194.182.102,10.10.0.10,,,443,41888,0,1358,17
1587481429.3054972,10.10.0.10,173.194.182.102,,,41888,443,0,37,17
1587481429.3060071,173.194.182.102,10.10.0.10,,,443,41888,0,1358,17
1587481429.3104908,173.194.182.102,10.10.0.10,,,443,41888,0,1358,17
1587481429.3142898,10.10.0.10,173.194.182.102,,,41888,443,0,37,17
1587481429.314919,173.194.182.102,10.10.0.10,,,443,41888,0,1358,17
1587481429.3193722,173.194.182.102,10.10.0.10,,,443,41888,0,1358,17
1587481429.321213,10.10.0.10,173.194.182.102,,,41888,443,0,37,17
1587481429.323839,173.194.182.102,10.10.0.10,,,443,41888,0,1358,17
1587481429.328312,173.194.182.102,10.10.0.10,,,443,41888,0,1358,17
1587481429.3299172,10.10.0.10,173.194.182.102,,,41888,443,0,37,17
1587481429.3327384,173.194.182.102,10.10.0.10,,,443,41888,0,1358,17
1587481429.3372214,173.194.182.102,10.10.0.10,,,443,41888,0,1358,17
1587481429.3388178,10.10.0.10,173.194.182.102,,,41888,443,0,37,17
1587481429.341674,173.194.182.102,10.10.0.10,,,443,41888,0,1358,17
1587481429.3461082,173.194.182.102,10.10.0.10,,,443,41888,0,1358,17
1587481429.3476539,10.10.0.10,173.194.182.102,,,41888,443,0,37,17
1587481429.350586,173.194.182.102,10.10.0.10,,,443,41888,0,1358,17
1587481429.355041,173.194.182.102,10.10.0.10,,,443,41888,0,1358,17
1587481429.3564858,10.10.0.10,173.194.182.102,,,41888,443,0,37,17
1587481429.359473,173.194.182.102,10.10.0.10,,,443,41888,0,1358,17
1587481429.363951,173.194.182.102,10.10.0.10,,,443,41888,0,1358,17
1587481429.3655028,10.10.0.10,173.194.182.102,,,41888,443,0,37,17
1587481429.368408,173.194.182.102,10.10.0.10,,,443,41888,0,1358,17
1587481429.37284,173.194.182.102,10.10.0.10,,,443,41888,0,1358,17
1587481429.3743384,10.10.0.10,173.194.182.102,,,41888,443,0,37,17
1587481429.3772762,173.194.182.102,10.10.0.10,,,443,41888,0,1358,17
1587481429.3817468,173.194.182.102,10.10.0.10,,,443,41888,0,1358,17
1587481429.383251,10.10.0.10,173.194.182.102,,,41888,443,0,37,17
1587481429.386192,173.194.182.102,10.10.0.10,,,443,41888,0,1358,17
1587481429.390681,173.194.182.102,10.10.0.10,,,443,41888,0,1358,17
1587481429.392212,10.10.0.10,173.194.182.102,,,41888,443,0,37,17
1587481429.395135,173.194.182.102,10.10.0.10,,,443,41888,0,1358,17
1587481429.3995972,173.194.182.102,10.10.0.10,,,443,41888,0,1358,17
1587481429.4012508,10.10.0.10,173.194.182.102,,,41888,443,0,37,17
1587481429.404043,173.194.182.102,10.10.0.10,,,443,41888,0,1358,17
1587481429.4084988,173.194.182.102,10.10.0.10,,,443,41888,0,1358,17
1587481429.409993,10.10.0.10,173.194.182.102,,,41888,443,0,50,17
1587481429.412951,173.194.182.102,10.10.0.10,,,443,41888,0,1358,17
1587481429.417406,173.194.182.102,10.10.0.10,,,443,41888,0,1358,17
1587481429.419085,10.10.0.10,173.194.182.102,,,41888,443,0,37,17
1587481429.4218614,173.194.182.102,10.10.0.10,,,443,41888,0,1358,17
1587481429.4263165,173.194.182.102,10.10.0.10,,,443,41888,0,1358,17
1587481429.4280019,10.10.0.10,173.194.182.102,,,41888,443,0,37,17
1587481429.4307704,173.194.182.102,10.10.0.10,,,443,41888,0,1358,17
1587481429.435225,173.194.182.102,10.10.0.10,,,443,41888,0,1358,17
1587481429.4367561,10.10.0.10,173.194.182.102,,,41888,443,0,37,17
1587481429.4396794,173.194.182.102,10.10.0.10,,,443,41888,0,32,17
1587481429.4398198,173.194.182.102,10.10.0.10,,,443,41888,0,1358,17
1587481429.444344,173.194.182.102,10.10.0.10,,,443,41888,0,1358,17
1587481429.446667,10.10.0.10,173.194.182.102,,,41888,443,0,37,17
1587481429.4487526,173.194.182.102,10.10.0.10,,,443,41888,0,1358,17
1587481429.4532518,173.194.182.102,10.10.0.10,,,443,41888,0,1358,17
1587481429.454918,10.10.0.10,173.194.182.102,,,41888,443,0,37,17
1587481429.4577081,173.194.182.102,10.10.0.10,,,443,41888,0,1358,17
1587481429.462095,173.194.182.102,10.10.0.10,,,443,41888,0,1358,17
1587481429.4644759,10.10.0.10,173.194.182.102,,,41888,443,0,37,17
1587481429.4666188,173.194.182.102,10.10.0.10,,,443,41888,0,1358,17
1587481429.471072,173.194.182.102,10.10.0.10,,,443,41888,0,1358,17
1587481429.4735012,10.10.0.10,173.194.182.102,,,41888,443,0,37,17
1587481429.475461,173.194.182.102,10.10.0.10,,,443,41888,0,1358,17
1587481429.4799802,173.194.182.102,10.10.0.10,,,443,41888,0,1358,17
1587481429.483253,10.10.0.10,173.194.182.102,,,41888,443,0,37,17
1587481429.484434,173.194.182.102,10.10.0.10,,,443,41888,0,1358,17
1587481429.488821,173.194.182.102,10.10.0.10,,,443,41888,0,1358,17
1587481429.49096,10.10.0.10,173.194.182.102,,,41888,443,0,37,17
1587481429.4933422,173.194.182.102,10.10.0.10,,,443,41888,0,1358,17
1587481429.4977732,173.194.182.102,10.10.0.10,,,443,41888,0,1358,17
1587481429.500516,10.10.0.10,173.194.182.102,,,41888,443,0,37,17
1587481429.5021882,173.194.182.102,10.10.0.10,,,443,41888,0,1358,17
1587481429.5066776,173.194.182.102,10.10.0.10,,,443,41888,0,1358,17
1587481429.508191,10.10.0.10,173.194.182.102,,,41888,443,0,37,17
1587481429.5111609,173.194.182.102,10.10.0.10,,,443,41888,0,1358,17
1587481429.515583,173.194.182.102,10.10.0.10,,,443,41888,0,1358,17
1587481429.517483,10.10.0.10,173.194.182.102,,,41888,443,0,37,17
1587481429.5200698,173.194.182.102,10.10.0.10,,,443,41888,0,1358,17
1587481429.5245242,173.194.182.102,10.10.0.10,,,443,41888,0,1358,17
1587481429.52604,10.10.0.10,173.194.182.102,,,41888,443,0,37,17
1587481429.528949,173.194.182.102,10.10.0.10,,,443,41888,0,1358,17
1587481429.533432,173.194.182.102,10.10.0.10,,,443,41888,0,1358,17
1587481429.535047,10.10.0.10,173.194.182.102,,,41888,443,0,37,17
1587481429.53789,173.194.182.102,10.10.0.10,,,443,41888,0,1358,17
1587481429.542312,173.194.182.102,10.10.0.10,,,443,41888,0,1358,17
1587481429.5444052,10.10.0.10,173.194.182.102,,,41888,443,0,37,17
1587481429.5468,173.194.182.102,10.10.0.10,,,443,41888,0,1358,17
1587481429.5512538,173.194.182.102,10.10.0.10,,,443,41888,0,1358,17
1587481429.5538845,10.10.0.10,173.194.182.102,,,41888,443,0,37,17
1587481429.5556748,173.194.182.102,10.10.0.10,,,443,41888,0,1358,17
1587481429.5601628,173.194.182.102,10.10.0.10,,,443,41888,0,1358,17
1587481429.561877,10.10.0.10,173.194.182.102,,,41888,443,0,37,17
1587481429.564617,173.194.182.102,10.10.0.10,,,443,41888,0,1358,17
1587481429.569039,173.194.182.102,10.10.0.10,,,443,41888,0,1358,17
1587481429.570945,10.10.0.10,173.194.182.102,,,41888,443,0,37,17
1587481429.5735238,173.194.182.102,10.10.0.10,,,443,41888,0,1358,17
1587481429.577945,173.194.182.102,10.10.0.10,,,443,41888,0,1358,17
1587481429.579587,10.10.0.10,173.194.182.102,,,41888,443,0,37,17
1587481429.582402,173.194.182.102,10.10.0.10,,,443,41888,0,1358,17
1587481429.586889,173.194.182.102,10.10.0.10,,,443,41888,0,1358,17
1587481429.58842,10.10.0.10,173.194.182.102,,,41888,443,0,50,17
1587481429.59131,173.194.182.102,10.10.0.10,,,443,41888,0,1358,17
1587481429.595765,173.194.182.102,10.10.0.10,,,443,41888,0,1358,17
1587481429.597379,10.10.0.10,173.194.182.102,,,41888,443,0,37,17
1587481429.6002526,173.194.182.102,10.10.0.10,,,443,41888,0,1358,17
1587481429.6047068,173.194.182.102,10.10.0.10,,,443,41888,0,1358,17
1587481429.606297,10.10.0.10,173.194.182.102,,,41888,443,0,37,17
1587481429.6091301,173.194.182.102,10.10.0.10,,,443,41888,0,1358,17
1587481429.613615,173.194.182.102,10.10.0.10,,,443,41888,0,1358,17
1587481429.6157699,10.10.0.10,173.194.182.102,,,41888,443,0,37,17
1587481429.6180696,173.194.182.102,10.10.0.10,,,443,41888,0,1358,17
1587481429.622489,173.194.182.102,10.10.0.10,,,443,41888,0,1358,17
1587481429.6243398,10.10.0.10,173.194.182.102,,,41888,443,0,37,17
1587481429.6269784,173.194.182.102,10.10.0.10,,,443,41888,0,1358,17
1587481429.6314108,173.194.182.102,10.10.0.10,,,443,41888,0,1358,17
1587481429.634817,10.10.0.10,173.194.182.102,,,41888,443,0,37,17
1587481429.6358528,173.194.182.102,10.10.0.10,,,443,41888,0,1358,17
1587481429.64034,173.194.182.102,10.10.0.10,,,443,41888,0,1358,17
1587481429.6441278,10.10.0.10,173.194.182.102,,,41888,443,0,37,17
1587481429.644766,173.194.182.102,10.10.0.10,,,443,41888,0,1358,17
1587481429.6492212,173.194.182.102,10.10.0.10,,,443,41888,0,1358,17
1587481429.651785,10.10.0.10,173.194.182.102,,,41888,443,0,37,17
1587481429.65371,173.194.182.102,10.10.0.10,,,443,41888,0,1358,17
1587481429.6581652,173.194.182.102,10.10.0.10,,,443,41888,0,1358,17
1587481429.659714,10.10.0.10,173.194.182.102,,,41888,443,0,37,17
1587481429.662583,173.194.182.102,10.10.0.10,,,443,41888,0,1358,17
1587481429.667079,173.194.182.102,10.10.0.10,,,443,41888,0,1358,17
1587481429.668873,10.10.0.10,173.194.182.102,,,41888,443,0,37,17
1587481429.6715288,173.194.182.102,10.10.0.10,,,443,41888,0,1358,17
1587481429.6759439,173.194.182.102,10.10.0.10,,,443,41888,0,1358,17
1587481429.677723,10.10.0.10,173.194.182.102,,,41888,443,0,37,17
1587481429.68042,173.194.182.102,10.10.0.10,,,443,41888,0,1358,17
1587481429.684891,173.194.182.102,10.10.0.10,,,443,41888,0,1358,17
1587481429.686697,10.10.0.10,173.194.182.102,,,41888,443,0,37,17
1587481429.689467,173.194.182.102,10.10.0.10,,,443,41888,0,1358,17
1587481429.6910946,10.10.0.10,173.194.182.102,,,41888,443,0,40,17
1587481429.693998,173.194.182.102,10.10.0.10,,,443,41888,0,1358,17
1587481429.695482,10.10.0.10,173.194.182.102,,,41888,443,0,37,17
1587481429.698454,173.194.182.102,10.10.0.10,,,443,41888,0,1358,17
1587481429.7029052,173.194.182.102,10.10.0.10,,,443,41888,0,1358,17
1587481429.705962,10.10.0.10,173.194.182.102,,,41888,443,0,37,17
1587481429.707333,173.194.182.102,10.10.0.10,,,443,41888,0,1358,17
1587481429.708806,10.10.0.10,173.194.182.102,,,41888,443,0,40,17
1587481429.711785,173.194.182.102,10.10.0.10,,,443,41888,0,1358,17
1587481429.713434,10.10.0.10,173.194.182.102,,,41888,443,0,37,17
1587481429.716274,173.194.182.102,10.10.0.10,,,443,41888,0,1358,17
1587481429.720728,173.194.182.102,10.10.0.10,,,443,41888,0,1358,17
1587481429.7222679,10.10.0.10,173.194.182.102,,,41888,443,0,37,17
1587481429.725185,173.194.182.102,10.10.0.10,,,443,41888,0,1358,17
1587481429.729624,173.194.182.102,10.10.0.10,,,443,41888,0,1358,17
1587481429.7311618,10.10.0.10,173.194.182.102,,,41888,443,0,37,17
1587481429.7340908,173.194.182.102,10.10.0.10,,,443,41888,0,1358,17
1587481429.7385461,173.194.182.102,10.10.0.10,,,443,41888,0,1358,17
1587481429.740244,10.10.0.10,173.194.182.102,,,41888,443,0,37,17
1587481429.743001,173.194.182.102,10.10.0.10,,,443,41888,0,1358,17
1587481429.747447,173.194.182.102,10.10.0.10,,,443,41888,0,1358,17
1587481429.749398,10.10.0.10,173.194.182.102,,,41888,443,0,50,17
1587481429.7518976,173.194.182.102,10.10.0.10,,,443,41888,0,1358,17
1587481429.7563539,173.194.182.102,10.10.0.10,,,443,41888,0,1358,17
1587481429.7582178,10.10.0.10,173.194.182.102,,,41888,443,0,37,17
1587481429.760808,173.194.182.102,10.10.0.10,,,443,41888,0,1358,17
1587481429.765264,173.194.182.102,10.10.0.10,,,443,41888,0,1358,17
1587481429.767678,10.10.0.10,173.194.182.102,,,41888,443,0,37,17
1587481429.7697172,173.194.182.102,10.10.0.10,,,443,41888,0,1358,17
1587481429.774172,173.194.182.102,10.10.0.10,,,443,41888,0,1358,17
1587481429.77597,10.10.0.10,173.194.182.102,,,41888,443,0,37,17
1587481429.778626,173.194.182.102,10.10.0.10,,,443,41888,0,1358,17
1587481429.7830534,173.194.182.102,10.10.0.10,,,443,41888,0,1358,17
1587481429.7854571,10.10.0.10,173.194.182.102,,,41888,443,0,37,17
1587481429.787535,173.194.182.102,10.10.0.10,,,443,41888,0,1358,17
1587481429.79199,173.194.182.102,10.10.0.10,,,443,41888,0,1358,17
1587481429.794654,10.10.0.10,173.194.182.102,,,41888,443,0,37,17
1587481429.7964444,173.194.182.102,10.10.0.10,,,443,41888,0,1358,17
1587481429.8008974,173.194.182.102,10.10.0.10,,,443,41888,0,1358,17
1587481429.8028195,10.10.0.10,173.194.182.102,,,41888,443,0,37,17
1587481429.805367,173.194.182.102,10.10.0.10,,,443,41888,0,1358,17
1587481429.809808,173.194.182.102,10.10.0.10,,,443,41888,0,1358,17
1587481429.811825,10.10.0.10,173.194.182.102,,,41888,443,0,37,17
1587481429.8142614,173.194.182.102,10.10.0.10,,,443,41888,0,1358,17
1587481429.818729,173.194.182.102,10.10.0.10,,,443,41888,0,1358,17
1587481429.8205948,10.10.0.10,173.194.182.102,,,41888,443,0,37,17
1587481429.82317,173.194.182.102,10.10.0.10,,,443,41888,0,1358,17
1587481429.827625,173.194.182.102,10.10.0.10,,,443,41888,0,1358,17
1587481429.8292394,10.10.0.10,173.194.182.102,,,41888,443,0,37,17
1587481429.832092,173.194.182.102,10.10.0.10,,,443,41888,0,1358,17
1587481429.836494,173.194.182.102,10.10.0.10,,,443,41888,0,1358,17
1587481429.8387704,10.10.0.10,173.194.182.102,,,41888,443,0,37,17
1587481429.840987,173.194.182.102,10.10.0.10,,,443,41888,0,1358,17
1587481429.8454292,173.194.182.102,10.10.0.10,,,443,41888,0,1358,17
1587481429.847366,10.10.0.10,173.194.182.102,,,41888,443,0,37,17
1587481429.8498974,173.194.182.102,10.10.0.10,,,443,41888,0,1358,17
1587481429.854351,173.194.182.102,10.10.0.10,,,443,41888,0,1358,17
1587481429.858763,173.194.182.102,10.10.0.10,,,443,41888,0,1358,17
1587481429.8632195,173.194.182.102,10.10.0.10,,,443,41888,0,1358,17
1587481429.8677142,173.194.182.102,10.10.0.10,,,443,41888,0,1358,17
1587481429.869981,10.10.0.10,173.194.182.102,,,41888,443,0,37,17
1587481429.871115,10.10.0.10,173.194.182.102,,,41888,443,0,37,17
1587481429.872104,173.194.182.102,10.10.0.10,,,443,41888,0,1358,17
1587481429.873719,10.10.0.10,173.194.182.102,,,41888,443,0,37,17
1587481429.8766232,173.194.182.102,10.10.0.10,,,443,41888,0,1358,17
1587481429.881078,173.194.182.102,10.10.0.10,,,443,41888,0,1358,17
1587481429.88276,10.10.0.10,173.194.182.102,,,41888,443,0,37,17
1587481429.885471,173.194.182.102,10.10.0.10,,,443,41888,0,1358,17
1587481429.8899882,173.194.182.102,10.10.0.10,,,443,41888,0,1358,17
1587481429.892657,10.10.0.10,173.194.182.102,,,41888,443,0,37,17
1587481429.8944411,173.194.182.102,10.10.0.10,,,443,41888,0,1358,17
1587481429.8988302,173.194.182.102,10.10.0.10,,,443,41888,0,1358,17
1587481429.900738,10.10.0.10,173.194.182.102,,,41888,443,0,37,17
1587481429.9033492,173.194.182.102,10.10.0.10,,,443,41888,0,1358,17
1587481429.9078028,173.194.182.102,10.10.0.10,,,443,41888,0,1358,17
1587481429.9106898,10.10.0.10,173.194.182.102,,,41888,443,0,37,17
1587481429.912193,173.194.182.102,10.10.0.10,,,443,41888,0,1358,17
1587481429.916713,173.194.182.102,10.10.0.10,,,443,41888,0,1358,17
1587481429.918776,10.10.0.10,173.194.182.102,,,41888,443,0,37,17
1587481429.9211671,173.194.182.102,10.10.0.10,,,443,41888,0,1358,17
1587481429.92556,173.194.182.102,10.10.0.10,,,443,41888,0,1358,17
1587481429.9272995,10.10.0.10,173.194.182.102,,,41888,443,0,50,17
1587481429.9300456,173.194.182.102,10.10.0.10,,,443,41888,0,1358,17
1587481429.93453,173.194.182.102,10.10.0.10,,,443,41888,0,1358,17
1587481429.936132,10.10.0.10,173.194.182.102,,,41888,443,0,37,17
1587481429.9389439,173.194.182.102,10.10.0.10,,,443,41888,0,1358,17
1587481429.943439,173.194.182.102,10.10.0.10,,,443,41888,0,1358,17
1587481429.945112,10.10.0.10,173.194.182.102,,,41888,443,0,37,17
1587481429.9478948,173.194.182.102,10.10.0.10,,,443,41888,0,1358,17
1587481429.952306,173.194.182.102,10.10.0.10,,,443,41888,0,1358,17
1587481429.954009,10.10.0.10,173.194.182.102,,,41888,443,0,37,17
1587481429.956802,173.194.182.102,10.10.0.10,,,443,41888,0,1358,17
1587481429.961258,173.194.182.102,10.10.0.10,,,443,41888,0,1358,17
1587481429.9627802,10.10.0.10,173.194.182.102,,,41888,443,0,37,17
1587481429.9656649,173.194.182.102,10.10.0.10,,,443,41888,0,1358,17
1587481429.970166,173.194.182.102,10.10.0.10,,,443,41888,0,1358,17
1587481429.971716,10.10.0.10,173.194.182.102,,,41888,443,0,37,17
1587481429.9746199,173.194.182.102,10.10.0.10,,,443,41888,0,1358,17
1587481429.979033,173.194.182.102,10.10.0.10,,,443,41888,0,1358,17
1587481429.980691,10.10.0.10,173.194.182.102,,,41888,443,0,37,17
1587481429.983528,173.194.182.102,10.10.0.10,,,443,41888,0,29,17
1587481429.9836602,173.194.182.102,10.10.0.10,,,443,41888,0,1358,17
1587481429.98816,173.194.182.102,10.10.0.10,,,443,41888,0,1358,17
1587481429.9913402,10.10.0.10,173.194.182.102,,,41888,443,0,37,17
1587481429.992597,173.194.182.102,10.10.0.10,,,443,41888,0,1358,17
1587481429.9970946,173.194.182.102,10.10.0.10,,,443,41888,0,1358,17
1587481429.998762,10.10.0.10,173.194.182.102,,,41888,443,0,37,17
1587481430.001548,173.194.182.102,10.10.0.10,,,443,41888,0,1358,17
1587481430.0059652,173.194.182.102,10.10.0.10,,,443,41888,0,1358,17
1587481430.0077171,10.10.0.10,173.194.182.102,,,41888,443,0,37,17
1587481430.010458,173.194.182.102,10.10.0.10,,,443,41888,0,1358,17
1587481430.0149126,173.194.182.102,10.10.0.10,,,443,41888,0,1358,17
1587481430.016634,10.10.0.10,173.194.182.102,,,41888,443,0,37,17
1587481430.0193381,173.194.182.102,10.10.0.10,,,443,41888,0,1358,17
1587481430.023821,173.194.182.102,10.10.0.10,,,443,41888,0,1358,17
1587481430.025512,10.10.0.10,173.194.182.102,,,41888,443,0,37,17
1587481430.0282748,173.194.182.102,10.10.0.10,,,443,41888,0,1358,17
1587481430.0327039,173.194.182.102,10.10.0.10,,,443,41888,0,1358,17
1587481430.035222,10.10.0.10,173.194.182.102,,,41888,443,0,37,17
1587481430.037184,173.194.182.102,10.10.0.10,,,443,41888,0,1358,17
1587481430.0416374,173.194.182.102,10.10.0.10,,,443,41888,0,1358,17
1587481430.0432372,10.10.0.10,173.194.182.102,,,41888,443,0,37,17
1587481430.0460668,173.194.182.102,10.10.0.10,,,443,41888,0,1358,17
1587481430.0505474,173.194.182.102,10.10.0.10,,,443,41888,0,1358,17
1587481430.052202,10.10.0.10,173.194.182.102,,,41888,443,0,37,17
1587481430.055,173.194.182.102,10.10.0.10,,,443,41888,0,1358,17
1587481430.059431,173.194.182.102,10.10.0.10,,,443,41888,0,1358,17
1587481430.061047,10.10.0.10,173.194.182.102,,,41888,443,0,37,17
1587481430.06391,173.194.182.102,10.10.0.10,,,443,41888,0,1358,17
1587481430.0683641,173.194.182.102,10.10.0.10,,,443,41888,0,1358,17
1587481430.0703099,10.10.0.10,173.194.182.102,,,41888,443,0,37,17
1587481430.0728178,173.194.182.102,10.10.0.10,,,443,41888,0,1358,17
1587481430.074529,10.10.0.10,173.194.182.102,,,41888,443,0,40,17
1587481430.0772738,173.194.182.102,10.10.0.10,,,443,41888,0,1358,17
1587481430.079319,10.10.0.10,173.194.182.102,,,41888,443,0,37,17
1587481430.081729,173.194.182.102,10.10.0.10,,,443,41888,0,1358,17
1587481430.086182,173.194.182.102,10.10.0.10,,,443,41888,0,1358,17
1587481430.0879462,10.10.0.10,173.194.182.102,,,41888,443,0,37,17
1587481430.0906372,173.194.182.102,10.10.0.10,,,443,41888,0,1358,17
1587481430.0950909,173.194.182.102,10.10.0.10,,,443,41888,0,1358,17
1587481430.0976698,10.10.0.10,173.194.182.102,,,41888,443,0,50,17
1587481430.099519,173.194.182.102,10.10.0.10,,,443,41888,0,1358,17
1587481430.104,173.194.182.102,10.10.0.10,,,443,41888,0,1358,17
1587481430.1058009,10.10.0.10,173.194.182.102,,,41888,443,0,37,17
1587481430.1084552,173.194.182.102,10.10.0.10,,,443,41888,0,1358,17
1587481430.1129081,173.194.182.102,10.10.0.10,,,443,41888,0,1358,17
1587481430.115459,10.10.0.10,173.194.182.102,,,41888,443,0,37,17
1587481430.117363,173.194.182.102,10.10.0.10,,,443,41888,0,1358,17
1587481430.121816,173.194.182.102,10.10.0.10,,,443,41888,0,1358,17
1587481430.1235092,10.10.0.10,173.194.182.102,,,41888,443,0,37,17
1587481430.1262622,173.194.182.102,10.10.0.10,,,443,41888,0,1358,17
1587481430.1307259,173.194.182.102,10.10.0.10,,,443,41888,0,1358,17
1587481430.132446,10.10.0.10,173.194.182.102,,,41888,443,0,37,17
1587481430.1351802,173.194.182.102,10.10.0.10,,,443,41888,0,1358,17
1587481430.139634,173.194.182.102,10.10.0.10,,,443,41888,0,1358,17
1587481430.143631,10.10.0.10,173.194.182.102,,,41888,443,0,37,17
1587481430.144049,173.194.182.102,10.10.0.10,,,443,41888,0,1358,17
1587481430.14851,173.194.182.102,10.10.0.10,,,443,41888,0,1358,17
1587481430.1514668,10.10.0.10,173.194.182.102,,,41888,443,0,37,17
1587481430.152964,173.194.182.102,10.10.0.10,,,443,41888,0,1358,17
1587481430.1574118,173.194.182.102,10.10.0.10,,,443,41888,0,1358,17
1587481430.1590214,10.10.0.10,173.194.182.102,,,41888,443,0,37,17
1587481430.161869,173.194.182.102,10.10.0.10,,,443,41888,0,29,17
1587481430.1620321,173.194.182.102,10.10.0.10,,,443,41888,0,1358,17
1587481430.1665158,173.194.182.102,10.10.0.10,,,443,41888,0,1358,17
1587481430.170989,173.194.182.102,10.10.0.10,,,443,41888,0,1358,17
1587481430.1754,173.194.182.102,10.10.0.10,,,443,41888,0,1358,17
1587481430.1798544,173.194.182.102,10.10.0.10,,,443,41888,0,1358,17
1587481430.1843698,173.194.182.102,10.10.0.10,,,443,41888,0,1358,17
1587481430.188765,173.194.182.102,10.10.0.10,,,443,41888,0,1358,17
1587481430.1927652,10.10.0.10,173.194.182.102,,,41888,443,0,37,17
1587481430.1932461,173.194.182.102,10.10.0.10,,,443,41888,0,1358,17
1587481430.195695,10.10.0.10,173.194.182.102,,,41888,443,0,37,17
1587481430.1957278,10.10.0.10,173.194.182.102,,,41888,443,0,37,17
1587481430.1963027,10.10.0.10,173.194.182.102,,,41888,443,0,37,17
1587481430.197711,173.194.182.102,10.10.0.10,,,443,41888,0,1358,17
1587481430.2021296,173.194.182.102,10.10.0.10,,,443,41888,0,1358,17
1587481430.20437,10.10.0.10,173.194.182.102,,,41888,443,0,37,17
1587481430.2066028,173.194.182.102,10.10.0.10,,,443,41888,0,1358,17
1587481430.2110775,173.194.182.102,10.10.0.10,,,443,41888,0,1358,17
1587481430.2127151,10.10.0.10,173.194.182.102,,,41888,443,0,37,17
1587481430.2154891,173.194.182.102,10.10.0.10,,,443,41888,0,1358,17
1587481430.2199461,173.194.182.102,10.10.0.10,,,443,41888,0,1358,17
1587481430.221406,10.10.0.10,173.194.182.102,,,41888,443,0,37,17
1587481430.224427,173.194.182.102,10.10.0.10,,,443,41888,0,1358,17
1587481430.2288532,173.194.182.102,10.10.0.10,,,443,41888,0,1358,17
1587481430.2318704,10.10.0.10,173.194.182.102,,,41888,443,0,37,17
1587481430.2333481,173.194.182.102,10.10.0.10,,,443,41888,0,1358,17
1587481430.2378259,173.194.182.102,10.10.0.10,,,443,41888,0,1358,17
1587481430.239463,10.10.0.10,173.194.182.102,,,41888,443,0,37,17
1587481430.242218,173.194.182.102,10.10.0.10,,,443,41888,0,1358,17
1587481430.2467349,173.194.182.102,10.10.0.10,,,443,41888,0,1358,17
1587481430.2483046,10.10.0.10,173.194.182.102,,,41888,443,0,37,17
1587481430.251129,173.194.182.102,10.10.0.10,,,443,41888,0,1358,17
1587481430.255579,173.194.182.102,10.10.0.10,,,443,41888,0,1358,17
1587481430.256906,10.10.0.10,173.194.182.102,,,41888,443,0,37,17
1587481430.260062,173.194.182.102,10.10.0.10,,,443,41888,0,1358,17
1587481430.264504,173.194.182.102,10.10.0.10,,,443,41888,0,1358,17
1587481430.266185,10.10.0.10,173.194.182.102,,,41888,443,0,37,17
1587481430.268976,173.194.182.102,10.10.0.10,,,443,41888,0,1358,17
1587481430.2734652,173.194.182.102,10.10.0.10,,,443,41888,0,1358,17
1587481430.2779148,173.194.182.102,10.10.0.10,,,443,41888,0,1358,17
1587481430.277935,10.10.0.10,173.194.182.102,,,41888,443,0,50,17
1587481430.2823398,173.194.182.102,10.10.0.10,,,443,41888,0,1358,17
1587481430.2840028,10.10.0.10,173.194.182.102,,,41888,443,0,37,17
1587481430.28681,173.194.182.102,10.10.0.10,,,443,41888,0,1358,17
1587481430.291226,173.194.182.102,10.10.0.10,,,443,41888,0,1358,17
1587481430.2927802,10.10.0.10,173.194.182.102,,,41888,443,0,37,17
1587481430.2956998,173.194.182.102,10.10.0.10,,,443,41888,0,1358,17
1587481430.3001635,173.194.182.102,10.10.0.10,,,443,41888,0,1358,17
1587481430.302669,10.10.0.10,173.194.182.102,,,41888,443,0,37,17
1587481430.3046381,173.194.182.102,10.10.0.10,,,443,41888,0,1358,17
1587481430.3090658,173.194.182.102,10.10.0.10,,,443,41888,0,1358,17
1587481430.3111742,10.10.0.10,173.194.182.102,,,41888,443,0,37,17
1587481430.3135252,173.194.182.102,10.10.0.10,,,443,41888,0,1358,17
1587481430.317978,173.194.182.102,10.10.0.10,,,443,41888,0,1358,17
1587481430.321,10.10.0.10,173.194.182.102,,,41888,443,0,37,17
1587481430.3224292,173.194.182.102,10.10.0.10,,,443,41888,0,1358,17
1587481430.326911,173.194.182.102,10.10.0.10,,,443,41888,0,1358,17
1587481430.3285198,10.10.0.10,173.194.182.102,,,41888,443,0,37,17
1587481430.3313706,173.194.182.102,10.10.0.10,,,443,41888,0,1358,17
1587481430.3357751,173.194.182.102,10.10.0.10,,,443,41888,0,1358,17
1587481430.3373902,10.10.0.10,173.194.182.102,,,41888,443,0,37,17
1587481430.340282,173.194.182.102,10.10.0.10,,,443,41888,0,1358,17
1587481430.3447368,173.194.182.102,10.10.0.10,,,443,41888,0,1358,17
1587481430.346793,10.10.0.10,173.194.182.102,,,41888,443,0,37,17
1587481430.349159,173.194.182.102,10.10.0.10,,,443,41888,0,1358,17
1587481430.353647,173.194.182.102,10.10.0.10,,,443,41888,0,1358,17
1587481430.35517,10.10.0.10,173.194.182.102,,,41888,443,0,37,17
1587481430.358099,173.194.182.102,10.10.0.10,,,443,41888,0,1358,17
1587481430.362518,173.194.182.102,10.10.0.10,,,443,41888,0,1358,17
1587481430.364291,10.10.0.10,173.194.182.102,,,41888,443,0,37,17
1587481430.367008,173.194.182.102,10.10.0.10,,,443,41888,0,1358,17
1587481430.371463,173.194.182.102,10.10.0.10,,,443,41888,0,1358,17
1587481430.373016,10.10.0.10,173.194.182.102,,,41888,443,0,37,17
1587481430.375886,173.194.182.102,10.10.0.10,,,443,41888,0,1358,17
1587481430.380373,173.194.182.102,10.10.0.10,,,443,41888,0,1358,17
1587481430.381937,10.10.0.10,173.194.182.102,,,41888,443,0,37,17
1587481430.384827,173.194.182.102,10.10.0.10,,,443,41888,0,1358,17
1587481430.3892498,173.194.182.102,10.10.0.10,,,443,41888,0,1358,17
1587481430.390874,10.10.0.10,173.194.182.102,,,41888,443,0,37,17
1587481430.393739,173.194.182.102,10.10.0.10,,,443,41888,0,1358,17
1587481430.39819,173.194.182.102,10.10.0.10,,,443,41888,0,1358,17
1587481430.3999784,10.10.0.10,173.194.182.102,,,41888,443,0,37,17
1587481430.4025812,173.194.182.102,10.10.0.10,,,443,41888,0,1358,17
1587481430.4071078,173.194.182.102,10.10.0.10,,,443,41888,0,1358,17
1587481430.408799,10.10.0.10,173.194.182.102,,,41888,443,0,37,17
1587481430.411553,173.194.182.102,10.10.0.10,,,443,41888,0,1358,17
1587481430.4159849,173.194.182.102,10.10.0.10,,,443,41888,0,1358,17
1587481430.4176269,10.10.0.10,173.194.182.102,,,41888,443,0,37,17
1587481430.4204302,173.194.182.102,10.10.0.10,,,443,41888,0,1358,17
1587481430.4249172,173.194.182.102,10.10.0.10,,,443,41888,0,1358,17
1587481430.4265811,10.10.0.10,173.194.182.102,,,41888,443,0,37,17
1587481430.4293456,173.194.182.102,10.10.0.10,,,443,41888,0,1358,17
1587481430.433825,173.194.182.102,10.10.0.10,,,443,41888,0,1358,17
1587481430.437353,10.10.0.10,173.194.182.102,,,41888,443,0,37,17
1587481430.438283,173.194.182.102,10.10.0.10,,,443,41888,0,1358,17
1587481430.442702,173.194.182.102,10.10.0.10,,,443,41888,0,1358,17
1587481430.4455626,10.10.0.10,173.194.182.102,,,41888,443,0,37,17
1587481430.4471624,173.194.182.102,10.10.0.10,,,443,41888,0,1358,17
1587481430.451643,173.194.182.102,10.10.0.10,,,443,41888,0,1358,17
1587481430.4534776,10.10.0.10,173.194.182.102,,,41888,443,0,50,17
1587481430.456074,173.194.182.102,10.10.0.10,,,443,41888,0,1358,17
1587481430.460507,173.194.182.102,10.10.0.10,,,443,41888,0,1358,17
1587481430.4623132,10.10.0.10,173.194.182.102,,,41888,443,0,37,17
1587481430.465013,173.194.182.102,10.10.0.10,,,443,41888,0,1358,17
1587481430.4694679,173.194.182.102,10.10.0.10,,,443,41888,0,1358,17
1587481430.4714286,10.10.0.10,173.194.182.102,,,41888,443,0,37,17
1587481430.473925,173.194.182.102,10.10.0.10,,,443,41888,0,1358,17
1587481430.478327,173.194.182.102,10.10.0.10,,,443,41888,0,1358,17
1587481430.480294,10.10.0.10,173.194.182.102,,,41888,443,0,37,17
1587481430.48283,173.194.182.102,10.10.0.10,,,443,41888,0,1358,17
1587481430.4872859,173.194.182.102,10.10.0.10,,,443,41888,0,1358,17
1587481430.488909,10.10.0.10,173.194.182.102,,,41888,443,0,37,17
1587481430.4917412,173.194.182.102,10.10.0.10,,,443,41888,0,1358,17
1587481430.4961562,173.194.182.102,10.10.0.10,,,443,41888,0,1358,17
1587481430.4978845,10.10.0.10,173.194.182.102,,,41888,443,0,37,17
1587481430.500648,173.194.182.102,10.10.0.10,,,443,41888,0,1358,17
1587481430.5050669,173.194.182.102,10.10.0.10,,,443,41888,0,1358,17
1587481430.507422,10.10.0.10,173.194.182.102,,,41888,443,0,37,17
1587481430.5095556,173.194.182.102,10.10.0.10,,,443,41888,0,1358,17
1587481430.5139892,173.194.182.102,10.10.0.10,,,443,41888,0,1358,17
1587481430.515465,10.10.0.10,173.194.182.102,,,41888,443,0,37,17
1587481430.518467,173.194.182.102,10.10.0.10,,,443,41888,0,1358,17
1587481430.52292,173.194.182.102,10.10.0.10,,,443,41888,0,29,17
1587481430.5230439,173.194.182.102,10.10.0.10,,,443,41888,0,1358,17
1587481430.5252838,10.10.0.10,173.194.182.102,,,41888,443,0,37,17
1587481430.527577,173.194.182.102,10.10.0.10,,,443,41888,0,1358,17
1587481430.5319881,173.194.182.102,10.10.0.10,,,443,41888,0,1358,17
1587481430.5335276,10.10.0.10,173.194.182.102,,,41888,443,0,37,17
1587481430.5364852,173.194.182.102,10.10.0.10,,,443,41888,0,1358,17
1587481430.5409384,173.194.182.102,10.10.0.10,,,443,41888,0,1358,17
1587481430.5426118,10.10.0.10,173.194.182.102,,,41888,443,0,37,17
1587481430.5454054,173.194.182.102,10.10.0.10,,,443,41888,0,1358,17
1587481430.549848,173.194.182.102,10.10.0.10,,,443,41888,0,1358,17
1587481430.55247,10.10.0.10,173.194.182.102,,,41888,443,0,37,17
1587481430.554302,173.194.182.102,10.10.0.10,,,443,41888,0,1358,17
1587481430.558761,173.194.182.102,10.10.0.10,,,443,41888,0,1358,17
1587481430.5604026,10.10.0.10,173.194.182.102,,,41888,443,0,37,17
1587481430.5632124,173.194.182.102,10.10.0.10,,,443,41888,0,1358,17
1587481430.5676649,173.194.182.102,10.10.0.10,,,443,41888,0,1358,17
1587481430.5693688,10.10.0.10,173.194.182.102,,,41888,443,0,37,17
1587481430.572097,173.194.182.102,10.10.0.10,,,443,41888,0,1358,17
1587481430.5765386,173.194.182.102,10.10.0.10,,,443,41888,0,1358,17
1587481430.57815,10.10.0.10,173.194.182.102,,,41888,443,0,37,17
1587481430.580993,173.194.182.102,10.10.0.10,,,443,41888,0,1358,17
1587481430.585431,173.194.182.102,10.10.0.10,,,443,41888,0,1358,17
1587481430.5875332,10.10.0.10,173.194.182.102,,,41888,443,0,37,17
1587481430.5899382,173.194.182.102,10.10.0.10,,,443,41888,0,1358,17
1587481430.594391,173.194.182.102,10.10.0.10,,,443,41888,0,1358,17
1587481430.5958898,10.10.0.10,173.194.182.102,,,41888,443,0,37,17
1587481430.598773,173.194.182.102,10.10.0.10,,,443,41888,0,1358,17
1587481430.603301,173.194.182.102,10.10.0.10,,,443,41888,0,1358,17
1587481430.605132,10.10.0.10,173.194.182.102,,,41888,443,0,37,17
1587481430.607759,173.194.182.102,10.10.0.10,,,443,41888,0,1358,17
1587481430.6121411,173.194.182.102,10.10.0.10,,,443,41888,0,1358,17
1587481430.613806,10.10.0.10,173.194.182.102,,,41888,443,0,37,17
1587481430.6166296,173.194.182.102,10.10.0.10,,,443,41888,0,1358,17
1587481430.6211221,173.194.182.102,10.10.0.10,,,443,41888,0,1358,17
1587481430.622764,10.10.0.10,173.194.182.102,,,41888,443,0,37,17
1587481430.625504,173.194.182.102,10.10.0.10,,,443,41888,0,1358,17
1587481430.6300302,173.194.182.102,10.10.0.10,,,443,41888,0,1358,17
1587481430.6316578,10.10.0.10,173.194.182.102,,,41888,443,0,50,17
1587481430.634485,173.194.182.102,10.10.0.10,,,443,41888,0,1358,17
1587481430.6388679,173.194.182.102,10.10.0.10,,,443,41888,0,1358,17
1587481430.640399,10.10.0.10,173.194.182.102,,,41888,443,0,37,17
1587481430.643395,173.194.182.102,10.10.0.10,,,443,41888,0,1358,17
1587481430.6478481,173.194.182.102,10.10.0.10,,,443,41888,0,1358,17
1587481430.649409,10.10.0.10,173.194.182.102,,,41888,443,0,37,17
1587481430.652264,173.194.182.102,10.10.0.10,,,443,41888,0,1358,17
1587481430.656717,173.194.182.102,10.10.0.10,,,443,41888,0,1358,17
1587481430.658343,10.10.0.10,173.194.182.102,,,41888,443,0,37,17
1587481430.6612122,173.194.182.102,10.10.0.10,,,443,41888,0,1358,17
1587481430.6656241,173.194.182.102,10.10.0.10,,,443,41888,0,1358,17
1587481430.6675556,10.10.0.10,173.194.182.102,,,41888,443,0,37,17
1587481430.6701212,173.194.182.102,10.10.0.10,,,443,41888,0,32,17
1587481430.670251,173.194.182.102,10.10.0.10,,,443,41888,0,1358,17
1587481430.6747868,173.194.182.102,10.10.0.10,,,443,41888,0,1358,17
1587481430.676639,10.10.0.10,173.194.182.102,,,41888,443,0,37,17
1587481430.6792018,173.194.182.102,10.10.0.10,,,443,41888,0,1358,17
1587481430.6836948,173.194.182.102,10.10.0.10,,,443,41888,0,1358,17
1587481430.685542,10.10.0.10,173.194.182.102,,,41888,443,0,37,17
1587481430.6881492,173.194.182.102,10.10.0.10,,,443,41888,0,1358,17
1587481430.692567,173.194.182.102,10.10.0.10,,,443,41888,0,1358,17
1587481430.6942642,10.10.0.10,173.194.182.102,,,41888,443,0,37,17
1587481430.697058,173.194.182.102,10.10.0.10,,,443,41888,0,1358,17
1587481430.701514,173.194.182.102,10.10.0.10,,,443,41888,0,1358,17
1587481430.703974,10.10.0.10,173.194.182.102,,,41888,443,0,37,17
1587481430.7059288,173.194.182.102,10.10.0.10,,,443,41888,0,1358,17
1587481430.710379,173.194.182.102,10.10.0.10,,,443,41888,0,1358,17
1587481430.713447,10.10.0.10,173.194.182.102,,,41888,443,0,37,17
1587481430.714866,173.194.182.102,10.10.0.10,,,443,41888,0,1358,17
1587481430.719296,173.194.182.102,10.10.0.10,,,443,41888,0,1358,17
1587481430.7217562,10.10.0.10,173.194.182.102,,,41888,443,0,37,17
1587481430.723777,173.194.182.102,10.10.0.10,,,443,41888,0,1358,17
1587481430.7282288,173.194.182.102,10.10.0.10,,,443,41888,0,1358,17
1587481430.7305868,10.10.0.10,173.194.182.102,,,41888,443,0,37,17
1587481430.7326589,173.194.182.102,10.10.0.10,,,443,41888,0,1358,17
1587481430.737138,173.194.182.102,10.10.0.10,,,443,41888,0,1358,17
1587481430.739193,10.10.0.10,173.194.182.102,,,41888,443,0,37,17
1587481430.7415938,173.194.182.102,10.10.0.10,,,443,41888,0,1358,17
1587481430.7460241,173.194.182.102,10.10.0.10,,,443,41888,0,1358,17
1587481430.748214,10.10.0.10,173.194.182.102,,,41888,443,0,37,17
1587481430.7505012,173.194.182.102,10.10.0.10,,,443,41888,0,1358,17
1587481430.7549562,173.194.182.102,10.10.0.10,,,443,41888,0,1358,17
1587481430.756839,10.10.0.10,173.194.182.102,,,41888,443,0,37,17
1587481430.7593849,173.194.182.102,10.10.0.10,,,443,41888,0,1358,17
1587481430.763865,173.194.182.102,10.10.0.10,,,443,41888,0,1358,17
1587481430.7654462,10.10.0.10,173.194.182.102,,,41888,443,0,37,17
1587481430.7683196,173.194.182.102,10.10.0.10,,,443,41888,0,1358,17
1587481430.772712,173.194.182.102,10.10.0.10,,,443,41888,0,1358,17
1587481430.7744222,10.10.0.10,173.194.182.102,,,41888,443,0,37,17
1587481430.7772279,173.194.182.102,10.10.0.10,,,443,41888,0,1358,17
1587481430.781684,173.194.182.102,10.10.0.10,,,443,41888,0,1358,17
1587481430.783421,10.10.0.10,173.194.182.102,,,41888,443,0,37,17
1587481430.7861366,173.194.182.102,10.10.0.10,,,443,41888,0,1358,17
1587481430.790591,173.194.182.102,10.10.0.10,,,443,41888,0,1358,17
1587481430.7923398,10.10.0.10,173.194.182.102,,,41888,443,0,37,17
1587481430.7950456,173.194.182.102,10.10.0.10,,,443,41888,0,1358,17
1587481430.7995002,173.194.182.102,10.10.0.10,,,443,41888,0,1358,17
1587481430.8013182,10.10.0.10,173.194.182.102,,,41888,443,0,37,17
1587481430.8039546,173.194.182.102,10.10.0.10,,,443,41888,0,1358,17
1587481430.808379,173.194.182.102,10.10.0.10,,,443,41888,0,1358,17
1587481430.8101301,10.10.0.10,173.194.182.102,,,41888,443,0,50,17
1587481430.812864,173.194.182.102,10.10.0.10,,,443,41888,0,1358,17
1587481430.817318,173.194.182.102,10.10.0.10,,,443,41888,0,1358,17
1587481430.820214,10.10.0.10,173.194.182.102,,,41888,443,0,37,17
1587481430.821773,173.194.182.102,10.10.0.10,,,443,41888,0,1358,17
1587481430.826226,173.194.182.102,10.10.0.10,,,443,41888,0,1358,17
1587481430.827816,10.10.0.10,173.194.182.102,,,41888,443,0,37,17
1587481430.8306804,173.194.182.102,10.10.0.10,,,443,41888,0,1358,17
1587481430.835135,173.194.182.102,10.10.0.10,,,443,41888,0,1358,17
1587481430.837007,10.10.0.10,173.194.182.102,,,41888,443,0,37,17
1587481430.839589,173.194.182.102,10.10.0.10,,,443,41888,0,1358,17
1587481430.8440444,173.194.182.102,10.10.0.10,,,443,41888,0,1358,17
1587481430.845647,10.10.0.10,173.194.182.102,,,41888,443,0,37,17
1587481430.8484569,173.194.182.102,10.10.0.10,,,443,41888,0,1358,17
1587481430.852952,173.194.182.102,10.10.0.10,,,443,41888,0,1358,17
1587481430.855043,10.10.0.10,173.194.182.102,,,41888,443,0,37,17
1587481430.857408,173.194.182.102,10.10.0.10,,,443,41888,0,29,17
1587481430.857538,173.194.182.102,10.10.0.10,,,443,41888,0,1358,17
1587481430.862072,173.194.182.102,10.10.0.10,,,443,41888,0,1358,17
1587481430.863986,10.10.0.10,173.194.182.102,,,41888,443,0,37,17
1587481430.866518,173.194.182.102,10.10.0.10,,,443,41888,0,1358,17
1587481430.8709722,173.194.182.102,10.10.0.10,,,443,41888,0,1358,17
1587481430.873256,10.10.0.10,173.194.182.102,,,41888,443,0,37,17
1587481430.8754268,173.194.182.102,10.10.0.10,,,443,41888,0,1358,17
1587481430.8798811,173.194.182.102,10.10.0.10,,,443,41888,0,1358,17
1587481430.881714,10.10.0.10,173.194.182.102,,,41888,443,0,37,17
1587481430.884294,173.194.182.102,10.10.0.10,,,443,41888,0,1358,17
1587481430.8887599,173.194.182.102,10.10.0.10,,,443,41888,0,1358,17
1587481430.8906062,10.10.0.10,173.194.182.102,,,41888,443,0,37,17
1587481430.8932428,173.194.182.102,10.10.0.10,,,443,41888,0,1358,17
1587481430.8976982,173.194.182.102,10.10.0.10,,,443,41888,0,1358,17
1587481430.8993368,10.10.0.10,173.194.182.102,,,41888,443,0,37,17
1587481430.9020922,173.194.182.102,10.10.0.10,,,443,41888,0,1358,17
1587481430.9066062,173.194.182.102,10.10.0.10,,,443,41888,0,1358,17
1587481430.909672,10.10.0.10,173.194.182.102,,,41888,443,0,37,17
1587481430.911061,173.194.182.102,10.10.0.10,,,443,41888,0,1358,17
1587481430.915454,173.194.182.102,10.10.0.10,,,443,41888,0,1358,17
1587481430.918129,10.10.0.10,173.194.182.102,,,41888,443,0,37,17
1587481430.91997,173.194.182.102,10.10.0.10,,,443,41888,0,1358,17
1587481430.924423,173.194.182.102,10.10.0.10,,,443,41888,0,1358,17
1587481430.92644,10.10.0.10,173.194.182.102,,,41888,443,0,37,17
1587481430.928816,173.194.182.102,10.10.0.10,,,443,41888,0,1358,17
1587481430.9333339,173.194.182.102,10.10.0.10,,,443,41888,0,1358,17
1587481430.93515,10.10.0.10,173.194.182.102,,,41888,443,0,37,17
1587481430.9377882,173.194.182.102,10.10.0.10,,,443,41888,0,1358,17
1587481430.942181,173.194.182.102,10.10.0.10,,,443,41888,0,1358,17
1587481430.943983,10.10.0.10,173.194.182.102,,,41888,443,0,37,17
1587481430.946696,173.194.182.102,10.10.0.10,,,443,41888,0,1358,17
1587481430.9511502,173.194.182.102,10.10.0.10,,,443,41888,0,1358,17
1587481430.953441,10.10.0.10,173.194.182.102,,,41888,443,0,37,17
1587481430.955544,173.194.182.102,10.10.0.10,,,443,41888,0,1358,17
1587481430.9600608,173.194.182.102,10.10.0.10,,,443,41888,0,1358,17
1587481430.962373,10.10.0.10,173.194.182.102,,,41888,443,0,37,17
1587481430.964514,173.194.182.102,10.10.0.10,,,443,41888,0,1358,17
1587481430.9689279,173.194.182.102,10.10.0.10,,,443,41888,0,1358,17
1587481430.97259,10.10.0.10,173.194.182.102,,,41888,443,0,37,17
1587481430.97338,173.194.182.102,10.10.0.10,,,443,41888,0,1358,17
1587481430.9778776,173.194.182.102,10.10.0.10,,,443,41888,0,1358,17
1587481430.979397,10.10.0.10,173.194.182.102,,,41888,443,0,37,17
1587481430.98229,173.194.182.102,10.10.0.10,,,443,41888,0,1358,17
1587481430.986785,173.194.182.102,10.10.0.10,,,443,41888,0,1358,17
1587481430.988398,10.10.0.10,173.194.182.102,,,41888,443,0,50,17
1587481430.991241,173.194.182.102,10.10.0.10,,,443,41888,0,1358,17
1587481430.99563,173.194.182.102,10.10.0.10,,,443,41888,0,1358,17
1587481430.997292,10.10.0.10,173.194.182.102,,,41888,443,0,37,17
1587481431.0001519,173.194.182.102,10.10.0.10,,,443,41888,0,1358,17
1587481431.004603,173.194.182.102,10.10.0.10,,,443,41888,0,1358,17
1587481431.006185,10.10.0.10,173.194.182.102,,,41888,443,0,37,17
1587481431.0089972,173.194.182.102,10.10.0.10,,,443,41888,0,1358,17
1587481431.0135126,173.194.182.102,10.10.0.10,,,443,41888,0,1358,17
1587481431.015031,10.10.0.10,173.194.182.102,,,41888,443,0,37,17
1587481431.017978,173.194.182.102,10.10.0.10,,,443,41888,0,1358,17
1587481431.022381,173.194.182.102,10.10.0.10,,,443,41888,0,1358,17
1587481431.0268762,173.194.182.102,10.10.0.10,,,443,41888,0,29,17
1587481431.027007,173.194.182.102,10.10.0.10,,,443,41888,0,1358,17
1587481431.0315304,173.194.182.102,10.10.0.10,,,443,41888,0,1358,17
1587481431.035945,173.194.182.102,10.10.0.10,,,443,41888,0,1358,17
1587481431.04044,173.194.182.102,10.10.0.10,,,443,41888,0,1358,17
1587481431.044895,173.194.182.102,10.10.0.10,,,443,41888,0,1358,17
1587481431.0493548,173.194.182.102,10.10.0.10,,,443,41888,0,1358,17
1587481431.053809,173.194.182.102,10.10.0.10,,,443,41888,0,1358,17
1587481431.0582619,173.194.182.102,10.10.0.10,,,443,41888,0,1358,17
1587481431.106807,10.10.0.10,173.194.182.102,,,41888,443,0,37,17
1587481431.1108599,10.10.0.10,173.194.182.102,,,41888,443,0,37,17
1587481431.1115005,10.10.0.10,173.194.182.102,,,41888,443,0,37,17
1587481431.1144269,10.10.0.10,173.194.182.102,,,41888,443,0,37,17
1587481431.114635,10.10.0.10,173.194.182.102,,,41888,443,0,37,17
1587481431.11551,173.194.182.102,10.10.0.10,,,443,41888,0,1358,17
1587481431.1155732,173.194.182.102,10.10.0.10,,,443,41888,0,1358,17
1587481431.1174188,10.10.0.10,173.194.182.102,,,41888,443,0,37,17
1587481431.124678,173.194.182.102,10.10.0.10,,,443,41888,0,1358,17
1587481431.1247358,173.194.182.102,10.10.0.10,,,443,41888,0,1358,17
1587481431.1265216,10.10.0.10,173.194.182.102,,,41888,443,0,37,17
1587481431.1325538,173.194.182.102,10.10.0.10,,,443,41888,0,1358,17
1587481431.132946,173.194.182.102,10.10.0.10,,,443,41888,0,1358,17
1587481431.1397011,173.194.182.102,10.10.0.10,,,443,41888,0,1358,17
1587481431.1419,173.194.182.102,10.10.0.10,,,443,41888,0,1358,17
1587481431.146357,173.194.182.102,10.10.0.10,,,443,41888,0,1358,17
1587481431.150813,173.194.182.102,10.10.0.10,,,443,41888,0,1358,17
1587481431.1552699,173.194.182.102,10.10.0.10,,,443,41888,0,1358,17
1587481431.1596696,173.194.182.102,10.10.0.10,,,443,41888,0,1358,17
1587481431.1641214,173.194.182.102,10.10.0.10,,,443,41888,0,1358,17
1587481431.168578,173.194.182.102,10.10.0.10,,,443,41888,0,1358,17
1587481431.1730669,173.194.182.102,10.10.0.10,,,443,41888,0,1358,17
1587481431.1775231,173.194.182.102,10.10.0.10,,,443,41888,0,1358,17
1587481431.1819189,173.194.182.102,10.10.0.10,,,443,41888,0,1358,17
1587481431.186411,173.194.182.102,10.10.0.10,,,443,41888,0,1358,17
1587481431.2874944,173.194.182.102,10.10.0.10,,,443,41888,0,1358,17
1587481431.40232,173.194.182.102,10.10.0.10,,,443,41888,0,1358,17
1587481431.6288464,173.194.182.102,10.10.0.10,,,443,41888,0,1358,17
1587481431.6288614,173.194.182.102,10.10.0.10,,,443,41888,0,1358,17
1587481432.082118,173.194.182.102,10.10.0.10,,,443,41888,0,1358,17
1587481432.082136,173.194.182.102,10.10.0.10,,,443,41888,0,1358,17
1587481432.310448,10.10.0.10,173.194.182.102,,,41888,443,0,37,17
1587481432.3914702,10.10.0.10,173.194.182.102,,,41888,443,0,37,17
1587481432.404579,10.10.0.10,173.194.182.102,,,41888,443,0,40,17
1587481432.4059732,10.10.0.10,173.194.182.102,,,41888,443,0,40,17
1587481432.406626,10.10.0.10,173.194.182.102,,,41888,443,0,40,17
1587481432.406952,10.10.0.10,173.194.182.102,,,41888,443,0,40,17
1587481432.417431,173.194.182.102,10.10.0.10,,,443,41888,0,1358,17
1587481432.4174428,173.194.182.102,10.10.0.10,,,443,41888,0,1358,17
1587481432.4205182,10.10.0.10,173.194.182.102,,,41888,443,0,40,17
1587481432.4220762,10.10.0.10,173.194.182.102,,,41888,443,0,40,17
1587481432.4232922,10.10.0.10,173.194.182.102,,,41888,443,0,40,17
1587481432.424698,10.10.0.10,173.194.182.102,,,41888,443,0,53,17
1587481432.4261448,10.10.0.10,173.194.182.102,,,41888,443,0,40,17
1587481432.427131,10.10.0.10,173.194.182.102,,,41888,443,0,40,17
1587481432.428256,10.10.0.10,173.194.182.102,,,41888,443,0,40,17
1587481432.430994,173.194.182.102,10.10.0.10,,,443,41888,0,1090,17
1587481432.4383411,173.194.182.102,10.10.0.10,,,443,41888,0,29,17
1587481432.482544,10.10.0.10,173.194.182.102,,,41888,443,0,37,17
1587481432.48435,10.10.0.10,173.194.182.102,,,41888,443,0,707,17
1587481432.484893,10.10.0.10,173.194.182.102,,,41888,443,0,710,17
1587481432.485241,10.10.0.10,173.194.182.102,,,41888,443,0,48,17
1587481432.485456,10.10.0.10,173.194.182.102,,,41888,443,0,48,17
1587481432.4960802,173.194.182.102,10.10.0.10,,,443,41888,0,29,17
1587481432.496113,173.194.182.102,10.10.0.10,,,443,41888,0,1358,17
1587481432.496216,173.194.182.102,10.10.0.10,,,443,41888,0,1358,17
1587481432.4987972,10.10.0.10,173.194.182.102,,,41888,443,0,37,17
1587481432.5001464,173.194.182.102,10.10.0.10,,,443,41888,0,1358,17
1587481432.5045679,173.194.182.102,10.10.0.10,,,443,41888,0,1358,17
1587481432.5062401,10.10.0.10,173.194.182.102,,,41888,443,0,37,17
1587481432.509022,173.194.182.102,10.10.0.10,,,443,41888,0,1358,17
1587481432.5135078,173.194.182.102,10.10.0.10,,,443,41888,0,1358,17
1587481432.51524,10.10.0.10,173.194.182.102,,,41888,443,0,37,17
1587481432.5179422,173.194.182.102,10.10.0.10,,,443,41888,0,1358,17
1587481432.522384,173.194.182.102,10.10.0.10,,,443,41888,0,1358,17
1587481432.524674,10.10.0.10,173.194.182.102,,,41888,443,0,37,17
1587481432.5268722,173.194.182.102,10.10.0.10,,,443,41888,0,1358,17
1587481432.5312605,173.194.182.102,10.10.0.10,,,443,41888,0,1358,17
1587481432.5328221,10.10.0.10,173.194.182.102,,,41888,443,0,37,17
1587481432.5357478,173.194.182.102,10.10.0.10,,,443,41888,0,1358,17
1587481432.5402372,173.194.182.102,10.10.0.10,,,443,41888,0,1358,17
1587481432.5429919,10.10.0.10,173.194.182.102,,,41888,443,0,37,17
1587481432.5446908,173.194.182.102,10.10.0.10,,,443,41888,0,1358,17
1587481432.5491116,173.194.182.102,10.10.0.10,,,443,41888,0,1358,17
1587481432.5508444,10.10.0.10,173.194.182.102,,,41888,443,0,37,17
1587481432.5535972,173.194.182.102,10.10.0.10,,,443,41888,0,1358,17
1587481432.558053,173.194.182.102,10.10.0.10,,,443,41888,0,1358,17
1587481432.559823,10.10.0.10,173.194.182.102,,,41888,443,0,37,17
1587481432.562475,173.194.182.102,10.10.0.10,,,443,41888,0,1358,17
1587481432.5669632,173.194.182.102,10.10.0.10,,,443,41888,0,1358,17
1587481432.569074,10.10.0.10,173.194.182.102,,,41888,443,0,37,17
1587481432.5714169,173.194.182.102,10.10.0.10,,,443,41888,0,1358,17
1587481432.575838,173.194.182.102,10.10.0.10,,,443,41888,0,1358,17
1587481432.5775044,10.10.0.10,173.194.182.102,,,41888,443,0,37,17
1587481432.5803251,173.194.182.102,10.10.0.10,,,443,41888,0,1358,17
1587481432.582083,10.10.0.10,173.194.182.102,,,41888,443,0,40,17
1587481432.5847778,173.194.182.102,10.10.0.10,,,443,41888,0,1358,17
1587481432.5865939,10.10.0.10,173.194.182.102,,,41888,443,0,37,17
1587481432.5892,173.194.182.102,10.10.0.10,,,443,41888,0,1358,17
1587481432.5936902,173.194.182.102,10.10.0.10,,,443,41888,0,1358,17
1587481432.596534,10.10.0.10,173.194.182.102,,,41888,443,0,37,17
1587481432.5981429,173.194.182.102,10.10.0.10,,,443,41888,0,1358,17
1587481432.6025634,173.194.182.102,10.10.0.10,,,443,41888,0,1358,17
1587481432.6042411,10.10.0.10,173.194.182.102,,,41888,443,0,37,17
1587481432.607053,173.194.182.102,10.10.0.10,,,443,41888,0,1358,17
1587481432.611508,173.194.182.102,10.10.0.10,,,443,41888,0,1358,17
1587481432.613326,10.10.0.10,173.194.182.102,,,41888,443,0,37,17
1587481432.6164534,173.194.182.102,10.10.0.10,,,443,41888,0,1358,17
1587481432.6209528,173.194.182.102,10.10.0.10,,,443,41888,0,1358,17
1587481432.622805,10.10.0.10,173.194.182.102,,,41888,443,0,37,17
1587481432.625415,173.194.182.102,10.10.0.10,,,443,41888,0,1358,17
1587481432.629874,173.194.182.102,10.10.0.10,,,443,41888,0,1358,17
1587481432.6322892,10.10.0.10,173.194.182.102,,,41888,443,0,37,17
1587481432.6343179,173.194.182.102,10.10.0.10,,,443,41888,0,1358,17
1587481432.638721,173.194.182.102,10.10.0.10,,,443,41888,0,1358,17
1587481432.640497,10.10.0.10,173.194.182.102,,,41888,443,0,37,17
1587481432.6432312,173.194.182.102,10.10.0.10,,,443,41888,0,1358,17
1587481432.647685,173.194.182.102,10.10.0.10,,,443,41888,0,1358,17
1587481432.64924,10.10.0.10,173.194.182.102,,,41888,443,0,37,17
1587481432.6520786,173.194.182.102,10.10.0.10,,,443,41888,0,1358,17
1587481432.65659,173.194.182.102,10.10.0.10,,,443,41888,0,1358,17
1587481432.6588268,10.10.0.10,173.194.182.102,,,41888,443,0,50,17
1587481432.6610508,173.194.182.102,10.10.0.10,,,443,41888,0,1358,17
1587481432.665442,173.194.182.102,10.10.0.10,,,443,41888,0,1358,17
1587481432.6671398,10.10.0.10,173.194.182.102,,,41888,443,0,37,17
1587481432.66996,173.194.182.102,10.10.0.10,,,443,41888,0,1358,17
1587481432.6743731,173.194.182.102,10.10.0.10,,,443,41888,0,1358,17
1587481432.67671,10.10.0.10,173.194.182.102,,,41888,443,0,37,17
1587481432.6788,173.194.182.102,10.10.0.10,,,443,41888,0,1358,17
1587481432.6833231,173.194.182.102,10.10.0.10,,,443,41888,0,1358,17
1587481432.6851714,10.10.0.10,173.194.182.102,,,41888,443,0,37,17
1587481432.687777,173.194.182.102,10.10.0.10,,,443,41888,0,1358,17
1587481432.6921608,173.194.182.102,10.10.0.10,,,443,41888,0,1358,17
1587481432.6939092,10.10.0.10,173.194.182.102,,,41888,443,0,37,17
1587481432.696646,173.194.182.102,10.10.0.10,,,443,41888,0,1358,17
1587481432.701116,173.194.182.102,10.10.0.10,,,443,41888,0,1358,17
1587481432.702892,10.10.0.10,173.194.182.102,,,41888,443,0,37,17
1587481432.7055225,173.194.182.102,10.10.0.10,,,443,41888,0,1358,17
1587481432.709987,173.194.182.102,10.10.0.10,,,443,41888,0,1358,17
1587481432.711574,10.10.0.10,173.194.182.102,,,41888,443,0,37,17
1587481432.714472,173.194.182.102,10.10.0.10,,,443,41888,0,29,17
1587481432.714625,173.194.182.102,10.10.0.10,,,443,41888,0,1358,17
1587481432.7190845,173.194.182.102,10.10.0.10,,,443,41888,0,1358,17
1587481432.7221448,10.10.0.10,173.194.182.102,,,41888,443,0,37,17
1587481432.723615,173.194.182.102,10.10.0.10,,,443,41888,0,1358,17
1587481432.7280688,173.194.182.102,10.10.0.10,,,443,41888,0,1358,17
1587481432.732485,173.194.182.102,10.10.0.10,,,443,41888,0,1358,17
1587481432.7369778,173.194.182.102,10.10.0.10,,,443,41888,0,1358,17
1587481432.741432,173.194.182.102,10.10.0.10,,,443,41888,0,1358,17
1587481432.7458909,173.194.182.102,10.10.0.10,,,443,41888,0,1358,17
1587481432.7503412,173.194.182.102,10.10.0.10,,,443,41888,0,1358,17
1587481432.7547948,173.194.182.102,10.10.0.10,,,443,41888,0,1358,17
1587481432.756607,10.10.0.10,173.194.182.102,,,41888,443,0,37,17
1587481432.759209,173.194.182.102,10.10.0.10,,,443,41888,0,1358,17
1587481432.762466,10.10.0.10,173.194.182.102,,,41888,443,0,37,17
1587481432.7635078,10.10.0.10,173.194.182.102,,,41888,443,0,37,17
1587481432.763664,173.194.182.102,10.10.0.10,,,443,41888,0,1358,17
1587481432.765789,10.10.0.10,173.194.182.102,,,41888,443,0,37,17
1587481432.766252,10.10.0.10,173.194.182.102,,,41888,443,0,37,17
1587481432.7681582,173.194.182.102,10.10.0.10,,,443,41888,0,1358,17
1587481432.7725732,173.194.182.102,10.10.0.10,,,443,41888,0,1358,17
1587481432.776762,10.10.0.10,173.194.182.102,,,41888,443,0,37,17
1587481432.776995,173.194.182.102,10.10.0.10,,,443,41888,0,1358,17
1587481432.781523,173.194.182.102,10.10.0.10,,,443,41888,0,1358,17
1587481432.783399,10.10.0.10,173.194.182.102,,,41888,443,0,37,17
1587481432.785938,173.194.182.102,10.10.0.10,,,443,41888,0,1358,17
1587481432.790431,173.194.182.102,10.10.0.10,,,443,41888,0,1358,17
1587481432.7925901,10.10.0.10,173.194.182.102,,,41888,443,0,37,17
1587481432.7948852,173.194.182.102,10.10.0.10,,,443,41888,0,1358,17
1587481432.799316,173.194.182.102,10.10.0.10,,,443,41888,0,1358,17
1587481432.80096,10.10.0.10,173.194.182.102,,,41888,443,0,37,17
1587481432.803794,173.194.182.102,10.10.0.10,,,443,41888,0,1358,17
1587481432.808249,173.194.182.102,10.10.0.10,,,443,41888,0,1358,17
1587481432.81115,10.10.0.10,173.194.182.102,,,41888,443,0,37,17
1587481432.8126788,173.194.182.102,10.10.0.10,,,443,41888,0,1358,17
1587481432.8171554,173.194.182.102,10.10.0.10,,,443,41888,0,1358,17
1587481432.8191411,10.10.0.10,173.194.182.102,,,41888,443,0,37,17
1587481432.821612,173.194.182.102,10.10.0.10,,,443,41888,0,1358,17
1587481432.826042,173.194.182.102,10.10.0.10,,,443,41888,0,1358,17
1587481432.827879,10.10.0.10,173.194.182.102,,,41888,443,0,37,17
1587481432.83052,173.194.182.102,10.10.0.10,,,443,41888,0,1358,17
1587481432.8349378,173.194.182.102,10.10.0.10,,,443,41888,0,1358,17
1587481432.8369591,10.10.0.10,173.194.182.102,,,41888,443,0,50,17
1587481432.83939,173.194.182.102,10.10.0.10,,,443,41888,0,1358,17
1587481432.8438828,173.194.182.102,10.10.0.10,,,443,41888,0,1358,17
1587481432.8455398,10.10.0.10,173.194.182.102,,,41888,443,0,37,17
1587481432.8483381,173.194.182.102,10.10.0.10,,,443,41888,0,1358,17
1587481432.852761,173.194.182.102,10.10.0.10,,,443,41888,0,1358,17
1587481432.854335,10.10.0.10,173.194.182.102,,,41888,443,0,37,17
1587481432.857247,173.194.182.102,10.10.0.10,,,443,41888,0,1358,17
1587481432.861701,173.194.182.102,10.10.0.10,,,443,41888,0,1358,17
1587481432.863539,10.10.0.10,173.194.182.102,,,41888,443,0,37,17
1587481432.8661318,173.194.182.102,10.10.0.10,,,443,41888,0,1358,17
1587481432.870987,173.194.182.102,10.10.0.10,,,443,41888,0,1358,17
1587481432.8726294,10.10.0.10,173.194.182.102,,,41888,443,0,37,17
1587481432.875437,173.194.182.102,10.10.0.10,,,443,41888,0,1358,17
1587481432.8799422,173.194.182.102,10.10.0.10,,,443,41888,0,1358,17
1587481432.8815598,10.10.0.10,173.194.182.102,,,41888,443,0,37,17
1587481432.884395,173.194.182.102,10.10.0.10,,,443,41888,0,1358,17
1587481432.8887901,173.194.182.102,10.10.0.10,,,443,41888,0,1358,17
1587481432.8903742,10.10.0.10,173.194.182.102,,,41888,443,0,37,17
1587481432.8932445,173.194.182.102,10.10.0.10,,,443,41888,0,1358,17
1587481432.89776,173.194.182.102,10.10.0.10,,,443,41888,0,1358,17
1587481432.899583,10.10.0.10,173.194.182.102,,,41888,443,0,37,17
1587481432.9021401,173.194.182.102,10.10.0.10,,,443,41888,0,1358,17
1587481432.9066696,173.194.182.102,10.10.0.10,,,443,41888,0,1358,17
1587481432.909648,10.10.0.10,173.194.182.102,,,41888,443,0,37,17
1587481432.9111214,173.194.182.102,10.10.0.10,,,443,41888,0,1358,17
1587481432.915504,173.194.182.102,10.10.0.10,,,443,41888,0,1358,17
1587481432.9173698,10.10.0.10,173.194.182.102,,,41888,443,0,37,17
1587481432.920031,173.194.182.102,10.10.0.10,,,443,41888,0,1358,17
1587481432.9244401,173.194.182.102,10.10.0.10,,,443,41888,0,1358,17
1587481432.9275134,10.10.0.10,173.194.182.102,,,41888,443,0,37,17
1587481432.9288812,173.194.182.102,10.10.0.10,,,443,41888,0,1358,17
1587481432.933383,173.194.182.102,10.10.0.10,,,443,41888,0,1358,17
1587481432.935027,10.10.0.10,173.194.182.102,,,41888,443,0,37,17
1587481432.937839,173.194.182.102,10.10.0.10,,,443,41888,0,1358,17
1587481432.942231,173.194.182.102,10.10.0.10,,,443,41888,0,1358,17
1587481432.9447439,10.10.0.10,173.194.182.102,,,41888,443,0,37,17
1587481432.9467485,173.194.182.102,10.10.0.10,,,443,41888,0,1358,17
1587481432.951202,173.194.182.102,10.10.0.10,,,443,41888,0,1358,17
1587481432.9528902,10.10.0.10,173.194.182.102,,,41888,443,0,37,17
1587481432.955615,173.194.182.102,10.10.0.10,,,443,41888,0,1358,17
1587481432.9601116,173.194.182.102,10.10.0.10,,,443,41888,0,1358,17
1587481432.9620821,10.10.0.10,173.194.182.102,,,41888,443,0,37,17
1587481432.9645262,173.194.182.102,10.10.0.10,,,443,41888,0,1358,17
1587481432.968978,173.194.182.102,10.10.0.10,,,443,41888,0,1358,17
1587481432.9706578,10.10.0.10,173.194.182.102,,,41888,443,0,37,17
1587481432.973475,173.194.182.102,10.10.0.10,,,443,41888,0,1358,17
1587481432.9779296,173.194.182.102,10.10.0.10,,,443,41888,0,1358,17
1587481432.979743,10.10.0.10,173.194.182.102,,,41888,443,0,37,17
1587481432.982341,173.194.182.102,10.10.0.10,,,443,41888,0,1358,17
1587481432.986836,173.194.182.102,10.10.0.10,,,443,41888,0,1358,17
1587481432.9885714,10.10.0.10,173.194.182.102,,,41888,443,0,37,17
1587481432.9912908,173.194.182.102,10.10.0.10,,,443,41888,0,1358,17
1587481432.995702,173.194.182.102,10.10.0.10,,,443,41888,0,1358,17
1587481432.9975972,10.10.0.10,173.194.182.102,,,41888,443,0,37,17
1587481433.0002,173.194.182.102,10.10.0.10,,,443,41888,0,1358,17
1587481433.0046554,173.194.182.102,10.10.0.10,,,443,41888,0,1358,17
1587481433.00649,10.10.0.10,173.194.182.102,,,41888,443,0,37,17
1587481433.0090652,173.194.182.102,10.10.0.10,,,443,41888,0,1358,17
1587481433.0135634,173.194.182.102,10.10.0.10,,,443,41888,0,1358,17
1587481433.0151148,10.10.0.10,173.194.182.102,,,41888,443,0,50,17
1587481433.017978,173.194.182.102,10.10.0.10,,,443,41888,0,1358,17
1587481433.0224311,173.194.182.102,10.10.0.10,,,443,41888,0,1358,17
1587481433.026597,10.10.0.10,173.194.182.102,,,41888,443,0,37,17
1587481433.026867,173.194.182.102,10.10.0.10,,,443,41888,0,1358,17
1587481433.0313814,173.194.182.102,10.10.0.10,,,443,41888,0,1358,17
1587481433.033242,10.10.0.10,173.194.182.102,,,41888,443,0,37,17
1587481433.0357964,173.194.182.102,10.10.0.10,,,443,41888,0,1358,17
1587481433.0402892,173.194.182.102,10.10.0.10,,,443,41888,0,1358,17
1587481433.04336,10.10.0.10,173.194.182.102,,,41888,443,0,37,17
1587481433.044744,173.194.182.102,10.10.0.10,,,443,41888,0,1358,17
1587481433.049158,173.194.182.102,10.10.0.10,,,443,41888,0,1358,17
1587481433.0509448,10.10.0.10,173.194.182.102,,,41888,443,0,37,17
1587481433.053634,173.194.182.102,10.10.0.10,,,443,41888,0,1358,17
1587481433.0581071,173.194.182.102,10.10.0.10,,,443,41888,0,1358,17
1587481433.0603466,10.10.0.10,173.194.182.102,,,41888,443,0,37,17
1587481433.062518,173.194.182.102,10.10.0.10,,,443,41888,0,1358,17
1587481433.0670161,173.194.182.102,10.10.0.10,,,443,41888,0,1358,17
1587481433.0686178,10.10.0.10,173.194.182.102,,,41888,443,0,37,17
1587481433.071471,173.194.182.102,10.10.0.10,,,443,41888,0,1358,17
1587481433.075885,173.194.182.102,10.10.0.10,,,443,41888,0,1358,17
1587481433.0775352,10.10.0.10,173.194.182.102,,,41888,443,0,37,17
1587481433.0803812,173.194.182.102,10.10.0.10,,,443,41888,0,1358,17
1587481433.084834,173.194.182.102,10.10.0.10,,,443,41888,0,1358,17
1587481433.0865548,10.10.0.10,173.194.182.102,,,41888,443,0,37,17
1587481433.089248,173.194.182.102,10.10.0.10,,,443,41888,0,1358,17
1587481433.093743,173.194.182.102,10.10.0.10,,,443,41888,0,1358,17
1587481433.095313,10.10.0.10,173.194.182.102,,,41888,443,0,37,17
1587481433.0981972,173.194.182.102,10.10.0.10,,,443,41888,0,1358,17
1587481433.102608,173.194.182.102,10.10.0.10,,,443,41888,0,1358,17
1587481433.104368,10.10.0.10,173.194.182.102,,,41888,443,0,37,17
1587481433.107105,173.194.182.102,10.10.0.10,,,443,41888,0,1358,17
1587481433.1115599,173.194.182.102,10.10.0.10,,,443,41888,0,1358,17
1587481433.1132634,10.10.0.10,173.194.182.102,,,41888,443,0,37,17
1587481433.115993,173.194.182.102,10.10.0.10,,,443,41888,0,1358,17
1587481433.1204689,173.194.182.102,10.10.0.10,,,443,41888,0,1358,17
1587481433.124897,173.194.182.102,10.10.0.10,,,443,41888,0,1358,17
1587481433.129354,173.194.182.102,10.10.0.10,,,443,41888,0,1358,17
1587481433.133833,173.194.182.102,10.10.0.10,,,443,41888,0,1358,17
1587481433.1382868,173.194.182.102,10.10.0.10,,,443,41888,0,1358,17
1587481433.1427422,173.194.182.102,10.10.0.10,,,443,41888,0,1358,17
1587481433.1471992,173.194.182.102,10.10.0.10,,,443,41888,0,1358,17
1587481433.151654,173.194.182.102,10.10.0.10,,,443,41888,0,1358,17
1587481433.156112,173.194.182.102,10.10.0.10,,,443,41888,0,1358,17
1587481433.160563,173.194.182.102,10.10.0.10,,,443,41888,0,1358,17
1587481433.165015,173.194.182.102,10.10.0.10,,,443,41888,0,1358,17
1587481433.169466,173.194.182.102,10.10.0.10,,,443,41888,0,1358,17
1587481433.197922,10.10.0.10,173.194.182.102,,,41888,443,0,37,17
1587481433.198401,10.10.0.10,173.194.182.102,,,41888,443,0,37,17
1587481433.2004561,10.10.0.10,173.194.182.102,,,41888,443,0,37,17
1587481433.201039,10.10.0.10,173.194.182.102,,,41888,443,0,37,17
1587481433.202159,10.10.0.10,173.194.182.102,,,41888,443,0,37,17
1587481433.202859,10.10.0.10,173.194.182.102,,,41888,443,0,37,17
1587481433.208614,173.194.182.102,10.10.0.10,,,443,41888,0,1358,17
1587481433.2086372,173.194.182.102,10.10.0.10,,,443,41888,0,1358,17
1587481433.2102118,10.10.0.10,173.194.182.102,,,41888,443,0,37,17
1587481433.217514,173.194.182.102,10.10.0.10,,,443,41888,0,1358,17
1587481433.217545,173.194.182.102,10.10.0.10,,,443,41888,0,1358,17
1587481433.219423,10.10.0.10,173.194.182.102,,,41888,443,0,37,17
1587481433.225744,173.194.182.102,10.10.0.10,,,443,41888,0,1358,17
1587481433.22577,173.194.182.102,10.10.0.10,,,443,41888,0,1358,17
1587481433.227659,10.10.0.10,173.194.182.102,,,41888,443,0,50,17
1587481433.23419,173.194.182.102,10.10.0.10,,,443,41888,0,1358,17
1587481433.234676,173.194.182.102,10.10.0.10,,,443,41888,0,1358,17
1587481433.235759,10.10.0.10,173.194.182.102,,,41888,443,0,37,17
1587481433.2392678,173.194.182.102,10.10.0.10,,,443,41888,0,29,17
1587481433.2410429,173.194.182.102,10.10.0.10,,,443,41888,0,1358,17
1587481433.243336,10.10.0.10,173.194.182.102,,,41888,443,0,37,17
1587481433.2438204,173.194.182.102,10.10.0.10,,,443,41888,0,1358,17
1587481433.252902,173.194.182.102,10.10.0.10,,,443,41888,0,1358,17
1587481433.2529228,173.194.182.102,10.10.0.10,,,443,41888,0,1358,17
1587481433.2584019,10.10.0.10,173.194.182.102,,,41888,443,0,37,17
1587481433.2612278,173.194.182.102,10.10.0.10,,,443,41888,0,1358,17
1587481433.261607,173.194.182.102,10.10.0.10,,,443,41888,0,1358,17
1587481433.2637572,10.10.0.10,173.194.182.102,,,41888,443,0,37,17
1587481433.268181,173.194.182.102,10.10.0.10,,,443,41888,0,1358,17
1587481433.269773,10.10.0.10,173.194.182.102,,,41888,443,0,37,17
1587481433.270518,173.194.182.102,10.10.0.10,,,443,41888,0,1358,17
1587481433.2766118,173.194.182.102,10.10.0.10,,,443,41888,0,1358,17
1587481433.2784605,10.10.0.10,173.194.182.102,,,41888,443,0,37,17
1587481433.2794821,173.194.182.102,10.10.0.10,,,443,41888,0,1358,17
1587481433.285111,173.194.182.102,10.10.0.10,,,443,41888,0,1358,17
1587481433.288391,173.194.182.102,10.10.0.10,,,443,41888,0,1358,17
1587481433.289232,10.10.0.10,173.194.182.102,,,41888,443,0,37,17
1587481433.2928178,173.194.182.102,10.10.0.10,,,443,41888,0,1358,17
1587481433.294352,10.10.0.10,173.194.182.102,,,41888,443,0,37,17
1587481433.297301,173.194.182.102,10.10.0.10,,,443,41888,0,1358,17
1587481433.3017552,173.194.182.102,10.10.0.10,,,443,41888,0,1358,17
1587481433.306211,173.194.182.102,10.10.0.10,,,443,41888,0,1358,17
1587481433.310614,173.194.182.102,10.10.0.10,,,443,41888,0,1358,17
1587481433.310623,10.10.0.10,173.194.182.102,,,41888,443,0,37,17
1587481433.312364,10.10.0.10,173.194.182.102,,,41888,443,0,37,17
1587481433.315063,173.194.182.102,10.10.0.10,,,443,41888,0,1358,17
1587481433.319519,173.194.182.102,10.10.0.10,,,443,41888,0,1358,17
1587481433.3240268,173.194.182.102,10.10.0.10,,,443,41888,0,1358,17
1587481433.3242278,10.10.0.10,173.194.182.102,,,41888,443,0,37,17
1587481433.3284838,173.194.182.102,10.10.0.10,,,443,41888,0,1358,17
1587481433.3310692,10.10.0.10,173.194.182.102,,,41888,443,0,37,17
1587481433.332937,173.194.182.102,10.10.0.10,,,443,41888,0,1358,17
1587481433.3373911,173.194.182.102,10.10.0.10,,,443,41888,0,1358,17
1587481433.3391948,10.10.0.10,173.194.182.102,,,41888,443,0,37,17
1587481433.341851,173.194.182.102,10.10.0.10,,,443,41888,0,1358,17
1587481433.3463054,173.194.182.102,10.10.0.10,,,443,41888,0,1358,17
1587481433.347883,10.10.0.10,173.194.182.102,,,41888,443,0,37,17
1587481433.350736,173.194.182.102,10.10.0.10,,,443,41888,0,1358,17
1587481433.3551538,173.194.182.102,10.10.0.10,,,443,41888,0,1358,17
1587481433.356674,10.10.0.10,173.194.182.102,,,41888,443,0,37,17
1587481433.3596704,173.194.182.102,10.10.0.10,,,443,41888,0,1358,17
1587481433.3641038,173.194.182.102,10.10.0.10,,,443,41888,0,1358,17
1587481433.365737,10.10.0.10,173.194.182.102,,,41888,443,0,37,17
1587481433.368549,173.194.182.102,10.10.0.10,,,443,41888,0,1358,17
1587481433.3729892,173.194.182.102,10.10.0.10,,,443,41888,0,1358,17
1587481433.375385,10.10.0.10,173.194.182.102,,,41888,443,0,37,17
1587481433.377487,173.194.182.102,10.10.0.10,,,443,41888,0,1358,17
1587481433.381941,173.194.182.102,10.10.0.10,,,443,41888,0,1358,17
1587481433.383487,10.10.0.10,173.194.182.102,,,41888,443,0,37,17
1587481433.386395,173.194.182.102,10.10.0.10,,,443,41888,0,1358,17
1587481433.3908498,173.194.182.102,10.10.0.10,,,443,41888,0,1358,17
1587481433.392979,10.10.0.10,173.194.182.102,,,41888,443,0,37,17
1587481433.3953106,173.194.182.102,10.10.0.10,,,443,41888,0,1358,17
1587481433.3997636,173.194.182.102,10.10.0.10,,,443,41888,0,1358,17
1587481433.401433,10.10.0.10,173.194.182.102,,,41888,443,0,50,17
1587481433.4041538,173.194.182.102,10.10.0.10,,,443,41888,0,1358,17
1587481433.4086852,173.194.182.102,10.10.0.10,,,443,41888,0,1358,17
1587481433.4100668,10.10.0.10,173.194.182.102,,,41888,443,0,37,17
1587481433.413127,173.194.182.102,10.10.0.10,,,443,41888,0,1358,17
1587481433.417582,173.194.182.102,10.10.0.10,,,443,41888,0,1358,17
1587481433.4190679,10.10.0.10,173.194.182.102,,,41888,443,0,37,17
1587481433.4220445,173.194.182.102,10.10.0.10,,,443,41888,0,1358,17
1587481433.4264908,173.194.182.102,10.10.0.10,,,443,41888,0,1358,17
1587481433.428169,10.10.0.10,173.194.182.102,,,41888,443,0,37,17
1587481433.430945,173.194.182.102,10.10.0.10,,,443,41888,0,1358,17
1587481433.435392,173.194.182.102,10.10.0.10,,,443,41888,0,1358,17
1587481433.4369102,10.10.0.10,173.194.182.102,,,41888,443,0,37,17
1587481433.439854,173.194.182.102,10.10.0.10,,,443,41888,0,1358,17
1587481433.4443078,173.194.182.102,10.10.0.10,,,443,41888,0,1358,17
1587481433.445879,10.10.0.10,173.194.182.102,,,41888,443,0,37,17
1587481433.448733,173.194.182.102,10.10.0.10,,,443,41888,0,1358,17
1587481433.453219,173.194.182.102,10.10.0.10,,,443,41888,0,1358,17
1587481433.4548562,10.10.0.10,173.194.182.102,,,41888,443,0,37,17
1587481433.457672,173.194.182.102,10.10.0.10,,,443,41888,0,1358,17
1587481433.46209,173.194.182.102,10.10.0.10,,,443,41888,0,1358,17
1587481433.463662,10.10.0.10,173.194.182.102,,,41888,443,0,37,17
1587481433.466581,173.194.182.102,10.10.0.10,,,443,41888,0,1358,17
1587481433.4710348,173.194.182.102,10.10.0.10,,,443,41888,0,1358,17
1587481433.473983,10.10.0.10,173.194.182.102,,,41888,443,0,37,17
1587481433.4754288,173.194.182.102,10.10.0.10,,,443,41888,0,1358,17
1587481433.479943,173.194.182.102,10.10.0.10,,,443,41888,0,1358,17
1587481433.481605,10.10.0.10,173.194.182.102,,,41888,443,0,37,17
1587481433.484333,173.194.182.102,10.10.0.10,,,443,41888,0,1358,17
1587481433.4887881,173.194.182.102,10.10.0.10,,,443,41888,0,1358,17
1587481433.490734,10.10.0.10,173.194.182.102,,,41888,443,0,37,17
1587481433.4933069,173.194.182.102,10.10.0.10,,,443,41888,0,1358,17
1587481433.497761,173.194.182.102,10.10.0.10,,,443,41888,0,1358,17
1587481433.501151,10.10.0.10,173.194.182.102,,,41888,443,0,37,17
1587481433.502147,173.194.182.102,10.10.0.10,,,443,41888,0,1358,17
1587481433.5066278,173.194.182.102,10.10.0.10,,,443,41888,0,1358,17
1587481433.5083132,10.10.0.10,173.194.182.102,,,41888,443,0,37,17
1587481433.5111241,173.194.182.102,10.10.0.10,,,443,41888,0,1358,17
1587481433.5155149,173.194.182.102,10.10.0.10,,,443,41888,0,1358,17
1587481433.5172482,10.10.0.10,173.194.182.102,,,41888,443,0,37,17
1587481433.5200331,173.194.182.102,10.10.0.10,,,443,41888,0,1358,17
1587481433.524487,173.194.182.102,10.10.0.10,,,443,41888,0,1358,17
1587481433.5260649,10.10.0.10,173.194.182.102,,,41888,443,0,37,17
1587481433.528877,173.194.182.102,10.10.0.10,,,443,41888,0,1358,17
1587481433.5333958,173.194.182.102,10.10.0.10,,,443,41888,0,1358,17
1587481433.535105,10.10.0.10,173.194.182.102,,,41888,443,0,37,17
1587481433.53785,173.194.182.102,10.10.0.10,,,443,41888,0,1358,17
1587481433.542273,173.194.182.102,10.10.0.10,,,443,41888,0,1358,17
1587481433.545424,10.10.0.10,173.194.182.102,,,41888,443,0,37,17
1587481433.5467591,173.194.182.102,10.10.0.10,,,443,41888,0,1358,17
1587481433.551214,173.194.182.102,10.10.0.10,,,443,41888,0,1358,17
1587481433.552984,10.10.0.10,173.194.182.102,,,41888,443,0,37,17
1587481433.5556376,173.194.182.102,10.10.0.10,,,443,41888,0,1358,17
1587481433.560123,173.194.182.102,10.10.0.10,,,443,41888,0,1358,17
1587481433.5619812,10.10.0.10,173.194.182.102,,,41888,443,0,37,17
1587481433.5645769,173.194.182.102,10.10.0.10,,,443,41888,0,1358,17
1587481433.569002,173.194.182.102,10.10.0.10,,,443,41888,0,1358,17
1587481433.57052,10.10.0.10,173.194.182.102,,,41888,443,0,37,17
1587481433.5734859,173.194.182.102,10.10.0.10,,,443,41888,0,1358,17
1587481433.5779395,173.194.182.102,10.10.0.10,,,443,41888,0,1358,17
1587481433.580105,10.10.0.10,173.194.182.102,,,41888,443,0,50,17
1587481433.58236,173.194.182.102,10.10.0.10,,,443,41888,0,1358,17
1587481433.586849,173.194.182.102,10.10.0.10,,,443,41888,0,1358,17
1587481433.5885231,10.10.0.10,173.194.182.102,,,41888,443,0,37,17
1587481433.591272,173.194.182.102,10.10.0.10,,,443,41888,0,1358,17
1587481433.595728,173.194.182.102,10.10.0.10,,,443,41888,0,1358,17
1587481433.5973752,10.10.0.10,173.194.182.102,,,41888,443,0,37,17
1587481433.600214,173.194.182.102,10.10.0.10,,,443,41888,0,1358,17
1587481433.604672,173.194.182.102,10.10.0.10,,,443,41888,0,1358,17
1587481433.6063802,10.10.0.10,173.194.182.102,,,41888,443,0,37,17
1587481433.609128,173.194.182.102,10.10.0.10,,,443,41888,0,1358,17
1587481433.6135821,173.194.182.102,10.10.0.10,,,443,41888,0,1358,17
1587481433.6153376,10.10.0.10,173.194.182.102,,,41888,443,0,37,17
1587481433.618033,173.194.182.102,10.10.0.10,,,443,41888,0,1358,17
1587481433.62249,173.194.182.102,10.10.0.10,,,443,41888,0,1358,17
1587481433.624298,10.10.0.10,173.194.182.102,,,41888,443,0,37,17
1587481433.6269412,173.194.182.102,10.10.0.10,,,443,41888,0,1358,17
1587481433.6313992,173.194.182.102,10.10.0.10,,,443,41888,0,1358,17
1587481433.633546,10.10.0.10,173.194.182.102,,,41888,443,0,37,17
1587481433.635849,173.194.182.102,10.10.0.10,,,443,41888,0,1358,17
1587481433.640305,173.194.182.102,10.10.0.10,,,443,41888,0,1358,17
1587481433.641938,10.10.0.10,173.194.182.102,,,41888,443,0,37,17
1587481433.644766,173.194.182.102,10.10.0.10,,,443,41888,0,1358,17
1587481433.649215,173.194.182.102,10.10.0.10,,,443,41888,0,1358,17
1587481433.650939,10.10.0.10,173.194.182.102,,,41888,443,0,37,17
1587481433.653664,173.194.182.102,10.10.0.10,,,443,41888,0,1358,17
1587481433.6581252,173.194.182.102,10.10.0.10,,,443,41888,0,1358,17
1587481433.661319,10.10.0.10,173.194.182.102,,,41888,443,0,37,17
1587481433.6625779,173.194.182.102,10.10.0.10,,,443,41888,0,1358,17
1587481433.667034,173.194.182.102,10.10.0.10,,,443,41888,0,1358,17
1587481433.6688619,10.10.0.10,173.194.182.102,,,41888,443,0,37,17
1587481433.6714842,173.194.182.102,10.10.0.10,,,443,41888,0,1358,17
1587481433.6759422,173.194.182.102,10.10.0.10,,,443,41888,0,1358,17
1587481433.6777961,10.10.0.10,173.194.182.102,,,41888,443,0,37,17
1587481433.680392,173.194.182.102,10.10.0.10,,,443,41888,0,1358,17
1587481433.68485,173.194.182.102,10.10.0.10,,,443,41888,0,1358,17
1587481433.686542,10.10.0.10,173.194.182.102,,,41888,443,0,37,17
1587481433.6892474,173.194.182.102,10.10.0.10,,,443,41888,0,1358,17
1587481433.693757,173.194.182.102,10.10.0.10,,,443,41888,0,1358,17
1587481433.6962152,10.10.0.10,173.194.182.102,,,41888,443,0,37,17
1587481433.698212,173.194.182.102,10.10.0.10,,,443,41888,0,1358,17
1587481433.702632,173.194.182.102,10.10.0.10,,,443,41888,0,1358,17
1587481433.7043822,10.10.0.10,173.194.182.102,,,41888,443,0,37,17
1587481433.7070868,173.194.182.102,10.10.0.10,,,443,41888,0,1358,17
1587481433.711532,173.194.182.102,10.10.0.10,,,443,41888,0,1358,17
1587481433.7132359,10.10.0.10,173.194.182.102,,,41888,443,0,37,17
1587481433.716,173.194.182.102,10.10.0.10,,,443,41888,0,1358,17
1587481433.7204852,173.194.182.102,10.10.0.10,,,443,41888,0,1358,17
1587481433.7220762,10.10.0.10,173.194.182.102,,,41888,443,0,37,17
1587481433.724941,173.194.182.102,10.10.0.10,,,443,41888,0,1358,17
1587481433.7293725,173.194.182.102,10.10.0.10,,,443,41888,0,1358,17
1587481433.7312794,10.10.0.10,173.194.182.102,,,41888,443,0,37,17
1587481433.73385,173.194.182.102,10.10.0.10,,,443,41888,0,1358,17
1587481433.738302,173.194.182.102,10.10.0.10,,,443,41888,0,1358,17
1587481433.7399652,10.10.0.10,173.194.182.102,,,41888,443,0,37,17
1587481433.742732,173.194.182.102,10.10.0.10,,,443,41888,0,1358,17
1587481433.7472124,173.194.182.102,10.10.0.10,,,443,41888,0,1358,17
1587481433.7487102,10.10.0.10,173.194.182.102,,,41888,443,0,37,17
1587481433.7516658,173.194.182.102,10.10.0.10,,,443,41888,0,1358,17
1587481433.756097,173.194.182.102,10.10.0.10,,,443,41888,0,1358,17
1587481433.7577562,10.10.0.10,173.194.182.102,,,41888,443,0,50,17
1587481433.7605731,173.194.182.102,10.10.0.10,,,443,41888,0,1358,17
1587481433.7650292,173.194.182.102,10.10.0.10,,,443,41888,0,1358,17
1587481433.7667544,10.10.0.10,173.194.182.102,,,41888,443,0,37,17
1587481433.7694616,173.194.182.102,10.10.0.10,,,443,41888,0,1358,17
1587481433.773937,173.194.182.102,10.10.0.10,,,443,41888,0,1358,17
1587481433.7756946,10.10.0.10,173.194.182.102,,,41888,443,0,37,17
1587481433.778397,173.194.182.102,10.10.0.10,,,443,41888,0,1358,17
1587481433.7828438,173.194.182.102,10.10.0.10,,,443,41888,0,1358,17
1587481433.7854528,10.10.0.10,173.194.182.102,,,41888,443,0,37,17
1587481433.7873054,173.194.182.102,10.10.0.10,,,443,41888,0,1358,17
1587481433.79176,173.194.182.102,10.10.0.10,,,443,41888,0,1358,17
1587481433.7935119,10.10.0.10,173.194.182.102,,,41888,443,0,37,17
1587481433.7962232,173.194.182.102,10.10.0.10,,,443,41888,0,1358,17
1587481433.8006694,173.194.182.102,10.10.0.10,,,443,41888,0,1358,17
1587481433.8035119,10.10.0.10,173.194.182.102,,,41888,443,0,37,17
1587481433.8051224,173.194.182.102,10.10.0.10,,,443,41888,0,1358,17
1587481433.809581,173.194.182.102,10.10.0.10,,,443,41888,0,1358,17
1587481433.8114915,10.10.0.10,173.194.182.102,,,41888,443,0,37,17
1587481433.8140314,173.194.182.102,10.10.0.10,,,443,41888,0,1358,17
1587481433.818486,173.194.182.102,10.10.0.10,,,443,41888,0,1358,17
1587481433.8201606,10.10.0.10,173.194.182.102,,,41888,443,0,37,17
1587481433.822941,173.194.182.102,10.10.0.10,,,443,41888,0,1358,17
1587481433.8273714,173.194.182.102,10.10.0.10,,,443,41888,0,1358,17
1587481433.8294392,10.10.0.10,173.194.182.102,,,41888,443,0,37,17
1587481433.8318448,173.194.182.102,10.10.0.10,,,443,41888,0,1358,17
1587481433.836304,173.194.182.102,10.10.0.10,,,443,41888,0,1358,17
1587481433.838002,10.10.0.10,173.194.182.102,,,41888,443,0,37,17
1587481433.8406868,173.194.182.102,10.10.0.10,,,443,41888,0,1358,17
1587481433.8452132,173.194.182.102,10.10.0.10,,,443,41888,0,1358,17
1587481433.8471394,10.10.0.10,173.194.182.102,,,41888,443,0,37,17
1587481433.849666,173.194.182.102,10.10.0.10,,,443,41888,0,1358,17
1587481433.8541222,173.194.182.102,10.10.0.10,,,443,41888,0,1358,17
1587481433.855885,10.10.0.10,173.194.182.102,,,41888,443,0,37,17
1587481433.858575,173.194.182.102,10.10.0.10,,,443,41888,0,1358,17
1587481433.8630311,173.194.182.102,10.10.0.10,,,443,41888,0,1358,17
1587481433.865033,10.10.0.10,173.194.182.102,,,41888,443,0,37,17
1587481433.867483,173.194.182.102,10.10.0.10,,,443,41888,0,1358,17
1587481433.871938,173.194.182.102,10.10.0.10,,,443,41888,0,1358,17
1587481433.8736348,10.10.0.10,173.194.182.102,,,41888,443,0,37,17
1587481433.876392,173.194.182.102,10.10.0.10,,,443,41888,0,1358,17
1587481433.880847,173.194.182.102,10.10.0.10,,,443,41888,0,1358,17
1587481433.882619,10.10.0.10,173.194.182.102,,,41888,443,0,37,17
1587481433.885275,173.194.182.102,10.10.0.10,,,443,41888,0,1358,17
1587481433.8897572,173.194.182.102,10.10.0.10,,,443,41888,0,1358,17
1587481433.8914409,10.10.0.10,173.194.182.102,,,41888,443,0,37,17
1587481433.8942118,173.194.182.102,10.10.0.10,,,443,41888,0,1358,17
1587481433.898666,173.194.182.102,10.10.0.10,,,443,41888,0,1358,17
1587481433.9004679,10.10.0.10,173.194.182.102,,,41888,443,0,37,17
1587481433.9030588,173.194.182.102,10.10.0.10,,,443,41888,0,1358,17
1587481433.9075742,173.194.182.102,10.10.0.10,,,443,41888,0,1358,17
1587481433.909656,10.10.0.10,173.194.182.102,,,41888,443,0,37,17
1587481433.912051,173.194.182.102,10.10.0.10,,,443,41888,0,1358,17
1587481433.916483,173.194.182.102,10.10.0.10,,,443,41888,0,1358,17
1587481433.918158,10.10.0.10,173.194.182.102,,,41888,443,0,37,17
1587481433.9209368,173.194.182.102,10.10.0.10,,,443,41888,0,1358,17
1587481433.925401,173.194.182.102,10.10.0.10,,,443,41888,0,1358,17
1587481433.927207,10.10.0.10,173.194.182.102,,,41888,443,0,37,17
1587481433.929846,173.194.182.102,10.10.0.10,,,443,41888,0,1358,17
1587481433.9343002,173.194.182.102,10.10.0.10,,,443,41888,0,1358,17
1587481433.9361148,10.10.0.10,173.194.182.102,,,41888,443,0,50,17
1587481433.9387634,173.194.182.102,10.10.0.10,,,443,41888,0,1358,17
1587481433.9432132,173.194.182.102,10.10.0.10,,,443,41888,0,1358,17
1587481433.944953,10.10.0.10,173.194.182.102,,,41888,443,0,37,17
1587481433.947667,173.194.182.102,10.10.0.10,,,443,41888,0,1358,17
1587481433.9521036,173.194.182.102,10.10.0.10,,,443,41888,0,1358,17
1587481433.953995,10.10.0.10,173.194.182.102,,,41888,443,0,37,17
1587481433.956537,173.194.182.102,10.10.0.10,,,443,41888,0,1358,17
1587481433.96103,173.194.182.102,10.10.0.10,,,443,41888,0,1358,17
1587481433.963391,10.10.0.10,173.194.182.102,,,41888,443,0,37,17
1587481433.965412,173.194.182.102,10.10.0.10,,,443,41888,0,1358,17
1587481433.969939,173.194.182.102,10.10.0.10,,,443,41888,0,1358,17
1587481433.9717019,10.10.0.10,173.194.182.102,,,41888,443,0,37,17
1587481433.9743571,173.194.182.102,10.10.0.10,,,443,41888,0,1358,17
1587481433.978776,173.194.182.102,10.10.0.10,,,443,41888,0,1358,17
1587481433.980743,10.10.0.10,173.194.182.102,,,41888,443,0,37,17
1587481433.9833028,173.194.182.102,10.10.0.10,,,443,41888,0,29,17
1587481433.983424,173.194.182.102,10.10.0.10,,,443,41888,0,1358,17
1587481433.9879572,173.194.182.102,10.10.0.10,,,443,41888,0,1358,17
1587481433.990246,10.10.0.10,173.194.182.102,,,41888,443,0,37,17
1587481433.9923751,173.194.182.102,10.10.0.10,,,443,41888,0,1358,17
1587481433.996867,173.194.182.102,10.10.0.10,,,443,41888,0,1358,17
1587481433.99875,10.10.0.10,173.194.182.102,,,41888,443,0,37,17
1587481434.001323,173.194.182.102,10.10.0.10,,,443,41888,0,1358,17
1587481434.00571,173.194.182.102,10.10.0.10,,,443,41888,0,1358,17
1587481434.01023,173.194.182.102,10.10.0.10,,,443,41888,0,1358,17
1587481434.014694,173.194.182.102,10.10.0.10,,,443,41888,0,1358,17
1587481434.0191019,173.194.182.102,10.10.0.10,,,443,41888,0,1358,17
1587481434.023594,173.194.182.102,10.10.0.10,,,443,41888,0,1358,17
1587481434.028053,173.194.182.102,10.10.0.10,,,443,41888,0,1358,17
1587481434.032506,173.194.182.102,10.10.0.10,,,443,41888,0,1358,17
1587481434.0334108,10.10.0.10,173.194.182.102,,,41888,443,0,37,17
1587481434.036959,173.194.182.102,10.10.0.10,,,443,41888,0,1358,17
1587481434.04127,10.10.0.10,173.194.182.102,,,41888,443,0,37,17
1587481434.0419161,10.10.0.10,173.194.182.102,,,41888,443,0,37,17
1587481434.0430362,10.10.0.10,173.194.182.102,,,41888,443,0,37,17
1587481434.043943,173.194.182.102,10.10.0.10,,,443,41888,0,1358,17
1587481434.045864,173.194.182.102,10.10.0.10,,,443,41888,0,1358,17
1587481434.045985,10.10.0.10,173.194.182.102,,,41888,443,0,37,17
1587481434.053127,173.194.182.102,10.10.0.10,,,443,41888,0,1358,17
1587481434.054975,10.10.0.10,173.194.182.102,,,41888,443,0,37,17
1587481434.0573301,173.194.182.102,10.10.0.10,,,443,41888,0,1358,17
1587481434.059231,173.194.182.102,10.10.0.10,,,443,41888,0,1358,17
1587481434.0614908,10.10.0.10,173.194.182.102,,,41888,443,0,37,17
1587481434.0653431,173.194.182.102,10.10.0.10,,,443,41888,0,1358,17
1587481434.068136,173.194.182.102,10.10.0.10,,,443,41888,0,1358,17
1587481434.0709708,10.10.0.10,173.194.182.102,,,41888,443,0,37,17
1587481434.0756118,173.194.182.102,10.10.0.10,,,443,41888,0,1358,17
1587481434.0770452,173.194.182.102,10.10.0.10,,,443,41888,0,1358,17
1587481434.0805151,10.10.0.10,173.194.182.102,,,41888,443,0,37,17
1587481434.081462,173.194.182.102,10.10.0.10,,,443,41888,0,1358,17
1587481434.0859554,173.194.182.102,10.10.0.10,,,443,41888,0,1358,17
1587481434.08757,10.10.0.10,173.194.182.102,,,41888,443,0,37,17
1587481434.09041,173.194.182.102,10.10.0.10,,,443,41888,0,1358,17
1587481434.094825,173.194.182.102,10.10.0.10,,,443,41888,0,1358,17
1587481434.0964518,10.10.0.10,173.194.182.102,,,41888,443,0,37,17
1587481434.099319,173.194.182.102,10.10.0.10,,,443,41888,0,1358,17
1587481434.103775,173.194.182.102,10.10.0.10,,,443,41888,0,1358,17
1587481434.1053472,10.10.0.10,173.194.182.102,,,41888,443,0,37,17
1587481434.108167,173.194.182.102,10.10.0.10,,,443,41888,0,1358,17
1587481434.1126866,173.194.182.102,10.10.0.10,,,443,41888,0,1358,17
1587481434.1151214,10.10.0.10,173.194.182.102,,,41888,443,0,50,17
1587481434.1171384,173.194.182.102,10.10.0.10,,,443,41888,0,1358,17
1587481434.121591,173.194.182.102,10.10.0.10,,,443,41888,0,1358,17
1587481434.123302,10.10.0.10,173.194.182.102,,,41888,443,0,37,17
1587481434.1259718,173.194.182.102,10.10.0.10,,,443,41888,0,1358,17
1587481434.130457,173.194.182.102,10.10.0.10,,,443,41888,0,1358,17
1587481434.132096,10.10.0.10,173.194.182.102,,,41888,443,0,37,17
1587481434.134902,173.194.182.102,10.10.0.10,,,443,41888,0,29,17
1587481434.1350758,173.194.182.102,10.10.0.10,,,443,41888,0,1358,17
1587481434.1395626,173.194.182.102,10.10.0.10,,,443,41888,0,1358,17
1587481434.1410508,10.10.0.10,173.194.182.102,,,41888,443,0,37,17
1587481434.144017,173.194.182.102,10.10.0.10,,,443,41888,0,1358,17
1587481434.148472,173.194.182.102,10.10.0.10,,,443,41888,0,1358,17
1587481434.1500282,10.10.0.10,173.194.182.102,,,41888,443,0,37,17
1587481434.1529212,173.194.182.102,10.10.0.10,,,443,41888,0,1358,17
1587481434.1574204,173.194.182.102,10.10.0.10,,,443,41888,0,1358,17
1587481434.159173,10.10.0.10,173.194.182.102,,,41888,443,0,37,17
1587481434.1618721,173.194.182.102,10.10.0.10,,,443,41888,0,1358,17
1587481434.166327,173.194.182.102,10.10.0.10,,,443,41888,0,1358,17
1587481434.1679788,10.10.0.10,173.194.182.102,,,41888,443,0,37,17
1587481434.1707911,173.194.182.102,10.10.0.10,,,443,41888,0,1358,17
1587481434.1752348,173.194.182.102,10.10.0.10,,,443,41888,0,1358,17
1587481434.1768384,10.10.0.10,173.194.182.102,,,41888,443,0,37,17
1587481434.1796901,173.194.182.102,10.10.0.10,,,443,41888,0,1358,17
1587481434.184143,173.194.182.102,10.10.0.10,,,443,41888,0,1358,17
1587481434.1857278,10.10.0.10,173.194.182.102,,,41888,443,0,37,17
1587481434.188558,173.194.182.102,10.10.0.10,,,443,41888,0,1358,17
1587481434.193054,173.194.182.102,10.10.0.10,,,443,41888,0,1358,17
1587481434.195299,10.10.0.10,173.194.182.102,,,41888,443,0,37,17
1587481434.1975212,173.194.182.102,10.10.0.10,,,443,41888,0,1358,17
1587481434.201962,173.194.182.102,10.10.0.10,,,443,41888,0,1358,17
1587481434.203652,10.10.0.10,173.194.182.102,,,41888,443,0,37,17
1587481434.206415,173.194.182.102,10.10.0.10,,,443,41888,0,1358,17
1587481434.21087,173.194.182.102,10.10.0.10,,,443,41888,0,1358,17
1587481434.212517,10.10.0.10,173.194.182.102,,,41888,443,0,37,17
1587481434.2152884,173.194.182.102,10.10.0.10,,,443,41888,0,1358,17
1587481434.2197788,173.194.182.102,10.10.0.10,,,443,41888,0,1358,17
1587481434.221444,10.10.0.10,173.194.182.102,,,41888,443,0,37,17
1587481434.224233,173.194.182.102,10.10.0.10,,,443,41888,0,1358,17
1587481434.228702,173.194.182.102,10.10.0.10,,,443,41888,0,1358,17
1587481434.2313206,10.10.0.10,173.194.182.102,,,41888,443,0,37,17
1587481434.233142,173.194.182.102,10.10.0.10,,,443,41888,0,1358,17
1587481434.2375991,173.194.182.102,10.10.0.10,,,443,41888,0,1358,17
1587481434.242038,173.194.182.102,10.10.0.10,,,443,41888,0,1358,17
1587481434.24648,173.194.182.102,10.10.0.10,,,443,41888,0,1358,17
1587481434.250957,173.194.182.102,10.10.0.10,,,443,41888,0,1358,17
1587481434.276783,10.10.0.10,173.194.182.102,,,41888,443,0,40,17
1587481434.2768419,10.10.0.10,173.194.182.102,,,41888,443,0,40,17
1587481434.277815,10.10.0.10,173.194.182.102,,,41888,443,0,40,17
1587481434.278467,10.10.0.10,173.194.182.102,,,41888,443,0,40,17
1587481434.28895,173.194.182.102,10.10.0.10,,,443,41888,0,1358,17
1587481434.293211,173.194.182.102,10.10.0.10,,,443,41888,0,1358,17
1587481434.2959461,10.10.0.10,173.194.182.102,,,41888,443,0,40,17
1587481434.2964818,173.194.182.102,10.10.0.10,,,443,41888,0,1358,17
1587481434.3001552,173.194.182.102,10.10.0.10,,,443,41888,0,1358,17
1587481434.3019881,10.10.0.10,173.194.182.102,,,41888,443,0,40,17
1587481434.304411,173.194.182.102,10.10.0.10,,,443,41888,0,1358,17
1587481434.308284,173.194.182.102,10.10.0.10,,,443,41888,0,1358,17
1587481434.309963,10.10.0.10,173.194.182.102,,,41888,443,0,53,17
1587481434.3107321,173.194.182.102,10.10.0.10,,,443,41888,0,1358,17
1587481434.3161368,173.194.182.102,10.10.0.10,,,443,41888,0,1358,17
1587481434.319464,10.10.0.10,173.194.182.102,,,41888,443,0,40,17
1587481434.319489,173.194.182.102,10.10.0.10,,,443,41888,0,1358,17
1587481434.323953,173.194.182.102,10.10.0.10,,,443,41888,0,1358,17
1587481434.325842,10.10.0.10,173.194.182.102,,,41888,443,0,37,17
1587481434.3284452,173.194.182.102,10.10.0.10,,,443,41888,0,1358,17
1587481434.3328989,173.194.182.102,10.10.0.10,,,443,41888,0,1358,17
1587481434.334609,10.10.0.10,173.194.182.102,,,41888,443,0,37,17
1587481434.337354,173.194.182.102,10.10.0.10,,,443,41888,0,1358,17
1587481434.341808,173.194.182.102,10.10.0.10,,,443,41888,0,1358,17
1587481434.3435092,10.10.0.10,173.194.182.102,,,41888,443,0,37,17
1587481434.346296,173.194.182.102,10.10.0.10,,,443,41888,0,1358,17
1587481434.350715,173.194.182.102,10.10.0.10,,,443,41888,0,1358,17
1587481434.3528302,10.10.0.10,173.194.182.102,,,41888,443,0,37,17
1587481434.355132,173.194.182.102,10.10.0.10,,,443,41888,0,1358,17
1587481434.3596284,173.194.182.102,10.10.0.10,,,443,41888,0,1358,17
1587481434.361839,10.10.0.10,173.194.182.102,,,41888,443,0,37,17
1587481434.3640828,173.194.182.102,10.10.0.10,,,443,41888,0,1358,17
1587481434.368541,173.194.182.102,10.10.0.10,,,443,41888,0,1358,17
1587481434.3701448,10.10.0.10,173.194.182.102,,,41888,443,0,37,17
1587481434.372994,173.194.182.102,10.10.0.10,,,443,41888,0,1358,17
1587481434.377415,173.194.182.102,10.10.0.10,,,443,41888,0,1358,17
1587481434.3793402,10.10.0.10,173.194.182.102,,,41888,443,0,37,17
1587481434.381901,173.194.182.102,10.10.0.10,,,443,41888,0,1358,17
1587481434.386356,173.194.182.102,10.10.0.10,,,443,41888,0,1358,17
1587481434.388025,10.10.0.10,173.194.182.102,,,41888,443,0,37,17
1587481434.3907788,173.194.182.102,10.10.0.10,,,443,41888,0,1358,17
1587481434.3952632,173.194.182.102,10.10.0.10,,,443,41888,0,1358,17
1587481434.3984,10.10.0.10,173.194.182.102,,,41888,443,0,37,17
1587481434.399718,173.194.182.102,10.10.0.10,,,443,41888,0,1358,17
1587481434.404171,173.194.182.102,10.10.0.10,,,443,41888,0,1358,17
1587481434.405894,10.10.0.10,173.194.182.102,,,41888,443,0,37,17
1587481434.4086258,173.194.182.102,10.10.0.10,,,443,41888,0,1358,17
1587481434.4130852,173.194.182.102,10.10.0.10,,,443,41888,0,1358,17
1587481434.4164019,10.10.0.10,173.194.182.102,,,41888,443,0,37,17
1587481434.4175339,173.194.182.102,10.10.0.10,,,443,41888,0,1358,17
1587481434.421995,173.194.182.102,10.10.0.10,,,443,41888,0,1358,17
1587481434.4238179,10.10.0.10,173.194.182.102,,,41888,443,0,37,17
1587481434.4264472,173.194.182.102,10.10.0.10,,,443,41888,0,1358,17
1587481434.430902,173.194.182.102,10.10.0.10,,,443,41888,0,1358,17
1587481434.4326758,10.10.0.10,173.194.182.102,,,41888,443,0,37,17
1587481434.435354,173.194.182.102,10.10.0.10,,,443,41888,0,1358,17
1587481434.439806,173.194.182.102,10.10.0.10,,,443,41888,0,1358,17
1587481434.4415689,10.10.0.10,173.194.182.102,,,41888,443,0,37,17
1587481434.4442658,173.194.182.102,10.10.0.10,,,443,41888,0,1358,17
1587481434.4487212,173.194.182.102,10.10.0.10,,,443,41888,0,1358,17
1587481434.45038,10.10.0.10,173.194.182.102,,,41888,443,0,37,17
1587481434.4531698,173.194.182.102,10.10.0.10,,,443,41888,0,1358,17
1587481434.4576285,173.194.182.102,10.10.0.10,,,443,41888,0,1358,17
1587481434.4592931,10.10.0.10,173.194.182.102,,,41888,443,0,37,17
1587481434.4620829,173.194.182.102,10.10.0.10,,,443,41888,0,1358,17
1587481434.4665332,173.194.182.102,10.10.0.10,,,443,41888,0,1358,17
1587481434.468424,10.10.0.10,173.194.182.102,,,41888,443,0,37,17
1587481434.4709456,173.194.182.102,10.10.0.10,,,443,41888,0,1358,17
1587481434.475455,173.194.182.102,10.10.0.10,,,443,41888,0,1358,17
1587481434.47744,10.10.0.10,173.194.182.102,,,41888,443,0,37,17
1587481434.479897,173.194.182.102,10.10.0.10,,,443,41888,0,1358,17
1587481434.4842892,173.194.182.102,10.10.0.10,,,443,41888,0,1358,17
1587481434.48605,10.10.0.10,173.194.182.102,,,41888,443,0,50,17
1587481434.4888089,173.194.182.102,10.10.0.10,,,443,41888,0,1358,17
1587481434.49323,173.194.182.102,10.10.0.10,,,443,41888,0,1358,17
1587481434.495401,10.10.0.10,173.194.182.102,,,41888,443,0,37,17
1587481434.4977136,173.194.182.102,10.10.0.10,,,443,41888,0,1358,17
1587481434.5021384,173.194.182.102,10.10.0.10,,,443,41888,0,1358,17
1587481434.5041056,10.10.0.10,173.194.182.102,,,41888,443,0,37,17
1587481434.506623,173.194.182.102,10.10.0.10,,,443,41888,0,1358,17
1587481434.5110366,173.194.182.102,10.10.0.10,,,443,41888,0,1358,17
1587481434.5128741,10.10.0.10,173.194.182.102,,,41888,443,0,37,17
1587481434.5154939,173.194.182.102,10.10.0.10,,,443,41888,0,1358,17
1587481434.519926,173.194.182.102,10.10.0.10,,,443,41888,0,1358,17
1587481434.521481,10.10.0.10,173.194.182.102,,,41888,443,0,37,17
1587481434.524439,173.194.182.102,10.10.0.10,,,443,41888,0,1358,17
1587481434.528833,173.194.182.102,10.10.0.10,,,443,41888,0,1358,17
1587481434.530632,10.10.0.10,173.194.182.102,,,41888,443,0,37,17
1587481434.533349,173.194.182.102,10.10.0.10,,,443,41888,0,1358,17
1587481434.537803,173.194.182.102,10.10.0.10,,,443,41888,0,1358,17
1587481434.5394828,10.10.0.10,173.194.182.102,,,41888,443,0,37,17
1587481434.542258,173.194.182.102,10.10.0.10,,,443,41888,0,1358,17
1587481434.546712,173.194.182.102,10.10.0.10,,,443,41888,0,1358,17
1587481434.5486329,10.10.0.10,173.194.182.102,,,41888,443,0,37,17
1587481434.551166,173.194.182.102,10.10.0.10,,,443,41888,0,1358,17
1587481434.5555592,173.194.182.102,10.10.0.10,,,443,41888,0,1358,17
1587481434.557342,10.10.0.10,173.194.182.102,,,41888,443,0,37,17
1587481434.5600762,173.194.182.102,10.10.0.10,,,443,41888,0,1358,17
1587481434.564529,173.194.182.102,10.10.0.10,,,443,41888,0,1358,17
1587481434.566185,10.10.0.10,173.194.182.102,,,41888,443,0,37,17
1587481434.568943,173.194.182.102,10.10.0.10,,,443,41888,0,1358,17
1587481434.5734372,173.194.182.102,10.10.0.10,,,443,41888,0,1358,17
1587481434.5751061,10.10.0.10,173.194.182.102,,,41888,443,0,37,17
1587481434.577893,173.194.182.102,10.10.0.10,,,443,41888,0,1358,17
1587481434.58231,173.194.182.102,10.10.0.10,,,443,41888,0,1358,17
1587481434.583915,10.10.0.10,173.194.182.102,,,41888,443,0,37,17
1587481434.586801,173.194.182.102,10.10.0.10,,,443,41888,0,1358,17
1587481434.5912561,173.194.182.102,10.10.0.10,,,443,41888,0,1358,17
1587481434.5927482,10.10.0.10,173.194.182.102,,,41888,443,0,37,17
1587481434.595663,173.194.182.102,10.10.0.10,,,443,41888,0,1358,17
1587481434.6001642,173.194.182.102,10.10.0.10,,,443,41888,0,1358,17
1587481434.6021972,10.10.0.10,173.194.182.102,,,41888,443,0,37,17
1587481434.6045902,173.194.182.102,10.10.0.10,,,443,41888,0,1358,17
1587481434.609031,173.194.182.102,10.10.0.10,,,443,41888,0,1358,17
1587481434.6106286,10.10.0.10,173.194.182.102,,,41888,443,0,37,17
1587481434.613528,173.194.182.102,10.10.0.10,,,443,41888,0,1358,17
1587481434.617983,173.194.182.102,10.10.0.10,,,443,41888,0,1358,17
1587481434.621174,10.10.0.10,173.194.182.102,,,41888,443,0,37,17
1587481434.6223962,173.194.182.102,10.10.0.10,,,443,41888,0,1358,17
1587481434.626891,173.194.182.102,10.10.0.10,,,443,41888,0,1358,17
1587481434.6285439,10.10.0.10,173.194.182.102,,,41888,443,0,37,17
1587481434.631345,173.194.182.102,10.10.0.10,,,443,41888,0,1358,17
1587481434.63576,173.194.182.102,10.10.0.10,,,443,41888,0,1358,17
1587481434.6374831,10.10.0.10,173.194.182.102,,,41888,443,0,37,17
1587481434.640254,173.194.182.102,10.10.0.10,,,443,41888,0,1358,17
1587481434.6447089,173.194.182.102,10.10.0.10,,,443,41888,0,1358,17
1587481434.6468108,10.10.0.10,173.194.182.102,,,41888,443,0,37,17
1587481434.649121,173.194.182.102,10.10.0.10,,,443,41888,0,1358,17
1587481434.6536179,173.194.182.102,10.10.0.10,,,443,41888,0,1358,17
1587481434.655296,10.10.0.10,173.194.182.102,,,41888,443,0,37,17
1587481434.658061,173.194.182.102,10.10.0.10,,,443,41888,0,1358,17
1587481434.6624858,173.194.182.102,10.10.0.10,,,443,41888,0,1358,17
1587481434.664129,10.10.0.10,173.194.182.102,,,41888,443,0,50,17
1587481434.6669528,173.194.182.102,10.10.0.10,,,443,41888,0,1358,17
1587481434.6714392,173.194.182.102,10.10.0.10,,,443,41888,0,1358,17
1587481434.672981,10.10.0.10,173.194.182.102,,,41888,443,0,37,17
1587481434.675849,173.194.182.102,10.10.0.10,,,443,41888,0,1358,17
1587481434.6803026,173.194.182.102,10.10.0.10,,,443,41888,0,1358,17
1587481434.684798,173.194.182.102,10.10.0.10,,,443,41888,0,1358,17
1587481434.689208,173.194.182.102,10.10.0.10,,,443,41888,0,1358,17
1587481434.6937082,173.194.182.102,10.10.0.10,,,443,41888,0,1358,17
1587481434.698158,173.194.182.102,10.10.0.10,,,443,41888,0,1358,17
1587481434.702573,173.194.182.102,10.10.0.10,,,443,41888,0,1358,17
1587481434.7055821,10.10.0.10,173.194.182.102,,,41888,443,0,37,17
1587481434.7078571,10.10.0.10,173.194.182.102,,,41888,443,0,37,17
1587481434.708647,10.10.0.10,173.194.182.102,,,41888,443,0,37,17
1587481434.7164161,173.194.182.102,10.10.0.10,,,443,41888,0,1358,17
1587481434.7180939,10.10.0.10,173.194.182.102,,,41888,443,0,37,17
1587481434.721096,173.194.182.102,10.10.0.10,,,443,41888,0,1358,17
1587481434.7211552,173.194.182.102,10.10.0.10,,,443,41888,0,1358,17
1587481434.724143,10.10.0.10,173.194.182.102,,,41888,443,0,37,17
1587481434.7285712,173.194.182.102,10.10.0.10,,,443,41888,0,1358,17
1587481434.7294,173.194.182.102,10.10.0.10,,,443,41888,0,1358,17
1587481434.730896,10.10.0.10,173.194.182.102,,,41888,443,0,37,17
1587481434.7379005,173.194.182.102,10.10.0.10,,,443,41888,0,1358,17
1587481434.738274,173.194.182.102,10.10.0.10,,,443,41888,0,1358,17
1587481434.739977,10.10.0.10,173.194.182.102,,,41888,443,0,37,17
1587481434.7469044,173.194.182.102,10.10.0.10,,,443,41888,0,1358,17
1587481434.747184,173.194.182.102,10.10.0.10,,,443,41888,0,1358,17
1587481434.7491982,10.10.0.10,173.194.182.102,,,41888,443,0,37,17
1587481434.7548268,173.194.182.102,10.10.0.10,,,443,41888,0,1358,17
1587481434.756115,173.194.182.102,10.10.0.10,,,443,41888,0,1358,17
1587481434.757673,10.10.0.10,173.194.182.102,,,41888,443,0,37,17
1587481434.760551,173.194.182.102,10.10.0.10,,,443,41888,0,1358,17
1587481434.765049,173.194.182.102,10.10.0.10,,,443,41888,0,1358,17
1587481434.7666366,10.10.0.10,173.194.182.102,,,41888,443,0,37,17
1587481434.76951,173.194.182.102,10.10.0.10,,,443,41888,0,1358,17
1587481434.773954,173.194.182.102,10.10.0.10,,,443,41888,0,1358,17
1587481434.775478,10.10.0.10,173.194.182.102,,,41888,443,0,37,17
1587481434.7784119,173.194.182.102,10.10.0.10,,,443,41888,0,1358,17
1587481434.782866,173.194.182.102,10.10.0.10,,,443,41888,0,1358,17
1587481434.78448,10.10.0.10,173.194.182.102,,,41888,443,0,37,17
1587481434.787319,173.194.182.102,10.10.0.10,,,443,41888,0,1358,17
1587481434.7917712,173.194.182.102,10.10.0.10,,,443,41888,0,1358,17
1587481434.793329,10.10.0.10,173.194.182.102,,,41888,443,0,37,17
1587481434.796233,173.194.182.102,10.10.0.10,,,443,41888,0,1358,17
1587481434.8006525,173.194.182.102,10.10.0.10,,,443,41888,0,1358,17
1587481434.8025038,10.10.0.10,173.194.182.102,,,41888,443,0,37,17
1587481434.805138,173.194.182.102,10.10.0.10,,,443,41888,0,1358,17
1587481434.806816,10.10.0.10,173.194.182.102,,,41888,443,0,40,17
1587481434.8095891,173.194.182.102,10.10.0.10,,,443,41888,0,1358,17
1587481434.811232,10.10.0.10,173.194.182.102,,,41888,443,0,37,17
1587481434.81405,173.194.182.102,10.10.0.10,,,443,41888,0,1358,17
1587481434.8185012,173.194.182.102,10.10.0.10,,,443,41888,0,1358,17
1587481434.8201478,10.10.0.10,173.194.182.102,,,41888,443,0,37,17
1587481434.8229609,173.194.182.102,10.10.0.10,,,443,41888,0,1358,17
1587481434.826113,10.10.0.10,173.194.182.102,,,41888,443,0,40,17
1587481434.8274062,173.194.182.102,10.10.0.10,,,443,41888,0,1358,17
1587481434.831578,10.10.0.10,173.194.182.102,,,41888,443,0,50,17
1587481434.8318028,173.194.182.102,10.10.0.10,,,443,41888,0,1358,17
1587481434.836318,173.194.182.102,10.10.0.10,,,443,41888,0,1358,17
1587481434.8380249,10.10.0.10,173.194.182.102,,,41888,443,0,37,17
1587481434.8407722,173.194.182.102,10.10.0.10,,,443,41888,0,1358,17
1587481434.8452268,173.194.182.102,10.10.0.10,,,443,41888,0,1358,17
1587481434.8469589,10.10.0.10,173.194.182.102,,,41888,443,0,37,17
1587481434.849682,173.194.182.102,10.10.0.10,,,443,41888,0,1358,17
1587481434.854135,173.194.182.102,10.10.0.10,,,443,41888,0,1358,17
1587481434.858594,173.194.182.102,10.10.0.10,,,443,41888,0,1358,17
1587481434.86305,173.194.182.102,10.10.0.10,,,443,41888,0,1358,17
1587481434.867485,173.194.182.102,10.10.0.10,,,443,41888,0,1358,17
1587481434.868192,10.10.0.10,173.194.182.102,,,41888,443,0,37,17
1587481434.8711288,10.10.0.10,173.194.182.102,,,41888,443,0,37,17
1587481434.871954,173.194.182.102,10.10.0.10,,,443,41888,0,1358,17
1587481434.8737092,10.10.0.10,173.194.182.102,,,41888,443,0,37,17
1587481434.876408,173.194.182.102,10.10.0.10,,,443,41888,0,1358,17
1587481434.8808658,173.194.182.102,10.10.0.10,,,443,41888,0,1358,17
1587481434.8830268,10.10.0.10,173.194.182.102,,,41888,443,0,37,17
1587481434.885278,173.194.182.102,10.10.0.10,,,443,41888,0,1358,17
1587481434.88977,173.194.182.102,10.10.0.10,,,443,41888,0,1358,17
1587481434.891665,10.10.0.10,173.194.182.102,,,41888,443,0,37,17
1587481434.894225,173.194.182.102,10.10.0.10,,,443,41888,0,1358,17
1587481434.898695,173.194.182.102,10.10.0.10,,,443,41888,0,1358,17
1587481434.900394,10.10.0.10,173.194.182.102,,,41888,443,0,37,17
1587481434.903118,173.194.182.102,10.10.0.10,,,443,41888,0,1358,17
1587481434.9075892,173.194.182.102,10.10.0.10,,,443,41888,0,1358,17
1587481434.910436,10.10.0.10,173.194.182.102,,,41888,443,0,37,17
1587481434.912056,173.194.182.102,10.10.0.10,,,443,41888,0,1358,17
1587481434.916496,173.194.182.102,10.10.0.10,,,443,41888,0,1358,17
1587481434.918212,10.10.0.10,173.194.182.102,,,41888,443,0,37,17
1587481434.9209511,173.194.182.102,10.10.0.10,,,443,41888,0,1358,17
1587481434.925418,173.194.182.102,10.10.0.10,,,443,41888,0,1358,17
1587481434.928648,10.10.0.10,173.194.182.102,,,41888,443,0,37,17
1587481434.9298608,173.194.182.102,10.10.0.10,,,443,41888,0,1358,17
1587481434.934314,173.194.182.102,10.10.0.10,,,443,41888,0,1358,17
1587481434.936142,10.10.0.10,173.194.182.102,,,41888,443,0,37,17
1587481434.9387221,173.194.182.102,10.10.0.10,,,443,41888,0,1358,17
1587481434.943225,173.194.182.102,10.10.0.10,,,443,41888,0,1358,17
1587481434.9450018,10.10.0.10,173.194.182.102,,,41888,443,0,37,17
1587481434.947619,173.194.182.102,10.10.0.10,,,443,41888,0,1358,17
1587481434.9520931,173.194.182.102,10.10.0.10,,,443,41888,0,1358,17
1587481434.9547212,10.10.0.10,173.194.182.102,,,41888,443,0,37,17
1587481434.956558,173.194.182.102,10.10.0.10,,,443,41888,0,1358,17
1587481434.96104,173.194.182.102,10.10.0.10,,,443,41888,0,1358,17
1587481434.96279,10.10.0.10,173.194.182.102,,,41888,443,0,37,17
1587481434.965446,173.194.182.102,10.10.0.10,,,443,41888,0,1358,17
1587481434.9699302,173.194.182.102,10.10.0.10,,,443,41888,0,1358,17
1587481434.9717119,10.10.0.10,173.194.182.102,,,41888,443,0,37,17
1587481434.9744039,173.194.182.102,10.10.0.10,,,443,41888,0,1358,17
1587481434.9787972,173.194.182.102,10.10.0.10,,,443,41888,0,1358,17
1587481434.980607,10.10.0.10,173.194.182.102,,,41888,443,0,37,17
1587481434.983314,173.194.182.102,10.10.0.10,,,443,41888,0,1358,17
1587481434.987767,173.194.182.102,10.10.0.10,,,443,41888,0,1358,17
1587481434.9893706,10.10.0.10,173.194.182.102,,,41888,443,0,37,17
1587481434.992207,173.194.182.102,10.10.0.10,,,443,41888,0,1358,17
1587481434.9966755,173.194.182.102,10.10.0.10,,,443,41888,0,1358,17
1587481434.998481,10.10.0.10,173.194.182.102,,,41888,443,0,37,17
1587481435.0011306,173.194.182.102,10.10.0.10,,,443,41888,0,1358,17
1587481435.0055199,173.194.182.102,10.10.0.10,,,443,41888,0,1358,17
1587481435.007273,10.10.0.10,173.194.182.102,,,41888,443,0,50,17
1587481435.009982,173.194.182.102,10.10.0.10,,,443,41888,0,1358,17
1587481435.0144932,173.194.182.102,10.10.0.10,,,443,41888,0,1358,17
1587481435.016084,10.10.0.10,173.194.182.102,,,41888,443,0,37,17
1587481435.0188859,173.194.182.102,10.10.0.10,,,443,41888,0,1358,17
1587481435.0233624,173.194.182.102,10.10.0.10,,,443,41888,0,1358,17
1587481435.0251012,10.10.0.10,173.194.182.102,,,41888,443,0,37,17
1587481435.027858,173.194.182.102,10.10.0.10,,,443,41888,0,1358,17
1587481435.032247,173.194.182.102,10.10.0.10,,,443,41888,0,1358,17
1587481435.0344212,10.10.0.10,173.194.182.102,,,41888,443,0,37,17
1587481435.036765,173.194.182.102,10.10.0.10,,,443,41888,0,29,17
1587481435.0368972,173.194.182.102,10.10.0.10,,,443,41888,0,1358,17
1587481435.041384,173.194.182.102,10.10.0.10,,,443,41888,0,1358,17
1587481435.0431054,10.10.0.10,173.194.182.102,,,41888,443,0,37,17
1587481435.0458348,173.194.182.102,10.10.0.10,,,443,41888,0,1358,17
1587481435.0502696,173.194.182.102,10.10.0.10,,,443,41888,0,1358,17
1587481435.0518956,10.10.0.10,173.194.182.102,,,41888,443,0,37,17
1587481435.054784,173.194.182.102,10.10.0.10,,,443,41888,0,1358,17
1587481435.0592391,173.194.182.102,10.10.0.10,,,443,41888,0,1358,17
1587481435.0610864,10.10.0.10,173.194.182.102,,,41888,443,0,37,17
1587481435.063693,173.194.182.102,10.10.0.10,,,443,41888,0,1358,17
1587481435.0681481,173.194.182.102,10.10.0.10,,,443,41888,0,1358,17
1587481435.0698981,10.10.0.10,173.194.182.102,,,41888,443,0,37,17
1587481435.072562,173.194.182.102,10.10.0.10,,,443,41888,0,1358,17
1587481435.0770571,173.194.182.102,10.10.0.10,,,443,41888,0,1358,17
1587481435.0787866,10.10.0.10,173.194.182.102,,,41888,443,0,37,17
1587481435.0815148,173.194.182.102,10.10.0.10,,,443,41888,0,1358,17
1587481435.085924,173.194.182.102,10.10.0.10,,,443,41888,0,1358,17
1587481435.0877314,10.10.0.10,173.194.182.102,,,41888,443,0,37,17
1587481435.0904198,173.194.182.102,10.10.0.10,,,443,41888,0,1358,17
1587481435.094833,173.194.182.102,10.10.0.10,,,443,41888,0,1358,17
1587481435.09669,10.10.0.10,173.194.182.102,,,41888,443,0,37,17
1587481435.0992892,173.194.182.102,10.10.0.10,,,443,41888,0,1358,17
1587481435.103758,173.194.182.102,10.10.0.10,,,443,41888,0,1358,17
1587481435.1058881,10.10.0.10,173.194.182.102,,,41888,443,0,37,17
1587481435.1082098,173.194.182.102,10.10.0.10,,,443,41888,0,1358,17
1587481435.1126668,173.194.182.102,10.10.0.10,,,443,41888,0,1358,17
1587481435.117146,173.194.182.102,10.10.0.10,,,443,41888,0,1358,17
1587481435.1216009,173.194.182.102,10.10.0.10,,,443,41888,0,1358,17
1587481435.1260624,173.194.182.102,10.10.0.10,,,443,41888,0,1358,17
1587481435.1305149,173.194.182.102,10.10.0.10,,,443,41888,0,1358,17
1587481435.134969,173.194.182.102,10.10.0.10,,,443,41888,0,1358,17
1587481435.139369,173.194.182.102,10.10.0.10,,,443,41888,0,1358,17
1587481435.143816,173.194.182.102,10.10.0.10,,,443,41888,0,1358,17
1587481435.148274,173.194.182.102,10.10.0.10,,,443,41888,0,1358,17
1587481435.191026,173.194.182.102,10.10.0.10,,,443,41888,0,1358,17
1587481435.2002692,10.10.0.10,173.194.182.102,,,41888,443,0,37,17
1587481435.2091231,10.10.0.10,173.194.182.102,,,41888,443,0,37,17
1587481435.2098482,10.10.0.10,173.194.182.102,,,41888,443,0,37,17
1587481435.209991,173.194.182.102,10.10.0.10,,,443,41888,0,1358,17
1587481435.210531,10.10.0.10,173.194.182.102,,,41888,443,0,37,17
1587481435.211025,10.10.0.10,173.194.182.102,,,41888,443,0,37,17
1587481435.212915,10.10.0.10,173.194.182.102,,,41888,443,0,37,17
1587481435.219657,173.194.182.102,10.10.0.10,,,443,41888,0,1358,17
1587481435.2196882,173.194.182.102,10.10.0.10,,,443,41888,0,1358,17
1587481435.221733,10.10.0.10,173.194.182.102,,,41888,443,0,37,17
1587481435.228793,173.194.182.102,10.10.0.10,,,443,41888,0,1358,17
1587481435.2288249,173.194.182.102,10.10.0.10,,,443,41888,0,1358,17
1587481435.236968,173.194.182.102,10.10.0.10,,,443,41888,0,1358,17
1587481435.2370381,173.194.182.102,10.10.0.10,,,443,41888,0,1358,17
1587481435.2464292,173.194.182.102,10.10.0.10,,,443,41888,0,1358,17
1587481435.2464602,173.194.182.102,10.10.0.10,,,443,41888,0,1358,17
1587481435.2545092,173.194.182.102,10.10.0.10,,,443,41888,0,1358,17
1587481435.254863,173.194.182.102,10.10.0.10,,,443,41888,0,1358,17
1587481435.2640266,173.194.182.102,10.10.0.10,,,443,41888,0,1358,17
1587481435.2640688,173.194.182.102,10.10.0.10,,,443,41888,0,1358,17
1587481435.2715251,173.194.182.102,10.10.0.10,,,443,41888,0,1358,17
1587481435.272703,173.194.182.102,10.10.0.10,,,443,41888,0,1358,17
1587481435.280306,173.194.182.102,10.10.0.10,,,443,41888,0,1358,17
1587481435.2816534,173.194.182.102,10.10.0.10,,,443,41888,0,1358,17
1587481435.3959308,173.194.182.102,10.10.0.10,,,443,41888,0,1358,17
1587481435.499153,173.194.182.102,10.10.0.10,,,443,41888,0,1358,17
1587481435.7331061,173.194.182.102,10.10.0.10,,,443,41888,0,1358,17
1587481435.7331266,173.194.182.102,10.10.0.10,,,443,41888,0,1358,17
1587481436.2016852,173.194.182.102,10.10.0.10,,,443,41888,0,1358,17
1587481436.2017071,173.194.182.102,10.10.0.10,,,443,41888,0,1358,17
1587481436.4045026,10.10.0.10,173.194.182.102,,,41888,443,0,37,17
1587481436.404562,10.10.0.10,173.194.182.102,,,41888,443,0,50,17
1587481436.407989,10.10.0.10,173.194.182.102,,,41888,443,0,37,17
1587481436.408047,10.10.0.10,173.194.182.102,,,41888,443,0,37,17
1587481436.4080741,10.10.0.10,173.194.182.102,,,41888,443,0,37,17
1587481436.408376,10.10.0.10,173.194.182.102,,,41888,443,0,37,17
1587481436.4107811,10.10.0.10,173.194.182.102,,,41888,443,0,37,17
1587481436.41139,10.10.0.10,173.194.182.102,,,41888,443,0,37,17
1587481436.413506,10.10.0.10,173.194.182.102,,,41888,443,0,37,17
1587481436.41403,10.10.0.10,173.194.182.102,,,41888,443,0,37,17
1587481436.4158669,173.194.182.102,10.10.0.10,,,443,41888,0,29,17
1587481436.4184859,173.194.182.102,10.10.0.10,,,443,41888,0,1358,17
1587481436.418544,173.194.182.102,10.10.0.10,,,443,41888,0,1358,17
1587481436.420078,10.10.0.10,173.194.182.102,,,41888,443,0,37,17
1587481436.427708,173.194.182.102,10.10.0.10,,,443,41888,0,1358,17
1587481436.427767,173.194.182.102,10.10.0.10,,,443,41888,0,1358,17
1587481436.4328678,10.10.0.10,173.194.182.102,,,41888,443,0,37,17
1587481436.4364376,173.194.182.102,10.10.0.10,,,443,41888,0,1358,17
1587481436.436497,173.194.182.102,10.10.0.10,,,443,41888,0,1358,17
1587481436.4388876,10.10.0.10,173.194.182.102,,,41888,443,0,37,17
1587481436.443307,173.194.182.102,10.10.0.10,,,443,41888,0,1358,17
1587481436.4449306,173.194.182.102,10.10.0.10,,,443,41888,0,1358,17
1587481436.450335,10.10.0.10,173.194.182.102,,,41888,443,0,37,17
1587481436.4536614,173.194.182.102,10.10.0.10,,,443,41888,0,1358,17
1587481436.453773,173.194.182.102,10.10.0.10,,,443,41888,0,1358,17
1587481436.456954,10.10.0.10,173.194.182.102,,,41888,443,0,37,17
1587481436.4616866,173.194.182.102,10.10.0.10,,,443,41888,0,1358,17
1587481436.4627528,173.194.182.102,10.10.0.10,,,443,41888,0,1358,17
1587481436.4655788,10.10.0.10,173.194.182.102,,,41888,443,0,37,17
1587481436.470093,173.194.182.102,10.10.0.10,,,443,41888,0,1358,17
1587481436.4716532,173.194.182.102,10.10.0.10,,,443,41888,0,1358,17
1587481436.47169,10.10.0.10,173.194.182.102,,,41888,443,0,37,17
1587481436.4797962,173.194.182.102,10.10.0.10,,,443,41888,0,1358,17
1587481436.4805582,173.194.182.102,10.10.0.10,,,443,41888,0,1358,17
1587481436.4815671,10.10.0.10,173.194.182.102,,,41888,443,0,37,17
1587481436.486257,173.194.182.102,10.10.0.10,,,443,41888,0,1358,17
1587481436.4880779,10.10.0.10,173.194.182.102,,,41888,443,0,37,17
1587481436.4894779,173.194.182.102,10.10.0.10,,,443,41888,0,1358,17
1587481436.4939322,173.194.182.102,10.10.0.10,,,443,41888,0,1358,17
1587481436.495643,10.10.0.10,173.194.182.102,,,41888,443,0,37,17
1587481436.498382,173.194.182.102,10.10.0.10,,,443,41888,0,1358,17
1587481436.503072,173.194.182.102,10.10.0.10,,,443,41888,0,1358,17
1587481436.5048704,10.10.0.10,173.194.182.102,,,41888,443,0,37,17
1587481436.507296,173.194.182.102,10.10.0.10,,,443,41888,0,1358,17
1587481436.5120249,173.194.182.102,10.10.0.10,,,443,41888,0,1358,17
1587481436.5136616,10.10.0.10,173.194.182.102,,,41888,443,0,50,17
1587481436.516205,173.194.182.102,10.10.0.10,,,443,41888,0,1358,17
1587481436.520663,173.194.182.102,10.10.0.10,,,443,41888,0,1358,17
1587481436.5223892,10.10.0.10,173.194.182.102,,,41888,443,0,37,17
1587481436.525072,173.194.182.102,10.10.0.10,,,443,41888,0,1358,17
1587481436.529566,173.194.182.102,10.10.0.10,,,443,41888,0,1358,17
1587481436.531382,10.10.0.10,173.194.182.102,,,41888,443,0,37,17
1587481436.53402,173.194.182.102,10.10.0.10,,,443,41888,0,1358,17
1587481436.5384762,173.194.182.102,10.10.0.10,,,443,41888,0,1358,17
1587481436.5403821,10.10.0.10,173.194.182.102,,,41888,443,0,37,17
1587481436.5429342,173.194.182.102,10.10.0.10,,,443,41888,0,1358,17
1587481436.547383,173.194.182.102,10.10.0.10,,,443,41888,0,1358,17
1587481436.550101,10.10.0.10,173.194.182.102,,,41888,443,0,37,17
1587481436.551839,173.194.182.102,10.10.0.10,,,443,41888,0,1358,17
1587481436.556294,173.194.182.102,10.10.0.10,,,443,41888,0,1358,17
1587481436.558161,10.10.0.10,173.194.182.102,,,41888,443,0,37,17
1587481436.5607278,173.194.182.102,10.10.0.10,,,443,41888,0,1358,17
1587481436.565204,173.194.182.102,10.10.0.10,,,443,41888,0,1358,17
1587481436.5696602,173.194.182.102,10.10.0.10,,,443,41888,0,1358,17
1587481436.5741148,173.194.182.102,10.10.0.10,,,443,41888,0,1358,17
1587481436.578569,173.194.182.102,10.10.0.10,,,443,41888,0,1358,17
1587481436.5824518,10.10.0.10,173.194.182.102,,,41888,443,0,37,17
1587481436.5829742,173.194.182.102,10.10.0.10,,,443,41888,0,1358,17
1587481436.5852542,10.10.0.10,173.194.182.102,,,41888,443,0,37,17
1587481436.5867882,10.10.0.10,173.194.182.102,,,41888,443,0,37,17
1587481436.58745,173.194.182.102,10.10.0.10,,,443,41888,0,1358,17
1587481436.591928,173.194.182.102,10.10.0.10,,,443,41888,0,1358,17
1587481436.593677,10.10.0.10,173.194.182.102,,,41888,443,0,37,17
1587481436.596387,173.194.182.102,10.10.0.10,,,443,41888,0,1358,17
1587481436.600841,173.194.182.102,10.10.0.10,,,443,41888,0,1358,17
1587481436.602928,10.10.0.10,173.194.182.102,,,41888,443,0,37,17
1587481436.605292,173.194.182.102,10.10.0.10,,,443,41888,0,1358,17
1587481436.60975,173.194.182.102,10.10.0.10,,,443,41888,0,1358,17
1587481436.6115339,10.10.0.10,173.194.182.102,,,41888,443,0,37,17
1587481436.6142,173.194.182.102,10.10.0.10,,,443,41888,0,1358,17
1587481436.6186528,173.194.182.102,10.10.0.10,,,443,41888,0,1358,17
1587481436.6205769,10.10.0.10,173.194.182.102,,,41888,443,0,37,17
1587481436.623114,173.194.182.102,10.10.0.10,,,443,41888,0,1358,17
1587481436.6275618,173.194.182.102,10.10.0.10,,,443,41888,0,1358,17
1587481436.6293511,10.10.0.10,173.194.182.102,,,41888,443,0,37,17
1587481436.632017,173.194.182.102,10.10.0.10,,,443,41888,0,1358,17
1587481436.636472,173.194.182.102,10.10.0.10,,,443,41888,0,1358,17
1587481436.6382859,10.10.0.10,173.194.182.102,,,41888,443,0,37,17
1587481436.6409268,173.194.182.102,10.10.0.10,,,443,41888,0,1358,17
1587481436.6453712,173.194.182.102,10.10.0.10,,,443,41888,0,1358,17
1587481436.646952,10.10.0.10,173.194.182.102,,,41888,443,0,37,17
1587481436.649837,173.194.182.102,10.10.0.10,,,443,41888,0,1358,17
1587481436.65429,173.194.182.102,10.10.0.10,,,443,41888,0,1358,17
1587481436.655787,10.10.0.10,173.194.182.102,,,41888,443,0,37,17
1587481436.658751,173.194.182.102,10.10.0.10,,,443,41888,0,1358,17
1587481436.6632018,173.194.182.102,10.10.0.10,,,443,41888,0,1358,17
1587481436.6648028,10.10.0.10,173.194.182.102,,,41888,443,0,37,17
1587481436.667625,173.194.182.102,10.10.0.10,,,443,41888,0,1358,17
1587481436.6720922,173.194.182.102,10.10.0.10,,,443,41888,0,1358,17
1587481436.673932,10.10.0.10,173.194.182.102,,,41888,443,0,37,17
1587481436.6765606,173.194.182.102,10.10.0.10,,,443,41888,0,1358,17
1587481436.681017,173.194.182.102,10.10.0.10,,,443,41888,0,1358,17
1587481436.68291,10.10.0.10,173.194.182.102,,,41888,443,0,37,17
1587481436.685426,173.194.182.102,10.10.0.10,,,443,41888,0,1358,17
1587481436.6899252,173.194.182.102,10.10.0.10,,,443,41888,0,1358,17
1587481436.6916401,10.10.0.10,173.194.182.102,,,41888,443,0,50,17
1587481436.694336,173.194.182.102,10.10.0.10,,,443,41888,0,1358,17
1587481436.698777,173.194.182.102,10.10.0.10,,,443,41888,0,1358,17
1587481436.700473,10.10.0.10,173.194.182.102,,,41888,443,0,37,17
1587481436.703289,173.194.182.102,10.10.0.10,,,443,41888,0,1358,17
1587481436.707742,173.194.182.102,10.10.0.10,,,443,41888,0,1358,17
1587481436.7093885,10.10.0.10,173.194.182.102,,,41888,443,0,37,17
1587481436.712135,173.194.182.102,10.10.0.10,,,443,41888,0,1358,17
1587481436.7166612,173.194.182.102,10.10.0.10,,,443,41888,0,1358,17
1587481436.7200394,10.10.0.10,173.194.182.102,,,41888,443,0,37,17
1587481436.7210689,173.194.182.102,10.10.0.10,,,443,41888,0,1358,17
1587481436.725494,173.194.182.102,10.10.0.10,,,443,41888,0,1358,17
1587481436.727243,10.10.0.10,173.194.182.102,,,41888,443,0,37,17
1587481436.729973,173.194.182.102,10.10.0.10,,,443,41888,0,1358,17
1587481436.7344694,173.194.182.102,10.10.0.10,,,443,41888,0,1358,17
1587481436.7361386,10.10.0.10,173.194.182.102,,,41888,443,0,37,17
1587481436.7388608,173.194.182.102,10.10.0.10,,,443,41888,0,1358,17
1587481436.7433784,173.194.182.102,10.10.0.10,,,443,41888,0,1358,17
1587481436.7451599,10.10.0.10,173.194.182.102,,,41888,443,0,37,17
1587481436.747832,173.194.182.102,10.10.0.10,,,443,41888,0,1358,17
1587481436.7522461,173.194.182.102,10.10.0.10,,,443,41888,0,1358,17
1587481436.755038,10.10.0.10,173.194.182.102,,,41888,443,0,37,17
1587481436.7567005,173.194.182.102,10.10.0.10,,,443,41888,0,1358,17
1587481436.7611961,173.194.182.102,10.10.0.10,,,443,41888,0,29,17
1587481436.761326,173.194.182.102,10.10.0.10,,,443,41888,0,1358,17
1587481436.763032,10.10.0.10,173.194.182.102,,,41888,443,0,37,17
1587481436.76581,173.194.182.102,10.10.0.10,,,443,41888,0,1358,17
1587481436.7703052,173.194.182.102,10.10.0.10,,,443,41888,0,1358,17
1587481436.772119,10.10.0.10,173.194.182.102,,,41888,443,0,37,17
1587481436.77476,173.194.182.102,10.10.0.10,,,443,41888,0,1358,17
1587481436.7791731,173.194.182.102,10.10.0.10,,,443,41888,0,1358,17
1587481436.780846,10.10.0.10,173.194.182.102,,,41888,443,0,40,17
1587481436.7836678,173.194.182.102,10.10.0.10,,,443,41888,0,1358,17
1587481436.786033,10.10.0.10,173.194.182.102,,,41888,443,0,37,17
1587481436.7881231,173.194.182.102,10.10.0.10,,,443,41888,0,1358,17
1587481436.792512,173.194.182.102,10.10.0.10,,,443,41888,0,1358,17
1587481436.79476,10.10.0.10,173.194.182.102,,,41888,443,0,37,17
1587481436.797032,173.194.182.102,10.10.0.10,,,443,41888,0,1358,17
1587481436.8014884,173.194.182.102,10.10.0.10,,,443,41888,0,1358,17
1587481436.803243,10.10.0.10,173.194.182.102,,,41888,443,0,37,17
1587481436.805897,173.194.182.102,10.10.0.10,,,443,41888,0,1358,17
1587481436.8103929,173.194.182.102,10.10.0.10,,,443,41888,0,1358,17
1587481436.8120284,10.10.0.10,173.194.182.102,,,41888,443,0,37,17
1587481436.8148491,173.194.182.102,10.10.0.10,,,443,41888,0,1358,17
1587481436.819262,173.194.182.102,10.10.0.10,,,443,41888,0,1358,17
1587481436.821033,10.10.0.10,173.194.182.102,,,41888,443,0,37,17
1587481436.823759,173.194.182.102,10.10.0.10,,,443,41888,0,1358,17
1587481436.8282118,173.194.182.102,10.10.0.10,,,443,41888,0,1358,17
1587481436.829909,10.10.0.10,173.194.182.102,,,41888,443,0,37,17
1587481436.8326418,173.194.182.102,10.10.0.10,,,443,41888,0,1358,17
1587481436.8371322,173.194.182.102,10.10.0.10,,,443,41888,0,1358,17
1587481436.8389962,10.10.0.10,173.194.182.102,,,41888,443,0,37,17
1587481436.8415759,173.194.182.102,10.10.0.10,,,443,41888,0,1358,17
1587481436.8460052,173.194.182.102,10.10.0.10,,,443,41888,0,1358,17
1587481436.847786,10.10.0.10,173.194.182.102,,,41888,443,0,37,17
1587481436.8504848,173.194.182.102,10.10.0.10,,,443,41888,0,1358,17
1587481436.8549054,173.194.182.102,10.10.0.10,,,443,41888,0,1358,17
1587481436.8571026,10.10.0.10,173.194.182.102,,,41888,443,0,37,17
1587481436.8593562,173.194.182.102,10.10.0.10,,,443,41888,0,1358,17
1587481436.863848,173.194.182.102,10.10.0.10,,,443,41888,0,1358,17
1587481436.865666,10.10.0.10,173.194.182.102,,,41888,443,0,50,17
1587481436.8683019,173.194.182.102,10.10.0.10,,,443,41888,0,1358,17
1587481436.8727322,173.194.182.102,10.10.0.10,,,443,41888,0,1358,17
1587481436.875422,10.10.0.10,173.194.182.102,,,41888,443,0,37,17
1587481436.87721,173.194.182.102,10.10.0.10,,,443,41888,0,1358,17
1587481436.881669,173.194.182.102,10.10.0.10,,,443,41888,0,1358,17
1587481436.883324,10.10.0.10,173.194.182.102,,,41888,443,0,37,17
1587481436.8861198,173.194.182.102,10.10.0.10,,,443,41888,0,1358,17
1587481436.890574,173.194.182.102,10.10.0.10,,,443,41888,0,1358,17
1587481436.892126,10.10.0.10,173.194.182.102,,,41888,443,0,37,17
1587481436.894988,173.194.182.102,10.10.0.10,,,443,41888,0,1358,17
1587481436.899483,173.194.182.102,10.10.0.10,,,443,41888,0,1358,17
1587481436.901093,10.10.0.10,173.194.182.102,,,41888,443,0,37,17
1587481436.9039366,173.194.182.102,10.10.0.10,,,443,41888,0,1358,17
1587481436.908391,173.194.182.102,10.10.0.10,,,443,41888,0,1358,17
1587481436.9100122,10.10.0.10,173.194.182.102,,,41888,443,0,37,17
1587481436.912846,173.194.182.102,10.10.0.10,,,443,41888,0,1358,17
1587481436.9173012,173.194.182.102,10.10.0.10,,,443,41888,0,1358,17
1587481436.919678,10.10.0.10,173.194.182.102,,,41888,443,0,37,17
1587481436.9217381,173.194.182.102,10.10.0.10,,,443,41888,0,1358,17
1587481436.926209,173.194.182.102,10.10.0.10,,,443,41888,0,1358,17
1587481436.927986,10.10.0.10,173.194.182.102,,,41888,443,0,37,17
1587481436.9306376,173.194.182.102,10.10.0.10,,,443,41888,0,1358,17
1587481436.9351199,173.194.182.102,10.10.0.10,,,443,41888,0,1358,17
1587481436.936961,10.10.0.10,173.194.182.102,,,41888,443,0,37,17
1587481436.9395778,173.194.182.102,10.10.0.10,,,443,41888,0,1358,17
1587481436.941216,10.10.0.10,173.194.182.102,,,41888,443,0,40,17
1587481436.944032,173.194.182.102,10.10.0.10,,,443,41888,0,1358,17
1587481436.9461231,10.10.0.10,173.194.182.102,,,41888,443,0,37,17
1587481436.948472,173.194.182.102,10.10.0.10,,,443,41888,0,1358,17
1587481436.9529412,173.194.182.102,10.10.0.10,,,443,41888,0,1358,17
1587481436.954679,10.10.0.10,173.194.182.102,,,41888,443,0,37,17
1587481436.957896,173.194.182.102,10.10.0.10,,,443,41888,0,29,17
1587481436.95807,173.194.182.102,10.10.0.10,,,443,41888,0,1358,17
1587481436.962585,173.194.182.102,10.10.0.10,,,443,41888,0,1358,17
1587481436.964241,10.10.0.10,173.194.182.102,,,41888,443,0,37,17
1587481436.9670362,173.194.182.102,10.10.0.10,,,443,41888,0,1358,17
1587481436.9714909,173.194.182.102,10.10.0.10,,,443,41888,0,1358,17
1587481436.973264,10.10.0.10,173.194.182.102,,,41888,443,0,37,17
1587481436.975948,173.194.182.102,10.10.0.10,,,443,41888,0,1358,17
1587481436.9803982,173.194.182.102,10.10.0.10,,,443,41888,0,1358,17
1587481436.9821384,10.10.0.10,173.194.182.102,,,41888,443,0,37,17
1587481436.9848518,173.194.182.102,10.10.0.10,,,443,41888,0,1358,17
1587481436.989312,173.194.182.102,10.10.0.10,,,443,41888,0,1358,17
1587481436.991223,10.10.0.10,173.194.182.102,,,41888,443,0,37,17
1587481436.993762,173.194.182.102,10.10.0.10,,,443,41888,0,1358,17
1587481436.9982214,173.194.182.102,10.10.0.10,,,443,41888,0,1358,17
1587481437.000055,10.10.0.10,173.194.182.102,,,41888,443,0,37,17
1587481437.0026758,173.194.182.102,10.10.0.10,,,443,41888,0,1358,17
1587481437.007129,173.194.182.102,10.10.0.10,,,443,41888,0,1358,17
1587481437.008806,10.10.0.10,173.194.182.102,,,41888,443,0,37,17
1587481437.0115802,173.194.182.102,10.10.0.10,,,443,41888,0,1358,17
1587481437.0160382,173.194.182.102,10.10.0.10,,,443,41888,0,1358,17
1587481437.0186338,10.10.0.10,173.194.182.102,,,41888,443,0,37,17
1587481437.020488,173.194.182.102,10.10.0.10,,,443,41888,0,1358,17
1587481437.0249422,173.194.182.102,10.10.0.10,,,443,41888,0,1358,17
1587481437.026616,10.10.0.10,173.194.182.102,,,41888,443,0,37,17
1587481437.0293732,173.194.182.102,10.10.0.10,,,443,41888,0,1358,17
1587481437.03385,173.194.182.102,10.10.0.10,,,443,41888,0,1358,17
1587481437.035701,10.10.0.10,173.194.182.102,,,41888,443,0,50,17
1587481437.038265,173.194.182.102,10.10.0.10,,,443,41888,0,1358,17
1587481437.0427349,173.194.182.102,10.10.0.10,,,443,41888,0,1358,17
1587481437.04477,10.10.0.10,173.194.182.102,,,41888,443,0,37,17
1587481437.047174,173.194.182.102,10.10.0.10,,,443,41888,0,1358,17
1587481437.051668,173.194.182.102,10.10.0.10,,,443,41888,0,1358,17
1587481437.053328,10.10.0.10,173.194.182.102,,,41888,443,0,37,17
1587481437.056098,173.194.182.102,10.10.0.10,,,443,41888,0,1358,17
1587481437.0605779,173.194.182.102,10.10.0.10,,,443,41888,0,1358,17
1587481437.064075,10.10.0.10,173.194.182.102,,,41888,443,0,37,17
1587481437.065031,173.194.182.102,10.10.0.10,,,443,41888,0,1358,17
1587481437.069486,173.194.182.102,10.10.0.10,,,443,41888,0,1358,17
1587481437.0715349,10.10.0.10,173.194.182.102,,,41888,443,0,37,17
1587481437.0739439,173.194.182.102,10.10.0.10,,,443,41888,0,1358,17
1587481437.078398,173.194.182.102,10.10.0.10,,,443,41888,0,1358,17
1587481437.080009,10.10.0.10,173.194.182.102,,,41888,443,0,37,17
1587481437.082792,173.194.182.102,10.10.0.10,,,443,41888,0,1358,17
1587481437.087303,173.194.182.102,10.10.0.10,,,443,41888,0,1358,17
1587481437.0894089,10.10.0.10,173.194.182.102,,,41888,443,0,37,17
1587481437.091758,173.194.182.102,10.10.0.10,,,443,41888,0,1358,17
1587481437.0962188,173.194.182.102,10.10.0.10,,,443,41888,0,1358,17
1587481437.098032,10.10.0.10,173.194.182.102,,,41888,443,0,37,17
1587481437.1006668,173.194.182.102,10.10.0.10,,,443,41888,0,1358,17
1587481437.105126,173.194.182.102,10.10.0.10,,,443,41888,0,1358,17
1587481437.107289,10.10.0.10,173.194.182.102,,,41888,443,0,37,17
1587481437.109536,173.194.182.102,10.10.0.10,,,443,41888,0,1358,17
1587481437.114034,173.194.182.102,10.10.0.10,,,443,41888,0,1358,17
1587481437.115782,10.10.0.10,173.194.182.102,,,41888,443,0,37,17
1587481437.1184282,173.194.182.102,10.10.0.10,,,443,41888,0,1358,17
1587481437.122943,173.194.182.102,10.10.0.10,,,443,41888,0,1358,17
1587481437.124973,10.10.0.10,173.194.182.102,,,41888,443,0,37,17
1587481437.127352,173.194.182.102,10.10.0.10,,,443,41888,0,1358,17
1587481437.131799,173.194.182.102,10.10.0.10,,,443,41888,0,1358,17
1587481437.1337662,10.10.0.10,173.194.182.102,,,41888,443,0,37,17
1587481437.136248,173.194.182.102,10.10.0.10,,,443,41888,0,1358,17
1587481437.140703,173.194.182.102,10.10.0.10,,,443,41888,0,1358,17
1587481437.1442118,10.10.0.10,173.194.182.102,,,41888,443,0,37,17
1587481437.145153,173.194.182.102,10.10.0.10,,,443,41888,0,1358,17
1587481437.14965,173.194.182.102,10.10.0.10,,,443,41888,0,1358,17
1587481437.1525822,10.10.0.10,173.194.182.102,,,41888,443,0,37,17
1587481437.154104,173.194.182.102,10.10.0.10,,,443,41888,0,1358,17
1587481437.158536,173.194.182.102,10.10.0.10,,,443,41888,0,1358,17
1587481437.162984,173.194.182.102,10.10.0.10,,,443,41888,0,1358,17
1587481437.163395,10.10.0.10,173.194.182.102,,,41888,443,0,37,17
1587481437.167468,173.194.182.102,10.10.0.10,,,443,41888,0,1358,17
1587481437.1693368,10.10.0.10,173.194.182.102,,,41888,443,0,37,17
1587481437.1718712,173.194.182.102,10.10.0.10,,,443,41888,0,1358,17
1587481437.1763554,173.194.182.102,10.10.0.10,,,443,41888,0,1358,17
1587481437.1781938,10.10.0.10,173.194.182.102,,,41888,443,0,37,17
1587481437.1808348,173.194.182.102,10.10.0.10,,,443,41888,0,1358,17
1587481437.185262,173.194.182.102,10.10.0.10,,,443,41888,0,1358,17
1587481437.189744,173.194.182.102,10.10.0.10,,,443,41888,0,1358,17
1587481437.1941981,173.194.182.102,10.10.0.10,,,443,41888,0,1358,17
1587481437.1986544,173.194.182.102,10.10.0.10,,,443,41888,0,1358,17
1587481437.203094,173.194.182.102,10.10.0.10,,,443,41888,0,1358,17
1587481437.2075384,173.194.182.102,10.10.0.10,,,443,41888,0,1358,17
1587481437.2120268,173.194.182.102,10.10.0.10,,,443,41888,0,1358,17
1587481437.2164779,173.194.182.102,10.10.0.10,,,443,41888,0,1358,17
1587481437.2208738,173.194.182.102,10.10.0.10,,,443,41888,0,1358,17
1587481437.225317,173.194.182.102,10.10.0.10,,,443,41888,0,1358,17
1587481437.2297866,173.194.182.102,10.10.0.10,,,443,41888,0,1358,17
1587481437.299842,10.10.0.10,173.194.182.102,,,41888,443,0,37,17
1587481437.3052714,173.194.182.102,10.10.0.10,,,443,41888,0,1358,17
1587481437.3054988,10.10.0.10,173.194.182.102,,,41888,443,0,37,17
1587481437.3062394,10.10.0.10,173.194.182.102,,,41888,443,0,37,17
1587481437.306272,10.10.0.10,173.194.182.102,,,41888,443,0,50,17
1587481437.3067422,10.10.0.10,173.194.182.102,,,41888,443,0,37,17
1587481437.308007,10.10.0.10,173.194.182.102,,,41888,443,0,37,17
1587481437.310719,173.194.182.102,10.10.0.10,,,443,41888,0,1358,17
1587481437.31252,10.10.0.10,173.194.182.102,,,41888,443,0,37,17
1587481437.3159056,173.194.182.102,10.10.0.10,,,443,41888,0,1358,17
1587481437.315943,173.194.182.102,10.10.0.10,,,443,41888,0,1358,17
1587481437.318327,10.10.0.10,173.194.182.102,,,41888,443,0,37,17
1587481437.3197012,173.194.182.102,10.10.0.10,,,443,41888,0,29,17
1587481437.3233216,173.194.182.102,10.10.0.10,,,443,41888,0,1358,17
1587481437.3243651,173.194.182.102,10.10.0.10,,,443,41888,0,1358,17
1587481437.32584,10.10.0.10,173.194.182.102,,,41888,443,0,37,17
1587481437.333823,173.194.182.102,10.10.0.10,,,443,41888,0,1358,17
1587481437.333846,173.194.182.102,10.10.0.10,,,443,41888,0,1358,17
1587481437.3410802,10.10.0.10,173.194.182.102,,,41888,443,0,37,17
1587481437.3423624,173.194.182.102,10.10.0.10,,,443,41888,0,1358,17
1587481437.342385,173.194.182.102,10.10.0.10,,,443,41888,0,1358,17
1587481437.3443134,10.10.0.10,173.194.182.102,,,41888,443,0,37,17
1587481437.349135,173.194.182.102,10.10.0.10,,,443,41888,0,1358,17
1587481437.351137,173.194.182.102,10.10.0.10,,,443,41888,0,1358,17
1587481437.352854,10.10.0.10,173.194.182.102,,,41888,443,0,37,17
1587481437.355593,173.194.182.102,10.10.0.10,,,443,41888,0,1358,17
1587481437.3600452,173.194.182.102,10.10.0.10,,,443,41888,0,1358,17
1587481437.3629582,10.10.0.10,173.194.182.102,,,41888,443,0,37,17
1587481437.3645024,173.194.182.102,10.10.0.10,,,443,41888,0,1358,17
1587481437.368956,173.194.182.102,10.10.0.10,,,443,41888,0,1358,17
1587481437.370582,10.10.0.10,173.194.182.102,,,41888,443,0,37,17
1587481437.373412,173.194.182.102,10.10.0.10,,,443,41888,0,1358,17
1587481437.377867,173.194.182.102,10.10.0.10,,,443,41888,0,1358,17
1587481437.379647,10.10.0.10,173.194.182.102,,,41888,443,0,37,17
1587481437.3822932,173.194.182.102,10.10.0.10,,,443,41888,0,1358,17
1587481437.386774,173.194.182.102,10.10.0.10,,,443,41888,0,1358,17
1587481437.388549,10.10.0.10,173.194.182.102,,,41888,443,0,37,17
1587481437.3912284,173.194.182.102,10.10.0.10,,,443,41888,0,1358,17
1587481437.3956661,173.194.182.102,10.10.0.10,,,443,41888,0,1358,17
1587481437.397395,10.10.0.10,173.194.182.102,,,41888,443,0,37,17
1587481437.4001412,173.194.182.102,10.10.0.10,,,443,41888,0,1358,17
1587481437.404592,173.194.182.102,10.10.0.10,,,443,41888,0,1358,17
1587481437.406417,10.10.0.10,173.194.182.102,,,41888,443,0,37,17
1587481437.4089859,173.194.182.102,10.10.0.10,,,443,41888,0,1358,17
1587481437.413501,173.194.182.102,10.10.0.10,,,443,41888,0,1358,17
1587481437.415143,10.10.0.10,173.194.182.102,,,41888,443,0,37,17
1587481437.417954,173.194.182.102,10.10.0.10,,,443,41888,0,1358,17
1587481437.422384,173.194.182.102,10.10.0.10,,,443,41888,0,1358,17
1587481437.423999,10.10.0.10,173.194.182.102,,,41888,443,0,37,17
1587481437.4268641,173.194.182.102,10.10.0.10,,,443,41888,0,1358,17
1587481437.431318,173.194.182.102,10.10.0.10,,,443,41888,0,1358,17
1587481437.432874,10.10.0.10,173.194.182.102,,,41888,443,0,37,17
1587481437.4357119,173.194.182.102,10.10.0.10,,,443,41888,0,1358,17
1587481437.440231,173.194.182.102,10.10.0.10,,,443,41888,0,1358,17
1587481437.4419038,10.10.0.10,173.194.182.102,,,41888,443,0,37,17
1587481437.4446845,173.194.182.102,10.10.0.10,,,443,41888,0,1358,17
1587481437.449112,173.194.182.102,10.10.0.10,,,443,41888,0,1358,17
1587481437.4507732,10.10.0.10,173.194.182.102,,,41888,443,0,37,17
1587481437.453594,173.194.182.102,10.10.0.10,,,443,41888,0,1358,17
1587481437.458048,173.194.182.102,10.10.0.10,,,443,41888,0,1358,17
1587481437.4595642,10.10.0.10,173.194.182.102,,,41888,443,0,50,17
1587481437.4624732,173.194.182.102,10.10.0.10,,,443,41888,0,1358,17
1587481437.4669561,173.194.182.102,10.10.0.10,,,443,41888,0,1358,17
1587481437.468734,10.10.0.10,173.194.182.102,,,41888,443,0,37,17
1587481437.471411,173.194.182.102,10.10.0.10,,,443,41888,0,1358,17
1587481437.4758382,173.194.182.102,10.10.0.10,,,443,41888,0,1358,17
1587481437.478543,10.10.0.10,173.194.182.102,,,41888,443,0,37,17
1587481437.4803214,173.194.182.102,10.10.0.10,,,443,41888,0,1358,17
1587481437.4847732,173.194.182.102,10.10.0.10,,,443,41888,0,1358,17
1587481437.4875069,10.10.0.10,173.194.182.102,,,41888,443,0,37,17
1587481437.489201,173.194.182.102,10.10.0.10,,,443,41888,0,1358,17
1587481437.4936829,173.194.182.102,10.10.0.10,,,443,41888,0,1358,17
1587481437.495381,10.10.0.10,173.194.182.102,,,41888,443,0,37,17
1587481437.498137,173.194.182.102,10.10.0.10,,,443,41888,0,1358,17
1587481437.502564,173.194.182.102,10.10.0.10,,,443,41888,0,1358,17
1587481437.5056932,10.10.0.10,173.194.182.102,,,41888,443,0,37,17
1587481437.5070472,173.194.182.102,10.10.0.10,,,443,41888,0,1358,17
1587481437.5115,173.194.182.102,10.10.0.10,,,443,41888,0,1358,17
1587481437.513128,10.10.0.10,173.194.182.102,,,41888,443,0,37,17
1587481437.5159252,173.194.182.102,10.10.0.10,,,443,41888,0,29,17
1587481437.5161252,173.194.182.102,10.10.0.10,,,443,41888,0,1358,17
1587481437.520552,173.194.182.102,10.10.0.10,,,443,41888,0,1358,17
1587481437.522205,10.10.0.10,173.194.182.102,,,41888,443,0,37,17
1587481437.525064,173.194.182.102,10.10.0.10,,,443,41888,0,1358,17
1587481437.529492,173.194.182.102,10.10.0.10,,,443,41888,0,1358,17
1587481437.531,10.10.0.10,173.194.182.102,,,41888,443,0,37,17
1587481437.533977,173.194.182.102,10.10.0.10,,,443,41888,0,1358,17
1587481437.53843,173.194.182.102,10.10.0.10,,,443,41888,0,1358,17
1587481437.540024,10.10.0.10,173.194.182.102,,,41888,443,0,37,17
1587481437.5428839,173.194.182.102,10.10.0.10,,,443,41888,0,1358,17
1587481437.5473402,173.194.182.102,10.10.0.10,,,443,41888,0,1358,17
1587481437.549173,10.10.0.10,173.194.182.102,,,41888,443,0,37,17
1587481437.5517929,173.194.182.102,10.10.0.10,,,443,41888,0,1358,17
1587481437.556221,173.194.182.102,10.10.0.10,,,443,41888,0,1358,17
1587481437.557856,10.10.0.10,173.194.182.102,,,41888,443,0,37,17
1587481437.5607018,173.194.182.102,10.10.0.10,,,443,41888,0,1358,17
1587481437.565133,173.194.182.102,10.10.0.10,,,443,41888,0,1358,17
1587481437.5666704,10.10.0.10,173.194.182.102,,,41888,443,0,37,17
1587481437.5701141,173.194.182.102,10.10.0.10,,,443,41888,0,1358,17
1587481437.574601,173.194.182.102,10.10.0.10,,,443,41888,0,1358,17
1587481437.576169,10.10.0.10,173.194.182.102,,,41888,443,0,37,17
1587481437.579028,173.194.182.102,10.10.0.10,,,443,41888,0,1358,17
1587481437.5835078,173.194.182.102,10.10.0.10,,,443,41888,0,1358,17
1587481437.585026,10.10.0.10,173.194.182.102,,,41888,443,0,37,17
1587481437.5879624,173.194.182.102,10.10.0.10,,,443,41888,0,1358,17
1587481437.592391,173.194.182.102,10.10.0.10,,,443,41888,0,1358,17
1587481437.593984,10.10.0.10,173.194.182.102,,,41888,443,0,37,17
1587481437.596872,173.194.182.102,10.10.0.10,,,443,41888,0,1358,17
1587481437.6013298,173.194.182.102,10.10.0.10,,,443,41888,0,1358,17
1587481437.604485,10.10.0.10,173.194.182.102,,,41888,443,0,37,17
1587481437.605751,173.194.182.102,10.10.0.10,,,443,41888,0,1358,17
1587481437.610235,173.194.182.102,10.10.0.10,,,443,41888,0,1358,17
1587481437.6129394,10.10.0.10,173.194.182.102,,,41888,443,0,37,17
1587481437.6146884,173.194.182.102,10.10.0.10,,,443,41888,0,1358,17
1587481437.6191142,173.194.182.102,10.10.0.10,,,443,41888,0,1358,17
1587481437.621941,10.10.0.10,173.194.182.102,,,41888,443,0,37,17
1587481437.623598,173.194.182.102,10.10.0.10,,,443,41888,0,1358,17
1587481437.628055,173.194.182.102,10.10.0.10,,,443,41888,0,1358,17
1587481437.630337,10.10.0.10,173.194.182.102,,,41888,443,0,37,17
1587481437.6325085,173.194.182.102,10.10.0.10,,,443,41888,0,1358,17
1587481437.636962,173.194.182.102,10.10.0.10,,,443,41888,0,1358,17
1587481437.638847,10.10.0.10,173.194.182.102,,,41888,443,0,50,17
1587481437.641419,173.194.182.102,10.10.0.10,,,443,41888,0,1358,17
1587481437.64584,173.194.182.102,10.10.0.10,,,443,41888,0,1358,17
1587481437.647651,10.10.0.10,173.194.182.102,,,41888,443,0,37,17
1587481437.650325,173.194.182.102,10.10.0.10,,,443,41888,0,1358,17
1587481437.654779,173.194.182.102,10.10.0.10,,,443,41888,0,1358,17
1587481437.656654,10.10.0.10,173.194.182.102,,,41888,443,0,37,17
1587481437.6592028,173.194.182.102,10.10.0.10,,,443,41888,0,1358,17
1587481437.6636882,173.194.182.102,10.10.0.10,,,443,41888,0,1358,17
1587481437.6652932,10.10.0.10,173.194.182.102,,,41888,443,0,37,17
1587481437.668101,173.194.182.102,10.10.0.10,,,443,41888,0,1358,17
1587481437.6725671,173.194.182.102,10.10.0.10,,,443,41888,0,1358,17
1587481437.675111,10.10.0.10,173.194.182.102,,,41888,443,0,37,17
1587481437.6770525,173.194.182.102,10.10.0.10,,,443,41888,0,1358,17
1587481437.6814866,173.194.182.102,10.10.0.10,,,443,41888,0,1358,17
1587481437.683023,10.10.0.10,173.194.182.102,,,41888,443,0,37,17
1587481437.6859634,173.194.182.102,10.10.0.10,,,443,41888,0,1358,17
1587481437.6904142,173.194.182.102,10.10.0.10,,,443,41888,0,1358,17
1587481437.6932108,10.10.0.10,173.194.182.102,,,41888,443,0,37,17
1587481437.69487,173.194.182.102,10.10.0.10,,,443,41888,0,1358,17
1587481437.699326,173.194.182.102,10.10.0.10,,,443,41888,0,1358,17
1587481437.7009618,10.10.0.10,173.194.182.102,,,41888,443,0,37,17
1587481437.7037802,173.194.182.102,10.10.0.10,,,443,41888,0,1358,17
1587481437.708231,173.194.182.102,10.10.0.10,,,443,41888,0,1358,17
1587481437.709815,10.10.0.10,173.194.182.102,,,41888,443,0,37,17
1587481437.712688,173.194.182.102,10.10.0.10,,,443,41888,0,1358,17
1587481437.717143,173.194.182.102,10.10.0.10,,,443,41888,0,1358,17
1587481437.718734,10.10.0.10,173.194.182.102,,,41888,443,0,37,17
1587481437.7215812,173.194.182.102,10.10.0.10,,,443,41888,0,1358,17
1587481437.7260294,173.194.182.102,10.10.0.10,,,443,41888,0,1358,17
1587481437.7276669,10.10.0.10,173.194.182.102,,,41888,443,0,37,17
1587481437.730479,173.194.182.102,10.10.0.10,,,443,41888,0,1358,17
1587481437.734965,173.194.182.102,10.10.0.10,,,443,41888,0,1358,17
1587481437.73683,10.10.0.10,173.194.182.102,,,41888,443,0,37,17
1587481437.739397,173.194.182.102,10.10.0.10,,,443,41888,0,1358,17
1587481437.7438738,173.194.182.102,10.10.0.10,,,443,41888,0,1358,17
1587481437.7454472,10.10.0.10,173.194.182.102,,,41888,443,0,37,17
1587481437.748328,173.194.182.102,10.10.0.10,,,443,41888,0,1358,17
1587481437.752761,173.194.182.102,10.10.0.10,,,443,41888,0,1358,17
1587481437.754499,10.10.0.10,173.194.182.102,,,41888,443,0,37,17
1587481437.7572372,173.194.182.102,10.10.0.10,,,443,41888,0,1358,17
1587481437.7616909,173.194.182.102,10.10.0.10,,,443,41888,0,1358,17
1587481437.7634401,10.10.0.10,173.194.182.102,,,41888,443,0,37,17
1587481437.7661214,173.194.182.102,10.10.0.10,,,443,41888,0,1358,17
1587481437.770592,173.194.182.102,10.10.0.10,,,443,41888,0,1358,17
1587481437.7724998,10.10.0.10,173.194.182.102,,,41888,443,0,37,17
1587481437.7750552,173.194.182.102,10.10.0.10,,,443,41888,0,1358,17
1587481437.7794864,173.194.182.102,10.10.0.10,,,443,41888,0,1358,17
1587481437.781082,10.10.0.10,173.194.182.102,,,41888,443,0,37,17
1587481437.7839642,173.194.182.102,10.10.0.10,,,443,41888,0,1358,17
1587481437.7884188,173.194.182.102,10.10.0.10,,,443,41888,0,1358,17
1587481437.7909038,10.10.0.10,173.194.182.102,,,41888,443,0,37,17
1587481437.792872,173.194.182.102,10.10.0.10,,,443,41888,0,1358,17
1587481437.797327,173.194.182.102,10.10.0.10,,,443,41888,0,1358,17
1587481437.7987788,10.10.0.10,173.194.182.102,,,41888,443,0,37,17
1587481437.801783,173.194.182.102,10.10.0.10,,,443,41888,0,1358,17
1587481437.8062365,173.194.182.102,10.10.0.10,,,443,41888,0,1358,17
1587481437.807832,10.10.0.10,173.194.182.102,,,41888,443,0,37,17
1587481437.81069,173.194.182.102,10.10.0.10,,,443,41888,0,1358,17
1587481437.815145,173.194.182.102,10.10.0.10,,,443,41888,0,1358,17
1587481437.816833,10.10.0.10,173.194.182.102,,,41888,443,0,50,17
1587481437.8196,173.194.182.102,10.10.0.10,,,443,41888,0,1358,17
1587481437.8240528,173.194.182.102,10.10.0.10,,,443,41888,0,1358,17
1587481437.8256445,10.10.0.10,173.194.182.102,,,41888,443,0,37,17
1587481437.8284428,173.194.182.102,10.10.0.10,,,443,41888,0,1358,17
1587481437.8329618,173.194.182.102,10.10.0.10,,,443,41888,0,1358,17
1587481437.8356009,10.10.0.10,173.194.182.102,,,41888,443,0,37,17
1587481437.8374202,173.194.182.102,10.10.0.10,,,443,41888,0,1358,17
1587481437.84188,173.194.182.102,10.10.0.10,,,443,41888,0,1358,17
1587481437.84363,10.10.0.10,173.194.182.102,,,41888,443,0,37,17
1587481437.8463302,173.194.182.102,10.10.0.10,,,443,41888,0,1358,17
1587481437.850784,173.194.182.102,10.10.0.10,,,443,41888,0,1358,17
1587481437.8552382,173.194.182.102,10.10.0.10,,,443,41888,0,1358,17
1587481437.859694,173.194.182.102,10.10.0.10,,,443,41888,0,1358,17
1587481437.8641481,173.194.182.102,10.10.0.10,,,443,41888,0,1358,17
1587481437.8685858,173.194.182.102,10.10.0.10,,,443,41888,0,1358,17
1587481437.873039,173.194.182.102,10.10.0.10,,,443,41888,0,1358,17
1587481437.8758278,10.10.0.10,173.194.182.102,,,41888,443,0,37,17
1587481437.876466,10.10.0.10,173.194.182.102,,,41888,443,0,37,17
1587481437.8774931,173.194.182.102,10.10.0.10,,,443,41888,0,1358,17
1587481437.877626,10.10.0.10,173.194.182.102,,,41888,443,0,37,17
1587481437.880192,10.10.0.10,173.194.182.102,,,41888,443,0,37,17
1587481437.881969,173.194.182.102,10.10.0.10,,,443,41888,0,1358,17
1587481437.8864212,173.194.182.102,10.10.0.10,,,443,41888,0,1358,17
1587481437.889257,10.10.0.10,173.194.182.102,,,41888,443,0,37,17
1587481437.890874,173.194.182.102,10.10.0.10,,,443,41888,0,1358,17
1587481437.895332,173.194.182.102,10.10.0.10,,,443,41888,0,1358,17
1587481437.898135,10.10.0.10,173.194.182.102,,,41888,443,0,37,17
1587481437.89979,173.194.182.102,10.10.0.10,,,443,41888,0,1358,17
1587481437.904242,173.194.182.102,10.10.0.10,,,443,41888,0,1358,17
1587481437.906157,10.10.0.10,173.194.182.102,,,41888,443,0,37,17
1587481437.9086974,173.194.182.102,10.10.0.10,,,443,41888,0,1358,17
1587481437.913152,173.194.182.102,10.10.0.10,,,443,41888,0,1358,17
1587481437.9149039,10.10.0.10,173.194.182.102,,,41888,443,0,37,17
1587481437.9176035,173.194.182.102,10.10.0.10,,,443,41888,0,1358,17
1587481437.9220605,173.194.182.102,10.10.0.10,,,443,41888,0,1358,17
1587481437.9242349,10.10.0.10,173.194.182.102,,,41888,443,0,37,17
1587481437.9264774,173.194.182.102,10.10.0.10,,,443,41888,0,1358,17
1587481437.93097,173.194.182.102,10.10.0.10,,,443,41888,0,1358,17
1587481437.932751,10.10.0.10,173.194.182.102,,,41888,443,0,37,17
1587481437.935425,173.194.182.102,10.10.0.10,,,443,41888,0,1358,17
1587481437.9398801,173.194.182.102,10.10.0.10,,,443,41888,0,1358,17
1587481437.942028,10.10.0.10,173.194.182.102,,,41888,443,0,37,17
1587481437.94433,173.194.182.102,10.10.0.10,,,443,41888,0,1358,17
1587481437.94876,173.194.182.102,10.10.0.10,,,443,41888,0,1358,17
1587481437.950614,10.10.0.10,173.194.182.102,,,41888,443,0,37,17
1587481437.9532428,173.194.182.102,10.10.0.10,,,443,41888,0,1358,17
1587481437.9576929,173.194.182.102,10.10.0.10,,,443,41888,0,1358,17
1587481437.95948,10.10.0.10,173.194.182.102,,,41888,443,0,37,17
1587481437.9620938,173.194.182.102,10.10.0.10,,,443,41888,0,1358,17
1587481437.966607,173.194.182.102,10.10.0.10,,,443,41888,0,1358,17
1587481437.968982,10.10.0.10,173.194.182.102,,,41888,443,0,37,17
1587481437.971057,173.194.182.102,10.10.0.10,,,443,41888,0,1358,17
1587481437.9755151,173.194.182.102,10.10.0.10,,,443,41888,0,1358,17
1587481437.977406,10.10.0.10,173.194.182.102,,,41888,443,0,37,17
1587481437.97997,173.194.182.102,10.10.0.10,,,443,41888,0,1358,17
1587481437.9844232,173.194.182.102,10.10.0.10,,,443,41888,0,1358,17
1587481437.986048,10.10.0.10,173.194.182.102,,,41888,443,0,37,17
1587481437.988841,173.194.182.102,10.10.0.10,,,443,41888,0,1358,17
1587481437.993331,173.194.182.102,10.10.0.10,,,443,41888,0,1358,17
1587481437.9951556,10.10.0.10,173.194.182.102,,,41888,443,0,50,17
1587481437.997751,173.194.182.102,10.10.0.10,,,443,41888,0,1358,17
1587481438.0022268,173.194.182.102,10.10.0.10,,,443,41888,0,1358,17
1587481438.0042179,10.10.0.10,173.194.182.102,,,41888,443,0,37,17
1587481438.0066931,173.194.182.102,10.10.0.10,,,443,41888,0,1358,17
1587481438.0111492,173.194.182.102,10.10.0.10,,,443,41888,0,1358,17
1587481438.012927,10.10.0.10,173.194.182.102,,,41888,443,0,37,17
1587481438.015615,173.194.182.102,10.10.0.10,,,443,41888,0,1358,17
1587481438.020056,173.194.182.102,10.10.0.10,,,443,41888,0,1358,17
1587481438.0222142,10.10.0.10,173.194.182.102,,,41888,443,0,37,17
1587481438.0245092,173.194.182.102,10.10.0.10,,,443,41888,0,1358,17
1587481438.028928,173.194.182.102,10.10.0.10,,,443,41888,0,1358,17
1587481438.031235,10.10.0.10,173.194.182.102,,,41888,443,0,37,17
1587481438.033421,173.194.182.102,10.10.0.10,,,443,41888,0,1358,17
1587481438.037876,173.194.182.102,10.10.0.10,,,443,41888,0,1358,17
1587481438.040786,10.10.0.10,173.194.182.102,,,41888,443,0,37,17
1587481438.042335,173.194.182.102,10.10.0.10,,,443,41888,0,1358,17
1587481438.0467849,173.194.182.102,10.10.0.10,,,443,41888,0,1358,17
1587481438.048543,10.10.0.10,173.194.182.102,,,41888,443,0,37,17
1587481438.05124,173.194.182.102,10.10.0.10,,,443,41888,0,1358,17
1587481438.0556939,173.194.182.102,10.10.0.10,,,443,41888,0,1358,17
1587481438.0574498,10.10.0.10,173.194.182.102,,,41888,443,0,37,17
1587481438.0601478,173.194.182.102,10.10.0.10,,,443,41888,0,1358,17
1587481438.064573,173.194.182.102,10.10.0.10,,,443,41888,0,1358,17
1587481438.066116,10.10.0.10,173.194.182.102,,,41888,443,0,37,17
1587481438.0689929,173.194.182.102,10.10.0.10,,,443,41888,0,1358,17
1587481438.0734758,173.194.182.102,10.10.0.10,,,443,41888,0,1358,17
1587481438.0751069,10.10.0.10,173.194.182.102,,,41888,443,0,37,17
1587481438.0779312,173.194.182.102,10.10.0.10,,,443,41888,0,1358,17
1587481438.082374,173.194.182.102,10.10.0.10,,,443,41888,0,1358,17
1587481438.0847068,10.10.0.10,173.194.182.102,,,41888,443,0,37,17
1587481438.0868409,173.194.182.102,10.10.0.10,,,443,41888,0,1358,17
1587481438.091328,173.194.182.102,10.10.0.10,,,443,41888,0,1358,17
1587481438.0928464,10.10.0.10,173.194.182.102,,,41888,443,0,37,17
1587481438.0957458,173.194.182.102,10.10.0.10,,,443,41888,0,1358,17
1587481438.0974731,10.10.0.10,173.194.182.102,,,41888,443,0,40,17
1587481438.100238,173.194.182.102,10.10.0.10,,,443,41888,0,1358,17
1587481438.1029284,10.10.0.10,173.194.182.102,,,41888,443,0,37,17
1587481438.1046932,173.194.182.102,10.10.0.10,,,443,41888,0,1358,17
1587481438.1067002,10.10.0.10,173.194.182.102,,,41888,443,0,40,17
1587481438.1091068,173.194.182.102,10.10.0.10,,,443,41888,0,1358,17
1587481438.110846,10.10.0.10,173.194.182.102,,,41888,443,0,37,17
1587481438.113601,173.194.182.102,10.10.0.10,,,443,41888,0,1358,17
1587481438.118055,173.194.182.102,10.10.0.10,,,443,41888,0,1358,17
1587481438.119559,10.10.0.10,173.194.182.102,,,41888,443,0,37,17
1587481438.1224694,173.194.182.102,10.10.0.10,,,443,41888,0,1358,17
1587481438.126964,173.194.182.102,10.10.0.10,,,443,41888,0,1358,17
1587481438.131418,173.194.182.102,10.10.0.10,,,443,41888,0,1358,17
1587481438.132414,10.10.0.10,173.194.182.102,,,41888,443,0,37,17
1587481438.1358151,173.194.182.102,10.10.0.10,,,443,41888,0,1358,17
1587481438.1373038,10.10.0.10,173.194.182.102,,,41888,443,0,37,17
1587481438.140284,173.194.182.102,10.10.0.10,,,443,41888,0,1358,17
1587481438.1447349,173.194.182.102,10.10.0.10,,,443,41888,0,1358,17
1587481438.146899,10.10.0.10,173.194.182.102,,,41888,443,0,37,17
1587481438.1491866,173.194.182.102,10.10.0.10,,,443,41888,0,1358,17
1587481438.153667,173.194.182.102,10.10.0.10,,,443,41888,0,1358,17
1587481438.156833,10.10.0.10,173.194.182.102,,,41888,443,0,50,17
1587481438.1580932,173.194.182.102,10.10.0.10,,,443,41888,0,1358,17
1587481438.162549,173.194.182.102,10.10.0.10,,,443,41888,0,1358,17
1587481438.1645231,10.10.0.10,173.194.182.102,,,41888,443,0,37,17
1587481438.166974,173.194.182.102,10.10.0.10,,,443,41888,0,1358,17
1587481438.1714866,173.194.182.102,10.10.0.10,,,443,41888,0,1358,17
1587481438.1733189,10.10.0.10,173.194.182.102,,,41888,443,0,37,17
1587481438.175919,173.194.182.102,10.10.0.10,,,443,41888,0,1358,17
1587481438.180397,173.194.182.102,10.10.0.10,,,443,41888,0,1358,17
1587481438.182554,10.10.0.10,173.194.182.102,,,41888,443,0,37,17
1587481438.184851,173.194.182.102,10.10.0.10,,,443,41888,0,1358,17
1587481438.189282,173.194.182.102,10.10.0.10,,,443,41888,0,1358,17
1587481438.19321,10.10.0.10,173.194.182.102,,,41888,443,0,37,17
1587481438.1937342,173.194.182.102,10.10.0.10,,,443,41888,0,1358,17
1587481438.198191,173.194.182.102,10.10.0.10,,,443,41888,0,1358,17
1587481438.199623,10.10.0.10,173.194.182.102,,,41888,443,0,37,17
1587481438.2026231,173.194.182.102,10.10.0.10,,,443,41888,0,1358,17
1587481438.2071311,173.194.182.102,10.10.0.10,,,443,41888,0,1358,17
1587481438.208714,10.10.0.10,173.194.182.102,,,41888,443,0,37,17
1587481438.211584,173.194.182.102,10.10.0.10,,,443,41888,0,1358,17
1587481438.216016,173.194.182.102,10.10.0.10,,,443,41888,0,1358,17
1587481438.2176616,10.10.0.10,173.194.182.102,,,41888,443,0,37,17
1587481438.2204444,173.194.182.102,10.10.0.10,,,443,41888,0,1358,17
1587481438.2248998,173.194.182.102,10.10.0.10,,,443,41888,0,1358,17
1587481438.226599,10.10.0.10,173.194.182.102,,,41888,443,0,37,17
1587481438.229384,173.194.182.102,10.10.0.10,,,443,41888,0,1358,17
1587481438.233792,173.194.182.102,10.10.0.10,,,443,41888,0,1358,17
1587481438.2357929,10.10.0.10,173.194.182.102,,,41888,443,0,37,17
1587481438.238249,173.194.182.102,10.10.0.10,,,443,41888,0,1358,17
1587481438.2427056,173.194.182.102,10.10.0.10,,,443,41888,0,1358,17
1587481438.244184,10.10.0.10,173.194.182.102,,,41888,443,0,37,17
1587481438.2471821,173.194.182.102,10.10.0.10,,,443,41888,0,1358,17
1587481438.2516348,173.194.182.102,10.10.0.10,,,443,41888,0,1358,17
1587481438.2538052,10.10.0.10,173.194.182.102,,,41888,443,0,37,17
1587481438.256119,173.194.182.102,10.10.0.10,,,443,41888,0,1358,17
1587481438.2605722,173.194.182.102,10.10.0.10,,,443,41888,0,1358,17
1587481438.2621431,10.10.0.10,173.194.182.102,,,41888,443,0,37,17
1587481438.265026,173.194.182.102,10.10.0.10,,,443,41888,0,1358,17
1587481438.269481,173.194.182.102,10.10.0.10,,,443,41888,0,1358,17
1587481438.2713912,10.10.0.10,173.194.182.102,,,41888,443,0,37,17
1587481438.273936,173.194.182.102,10.10.0.10,,,443,41888,0,1358,17
1587481438.278334,173.194.182.102,10.10.0.10,,,443,41888,0,1358,17
1587481438.279743,10.10.0.10,173.194.182.102,,,41888,443,0,37,17
1587481438.2828472,173.194.182.102,10.10.0.10,,,443,41888,0,1358,17
1587481438.287258,173.194.182.102,10.10.0.10,,,443,41888,0,1358,17
1587481438.289748,10.10.0.10,173.194.182.102,,,41888,443,0,37,17
1587481438.2917562,173.194.182.102,10.10.0.10,,,443,41888,0,1358,17
1587481438.2962098,173.194.182.102,10.10.0.10,,,443,41888,0,1020,17
1587481438.2977262,10.10.0.10,173.194.182.102,,,41888,443,0,37,17
1587481438.324502,10.10.0.10,173.194.182.102,,,41888,443,0,706,17
1587481438.324543,10.10.0.10,173.194.182.102,,,41888,443,0,48,17
1587481438.3412588,10.10.0.10,173.194.182.102,,,41888,443,0,710,17
1587481438.3412998,10.10.0.10,173.194.182.102,,,41888,443,0,48,17
1587481438.341794,173.194.182.102,10.10.0.10,,,443,41888,0,115,17
1587481438.3418279,173.194.182.102,10.10.0.10,,,443,41888,0,1358,17
1587481438.341842,173.194.182.102,10.10.0.10,,,443,41888,0,1358,17
1587481438.3438349,10.10.0.10,173.194.182.102,,,41888,443,0,37,17
1587481438.346074,173.194.182.102,10.10.0.10,,,443,41888,0,1358,17
1587481438.347517,10.10.0.10,173.194.182.102,,,41888,443,0,37,17
1587481438.350585,173.194.182.102,10.10.0.10,,,443,41888,0,1358,17
1587481438.355041,173.194.182.102,10.10.0.10,,,443,41888,0,1358,17
1587481438.357267,10.10.0.10,173.194.182.102,,,41888,443,0,37,17
1587481438.359494,173.194.182.102,10.10.0.10,,,443,41888,0,1358,17
1587481438.363948,173.194.182.102,10.10.0.10,,,443,41888,0,1358,17
1587481438.36562,10.10.0.10,173.194.182.102,,,41888,443,0,37,17
1587481438.368404,173.194.182.102,10.10.0.10,,,443,41888,0,1358,17
1587481438.3728578,173.194.182.102,10.10.0.10,,,443,41888,0,1358,17
1587481438.374534,10.10.0.10,173.194.182.102,,,41888,443,0,37,17
1587481438.3773148,173.194.182.102,10.10.0.10,,,443,41888,0,1358,17
1587481438.381768,173.194.182.102,10.10.0.10,,,443,41888,0,1358,17
1587481438.3834321,10.10.0.10,173.194.182.102,,,41888,443,0,37,17
1587481438.3862221,173.194.182.102,10.10.0.10,,,443,41888,0,1358,17
1587481438.3906338,173.194.182.102,10.10.0.10,,,443,41888,0,29,17
1587481438.390842,173.194.182.102,10.10.0.10,,,443,41888,0,1358,17
1587481438.3932366,10.10.0.10,173.194.182.102,,,41888,443,0,37,17
1587481438.3953311,173.194.182.102,10.10.0.10,,,443,41888,0,1358,17
1587481438.399787,173.194.182.102,10.10.0.10,,,443,41888,0,1358,17
1587481438.4017315,10.10.0.10,173.194.182.102,,,41888,443,0,37,17
1587481438.4042108,173.194.182.102,10.10.0.10,,,443,41888,0,1358,17
1587481438.406062,10.10.0.10,173.194.182.102,,,41888,443,0,40,17
1587481438.4086974,173.194.182.102,10.10.0.10,,,443,41888,0,1358,17
1587481438.4102,10.10.0.10,173.194.182.102,,,41888,443,0,40,17
1587481438.4131482,173.194.182.102,10.10.0.10,,,443,41888,0,1358,17
1587481438.414867,10.10.0.10,173.194.182.102,,,41888,443,0,40,17
1587481438.417606,173.194.182.102,10.10.0.10,,,443,41888,0,1358,17
1587481438.419602,10.10.0.10,173.194.182.102,,,41888,443,0,40,17
1587481438.4220605,173.194.182.102,10.10.0.10,,,443,41888,0,1358,17
1587481438.4264774,173.194.182.102,10.10.0.10,,,443,41888,0,1358,17
1587481438.4280539,10.10.0.10,173.194.182.102,,,41888,443,0,40,17
1587481438.430966,173.194.182.102,10.10.0.10,,,443,41888,0,1358,17
1587481438.435387,173.194.182.102,10.10.0.10,,,443,41888,0,1358,17
1587481438.437113,10.10.0.10,173.194.182.102,,,41888,443,0,40,17
1587481438.439875,173.194.182.102,10.10.0.10,,,443,41888,0,1358,17
1587481438.444329,173.194.182.102,10.10.0.10,,,443,41888,0,1358,17
1587481438.4460778,10.10.0.10,173.194.182.102,,,41888,443,0,40,17
1587481438.4487536,173.194.182.102,10.10.0.10,,,443,41888,0,1358,17
1587481438.453238,173.194.182.102,10.10.0.10,,,443,41888,0,1358,17
1587481438.456016,10.10.0.10,173.194.182.102,,,41888,443,0,40,17
1587481438.4576929,173.194.182.102,10.10.0.10,,,443,41888,0,1358,17
1587481438.462085,173.194.182.102,10.10.0.10,,,443,41888,0,1358,17
1587481438.463702,10.10.0.10,173.194.182.102,,,41888,443,0,40,17
1587481438.4666018,173.194.182.102,10.10.0.10,,,443,41888,0,1358,17
1587481438.471055,173.194.182.102,10.10.0.10,,,443,41888,0,1358,17
1587481438.472889,10.10.0.10,173.194.182.102,,,41888,443,0,40,17
1587481438.475446,173.194.182.102,10.10.0.10,,,443,41888,0,1358,17
1587481438.4799652,173.194.182.102,10.10.0.10,,,443,41888,0,1358,17
1587481438.4816608,10.10.0.10,173.194.182.102,,,41888,443,0,40,17
1587481438.4843972,173.194.182.102,10.10.0.10,,,443,41888,0,1358,17
1587481438.4888098,173.194.182.102,10.10.0.10,,,443,41888,0,1358,17
1587481438.492051,10.10.0.10,173.194.182.102,,,41888,443,0,53,17
1587481438.4933288,173.194.182.102,10.10.0.10,,,443,41888,0,1358,17
1587481438.497783,173.194.182.102,10.10.0.10,,,443,41888,0,1358,17
1587481438.499327,10.10.0.10,173.194.182.102,,,41888,443,0,40,17
1587481438.5021732,173.194.182.102,10.10.0.10,,,443,41888,0,1358,17
1587481438.5066931,173.194.182.102,10.10.0.10,,,443,41888,0,1358,17
1587481438.5087562,10.10.0.10,173.194.182.102,,,41888,443,0,40,17
1587481438.511107,173.194.182.102,10.10.0.10,,,443,41888,0,1358,17
1587481438.5155358,173.194.182.102,10.10.0.10,,,443,41888,0,1358,17
1587481438.5172026,10.10.0.10,173.194.182.102,,,41888,443,0,40,17
1587481438.520055,173.194.182.102,10.10.0.10,,,443,41888,0,1358,17
1587481438.5245118,173.194.182.102,10.10.0.10,,,443,41888,0,1358,17
1587481438.527101,10.10.0.10,173.194.182.102,,,41888,443,0,40,17
1587481438.528933,173.194.182.102,10.10.0.10,,,443,41888,0,1358,17
1587481438.533418,173.194.182.102,10.10.0.10,,,443,41888,0,1358,17
1587481438.537842,173.194.182.102,10.10.0.10,,,443,41888,0,1358,17
1587481438.5422974,173.194.182.102,10.10.0.10,,,443,41888,0,1358,17
1587481438.5467858,173.194.182.102,10.10.0.10,,,443,41888,0,1358,17
1587481438.5510428,10.10.0.10,173.194.182.102,,,41888,443,0,37,17
1587481438.551092,10.10.0.10,173.194.182.102,,,41888,443,0,37,17
1587481438.5512018,173.194.182.102,10.10.0.10,,,443,41888,0,1358,17
1587481438.554895,10.10.0.10,173.194.182.102,,,41888,443,0,37,17
1587481438.5556948,173.194.182.102,10.10.0.10,,,443,41888,0,1358,17
1587481438.56015,173.194.182.102,10.10.0.10,,,443,41888,0,1358,17
1587481438.5620122,10.10.0.10,173.194.182.102,,,41888,443,0,37,17
1587481438.564599,173.194.182.102,10.10.0.10,,,443,41888,0,1358,17
1587481438.5690534,173.194.182.102,10.10.0.10,,,443,41888,0,1358,17
1587481438.5707412,10.10.0.10,173.194.182.102,,,41888,443,0,37,17
1587481438.5735116,173.194.182.102,10.10.0.10,,,443,41888,0,1358,17
1587481438.5779624,173.194.182.102,10.10.0.10,,,443,41888,0,1358,17
1587481438.5794866,10.10.0.10,173.194.182.102,,,41888,443,0,37,17
1587481438.582421,173.194.182.102,10.10.0.10,,,443,41888,0,1358,17
1587481438.586874,173.194.182.102,10.10.0.10,,,443,41888,0,1358,17
1587481438.589133,10.10.0.10,173.194.182.102,,,41888,443,0,37,17
1587481438.591327,173.194.182.102,10.10.0.10,,,443,41888,0,1358,17
1587481438.595784,173.194.182.102,10.10.0.10,,,443,41888,0,1358,17
1587481438.597824,10.10.0.10,173.194.182.102,,,41888,443,0,37,17
1587481438.600235,173.194.182.102,10.10.0.10,,,443,41888,0,1358,17
1587481438.6046915,173.194.182.102,10.10.0.10,,,443,41888,0,1358,17
1587481438.607657,10.10.0.10,173.194.182.102,,,41888,443,0,37,17
1587481438.609146,173.194.182.102,10.10.0.10,,,443,41888,0,1358,17
1587481438.613557,173.194.182.102,10.10.0.10,,,443,41888,0,1358,17
1587481438.615155,10.10.0.10,173.194.182.102,,,41888,443,0,37,17
1587481438.6180534,173.194.182.102,10.10.0.10,,,443,41888,0,1358,17
1587481438.622508,173.194.182.102,10.10.0.10,,,443,41888,0,1358,17
1587481438.626056,10.10.0.10,173.194.182.102,,,41888,443,0,37,17
1587481438.6269634,173.194.182.102,10.10.0.10,,,443,41888,0,1358,17
1587481438.631416,173.194.182.102,10.10.0.10,,,443,41888,0,1358,17
1587481438.633137,10.10.0.10,173.194.182.102,,,41888,443,0,37,17
1587481438.63584,173.194.182.102,10.10.0.10,,,443,41888,0,1358,17
1587481438.6402721,173.194.182.102,10.10.0.10,,,443,41888,0,1358,17
1587481438.642086,10.10.0.10,173.194.182.102,,,41888,443,0,37,17
1587481438.644783,173.194.182.102,10.10.0.10,,,443,41888,0,1358,17
1587481438.64924,173.194.182.102,10.10.0.10,,,443,41888,0,1358,17
1587481438.6529212,10.10.0.10,173.194.182.102,,,41888,443,0,37,17
1587481438.6536686,173.194.182.102,10.10.0.10,,,443,41888,0,1358,17
1587481438.6581476,173.194.182.102,10.10.0.10,,,443,41888,0,1358,17
1587481438.659749,10.10.0.10,173.194.182.102,,,41888,443,0,37,17
1587481438.6625662,173.194.182.102,10.10.0.10,,,443,41888,0,1358,17
1587481438.667056,173.194.182.102,10.10.0.10,,,443,41888,0,1358,17
1587481438.6687572,10.10.0.10,173.194.182.102,,,41888,443,0,50,17
1587481438.67151,173.194.182.102,10.10.0.10,,,443,41888,0,1358,17
1587481438.6759279,173.194.182.102,10.10.0.10,,,443,41888,0,1358,17
1587481438.67796,10.10.0.10,173.194.182.102,,,41888,443,0,37,17
1587481438.680419,173.194.182.102,10.10.0.10,,,443,41888,0,1358,17
1587481438.6848738,173.194.182.102,10.10.0.10,,,443,41888,0,1358,17
1587481438.6864786,10.10.0.10,173.194.182.102,,,41888,443,0,37,17
1587481438.6892571,173.194.182.102,10.10.0.10,,,443,41888,0,1358,17
1587481438.6937811,173.194.182.102,10.10.0.10,,,443,41888,0,1358,17
1587481438.695477,10.10.0.10,173.194.182.102,,,41888,443,0,37,17
1587481438.6982362,173.194.182.102,10.10.0.10,,,443,41888,0,1358,17
1587481438.702667,173.194.182.102,10.10.0.10,,,443,41888,0,1358,17
1587481438.704313,10.10.0.10,173.194.182.102,,,41888,443,0,37,17
1587481438.707145,173.194.182.102,10.10.0.10,,,443,41888,0,1358,17
1587481438.711599,173.194.182.102,10.10.0.10,,,443,41888,0,1358,17
1587481438.713166,10.10.0.10,173.194.182.102,,,41888,443,0,37,17
1587481438.7160108,173.194.182.102,10.10.0.10,,,443,41888,0,1358,17
1587481438.7204552,173.194.182.102,10.10.0.10,,,443,41888,0,1358,17
1587481438.7219286,10.10.0.10,173.194.182.102,,,41888,443,0,37,17
1587481438.724934,173.194.182.102,10.10.0.10,,,443,41888,0,1358,17
1587481438.7293882,173.194.182.102,10.10.0.10,,,443,41888,0,1358,17
1587481438.7308779,10.10.0.10,173.194.182.102,,,41888,443,0,37,17
1587481438.7338052,173.194.182.102,10.10.0.10,,,443,41888,0,1358,17
1587481438.738296,173.194.182.102,10.10.0.10,,,443,41888,0,1358,17
1587481438.7408366,10.10.0.10,173.194.182.102,,,41888,443,0,37,17
1587481438.7427502,173.194.182.102,10.10.0.10,,,443,41888,0,1358,17
1587481438.747239,173.194.182.102,10.10.0.10,,,443,41888,0,1358,17
1587481438.7490258,10.10.0.10,173.194.182.102,,,41888,443,0,37,17
1587481438.751655,173.194.182.102,10.10.0.10,,,443,41888,0,1358,17
1587481438.756148,173.194.182.102,10.10.0.10,,,443,41888,0,1358,17
1587481438.758483,10.10.0.10,173.194.182.102,,,41888,443,0,37,17
1587481438.760577,173.194.182.102,10.10.0.10,,,443,41888,0,1358,17
1587481438.7650578,173.194.182.102,10.10.0.10,,,443,41888,0,1358,17
1587481438.7665858,10.10.0.10,173.194.182.102,,,41888,443,0,37,17
1587481438.76951,173.194.182.102,10.10.0.10,,,443,41888,0,1358,17
1587481438.7739651,173.194.182.102,10.10.0.10,,,443,41888,0,1358,17
1587481438.775883,10.10.0.10,173.194.182.102,,,41888,443,0,37,17
1587481438.7784195,173.194.182.102,10.10.0.10,,,443,41888,0,1358,17
1587481438.782874,173.194.182.102,10.10.0.10,,,443,41888,0,1358,17
1587481438.784777,10.10.0.10,173.194.182.102,,,41888,443,0,37,17
1587481438.787329,173.194.182.102,10.10.0.10,,,443,41888,0,1358,17
1587481438.791784,173.194.182.102,10.10.0.10,,,443,41888,0,1358,17
1587481438.7935052,10.10.0.10,173.194.182.102,,,41888,443,0,37,17
1587481438.7962382,173.194.182.102,10.10.0.10,,,443,41888,0,1358,17
1587481438.8006911,173.194.182.102,10.10.0.10,,,443,41888,0,1358,17
1587481438.802943,10.10.0.10,173.194.182.102,,,41888,443,0,37,17
1587481438.8051481,173.194.182.102,10.10.0.10,,,443,41888,0,1358,17
1587481438.8096,173.194.182.102,10.10.0.10,,,443,41888,0,1358,17
1587481438.8115456,10.10.0.10,173.194.182.102,,,41888,443,0,37,17
1587481438.8140528,173.194.182.102,10.10.0.10,,,443,41888,0,1358,17
1587481438.818466,173.194.182.102,10.10.0.10,,,443,41888,0,1358,17
1587481438.82015,10.10.0.10,173.194.182.102,,,41888,443,0,37,17
1587481438.822926,173.194.182.102,10.10.0.10,,,443,41888,0,1358,17
1587481438.8274179,173.194.182.102,10.10.0.10,,,443,41888,0,1358,17
1587481438.8290439,10.10.0.10,173.194.182.102,,,41888,443,0,37,17
1587481438.831871,173.194.182.102,10.10.0.10,,,443,41888,0,1358,17
1587481438.8363268,173.194.182.102,10.10.0.10,,,443,41888,0,1358,17
1587481438.838019,10.10.0.10,173.194.182.102,,,41888,443,0,37,17
1587481438.8407812,173.194.182.102,10.10.0.10,,,443,41888,0,1358,17
1587481438.8452098,173.194.182.102,10.10.0.10,,,443,41888,0,1358,17
1587481438.8469412,10.10.0.10,173.194.182.102,,,41888,443,0,50,17
1587481438.849688,173.194.182.102,10.10.0.10,,,443,41888,0,1358,17
1587481438.8541172,173.194.182.102,10.10.0.10,,,443,41888,0,1358,17
1587481438.8557544,10.10.0.10,173.194.182.102,,,41888,443,0,37,17
1587481438.858598,173.194.182.102,10.10.0.10,,,443,41888,0,1358,17
1587481438.863052,173.194.182.102,10.10.0.10,,,443,41888,0,1358,17
1587481438.864797,10.10.0.10,173.194.182.102,,,41888,443,0,37,17
1587481438.867506,173.194.182.102,10.10.0.10,,,443,41888,0,1358,17
1587481438.871917,173.194.182.102,10.10.0.10,,,443,41888,0,1358,17
1587481438.8758314,10.10.0.10,173.194.182.102,,,41888,443,0,37,17
1587481438.8763769,173.194.182.102,10.10.0.10,,,443,41888,0,1358,17
1587481438.880871,173.194.182.102,10.10.0.10,,,443,41888,0,1358,17
1587481438.882761,10.10.0.10,173.194.182.102,,,41888,443,0,37,17
1587481438.885319,173.194.182.102,10.10.0.10,,,443,41888,0,29,17
1587481438.885449,173.194.182.102,10.10.0.10,,,443,41888,0,1358,17
1587481438.88998,173.194.182.102,10.10.0.10,,,443,41888,0,1358,17
1587481438.8923078,10.10.0.10,173.194.182.102,,,41888,443,0,37,17
1587481438.894435,173.194.182.102,10.10.0.10,,,443,41888,0,1358,17
1587481438.8988762,173.194.182.102,10.10.0.10,,,443,41888,0,1358,17
1587481438.9007769,10.10.0.10,173.194.182.102,,,41888,443,0,37,17
1587481438.9033024,173.194.182.102,10.10.0.10,,,443,41888,0,1358,17
1587481438.9077652,173.194.182.102,10.10.0.10,,,443,41888,0,1358,17
1587481438.9103322,10.10.0.10,173.194.182.102,,,41888,443,0,37,17
1587481438.912226,173.194.182.102,10.10.0.10,,,443,41888,0,1358,17
1587481438.91671,173.194.182.102,10.10.0.10,,,443,41888,0,1358,17
1587481438.918399,10.10.0.10,173.194.182.102,,,41888,443,0,37,17
1587481438.921161,173.194.182.102,10.10.0.10,,,443,41888,0,1358,17
1587481438.925599,173.194.182.102,10.10.0.10,,,443,41888,0,1358,17
1587481438.927401,10.10.0.10,173.194.182.102,,,41888,443,0,37,17
1587481438.930073,173.194.182.102,10.10.0.10,,,443,41888,0,1358,17
1587481438.934526,173.194.182.102,10.10.0.10,,,443,41888,0,1358,17
1587481438.936567,10.10.0.10,173.194.182.102,,,41888,443,0,37,17
1587481438.938982,173.194.182.102,10.10.0.10,,,443,41888,0,1358,17
1587481438.943434,173.194.182.102,10.10.0.10,,,443,41888,0,1358,17
1587481438.9452536,10.10.0.10,173.194.182.102,,,41888,443,0,37,17
1587481438.947887,173.194.182.102,10.10.0.10,,,443,41888,0,1358,17
1587481438.952343,173.194.182.102,10.10.0.10,,,443,41888,0,1358,17
1587481438.9542232,10.10.0.10,173.194.182.102,,,41888,443,0,37,17
1587481438.956772,173.194.182.102,10.10.0.10,,,443,41888,0,1358,17
1587481438.961254,173.194.182.102,10.10.0.10,,,443,41888,0,1358,17
1587481438.963361,10.10.0.10,173.194.182.102,,,41888,443,0,37,17
1587481438.9657102,173.194.182.102,10.10.0.10,,,443,41888,0,1358,17
1587481438.9701624,173.194.182.102,10.10.0.10,,,443,41888,0,1358,17
1587481438.971752,10.10.0.10,173.194.182.102,,,41888,443,0,37,17
1587481438.9746141,173.194.182.102,10.10.0.10,,,443,41888,0,1358,17
1587481438.979002,173.194.182.102,10.10.0.10,,,443,41888,0,1358,17
1587481438.9805868,10.10.0.10,173.194.182.102,,,41888,443,0,37,17
1587481438.9835298,173.194.182.102,10.10.0.10,,,443,41888,0,1358,17
1587481438.987977,173.194.182.102,10.10.0.10,,,443,41888,0,1358,17
1587481438.989484,10.10.0.10,173.194.182.102,,,41888,443,0,37,17
1587481438.992436,173.194.182.102,10.10.0.10,,,443,41888,0,1358,17
1587481438.996886,173.194.182.102,10.10.0.10,,,443,41888,0,1358,17
1587481438.9983802,10.10.0.10,173.194.182.102,,,41888,443,0,37,17
1587481439.0013402,173.194.182.102,10.10.0.10,,,443,41888,0,1358,17
1587481439.0057938,173.194.182.102,10.10.0.10,,,443,41888,0,1358,17
1587481439.0075002,10.10.0.10,173.194.182.102,,,41888,443,0,37,17
1587481439.0102522,173.194.182.102,10.10.0.10,,,443,41888,0,1358,17
1587481439.0147116,173.194.182.102,10.10.0.10,,,443,41888,0,1358,17
1587481439.017027,10.10.0.10,173.194.182.102,,,41888,443,0,37,17
1587481439.019166,173.194.182.102,10.10.0.10,,,443,41888,0,1358,17
1587481439.0235882,173.194.182.102,10.10.0.10,,,443,41888,0,1358,17
1587481439.0259464,10.10.0.10,173.194.182.102,,,41888,443,0,50,17
1587481439.02807,173.194.182.102,10.10.0.10,,,443,41888,0,1358,17
1587481439.032525,173.194.182.102,10.10.0.10,,,443,41888,0,1358,17
1587481439.0344696,10.10.0.10,173.194.182.102,,,41888,443,0,37,17
1587481439.036984,173.194.182.102,10.10.0.10,,,443,41888,0,1358,17
1587481439.0414329,173.194.182.102,10.10.0.10,,,443,41888,0,1358,17
1587481439.043134,10.10.0.10,173.194.182.102,,,41888,443,0,37,17
1587481439.045899,173.194.182.102,10.10.0.10,,,443,41888,0,1358,17
1587481439.050343,173.194.182.102,10.10.0.10,,,443,41888,0,1358,17
1587481439.0521472,10.10.0.10,173.194.182.102,,,41888,443,0,37,17
1587481439.0547948,173.194.182.102,10.10.0.10,,,443,41888,0,1358,17
1587481439.0592518,173.194.182.102,10.10.0.10,,,443,41888,0,1358,17
1587481439.0614214,10.10.0.10,173.194.182.102,,,41888,443,0,37,17
1587481439.0637062,173.194.182.102,10.10.0.10,,,443,41888,0,29,17
1587481439.0638258,173.194.182.102,10.10.0.10,,,443,41888,0,1358,17
1587481439.068361,173.194.182.102,10.10.0.10,,,443,41888,0,1358,17
1587481439.0701704,10.10.0.10,173.194.182.102,,,41888,443,0,37,17
1587481439.0728168,173.194.182.102,10.10.0.10,,,443,41888,0,1358,17
1587481439.07727,173.194.182.102,10.10.0.10,,,443,41888,0,1358,17
1587481439.0790498,10.10.0.10,173.194.182.102,,,41888,443,0,37,17
1587481439.0817242,173.194.182.102,10.10.0.10,,,443,41888,0,1358,17
1587481439.0861788,173.194.182.102,10.10.0.10,,,443,41888,0,1358,17
1587481439.0877948,10.10.0.10,173.194.182.102,,,41888,443,0,37,17
1587481439.090633,173.194.182.102,10.10.0.10,,,443,41888,0,1358,17
1587481439.095088,173.194.182.102,10.10.0.10,,,443,41888,0,1358,17
1587481439.096759,10.10.0.10,173.194.182.102,,,41888,443,0,37,17
1587481439.099542,173.194.182.102,10.10.0.10,,,443,41888,0,1358,17
1587481439.103931,173.194.182.102,10.10.0.10,,,443,41888,0,1358,17
1587481439.10845,173.194.182.102,10.10.0.10,,,443,41888,0,1358,17
1587481439.112905,173.194.182.102,10.10.0.10,,,443,41888,0,1358,17
1587481439.114902,10.10.0.10,173.194.182.102,,,41888,443,0,37,17
1587481439.1154964,10.10.0.10,173.194.182.102,,,41888,443,0,37,17
1587481439.117351,173.194.182.102,10.10.0.10,,,443,41888,0,1358,17
1587481439.122064,173.194.182.102,10.10.0.10,,,443,41888,0,1358,17
1587481439.123877,10.10.0.10,173.194.182.102,,,41888,443,0,37,17
1587481439.126588,173.194.182.102,10.10.0.10,,,443,41888,0,1358,17
1587481439.131043,173.194.182.102,10.10.0.10,,,443,41888,0,1358,17
1587481439.135448,173.194.182.102,10.10.0.10,,,443,41888,0,1358,17
1587481439.139953,173.194.182.102,10.10.0.10,,,443,41888,0,1358,17
1587481439.144417,173.194.182.102,10.10.0.10,,,443,41888,0,1358,17
1587481439.148865,173.194.182.102,10.10.0.10,,,443,41888,0,1358,17
1587481439.1533148,173.194.182.102,10.10.0.10,,,443,41888,0,1358,17
1587481439.1555376,10.10.0.10,173.194.182.102,,,41888,443,0,37,17
1587481439.1566498,10.10.0.10,173.194.182.102,,,41888,443,0,37,17
1587481439.1568036,10.10.0.10,173.194.182.102,,,41888,443,0,37,17
1587481439.1577199,173.194.182.102,10.10.0.10,,,443,41888,0,1358,17
1587481439.159257,10.10.0.10,173.194.182.102,,,41888,443,0,37,17
1587481439.16215,173.194.182.102,10.10.0.10,,,443,41888,0,1358,17
1587481439.166665,173.194.182.102,10.10.0.10,,,443,41888,0,1358,17
1587481439.169256,10.10.0.10,173.194.182.102,,,41888,443,0,37,17
1587481439.1711214,173.194.182.102,10.10.0.10,,,443,41888,0,1358,17
1587481439.175515,173.194.182.102,10.10.0.10,,,443,41888,0,1358,17
1587481439.177625,10.10.0.10,173.194.182.102,,,41888,443,0,37,17
1587481439.1799722,173.194.182.102,10.10.0.10,,,443,41888,0,1358,17
1587481439.1844866,173.194.182.102,10.10.0.10,,,443,41888,0,1358,17
1587481439.1862724,10.10.0.10,173.194.182.102,,,41888,443,0,37,17
1587481439.1889136,173.194.182.102,10.10.0.10,,,443,41888,0,1358,17
1587481439.193336,173.194.182.102,10.10.0.10,,,443,41888,0,1358,17
1587481439.1950932,10.10.0.10,173.194.182.102,,,41888,443,0,37,17
1587481439.1978538,173.194.182.102,10.10.0.10,,,443,41888,0,1358,17
1587481439.202278,173.194.182.102,10.10.0.10,,,443,41888,0,1358,17
1587481439.204142,10.10.0.10,173.194.182.102,,,41888,443,0,50,17
1587481439.2067628,173.194.182.102,10.10.0.10,,,443,41888,0,1358,17
1587481439.2112179,173.194.182.102,10.10.0.10,,,443,41888,0,1358,17
1587481439.21564,173.194.182.102,10.10.0.10,,,443,41888,0,1358,17
1587481439.220063,173.194.182.102,10.10.0.10,,,443,41888,0,1358,17
1587481439.2245572,173.194.182.102,10.10.0.10,,,443,41888,0,1358,17
1587481439.229002,173.194.182.102,10.10.0.10,,,443,41888,0,1358,17
1587481439.2334864,173.194.182.102,10.10.0.10,,,443,41888,0,1358,17
1587481439.2379398,173.194.182.102,10.10.0.10,,,443,41888,0,1358,17
1587481439.242366,173.194.182.102,10.10.0.10,,,443,41888,0,1358,17
1587481439.24685,173.194.182.102,10.10.0.10,,,443,41888,0,1358,17
1587481439.251312,173.194.182.102,10.10.0.10,,,443,41888,0,1358,17
1587481439.2557108,173.194.182.102,10.10.0.10,,,443,41888,0,1358,17
1587481439.2931962,173.194.182.102,10.10.0.10,,,443,41888,0,1358,17
1587481439.29668,10.10.0.10,173.194.182.102,,,41888,443,0,37,17
1587481439.300286,10.10.0.10,173.194.182.102,,,41888,443,0,37,17
1587481439.3014028,10.10.0.10,173.194.182.102,,,41888,443,0,37,17
1587481439.302552,10.10.0.10,173.194.182.102,,,41888,443,0,37,17
1587481439.3041608,10.10.0.10,173.194.182.102,,,41888,443,0,37,17
1587481439.305839,10.10.0.10,173.194.182.102,,,41888,443,0,37,17
1587481439.3065212,10.10.0.10,173.194.182.102,,,41888,443,0,37,17
1587481439.311414,173.194.182.102,10.10.0.10,,,443,41888,0,1358,17
1587481439.3114429,173.194.182.102,10.10.0.10,,,443,41888,0,1358,17
1587481439.315769,10.10.0.10,173.194.182.102,,,41888,443,0,37,17
1587481439.320535,173.194.182.102,10.10.0.10,,,443,41888,0,1358,17
1587481439.320562,173.194.182.102,10.10.0.10,,,443,41888,0,1358,17
1587481439.3299892,173.194.182.102,10.10.0.10,,,443,41888,0,1358,17
1587481439.3300178,173.194.182.102,10.10.0.10,,,443,41888,0,1358,17
1587481439.338392,173.194.182.102,10.10.0.10,,,443,41888,0,1358,17
1587481439.338421,173.194.182.102,10.10.0.10,,,443,41888,0,1358,17
1587481439.346319,173.194.182.102,10.10.0.10,,,443,41888,0,1358,17
1587481439.3472052,173.194.182.102,10.10.0.10,,,443,41888,0,1358,17
1587481439.3548696,173.194.182.102,10.10.0.10,,,443,41888,0,1358,17
1587481439.356121,173.194.182.102,10.10.0.10,,,443,41888,0,1358,17
1587481439.364032,173.194.182.102,10.10.0.10,,,443,41888,0,1358,17
1587481439.36503,173.194.182.102,10.10.0.10,,,443,41888,0,1358,17
1587481439.3721938,173.194.182.102,10.10.0.10,,,443,41888,0,1358,17
1587481439.3739376,173.194.182.102,10.10.0.10,,,443,41888,0,1358,17
1587481439.381075,173.194.182.102,10.10.0.10,,,443,41888,0,1358,17
1587481439.38285,173.194.182.102,10.10.0.10,,,443,41888,0,1358,17
1587481439.4779332,173.194.182.102,10.10.0.10,,,443,41888,0,1358,17
1587481439.5406704,10.10.0.10,173.194.182.102,,,41888,443,0,37,17
1587481439.55252,173.194.182.102,10.10.0.10,,,443,41888,0,1358,17
1587481439.695408,173.194.182.102,10.10.0.10,,,443,41888,0,1358,17
1587481439.8379881,173.194.182.102,10.10.0.10,,,443,41888,0,1358,17
1587481440.194188,173.194.182.102,10.10.0.10,,,443,41888,0,1358,17
1587481440.1942098,173.194.182.102,10.10.0.10,,,443,41888,0,1358,17
1587481440.3807511,10.10.0.10,173.194.182.102,,,41888,443,0,37,17
1587481440.380811,10.10.0.10,173.194.182.102,,,41888,443,0,37,17
1587481440.4899151,10.10.0.10,173.194.182.102,,,41888,443,0,37,17
1587481440.489974,10.10.0.10,173.194.182.102,,,41888,443,0,37,17
1587481440.493855,10.10.0.10,173.194.182.102,,,41888,443,0,37,17
1587481440.493928,10.10.0.10,173.194.182.102,,,41888,443,0,37,17
1587481440.4939482,10.10.0.10,173.194.182.102,,,41888,443,0,37,17
1587481440.4943109,10.10.0.10,173.194.182.102,,,41888,443,0,37,17
1587481440.49437,10.10.0.10,173.194.182.102,,,41888,443,0,37,17
1587481440.496451,10.10.0.10,173.194.182.102,,,41888,443,0,37,17
1587481440.5012634,173.194.182.102,10.10.0.10,,,443,41888,0,1358,17
1587481440.5013242,173.194.182.102,10.10.0.10,,,443,41888,0,1358,17
1587481440.5108442,173.194.182.102,10.10.0.10,,,443,41888,0,1358,17
1587481440.5109036,173.194.182.102,10.10.0.10,,,443,41888,0,1358,17
1587481440.519074,173.194.182.102,10.10.0.10,,,443,41888,0,1358,17
1587481440.519133,173.194.182.102,10.10.0.10,,,443,41888,0,1358,17
1587481440.527127,173.194.182.102,10.10.0.10,,,443,41888,0,1358,17
1587481440.5280714,173.194.182.102,10.10.0.10,,,443,41888,0,1358,17
1587481440.536389,173.194.182.102,10.10.0.10,,,443,41888,0,1358,17
1587481440.5369458,173.194.182.102,10.10.0.10,,,443,41888,0,1358,17
1587481440.5448358,173.194.182.102,10.10.0.10,,,443,41888,0,1358,17
1587481440.5458882,173.194.182.102,10.10.0.10,,,443,41888,0,1358,17
1587481440.5528774,173.194.182.102,10.10.0.10,,,443,41888,0,1358,17
1587481440.554793,173.194.182.102,10.10.0.10,,,443,41888,0,1358,17
1587481440.562007,173.194.182.102,10.10.0.10,,,443,41888,0,1358,17
1587481440.5637019,173.194.182.102,10.10.0.10,,,443,41888,0,1358,17
1587481440.5702946,173.194.182.102,10.10.0.10,,,443,41888,0,1358,17
1587481440.5726142,173.194.182.102,10.10.0.10,,,443,41888,0,1358,17
1587481440.5785182,173.194.182.102,10.10.0.10,,,443,41888,0,1358,17
1587481440.583195,10.10.0.10,173.194.182.102,,,41888,443,0,50,17
1587481440.584799,10.10.0.10,173.194.182.102,,,41888,443,0,37,17
1587481440.58656,10.10.0.10,173.194.182.102,,,41888,443,0,37,17
1587481440.588019,173.194.182.102,10.10.0.10,,,443,41888,0,1358,17
1587481440.588078,173.194.182.102,10.10.0.10,,,443,41888,0,1358,17
1587481440.5886366,10.10.0.10,173.194.182.102,,,41888,443,0,37,17
1587481440.591073,10.10.0.10,173.194.182.102,,,41888,443,0,37,17
1587481440.592991,10.10.0.10,173.194.182.102,,,41888,443,0,37,17
1587481440.5958748,173.194.182.102,10.10.0.10,,,443,41888,0,1358,17
1587481440.5962882,173.194.182.102,10.10.0.10,,,443,41888,0,655,17
1587481440.5968409,10.10.0.10,173.194.182.102,,,41888,443,0,37,17
1587481440.597786,10.10.0.10,173.194.182.102,,,41888,443,0,37,17
1587481440.5992026,10.10.0.10,173.194.182.102,,,41888,443,0,37,17
1587481440.60049,10.10.0.10,173.194.182.102,,,41888,443,0,37,17
1587481440.602136,173.194.182.102,10.10.0.10,,,443,41888,0,1358,17
1587481440.602969,173.194.182.102,10.10.0.10,,,443,41888,0,1358,17
1587481440.603025,10.10.0.10,173.194.182.102,,,41888,443,0,37,17
1587481440.6082852,10.10.0.10,173.194.182.102,,,41888,443,0,37,17
1587481440.6132374,173.194.182.102,10.10.0.10,,,443,41888,0,1358,17
1587481440.613296,173.194.182.102,10.10.0.10,,,443,41888,0,1358,17
1587481440.615638,10.10.0.10,173.194.182.102,,,41888,443,0,37,17
1587481440.620498,173.194.182.102,10.10.0.10,,,443,41888,0,1358,17
1587481440.6215332,173.194.182.102,10.10.0.10,,,443,41888,0,1358,17
1587481440.6257432,10.10.0.10,173.194.182.102,,,41888,443,0,40,17
1587481440.626016,10.10.0.10,173.194.182.102,,,41888,443,0,37,17
1587481440.630597,173.194.182.102,10.10.0.10,,,443,41888,0,1358,17
1587481440.6306686,173.194.182.102,10.10.0.10,,,443,41888,0,1358,17
1587481440.6327221,10.10.0.10,173.194.182.102,,,41888,443,0,37,17
1587481440.634864,173.194.182.102,10.10.0.10,,,443,41888,0,1358,17
1587481440.639328,173.194.182.102,10.10.0.10,,,443,41888,0,1358,17
1587481440.6437662,173.194.182.102,10.10.0.10,,,443,41888,0,1358,17
1587481440.64648,10.10.0.10,173.194.182.102,,,41888,443,0,37,17
1587481440.648218,173.194.182.102,10.10.0.10,,,443,41888,0,1358,17
1587481440.651813,10.10.0.10,173.194.182.102,,,41888,443,0,37,17
1587481440.6526608,173.194.182.102,10.10.0.10,,,443,41888,0,1358,17
1587481440.6571472,173.194.182.102,10.10.0.10,,,443,41888,0,1358,17
1587481440.659585,10.10.0.10,173.194.182.102,,,41888,443,0,37,17
1587481440.661581,173.194.182.102,10.10.0.10,,,443,41888,0,1358,17
1587481440.6660616,173.194.182.102,10.10.0.10,,,443,41888,0,1358,17
1587481440.667566,10.10.0.10,173.194.182.102,,,41888,443,0,37,17
1587481440.6705391,173.194.182.102,10.10.0.10,,,443,41888,0,1358,17
1587481440.674993,173.194.182.102,10.10.0.10,,,443,41888,0,1358,17
1587481440.676569,10.10.0.10,173.194.182.102,,,41888,443,0,50,17
1587481440.6794488,173.194.182.102,10.10.0.10,,,443,41888,0,1358,17
1587481440.683903,173.194.182.102,10.10.0.10,,,443,41888,0,1358,17
1587481440.685427,10.10.0.10,173.194.182.102,,,41888,443,0,37,17
1587481440.6883562,173.194.182.102,10.10.0.10,,,443,41888,0,1358,17
1587481440.6928108,173.194.182.102,10.10.0.10,,,443,41888,0,1358,17
1587481440.6947148,10.10.0.10,173.194.182.102,,,41888,443,0,37,17
1587481440.697266,173.194.182.102,10.10.0.10,,,443,41888,0,1358,17
1587481440.7017212,173.194.182.102,10.10.0.10,,,443,41888,0,1358,17
1587481440.703655,10.10.0.10,173.194.182.102,,,41888,443,0,37,17
1587481440.706175,173.194.182.102,10.10.0.10,,,443,41888,0,1358,17
1587481440.7106278,173.194.182.102,10.10.0.10,,,443,41888,0,1358,17
1587481440.713591,10.10.0.10,173.194.182.102,,,41888,443,0,37,17
1587481440.715084,173.194.182.102,10.10.0.10,,,443,41888,0,1358,17
1587481440.719538,173.194.182.102,10.10.0.10,,,443,41888,0,1358,17
1587481440.7212741,10.10.0.10,173.194.182.102,,,41888,443,0,37,17
1587481440.7239392,173.194.182.102,10.10.0.10,,,443,41888,0,1358,17
1587481440.7284,173.194.182.102,10.10.0.10,,,443,41888,0,1358,17
1587481440.7299411,10.10.0.10,173.194.182.102,,,41888,443,0,37,17
1587481440.7329009,173.194.182.102,10.10.0.10,,,443,41888,0,1358,17
1587481440.737355,173.194.182.102,10.10.0.10,,,443,41888,0,1358,17
1587481440.7389572,10.10.0.10,173.194.182.102,,,41888,443,0,37,17
1587481440.741809,173.194.182.102,10.10.0.10,,,443,41888,0,1358,17
1587481440.7462692,173.194.182.102,10.10.0.10,,,443,41888,0,1358,17
1587481440.748718,10.10.0.10,173.194.182.102,,,41888,443,0,37,17
1587481440.7507179,173.194.182.102,10.10.0.10,,,443,41888,0,1358,17
1587481440.7551732,173.194.182.102,10.10.0.10,,,443,41888,0,1358,17
1587481440.7573,10.10.0.10,173.194.182.102,,,41888,443,0,37,17
1587481440.7596312,173.194.182.102,10.10.0.10,,,443,41888,0,1358,17
1587481440.764042,173.194.182.102,10.10.0.10,,,443,41888,0,1358,17
1587481440.765694,10.10.0.10,173.194.182.102,,,41888,443,0,37,17
1587481440.7685359,173.194.182.102,10.10.0.10,,,443,41888,0,1358,17
1587481440.772989,173.194.182.102,10.10.0.10,,,443,41888,0,1358,17
1587481440.774628,10.10.0.10,173.194.182.102,,,41888,443,0,37,17
1587481440.7774448,173.194.182.102,10.10.0.10,,,443,41888,0,1358,17
1587481440.7819002,173.194.182.102,10.10.0.10,,,443,41888,0,1358,17
1587481440.7841082,10.10.0.10,173.194.182.102,,,41888,443,0,37,17
1587481440.7863526,173.194.182.102,10.10.0.10,,,443,41888,0,1358,17
1587481440.790809,173.194.182.102,10.10.0.10,,,443,41888,0,1358,17
1587481440.794298,10.10.0.10,173.194.182.102,,,41888,443,0,37,17
1587481440.7952619,173.194.182.102,10.10.0.10,,,443,41888,0,1358,17
1587481440.7997172,173.194.182.102,10.10.0.10,,,443,41888,0,1358,17
1587481440.801382,10.10.0.10,173.194.182.102,,,41888,443,0,37,17
1587481440.8041706,173.194.182.102,10.10.0.10,,,443,41888,0,1358,17
1587481440.808626,173.194.182.102,10.10.0.10,,,443,41888,0,1358,17
1587481440.8102748,10.10.0.10,173.194.182.102,,,41888,443,0,37,17
1587481440.81308,173.194.182.102,10.10.0.10,,,443,41888,0,1358,17
1587481440.817534,173.194.182.102,10.10.0.10,,,443,41888,0,1358,17
1587481440.819047,10.10.0.10,173.194.182.102,,,41888,443,0,37,17
1587481440.821988,173.194.182.102,10.10.0.10,,,443,41888,0,1358,17
1587481440.826443,173.194.182.102,10.10.0.10,,,443,41888,0,1358,17
1587481440.828111,10.10.0.10,173.194.182.102,,,41888,443,0,37,17
1587481440.8308704,173.194.182.102,10.10.0.10,,,443,41888,0,1358,17
1587481440.8353572,173.194.182.102,10.10.0.10,,,443,41888,0,1358,17
1587481440.837048,10.10.0.10,173.194.182.102,,,41888,443,0,37,17
1587481440.839809,173.194.182.102,10.10.0.10,,,443,41888,0,1358,17
1587481440.8442614,173.194.182.102,10.10.0.10,,,443,41888,0,1358,17
1587481440.8459241,10.10.0.10,173.194.182.102,,,41888,443,0,37,17
1587481440.8487182,173.194.182.102,10.10.0.10,,,443,41888,0,1358,17
1587481440.85317,173.194.182.102,10.10.0.10,,,443,41888,0,1358,17
1587481440.854839,10.10.0.10,173.194.182.102,,,41888,443,0,50,17
1587481440.857631,173.194.182.102,10.10.0.10,,,443,41888,0,1358,17
1587481440.862087,173.194.182.102,10.10.0.10,,,443,41888,0,1358,17
1587481440.864056,10.10.0.10,173.194.182.102,,,41888,443,0,37,17
1587481440.8665216,173.194.182.102,10.10.0.10,,,443,41888,0,1358,17
1587481440.8709948,173.194.182.102,10.10.0.10,,,443,41888,0,1358,17
1587481440.8725634,10.10.0.10,173.194.182.102,,,41888,443,0,37,17
1587481440.875417,173.194.182.102,10.10.0.10,,,443,41888,0,1358,17
1587481440.879906,173.194.182.102,10.10.0.10,,,443,41888,0,1358,17
1587481440.8816679,10.10.0.10,173.194.182.102,,,41888,443,0,37,17
1587481440.88436,173.194.182.102,10.10.0.10,,,443,41888,0,1358,17
1587481440.888753,173.194.182.102,10.10.0.10,,,443,41888,0,1358,17
1587481440.890396,10.10.0.10,173.194.182.102,,,41888,443,0,37,17
1587481440.8932679,173.194.182.102,10.10.0.10,,,443,41888,0,1358,17
1587481440.897722,173.194.182.102,10.10.0.10,,,443,41888,0,1358,17
1587481440.899395,10.10.0.10,173.194.182.102,,,41888,443,0,37,17
1587481440.902112,173.194.182.102,10.10.0.10,,,443,41888,0,1358,17
1587481440.90663,173.194.182.102,10.10.0.10,,,443,41888,0,1358,17
1587481440.908544,10.10.0.10,173.194.182.102,,,41888,443,0,37,17
1587481440.9110842,173.194.182.102,10.10.0.10,,,443,41888,0,1358,17
1587481440.915475,173.194.182.102,10.10.0.10,,,443,41888,0,1358,17
1587481440.9173155,10.10.0.10,173.194.182.102,,,41888,443,0,37,17
1587481440.9199965,173.194.182.102,10.10.0.10,,,443,41888,0,1358,17
1587481440.92445,173.194.182.102,10.10.0.10,,,443,41888,0,1358,17
1587481440.92615,10.10.0.10,173.194.182.102,,,41888,443,0,37,17
1587481440.928874,173.194.182.102,10.10.0.10,,,443,41888,0,1358,17
1587481440.9333582,173.194.182.102,10.10.0.10,,,443,41888,0,1358,17
1587481440.9348881,10.10.0.10,173.194.182.102,,,41888,443,0,37,17
1587481440.937811,173.194.182.102,10.10.0.10,,,443,41888,0,1358,17
1587481440.9422688,173.194.182.102,10.10.0.10,,,443,41888,0,1358,17
1587481440.944079,10.10.0.10,173.194.182.102,,,41888,443,0,37,17
1587481440.94672,173.194.182.102,10.10.0.10,,,443,41888,0,1358,17
1587481440.951175,173.194.182.102,10.10.0.10,,,443,41888,0,1358,17
1587481440.95335,10.10.0.10,173.194.182.102,,,41888,443,0,37,17
1587481440.9555972,173.194.182.102,10.10.0.10,,,443,41888,0,1358,17
1587481440.9600852,173.194.182.102,10.10.0.10,,,443,41888,0,1358,17
1587481440.9617069,10.10.0.10,173.194.182.102,,,41888,443,0,37,17
1587481440.9645288,173.194.182.102,10.10.0.10,,,443,41888,0,1358,17
1587481440.968991,173.194.182.102,10.10.0.10,,,443,41888,0,1358,17
1587481440.970809,10.10.0.10,173.194.182.102,,,41888,443,0,37,17
1587481440.973448,173.194.182.102,10.10.0.10,,,443,41888,0,1358,17
1587481440.9779036,173.194.182.102,10.10.0.10,,,443,41888,0,1358,17
1587481440.979872,10.10.0.10,173.194.182.102,,,41888,443,0,37,17
1587481440.982328,173.194.182.102,10.10.0.10,,,443,41888,0,1358,17
1587481440.9868119,173.194.182.102,10.10.0.10,,,443,41888,0,1358,17
1587481440.988458,10.10.0.10,173.194.182.102,,,41888,443,0,37,17
1587481440.991265,173.194.182.102,10.10.0.10,,,443,41888,0,1358,17
1587481440.9957216,173.194.182.102,10.10.0.10,,,443,41888,0,1358,17
1587481440.9979172,10.10.0.10,173.194.182.102,,,41888,443,0,37,17
1587481441.000142,173.194.182.102,10.10.0.10,,,443,41888,0,1358,17
1587481441.0046294,173.194.182.102,10.10.0.10,,,443,41888,0,1358,17
1587481441.0066018,10.10.0.10,173.194.182.102,,,41888,443,0,37,17
1587481441.009047,173.194.182.102,10.10.0.10,,,443,41888,0,1358,17
1587481441.013535,173.194.182.102,10.10.0.10,,,443,41888,0,1358,17
1587481441.0152528,10.10.0.10,173.194.182.102,,,41888,443,0,37,17
1587481441.01799,173.194.182.102,10.10.0.10,,,443,41888,0,1358,17
1587481441.022414,173.194.182.102,10.10.0.10,,,443,41888,0,1358,17
1587481441.023997,10.10.0.10,173.194.182.102,,,41888,443,0,37,17
1587481441.0269036,173.194.182.102,10.10.0.10,,,443,41888,0,1358,17
1587481441.031357,173.194.182.102,10.10.0.10,,,443,41888,0,1358,17
1587481441.0330632,10.10.0.10,173.194.182.102,,,41888,443,0,50,17
1587481441.0357811,173.194.182.102,10.10.0.10,,,443,41888,0,1358,17
1587481441.0402682,173.194.182.102,10.10.0.10,,,443,41888,0,1358,17
1587481441.0423582,10.10.0.10,173.194.182.102,,,41888,443,0,37,17
1587481441.04472,173.194.182.102,10.10.0.10,,,443,41888,0,1358,17
1587481441.049142,173.194.182.102,10.10.0.10,,,443,41888,0,1358,17
1587481441.050965,10.10.0.10,173.194.182.102,,,41888,443,0,37,17
1587481441.053631,173.194.182.102,10.10.0.10,,,443,41888,0,1358,17
1587481441.0580995,173.194.182.102,10.10.0.10,,,443,41888,0,1358,17
1587481441.059838,10.10.0.10,173.194.182.102,,,41888,443,0,37,17
1587481441.062505,173.194.182.102,10.10.0.10,,,443,41888,0,1358,17
1587481441.0669591,173.194.182.102,10.10.0.10,,,443,41888,0,1358,17
1587481441.068798,10.10.0.10,173.194.182.102,,,41888,443,0,37,17
1587481441.071448,173.194.182.102,10.10.0.10,,,443,41888,0,1358,17
1587481441.075868,173.194.182.102,10.10.0.10,,,443,41888,0,1358,17
1587481441.080154,10.10.0.10,173.194.182.102,,,41888,443,0,37,17
1587481441.080324,173.194.182.102,10.10.0.10,,,443,41888,0,1358,17
1587481441.0847652,173.194.182.102,10.10.0.10,,,443,41888,0,1358,17
1587481441.08676,10.10.0.10,173.194.182.102,,,41888,443,0,37,17
1587481441.0892699,173.194.182.102,10.10.0.10,,,443,41888,0,1358,17
1587481441.0937223,173.194.182.102,10.10.0.10,,,443,41888,0,1358,17
1587481441.0956616,10.10.0.10,173.194.182.102,,,41888,443,0,37,17
1587481441.098176,173.194.182.102,10.10.0.10,,,443,41888,0,1358,17
1587481441.102634,173.194.182.102,10.10.0.10,,,443,41888,0,1358,17
1587481441.104782,10.10.0.10,173.194.182.102,,,41888,443,0,37,17
1587481441.1070876,173.194.182.102,10.10.0.10,,,443,41888,0,1358,17
1587481441.111542,173.194.182.102,10.10.0.10,,,443,41888,0,1358,17
1587481441.115991,173.194.182.102,10.10.0.10,,,443,41888,0,1358,17
1587481441.116551,10.10.0.10,173.194.182.102,,,41888,443,0,37,17
1587481441.120452,173.194.182.102,10.10.0.10,,,443,41888,0,1358,17
1587481441.122426,10.10.0.10,173.194.182.102,,,41888,443,0,37,17
1587481441.124903,173.194.182.102,10.10.0.10,,,443,41888,0,1358,17
1587481441.129359,173.194.182.102,10.10.0.10,,,443,41888,0,1358,17
1587481441.13149,10.10.0.10,173.194.182.102,,,41888,443,0,37,17
1587481441.133812,173.194.182.102,10.10.0.10,,,443,41888,0,1358,17
1587481441.1382642,173.194.182.102,10.10.0.10,,,443,41888,0,1358,17
1587481441.1404445,10.10.0.10,173.194.182.102,,,41888,443,0,37,17
1587481441.1426828,173.194.182.102,10.10.0.10,,,443,41888,0,1358,17
1587481441.147176,173.194.182.102,10.10.0.10,,,443,41888,0,1358,17
1587481441.1494539,10.10.0.10,173.194.182.102,,,41888,443,0,37,17
1587481441.151562,173.194.182.102,10.10.0.10,,,443,41888,0,1358,17
1587481441.156085,173.194.182.102,10.10.0.10,,,443,41888,0,1358,17
1587481441.1583395,10.10.0.10,173.194.182.102,,,41888,443,0,37,17
1587481441.1605392,173.194.182.102,10.10.0.10,,,443,41888,0,1358,17
1587481441.164994,173.194.182.102,10.10.0.10,,,443,41888,0,1358,17
1587481441.167635,10.10.0.10,173.194.182.102,,,41888,443,0,37,17
1587481441.1694188,173.194.182.102,10.10.0.10,,,443,41888,0,1358,17
1587481441.173901,173.194.182.102,10.10.0.10,,,443,41888,0,1358,17
1587481441.17601,10.10.0.10,173.194.182.102,,,41888,443,0,37,17
1587481441.1783302,173.194.182.102,10.10.0.10,,,443,41888,0,1358,17
1587481441.182815,173.194.182.102,10.10.0.10,,,443,41888,0,1358,17
1587481441.184881,10.10.0.10,173.194.182.102,,,41888,443,0,37,17
1587481441.1872652,173.194.182.102,10.10.0.10,,,443,41888,0,1358,17
1587481441.1916678,173.194.182.102,10.10.0.10,,,443,41888,0,1358,17
1587481441.193597,10.10.0.10,173.194.182.102,,,41888,443,0,37,17
1587481441.19611,173.194.182.102,10.10.0.10,,,443,41888,0,1358,17
1587481441.200561,173.194.182.102,10.10.0.10,,,443,41888,0,1358,17
1587481441.202627,10.10.0.10,173.194.182.102,,,41888,443,0,37,17
1587481441.205019,173.194.182.102,10.10.0.10,,,443,41888,0,1358,17
1587481441.2094722,173.194.182.102,10.10.0.10,,,443,41888,0,1358,17
1587481441.211358,10.10.0.10,173.194.182.102,,,41888,443,0,50,17
1587481441.2139301,173.194.182.102,10.10.0.10,,,443,41888,0,1358,17
1587481441.218426,173.194.182.102,10.10.0.10,,,443,41888,0,1358,17
1587481441.2203119,10.10.0.10,173.194.182.102,,,41888,443,0,37,17
1587481441.222882,173.194.182.102,10.10.0.10,,,443,41888,0,1358,17
1587481441.227317,173.194.182.102,10.10.0.10,,,443,41888,0,1358,17
1587481441.23179,173.194.182.102,10.10.0.10,,,443,41888,0,1358,17
1587481441.234339,10.10.0.10,173.194.182.102,,,41888,443,0,37,17
1587481441.236247,173.194.182.102,10.10.0.10,,,443,41888,0,1358,17
1587481441.2405472,10.10.0.10,173.194.182.102,,,41888,443,0,37,17
1587481441.240694,173.194.182.102,10.10.0.10,,,443,41888,0,1358,17
1587481441.2451448,173.194.182.102,10.10.0.10,,,443,41888,0,1358,17
1587481441.248128,10.10.0.10,173.194.182.102,,,41888,443,0,37,17
1587481441.249611,173.194.182.102,10.10.0.10,,,443,41888,0,1358,17
1587481441.2540221,173.194.182.102,10.10.0.10,,,443,41888,0,1358,17
1587481441.2566988,10.10.0.10,173.194.182.102,,,41888,443,0,37,17
1587481441.2584622,173.194.182.102,10.10.0.10,,,443,41888,0,1358,17
1587481441.2629302,173.194.182.102,10.10.0.10,,,443,41888,0,1358,17
1587481441.2648866,10.10.0.10,173.194.182.102,,,41888,443,0,37,17
1587481441.267441,173.194.182.102,10.10.0.10,,,443,41888,0,1358,17
1587481441.2718868,173.194.182.102,10.10.0.10,,,443,41888,0,1358,17
1587481441.276059,10.10.0.10,173.194.182.102,,,41888,443,0,37,17
1587481441.2762804,173.194.182.102,10.10.0.10,,,443,41888,0,1358,17
1587481441.280801,173.194.182.102,10.10.0.10,,,443,41888,0,1358,17
1587481441.2828288,10.10.0.10,173.194.182.102,,,41888,443,0,37,17
1587481441.28522,173.194.182.102,10.10.0.10,,,443,41888,0,1358,17
1587481441.289706,173.194.182.102,10.10.0.10,,,443,41888,0,1358,17
1587481441.29416,173.194.182.102,10.10.0.10,,,443,41888,0,1358,17
1587481441.296991,10.10.0.10,173.194.182.102,,,41888,443,0,37,17
1587481441.298615,173.194.182.102,10.10.0.10,,,443,41888,0,1358,17
1587481441.3030775,173.194.182.102,10.10.0.10,,,443,41888,0,1358,17
1587481441.304681,10.10.0.10,173.194.182.102,,,41888,443,0,37,17
1587481441.307528,173.194.182.102,10.10.0.10,,,443,41888,0,1358,17
1587481441.3094,10.10.0.10,173.194.182.102,,,41888,443,0,37,17
1587481441.3119822,173.194.182.102,10.10.0.10,,,443,41888,0,1358,17
1587481441.3164392,173.194.182.102,10.10.0.10,,,443,41888,0,1358,17
1587481441.318352,10.10.0.10,173.194.182.102,,,41888,443,0,37,17
1587481441.3208618,173.194.182.102,10.10.0.10,,,443,41888,0,1358,17
1587481441.3252828,173.194.182.102,10.10.0.10,,,443,41888,0,1358,17
1587481441.3268821,10.10.0.10,173.194.182.102,,,41888,443,0,37,17
1587481441.329746,173.194.182.102,10.10.0.10,,,443,41888,0,1358,17
1587481441.3342578,173.194.182.102,10.10.0.10,,,443,41888,0,1358,17
1587481441.335712,10.10.0.10,173.194.182.102,,,41888,443,0,37,17
1587481441.338683,173.194.182.102,10.10.0.10,,,443,41888,0,1358,17
1587481441.343157,173.194.182.102,10.10.0.10,,,443,41888,0,1358,17
1587481441.344811,10.10.0.10,173.194.182.102,,,41888,443,0,37,17
1587481441.347611,173.194.182.102,10.10.0.10,,,443,41888,0,1358,17
1587481441.3520212,173.194.182.102,10.10.0.10,,,443,41888,0,1358,17
1587481441.353987,10.10.0.10,173.194.182.102,,,41888,443,0,37,17
1587481441.356458,173.194.182.102,10.10.0.10,,,443,41888,0,1358,17
1587481441.3609085,173.194.182.102,10.10.0.10,,,443,41888,0,1358,17
1587481441.3630464,10.10.0.10,173.194.182.102,,,41888,443,0,37,17
1587481441.3653634,173.194.182.102,10.10.0.10,,,443,41888,0,1358,17
1587481441.3698778,173.194.182.102,10.10.0.10,,,443,41888,0,1358,17
1587481441.3715382,10.10.0.10,173.194.182.102,,,41888,443,0,37,17
1587481441.374273,173.194.182.102,10.10.0.10,,,443,41888,0,1358,17
1587481441.378727,173.194.182.102,10.10.0.10,,,443,41888,0,1358,17
1587481441.380435,10.10.0.10,173.194.182.102,,,41888,443,0,37,17
1587481441.3832,173.194.182.102,10.10.0.10,,,443,41888,0,1358,17
1587481441.3876932,173.194.182.102,10.10.0.10,,,443,41888,0,1358,17
1587481441.390582,10.10.0.10,173.194.182.102,,,41888,443,0,50,17
1587481441.3920908,173.194.182.102,10.10.0.10,,,443,41888,0,1358,17
1587481441.396601,173.194.182.102,10.10.0.10,,,443,41888,0,1358,17
1587481441.3982682,10.10.0.10,173.194.182.102,,,41888,443,0,37,17
1587481441.401057,173.194.182.102,10.10.0.10,,,443,41888,0,1358,17
1587481441.4054544,173.194.182.102,10.10.0.10,,,443,41888,0,1358,17
1587481441.4073732,10.10.0.10,173.194.182.102,,,41888,443,0,37,17
1587481441.409967,173.194.182.102,10.10.0.10,,,443,41888,0,1358,17
1587481441.41442,173.194.182.102,10.10.0.10,,,443,41888,0,1358,17
1587481441.415953,10.10.0.10,173.194.182.102,,,41888,443,0,37,17
1587481441.418817,173.194.182.102,10.10.0.10,,,443,41888,0,1358,17
1587481441.4233284,173.194.182.102,10.10.0.10,,,443,41888,0,1358,17
1587481441.4247286,10.10.0.10,173.194.182.102,,,41888,443,0,37,17
1587481441.427784,173.194.182.102,10.10.0.10,,,443,41888,0,1358,17
1587481441.4321814,173.194.182.102,10.10.0.10,,,443,41888,0,1358,17
1587481441.43383,10.10.0.10,173.194.182.102,,,41888,443,0,37,17
1587481441.4366918,173.194.182.102,10.10.0.10,,,443,41888,0,1358,17
1587481441.441154,173.194.182.102,10.10.0.10,,,443,41888,0,1358,17
1587481441.442856,10.10.0.10,173.194.182.102,,,41888,443,0,37,17
1587481441.445545,173.194.182.102,10.10.0.10,,,443,41888,0,1358,17
1587481441.450058,173.194.182.102,10.10.0.10,,,443,41888,0,1358,17
1587481441.451752,10.10.0.10,173.194.182.102,,,41888,443,0,37,17
1587481441.454486,173.194.182.102,10.10.0.10,,,443,41888,0,1358,17
1587481441.458909,173.194.182.102,10.10.0.10,,,443,41888,0,1358,17
1587481441.460606,10.10.0.10,173.194.182.102,,,41888,443,0,37,17
1587481441.463399,173.194.182.102,10.10.0.10,,,443,41888,0,1358,17
1587481441.467876,173.194.182.102,10.10.0.10,,,443,41888,0,1358,17
1587481441.469458,10.10.0.10,173.194.182.102,,,41888,443,0,37,17
1587481441.4722722,173.194.182.102,10.10.0.10,,,443,41888,0,1358,17
1587481441.476785,173.194.182.102,10.10.0.10,,,443,41888,0,1358,17
1587481441.4782898,10.10.0.10,173.194.182.102,,,41888,443,0,37,17
1587481441.48124,173.194.182.102,10.10.0.10,,,443,41888,0,1358,17
1587481441.485666,173.194.182.102,10.10.0.10,,,443,41888,0,1358,17
1587481441.4875238,10.10.0.10,173.194.182.102,,,41888,443,0,37,17
1587481441.4901474,173.194.182.102,10.10.0.10,,,443,41888,0,1358,17
1587481441.494603,173.194.182.102,10.10.0.10,,,443,41888,0,1358,17
1587481441.4963384,10.10.0.10,173.194.182.102,,,41888,443,0,37,17
1587481441.49903,173.194.182.102,10.10.0.10,,,443,41888,0,1358,17
1587481441.503511,173.194.182.102,10.10.0.10,,,443,41888,0,1358,17
1587481441.507064,10.10.0.10,173.194.182.102,,,41888,443,0,40,17
1587481441.5079439,173.194.182.102,10.10.0.10,,,443,41888,0,1358,17
1587481441.509542,10.10.0.10,173.194.182.102,,,41888,443,0,37,17
1587481441.5123732,173.194.182.102,10.10.0.10,,,443,41888,0,1358,17
1587481441.5168738,173.194.182.102,10.10.0.10,,,443,41888,0,1358,17
1587481441.521329,173.194.182.102,10.10.0.10,,,443,41888,0,1358,17
1587481441.5257561,173.194.182.102,10.10.0.10,,,443,41888,0,1358,17
1587481441.53024,173.194.182.102,10.10.0.10,,,443,41888,0,1358,17
1587481441.531423,10.10.0.10,173.194.182.102,,,41888,443,0,37,17
1587481441.531943,10.10.0.10,173.194.182.102,,,41888,443,0,37,17
1587481441.534696,173.194.182.102,10.10.0.10,,,443,41888,0,1358,17
1587481441.5364838,10.10.0.10,173.194.182.102,,,41888,443,0,37,17
1587481441.5391223,173.194.182.102,10.10.0.10,,,443,41888,0,1358,17
1587481441.543604,173.194.182.102,10.10.0.10,,,443,41888,0,1358,17
1587481441.5453384,10.10.0.10,173.194.182.102,,,41888,443,0,37,17
1587481441.548059,173.194.182.102,10.10.0.10,,,443,41888,0,1358,17
1587481441.5524838,173.194.182.102,10.10.0.10,,,443,41888,0,1358,17
1587481441.554157,10.10.0.10,173.194.182.102,,,41888,443,0,37,17
1587481441.55697,173.194.182.102,10.10.0.10,,,443,41888,0,1358,17
1587481441.561422,173.194.182.102,10.10.0.10,,,443,41888,0,1358,17
1587481441.5630882,10.10.0.10,173.194.182.102,,,41888,443,0,50,17
1587481441.5658786,173.194.182.102,10.10.0.10,,,443,41888,0,1358,17
1587481441.5703301,173.194.182.102,10.10.0.10,,,443,41888,0,1358,17
1587481441.571984,10.10.0.10,173.194.182.102,,,41888,443,0,37,17
1587481441.574785,173.194.182.102,10.10.0.10,,,443,41888,0,1358,17
1587481441.579218,173.194.182.102,10.10.0.10,,,443,41888,0,1358,17
1587481441.5833411,10.10.0.10,173.194.182.102,,,41888,443,0,37,17
1587481441.5836668,173.194.182.102,10.10.0.10,,,443,41888,0,1358,17
1587481441.588152,173.194.182.102,10.10.0.10,,,443,41888,0,1358,17
1587481441.589587,10.10.0.10,173.194.182.102,,,41888,443,0,37,17
1587481441.592605,173.194.182.102,10.10.0.10,,,443,41888,0,1358,17
1587481441.5970562,173.194.182.102,10.10.0.10,,,443,41888,0,1358,17
1587481441.598714,10.10.0.10,173.194.182.102,,,41888,443,0,37,17
1587481441.6015182,173.194.182.102,10.10.0.10,,,443,41888,0,1358,17
1587481441.60594,173.194.182.102,10.10.0.10,,,443,41888,0,1358,17
1587481441.60756,10.10.0.10,173.194.182.102,,,41888,443,0,37,17
1587481441.61043,173.194.182.102,10.10.0.10,,,443,41888,0,1358,17
1587481441.614884,173.194.182.102,10.10.0.10,,,443,41888,0,1358,17
1587481441.616498,10.10.0.10,173.194.182.102,,,41888,443,0,37,17
1587481441.619339,173.194.182.102,10.10.0.10,,,443,41888,0,1358,17
1587481441.6237938,173.194.182.102,10.10.0.10,,,443,41888,0,1358,17
1587481441.625352,10.10.0.10,173.194.182.102,,,41888,443,0,37,17
1587481441.628244,173.194.182.102,10.10.0.10,,,443,41888,0,1358,17
1587481441.6327012,173.194.182.102,10.10.0.10,,,443,41888,0,1358,17
1587481441.635419,10.10.0.10,173.194.182.102,,,41888,443,0,37,17
1587481441.6371539,173.194.182.102,10.10.0.10,,,443,41888,0,1358,17
1587481441.641607,173.194.182.102,10.10.0.10,,,443,41888,0,1358,17
1587481441.6447706,10.10.0.10,173.194.182.102,,,41888,443,0,37,17
1587481441.64607,173.194.182.102,10.10.0.10,,,443,41888,0,1358,17
1587481441.6505172,173.194.182.102,10.10.0.10,,,443,41888,0,1358,17
1587481441.654331,10.10.0.10,173.194.182.102,,,41888,443,0,37,17
1587481441.654941,173.194.182.102,10.10.0.10,,,443,41888,0,1358,17
1587481441.659426,173.194.182.102,10.10.0.10,,,443,41888,0,1358,17
1587481441.6611238,10.10.0.10,173.194.182.102,,,41888,443,0,37,17
1587481441.663881,173.194.182.102,10.10.0.10,,,443,41888,0,1358,17
1587481441.668336,173.194.182.102,10.10.0.10,,,443,41888,0,1358,17
1587481441.6699991,10.10.0.10,173.194.182.102,,,41888,443,0,37,17
1587481441.672792,173.194.182.102,10.10.0.10,,,443,41888,0,1358,17
1587481441.6772444,173.194.182.102,10.10.0.10,,,443,41888,0,1358,17
1587481441.6788769,10.10.0.10,173.194.182.102,,,41888,443,0,37,17
1587481441.6816974,173.194.182.102,10.10.0.10,,,443,41888,0,1358,17
1587481441.686134,173.194.182.102,10.10.0.10,,,443,41888,0,1358,17
1587481441.690607,173.194.182.102,10.10.0.10,,,443,41888,0,1358,17
1587481441.695063,173.194.182.102,10.10.0.10,,,443,41888,0,1358,17
1587481441.699518,173.194.182.102,10.10.0.10,,,443,41888,0,1358,17
1587481441.7000911,10.10.0.10,173.194.182.102,,,41888,443,0,37,17
1587481441.701833,10.10.0.10,173.194.182.102,,,41888,443,0,37,17
1587481441.70397,173.194.182.102,10.10.0.10,,,443,41888,0,1358,17
1587481441.7056649,10.10.0.10,173.194.182.102,,,41888,443,0,37,17
1587481441.708424,173.194.182.102,10.10.0.10,,,443,41888,0,1358,17
1587481441.7128818,173.194.182.102,10.10.0.10,,,443,41888,0,1358,17
1587481441.7149384,10.10.0.10,173.194.182.102,,,41888,443,0,37,17
1587481441.717313,173.194.182.102,10.10.0.10,,,443,41888,0,1358,17
1587481441.721792,173.194.182.102,10.10.0.10,,,443,41888,0,1358,17
1587481441.7234929,10.10.0.10,173.194.182.102,,,41888,443,0,37,17
1587481441.726193,173.194.182.102,10.10.0.10,,,443,41888,0,1358,17
1587481441.7306721,173.194.182.102,10.10.0.10,,,443,41888,0,1358,17
1587481441.733115,10.10.0.10,173.194.182.102,,,41888,443,0,37,17
1587481441.735158,173.194.182.102,10.10.0.10,,,443,41888,0,1358,17
1587481441.739613,173.194.182.102,10.10.0.10,,,443,41888,0,1358,17
1587481441.743346,10.10.0.10,173.194.182.102,,,41888,443,0,50,17
1587481441.74403,173.194.182.102,10.10.0.10,,,443,41888,0,1358,17
1587481441.7485216,173.194.182.102,10.10.0.10,,,443,41888,0,1358,17
1587481441.7511768,10.10.0.10,173.194.182.102,,,41888,443,0,37,17
1587481441.7529411,173.194.182.102,10.10.0.10,,,443,41888,0,1358,17
1587481441.7574296,173.194.182.102,10.10.0.10,,,443,41888,0,1358,17
1587481441.759073,10.10.0.10,173.194.182.102,,,41888,443,0,37,17
1587481441.761886,173.194.182.102,10.10.0.10,,,443,41888,0,1358,17
1587481441.7663386,173.194.182.102,10.10.0.10,,,443,41888,0,1358,17
1587481441.7685044,10.10.0.10,173.194.182.102,,,41888,443,0,37,17
1587481441.770735,173.194.182.102,10.10.0.10,,,443,41888,0,1358,17
1587481441.7751868,173.194.182.102,10.10.0.10,,,443,41888,0,1358,17
1587481441.7768462,10.10.0.10,173.194.182.102,,,41888,443,0,37,17
1587481441.7797012,173.194.182.102,10.10.0.10,,,443,41888,0,1358,17
1587481441.784157,173.194.182.102,10.10.0.10,,,443,41888,0,1358,17
1587481441.788102,10.10.0.10,173.194.182.102,,,41888,443,0,37,17
1587481441.788573,173.194.182.102,10.10.0.10,,,443,41888,0,1358,17
1587481441.7930682,173.194.182.102,10.10.0.10,,,443,41888,0,1358,17
1587481441.795798,10.10.0.10,173.194.182.102,,,41888,443,0,37,17
1587481441.797519,173.194.182.102,10.10.0.10,,,443,41888,0,1358,17
1587481441.801975,173.194.182.102,10.10.0.10,,,443,41888,0,1358,17
1587481441.803673,10.10.0.10,173.194.182.102,,,41888,443,0,37,17
1587481441.8064294,173.194.182.102,10.10.0.10,,,443,41888,0,1358,17
1587481441.8108828,173.194.182.102,10.10.0.10,,,443,41888,0,1358,17
1587481441.812549,10.10.0.10,173.194.182.102,,,41888,443,0,37,17
1587481441.815351,173.194.182.102,10.10.0.10,,,443,41888,0,1358,17
1587481441.8198009,173.194.182.102,10.10.0.10,,,443,41888,0,1358,17
1587481441.821467,10.10.0.10,173.194.182.102,,,41888,443,0,37,17
1587481441.8242452,173.194.182.102,10.10.0.10,,,443,41888,0,1358,17
1587481441.828711,173.194.182.102,10.10.0.10,,,443,41888,0,1358,17
1587481441.833049,10.10.0.10,173.194.182.102,,,41888,443,0,37,17
1587481441.833112,173.194.182.102,10.10.0.10,,,443,41888,0,1358,17
1587481441.837608,173.194.182.102,10.10.0.10,,,443,41888,0,1358,17
1587481441.840039,10.10.0.10,173.194.182.102,,,41888,443,0,37,17
1587481441.842074,173.194.182.102,10.10.0.10,,,443,41888,0,1358,17
1587481441.846519,173.194.182.102,10.10.0.10,,,443,41888,0,1358,17
1587481441.84953,10.10.0.10,173.194.182.102,,,41888,443,0,37,17
1587481441.8509731,173.194.182.102,10.10.0.10,,,443,41888,0,1358,17
1587481441.8554301,173.194.182.102,10.10.0.10,,,443,41888,0,1358,17
1587481441.857281,10.10.0.10,173.194.182.102,,,41888,443,0,37,17
1587481441.85988,173.194.182.102,10.10.0.10,,,443,41888,0,294,17
1587481441.8856866,10.10.0.10,173.194.182.102,,,41888,443,0,713,17
1587481441.885737,10.10.0.10,173.194.182.102,,,41888,443,0,48,17
1587481441.891712,173.194.182.102,10.10.0.10,,,443,41888,0,29,17
1587481441.8940835,173.194.182.102,10.10.0.10,,,443,41888,0,108,17
1587481441.894131,173.194.182.102,10.10.0.10,,,443,41888,0,1358,17
1587481441.8941536,173.194.182.102,10.10.0.10,,,443,41888,0,1358,17
1587481441.897992,10.10.0.10,173.194.182.102,,,41888,443,0,37,17
1587481441.898374,173.194.182.102,10.10.0.10,,,443,41888,0,1358,17
1587481441.9013321,10.10.0.10,173.194.182.102,,,41888,443,0,718,17
1587481441.901826,10.10.0.10,173.194.182.102,,,41888,443,0,55,17
1587481441.9028692,173.194.182.102,10.10.0.10,,,443,41888,0,1358,17
1587481441.9043891,10.10.0.10,173.194.182.102,,,41888,443,0,40,17
1587481441.907325,173.194.182.102,10.10.0.10,,,443,41888,0,1358,17
1587481441.909432,10.10.0.10,173.194.182.102,,,41888,443,0,37,17
1587481441.911736,173.194.182.102,10.10.0.10,,,443,41888,0,1358,17
1587481441.916232,173.194.182.102,10.10.0.10,,,443,41888,0,1358,17
1587481441.917918,10.10.0.10,173.194.182.102,,,41888,443,0,37,17
1587481441.9206884,173.194.182.102,10.10.0.10,,,443,41888,0,1358,17
1587481441.925138,173.194.182.102,10.10.0.10,,,443,41888,0,1358,17
1587481441.9268632,10.10.0.10,173.194.182.102,,,41888,443,0,37,17
1587481441.9295938,173.194.182.102,10.10.0.10,,,443,41888,0,1358,17
1587481441.934047,173.194.182.102,10.10.0.10,,,443,41888,0,1358,17
1587481441.935821,10.10.0.10,173.194.182.102,,,41888,443,0,37,17
1587481441.9385011,173.194.182.102,10.10.0.10,,,443,41888,0,29,17
1587481441.938621,173.194.182.102,10.10.0.10,,,443,41888,0,1358,17
1587481441.943161,173.194.182.102,10.10.0.10,,,443,41888,0,1358,17
1587481441.944826,10.10.0.10,173.194.182.102,,,41888,443,0,37,17
1587481441.9476151,173.194.182.102,10.10.0.10,,,443,41888,0,1358,17
1587481441.95207,173.194.182.102,10.10.0.10,,,443,41888,0,1358,17
1587481441.9540534,10.10.0.10,173.194.182.102,,,41888,443,0,37,17
1587481441.956523,173.194.182.102,10.10.0.10,,,443,41888,0,1358,17
1587481441.960979,173.194.182.102,10.10.0.10,,,443,41888,0,1358,17
1587481441.9626598,10.10.0.10,173.194.182.102,,,41888,443,0,37,17
1587481441.96543,173.194.182.102,10.10.0.10,,,443,41888,0,1358,17
1587481441.969883,173.194.182.102,10.10.0.10,,,443,41888,0,1358,17
1587481441.9714918,10.10.0.10,173.194.182.102,,,41888,443,0,37,17
1587481441.974343,173.194.182.102,10.10.0.10,,,443,41888,0,1358,17
1587481441.9787624,173.194.182.102,10.10.0.10,,,443,41888,0,1358,17
1587481441.980256,10.10.0.10,173.194.182.102,,,41888,443,0,40,17
1587481441.983168,173.194.182.102,10.10.0.10,,,443,41888,0,1358,17
1587481441.9847069,10.10.0.10,173.194.182.102,,,41888,443,0,40,17
1587481441.987623,173.194.182.102,10.10.0.10,,,443,41888,0,1358,17
1587481441.989164,10.10.0.10,173.194.182.102,,,41888,443,0,40,17
1587481441.992069,173.194.182.102,10.10.0.10,,,443,41888,0,1358,17
1587481441.9940178,10.10.0.10,173.194.182.102,,,41888,443,0,40,17
1587481441.996525,173.194.182.102,10.10.0.10,,,443,41888,0,1358,17
1587481442.000997,173.194.182.102,10.10.0.10,,,443,41888,0,1358,17
1587481442.002704,10.10.0.10,173.194.182.102,,,41888,443,0,40,17
1587481442.0054328,173.194.182.102,10.10.0.10,,,443,41888,0,1358,17
1587481442.0098898,173.194.182.102,10.10.0.10,,,443,41888,0,1358,17
1587481442.0116,10.10.0.10,173.194.182.102,,,41888,443,0,40,17
1587481442.0143552,173.194.182.102,10.10.0.10,,,443,41888,0,1358,17
1587481442.0187962,173.194.182.102,10.10.0.10,,,443,41888,0,1358,17
1587481442.0207222,10.10.0.10,173.194.182.102,,,41888,443,0,40,17
1587481442.0232651,173.194.182.102,10.10.0.10,,,443,41888,0,1358,17
1587481442.02772,173.194.182.102,10.10.0.10,,,443,41888,0,1358,17
1587481442.029325,10.10.0.10,173.194.182.102,,,41888,443,0,40,17
1587481442.032159,173.194.182.102,10.10.0.10,,,443,41888,0,1358,17
1587481442.036648,173.194.182.102,10.10.0.10,,,443,41888,0,1358,17
1587481442.038329,10.10.0.10,173.194.182.102,,,41888,443,0,40,17
1587481442.0411296,173.194.182.102,10.10.0.10,,,443,41888,0,1358,17
1587481442.0455241,173.194.182.102,10.10.0.10,,,443,41888,0,1358,17
1587481442.047056,10.10.0.10,173.194.182.102,,,41888,443,0,40,17
1587481442.050041,173.194.182.102,10.10.0.10,,,443,41888,0,1358,17
1587481442.054441,173.194.182.102,10.10.0.10,,,443,41888,0,1358,17
1587481442.055975,10.10.0.10,173.194.182.102,,,41888,443,0,53,17
1587481442.0588925,173.194.182.102,10.10.0.10,,,443,41888,0,1358,17
1587481442.063405,173.194.182.102,10.10.0.10,,,443,41888,0,1358,17
1587481442.06679,10.10.0.10,173.194.182.102,,,41888,443,0,40,17
1587481442.06786,173.194.182.102,10.10.0.10,,,443,41888,0,1358,17
1587481442.072288,173.194.182.102,10.10.0.10,,,443,41888,0,1358,17
1587481442.0739582,10.10.0.10,173.194.182.102,,,41888,443,0,40,17
1587481442.076768,173.194.182.102,10.10.0.10,,,443,41888,0,1358,17
1587481442.081222,173.194.182.102,10.10.0.10,,,443,41888,0,1358,17
1587481442.0829391,10.10.0.10,173.194.182.102,,,41888,443,0,40,17
1587481442.085651,173.194.182.102,10.10.0.10,,,443,41888,0,1358,17
1587481442.0901036,173.194.182.102,10.10.0.10,,,443,41888,0,1358,17
1587481442.0919368,10.10.0.10,173.194.182.102,,,41888,443,0,37,17
1587481442.094585,173.194.182.102,10.10.0.10,,,443,41888,0,1358,17
1587481442.098985,173.194.182.102,10.10.0.10,,,443,41888,0,1358,17
1587481442.103483,173.194.182.102,10.10.0.10,,,443,41888,0,1358,17
1587481442.103502,10.10.0.10,173.194.182.102,,,41888,443,0,37,17
1587481442.107954,173.194.182.102,10.10.0.10,,,443,41888,0,1358,17
1587481442.109414,10.10.0.10,173.194.182.102,,,41888,443,0,37,17
1587481442.112407,173.194.182.102,10.10.0.10,,,443,41888,0,1358,17
1587481442.116863,173.194.182.102,10.10.0.10,,,443,41888,0,1358,17
1587481442.118842,10.10.0.10,173.194.182.102,,,41888,443,0,37,17
1587481442.1213148,173.194.182.102,10.10.0.10,,,443,41888,0,1358,17
1587481442.1257722,173.194.182.102,10.10.0.10,,,443,41888,0,1358,17
1587481442.1277368,10.10.0.10,173.194.182.102,,,41888,443,0,37,17
1587481442.130224,173.194.182.102,10.10.0.10,,,443,41888,0,1358,17
1587481442.13468,173.194.182.102,10.10.0.10,,,443,41888,0,1358,17
1587481442.136398,10.10.0.10,173.194.182.102,,,41888,443,0,37,17
1587481442.139104,173.194.182.102,10.10.0.10,,,443,41888,0,1358,17
1587481442.1406894,10.10.0.10,173.194.182.102,,,41888,443,0,40,17
1587481442.143591,173.194.182.102,10.10.0.10,,,443,41888,0,1358,17
1587481442.1453958,10.10.0.10,173.194.182.102,,,41888,443,0,37,17
1587481442.148041,173.194.182.102,10.10.0.10,,,443,41888,0,1358,17
1587481442.152499,173.194.182.102,10.10.0.10,,,443,41888,0,1358,17
1587481442.155192,10.10.0.10,173.194.182.102,,,41888,443,0,37,17
1587481442.156952,173.194.182.102,10.10.0.10,,,443,41888,0,1358,17
1587481442.1613822,173.194.182.102,10.10.0.10,,,443,41888,0,1358,17
1587481442.1654,10.10.0.10,173.194.182.102,,,41888,443,0,37,17
1587481442.165831,173.194.182.102,10.10.0.10,,,443,41888,0,1358,17
1587481442.1703162,173.194.182.102,10.10.0.10,,,443,41888,0,1358,17
1587481442.171813,10.10.0.10,173.194.182.102,,,41888,443,0,37,17
1587481442.174767,173.194.182.102,10.10.0.10,,,443,41888,0,1358,17
1587481442.179225,173.194.182.102,10.10.0.10,,,443,41888,0,1358,17
1587481442.1819398,10.10.0.10,173.194.182.102,,,41888,443,0,37,17
1587481442.1836762,173.194.182.102,10.10.0.10,,,443,41888,0,1358,17
1587481442.188133,173.194.182.102,10.10.0.10,,,443,41888,0,1358,17
1587481442.191835,10.10.0.10,173.194.182.102,,,41888,443,0,37,17
1587481442.192584,173.194.182.102,10.10.0.10,,,443,41888,0,1358,17
1587481442.19704,173.194.182.102,10.10.0.10,,,443,41888,0,1358,17
1587481442.1990454,10.10.0.10,173.194.182.102,,,41888,443,0,37,17
1587481442.201494,173.194.182.102,10.10.0.10,,,443,41888,0,1358,17
1587481442.205953,173.194.182.102,10.10.0.10,,,443,41888,0,1358,17
1587481442.2078106,10.10.0.10,173.194.182.102,,,41888,443,0,37,17
1587481442.2104108,173.194.182.102,10.10.0.10,,,443,41888,0,1358,17
1587481442.2148619,173.194.182.102,10.10.0.10,,,443,41888,0,1358,17
1587481442.2169511,10.10.0.10,173.194.182.102,,,41888,443,0,37,17
1587481442.2193189,173.194.182.102,10.10.0.10,,,443,41888,0,1358,17
1587481442.2237391,173.194.182.102,10.10.0.10,,,443,41888,0,1358,17
1587481442.2255092,10.10.0.10,173.194.182.102,,,41888,443,0,50,17
1587481442.228179,173.194.182.102,10.10.0.10,,,443,41888,0,1358,17
1587481442.2326498,173.194.182.102,10.10.0.10,,,443,41888,0,1358,17
1587481442.235165,10.10.0.10,173.194.182.102,,,41888,443,0,37,17
1587481442.2371118,173.194.182.102,10.10.0.10,,,443,41888,0,1358,17
1587481442.241558,173.194.182.102,10.10.0.10,,,443,41888,0,1358,17
1587481442.2433279,10.10.0.10,173.194.182.102,,,41888,443,0,37,17
1587481442.245985,173.194.182.102,10.10.0.10,,,443,41888,0,1358,17
1587481442.250443,173.194.182.102,10.10.0.10,,,443,41888,0,1358,17
1587481442.25211,10.10.0.10,173.194.182.102,,,41888,443,0,37,17
1587481442.2548988,173.194.182.102,10.10.0.10,,,443,41888,0,1358,17
1587481442.259375,173.194.182.102,10.10.0.10,,,443,41888,0,29,17
1587481442.259536,173.194.182.102,10.10.0.10,,,443,41888,0,1358,17
1587481442.2611241,10.10.0.10,173.194.182.102,,,41888,443,0,37,17
1587481442.264065,173.194.182.102,10.10.0.10,,,443,41888,0,1358,17
1587481442.2685091,173.194.182.102,10.10.0.10,,,443,41888,0,1358,17
1587481442.270228,10.10.0.10,173.194.182.102,,,41888,443,0,37,17
1587481442.2729619,173.194.182.102,10.10.0.10,,,443,41888,0,1358,17
1587481442.277417,173.194.182.102,10.10.0.10,,,443,41888,0,1358,17
1587481442.279023,10.10.0.10,173.194.182.102,,,41888,443,0,37,17
1587481442.281846,173.194.182.102,10.10.0.10,,,443,41888,0,1358,17
1587481442.2863262,173.194.182.102,10.10.0.10,,,443,41888,0,1358,17
1587481442.287875,10.10.0.10,173.194.182.102,,,41888,443,0,37,17
1587481442.290781,173.194.182.102,10.10.0.10,,,443,41888,0,1358,17
1587481442.295235,173.194.182.102,10.10.0.10,,,443,41888,0,1358,17
1587481442.2967298,10.10.0.10,173.194.182.102,,,41888,443,0,37,17
1587481442.29969,173.194.182.102,10.10.0.10,,,443,41888,0,1358,17
1587481442.3041446,173.194.182.102,10.10.0.10,,,443,41888,0,1358,17
1587481442.305874,10.10.0.10,173.194.182.102,,,41888,443,0,37,17
1587481442.308598,173.194.182.102,10.10.0.10,,,443,41888,0,1358,17
1587481442.3130536,173.194.182.102,10.10.0.10,,,443,41888,0,1358,17
1587481442.314626,10.10.0.10,173.194.182.102,,,41888,443,0,37,17
1587481442.31748,173.194.182.102,10.10.0.10,,,443,41888,0,1358,17
1587481442.321969,173.194.182.102,10.10.0.10,,,443,41888,0,1358,17
1587481442.323446,10.10.0.10,173.194.182.102,,,41888,443,0,37,17
1587481442.326399,173.194.182.102,10.10.0.10,,,443,41888,0,1358,17
1587481442.330847,173.194.182.102,10.10.0.10,,,443,41888,0,1358,17
1587481442.3325381,10.10.0.10,173.194.182.102,,,41888,443,0,37,17
1587481442.335335,173.194.182.102,10.10.0.10,,,443,41888,0,1358,17
1587481442.3397224,173.194.182.102,10.10.0.10,,,443,41888,0,1358,17
1587481442.3412282,10.10.0.10,173.194.182.102,,,41888,443,0,37,17
1587481442.3442428,173.194.182.102,10.10.0.10,,,443,41888,0,1358,17
1587481442.3463712,10.10.0.10,173.194.182.102,,,41888,443,0,40,17
1587481442.348706,173.194.182.102,10.10.0.10,,,443,41888,0,1358,17
1587481442.35079,10.10.0.10,173.194.182.102,,,41888,443,0,40,17
1587481442.3531196,173.194.182.102,10.10.0.10,,,443,41888,0,1358,17
1587481442.354801,10.10.0.10,173.194.182.102,,,41888,443,0,40,17
1587481442.3576071,173.194.182.102,10.10.0.10,,,443,41888,0,1358,17
1587481442.3594134,10.10.0.10,173.194.182.102,,,41888,443,0,40,17
1587481442.3620641,173.194.182.102,10.10.0.10,,,443,41888,0,1358,17
1587481442.366515,173.194.182.102,10.10.0.10,,,443,41888,0,1358,17
1587481442.368288,10.10.0.10,173.194.182.102,,,41888,443,0,40,17
1587481442.370969,173.194.182.102,10.10.0.10,,,443,41888,0,1358,17
1587481442.375421,173.194.182.102,10.10.0.10,,,443,41888,0,1358,17
1587481442.3772454,10.10.0.10,173.194.182.102,,,41888,443,0,40,17
1587481442.379878,173.194.182.102,10.10.0.10,,,443,41888,0,1358,17
1587481442.3842669,173.194.182.102,10.10.0.10,,,443,41888,0,1358,17
1587481442.3868039,10.10.0.10,173.194.182.102,,,41888,443,0,53,17
1587481442.388727,173.194.182.102,10.10.0.10,,,443,41888,0,1358,17
1587481442.393176,173.194.182.102,10.10.0.10,,,443,41888,0,1358,17
1587481442.3951,10.10.0.10,173.194.182.102,,,41888,443,0,40,17
1587481442.397696,173.194.182.102,10.10.0.10,,,443,41888,0,1358,17
1587481442.4020898,173.194.182.102,10.10.0.10,,,443,41888,0,1358,17
1587481442.403809,10.10.0.10,173.194.182.102,,,41888,443,0,40,17
1587481442.4066038,173.194.182.102,10.10.0.10,,,443,41888,0,1358,17
1587481442.411058,173.194.182.102,10.10.0.10,,,443,41888,0,1358,17
1587481442.4127052,10.10.0.10,173.194.182.102,,,41888,443,0,37,17
1587481442.415446,173.194.182.102,10.10.0.10,,,443,41888,0,1358,17
1587481442.419967,173.194.182.102,10.10.0.10,,,443,41888,0,1358,17
1587481442.421826,10.10.0.10,173.194.182.102,,,41888,443,0,37,17
1587481442.424434,173.194.182.102,10.10.0.10,,,443,41888,0,1358,17
1587481442.4288108,173.194.182.102,10.10.0.10,,,443,41888,0,1358,17
1587481442.4306,10.10.0.10,173.194.182.102,,,41888,443,0,37,17
1587481442.4333308,173.194.182.102,10.10.0.10,,,443,41888,0,1358,17
1587481442.437785,173.194.182.102,10.10.0.10,,,443,41888,0,1358,17
1587481442.43966,10.10.0.10,173.194.182.102,,,41888,443,0,37,17
1587481442.4421742,173.194.182.102,10.10.0.10,,,443,41888,0,1358,17
1587481442.4466946,173.194.182.102,10.10.0.10,,,443,41888,0,1358,17
1587481442.4482632,10.10.0.10,173.194.182.102,,,41888,443,0,37,17
1587481442.4511485,173.194.182.102,10.10.0.10,,,443,41888,0,1358,17
1587481442.45554,173.194.182.102,10.10.0.10,,,443,41888,0,1358,17
1587481442.4570081,10.10.0.10,173.194.182.102,,,41888,443,0,37,17
1587481442.4600658,173.194.182.102,10.10.0.10,,,443,41888,0,1358,17
1587481442.4645214,173.194.182.102,10.10.0.10,,,443,41888,0,1358,17
1587481442.466467,10.10.0.10,173.194.182.102,,,41888,443,0,37,17
1587481442.468911,173.194.182.102,10.10.0.10,,,443,41888,0,1358,17
1587481442.473392,173.194.182.102,10.10.0.10,,,443,41888,0,1358,17
1587481442.477377,10.10.0.10,173.194.182.102,,,41888,443,0,37,17
1587481442.4778454,173.194.182.102,10.10.0.10,,,443,41888,0,1358,17
1587481442.4823024,173.194.182.102,10.10.0.10,,,443,41888,0,1358,17
1587481442.4840894,10.10.0.10,173.194.182.102,,,41888,443,0,37,17
1587481442.4867554,173.194.182.102,10.10.0.10,,,443,41888,0,1358,17
1587481442.491246,173.194.182.102,10.10.0.10,,,443,41888,0,1358,17
1587481442.492984,10.10.0.10,173.194.182.102,,,41888,443,0,37,17
1587481442.495665,173.194.182.102,10.10.0.10,,,443,41888,0,1358,17
1587481442.500155,173.194.182.102,10.10.0.10,,,443,41888,0,1358,17
1587481442.502485,10.10.0.10,173.194.182.102,,,41888,443,0,37,17
1587481442.5046089,173.194.182.102,10.10.0.10,,,443,41888,0,1358,17
1587481442.509028,173.194.182.102,10.10.0.10,,,443,41888,0,1358,17
1587481442.5110302,10.10.0.10,173.194.182.102,,,41888,443,0,37,17
1587481442.513519,173.194.182.102,10.10.0.10,,,443,41888,0,1358,17
1587481442.5179718,173.194.182.102,10.10.0.10,,,443,41888,0,1358,17
1587481442.519648,10.10.0.10,173.194.182.102,,,41888,443,0,37,17
1587481442.5223901,173.194.182.102,10.10.0.10,,,443,41888,0,1358,17
1587481442.526882,173.194.182.102,10.10.0.10,,,443,41888,0,1358,17
1587481442.528523,10.10.0.10,173.194.182.102,,,41888,443,0,37,17
1587481442.5312998,173.194.182.102,10.10.0.10,,,443,41888,0,1358,17
1587481442.535753,173.194.182.102,10.10.0.10,,,443,41888,0,1358,17
1587481442.537358,10.10.0.10,173.194.182.102,,,41888,443,0,37,17
1587481442.540875,173.194.182.102,10.10.0.10,,,443,41888,0,1358,17
1587481442.545335,173.194.182.102,10.10.0.10,,,443,41888,0,1358,17
1587481442.5469027,10.10.0.10,173.194.182.102,,,41888,443,0,37,17
1587481442.549825,173.194.182.102,10.10.0.10,,,443,41888,0,1358,17
1587481442.554281,173.194.182.102,10.10.0.10,,,443,41888,0,1358,17
1587481442.556068,10.10.0.10,173.194.182.102,,,41888,443,0,37,17
1587481442.558745,173.194.182.102,10.10.0.10,,,443,41888,0,1358,17
1587481442.563189,173.194.182.102,10.10.0.10,,,443,41888,0,1358,17
1587481442.5649068,10.10.0.10,173.194.182.102,,,41888,443,0,50,17
1587481442.5675962,173.194.182.102,10.10.0.10,,,443,41888,0,1358,17
1587481442.5721068,173.194.182.102,10.10.0.10,,,443,41888,0,1358,17
1587481442.5737526,10.10.0.10,173.194.182.102,,,41888,443,0,37,17
1587481442.576552,173.194.182.102,10.10.0.10,,,443,41888,0,1358,17
1587481442.5809698,173.194.182.102,10.10.0.10,,,443,41888,0,1358,17
1587481442.5826852,10.10.0.10,173.194.182.102,,,41888,443,0,37,17
1587481442.585387,173.194.182.102,10.10.0.10,,,443,41888,0,29,17
1587481442.585584,173.194.182.102,10.10.0.10,,,443,41888,0,1358,17
1587481442.59008,173.194.182.102,10.10.0.10,,,443,41888,0,1358,17
1587481442.591753,10.10.0.10,173.194.182.102,,,41888,443,0,37,17
1587481442.594573,173.194.182.102,10.10.0.10,,,443,41888,0,1358,17
1587481442.598989,173.194.182.102,10.10.0.10,,,443,41888,0,1358,17
1587481442.601872,10.10.0.10,173.194.182.102,,,41888,443,0,37,17
1587481442.6034749,173.194.182.102,10.10.0.10,,,443,41888,0,1358,17
1587481442.6079302,173.194.182.102,10.10.0.10,,,443,41888,0,1358,17
1587481442.609749,10.10.0.10,173.194.182.102,,,41888,443,0,37,17
1587481442.612351,173.194.182.102,10.10.0.10,,,443,41888,0,1358,17
1587481442.616838,173.194.182.102,10.10.0.10,,,443,41888,0,1358,17
1587481442.618625,10.10.0.10,173.194.182.102,,,41888,443,0,37,17
1587481442.621293,173.194.182.102,10.10.0.10,,,443,41888,0,1358,17
1587481442.625712,173.194.182.102,10.10.0.10,,,443,41888,0,1358,17
1587481442.6275802,10.10.0.10,173.194.182.102,,,41888,443,0,37,17
1587481442.6302018,173.194.182.102,10.10.0.10,,,443,41888,0,1358,17
1587481442.634656,173.194.182.102,10.10.0.10,,,443,41888,0,1358,17
1587481442.6390748,173.194.182.102,10.10.0.10,,,443,41888,0,1358,17
1587481442.640004,10.10.0.10,173.194.182.102,,,41888,443,0,37,17
1587481442.643573,173.194.182.102,10.10.0.10,,,443,41888,0,1358,17
1587481442.6456099,10.10.0.10,173.194.182.102,,,41888,443,0,37,17
1587481442.648027,173.194.182.102,10.10.0.10,,,443,41888,0,1358,17
1587481442.652444,173.194.182.102,10.10.0.10,,,443,41888,0,1358,17
1587481442.6541982,10.10.0.10,173.194.182.102,,,41888,443,0,37,17
1587481442.6569376,173.194.182.102,10.10.0.10,,,443,41888,0,1358,17
1587481442.661391,173.194.182.102,10.10.0.10,,,443,41888,0,1358,17
1587481442.663239,10.10.0.10,173.194.182.102,,,41888,443,0,37,17
1587481442.665806,173.194.182.102,10.10.0.10,,,443,41888,0,1358,17
1587481442.6703002,173.194.182.102,10.10.0.10,,,443,41888,0,1358,17
1587481442.671821,10.10.0.10,173.194.182.102,,,41888,443,0,37,17
1587481442.674753,173.194.182.102,10.10.0.10,,,443,41888,0,1358,17
1587481442.679167,173.194.182.102,10.10.0.10,,,443,41888,0,1358,17
1587481442.681473,10.10.0.10,173.194.182.102,,,41888,443,0,37,17
1587481442.6836624,173.194.182.102,10.10.0.10,,,443,41888,0,1358,17
1587481442.688118,173.194.182.102,10.10.0.10,,,443,41888,0,1358,17
1587481442.689843,10.10.0.10,173.194.182.102,,,41888,443,0,37,17
1587481442.692533,173.194.182.102,10.10.0.10,,,443,41888,0,1358,17
1587481442.697026,173.194.182.102,10.10.0.10,,,443,41888,0,1358,17
1587481442.7000964,10.10.0.10,173.194.182.102,,,41888,443,0,37,17
1587481442.7014804,173.194.182.102,10.10.0.10,,,443,41888,0,1358,17
1587481442.7058961,173.194.182.102,10.10.0.10,,,443,41888,0,1358,17
1587481442.7075481,10.10.0.10,173.194.182.102,,,41888,443,0,37,17
1587481442.710391,173.194.182.102,10.10.0.10,,,443,41888,0,1358,17
1587481442.714853,173.194.182.102,10.10.0.10,,,443,41888,0,1358,17
1587481442.7187881,10.10.0.10,173.194.182.102,,,41888,443,0,37,17
1587481442.7192562,173.194.182.102,10.10.0.10,,,443,41888,0,1358,17
1587481442.723754,173.194.182.102,10.10.0.10,,,443,41888,0,1358,17
1587481442.725328,10.10.0.10,173.194.182.102,,,41888,443,0,40,17
1587481442.7282052,173.194.182.102,10.10.0.10,,,443,41888,0,1358,17
1587481442.7297351,10.10.0.10,173.194.182.102,,,41888,443,0,40,17
1587481442.732657,173.194.182.102,10.10.0.10,,,443,41888,0,1358,17
1587481442.73409,10.10.0.10,173.194.182.102,,,41888,443,0,53,17
1587481442.7371118,173.194.182.102,10.10.0.10,,,443,41888,0,1358,17
1587481442.7384892,10.10.0.10,173.194.182.102,,,41888,443,0,40,17
1587481442.7415671,173.194.182.102,10.10.0.10,,,443,41888,0,1358,17
1587481442.745958,173.194.182.102,10.10.0.10,,,443,41888,0,1358,17
1587481442.747654,10.10.0.10,173.194.182.102,,,41888,443,0,37,17
1587481442.7504802,173.194.182.102,10.10.0.10,,,443,41888,0,1358,17
1587481442.754933,173.194.182.102,10.10.0.10,,,443,41888,0,1358,17
1587481442.757304,10.10.0.10,173.194.182.102,,,41888,443,0,37,17
1587481442.759362,173.194.182.102,10.10.0.10,,,443,41888,0,1358,17
1587481442.763842,173.194.182.102,10.10.0.10,,,443,41888,0,1358,17
1587481442.765449,10.10.0.10,173.194.182.102,,,41888,443,0,37,17
1587481442.768224,173.194.182.102,10.10.0.10,,,443,41888,0,1358,17
1587481442.772726,173.194.182.102,10.10.0.10,,,443,41888,0,1358,17
1587481442.7743616,10.10.0.10,173.194.182.102,,,41888,443,0,37,17
1587481442.7772038,173.194.182.102,10.10.0.10,,,443,41888,0,1358,17
1587481442.78166,173.194.182.102,10.10.0.10,,,443,41888,0,1358,17
1587481442.7832534,10.10.0.10,173.194.182.102,,,41888,443,0,37,17
1587481442.7860901,173.194.182.102,10.10.0.10,,,443,41888,0,1358,17
1587481442.7905679,173.194.182.102,10.10.0.10,,,443,41888,0,1358,17
1587481442.792166,10.10.0.10,173.194.182.102,,,41888,443,0,37,17
1587481442.795022,173.194.182.102,10.10.0.10,,,443,41888,0,1358,17
1587481442.799476,173.194.182.102,10.10.0.10,,,443,41888,0,1358,17
1587481442.8014,10.10.0.10,173.194.182.102,,,41888,443,0,37,17
1587481442.8038812,173.194.182.102,10.10.0.10,,,443,41888,0,1358,17
1587481442.808381,173.194.182.102,10.10.0.10,,,443,41888,0,1358,17
1587481442.812114,10.10.0.10,173.194.182.102,,,41888,443,0,37,17
1587481442.812793,173.194.182.102,10.10.0.10,,,443,41888,0,1358,17
1587481442.817245,173.194.182.102,10.10.0.10,,,443,41888,0,1358,17
1587481442.81886,10.10.0.10,173.194.182.102,,,41888,443,0,37,17
1587481442.8217402,173.194.182.102,10.10.0.10,,,443,41888,0,1358,17
1587481442.8261938,173.194.182.102,10.10.0.10,,,443,41888,0,1358,17
1587481442.827893,10.10.0.10,173.194.182.102,,,41888,443,0,37,17
1587481442.8306491,173.194.182.102,10.10.0.10,,,443,41888,0,1358,17
1587481442.8350508,173.194.182.102,10.10.0.10,,,443,41888,0,1358,17
1587481442.836768,10.10.0.10,173.194.182.102,,,41888,443,0,37,17
1587481442.8395278,173.194.182.102,10.10.0.10,,,443,41888,0,1358,17
1587481442.8440125,173.194.182.102,10.10.0.10,,,443,41888,0,1358,17
1587481442.8477476,10.10.0.10,173.194.182.102,,,41888,443,0,37,17
1587481442.848425,173.194.182.102,10.10.0.10,,,443,41888,0,1358,17
1587481442.852888,173.194.182.102,10.10.0.10,,,443,41888,0,1358,17
1587481442.8544312,10.10.0.10,173.194.182.102,,,41888,443,0,37,17
1587481442.8573751,173.194.182.102,10.10.0.10,,,443,41888,0,1358,17
1587481442.8617892,173.194.182.102,10.10.0.10,,,443,41888,0,1358,17
1587481442.8635652,10.10.0.10,173.194.182.102,,,41888,443,0,37,17
1587481442.866256,173.194.182.102,10.10.0.10,,,443,41888,0,1358,17
1587481442.870739,173.194.182.102,10.10.0.10,,,443,41888,0,1358,17
1587481442.8725634,10.10.0.10,173.194.182.102,,,41888,443,0,37,17
1587481442.875192,173.194.182.102,10.10.0.10,,,443,41888,0,1358,17
1587481442.879648,173.194.182.102,10.10.0.10,,,443,41888,0,1358,17
1587481442.8814418,10.10.0.10,173.194.182.102,,,41888,443,0,37,17
1587481442.8840995,173.194.182.102,10.10.0.10,,,443,41888,0,1358,17
1587481442.8885562,173.194.182.102,10.10.0.10,,,443,41888,0,1358,17
1587481442.890656,10.10.0.10,173.194.182.102,,,41888,443,0,37,17
1587481442.8930109,173.194.182.102,10.10.0.10,,,443,41888,0,1358,17
1587481442.897417,173.194.182.102,10.10.0.10,,,443,41888,0,1358,17
1587481442.8990202,10.10.0.10,173.194.182.102,,,41888,443,0,37,17
1587481442.901851,173.194.182.102,10.10.0.10,,,443,41888,0,1358,17
1587481442.906373,173.194.182.102,10.10.0.10,,,443,41888,0,1358,17
1587481442.908142,10.10.0.10,173.194.182.102,,,41888,443,0,50,17
1587481442.9107876,173.194.182.102,10.10.0.10,,,443,41888,0,1358,17
1587481442.915281,173.194.182.102,10.10.0.10,,,443,41888,0,1358,17
1587481442.9169958,10.10.0.10,173.194.182.102,,,41888,443,0,37,17
1587481442.9197366,173.194.182.102,10.10.0.10,,,443,41888,0,1358,17
1587481442.924192,173.194.182.102,10.10.0.10,,,443,41888,0,1358,17
1587481442.925833,10.10.0.10,173.194.182.102,,,41888,443,0,37,17
1587481442.928646,173.194.182.102,10.10.0.10,,,443,41888,0,1358,17
1587481442.9330988,173.194.182.102,10.10.0.10,,,443,41888,0,1358,17
1587481442.934728,10.10.0.10,173.194.182.102,,,41888,443,0,37,17
1587481442.937554,173.194.182.102,10.10.0.10,,,443,41888,0,1358,17
1587481442.942023,173.194.182.102,10.10.0.10,,,443,41888,0,1358,17
1587481442.9443731,10.10.0.10,173.194.182.102,,,41888,443,0,37,17
1587481442.946464,173.194.182.102,10.10.0.10,,,443,41888,0,1358,17
1587481442.9509196,173.194.182.102,10.10.0.10,,,443,41888,0,1358,17
1587481442.953206,10.10.0.10,173.194.182.102,,,41888,443,0,37,17
1587481442.9554,173.194.182.102,10.10.0.10,,,443,41888,0,1358,17
1587481442.9571302,10.10.0.10,173.194.182.102,,,41888,443,0,40,17
1587481442.959785,173.194.182.102,10.10.0.10,,,443,41888,0,1358,17
1587481442.961478,10.10.0.10,173.194.182.102,,,41888,443,0,40,17
1587481442.964254,173.194.182.102,10.10.0.10,,,443,41888,0,1358,17
1587481442.9658508,10.10.0.10,173.194.182.102,,,41888,443,0,40,17
1587481442.9687078,173.194.182.102,10.10.0.10,,,443,41888,0,1358,17
1587481442.973149,173.194.182.102,10.10.0.10,,,443,41888,0,1358,17
1587481442.977602,173.194.182.102,10.10.0.10,,,443,41888,0,1358,17
1587481442.982095,173.194.182.102,10.10.0.10,,,443,41888,0,1358,17
1587481442.986552,173.194.182.102,10.10.0.10,,,443,41888,0,1358,17
1587481442.991007,173.194.182.102,10.10.0.10,,,443,41888,0,1358,17
1587481442.995465,173.194.182.102,10.10.0.10,,,443,41888,0,1358,17
1587481442.998069,10.10.0.10,173.194.182.102,,,41888,443,0,40,17
1587481442.999913,173.194.182.102,10.10.0.10,,,443,41888,0,1358,17
1587481443.0028632,10.10.0.10,173.194.182.102,,,41888,443,0,40,17
1587481443.005065,10.10.0.10,173.194.182.102,,,41888,443,0,40,17
1587481443.0051339,10.10.0.10,173.194.182.102,,,41888,443,0,40,17
1587481443.010659,173.194.182.102,10.10.0.10,,,443,41888,0,1358,17
1587481443.014389,173.194.182.102,10.10.0.10,,,443,41888,0,1358,17
1587481443.014502,10.10.0.10,173.194.182.102,,,41888,443,0,40,17
1587481443.0190532,173.194.182.102,10.10.0.10,,,443,41888,0,1358,17
1587481443.0191116,173.194.182.102,10.10.0.10,,,443,41888,0,1358,17
1587481443.0208569,10.10.0.10,173.194.182.102,,,41888,443,0,40,17
1587481443.025442,173.194.182.102,10.10.0.10,,,443,41888,0,1358,17
1587481443.0272698,10.10.0.10,173.194.182.102,,,41888,443,0,40,17
1587481443.0278409,173.194.182.102,10.10.0.10,,,443,41888,0,1358,17
1587481443.034948,173.194.182.102,10.10.0.10,,,443,41888,0,1358,17
1587481443.036761,173.194.182.102,10.10.0.10,,,443,41888,0,1358,17
1587481443.036791,10.10.0.10,173.194.182.102,,,41888,443,0,40,17
1587481443.0416536,173.194.182.102,10.10.0.10,,,443,41888,0,1358,17
1587481443.044606,10.10.0.10,173.194.182.102,,,41888,443,0,40,17
1587481443.045702,173.194.182.102,10.10.0.10,,,443,41888,0,1358,17
1587481443.054842,173.194.182.102,10.10.0.10,,,443,41888,0,1358,17
1587481443.0549018,173.194.182.102,10.10.0.10,,,443,41888,0,1358,17
1587481443.056775,10.10.0.10,173.194.182.102,,,41888,443,0,40,17
1587481443.0595038,173.194.182.102,10.10.0.10,,,443,41888,0,1358,17
1587481443.0613544,10.10.0.10,173.194.182.102,,,41888,443,0,40,17
1587481443.063516,173.194.182.102,10.10.0.10,,,443,41888,0,1358,17
1587481443.067975,173.194.182.102,10.10.0.10,,,443,41888,0,1358,17
1587481443.071001,10.10.0.10,173.194.182.102,,,41888,443,0,53,17
1587481443.0724282,173.194.182.102,10.10.0.10,,,443,41888,0,1358,17
1587481443.0768812,173.194.182.102,10.10.0.10,,,443,41888,0,1358,17
1587481443.0802288,10.10.0.10,173.194.182.102,,,41888,443,0,40,17
1587481443.081335,173.194.182.102,10.10.0.10,,,443,41888,0,1358,17
1587481443.085794,173.194.182.102,10.10.0.10,,,443,41888,0,1358,17
1587481443.0880196,10.10.0.10,173.194.182.102,,,41888,443,0,42,17
1587481443.090248,173.194.182.102,10.10.0.10,,,443,41888,0,1358,17
1587481443.0920231,10.10.0.10,173.194.182.102,,,41888,443,0,40,17
1587481443.0946918,173.194.182.102,10.10.0.10,,,443,41888,0,29,17
1587481443.09483,173.194.182.102,10.10.0.10,,,443,41888,0,1358,17
1587481443.099358,173.194.182.102,10.10.0.10,,,443,41888,0,1358,17
1587481443.102561,10.10.0.10,173.194.182.102,,,41888,443,0,37,17
1587481443.1038098,173.194.182.102,10.10.0.10,,,443,41888,0,1358,17
1587481443.1082685,173.194.182.102,10.10.0.10,,,443,41888,0,1358,17
1587481443.111476,10.10.0.10,173.194.182.102,,,41888,443,0,37,17
1587481443.1127224,173.194.182.102,10.10.0.10,,,443,41888,0,1358,17
1587481443.117177,173.194.182.102,10.10.0.10,,,443,41888,0,1358,17
1587481443.11976,10.10.0.10,173.194.182.102,,,41888,443,0,37,17
1587481443.1216292,173.194.182.102,10.10.0.10,,,443,41888,0,1358,17
1587481443.1260881,173.194.182.102,10.10.0.10,,,443,41888,0,1358,17
1587481443.1305358,173.194.182.102,10.10.0.10,,,443,41888,0,1358,17
1587481443.13499,173.194.182.102,10.10.0.10,,,443,41888,0,1358,17
1587481443.139169,10.10.0.10,173.194.182.102,,,41888,443,0,37,17
1587481443.139386,173.194.182.102,10.10.0.10,,,443,41888,0,1358,17
1587481443.141234,10.10.0.10,173.194.182.102,,,41888,443,0,37,17
1587481443.1439002,173.194.182.102,10.10.0.10,,,443,41888,0,1358,17
1587481443.1462538,10.10.0.10,173.194.182.102,,,41888,443,0,37,17
1587481443.1483538,173.194.182.102,10.10.0.10,,,443,41888,0,1358,17
1587481443.1528122,173.194.182.102,10.10.0.10,,,443,41888,0,1358,17
1587481443.1556866,10.10.0.10,173.194.182.102,,,41888,443,0,37,17
1587481443.1572292,173.194.182.102,10.10.0.10,,,443,41888,0,1358,17
1587481443.161653,173.194.182.102,10.10.0.10,,,443,41888,0,1358,17
1587481443.1644418,10.10.0.10,173.194.182.102,,,41888,443,0,37,17
1587481443.1661382,173.194.182.102,10.10.0.10,,,443,41888,0,1358,17
1587481443.17056,173.194.182.102,10.10.0.10,,,443,41888,0,1358,17
1587481443.1733315,10.10.0.10,173.194.182.102,,,41888,443,0,37,17
1587481443.1750364,173.194.182.102,10.10.0.10,,,443,41888,0,1358,17
1587481443.179498,173.194.182.102,10.10.0.10,,,443,41888,0,1358,17
1587481443.181672,10.10.0.10,173.194.182.102,,,41888,443,0,37,17
1587481443.183974,173.194.182.102,10.10.0.10,,,443,41888,0,1358,17
1587481443.188433,173.194.182.102,10.10.0.10,,,443,41888,0,1358,17
1587481443.1927009,10.10.0.10,173.194.182.102,,,41888,443,0,37,17
1587481443.192843,173.194.182.102,10.10.0.10,,,443,41888,0,1358,17
1587481443.1973472,173.194.182.102,10.10.0.10,,,443,41888,0,1358,17
1587481443.200219,10.10.0.10,173.194.182.102,,,41888,443,0,37,17
1587481443.201794,173.194.182.102,10.10.0.10,,,443,41888,0,1358,17
1587481443.206191,173.194.182.102,10.10.0.10,,,443,41888,0,1358,17
1587481443.210647,173.194.182.102,10.10.0.10,,,443,41888,0,1358,17
1587481443.2151382,173.194.182.102,10.10.0.10,,,443,41888,0,1358,17
1587481443.21957,173.194.182.102,10.10.0.10,,,443,41888,0,1358,17
1587481443.224065,173.194.182.102,10.10.0.10,,,443,41888,0,1358,17
1587481443.22848,173.194.182.102,10.10.0.10,,,443,41888,0,1358,17
1587481443.2329464,173.194.182.102,10.10.0.10,,,443,41888,0,1358,17
1587481443.237434,173.194.182.102,10.10.0.10,,,443,41888,0,1358,17
1587481443.241886,173.194.182.102,10.10.0.10,,,443,41888,0,1358,17
1587481443.2435868,10.10.0.10,173.194.182.102,,,41888,443,0,37,17
1587481443.245889,10.10.0.10,173.194.182.102,,,41888,443,0,37,17
1587481443.2468991,10.10.0.10,173.194.182.102,,,41888,443,0,37,17
1587481443.247605,10.10.0.10,173.194.182.102,,,41888,443,0,37,17
1587481443.248285,10.10.0.10,173.194.182.102,,,41888,443,0,50,17
1587481443.2550962,173.194.182.102,10.10.0.10,,,443,41888,0,1358,17
1587481443.2551286,173.194.182.102,10.10.0.10,,,443,41888,0,1358,17
1587481443.257247,10.10.0.10,173.194.182.102,,,41888,443,0,37,17
1587481443.2602804,173.194.182.102,10.10.0.10,,,443,41888,0,29,17
1587481443.262864,173.194.182.102,10.10.0.10,,,443,41888,0,1358,17
1587481443.263553,173.194.182.102,10.10.0.10,,,443,41888,0,1358,17
1587481443.2652724,10.10.0.10,173.194.182.102,,,41888,443,0,37,17
1587481443.2712,173.194.182.102,10.10.0.10,,,443,41888,0,1358,17
1587481443.2724528,173.194.182.102,10.10.0.10,,,443,41888,0,1358,17
1587481443.2754679,10.10.0.10,173.194.182.102,,,41888,443,0,37,17
1587481443.278411,173.194.182.102,10.10.0.10,,,443,41888,0,1358,17
1587481443.2814212,173.194.182.102,10.10.0.10,,,443,41888,0,1358,17
1587481443.2832382,10.10.0.10,173.194.182.102,,,41888,443,0,37,17
1587481443.2858472,173.194.182.102,10.10.0.10,,,443,41888,0,1358,17
1587481443.290328,173.194.182.102,10.10.0.10,,,443,41888,0,1358,17
1587481443.2938788,10.10.0.10,173.194.182.102,,,41888,443,0,37,17
1587481443.294783,173.194.182.102,10.10.0.10,,,443,41888,0,1358,17
1587481443.299237,173.194.182.102,10.10.0.10,,,443,41888,0,1358,17
1587481443.301719,10.10.0.10,173.194.182.102,,,41888,443,0,37,17
1587481443.303692,173.194.182.102,10.10.0.10,,,443,41888,0,1358,17
1587481443.30812,173.194.182.102,10.10.0.10,,,443,41888,0,1358,17
1587481443.312606,173.194.182.102,10.10.0.10,,,443,41888,0,1358,17
1587481443.3170578,173.194.182.102,10.10.0.10,,,443,41888,0,1358,17
1587481443.3215148,173.194.182.102,10.10.0.10,,,443,41888,0,1358,17
1587481443.325967,173.194.182.102,10.10.0.10,,,443,41888,0,1358,17
1587481443.3303616,173.194.182.102,10.10.0.10,,,443,41888,0,1358,17
1587481443.3348358,173.194.182.102,10.10.0.10,,,443,41888,0,1358,17
1587481443.339306,173.194.182.102,10.10.0.10,,,443,41888,0,1358,17
1587481443.34376,173.194.182.102,10.10.0.10,,,443,41888,0,1358,17
1587481443.3482409,173.194.182.102,10.10.0.10,,,443,41888,0,1358,17
1587481443.352694,173.194.182.102,10.10.0.10,,,443,41888,0,1358,17
1587481443.35712,173.194.182.102,10.10.0.10,,,443,41888,0,1358,17
1587481443.3616035,173.194.182.102,10.10.0.10,,,443,41888,0,1358,17
1587481443.391735,10.10.0.10,173.194.182.102,,,41888,443,0,37,17
1587481443.395975,10.10.0.10,173.194.182.102,,,41888,443,0,40,17
1587481443.396518,10.10.0.10,173.194.182.102,,,41888,443,0,37,17
1587481443.397577,10.10.0.10,173.194.182.102,,,41888,443,0,37,17
1587481443.398995,10.10.0.10,173.194.182.102,,,41888,443,0,37,17
1587481443.399677,10.10.0.10,173.194.182.102,,,41888,443,0,37,17
1587481443.400126,173.194.182.102,10.10.0.10,,,443,41888,0,1358,17
1587481443.4014866,10.10.0.10,173.194.182.102,,,41888,443,0,37,17
1587481443.401907,10.10.0.10,173.194.182.102,,,41888,443,0,37,17
1587481443.4044714,173.194.182.102,10.10.0.10,,,443,41888,0,1358,17
1587481443.4044971,173.194.182.102,10.10.0.10,,,443,41888,0,1358,17
1587481443.406156,10.10.0.10,173.194.182.102,,,41888,443,0,37,17
1587481443.412646,173.194.182.102,10.10.0.10,,,443,41888,0,1358,17
1587481443.412857,173.194.182.102,10.10.0.10,,,443,41888,0,1358,17
1587481443.4144518,10.10.0.10,173.194.182.102,,,41888,443,0,37,17
1587481443.420263,173.194.182.102,10.10.0.10,,,443,41888,0,1358,17
1587481443.421795,173.194.182.102,10.10.0.10,,,443,41888,0,1358,17
1587481443.428192,173.194.182.102,10.10.0.10,,,443,41888,0,1358,17
1587481443.430705,173.194.182.102,10.10.0.10,,,443,41888,0,1358,17
1587481443.435873,173.194.182.102,10.10.0.10,,,443,41888,0,1358,17
1587481443.4396124,173.194.182.102,10.10.0.10,,,443,41888,0,1358,17
1587481443.444039,173.194.182.102,10.10.0.10,,,443,41888,0,1358,17
1587481443.448522,173.194.182.102,10.10.0.10,,,443,41888,0,1358,17
1587481443.452951,173.194.182.102,10.10.0.10,,,443,41888,0,1358,17
1587481443.4574294,173.194.182.102,10.10.0.10,,,443,41888,0,1358,17
1587481443.4618876,173.194.182.102,10.10.0.10,,,443,41888,0,1358,17
1587481443.4663398,173.194.182.102,10.10.0.10,,,443,41888,0,1358,17
1587481443.470797,173.194.182.102,10.10.0.10,,,443,41888,0,1358,17
1587481443.475249,173.194.182.102,10.10.0.10,,,443,41888,0,1358,17
1587481443.479704,173.194.182.102,10.10.0.10,,,443,41888,0,1358,17
1587481443.4841561,173.194.182.102,10.10.0.10,,,443,41888,0,1358,17
1587481443.5663528,173.194.182.102,10.10.0.10,,,443,41888,0,1358,17
1587481443.635473,10.10.0.10,173.194.182.102,,,41888,443,0,37,17
1587481443.6976874,173.194.182.102,10.10.0.10,,,443,41888,0,1358,17
1587481443.8359182,173.194.182.102,10.10.0.10,,,443,41888,0,1358,17
1587481444.149987,173.194.182.102,10.10.0.10,,,443,41888,0,1358,17
1587481444.1499946,173.194.182.102,10.10.0.10,,,443,41888,0,1358,17
1587481444.779835,10.10.0.10,173.194.182.102,,,41888,443,0,40,17
1587481444.7798898,10.10.0.10,173.194.182.102,,,41888,443,0,40,17
1587481444.781255,10.10.0.10,173.194.182.102,,,41888,443,0,53,17
1587481444.7824,10.10.0.10,173.194.182.102,,,41888,443,0,40,17
1587481444.784271,10.10.0.10,173.194.182.102,,,41888,443,0,40,17
1587481444.785809,10.10.0.10,173.194.182.102,,,41888,443,0,40,17
1587481444.7889812,10.10.0.10,173.194.182.102,,,41888,443,0,40,17
1587481444.791856,173.194.182.102,10.10.0.10,,,443,41888,0,1358,17
1587481444.7918758,173.194.182.102,10.10.0.10,,,443,41888,0,1358,17
1587481444.7919116,10.10.0.10,173.194.182.102,,,41888,443,0,40,17
1587481444.7957082,173.194.182.102,10.10.0.10,,,443,41888,0,1358,17
1587481444.7970598,10.10.0.10,173.194.182.102,,,41888,443,0,40,17
1587481444.798415,10.10.0.10,173.194.182.102,,,41888,443,0,40,17
1587481444.7987251,10.10.0.10,173.194.182.102,,,41888,443,0,37,17
1587481444.8001778,173.194.182.102,10.10.0.10,,,443,41888,0,1358,17
1587481444.807992,173.194.182.102,10.10.0.10,,,443,41888,0,1358,17
1587481444.809088,173.194.182.102,10.10.0.10,,,443,41888,0,1358,17
1587481444.8101132,10.10.0.10,173.194.182.102,,,41888,443,0,37,17
1587481444.8172991,173.194.182.102,10.10.0.10,,,443,41888,0,1358,17
1587481444.8179991,173.194.182.102,10.10.0.10,,,443,41888,0,1358,17
1587481444.819143,10.10.0.10,173.194.182.102,,,41888,443,0,37,17
1587481444.8241189,173.194.182.102,10.10.0.10,,,443,41888,0,1358,17
1587481444.826083,10.10.0.10,173.194.182.102,,,41888,443,0,37,17
1587481444.826905,173.194.182.102,10.10.0.10,,,443,41888,0,1358,17
1587481444.831362,173.194.182.102,10.10.0.10,,,443,41888,0,1358,17
1587481444.833536,10.10.0.10,173.194.182.102,,,41888,443,0,37,17
1587481444.835815,173.194.182.102,10.10.0.10,,,443,41888,0,1358,17
1587481444.8402,173.194.182.102,10.10.0.10,,,443,41888,0,1358,17
1587481444.843406,10.10.0.10,173.194.182.102,,,41888,443,0,37,17
1587481444.844698,173.194.182.102,10.10.0.10,,,443,41888,0,1358,17
1587481444.8491075,173.194.182.102,10.10.0.10,,,443,41888,0,1358,17
1587481444.850787,10.10.0.10,173.194.182.102,,,41888,443,0,37,17
1587481444.853632,173.194.182.102,10.10.0.10,,,443,41888,0,1358,17
1587481444.8580658,173.194.182.102,10.10.0.10,,,443,41888,0,1358,17
1587481444.8614519,10.10.0.10,173.194.182.102,,,41888,443,0,37,17
1587481444.8625462,173.194.182.102,10.10.0.10,,,443,41888,0,1358,17
1587481444.867497,173.194.182.102,10.10.0.10,,,443,41888,0,1358,17
1587481444.8692508,10.10.0.10,173.194.182.102,,,41888,443,0,37,17
1587481444.8714519,173.194.182.102,10.10.0.10,,,443,41888,0,1358,17
1587481444.875868,173.194.182.102,10.10.0.10,,,443,41888,0,1358,17
1587481444.877527,10.10.0.10,173.194.182.102,,,41888,443,0,40,17
1587481444.88036,173.194.182.102,10.10.0.10,,,443,41888,0,1358,17
1587481444.881992,10.10.0.10,173.194.182.102,,,41888,443,0,40,17
1587481444.884813,173.194.182.102,10.10.0.10,,,443,41888,0,1358,17
1587481444.886357,10.10.0.10,173.194.182.102,,,41888,443,0,40,17
1587481444.8892698,173.194.182.102,10.10.0.10,,,443,41888,0,1358,17
1587481444.8910189,10.10.0.10,173.194.182.102,,,41888,443,0,53,17
1587481444.893699,173.194.182.102,10.10.0.10,,,443,41888,0,1358,17
1587481444.8981798,173.194.182.102,10.10.0.10,,,443,41888,0,1358,17
1587481444.899684,10.10.0.10,173.194.182.102,,,41888,443,0,40,17
1587481444.902637,173.194.182.102,10.10.0.10,,,443,41888,0,1358,17
1587481444.907086,173.194.182.102,10.10.0.10,,,443,41888,0,1358,17
1587481444.9092278,10.10.0.10,173.194.182.102,,,41888,443,0,40,17
1587481444.9115412,173.194.182.102,10.10.0.10,,,443,41888,0,1358,17
1587481444.915996,173.194.182.102,10.10.0.10,,,443,41888,0,1358,17
1587481444.91777,10.10.0.10,173.194.182.102,,,41888,443,0,37,17
1587481444.9204118,173.194.182.102,10.10.0.10,,,443,41888,0,1358,17
1587481444.9249089,173.194.182.102,10.10.0.10,,,443,41888,0,1358,17
1587481444.9267461,10.10.0.10,173.194.182.102,,,41888,443,0,37,17
1587481444.9293628,173.194.182.102,10.10.0.10,,,443,41888,0,1358,17
1587481444.9338179,173.194.182.102,10.10.0.10,,,443,41888,0,1358,17
1587481444.935542,10.10.0.10,173.194.182.102,,,41888,443,0,37,17
1587481444.938267,173.194.182.102,10.10.0.10,,,443,41888,0,1358,17
1587481444.9427269,173.194.182.102,10.10.0.10,,,443,41888,0,1358,17
1587481444.9457526,10.10.0.10,173.194.182.102,,,41888,443,0,37,17
1587481444.947176,173.194.182.102,10.10.0.10,,,443,41888,0,1358,17
1587481444.951631,173.194.182.102,10.10.0.10,,,443,41888,0,1358,17
1587481444.9532838,10.10.0.10,173.194.182.102,,,41888,443,0,37,17
1587481444.956102,173.194.182.102,10.10.0.10,,,443,41888,0,1358,17
1587481444.96054,173.194.182.102,10.10.0.10,,,443,41888,0,1358,17
1587481444.963246,10.10.0.10,173.194.182.102,,,41888,443,0,37,17
1587481444.964995,173.194.182.102,10.10.0.10,,,443,41888,0,1358,17
1587481444.969449,173.194.182.102,10.10.0.10,,,443,41888,0,1358,17
1587481444.971055,10.10.0.10,173.194.182.102,,,41888,443,0,37,17
1587481444.973908,173.194.182.102,10.10.0.10,,,443,41888,0,1358,17
1587481444.9783628,173.194.182.102,10.10.0.10,,,443,41888,0,1358,17
1587481444.9800599,10.10.0.10,173.194.182.102,,,41888,443,0,40,17
1587481444.982817,173.194.182.102,10.10.0.10,,,443,41888,0,1358,17
1587481444.9844544,10.10.0.10,173.194.182.102,,,41888,443,0,37,17
1587481444.987271,173.194.182.102,10.10.0.10,,,443,41888,0,1358,17
1587481444.9916818,173.194.182.102,10.10.0.10,,,443,41888,0,1358,17
1587481444.9934132,10.10.0.10,173.194.182.102,,,41888,443,0,37,17
1587481444.9961796,173.194.182.102,10.10.0.10,,,443,41888,0,1358,17
1587481445.0006301,173.194.182.102,10.10.0.10,,,443,41888,0,1358,17
1587481445.0023592,10.10.0.10,173.194.182.102,,,41888,443,0,37,17
1587481445.0050845,173.194.182.102,10.10.0.10,,,443,41888,0,1358,17
1587481445.0095382,173.194.182.102,10.10.0.10,,,443,41888,0,1358,17
1587481445.0112462,10.10.0.10,173.194.182.102,,,41888,443,0,37,17
1587481445.013954,173.194.182.102,10.10.0.10,,,443,41888,0,1358,17
1587481445.018448,173.194.182.102,10.10.0.10,,,443,41888,0,1358,17
1587481445.020416,10.10.0.10,173.194.182.102,,,41888,443,0,37,17
1587481445.022901,173.194.182.102,10.10.0.10,,,443,41888,0,1358,17
1587481445.0273561,173.194.182.102,10.10.0.10,,,443,41888,0,1358,17
1587481445.029161,10.10.0.10,173.194.182.102,,,41888,443,0,37,17
1587481445.0318098,173.194.182.102,10.10.0.10,,,443,41888,0,1358,17
1587481445.0362651,173.194.182.102,10.10.0.10,,,443,41888,0,1358,17
1587481445.0379539,10.10.0.10,173.194.182.102,,,41888,443,0,37,17
1587481445.0406976,173.194.182.102,10.10.0.10,,,443,41888,0,1358,17
1587481445.045175,173.194.182.102,10.10.0.10,,,443,41888,0,1358,17
1587481445.048435,10.10.0.10,173.194.182.102,,,41888,443,0,37,17
1587481445.0496268,173.194.182.102,10.10.0.10,,,443,41888,0,1358,17
1587481445.054082,173.194.182.102,10.10.0.10,,,443,41888,0,1358,17
1587481445.055842,10.10.0.10,173.194.182.102,,,41888,443,0,37,17
1587481445.0585392,173.194.182.102,10.10.0.10,,,443,41888,0,1358,17
1587481445.0629911,173.194.182.102,10.10.0.10,,,443,41888,0,1358,17
1587481445.067455,173.194.182.102,10.10.0.10,,,443,41888,0,1358,17
1587481445.071899,173.194.182.102,10.10.0.10,,,443,41888,0,1358,17
1587481445.076281,173.194.182.102,10.10.0.10,,,443,41888,0,1358,17
1587481445.080808,173.194.182.102,10.10.0.10,,,443,41888,0,1358,17
1587481445.0852618,173.194.182.102,10.10.0.10,,,443,41888,0,1358,17
1587481445.089675,173.194.182.102,10.10.0.10,,,443,41888,0,1358,17
1587481445.0941632,173.194.182.102,10.10.0.10,,,443,41888,0,1358,17
1587481445.0986204,173.194.182.102,10.10.0.10,,,443,41888,0,1358,17
1587481445.1030722,173.194.182.102,10.10.0.10,,,443,41888,0,1358,17
1587481445.107526,173.194.182.102,10.10.0.10,,,443,41888,0,1358,17
1587481445.1119802,173.194.182.102,10.10.0.10,,,443,41888,0,1358,17
1587481445.116434,173.194.182.102,10.10.0.10,,,443,41888,0,1358,17
1587481445.120893,173.194.182.102,10.10.0.10,,,443,41888,0,1358,17
1587481445.1253474,173.194.182.102,10.10.0.10,,,443,41888,0,1358,17
1587481445.1297982,173.194.182.102,10.10.0.10,,,443,41888,0,1358,17
1587481445.134253,173.194.182.102,10.10.0.10,,,443,41888,0,1358,17
1587481445.138708,173.194.182.102,10.10.0.10,,,443,41888,0,1358,17
1587481445.185456,10.10.0.10,173.194.182.102,,,41888,443,0,50,17
1587481445.186658,10.10.0.10,173.194.182.102,,,41888,443,0,37,17
1587481445.187734,10.10.0.10,173.194.182.102,,,41888,443,0,37,17
1587481445.1886694,10.10.0.10,173.194.182.102,,,41888,443,0,37,17
1587481445.1894882,10.10.0.10,173.194.182.102,,,41888,443,0,37,17
1587481445.1922634,10.10.0.10,173.194.182.102,,,41888,443,0,37,17
1587481445.192933,10.10.0.10,173.194.182.102,,,41888,443,0,37,17
1587481445.193809,173.194.182.102,10.10.0.10,,,443,41888,0,1358,17
1587481445.194151,10.10.0.10,173.194.182.102,,,41888,443,0,37,17
1587481445.194721,10.10.0.10,173.194.182.102,,,41888,443,0,37,17
1587481445.196152,10.10.0.10,173.194.182.102,,,41888,443,0,37,17
1587481445.199816,173.194.182.102,10.10.0.10,,,443,41888,0,1358,17
1587481445.199847,173.194.182.102,10.10.0.10,,,443,41888,0,1358,17
1587481445.201648,10.10.0.10,173.194.182.102,,,41888,443,0,37,17
1587481445.206006,173.194.182.102,10.10.0.10,,,443,41888,0,1358,17
1587481445.208087,173.194.182.102,10.10.0.10,,,443,41888,0,1358,17
1587481445.20984,10.10.0.10,173.194.182.102,,,41888,443,0,37,17
1587481445.2131965,173.194.182.102,10.10.0.10,,,443,41888,0,1358,17
1587481445.2169929,173.194.182.102,10.10.0.10,,,443,41888,0,1358,17
1587481445.218484,10.10.0.10,173.194.182.102,,,41888,443,0,37,17
1587481445.2214508,173.194.182.102,10.10.0.10,,,443,41888,0,1358,17
1587481445.2259102,173.194.182.102,10.10.0.10,,,443,41888,0,1358,17
1587481445.227561,10.10.0.10,173.194.182.102,,,41888,443,0,37,17
1587481445.230336,173.194.182.102,10.10.0.10,,,443,41888,0,1358,17
1587481445.2348,173.194.182.102,10.10.0.10,,,443,41888,0,1358,17
1587481445.238759,10.10.0.10,173.194.182.102,,,41888,443,0,37,17
1587481445.2392776,173.194.182.102,10.10.0.10,,,443,41888,0,1358,17
1587481445.2437608,173.194.182.102,10.10.0.10,,,443,41888,0,1358,17
1587481445.245383,10.10.0.10,173.194.182.102,,,41888,443,0,37,17
1587481445.248154,173.194.182.102,10.10.0.10,,,443,41888,0,1358,17
1587481445.2526188,173.194.182.102,10.10.0.10,,,443,41888,0,1358,17
1587481445.2542439,10.10.0.10,173.194.182.102,,,41888,443,0,37,17
1587481445.257129,173.194.182.102,10.10.0.10,,,443,41888,0,1358,17
1587481445.2615821,173.194.182.102,10.10.0.10,,,443,41888,0,1358,17
1587481445.2633958,10.10.0.10,173.194.182.102,,,41888,443,0,37,17
1587481445.266015,173.194.182.102,10.10.0.10,,,443,41888,0,1358,17
1587481445.270492,173.194.182.102,10.10.0.10,,,443,41888,0,1358,17
1587481445.2749481,173.194.182.102,10.10.0.10,,,443,41888,0,1358,17
1587481445.275223,10.10.0.10,173.194.182.102,,,41888,443,0,37,17
1587481445.279379,173.194.182.102,10.10.0.10,,,443,41888,0,1358,17
1587481445.2838588,173.194.182.102,10.10.0.10,,,443,41888,0,1358,17
1587481445.28477,10.10.0.10,173.194.182.102,,,41888,443,0,37,17
1587481445.2882724,173.194.182.102,10.10.0.10,,,443,41888,0,1358,17
1587481445.2899492,10.10.0.10,173.194.182.102,,,41888,443,0,50,17
1587481445.2927132,173.194.182.102,10.10.0.10,,,443,41888,0,1358,17
1587481445.29716,173.194.182.102,10.10.0.10,,,443,41888,0,1358,17
1587481445.301664,173.194.182.102,10.10.0.10,,,443,41888,0,1358,17
1587481445.3033562,10.10.0.10,173.194.182.102,,,41888,443,0,37,17
1587481445.306061,173.194.182.102,10.10.0.10,,,443,41888,0,1358,17
1587481445.3078382,10.10.0.10,173.194.182.102,,,41888,443,0,37,17
1587481445.310573,173.194.182.102,10.10.0.10,,,443,41888,0,1358,17
1587481445.3149972,173.194.182.102,10.10.0.10,,,443,41888,0,1358,17
1587481445.3166616,10.10.0.10,173.194.182.102,,,41888,443,0,37,17
1587481445.3194704,173.194.182.102,10.10.0.10,,,443,41888,0,29,17
1587481445.319622,173.194.182.102,10.10.0.10,,,443,41888,0,1358,17
1587481445.3241448,173.194.182.102,10.10.0.10,,,443,41888,0,1358,17
1587481445.3259866,10.10.0.10,173.194.182.102,,,41888,443,0,37,17
1587481445.3286,173.194.182.102,10.10.0.10,,,443,41888,0,1358,17
1587481445.333055,173.194.182.102,10.10.0.10,,,443,41888,0,1358,17
1587481445.335279,10.10.0.10,173.194.182.102,,,41888,443,0,37,17
1587481445.3375108,173.194.182.102,10.10.0.10,,,443,41888,0,1358,17
1587481445.3419662,173.194.182.102,10.10.0.10,,,443,41888,0,1358,17
1587481445.3436382,10.10.0.10,173.194.182.102,,,41888,443,0,37,17
1587481445.3464198,173.194.182.102,10.10.0.10,,,443,41888,0,1358,17
1587481445.350875,173.194.182.102,10.10.0.10,,,443,41888,0,1358,17
1587481445.3526454,10.10.0.10,173.194.182.102,,,41888,443,0,37,17
1587481445.3553288,173.194.182.102,10.10.0.10,,,443,41888,0,1358,17
1587481445.359783,173.194.182.102,10.10.0.10,,,443,41888,0,1358,17
1587481445.361409,10.10.0.10,173.194.182.102,,,41888,443,0,37,17
1587481445.3642454,173.194.182.102,10.10.0.10,,,443,41888,0,1358,17
1587481445.368708,173.194.182.102,10.10.0.10,,,443,41888,0,1358,17
1587481445.3702538,10.10.0.10,173.194.182.102,,,41888,443,0,37,17
1587481445.373151,173.194.182.102,10.10.0.10,,,443,41888,0,1358,17
1587481445.3776052,173.194.182.102,10.10.0.10,,,443,41888,0,1358,17
1587481445.3791099,10.10.0.10,173.194.182.102,,,41888,443,0,37,17
1587481445.3820698,173.194.182.102,10.10.0.10,,,443,41888,0,1358,17
1587481445.3865151,173.194.182.102,10.10.0.10,,,443,41888,0,1358,17
1587481445.388322,10.10.0.10,173.194.182.102,,,41888,443,0,37,17
1587481445.390969,173.194.182.102,10.10.0.10,,,443,41888,0,1358,17
1587481445.395393,173.194.182.102,10.10.0.10,,,443,41888,0,1358,17
1587481445.397002,10.10.0.10,173.194.182.102,,,41888,443,0,37,17
1587481445.399878,173.194.182.102,10.10.0.10,,,443,41888,0,1358,17
1587481445.4042964,173.194.182.102,10.10.0.10,,,443,41888,0,1358,17
1587481445.405981,10.10.0.10,173.194.182.102,,,41888,443,0,37,17
1587481445.408761,173.194.182.102,10.10.0.10,,,443,41888,0,1358,17
1587481445.41324,173.194.182.102,10.10.0.10,,,443,41888,0,1358,17
1587481445.4147322,10.10.0.10,173.194.182.102,,,41888,443,0,37,17
1587481445.4176762,173.194.182.102,10.10.0.10,,,443,41888,0,1358,17
1587481445.4220932,173.194.182.102,10.10.0.10,,,443,41888,0,1358,17
1587481445.424425,10.10.0.10,173.194.182.102,,,41888,443,0,37,17
1587481445.4266045,173.194.182.102,10.10.0.10,,,443,41888,0,1358,17
1587481445.431058,173.194.182.102,10.10.0.10,,,443,41888,0,1358,17
1587481445.4326339,10.10.0.10,173.194.182.102,,,41888,443,0,37,17
1587481445.4354534,173.194.182.102,10.10.0.10,,,443,41888,0,1358,17
1587481445.439966,173.194.182.102,10.10.0.10,,,443,41888,0,1358,17
1587481445.4416509,10.10.0.10,173.194.182.102,,,41888,443,0,37,17
1587481445.444432,173.194.182.102,10.10.0.10,,,443,41888,0,1358,17
1587481445.448808,173.194.182.102,10.10.0.10,,,443,41888,0,1358,17
1587481445.4508612,10.10.0.10,173.194.182.102,,,41888,443,0,37,17
1587481445.453331,173.194.182.102,10.10.0.10,,,443,41888,0,1358,17
1587481445.457785,173.194.182.102,10.10.0.10,,,443,41888,0,1358,17
1587481445.460439,10.10.0.10,173.194.182.102,,,41888,443,0,37,17
1587481445.4621725,173.194.182.102,10.10.0.10,,,443,41888,0,1358,17
1587481445.4666588,173.194.182.102,10.10.0.10,,,443,41888,0,1358,17
1587481445.468316,10.10.0.10,173.194.182.102,,,41888,443,0,50,17
1587481445.4711492,173.194.182.102,10.10.0.10,,,443,41888,0,1358,17
1587481445.4755352,173.194.182.102,10.10.0.10,,,443,41888,0,1358,17
1587481445.477443,10.10.0.10,173.194.182.102,,,41888,443,0,37,17
1587481445.480058,173.194.182.102,10.10.0.10,,,443,41888,0,1358,17
1587481445.484515,173.194.182.102,10.10.0.10,,,443,41888,0,1358,17
1587481445.486235,10.10.0.10,173.194.182.102,,,41888,443,0,37,17
1587481445.488898,173.194.182.102,10.10.0.10,,,443,41888,0,1358,17
1587481445.493421,173.194.182.102,10.10.0.10,,,443,41888,0,1358,17
1587481445.495069,10.10.0.10,173.194.182.102,,,41888,443,0,37,17
1587481445.49785,173.194.182.102,10.10.0.10,,,443,41888,0,1358,17
1587481445.502295,173.194.182.102,10.10.0.10,,,443,41888,0,1358,17
1587481445.505614,10.10.0.10,173.194.182.102,,,41888,443,0,37,17
1587481445.506782,173.194.182.102,10.10.0.10,,,443,41888,0,1358,17
1587481445.511238,173.194.182.102,10.10.0.10,,,443,41888,0,1358,17
1587481445.5128784,10.10.0.10,173.194.182.102,,,41888,443,0,37,17
1587481445.5156589,173.194.182.102,10.10.0.10,,,443,41888,0,29,17
1587481445.5158188,173.194.182.102,10.10.0.10,,,443,41888,0,1358,17
1587481445.520352,173.194.182.102,10.10.0.10,,,443,41888,0,1358,17
1587481445.5218859,10.10.0.10,173.194.182.102,,,41888,443,0,37,17
1587481445.524805,173.194.182.102,10.10.0.10,,,443,41888,0,1358,17
1587481445.5292099,173.194.182.102,10.10.0.10,,,443,41888,0,1358,17
1587481445.5337136,173.194.182.102,10.10.0.10,,,443,41888,0,1358,17
1587481445.5381699,173.194.182.102,10.10.0.10,,,443,41888,0,1358,17
1587481445.5426302,173.194.182.102,10.10.0.10,,,443,41888,0,1358,17
1587481445.5470538,173.194.182.102,10.10.0.10,,,443,41888,0,1358,17
1587481445.5515332,173.194.182.102,10.10.0.10,,,443,41888,0,1358,17
1587481445.55599,173.194.182.102,10.10.0.10,,,443,41888,0,1358,17
1587481445.5567482,10.10.0.10,173.194.182.102,,,41888,443,0,37,17
1587481445.560442,173.194.182.102,10.10.0.10,,,443,41888,0,1358,17
1587481445.562207,10.10.0.10,173.194.182.102,,,41888,443,0,37,17
1587481445.5629148,10.10.0.10,173.194.182.102,,,41888,443,0,37,17
1587481445.5640922,10.10.0.10,173.194.182.102,,,41888,443,0,37,17
1587481445.564897,173.194.182.102,10.10.0.10,,,443,41888,0,1358,17
1587481445.566508,10.10.0.10,173.194.182.102,,,41888,443,0,37,17
1587481445.56935,173.194.182.102,10.10.0.10,,,443,41888,0,1358,17
1587481445.5738142,173.194.182.102,10.10.0.10,,,443,41888,0,1358,17
1587481445.5768988,10.10.0.10,173.194.182.102,,,41888,443,0,37,17
1587481445.578259,173.194.182.102,10.10.0.10,,,443,41888,0,1358,17
1587481445.5827198,173.194.182.102,10.10.0.10,,,443,41888,0,1358,17
1587481445.5842981,10.10.0.10,173.194.182.102,,,41888,443,0,37,17
1587481445.587167,173.194.182.102,10.10.0.10,,,443,41888,0,1358,17
1587481445.591626,173.194.182.102,10.10.0.10,,,443,41888,0,1358,17
1587481445.59379,10.10.0.10,173.194.182.102,,,41888,443,0,37,17
1587481445.59608,173.194.182.102,10.10.0.10,,,443,41888,0,1358,17
1587481445.600534,173.194.182.102,10.10.0.10,,,443,41888,0,1358,17
1587481445.6020489,10.10.0.10,173.194.182.102,,,41888,443,0,37,17
1587481445.604986,173.194.182.102,10.10.0.10,,,443,41888,0,1358,17
1587481445.609444,173.194.182.102,10.10.0.10,,,443,41888,0,1358,17
1587481445.611093,10.10.0.10,173.194.182.102,,,41888,443,0,37,17
1587481445.613899,173.194.182.102,10.10.0.10,,,443,41888,0,1358,17
1587481445.618351,173.194.182.102,10.10.0.10,,,443,41888,0,1358,17
1587481445.619927,10.10.0.10,173.194.182.102,,,41888,443,0,37,17
1587481445.622804,173.194.182.102,10.10.0.10,,,443,41888,0,1358,17
1587481445.6272569,173.194.182.102,10.10.0.10,,,443,41888,0,1358,17
1587481445.6291132,10.10.0.10,173.194.182.102,,,41888,443,0,37,17
1587481445.631712,173.194.182.102,10.10.0.10,,,443,41888,0,1358,17
1587481445.636169,173.194.182.102,10.10.0.10,,,443,41888,0,1358,17
1587481445.6378202,10.10.0.10,173.194.182.102,,,41888,443,0,37,17
1587481445.6406212,173.194.182.102,10.10.0.10,,,443,41888,0,1358,17
1587481445.645039,173.194.182.102,10.10.0.10,,,443,41888,0,1358,17
1587481445.6467378,10.10.0.10,173.194.182.102,,,41888,443,0,50,17
1587481445.649533,173.194.182.102,10.10.0.10,,,443,41888,0,1358,17
1587481445.6539881,173.194.182.102,10.10.0.10,,,443,41888,0,1358,17
1587481445.655562,10.10.0.10,173.194.182.102,,,41888,443,0,37,17
1587481445.658384,173.194.182.102,10.10.0.10,,,443,41888,0,1358,17
1587481445.6628964,173.194.182.102,10.10.0.10,,,443,41888,0,1358,17
1587481445.6645722,10.10.0.10,173.194.182.102,,,41888,443,0,37,17
1587481445.66735,173.194.182.102,10.10.0.10,,,443,41888,0,1358,17
1587481445.6718054,173.194.182.102,10.10.0.10,,,443,41888,0,1358,17
1587481445.6734712,10.10.0.10,173.194.182.102,,,41888,443,0,37,17
1587481445.6762588,173.194.182.102,10.10.0.10,,,443,41888,0,1358,17
1587481445.6807141,173.194.182.102,10.10.0.10,,,443,41888,0,1358,17
1587481445.682408,10.10.0.10,173.194.182.102,,,41888,443,0,37,17
1587481445.685168,173.194.182.102,10.10.0.10,,,443,41888,0,1358,17
1587481445.689623,173.194.182.102,10.10.0.10,,,443,41888,0,1358,17
1587481445.691306,10.10.0.10,173.194.182.102,,,41888,443,0,37,17
1587481445.694078,173.194.182.102,10.10.0.10,,,443,41888,0,1358,17
1587481445.6984632,173.194.182.102,10.10.0.10,,,443,41888,0,1358,17
1587481445.699969,10.10.0.10,173.194.182.102,,,41888,443,0,37,17
1587481445.702986,173.194.182.102,10.10.0.10,,,443,41888,0,1358,17
1587481445.7074409,173.194.182.102,10.10.0.10,,,443,41888,0,1358,17
1587481445.710852,10.10.0.10,173.194.182.102,,,41888,443,0,37,17
1587481445.711894,173.194.182.102,10.10.0.10,,,443,41888,0,34,17
1587481445.712035,173.194.182.102,10.10.0.10,,,443,41888,0,1358,17
1587481445.716566,173.194.182.102,10.10.0.10,,,443,41888,0,1358,17
1587481445.718296,10.10.0.10,173.194.182.102,,,41888,443,0,37,17
1587481445.7210212,173.194.182.102,10.10.0.10,,,443,41888,0,1358,17
1587481445.7254338,173.194.182.102,10.10.0.10,,,443,41888,0,1358,17
1587481445.728282,10.10.0.10,173.194.182.102,,,41888,443,0,37,17
1587481445.729929,173.194.182.102,10.10.0.10,,,443,41888,0,1358,17
1587481445.734339,173.194.182.102,10.10.0.10,,,443,41888,0,1358,17
1587481445.7359214,10.10.0.10,173.194.182.102,,,41888,443,0,37,17
1587481445.7387805,173.194.182.102,10.10.0.10,,,443,41888,0,1358,17
1587481445.7432835,173.194.182.102,10.10.0.10,,,443,41888,0,1358,17
1587481445.7456286,10.10.0.10,173.194.182.102,,,41888,443,0,37,17
1587481445.747737,173.194.182.102,10.10.0.10,,,443,41888,0,1358,17
1587481445.752131,173.194.182.102,10.10.0.10,,,443,41888,0,1358,17
1587481445.7538588,10.10.0.10,173.194.182.102,,,41888,443,0,37,17
1587481445.756647,173.194.182.102,10.10.0.10,,,443,41888,0,1358,17
1587481445.7611,173.194.182.102,10.10.0.10,,,443,41888,0,1358,17
1587481445.762711,10.10.0.10,173.194.182.102,,,41888,443,0,37,17
1587481445.7654939,173.194.182.102,10.10.0.10,,,443,41888,0,1358,17
1587481445.770011,173.194.182.102,10.10.0.10,,,443,41888,0,1358,17
1587481445.7716286,10.10.0.10,173.194.182.102,,,41888,443,0,37,17
1587481445.7744641,173.194.182.102,10.10.0.10,,,443,41888,0,1358,17
1587481445.778857,173.194.182.102,10.10.0.10,,,443,41888,0,1358,17
1587481445.7817242,10.10.0.10,173.194.182.102,,,41888,443,0,37,17
1587481445.7833722,173.194.182.102,10.10.0.10,,,443,41888,0,1358,17
1587481445.787786,173.194.182.102,10.10.0.10,,,443,41888,0,1358,17
1587481445.7896519,10.10.0.10,173.194.182.102,,,41888,443,0,37,17
1587481445.792221,173.194.182.102,10.10.0.10,,,443,41888,0,1358,17
1587481445.796737,173.194.182.102,10.10.0.10,,,443,41888,0,1358,17
1587481445.798696,10.10.0.10,173.194.182.102,,,41888,443,0,37,17
1587481445.8011901,173.194.182.102,10.10.0.10,,,443,41888,0,1358,17
1587481445.8056035,173.194.182.102,10.10.0.10,,,443,41888,0,1358,17
1587481445.807317,10.10.0.10,173.194.182.102,,,41888,443,0,37,17
1587481445.810039,173.194.182.102,10.10.0.10,,,443,41888,0,1358,17
1587481445.8144932,173.194.182.102,10.10.0.10,,,443,41888,0,1358,17
1587481445.816173,10.10.0.10,173.194.182.102,,,41888,443,0,37,17
1587481445.818975,173.194.182.102,10.10.0.10,,,443,41888,0,1358,17
1587481445.8234642,173.194.182.102,10.10.0.10,,,443,41888,0,1358,17
1587481445.825279,10.10.0.10,173.194.182.102,,,41888,443,0,50,17
1587481445.827918,173.194.182.102,10.10.0.10,,,443,41888,0,1358,17
1587481445.8323321,173.194.182.102,10.10.0.10,,,443,41888,0,1358,17
1587481445.834193,10.10.0.10,173.194.182.102,,,41888,443,0,37,17
1587481445.8368268,173.194.182.102,10.10.0.10,,,443,41888,0,1358,17
1587481445.8412561,173.194.182.102,10.10.0.10,,,443,41888,0,1358,17
1587481445.8430474,10.10.0.10,173.194.182.102,,,41888,443,0,37,17
1587481445.845736,173.194.182.102,10.10.0.10,,,443,41888,0,1358,17
1587481445.8501475,173.194.182.102,10.10.0.10,,,443,41888,0,1358,17
1587481445.851838,10.10.0.10,173.194.182.102,,,41888,443,0,37,17
1587481445.854645,173.194.182.102,10.10.0.10,,,443,41888,0,1358,17
1587481445.859102,173.194.182.102,10.10.0.10,,,443,41888,0,1358,17
1587481445.8618598,10.10.0.10,173.194.182.102,,,41888,443,0,37,17
1587481445.863553,173.194.182.102,10.10.0.10,,,443,41888,0,1358,17
1587481445.868008,173.194.182.102,10.10.0.10,,,443,41888,0,1358,17
1587481445.8702738,10.10.0.10,173.194.182.102,,,41888,443,0,37,17
1587481445.8724658,173.194.182.102,10.10.0.10,,,443,41888,0,1358,17
1587481445.876916,173.194.182.102,10.10.0.10,,,443,41888,0,1358,17
1587481445.879261,10.10.0.10,173.194.182.102,,,41888,443,0,37,17
1587481445.8813708,173.194.182.102,10.10.0.10,,,443,41888,0,1358,17
1587481445.885825,173.194.182.102,10.10.0.10,,,443,41888,0,1358,17
1587481445.887944,10.10.0.10,173.194.182.102,,,41888,443,0,37,17
1587481445.8902788,173.194.182.102,10.10.0.10,,,443,41888,0,1358,17
1587481445.893586,10.10.0.10,173.194.182.102,,,41888,443,0,40,17
1587481445.894734,173.194.182.102,10.10.0.10,,,443,41888,0,1358,17
1587481445.896441,10.10.0.10,173.194.182.102,,,41888,443,0,37,17
1587481445.8991878,173.194.182.102,10.10.0.10,,,443,41888,0,1358,17
1587481445.9036472,173.194.182.102,10.10.0.10,,,443,41888,0,1358,17
1587481445.905273,10.10.0.10,173.194.182.102,,,41888,443,0,37,17
1587481445.908097,173.194.182.102,10.10.0.10,,,443,41888,0,1358,17
1587481445.912555,173.194.182.102,10.10.0.10,,,443,41888,0,1358,17
1587481445.9144838,10.10.0.10,173.194.182.102,,,41888,443,0,37,17
1587481445.9170089,173.194.182.102,10.10.0.10,,,443,41888,0,29,17
1587481445.917136,173.194.182.102,10.10.0.10,,,443,41888,0,1358,17
1587481445.921666,173.194.182.102,10.10.0.10,,,443,41888,0,1358,17
1587481445.9233599,10.10.0.10,173.194.182.102,,,41888,443,0,37,17
1587481445.9261198,173.194.182.102,10.10.0.10,,,443,41888,0,1358,17
1587481445.9305706,173.194.182.102,10.10.0.10,,,443,41888,0,1358,17
1587481445.9333134,10.10.0.10,173.194.182.102,,,41888,443,0,37,17
1587481445.935025,173.194.182.102,10.10.0.10,,,443,41888,0,1358,17
1587481445.939483,173.194.182.102,10.10.0.10,,,443,41888,0,1358,17
1587481445.9412134,10.10.0.10,173.194.182.102,,,41888,443,0,37,17
1587481445.943884,173.194.182.102,10.10.0.10,,,443,41888,0,1358,17
1587481445.9483511,173.194.182.102,10.10.0.10,,,443,41888,0,1358,17
1587481445.9510498,10.10.0.10,173.194.182.102,,,41888,443,0,37,17
1587481445.95279,173.194.182.102,10.10.0.10,,,443,41888,0,1358,17
1587481445.957249,173.194.182.102,10.10.0.10,,,443,41888,0,592,17
1587481445.95879,10.10.0.10,173.194.182.102,,,41888,443,0,37,17
1587481445.98031,10.10.0.10,173.194.182.102,,,41888,443,0,707,17
1587481445.9803689,10.10.0.10,173.194.182.102,,,41888,443,0,48,17
1587481445.991035,173.194.182.102,10.10.0.10,,,443,41888,0,29,17
1587481445.9917068,173.194.182.102,10.10.0.10,,,443,41888,0,108,17
1587481445.9917538,173.194.182.102,10.10.0.10,,,443,41888,0,1358,17
1587481445.991841,173.194.182.102,10.10.0.10,,,443,41888,0,1358,17
1587481445.9944696,10.10.0.10,173.194.182.102,,,41888,443,0,37,17
1587481445.9960241,173.194.182.102,10.10.0.10,,,443,41888,0,1358,17
1587481446.0004818,173.194.182.102,10.10.0.10,,,443,41888,0,1358,17
1587481446.0015619,10.10.0.10,173.194.182.102,,,41888,443,0,37,17
1587481446.004935,173.194.182.102,10.10.0.10,,,443,41888,0,1358,17
1587481446.0064409,10.10.0.10,173.194.182.102,,,41888,443,0,37,17
1587481446.009391,173.194.182.102,10.10.0.10,,,443,41888,0,1358,17
1587481446.0138428,173.194.182.102,10.10.0.10,,,443,41888,0,1358,17
1587481446.015377,10.10.0.10,173.194.182.102,,,41888,443,0,37,17
1587481446.018296,173.194.182.102,10.10.0.10,,,443,41888,0,1358,17
1587481446.022757,173.194.182.102,10.10.0.10,,,443,41888,0,1358,17
1587481446.0243561,10.10.0.10,173.194.182.102,,,41888,443,0,37,17
1587481446.0272038,173.194.182.102,10.10.0.10,,,443,41888,0,1358,17
1587481446.0316632,173.194.182.102,10.10.0.10,,,443,41888,0,1358,17
1587481446.033127,10.10.0.10,173.194.182.102,,,41888,443,0,37,17
1587481446.036083,173.194.182.102,10.10.0.10,,,443,41888,0,1358,17
1587481446.0405722,173.194.182.102,10.10.0.10,,,443,41888,0,1358,17
1587481446.042095,10.10.0.10,173.194.182.102,,,41888,443,0,37,17
1587481446.045022,173.194.182.102,10.10.0.10,,,443,41888,0,1358,17
1587481446.049476,173.194.182.102,10.10.0.10,,,443,41888,0,1358,17
1587481446.051036,10.10.0.10,173.194.182.102,,,41888,443,0,37,17
1587481446.053935,173.194.182.102,10.10.0.10,,,443,41888,0,1358,17
1587481446.058385,173.194.182.102,10.10.0.10,,,443,41888,0,1358,17
1587481446.060167,10.10.0.10,173.194.182.102,,,41888,443,0,37,17
1587481446.062842,173.194.182.102,10.10.0.10,,,443,41888,0,1358,17
1587481446.067294,173.194.182.102,10.10.0.10,,,443,41888,0,1358,17
1587481446.069071,10.10.0.10,173.194.182.102,,,41888,443,0,37,17
1587481446.0717475,173.194.182.102,10.10.0.10,,,443,41888,0,1358,17
1587481446.076208,173.194.182.102,10.10.0.10,,,443,41888,0,1358,17
1587481446.0780866,10.10.0.10,173.194.182.102,,,41888,443,0,37,17
1587481446.0806608,173.194.182.102,10.10.0.10,,,443,41888,0,1358,17
1587481446.0851116,173.194.182.102,10.10.0.10,,,443,41888,0,1358,17
1587481446.0868402,10.10.0.10,173.194.182.102,,,41888,443,0,37,17
1587481446.089566,173.194.182.102,10.10.0.10,,,443,41888,0,1358,17
1587481446.094021,173.194.182.102,10.10.0.10,,,443,41888,0,1358,17
1587481446.0961962,10.10.0.10,173.194.182.102,,,41888,443,0,37,17
1587481446.0984762,173.194.182.102,10.10.0.10,,,443,41888,0,1358,17
1587481446.1029332,173.194.182.102,10.10.0.10,,,443,41888,0,1358,17
1587481446.1045089,10.10.0.10,173.194.182.102,,,41888,443,0,37,17
1587481446.1073885,173.194.182.102,10.10.0.10,,,443,41888,0,1358,17
1587481446.111838,173.194.182.102,10.10.0.10,,,443,41888,0,1358,17
1587481446.1135662,10.10.0.10,173.194.182.102,,,41888,443,0,37,17
1587481446.116296,173.194.182.102,10.10.0.10,,,443,41888,0,1358,17
1587481446.1207464,173.194.182.102,10.10.0.10,,,443,41888,0,1358,17
1587481446.1224651,10.10.0.10,173.194.182.102,,,41888,443,0,37,17
1587481446.125202,173.194.182.102,10.10.0.10,,,443,41888,0,1358,17
1587481446.1296554,173.194.182.102,10.10.0.10,,,443,41888,0,1358,17
1587481446.131204,10.10.0.10,173.194.182.102,,,41888,443,0,37,17
1587481446.134113,173.194.182.102,10.10.0.10,,,443,41888,0,1358,17
1587481446.1385686,173.194.182.102,10.10.0.10,,,443,41888,0,1358,17
1587481446.14021,10.10.0.10,173.194.182.102,,,41888,443,0,37,17
1587481446.143024,173.194.182.102,10.10.0.10,,,443,41888,0,1358,17
1587481446.1474776,173.194.182.102,10.10.0.10,,,443,41888,0,1358,17
1587481446.149338,10.10.0.10,173.194.182.102,,,41888,443,0,37,17
1587481446.151928,173.194.182.102,10.10.0.10,,,443,41888,0,1358,17
1587481446.15635,173.194.182.102,10.10.0.10,,,443,41888,0,1358,17
1587481446.1585572,10.10.0.10,173.194.182.102,,,41888,443,0,50,17
1587481446.160799,173.194.182.102,10.10.0.10,,,443,41888,0,1358,17
1587481446.165256,173.194.182.102,10.10.0.10,,,443,41888,0,1358,17
1587481446.16729,10.10.0.10,173.194.182.102,,,41888,443,0,37,17
1587481446.1697311,173.194.182.102,10.10.0.10,,,443,41888,0,1358,17
1587481446.174186,173.194.182.102,10.10.0.10,,,443,41888,0,1358,17
1587481446.175993,10.10.0.10,173.194.182.102,,,41888,443,0,37,17
1587481446.1785822,173.194.182.102,10.10.0.10,,,443,41888,0,1358,17
1587481446.1831002,173.194.182.102,10.10.0.10,,,443,41888,0,1358,17
1587481446.184791,10.10.0.10,173.194.182.102,,,41888,443,0,37,17
1587481446.187525,173.194.182.102,10.10.0.10,,,443,41888,0,1358,17
1587481446.192013,173.194.182.102,10.10.0.10,,,443,41888,0,1358,17
1587481446.1943526,10.10.0.10,173.194.182.102,,,41888,443,0,37,17
1587481446.196464,173.194.182.102,10.10.0.10,,,443,41888,0,1358,17
1587481446.2008786,173.194.182.102,10.10.0.10,,,443,41888,0,1358,17
1587481446.2024686,10.10.0.10,173.194.182.102,,,41888,443,0,37,17
1587481446.205391,173.194.182.102,10.10.0.10,,,443,41888,0,1358,17
1587481446.209831,173.194.182.102,10.10.0.10,,,443,41888,0,1358,17
1587481446.212105,10.10.0.10,173.194.182.102,,,41888,443,0,37,17
1587481446.214233,173.194.182.102,10.10.0.10,,,443,41888,0,1358,17
1587481446.2186842,173.194.182.102,10.10.0.10,,,443,41888,0,1358,17
1587481446.2202532,10.10.0.10,173.194.182.102,,,41888,443,0,37,17
1587481446.223133,173.194.182.102,10.10.0.10,,,443,41888,0,1358,17
1587481446.2276099,173.194.182.102,10.10.0.10,,,443,41888,0,1358,17
1587481446.229657,10.10.0.10,173.194.182.102,,,41888,443,0,37,17
1587481446.2320411,173.194.182.102,10.10.0.10,,,443,41888,0,1358,17
1587481446.2365446,173.194.182.102,10.10.0.10,,,443,41888,0,1358,17
1587481446.2403276,10.10.0.10,173.194.182.102,,,41888,443,0,37,17
1587481446.2409751,173.194.182.102,10.10.0.10,,,443,41888,0,1358,17
1587481446.2454042,173.194.182.102,10.10.0.10,,,443,41888,0,1358,17
1587481446.246969,10.10.0.10,173.194.182.102,,,41888,443,0,37,17
1587481446.2498848,173.194.182.102,10.10.0.10,,,443,41888,0,1358,17
1587481446.2543645,173.194.182.102,10.10.0.10,,,443,41888,0,1358,17
1587481446.2560828,10.10.0.10,173.194.182.102,,,41888,443,0,37,17
1587481446.258758,173.194.182.102,10.10.0.10,,,443,41888,0,1358,17
1587481446.2632518,173.194.182.102,10.10.0.10,,,443,41888,0,1358,17
1587481446.2649126,10.10.0.10,173.194.182.102,,,41888,443,0,37,17
1587481446.2676678,173.194.182.102,10.10.0.10,,,443,41888,0,1358,17
1587481446.2705948,10.10.0.10,173.194.182.102,,,41888,443,0,40,17
1587481446.272124,173.194.182.102,10.10.0.10,,,443,41888,0,1358,17
1587481446.27374,10.10.0.10,173.194.182.102,,,41888,443,0,37,17
1587481446.27659,173.194.182.102,10.10.0.10,,,443,41888,0,1358,17
1587481446.28109,173.194.182.102,10.10.0.10,,,443,41888,0,1358,17
1587481446.2826679,10.10.0.10,173.194.182.102,,,41888,443,0,37,17
1587481446.285487,173.194.182.102,10.10.0.10,,,443,41888,0,1358,17
1587481446.2900062,173.194.182.102,10.10.0.10,,,443,41888,0,1358,17
1587481446.291697,10.10.0.10,173.194.182.102,,,41888,443,0,37,17
1587481446.2943964,173.194.182.102,10.10.0.10,,,443,41888,0,1358,17
1587481446.298847,173.194.182.102,10.10.0.10,,,443,41888,0,1358,17
1587481446.3005528,10.10.0.10,173.194.182.102,,,41888,443,0,37,17
1587481446.3033378,173.194.182.102,10.10.0.10,,,443,41888,0,1358,17
1587481446.307817,173.194.182.102,10.10.0.10,,,443,41888,0,1358,17
1587481446.3108802,10.10.0.10,173.194.182.102,,,41888,443,0,37,17
1587481446.312248,173.194.182.102,10.10.0.10,,,443,41888,0,1358,17
1587481446.316726,173.194.182.102,10.10.0.10,,,443,41888,0,1358,17
1587481446.318367,10.10.0.10,173.194.182.102,,,41888,443,0,37,17
1587481446.32118,173.194.182.102,10.10.0.10,,,443,41888,0,1358,17
1587481446.325578,173.194.182.102,10.10.0.10,,,443,41888,0,1358,17
1587481446.328118,10.10.0.10,173.194.182.102,,,41888,443,0,50,17
1587481446.3300884,173.194.182.102,10.10.0.10,,,443,41888,0,1358,17
1587481446.334542,173.194.182.102,10.10.0.10,,,443,41888,0,1358,17
1587481446.336283,10.10.0.10,173.194.182.102,,,41888,443,0,37,17
1587481446.33897,173.194.182.102,10.10.0.10,,,443,41888,0,1358,17
1587481446.342262,10.10.0.10,173.194.182.102,,,41888,443,0,718,17
1587481446.34289,10.10.0.10,173.194.182.102,,,41888,443,0,48,17
1587481446.3434286,173.194.182.102,10.10.0.10,,,443,41888,0,1358,17
1587481446.3479052,173.194.182.102,10.10.0.10,,,443,41888,0,1358,17
1587481446.349825,10.10.0.10,173.194.182.102,,,41888,443,0,37,17
1587481446.352336,173.194.182.102,10.10.0.10,,,443,41888,0,1358,17
1587481446.356789,173.194.182.102,10.10.0.10,,,443,41888,0,1358,17
1587481446.3583279,10.10.0.10,173.194.182.102,,,41888,443,0,37,17
1587481446.3612678,173.194.182.102,10.10.0.10,,,443,41888,0,1358,17
1587481446.365698,173.194.182.102,10.10.0.10,,,443,41888,0,1358,17
1587481446.3671556,10.10.0.10,173.194.182.102,,,41888,443,0,37,17
1587481446.370178,173.194.182.102,10.10.0.10,,,443,41888,0,1358,17
1587481446.374633,173.194.182.102,10.10.0.10,,,443,41888,0,1358,17
1587481446.3761768,10.10.0.10,173.194.182.102,,,41888,443,0,37,17
1587481446.3790612,173.194.182.102,10.10.0.10,,,443,41888,0,1358,17
1587481446.383541,173.194.182.102,10.10.0.10,,,443,41888,0,1358,17
1587481446.385009,10.10.0.10,173.194.182.102,,,41888,443,0,37,17
1587481446.3879948,173.194.182.102,10.10.0.10,,,443,41888,0,1358,17
1587481446.392424,173.194.182.102,10.10.0.10,,,443,41888,0,1358,17
1587481446.396215,10.10.0.10,173.194.182.102,,,41888,443,0,37,17
1587481446.3968818,173.194.182.102,10.10.0.10,,,443,41888,0,1358,17
1587481446.401358,173.194.182.102,10.10.0.10,,,443,41888,0,1358,17
1587481446.403054,10.10.0.10,173.194.182.102,,,41888,443,0,37,17
1587481446.405787,173.194.182.102,10.10.0.10,,,443,41888,0,1358,17
1587481446.4102669,173.194.182.102,10.10.0.10,,,443,41888,0,1358,17
1587481446.4120119,10.10.0.10,173.194.182.102,,,41888,443,0,37,17
1587481446.4147232,173.194.182.102,10.10.0.10,,,443,41888,0,1358,17
1587481446.419151,173.194.182.102,10.10.0.10,,,443,41888,0,1358,17
1587481446.4208438,10.10.0.10,173.194.182.102,,,41888,443,0,37,17
1587481446.4236348,173.194.182.102,10.10.0.10,,,443,41888,0,1358,17
1587481446.425199,10.10.0.10,173.194.182.102,,,41888,443,0,40,17
1587481446.428086,173.194.182.102,10.10.0.10,,,443,41888,0,1358,17
1587481446.431428,10.10.0.10,173.194.182.102,,,41888,443,0,37,17
1587481446.4325118,173.194.182.102,10.10.0.10,,,443,41888,0,1358,17
1587481446.4369678,173.194.182.102,10.10.0.10,,,443,41888,0,1358,17
1587481446.4393866,10.10.0.10,173.194.182.102,,,41888,443,0,37,17
1587481446.441426,173.194.182.102,10.10.0.10,,,443,41888,0,1358,17
1587481446.445876,173.194.182.102,10.10.0.10,,,443,41888,0,1358,17
1587481446.4474275,10.10.0.10,173.194.182.102,,,41888,443,0,37,17
1587481446.4503572,173.194.182.102,10.10.0.10,,,443,41888,0,1358,17
1587481446.4548109,173.194.182.102,10.10.0.10,,,443,41888,0,1358,17
1587481446.4563642,10.10.0.10,173.194.182.102,,,41888,443,0,37,17
1587481446.459241,173.194.182.102,10.10.0.10,,,443,41888,0,1358,17
1587481446.463722,173.194.182.102,10.10.0.10,,,443,41888,0,1358,17
1587481446.4652786,10.10.0.10,173.194.182.102,,,41888,443,0,37,17
1587481446.468175,173.194.182.102,10.10.0.10,,,443,41888,0,1358,17
1587481446.4726045,173.194.182.102,10.10.0.10,,,443,41888,0,1358,17
1587481446.4741561,10.10.0.10,173.194.182.102,,,41888,443,0,37,17
1587481446.4770842,173.194.182.102,10.10.0.10,,,443,41888,0,1358,17
1587481446.4815388,173.194.182.102,10.10.0.10,,,443,41888,0,1358,17
1587481446.483161,10.10.0.10,173.194.182.102,,,41888,443,0,37,17
1587481446.48597,173.194.182.102,10.10.0.10,,,443,41888,0,1358,17
1587481446.490423,173.194.182.102,10.10.0.10,,,443,41888,0,1358,17
1587481446.491767,10.10.0.10,173.194.182.102,,,41888,443,0,37,17
1587481446.4949012,173.194.182.102,10.10.0.10,,,443,41888,0,1358,17
1587481446.499332,173.194.182.102,10.10.0.10,,,443,41888,0,1358,17
1587481446.50072,10.10.0.10,173.194.182.102,,,41888,443,0,37,17
1587481446.503814,173.194.182.102,10.10.0.10,,,443,41888,0,1358,17
1587481446.508265,173.194.182.102,10.10.0.10,,,443,41888,0,1358,17
1587481446.509702,10.10.0.10,173.194.182.102,,,41888,443,0,50,17
1587481446.512696,173.194.182.102,10.10.0.10,,,443,41888,0,1358,17
1587481446.517175,173.194.182.102,10.10.0.10,,,443,41888,0,1358,17
1587481446.5185769,10.10.0.10,173.194.182.102,,,41888,443,0,37,17
1587481446.521628,173.194.182.102,10.10.0.10,,,443,41888,0,1358,17
1587481446.526083,173.194.182.102,10.10.0.10,,,443,41888,0,1358,17
1587481446.528408,10.10.0.10,173.194.182.102,,,41888,443,0,37,17
1587481446.530537,173.194.182.102,10.10.0.10,,,443,41888,0,1358,17
1587481446.53499,173.194.182.102,10.10.0.10,,,443,41888,0,29,17
1587481446.535131,173.194.182.102,10.10.0.10,,,443,41888,0,1358,17
1587481446.5366971,10.10.0.10,173.194.182.102,,,41888,443,0,37,17
1587481446.5396461,173.194.182.102,10.10.0.10,,,443,41888,0,1358,17
1587481446.5441012,173.194.182.102,10.10.0.10,,,443,41888,0,1358,17
1587481446.5462198,10.10.0.10,173.194.182.102,,,41888,443,0,37,17
1587481446.5485132,173.194.182.102,10.10.0.10,,,443,41888,0,1358,17
1587481446.552984,173.194.182.102,10.10.0.10,,,443,41888,0,1358,17
1587481446.554786,10.10.0.10,173.194.182.102,,,41888,443,0,37,17
1587481446.5574071,173.194.182.102,10.10.0.10,,,443,41888,0,1358,17
1587481446.561919,173.194.182.102,10.10.0.10,,,443,41888,0,1358,17
1587481446.564281,10.10.0.10,173.194.182.102,,,41888,443,0,37,17
1587481446.566373,173.194.182.102,10.10.0.10,,,443,41888,0,1358,17
1587481446.5708268,173.194.182.102,10.10.0.10,,,443,41888,0,1358,17
1587481446.5723422,10.10.0.10,173.194.182.102,,,41888,443,0,37,17
1587481446.575282,173.194.182.102,10.10.0.10,,,443,41888,0,1358,17
1587481446.579736,173.194.182.102,10.10.0.10,,,443,41888,0,1358,17
1587481446.581469,10.10.0.10,173.194.182.102,,,41888,443,0,37,17
1587481446.5841901,173.194.182.102,10.10.0.10,,,443,41888,0,1358,17
1587481446.588619,173.194.182.102,10.10.0.10,,,443,41888,0,1358,17
1587481446.590281,10.10.0.10,173.194.182.102,,,41888,443,0,37,17
1587481446.5930989,173.194.182.102,10.10.0.10,,,443,41888,0,1358,17
1587481446.597554,173.194.182.102,10.10.0.10,,,443,41888,0,1358,17
1587481446.5990536,10.10.0.10,173.194.182.102,,,41888,443,0,37,17
1587481446.602014,173.194.182.102,10.10.0.10,,,443,41888,0,1358,17
1587481446.6064675,173.194.182.102,10.10.0.10,,,443,41888,0,1358,17
1587481446.608309,10.10.0.10,173.194.182.102,,,41888,443,0,37,17
1587481446.610922,173.194.182.102,10.10.0.10,,,443,41888,0,1358,17
1587481446.6153831,173.194.182.102,10.10.0.10,,,443,41888,0,1358,17
1587481446.616891,10.10.0.10,173.194.182.102,,,41888,443,0,37,17
1587481446.619831,173.194.182.102,10.10.0.10,,,443,41888,0,1358,17
1587481446.6242852,173.194.182.102,10.10.0.10,,,443,41888,0,1358,17
1587481446.6257641,10.10.0.10,173.194.182.102,,,41888,443,0,37,17
1587481446.628743,173.194.182.102,10.10.0.10,,,443,41888,0,1358,17
1587481446.633194,173.194.182.102,10.10.0.10,,,443,41888,0,1358,17
1587481446.6349149,10.10.0.10,173.194.182.102,,,41888,443,0,37,17
1587481446.637648,173.194.182.102,10.10.0.10,,,443,41888,0,1358,17
1587481446.6420774,173.194.182.102,10.10.0.10,,,443,41888,0,1358,17
1587481446.6438498,10.10.0.10,173.194.182.102,,,41888,443,0,37,17
1587481446.646557,173.194.182.102,10.10.0.10,,,443,41888,0,1358,17
1587481446.650987,173.194.182.102,10.10.0.10,,,443,41888,0,1358,17
1587481446.652555,10.10.0.10,173.194.182.102,,,41888,443,0,37,17
1587481446.6554089,173.194.182.102,10.10.0.10,,,443,41888,0,1358,17
1587481446.6599214,173.194.182.102,10.10.0.10,,,443,41888,0,1358,17
1587481446.6618538,10.10.0.10,173.194.182.102,,,41888,443,0,37,17
1587481446.664375,173.194.182.102,10.10.0.10,,,443,41888,0,1358,17
1587481446.668769,173.194.182.102,10.10.0.10,,,443,41888,0,1358,17
1587481446.6704748,10.10.0.10,173.194.182.102,,,41888,443,0,37,17
1587481446.673285,173.194.182.102,10.10.0.10,,,443,41888,0,1358,17
1587481446.6777382,173.194.182.102,10.10.0.10,,,443,41888,0,1358,17
1587481446.679538,10.10.0.10,173.194.182.102,,,41888,443,0,37,17
1587481446.6821318,173.194.182.102,10.10.0.10,,,443,41888,0,1358,17
1587481446.686646,173.194.182.102,10.10.0.10,,,443,41888,0,1358,17
1587481446.6883712,10.10.0.10,173.194.182.102,,,41888,443,0,50,17
1587481446.691101,173.194.182.102,10.10.0.10,,,443,41888,0,1358,17
1587481446.6954932,173.194.182.102,10.10.0.10,,,443,41888,0,1358,17
1587481446.697766,10.10.0.10,173.194.182.102,,,41888,443,0,37,17
1587481446.7000089,173.194.182.102,10.10.0.10,,,443,41888,0,1358,17
1587481446.704464,173.194.182.102,10.10.0.10,,,443,41888,0,1358,17
1587481446.706352,10.10.0.10,173.194.182.102,,,41888,443,0,37,17
1587481446.708858,173.194.182.102,10.10.0.10,,,443,41888,0,1358,17
1587481446.7133732,173.194.182.102,10.10.0.10,,,443,41888,0,1358,17
1587481446.7154448,10.10.0.10,173.194.182.102,,,41888,443,0,37,17
1587481446.717799,173.194.182.102,10.10.0.10,,,443,41888,0,1358,17
1587481446.7222528,173.194.182.102,10.10.0.10,,,443,41888,0,1358,17
1587481446.723953,10.10.0.10,173.194.182.102,,,41888,443,0,37,17
1587481446.7267358,173.194.182.102,10.10.0.10,,,443,41888,0,1358,17
1587481446.7311919,173.194.182.102,10.10.0.10,,,443,41888,0,1358,17
1587481446.733062,10.10.0.10,173.194.182.102,,,41888,443,0,37,17
1587481446.7356188,173.194.182.102,10.10.0.10,,,443,41888,0,1358,17
1587481446.7401009,173.194.182.102,10.10.0.10,,,443,41888,0,1358,17
1587481446.7416668,10.10.0.10,173.194.182.102,,,41888,443,0,37,17
1587481446.7445562,173.194.182.102,10.10.0.10,,,443,41888,0,1358,17
1587481446.7489796,173.194.182.102,10.10.0.10,,,443,41888,0,1358,17
1587481446.752773,10.10.0.10,173.194.182.102,,,41888,443,0,37,17
1587481446.7534359,173.194.182.102,10.10.0.10,,,443,41888,0,1358,17
1587481446.75792,173.194.182.102,10.10.0.10,,,443,41888,0,1358,17
1587481446.7598758,10.10.0.10,173.194.182.102,,,41888,443,0,37,17
1587481446.762352,173.194.182.102,10.10.0.10,,,443,41888,0,1358,17
1587481446.7668278,173.194.182.102,10.10.0.10,,,443,41888,0,1358,17
1587481446.769217,10.10.0.10,173.194.182.102,,,41888,443,0,37,17
1587481446.7712884,173.194.182.102,10.10.0.10,,,443,41888,0,1358,17
1587481446.7757108,173.194.182.102,10.10.0.10,,,443,41888,0,1358,17
1587481446.7774901,10.10.0.10,173.194.182.102,,,41888,443,0,37,17
1587481446.7801962,173.194.182.102,10.10.0.10,,,443,41888,0,1358,17
1587481446.7846491,173.194.182.102,10.10.0.10,,,443,41888,0,1358,17
1587481446.786742,10.10.0.10,173.194.182.102,,,41888,443,0,37,17
1587481446.789073,173.194.182.102,10.10.0.10,,,443,41888,0,1358,17
1587481446.7935262,173.194.182.102,10.10.0.10,,,443,41888,0,1358,17
1587481446.7952368,10.10.0.10,173.194.182.102,,,41888,443,0,37,17
1587481446.7980142,173.194.182.102,10.10.0.10,,,443,41888,0,1358,17
1587481446.802434,173.194.182.102,10.10.0.10,,,443,41888,0,1358,17
1587481446.804176,10.10.0.10,173.194.182.102,,,41888,443,0,37,17
1587481446.806922,173.194.182.102,10.10.0.10,,,443,41888,0,1358,17
1587481446.8113446,173.194.182.102,10.10.0.10,,,443,41888,0,1358,17
1587481446.815798,173.194.182.102,10.10.0.10,,,443,41888,0,1358,17
1587481446.820284,173.194.182.102,10.10.0.10,,,443,41888,0,1358,17
1587481446.8247411,173.194.182.102,10.10.0.10,,,443,41888,0,1358,17
1587481446.829162,173.194.182.102,10.10.0.10,,,443,41888,0,1358,17
1587481446.8336518,173.194.182.102,10.10.0.10,,,443,41888,0,1358,17
1587481446.835999,10.10.0.10,173.194.182.102,,,41888,443,0,37,17
1587481446.836608,10.10.0.10,173.194.182.102,,,41888,443,0,37,17
1587481446.8378372,10.10.0.10,173.194.182.102,,,41888,443,0,37,17
1587481446.838038,173.194.182.102,10.10.0.10,,,443,41888,0,1358,17
1587481446.8397381,10.10.0.10,173.194.182.102,,,41888,443,0,37,17
1587481446.846247,173.194.182.102,10.10.0.10,,,443,41888,0,1358,17
1587481446.851568,173.194.182.102,10.10.0.10,,,443,41888,0,1358,17
1587481446.851607,173.194.182.102,10.10.0.10,,,443,41888,0,1358,17
1587481446.8530948,10.10.0.10,173.194.182.102,,,41888,443,0,37,17
1587481446.8593402,173.194.182.102,10.10.0.10,,,443,41888,0,1358,17
1587481446.860376,173.194.182.102,10.10.0.10,,,443,41888,0,1358,17
1587481446.8626778,10.10.0.10,173.194.182.102,,,41888,443,0,37,17
1587481446.8683689,173.194.182.102,10.10.0.10,,,443,41888,0,1358,17
1587481446.8692648,173.194.182.102,10.10.0.10,,,443,41888,0,1358,17
1587481446.8703,10.10.0.10,173.194.182.102,,,41888,443,0,50,17
1587481446.8786302,173.194.182.102,10.10.0.10,,,443,41888,0,1358,17
1587481446.878668,173.194.182.102,10.10.0.10,,,443,41888,0,1358,17
1587481446.881237,10.10.0.10,173.194.182.102,,,41888,443,0,37,17
1587481446.8831544,173.194.182.102,10.10.0.10,,,443,41888,0,29,17
1587481446.8858829,173.194.182.102,10.10.0.10,,,443,41888,0,1358,17
1587481446.8877964,173.194.182.102,10.10.0.10,,,443,41888,0,1358,17
1587481446.887811,10.10.0.10,173.194.182.102,,,41888,443,0,37,17
1587481446.8945332,173.194.182.102,10.10.0.10,,,443,41888,0,1358,17
1587481446.896748,173.194.182.102,10.10.0.10,,,443,41888,0,1358,17
1587481446.897622,10.10.0.10,173.194.182.102,,,41888,443,0,37,17
1587481446.902399,173.194.182.102,10.10.0.10,,,443,41888,0,1358,17
1587481446.90426,10.10.0.10,173.194.182.102,,,41888,443,0,37,17
1587481446.905657,173.194.182.102,10.10.0.10,,,443,41888,0,1358,17
1587481446.91011,173.194.182.102,10.10.0.10,,,443,41888,0,1358,17
1587481446.91207,10.10.0.10,173.194.182.102,,,41888,443,0,37,17
1587481446.914562,173.194.182.102,10.10.0.10,,,443,41888,0,1358,17
1587481446.921162,173.194.182.102,10.10.0.10,,,443,41888,0,1358,17
1587481446.9229279,10.10.0.10,173.194.182.102,,,41888,443,0,37,17
1587481446.923442,173.194.182.102,10.10.0.10,,,443,41888,0,1358,17
1587481446.931087,173.194.182.102,10.10.0.10,,,443,41888,0,1358,17
1587481446.932383,173.194.182.102,10.10.0.10,,,443,41888,0,1358,17
1587481446.932886,10.10.0.10,173.194.182.102,,,41888,443,0,37,17
1587481446.9368372,173.194.182.102,10.10.0.10,,,443,41888,0,1358,17
1587481446.938488,10.10.0.10,173.194.182.102,,,41888,443,0,37,17
1587481446.9412909,173.194.182.102,10.10.0.10,,,443,41888,0,1358,17
1587481446.945748,173.194.182.102,10.10.0.10,,,443,41888,0,1358,17
1587481446.94859,10.10.0.10,173.194.182.102,,,41888,443,0,37,17
1587481446.9501991,173.194.182.102,10.10.0.10,,,443,41888,0,1358,17
1587481446.9546552,173.194.182.102,10.10.0.10,,,443,41888,0,1358,17
1587481446.9562151,10.10.0.10,173.194.182.102,,,41888,443,0,37,17
1587481446.95911,173.194.182.102,10.10.0.10,,,443,41888,0,1358,17
1587481446.963566,173.194.182.102,10.10.0.10,,,443,41888,0,1358,17
1587481446.965415,10.10.0.10,173.194.182.102,,,41888,443,0,37,17
1587481446.9680169,173.194.182.102,10.10.0.10,,,443,41888,0,1358,17
1587481446.972439,173.194.182.102,10.10.0.10,,,443,41888,0,1358,17
1587481446.9740481,10.10.0.10,173.194.182.102,,,41888,443,0,37,17
1587481446.976929,173.194.182.102,10.10.0.10,,,443,41888,0,1358,17
1587481446.9813788,173.194.182.102,10.10.0.10,,,443,41888,0,1358,17
1587481446.983008,10.10.0.10,173.194.182.102,,,41888,443,0,37,17
1587481446.9858348,173.194.182.102,10.10.0.10,,,443,41888,0,1358,17
1587481446.990289,173.194.182.102,10.10.0.10,,,443,41888,0,1358,17
1587481446.992008,10.10.0.10,173.194.182.102,,,41888,443,0,37,17
1587481446.9947429,173.194.182.102,10.10.0.10,,,443,41888,0,1358,17
1587481446.9992,173.194.182.102,10.10.0.10,,,443,41888,0,1358,17
1587481447.00082,10.10.0.10,173.194.182.102,,,41888,443,0,37,17
1587481447.0036519,173.194.182.102,10.10.0.10,,,443,41888,0,1358,17
1587481447.008107,173.194.182.102,10.10.0.10,,,443,41888,0,1358,17
1587481447.010619,10.10.0.10,173.194.182.102,,,41888,443,0,37,17
1587481447.0125306,173.194.182.102,10.10.0.10,,,443,41888,0,1358,17
1587481447.016992,173.194.182.102,10.10.0.10,,,443,41888,0,1358,17
1587481447.0185478,10.10.0.10,173.194.182.102,,,41888,443,0,37,17
1587481447.0214686,173.194.182.102,10.10.0.10,,,443,41888,0,1358,17
1587481447.0258946,173.194.182.102,10.10.0.10,,,443,41888,0,1358,17
1587481447.0275269,10.10.0.10,173.194.182.102,,,41888,443,0,37,17
1587481447.0303779,173.194.182.102,10.10.0.10,,,443,41888,0,1358,17
1587481447.034834,173.194.182.102,10.10.0.10,,,443,41888,0,1358,17
1587481447.0364866,10.10.0.10,173.194.182.102,,,41888,443,0,37,17
1587481447.0392542,173.194.182.102,10.10.0.10,,,443,41888,0,1358,17
1587481447.0437422,173.194.182.102,10.10.0.10,,,443,41888,0,1358,17
1587481447.0455182,10.10.0.10,173.194.182.102,,,41888,443,0,50,17
1587481447.048195,173.194.182.102,10.10.0.10,,,443,41888,0,1358,17
1587481447.0525892,173.194.182.102,10.10.0.10,,,443,41888,0,1358,17
1587481447.054107,10.10.0.10,173.194.182.102,,,41888,443,0,37,17
1587481447.057042,173.194.182.102,10.10.0.10,,,443,41888,0,1358,17
1587481447.0614884,173.194.182.102,10.10.0.10,,,443,41888,0,1358,17
1587481447.0633638,10.10.0.10,173.194.182.102,,,41888,443,0,37,17
1587481447.0659802,173.194.182.102,10.10.0.10,,,443,41888,0,1358,17
1587481447.070456,173.194.182.102,10.10.0.10,,,443,41888,0,1358,17
1587481447.072006,10.10.0.10,173.194.182.102,,,41888,443,0,37,17
1587481447.074898,173.194.182.102,10.10.0.10,,,443,41888,0,1358,17
1587481447.0793092,173.194.182.102,10.10.0.10,,,443,41888,0,1358,17
1587481447.0809062,10.10.0.10,173.194.182.102,,,41888,443,0,37,17
1587481447.0837722,173.194.182.102,10.10.0.10,,,443,41888,0,1358,17
1587481447.088274,173.194.182.102,10.10.0.10,,,443,41888,0,29,17
1587481447.0884142,173.194.182.102,10.10.0.10,,,443,41888,0,1358,17
1587481447.089943,10.10.0.10,173.194.182.102,,,41888,443,0,37,17
1587481447.0929296,173.194.182.102,10.10.0.10,,,443,41888,0,1358,17
1587481447.097384,173.194.182.102,10.10.0.10,,,443,41888,0,1358,17
1587481447.1018438,173.194.182.102,10.10.0.10,,,443,41888,0,1358,17
1587481447.104434,10.10.0.10,173.194.182.102,,,41888,443,0,37,17
1587481447.106299,173.194.182.102,10.10.0.10,,,443,41888,0,1358,17
1587481447.1106956,173.194.182.102,10.10.0.10,,,443,41888,0,1358,17
1587481447.110903,10.10.0.10,173.194.182.102,,,41888,443,0,37,17
1587481447.115148,173.194.182.102,10.10.0.10,,,443,41888,0,1358,17
1587481447.1165252,10.10.0.10,173.194.182.102,,,41888,443,0,37,17
1587481447.1196668,173.194.182.102,10.10.0.10,,,443,41888,0,1358,17
1587481447.1241212,173.194.182.102,10.10.0.10,,,443,41888,0,1358,17
1587481447.128525,173.194.182.102,10.10.0.10,,,443,41888,0,1358,17
1587481447.1294699,10.10.0.10,173.194.182.102,,,41888,443,0,37,17
1587481447.133025,173.194.182.102,10.10.0.10,,,443,41888,0,1358,17
1587481447.1345315,10.10.0.10,173.194.182.102,,,41888,443,0,37,17
1587481447.1374779,173.194.182.102,10.10.0.10,,,443,41888,0,1358,17
1587481447.14191,173.194.182.102,10.10.0.10,,,443,41888,0,1358,17
1587481447.145415,10.10.0.10,173.194.182.102,,,41888,443,0,37,17
1587481447.146393,173.194.182.102,10.10.0.10,,,443,41888,0,1358,17
1587481447.1508489,173.194.182.102,10.10.0.10,,,443,41888,0,1358,17
1587481447.152448,10.10.0.10,173.194.182.102,,,41888,443,0,37,17
1587481447.1553054,173.194.182.102,10.10.0.10,,,443,41888,0,1358,17
1587481447.159761,173.194.182.102,10.10.0.10,,,443,41888,0,1358,17
1587481447.161314,10.10.0.10,173.194.182.102,,,41888,443,0,37,17
1587481447.164215,173.194.182.102,10.10.0.10,,,443,41888,0,1358,17
1587481447.1686668,173.194.182.102,10.10.0.10,,,443,41888,0,1358,17
1587481447.1703482,10.10.0.10,173.194.182.102,,,41888,443,0,37,17
1587481447.17312,173.194.182.102,10.10.0.10,,,443,41888,0,1358,17
1587481447.177575,173.194.182.102,10.10.0.10,,,443,41888,0,1358,17
1587481447.1791892,10.10.0.10,173.194.182.102,,,41888,443,0,37,17
1587481447.1820452,173.194.182.102,10.10.0.10,,,443,41888,0,1358,17
1587481447.186486,173.194.182.102,10.10.0.10,,,443,41888,0,1358,17
1587481447.188692,10.10.0.10,173.194.182.102,,,41888,443,0,37,17
1587481447.190939,173.194.182.102,10.10.0.10,,,443,41888,0,1358,17
1587481447.1927009,10.10.0.10,173.194.182.102,,,41888,443,0,40,17
1587481447.1954,173.194.182.102,10.10.0.10,,,443,41888,0,1358,17
1587481447.1983778,10.10.0.10,173.194.182.102,,,41888,443,0,40,17
1587481447.199846,173.194.182.102,10.10.0.10,,,443,41888,0,1358,17
1587481447.2014658,10.10.0.10,173.194.182.102,,,41888,443,0,40,17
1587481447.2042372,173.194.182.102,10.10.0.10,,,443,41888,0,1358,17
1587481447.205658,10.10.0.10,173.194.182.102,,,41888,443,0,53,17
1587481447.208751,173.194.182.102,10.10.0.10,,,443,41888,0,1358,17
1587481447.2131882,173.194.182.102,10.10.0.10,,,443,41888,0,1358,17
1587481447.2169251,10.10.0.10,173.194.182.102,,,41888,443,0,40,17
1587481447.2176409,173.194.182.102,10.10.0.10,,,443,41888,0,1358,17
1587481447.2220829,173.194.182.102,10.10.0.10,,,443,41888,0,1358,17
1587481447.2237492,10.10.0.10,173.194.182.102,,,41888,443,0,40,17
1587481447.2265725,173.194.182.102,10.10.0.10,,,443,41888,0,1358,17
1587481447.23101,173.194.182.102,10.10.0.10,,,443,41888,0,1358,17
1587481447.2329214,10.10.0.10,173.194.182.102,,,41888,443,0,40,17
1587481447.235415,173.194.182.102,10.10.0.10,,,443,41888,0,1358,17
1587481447.23994,173.194.182.102,10.10.0.10,,,443,41888,0,1358,17
1587481447.24189,10.10.0.10,173.194.182.102,,,41888,443,0,40,17
1587481447.244889,173.194.182.102,10.10.0.10,,,443,41888,0,1358,17
1587481447.2493591,173.194.182.102,10.10.0.10,,,443,41888,0,1358,17
1587481447.2510116,10.10.0.10,173.194.182.102,,,41888,443,0,40,17
1587481447.253838,173.194.182.102,10.10.0.10,,,443,41888,0,29,17
1587481447.253967,173.194.182.102,10.10.0.10,,,443,41888,0,1358,17
1587481447.2584932,173.194.182.102,10.10.0.10,,,443,41888,0,1358,17
1587481447.2602222,10.10.0.10,173.194.182.102,,,41888,443,0,37,17
1587481447.2629464,173.194.182.102,10.10.0.10,,,443,41888,0,1358,17
1587481447.267403,173.194.182.102,10.10.0.10,,,443,41888,0,1358,17
1587481447.269867,10.10.0.10,173.194.182.102,,,41888,443,0,37,17
1587481447.271857,173.194.182.102,10.10.0.10,,,443,41888,0,1358,17
1587481447.2763116,173.194.182.102,10.10.0.10,,,443,41888,0,1358,17
1587481447.2780972,10.10.0.10,173.194.182.102,,,41888,443,0,37,17
1587481447.280764,173.194.182.102,10.10.0.10,,,443,41888,0,1358,17
1587481447.285219,173.194.182.102,10.10.0.10,,,443,41888,0,1358,17
1587481447.286866,10.10.0.10,173.194.182.102,,,41888,443,0,37,17
1587481447.28965,173.194.182.102,10.10.0.10,,,443,41888,0,1358,17
1587481447.294128,173.194.182.102,10.10.0.10,,,443,41888,0,1358,17
1587481447.295743,10.10.0.10,173.194.182.102,,,41888,443,0,37,17
1587481447.298583,173.194.182.102,10.10.0.10,,,443,41888,0,1358,17
1587481447.303017,173.194.182.102,10.10.0.10,,,443,41888,0,1358,17
1587481447.3047645,10.10.0.10,173.194.182.102,,,41888,443,0,37,17
1587481447.3074918,173.194.182.102,10.10.0.10,,,443,41888,0,1358,17
1587481447.311948,173.194.182.102,10.10.0.10,,,443,41888,0,1358,17
1587481447.315078,10.10.0.10,173.194.182.102,,,41888,443,0,37,17
1587481447.316407,173.194.182.102,10.10.0.10,,,443,41888,0,1358,17
1587481447.3208618,173.194.182.102,10.10.0.10,,,443,41888,0,1358,17
1587481447.3224258,10.10.0.10,173.194.182.102,,,41888,443,0,37,17
1587481447.3253224,173.194.182.102,10.10.0.10,,,443,41888,0,1358,17
1587481447.3297696,173.194.182.102,10.10.0.10,,,443,41888,0,1358,17
1587481447.331288,10.10.0.10,173.194.182.102,,,41888,443,0,37,17
1587481447.334225,173.194.182.102,10.10.0.10,,,443,41888,0,1358,17
1587481447.338691,173.194.182.102,10.10.0.10,,,443,41888,0,1358,17
1587481447.340251,10.10.0.10,173.194.182.102,,,41888,443,0,37,17
1587481447.343101,173.194.182.102,10.10.0.10,,,443,41888,0,1358,17
1587481447.3475866,173.194.182.102,10.10.0.10,,,443,41888,0,1358,17
1587481447.3493092,10.10.0.10,173.194.182.102,,,41888,443,0,37,17
1587481447.352061,173.194.182.102,10.10.0.10,,,443,41888,0,1358,17
1587481447.3564599,173.194.182.102,10.10.0.10,,,443,41888,0,1358,17
1587481447.357951,10.10.0.10,173.194.182.102,,,41888,443,0,37,17
1587481447.360951,173.194.182.102,10.10.0.10,,,443,41888,0,1358,17
1587481447.3654108,173.194.182.102,10.10.0.10,,,443,41888,0,1358,17
1587481447.367082,10.10.0.10,173.194.182.102,,,41888,443,0,37,17
1587481447.3698616,173.194.182.102,10.10.0.10,,,443,41888,0,1358,17
1587481447.3743148,173.194.182.102,10.10.0.10,,,443,41888,0,1358,17
1587481447.3760188,10.10.0.10,173.194.182.102,,,41888,443,0,37,17
1587481447.378761,173.194.182.102,10.10.0.10,,,443,41888,0,1358,17
1587481447.383222,173.194.182.102,10.10.0.10,,,443,41888,0,1358,17
1587481447.385247,10.10.0.10,173.194.182.102,,,41888,443,0,50,17
1587481447.387678,173.194.182.102,10.10.0.10,,,443,41888,0,1358,17
1587481447.392098,173.194.182.102,10.10.0.10,,,443,41888,0,1358,17
1587481447.39379,10.10.0.10,173.194.182.102,,,41888,443,0,37,17
1587481447.396587,173.194.182.102,10.10.0.10,,,443,41888,0,1358,17
1587481447.40104,173.194.182.102,10.10.0.10,,,443,41888,0,1358,17
1587481447.4054296,173.194.182.102,10.10.0.10,,,443,41888,0,1358,17
1587481447.4099238,173.194.182.102,10.10.0.10,,,443,41888,0,1358,17
1587481447.414403,173.194.182.102,10.10.0.10,,,443,41888,0,1358,17
1587481447.4187868,173.194.182.102,10.10.0.10,,,443,41888,0,1358,17
1587481447.423312,173.194.182.102,10.10.0.10,,,443,41888,0,1358,17
1587481447.4277642,173.194.182.102,10.10.0.10,,,443,41888,0,1358,17
1587481447.48896,10.10.0.10,173.194.182.102,,,41888,443,0,37,17
1587481447.4901214,173.194.182.102,10.10.0.10,,,443,41888,0,1358,17
1587481447.500603,173.194.182.102,10.10.0.10,,,443,41888,0,1358,17
1587481447.5059252,10.10.0.10,173.194.182.102,,,41888,443,0,37,17
1587481447.507256,10.10.0.10,173.194.182.102,,,41888,443,0,37,17
1587481447.50964,10.10.0.10,173.194.182.102,,,41888,443,0,37,17
1587481447.5103722,10.10.0.10,173.194.182.102,,,41888,443,0,37,17
1587481447.515264,173.194.182.102,10.10.0.10,,,443,41888,0,1358,17
1587481447.5175831,173.194.182.102,10.10.0.10,,,443,41888,0,1358,17
1587481447.5201082,173.194.182.102,10.10.0.10,,,443,41888,0,1358,17
1587481447.5235894,173.194.182.102,10.10.0.10,,,443,41888,0,1358,17
1587481447.5279698,173.194.182.102,10.10.0.10,,,443,41888,0,1358,17
1587481447.5324981,173.194.182.102,10.10.0.10,,,443,41888,0,1358,17
1587481447.5369134,173.194.182.102,10.10.0.10,,,443,41888,0,1358,17
1587481447.5414052,173.194.182.102,10.10.0.10,,,443,41888,0,1358,17
1587481447.545864,173.194.182.102,10.10.0.10,,,443,41888,0,1358,17
1587481447.550316,173.194.182.102,10.10.0.10,,,443,41888,0,1358,17
1587481447.55477,173.194.182.102,10.10.0.10,,,443,41888,0,1358,17
1587481447.6724179,173.194.182.102,10.10.0.10,,,443,41888,0,1358,17
1587481447.799015,173.194.182.102,10.10.0.10,,,443,41888,0,1358,17
1587481448.035671,173.194.182.102,10.10.0.10,,,443,41888,0,1358,17
1587481448.0356948,173.194.182.102,10.10.0.10,,,443,41888,0,1358,17
1587481448.5078845,173.194.182.102,10.10.0.10,,,443,41888,0,1358,17
1587481448.5078962,173.194.182.102,10.10.0.10,,,443,41888,0,1358,17
1587481448.6919718,10.10.0.10,173.194.182.102,,,41888,443,0,37,17
1587481448.6920161,10.10.0.10,173.194.182.102,,,41888,443,0,37,17
1587481448.693857,10.10.0.10,173.194.182.102,,,41888,443,0,37,17
1587481448.693901,10.10.0.10,173.194.182.102,,,41888,443,0,37,17
1587481448.694561,10.10.0.10,173.194.182.102,,,41888,443,0,37,17
1587481448.6946118,10.10.0.10,173.194.182.102,,,41888,443,0,37,17
1587481448.694625,10.10.0.10,173.194.182.102,,,41888,443,0,37,17
1587481448.7044995,173.194.182.102,10.10.0.10,,,443,41888,0,1358,17
1587481448.704545,173.194.182.102,10.10.0.10,,,443,41888,0,1358,17
1587481448.7045548,10.10.0.10,173.194.182.102,,,41888,443,0,37,17
1587481448.705755,10.10.0.10,173.194.182.102,,,41888,443,0,37,17
1587481448.708318,10.10.0.10,173.194.182.102,,,41888,443,0,37,17
1587481448.7154946,173.194.182.102,10.10.0.10,,,443,41888,0,1358,17
1587481448.715539,173.194.182.102,10.10.0.10,,,443,41888,0,1358,17
1587481448.7241552,173.194.182.102,10.10.0.10,,,443,41888,0,1358,17
1587481448.724199,173.194.182.102,10.10.0.10,,,443,41888,0,1358,17
1587481448.7318141,173.194.182.102,10.10.0.10,,,443,41888,0,1358,17
1587481448.7327216,173.194.182.102,10.10.0.10,,,443,41888,0,1358,17
1587481448.7385619,173.194.182.102,10.10.0.10,,,443,41888,0,1358,17
1587481448.7415712,173.194.182.102,10.10.0.10,,,443,41888,0,1358,17
1587481448.746926,173.194.182.102,10.10.0.10,,,443,41888,0,1358,17
1587481448.750546,173.194.182.102,10.10.0.10,,,443,41888,0,1358,17
1587481448.754999,173.194.182.102,10.10.0.10,,,443,41888,0,1358,17
1587481448.75945,173.194.182.102,10.10.0.10,,,443,41888,0,1358,17
1587481448.7639165,173.194.182.102,10.10.0.10,,,443,41888,0,1358,17
1587481448.768359,173.194.182.102,10.10.0.10,,,443,41888,0,1358,17
1587481448.772816,173.194.182.102,10.10.0.10,,,443,41888,0,1358,17
1587481448.7763708,10.10.0.10,173.194.182.102,,,41888,443,0,37,17
1587481448.7772696,173.194.182.102,10.10.0.10,,,443,41888,0,1358,17
1587481448.7777224,10.10.0.10,173.194.182.102,,,41888,443,0,37,17
1587481448.7794714,10.10.0.10,173.194.182.102,,,41888,443,0,37,17
1587481448.781572,10.10.0.10,173.194.182.102,,,41888,443,0,50,17
1587481448.781729,173.194.182.102,10.10.0.10,,,443,41888,0,1358,17
1587481448.7831252,10.10.0.10,173.194.182.102,,,41888,443,0,37,17
1587481448.7851279,10.10.0.10,173.194.182.102,,,41888,443,0,37,17
1587481448.7858748,10.10.0.10,173.194.182.102,,,41888,443,0,37,17
1587481448.7861085,173.194.182.102,10.10.0.10,,,443,41888,0,1358,17
1587481448.786259,10.10.0.10,173.194.182.102,,,41888,443,0,37,17
1587481448.788178,10.10.0.10,173.194.182.102,,,41888,443,0,37,17
1587481448.790637,173.194.182.102,10.10.0.10,,,443,41888,0,1358,17
1587481448.795092,173.194.182.102,10.10.0.10,,,443,41888,0,1358,17
1587481448.797427,10.10.0.10,173.194.182.102,,,41888,443,0,37,17
1587481448.799519,173.194.182.102,10.10.0.10,,,443,41888,0,1358,17
1587481448.803998,173.194.182.102,10.10.0.10,,,443,41888,0,1358,17
1587481448.806199,10.10.0.10,173.194.182.102,,,41888,443,0,37,17
1587481448.808451,173.194.182.102,10.10.0.10,,,443,41888,0,1358,17
1587481448.812907,173.194.182.102,10.10.0.10,,,443,41888,0,1358,17
1587481448.81512,10.10.0.10,173.194.182.102,,,41888,443,0,37,17
1587481448.8173606,173.194.182.102,10.10.0.10,,,443,41888,0,1358,17
1587481448.819632,10.10.0.10,173.194.182.102,,,41888,443,0,40,17
1587481448.821814,173.194.182.102,10.10.0.10,,,443,41888,0,1358,17
1587481448.8246202,10.10.0.10,173.194.182.102,,,41888,443,0,37,17
1587481448.8262696,173.194.182.102,10.10.0.10,,,443,41888,0,1358,17
1587481448.8307238,173.194.182.102,10.10.0.10,,,443,41888,0,1358,17
1587481448.8327231,10.10.0.10,173.194.182.102,,,41888,443,0,37,17
1587481448.8351786,173.194.182.102,10.10.0.10,,,443,41888,0,1358,17
1587481448.839632,173.194.182.102,10.10.0.10,,,443,41888,0,1358,17
1587481448.841969,10.10.0.10,173.194.182.102,,,41888,443,0,37,17
1587481448.844051,173.194.182.102,10.10.0.10,,,443,41888,0,1358,17
1587481448.848542,173.194.182.102,10.10.0.10,,,443,41888,0,1358,17
1587481448.851174,10.10.0.10,173.194.182.102,,,41888,443,0,37,17
1587481448.852996,173.194.182.102,10.10.0.10,,,443,41888,0,1358,17
1587481448.85745,173.194.182.102,10.10.0.10,,,443,41888,0,1358,17
1587481448.859329,10.10.0.10,173.194.182.102,,,41888,443,0,37,17
1587481448.861868,173.194.182.102,10.10.0.10,,,443,41888,0,1358,17
1587481448.86636,173.194.182.102,10.10.0.10,,,443,41888,0,1358,17
1587481448.8685286,10.10.0.10,173.194.182.102,,,41888,443,0,37,17
1587481448.870814,173.194.182.102,10.10.0.10,,,443,41888,0,1358,17
1587481448.8752675,173.194.182.102,10.10.0.10,,,443,41888,0,1358,17
1587481448.8779929,10.10.0.10,173.194.182.102,,,41888,443,0,37,17
1587481448.8797262,173.194.182.102,10.10.0.10,,,443,41888,0,1358,17
1587481448.8841321,173.194.182.102,10.10.0.10,,,443,41888,0,1358,17
1587481448.886427,10.10.0.10,173.194.182.102,,,41888,443,0,37,17
1587481448.888632,173.194.182.102,10.10.0.10,,,443,41888,0,1358,17
1587481448.893085,173.194.182.102,10.10.0.10,,,443,41888,0,1358,17
1587481448.895283,10.10.0.10,173.194.182.102,,,41888,443,0,37,17
1587481448.89754,173.194.182.102,10.10.0.10,,,443,41888,0,1358,17
1587481448.901994,173.194.182.102,10.10.0.10,,,443,41888,0,1358,17
1587481448.904177,10.10.0.10,173.194.182.102,,,41888,443,0,37,17
1587481448.9064481,173.194.182.102,10.10.0.10,,,443,41888,0,1358,17
1587481448.910903,173.194.182.102,10.10.0.10,,,443,41888,0,1358,17
1587481448.9126828,10.10.0.10,173.194.182.102,,,41888,443,0,50,17
1587481448.9153204,173.194.182.102,10.10.0.10,,,443,41888,0,1358,17
1587481448.9198115,173.194.182.102,10.10.0.10,,,443,41888,0,1358,17
1587481448.921968,10.10.0.10,173.194.182.102,,,41888,443,0,37,17
1587481448.9242668,173.194.182.102,10.10.0.10,,,443,41888,0,1358,17
1587481448.9287572,173.194.182.102,10.10.0.10,,,443,41888,0,1358,17
1587481448.930926,10.10.0.10,173.194.182.102,,,41888,443,0,37,17
1587481448.933184,173.194.182.102,10.10.0.10,,,443,41888,0,1358,17
1587481448.9376292,173.194.182.102,10.10.0.10,,,443,41888,0,1358,17
1587481448.9411788,10.10.0.10,173.194.182.102,,,41888,443,0,37,17
1587481448.9420938,173.194.182.102,10.10.0.10,,,443,41888,0,1358,17
1587481448.946538,173.194.182.102,10.10.0.10,,,443,41888,0,1358,17
1587481448.948744,10.10.0.10,173.194.182.102,,,41888,443,0,37,17
1587481448.950994,173.194.182.102,10.10.0.10,,,443,41888,0,29,17
1587481448.951117,173.194.182.102,10.10.0.10,,,443,41888,0,1358,17
1587481448.955614,173.194.182.102,10.10.0.10,,,443,41888,0,1358,17
1587481448.959766,10.10.0.10,173.194.182.102,,,41888,443,0,37,17
1587481448.960032,173.194.182.102,10.10.0.10,,,443,41888,0,1358,17
1587481448.9645581,173.194.182.102,10.10.0.10,,,443,41888,0,1358,17
1587481448.9681304,10.10.0.10,173.194.182.102,,,41888,443,0,37,17
1587481448.9689732,173.194.182.102,10.10.0.10,,,443,41888,0,1358,17
1587481448.973466,173.194.182.102,10.10.0.10,,,443,41888,0,1358,17
1587481448.975393,10.10.0.10,173.194.182.102,,,41888,443,0,37,17
1587481448.977921,173.194.182.102,10.10.0.10,,,443,41888,0,1358,17
1587481448.9823382,173.194.182.102,10.10.0.10,,,443,41888,0,1358,17
1587481448.984782,10.10.0.10,173.194.182.102,,,41888,443,0,37,17
1587481448.9868321,173.194.182.102,10.10.0.10,,,443,41888,0,1358,17
1587481448.9912848,173.194.182.102,10.10.0.10,,,443,41888,0,1358,17
1587481448.993494,10.10.0.10,173.194.182.102,,,41888,443,0,37,17
1587481448.995702,173.194.182.102,10.10.0.10,,,443,41888,0,1358,17
1587481449.0001929,173.194.182.102,10.10.0.10,,,443,41888,0,1358,17
1587481449.002102,10.10.0.10,173.194.182.102,,,41888,443,0,37,17
1587481449.004648,173.194.182.102,10.10.0.10,,,443,41888,0,1358,17
1587481449.0090668,173.194.182.102,10.10.0.10,,,443,41888,0,1358,17
1587481449.011413,10.10.0.10,173.194.182.102,,,41888,443,0,37,17
1587481449.0135212,173.194.182.102,10.10.0.10,,,443,41888,0,1358,17
1587481449.0180142,173.194.182.102,10.10.0.10,,,443,41888,0,1358,17
1587481449.020084,10.10.0.10,173.194.182.102,,,41888,443,0,37,17
1587481449.0224292,173.194.182.102,10.10.0.10,,,443,41888,0,1358,17
1587481449.026923,173.194.182.102,10.10.0.10,,,443,41888,0,1358,17
1587481449.0294118,10.10.0.10,173.194.182.102,,,41888,443,0,37,17
1587481449.031376,173.194.182.102,10.10.0.10,,,443,41888,0,1358,17
1587481449.035789,173.194.182.102,10.10.0.10,,,443,41888,0,1358,17
1587481449.0382366,10.10.0.10,173.194.182.102,,,41888,443,0,37,17
1587481449.0402849,173.194.182.102,10.10.0.10,,,443,41888,0,1358,17
1587481449.0447395,173.194.182.102,10.10.0.10,,,443,41888,0,1358,17
1587481449.046665,10.10.0.10,173.194.182.102,,,41888,443,0,37,17
1587481449.049155,173.194.182.102,10.10.0.10,,,443,41888,0,1358,17
1587481449.053649,173.194.182.102,10.10.0.10,,,443,41888,0,1358,17
1587481449.05548,10.10.0.10,173.194.182.102,,,41888,443,0,37,17
1587481449.058102,173.194.182.102,10.10.0.10,,,443,41888,0,1358,17
1587481449.062518,173.194.182.102,10.10.0.10,,,443,41888,0,1358,17
1587481449.064742,10.10.0.10,173.194.182.102,,,41888,443,0,37,17
1587481449.0670118,173.194.182.102,10.10.0.10,,,443,41888,0,1358,17
1587481449.071466,173.194.182.102,10.10.0.10,,,443,41888,0,1358,17
1587481449.074184,10.10.0.10,173.194.182.102,,,41888,443,0,37,17
1587481449.075883,173.194.182.102,10.10.0.10,,,443,41888,0,1358,17
1587481449.080383,173.194.182.102,10.10.0.10,,,443,41888,0,1358,17
1587481449.0825405,10.10.0.10,173.194.182.102,,,41888,443,0,37,17
1587481449.084832,173.194.182.102,10.10.0.10,,,443,41888,0,1358,17
1587481449.0892448,173.194.182.102,10.10.0.10,,,443,41888,0,1358,17
1587481449.0918288,10.10.0.10,173.194.182.102,,,41888,443,0,50,17
1587481449.0937376,173.194.182.102,10.10.0.10,,,443,41888,0,1358,17
1587481449.098194,173.194.182.102,10.10.0.10,,,443,41888,0,1358,17
1587481449.100122,10.10.0.10,173.194.182.102,,,41888,443,0,37,17
1587481449.102615,173.194.182.102,10.10.0.10,,,443,41888,0,1358,17
1587481449.1071026,173.194.182.102,10.10.0.10,,,443,41888,0,1358,17
1587481449.1091,10.10.0.10,173.194.182.102,,,41888,443,0,37,17
1587481449.1115556,173.194.182.102,10.10.0.10,,,443,41888,0,1358,17
1587481449.115991,173.194.182.102,10.10.0.10,,,443,41888,0,1358,17
1587481449.1183946,10.10.0.10,173.194.182.102,,,41888,443,0,37,17
1587481449.1204698,173.194.182.102,10.10.0.10,,,443,41888,0,1358,17
1587481449.124922,173.194.182.102,10.10.0.10,,,443,41888,0,1358,17
1587481449.1271029,10.10.0.10,173.194.182.102,,,41888,443,0,37,17
1587481449.1293778,173.194.182.102,10.10.0.10,,,443,41888,0,1358,17
1587481449.133832,173.194.182.102,10.10.0.10,,,443,41888,0,1358,17
1587481449.1362526,10.10.0.10,173.194.182.102,,,41888,443,0,37,17
1587481449.1382828,173.194.182.102,10.10.0.10,,,443,41888,0,1358,17
1587481449.1426842,173.194.182.102,10.10.0.10,,,443,41888,0,1358,17
1587481449.1466448,10.10.0.10,173.194.182.102,,,41888,443,0,37,17
1587481449.1471539,173.194.182.102,10.10.0.10,,,443,41888,0,1358,17
1587481449.1516461,173.194.182.102,10.10.0.10,,,443,41888,0,1358,17
1587481449.1560578,173.194.182.102,10.10.0.10,,,443,41888,0,29,17
1587481449.156235,173.194.182.102,10.10.0.10,,,443,41888,0,1358,17
1587481449.1573699,10.10.0.10,173.194.182.102,,,41888,443,0,37,17
1587481449.160757,173.194.182.102,10.10.0.10,,,443,41888,0,1358,17
1587481449.163579,10.10.0.10,173.194.182.102,,,41888,443,0,37,17
1587481449.1652124,173.194.182.102,10.10.0.10,,,443,41888,0,1358,17
1587481449.169642,173.194.182.102,10.10.0.10,,,443,41888,0,1358,17
1587481449.171991,10.10.0.10,173.194.182.102,,,41888,443,0,37,17
1587481449.17412,173.194.182.102,10.10.0.10,,,443,41888,0,1358,17
1587481449.178578,173.194.182.102,10.10.0.10,,,443,41888,0,1358,17
1587481449.181953,10.10.0.10,173.194.182.102,,,41888,443,0,37,17
1587481449.183031,173.194.182.102,10.10.0.10,,,443,41888,0,1358,17
1587481449.1874568,173.194.182.102,10.10.0.10,,,443,41888,0,1358,17
1587481449.189558,10.10.0.10,173.194.182.102,,,41888,443,0,37,17
1587481449.191937,173.194.182.102,10.10.0.10,,,443,41888,0,1358,17
1587481449.196396,173.194.182.102,10.10.0.10,,,443,41888,0,1358,17
1587481449.1986382,10.10.0.10,173.194.182.102,,,41888,443,0,37,17
1587481449.2007732,173.194.182.102,10.10.0.10,,,443,41888,0,1358,17
1587481449.2052288,173.194.182.102,10.10.0.10,,,443,41888,0,1358,17
1587481449.2071671,10.10.0.10,173.194.182.102,,,41888,443,0,37,17
1587481449.2096698,173.194.182.102,10.10.0.10,,,443,41888,0,1358,17
1587481449.2141216,173.194.182.102,10.10.0.10,,,443,41888,0,1358,17
1587481449.215976,10.10.0.10,173.194.182.102,,,41888,443,0,37,17
1587481449.2186134,173.194.182.102,10.10.0.10,,,443,41888,0,1358,17
1587481449.2230961,173.194.182.102,10.10.0.10,,,443,41888,0,1358,17
1587481449.2249134,10.10.0.10,173.194.182.102,,,41888,443,0,37,17
1587481449.227551,173.194.182.102,10.10.0.10,,,443,41888,0,1358,17
1587481449.231979,173.194.182.102,10.10.0.10,,,443,41888,0,1358,17
1587481449.2339606,10.10.0.10,173.194.182.102,,,41888,443,0,37,17
1587481449.2364285,173.194.182.102,10.10.0.10,,,443,41888,0,1358,17
1587481449.2408938,173.194.182.102,10.10.0.10,,,443,41888,0,1358,17
1587481449.242671,10.10.0.10,173.194.182.102,,,41888,443,0,37,17
1587481449.245353,173.194.182.102,10.10.0.10,,,443,41888,0,1358,17
1587481449.249827,173.194.182.102,10.10.0.10,,,443,41888,0,1358,17
1587481449.2515054,10.10.0.10,173.194.182.102,,,41888,443,0,37,17
1587481449.2542794,173.194.182.102,10.10.0.10,,,443,41888,0,1358,17
1587481449.258739,173.194.182.102,10.10.0.10,,,443,41888,0,1358,17
1587481449.260591,10.10.0.10,173.194.182.102,,,41888,443,0,37,17
1587481449.2631302,173.194.182.102,10.10.0.10,,,443,41888,0,1358,17
1587481449.2676456,173.194.182.102,10.10.0.10,,,443,41888,0,1358,17
1587481449.2699618,10.10.0.10,173.194.182.102,,,41888,443,0,50,17
1587481449.272078,173.194.182.102,10.10.0.10,,,443,41888,0,1358,17
1587481449.276552,173.194.182.102,10.10.0.10,,,443,41888,0,1358,17
1587481449.2782776,10.10.0.10,173.194.182.102,,,41888,443,0,37,17
1587481449.280979,173.194.182.102,10.10.0.10,,,443,41888,0,1358,17
1587481449.2825446,10.10.0.10,173.194.182.102,,,41888,443,0,40,17
1587481449.2854118,173.194.182.102,10.10.0.10,,,443,41888,0,1358,17
1587481449.2872355,10.10.0.10,173.194.182.102,,,41888,443,0,37,17
1587481449.2899165,173.194.182.102,10.10.0.10,,,443,41888,0,1358,17
1587481449.29437,173.194.182.102,10.10.0.10,,,443,41888,0,1358,17
1587481449.2961092,10.10.0.10,173.194.182.102,,,41888,443,0,37,17
1587481449.2987652,173.194.182.102,10.10.0.10,,,443,41888,0,1358,17
1587481449.303281,173.194.182.102,10.10.0.10,,,443,41888,0,1358,17
1587481449.304793,10.10.0.10,173.194.182.102,,,41888,443,0,37,17
1587481449.3077052,173.194.182.102,10.10.0.10,,,443,41888,0,1358,17
1587481449.3121262,173.194.182.102,10.10.0.10,,,443,41888,0,1358,17
1587481449.313591,10.10.0.10,173.194.182.102,,,41888,443,0,37,17
1587481449.3166418,173.194.182.102,10.10.0.10,,,443,41888,0,1358,17
1587481449.3210974,173.194.182.102,10.10.0.10,,,443,41888,0,1358,17
1587481449.322799,10.10.0.10,173.194.182.102,,,41888,443,0,37,17
1587481449.3254876,173.194.182.102,10.10.0.10,,,443,41888,0,1358,17
1587481449.3300052,173.194.182.102,10.10.0.10,,,443,41888,0,1358,17
1587481449.3316288,10.10.0.10,173.194.182.102,,,41888,443,0,37,17
1587481449.3344588,173.194.182.102,10.10.0.10,,,443,41888,0,1358,17
1587481449.3388536,173.194.182.102,10.10.0.10,,,443,41888,0,1358,17
1587481449.3433714,173.194.182.102,10.10.0.10,,,443,41888,0,1358,17
1587481449.3478231,173.194.182.102,10.10.0.10,,,443,41888,0,1358,17
1587481449.34877,10.10.0.10,173.194.182.102,,,41888,443,0,37,17
1587481449.3503392,10.10.0.10,173.194.182.102,,,41888,443,0,37,17
1587481449.3522909,173.194.182.102,10.10.0.10,,,443,41888,0,1358,17
1587481449.35673,173.194.182.102,10.10.0.10,,,443,41888,0,1358,17
1587481449.358489,10.10.0.10,173.194.182.102,,,41888,443,0,37,17
1587481449.361187,173.194.182.102,10.10.0.10,,,443,41888,0,1358,17
1587481449.365591,173.194.182.102,10.10.0.10,,,443,41888,0,1358,17
1587481449.370094,173.194.182.102,10.10.0.10,,,443,41888,0,1358,17
1587481449.3745492,173.194.182.102,10.10.0.10,,,443,41888,0,1358,17
1587481449.3790061,173.194.182.102,10.10.0.10,,,443,41888,0,1358,17
1587481449.3834612,173.194.182.102,10.10.0.10,,,443,41888,0,1358,17
1587481449.3879118,173.194.182.102,10.10.0.10,,,443,41888,0,1358,17
1587481449.3918018,10.10.0.10,173.194.182.102,,,41888,443,0,37,17
1587481449.39234,173.194.182.102,10.10.0.10,,,443,41888,0,1358,17
1587481449.3936932,10.10.0.10,173.194.182.102,,,41888,443,0,37,17
1587481449.394421,10.10.0.10,173.194.182.102,,,41888,443,0,37,17
1587481449.396821,173.194.182.102,10.10.0.10,,,443,41888,0,1358,17
1587481449.39796,10.10.0.10,173.194.182.102,,,41888,443,0,37,17
1587481449.401277,173.194.182.102,10.10.0.10,,,443,41888,0,1358,17
1587481449.402856,10.10.0.10,173.194.182.102,,,41888,443,0,37,17
1587481449.4057028,173.194.182.102,10.10.0.10,,,443,41888,0,1358,17
1587481449.410184,173.194.182.102,10.10.0.10,,,443,41888,0,1358,17
1587481449.4117155,10.10.0.10,173.194.182.102,,,41888,443,0,37,17
1587481449.41464,173.194.182.102,10.10.0.10,,,443,41888,0,1358,17
1587481449.4190931,173.194.182.102,10.10.0.10,,,443,41888,0,1358,17
1587481449.4225,10.10.0.10,173.194.182.102,,,41888,443,0,37,17
1587481449.423552,173.194.182.102,10.10.0.10,,,443,41888,0,1358,17
1587481449.4280028,173.194.182.102,10.10.0.10,,,443,41888,0,1358,17
1587481449.429942,10.10.0.10,173.194.182.102,,,41888,443,0,37,17
1587481449.432456,173.194.182.102,10.10.0.10,,,443,41888,0,1358,17
1587481449.4369102,173.194.182.102,10.10.0.10,,,443,41888,0,1358,17
1587481449.4384189,10.10.0.10,173.194.182.102,,,41888,443,0,50,17
1587481449.441365,173.194.182.102,10.10.0.10,,,443,41888,0,1358,17
1587481449.445822,173.194.182.102,10.10.0.10,,,443,41888,0,1358,17
1587481449.447334,10.10.0.10,173.194.182.102,,,41888,443,0,37,17
1587481449.450274,173.194.182.102,10.10.0.10,,,443,41888,0,1358,17
1587481449.4547286,173.194.182.102,10.10.0.10,,,443,41888,0,1358,17
1587481449.4563332,10.10.0.10,173.194.182.102,,,41888,443,0,37,17
1587481449.459184,173.194.182.102,10.10.0.10,,,443,41888,0,1358,17
1587481449.463642,173.194.182.102,10.10.0.10,,,443,41888,0,1358,17
1587481449.4652526,10.10.0.10,173.194.182.102,,,41888,443,0,37,17
1587481449.46537,10.10.0.10,173.194.182.102,,,41888,443,0,43,17
1587481449.468051,173.194.182.102,10.10.0.10,,,443,41888,0,1358,17
1587481449.472545,173.194.182.102,10.10.0.10,,,443,41888,0,1358,17
1587481449.4744,10.10.0.10,173.194.182.102,,,41888,443,0,37,17
1587481449.476999,173.194.182.102,10.10.0.10,,,443,41888,0,1358,17
1587481449.481458,173.194.182.102,10.10.0.10,,,443,41888,0,1358,17
1587481449.483021,10.10.0.10,173.194.182.102,,,41888,443,0,37,17
1587481449.4859116,173.194.182.102,10.10.0.10,,,443,41888,0,1358,17
1587481449.490365,173.194.182.102,10.10.0.10,,,443,41888,0,1358,17
1587481449.4921026,10.10.0.10,173.194.182.102,,,41888,443,0,37,17
1587481449.494819,173.194.182.102,10.10.0.10,,,443,41888,0,1358,17
1587481449.499273,173.194.182.102,10.10.0.10,,,443,41888,0,1358,17
1587481449.500998,10.10.0.10,173.194.182.102,,,41888,443,0,37,17
1587481449.503727,173.194.182.102,10.10.0.10,,,443,41888,0,1358,17
1587481449.508183,173.194.182.102,10.10.0.10,,,443,41888,0,1358,17
1587481449.510009,10.10.0.10,173.194.182.102,,,41888,443,0,37,17
1587481449.512638,173.194.182.102,10.10.0.10,,,443,41888,0,1358,17
1587481449.5170932,173.194.182.102,10.10.0.10,,,443,41888,0,1358,17
1587481449.5187118,10.10.0.10,173.194.182.102,,,41888,443,0,37,17
1587481449.521545,173.194.182.102,10.10.0.10,,,443,41888,0,1358,17
1587481449.525999,173.194.182.102,10.10.0.10,,,443,41888,0,1358,17
1587481449.527607,10.10.0.10,173.194.182.102,,,41888,443,0,37,17
1587481449.5304532,173.194.182.102,10.10.0.10,,,443,41888,0,1358,17
1587481449.5349061,173.194.182.102,10.10.0.10,,,443,41888,0,1358,17
1587481449.536649,10.10.0.10,173.194.182.102,,,41888,443,0,37,17
1587481449.539338,173.194.182.102,10.10.0.10,,,443,41888,0,1358,17
1587481449.543816,173.194.182.102,10.10.0.10,,,443,41888,0,1358,17
1587481449.545433,10.10.0.10,173.194.182.102,,,41888,443,0,37,17
1587481449.548269,173.194.182.102,10.10.0.10,,,443,41888,0,1358,17
1587481449.5527024,173.194.182.102,10.10.0.10,,,443,41888,0,1358,17
1587481449.555031,10.10.0.10,173.194.182.102,,,41888,443,0,37,17
1587481449.557179,173.194.182.102,10.10.0.10,,,443,41888,0,1358,17
1587481449.5616348,173.194.182.102,10.10.0.10,,,443,41888,0,1358,17
1587481449.565042,10.10.0.10,173.194.182.102,,,41888,443,0,37,17
1587481449.566065,173.194.182.102,10.10.0.10,,,443,41888,0,1358,17
1587481449.570501,173.194.182.102,10.10.0.10,,,443,41888,0,1358,17
1587481449.572377,10.10.0.10,173.194.182.102,,,41888,443,0,37,17
1587481449.5749958,173.194.182.102,10.10.0.10,,,443,41888,0,1358,17
1587481449.579428,173.194.182.102,10.10.0.10,,,443,41888,0,1358,17
1587481449.5810428,10.10.0.10,173.194.182.102,,,41888,443,0,37,17
1587481449.583912,173.194.182.102,10.10.0.10,,,443,41888,0,1358,17
1587481449.588367,173.194.182.102,10.10.0.10,,,443,41888,0,1358,17
1587481449.590019,10.10.0.10,173.194.182.102,,,41888,443,0,37,17
1587481449.5927582,173.194.182.102,10.10.0.10,,,443,41888,0,1358,17
1587481449.5972762,173.194.182.102,10.10.0.10,,,443,41888,0,1358,17
1587481449.598778,10.10.0.10,173.194.182.102,,,41888,443,0,37,17
1587481449.60173,173.194.182.102,10.10.0.10,,,443,41888,0,1358,17
1587481449.606146,173.194.182.102,10.10.0.10,,,443,41888,0,1358,17
1587481449.607831,10.10.0.10,173.194.182.102,,,41888,443,0,37,17
1587481449.61064,173.194.182.102,10.10.0.10,,,443,41888,0,1358,17
1587481449.6150932,173.194.182.102,10.10.0.10,,,443,41888,0,1358,17
1587481449.616641,10.10.0.10,173.194.182.102,,,41888,443,0,37,17
1587481449.6195161,173.194.182.102,10.10.0.10,,,443,41888,0,1358,17
1587481449.624004,173.194.182.102,10.10.0.10,,,443,41888,0,1358,17
1587481449.6256518,10.10.0.10,173.194.182.102,,,41888,443,0,37,17
1587481449.628456,173.194.182.102,10.10.0.10,,,443,41888,0,1358,17
1587481449.632888,173.194.182.102,10.10.0.10,,,443,41888,0,1358,17
1587481449.6345189,10.10.0.10,173.194.182.102,,,41888,443,0,37,17
1587481449.6373339,173.194.182.102,10.10.0.10,,,443,41888,0,1358,17
1587481449.6392019,10.10.0.10,173.194.182.102,,,41888,443,0,53,17
1587481449.641783,173.194.182.102,10.10.0.10,,,443,41888,0,1358,17
1587481449.6434731,10.10.0.10,173.194.182.102,,,41888,443,0,40,17
1587481449.6462748,173.194.182.102,10.10.0.10,,,443,41888,0,1358,17
1587481449.6484818,10.10.0.10,173.194.182.102,,,41888,443,0,40,17
1587481449.6507301,173.194.182.102,10.10.0.10,,,443,41888,0,1358,17
1587481449.652117,10.10.0.10,173.194.182.102,,,41888,443,0,40,17
1587481449.655187,173.194.182.102,10.10.0.10,,,443,41888,0,1358,17
1587481449.659642,173.194.182.102,10.10.0.10,,,443,41888,0,1358,17
1587481449.661058,10.10.0.10,173.194.182.102,,,41888,443,0,40,17
1587481449.664096,173.194.182.102,10.10.0.10,,,443,41888,0,1358,17
1587481449.66855,173.194.182.102,10.10.0.10,,,443,41888,0,1358,17
1587481449.670225,10.10.0.10,173.194.182.102,,,41888,443,0,40,17
1587481449.672977,173.194.182.102,10.10.0.10,,,443,41888,0,1358,17
1587481449.6774616,173.194.182.102,10.10.0.10,,,443,41888,0,1358,17
1587481449.678848,10.10.0.10,173.194.182.102,,,41888,443,0,40,17
1587481449.6819134,173.194.182.102,10.10.0.10,,,443,41888,0,1358,17
1587481449.686369,173.194.182.102,10.10.0.10,,,443,41888,0,29,17
1587481449.6864948,173.194.182.102,10.10.0.10,,,443,41888,0,1358,17
1587481449.688058,10.10.0.10,173.194.182.102,,,41888,443,0,37,17
1587481449.690989,173.194.182.102,10.10.0.10,,,443,41888,0,1358,17
1587481449.695424,173.194.182.102,10.10.0.10,,,443,41888,0,1358,17
1587481449.697602,10.10.0.10,173.194.182.102,,,41888,443,0,37,17
1587481449.699898,173.194.182.102,10.10.0.10,,,443,41888,0,1358,17
1587481449.7043881,173.194.182.102,10.10.0.10,,,443,41888,0,1358,17
1587481449.706239,10.10.0.10,173.194.182.102,,,41888,443,0,37,17
1587481449.708771,173.194.182.102,10.10.0.10,,,443,41888,0,1358,17
1587481449.7132962,173.194.182.102,10.10.0.10,,,443,41888,0,1358,17
1587481449.7150214,10.10.0.10,173.194.182.102,,,41888,443,0,40,17
1587481449.71775,173.194.182.102,10.10.0.10,,,443,41888,0,1358,17
1587481449.7194188,10.10.0.10,173.194.182.102,,,41888,443,0,37,17
1587481449.722137,173.194.182.102,10.10.0.10,,,443,41888,0,1358,17
1587481449.726656,173.194.182.102,10.10.0.10,,,443,41888,0,1358,17
1587481449.7282894,10.10.0.10,173.194.182.102,,,41888,443,0,37,17
1587481449.7310786,173.194.182.102,10.10.0.10,,,443,41888,0,1358,17
1587481449.7355,173.194.182.102,10.10.0.10,,,443,41888,0,1358,17
1587481449.7373312,10.10.0.10,173.194.182.102,,,41888,443,0,37,17
1587481449.7399802,173.194.182.102,10.10.0.10,,,443,41888,0,1358,17
1587481449.744483,173.194.182.102,10.10.0.10,,,443,41888,0,1358,17
1587481449.7461796,10.10.0.10,173.194.182.102,,,41888,443,0,37,17
1587481449.7488658,173.194.182.102,10.10.0.10,,,443,41888,0,1358,17
1587481449.753394,173.194.182.102,10.10.0.10,,,443,41888,0,1358,17
1587481449.7553911,10.10.0.10,173.194.182.102,,,41888,443,0,37,17
1587481449.757822,173.194.182.102,10.10.0.10,,,443,41888,0,1358,17
1587481449.7622302,173.194.182.102,10.10.0.10,,,443,41888,0,1358,17
1587481449.763993,10.10.0.10,173.194.182.102,,,41888,443,0,37,17
1587481449.7667556,173.194.182.102,10.10.0.10,,,443,41888,0,1358,17
1587481449.771211,173.194.182.102,10.10.0.10,,,443,41888,0,1358,17
1587481449.7731106,10.10.0.10,173.194.182.102,,,41888,443,0,37,17
1587481449.775623,173.194.182.102,10.10.0.10,,,443,41888,0,1358,17
1587481449.780119,173.194.182.102,10.10.0.10,,,443,41888,0,1358,17
1587481449.7818696,10.10.0.10,173.194.182.102,,,41888,443,0,37,17
1587481449.784574,173.194.182.102,10.10.0.10,,,443,41888,0,1358,17
1587481449.789032,173.194.182.102,10.10.0.10,,,443,41888,0,1358,17
1587481449.790952,10.10.0.10,173.194.182.102,,,41888,443,0,37,17
1587481449.7934818,173.194.182.102,10.10.0.10,,,443,41888,0,1358,17
1587481449.797938,173.194.182.102,10.10.0.10,,,443,41888,0,1358,17
1587481449.7995286,10.10.0.10,173.194.182.102,,,41888,443,0,50,17
1587481449.802392,173.194.182.102,10.10.0.10,,,443,41888,0,1358,17
1587481449.8068454,173.194.182.102,10.10.0.10,,,443,41888,0,1358,17
1587481449.808572,10.10.0.10,173.194.182.102,,,41888,443,0,37,17
1587481449.8113012,173.194.182.102,10.10.0.10,,,443,41888,0,1358,17
1587481449.815759,173.194.182.102,10.10.0.10,,,443,41888,0,1358,17
1587481449.817592,10.10.0.10,173.194.182.102,,,41888,443,0,37,17
1587481449.820213,173.194.182.102,10.10.0.10,,,443,41888,0,1358,17
1587481449.8246632,173.194.182.102,10.10.0.10,,,443,41888,0,1358,17
1587481449.8263662,10.10.0.10,173.194.182.102,,,41888,443,0,37,17
1587481449.8291204,173.194.182.102,10.10.0.10,,,443,41888,0,1358,17
1587481449.833575,173.194.182.102,10.10.0.10,,,443,41888,0,1358,17
1587481449.8353438,10.10.0.10,173.194.182.102,,,41888,443,0,37,17
1587481449.8380268,173.194.182.102,10.10.0.10,,,443,41888,0,1358,17
1587481449.8424852,173.194.182.102,10.10.0.10,,,443,41888,0,1358,17
1587481449.844262,10.10.0.10,173.194.182.102,,,41888,443,0,37,17
1587481449.846936,173.194.182.102,10.10.0.10,,,443,41888,0,1358,17
1587481449.851391,173.194.182.102,10.10.0.10,,,443,41888,0,1358,17
1587481449.853227,10.10.0.10,173.194.182.102,,,41888,443,0,37,17
1587481449.8558464,173.194.182.102,10.10.0.10,,,443,41888,0,1358,17
1587481449.8603,173.194.182.102,10.10.0.10,,,443,41888,0,1358,17
1587481449.862157,10.10.0.10,173.194.182.102,,,41888,443,0,37,17
1587481449.864754,173.194.182.102,10.10.0.10,,,443,41888,0,1358,17
1587481449.869169,173.194.182.102,10.10.0.10,,,443,41888,0,1358,17
1587481449.8709269,10.10.0.10,173.194.182.102,,,41888,443,0,37,17
1587481449.8736658,173.194.182.102,10.10.0.10,,,443,41888,0,1358,17
1587481449.8781161,173.194.182.102,10.10.0.10,,,443,41888,0,1358,17
1587481449.879865,10.10.0.10,173.194.182.102,,,41888,443,0,37,17
1587481449.882574,173.194.182.102,10.10.0.10,,,443,41888,0,1358,17
1587481449.8870294,173.194.182.102,10.10.0.10,,,443,41888,0,1358,17
1587481449.889799,10.10.0.10,173.194.182.102,,,41888,443,0,37,17
1587481449.891479,173.194.182.102,10.10.0.10,,,443,41888,0,1358,17
1587481449.893034,10.10.0.10,173.194.182.102,,,41888,443,0,40,17
1587481449.895937,173.194.182.102,10.10.0.10,,,443,41888,0,1358,17
1587481449.897346,10.10.0.10,173.194.182.102,,,41888,443,0,40,17
1587481449.9003878,173.194.182.102,10.10.0.10,,,443,41888,0,1358,17
1587481449.901824,10.10.0.10,173.194.182.102,,,41888,443,0,40,17
1587481449.9048429,173.194.182.102,10.10.0.10,,,443,41888,0,1358,17
1587481449.9076178,10.10.0.10,173.194.182.102,,,41888,443,0,40,17
1587481449.909297,173.194.182.102,10.10.0.10,,,443,41888,0,1358,17
1587481449.9137511,173.194.182.102,10.10.0.10,,,443,41888,0,1358,17
1587481449.915496,10.10.0.10,173.194.182.102,,,41888,443,0,40,17
1587481449.918205,173.194.182.102,10.10.0.10,,,443,41888,0,1358,17
1587481449.9226642,173.194.182.102,10.10.0.10,,,443,41888,0,1358,17
1587481449.924319,10.10.0.10,173.194.182.102,,,41888,443,0,40,17
1587481449.9271278,173.194.182.102,10.10.0.10,,,443,41888,0,1358,17
1587481449.9315732,173.194.182.102,10.10.0.10,,,443,41888,0,1358,17
1587481449.9331172,10.10.0.10,173.194.182.102,,,41888,443,0,40,17
1587481449.936025,173.194.182.102,10.10.0.10,,,443,41888,0,1358,17
1587481449.9404821,173.194.182.102,10.10.0.10,,,443,41888,0,1358,17
1587481449.94216,10.10.0.10,173.194.182.102,,,41888,443,0,40,17
1587481449.9449315,173.194.182.102,10.10.0.10,,,443,41888,0,1358,17
1587481449.9493911,173.194.182.102,10.10.0.10,,,443,41888,0,1358,17
1587481449.9510498,10.10.0.10,173.194.182.102,,,41888,443,0,40,17
1587481449.953842,173.194.182.102,10.10.0.10,,,443,41888,0,1358,17
1587481449.958232,173.194.182.102,10.10.0.10,,,443,41888,0,1358,17
1587481449.960218,10.10.0.10,173.194.182.102,,,41888,443,0,53,17
1587481449.962749,173.194.182.102,10.10.0.10,,,443,41888,0,1358,17
1587481449.967205,173.194.182.102,10.10.0.10,,,443,41888,0,1358,17
1587481449.968784,10.10.0.10,173.194.182.102,,,41888,443,0,40,17
1587481449.971659,173.194.182.102,10.10.0.10,,,443,41888,0,1358,17
1587481449.9761171,173.194.182.102,10.10.0.10,,,443,41888,0,1358,17
1587481449.977907,10.10.0.10,173.194.182.102,,,41888,443,0,40,17
1587481449.980567,173.194.182.102,10.10.0.10,,,443,41888,0,1358,17
1587481449.985025,173.194.182.102,10.10.0.10,,,443,41888,0,1358,17
1587481449.986798,10.10.0.10,173.194.182.102,,,41888,443,0,40,17
1587481449.98948,173.194.182.102,10.10.0.10,,,443,41888,0,1358,17
1587481449.9939358,173.194.182.102,10.10.0.10,,,443,41888,0,1358,17
1587481449.99568,10.10.0.10,173.194.182.102,,,41888,443,0,40,17
1587481449.998385,173.194.182.102,10.10.0.10,,,443,41888,0,1358,17
1587481450.002833,173.194.182.102,10.10.0.10,,,443,41888,0,1358,17
1587481450.004587,10.10.0.10,173.194.182.102,,,41888,443,0,40,17
1587481450.007283,173.194.182.102,10.10.0.10,,,443,41888,0,1358,17
1587481450.0117366,173.194.182.102,10.10.0.10,,,443,41888,0,1358,17
1587481450.013438,10.10.0.10,173.194.182.102,,,41888,443,0,40,17
1587481450.016193,173.194.182.102,10.10.0.10,,,443,41888,0,1358,17
1587481450.020647,173.194.182.102,10.10.0.10,,,443,41888,0,1358,17
1587481450.022238,10.10.0.10,173.194.182.102,,,41888,443,0,40,17
1587481450.0251012,173.194.182.102,10.10.0.10,,,443,41888,0,1358,17
1587481450.029494,173.194.182.102,10.10.0.10,,,443,41888,0,1358,17
1587481450.031125,10.10.0.10,173.194.182.102,,,41888,443,0,40,17
1587481450.0339732,173.194.182.102,10.10.0.10,,,443,41888,0,1358,17
1587481450.038464,173.194.182.102,10.10.0.10,,,443,41888,0,1358,17
1587481450.040233,10.10.0.10,173.194.182.102,,,41888,443,0,40,17
1587481450.042918,173.194.182.102,10.10.0.10,,,443,41888,0,1358,17
1587481450.047374,173.194.182.102,10.10.0.10,,,443,41888,0,1358,17
1587481450.0491269,10.10.0.10,173.194.182.102,,,41888,443,0,40,17
1587481450.0518365,173.194.182.102,10.10.0.10,,,443,41888,0,1358,17
1587481450.0562198,173.194.182.102,10.10.0.10,,,443,41888,0,1358,17
1587481450.057978,10.10.0.10,173.194.182.102,,,41888,443,0,40,17
1587481450.0607471,173.194.182.102,10.10.0.10,,,443,41888,0,1358,17
1587481450.065191,173.194.182.102,10.10.0.10,,,443,41888,0,1358,17
1587481450.067087,10.10.0.10,173.194.182.102,,,41888,443,0,40,17
1587481450.0696461,173.194.182.102,10.10.0.10,,,443,41888,0,1358,17
1587481450.0740998,173.194.182.102,10.10.0.10,,,443,41888,0,1358,17
1587481450.075838,10.10.0.10,173.194.182.102,,,41888,443,0,40,17
1587481450.078554,173.194.182.102,10.10.0.10,,,443,41888,0,1358,17
1587481450.083009,173.194.182.102,10.10.0.10,,,443,41888,0,1358,17
1587481450.08464,10.10.0.10,173.194.182.102,,,41888,443,0,40,17
1587481450.0874634,173.194.182.102,10.10.0.10,,,443,41888,0,1358,17
1587481450.091917,173.194.182.102,10.10.0.10,,,443,41888,0,1358,17
1587481450.09354,10.10.0.10,173.194.182.102,,,41888,443,0,40,17
1587481450.0963712,173.194.182.102,10.10.0.10,,,443,41888,0,1358,17
1587481450.100826,173.194.182.102,10.10.0.10,,,443,41888,0,1358,17
1587481450.102792,10.10.0.10,173.194.182.102,,,41888,443,0,40,17
1587481450.1052554,173.194.182.102,10.10.0.10,,,443,41888,0,1358,17
1587481450.109735,173.194.182.102,10.10.0.10,,,443,41888,0,1358,17
1587481450.111568,10.10.0.10,173.194.182.102,,,41888,443,0,40,17
1587481450.11419,173.194.182.102,10.10.0.10,,,443,41888,0,1358,17
1587481450.1186428,173.194.182.102,10.10.0.10,,,443,41888,0,1358,17
1587481450.120399,10.10.0.10,173.194.182.102,,,41888,443,0,40,17
1587481450.1230972,173.194.182.102,10.10.0.10,,,443,41888,0,1358,17
1587481450.127552,173.194.182.102,10.10.0.10,,,443,41888,0,1358,17
1587481450.1292338,10.10.0.10,173.194.182.102,,,41888,443,0,40,17
1587481450.1320212,173.194.182.102,10.10.0.10,,,443,41888,0,1358,17
1587481450.136461,173.194.182.102,10.10.0.10,,,443,41888,0,1358,17
1587481450.1381562,10.10.0.10,173.194.182.102,,,41888,443,0,53,17
1587481450.140916,173.194.182.102,10.10.0.10,,,443,41888,0,1358,17
1587481450.1453831,173.194.182.102,10.10.0.10,,,443,41888,0,1358,17
1587481450.14884,10.10.0.10,173.194.182.102,,,41888,443,0,40,17
1587481450.149775,173.194.182.102,10.10.0.10,,,443,41888,0,1358,17
1587481450.154218,173.194.182.102,10.10.0.10,,,443,41888,0,1358,17
1587481450.1559124,10.10.0.10,173.194.182.102,,,41888,443,0,40,17
1587481450.158706,173.194.182.102,10.10.0.10,,,443,41888,0,1358,17
1587481450.163149,173.194.182.102,10.10.0.10,,,443,41888,0,1358,17
1587481450.166613,10.10.0.10,173.194.182.102,,,41888,443,0,40,17
1587481450.167594,173.194.182.102,10.10.0.10,,,443,41888,0,1358,17
1587481450.172022,173.194.182.102,10.10.0.10,,,443,41888,0,32,17
1587481450.1722536,173.194.182.102,10.10.0.10,,,443,41888,0,1358,17
1587481450.174102,10.10.0.10,173.194.182.102,,,41888,443,0,37,17
1587481450.176719,173.194.182.102,10.10.0.10,,,443,41888,0,1358,17
1587481450.1811802,173.194.182.102,10.10.0.10,,,443,41888,0,1358,17
1587481450.185633,173.194.182.102,10.10.0.10,,,443,41888,0,1358,17
1587481450.187708,10.10.0.10,173.194.182.102,,,41888,443,0,37,17
1587481450.190086,173.194.182.102,10.10.0.10,,,443,41888,0,1358,17
1587481450.1945698,173.194.182.102,10.10.0.10,,,443,41888,0,1358,17
1587481450.195433,10.10.0.10,173.194.182.102,,,41888,443,0,37,17
1587481450.199003,173.194.182.102,10.10.0.10,,,443,41888,0,1358,17
1587481450.201184,10.10.0.10,173.194.182.102,,,41888,443,0,37,17
1587481450.2034788,173.194.182.102,10.10.0.10,,,443,41888,0,1358,17
1587481450.2079332,173.194.182.102,10.10.0.10,,,443,41888,0,1358,17
1587481450.2094786,10.10.0.10,173.194.182.102,,,41888,443,0,37,17
1587481450.21234,173.194.182.102,10.10.0.10,,,443,41888,0,1358,17
1587481450.2167802,173.194.182.102,10.10.0.10,,,443,41888,0,180,17
1587481450.218082,10.10.0.10,173.194.182.102,,,41888,443,0,37,17
1587481450.2302098,10.10.0.10,173.194.182.102,,,41888,443,0,707,17
1587481450.2308779,10.10.0.10,173.194.182.102,,,41888,443,0,48,17
1587481450.2397332,173.194.182.102,10.10.0.10,,,443,41888,0,115,17
1587481450.239759,173.194.182.102,10.10.0.10,,,443,41888,0,1358,17
1587481450.23977,173.194.182.102,10.10.0.10,,,443,41888,0,1358,17
1587481450.241734,10.10.0.10,173.194.182.102,,,41888,443,0,37,17
1587481450.244042,173.194.182.102,10.10.0.10,,,443,41888,0,1358,17
1587481450.2456286,10.10.0.10,173.194.182.102,,,41888,443,0,37,17
1587481450.248471,173.194.182.102,10.10.0.10,,,443,41888,0,1358,17
1587481450.2529204,173.194.182.102,10.10.0.10,,,443,41888,0,1358,17
1587481450.254402,10.10.0.10,173.194.182.102,,,41888,443,0,37,17
1587481450.2573671,173.194.182.102,10.10.0.10,,,443,41888,0,1358,17
1587481450.261848,173.194.182.102,10.10.0.10,,,443,41888,0,1358,17
1587481450.264822,10.10.0.10,173.194.182.102,,,41888,443,0,37,17
1587481450.2663019,173.194.182.102,10.10.0.10,,,443,41888,0,1358,17
1587481450.2707858,173.194.182.102,10.10.0.10,,,443,41888,0,1358,17
1587481450.272716,10.10.0.10,173.194.182.102,,,41888,443,0,37,17
1587481450.275218,173.194.182.102,10.10.0.10,,,443,41888,0,1358,17
1587481450.2796721,173.194.182.102,10.10.0.10,,,443,41888,0,1358,17
1587481450.282365,10.10.0.10,173.194.182.102,,,41888,443,0,37,17
1587481450.284105,173.194.182.102,10.10.0.10,,,443,41888,0,1358,17
1587481450.2885618,173.194.182.102,10.10.0.10,,,443,41888,0,1358,17
1587481450.2899911,10.10.0.10,173.194.182.102,,,41888,443,0,37,17
1587481450.292999,173.194.182.102,10.10.0.10,,,443,41888,0,1358,17
1587481450.2975152,173.194.182.102,10.10.0.10,,,443,41888,0,1358,17
1587481450.2989929,10.10.0.10,173.194.182.102,,,41888,443,0,37,17
1587481450.3019238,173.194.182.102,10.10.0.10,,,443,41888,0,1358,17
1587481450.306399,173.194.182.102,10.10.0.10,,,443,41888,0,1358,17
1587481450.3083332,10.10.0.10,173.194.182.102,,,41888,443,0,37,17
1587481450.310857,173.194.182.102,10.10.0.10,,,443,41888,0,1358,17
1587481450.315274,173.194.182.102,10.10.0.10,,,443,41888,0,1358,17
1587481450.3170002,10.10.0.10,173.194.182.102,,,41888,443,0,37,17
1587481450.3197598,173.194.182.102,10.10.0.10,,,443,41888,0,1358,17
1587481450.324218,173.194.182.102,10.10.0.10,,,443,41888,0,1358,17
1587481450.3259912,10.10.0.10,173.194.182.102,,,41888,443,0,37,17
1587481450.3287332,173.194.182.102,10.10.0.10,,,443,41888,0,1358,17
1587481450.333159,173.194.182.102,10.10.0.10,,,443,41888,0,1358,17
1587481450.3347821,10.10.0.10,173.194.182.102,,,41888,443,0,37,17
1587481450.337613,173.194.182.102,10.10.0.10,,,443,41888,0,1358,17
1587481450.342076,173.194.182.102,10.10.0.10,,,443,41888,0,1358,17
1587481450.343694,10.10.0.10,173.194.182.102,,,41888,443,0,37,17
1587481450.346497,173.194.182.102,10.10.0.10,,,443,41888,0,1358,17
1587481450.350976,173.194.182.102,10.10.0.10,,,443,41888,0,1358,17
1587481450.352867,10.10.0.10,173.194.182.102,,,41888,443,0,37,17
1587481450.3554199,173.194.182.102,10.10.0.10,,,443,41888,0,1358,17
1587481450.359854,173.194.182.102,10.10.0.10,,,443,41888,0,1358,17
1587481450.3614454,10.10.0.10,173.194.182.102,,,41888,443,0,37,17
1587481450.3643398,173.194.182.102,10.10.0.10,,,443,41888,0,1358,17
1587481450.3687544,173.194.182.102,10.10.0.10,,,443,41888,0,1358,17
1587481450.3702948,10.10.0.10,173.194.182.102,,,41888,443,0,37,17
1587481450.3732624,173.194.182.102,10.10.0.10,,,443,41888,0,1358,17
1587481450.377703,173.194.182.102,10.10.0.10,,,443,41888,0,1358,17
1587481450.379699,10.10.0.10,173.194.182.102,,,41888,443,0,37,17
1587481450.3820908,173.194.182.102,10.10.0.10,,,443,41888,0,1358,17
1587481450.3865812,173.194.182.102,10.10.0.10,,,443,41888,0,1358,17
1587481450.3881981,10.10.0.10,173.194.182.102,,,41888,443,0,37,17
1587481450.3910668,173.194.182.102,10.10.0.10,,,443,41888,0,1358,17
1587481450.395456,173.194.182.102,10.10.0.10,,,443,41888,0,1358,17
1587481450.396913,10.10.0.10,173.194.182.102,,,41888,443,0,37,17
1587481450.399976,173.194.182.102,10.10.0.10,,,443,41888,0,1358,17
1587481450.4044304,173.194.182.102,10.10.0.10,,,443,41888,0,1358,17
1587481450.406141,10.10.0.10,173.194.182.102,,,41888,443,0,50,17
1587481450.40882,173.194.182.102,10.10.0.10,,,443,41888,0,1358,17
1587481450.41334,173.194.182.102,10.10.0.10,,,443,41888,0,1358,17
1587481450.415014,10.10.0.10,173.194.182.102,,,41888,443,0,37,17
1587481450.41776,173.194.182.102,10.10.0.10,,,443,41888,0,1358,17
1587481450.422183,173.194.182.102,10.10.0.10,,,443,41888,0,1358,17
1587481450.42401,10.10.0.10,173.194.182.102,,,41888,443,0,37,17
1587481450.426702,173.194.182.102,10.10.0.10,,,443,41888,0,1358,17
1587481450.431157,173.194.182.102,10.10.0.10,,,443,41888,0,1358,17
1587481450.433181,10.10.0.10,173.194.182.102,,,41888,443,0,37,17
1587481450.4355464,173.194.182.102,10.10.0.10,,,443,41888,0,1358,17
1587481450.440042,173.194.182.102,10.10.0.10,,,443,41888,0,1358,17
1587481450.441803,10.10.0.10,173.194.182.102,,,41888,443,0,37,17
1587481450.44452,173.194.182.102,10.10.0.10,,,443,41888,0,1358,17
1587481450.448924,173.194.182.102,10.10.0.10,,,443,41888,0,1358,17
1587481450.450825,10.10.0.10,173.194.182.102,,,41888,443,0,37,17
1587481450.4534278,173.194.182.102,10.10.0.10,,,443,41888,0,1358,17
1587481450.4578831,173.194.182.102,10.10.0.10,,,443,41888,0,1358,17
1587481450.460465,10.10.0.10,173.194.182.102,,,41888,443,0,37,17
1587481450.462307,173.194.182.102,10.10.0.10,,,443,41888,0,1358,17
1587481450.466752,173.194.182.102,10.10.0.10,,,443,41888,0,1358,17
1587481450.468488,10.10.0.10,173.194.182.102,,,41888,443,0,37,17
1587481450.471246,173.194.182.102,10.10.0.10,,,443,41888,0,1358,17
1587481450.475668,173.194.182.102,10.10.0.10,,,443,41888,0,1358,17
1587481450.4787052,10.10.0.10,173.194.182.102,,,41888,443,0,37,17
1587481450.480155,173.194.182.102,10.10.0.10,,,443,41888,0,1358,17
1587481450.484609,173.194.182.102,10.10.0.10,,,443,41888,0,1358,17
1587481450.486282,10.10.0.10,173.194.182.102,,,41888,443,0,37,17
1587481450.489033,173.194.182.102,10.10.0.10,,,443,41888,0,1358,17
1587481450.4935179,173.194.182.102,10.10.0.10,,,443,41888,0,1358,17
1587481450.495098,10.10.0.10,173.194.182.102,,,41888,443,0,37,17
1587481450.497976,173.194.182.102,10.10.0.10,,,443,41888,0,1358,17
1587481450.502395,173.194.182.102,10.10.0.10,,,443,41888,0,1358,17
1587481450.5040169,10.10.0.10,173.194.182.102,,,41888,443,0,37,17
1587481450.506858,173.194.182.102,10.10.0.10,,,443,41888,0,1358,17
1587481450.511342,173.194.182.102,10.10.0.10,,,443,41888,0,1358,17
1587481450.5128908,10.10.0.10,173.194.182.102,,,41888,443,0,37,17
1587481450.515759,173.194.182.102,10.10.0.10,,,443,41888,0,1358,17
1587481450.5202498,173.194.182.102,10.10.0.10,,,443,41888,0,1358,17
1587481450.5217671,10.10.0.10,173.194.182.102,,,41888,443,0,37,17
1587481450.5247052,173.194.182.102,10.10.0.10,,,443,41888,0,1358,17
1587481450.5291238,173.194.182.102,10.10.0.10,,,443,41888,0,1358,17
1587481450.530725,10.10.0.10,173.194.182.102,,,41888,443,0,37,17
1587481450.5336125,173.194.182.102,10.10.0.10,,,443,41888,0,1358,17
1587481450.5380669,173.194.182.102,10.10.0.10,,,443,41888,0,1358,17
1587481450.5409124,10.10.0.10,173.194.182.102,,,41888,443,0,37,17
1587481450.5424864,173.194.182.102,10.10.0.10,,,443,41888,0,1358,17
1587481450.5469751,173.194.182.102,10.10.0.10,,,443,41888,0,1358,17
1587481450.548559,10.10.0.10,173.194.182.102,,,41888,443,0,37,17
1587481450.5514321,173.194.182.102,10.10.0.10,,,443,41888,0,1358,17
1587481450.5558481,173.194.182.102,10.10.0.10,,,443,41888,0,1358,17
1587481450.5581012,10.10.0.10,173.194.182.102,,,41888,443,0,37,17
1587481450.560339,173.194.182.102,10.10.0.10,,,443,41888,0,1358,17
1587481450.564792,173.194.182.102,10.10.0.10,,,443,41888,0,1358,17
1587481450.5664532,10.10.0.10,173.194.182.102,,,41888,443,0,37,17
1587481450.5692134,173.194.182.102,10.10.0.10,,,443,41888,0,1358,17
1587481450.5737028,173.194.182.102,10.10.0.10,,,443,41888,0,1358,17
1587481450.575311,10.10.0.10,173.194.182.102,,,41888,443,0,37,17
1587481450.5781548,173.194.182.102,10.10.0.10,,,443,41888,0,1358,17
1587481450.5825732,173.194.182.102,10.10.0.10,,,443,41888,0,1358,17
1587481450.5842054,10.10.0.10,173.194.182.102,,,41888,443,0,50,17
1587481450.587064,173.194.182.102,10.10.0.10,,,443,41888,0,1358,17
1587481450.591521,173.194.182.102,10.10.0.10,,,443,41888,0,1358,17
1587481450.594625,10.10.0.10,173.194.182.102,,,41888,443,0,37,17
1587481450.5959034,173.194.182.102,10.10.0.10,,,443,41888,0,1358,17
1587481450.6004279,173.194.182.102,10.10.0.10,,,443,41888,0,1358,17
1587481450.6020947,10.10.0.10,173.194.182.102,,,41888,443,0,37,17
1587481450.604882,173.194.182.102,10.10.0.10,,,443,41888,0,1358,17
1587481450.609316,173.194.182.102,10.10.0.10,,,443,41888,0,1358,17
1587481450.610916,10.10.0.10,173.194.182.102,,,41888,443,0,37,17
1587481450.613791,173.194.182.102,10.10.0.10,,,443,41888,0,29,17
1587481450.613918,173.194.182.102,10.10.0.10,,,443,41888,0,1358,17
1587481450.618447,173.194.182.102,10.10.0.10,,,443,41888,0,1358,17
1587481450.619997,10.10.0.10,173.194.182.102,,,41888,443,0,37,17
1587481450.6228998,173.194.182.102,10.10.0.10,,,443,41888,0,1358,17
1587481450.627322,173.194.182.102,10.10.0.10,,,443,41888,0,1358,17
1587481450.629144,10.10.0.10,173.194.182.102,,,41888,443,0,37,17
1587481450.631811,173.194.182.102,10.10.0.10,,,443,41888,0,1358,17
1587481450.636241,173.194.182.102,10.10.0.10,,,443,41888,0,1358,17
1587481450.637768,10.10.0.10,173.194.182.102,,,41888,443,0,37,17
1587481450.640723,173.194.182.102,10.10.0.10,,,443,41888,0,1358,17
1587481450.6451778,173.194.182.102,10.10.0.10,,,443,41888,0,1358,17
1587481450.649631,173.194.182.102,10.10.0.10,,,443,41888,0,1358,17
1587481450.6540868,173.194.182.102,10.10.0.10,,,443,41888,0,1358,17
1587481450.658538,173.194.182.102,10.10.0.10,,,443,41888,0,1358,17
1587481450.671515,10.10.0.10,173.194.182.102,,,41888,443,0,37,17
1587481450.6743555,10.10.0.10,173.194.182.102,,,41888,443,0,37,17
1587481450.6787212,173.194.182.102,10.10.0.10,,,443,41888,0,1358,17
1587481450.681548,10.10.0.10,173.194.182.102,,,41888,443,0,37,17
1587481450.688874,173.194.182.102,10.10.0.10,,,443,41888,0,1358,17
1587481450.688928,173.194.182.102,10.10.0.10,,,443,41888,0,1358,17
1587481450.692775,173.194.182.102,10.10.0.10,,,443,41888,0,1358,17
1587481450.693726,10.10.0.10,173.194.182.102,,,41888,443,0,37,17
1587481450.697175,173.194.182.102,10.10.0.10,,,443,41888,0,1358,17
1587481450.698835,10.10.0.10,173.194.182.102,,,41888,443,0,37,17
1587481450.701653,173.194.182.102,10.10.0.10,,,443,41888,0,1358,17
1587481450.7061124,173.194.182.102,10.10.0.10,,,443,41888,0,1358,17
1587481450.7087786,10.10.0.10,173.194.182.102,,,41888,443,0,37,17
1587481450.7105641,173.194.182.102,10.10.0.10,,,443,41888,0,1358,17
1587481450.7150168,173.194.182.102,10.10.0.10,,,443,41888,0,1358,17
1587481450.7168,10.10.0.10,173.194.182.102,,,41888,443,0,37,17
1587481450.719399,173.194.182.102,10.10.0.10,,,443,41888,0,1358,17
1587481450.723927,173.194.182.102,10.10.0.10,,,443,41888,0,1358,17
1587481450.7257788,10.10.0.10,173.194.182.102,,,41888,443,0,37,17
1587481450.7283802,173.194.182.102,10.10.0.10,,,443,41888,0,1358,17
1587481450.7327812,173.194.182.102,10.10.0.10,,,443,41888,0,1358,17
1587481450.7350054,10.10.0.10,173.194.182.102,,,41888,443,0,37,17
1587481450.737292,173.194.182.102,10.10.0.10,,,443,41888,0,1358,17
1587481450.741697,173.194.182.102,10.10.0.10,,,443,41888,0,1358,17
1587481450.7439802,10.10.0.10,173.194.182.102,,,41888,443,0,37,17
1587481450.746192,173.194.182.102,10.10.0.10,,,443,41888,0,1358,17
1587481450.7506769,173.194.182.102,10.10.0.10,,,443,41888,0,1358,17
1587481450.752833,10.10.0.10,173.194.182.102,,,41888,443,0,37,17
1587481450.7550972,173.194.182.102,10.10.0.10,,,443,41888,0,1358,17
1587481450.75951,173.194.182.102,10.10.0.10,,,443,41888,0,1358,17
1587481450.761354,10.10.0.10,173.194.182.102,,,41888,443,0,37,17
1587481450.763943,173.194.182.102,10.10.0.10,,,443,41888,0,1358,17
1587481450.7684588,173.194.182.102,10.10.0.10,,,443,41888,0,1358,17
1587481450.770101,10.10.0.10,173.194.182.102,,,41888,443,0,37,17
1587481450.772918,173.194.182.102,10.10.0.10,,,443,41888,0,1358,17
1587481450.777369,173.194.182.102,10.10.0.10,,,443,41888,0,1358,17
1587481450.7790828,10.10.0.10,173.194.182.102,,,41888,443,0,50,17
1587481450.7818232,173.194.182.102,10.10.0.10,,,443,41888,0,1358,17
1587481450.786277,173.194.182.102,10.10.0.10,,,443,41888,0,1358,17
1587481450.7882464,10.10.0.10,173.194.182.102,,,41888,443,0,37,17
1587481450.790734,173.194.182.102,10.10.0.10,,,443,41888,0,1358,17
1587481450.795159,173.194.182.102,10.10.0.10,,,443,41888,0,1358,17
1587481450.797042,10.10.0.10,173.194.182.102,,,41888,443,0,37,17
1587481450.799617,173.194.182.102,10.10.0.10,,,443,41888,0,1358,17
1587481450.8040938,173.194.182.102,10.10.0.10,,,443,41888,0,1358,17
1587481450.8059368,10.10.0.10,173.194.182.102,,,41888,443,0,37,17
1587481450.8085198,173.194.182.102,10.10.0.10,,,443,41888,0,1358,17
1587481450.8130348,173.194.182.102,10.10.0.10,,,443,41888,0,1358,17
1587481450.814749,10.10.0.10,173.194.182.102,,,41888,443,0,37,17
1587481450.8174589,173.194.182.102,10.10.0.10,,,443,41888,0,1358,17
1587481450.82532,173.194.182.102,10.10.0.10,,,443,41888,0,1358,17
1587481450.8275812,10.10.0.10,173.194.182.102,,,41888,443,0,37,17
1587481450.830174,173.194.182.102,10.10.0.10,,,443,41888,0,1358,17
1587481450.833809,173.194.182.102,10.10.0.10,,,443,41888,0,1358,17
1587481450.8362534,10.10.0.10,173.194.182.102,,,41888,443,0,37,17
1587481450.838018,173.194.182.102,10.10.0.10,,,443,41888,0,1358,17
1587481450.842576,173.194.182.102,10.10.0.10,,,443,41888,0,1358,17
1587481450.844395,10.10.0.10,173.194.182.102,,,41888,443,0,37,17
1587481450.847262,173.194.182.102,10.10.0.10,,,443,41888,0,1358,17
1587481450.851809,173.194.182.102,10.10.0.10,,,443,41888,0,1358,17
1587481450.853394,10.10.0.10,173.194.182.102,,,41888,443,0,37,17
1587481450.8556054,173.194.182.102,10.10.0.10,,,443,41888,0,1358,17
1587481450.860285,173.194.182.102,10.10.0.10,,,443,41888,0,1358,17
1587481450.8620002,10.10.0.10,173.194.182.102,,,41888,443,0,37,17
1587481450.8629582,173.194.182.102,10.10.0.10,,,443,41888,0,1358,17
1587481450.867326,173.194.182.102,10.10.0.10,,,443,41888,0,1358,17
1587481450.8690429,10.10.0.10,173.194.182.102,,,41888,443,0,37,17
1587481450.8709118,173.194.182.102,10.10.0.10,,,443,41888,0,1358,17
1587481450.8753688,173.194.182.102,10.10.0.10,,,443,41888,0,1358,17
1587481450.877225,10.10.0.10,173.194.182.102,,,41888,443,0,37,17
1587481450.879782,173.194.182.102,10.10.0.10,,,443,41888,0,1358,17
1587481450.884273,173.194.182.102,10.10.0.10,,,443,41888,0,1358,17
1587481450.8863091,10.10.0.10,173.194.182.102,,,41888,443,0,37,17
1587481450.8887308,173.194.182.102,10.10.0.10,,,443,41888,0,1358,17
1587481450.8931892,173.194.182.102,10.10.0.10,,,443,41888,0,1358,17
1587481450.8949142,10.10.0.10,173.194.182.102,,,41888,443,0,37,17
1587481450.897599,173.194.182.102,10.10.0.10,,,443,41888,0,1358,17
1587481450.902067,173.194.182.102,10.10.0.10,,,443,41888,0,1358,17
1587481450.90372,10.10.0.10,173.194.182.102,,,41888,443,0,37,17
1587481450.906553,173.194.182.102,10.10.0.10,,,443,41888,0,1358,17
1587481450.9109638,173.194.182.102,10.10.0.10,,,443,41888,0,1358,17
1587481450.91296,10.10.0.10,173.194.182.102,,,41888,443,0,37,17
1587481450.915463,173.194.182.102,10.10.0.10,,,443,41888,0,1358,17
1587481450.9199119,173.194.182.102,10.10.0.10,,,443,41888,0,1358,17
1587481450.9214964,10.10.0.10,173.194.182.102,,,41888,443,0,37,17
1587481450.924367,173.194.182.102,10.10.0.10,,,443,41888,0,1358,17
1587481450.928791,173.194.182.102,10.10.0.10,,,443,41888,0,1358,17
1587481450.930414,10.10.0.10,173.194.182.102,,,41888,443,0,37,17
1587481450.9332788,173.194.182.102,10.10.0.10,,,443,41888,0,1358,17
1587481450.937734,173.194.182.102,10.10.0.10,,,443,41888,0,1358,17
1587481450.939519,10.10.0.10,173.194.182.102,,,41888,443,0,40,17
1587481450.9421902,173.194.182.102,10.10.0.10,,,443,41888,0,1358,17
1587481450.944106,10.10.0.10,173.194.182.102,,,41888,443,0,37,17
1587481450.9466429,173.194.182.102,10.10.0.10,,,443,41888,0,1358,17
1587481450.951099,173.194.182.102,10.10.0.10,,,443,41888,0,1358,17
1587481450.9538732,10.10.0.10,173.194.182.102,,,41888,443,0,50,17
1587481450.955517,173.194.182.102,10.10.0.10,,,443,41888,0,1358,17
1587481450.960002,173.194.182.102,10.10.0.10,,,443,41888,0,1358,17
1587481450.9619162,10.10.0.10,173.194.182.102,,,41888,443,0,37,17
1587481450.964456,173.194.182.102,10.10.0.10,,,443,41888,0,1358,17
1587481450.968914,173.194.182.102,10.10.0.10,,,443,41888,0,1358,17
1587481450.970663,10.10.0.10,173.194.182.102,,,41888,443,0,37,17
1587481450.973365,173.194.182.102,10.10.0.10,,,443,41888,0,1358,17
1587481450.9778204,173.194.182.102,10.10.0.10,,,443,41888,0,1358,17
1587481450.981227,10.10.0.10,173.194.182.102,,,41888,443,0,37,17
1587481450.9822428,173.194.182.102,10.10.0.10,,,443,41888,0,1358,17
1587481450.986728,173.194.182.102,10.10.0.10,,,443,41888,0,1358,17
1587481450.9886658,10.10.0.10,173.194.182.102,,,41888,443,0,37,17
1587481450.991185,173.194.182.102,10.10.0.10,,,443,41888,0,1358,17
1587481450.995641,173.194.182.102,10.10.0.10,,,443,41888,0,1358,17
1587481450.997479,10.10.0.10,173.194.182.102,,,41888,443,0,37,17
1587481451.0000498,173.194.182.102,10.10.0.10,,,443,41888,0,1358,17
1587481451.0045464,173.194.182.102,10.10.0.10,,,443,41888,0,1358,17
1587481451.0073302,10.10.0.10,173.194.182.102,,,41888,443,0,37,17
1587481451.008937,173.194.182.102,10.10.0.10,,,443,41888,0,1358,17
1587481451.0134392,173.194.182.102,10.10.0.10,,,443,41888,0,1358,17
1587481451.014987,10.10.0.10,173.194.182.102,,,41888,443,0,37,17
1587481451.017909,173.194.182.102,10.10.0.10,,,443,41888,0,1358,17
1587481451.02231,173.194.182.102,10.10.0.10,,,443,41888,0,1358,17
1587481451.024144,10.10.0.10,173.194.182.102,,,41888,443,0,37,17
1587481451.026818,173.194.182.102,10.10.0.10,,,443,41888,0,1358,17
1587481451.0312748,173.194.182.102,10.10.0.10,,,443,41888,0,1358,17
1587481451.0329359,10.10.0.10,173.194.182.102,,,41888,443,0,37,17
1587481451.035726,173.194.182.102,10.10.0.10,,,443,41888,0,1358,17
1587481451.0401795,173.194.182.102,10.10.0.10,,,443,41888,0,1358,17
1587481451.0426884,10.10.0.10,173.194.182.102,,,41888,443,0,37,17
1587481451.044646,173.194.182.102,10.10.0.10,,,443,41888,0,1358,17
1587481451.049094,173.194.182.102,10.10.0.10,,,443,41888,0,1358,17
1587481451.051019,10.10.0.10,173.194.182.102,,,41888,443,0,37,17
1587481451.053504,173.194.182.102,10.10.0.10,,,443,41888,0,1358,17
1587481451.0579982,173.194.182.102,10.10.0.10,,,443,41888,0,1358,17
1587481451.0597172,10.10.0.10,173.194.182.102,,,41888,443,0,37,17
1587481451.062386,173.194.182.102,10.10.0.10,,,443,41888,0,1358,17
1587481451.066866,173.194.182.102,10.10.0.10,,,443,41888,0,1358,17
1587481451.0689652,10.10.0.10,173.194.182.102,,,41888,443,0,37,17
1587481451.071363,173.194.182.102,10.10.0.10,,,443,41888,0,1358,17
1587481451.0757742,173.194.182.102,10.10.0.10,,,443,41888,0,1358,17
1587481451.0776641,10.10.0.10,173.194.182.102,,,41888,443,0,37,17
1587481451.080271,173.194.182.102,10.10.0.10,,,443,41888,0,1358,17
1587481451.0847251,173.194.182.102,10.10.0.10,,,443,41888,0,1358,17
1587481451.0891366,173.194.182.102,10.10.0.10,,,443,41888,0,1358,17
1587481451.093301,10.10.0.10,173.194.182.102,,,41888,443,0,37,17
1587481451.093573,173.194.182.102,10.10.0.10,,,443,41888,0,1358,17
1587481451.095078,10.10.0.10,173.194.182.102,,,41888,443,0,37,17
1587481451.0980859,173.194.182.102,10.10.0.10,,,443,41888,0,1358,17
1587481451.1024995,173.194.182.102,10.10.0.10,,,443,41888,0,1358,17
1587481451.104289,10.10.0.10,173.194.182.102,,,41888,443,0,37,17
1587481451.1069796,173.194.182.102,10.10.0.10,,,443,41888,0,1358,17
1587481451.1114519,173.194.182.102,10.10.0.10,,,443,41888,0,1358,17
1587481451.113223,10.10.0.10,173.194.182.102,,,41888,443,0,37,17
1587481451.115864,173.194.182.102,10.10.0.10,,,443,41888,0,1358,17
1587481451.120358,173.194.182.102,10.10.0.10,,,443,41888,0,1358,17
1587481451.1221638,10.10.0.10,173.194.182.102,,,41888,443,0,37,17
1587481451.124813,173.194.182.102,10.10.0.10,,,443,41888,0,1358,17
1587481451.129224,173.194.182.102,10.10.0.10,,,443,41888,0,1358,17
1587481451.1310804,10.10.0.10,173.194.182.102,,,41888,443,0,50,17
1587481451.1337204,173.194.182.102,10.10.0.10,,,443,41888,0,1358,17
1587481451.138176,173.194.182.102,10.10.0.10,,,443,41888,0,1358,17
1587481451.140286,10.10.0.10,173.194.182.102,,,41888,443,0,37,17
1587481451.142633,173.194.182.102,10.10.0.10,,,443,41888,0,1358,17
1587481451.1470456,173.194.182.102,10.10.0.10,,,443,41888,0,1358,17
1587481451.1486428,10.10.0.10,173.194.182.102,,,41888,443,0,37,17
1587481451.1515422,173.194.182.102,10.10.0.10,,,443,41888,0,1358,17
1587481451.155953,173.194.182.102,10.10.0.10,,,443,41888,0,1358,17
1587481451.158794,10.10.0.10,173.194.182.102,,,41888,443,0,37,17
1587481451.160449,173.194.182.102,10.10.0.10,,,443,41888,0,1358,17
1587481451.164902,173.194.182.102,10.10.0.10,,,443,41888,0,1358,17
1587481451.1664732,10.10.0.10,173.194.182.102,,,41888,443,0,37,17
1587481451.169303,173.194.182.102,10.10.0.10,,,443,41888,0,29,17
1587481451.1694891,173.194.182.102,10.10.0.10,,,443,41888,0,1358,17
1587481451.1740134,173.194.182.102,10.10.0.10,,,443,41888,0,1358,17
1587481451.175677,10.10.0.10,173.194.182.102,,,41888,443,0,37,17
1587481451.1784678,173.194.182.102,10.10.0.10,,,443,41888,0,1358,17
1587481451.1829221,173.194.182.102,10.10.0.10,,,443,41888,0,1358,17
1587481451.1845634,10.10.0.10,173.194.182.102,,,41888,443,0,37,17
1587481451.1873412,173.194.182.102,10.10.0.10,,,443,41888,0,1358,17
1587481451.191831,173.194.182.102,10.10.0.10,,,443,41888,0,1358,17
1587481451.1938071,10.10.0.10,173.194.182.102,,,41888,443,0,37,17
1587481451.1962874,173.194.182.102,10.10.0.10,,,443,41888,0,1358,17
1587481451.20074,173.194.182.102,10.10.0.10,,,443,41888,0,1358,17
1587481451.2026649,10.10.0.10,173.194.182.102,,,41888,443,0,37,17
1587481451.205194,173.194.182.102,10.10.0.10,,,443,41888,0,1358,17
1587481451.2096488,173.194.182.102,10.10.0.10,,,443,41888,0,1358,17
1587481451.2113476,10.10.0.10,173.194.182.102,,,41888,443,0,37,17
1587481451.2141054,173.194.182.102,10.10.0.10,,,443,41888,0,1358,17
1587481451.2185571,173.194.182.102,10.10.0.10,,,443,41888,0,1358,17
1587481451.2203288,10.10.0.10,173.194.182.102,,,41888,443,0,37,17
1587481451.2230115,173.194.182.102,10.10.0.10,,,443,41888,0,1358,17
1587481451.2274652,173.194.182.102,10.10.0.10,,,443,41888,0,1358,17
1587481451.229035,10.10.0.10,173.194.182.102,,,41888,443,0,37,17
1587481451.2319221,173.194.182.102,10.10.0.10,,,443,41888,0,1358,17
1587481451.2363741,173.194.182.102,10.10.0.10,,,443,41888,0,1358,17
1587481451.2381024,10.10.0.10,173.194.182.102,,,41888,443,0,37,17
1587481451.240797,173.194.182.102,10.10.0.10,,,443,41888,0,1358,17
1587481451.2452474,173.194.182.102,10.10.0.10,,,443,41888,0,1358,17
1587481451.246959,10.10.0.10,173.194.182.102,,,41888,443,0,37,17
1587481451.249737,173.194.182.102,10.10.0.10,,,443,41888,0,1358,17
1587481451.254193,173.194.182.102,10.10.0.10,,,443,41888,0,1358,17
1587481451.256365,10.10.0.10,173.194.182.102,,,41888,443,0,37,17
1587481451.258646,173.194.182.102,10.10.0.10,,,443,41888,0,1358,17
1587481451.2631009,173.194.182.102,10.10.0.10,,,443,41888,0,1358,17
1587481451.264831,10.10.0.10,173.194.182.102,,,41888,443,0,37,17
1587481451.267556,173.194.182.102,10.10.0.10,,,443,41888,0,1358,17
1587481451.2720249,173.194.182.102,10.10.0.10,,,443,41888,0,1358,17
1587481451.273977,10.10.0.10,173.194.182.102,,,41888,443,0,37,17
1587481451.276465,173.194.182.102,10.10.0.10,,,443,41888,0,1358,17
1587481451.280918,173.194.182.102,10.10.0.10,,,443,41888,0,1358,17
1587481451.282727,10.10.0.10,173.194.182.102,,,41888,443,0,37,17
1587481451.2853868,173.194.182.102,10.10.0.10,,,443,41888,0,1358,17
1587481451.2898278,173.194.182.102,10.10.0.10,,,443,41888,0,1358,17
1587481451.2914946,10.10.0.10,173.194.182.102,,,41888,443,0,37,17
1587481451.294282,173.194.182.102,10.10.0.10,,,443,41888,0,1358,17
1587481451.2987485,173.194.182.102,10.10.0.10,,,443,41888,0,1358,17
1587481451.300391,10.10.0.10,173.194.182.102,,,41888,443,0,37,17
1587481451.303191,173.194.182.102,10.10.0.10,,,443,41888,0,1358,17
1587481451.307646,173.194.182.102,10.10.0.10,,,443,41888,0,1358,17
1587481451.309791,10.10.0.10,173.194.182.102,,,41888,443,0,50,17
1587481451.3120694,173.194.182.102,10.10.0.10,,,443,41888,0,1358,17
1587481451.3165536,173.194.182.102,10.10.0.10,,,443,41888,0,1358,17
1587481451.3182619,10.10.0.10,173.194.182.102,,,41888,443,0,37,17
1587481451.321008,173.194.182.102,10.10.0.10,,,443,41888,0,1358,17
1587481451.325408,173.194.182.102,10.10.0.10,,,443,41888,0,1358,17
1587481451.327329,10.10.0.10,173.194.182.102,,,41888,443,0,37,17
1587481451.329892,173.194.182.102,10.10.0.10,,,443,41888,0,1358,17
1587481451.3343716,173.194.182.102,10.10.0.10,,,443,41888,0,1358,17
1587481451.3362482,10.10.0.10,173.194.182.102,,,41888,443,0,37,17
1587481451.33874,10.10.0.10,173.194.182.102,,,41888,443,0,711,17
1587481451.3387651,173.194.182.102,10.10.0.10,,,443,41888,0,1358,17
1587481451.3388019,10.10.0.10,173.194.182.102,,,41888,443,0,48,17
1587481451.343255,173.194.182.102,10.10.0.10,,,443,41888,0,1358,17
1587481451.3453536,10.10.0.10,173.194.182.102,,,41888,443,0,37,17
1587481451.3476946,173.194.182.102,10.10.0.10,,,443,41888,0,1358,17
1587481451.3521242,173.194.182.102,10.10.0.10,,,443,41888,0,1358,17
1587481451.353933,10.10.0.10,173.194.182.102,,,41888,443,0,37,17
1587481451.356585,173.194.182.102,10.10.0.10,,,443,41888,0,1358,17
1587481451.3610988,173.194.182.102,10.10.0.10,,,443,41888,0,1358,17
1587481451.36285,10.10.0.10,173.194.182.102,,,41888,443,0,37,17
1587481451.365491,173.194.182.102,10.10.0.10,,,443,41888,0,1358,17
1587481451.370008,173.194.182.102,10.10.0.10,,,443,41888,0,1358,17
1587481451.371725,10.10.0.10,173.194.182.102,,,41888,443,0,37,17
1587481451.3744614,173.194.182.102,10.10.0.10,,,443,41888,0,29,17
1587481451.374593,173.194.182.102,10.10.0.10,,,443,41888,0,1358,17
1587481451.3790774,173.194.182.102,10.10.0.10,,,443,41888,0,1358,17
1587481451.380767,10.10.0.10,173.194.182.102,,,41888,443,0,37,17
1587481451.383572,173.194.182.102,10.10.0.10,,,443,41888,0,1358,17
1587481451.388027,173.194.182.102,10.10.0.10,,,443,41888,0,1358,17
1587481451.3910801,10.10.0.10,173.194.182.102,,,41888,443,0,37,17
1587481451.39244,173.194.182.102,10.10.0.10,,,443,41888,0,1358,17
1587481451.396935,173.194.182.102,10.10.0.10,,,443,41888,0,1358,17
1587481451.3987384,10.10.0.10,173.194.182.102,,,41888,443,0,37,17
1587481451.401349,173.194.182.102,10.10.0.10,,,443,41888,0,1358,17
1587481451.405802,173.194.182.102,10.10.0.10,,,443,41888,0,1358,17
1587481451.407664,10.10.0.10,173.194.182.102,,,41888,443,0,37,17
1587481451.4102988,173.194.182.102,10.10.0.10,,,443,41888,0,1358,17
1587481451.414753,173.194.182.102,10.10.0.10,,,443,41888,0,1358,17
1587481451.4165342,10.10.0.10,173.194.182.102,,,41888,443,0,37,17
1587481451.4191651,173.194.182.102,10.10.0.10,,,443,41888,0,1358,17
1587481451.4236748,173.194.182.102,10.10.0.10,,,443,41888,0,1358,17
1587481451.4281151,173.194.182.102,10.10.0.10,,,443,41888,0,1358,17
1587481451.4281638,10.10.0.10,173.194.182.102,,,41888,443,0,37,17
1587481451.432529,173.194.182.102,10.10.0.10,,,443,41888,0,1358,17
1587481451.434222,10.10.0.10,173.194.182.102,,,41888,443,0,37,17
1587481451.437025,173.194.182.102,10.10.0.10,,,443,41888,0,1358,17
1587481451.4414802,173.194.182.102,10.10.0.10,,,443,41888,0,1358,17
1587481451.4431288,10.10.0.10,173.194.182.102,,,41888,443,0,37,17
1587481451.445893,173.194.182.102,10.10.0.10,,,443,41888,0,1358,17
1587481451.4503882,173.194.182.102,10.10.0.10,,,443,41888,0,1358,17
1587481451.4518518,10.10.0.10,173.194.182.102,,,41888,443,0,37,17
1587481451.454781,173.194.182.102,10.10.0.10,,,443,41888,0,1358,17
1587481451.4592578,173.194.182.102,10.10.0.10,,,443,41888,0,1358,17
1587481451.4608948,10.10.0.10,173.194.182.102,,,41888,443,0,37,17
1587481451.463752,173.194.182.102,10.10.0.10,,,443,41888,0,1358,17
1587481451.4682062,173.194.182.102,10.10.0.10,,,443,41888,0,1358,17
1587481451.469805,10.10.0.10,173.194.182.102,,,41888,443,0,37,17
1587481451.4726362,173.194.182.102,10.10.0.10,,,443,41888,0,1358,17
1587481451.4771152,173.194.182.102,10.10.0.10,,,443,41888,0,1358,17
1587481451.4788,10.10.0.10,173.194.182.102,,,41888,443,0,37,17
1587481451.4815722,173.194.182.102,10.10.0.10,,,443,41888,0,1358,17
1587481451.4859982,173.194.182.102,10.10.0.10,,,443,41888,0,1358,17
1587481451.487638,10.10.0.10,173.194.182.102,,,41888,443,0,37,17
1587481451.4904518,173.194.182.102,10.10.0.10,,,443,41888,0,1358,17
1587481451.494932,173.194.182.102,10.10.0.10,,,443,41888,0,1358,17
1587481451.4993641,173.194.182.102,10.10.0.10,,,443,41888,0,1358,17
1587481451.5038438,173.194.182.102,10.10.0.10,,,443,41888,0,1358,17
1587481451.5082948,173.194.182.102,10.10.0.10,,,443,41888,0,1358,17
1587481451.512725,173.194.182.102,10.10.0.10,,,443,41888,0,1358,17
1587481451.5172038,173.194.182.102,10.10.0.10,,,443,41888,0,1358,17
1587481451.521662,173.194.182.102,10.10.0.10,,,443,41888,0,1358,17
1587481451.526114,173.194.182.102,10.10.0.10,,,443,41888,0,1358,17
1587481451.5763412,173.194.182.102,10.10.0.10,,,443,41888,0,1358,17
1587481451.579726,10.10.0.10,173.194.182.102,,,41888,443,0,37,17
1587481451.5834842,10.10.0.10,173.194.182.102,,,41888,443,0,37,17
1587481451.58669,10.10.0.10,173.194.182.102,,,41888,443,0,50,17
1587481451.588494,10.10.0.10,173.194.182.102,,,41888,443,0,37,17
1587481451.589015,10.10.0.10,173.194.182.102,,,41888,443,0,37,17
1587481451.5910099,173.194.182.102,10.10.0.10,,,443,41888,0,1358,17
1587481451.596953,173.194.182.102,10.10.0.10,,,443,41888,0,1358,17
1587481451.598682,10.10.0.10,173.194.182.102,,,41888,443,0,37,17
1587481451.5996358,173.194.182.102,10.10.0.10,,,443,41888,0,29,17
1587481451.601454,173.194.182.102,10.10.0.10,,,443,41888,0,1358,17
1587481451.6015134,173.194.182.102,10.10.0.10,,,443,41888,0,1358,17
1587481451.6033466,10.10.0.10,173.194.182.102,,,41888,443,0,37,17
1587481451.6093318,173.194.182.102,10.10.0.10,,,443,41888,0,1358,17
1587481451.6099162,173.194.182.102,10.10.0.10,,,443,41888,0,1358,17
1587481451.6172776,173.194.182.102,10.10.0.10,,,443,41888,0,1358,17
1587481451.6188366,173.194.182.102,10.10.0.10,,,443,41888,0,1358,17
1587481451.6248,173.194.182.102,10.10.0.10,,,443,41888,0,1358,17
1587481451.627746,173.194.182.102,10.10.0.10,,,443,41888,0,1358,17
1587481451.632646,173.194.182.102,10.10.0.10,,,443,41888,0,1358,17
1587481451.636655,173.194.182.102,10.10.0.10,,,443,41888,0,1358,17
1587481451.6411078,173.194.182.102,10.10.0.10,,,443,41888,0,1358,17
1587481451.6455278,173.194.182.102,10.10.0.10,,,443,41888,0,1358,17
1587481451.650017,173.194.182.102,10.10.0.10,,,443,41888,0,1358,17
1587481451.6544678,173.194.182.102,10.10.0.10,,,443,41888,0,1358,17
1587481451.658926,173.194.182.102,10.10.0.10,,,443,41888,0,1358,17
1587481451.704016,10.10.0.10,173.194.182.102,,,41888,443,0,37,17
1587481451.705874,10.10.0.10,173.194.182.102,,,41888,443,0,37,17
1587481451.7064035,10.10.0.10,173.194.182.102,,,41888,443,0,37,17
1587481451.707936,10.10.0.10,173.194.182.102,,,41888,443,0,37,17
1587481451.708924,10.10.0.10,173.194.182.102,,,41888,443,0,37,17
1587481451.710174,10.10.0.10,173.194.182.102,,,41888,443,0,37,17
1587481451.7112632,173.194.182.102,10.10.0.10,,,443,41888,0,1358,17
1587481451.7113216,173.194.182.102,10.10.0.10,,,443,41888,0,1358,17
1587481451.713361,10.10.0.10,173.194.182.102,,,41888,443,0,37,17
1587481451.7201474,173.194.182.102,10.10.0.10,,,443,41888,0,1358,17
1587481451.720208,173.194.182.102,10.10.0.10,,,443,41888,0,1358,17
1587481451.722627,10.10.0.10,173.194.182.102,,,41888,443,0,37,17
1587481451.728671,173.194.182.102,10.10.0.10,,,443,41888,0,1358,17
1587481451.728729,173.194.182.102,10.10.0.10,,,443,41888,0,1358,17
1587481451.735735,173.194.182.102,10.10.0.10,,,443,41888,0,1358,17
1587481451.737393,173.194.182.102,10.10.0.10,,,443,41888,0,1358,17
1587481451.74445,173.194.182.102,10.10.0.10,,,443,41888,0,1358,17
1587481451.7462661,173.194.182.102,10.10.0.10,,,443,41888,0,1358,17
1587481451.752872,173.194.182.102,10.10.0.10,,,443,41888,0,1358,17
1587481451.755213,173.194.182.102,10.10.0.10,,,443,41888,0,1358,17
1587481451.7608461,173.194.182.102,10.10.0.10,,,443,41888,0,1358,17
1587481451.764121,173.194.182.102,10.10.0.10,,,443,41888,0,1358,17
1587481451.768917,173.194.182.102,10.10.0.10,,,443,41888,0,1358,17
1587481451.773033,173.194.182.102,10.10.0.10,,,443,41888,0,1358,17
1587481451.77771,173.194.182.102,10.10.0.10,,,443,41888,0,1358,17
1587481451.781942,173.194.182.102,10.10.0.10,,,443,41888,0,1358,17
1587481451.786394,173.194.182.102,10.10.0.10,,,443,41888,0,1358,17
1587481451.790849,173.194.182.102,10.10.0.10,,,443,41888,0,1358,17
1587481451.82008,10.10.0.10,173.194.182.102,,,41888,443,0,37,17
1587481451.8245318,10.10.0.10,173.194.182.102,,,41888,443,0,37,17
1587481451.827024,10.10.0.10,173.194.182.102,,,41888,443,0,37,17
1587481451.827626,10.10.0.10,173.194.182.102,,,41888,443,0,37,17
1587481451.8282142,10.10.0.10,173.194.182.102,,,41888,443,0,37,17
1587481451.829242,10.10.0.10,173.194.182.102,,,41888,443,0,37,17
1587481451.830224,10.10.0.10,173.194.182.102,,,41888,443,0,37,17
1587481451.8312669,173.194.182.102,10.10.0.10,,,443,41888,0,1358,17
1587481451.831743,10.10.0.10,173.194.182.102,,,41888,443,0,50,17
1587481451.832318,10.10.0.10,173.194.182.102,,,41888,443,0,37,17
1587481451.835624,173.194.182.102,10.10.0.10,,,443,41888,0,1358,17
1587481451.835682,173.194.182.102,10.10.0.10,,,443,41888,0,1358,17
1587481451.837538,10.10.0.10,173.194.182.102,,,41888,443,0,37,17
1587481451.842995,173.194.182.102,10.10.0.10,,,443,41888,0,1358,17
1587481451.8440132,173.194.182.102,10.10.0.10,,,443,41888,0,1358,17
1587481451.8449798,10.10.0.10,173.194.182.102,,,41888,443,0,40,17
1587481451.845728,10.10.0.10,173.194.182.102,,,41888,443,0,37,17
1587481451.8503866,173.194.182.102,10.10.0.10,,,443,41888,0,1358,17
1587481451.852944,173.194.182.102,10.10.0.10,,,443,41888,0,1358,17
1587481451.861365,173.194.182.102,10.10.0.10,,,443,41888,0,1358,17
1587481451.861807,173.194.182.102,10.10.0.10,,,443,41888,0,1358,17
1587481451.86969,173.194.182.102,10.10.0.10,,,443,41888,0,1358,17
1587481451.870761,173.194.182.102,10.10.0.10,,,443,41888,0,1358,17
1587481451.8775866,173.194.182.102,10.10.0.10,,,443,41888,0,1358,17
1587481451.87967,173.194.182.102,10.10.0.10,,,443,41888,0,1358,17
1587481451.885951,173.194.182.102,10.10.0.10,,,443,41888,0,1358,17
1587481451.888579,173.194.182.102,10.10.0.10,,,443,41888,0,1358,17
1587481451.894207,173.194.182.102,10.10.0.10,,,443,41888,0,1358,17
1587481451.897491,173.194.182.102,10.10.0.10,,,443,41888,0,1358,17
1587481451.902534,173.194.182.102,10.10.0.10,,,443,41888,0,1358,17
1587481451.9064,173.194.182.102,10.10.0.10,,,443,41888,0,1358,17
1587481451.91079,173.194.182.102,10.10.0.10,,,443,41888,0,1358,17
1587481451.9153082,173.194.182.102,10.10.0.10,,,443,41888,0,1358,17
1587481451.920259,173.194.182.102,10.10.0.10,,,443,41888,0,1358,17
1587481451.924216,173.194.182.102,10.10.0.10,,,443,41888,0,1358,17
1587481451.928673,173.194.182.102,10.10.0.10,,,443,41888,0,1358,17
1587481451.933153,173.194.182.102,10.10.0.10,,,443,41888,0,1358,17
1587481451.937581,173.194.182.102,10.10.0.10,,,443,41888,0,1358,17
1587481451.944088,10.10.0.10,173.194.182.102,,,41888,443,0,37,17
1587481451.946393,10.10.0.10,173.194.182.102,,,41888,443,0,37,17
1587481451.947422,10.10.0.10,173.194.182.102,,,41888,443,0,37,17
1587481451.9475038,10.10.0.10,173.194.182.102,,,41888,443,0,37,17
1587481451.949136,10.10.0.10,173.194.182.102,,,41888,443,0,37,17
1587481451.949657,10.10.0.10,173.194.182.102,,,41888,443,0,37,17
1587481451.952441,10.10.0.10,173.194.182.102,,,41888,443,0,37,17
1587481451.953785,10.10.0.10,173.194.182.102,,,41888,443,0,37,17
1587481451.9552991,173.194.182.102,10.10.0.10,,,443,41888,0,1358,17
1587481451.9553552,173.194.182.102,10.10.0.10,,,443,41888,0,1358,17
1587481451.95548,10.10.0.10,173.194.182.102,,,41888,443,0,37,17
1587481451.9555314,10.10.0.10,173.194.182.102,,,41888,443,0,37,17
1587481451.9569929,10.10.0.10,173.194.182.102,,,41888,443,0,37,17
1587481451.9634366,173.194.182.102,10.10.0.10,,,443,41888,0,1358,17
1587481451.9635448,173.194.182.102,10.10.0.10,,,443,41888,0,1358,17
1587481451.965439,10.10.0.10,173.194.182.102,,,41888,443,0,37,17
1587481451.974103,173.194.182.102,10.10.0.10,,,443,41888,0,1358,17
1587481451.9741619,173.194.182.102,10.10.0.10,,,443,41888,0,1358,17
1587481451.980448,173.194.182.102,10.10.0.10,,,443,41888,0,1358,17
1587481451.982416,173.194.182.102,10.10.0.10,,,443,41888,0,1358,17
1587481451.9894269,173.194.182.102,10.10.0.10,,,443,41888,0,1358,17
1587481451.9913242,173.194.182.102,10.10.0.10,,,443,41888,0,1358,17
1587481451.99677,173.194.182.102,10.10.0.10,,,443,41888,0,1358,17
1587481452.000234,173.194.182.102,10.10.0.10,,,443,41888,0,1358,17
1587481452.0060909,173.194.182.102,10.10.0.10,,,443,41888,0,1358,17
1587481452.009145,173.194.182.102,10.10.0.10,,,443,41888,0,1358,17
1587481452.013558,173.194.182.102,10.10.0.10,,,443,41888,0,1358,17
1587481452.018055,173.194.182.102,10.10.0.10,,,443,41888,0,1358,17
1587481452.022466,173.194.182.102,10.10.0.10,,,443,41888,0,1358,17
1587481452.02696,173.194.182.102,10.10.0.10,,,443,41888,0,1358,17
1587481452.0314188,173.194.182.102,10.10.0.10,,,443,41888,0,1358,17
1587481452.035872,173.194.182.102,10.10.0.10,,,443,41888,0,1358,17
1587481452.0403252,173.194.182.102,10.10.0.10,,,443,41888,0,1358,17
1587481452.0447812,173.194.182.102,10.10.0.10,,,443,41888,0,1358,17
1587481452.0492392,173.194.182.102,10.10.0.10,,,443,41888,0,1358,17
1587481452.0536866,173.194.182.102,10.10.0.10,,,443,41888,0,1358,17
1587481452.0581439,173.194.182.102,10.10.0.10,,,443,41888,0,1358,17
1587481452.061575,10.10.0.10,173.194.182.102,,,41888,443,0,37,17
1587481452.062598,173.194.182.102,10.10.0.10,,,443,41888,0,1358,17
1587481452.0659714,10.10.0.10,173.194.182.102,,,41888,443,0,37,17
1587481452.066183,10.10.0.10,173.194.182.102,,,41888,443,0,37,17
1587481452.06705,173.194.182.102,10.10.0.10,,,443,41888,0,1358,17
1587481452.0677679,10.10.0.10,173.194.182.102,,,41888,443,0,50,17
1587481452.067976,10.10.0.10,173.194.182.102,,,41888,443,0,37,17
1587481452.0699394,10.10.0.10,173.194.182.102,,,41888,443,0,37,17
1587481452.0705,10.10.0.10,173.194.182.102,,,41888,443,0,37,17
1587481452.071984,10.10.0.10,173.194.182.102,,,41888,443,0,37,17
1587481452.0732908,173.194.182.102,10.10.0.10,,,443,41888,0,1358,17
1587481452.0766842,10.10.0.10,173.194.182.102,,,41888,443,0,37,17
1587481452.076733,10.10.0.10,173.194.182.102,,,41888,443,0,37,17
1587481452.076891,173.194.182.102,10.10.0.10,,,443,41888,0,1358,17
1587481452.0776696,10.10.0.10,173.194.182.102,,,41888,443,0,37,17
1587481452.078233,10.10.0.10,173.194.182.102,,,41888,443,0,37,17
1587481452.0804198,173.194.182.102,10.10.0.10,,,443,41888,0,1358,17
1587481452.0815802,10.10.0.10,173.194.182.102,,,41888,443,0,37,17
1587481452.082104,10.10.0.10,173.194.182.102,,,41888,443,0,37,17
1587481452.084873,173.194.182.102,10.10.0.10,,,443,41888,0,29,17
1587481452.086931,173.194.182.102,10.10.0.10,,,443,41888,0,1358,17
1587481452.0895321,173.194.182.102,10.10.0.10,,,443,41888,0,1358,17
1587481452.093986,173.194.182.102,10.10.0.10,,,443,41888,0,1358,17
1587481452.0984368,173.194.182.102,10.10.0.10,,,443,41888,0,1358,17
1587481452.1028981,173.194.182.102,10.10.0.10,,,443,41888,0,1358,17
1587481452.1073458,173.194.182.102,10.10.0.10,,,443,41888,0,1358,17
1587481452.111808,173.194.182.102,10.10.0.10,,,443,41888,0,1358,17
1587481452.1162212,173.194.182.102,10.10.0.10,,,443,41888,0,1358,17
1587481452.120716,173.194.182.102,10.10.0.10,,,443,41888,0,1358,17
1587481452.1251712,173.194.182.102,10.10.0.10,,,443,41888,0,1358,17
1587481452.129587,173.194.182.102,10.10.0.10,,,443,41888,0,1358,17
1587481452.1340132,173.194.182.102,10.10.0.10,,,443,41888,0,1358,17
1587481452.138486,173.194.182.102,10.10.0.10,,,443,41888,0,1358,17
1587481452.1429155,173.194.182.102,10.10.0.10,,,443,41888,0,1358,17
1587481452.147417,173.194.182.102,10.10.0.10,,,443,41888,0,1358,17
1587481452.1518462,173.194.182.102,10.10.0.10,,,443,41888,0,1358,17
1587481452.156327,173.194.182.102,10.10.0.10,,,443,41888,0,1358,17
1587481452.160785,173.194.182.102,10.10.0.10,,,443,41888,0,1358,17
1587481452.165239,173.194.182.102,10.10.0.10,,,443,41888,0,1358,17
1587481452.1696944,173.194.182.102,10.10.0.10,,,443,41888,0,1358,17
1587481452.1741061,173.194.182.102,10.10.0.10,,,443,41888,0,1358,17
1587481452.1785412,173.194.182.102,10.10.0.10,,,443,41888,0,1358,17
1587481452.180015,10.10.0.10,173.194.182.102,,,41888,443,0,40,17
1587481452.183064,173.194.182.102,10.10.0.10,,,443,41888,0,1358,17
1587481452.18349,10.10.0.10,173.194.182.102,,,41888,443,0,37,17
1587481452.185975,10.10.0.10,173.194.182.102,,,41888,443,0,37,17
1587481452.1867206,10.10.0.10,173.194.182.102,,,41888,443,0,37,17
1587481452.187495,173.194.182.102,10.10.0.10,,,443,41888,0,1358,17
1587481452.1878731,10.10.0.10,173.194.182.102,,,41888,443,0,37,17
1587481452.188831,10.10.0.10,173.194.182.102,,,41888,443,0,37,17
1587481452.1907866,10.10.0.10,173.194.182.102,,,41888,443,0,37,17
1587481452.1918,10.10.0.10,173.194.182.102,,,41888,443,0,40,17
1587481452.191947,173.194.182.102,10.10.0.10,,,443,41888,0,1358,17
1587481452.1959784,10.10.0.10,173.194.182.102,,,41888,443,0,37,17
1587481452.196395,173.194.182.102,10.10.0.10,,,443,41888,0,1358,17
1587481452.196573,10.10.0.10,173.194.182.102,,,41888,443,0,50,17
1587481452.197364,10.10.0.10,173.194.182.102,,,41888,443,0,37,17
1587481452.1977332,10.10.0.10,173.194.182.102,,,41888,443,0,37,17
1587481452.199518,10.10.0.10,173.194.182.102,,,41888,443,0,37,17
1587481452.2000964,10.10.0.10,173.194.182.102,,,41888,443,0,37,17
1587481452.2006161,10.10.0.10,173.194.182.102,,,41888,443,0,37,17
1587481452.200824,173.194.182.102,10.10.0.10,,,443,41888,0,1358,17
1587481452.2053342,173.194.182.102,10.10.0.10,,,443,41888,0,1358,17
1587481452.2082279,10.10.0.10,173.194.182.102,,,41888,443,0,37,17
1587481452.209758,173.194.182.102,10.10.0.10,,,443,41888,0,1358,17
1587481452.214244,173.194.182.102,10.10.0.10,,,443,41888,0,1358,17
1587481452.2187061,173.194.182.102,10.10.0.10,,,443,41888,0,1358,17
1587481452.223151,173.194.182.102,10.10.0.10,,,443,41888,0,29,17
1587481452.2232852,173.194.182.102,10.10.0.10,,,443,41888,0,1358,17
1587481452.227808,173.194.182.102,10.10.0.10,,,443,41888,0,1358,17
1587481452.232197,173.194.182.102,10.10.0.10,,,443,41888,0,1358,17
1587481452.2367165,173.194.182.102,10.10.0.10,,,443,41888,0,1358,17
1587481452.2411132,173.194.182.102,10.10.0.10,,,443,41888,0,1358,17
1587481452.245573,173.194.182.102,10.10.0.10,,,443,41888,0,1358,17
1587481452.250059,173.194.182.102,10.10.0.10,,,443,41888,0,1358,17
1587481452.2545118,173.194.182.102,10.10.0.10,,,443,41888,0,1358,17
1587481452.2589269,173.194.182.102,10.10.0.10,,,443,41888,0,1358,17
1587481452.2633832,173.194.182.102,10.10.0.10,,,443,41888,0,1358,17
1587481452.2678275,173.194.182.102,10.10.0.10,,,443,41888,0,1358,17
1587481452.2723148,173.194.182.102,10.10.0.10,,,443,41888,0,1358,17
1587481452.276797,173.194.182.102,10.10.0.10,,,443,41888,0,1358,17
1587481452.2812188,173.194.182.102,10.10.0.10,,,443,41888,0,1358,17
1587481452.2856786,173.194.182.102,10.10.0.10,,,443,41888,0,1358,17
1587481452.2901628,173.194.182.102,10.10.0.10,,,443,41888,0,1358,17
1587481452.294616,173.194.182.102,10.10.0.10,,,443,41888,0,1358,17
1587481452.299043,173.194.182.102,10.10.0.10,,,443,41888,0,1358,17
1587481452.303499,173.194.182.102,10.10.0.10,,,443,41888,0,1358,17
1587481452.3040679,10.10.0.10,173.194.182.102,,,41888,443,0,37,17
1587481452.3076358,10.10.0.10,173.194.182.102,,,41888,443,0,37,17
1587481452.307769,10.10.0.10,173.194.182.102,,,41888,443,0,37,17
1587481452.3079221,173.194.182.102,10.10.0.10,,,443,41888,0,1358,17
1587481452.308377,10.10.0.10,173.194.182.102,,,41888,443,0,37,17
1587481452.3101351,10.10.0.10,173.194.182.102,,,41888,443,0,37,17
1587481452.312405,173.194.182.102,10.10.0.10,,,443,41888,0,1358,17
1587481452.31689,173.194.182.102,10.10.0.10,,,443,41888,0,1358,17
1587481452.3191962,10.10.0.10,173.194.182.102,,,41888,443,0,37,17
1587481452.3213446,173.194.182.102,10.10.0.10,,,443,41888,0,1358,17
1587481452.322382,10.10.0.10,173.194.182.102,,,41888,443,0,37,17
1587481452.3224142,10.10.0.10,173.194.182.102,,,41888,443,0,37,17
1587481452.3226962,10.10.0.10,173.194.182.102,,,41888,443,0,37,17
1587481452.3231108,10.10.0.10,173.194.182.102,,,41888,443,0,40,17
1587481452.3235078,10.10.0.10,173.194.182.102,,,41888,443,0,37,17
1587481452.3246891,10.10.0.10,173.194.182.102,,,41888,443,0,37,17
1587481452.3250391,10.10.0.10,173.194.182.102,,,41888,443,0,40,17
1587481452.3253438,10.10.0.10,173.194.182.102,,,41888,443,0,50,17
1587481452.32577,173.194.182.102,10.10.0.10,,,443,41888,0,1358,17
1587481452.330194,173.194.182.102,10.10.0.10,,,443,41888,0,1358,17
1587481452.3347092,173.194.182.102,10.10.0.10,,,443,41888,0,1358,17
1587481452.3391092,173.194.182.102,10.10.0.10,,,443,41888,0,1358,17
1587481452.343568,173.194.182.102,10.10.0.10,,,443,41888,0,1358,17
1587481452.348023,173.194.182.102,10.10.0.10,,,443,41888,0,1358,17
1587481452.3524964,173.194.182.102,10.10.0.10,,,443,41888,0,1358,17
1587481452.356953,173.194.182.102,10.10.0.10,,,443,41888,0,29,17
1587481452.3571162,173.194.182.102,10.10.0.10,,,443,41888,0,1358,17
1587481452.361632,173.194.182.102,10.10.0.10,,,443,41888,0,1358,17
1587481452.366065,173.194.182.102,10.10.0.10,,,443,41888,0,1358,17
1587481452.3705478,173.194.182.102,10.10.0.10,,,443,41888,0,1358,17
1587481452.3750026,173.194.182.102,10.10.0.10,,,443,41888,0,1358,17
1587481452.379392,173.194.182.102,10.10.0.10,,,443,41888,0,1358,17
1587481452.383913,173.194.182.102,10.10.0.10,,,443,41888,0,1358,17
1587481452.388338,173.194.182.102,10.10.0.10,,,443,41888,0,1358,17
1587481452.3927698,173.194.182.102,10.10.0.10,,,443,41888,0,1358,17
1587481452.3972108,173.194.182.102,10.10.0.10,,,443,41888,0,1358,17
1587481452.401724,173.194.182.102,10.10.0.10,,,443,41888,0,1358,17
1587481452.406141,173.194.182.102,10.10.0.10,,,443,41888,0,1358,17
1587481452.4106321,173.194.182.102,10.10.0.10,,,443,41888,0,1358,17
1587481452.415065,173.194.182.102,10.10.0.10,,,443,41888,0,1358,17
1587481452.419517,173.194.182.102,10.10.0.10,,,443,41888,0,1358,17
1587481452.419614,10.10.0.10,173.194.182.102,,,41888,443,0,37,17
1587481452.4239962,173.194.182.102,10.10.0.10,,,443,41888,0,1358,17
1587481452.425345,10.10.0.10,173.194.182.102,,,41888,443,0,37,17
1587481452.4266536,10.10.0.10,173.194.182.102,,,41888,443,0,37,17
1587481452.428427,173.194.182.102,10.10.0.10,,,443,41888,0,1358,17
1587481452.4295561,10.10.0.10,173.194.182.102,,,41888,443,0,37,17
1587481452.429585,10.10.0.10,173.194.182.102,,,41888,443,0,37,17
1587481452.4314618,10.10.0.10,173.194.182.102,,,41888,443,0,37,17
1587481452.431623,10.10.0.10,173.194.182.102,,,41888,443,0,37,17
1587481452.4317412,10.10.0.10,173.194.182.102,,,41888,443,0,37,17
1587481452.4328835,173.194.182.102,10.10.0.10,,,443,41888,0,1358,17
1587481452.4337866,10.10.0.10,173.194.182.102,,,41888,443,0,37,17
1587481452.4338222,10.10.0.10,173.194.182.102,,,41888,443,0,37,17
1587481452.4371011,10.10.0.10,173.194.182.102,,,41888,443,0,37,17
1587481452.437137,10.10.0.10,173.194.182.102,,,41888,443,0,37,17
1587481452.4373028,173.194.182.102,10.10.0.10,,,443,41888,0,1358,17
1587481452.439068,10.10.0.10,173.194.182.102,,,41888,443,0,37,17
1587481452.44182,173.194.182.102,10.10.0.10,,,443,41888,0,1358,17
1587481452.445373,10.10.0.10,173.194.182.102,,,41888,443,0,37,17
1587481452.4462428,173.194.182.102,10.10.0.10,,,443,41888,0,1358,17
1587481452.450728,173.194.182.102,10.10.0.10,,,443,41888,0,1358,17
1587481452.4551892,173.194.182.102,10.10.0.10,,,443,41888,0,1358,17
1587481452.459613,173.194.182.102,10.10.0.10,,,443,41888,0,1358,17
1587481452.4640932,173.194.182.102,10.10.0.10,,,443,41888,0,1358,17
1587481452.4685464,173.194.182.102,10.10.0.10,,,443,41888,0,1358,17
1587481452.473003,173.194.182.102,10.10.0.10,,,443,41888,0,1358,17
1587481452.477463,173.194.182.102,10.10.0.10,,,443,41888,0,1358,17
1587481452.48191,173.194.182.102,10.10.0.10,,,443,41888,0,1358,17
1587481452.486365,173.194.182.102,10.10.0.10,,,443,41888,0,1358,17
1587481452.4908216,173.194.182.102,10.10.0.10,,,443,41888,0,1358,17
1587481452.4952738,173.194.182.102,10.10.0.10,,,443,41888,0,1358,17
1587481452.49973,173.194.182.102,10.10.0.10,,,443,41888,0,1358,17
1587481452.504185,173.194.182.102,10.10.0.10,,,443,41888,0,1358,17
1587481452.5086372,173.194.182.102,10.10.0.10,,,443,41888,0,1358,17
1587481452.5130908,173.194.182.102,10.10.0.10,,,443,41888,0,1358,17
1587481452.5175462,173.194.182.102,10.10.0.10,,,443,41888,0,1358,17
1587481452.522002,173.194.182.102,10.10.0.10,,,443,41888,0,1358,17
1587481452.526425,173.194.182.102,10.10.0.10,,,443,41888,0,1358,17
1587481452.53091,173.194.182.102,10.10.0.10,,,443,41888,0,1358,17
1587481452.5353732,173.194.182.102,10.10.0.10,,,443,41888,0,1358,17
1587481452.5398178,173.194.182.102,10.10.0.10,,,443,41888,0,1358,17
1587481452.544274,173.194.182.102,10.10.0.10,,,443,41888,0,1358,17
1587481452.548729,173.194.182.102,10.10.0.10,,,443,41888,0,1358,17
1587481452.5531821,173.194.182.102,10.10.0.10,,,443,41888,0,1358,17
1587481452.5576348,173.194.182.102,10.10.0.10,,,443,41888,0,1358,17
1587481452.56209,173.194.182.102,10.10.0.10,,,443,41888,0,1358,17
1587481452.57191,10.10.0.10,173.194.182.102,,,41888,443,0,37,17
1587481452.571954,10.10.0.10,173.194.182.102,,,41888,443,0,37,17
1587481452.571991,10.10.0.10,173.194.182.102,,,41888,443,0,37,17
1587481452.5833778,173.194.182.102,10.10.0.10,,,443,41888,0,1358,17
1587481452.583415,173.194.182.102,10.10.0.10,,,443,41888,0,1358,17
1587481452.5844188,10.10.0.10,173.194.182.102,,,41888,443,0,40,17
1587481452.5844634,10.10.0.10,173.194.182.102,,,41888,443,0,37,17
1587481452.5844884,10.10.0.10,173.194.182.102,,,41888,443,0,50,17
1587481452.5871036,10.10.0.10,173.194.182.102,,,41888,443,0,37,17
1587481452.593678,173.194.182.102,10.10.0.10,,,443,41888,0,1358,17
1587481452.593715,173.194.182.102,10.10.0.10,,,443,41888,0,1358,17
1587481452.5975351,173.194.182.102,10.10.0.10,,,443,41888,0,29,17
1587481452.6047876,173.194.182.102,10.10.0.10,,,443,41888,0,1358,17
1587481452.604831,173.194.182.102,10.10.0.10,,,443,41888,0,1358,17
1587481452.612473,173.194.182.102,10.10.0.10,,,443,41888,0,1358,17
1587481452.6131039,173.194.182.102,10.10.0.10,,,443,41888,0,486,17
1587481452.617874,173.194.182.102,10.10.0.10,,,443,41888,0,1358,17
1587481452.6192222,173.194.182.102,10.10.0.10,,,443,41888,0,1358,17
1587481452.6192925,10.10.0.10,173.194.182.102,,,41888,443,0,37,17
1587481452.6203039,10.10.0.10,173.194.182.102,,,41888,443,0,37,17
1587481452.620951,10.10.0.10,173.194.182.102,,,41888,443,0,37,17
1587481452.623533,10.10.0.10,173.194.182.102,,,41888,443,0,37,17
1587481452.624529,10.10.0.10,173.194.182.102,,,41888,443,0,37,17
1587481452.6256812,173.194.182.102,10.10.0.10,,,443,41888,0,1358,17
1587481452.625869,10.10.0.10,173.194.182.102,,,41888,443,0,37,17
1587481452.628133,173.194.182.102,10.10.0.10,,,443,41888,0,1358,17
1587481452.628855,10.10.0.10,173.194.182.102,,,41888,443,0,37,17
1587481452.6289024,10.10.0.10,173.194.182.102,,,41888,443,0,37,17
1587481452.6306784,10.10.0.10,173.194.182.102,,,41888,443,0,37,17
1587481452.6307251,10.10.0.10,173.194.182.102,,,41888,443,0,37,17
1587481452.6328876,10.10.0.10,173.194.182.102,,,41888,443,0,37,17
1587481452.632953,10.10.0.10,173.194.182.102,,,41888,443,0,37,17
1587481452.634191,173.194.182.102,10.10.0.10,,,443,41888,0,1358,17
1587481452.63442,10.10.0.10,173.194.182.102,,,41888,443,0,37,17
1587481452.6370418,173.194.182.102,10.10.0.10,,,443,41888,0,1358,17
1587481452.642774,173.194.182.102,10.10.0.10,,,443,41888,0,1358,17
1587481452.645951,173.194.182.102,10.10.0.10,,,443,41888,0,1358,17
1587481452.6509,173.194.182.102,10.10.0.10,,,443,41888,0,1358,17
1587481452.6548605,173.194.182.102,10.10.0.10,,,443,41888,0,1358,17
1587481452.6592898,173.194.182.102,10.10.0.10,,,443,41888,0,1358,17
1587481452.6637714,173.194.182.102,10.10.0.10,,,443,41888,0,1358,17
1587481452.668206,173.194.182.102,10.10.0.10,,,443,41888,0,1358,17
1587481452.671155,10.10.0.10,173.194.182.102,,,41888,443,0,37,17
1587481452.672602,10.10.0.10,173.194.182.102,,,41888,443,0,37,17
1587481452.6726365,173.194.182.102,10.10.0.10,,,443,41888,0,1358,17
1587481452.6732442,10.10.0.10,173.194.182.102,,,41888,443,0,37,17
1587481452.674807,10.10.0.10,173.194.182.102,,,41888,443,0,37,17
1587481452.675384,10.10.0.10,173.194.182.102,,,41888,443,0,37,17
1587481452.6764052,10.10.0.10,173.194.182.102,,,41888,443,0,50,17
1587481452.677135,173.194.182.102,10.10.0.10,,,443,41888,0,1358,17
1587481452.6815882,173.194.182.102,10.10.0.10,,,443,41888,0,1358,17
1587481452.683235,10.10.0.10,173.194.182.102,,,41888,443,0,37,17
1587481452.6860454,173.194.182.102,10.10.0.10,,,443,41888,0,29,17
1587481452.686169,173.194.182.102,10.10.0.10,,,443,41888,0,1358,17
1587481452.6907,173.194.182.102,10.10.0.10,,,443,41888,0,1358,17
1587481452.69513,173.194.182.102,10.10.0.10,,,443,41888,0,1358,17
1587481452.699608,173.194.182.102,10.10.0.10,,,443,41888,0,1358,17
1587481452.704066,173.194.182.102,10.10.0.10,,,443,41888,0,1358,17
1587481452.7085161,173.194.182.102,10.10.0.10,,,443,41888,0,1358,17
1587481452.7129722,173.194.182.102,10.10.0.10,,,443,41888,0,1358,17
1587481452.716639,10.10.0.10,173.194.182.102,,,41888,443,0,37,17
1587481452.717263,10.10.0.10,173.194.182.102,,,41888,443,0,37,17
1587481452.7174132,173.194.182.102,10.10.0.10,,,443,41888,0,1358,17
1587481452.7178428,10.10.0.10,173.194.182.102,,,41888,443,0,37,17
1587481452.719009,10.10.0.10,173.194.182.102,,,41888,443,0,37,17
1587481452.72188,173.194.182.102,10.10.0.10,,,443,41888,0,1358,17
1587481452.7263331,173.194.182.102,10.10.0.10,,,443,41888,0,1358,17
1587481452.730075,10.10.0.10,173.194.182.102,,,41888,443,0,37,17
1587481452.7307632,173.194.182.102,10.10.0.10,,,443,41888,0,1358,17
1587481452.7352445,173.194.182.102,10.10.0.10,,,443,41888,0,1358,17
1587481452.7396722,173.194.182.102,10.10.0.10,,,443,41888,0,1358,17
1587481452.7441251,173.194.182.102,10.10.0.10,,,443,41888,0,1358,17
1587481452.748576,173.194.182.102,10.10.0.10,,,443,41888,0,1358,17
1587481452.753062,173.194.182.102,10.10.0.10,,,443,41888,0,1358,17
1587481452.757518,173.194.182.102,10.10.0.10,,,443,41888,0,1358,17
1587481452.761968,173.194.182.102,10.10.0.10,,,443,41888,0,1358,17
1587481452.766058,10.10.0.10,173.194.182.102,,,41888,443,0,37,17
1587481452.7661061,10.10.0.10,173.194.182.102,,,41888,443,0,37,17
1587481452.766387,173.194.182.102,10.10.0.10,,,443,41888,0,1358,17
1587481452.766565,10.10.0.10,173.194.182.102,,,41888,443,0,37,17
1587481452.7678812,10.10.0.10,173.194.182.102,,,41888,443,0,37,17
1587481452.770875,173.194.182.102,10.10.0.10,,,443,41888,0,1358,17
1587481452.7725725,10.10.0.10,173.194.182.102,,,41888,443,0,37,17
1587481452.7753332,173.194.182.102,10.10.0.10,,,443,41888,0,1358,17
1587481452.7797868,173.194.182.102,10.10.0.10,,,443,41888,0,1358,17
1587481452.78424,173.194.182.102,10.10.0.10,,,443,41888,0,1358,17
1587481452.788698,173.194.182.102,10.10.0.10,,,443,41888,0,1358,17
1587481452.7931519,173.194.182.102,10.10.0.10,,,443,41888,0,1358,17
1587481452.7976089,173.194.182.102,10.10.0.10,,,443,41888,0,1358,17
1587481452.80206,173.194.182.102,10.10.0.10,,,443,41888,0,1358,17
1587481452.806516,173.194.182.102,10.10.0.10,,,443,41888,0,1358,17
1587481452.810966,173.194.182.102,10.10.0.10,,,443,41888,0,1358,17
1587481452.811207,10.10.0.10,173.194.182.102,,,41888,443,0,37,17
1587481452.812305,10.10.0.10,173.194.182.102,,,41888,443,0,37,17
1587481452.8140366,10.10.0.10,173.194.182.102,,,41888,443,0,37,17
1587481452.8140838,10.10.0.10,173.194.182.102,,,41888,443,0,37,17
1587481452.815425,173.194.182.102,10.10.0.10,,,443,41888,0,1358,17
1587481452.8172991,10.10.0.10,173.194.182.102,,,41888,443,0,37,17
1587481452.8198779,173.194.182.102,10.10.0.10,,,443,41888,0,1358,17
1587481452.8242939,173.194.182.102,10.10.0.10,,,443,41888,0,1358,17
1587481452.825985,10.10.0.10,173.194.182.102,,,41888,443,0,37,17
1587481452.8287878,173.194.182.102,10.10.0.10,,,443,41888,0,1358,17
1587481452.833239,173.194.182.102,10.10.0.10,,,443,41888,0,1358,17
1587481452.834858,10.10.0.10,173.194.182.102,,,41888,443,0,37,17
1587481452.8376925,173.194.182.102,10.10.0.10,,,443,41888,0,1358,17
1587481452.842106,173.194.182.102,10.10.0.10,,,443,41888,0,1358,17
1587481452.8438606,10.10.0.10,173.194.182.102,,,41888,443,0,37,17
1587481452.846603,173.194.182.102,10.10.0.10,,,443,41888,0,1358,17
1587481452.8510606,173.194.182.102,10.10.0.10,,,443,41888,0,1358,17
1587481452.8555162,173.194.182.102,10.10.0.10,,,443,41888,0,1358,17
1587481452.857252,10.10.0.10,173.194.182.102,,,41888,443,0,50,17
1587481452.859969,173.194.182.102,10.10.0.10,,,443,41888,0,1358,17
1587481452.8616738,10.10.0.10,173.194.182.102,,,41888,443,0,37,17
1587481452.86442,173.194.182.102,10.10.0.10,,,443,41888,0,1358,17
1587481452.868878,173.194.182.102,10.10.0.10,,,443,41888,0,1358,17
1587481452.871003,10.10.0.10,173.194.182.102,,,41888,443,0,37,17
1587481452.8733318,173.194.182.102,10.10.0.10,,,443,41888,0,1358,17
1587481452.877784,173.194.182.102,10.10.0.10,,,443,41888,0,1358,17
1587481452.8797412,10.10.0.10,173.194.182.102,,,41888,443,0,37,17
1587481452.88224,173.194.182.102,10.10.0.10,,,443,41888,0,1358,17
1587481452.8866918,173.194.182.102,10.10.0.10,,,443,41888,0,1358,17
1587481452.8882544,10.10.0.10,173.194.182.102,,,41888,443,0,37,17
1587481452.8911462,173.194.182.102,10.10.0.10,,,443,41888,0,29,17
1587481452.891273,173.194.182.102,10.10.0.10,,,443,41888,0,1358,17
1587481452.8958044,173.194.182.102,10.10.0.10,,,443,41888,0,1358,17
1587481452.9000778,10.10.0.10,173.194.182.102,,,41888,443,0,37,17
1587481452.900208,173.194.182.102,10.10.0.10,,,443,41888,0,1358,17
1587481452.904711,173.194.182.102,10.10.0.10,,,443,41888,0,1358,17
1587481452.906252,10.10.0.10,173.194.182.102,,,41888,443,0,37,17
1587481452.9091651,173.194.182.102,10.10.0.10,,,443,41888,0,1358,17
1587481452.913599,173.194.182.102,10.10.0.10,,,443,41888,0,1358,17
1587481452.91544,10.10.0.10,173.194.182.102,,,41888,443,0,37,17
1587481452.918081,173.194.182.102,10.10.0.10,,,443,41888,0,1358,17
1587481452.922497,173.194.182.102,10.10.0.10,,,443,41888,0,1358,17
1587481452.9242651,10.10.0.10,173.194.182.102,,,41888,443,0,37,17
1587481452.92699,173.194.182.102,10.10.0.10,,,443,41888,0,1358,17
1587481452.9314392,173.194.182.102,10.10.0.10,,,443,41888,0,1358,17
1587481452.933927,10.10.0.10,173.194.182.102,,,41888,443,0,37,17
1587481452.93586,173.194.182.102,10.10.0.10,,,443,41888,0,1358,17
1587481452.940353,173.194.182.102,10.10.0.10,,,443,41888,0,1358,17
1587481452.941888,10.10.0.10,173.194.182.102,,,41888,443,0,37,17
1587481452.944807,173.194.182.102,10.10.0.10,,,443,41888,0,1358,17
1587481452.949223,173.194.182.102,10.10.0.10,,,443,41888,0,1358,17
1587481452.9512222,10.10.0.10,173.194.182.102,,,41888,443,0,37,17
1587481452.9537199,173.194.182.102,10.10.0.10,,,443,41888,0,1358,17
1587481452.9581714,173.194.182.102,10.10.0.10,,,443,41888,0,1358,17
1587481452.9597652,10.10.0.10,173.194.182.102,,,41888,443,0,37,17
1587481452.9625866,173.194.182.102,10.10.0.10,,,443,41888,0,1358,17
1587481452.967079,173.194.182.102,10.10.0.10,,,443,41888,0,1358,17
1587481452.968891,10.10.0.10,173.194.182.102,,,41888,443,0,37,17
1587481452.971534,173.194.182.102,10.10.0.10,,,443,41888,0,1358,17
1587481452.975929,173.194.182.102,10.10.0.10,,,443,41888,0,1358,17
1587481452.9776678,10.10.0.10,173.194.182.102,,,41888,443,0,37,17
1587481452.980416,173.194.182.102,10.10.0.10,,,443,41888,0,1358,17
1587481452.984898,173.194.182.102,10.10.0.10,,,443,41888,0,1358,17
1587481452.9868062,10.10.0.10,173.194.182.102,,,41888,443,0,37,17
1587481452.9893026,173.194.182.102,10.10.0.10,,,443,41888,0,1358,17
1587481452.993808,173.194.182.102,10.10.0.10,,,443,41888,0,1358,17
1587481452.997571,10.10.0.10,173.194.182.102,,,41888,443,0,37,17
1587481452.998222,173.194.182.102,10.10.0.10,,,443,41888,0,1358,17
1587481453.00268,173.194.182.102,10.10.0.10,,,443,41888,0,1358,17
1587481453.004738,10.10.0.10,173.194.182.102,,,41888,443,0,37,17
1587481453.00716,173.194.182.102,10.10.0.10,,,443,41888,0,1358,17
1587481453.011614,173.194.182.102,10.10.0.10,,,443,41888,0,1358,17
1587481453.013446,10.10.0.10,173.194.182.102,,,41888,443,0,37,17
1587481453.0160098,173.194.182.102,10.10.0.10,,,443,41888,0,1358,17
1587481453.0205245,173.194.182.102,10.10.0.10,,,443,41888,0,1358,17
1587481453.0221212,10.10.0.10,173.194.182.102,,,41888,443,0,37,17
1587481453.024993,173.194.182.102,10.10.0.10,,,443,41888,0,1358,17
1587481453.029407,173.194.182.102,10.10.0.10,,,443,41888,0,1358,17
1587481453.031714,10.10.0.10,173.194.182.102,,,41888,443,0,50,17
1587481453.0338588,173.194.182.102,10.10.0.10,,,443,41888,0,1358,17
1587481453.03828,173.194.182.102,10.10.0.10,,,443,41888,0,1358,17
1587481453.0399182,10.10.0.10,173.194.182.102,,,41888,443,0,37,17
1587481453.0427456,173.194.182.102,10.10.0.10,,,443,41888,0,1358,17
1587481453.047249,173.194.182.102,10.10.0.10,,,443,41888,0,1358,17
1587481453.0490851,10.10.0.10,173.194.182.102,,,41888,443,0,37,17
1587481453.051643,173.194.182.102,10.10.0.10,,,443,41888,0,1358,17
1587481453.056135,173.194.182.102,10.10.0.10,,,443,41888,0,1358,17
1587481453.0604134,10.10.0.10,173.194.182.102,,,41888,443,0,40,17
1587481453.06055,173.194.182.102,10.10.0.10,,,443,41888,0,1358,17
1587481453.0610454,10.10.0.10,173.194.182.102,,,41888,443,0,40,17
1587481453.063154,10.10.0.10,173.194.182.102,,,41888,443,0,40,17
1587481453.0650668,173.194.182.102,10.10.0.10,,,443,41888,0,1358,17
1587481453.067049,10.10.0.10,173.194.182.102,,,41888,443,0,40,17
1587481453.0694964,173.194.182.102,10.10.0.10,,,443,41888,0,1358,17
1587481453.073951,173.194.182.102,10.10.0.10,,,443,41888,0,1358,17
1587481453.07568,10.10.0.10,173.194.182.102,,,41888,443,0,40,17
1587481453.0783901,173.194.182.102,10.10.0.10,,,443,41888,0,1358,17
1587481453.082856,173.194.182.102,10.10.0.10,,,443,41888,0,1358,17
1587481453.084744,10.10.0.10,173.194.182.102,,,41888,443,0,40,17
1587481453.0872881,173.194.182.102,10.10.0.10,,,443,41888,0,1358,17
1587481453.09173,173.194.182.102,10.10.0.10,,,443,41888,0,1358,17
1587481453.093212,10.10.0.10,173.194.182.102,,,41888,443,0,40,17
1587481453.09621,173.194.182.102,10.10.0.10,,,443,41888,0,1358,17
1587481453.100662,173.194.182.102,10.10.0.10,,,443,41888,0,1358,17
1587481453.1051214,173.194.182.102,10.10.0.10,,,443,41888,0,1358,17
1587481453.1051939,10.10.0.10,173.194.182.102,,,41888,443,0,40,17
1587481453.1095548,173.194.182.102,10.10.0.10,,,443,41888,0,1358,17
1587481453.114059,173.194.182.102,10.10.0.10,,,443,41888,0,1358,17
1587481453.1167555,10.10.0.10,173.194.182.102,,,41888,443,0,40,17
1587481453.118449,173.194.182.102,10.10.0.10,,,443,41888,0,1358,17
1587481453.1200829,10.10.0.10,173.194.182.102,,,41888,443,0,40,17
1587481453.122937,173.194.182.102,10.10.0.10,,,443,41888,0,1358,17
1587481453.1274161,173.194.182.102,10.10.0.10,,,443,41888,0,1358,17
1587481453.13187,173.194.182.102,10.10.0.10,,,443,41888,0,1358,17
1587481453.132753,10.10.0.10,173.194.182.102,,,41888,443,0,40,17
1587481453.136326,173.194.182.102,10.10.0.10,,,443,41888,0,1358,17
1587481453.139389,10.10.0.10,173.194.182.102,,,41888,443,0,40,17
1587481453.1407778,173.194.182.102,10.10.0.10,,,443,41888,0,1358,17
1587481453.145232,173.194.182.102,10.10.0.10,,,443,41888,0,1358,17
1587481453.1487591,10.10.0.10,173.194.182.102,,,41888,443,0,40,17
1587481453.14964,173.194.182.102,10.10.0.10,,,443,41888,0,1358,17
1587481453.1540835,173.194.182.102,10.10.0.10,,,443,41888,0,1358,17
1587481453.1563141,10.10.0.10,173.194.182.102,,,41888,443,0,40,17
1587481453.1586,173.194.182.102,10.10.0.10,,,443,41888,0,1358,17
1587481453.1630268,173.194.182.102,10.10.0.10,,,443,41888,0,1358,17
1587481453.164676,10.10.0.10,173.194.182.102,,,41888,443,0,40,17
1587481453.167505,173.194.182.102,10.10.0.10,,,443,41888,0,1358,17
1587481453.1719642,173.194.182.102,10.10.0.10,,,443,41888,0,1358,17
1587481453.1763911,173.194.182.102,10.10.0.10,,,443,41888,0,1358,17
1587481453.1792312,10.10.0.10,173.194.182.102,,,41888,443,0,40,17
1587481453.1808288,173.194.182.102,10.10.0.10,,,443,41888,0,1358,17
1587481453.1822019,10.10.0.10,173.194.182.102,,,41888,443,0,40,17
1587481453.185266,173.194.182.102,10.10.0.10,,,443,41888,0,1358,17
1587481453.189733,173.194.182.102,10.10.0.10,,,443,41888,0,1358,17
1587481453.191209,10.10.0.10,173.194.182.102,,,41888,443,0,53,17
1587481453.194207,173.194.182.102,10.10.0.10,,,443,41888,0,1358,17
1587481453.198704,173.194.182.102,10.10.0.10,,,443,41888,0,1358,17
1587481453.201086,10.10.0.10,173.194.182.102,,,41888,443,0,40,17
1587481453.2031431,173.194.182.102,10.10.0.10,,,443,41888,0,1358,17
1587481453.207597,173.194.182.102,10.10.0.10,,,443,41888,0,1358,17
1587481453.212018,173.194.182.102,10.10.0.10,,,443,41888,0,1358,17
1587481453.216514,173.194.182.102,10.10.0.10,,,443,41888,0,1358,17
1587481453.2209172,173.194.182.102,10.10.0.10,,,443,41888,0,1358,17
1587481453.225359,173.194.182.102,10.10.0.10,,,443,41888,0,1358,17
1587481453.2298374,173.194.182.102,10.10.0.10,,,443,41888,0,1358,17
1587481453.234126,10.10.0.10,173.194.182.102,,,41888,443,0,40,17
1587481453.234262,173.194.182.102,10.10.0.10,,,443,41888,0,1358,17
1587481453.238718,173.194.182.102,10.10.0.10,,,443,41888,0,1358,17
1587481453.24319,173.194.182.102,10.10.0.10,,,443,41888,0,1358,17
1587481453.247686,173.194.182.102,10.10.0.10,,,443,41888,0,1358,17
1587481453.250509,10.10.0.10,173.194.182.102,,,41888,443,0,40,17
1587481453.251817,10.10.0.10,173.194.182.102,,,41888,443,0,40,17
1587481453.252079,173.194.182.102,10.10.0.10,,,443,41888,0,1358,17
1587481453.2547119,10.10.0.10,173.194.182.102,,,41888,443,0,37,17
1587481453.255072,10.10.0.10,173.194.182.102,,,41888,443,0,37,17
1587481453.2554042,10.10.0.10,173.194.182.102,,,41888,443,0,37,17
1587481453.256568,173.194.182.102,10.10.0.10,,,443,41888,0,1358,17
1587481453.261049,173.194.182.102,10.10.0.10,,,443,41888,0,1358,17
1587481453.262957,10.10.0.10,173.194.182.102,,,41888,443,0,37,17
1587481453.2654438,173.194.182.102,10.10.0.10,,,443,41888,0,1358,17
1587481453.2699628,173.194.182.102,10.10.0.10,,,443,41888,0,1358,17
1587481453.271674,10.10.0.10,173.194.182.102,,,41888,443,0,37,17
1587481453.2744179,173.194.182.102,10.10.0.10,,,443,41888,0,1358,17
1587481453.275887,10.10.0.10,173.194.182.102,,,41888,443,0,40,17
1587481453.278809,173.194.182.102,10.10.0.10,,,443,41888,0,1358,17
1587481453.280402,10.10.0.10,173.194.182.102,,,41888,443,0,40,17
1587481453.283297,173.194.182.102,10.10.0.10,,,443,41888,0,1358,17
1587481453.2854366,10.10.0.10,173.194.182.102,,,41888,443,0,40,17
1587481453.2877812,173.194.182.102,10.10.0.10,,,443,41888,0,1358,17
1587481453.289591,10.10.0.10,173.194.182.102,,,41888,443,0,40,17
1587481453.2921731,173.194.182.102,10.10.0.10,,,443,41888,0,1358,17
1587481453.296689,173.194.182.102,10.10.0.10,,,443,41888,0,1358,17
1587481453.2980292,10.10.0.10,173.194.182.102,,,41888,443,0,40,17
1587481453.301143,173.194.182.102,10.10.0.10,,,443,41888,0,1358,17
1587481453.305536,173.194.182.102,10.10.0.10,,,443,41888,0,1358,17
1587481453.3068779,10.10.0.10,173.194.182.102,,,41888,443,0,40,17
1587481453.310052,173.194.182.102,10.10.0.10,,,443,41888,0,1358,17
1587481453.3145068,173.194.182.102,10.10.0.10,,,443,41888,0,1358,17
1587481453.315982,10.10.0.10,173.194.182.102,,,41888,443,0,40,17
1587481453.318899,173.194.182.102,10.10.0.10,,,443,41888,0,1358,17
1587481453.323416,173.194.182.102,10.10.0.10,,,443,41888,0,1358,17
1587481453.3251555,10.10.0.10,173.194.182.102,,,41888,443,0,40,17
1587481453.3278694,173.194.182.102,10.10.0.10,,,443,41888,0,1358,17
1587481453.332293,173.194.182.102,10.10.0.10,,,443,41888,0,1358,17
1587481453.333759,10.10.0.10,173.194.182.102,,,41888,443,0,40,17
1587481453.3367784,173.194.182.102,10.10.0.10,,,443,41888,0,1358,17
1587481453.3411946,173.194.182.102,10.10.0.10,,,443,41888,0,1358,17
1587481453.3440714,10.10.0.10,173.194.182.102,,,41888,443,0,40,17
1587481453.3456588,173.194.182.102,10.10.0.10,,,443,41888,0,1358,17
1587481453.350141,173.194.182.102,10.10.0.10,,,443,41888,0,1358,17
1587481453.351972,10.10.0.10,173.194.182.102,,,41888,443,0,53,17
1587481453.354597,173.194.182.102,10.10.0.10,,,443,41888,0,1358,17
1587481453.3565269,10.10.0.10,173.194.182.102,,,41888,443,0,42,17
1587481453.3590221,173.194.182.102,10.10.0.10,,,443,41888,0,1358,17
1587481453.360991,10.10.0.10,173.194.182.102,,,41888,443,0,42,17
1587481453.3635054,173.194.182.102,10.10.0.10,,,443,41888,0,1358,17
1587481453.3650448,10.10.0.10,173.194.182.102,,,41888,443,0,42,17
1587481453.367959,173.194.182.102,10.10.0.10,,,443,41888,0,1358,17
1587481453.370702,10.10.0.10,173.194.182.102,,,41888,443,0,42,17
1587481453.3723788,173.194.182.102,10.10.0.10,,,443,41888,0,1358,17
1587481453.3768694,173.194.182.102,10.10.0.10,,,443,41888,0,1358,17
1587481453.3785448,10.10.0.10,173.194.182.102,,,41888,443,0,42,17
1587481453.3813276,173.194.182.102,10.10.0.10,,,443,41888,0,1358,17
1587481453.38575,173.194.182.102,10.10.0.10,,,443,41888,0,1358,17
1587481453.387368,10.10.0.10,173.194.182.102,,,41888,443,0,42,17
1587481453.3902118,173.194.182.102,10.10.0.10,,,443,41888,0,1358,17
1587481453.39469,173.194.182.102,10.10.0.10,,,443,41888,0,1358,17
1587481453.3964348,10.10.0.10,173.194.182.102,,,41888,443,0,40,17
1587481453.3991132,173.194.182.102,10.10.0.10,,,443,41888,0,1358,17
1587481453.4036,173.194.182.102,10.10.0.10,,,443,41888,0,1358,17
1587481453.4051628,10.10.0.10,173.194.182.102,,,41888,443,0,40,17
1587481453.4080534,173.194.182.102,10.10.0.10,,,443,41888,0,1358,17
1587481453.409719,10.10.0.10,173.194.182.102,,,41888,443,0,42,17
1587481453.412456,173.194.182.102,10.10.0.10,,,443,41888,0,1358,17
1587481453.414247,10.10.0.10,173.194.182.102,,,41888,443,0,40,17
1587481453.416962,173.194.182.102,10.10.0.10,,,443,41888,0,1358,17
1587481453.421417,173.194.182.102,10.10.0.10,,,443,41888,0,1358,17
1587481453.423559,10.10.0.10,173.194.182.102,,,41888,443,0,40,17
1587481453.4258401,173.194.182.102,10.10.0.10,,,443,41888,0,1358,17
1587481453.430325,173.194.182.102,10.10.0.10,,,443,41888,0,1358,17
1587481453.4321814,10.10.0.10,173.194.182.102,,,41888,443,0,40,17
1587481453.4347801,173.194.182.102,10.10.0.10,,,443,41888,0,1358,17
1587481453.4392028,173.194.182.102,10.10.0.10,,,443,41888,0,1358,17
1587481453.4408698,10.10.0.10,173.194.182.102,,,41888,443,0,40,17
1587481453.4436898,173.194.182.102,10.10.0.10,,,443,41888,0,1358,17
1587481453.448144,173.194.182.102,10.10.0.10,,,443,41888,0,1358,17
1587481453.4497638,10.10.0.10,173.194.182.102,,,41888,443,0,40,17
1587481453.452566,173.194.182.102,10.10.0.10,,,443,41888,0,1358,17
1587481453.4570522,173.194.182.102,10.10.0.10,,,443,41888,0,1358,17
1587481453.458542,10.10.0.10,173.194.182.102,,,41888,443,0,40,17
1587481453.4615061,173.194.182.102,10.10.0.10,,,443,41888,0,1358,17
1587481453.4659278,173.194.182.102,10.10.0.10,,,443,41888,0,1358,17
1587481453.467742,10.10.0.10,173.194.182.102,,,41888,443,0,40,17
1587481453.470415,173.194.182.102,10.10.0.10,,,443,41888,0,1358,17
1587481453.474832,173.194.182.102,10.10.0.10,,,443,41888,0,1358,17
1587481453.4765382,10.10.0.10,173.194.182.102,,,41888,443,0,40,17
1587481453.4793012,173.194.182.102,10.10.0.10,,,443,41888,0,1358,17
1587481453.483778,173.194.182.102,10.10.0.10,,,443,41888,0,1358,17
1587481453.487559,10.10.0.10,173.194.182.102,,,41888,443,0,40,17
1587481453.4882019,173.194.182.102,10.10.0.10,,,443,41888,0,1358,17
1587481453.4926634,173.194.182.102,10.10.0.10,,,443,41888,0,1358,17
1587481453.494446,10.10.0.10,173.194.182.102,,,41888,443,0,40,17
1587481453.497142,173.194.182.102,10.10.0.10,,,443,41888,0,1358,17
1587481453.5015972,173.194.182.102,10.10.0.10,,,443,41888,0,1358,17
1587481453.503569,10.10.0.10,173.194.182.102,,,41888,443,0,53,17
1587481453.5060349,173.194.182.102,10.10.0.10,,,443,41888,0,1358,17
1587481453.5104866,173.194.182.102,10.10.0.10,,,443,41888,0,1358,17
1587481453.513293,10.10.0.10,173.194.182.102,,,41888,443,0,40,17
1587481453.514968,173.194.182.102,10.10.0.10,,,443,41888,0,1358,17
1587481453.519397,173.194.182.102,10.10.0.10,,,443,41888,0,1358,17
1587481453.5210054,10.10.0.10,173.194.182.102,,,41888,443,0,40,17
1587481453.5238776,173.194.182.102,10.10.0.10,,,443,41888,0,1358,17
1587481453.5283306,173.194.182.102,10.10.0.10,,,443,41888,0,1358,17
1587481453.5299642,10.10.0.10,173.194.182.102,,,41888,443,0,40,17
1587481453.532784,173.194.182.102,10.10.0.10,,,443,41888,0,1358,17
1587481453.53724,173.194.182.102,10.10.0.10,,,443,41888,0,1358,17
1587481453.539006,10.10.0.10,173.194.182.102,,,41888,443,0,40,17
1587481453.5417068,173.194.182.102,10.10.0.10,,,443,41888,0,1358,17
1587481453.5461473,173.194.182.102,10.10.0.10,,,443,41888,0,1358,17
1587481453.548568,10.10.0.10,173.194.182.102,,,41888,443,0,40,17
1587481453.550603,173.194.182.102,10.10.0.10,,,443,41888,0,1358,17
1587481453.555057,173.194.182.102,10.10.0.10,,,443,41888,0,1358,17
1587481453.5566108,10.10.0.10,173.194.182.102,,,41888,443,0,40,17
1587481453.559512,173.194.182.102,10.10.0.10,,,443,41888,0,1358,17
1587481453.563965,173.194.182.102,10.10.0.10,,,443,41888,0,29,17
1587481453.56409,173.194.182.102,10.10.0.10,,,443,41888,0,1358,17
1587481453.5663786,10.10.0.10,173.194.182.102,,,41888,443,0,37,17
1587481453.5686214,173.194.182.102,10.10.0.10,,,443,41888,0,1358,17
1587481453.5730758,173.194.182.102,10.10.0.10,,,443,41888,0,1358,17
1587481453.575174,10.10.0.10,173.194.182.102,,,41888,443,0,37,17
1587481453.577543,173.194.182.102,10.10.0.10,,,443,41888,0,1358,17
1587481453.581985,173.194.182.102,10.10.0.10,,,443,41888,0,1358,17
1587481453.5839028,10.10.0.10,173.194.182.102,,,41888,443,0,40,17
1587481453.586443,173.194.182.102,10.10.0.10,,,443,41888,0,1358,17
1587481453.588216,10.10.0.10,173.194.182.102,,,41888,443,0,37,17
1587481453.590894,173.194.182.102,10.10.0.10,,,443,41888,0,1358,17
1587481453.59536,173.194.182.102,10.10.0.10,,,443,41888,0,1358,17
1587481453.597128,10.10.0.10,173.194.182.102,,,41888,443,0,37,17
1587481453.599803,173.194.182.102,10.10.0.10,,,443,41888,0,1358,17
1587481453.6042588,173.194.182.102,10.10.0.10,,,443,41888,0,1358,17
1587481453.6062589,10.10.0.10,173.194.182.102,,,41888,443,0,37,17
1587481453.6087232,173.194.182.102,10.10.0.10,,,443,41888,0,1358,17
1587481453.6131651,173.194.182.102,10.10.0.10,,,443,41888,0,1358,17
1587481453.6150696,10.10.0.10,173.194.182.102,,,41888,443,0,37,17
1587481453.6176212,173.194.182.102,10.10.0.10,,,443,41888,0,1358,17
1587481453.622081,173.194.182.102,10.10.0.10,,,443,41888,0,1358,17
1587481453.6241126,10.10.0.10,173.194.182.102,,,41888,443,0,37,17
1587481453.6265302,173.194.182.102,10.10.0.10,,,443,41888,0,1358,17
1587481453.630984,173.194.182.102,10.10.0.10,,,443,41888,0,1358,17
1587481453.6329849,10.10.0.10,173.194.182.102,,,41888,443,0,37,17
1587481453.635427,173.194.182.102,10.10.0.10,,,443,41888,0,1358,17
1587481453.639893,173.194.182.102,10.10.0.10,,,443,41888,0,1358,17
1587481453.641419,10.10.0.10,173.194.182.102,,,41888,443,0,37,17
1587481453.6443481,173.194.182.102,10.10.0.10,,,443,41888,0,1358,17
1587481453.6487331,173.194.182.102,10.10.0.10,,,443,41888,0,1358,17
1587481453.6508029,10.10.0.10,173.194.182.102,,,41888,443,0,37,17
1587481453.6532214,173.194.182.102,10.10.0.10,,,443,41888,0,1358,17
1587481453.6577132,173.194.182.102,10.10.0.10,,,443,41888,0,1358,17
1587481453.659322,10.10.0.10,173.194.182.102,,,41888,443,0,37,17
1587481453.662102,173.194.182.102,10.10.0.10,,,443,41888,0,1358,17
1587481453.6665812,173.194.182.102,10.10.0.10,,,443,41888,0,1358,17
1587481453.6681955,10.10.0.10,173.194.182.102,,,41888,443,0,37,17
1587481453.671078,173.194.182.102,10.10.0.10,,,443,41888,0,1358,17
1587481453.6754632,173.194.182.102,10.10.0.10,,,443,41888,0,1358,17
1587481453.6770089,10.10.0.10,173.194.182.102,,,41888,443,0,50,17
1587481453.679985,173.194.182.102,10.10.0.10,,,443,41888,0,1358,17
1587481453.684449,173.194.182.102,10.10.0.10,,,443,41888,0,1358,17
1587481453.686197,10.10.0.10,173.194.182.102,,,41888,443,0,37,17
1587481453.688821,173.194.182.102,10.10.0.10,,,443,41888,0,1358,17
1587481453.693348,173.194.182.102,10.10.0.10,,,443,41888,0,1358,17
1587481453.694839,10.10.0.10,173.194.182.102,,,41888,443,0,37,17
1587481453.6978028,173.194.182.102,10.10.0.10,,,443,41888,0,1358,17
1587481453.7021859,173.194.182.102,10.10.0.10,,,443,41888,0,1358,17
1587481453.703824,10.10.0.10,173.194.182.102,,,41888,443,0,37,17
1587481453.7067132,173.194.182.102,10.10.0.10,,,443,41888,0,1358,17
1587481453.711167,173.194.182.102,10.10.0.10,,,443,41888,0,1358,17
1587481453.712846,10.10.0.10,173.194.182.102,,,41888,443,0,37,17
1587481453.7155485,173.194.182.102,10.10.0.10,,,443,41888,0,1358,17
1587481453.720074,173.194.182.102,10.10.0.10,,,443,41888,0,1358,17
1587481453.724514,173.194.182.102,10.10.0.10,,,443,41888,0,1358,17
1587481453.728945,173.194.182.102,10.10.0.10,,,443,41888,0,1358,17
1587481453.733438,173.194.182.102,10.10.0.10,,,443,41888,0,1358,17
1587481453.7378929,173.194.182.102,10.10.0.10,,,443,41888,0,1358,17
1587481453.74235,173.194.182.102,10.10.0.10,,,443,41888,0,1358,17
1587481453.7468038,173.194.182.102,10.10.0.10,,,443,41888,0,1358,17
1587481453.751256,173.194.182.102,10.10.0.10,,,443,41888,0,1358,17
1587481453.7557151,173.194.182.102,10.10.0.10,,,443,41888,0,1358,17
1587481453.757031,10.10.0.10,173.194.182.102,,,41888,443,0,40,17
1587481453.757099,10.10.0.10,173.194.182.102,,,41888,443,0,40,17
1587481453.7601652,173.194.182.102,10.10.0.10,,,443,41888,0,1358,17
1587481453.7615561,10.10.0.10,173.194.182.102,,,41888,443,0,40,17
1587481453.761609,10.10.0.10,173.194.182.102,,,41888,443,0,40,17
1587481453.762671,10.10.0.10,173.194.182.102,,,41888,443,0,40,17
1587481453.76443,10.10.0.10,173.194.182.102,,,41888,443,0,40,17
1587481453.764587,173.194.182.102,10.10.0.10,,,443,41888,0,1358,17
1587481453.765222,10.10.0.10,173.194.182.102,,,41888,443,0,40,17
1587481453.769031,173.194.182.102,10.10.0.10,,,443,41888,0,29,17
1587481453.769249,173.194.182.102,10.10.0.10,,,443,41888,0,1358,17
1587481453.7716534,10.10.0.10,173.194.182.102,,,41888,443,0,40,17
1587481453.7737298,173.194.182.102,10.10.0.10,,,443,41888,0,1358,17
1587481453.7781641,173.194.182.102,10.10.0.10,,,443,41888,0,1358,17
1587481453.779759,10.10.0.10,173.194.182.102,,,41888,443,0,40,17
1587481453.782568,173.194.182.102,10.10.0.10,,,443,41888,0,1358,17
1587481453.7870884,173.194.182.102,10.10.0.10,,,443,41888,0,1358,17
1587481453.78869,10.10.0.10,173.194.182.102,,,41888,443,0,40,17
1587481453.7915368,173.194.182.102,10.10.0.10,,,443,41888,0,1358,17
1587481453.7959974,173.194.182.102,10.10.0.10,,,443,41888,0,1358,17
1587481453.797693,10.10.0.10,173.194.182.102,,,41888,443,0,40,17
1587481453.8004508,173.194.182.102,10.10.0.10,,,443,41888,0,1358,17
1587481453.8049,173.194.182.102,10.10.0.10,,,443,41888,0,1358,17
1587481453.806585,10.10.0.10,173.194.182.102,,,41888,443,0,40,17
1587481453.809359,173.194.182.102,10.10.0.10,,,443,41888,0,1358,17
1587481453.8138099,173.194.182.102,10.10.0.10,,,443,41888,0,1358,17
1587481453.817129,10.10.0.10,173.194.182.102,,,41888,443,0,40,17
1587481453.818263,173.194.182.102,10.10.0.10,,,443,41888,0,1358,17
1587481453.822725,173.194.182.102,10.10.0.10,,,443,41888,0,1358,17
1587481453.8246279,10.10.0.10,173.194.182.102,,,41888,443,0,40,17
1587481453.8271732,173.194.182.102,10.10.0.10,,,443,41888,0,1358,17
1587481453.831586,173.194.182.102,10.10.0.10,,,443,41888,0,1358,17
1587481453.8341892,10.10.0.10,173.194.182.102,,,41888,443,0,40,17
1587481453.836058,173.194.182.102,10.10.0.10,,,443,41888,0,1358,17
1587481453.8405368,173.194.182.102,10.10.0.10,,,443,41888,0,1358,17
1587481453.8425472,10.10.0.10,173.194.182.102,,,41888,443,0,53,17
1587481453.844991,173.194.182.102,10.10.0.10,,,443,41888,0,1358,17
1587481453.8494446,173.194.182.102,10.10.0.10,,,443,41888,0,1358,17
1587481453.851248,10.10.0.10,173.194.182.102,,,41888,443,0,40,17
1587481453.85384,173.194.182.102,10.10.0.10,,,443,41888,0,1358,17
1587481453.858353,173.194.182.102,10.10.0.10,,,443,41888,0,1358,17
1587481453.8600874,10.10.0.10,173.194.182.102,,,41888,443,0,40,17
1587481453.862809,173.194.182.102,10.10.0.10,,,443,41888,0,1358,17
1587481453.8672614,173.194.182.102,10.10.0.10,,,443,41888,0,1358,17
1587481453.8690588,10.10.0.10,173.194.182.102,,,41888,443,0,40,17
1587481453.8716948,173.194.182.102,10.10.0.10,,,443,41888,0,1358,17
1587481453.8761704,173.194.182.102,10.10.0.10,,,443,41888,0,1358,17
1587481453.877899,10.10.0.10,173.194.182.102,,,41888,443,0,40,17
1587481453.880625,173.194.182.102,10.10.0.10,,,443,41888,0,1358,17
1587481453.8850641,173.194.182.102,10.10.0.10,,,443,41888,0,1358,17
1587481453.886625,10.10.0.10,173.194.182.102,,,41888,443,0,40,17
1587481453.889533,173.194.182.102,10.10.0.10,,,443,41888,0,1358,17
1587481453.893989,173.194.182.102,10.10.0.10,,,443,41888,0,1358,17
1587481453.8955965,10.10.0.10,173.194.182.102,,,41888,443,0,40,17
1587481453.8984444,173.194.182.102,10.10.0.10,,,443,41888,0,1358,17
1587481453.9028988,173.194.182.102,10.10.0.10,,,443,41888,0,1358,17
1587481453.904565,10.10.0.10,173.194.182.102,,,41888,443,0,40,17
1587481453.907352,173.194.182.102,10.10.0.10,,,443,41888,0,1358,17
1587481453.911806,173.194.182.102,10.10.0.10,,,443,41888,0,1358,17
1587481453.913413,10.10.0.10,173.194.182.102,,,41888,443,0,40,17
1587481453.916262,173.194.182.102,10.10.0.10,,,443,41888,0,1358,17
1587481453.9207149,173.194.182.102,10.10.0.10,,,443,41888,0,1358,17
1587481453.922677,10.10.0.10,173.194.182.102,,,41888,443,0,37,17
1587481453.925169,173.194.182.102,10.10.0.10,,,443,41888,0,1358,17
1587481453.929624,173.194.182.102,10.10.0.10,,,443,41888,0,1358,17
1587481453.931292,10.10.0.10,173.194.182.102,,,41888,443,0,37,17
1587481453.9340801,173.194.182.102,10.10.0.10,,,443,41888,0,1358,17
1587481453.9385376,173.194.182.102,10.10.0.10,,,443,41888,0,1358,17
1587481453.9401245,10.10.0.10,173.194.182.102,,,41888,443,0,37,17
1587481453.9429958,173.194.182.102,10.10.0.10,,,443,41888,0,1358,17
1587481453.9474409,173.194.182.102,10.10.0.10,,,443,41888,0,1358,17
1587481453.9492366,10.10.0.10,173.194.182.102,,,41888,443,0,37,17
1587481453.9518962,173.194.182.102,10.10.0.10,,,443,41888,0,1358,17
1587481453.956351,173.194.182.102,10.10.0.10,,,443,41888,0,1358,17
1587481453.958416,10.10.0.10,173.194.182.102,,,41888,443,0,37,17
1587481453.960809,173.194.182.102,10.10.0.10,,,443,41888,0,1358,17
1587481453.9652605,173.194.182.102,10.10.0.10,,,443,41888,0,991,17
1587481453.9668338,10.10.0.10,173.194.182.102,,,41888,443,0,37,17
1587481453.987016,10.10.0.10,173.194.182.102,,,41888,443,0,706,17
1587481453.9870741,10.10.0.10,173.194.182.102,,,41888,443,0,48,17
1587481454.00016,173.194.182.102,10.10.0.10,,,443,41888,0,115,17
1587481454.0003018,173.194.182.102,10.10.0.10,,,443,41888,0,1358,17
1587481454.000337,173.194.182.102,10.10.0.10,,,443,41888,0,1358,17
1587481454.001935,10.10.0.10,173.194.182.102,,,41888,443,0,37,17
1587481454.004499,173.194.182.102,10.10.0.10,,,443,41888,0,1358,17
1587481454.006252,10.10.0.10,173.194.182.102,,,41888,443,0,37,17
1587481454.0089571,173.194.182.102,10.10.0.10,,,443,41888,0,1358,17
1587481454.013409,173.194.182.102,10.10.0.10,,,443,41888,0,1358,17
1587481454.015106,10.10.0.10,173.194.182.102,,,41888,443,0,37,17
1587481454.017874,173.194.182.102,10.10.0.10,,,443,41888,0,1358,17
1587481454.0195642,10.10.0.10,173.194.182.102,,,41888,443,0,40,17
1587481454.022298,173.194.182.102,10.10.0.10,,,443,41888,0,1358,17
1587481454.0239599,10.10.0.10,173.194.182.102,,,41888,443,0,37,17
1587481454.026776,173.194.182.102,10.10.0.10,,,443,41888,0,1358,17
1587481454.031229,173.194.182.102,10.10.0.10,,,443,41888,0,1358,17
1587481454.0330858,10.10.0.10,173.194.182.102,,,41888,443,0,37,17
1587481454.0356839,173.194.182.102,10.10.0.10,,,443,41888,0,1358,17
1587481454.0401318,173.194.182.102,10.10.0.10,,,443,41888,0,1358,17
1587481454.0418382,10.10.0.10,173.194.182.102,,,41888,443,0,37,17
1587481454.044587,173.194.182.102,10.10.0.10,,,443,41888,0,1358,17
1587481454.049012,173.194.182.102,10.10.0.10,,,443,41888,0,1358,17
1587481454.0507288,10.10.0.10,173.194.182.102,,,41888,443,0,37,17
1587481454.053497,173.194.182.102,10.10.0.10,,,443,41888,0,1358,17
1587481454.0579321,173.194.182.102,10.10.0.10,,,443,41888,0,1358,17
1587481454.062089,10.10.0.10,173.194.182.102,,,41888,443,0,37,17
1587481454.0623422,173.194.182.102,10.10.0.10,,,443,41888,0,1358,17
1587481454.066833,173.194.182.102,10.10.0.10,,,443,41888,0,1358,17
1587481454.0695882,10.10.0.10,173.194.182.102,,,41888,443,0,37,17
1587481454.0713148,173.194.182.102,10.10.0.10,,,443,41888,0,1358,17
1587481454.075728,173.194.182.102,10.10.0.10,,,443,41888,0,1358,17
1587481454.0779002,10.10.0.10,173.194.182.102,,,41888,443,0,37,17
1587481454.0802221,173.194.182.102,10.10.0.10,,,443,41888,0,1358,17
1587481454.0846775,173.194.182.102,10.10.0.10,,,443,41888,0,1358,17
1587481454.086376,10.10.0.10,173.194.182.102,,,41888,443,0,37,17
1587481454.0890882,173.194.182.102,10.10.0.10,,,443,41888,0,1358,17
1587481454.093587,173.194.182.102,10.10.0.10,,,443,41888,0,1358,17
1587481454.09519,10.10.0.10,173.194.182.102,,,41888,443,0,37,17
1587481454.09804,173.194.182.102,10.10.0.10,,,443,41888,0,1358,17
1587481454.1024508,173.194.182.102,10.10.0.10,,,443,41888,0,1358,17
1587481454.104184,10.10.0.10,173.194.182.102,,,41888,443,0,37,17
1587481454.1069071,173.194.182.102,10.10.0.10,,,443,41888,0,1358,17
1587481454.111403,173.194.182.102,10.10.0.10,,,443,41888,0,1358,17
1587481454.113158,10.10.0.10,173.194.182.102,,,41888,443,0,37,17
1587481454.115817,173.194.182.102,10.10.0.10,,,443,41888,0,1358,17
1587481454.120311,173.194.182.102,10.10.0.10,,,443,41888,0,1358,17
1587481454.1221228,10.10.0.10,173.194.182.102,,,41888,443,0,37,17
1587481454.124767,173.194.182.102,10.10.0.10,,,443,41888,0,1358,17
1587481454.129161,173.194.182.102,10.10.0.10,,,443,41888,0,1358,17
1587481454.133674,173.194.182.102,10.10.0.10,,,443,41888,0,1358,17
1587481454.134809,10.10.0.10,173.194.182.102,,,41888,443,0,37,17
1587481454.138129,173.194.182.102,10.10.0.10,,,443,41888,0,1358,17
1587481454.139834,10.10.0.10,173.194.182.102,,,41888,443,0,37,17
1587481454.142544,173.194.182.102,10.10.0.10,,,443,41888,0,1358,17
1587481454.147038,173.194.182.102,10.10.0.10,,,443,41888,0,1358,17
1587481454.148707,10.10.0.10,173.194.182.102,,,41888,443,0,37,17
1587481454.151482,173.194.182.102,10.10.0.10,,,443,41888,0,1358,17
1587481454.155907,173.194.182.102,10.10.0.10,,,443,41888,0,1358,17
1587481454.1575232,10.10.0.10,173.194.182.102,,,41888,443,0,50,17
1587481454.1604028,173.194.182.102,10.10.0.10,,,443,41888,0,1358,17
1587481454.164832,173.194.182.102,10.10.0.10,,,443,41888,0,1358,17
1587481454.166368,10.10.0.10,173.194.182.102,,,41888,443,0,37,17
1587481454.169283,173.194.182.102,10.10.0.10,,,443,41888,0,1358,17
1587481454.1737652,173.194.182.102,10.10.0.10,,,443,41888,0,1358,17
1587481454.175328,10.10.0.10,173.194.182.102,,,41888,443,0,37,17
1587481454.1782188,173.194.182.102,10.10.0.10,,,443,41888,0,1358,17
1587481454.1826339,173.194.182.102,10.10.0.10,,,443,41888,0,1358,17
1587481454.184228,10.10.0.10,173.194.182.102,,,41888,443,0,37,17
1587481454.187129,173.194.182.102,10.10.0.10,,,443,41888,0,1358,17
1587481454.191585,173.194.182.102,10.10.0.10,,,443,41888,0,1358,17
1587481454.19325,10.10.0.10,173.194.182.102,,,41888,443,0,37,17
1587481454.1960132,173.194.182.102,10.10.0.10,,,443,41888,0,1358,17
1587481454.2004929,173.194.182.102,10.10.0.10,,,443,41888,0,1358,17
1587481454.202412,10.10.0.10,173.194.182.102,,,41888,443,0,37,17
1587481454.2049458,173.194.182.102,10.10.0.10,,,443,41888,0,1358,17
1587481454.209351,173.194.182.102,10.10.0.10,,,443,41888,0,1358,17
1587481454.211,10.10.0.10,173.194.182.102,,,41888,443,0,37,17
1587481454.2138536,173.194.182.102,10.10.0.10,,,443,41888,0,1358,17
1587481454.2183099,173.194.182.102,10.10.0.10,,,443,41888,0,1358,17
1587481454.219718,10.10.0.10,173.194.182.102,,,41888,443,0,37,17
1587481454.222738,173.194.182.102,10.10.0.10,,,443,41888,0,1358,17
1587481454.227218,173.194.182.102,10.10.0.10,,,443,41888,0,1358,17
1587481454.228748,10.10.0.10,173.194.182.102,,,41888,443,0,37,17
1587481454.231673,173.194.182.102,10.10.0.10,,,443,41888,0,1358,17
1587481454.2361012,173.194.182.102,10.10.0.10,,,443,41888,0,1358,17
1587481454.2378528,10.10.0.10,173.194.182.102,,,41888,443,0,37,17
1587481454.240581,173.194.182.102,10.10.0.10,,,443,41888,0,1358,17
1587481454.2450044,173.194.182.102,10.10.0.10,,,443,41888,0,1358,17
1587481454.2467172,10.10.0.10,173.194.182.102,,,41888,443,0,37,17
1587481454.24949,173.194.182.102,10.10.0.10,,,443,41888,0,1358,17
1587481454.2539036,173.194.182.102,10.10.0.10,,,443,41888,0,1358,17
1587481454.255449,10.10.0.10,173.194.182.102,,,41888,443,0,37,17
1587481454.258399,173.194.182.102,10.10.0.10,,,443,41888,0,1358,17
1587481454.2628536,173.194.182.102,10.10.0.10,,,443,41888,0,1358,17
1587481454.266295,10.10.0.10,173.194.182.102,,,41888,443,0,37,17
1587481454.2673068,173.194.182.102,10.10.0.10,,,443,41888,0,1358,17
1587481454.271773,173.194.182.102,10.10.0.10,,,443,41888,0,1358,17
1587481454.273626,10.10.0.10,173.194.182.102,,,41888,443,0,37,17
1587481454.276216,173.194.182.102,10.10.0.10,,,443,41888,0,1358,17
1587481454.2806704,173.194.182.102,10.10.0.10,,,443,41888,0,1358,17
1587481454.283103,10.10.0.10,173.194.182.102,,,41888,443,0,37,17
1587481454.285125,173.194.182.102,10.10.0.10,,,443,41888,0,1358,17
1587481454.289579,173.194.182.102,10.10.0.10,,,443,41888,0,1358,17
1587481454.291354,10.10.0.10,173.194.182.102,,,41888,443,0,37,17
1587481454.294034,173.194.182.102,10.10.0.10,,,443,41888,0,1358,17
1587481454.2984884,173.194.182.102,10.10.0.10,,,443,41888,0,1358,17
1587481454.3001044,10.10.0.10,173.194.182.102,,,41888,443,0,37,17
1587481454.302944,173.194.182.102,10.10.0.10,,,443,41888,0,1358,17
1587481454.3073974,173.194.182.102,10.10.0.10,,,443,41888,0,1358,17
1587481454.309042,10.10.0.10,173.194.182.102,,,41888,443,0,37,17
1587481454.3118641,173.194.182.102,10.10.0.10,,,443,41888,0,1358,17
1587481454.3163052,173.194.182.102,10.10.0.10,,,443,41888,0,1358,17
1587481454.318409,10.10.0.10,173.194.182.102,,,41888,443,0,37,17
1587481454.32073,173.194.182.102,10.10.0.10,,,443,41888,0,1358,17
1587481454.3252141,173.194.182.102,10.10.0.10,,,443,41888,0,1358,17
1587481454.326894,10.10.0.10,173.194.182.102,,,41888,443,0,37,17
1587481454.3296704,173.194.182.102,10.10.0.10,,,443,41888,0,1358,17
1587481454.334124,173.194.182.102,10.10.0.10,,,443,41888,0,1358,17
1587481454.3357725,10.10.0.10,173.194.182.102,,,41888,443,0,50,17
1587481454.338536,173.194.182.102,10.10.0.10,,,443,41888,0,1358,17
1587481454.343033,173.194.182.102,10.10.0.10,,,443,41888,0,1358,17
1587481454.3447301,10.10.0.10,173.194.182.102,,,41888,443,0,37,17
1587481454.347486,173.194.182.102,10.10.0.10,,,443,41888,0,1358,17
1587481454.351941,173.194.182.102,10.10.0.10,,,443,41888,0,1358,17
1587481454.3537474,10.10.0.10,173.194.182.102,,,41888,443,0,37,17
1587481454.3563948,173.194.182.102,10.10.0.10,,,443,41888,0,1358,17
1587481454.36085,173.194.182.102,10.10.0.10,,,443,41888,0,1358,17
1587481454.362536,10.10.0.10,173.194.182.102,,,41888,443,0,37,17
1587481454.3652759,173.194.182.102,10.10.0.10,,,443,41888,0,1358,17
1587481454.3697402,173.194.182.102,10.10.0.10,,,443,41888,0,1358,17
1587481454.3742132,173.194.182.102,10.10.0.10,,,443,41888,0,1358,17
1587481454.3773296,10.10.0.10,173.194.182.102,,,41888,443,0,37,17
1587481454.378668,173.194.182.102,10.10.0.10,,,443,41888,0,1358,17
1587481454.380267,10.10.0.10,173.194.182.102,,,41888,443,0,37,17
1587481454.383127,173.194.182.102,10.10.0.10,,,443,41888,0,1358,17
1587481454.387577,173.194.182.102,10.10.0.10,,,443,41888,0,1358,17
1587481454.389251,10.10.0.10,173.194.182.102,,,41888,443,0,37,17
1587481454.392038,173.194.182.102,10.10.0.10,,,443,41888,0,1358,17
1587481454.396462,173.194.182.102,10.10.0.10,,,443,41888,0,1358,17
1587481454.398416,10.10.0.10,173.194.182.102,,,41888,443,0,37,17
1587481454.400945,173.194.182.102,10.10.0.10,,,443,41888,0,1358,17
1587481454.405412,173.194.182.102,10.10.0.10,,,443,41888,0,1358,17
1587481454.406977,10.10.0.10,173.194.182.102,,,41888,443,0,37,17
1587481454.40985,173.194.182.102,10.10.0.10,,,443,41888,0,1358,17
1587481454.4143028,173.194.182.102,10.10.0.10,,,443,41888,0,1358,17
1587481454.4160779,10.10.0.10,173.194.182.102,,,41888,443,0,37,17
1587481454.418752,173.194.182.102,10.10.0.10,,,443,41888,0,1358,17
1587481454.4232142,173.194.182.102,10.10.0.10,,,443,41888,0,1358,17
1587481454.4250212,10.10.0.10,173.194.182.102,,,41888,443,0,37,17
1587481454.427667,173.194.182.102,10.10.0.10,,,443,41888,0,1358,17
1587481454.432127,173.194.182.102,10.10.0.10,,,443,41888,0,1358,17
1587481454.434914,10.10.0.10,173.194.182.102,,,41888,443,0,37,17
1587481454.436579,173.194.182.102,10.10.0.10,,,443,41888,0,1358,17
1587481454.44103,173.194.182.102,10.10.0.10,,,443,41888,0,1358,17
1587481454.4429634,10.10.0.10,173.194.182.102,,,41888,443,0,37,17
1587481454.445488,173.194.182.102,10.10.0.10,,,443,41888,0,1358,17
1587481454.449943,173.194.182.102,10.10.0.10,,,443,41888,0,1358,17
1587481454.451601,10.10.0.10,173.194.182.102,,,41888,443,0,37,17
1587481454.4543982,173.194.182.102,10.10.0.10,,,443,41888,0,1358,17
1587481454.458818,173.194.182.102,10.10.0.10,,,443,41888,0,1358,17
1587481454.4604769,10.10.0.10,173.194.182.102,,,41888,443,0,37,17
1587481454.4633029,173.194.182.102,10.10.0.10,,,443,41888,0,1358,17
1587481454.4677572,173.194.182.102,10.10.0.10,,,443,41888,0,1358,17
1587481454.470191,10.10.0.10,173.194.182.102,,,41888,443,0,37,17
1587481454.472218,173.194.182.102,10.10.0.10,,,443,41888,0,1358,17
1587481454.4766028,173.194.182.102,10.10.0.10,,,443,41888,0,1358,17
1587481454.478395,10.10.0.10,173.194.182.102,,,41888,443,0,37,17
1587481454.4811196,173.194.182.102,10.10.0.10,,,443,41888,0,1358,17
1587481454.4855068,173.194.182.102,10.10.0.10,,,443,41888,0,1358,17
1587481454.490028,173.194.182.102,10.10.0.10,,,443,41888,0,1358,17
1587481454.494483,173.194.182.102,10.10.0.10,,,443,41888,0,1358,17
1587481454.498875,173.194.182.102,10.10.0.10,,,443,41888,0,1358,17
1587481454.5033958,173.194.182.102,10.10.0.10,,,443,41888,0,1358,17
1587481454.507849,173.194.182.102,10.10.0.10,,,443,41888,0,1358,17
1587481454.512307,173.194.182.102,10.10.0.10,,,443,41888,0,1358,17
1587481454.5152285,10.10.0.10,173.194.182.102,,,41888,443,0,37,17
1587481454.516726,173.194.182.102,10.10.0.10,,,443,41888,0,1358,17
1587481454.5187962,10.10.0.10,173.194.182.102,,,41888,443,0,37,17
1587481454.518855,10.10.0.10,173.194.182.102,,,41888,443,0,37,17
1587481454.5188668,10.10.0.10,173.194.182.102,,,41888,443,0,50,17
1587481454.521209,173.194.182.102,10.10.0.10,,,443,41888,0,1358,17
1587481454.522768,10.10.0.10,173.194.182.102,,,41888,443,0,37,17
1587481454.5256634,173.194.182.102,10.10.0.10,,,443,41888,0,1358,17
1587481454.5301216,173.194.182.102,10.10.0.10,,,443,41888,0,1358,17
1587481454.53358,10.10.0.10,173.194.182.102,,,41888,443,0,37,17
1587481454.5345721,173.194.182.102,10.10.0.10,,,443,41888,0,1358,17
1587481454.539028,173.194.182.102,10.10.0.10,,,443,41888,0,1358,17
1587481454.5406828,10.10.0.10,173.194.182.102,,,41888,443,0,37,17
1587481454.5434804,173.194.182.102,10.10.0.10,,,443,41888,0,1358,17
1587481454.547935,173.194.182.102,10.10.0.10,,,443,41888,0,29,17
1587481454.548066,173.194.182.102,10.10.0.10,,,443,41888,0,1358,17
1587481454.54996,10.10.0.10,173.194.182.102,,,41888,443,0,37,17
1587481454.552595,173.194.182.102,10.10.0.10,,,443,41888,0,1358,17
1587481454.55705,173.194.182.102,10.10.0.10,,,443,41888,0,1358,17
1587481454.5587056,10.10.0.10,173.194.182.102,,,41888,443,0,37,17
1587481454.5615,173.194.182.102,10.10.0.10,,,443,41888,0,1358,17
1587481454.565959,173.194.182.102,10.10.0.10,,,443,41888,0,1358,17
1587481454.5677712,10.10.0.10,173.194.182.102,,,41888,443,0,37,17
1587481454.570411,173.194.182.102,10.10.0.10,,,443,41888,0,1358,17
1587481454.574839,173.194.182.102,10.10.0.10,,,443,41888,0,1358,17
1587481454.5764296,10.10.0.10,173.194.182.102,,,41888,443,0,37,17
1587481454.579318,173.194.182.102,10.10.0.10,,,443,41888,0,1358,17
1587481454.583771,173.194.182.102,10.10.0.10,,,443,41888,0,1358,17
1587481454.585466,10.10.0.10,173.194.182.102,,,41888,443,0,37,17
1587481454.5881972,173.194.182.102,10.10.0.10,,,443,41888,0,1358,17
1587481454.5926864,173.194.182.102,10.10.0.10,,,443,41888,0,1358,17
1587481454.5944998,10.10.0.10,173.194.182.102,,,41888,443,0,37,17
1587481454.5971394,173.194.182.102,10.10.0.10,,,443,41888,0,1358,17
1587481454.6015902,173.194.182.102,10.10.0.10,,,443,41888,0,1358,17
1587481454.6032481,10.10.0.10,173.194.182.102,,,41888,443,0,37,17
1587481454.606049,173.194.182.102,10.10.0.10,,,443,41888,0,1358,17
1587481454.610502,173.194.182.102,10.10.0.10,,,443,41888,0,1358,17
1587481454.6120589,10.10.0.10,173.194.182.102,,,41888,443,0,37,17
1587481454.614953,173.194.182.102,10.10.0.10,,,443,41888,0,1358,17
1587481454.6193812,173.194.182.102,10.10.0.10,,,443,41888,0,1358,17
1587481454.6209722,10.10.0.10,173.194.182.102,,,41888,443,0,37,17
1587481454.6238608,173.194.182.102,10.10.0.10,,,443,41888,0,1358,17
1587481454.628315,173.194.182.102,10.10.0.10,,,443,41888,0,1358,17
1587481454.63004,10.10.0.10,173.194.182.102,,,41888,443,0,37,17
1587481454.6327431,173.194.182.102,10.10.0.10,,,443,41888,0,1358,17
1587481454.637224,173.194.182.102,10.10.0.10,,,443,41888,0,1358,17
1587481454.6390188,10.10.0.10,173.194.182.102,,,41888,443,0,37,17
1587481454.6416779,173.194.182.102,10.10.0.10,,,443,41888,0,1358,17
1587481454.6461332,173.194.182.102,10.10.0.10,,,443,41888,0,1358,17
1587481454.6479368,10.10.0.10,173.194.182.102,,,41888,443,0,37,17
1587481454.650592,173.194.182.102,10.10.0.10,,,443,41888,0,1358,17
1587481454.655041,173.194.182.102,10.10.0.10,,,443,41888,0,1358,17
1587481454.656643,10.10.0.10,173.194.182.102,,,41888,443,0,37,17
1587481454.659496,173.194.182.102,10.10.0.10,,,443,41888,0,1358,17
1587481454.6639102,173.194.182.102,10.10.0.10,,,443,41888,0,1358,17
1587481454.6655688,10.10.0.10,173.194.182.102,,,41888,443,0,37,17
1587481454.668405,173.194.182.102,10.10.0.10,,,443,41888,0,1358,17
1587481454.672859,173.194.182.102,10.10.0.10,,,443,41888,0,1358,17
1587481454.6750588,10.10.0.10,173.194.182.102,,,41888,443,0,37,17
1587481454.677315,173.194.182.102,10.10.0.10,,,443,41888,0,1358,17
1587481454.681767,173.194.182.102,10.10.0.10,,,443,41888,0,1358,17
1587481454.683583,10.10.0.10,173.194.182.102,,,41888,443,0,37,17
1587481454.686222,173.194.182.102,10.10.0.10,,,443,41888,0,1358,17
1587481454.6906474,173.194.182.102,10.10.0.10,,,443,41888,0,1358,17
1587481454.6926682,10.10.0.10,173.194.182.102,,,41888,443,0,50,17
1587481454.6951325,173.194.182.102,10.10.0.10,,,443,41888,0,1358,17
1587481454.699585,173.194.182.102,10.10.0.10,,,443,41888,0,1358,17
1587481454.701332,10.10.0.10,173.194.182.102,,,41888,443,0,37,17
1587481454.70404,173.194.182.102,10.10.0.10,,,443,41888,0,1358,17
1587481454.7084956,173.194.182.102,10.10.0.10,,,443,41888,0,1358,17
1587481454.7106464,10.10.0.10,173.194.182.102,,,41888,443,0,37,17
1587481454.71295,173.194.182.102,10.10.0.10,,,443,41888,0,1358,17
1587481454.717404,173.194.182.102,10.10.0.10,,,443,41888,0,1358,17
1587481454.7192602,10.10.0.10,173.194.182.102,,,41888,443,0,37,17
1587481454.721859,173.194.182.102,10.10.0.10,,,443,41888,0,1358,17
1587481454.726312,173.194.182.102,10.10.0.10,,,443,41888,0,1358,17
1587481454.7279332,10.10.0.10,173.194.182.102,,,41888,443,0,37,17
1587481454.730766,173.194.182.102,10.10.0.10,,,443,41888,0,1358,17
1587481454.73522,173.194.182.102,10.10.0.10,,,443,41888,0,32,17
1587481454.735372,173.194.182.102,10.10.0.10,,,443,41888,0,1358,17
1587481454.736939,10.10.0.10,173.194.182.102,,,41888,443,0,37,17
1587481454.739886,173.194.182.102,10.10.0.10,,,443,41888,0,1358,17
1587481454.7443411,173.194.182.102,10.10.0.10,,,443,41888,0,1358,17
1587481454.7460039,10.10.0.10,173.194.182.102,,,41888,443,0,37,17
1587481454.7487302,173.194.182.102,10.10.0.10,,,443,41888,0,1358,17
1587481454.753249,173.194.182.102,10.10.0.10,,,443,41888,0,1358,17
1587481454.75504,10.10.0.10,173.194.182.102,,,41888,443,0,37,17
1587481454.757705,173.194.182.102,10.10.0.10,,,443,41888,0,1358,17
1587481454.762112,173.194.182.102,10.10.0.10,,,443,41888,0,1358,17
1587481454.7638724,10.10.0.10,173.194.182.102,,,41888,443,0,37,17
1587481454.766553,173.194.182.102,10.10.0.10,,,443,41888,0,1358,17
1587481454.771067,173.194.182.102,10.10.0.10,,,443,41888,0,1358,17
1587481454.772789,10.10.0.10,173.194.182.102,,,41888,443,0,37,17
1587481454.775456,173.194.182.102,10.10.0.10,,,443,41888,0,1358,17
1587481454.779976,173.194.182.102,10.10.0.10,,,443,41888,0,1358,17
1587481454.7817779,10.10.0.10,173.194.182.102,,,41888,443,0,37,17
1587481454.78443,173.194.182.102,10.10.0.10,,,443,41888,0,1358,17
1587481454.788824,173.194.182.102,10.10.0.10,,,443,41888,0,1358,17
1587481454.791143,10.10.0.10,173.194.182.102,,,41888,443,0,37,17
1587481454.7933102,173.194.182.102,10.10.0.10,,,443,41888,0,1358,17
1587481454.7977939,173.194.182.102,10.10.0.10,,,443,41888,0,1358,17
1587481454.799665,10.10.0.10,173.194.182.102,,,41888,443,0,37,17
1587481454.8021839,173.194.182.102,10.10.0.10,,,443,41888,0,1358,17
1587481454.8067029,173.194.182.102,10.10.0.10,,,443,41888,0,1358,17
1587481454.8081868,10.10.0.10,173.194.182.102,,,41888,443,0,37,17
1587481454.8111556,173.194.182.102,10.10.0.10,,,443,41888,0,1358,17
1587481454.81555,173.194.182.102,10.10.0.10,,,443,41888,0,1358,17
1587481454.817064,10.10.0.10,173.194.182.102,,,41888,443,0,37,17
1587481454.820041,173.194.182.102,10.10.0.10,,,443,41888,0,1358,17
1587481454.8245196,173.194.182.102,10.10.0.10,,,443,41888,0,1358,17
1587481454.82612,10.10.0.10,173.194.182.102,,,41888,443,0,37,17
1587481454.8289142,173.194.182.102,10.10.0.10,,,443,41888,0,1358,17
1587481454.83343,173.194.182.102,10.10.0.10,,,443,41888,0,1358,17
1587481454.835508,10.10.0.10,173.194.182.102,,,41888,443,0,37,17
1587481454.837883,173.194.182.102,10.10.0.10,,,443,41888,0,1358,17
1587481454.842297,173.194.182.102,10.10.0.10,,,443,41888,0,1358,17
1587481454.8441231,10.10.0.10,173.194.182.102,,,41888,443,0,37,17
1587481454.846792,173.194.182.102,10.10.0.10,,,443,41888,0,1358,17
1587481454.851247,173.194.182.102,10.10.0.10,,,443,41888,0,1358,17
1587481454.8529751,10.10.0.10,173.194.182.102,,,41888,443,0,37,17
1587481454.8556616,173.194.182.102,10.10.0.10,,,443,41888,0,1358,17
1587481454.860157,173.194.182.102,10.10.0.10,,,443,41888,0,1358,17
1587481454.861807,10.10.0.10,173.194.182.102,,,41888,443,0,37,17
1587481454.864609,173.194.182.102,10.10.0.10,,,443,41888,0,1358,17
1587481454.869023,173.194.182.102,10.10.0.10,,,443,41888,0,1358,17
1587481454.871425,10.10.0.10,173.194.182.102,,,41888,443,0,50,17
1587481454.873518,173.194.182.102,10.10.0.10,,,443,41888,0,1358,17
1587481454.8779721,173.194.182.102,10.10.0.10,,,443,41888,0,1358,17
1587481454.879997,10.10.0.10,173.194.182.102,,,41888,443,0,37,17
1587481454.882384,173.194.182.102,10.10.0.10,,,443,41888,0,1358,17
1587481454.8868818,173.194.182.102,10.10.0.10,,,443,41888,0,1358,17
1587481454.888492,10.10.0.10,173.194.182.102,,,41888,443,0,37,17
1587481454.891275,173.194.182.102,10.10.0.10,,,443,41888,0,1358,17
1587481454.89575,173.194.182.102,10.10.0.10,,,443,41888,0,1358,17
1587481454.8978288,10.10.0.10,173.194.182.102,,,41888,443,0,37,17
1587481454.9002578,173.194.182.102,10.10.0.10,,,443,41888,0,1358,17
1587481454.904681,173.194.182.102,10.10.0.10,,,443,41888,0,1358,17
1587481454.906392,10.10.0.10,173.194.182.102,,,41888,443,0,37,17
1587481454.9091132,173.194.182.102,10.10.0.10,,,443,41888,0,1358,17
1587481454.913608,173.194.182.102,10.10.0.10,,,443,41888,0,1358,17
1587481454.9157438,10.10.0.10,173.194.182.102,,,41888,443,0,37,17
1587481454.918062,173.194.182.102,10.10.0.10,,,443,41888,0,1358,17
1587481454.922477,173.194.182.102,10.10.0.10,,,443,41888,0,29,17
1587481454.922648,173.194.182.102,10.10.0.10,,,443,41888,0,1358,17
1587481454.924247,10.10.0.10,173.194.182.102,,,41888,443,0,37,17
1587481454.9271731,173.194.182.102,10.10.0.10,,,443,41888,0,1358,17
1587481454.9316268,173.194.182.102,10.10.0.10,,,443,41888,0,1358,17
1587481454.933393,10.10.0.10,173.194.182.102,,,41888,443,0,37,17
1587481454.9360561,173.194.182.102,10.10.0.10,,,443,41888,0,1358,17
1587481454.940537,173.194.182.102,10.10.0.10,,,443,41888,0,1358,17
1587481454.9422612,10.10.0.10,173.194.182.102,,,41888,443,0,37,17
1587481454.9449902,173.194.182.102,10.10.0.10,,,443,41888,0,1358,17
1587481454.949445,173.194.182.102,10.10.0.10,,,443,41888,0,1358,17
1587481454.9519556,10.10.0.10,173.194.182.102,,,41888,443,0,37,17
1587481454.953899,173.194.182.102,10.10.0.10,,,443,41888,0,1358,17
1587481454.958353,173.194.182.102,10.10.0.10,,,443,41888,0,1358,17
1587481454.960473,10.10.0.10,173.194.182.102,,,41888,443,0,37,17
1587481454.962808,173.194.182.102,10.10.0.10,,,443,41888,0,1358,17
1587481454.967262,173.194.182.102,10.10.0.10,,,443,41888,0,1358,17
1587481454.9691448,10.10.0.10,173.194.182.102,,,41888,443,0,37,17
1587481454.971716,173.194.182.102,10.10.0.10,,,443,41888,0,1358,17
1587481454.9761698,173.194.182.102,10.10.0.10,,,443,41888,0,1358,17
1587481454.978207,10.10.0.10,173.194.182.102,,,41888,443,0,37,17
1587481454.9806054,173.194.182.102,10.10.0.10,,,443,41888,0,1358,17
1587481454.98508,173.194.182.102,10.10.0.10,,,443,41888,0,1358,17
1587481454.986999,10.10.0.10,173.194.182.102,,,41888,443,0,37,17
1587481454.9895349,173.194.182.102,10.10.0.10,,,443,41888,0,1358,17
1587481454.9939892,173.194.182.102,10.10.0.10,,,443,41888,0,1358,17
1587481454.9959571,10.10.0.10,173.194.182.102,,,41888,443,0,37,17
1587481454.9983878,173.194.182.102,10.10.0.10,,,443,41888,0,1358,17
1587481455.002896,173.194.182.102,10.10.0.10,,,443,41888,0,1358,17
1587481455.004936,10.10.0.10,173.194.182.102,,,41888,443,0,40,17
1587481455.0073519,173.194.182.102,10.10.0.10,,,443,41888,0,1358,17
1587481455.0091221,10.10.0.10,173.194.182.102,,,41888,443,0,37,17
1587481455.011807,173.194.182.102,10.10.0.10,,,443,41888,0,1358,17
1587481455.01626,173.194.182.102,10.10.0.10,,,443,41888,0,1358,17
1587481455.0182474,10.10.0.10,173.194.182.102,,,41888,443,0,37,17
1587481455.020715,173.194.182.102,10.10.0.10,,,443,41888,0,1358,17
1587481455.025169,173.194.182.102,10.10.0.10,,,443,41888,0,1358,17
1587481455.0274522,10.10.0.10,173.194.182.102,,,41888,443,0,37,17
1587481455.029623,173.194.182.102,10.10.0.10,,,443,41888,0,1358,17
1587481455.034078,173.194.182.102,10.10.0.10,,,443,41888,0,1358,17
1587481455.0378098,10.10.0.10,173.194.182.102,,,41888,443,0,37,17
1587481455.0384948,173.194.182.102,10.10.0.10,,,443,41888,0,1358,17
1587481455.0429866,173.194.182.102,10.10.0.10,,,443,41888,0,1358,17
1587481455.0450606,10.10.0.10,173.194.182.102,,,41888,443,0,50,17
1587481455.047442,173.194.182.102,10.10.0.10,,,443,41888,0,1358,17
1587481455.0519068,173.194.182.102,10.10.0.10,,,443,41888,0,1358,17
1587481455.05381,10.10.0.10,173.194.182.102,,,41888,443,0,37,17
1587481455.05635,173.194.182.102,10.10.0.10,,,443,41888,0,1358,17
1587481455.060804,173.194.182.102,10.10.0.10,,,443,41888,0,1358,17
1587481455.062867,10.10.0.10,173.194.182.102,,,41888,443,0,37,17
1587481455.0652616,173.194.182.102,10.10.0.10,,,443,41888,0,1358,17
1587481455.0697136,173.194.182.102,10.10.0.10,,,443,41888,0,1358,17
1587481455.0728724,10.10.0.10,173.194.182.102,,,41888,443,0,37,17
1587481455.074168,173.194.182.102,10.10.0.10,,,443,41888,0,1358,17
1587481455.078624,173.194.182.102,10.10.0.10,,,443,41888,0,1358,17
1587481455.0816221,10.10.0.10,173.194.182.102,,,41888,443,0,37,17
1587481455.0830774,173.194.182.102,10.10.0.10,,,443,41888,0,1358,17
1587481455.0875304,173.194.182.102,10.10.0.10,,,443,41888,0,32,17
1587481455.087672,173.194.182.102,10.10.0.10,,,443,41888,0,1358,17
1587481455.0900161,10.10.0.10,173.194.182.102,,,41888,443,0,37,17
1587481455.092136,173.194.182.102,10.10.0.10,,,443,41888,0,1358,17
1587481455.0966544,173.194.182.102,10.10.0.10,,,443,41888,0,1358,17
1587481455.1002738,10.10.0.10,173.194.182.102,,,41888,443,0,37,17
1587481455.1010802,173.194.182.102,10.10.0.10,,,443,41888,0,1358,17
1587481455.1054988,173.194.182.102,10.10.0.10,,,443,41888,0,1358,17
1587481455.108685,10.10.0.10,173.194.182.102,,,41888,443,0,37,17
1587481455.1100152,173.194.182.102,10.10.0.10,,,443,41888,0,1358,17
1587481455.1144464,173.194.182.102,10.10.0.10,,,443,41888,0,1358,17
1587481455.1177652,10.10.0.10,173.194.182.102,,,41888,443,0,37,17
1587481455.1188624,173.194.182.102,10.10.0.10,,,443,41888,0,1358,17
1587481455.123378,173.194.182.102,10.10.0.10,,,443,41888,0,1358,17
1587481455.125841,10.10.0.10,173.194.182.102,,,41888,443,0,37,17
1587481455.127832,173.194.182.102,10.10.0.10,,,443,41888,0,1358,17
1587481455.1322222,173.194.182.102,10.10.0.10,,,443,41888,0,1358,17
1587481455.134827,10.10.0.10,173.194.182.102,,,41888,443,0,37,17
1587481455.136743,173.194.182.102,10.10.0.10,,,443,41888,0,1358,17
1587481455.1411538,173.194.182.102,10.10.0.10,,,443,41888,0,1358,17
1587481455.143601,10.10.0.10,173.194.182.102,,,41888,443,0,37,17
1587481455.145601,173.194.182.102,10.10.0.10,,,443,41888,0,1358,17
1587481455.1500409,173.194.182.102,10.10.0.10,,,443,41888,0,1358,17
1587481455.1522632,10.10.0.10,173.194.182.102,,,41888,443,0,37,17
1587481455.1544864,173.194.182.102,10.10.0.10,,,443,41888,0,1358,17
1587481455.1589742,173.194.182.102,10.10.0.10,,,443,41888,0,1358,17
1587481455.161784,10.10.0.10,173.194.182.102,,,41888,443,0,37,17
1587481455.1634312,173.194.182.102,10.10.0.10,,,443,41888,0,1358,17
1587481455.167883,173.194.182.102,10.10.0.10,,,443,41888,0,1358,17
1587481455.170217,10.10.0.10,173.194.182.102,,,41888,443,0,37,17
1587481455.1723301,173.194.182.102,10.10.0.10,,,443,41888,0,1358,17
1587481455.176827,173.194.182.102,10.10.0.10,,,443,41888,0,1358,17
1587481455.179025,10.10.0.10,173.194.182.102,,,41888,443,0,37,17
1587481455.1812804,173.194.182.102,10.10.0.10,,,443,41888,0,1358,17
1587481455.185704,173.194.182.102,10.10.0.10,,,443,41888,0,1358,17
1587481455.188169,10.10.0.10,173.194.182.102,,,41888,443,0,37,17
1587481455.1901894,173.194.182.102,10.10.0.10,,,443,41888,0,1358,17
1587481455.1945982,173.194.182.102,10.10.0.10,,,443,41888,0,1358,17
1587481455.196686,10.10.0.10,173.194.182.102,,,41888,443,0,37,17
1587481455.1990454,173.194.182.102,10.10.0.10,,,443,41888,0,1358,17
1587481455.2035189,173.194.182.102,10.10.0.10,,,443,41888,0,1358,17
1587481455.20561,10.10.0.10,173.194.182.102,,,41888,443,0,37,17
1587481455.2079961,173.194.182.102,10.10.0.10,,,443,41888,0,1358,17
1587481455.212427,173.194.182.102,10.10.0.10,,,443,41888,0,1358,17
1587481455.2163801,10.10.0.10,173.194.182.102,,,41888,443,0,37,17
1587481455.216883,173.194.182.102,10.10.0.10,,,443,41888,0,1358,17
1587481455.221359,173.194.182.102,10.10.0.10,,,443,41888,0,1358,17
1587481455.22455,10.10.0.10,173.194.182.102,,,41888,443,0,50,17
1587481455.2257562,173.194.182.102,10.10.0.10,,,443,41888,0,1358,17
1587481455.2302258,173.194.182.102,10.10.0.10,,,443,41888,0,1358,17
1587481455.2334569,10.10.0.10,173.194.182.102,,,41888,443,0,40,17
1587481455.2347002,173.194.182.102,10.10.0.10,,,443,41888,0,1358,17
1587481455.2368698,10.10.0.10,173.194.182.102,,,41888,443,0,37,17
1587481455.23915,173.194.182.102,10.10.0.10,,,443,41888,0,1358,17
1587481455.243632,173.194.182.102,10.10.0.10,,,443,41888,0,1358,17
1587481455.248041,173.194.182.102,10.10.0.10,,,443,41888,0,1358,17
1587481455.2525148,173.194.182.102,10.10.0.10,,,443,41888,0,1358,17
1587481455.2570028,173.194.182.102,10.10.0.10,,,443,41888,0,1358,17
1587481455.2592838,10.10.0.10,173.194.182.102,,,41888,443,0,37,17
1587481455.2597618,10.10.0.10,173.194.182.102,,,41888,443,0,37,17
1587481455.261455,173.194.182.102,10.10.0.10,,,443,41888,0,1358,17
1587481455.2643216,10.10.0.10,173.194.182.102,,,41888,443,0,37,17
1587481455.265882,173.194.182.102,10.10.0.10,,,443,41888,0,29,17
1587481455.266079,173.194.182.102,10.10.0.10,,,443,41888,0,1358,17
1587481455.2705386,173.194.182.102,10.10.0.10,,,443,41888,0,1358,17
1587481455.2724738,10.10.0.10,173.194.182.102,,,41888,443,0,37,17
1587481455.274959,173.194.182.102,10.10.0.10,,,443,41888,0,1358,17
1587481455.279424,173.194.182.102,10.10.0.10,,,443,41888,0,1358,17
1587481455.281305,10.10.0.10,173.194.182.102,,,41888,443,0,37,17
1587481455.283898,173.194.182.102,10.10.0.10,,,443,41888,0,1358,17
1587481455.288384,173.194.182.102,10.10.0.10,,,443,41888,0,1358,17
1587481455.2901082,10.10.0.10,173.194.182.102,,,41888,443,0,37,17
1587481455.2928214,173.194.182.102,10.10.0.10,,,443,41888,0,1358,17
1587481455.297299,173.194.182.102,10.10.0.10,,,443,41888,0,1358,17
1587481455.2990842,10.10.0.10,173.194.182.102,,,41888,443,0,37,17
1587481455.301754,173.194.182.102,10.10.0.10,,,443,41888,0,1358,17
1587481455.306184,173.194.182.102,10.10.0.10,,,443,41888,0,1358,17
1587481455.308528,10.10.0.10,173.194.182.102,,,41888,443,0,37,17
1587481455.310663,173.194.182.102,10.10.0.10,,,443,41888,0,1358,17
1587481455.315119,173.194.182.102,10.10.0.10,,,443,41888,0,1358,17
1587481455.318607,10.10.0.10,173.194.182.102,,,41888,443,0,37,17
1587481455.319546,173.194.182.102,10.10.0.10,,,443,41888,0,1358,17
1587481455.3240268,173.194.182.102,10.10.0.10,,,443,41888,0,1358,17
1587481455.326159,10.10.0.10,173.194.182.102,,,41888,443,0,37,17
1587481455.3284366,173.194.182.102,10.10.0.10,,,443,41888,0,1358,17
1587481455.3329024,173.194.182.102,10.10.0.10,,,443,41888,0,1358,17
1587481455.334915,10.10.0.10,173.194.182.102,,,41888,443,0,37,17
1587481455.3373349,173.194.182.102,10.10.0.10,,,443,41888,0,1358,17
1587481455.3418188,173.194.182.102,10.10.0.10,,,443,41888,0,1358,17
1587481455.343698,10.10.0.10,173.194.182.102,,,41888,443,0,37,17
1587481455.346246,173.194.182.102,10.10.0.10,,,443,41888,0,1358,17
1587481455.3507562,173.194.182.102,10.10.0.10,,,443,41888,0,1358,17
1587481455.3542411,10.10.0.10,173.194.182.102,,,41888,443,0,37,17
1587481455.3551822,173.194.182.102,10.10.0.10,,,443,41888,0,1358,17
1587481455.359643,173.194.182.102,10.10.0.10,,,443,41888,0,1358,17
1587481455.361578,10.10.0.10,173.194.182.102,,,41888,443,0,37,17
1587481455.36412,173.194.182.102,10.10.0.10,,,443,41888,0,1358,17
1587481455.368575,173.194.182.102,10.10.0.10,,,443,41888,0,1358,17
1587481455.370452,10.10.0.10,173.194.182.102,,,41888,443,0,37,17
1587481455.3730278,173.194.182.102,10.10.0.10,,,443,41888,0,1358,17
1587481455.377487,173.194.182.102,10.10.0.10,,,443,41888,0,1358,17
1587481455.379184,10.10.0.10,173.194.182.102,,,41888,443,0,37,17
1587481455.381903,173.194.182.102,10.10.0.10,,,443,41888,0,1358,17
1587481455.383933,10.10.0.10,173.194.182.102,,,41888,443,0,40,17
1587481455.3863964,173.194.182.102,10.10.0.10,,,443,41888,0,1358,17
1587481455.390396,10.10.0.10,173.194.182.102,,,41888,443,0,50,17
1587481455.390813,173.194.182.102,10.10.0.10,,,443,41888,0,1358,17
1587481455.395304,173.194.182.102,10.10.0.10,,,443,41888,0,1358,17
1587481455.3972268,10.10.0.10,173.194.182.102,,,41888,443,0,37,17
1587481455.399759,173.194.182.102,10.10.0.10,,,443,41888,0,1358,17
1587481455.4041412,173.194.182.102,10.10.0.10,,,443,41888,0,1358,17
1587481455.405908,10.10.0.10,173.194.182.102,,,41888,443,0,37,17
1587481455.408609,173.194.182.102,10.10.0.10,,,443,41888,0,1358,17
1587481455.41306,173.194.182.102,10.10.0.10,,,443,41888,0,1358,17
1587481455.414591,10.10.0.10,173.194.182.102,,,41888,443,0,37,17
1587481455.417527,173.194.182.102,10.10.0.10,,,443,41888,0,29,17
1587481455.4177158,173.194.182.102,10.10.0.10,,,443,41888,0,1358,17
1587481455.422154,173.194.182.102,10.10.0.10,,,443,41888,0,1358,17
1587481455.424057,10.10.0.10,173.194.182.102,,,41888,443,0,37,17
1587481455.4266212,173.194.182.102,10.10.0.10,,,443,41888,0,1358,17
1587481455.431119,173.194.182.102,10.10.0.10,,,443,41888,0,1358,17
1587481455.4330268,10.10.0.10,173.194.182.102,,,41888,443,0,37,17
1587481455.435517,173.194.182.102,10.10.0.10,,,443,41888,0,1358,17
1587481455.4400284,173.194.182.102,10.10.0.10,,,443,41888,0,1358,17
1587481455.4420931,10.10.0.10,173.194.182.102,,,41888,443,0,37,17
1587481455.4444838,173.194.182.102,10.10.0.10,,,443,41888,0,1358,17
1587481455.448882,173.194.182.102,10.10.0.10,,,443,41888,0,1358,17
1587481455.450866,10.10.0.10,173.194.182.102,,,41888,443,0,37,17
1587481455.4533956,173.194.182.102,10.10.0.10,,,443,41888,0,1358,17
1587481455.45785,173.194.182.102,10.10.0.10,,,443,41888,0,1358,17
1587481455.459613,10.10.0.10,173.194.182.102,,,41888,443,0,37,17
1587481455.4622948,173.194.182.102,10.10.0.10,,,443,41888,0,1358,17
1587481455.46676,173.194.182.102,10.10.0.10,,,443,41888,0,1358,17
1587481455.471214,173.194.182.102,10.10.0.10,,,443,41888,0,1358,17
1587481455.47331,10.10.0.10,173.194.182.102,,,41888,443,0,37,17
1587481455.4756668,173.194.182.102,10.10.0.10,,,443,41888,0,1358,17
1587481455.4774685,10.10.0.10,173.194.182.102,,,41888,443,0,37,17
1587481455.4801252,173.194.182.102,10.10.0.10,,,443,41888,0,1358,17
1587481455.484551,173.194.182.102,10.10.0.10,,,443,41888,0,1358,17
1587481455.486346,10.10.0.10,173.194.182.102,,,41888,443,0,37,17
1587481455.489038,173.194.182.102,10.10.0.10,,,443,41888,0,1358,17
1587481455.49349,173.194.182.102,10.10.0.10,,,443,41888,0,1358,17
1587481455.4950292,10.10.0.10,173.194.182.102,,,41888,443,0,37,17
1587481455.497941,173.194.182.102,10.10.0.10,,,443,41888,0,1358,17
1587481455.502395,173.194.182.102,10.10.0.10,,,443,41888,0,1358,17
1587481455.5040526,10.10.0.10,173.194.182.102,,,41888,443,0,37,17
1587481455.50685,173.194.182.102,10.10.0.10,,,443,41888,0,1358,17
1587481455.511303,173.194.182.102,10.10.0.10,,,443,41888,0,1358,17
1587481455.5129929,10.10.0.10,173.194.182.102,,,41888,443,0,37,17
1587481455.515759,173.194.182.102,10.10.0.10,,,443,41888,0,1358,17
1587481455.5202134,173.194.182.102,10.10.0.10,,,443,41888,0,1358,17
1587481455.5224302,10.10.0.10,173.194.182.102,,,41888,443,0,37,17
1587481455.5246668,173.194.182.102,10.10.0.10,,,443,41888,0,1358,17
1587481455.5291238,173.194.182.102,10.10.0.10,,,443,41888,0,1358,17
1587481455.5308428,10.10.0.10,173.194.182.102,,,41888,443,0,37,17
1587481455.533575,173.194.182.102,10.10.0.10,,,443,41888,0,1358,17
1587481455.538002,173.194.182.102,10.10.0.10,,,443,41888,0,1358,17
1587481455.54172,10.10.0.10,173.194.182.102,,,41888,443,0,37,17
1587481455.5424852,173.194.182.102,10.10.0.10,,,443,41888,0,1358,17
1587481455.54694,173.194.182.102,10.10.0.10,,,443,41888,0,1358,17
1587481455.5487509,10.10.0.10,173.194.182.102,,,41888,443,0,37,17
1587481455.551394,173.194.182.102,10.10.0.10,,,443,41888,0,1358,17
1587481455.55585,173.194.182.102,10.10.0.10,,,443,41888,0,1358,17
1587481455.559257,10.10.0.10,173.194.182.102,,,41888,443,0,37,17
1587481455.560302,173.194.182.102,10.10.0.10,,,443,41888,0,1358,17
1587481455.5647562,173.194.182.102,10.10.0.10,,,443,41888,0,1358,17
1587481455.5664678,10.10.0.10,173.194.182.102,,,41888,443,0,50,17
1587481455.5692134,173.194.182.102,10.10.0.10,,,443,41888,0,1358,17
1587481455.573666,173.194.182.102,10.10.0.10,,,443,41888,0,1358,17
1587481455.575384,10.10.0.10,173.194.182.102,,,41888,443,0,37,17
1587481455.57812,173.194.182.102,10.10.0.10,,,443,41888,0,1358,17
1587481455.582576,173.194.182.102,10.10.0.10,,,443,41888,0,1358,17
1587481455.5848649,10.10.0.10,173.194.182.102,,,41888,443,0,37,17
1587481455.5870292,173.194.182.102,10.10.0.10,,,443,41888,0,1358,17
1587481455.591487,173.194.182.102,10.10.0.10,,,443,41888,0,1358,17
1587481455.5959089,173.194.182.102,10.10.0.10,,,443,41888,0,1358,17
1587481455.600395,173.194.182.102,10.10.0.10,,,443,41888,0,1358,17
1587481455.6048539,173.194.182.102,10.10.0.10,,,443,41888,0,1358,17
1587481455.6093118,173.194.182.102,10.10.0.10,,,443,41888,0,1358,17
1587481455.613777,173.194.182.102,10.10.0.10,,,443,41888,0,1358,17
1587481455.618216,173.194.182.102,10.10.0.10,,,443,41888,0,1358,17
1587481455.6226714,173.194.182.102,10.10.0.10,,,443,41888,0,1358,17
1587481455.6271224,173.194.182.102,10.10.0.10,,,443,41888,0,1358,17
1587481455.665767,173.194.182.102,10.10.0.10,,,443,41888,0,1358,17
1587481455.6797106,10.10.0.10,173.194.182.102,,,41888,443,0,37,17
1587481455.6827948,10.10.0.10,173.194.182.102,,,41888,443,0,37,17
1587481455.685819,10.10.0.10,173.194.182.102,,,41888,443,0,37,17
1587481455.688441,10.10.0.10,173.194.182.102,,,41888,443,0,37,17
1587481455.6886704,10.10.0.10,173.194.182.102,,,41888,443,0,37,17
1587481455.689977,173.194.182.102,10.10.0.10,,,443,41888,0,1358,17
1587481455.6918776,10.10.0.10,173.194.182.102,,,41888,443,0,37,17
1587481455.693336,173.194.182.102,10.10.0.10,,,443,41888,0,1358,17
1587481455.6938019,173.194.182.102,10.10.0.10,,,443,41888,0,1358,17
1587481455.6955802,10.10.0.10,173.194.182.102,,,41888,443,0,37,17
1587481455.7021296,173.194.182.102,10.10.0.10,,,443,41888,0,1358,17
1587481455.702719,173.194.182.102,10.10.0.10,,,443,41888,0,1358,17
1587481455.710103,173.194.182.102,10.10.0.10,,,443,41888,0,1358,17
1587481455.7116554,173.194.182.102,10.10.0.10,,,443,41888,0,1358,17
1587481455.717839,173.194.182.102,10.10.0.10,,,443,41888,0,1358,17
1587481455.720566,173.194.182.102,10.10.0.10,,,443,41888,0,1358,17
1587481455.725066,173.194.182.102,10.10.0.10,,,443,41888,0,1358,17
1587481455.7294748,173.194.182.102,10.10.0.10,,,443,41888,0,1358,17
1587481455.733929,173.194.182.102,10.10.0.10,,,443,41888,0,1358,17
1587481455.738382,173.194.182.102,10.10.0.10,,,443,41888,0,1358,17
1587481455.742839,173.194.182.102,10.10.0.10,,,443,41888,0,1358,17
1587481455.7472384,173.194.182.102,10.10.0.10,,,443,41888,0,1358,17
1587481455.751718,173.194.182.102,10.10.0.10,,,443,41888,0,1358,17
1587481455.7561722,173.194.182.102,10.10.0.10,,,443,41888,0,1358,17
1587481455.7606258,173.194.182.102,10.10.0.10,,,443,41888,0,1358,17
1587481455.878364,173.194.182.102,10.10.0.10,,,443,41888,0,1358,17
1587481455.9232285,10.10.0.10,173.194.182.102,,,41888,443,0,37,17
1587481455.9359162,173.194.182.102,10.10.0.10,,,443,41888,0,1358,17
1587481456.097833,173.194.182.102,10.10.0.10,,,443,41888,0,1358,17
1587481456.2598786,173.194.182.102,10.10.0.10,,,443,41888,0,1358,17
1587481456.406486,10.10.0.10,173.194.182.102,,,41888,443,0,712,17
1587481456.421401,173.194.182.102,10.10.0.10,,,443,41888,0,29,17
1587481456.5232828,10.10.0.10,173.194.182.102,,,41888,443,0,48,17
1587481456.5246365,10.10.0.10,173.194.182.102,,,41888,443,0,712,17
1587481456.5350852,173.194.182.102,10.10.0.10,,,443,41888,0,29,17
1587481456.5374641,173.194.182.102,10.10.0.10,,,443,41888,0,29,17
1587481456.646326,10.10.0.10,173.194.182.102,,,41888,443,0,37,17
1587481456.646373,10.10.0.10,173.194.182.102,,,41888,443,0,37,17
1587481456.6577141,173.194.182.102,10.10.0.10,,,443,41888,0,1358,17
1587481456.65773,173.194.182.102,10.10.0.10,,,443,41888,0,1358,17
1587481456.7632668,10.10.0.10,173.194.182.102,,,41888,443,0,37,17
1587481456.763288,10.10.0.10,173.194.182.102,,,41888,443,0,37,17
1587481456.766582,10.10.0.10,173.194.182.102,,,41888,443,0,37,17
1587481456.768106,10.10.0.10,173.194.182.102,,,41888,443,0,37,17
1587481456.768136,10.10.0.10,173.194.182.102,,,41888,443,0,37,17
1587481456.7682939,10.10.0.10,173.194.182.102,,,41888,443,0,48,17
1587481456.7738366,173.194.182.102,10.10.0.10,,,443,41888,0,1358,17
1587481456.773847,173.194.182.102,10.10.0.10,,,443,41888,0,1358,17
1587481456.8766658,10.10.0.10,173.194.182.102,,,41888,443,0,712,17
1587481456.876704,10.10.0.10,173.194.182.102,,,41888,443,0,48,17
1587481456.884295,173.194.182.102,10.10.0.10,,,443,41888,0,29,17
1587481456.8877652,10.10.0.10,173.194.182.102,,,41888,443,0,37,17
1587481456.889299,173.194.182.102,10.10.0.10,,,443,41888,0,1358,17
1587481456.891217,10.10.0.10,173.194.182.102,,,41888,443,0,37,17
1587481456.89697,10.10.0.10,173.194.182.102,,,41888,443,0,37,17
1587481456.897496,10.10.0.10,173.194.182.102,,,41888,443,0,37,17
1587481456.998109,10.10.0.10,173.194.182.102,,,41888,443,0,37,17
1587481457.000693,173.194.182.102,10.10.0.10,,,443,41888,0,1358,17
1587481457.1120632,173.194.182.102,10.10.0.10,,,443,41888,0,1358,17
1587481457.1181085,10.10.0.10,173.194.182.102,,,41888,443,0,37,17
1587481457.2005491,10.10.0.10,173.194.182.102,,,41888,443,0,37,17
1587481457.2234142,173.194.182.102,10.10.0.10,,,443,41888,0,1358,17
1587481457.2855482,10.10.0.10,173.194.182.102,,,41888,443,0,37,17
1587481457.334768,173.194.182.102,10.10.0.10,,,443,41888,0,1358,17
1587481457.3897884,10.10.0.10,173.194.182.102,,,41888,443,0,37,17
1587481457.4461539,173.194.182.102,10.10.0.10,,,443,41888,0,1358,17
1587481457.51079,10.10.0.10,173.194.182.102,,,41888,443,0,37,17
1587481457.5575204,173.194.182.102,10.10.0.10,,,443,41888,0,1358,17
1587481457.624433,10.10.0.10,173.194.182.102,,,41888,443,0,37,17
1587481457.6822212,173.194.182.102,10.10.0.10,,,443,41888,0,29,17
1587481457.687257,173.194.182.102,10.10.0.10,,,443,41888,0,1358,17
1587481457.720189,10.10.0.10,173.194.182.102,,,41888,443,0,37,17
1587481457.798623,173.194.182.102,10.10.0.10,,,443,41888,0,1358,17
1587481457.837165,10.10.0.10,173.194.182.102,,,41888,443,0,37,17
1587481457.909982,173.194.182.102,10.10.0.10,,,443,41888,0,1358,17
1587481457.976279,10.10.0.10,173.194.182.102,,,41888,443,0,37,17
1587481458.021344,173.194.182.102,10.10.0.10,,,443,41888,0,1358,17
1587481458.087898,10.10.0.10,173.194.182.102,,,41888,443,0,37,17
1587481458.1326694,173.194.182.102,10.10.0.10,,,443,41888,0,1358,17
1587481458.197405,10.10.0.10,173.194.182.102,,,41888,443,0,37,17
1587481458.24401,173.194.182.102,10.10.0.10,,,443,41888,0,1358,17
1587481458.2456741,10.10.0.10,173.194.182.102,,,41888,443,0,40,17
1587481458.3554142,173.194.182.102,10.10.0.10,,,443,41888,0,1358,17
1587481458.357,10.10.0.10,173.194.182.102,,,41888,443,0,40,17
1587481458.466774,173.194.182.102,10.10.0.10,,,443,41888,0,1358,17
1587481458.468354,10.10.0.10,173.194.182.102,,,41888,443,0,40,17
1587481458.578134,173.194.182.102,10.10.0.10,,,443,41888,0,1358,17
1587481458.5798578,10.10.0.10,173.194.182.102,,,41888,443,0,53,17
1587481458.7028532,173.194.182.102,10.10.0.10,,,443,41888,0,1358,17
1587481458.7617528,10.10.0.10,173.194.182.102,,,41888,443,0,40,17
1587481458.814216,173.194.182.102,10.10.0.10,,,443,41888,0,1358,17
1587481458.8564892,10.10.0.10,173.194.182.102,,,41888,443,0,40,17
1587481458.9308536,173.194.182.102,10.10.0.10,,,443,41888,0,1358,17
1587481458.997694,10.10.0.10,173.194.182.102,,,41888,443,0,40,17
1587481459.0555751,173.194.182.102,10.10.0.10,,,443,41888,0,1358,17
1587481459.12256,10.10.0.10,173.194.182.102,,,41888,443,0,40,17
1587481459.18239,173.194.182.102,10.10.0.10,,,443,41888,0,1358,17
1587481459.248216,10.10.0.10,173.194.182.102,,,41888,443,0,40,17
1587481459.293809,173.194.182.102,10.10.0.10,,,443,41888,0,1358,17
1587481459.358798,10.10.0.10,173.194.182.102,,,41888,443,0,40,17
1587481459.4104614,173.194.182.102,10.10.0.10,,,443,41888,0,1358,17
1587481459.474866,10.10.0.10,173.194.182.102,,,41888,443,0,40,17
1587481459.5320618,173.194.182.102,10.10.0.10,,,443,41888,0,1358,17
1587481459.5753732,10.10.0.10,173.194.182.102,,,41888,443,0,40,17
1587481459.653667,173.194.182.102,10.10.0.10,,,443,41888,0,1358,17
1587481459.765034,173.194.182.102,10.10.0.10,,,443,41888,0,1358,17
1587481459.772745,10.10.0.10,173.194.182.102,,,41888,443,0,40,17
1587481459.7728038,10.10.0.10,173.194.182.102,,,41888,443,0,43,17
1587481459.876376,173.194.182.102,10.10.0.10,,,443,41888,0,1358,17
1587481459.893039,10.10.0.10,173.194.182.102,,,41888,443,0,40,17
1587481459.9979858,173.194.182.102,10.10.0.10,,,443,41888,0,1358,17
1587481460.1093402,173.194.182.102,10.10.0.10,,,443,41888,0,1358,17
1587481460.225937,173.194.182.102,10.10.0.10,,,443,41888,0,1358,17
1587481460.340673,173.194.182.102,10.10.0.10,,,443,41888,0,1358,17
1587481460.4570231,173.194.182.102,10.10.0.10,,,443,41888,0,1358,17
1587481460.568381,173.194.182.102,10.10.0.10,,,443,41888,0,1358,17
1587481460.6879814,173.194.182.102,10.10.0.10,,,443,41888,0,1358,17
1587481460.710595,10.10.0.10,173.194.182.102,,,41888,443,0,40,17
1587481460.79935,173.194.182.102,10.10.0.10,,,443,41888,0,1358,17
1587481460.800909,10.10.0.10,173.194.182.102,,,41888,443,0,37,17
1587481460.8041332,10.10.0.10,173.194.182.102,,,41888,443,0,37,17
1587481460.8041868,10.10.0.10,173.194.182.102,,,41888,443,0,37,17
1587481460.808202,10.10.0.10,173.194.182.102,,,41888,443,0,37,17
1587481460.910723,173.194.182.102,10.10.0.10,,,443,41888,0,1358,17
1587481460.979033,10.10.0.10,173.194.182.102,,,41888,443,0,37,17
1587481461.0220695,173.194.182.102,10.10.0.10,,,443,41888,0,1358,17
1587481461.086234,10.10.0.10,173.194.182.102,,,41888,443,0,37,17
1587481461.1334212,173.194.182.102,10.10.0.10,,,443,41888,0,1358,17
1587481461.196291,10.10.0.10,173.194.182.102,,,41888,443,0,37,17
1587481461.248121,173.194.182.102,10.10.0.10,,,443,41888,0,1358,17
1587481461.283928,10.10.0.10,173.194.182.102,,,41888,443,0,37,17
1587481461.359498,173.194.182.102,10.10.0.10,,,443,41888,0,1358,17
1587481461.424488,10.10.0.10,173.194.182.102,,,41888,443,0,37,17
1587481461.474218,173.194.182.102,10.10.0.10,,,443,41888,0,1358,17
1587481461.5230849,10.10.0.10,173.194.182.102,,,41888,443,0,37,17
1587481461.585582,173.194.182.102,10.10.0.10,,,443,41888,0,1358,17
1587481461.6326964,10.10.0.10,173.194.182.102,,,41888,443,0,37,17
1587481461.6969464,173.194.182.102,10.10.0.10,,,443,41888,0,1358,17
1587481461.7442498,10.10.0.10,173.194.182.102,,,41888,443,0,37,17
1587481461.808306,173.194.182.102,10.10.0.10,,,443,41888,0,1358,17
1587481461.8770866,10.10.0.10,173.194.182.102,,,41888,443,0,37,17
1587481461.9196649,173.194.182.102,10.10.0.10,,,443,41888,0,1358,17
1587481461.9887948,10.10.0.10,173.194.182.102,,,41888,443,0,37,17
1587481462.0310268,173.194.182.102,10.10.0.10,,,443,41888,0,1358,17
1587481462.0916748,10.10.0.10,173.194.182.102,,,41888,443,0,37,17
1587481462.142377,173.194.182.102,10.10.0.10,,,443,41888,0,1358,17
1587481462.197333,10.10.0.10,173.194.182.102,,,41888,443,0,37,17
1587481462.253727,173.194.182.102,10.10.0.10,,,443,41888,0,1358,17
1587481462.3214312,10.10.0.10,173.194.182.102,,,41888,443,0,37,17
1587481462.3650918,173.194.182.102,10.10.0.10,,,443,41888,0,1358,17
1587481462.420439,10.10.0.10,173.194.182.102,,,41888,443,0,50,17
1587481462.476463,173.194.182.102,10.10.0.10,,,443,41888,0,1358,17
1587481462.5164428,10.10.0.10,173.194.182.102,,,41888,443,0,37,17
1587481462.5878189,173.194.182.102,10.10.0.10,,,443,41888,0,1358,17
1587481462.6558292,10.10.0.10,173.194.182.102,,,41888,443,0,37,17
1587481462.699181,173.194.182.102,10.10.0.10,,,443,41888,0,1358,17
1587481462.7352762,10.10.0.10,173.194.182.102,,,41888,443,0,37,17
1587481462.810551,173.194.182.102,10.10.0.10,,,443,41888,0,1358,17
1587481462.849287,10.10.0.10,173.194.182.102,,,41888,443,0,37,17
1587481462.92191,173.194.182.102,10.10.0.10,,,443,41888,0,1358,17
1587481462.985211,10.10.0.10,173.194.182.102,,,41888,443,0,37,17
1587481463.033271,173.194.182.102,10.10.0.10,,,443,41888,0,1358,17
1587481463.099393,10.10.0.10,173.194.182.102,,,41888,443,0,37,17
1587481463.144625,173.194.182.102,10.10.0.10,,,443,41888,0,1358,17
1587481463.2087119,10.10.0.10,173.194.182.102,,,41888,443,0,37,17
1587481463.2559395,173.194.182.102,10.10.0.10,,,443,41888,0,1358,17
1587481463.320875,10.10.0.10,173.194.182.102,,,41888,443,0,37,17
1587481463.3673394,173.194.182.102,10.10.0.10,,,443,41888,0,29,17
1587481463.372375,173.194.182.102,10.10.0.10,,,443,41888,0,1358,17
1587481463.402672,10.10.0.10,173.194.182.102,,,41888,443,0,37,17
1587481463.4837458,173.194.182.102,10.10.0.10,,,443,41888,0,1358,17
1587481463.540457,10.10.0.10,173.194.182.102,,,41888,443,0,37,17
1587481463.595104,173.194.182.102,10.10.0.10,,,443,41888,0,1358,17
1587481463.660934,10.10.0.10,173.194.182.102,,,41888,443,0,37,17
1587481463.706463,173.194.182.102,10.10.0.10,,,443,41888,0,1358,17
1587481463.7360284,10.10.0.10,173.194.182.102,,,41888,443,0,37,17
1587481463.81783,173.194.182.102,10.10.0.10,,,443,41888,0,1358,17
1587481463.929185,173.194.182.102,10.10.0.10,,,443,41888,0,1358,17
1587481464.040549,173.194.182.102,10.10.0.10,,,443,41888,0,1358,17
1587481464.114354,10.10.0.10,173.194.182.102,,,41888,443,0,37,17
1587481464.1518981,173.194.182.102,10.10.0.10,,,443,41888,0,1358,17
1587481464.2632544,173.194.182.102,10.10.0.10,,,443,41888,0,1358,17
1587481464.374616,173.194.182.102,10.10.0.10,,,443,41888,0,1358,17
1587481464.416417,10.10.0.10,173.194.182.102,,,41888,443,0,37,17
1587481464.485965,173.194.182.102,10.10.0.10,,,443,41888,0,1358,17
1587481464.5973382,173.194.182.102,10.10.0.10,,,443,41888,0,1358,17
1587481464.70869,173.194.182.102,10.10.0.10,,,443,41888,0,1358,17
1587481464.8200605,173.194.182.102,10.10.0.10,,,443,41888,0,1358,17
1587481464.9314,173.194.182.102,10.10.0.10,,,443,41888,0,1358,17
1587481465.042786,173.194.182.102,10.10.0.10,,,443,41888,0,1358,17
1587481465.148201,10.10.0.10,173.194.182.102,,,41888,443,0,40,17
1587481465.149606,10.10.0.10,173.194.182.102,,,41888,443,0,40,17
1587481465.1502151,10.10.0.10,173.194.182.102,,,41888,443,0,40,17
1587481465.151178,10.10.0.10,173.194.182.102,,,41888,443,0,40,17
1587481465.1541462,173.194.182.102,10.10.0.10,,,443,41888,0,1358,17
1587481465.157968,10.10.0.10,173.194.182.102,,,41888,443,0,40,17
1587481465.161472,10.10.0.10,173.194.182.102,,,41888,443,0,53,17
1587481465.265435,173.194.182.102,10.10.0.10,,,443,41888,0,1358,17
1587481465.3278296,10.10.0.10,173.194.182.102,,,41888,443,0,40,17
1587481465.376858,173.194.182.102,10.10.0.10,,,443,41888,0,1358,17
1587481465.4406312,10.10.0.10,173.194.182.102,,,41888,443,0,40,17
1587481465.4882329,173.194.182.102,10.10.0.10,,,443,41888,0,1358,17
1587481465.554278,10.10.0.10,173.194.182.102,,,41888,443,0,40,17
1587481465.599559,173.194.182.102,10.10.0.10,,,443,41888,0,1358,17
1587481465.6659179,10.10.0.10,173.194.182.102,,,41888,443,0,40,17
1587481465.710942,173.194.182.102,10.10.0.10,,,443,41888,0,1358,17
1587481465.7776532,10.10.0.10,173.194.182.102,,,41888,443,0,40,17
1587481465.8222976,173.194.182.102,10.10.0.10,,,443,41888,0,1358,17
1587481465.859314,10.10.0.10,173.194.182.102,,,41888,443,0,40,17
1587481465.933664,173.194.182.102,10.10.0.10,,,443,41888,0,1358,17
1587481466.001538,10.10.0.10,173.194.182.102,,,41888,443,0,40,17
1587481466.045021,173.194.182.102,10.10.0.10,,,443,41888,0,1358,17
1587481466.111254,10.10.0.10,173.194.182.102,,,41888,443,0,40,17
1587481466.1563652,173.194.182.102,10.10.0.10,,,443,41888,0,1358,17
1587481466.192777,10.10.0.10,173.194.182.102,,,41888,443,0,40,17
1587481466.2676828,173.194.182.102,10.10.0.10,,,443,41888,0,1358,17
1587481466.330908,10.10.0.10,173.194.182.102,,,41888,443,0,40,17
1587481466.3790932,173.194.182.102,10.10.0.10,,,443,41888,0,1358,17
1587481466.411706,10.10.0.10,173.194.182.102,,,41888,443,0,40,17
1587481466.490459,173.194.182.102,10.10.0.10,,,443,41888,0,1358,17
1587481466.5580678,10.10.0.10,173.194.182.102,,,41888,443,0,40,17
1587481466.601785,173.194.182.102,10.10.0.10,,,443,41888,0,1358,17
1587481466.649502,10.10.0.10,173.194.182.102,,,41888,443,0,40,17
1587481466.71319,173.194.182.102,10.10.0.10,,,443,41888,0,1358,17
1587481466.780935,10.10.0.10,173.194.182.102,,,41888,443,0,40,17
1587481466.824538,173.194.182.102,10.10.0.10,,,443,41888,0,1358,17
1587481466.892313,10.10.0.10,173.194.182.102,,,41888,443,0,40,17
1587481466.892417,10.10.0.10,173.194.182.102,,,41888,443,0,43,17
1587481466.9358964,173.194.182.102,10.10.0.10,,,443,41888,0,29,17
1587481466.940944,173.194.182.102,10.10.0.10,,,443,41888,0,1358,17
1587481466.994802,10.10.0.10,173.194.182.102,,,41888,443,0,37,17
1587481467.0523002,173.194.182.102,10.10.0.10,,,443,41888,0,1358,17
1587481467.1199572,10.10.0.10,173.194.182.102,,,41888,443,0,37,17
1587481467.163599,173.194.182.102,10.10.0.10,,,443,41888,0,1358,17
1587481467.215084,10.10.0.10,173.194.182.102,,,41888,443,0,37,17
1587481467.275003,173.194.182.102,10.10.0.10,,,443,41888,0,1358,17
1587481467.342117,10.10.0.10,173.194.182.102,,,41888,443,0,37,17
1587481467.38637,173.194.182.102,10.10.0.10,,,443,41888,0,1358,17
1587481467.4541929,10.10.0.10,173.194.182.102,,,41888,443,0,37,17
1587481467.4977279,173.194.182.102,10.10.0.10,,,443,41888,0,1358,17
1587481467.5646749,10.10.0.10,173.194.182.102,,,41888,443,0,37,17
1587481467.6090634,173.194.182.102,10.10.0.10,,,443,41888,0,1358,17
1587481467.647737,10.10.0.10,173.194.182.102,,,41888,443,0,37,17
1587481467.720458,173.194.182.102,10.10.0.10,,,443,41888,0,1358,17
1587481467.781519,10.10.0.10,173.194.182.102,,,41888,443,0,37,17
1587481467.8318179,173.194.182.102,10.10.0.10,,,443,41888,0,1358,17
1587481467.943184,173.194.182.102,10.10.0.10,,,443,41888,0,1358,17
1587481467.9655,10.10.0.10,173.194.182.102,,,41888,443,0,37,17
1587481468.054545,173.194.182.102,10.10.0.10,,,443,41888,0,1358,17
1587481468.08441,10.10.0.10,173.194.182.102,,,41888,443,0,37,17
1587481468.1658454,173.194.182.102,10.10.0.10,,,443,41888,0,1358,17
1587481468.277214,173.194.182.102,10.10.0.10,,,443,41888,0,1358,17
1587481468.3292859,10.10.0.10,173.194.182.102,,,41888,443,0,37,17
1587481468.388619,173.194.182.102,10.10.0.10,,,443,41888,0,1358,17
1587481468.4999788,173.194.182.102,10.10.0.10,,,443,41888,0,1358,17
1587481468.6113412,173.194.182.102,10.10.0.10,,,443,41888,0,1358,17
1587481468.722702,173.194.182.102,10.10.0.10,,,443,41888,0,1358,17
1587481468.834066,173.194.182.102,10.10.0.10,,,443,41888,0,1358,17
1587481468.94543,173.194.182.102,10.10.0.10,,,443,41888,0,1358,17
1587481469.056781,173.194.182.102,10.10.0.10,,,443,41888,0,1358,17
1587481469.1045651,10.10.0.10,173.194.182.102,,,41888,443,0,37,17
1587481469.1088989,10.10.0.10,173.194.182.102,,,41888,443,0,37,17
1587481469.11236,10.10.0.10,173.194.182.102,,,41888,443,0,37,17
1587481469.115581,10.10.0.10,173.194.182.102,,,41888,443,0,37,17
1587481469.1681368,173.194.182.102,10.10.0.10,,,443,41888,0,1358,17
1587481469.2255642,10.10.0.10,173.194.182.102,,,41888,443,0,37,17
1587481469.279491,173.194.182.102,10.10.0.10,,,443,41888,0,1358,17
1587481469.34707,10.10.0.10,173.194.182.102,,,41888,443,0,37,17
1587481469.390859,173.194.182.102,10.10.0.10,,,443,41888,0,1358,17
1587481469.470353,10.10.0.10,173.194.182.102,,,41888,443,0,37,17
1587481469.502223,173.194.182.102,10.10.0.10,,,443,41888,0,1358,17
1587481469.5859802,10.10.0.10,173.194.182.102,,,41888,443,0,37,17
1587481469.6135821,173.194.182.102,10.10.0.10,,,443,41888,0,1358,17
1587481469.6789148,10.10.0.10,173.194.182.102,,,41888,443,0,50,17
1587481469.722788,10.10.0.10,173.194.182.102,,,41888,443,0,37,17
1587481469.7249384,173.194.182.102,10.10.0.10,,,443,41888,0,1358,17
1587481469.792611,10.10.0.10,173.194.182.102,,,41888,443,0,37,17
1587481469.836303,173.194.182.102,10.10.0.10,,,443,41888,0,1358,17
1587481469.90415,10.10.0.10,173.194.182.102,,,41888,443,0,37,17
1587481469.9476712,173.194.182.102,10.10.0.10,,,443,41888,0,1358,17
1587481470.0237136,10.10.0.10,173.194.182.102,,,41888,443,0,37,17
1587481470.059031,173.194.182.102,10.10.0.10,,,443,41888,0,1358,17
1587481470.107719,10.10.0.10,173.194.182.102,,,41888,443,0,37,17
1587481470.1703901,173.194.182.102,10.10.0.10,,,443,41888,0,1358,17
1587481470.2387671,10.10.0.10,173.194.182.102,,,41888,443,0,37,17
1587481470.281681,173.194.182.102,10.10.0.10,,,443,41888,0,1358,17
1587481470.336447,10.10.0.10,173.194.182.102,,,41888,443,0,37,17
1587481470.393095,173.194.182.102,10.10.0.10,,,443,41888,0,1358,17
1587481470.4541712,10.10.0.10,173.194.182.102,,,41888,443,0,37,17
1587481470.5044508,173.194.182.102,10.10.0.10,,,443,41888,0,1358,17
1587481470.5541961,10.10.0.10,173.194.182.102,,,41888,443,0,37,17
1587481470.615813,173.194.182.102,10.10.0.10,,,443,41888,0,1358,17
1587481470.680649,10.10.0.10,173.194.182.102,,,41888,443,0,37,17
1587481470.7271779,173.194.182.102,10.10.0.10,,,443,41888,0,1358,17
1587481470.777657,10.10.0.10,173.194.182.102,,,41888,443,0,37,17
1587481470.838544,173.194.182.102,10.10.0.10,,,443,41888,0,1358,17
1587481470.888619,10.10.0.10,173.194.182.102,,,41888,443,0,37,17
1587481470.9499052,173.194.182.102,10.10.0.10,,,443,41888,0,1358,17
1587481471.0027342,10.10.0.10,173.194.182.102,,,41888,443,0,37,17
1587481471.0612776,173.194.182.102,10.10.0.10,,,443,41888,0,1358,17
1587481471.1369386,10.10.0.10,173.194.182.102,,,41888,443,0,37,17
1587481471.1725562,173.194.182.102,10.10.0.10,,,443,41888,0,1358,17
1587481471.239354,10.10.0.10,173.194.182.102,,,41888,443,0,37,17
1587481471.283976,173.194.182.102,10.10.0.10,,,443,41888,0,1358,17
1587481471.32269,10.10.0.10,173.194.182.102,,,41888,443,0,37,17
1587481471.395336,173.194.182.102,10.10.0.10,,,443,41888,0,1358,17
1587481471.443001,10.10.0.10,173.194.182.102,,,41888,443,0,37,17
1587481471.5067039,173.194.182.102,10.10.0.10,,,443,41888,0,1358,17
1587481471.5737422,10.10.0.10,173.194.182.102,,,41888,443,0,37,17
1587481471.573961,10.10.0.10,173.194.182.102,,,41888,443,0,43,17
1587481471.631423,173.194.182.102,10.10.0.10,,,443,41888,0,1358,17
1587481471.7069118,10.10.0.10,173.194.182.102,,,41888,443,0,37,17
1587481471.742785,173.194.182.102,10.10.0.10,,,443,41888,0,1358,17
1587481471.807842,10.10.0.10,173.194.182.102,,,41888,443,0,37,17
1587481471.85414,173.194.182.102,10.10.0.10,,,443,41888,0,1358,17
1587481471.8912606,173.194.182.102,10.10.0.10,,,443,41888,0,1358,17
1587481471.894073,10.10.0.10,173.194.182.102,,,41888,443,0,37,17
1587481471.9283779,173.194.182.102,10.10.0.10,,,443,41888,0,1358,17
1587481471.9654696,173.194.182.102,10.10.0.10,,,443,41888,0,1358,17
1587481471.9674685,10.10.0.10,173.194.182.102,,,41888,443,0,37,17
1587481472.007074,173.194.182.102,10.10.0.10,,,443,41888,0,1358,17
1587481472.044195,173.194.182.102,10.10.0.10,,,443,41888,0,1358,17
1587481472.0654118,10.10.0.10,173.194.182.102,,,41888,443,0,54,17
1587481472.08131,173.194.182.102,10.10.0.10,,,443,41888,0,1358,17
1587481472.085868,10.10.0.10,173.194.182.102,,,41888,443,0,37,17
1587481472.0867212,10.10.0.10,173.194.182.102,,,41888,443,0,704,17
1587481472.086809,10.10.0.10,173.194.182.102,,,41888,443,0,48,17
1587481472.1184301,173.194.182.102,10.10.0.10,,,443,41888,0,1358,17
1587481472.155489,173.194.182.102,10.10.0.10,,,443,41888,0,1358,17
1587481472.192627,173.194.182.102,10.10.0.10,,,443,41888,0,1358,17
1587481472.2342448,173.194.182.102,10.10.0.10,,,443,41888,0,1358,17
1587481472.2713332,173.194.182.102,10.10.0.10,,,443,41888,0,1358,17
1587481472.30849,173.194.182.102,10.10.0.10,,,443,41888,0,1358,17
1587481472.345609,173.194.182.102,10.10.0.10,,,443,41888,0,1358,17
1587481472.3827279,173.194.182.102,10.10.0.10,,,443,41888,0,1358,17
1587481472.419847,173.194.182.102,10.10.0.10,,,443,41888,0,1358,17
1587481472.456968,173.194.182.102,10.10.0.10,,,443,41888,0,1358,17
1587481472.4940882,173.194.182.102,10.10.0.10,,,443,41888,0,1358,17
1587481472.531208,173.194.182.102,10.10.0.10,,,443,41888,0,1358,17
1587481472.568328,173.194.182.102,10.10.0.10,,,443,41888,0,1358,17
1587481472.605448,173.194.182.102,10.10.0.10,,,443,41888,0,1358,17
1587481472.6425688,173.194.182.102,10.10.0.10,,,443,41888,0,1358,17
1587481472.679688,173.194.182.102,10.10.0.10,,,443,41888,0,1358,17
1587481472.7167964,173.194.182.102,10.10.0.10,,,443,41888,0,1358,17
1587481472.753926,173.194.182.102,10.10.0.10,,,443,41888,0,1358,17
1587481472.791023,173.194.182.102,10.10.0.10,,,443,41888,0,1358,17
1587481472.828149,173.194.182.102,10.10.0.10,,,443,41888,0,1358,17
1587481472.865292,173.194.182.102,10.10.0.10,,,443,41888,0,1358,17
1587481472.902373,173.194.182.102,10.10.0.10,,,443,41888,0,1358,17
1587481472.9395368,173.194.182.102,10.10.0.10,,,443,41888,0,1358,17
1587481472.976657,173.194.182.102,10.10.0.10,,,443,41888,0,1358,17
1587481473.013777,173.194.182.102,10.10.0.10,,,443,41888,0,1358,17
1587481473.0508974,173.194.182.102,10.10.0.10,,,443,41888,0,1358,17
1587481473.088017,173.194.182.102,10.10.0.10,,,443,41888,0,1358,17
1587481473.096208,10.10.0.10,173.194.182.102,,,41888,443,0,37,17
1587481473.097844,10.10.0.10,173.194.182.102,,,41888,443,0,37,17
1587481473.103985,10.10.0.10,173.194.182.102,,,41888,443,0,37,17
1587481473.1251366,173.194.182.102,10.10.0.10,,,443,41888,0,1358,17
1587481473.162256,173.194.182.102,10.10.0.10,,,443,41888,0,1358,17
1587481473.1993148,173.194.182.102,10.10.0.10,,,443,41888,0,1358,17
1587481473.201242,10.10.0.10,173.194.182.102,,,41888,443,0,37,17
1587481473.201284,10.10.0.10,173.194.182.102,,,41888,443,0,37,17
1587481473.2036178,10.10.0.10,173.194.182.102,,,41888,443,0,37,17
1587481473.2090616,10.10.0.10,173.194.182.102,,,41888,443,0,37,17
1587481473.2111402,10.10.0.10,173.194.182.102,,,41888,443,0,37,17
1587481473.2114682,10.10.0.10,173.194.182.102,,,41888,443,0,37,17
1587481473.215576,10.10.0.10,173.194.182.102,,,41888,443,0,37,17
1587481473.219805,10.10.0.10,173.194.182.102,,,41888,443,0,37,17
1587481473.2210786,10.10.0.10,173.194.182.102,,,41888,443,0,37,17
1587481473.2230694,10.10.0.10,173.194.182.102,,,41888,443,0,37,17
1587481473.226559,10.10.0.10,173.194.182.102,,,41888,443,0,37,17
1587481473.2364721,173.194.182.102,10.10.0.10,,,443,41888,0,1358,17
1587481473.240433,10.10.0.10,173.194.182.102,,,41888,443,0,37,17
1587481473.241208,10.10.0.10,173.194.182.102,,,41888,443,0,40,17
1587481473.241809,10.10.0.10,173.194.182.102,,,41888,443,0,40,17
1587481473.273553,173.194.182.102,10.10.0.10,,,443,41888,0,1358,17
1587481473.2753801,10.10.0.10,173.194.182.102,,,41888,443,0,41,17
1587481473.310718,173.194.182.102,10.10.0.10,,,443,41888,0,1358,17
1587481473.312565,10.10.0.10,173.194.182.102,,,41888,443,0,41,17
1587481473.347839,173.194.182.102,10.10.0.10,,,443,41888,0,1358,17
1587481473.38496,173.194.182.102,10.10.0.10,,,443,41888,0,1358,17
1587481473.3879492,10.10.0.10,173.194.182.102,,,41888,443,0,54,17
1587481473.4220898,173.194.182.102,10.10.0.10,,,443,41888,0,1358,17
1587481473.459207,173.194.182.102,10.10.0.10,,,443,41888,0,1358,17
1587481473.4608932,10.10.0.10,173.194.182.102,,,41888,443,0,41,17
1587481473.4963286,173.194.182.102,10.10.0.10,,,443,41888,0,1358,17
1587481473.49877,10.10.0.10,173.194.182.102,,,41888,443,0,43,17
1587481473.533446,173.194.182.102,10.10.0.10,,,443,41888,0,1358,17
1587481473.53596,10.10.0.10,173.194.182.102,,,41888,443,0,42,17
1587481473.570569,173.194.182.102,10.10.0.10,,,443,41888,0,1358,17
1587481473.5724359,10.10.0.10,173.194.182.102,,,41888,443,0,42,17
1587481473.6076908,173.194.182.102,10.10.0.10,,,443,41888,0,1358,17
1587481473.6094348,10.10.0.10,173.194.182.102,,,41888,443,0,42,17
1587481473.644808,173.194.182.102,10.10.0.10,,,443,41888,0,1358,17
1587481473.6819308,173.194.182.102,10.10.0.10,,,443,41888,0,1358,17
1587481473.6837974,10.10.0.10,173.194.182.102,,,41888,443,0,42,17
1587481473.7190518,173.194.182.102,10.10.0.10,,,443,41888,0,1358,17
1587481473.756176,173.194.182.102,10.10.0.10,,,443,41888,0,1358,17
1587481473.758025,10.10.0.10,173.194.182.102,,,41888,443,0,42,17
1587481473.793298,173.194.182.102,10.10.0.10,,,443,41888,0,1358,17
1587481473.830413,173.194.182.102,10.10.0.10,,,443,41888,0,1358,17
1587481473.8324444,10.10.0.10,173.194.182.102,,,41888,443,0,42,17
1587481473.867537,173.194.182.102,10.10.0.10,,,443,41888,0,1358,17
1587481473.904647,173.194.182.102,10.10.0.10,,,443,41888,0,1358,17
1587481473.9065769,10.10.0.10,173.194.182.102,,,41888,443,0,42,17
1587481473.941767,173.194.182.102,10.10.0.10,,,443,41888,0,1358,17
1587481473.9788542,173.194.182.102,10.10.0.10,,,443,41888,0,1358,17
1587481473.9807892,10.10.0.10,173.194.182.102,,,41888,443,0,42,17
1587481474.016008,173.194.182.102,10.10.0.10,,,443,41888,0,1358,17
1587481474.053127,173.194.182.102,10.10.0.10,,,443,41888,0,1358,17
1587481474.054287,10.10.0.10,173.194.182.102,,,41888,443,0,42,17
1587481474.0902472,173.194.182.102,10.10.0.10,,,443,41888,0,1358,17
1587481474.091974,10.10.0.10,173.194.182.102,,,41888,443,0,42,17
1587481474.127368,173.194.182.102,10.10.0.10,,,443,41888,0,1358,17
1587481474.1644678,173.194.182.102,10.10.0.10,,,443,41888,0,1358,17
1587481474.16607,10.10.0.10,173.194.182.102,,,41888,443,0,42,17
1587481474.2015972,173.194.182.102,10.10.0.10,,,443,41888,0,1358,17
1587481474.2387302,173.194.182.102,10.10.0.10,,,443,41888,0,1358,17
1587481474.240421,10.10.0.10,173.194.182.102,,,41888,443,0,42,17
1587481474.275792,173.194.182.102,10.10.0.10,,,443,41888,0,1358,17
1587481474.3129554,173.194.182.102,10.10.0.10,,,443,41888,0,1358,17
1587481474.31452,10.10.0.10,173.194.182.102,,,41888,443,0,42,17
1587481474.350085,173.194.182.102,10.10.0.10,,,443,41888,0,1358,17
1587481474.387169,173.194.182.102,10.10.0.10,,,443,41888,0,1358,17
1587481474.3892748,10.10.0.10,173.194.182.102,,,41888,443,0,42,17
1587481474.42432,173.194.182.102,10.10.0.10,,,443,41888,0,1358,17
1587481474.461446,173.194.182.102,10.10.0.10,,,443,41888,0,1358,17
1587481474.4633892,10.10.0.10,173.194.182.102,,,41888,443,0,42,17
1587481474.498569,173.194.182.102,10.10.0.10,,,443,41888,0,1358,17
1587481474.5356922,173.194.182.102,10.10.0.10,,,443,41888,0,1358,17
1587481474.5394099,10.10.0.10,173.194.182.102,,,41888,443,0,43,17
1587481474.572808,173.194.182.102,10.10.0.10,,,443,41888,0,1358,17
1587481474.6099286,173.194.182.102,10.10.0.10,,,443,41888,0,1358,17
1587481474.6118898,10.10.0.10,173.194.182.102,,,41888,443,0,43,17
1587481474.647048,173.194.182.102,10.10.0.10,,,443,41888,0,1358,17
1587481474.6841226,173.194.182.102,10.10.0.10,,,443,41888,0,1358,17
1587481474.6859179,10.10.0.10,173.194.182.102,,,41888,443,0,56,17
1587481474.721287,173.194.182.102,10.10.0.10,,,443,41888,0,1358,17
1587481474.758413,173.194.182.102,10.10.0.10,,,443,41888,0,1358,17
1587481474.7634392,10.10.0.10,173.194.182.102,,,41888,443,0,43,17
1587481474.795536,173.194.182.102,10.10.0.10,,,443,41888,0,1358,17
1587481474.832619,173.194.182.102,10.10.0.10,,,443,41888,0,1358,17
1587481474.8345141,10.10.0.10,173.194.182.102,,,41888,443,0,43,17
1587481474.869767,173.194.182.102,10.10.0.10,,,443,41888,0,1358,17
1587481474.906917,173.194.182.102,10.10.0.10,,,443,41888,0,1358,17
1587481474.908863,10.10.0.10,173.194.182.102,,,41888,443,0,42,17
1587481474.944005,173.194.182.102,10.10.0.10,,,443,41888,0,1358,17
1587481474.981129,173.194.182.102,10.10.0.10,,,443,41888,0,1358,17
1587481474.996235,10.10.0.10,173.194.182.102,,,41888,443,0,42,17
1587481475.0182452,173.194.182.102,10.10.0.10,,,443,41888,0,1358,17
1587481475.055368,173.194.182.102,10.10.0.10,,,443,41888,0,1358,17
1587481475.057326,10.10.0.10,173.194.182.102,,,41888,443,0,42,17
1587481475.0924866,173.194.182.102,10.10.0.10,,,443,41888,0,1358,17
1587481475.1295571,173.194.182.102,10.10.0.10,,,443,41888,0,1358,17
1587481475.131334,10.10.0.10,173.194.182.102,,,41888,443,0,42,17
1587481475.166714,173.194.182.102,10.10.0.10,,,443,41888,0,1358,17
1587481475.203799,173.194.182.102,10.10.0.10,,,443,41888,0,1358,17
1587481475.2056518,10.10.0.10,173.194.182.102,,,41888,443,0,42,17
1587481475.24095,173.194.182.102,10.10.0.10,,,443,41888,0,1358,17
1587481475.2780259,173.194.182.102,10.10.0.10,,,443,41888,0,1358,17
1587481475.279772,10.10.0.10,173.194.182.102,,,41888,443,0,42,17
1587481475.315201,173.194.182.102,10.10.0.10,,,443,41888,0,1358,17
1587481475.3523214,173.194.182.102,10.10.0.10,,,443,41888,0,40,17
1587481475.353949,10.10.0.10,173.194.182.102,,,41888,443,0,42,17
1587481475.354264,173.194.182.102,10.10.0.10,,,443,41888,0,1358,17
1587481475.391415,173.194.182.102,10.10.0.10,,,443,41888,0,1358,17
1587481475.3953242,10.10.0.10,173.194.182.102,,,41888,443,0,42,17
1587481475.428536,173.194.182.102,10.10.0.10,,,443,41888,0,1358,17
1587481475.465657,173.194.182.102,10.10.0.10,,,443,41888,0,35,17
1587481475.4670205,10.10.0.10,173.194.182.102,,,41888,443,0,42,17
1587481475.467463,173.194.182.102,10.10.0.10,,,443,41888,0,1358,17
1587481475.504615,173.194.182.102,10.10.0.10,,,443,41888,0,1358,17
1587481475.507243,10.10.0.10,173.194.182.102,,,41888,443,0,42,17
1587481475.5417366,173.194.182.102,10.10.0.10,,,443,41888,0,1358,17
1587481475.5788329,173.194.182.102,10.10.0.10,,,443,41888,0,1358,17
1587481475.581614,10.10.0.10,173.194.182.102,,,41888,443,0,42,17
1587481475.6159751,173.194.182.102,10.10.0.10,,,443,41888,0,1358,17
1587481475.6531012,173.194.182.102,10.10.0.10,,,443,41888,0,1124,17
1587481475.6547148,10.10.0.10,173.194.182.102,,,41888,443,0,42,17
1587481475.669783,10.10.0.10,173.194.182.102,,,41888,443,0,710,17
1587481475.669842,10.10.0.10,173.194.182.102,,,41888,443,0,48,17
1587481475.6839788,173.194.182.102,10.10.0.10,,,443,41888,0,1358,17
1587481475.693254,10.10.0.10,173.194.182.102,,,41888,443,0,59,17
1587481475.721102,173.194.182.102,10.10.0.10,,,443,41888,0,29,17
1587481475.7227802,173.194.182.102,10.10.0.10,,,443,41888,0,35,17
1587481475.724619,173.194.182.102,10.10.0.10,,,443,41888,0,1358,17
1587481475.7262778,10.10.0.10,173.194.182.102,,,41888,443,0,40,17
1587481475.7617402,173.194.182.102,10.10.0.10,,,443,41888,0,33,17
1587481475.764605,173.194.182.102,10.10.0.10,,,443,41888,0,30,17
1587481475.7663572,173.194.182.102,10.10.0.10,,,443,41888,0,1358,17
1587481475.803479,173.194.182.102,10.10.0.10,,,443,41888,0,1358,17
1587481475.8051171,10.10.0.10,173.194.182.102,,,41888,443,0,37,17
1587481475.8406,173.194.182.102,10.10.0.10,,,443,41888,0,1358,17
1587481475.877719,173.194.182.102,10.10.0.10,,,443,41888,0,30,17
1587481475.87929,10.10.0.10,173.194.182.102,,,41888,443,0,37,17
1587481475.879384,173.194.182.102,10.10.0.10,,,443,41888,0,1358,17
1587481475.9184828,173.194.182.102,10.10.0.10,,,443,41888,0,1358,17
1587481475.920381,10.10.0.10,173.194.182.102,,,41888,443,0,37,17
1587481475.955643,173.194.182.102,10.10.0.10,,,443,41888,0,1358,17
1587481475.9923036,10.10.0.10,173.194.182.102,,,41888,443,0,37,17
1587481475.9927099,173.194.182.102,10.10.0.10,,,443,41888,0,1358,17
1587481476.02987,173.194.182.102,10.10.0.10,,,443,41888,0,1358,17
1587481476.0315714,10.10.0.10,173.194.182.102,,,41888,443,0,37,17
1587481476.066991,173.194.182.102,10.10.0.10,,,443,41888,0,1358,17
1587481476.1041124,173.194.182.102,10.10.0.10,,,443,41888,0,1358,17
1587481476.14123,173.194.182.102,10.10.0.10,,,443,41888,0,1358,17
1587481476.1567812,10.10.0.10,173.194.182.102,,,41888,443,0,37,17
1587481476.1590989,10.10.0.10,173.194.182.102,,,41888,443,0,37,17
1587481476.1783388,173.194.182.102,10.10.0.10,,,443,41888,0,1358,17
1587481476.2154,173.194.182.102,10.10.0.10,,,443,41888,0,1358,17
1587481476.2525866,173.194.182.102,10.10.0.10,,,443,41888,0,1358,17
1587481476.289651,173.194.182.102,10.10.0.10,,,443,41888,0,1358,17
1587481476.326822,173.194.182.102,10.10.0.10,,,443,41888,0,1358,17
1587481476.3657038,173.194.182.102,10.10.0.10,,,443,41888,0,1358,17
1587481476.400651,10.10.0.10,173.194.182.102,,,41888,443,0,37,17
1587481476.489968,173.194.182.102,10.10.0.10,,,443,41888,0,1358,17
1587481476.527097,173.194.182.102,10.10.0.10,,,443,41888,0,1358,17
1587481476.564215,173.194.182.102,10.10.0.10,,,443,41888,0,1358,17
1587481476.6013331,173.194.182.102,10.10.0.10,,,443,41888,0,1358,17
1587481476.63843,173.194.182.102,10.10.0.10,,,443,41888,0,1358,17
1587481476.6755571,173.194.182.102,10.10.0.10,,,443,41888,0,1358,17
1587481476.712697,173.194.182.102,10.10.0.10,,,443,41888,0,1358,17
1587481476.7498178,173.194.182.102,10.10.0.10,,,443,41888,0,1358,17
1587481476.786934,173.194.182.102,10.10.0.10,,,443,41888,0,1358,17
1587481476.8240578,173.194.182.102,10.10.0.10,,,443,41888,0,1358,17
1587481476.861177,173.194.182.102,10.10.0.10,,,443,41888,0,1358,17
1587481476.898303,173.194.182.102,10.10.0.10,,,443,41888,0,1358,17
1587481476.935425,173.194.182.102,10.10.0.10,,,443,41888,0,1358,17
1587481476.972546,173.194.182.102,10.10.0.10,,,443,41888,0,1358,17
1587481477.0096624,173.194.182.102,10.10.0.10,,,443,41888,0,1358,17
1587481477.0467849,173.194.182.102,10.10.0.10,,,443,41888,0,1358,17
1587481477.0838268,173.194.182.102,10.10.0.10,,,443,41888,0,1358,17
1587481477.1206338,10.10.0.10,173.194.182.102,,,41888,443,0,37,17
1587481477.120949,173.194.182.102,10.10.0.10,,,443,41888,0,1358,17
1587481477.158073,173.194.182.102,10.10.0.10,,,443,41888,0,1358,17
1587481477.1951878,173.194.182.102,10.10.0.10,,,443,41888,0,1358,17
1587481477.232363,173.194.182.102,10.10.0.10,,,443,41888,0,1358,17
1587481477.2406812,10.10.0.10,173.194.182.102,,,41888,443,0,37,17
1587481477.2694852,173.194.182.102,10.10.0.10,,,443,41888,0,1358,17
1587481477.306602,173.194.182.102,10.10.0.10,,,443,41888,0,1358,17
1587481477.343722,173.194.182.102,10.10.0.10,,,443,41888,0,1358,17
1587481477.3682554,10.10.0.10,173.194.182.102,,,41888,443,0,37,17
1587481477.37575,10.10.0.10,173.194.182.102,,,41888,443,0,37,17
1587481477.3789554,10.10.0.10,173.194.182.102,,,41888,443,0,37,17
1587481477.380842,173.194.182.102,10.10.0.10,,,443,41888,0,1358,17
1587481477.381966,10.10.0.10,173.194.182.102,,,41888,443,0,37,17
1587481477.384346,10.10.0.10,173.194.182.102,,,41888,443,0,37,17
1587481477.3873222,10.10.0.10,173.194.182.102,,,41888,443,0,37,17
1587481477.390217,10.10.0.10,173.194.182.102,,,41888,443,0,37,17
1587481477.3931296,10.10.0.10,173.194.182.102,,,41888,443,0,37,17
1587481477.397509,10.10.0.10,173.194.182.102,,,41888,443,0,50,17
1587481477.417967,173.194.182.102,10.10.0.10,,,443,41888,0,1358,17
1587481477.4252748,10.10.0.10,173.194.182.102,,,41888,443,0,37,17
1587481477.4253054,10.10.0.10,173.194.182.102,,,41888,443,0,37,17
1587481477.443432,10.10.0.10,173.194.182.102,,,41888,443,0,37,17
1587481477.4456658,10.10.0.10,173.194.182.102,,,41888,443,0,37,17
1587481477.4463232,10.10.0.10,173.194.182.102,,,41888,443,0,37,17
1587481477.455086,173.194.182.102,10.10.0.10,,,443,41888,0,1358,17
1587481477.49221,173.194.182.102,10.10.0.10,,,443,41888,0,1358,17
1587481477.52933,173.194.182.102,10.10.0.10,,,443,41888,0,1358,17
1587481477.5482278,10.10.0.10,173.194.182.102,,,41888,443,0,37,17
1587481477.5507224,10.10.0.10,173.194.182.102,,,41888,443,0,37,17
1587481477.5664532,173.194.182.102,10.10.0.10,,,443,41888,0,1358,17
1587481477.603568,173.194.182.102,10.10.0.10,,,443,41888,0,1358,17
1587481477.640687,173.194.182.102,10.10.0.10,,,443,41888,0,1358,17
1587481477.669178,10.10.0.10,173.194.182.102,,,41888,443,0,37,17
1587481477.673221,10.10.0.10,173.194.182.102,,,41888,443,0,37,17
1587481477.6778061,173.194.182.102,10.10.0.10,,,443,41888,0,1358,17
1587481477.7149332,173.194.182.102,10.10.0.10,,,443,41888,0,1358,17
1587481477.7167141,10.10.0.10,173.194.182.102,,,41888,443,0,37,17
1587481477.7520552,173.194.182.102,10.10.0.10,,,443,41888,0,1358,17
1587481477.789177,173.194.182.102,10.10.0.10,,,443,41888,0,1358,17
1587481477.791076,10.10.0.10,173.194.182.102,,,41888,443,0,37,17
1587481477.8262944,173.194.182.102,10.10.0.10,,,443,41888,0,1358,17
1587481477.857307,10.10.0.10,173.194.182.102,,,41888,443,0,37,17
1587481477.8634222,173.194.182.102,10.10.0.10,,,443,41888,0,1358,17
1587481477.9005456,173.194.182.102,10.10.0.10,,,443,41888,0,1358,17
1587481477.9021974,10.10.0.10,173.194.182.102,,,41888,443,0,37,17
1587481477.937662,173.194.182.102,10.10.0.10,,,443,41888,0,1358,17
1587481477.9782915,10.10.0.10,173.194.182.102,,,41888,443,0,37,17
1587481477.9854221,173.194.182.102,10.10.0.10,,,443,41888,0,1358,17
1587481478.0530849,10.10.0.10,173.194.182.102,,,41888,443,0,37,17
1587481478.067346,173.194.182.102,10.10.0.10,,,443,41888,0,1358,17
1587481478.104466,173.194.182.102,10.10.0.10,,,443,41888,0,1358,17
1587481478.1062536,10.10.0.10,173.194.182.102,,,41888,443,0,37,17
1587481478.1415431,173.194.182.102,10.10.0.10,,,443,41888,0,1358,17
1587481478.1831431,173.194.182.102,10.10.0.10,,,443,41888,0,1358,17
1587481478.184891,10.10.0.10,173.194.182.102,,,41888,443,0,37,17
1587481478.231542,173.194.182.102,10.10.0.10,,,443,41888,0,1358,17
1587481478.268684,173.194.182.102,10.10.0.10,,,443,41888,0,29,17
1587481478.2703652,173.194.182.102,10.10.0.10,,,443,41888,0,1358,17
1587481478.271134,10.10.0.10,173.194.182.102,,,41888,443,0,37,17
1587481478.307497,173.194.182.102,10.10.0.10,,,443,41888,0,1358,17
1587481478.309549,10.10.0.10,173.194.182.102,,,41888,443,0,37,17
1587481478.344616,173.194.182.102,10.10.0.10,,,443,41888,0,1358,17
1587481478.381743,173.194.182.102,10.10.0.10,,,443,41888,0,1358,17
1587481478.3838649,10.10.0.10,173.194.182.102,,,41888,443,0,50,17
1587481478.4233148,173.194.182.102,10.10.0.10,,,443,41888,0,1358,17
1587481478.4604359,173.194.182.102,10.10.0.10,,,443,41888,0,1358,17
1587481478.462124,10.10.0.10,173.194.182.102,,,41888,443,0,37,17
1587481478.497559,173.194.182.102,10.10.0.10,,,443,41888,0,1358,17
1587481478.534679,173.194.182.102,10.10.0.10,,,443,41888,0,1358,17
1587481478.536599,10.10.0.10,173.194.182.102,,,41888,443,0,37,17
1587481478.571798,173.194.182.102,10.10.0.10,,,443,41888,0,1358,17
1587481478.6089196,173.194.182.102,10.10.0.10,,,443,41888,0,1358,17
1587481478.6110554,10.10.0.10,173.194.182.102,,,41888,443,0,37,17
1587481478.6460366,173.194.182.102,10.10.0.10,,,443,41888,0,1358,17
1587481478.6831572,173.194.182.102,10.10.0.10,,,443,41888,0,1358,17
1587481478.68487,10.10.0.10,173.194.182.102,,,41888,443,0,37,17
1587481478.720278,173.194.182.102,10.10.0.10,,,443,41888,0,1358,17
1587481478.7574,173.194.182.102,10.10.0.10,,,443,41888,0,1358,17
1587481478.7593148,10.10.0.10,173.194.182.102,,,41888,443,0,37,17
1587481478.7944882,173.194.182.102,10.10.0.10,,,443,41888,0,1358,17
1587481478.831642,173.194.182.102,10.10.0.10,,,443,41888,0,1358,17
1587481478.834559,10.10.0.10,173.194.182.102,,,41888,443,0,37,17
1587481478.8687592,173.194.182.102,10.10.0.10,,,443,41888,0,1358,17
1587481478.905835,173.194.182.102,10.10.0.10,,,443,41888,0,1358,17
1587481478.907703,10.10.0.10,173.194.182.102,,,41888,443,0,37,17
1587481478.9429991,173.194.182.102,10.10.0.10,,,443,41888,0,1358,17
1587481478.9801226,173.194.182.102,10.10.0.10,,,443,41888,0,1358,17
1587481478.9820368,10.10.0.10,173.194.182.102,,,41888,443,0,37,17
1587481479.01724,173.194.182.102,10.10.0.10,,,443,41888,0,1358,17
1587481479.048059,10.10.0.10,173.194.182.102,,,41888,443,0,37,17
1587481479.0543642,173.194.182.102,10.10.0.10,,,443,41888,0,1358,17
1587481479.09324,173.194.182.102,10.10.0.10,,,443,41888,0,1358,17
1587481479.0941331,10.10.0.10,173.194.182.102,,,41888,443,0,37,17
1587481479.137584,10.10.0.10,173.194.182.102,,,41888,443,0,37,17
1587481479.145421,173.194.182.102,10.10.0.10,,,443,41888,0,1358,17
1587481479.1797118,10.10.0.10,173.194.182.102,,,41888,443,0,37,17
1587481479.1825082,173.194.182.102,10.10.0.10,,,443,41888,0,1358,17
1587481479.219607,173.194.182.102,10.10.0.10,,,443,41888,0,1358,17
1587481479.2212198,10.10.0.10,173.194.182.102,,,41888,443,0,37,17
1587481479.256712,173.194.182.102,10.10.0.10,,,443,41888,0,1358,17
1587481479.2938278,173.194.182.102,10.10.0.10,,,443,41888,0,1358,17
1587481479.295579,10.10.0.10,173.194.182.102,,,41888,443,0,37,17
1587481479.3310108,173.194.182.102,10.10.0.10,,,443,41888,0,1358,17
1587481479.368142,173.194.182.102,10.10.0.10,,,443,41888,0,1358,17
1587481479.371113,10.10.0.10,173.194.182.102,,,41888,443,0,37,17
1587481479.405261,173.194.182.102,10.10.0.10,,,443,41888,0,1358,17
1587481479.442382,173.194.182.102,10.10.0.10,,,443,41888,0,1358,17
1587481479.4446268,10.10.0.10,173.194.182.102,,,41888,443,0,37,17
1587481479.479501,173.194.182.102,10.10.0.10,,,443,41888,0,1358,17
1587481479.5166204,173.194.182.102,10.10.0.10,,,443,41888,0,1358,17
1587481479.519134,10.10.0.10,173.194.182.102,,,41888,443,0,37,17
1587481479.5537412,173.194.182.102,10.10.0.10,,,443,41888,0,1358,17
1587481479.555615,10.10.0.10,173.194.182.102,,,41888,443,0,40,17
1587481479.5908608,173.194.182.102,10.10.0.10,,,443,41888,0,1358,17
1587481479.5927582,10.10.0.10,173.194.182.102,,,41888,443,0,40,17
1587481479.6279802,173.194.182.102,10.10.0.10,,,443,41888,0,1358,17
1587481479.6355288,10.10.0.10,173.194.182.102,,,41888,443,0,53,17
1587481479.665099,173.194.182.102,10.10.0.10,,,443,41888,0,1358,17
1587481479.666942,10.10.0.10,173.194.182.102,,,41888,443,0,40,17
1587481479.7022214,173.194.182.102,10.10.0.10,,,443,41888,0,1358,17
1587481479.739342,173.194.182.102,10.10.0.10,,,443,41888,0,1358,17
1587481479.741216,10.10.0.10,173.194.182.102,,,41888,443,0,40,17
1587481480.006095,173.194.182.102,10.10.0.10,,,443,41888,0,1358,17
1587481480.007848,10.10.0.10,173.194.182.102,,,41888,443,0,40,17
1587481480.0452929,173.194.182.102,10.10.0.10,,,443,41888,0,34,17
1587481480.046888,10.10.0.10,173.194.182.102,,,41888,443,0,40,17
1587481480.086387,173.194.182.102,10.10.0.10,,,443,41888,0,1172,17
1587481480.1108358,10.10.0.10,173.194.182.102,,,41888,443,0,40,17
1587481480.1496089,10.10.0.10,173.194.182.102,,,41888,443,0,710,17
1587481480.149662,10.10.0.10,173.194.182.102,,,41888,443,0,48,17
1587481480.20085,173.194.182.102,10.10.0.10,,,443,41888,0,29,17
1587481480.202526,173.194.182.102,10.10.0.10,,,443,41888,0,108,17
1587481480.206341,173.194.182.102,10.10.0.10,,,443,41888,0,1358,17
1587481480.2434669,173.194.182.102,10.10.0.10,,,443,41888,0,1358,17
1587481480.258413,10.10.0.10,173.194.182.102,,,41888,443,0,37,17
1587481480.280586,173.194.182.102,10.10.0.10,,,443,41888,0,1358,17
1587481480.317717,173.194.182.102,10.10.0.10,,,443,41888,0,1358,17
1587481480.3548348,173.194.182.102,10.10.0.10,,,443,41888,0,1358,17
1587481480.391957,173.194.182.102,10.10.0.10,,,443,41888,0,1358,17
1587481480.429076,173.194.182.102,10.10.0.10,,,443,41888,0,1358,17
1587481480.466198,173.194.182.102,10.10.0.10,,,443,41888,0,1358,17
1587481480.4969149,10.10.0.10,173.194.182.102,,,41888,443,0,37,17
1587481480.503316,173.194.182.102,10.10.0.10,,,443,41888,0,1358,17
1587481480.540443,173.194.182.102,10.10.0.10,,,443,41888,0,1358,17
1587481480.5775628,173.194.182.102,10.10.0.10,,,443,41888,0,1358,17
1587481480.614683,173.194.182.102,10.10.0.10,,,443,41888,0,1358,17
1587481480.6518009,173.194.182.102,10.10.0.10,,,443,41888,0,1358,17
1587481480.6889234,173.194.182.102,10.10.0.10,,,443,41888,0,1358,17
1587481480.8002348,173.194.182.102,10.10.0.10,,,443,41888,0,1358,17
1587481480.839474,173.194.182.102,10.10.0.10,,,443,41888,0,1358,17
1587481480.876555,173.194.182.102,10.10.0.10,,,443,41888,0,1358,17
1587481480.9137142,173.194.182.102,10.10.0.10,,,443,41888,0,1358,17
1587481480.950864,173.194.182.102,10.10.0.10,,,443,41888,0,1358,17
1587481480.987954,173.194.182.102,10.10.0.10,,,443,41888,0,1358,17
1587481481.0993106,173.194.182.102,10.10.0.10,,,443,41888,0,1358,17
1587481481.1364348,173.194.182.102,10.10.0.10,,,443,41888,0,1358,17
1587481481.173505,173.194.182.102,10.10.0.10,,,443,41888,0,1358,17
1587481481.2106614,173.194.182.102,10.10.0.10,,,443,41888,0,1358,17
1587481481.2477438,173.194.182.102,10.10.0.10,,,443,41888,0,1358,17
1587481481.2848852,173.194.182.102,10.10.0.10,,,443,41888,0,1358,17
1587481481.322016,173.194.182.102,10.10.0.10,,,443,41888,0,1358,17
1587481481.346454,10.10.0.10,173.194.182.102,,,41888,443,0,37,17
1587481481.346484,10.10.0.10,173.194.182.102,,,41888,443,0,40,17
1587481481.346733,10.10.0.10,173.194.182.102,,,41888,443,0,37,17
1587481481.349056,10.10.0.10,173.194.182.102,,,41888,443,0,37,17
1587481481.350553,10.10.0.10,173.194.182.102,,,41888,443,0,37,17
1587481481.353677,10.10.0.10,173.194.182.102,,,41888,443,0,37,17
1587481481.3550372,10.10.0.10,173.194.182.102,,,41888,443,0,37,17
1587481481.3612988,173.194.182.102,10.10.0.10,,,443,41888,0,1358,17
1587481481.398421,173.194.182.102,10.10.0.10,,,443,41888,0,1358,17
1587481481.435542,173.194.182.102,10.10.0.10,,,443,41888,0,1358,17
1587481481.472601,173.194.182.102,10.10.0.10,,,443,41888,0,1358,17
1587481481.5468748,173.194.182.102,10.10.0.10,,,443,41888,0,1358,17
1587481481.584025,173.194.182.102,10.10.0.10,,,443,41888,0,1358,17
1587481481.59288,10.10.0.10,173.194.182.102,,,41888,443,0,37,17
1587481481.5965412,10.10.0.10,173.194.182.102,,,41888,443,0,37,17
1587481481.621145,173.194.182.102,10.10.0.10,,,443,41888,0,1358,17
1587481481.658263,173.194.182.102,10.10.0.10,,,443,41888,0,1358,17
1587481481.695387,173.194.182.102,10.10.0.10,,,443,41888,0,1358,17
1587481481.711522,10.10.0.10,173.194.182.102,,,41888,443,0,37,17
1587481481.7325046,173.194.182.102,10.10.0.10,,,443,41888,0,1358,17
1587481481.832922,10.10.0.10,173.194.182.102,,,41888,443,0,37,17
1587481481.837449,10.10.0.10,173.194.182.102,,,41888,443,0,37,17
1587481481.8419368,10.10.0.10,173.194.182.102,,,41888,443,0,37,17
1587481481.842784,10.10.0.10,173.194.182.102,,,41888,443,0,37,17
1587481481.846013,173.194.182.102,10.10.0.10,,,443,41888,0,1358,17
1587481481.846847,10.10.0.10,173.194.182.102,,,41888,443,0,37,17
1587481481.8470461,10.10.0.10,173.194.182.102,,,41888,443,0,37,17
1587481481.849209,10.10.0.10,173.194.182.102,,,41888,443,0,37,17
1587481481.85049,10.10.0.10,173.194.182.102,,,41888,443,0,50,17
1587481481.852097,10.10.0.10,173.194.182.102,,,41888,443,0,37,17
1587481481.883153,173.194.182.102,10.10.0.10,,,443,41888,0,1358,17
1587481481.9189172,10.10.0.10,173.194.182.102,,,41888,443,0,37,17
1587481481.92027,173.194.182.102,10.10.0.10,,,443,41888,0,1358,17
1587481481.921969,10.10.0.10,173.194.182.102,,,41888,443,0,37,17
1587481481.957389,173.194.182.102,10.10.0.10,,,443,41888,0,1358,17
1587481481.9945161,173.194.182.102,10.10.0.10,,,443,41888,0,1358,17
1587481482.0316348,173.194.182.102,10.10.0.10,,,443,41888,0,1358,17
1587481482.042159,10.10.0.10,173.194.182.102,,,41888,443,0,37,17
1587481482.0710876,10.10.0.10,173.194.182.102,,,41888,443,0,37,17
1587481482.1320922,173.194.182.102,10.10.0.10,,,443,41888,0,1358,17
1587481482.1685321,10.10.0.10,173.194.182.102,,,41888,443,0,37,17
1587481482.1692,173.194.182.102,10.10.0.10,,,443,41888,0,1358,17
1587481482.206367,173.194.182.102,10.10.0.10,,,443,41888,0,1358,17
1587481482.2081778,10.10.0.10,173.194.182.102,,,41888,443,0,37,17
1587481482.2434974,173.194.182.102,10.10.0.10,,,443,41888,0,1358,17
1587481482.2727716,10.10.0.10,173.194.182.102,,,41888,443,0,37,17
1587481482.280617,173.194.182.102,10.10.0.10,,,443,41888,0,1358,17
1587481482.317736,173.194.182.102,10.10.0.10,,,443,41888,0,1358,17
1587481482.3194973,10.10.0.10,173.194.182.102,,,41888,443,0,37,17
1587481482.3548632,173.194.182.102,10.10.0.10,,,443,41888,0,1358,17
1587481482.391982,173.194.182.102,10.10.0.10,,,443,41888,0,1358,17
1587481482.3937228,10.10.0.10,173.194.182.102,,,41888,443,0,37,17
1587481482.4291036,173.194.182.102,10.10.0.10,,,443,41888,0,1358,17
1587481482.4662268,173.194.182.102,10.10.0.10,,,443,41888,0,1358,17
1587481482.4683928,10.10.0.10,173.194.182.102,,,41888,443,0,37,17
1587481482.5033429,173.194.182.102,10.10.0.10,,,443,41888,0,1358,17
1587481482.537055,10.10.0.10,173.194.182.102,,,41888,443,0,37,17
1587481482.5404658,173.194.182.102,10.10.0.10,,,443,41888,0,1358,17
1587481482.577586,173.194.182.102,10.10.0.10,,,443,41888,0,1358,17
1587481482.579375,10.10.0.10,173.194.182.102,,,41888,443,0,37,17
1587481482.6147056,173.194.182.102,10.10.0.10,,,443,41888,0,29,17
1587481482.616389,173.194.182.102,10.10.0.10,,,443,41888,0,1358,17
1587481482.653507,173.194.182.102,10.10.0.10,,,443,41888,0,1358,17
1587481482.6685462,10.10.0.10,173.194.182.102,,,41888,443,0,37,17
1587481482.6906269,173.194.182.102,10.10.0.10,,,443,41888,0,1358,17
1587481482.727751,173.194.182.102,10.10.0.10,,,443,41888,0,1358,17
1587481482.729627,10.10.0.10,173.194.182.102,,,41888,443,0,37,17
1587481482.7648668,173.194.182.102,10.10.0.10,,,443,41888,0,1358,17
1587481482.80199,173.194.182.102,10.10.0.10,,,443,41888,0,1358,17
1587481482.803768,10.10.0.10,173.194.182.102,,,41888,443,0,37,17
1587481482.83911,173.194.182.102,10.10.0.10,,,443,41888,0,1358,17
1587481482.87623,173.194.182.102,10.10.0.10,,,443,41888,0,1358,17
1587481482.87812,10.10.0.10,173.194.182.102,,,41888,443,0,37,17
1587481482.913344,173.194.182.102,10.10.0.10,,,443,41888,0,1358,17
1587481482.95047,173.194.182.102,10.10.0.10,,,443,41888,0,1358,17
1587481482.953326,10.10.0.10,173.194.182.102,,,41888,443,0,37,17
1587481482.9875894,173.194.182.102,10.10.0.10,,,443,41888,0,1358,17
1587481483.0356328,10.10.0.10,173.194.182.102,,,41888,443,0,37,17
1587481483.0415368,173.194.182.102,10.10.0.10,,,443,41888,0,1358,17
1587481483.0442052,10.10.0.10,74.125.110.42,,,49235,443,0,1358,17
1587481483.045752,10.10.0.10,74.125.110.42,,,49235,443,0,794,17
1587481483.0706036,10.10.0.10,173.194.182.102,,,41888,443,0,50,17
1587481483.0803056,173.194.182.102,10.10.0.10,,,443,41888,0,1358,17
1587481483.117429,173.194.182.102,10.10.0.10,,,443,41888,0,1358,17
1587481483.11941,10.10.0.10,173.194.182.102,,,41888,443,0,37,17
1587481483.154474,173.194.182.102,10.10.0.10,,,443,41888,0,1358,17
1587481483.191587,173.194.182.102,10.10.0.10,,,443,41888,0,1358,17
1587481483.193469,10.10.0.10,173.194.182.102,,,41888,443,0,37,17
1587481483.1942372,10.10.0.10,74.125.110.42,,,49235,443,0,1358,17
1587481483.2287214,173.194.182.102,10.10.0.10,,,443,41888,0,1358,17
1587481483.265861,173.194.182.102,10.10.0.10,,,443,41888,0,1358,17
1587481483.267935,10.10.0.10,173.194.182.102,,,41888,443,0,37,17
1587481483.3029554,173.194.182.102,10.10.0.10,,,443,41888,0,1358,17
1587481483.340126,173.194.182.102,10.10.0.10,,,443,41888,0,1358,17
1587481483.342271,10.10.0.10,173.194.182.102,,,41888,443,0,37,17
1587481483.377251,173.194.182.102,10.10.0.10,,,443,41888,0,1358,17
1587481483.414375,173.194.182.102,10.10.0.10,,,443,41888,0,1358,17
1587481483.416169,10.10.0.10,173.194.182.102,,,41888,443,0,37,17
1587481483.451497,173.194.182.102,10.10.0.10,,,443,41888,0,1358,17
1587481483.4885714,173.194.182.102,10.10.0.10,,,443,41888,0,1358,17
1587481483.490207,10.10.0.10,173.194.182.102,,,41888,443,0,37,17
1587481483.525743,173.194.182.102,10.10.0.10,,,443,41888,0,1358,17
1587481483.5281038,10.10.0.10,74.125.110.42,,,49235,443,0,1358,17
1587481483.5628624,173.194.182.102,10.10.0.10,,,443,41888,0,1358,17
1587481483.564987,10.10.0.10,173.194.182.102,,,41888,443,0,37,17
1587481483.5999858,173.194.182.102,10.10.0.10,,,443,41888,0,1358,17
1587481483.637106,173.194.182.102,10.10.0.10,,,443,41888,0,1358,17
1587481483.6393151,10.10.0.10,173.194.182.102,,,41888,443,0,37,17
1587481483.6742258,173.194.182.102,10.10.0.10,,,443,41888,0,1358,17
1587481483.711344,173.194.182.102,10.10.0.10,,,443,41888,0,1358,17
1587481483.713633,10.10.0.10,173.194.182.102,,,41888,443,0,37,17
1587481483.7484198,173.194.182.102,10.10.0.10,,,443,41888,0,1358,17
1587481483.785514,173.194.182.102,10.10.0.10,,,443,41888,0,1358,17
1587481483.787447,10.10.0.10,173.194.182.102,,,41888,443,0,37,17
1587481483.822711,173.194.182.102,10.10.0.10,,,443,41888,0,1358,17
1587481483.8598268,173.194.182.102,10.10.0.10,,,443,41888,0,1358,17
1587481483.8617182,10.10.0.10,173.194.182.102,,,41888,443,0,37,17
1587481483.891366,10.10.0.10,173.194.182.102,,,41888,443,0,37,17
1587481483.896949,173.194.182.102,10.10.0.10,,,443,41888,0,1358,17
1587481483.9340699,173.194.182.102,10.10.0.10,,,443,41888,0,1358,17
1587481483.9480991,10.10.0.10,173.194.182.102,,,41888,443,0,37,17
1587481483.971192,173.194.182.102,10.10.0.10,,,443,41888,0,1358,17
1587481484.008312,173.194.182.102,10.10.0.10,,,443,41888,0,1358,17
1587481484.0100946,10.10.0.10,173.194.182.102,,,41888,443,0,37,17
1587481484.0454311,173.194.182.102,10.10.0.10,,,443,41888,0,1358,17
1587481484.082553,173.194.182.102,10.10.0.10,,,443,41888,0,1358,17
1587481484.084699,10.10.0.10,173.194.182.102,,,41888,443,0,37,17
1587481484.119671,173.194.182.102,10.10.0.10,,,443,41888,0,1358,17
1587481484.1567464,173.194.182.102,10.10.0.10,,,443,41888,0,1358,17
1587481484.185448,10.10.0.10,74.125.110.42,,,49235,443,0,1358,17
1587481484.193843,173.194.182.102,10.10.0.10,,,443,41888,0,1358,17
1587481484.201143,10.10.0.10,173.194.182.102,,,41888,443,0,37,17
1587481484.233093,173.194.182.102,10.10.0.10,,,443,41888,0,1358,17
1587481484.235137,10.10.0.10,173.194.182.102,,,41888,443,0,37,17
1587481484.2702188,173.194.182.102,10.10.0.10,,,443,41888,0,1358,17
1587481484.3073251,74.125.110.42,10.10.0.10,,,443,49235,0,1358,17
1587481484.344455,173.194.182.102,10.10.0.10,,,443,41888,0,1358,17
1587481484.3521721,10.10.0.10,74.125.110.42,,,49235,443,0,1358,17
1587481484.352432,10.10.0.10,74.125.110.42,,,49235,443,0,794,17
1587481484.352471,10.10.0.10,173.194.182.102,,,41888,443,0,37,17
1587481484.381579,74.125.110.42,10.10.0.10,,,443,49235,0,44,17
1587481484.383658,173.194.182.102,10.10.0.10,,,443,41888,0,1358,17
1587481484.420711,173.194.182.102,10.10.0.10,,,443,41888,0,1358,17
1587481484.4578578,173.194.182.102,10.10.0.10,,,443,41888,0,1358,17
1587481484.4950268,74.125.110.42,10.10.0.10,,,443,49235,0,47,17
1587481484.497187,74.125.110.42,10.10.0.10,,,443,49235,0,1358,17
1587481484.5343056,173.194.182.102,10.10.0.10,,,443,41888,0,1358,17
1587481484.571426,173.194.182.102,10.10.0.10,,,443,41888,0,1358,17
1587481484.592057,10.10.0.10,74.125.110.42,,,49235,443,0,44,17
1587481484.5921102,10.10.0.10,173.194.182.102,,,41888,443,0,37,17
1587481484.608547,173.194.182.102,10.10.0.10,,,443,41888,0,1358,17
1587481484.6456661,173.194.182.102,10.10.0.10,,,443,41888,0,1358,17
1587481484.682791,173.194.182.102,10.10.0.10,,,443,41888,0,1358,17
1587481484.719913,173.194.182.102,10.10.0.10,,,443,41888,0,1358,17
1587481484.75703,173.194.182.102,10.10.0.10,,,443,41888,0,1358,17
1587481484.7940738,173.194.182.102,10.10.0.10,,,443,41888,0,1358,17
1587481484.8312602,173.194.182.102,10.10.0.10,,,443,41888,0,1358,17
1587481484.868377,74.125.110.42,10.10.0.10,,,443,49235,0,1358,17
1587481484.9055011,173.194.182.102,10.10.0.10,,,443,41888,0,1358,17
1587481484.9426212,74.125.110.42,10.10.0.10,,,443,49235,0,47,17
1587481484.944778,173.194.182.102,10.10.0.10,,,443,41888,0,1358,17
1587481484.9819002,173.194.182.102,10.10.0.10,,,443,41888,0,1358,17
1587481485.019022,173.194.182.102,10.10.0.10,,,443,41888,0,1358,17
1587481485.0561411,173.194.182.102,10.10.0.10,,,443,41888,0,1358,17
1587481485.09326,173.194.182.102,10.10.0.10,,,443,41888,0,1358,17
1587481485.1303482,173.194.182.102,10.10.0.10,,,443,41888,0,1358,17
1587481485.167489,173.194.182.102,10.10.0.10,,,443,41888,0,1358,17
1587481485.2045689,173.194.182.102,10.10.0.10,,,443,41888,0,1358,17
1587481485.2417252,173.194.182.102,10.10.0.10,,,443,41888,0,1358,17
1587481485.2788515,173.194.182.102,10.10.0.10,,,443,41888,0,1358,17
1587481485.3159642,173.194.182.102,10.10.0.10,,,443,41888,0,1358,17
1587481485.3530898,173.194.182.102,10.10.0.10,,,443,41888,0,1358,17
1587481485.390216,173.194.182.102,10.10.0.10,,,443,41888,0,1358,17
1587481485.427336,173.194.182.102,10.10.0.10,,,443,41888,0,1358,17
1587481485.4644554,173.194.182.102,10.10.0.10,,,443,41888,0,1358,17
1587481485.501575,173.194.182.102,10.10.0.10,,,443,41888,0,1358,17
1587481485.538697,74.125.110.42,10.10.0.10,,,443,49235,0,1358,17
1587481485.5758178,74.125.110.42,10.10.0.10,,,443,49235,0,47,17
1587481485.577975,173.194.182.102,10.10.0.10,,,443,41888,0,1358,17
1587481485.6150944,173.194.182.102,10.10.0.10,,,443,41888,0,1358,17
1587481485.621608,10.10.0.10,173.194.182.102,,,41888,443,0,50,17
1587481485.625446,10.10.0.10,173.194.182.102,,,41888,443,0,37,17
1587481485.6269894,10.10.0.10,173.194.182.102,,,41888,443,0,37,17
1587481485.6306748,10.10.0.10,173.194.182.102,,,41888,443,0,37,17
1587481485.635101,10.10.0.10,173.194.182.102,,,41888,443,0,37,17
1587481485.6521492,173.194.182.102,10.10.0.10,,,443,41888,0,1358,17
1587481485.6893349,173.194.182.102,10.10.0.10,,,443,41888,0,1358,17
1587481485.726455,173.194.182.102,10.10.0.10,,,443,41888,0,1358,17
1587481485.72909,10.10.0.10,74.125.110.42,,,49235,443,0,44,17
1587481485.7291286,10.10.0.10,173.194.182.102,,,41888,443,0,37,17
1587481485.734254,10.10.0.10,173.194.182.102,,,41888,443,0,37,17
1587481485.73684,10.10.0.10,173.194.182.102,,,41888,443,0,37,17
1587481485.745111,10.10.0.10,173.194.182.102,,,41888,443,0,37,17
1587481485.748321,10.10.0.10,173.194.182.102,,,41888,443,0,37,17
1587481485.749072,10.10.0.10,173.194.182.102,,,41888,443,0,37,17
1587481485.7491126,10.10.0.10,173.194.182.102,,,41888,443,0,37,17
1587481485.75179,10.10.0.10,173.194.182.102,,,41888,443,0,37,17
1587481485.7532248,10.10.0.10,173.194.182.102,,,41888,443,0,37,17
1587481485.7551732,10.10.0.10,173.194.182.102,,,41888,443,0,37,17
1587481485.763579,74.125.110.42,10.10.0.10,,,443,49235,0,1358,17
1587481485.800703,74.125.110.42,10.10.0.10,,,443,49235,0,31,17
1587481485.802438,173.194.182.102,10.10.0.10,,,443,41888,0,1358,17
1587481485.8395526,74.125.110.42,10.10.0.10,,,443,49235,0,333,17
1587481485.849344,74.125.110.42,10.10.0.10,,,443,49235,0,1358,17
1587481485.850134,10.10.0.10,173.194.182.102,,,41888,443,0,37,17
1587481485.850182,10.10.0.10,74.125.110.42,,,49235,443,0,44,17
1587481485.85289,10.10.0.10,173.194.182.102,,,41888,443,0,37,17
1587481485.853976,10.10.0.10,74.125.110.42,,,49235,443,0,36,17
1587481485.8553276,10.10.0.10,74.125.110.42,,,49235,443,0,36,17
1587481485.8864632,74.125.110.42,10.10.0.10,,,443,49235,0,1358,17
1587481485.923582,74.125.110.42,10.10.0.10,,,443,49235,0,1358,17
1587481485.9607012,74.125.110.42,10.10.0.10,,,443,49235,0,1358,17
1587481485.968748,10.10.0.10,173.194.182.102,,,41888,443,0,37,17
1587481485.9706588,10.10.0.10,74.125.110.42,,,49235,443,0,36,17
1587481485.9978259,74.125.110.42,10.10.0.10,,,443,49235,0,1358,17
1587481486.034944,74.125.110.42,10.10.0.10,,,443,49235,0,1358,17
1587481486.053966,10.10.0.10,74.125.110.42,,,49235,443,0,36,17
1587481486.0555742,10.10.0.10,74.125.110.42,,,49235,443,0,36,17
1587481486.072062,74.125.110.42,10.10.0.10,,,443,49235,0,1358,17
1587481486.109183,74.125.110.42,10.10.0.10,,,443,49235,0,1358,17
1587481486.1109068,10.10.0.10,74.125.110.42,,,49235,443,0,36,17
1587481486.145578,10.10.0.10,74.125.110.42,,,49235,443,0,36,17
1587481486.1462748,74.125.110.42,10.10.0.10,,,443,49235,0,1358,17
1587481486.147926,10.10.0.10,74.125.110.42,,,49235,443,0,39,17
1587481486.183384,74.125.110.42,10.10.0.10,,,443,49235,0,1358,17
1587481486.185447,10.10.0.10,74.125.110.42,,,49235,443,0,39,17
1587481486.2205224,74.125.110.42,10.10.0.10,,,443,49235,0,1358,17
1587481486.2222588,10.10.0.10,74.125.110.42,,,49235,443,0,41,17
1587481486.257593,74.125.110.42,10.10.0.10,,,443,49235,0,1358,17
1587481486.2591398,10.10.0.10,74.125.110.42,,,49235,443,0,41,17
1587481486.2947214,74.125.110.42,10.10.0.10,,,443,49235,0,1358,17
1587481486.2964122,10.10.0.10,74.125.110.42,,,49235,443,0,41,17
1587481486.3318286,74.125.110.42,10.10.0.10,,,443,49235,0,1358,17
1587481486.3339078,10.10.0.10,74.125.110.42,,,49235,443,0,41,17
1587481486.3690119,74.125.110.42,10.10.0.10,,,443,49235,0,1358,17
1587481486.3742118,10.10.0.10,74.125.110.42,,,49235,443,0,43,17
1587481486.4061348,74.125.110.42,10.10.0.10,,,443,49235,0,1358,17
1587481486.4079342,10.10.0.10,74.125.110.42,,,49235,443,0,43,17
1587481486.4432602,74.125.110.42,10.10.0.10,,,443,49235,0,1358,17
1587481486.4462588,10.10.0.10,74.125.110.42,,,49235,443,0,45,17
1587481486.480376,74.125.110.42,10.10.0.10,,,443,49235,0,1358,17
1587481486.4835448,10.10.0.10,74.125.110.42,,,49235,443,0,58,17
1587481486.5175002,74.125.110.42,10.10.0.10,,,443,49235,0,1358,17
1587481486.520254,10.10.0.10,74.125.110.42,,,49235,443,0,45,17
1587481486.554618,74.125.110.42,10.10.0.10,,,443,49235,0,1358,17
1587481486.556584,10.10.0.10,74.125.110.42,,,49235,443,0,45,17
1587481486.591738,74.125.110.42,10.10.0.10,,,443,49235,0,1358,17
1587481486.6288419,74.125.110.42,10.10.0.10,,,443,49235,0,1358,17
1587481486.632427,10.10.0.10,74.125.110.42,,,49235,443,0,45,17
1587481486.665977,74.125.110.42,10.10.0.10,,,443,49235,0,1358,17
1587481486.7030973,74.125.110.42,10.10.0.10,,,443,49235,0,1358,17
1587481486.7050061,10.10.0.10,74.125.110.42,,,49235,443,0,45,17
1587481486.7402186,74.125.110.42,10.10.0.10,,,443,49235,0,1358,17
1587481486.777336,74.125.110.42,10.10.0.10,,,443,49235,0,1358,17
1587481486.779062,10.10.0.10,74.125.110.42,,,49235,443,0,45,17
1587481486.8144634,74.125.110.42,10.10.0.10,,,443,49235,0,1358,17
1587481486.8515859,74.125.110.42,10.10.0.10,,,443,49235,0,1358,17
1587481486.853369,10.10.0.10,74.125.110.42,,,49235,443,0,45,17
1587481486.888708,173.194.182.102,10.10.0.10,,,443,41888,0,1358,17
1587481486.9258301,173.194.182.102,10.10.0.10,,,443,41888,0,1358,17
1587481486.9279716,10.10.0.10,173.194.182.102,,,41888,443,0,37,17
1587481486.96295,173.194.182.102,10.10.0.10,,,443,41888,0,1358,17
1587481487.0000482,173.194.182.102,10.10.0.10,,,443,41888,0,1358,17
1587481487.001974,10.10.0.10,173.194.182.102,,,41888,443,0,37,17
1587481487.0371902,173.194.182.102,10.10.0.10,,,443,41888,0,1358,17
1587481487.074305,173.194.182.102,10.10.0.10,,,443,41888,0,1358,17
1587481487.076186,10.10.0.10,173.194.182.102,,,41888,443,0,50,17
1587481487.1114314,173.194.182.102,10.10.0.10,,,443,41888,0,1358,17
1587481487.1485481,173.194.182.102,10.10.0.10,,,443,41888,0,1358,17
1587481487.1503284,10.10.0.10,173.194.182.102,,,41888,443,0,37,17
1587481487.1856694,173.194.182.102,10.10.0.10,,,443,41888,0,1358,17
1587481487.2227511,173.194.182.102,10.10.0.10,,,443,41888,0,1358,17
1587481487.2246132,10.10.0.10,173.194.182.102,,,41888,443,0,37,17
1587481487.259901,74.125.110.42,10.10.0.10,,,443,49235,0,1358,17
1587481487.296983,74.125.110.42,10.10.0.10,,,443,49235,0,1358,17
1587481487.2987401,10.10.0.10,74.125.110.42,,,49235,443,0,45,17
1587481487.334137,173.194.182.102,10.10.0.10,,,443,41888,0,1358,17
1587481487.3712618,173.194.182.102,10.10.0.10,,,443,41888,0,1358,17
1587481487.372985,10.10.0.10,173.194.182.102,,,41888,443,0,37,17
1587481487.4083822,74.125.110.42,10.10.0.10,,,443,49235,0,1358,17
1587481487.4369068,10.10.0.10,74.125.110.42,,,49235,443,0,45,17
1587481487.4455,173.194.182.102,10.10.0.10,,,443,41888,0,1358,17
1587481487.4823804,10.10.0.10,173.194.182.102,,,41888,443,0,37,17
1587481487.4825618,173.194.182.102,10.10.0.10,,,443,41888,0,1358,17
1587481487.519741,173.194.182.102,10.10.0.10,,,443,41888,0,1358,17
1587481487.52159,10.10.0.10,173.194.182.102,,,41888,443,0,37,17
1587481487.5568616,74.125.110.42,10.10.0.10,,,443,49235,0,1358,17
1587481487.5873652,10.10.0.10,74.125.110.42,,,49235,443,0,45,17
1587481487.59398,173.194.182.102,10.10.0.10,,,443,41888,0,1358,17
1587481487.6311002,173.194.182.102,10.10.0.10,,,443,41888,0,1358,17
1587481487.632057,10.10.0.10,173.194.182.102,,,41888,443,0,37,17
1587481487.66232,10.10.0.10,173.194.182.102,,,41888,443,0,37,17
1587481487.668217,173.194.182.102,10.10.0.10,,,443,41888,0,1358,17
1587481487.705341,74.125.110.42,10.10.0.10,,,443,49235,0,1358,17
1587481487.707648,10.10.0.10,74.125.110.42,,,49235,443,0,47,17
1587481487.7078614,10.10.0.10,173.194.182.102,,,41888,443,0,37,17
1587481487.742457,173.194.182.102,10.10.0.10,,,443,41888,0,1358,17
1587481487.7795556,74.125.110.42,10.10.0.10,,,443,49235,0,553,17
1587481487.7927089,10.10.0.10,74.125.110.42,,,49235,443,0,47,17
1587481487.792767,10.10.0.10,173.194.182.102,,,41888,443,0,37,17
1587481487.7951732,173.194.182.102,10.10.0.10,,,443,41888,0,1358,17
1587481487.8323536,173.194.182.102,10.10.0.10,,,443,41888,0,1358,17
1587481487.834233,10.10.0.10,173.194.182.102,,,41888,443,0,37,17
1587481487.869473,173.194.182.102,10.10.0.10,,,443,41888,0,1358,17
1587481487.906589,173.194.182.102,10.10.0.10,,,443,41888,0,1358,17
1587481487.908688,10.10.0.10,173.194.182.102,,,41888,443,0,37,17
1587481487.943711,173.194.182.102,10.10.0.10,,,443,41888,0,1358,17
1587481487.971071,10.10.0.10,173.194.182.102,,,41888,443,0,37,17
1587481487.980835,74.125.110.42,10.10.0.10,,,443,49235,0,1358,17
1587481487.9825768,10.10.0.10,74.125.110.42,,,49235,443,0,47,17
1587481488.01795,173.194.182.102,10.10.0.10,,,443,41888,0,1358,17
1587481488.055075,173.194.182.102,10.10.0.10,,,443,41888,0,1358,17
1587481488.092161,173.194.182.102,10.10.0.10,,,443,41888,0,1358,17
1587481488.1022642,10.10.0.10,173.194.182.102,,,41888,443,0,37,17
1587481488.12931,74.125.110.42,10.10.0.10,,,443,49235,0,1358,17
1587481488.13517,10.10.0.10,74.125.110.42,,,49235,443,0,47,17
1587481488.1399412,10.10.0.10,173.194.182.102,,,41888,443,0,37,17
1587481488.1664329,173.194.182.102,10.10.0.10,,,443,41888,0,1358,17
1587481488.2035382,173.194.182.102,10.10.0.10,,,443,41888,0,1358,17
1587481488.205786,10.10.0.10,173.194.182.102,,,41888,443,0,37,17
1587481488.24066,173.194.182.102,10.10.0.10,,,443,41888,0,1358,17
1587481488.2777882,173.194.182.102,10.10.0.10,,,443,41888,0,1358,17
1587481488.2799866,10.10.0.10,173.194.182.102,,,41888,443,0,37,17
1587481488.3149116,74.125.110.42,10.10.0.10,,,443,49235,0,1358,17
1587481488.3520348,173.194.182.102,10.10.0.10,,,443,41888,0,1358,17
1587481488.356186,10.10.0.10,74.125.110.42,,,49235,443,0,47,17
1587481488.389152,74.125.110.42,10.10.0.10,,,443,49235,0,1358,17
1587481488.426285,173.194.182.102,10.10.0.10,,,443,41888,0,1358,17
1587481488.444423,10.10.0.10,173.194.182.102,,,41888,443,0,37,17
1587481488.463402,173.194.182.102,10.10.0.10,,,443,41888,0,1358,17
1587481488.50052,74.125.110.42,10.10.0.10,,,443,49235,0,1358,17
1587481488.537644,173.194.182.102,10.10.0.10,,,443,41888,0,1358,17
1587481488.570097,10.10.0.10,74.125.110.42,,,49235,443,0,47,17
1587481488.57015,10.10.0.10,173.194.182.102,,,41888,443,0,37,17
1587481488.5716348,10.10.0.10,173.194.182.102,,,41888,443,0,40,17
1587481488.5747626,74.125.110.42,10.10.0.10,,,443,49235,0,1358,17
1587481488.611881,74.125.110.42,10.10.0.10,,,443,49235,0,32,17
1587481488.618093,173.194.182.102,10.10.0.10,,,443,41888,0,1358,17
1587481488.6552124,173.194.182.102,10.10.0.10,,,443,41888,0,1358,17
1587481488.6923358,173.194.182.102,10.10.0.10,,,443,41888,0,368,17
1587481488.703057,173.194.182.102,10.10.0.10,,,443,41888,0,32,17
1587481488.713721,74.125.110.42,10.10.0.10,,,443,49235,0,1358,17
1587481489.076849,173.194.182.102,10.10.0.10,,,443,41888,0,1358,17
1587481489.5071642,10.10.0.10,74.125.110.42,,,49235,443,0,49,17
1587481489.5072222,10.10.0.10,74.125.110.42,,,49235,443,0,49,17
1587481489.509015,10.10.0.10,173.194.182.102,,,41888,443,0,43,17
1587481489.5096538,10.10.0.10,173.194.182.102,,,41888,443,0,40,17
1587481489.5097196,10.10.0.10,173.194.182.102,,,41888,443,0,40,17
1587481489.5097554,10.10.0.10,173.194.182.102,,,41888,443,0,40,17
1587481489.5099142,10.10.0.10,74.125.110.42,,,49235,443,0,49,17
1587481489.520691,173.194.182.102,10.10.0.10,,,443,41888,0,34,17
1587481489.5292692,74.125.110.42,10.10.0.10,,,443,49235,0,1352,17
1587481489.5910368,10.10.0.10,173.194.182.102,,,41888,443,0,37,17
1587481489.591783,10.10.0.10,74.125.110.42,,,49235,443,0,49,17
1587481489.6100788,10.10.0.10,74.125.110.42,,,49235,443,0,43,17
1587481489.6111078,10.10.0.10,74.125.110.42,,,49235,443,0,696,17
1587481489.611166,10.10.0.10,74.125.110.42,,,49235,443,0,48,17
1587481489.631398,74.125.110.42,10.10.0.10,,,443,49235,0,28,17
1587481489.631449,74.125.110.42,10.10.0.10,,,443,49235,0,109,17
1587481489.6316028,74.125.110.42,10.10.0.10,,,443,49235,0,1358,17
1587481489.63165,74.125.110.42,10.10.0.10,,,443,49235,0,1358,17
1587481489.6684868,74.125.110.42,10.10.0.10,,,443,49235,0,1358,17
1587481489.7047222,10.10.0.10,173.194.182.102,,,41888,443,0,710,17
1587481489.704781,10.10.0.10,173.194.182.102,,,41888,443,0,48,17
1587481489.7056358,74.125.110.42,10.10.0.10,,,443,49235,0,1358,17
1587481489.7138786,10.10.0.10,74.125.110.42,,,49235,443,0,36,17
1587481489.715035,10.10.0.10,74.125.110.42,,,49235,443,0,36,17
1587481489.7427561,74.125.110.42,10.10.0.10,,,443,49235,0,1358,17
1587481489.7798774,74.125.110.42,10.10.0.10,,,443,49235,0,1358,17
1587481489.816993,74.125.110.42,10.10.0.10,,,443,49235,0,1358,17
1587481489.8257468,10.10.0.10,74.125.110.42,,,49235,443,0,36,17
1587481489.829914,10.10.0.10,74.125.110.42,,,49235,443,0,36,17
1587481489.8541172,74.125.110.42,10.10.0.10,,,443,49235,0,1358,17
1587481489.891232,74.125.110.42,10.10.0.10,,,443,49235,0,1358,17
1587481489.9283562,74.125.110.42,10.10.0.10,,,443,49235,0,1358,17
1587481489.945327,10.10.0.10,74.125.110.42,,,49235,443,0,36,17
1587481489.9468482,10.10.0.10,74.125.110.42,,,49235,443,0,36,17
1587481489.965443,74.125.110.42,10.10.0.10,,,443,49235,0,1358,17
1587481489.96768,10.10.0.10,74.125.110.42,,,49235,443,0,36,17
1587481490.002593,74.125.110.42,10.10.0.10,,,443,49235,0,1358,17
1587481490.0397172,74.125.110.42,10.10.0.10,,,443,49235,0,1358,17
1587481490.0600328,10.10.0.10,74.125.110.42,,,49235,443,0,36,17
1587481490.076792,173.194.182.102,10.10.0.10,,,443,41888,0,115,17
1587481490.080807,173.194.182.102,10.10.0.10,,,443,41888,0,1358,17
1587481490.082706,10.10.0.10,173.194.182.102,,,41888,443,0,37,17
1587481490.117926,173.194.182.102,10.10.0.10,,,443,41888,0,1358,17
1587481490.1550348,173.194.182.102,10.10.0.10,,,443,41888,0,1358,17
1587481490.157089,10.10.0.10,173.194.182.102,,,41888,443,0,37,17
1587481490.1920948,173.194.182.102,10.10.0.10,,,443,41888,0,1358,17
1587481490.2292602,173.194.182.102,10.10.0.10,,,443,41888,0,1358,17
1587481490.2320304,10.10.0.10,173.194.182.102,,,41888,443,0,37,17
1587481490.2663715,173.194.182.102,10.10.0.10,,,443,41888,0,1358,17
1587481490.303516,173.194.182.102,10.10.0.10,,,443,41888,0,1358,17
1587481490.305293,10.10.0.10,173.194.182.102,,,41888,443,0,37,17
1587481490.340646,173.194.182.102,10.10.0.10,,,443,41888,0,1358,17
1587481490.377767,173.194.182.102,10.10.0.10,,,443,41888,0,1358,17
1587481490.379591,10.10.0.10,173.194.182.102,,,41888,443,0,37,17
1587481490.4148881,173.194.182.102,10.10.0.10,,,443,41888,0,1358,17
1587481490.4520106,74.125.110.42,10.10.0.10,,,443,49235,0,1358,17
1587481490.453774,10.10.0.10,74.125.110.42,,,49235,443,0,39,17
1587481490.4541779,10.10.0.10,173.194.182.102,,,41888,443,0,37,17
1587481490.489105,74.125.110.42,10.10.0.10,,,443,49235,0,1358,17
1587481490.491446,10.10.0.10,74.125.110.42,,,49235,443,0,39,17
1587481490.526247,173.194.182.102,10.10.0.10,,,443,41888,0,1358,17
1587481490.563376,74.125.110.42,10.10.0.10,,,443,49235,0,1358,17
1587481490.5662649,10.10.0.10,74.125.110.42,,,49235,443,0,39,17
1587481490.566466,10.10.0.10,173.194.182.102,,,41888,443,0,37,17
1587481490.600496,74.125.110.42,10.10.0.10,,,443,49235,0,1358,17
1587481490.602145,10.10.0.10,74.125.110.42,,,49235,443,0,39,17
1587481490.6376119,173.194.182.102,10.10.0.10,,,443,41888,0,1358,17
1587481490.668242,10.10.0.10,173.194.182.102,,,41888,443,0,37,17
1587481490.6747332,74.125.110.42,10.10.0.10,,,443,49235,0,1358,17
1587481490.711839,74.125.110.42,10.10.0.10,,,443,49235,0,1358,17
1587481490.714161,10.10.0.10,74.125.110.42,,,49235,443,0,39,17
1587481490.748974,74.125.110.42,10.10.0.10,,,443,49235,0,1358,17
1587481490.786099,173.194.182.102,10.10.0.10,,,443,41888,0,1358,17
1587481490.788774,10.10.0.10,74.125.110.42,,,49235,443,0,39,17
1587481490.8232179,74.125.110.42,10.10.0.10,,,443,49235,0,1358,17
1587481490.825554,10.10.0.10,74.125.110.42,,,49235,443,0,41,17
1587481490.825759,10.10.0.10,173.194.182.102,,,41888,443,0,37,17
1587481490.8603392,173.194.182.102,10.10.0.10,,,443,41888,0,1358,17
1587481490.89745,74.125.110.42,10.10.0.10,,,443,49235,0,1358,17
1587481490.899576,10.10.0.10,74.125.110.42,,,49235,443,0,41,17
1587481490.8998108,10.10.0.10,173.194.182.102,,,41888,443,0,37,17
1587481490.9345698,74.125.110.42,10.10.0.10,,,443,49235,0,1358,17
1587481490.9364462,10.10.0.10,74.125.110.42,,,49235,443,0,41,17
1587481490.97169,173.194.182.102,10.10.0.10,,,443,41888,0,1358,17
1587481491.008776,74.125.110.42,10.10.0.10,,,443,49235,0,1358,17
1587481491.0124302,10.10.0.10,74.125.110.42,,,49235,443,0,41,17
1587481491.012638,10.10.0.10,173.194.182.102,,,41888,443,0,37,17
1587481491.0459301,74.125.110.42,10.10.0.10,,,443,49235,0,1358,17
1587481491.083049,74.125.110.42,10.10.0.10,,,443,49235,0,1358,17
1587481491.084754,10.10.0.10,74.125.110.42,,,49235,443,0,41,17
1587481491.120169,173.194.182.102,10.10.0.10,,,443,41888,0,1358,17
1587481491.1572714,74.125.110.42,10.10.0.10,,,443,49235,0,1358,17
1587481491.159265,10.10.0.10,173.194.182.102,,,41888,443,0,37,17
1587481491.186025,10.10.0.10,74.125.110.42,,,49235,443,0,54,17
1587481491.1944,74.125.110.42,10.10.0.10,,,443,49235,0,1358,17
1587481491.2315161,173.194.182.102,10.10.0.10,,,443,41888,0,1358,17
1587481491.233902,10.10.0.10,74.125.110.42,,,49235,443,0,41,17
1587481491.2686381,74.125.110.42,10.10.0.10,,,443,49235,0,1358,17
1587481491.27036,10.10.0.10,173.194.182.102,,,41888,443,0,37,17
1587481491.298362,10.10.0.10,74.125.110.42,,,49235,443,0,41,17
1587481491.3056948,74.125.110.42,10.10.0.10,,,443,49235,0,1358,17
1587481491.3428428,173.194.182.102,10.10.0.10,,,443,41888,0,1358,17
1587481491.3448038,10.10.0.10,74.125.110.42,,,49235,443,0,41,17
1587481491.380006,74.125.110.42,10.10.0.10,,,443,49235,0,1358,17
1587481491.381867,10.10.0.10,173.194.182.102,,,41888,443,0,37,17
1587481491.4171224,74.125.110.42,10.10.0.10,,,443,49235,0,1358,17
1587481491.4189148,10.10.0.10,74.125.110.42,,,49235,443,0,41,17
1587481491.454241,74.125.110.42,10.10.0.10,,,443,49235,0,1358,17
1587481491.4913619,173.194.182.102,10.10.0.10,,,443,41888,0,1358,17
1587481491.493242,10.10.0.10,74.125.110.42,,,49235,443,0,41,17
1587481491.5284839,74.125.110.42,10.10.0.10,,,443,49235,0,1358,17
1587481491.5302658,10.10.0.10,173.194.182.102,,,41888,443,0,37,17
1587481491.5656028,173.194.182.102,10.10.0.10,,,443,41888,0,1358,17
1587481491.5680995,10.10.0.10,74.125.110.42,,,49235,443,0,41,17
1587481491.6027238,74.125.110.42,10.10.0.10,,,443,49235,0,1358,17
1587481491.6045182,10.10.0.10,74.125.110.42,,,49235,443,0,43,17
1587481491.604558,10.10.0.10,173.194.182.102,,,41888,443,0,37,17
1587481491.639844,74.125.110.42,10.10.0.10,,,443,49235,0,1358,17
1587481491.6416519,10.10.0.10,74.125.110.42,,,49235,443,0,43,17
1587481491.6769636,173.194.182.102,10.10.0.10,,,443,41888,0,1358,17
1587481491.7140882,74.125.110.42,10.10.0.10,,,443,49235,0,1358,17
1587481491.715981,10.10.0.10,74.125.110.42,,,49235,443,0,43,17
1587481491.7162578,10.10.0.10,173.194.182.102,,,41888,443,0,37,17
1587481491.751207,74.125.110.42,10.10.0.10,,,443,49235,0,1358,17
1587481491.780476,10.10.0.10,74.125.110.42,,,49235,443,0,43,17
1587481491.788327,74.125.110.42,10.10.0.10,,,443,49235,0,1358,17
1587481491.8254552,173.194.182.102,10.10.0.10,,,443,41888,0,1358,17
1587481491.831021,10.10.0.10,74.125.110.42,,,49235,443,0,43,17
1587481491.8625472,74.125.110.42,10.10.0.10,,,443,49235,0,1358,17
1587481491.8646634,10.10.0.10,173.194.182.102,,,41888,443,0,37,17
1587481491.8996868,74.125.110.42,10.10.0.10,,,443,49235,0,1358,17
1587481491.901934,10.10.0.10,74.125.110.42,,,49235,443,0,43,17
1587481491.9368072,173.194.182.102,10.10.0.10,,,443,41888,0,1358,17
1587481491.973927,74.125.110.42,10.10.0.10,,,443,49235,0,1358,17
1587481491.975658,10.10.0.10,173.194.182.102,,,41888,443,0,37,17
1587481492.0110474,74.125.110.42,10.10.0.10,,,443,49235,0,1358,17
1587481492.0125802,10.10.0.10,74.125.110.42,,,49235,443,0,43,17
1587481492.048176,173.194.182.102,10.10.0.10,,,443,41888,0,1358,17
1587481492.0852995,74.125.110.42,10.10.0.10,,,443,49235,0,1358,17
1587481492.086961,10.10.0.10,74.125.110.42,,,49235,443,0,45,17
1587481492.087267,10.10.0.10,173.194.182.102,,,41888,443,0,50,17
1587481492.122377,74.125.110.42,10.10.0.10,,,443,49235,0,1358,17
1587481492.159539,173.194.182.102,10.10.0.10,,,443,41888,0,1358,17
1587481492.1953788,10.10.0.10,74.125.110.42,,,49235,443,0,45,17
1587481492.1966536,74.125.110.42,10.10.0.10,,,443,49235,0,1358,17
1587481492.1984868,10.10.0.10,74.125.110.42,,,49235,443,0,45,17
1587481492.233779,74.125.110.42,10.10.0.10,,,443,49235,0,1358,17
1587481492.235498,10.10.0.10,74.125.110.42,,,49235,443,0,45,17
1587481492.2356946,10.10.0.10,173.194.182.102,,,41888,443,0,37,17
1587481492.27089,74.125.110.42,10.10.0.10,,,443,49235,0,1358,17
1587481492.308006,173.194.182.102,10.10.0.10,,,443,41888,0,1358,17
1587481492.310039,10.10.0.10,74.125.110.42,,,49235,443,0,45,17
1587481492.345078,74.125.110.42,10.10.0.10,,,443,49235,0,1358,17
1587481492.3461661,10.10.0.10,173.194.182.102,,,41888,443,0,37,17
1587481492.3822489,173.194.182.102,10.10.0.10,,,443,41888,0,1358,17
1587481492.384855,10.10.0.10,74.125.110.42,,,49235,443,0,45,17
1587481492.4172661,10.10.0.10,173.194.182.102,,,41888,443,0,37,17
1587481492.4193661,74.125.110.42,10.10.0.10,,,443,49235,0,1358,17
1587481492.4234366,10.10.0.10,74.125.110.42,,,49235,443,0,60,17
1587481492.4564898,74.125.110.42,10.10.0.10,,,443,49235,0,1358,17
1587481492.493606,74.125.110.42,10.10.0.10,,,443,49235,0,1358,17
1587481492.5307238,173.194.182.102,10.10.0.10,,,443,41888,0,1358,17
1587481492.539999,10.10.0.10,74.125.110.42,,,49235,443,0,47,17
1587481492.5429149,10.10.0.10,74.125.110.42,,,49235,443,0,47,17
1587481492.567849,74.125.110.42,10.10.0.10,,,443,49235,0,1358,17
1587481492.604969,74.125.110.42,10.10.0.10,,,443,49235,0,1358,17
1587481492.6420898,173.194.182.102,10.10.0.10,,,443,41888,0,1358,17
1587481492.67921,74.125.110.42,10.10.0.10,,,443,49235,0,1358,17
1587481492.716289,74.125.110.42,10.10.0.10,,,443,49235,0,1358,17
1587481492.753449,173.194.182.102,10.10.0.10,,,443,41888,0,1358,17
1587481492.79057,74.125.110.42,10.10.0.10,,,443,49235,0,1358,17
1587481492.827654,74.125.110.42,10.10.0.10,,,443,49235,0,1358,17
1587481492.8648062,74.125.110.42,10.10.0.10,,,443,49235,0,1358,17
1587481492.901929,173.194.182.102,10.10.0.10,,,443,41888,0,1358,17
1587481492.903185,10.10.0.10,173.194.182.102,,,41888,443,0,37,17
1587481492.93905,74.125.110.42,10.10.0.10,,,443,49235,0,1358,17
1587481492.9761686,74.125.110.42,10.10.0.10,,,443,49235,0,1358,17
1587481493.0132911,74.125.110.42,10.10.0.10,,,443,49235,0,1358,17
1587481493.050406,74.125.110.42,10.10.0.10,,,443,49235,0,1358,17
1587481493.087529,74.125.110.42,10.10.0.10,,,443,49235,0,1358,17
1587481493.1246462,74.125.110.42,10.10.0.10,,,443,49235,0,1358,17
1587481493.161751,74.125.110.42,10.10.0.10,,,443,49235,0,1358,17
1587481493.198864,74.125.110.42,10.10.0.10,,,443,49235,0,1358,17
1587481493.2359982,74.125.110.42,10.10.0.10,,,443,49235,0,1358,17
1587481493.263431,10.10.0.10,74.125.110.42,,,49235,443,0,47,17
1587481493.273118,74.125.110.42,10.10.0.10,,,443,49235,0,1358,17
1587481493.310194,74.125.110.42,10.10.0.10,,,443,49235,0,1358,17
1587481493.347307,74.125.110.42,10.10.0.10,,,443,49235,0,1358,17
1587481493.383199,10.10.0.10,74.125.110.42,,,49235,443,0,47,17
1587481493.38323,10.10.0.10,173.194.182.102,,,41888,443,0,37,17
1587481493.3844762,74.125.110.42,10.10.0.10,,,443,49235,0,1358,17
1587481493.4215946,74.125.110.42,10.10.0.10,,,443,49235,0,1358,17
1587481493.458717,74.125.110.42,10.10.0.10,,,443,49235,0,1358,17
1587481493.495839,74.125.110.42,10.10.0.10,,,443,49235,0,1358,17
1587481493.5032694,10.10.0.10,74.125.110.42,,,49235,443,0,47,17
1587481493.503304,10.10.0.10,74.125.110.42,,,49235,443,0,47,17
1587481493.532901,74.125.110.42,10.10.0.10,,,443,49235,0,1358,17
1587481493.570086,74.125.110.42,10.10.0.10,,,443,49235,0,1358,17
1587481493.607206,74.125.110.42,10.10.0.10,,,443,49235,0,1358,17
1587481493.644325,74.125.110.42,10.10.0.10,,,443,49235,0,1358,17
1587481493.6814268,74.125.110.42,10.10.0.10,,,443,49235,0,1358,17
1587481493.71857,74.125.110.42,10.10.0.10,,,443,49235,0,1358,17
1587481493.7556882,74.125.110.42,10.10.0.10,,,443,49235,0,1358,17
1587481493.792815,74.125.110.42,10.10.0.10,,,443,49235,0,1358,17
1587481493.829926,74.125.110.42,10.10.0.10,,,443,49235,0,1358,17
1587481493.863238,10.10.0.10,74.125.110.42,,,49235,443,0,47,17
1587481493.86328,10.10.0.10,173.194.182.102,,,41888,443,0,37,17
1587481493.867046,74.125.110.42,10.10.0.10,,,443,49235,0,1358,17
1587481493.904174,74.125.110.42,10.10.0.10,,,443,49235,0,1358,17
1587481493.9412956,74.125.110.42,10.10.0.10,,,443,49235,0,1358,17
1587481493.9784124,74.125.110.42,10.10.0.10,,,443,49235,0,1358,17
1587481493.9941788,10.10.0.10,74.125.110.42,,,49235,443,0,47,17
1587481493.998357,10.10.0.10,74.125.110.42,,,49235,443,0,47,17
1587481493.9984071,10.10.0.10,74.125.110.42,,,49235,443,0,47,17
1587481494.000918,10.10.0.10,74.125.110.42,,,49235,443,0,47,17
1587481494.0018964,10.10.0.10,74.125.110.42,,,49235,443,0,47,17
1587481494.0025318,10.10.0.10,74.125.110.42,,,49235,443,0,47,17
1587481494.0039802,10.10.0.10,74.125.110.42,,,49235,443,0,47,17
1587481494.010982,10.10.0.10,74.125.110.42,,,49235,443,0,47,17
1587481494.012563,10.10.0.10,74.125.110.42,,,49235,443,0,47,17
1587481494.015537,74.125.110.42,10.10.0.10,,,443,49235,0,1358,17
1587481494.0170002,10.10.0.10,74.125.110.42,,,49235,443,0,47,17
1587481494.017202,10.10.0.10,74.125.110.42,,,49235,443,0,47,17
1587481494.0185866,10.10.0.10,74.125.110.42,,,49235,443,0,47,17
1587481494.018755,10.10.0.10,74.125.110.42,,,49235,443,0,62,17
1587481494.0194151,10.10.0.10,74.125.110.42,,,49235,443,0,49,17
1587481494.02087,10.10.0.10,74.125.110.42,,,49235,443,0,49,17
1587481494.021784,10.10.0.10,74.125.110.42,,,49235,443,0,49,17
1587481494.052652,74.125.110.42,10.10.0.10,,,443,49235,0,1358,17
1587481494.089775,74.125.110.42,10.10.0.10,,,443,49235,0,1358,17
1587481494.091451,10.10.0.10,74.125.110.42,,,49235,443,0,49,17
1587481494.126893,74.125.110.42,10.10.0.10,,,443,49235,0,1358,17
1587481494.16395,74.125.110.42,10.10.0.10,,,443,49235,0,1358,17
1587481494.1655624,10.10.0.10,74.125.110.42,,,49235,443,0,50,17
1587481494.201112,74.125.110.42,10.10.0.10,,,443,49235,0,1358,17
1587481494.2382364,74.125.110.42,10.10.0.10,,,443,49235,0,1358,17
1587481494.2399821,10.10.0.10,74.125.110.42,,,49235,443,0,48,17
1587481494.2673788,10.10.0.10,173.194.182.102,,,41888,443,0,43,17
1587481494.275357,74.125.110.42,10.10.0.10,,,443,49235,0,1358,17
1587481494.277049,10.10.0.10,74.125.110.42,,,49235,443,0,47,17
1587481494.3124616,74.125.110.42,10.10.0.10,,,443,49235,0,1358,17
1587481494.3140929,10.10.0.10,74.125.110.42,,,49235,443,0,47,17
1587481494.349617,74.125.110.42,10.10.0.10,,,443,49235,0,1358,17
1587481494.3513858,10.10.0.10,74.125.110.42,,,49235,443,0,47,17
1587481494.386732,74.125.110.42,10.10.0.10,,,443,49235,0,1358,17
1587481494.422908,10.10.0.10,74.125.110.42,,,49235,443,0,47,17
1587481494.4238508,74.125.110.42,10.10.0.10,,,443,49235,0,1358,17
1587481494.460974,74.125.110.42,10.10.0.10,,,443,49235,0,1358,17
1587481494.4643252,10.10.0.10,74.125.110.42,,,49235,443,0,47,17
1587481494.4980998,74.125.110.42,10.10.0.10,,,443,49235,0,1358,17
1587481494.5352142,74.125.110.42,10.10.0.10,,,443,49235,0,1358,17
1587481494.5526428,10.10.0.10,74.125.110.42,,,49235,443,0,47,17
1587481494.572338,74.125.110.42,10.10.0.10,,,443,49235,0,1358,17
1587481494.609455,74.125.110.42,10.10.0.10,,,443,49235,0,1358,17
1587481494.611218,10.10.0.10,74.125.110.42,,,49235,443,0,47,17
1587481494.646575,74.125.110.42,10.10.0.10,,,443,49235,0,1358,17
1587481494.683721,74.125.110.42,10.10.0.10,,,443,49235,0,1358,17
1587481494.685368,10.10.0.10,74.125.110.42,,,49235,443,0,47,17
1587481494.720819,74.125.110.42,10.10.0.10,,,443,49235,0,1358,17
1587481494.7227302,10.10.0.10,74.125.110.42,,,49235,443,0,47,17
1587481494.757926,74.125.110.42,10.10.0.10,,,443,49235,0,1358,17
1587481494.79505,74.125.110.42,10.10.0.10,,,443,49235,0,1358,17
1587481494.796882,10.10.0.10,74.125.110.42,,,49235,443,0,47,17
1587481494.8321671,74.125.110.42,10.10.0.10,,,443,49235,0,1358,17
1587481494.869257,173.194.182.102,10.10.0.10,,,443,41888,0,29,17
1587481494.870875,10.10.0.10,74.125.110.42,,,49235,443,0,47,17
1587481494.870929,74.125.110.42,10.10.0.10,,,443,49235,0,1358,17
1587481494.874886,10.10.0.10,74.125.110.42,,,49235,443,0,49,17
1587481494.9080892,74.125.110.42,10.10.0.10,,,443,49235,0,1358,17
1587481494.91015,10.10.0.10,74.125.110.42,,,49235,443,0,49,17
1587481494.945209,74.125.110.42,10.10.0.10,,,443,49235,0,1358,17
1587481494.947027,10.10.0.10,74.125.110.42,,,49235,443,0,62,17
1587481494.982329,74.125.110.42,10.10.0.10,,,443,49235,0,1358,17
1587481494.984359,10.10.0.10,74.125.110.42,,,49235,443,0,49,17
1587481495.0194461,74.125.110.42,10.10.0.10,,,443,49235,0,334,17
1587481495.0292602,173.194.182.102,10.10.0.10,,,443,41888,0,1358,17
1587481495.0663831,74.125.110.42,10.10.0.10,,,443,49235,0,29,17
1587481495.0680606,74.125.110.42,10.10.0.10,,,443,49235,0,1358,17
1587481495.068093,10.10.0.10,74.125.110.42,,,49235,443,0,43,17
1587481495.068394,10.10.0.10,173.194.182.102,,,41888,443,0,37,17
1587481495.1051831,173.194.182.102,10.10.0.10,,,443,41888,0,1358,17
1587481495.107152,10.10.0.10,74.125.110.42,,,49235,443,0,43,17
1587481495.17027,10.10.0.10,173.194.182.102,,,41888,443,0,37,17
1587481495.1997812,173.194.182.102,10.10.0.10,,,443,41888,0,1358,17
1587481495.2369318,173.194.182.102,10.10.0.10,,,443,41888,0,1358,17
1587481495.2386134,10.10.0.10,173.194.182.102,,,41888,443,0,37,17
1587481495.3119311,173.194.182.102,10.10.0.10,,,443,41888,0,1358,17
1587481495.3706448,10.10.0.10,173.194.182.102,,,41888,443,0,37,17
1587481495.3849812,74.125.110.42,10.10.0.10,,,443,49235,0,1358,17
1587481495.4210038,10.10.0.10,74.125.110.42,,,49235,443,0,41,17
1587481495.4220605,74.125.110.42,10.10.0.10,,,443,49235,0,33,17
1587481495.423888,173.194.182.102,10.10.0.10,,,443,41888,0,29,17
1587481495.42557,74.125.110.42,10.10.0.10,,,443,49235,0,1358,17
1587481495.427541,10.10.0.10,74.125.110.42,,,49235,443,0,41,17
1587481495.500638,74.125.110.42,10.10.0.10,,,443,49235,0,1358,17
1587481495.537766,74.125.110.42,10.10.0.10,,,443,49235,0,34,17
1587481495.539367,10.10.0.10,74.125.110.42,,,49235,443,0,36,17
1587481495.5395322,173.194.182.102,10.10.0.10,,,443,41888,0,1358,17
1587481495.555406,10.10.0.10,74.125.110.42,,,49235,443,0,676,17
1587481495.555447,10.10.0.10,74.125.110.42,,,49235,443,0,48,17
1587481495.5767002,173.194.182.102,10.10.0.10,,,443,41888,0,1358,17
1587481495.579126,10.10.0.10,173.194.182.102,,,41888,443,0,37,17
1587481495.613816,173.194.182.102,10.10.0.10,,,443,41888,0,1358,17
1587481495.64904,10.10.0.10,173.194.182.102,,,41888,443,0,37,17
1587481495.6509461,173.194.182.102,10.10.0.10,,,443,41888,0,1358,17
1587481495.688065,173.194.182.102,10.10.0.10,,,443,41888,0,1358,17
1587481495.6897252,10.10.0.10,173.194.182.102,,,41888,443,0,37,17
1587481495.7251492,173.194.182.102,10.10.0.10,,,443,41888,0,1358,17
1587481495.7623134,173.194.182.102,10.10.0.10,,,443,41888,0,1358,17
1587481495.764189,10.10.0.10,173.194.182.102,,,41888,443,0,37,17
1587481495.83655,173.194.182.102,10.10.0.10,,,443,41888,0,1358,17
1587481495.875604,173.194.182.102,10.10.0.10,,,443,41888,0,1358,17
1587481495.878737,10.10.0.10,173.194.182.102,,,41888,443,0,37,17
1587481495.9126909,173.194.182.102,10.10.0.10,,,443,41888,0,1358,17
1587481495.9498858,173.194.182.102,10.10.0.10,,,443,41888,0,1358,17
1587481495.9516964,10.10.0.10,173.194.182.102,,,41888,443,0,37,17
1587481495.987002,173.194.182.102,10.10.0.10,,,443,41888,0,1358,17
1587481496.040642,10.10.0.10,173.194.182.102,,,41888,443,0,37,17
1587481496.061232,173.194.182.102,10.10.0.10,,,443,41888,0,1358,17
1587481496.0983558,173.194.182.102,10.10.0.10,,,443,41888,0,1358,17
1587481496.1000829,10.10.0.10,173.194.182.102,,,41888,443,0,37,17
1587481496.1354249,173.194.182.102,10.10.0.10,,,443,41888,0,1358,17
1587481496.1725955,173.194.182.102,10.10.0.10,,,443,41888,0,1358,17
1587481496.1745431,10.10.0.10,173.194.182.102,,,41888,443,0,37,17
1587481496.2096438,173.194.182.102,10.10.0.10,,,443,41888,0,1358,17
1587481496.2467911,173.194.182.102,10.10.0.10,,,443,41888,0,1358,17
1587481496.274125,10.10.0.10,173.194.182.102,,,41888,443,0,37,17
1587481496.2839491,173.194.182.102,10.10.0.10,,,443,41888,0,1358,17
1587481496.321073,74.125.110.42,10.10.0.10,,,443,49235,0,115,17
1587481496.3235116,10.10.0.10,173.194.182.102,,,41888,443,0,37,17
1587481496.325043,74.125.110.42,10.10.0.10,,,443,49235,0,1358,17
1587481496.32741,10.10.0.10,74.125.110.42,,,49235,443,0,36,17
1587481496.3620946,74.125.110.42,10.10.0.10,,,443,49235,0,1358,17
1587481496.3992784,74.125.110.42,10.10.0.10,,,443,49235,0,1358,17
1587481496.401203,10.10.0.10,74.125.110.42,,,49235,443,0,36,17
1587481496.436398,74.125.110.42,10.10.0.10,,,443,49235,0,1358,17
1587481496.473518,74.125.110.42,10.10.0.10,,,443,49235,0,1358,17
1587481496.475267,10.10.0.10,74.125.110.42,,,49235,443,0,36,17
1587481496.5106368,74.125.110.42,10.10.0.10,,,443,49235,0,1358,17
1587481496.5477571,74.125.110.42,10.10.0.10,,,443,49235,0,1358,17
1587481496.5848851,74.125.110.42,10.10.0.10,,,443,49235,0,1358,17
1587481496.6220028,74.125.110.42,10.10.0.10,,,443,49235,0,1358,17
1587481496.647131,10.10.0.10,74.125.110.42,,,49235,443,0,36,17
1587481496.6491554,10.10.0.10,74.125.110.42,,,49235,443,0,36,17
1587481496.659122,74.125.110.42,10.10.0.10,,,443,49235,0,1358,17
1587481496.6982205,74.125.110.42,10.10.0.10,,,443,49235,0,1358,17
1587481496.735341,173.194.182.102,10.10.0.10,,,443,41888,0,1358,17
1587481496.772465,74.125.110.42,10.10.0.10,,,443,49235,0,1358,17
1587481496.8095572,74.125.110.42,10.10.0.10,,,443,49235,0,1358,17
1587481496.8467119,173.194.182.102,10.10.0.10,,,443,41888,0,1358,17
1587481496.8794188,10.10.0.10,74.125.110.42,,,49235,443,0,36,17
1587481496.8838286,74.125.110.42,10.10.0.10,,,443,49235,0,1358,17
1587481496.95804,74.125.110.42,10.10.0.10,,,443,49235,0,1358,17
1587481496.995194,74.125.110.42,10.10.0.10,,,443,49235,0,1358,17
1587481497.032238,173.194.182.102,10.10.0.10,,,443,41888,0,1358,17
1587481497.069378,74.125.110.42,10.10.0.10,,,443,49235,0,1358,17
1587481497.1065388,74.125.110.42,10.10.0.10,,,443,49235,0,1358,17
1587481497.1436589,173.194.182.102,10.10.0.10,,,443,41888,0,1358,17
1587481497.180784,74.125.110.42,10.10.0.10,,,443,49235,0,1358,17
1587481497.217885,74.125.110.42,10.10.0.10,,,443,49235,0,1358,17
1587481497.255008,74.125.110.42,10.10.0.10,,,443,49235,0,1358,17
1587481497.29211,173.194.182.102,10.10.0.10,,,443,41888,0,1358,17
1587481497.329187,74.125.110.42,10.10.0.10,,,443,49235,0,1358,17
1587481497.366369,74.125.110.42,10.10.0.10,,,443,49235,0,1358,17
1587481497.4034898,173.194.182.102,10.10.0.10,,,443,41888,0,1358,17
1587481497.440611,74.125.110.42,10.10.0.10,,,443,49235,0,1358,17
1587481497.477731,74.125.110.42,10.10.0.10,,,443,49235,0,1358,17
1587481497.514849,74.125.110.42,10.10.0.10,,,443,49235,0,1358,17
1587481497.551974,173.194.182.102,10.10.0.10,,,443,41888,0,1358,17
1587481497.589099,74.125.110.42,10.10.0.10,,,443,49235,0,1358,17
1587481497.626217,173.194.182.102,10.10.0.10,,,443,41888,0,1358,17
1587481497.6633348,74.125.110.42,10.10.0.10,,,443,49235,0,1358,17
1587481497.7004588,74.125.110.42,10.10.0.10,,,443,49235,0,1358,17
1587481497.737575,173.194.182.102,10.10.0.10,,,443,41888,0,1358,17
1587481497.7746682,74.125.110.42,10.10.0.10,,,443,49235,0,1358,17
1587481497.822149,74.125.110.42,10.10.0.10,,,443,49235,0,1358,17
1587481497.847538,10.10.0.10,74.125.110.42,,,49235,443,0,36,17
1587481497.8504052,10.10.0.10,74.125.110.42,,,49235,443,0,36,17
1587481497.8517768,10.10.0.10,173.194.182.102,,,41888,443,0,37,17
1587481497.8546364,10.10.0.10,74.125.110.42,,,49235,443,0,36,17
1587481497.8861706,74.125.110.42,10.10.0.10,,,443,49235,0,1358,17
1587481497.923291,173.194.182.102,10.10.0.10,,,443,41888,0,1358,17
1587481497.954246,10.10.0.10,173.194.182.102,,,41888,443,0,37,17
1587481497.95444,10.10.0.10,74.125.110.42,,,49235,443,0,36,17
1587481497.959009,10.10.0.10,74.125.110.42,,,49235,443,0,36,17
1587481497.9604132,74.125.110.42,10.10.0.10,,,443,49235,0,1358,17
1587481497.962456,10.10.0.10,74.125.110.42,,,49235,443,0,36,17
1587481497.964519,10.10.0.10,173.194.182.102,,,41888,443,0,37,17
1587481497.964589,10.10.0.10,74.125.110.42,,,49235,443,0,36,17
1587481497.9670212,10.10.0.10,74.125.110.42,,,49235,443,0,36,17
1587481497.9685204,10.10.0.10,74.125.110.42,,,49235,443,0,36,17
1587481497.9685798,10.10.0.10,173.194.182.102,,,41888,443,0,37,17
1587481497.9698498,10.10.0.10,74.125.110.42,,,49235,443,0,39,17
1587481497.969918,10.10.0.10,74.125.110.42,,,49235,443,0,39,17
1587481497.9712932,10.10.0.10,173.194.182.102,,,41888,443,0,50,17
1587481497.9721632,10.10.0.10,74.125.110.42,,,49235,443,0,39,17
1587481497.974255,10.10.0.10,74.125.110.42,,,49235,443,0,39,17
1587481497.9771528,10.10.0.10,74.125.110.42,,,49235,443,0,52,17
1587481497.997533,74.125.110.42,10.10.0.10,,,443,49235,0,1358,17
1587481498.0346508,173.194.182.102,10.10.0.10,,,443,41888,0,1358,17
1587481498.0717714,74.125.110.42,10.10.0.10,,,443,49235,0,1358,17
1587481498.0744526,10.10.0.10,173.194.182.102,,,41888,443,0,37,17
1587481498.077759,10.10.0.10,74.125.110.42,,,49235,443,0,39,17
1587481498.108823,74.125.110.42,10.10.0.10,,,443,49235,0,1358,17
1587481498.130639,10.10.0.10,173.194.182.102,,,41888,443,0,37,17
1587481498.146015,74.125.110.42,10.10.0.10,,,443,49235,0,1358,17
1587481498.147916,10.10.0.10,74.125.110.42,,,49235,443,0,39,17
1587481498.184885,173.194.182.102,10.10.0.10,,,443,41888,0,1358,17
1587481498.252439,10.10.0.10,173.194.182.102,,,41888,443,0,37,17
1587481498.302884,74.125.110.42,10.10.0.10,,,443,49235,0,1358,17
1587481498.340018,74.125.110.42,10.10.0.10,,,443,49235,0,1358,17
1587481498.3426132,10.10.0.10,74.125.110.42,,,49235,443,0,39,17
1587481498.3771448,173.194.182.102,10.10.0.10,,,443,41888,0,1358,17
1587481498.411798,10.10.0.10,173.194.182.102,,,41888,443,0,37,17
1587481498.414264,74.125.110.42,10.10.0.10,,,443,49235,0,1358,17
1587481498.451387,74.125.110.42,10.10.0.10,,,443,49235,0,1358,17
1587481498.4541314,10.10.0.10,74.125.110.42,,,49235,443,0,39,17
1587481498.488484,74.125.110.42,10.10.0.10,,,443,49235,0,1358,17
1587481498.5256338,173.194.182.102,10.10.0.10,,,443,41888,0,1358,17
1587481498.5275252,10.10.0.10,74.125.110.42,,,49235,443,0,39,17
1587481498.562759,74.125.110.42,10.10.0.10,,,443,49235,0,1358,17
1587481498.564423,10.10.0.10,173.194.182.102,,,41888,443,0,37,17
1587481498.59988,173.194.182.102,10.10.0.10,,,443,41888,0,1358,17
1587481498.6016932,10.10.0.10,74.125.110.42,,,49235,443,0,39,17
1587481498.6295311,10.10.0.10,173.194.182.102,,,41888,443,0,37,17
1587481498.6369982,74.125.110.42,10.10.0.10,,,443,49235,0,1358,17
1587481498.6388,10.10.0.10,74.125.110.42,,,49235,443,0,41,17
1587481498.674118,74.125.110.42,10.10.0.10,,,443,49235,0,1358,17
1587481498.675879,10.10.0.10,74.125.110.42,,,49235,443,0,41,17
1587481498.7111769,74.125.110.42,10.10.0.10,,,443,49235,0,1358,17
1587481498.7131119,10.10.0.10,74.125.110.42,,,49235,443,0,41,17
1587481498.748357,173.194.182.102,10.10.0.10,,,443,41888,0,1358,17
1587481498.7854779,74.125.110.42,10.10.0.10,,,443,49235,0,1358,17
1587481498.822594,74.125.110.42,10.10.0.10,,,443,49235,0,1358,17
1587481498.8506286,10.10.0.10,74.125.110.42,,,49235,443,0,41,17
1587481498.859718,173.194.182.102,10.10.0.10,,,443,41888,0,1358,17
1587481498.8615232,10.10.0.10,173.194.182.102,,,41888,443,0,37,17
1587481498.883449,10.10.0.10,74.125.110.42,,,49235,443,0,41,17
1587481498.8968372,74.125.110.42,10.10.0.10,,,443,49235,0,1358,17
1587481498.933958,74.125.110.42,10.10.0.10,,,443,49235,0,1358,17
1587481498.9360454,10.10.0.10,74.125.110.42,,,49235,443,0,41,17
1587481498.9710472,173.194.182.102,10.10.0.10,,,443,41888,0,1358,17
1587481499.008193,74.125.110.42,10.10.0.10,,,443,49235,0,1358,17
1587481499.01017,10.10.0.10,173.194.182.102,,,41888,443,0,37,17
1587481499.0453172,74.125.110.42,10.10.0.10,,,443,49235,0,1358,17
1587481499.0472536,10.10.0.10,74.125.110.42,,,49235,443,0,41,17
1587481499.082443,74.125.110.42,10.10.0.10,,,443,49235,0,1358,17
1587481499.1195366,173.194.182.102,10.10.0.10,,,443,41888,0,1358,17
1587481499.1216311,10.10.0.10,74.125.110.42,,,49235,443,0,41,17
1587481499.1566598,74.125.110.42,10.10.0.10,,,443,49235,0,1358,17
1587481499.158437,10.10.0.10,173.194.182.102,,,41888,443,0,37,17
1587481499.1938071,173.194.182.102,10.10.0.10,,,443,41888,0,1358,17
1587481499.19591,10.10.0.10,74.125.110.42,,,49235,443,0,41,17
1587481499.230865,74.125.110.42,10.10.0.10,,,443,49235,0,1358,17
1587481499.23244,10.10.0.10,74.125.110.42,,,49235,443,0,43,17
1587481499.2326212,10.10.0.10,173.194.182.102,,,41888,443,0,37,17
1587481499.268004,74.125.110.42,10.10.0.10,,,443,49235,0,1358,17
1587481499.270191,10.10.0.10,74.125.110.42,,,49235,443,0,43,17
1587481499.3051548,74.125.110.42,10.10.0.10,,,443,49235,0,1358,17
1587481499.32005,10.10.0.10,74.125.110.42,,,49235,443,0,43,17
1587481499.3422508,173.194.182.102,10.10.0.10,,,443,41888,0,1358,17
1587481499.3793955,74.125.110.42,10.10.0.10,,,443,49235,0,1358,17
1587481499.381463,10.10.0.10,74.125.110.42,,,49235,443,0,44,17
1587481499.381709,10.10.0.10,173.194.182.102,,,41888,443,0,37,17
1587481499.4165132,74.125.110.42,10.10.0.10,,,443,49235,0,1358,17
1587481499.453636,173.194.182.102,10.10.0.10,,,443,41888,0,1358,17
1587481499.4555464,10.10.0.10,74.125.110.42,,,49235,443,0,57,17
1587481499.490754,74.125.110.42,10.10.0.10,,,443,49235,0,1358,17
1587481499.4924982,10.10.0.10,173.194.182.102,,,41888,443,0,37,17
1587481499.527878,74.125.110.42,10.10.0.10,,,443,49235,0,1358,17
1587481499.5470428,10.10.0.10,74.125.110.42,,,49235,443,0,44,17
1587481499.564993,74.125.110.42,10.10.0.10,,,443,49235,0,1358,17
1587481499.6020858,173.194.182.102,10.10.0.10,,,443,41888,0,1358,17
1587481499.6065252,10.10.0.10,74.125.110.42,,,49235,443,0,44,17
1587481499.6361866,10.10.0.10,173.194.182.102,,,41888,443,0,37,17
1587481499.6392374,74.125.110.42,10.10.0.10,,,443,49235,0,1358,17
1587481499.6763618,74.125.110.42,10.10.0.10,,,443,49235,0,1358,17
1587481499.6781259,10.10.0.10,74.125.110.42,,,49235,443,0,44,17
1587481499.713481,173.194.182.102,10.10.0.10,,,443,41888,0,1358,17
1587481499.7505991,74.125.110.42,10.10.0.10,,,443,49235,0,1358,17
1587481499.7524881,10.10.0.10,173.194.182.102,,,41888,443,0,37,17
1587481499.787717,74.125.110.42,10.10.0.10,,,443,49235,0,1358,17
1587481499.7896712,10.10.0.10,74.125.110.42,,,49235,443,0,44,17
1587481499.824799,173.194.182.102,10.10.0.10,,,443,41888,0,1358,17
1587481499.8619616,74.125.110.42,10.10.0.10,,,443,49235,0,1358,17
1587481499.86399,10.10.0.10,173.194.182.102,,,41888,443,0,37,17
1587481499.899085,74.125.110.42,10.10.0.10,,,443,49235,0,1358,17
1587481499.9009259,10.10.0.10,74.125.110.42,,,49235,443,0,44,17
1587481499.936206,74.125.110.42,10.10.0.10,,,443,49235,0,1358,17
1587481499.9733224,173.194.182.102,10.10.0.10,,,443,41888,0,1358,17
1587481499.9753158,10.10.0.10,74.125.110.42,,,49235,443,0,44,17
1587481500.010446,74.125.110.42,10.10.0.10,,,443,49235,0,1358,17
1587481500.012239,10.10.0.10,173.194.182.102,,,41888,443,0,37,17
1587481500.0475662,74.125.110.42,10.10.0.10,,,443,49235,0,1358,17
1587481500.049367,10.10.0.10,74.125.110.42,,,49235,443,0,44,17
1587481500.084684,173.194.182.102,10.10.0.10,,,443,41888,0,1358,17
1587481500.117281,10.10.0.10,173.194.182.102,,,41888,443,0,37,17
1587481500.121743,74.125.110.42,10.10.0.10,,,443,49235,0,1358,17
1587481500.158839,173.194.182.102,10.10.0.10,,,443,41888,0,1358,17
1587481500.160741,10.10.0.10,74.125.110.42,,,49235,443,0,44,17
1587481500.195992,74.125.110.42,10.10.0.10,,,443,49235,0,1358,17
1587481500.1976588,10.10.0.10,173.194.182.102,,,41888,443,0,37,17
1587481500.233142,173.194.182.102,10.10.0.10,,,443,41888,0,1358,17
1587481500.235014,10.10.0.10,74.125.110.42,,,49235,443,0,44,17
1587481500.2702188,173.194.182.102,10.10.0.10,,,443,41888,0,1358,17
1587481500.272616,10.10.0.10,173.194.182.102,,,41888,443,0,37,17
1587481500.307383,173.194.182.102,10.10.0.10,,,443,41888,0,1358,17
1587481500.3380678,10.10.0.10,173.194.182.102,,,41888,443,0,50,17
1587481500.3445082,74.125.110.42,10.10.0.10,,,443,49235,0,1358,17
1587481500.3816571,74.125.110.42,10.10.0.10,,,443,49235,0,1358,17
1587481500.383499,10.10.0.10,74.125.110.42,,,49235,443,0,44,17
1587481500.418762,173.194.182.102,10.10.0.10,,,443,41888,0,1358,17
1587481500.4558852,173.194.182.102,10.10.0.10,,,443,41888,0,1358,17
1587481500.4575891,10.10.0.10,173.194.182.102,,,41888,443,0,37,17
1587481500.493001,173.194.182.102,10.10.0.10,,,443,41888,0,1358,17
1587481500.530126,74.125.110.42,10.10.0.10,,,443,49235,0,1358,17
1587481500.5320678,10.10.0.10,173.194.182.102,,,41888,443,0,37,17
1587481500.56724,74.125.110.42,10.10.0.10,,,443,49235,0,1358,17
1587481500.5950286,10.10.0.10,74.125.110.42,,,49235,443,0,44,17
1587481500.604365,173.194.182.102,10.10.0.10,,,443,41888,0,1358,17
1587481500.6414864,173.194.182.102,10.10.0.10,,,443,41888,0,1358,17
1587481500.6432538,10.10.0.10,173.194.182.102,,,41888,443,0,37,17
1587481500.6785972,173.194.182.102,10.10.0.10,,,443,41888,0,1358,17
1587481500.7157161,173.194.182.102,10.10.0.10,,,443,41888,0,1358,17
1587481500.734458,10.10.0.10,173.194.182.102,,,41888,443,0,37,17
1587481500.7528338,173.194.182.102,10.10.0.10,,,443,41888,0,1358,17
1587481500.789957,173.194.182.102,10.10.0.10,,,443,41888,0,1358,17
1587481500.827076,74.125.110.42,10.10.0.10,,,443,49235,0,1358,17
1587481500.8641956,173.194.182.102,10.10.0.10,,,443,41888,0,1358,17
1587481500.901315,74.125.110.42,10.10.0.10,,,443,49235,0,1358,17
1587481500.9384348,74.125.110.42,10.10.0.10,,,443,49235,0,1358,17
1587481500.9743881,10.10.0.10,173.194.182.102,,,41888,443,0,37,17
1587481500.9755552,74.125.110.42,10.10.0.10,,,443,49235,0,1358,17
1587481501.0126758,173.194.182.102,10.10.0.10,,,443,41888,0,1358,17
1587481501.049796,173.194.182.102,10.10.0.10,,,443,41888,0,1358,17
1587481501.0869155,173.194.182.102,10.10.0.10,,,443,41888,0,1358,17
1587481501.124001,173.194.182.102,10.10.0.10,,,443,41888,0,1358,17
1587481501.161081,173.194.182.102,10.10.0.10,,,443,41888,0,1358,17
1587481501.198272,173.194.182.102,10.10.0.10,,,443,41888,0,1358,17
1587481501.2354045,173.194.182.102,10.10.0.10,,,443,41888,0,1358,17
1587481501.272521,173.194.182.102,10.10.0.10,,,443,41888,0,1358,17
1587481501.3096418,74.125.110.42,10.10.0.10,,,443,49235,0,1358,17
1587481501.346762,173.194.182.102,10.10.0.10,,,443,41888,0,1358,17
1587481501.383872,173.194.182.102,10.10.0.10,,,443,41888,0,1358,17
1587481501.4328976,173.194.182.102,10.10.0.10,,,443,41888,0,1358,17
1587481501.474514,173.194.182.102,10.10.0.10,,,443,41888,0,1358,17
1587481501.5116358,173.194.182.102,10.10.0.10,,,443,41888,0,1358,17
1587481501.5504868,173.194.182.102,10.10.0.10,,,443,41888,0,1358,17
1587481501.587611,173.194.182.102,10.10.0.10,,,443,41888,0,1358,17
1587481501.6401439,74.125.110.42,10.10.0.10,,,443,49235,0,1358,17
1587481501.677259,74.125.110.42,10.10.0.10,,,443,49235,0,1358,17
1587481501.7143779,74.125.110.42,10.10.0.10,,,443,49235,0,1358,17
1587481501.751502,74.125.110.42,10.10.0.10,,,443,49235,0,1358,17
1587481501.788623,74.125.110.42,10.10.0.10,,,443,49235,0,1358,17
1587481501.8256972,173.194.182.102,10.10.0.10,,,443,41888,0,1358,17
1587481501.862863,173.194.182.102,10.10.0.10,,,443,41888,0,29,17
1587481501.8645391,74.125.110.42,10.10.0.10,,,443,49235,0,1358,17
1587481501.9016619,74.125.110.42,10.10.0.10,,,443,49235,0,1358,17
1587481501.938782,173.194.182.102,10.10.0.10,,,443,41888,0,1358,17
1587481501.97587,74.125.110.42,10.10.0.10,,,443,49235,0,1358,17
1587481502.0130231,74.125.110.42,10.10.0.10,,,443,49235,0,1358,17
1587481502.050138,74.125.110.42,10.10.0.10,,,443,49235,0,1358,17
1587481502.087263,173.194.182.102,10.10.0.10,,,443,41888,0,1358,17
1587481502.12438,173.194.182.102,10.10.0.10,,,443,41888,0,1358,17
1587481502.161486,173.194.182.102,10.10.0.10,,,443,41888,0,1358,17
1587481502.1650748,10.10.0.10,173.194.182.102,,,41888,443,0,37,17
1587481502.165998,10.10.0.10,74.125.110.42,,,49235,443,0,44,17
1587481502.1684241,10.10.0.10,74.125.110.42,,,49235,443,0,44,17
1587481502.168515,10.10.0.10,173.194.182.102,,,41888,443,0,37,17
1587481502.1686409,10.10.0.10,173.194.182.102,,,41888,443,0,37,17
1587481502.168962,10.10.0.10,173.194.182.102,,,41888,443,0,37,17
1587481502.168992,10.10.0.10,173.194.182.102,,,41888,443,0,37,17
1587481502.198607,74.125.110.42,10.10.0.10,,,443,49235,0,1358,17
1587481502.2356699,74.125.110.42,10.10.0.10,,,443,49235,0,1358,17
1587481502.238216,10.10.0.10,173.194.182.102,,,41888,443,0,37,17
1587481502.2396328,10.10.0.10,74.125.110.42,,,49235,443,0,44,17
1587481502.243075,10.10.0.10,173.194.182.102,,,41888,443,0,37,17
1587481502.246464,10.10.0.10,173.194.182.102,,,41888,443,0,37,17
1587481502.251819,10.10.0.10,74.125.110.42,,,49235,443,0,44,17
1587481502.2728052,173.194.182.102,10.10.0.10,,,443,41888,0,1358,17
1587481502.284083,10.10.0.10,74.125.110.42,,,49235,443,0,46,17
1587481502.284112,10.10.0.10,74.125.110.42,,,49235,443,0,46,17
1587481502.2860026,10.10.0.10,74.125.110.42,,,49235,443,0,46,17
1587481502.2863965,10.10.0.10,173.194.182.102,,,41888,443,0,37,17
1587481502.290336,10.10.0.10,74.125.110.42,,,49235,443,0,46,17
1587481502.2975216,10.10.0.10,173.194.182.102,,,41888,443,0,37,17
1587481502.297561,10.10.0.10,74.125.110.42,,,49235,443,0,57,17
1587481502.298861,10.10.0.10,74.125.110.42,,,49235,443,0,44,17
1587481502.2998981,10.10.0.10,173.194.182.102,,,41888,443,0,37,17
1587481502.301789,10.10.0.10,74.125.110.42,,,49235,443,0,44,17
1587481502.301991,10.10.0.10,173.194.182.102,,,41888,443,0,37,17
1587481502.3099742,74.125.110.42,10.10.0.10,,,443,49235,0,1358,17
1587481502.346016,10.10.0.10,74.125.110.42,,,49235,443,0,44,17
1587481502.347094,74.125.110.42,10.10.0.10,,,443,49235,0,1358,17
1587481502.4146042,10.10.0.10,74.125.110.42,,,49235,443,0,44,17
1587481502.422457,173.194.182.102,10.10.0.10,,,443,41888,0,1358,17
1587481502.470881,74.125.110.42,10.10.0.10,,,443,49235,0,1358,17
1587481502.472684,10.10.0.10,173.194.182.102,,,41888,443,0,37,17
1587481502.508003,74.125.110.42,10.10.0.10,,,443,49235,0,1358,17
1587481502.5102682,10.10.0.10,74.125.110.42,,,49235,443,0,44,17
1587481502.5451238,173.194.182.102,10.10.0.10,,,443,41888,0,1358,17
1587481502.578729,10.10.0.10,173.194.182.102,,,41888,443,0,37,17
1587481502.582246,74.125.110.42,10.10.0.10,,,443,49235,0,1358,17
1587481502.6193318,74.125.110.42,10.10.0.10,,,443,49235,0,1358,17
1587481502.621075,10.10.0.10,74.125.110.42,,,49235,443,0,44,17
1587481502.6564946,74.125.110.42,10.10.0.10,,,443,49235,0,1358,17
1587481502.6936119,173.194.182.102,10.10.0.10,,,443,41888,0,1358,17
1587481502.6964908,10.10.0.10,74.125.110.42,,,49235,443,0,44,17
1587481502.7307384,74.125.110.42,10.10.0.10,,,443,49235,0,1358,17
1587481502.7328932,10.10.0.10,173.194.182.102,,,41888,443,0,50,17
1587481502.767859,173.194.182.102,10.10.0.10,,,443,41888,0,1358,17
1587481502.770052,10.10.0.10,74.125.110.42,,,49235,443,0,44,17
1587481502.804978,74.125.110.42,10.10.0.10,,,443,49235,0,1358,17
1587481502.806909,10.10.0.10,173.194.182.102,,,41888,443,0,37,17
1587481502.8420892,74.125.110.42,10.10.0.10,,,443,49235,0,1358,17
1587481502.843965,10.10.0.10,74.125.110.42,,,49235,443,0,44,17
1587481502.8792052,74.125.110.42,10.10.0.10,,,443,49235,0,1358,17
1587481502.916329,74.125.110.42,10.10.0.10,,,443,49235,0,1358,17
1587481502.918087,10.10.0.10,74.125.110.42,,,49235,443,0,44,17
1587481502.9534452,173.194.182.102,10.10.0.10,,,443,41888,0,1358,17
1587481502.9905698,74.125.110.42,10.10.0.10,,,443,49235,0,1358,17
1587481502.9923599,10.10.0.10,173.194.182.102,,,41888,443,0,37,17
1587481503.02769,173.194.182.102,10.10.0.10,,,443,41888,0,1358,17
1587481503.030649,10.10.0.10,74.125.110.42,,,49235,443,0,44,17
1587481503.06481,74.125.110.42,10.10.0.10,,,443,49235,0,1358,17
1587481503.0667539,10.10.0.10,173.194.182.102,,,41888,443,0,37,17
1587481503.101924,74.125.110.42,10.10.0.10,,,443,49235,0,1358,17
1587481503.103733,10.10.0.10,74.125.110.42,,,49235,443,0,44,17
1587481503.139051,173.194.182.102,10.10.0.10,,,443,41888,0,1358,17
1587481503.1761026,74.125.110.42,10.10.0.10,,,443,49235,0,1358,17
1587481503.177766,10.10.0.10,173.194.182.102,,,41888,443,0,37,17
1587481503.2132828,74.125.110.42,10.10.0.10,,,443,49235,0,1358,17
1587481503.2150311,10.10.0.10,74.125.110.42,,,49235,443,0,44,17
1587481503.2531214,173.194.182.102,10.10.0.10,,,443,41888,0,1358,17
1587481503.290231,74.125.110.42,10.10.0.10,,,443,49235,0,1358,17
1587481503.3273811,173.194.182.102,10.10.0.10,,,443,41888,0,1358,17
1587481503.365376,10.10.0.10,74.125.110.42,,,49235,443,0,46,17
1587481503.3657732,10.10.0.10,173.194.182.102,,,41888,443,0,37,17
1587481503.3662338,74.125.110.42,10.10.0.10,,,443,49235,0,1358,17
1587481503.367913,10.10.0.10,74.125.110.42,,,49235,443,0,46,17
1587481503.403392,74.125.110.42,10.10.0.10,,,443,49235,0,1358,17
1587481503.4051778,10.10.0.10,74.125.110.42,,,49235,443,0,46,17
1587481503.440507,74.125.110.42,10.10.0.10,,,443,49235,0,1358,17
1587481503.442553,10.10.0.10,74.125.110.42,,,49235,443,0,46,17
1587481503.4776292,173.194.182.102,10.10.0.10,,,443,41888,0,1358,17
1587481503.5147538,74.125.110.42,10.10.0.10,,,443,49235,0,1358,17
1587481503.5170758,10.10.0.10,173.194.182.102,,,41888,443,0,37,17
1587481503.5518758,74.125.110.42,10.10.0.10,,,443,49235,0,1358,17
1587481503.555395,10.10.0.10,74.125.110.42,,,49235,443,0,42,17
1587481503.588995,173.194.182.102,10.10.0.10,,,443,41888,0,1358,17
1587481503.6261172,74.125.110.42,10.10.0.10,,,443,49235,0,725,17
1587481503.628184,10.10.0.10,173.194.182.102,,,41888,443,0,37,17
1587481503.646356,173.194.182.102,10.10.0.10,,,443,41888,0,1358,17
1587481503.6671412,10.10.0.10,74.125.110.42,,,49235,443,0,42,17
1587481503.683481,173.194.182.102,10.10.0.10,,,443,41888,0,1358,17
1587481503.6855395,10.10.0.10,173.194.182.102,,,41888,443,0,37,17
1587481503.72059,173.194.182.102,10.10.0.10,,,443,41888,0,1358,17
1587481503.759454,173.194.182.102,10.10.0.10,,,443,41888,0,1358,17
1587481503.7612922,10.10.0.10,173.194.182.102,,,41888,443,0,37,17
1587481503.838881,173.194.182.102,10.10.0.10,,,443,41888,0,1358,17
1587481503.8760178,173.194.182.102,10.10.0.10,,,443,41888,0,1358,17
1587481503.878075,10.10.0.10,173.194.182.102,,,41888,443,0,37,17
1587481503.913141,173.194.182.102,10.10.0.10,,,443,41888,0,1358,17
1587481503.9502606,173.194.182.102,10.10.0.10,,,443,41888,0,32,17
1587481503.951777,10.10.0.10,173.194.182.102,,,41888,443,0,37,17
1587481503.951967,173.194.182.102,10.10.0.10,,,443,41888,0,1358,17
1587481503.9891384,173.194.182.102,10.10.0.10,,,443,41888,0,1358,17
1587481503.992632,10.10.0.10,173.194.182.102,,,41888,443,0,37,17
1587481504.026259,173.194.182.102,10.10.0.10,,,443,41888,0,1358,17
1587481504.055884,10.10.0.10,173.194.182.102,,,41888,443,0,37,17
1587481504.063402,173.194.182.102,10.10.0.10,,,443,41888,0,1358,17
1587481504.100498,173.194.182.102,10.10.0.10,,,443,41888,0,1358,17
1587481504.102342,10.10.0.10,173.194.182.102,,,41888,443,0,37,17
1587481504.1376214,173.194.182.102,10.10.0.10,,,443,41888,0,1358,17
1587481504.174694,173.194.182.102,10.10.0.10,,,443,41888,0,1358,17
1587481504.1775699,10.10.0.10,173.194.182.102,,,41888,443,0,37,17
1587481504.211805,173.194.182.102,10.10.0.10,,,443,41888,0,1358,17
1587481504.248913,173.194.182.102,10.10.0.10,,,443,41888,0,1358,17
1587481504.250797,10.10.0.10,173.194.182.102,,,41888,443,0,37,17
1587481504.286016,173.194.182.102,10.10.0.10,,,443,41888,0,1358,17
1587481504.3155901,10.10.0.10,173.194.182.102,,,41888,443,0,37,17
1587481504.3273902,173.194.182.102,10.10.0.10,,,443,41888,0,1358,17
1587481504.366156,173.194.182.102,10.10.0.10,,,443,41888,0,1358,17
1587481504.36766,10.10.0.10,173.194.182.102,,,41888,443,0,37,17
1587481504.4032881,173.194.182.102,10.10.0.10,,,443,41888,0,1358,17
1587481504.442167,173.194.182.102,10.10.0.10,,,443,41888,0,1358,17
1587481504.4450438,10.10.0.10,173.194.182.102,,,41888,443,0,37,17
1587481504.4792874,173.194.182.102,10.10.0.10,,,443,41888,0,1358,17
1587481504.5164142,74.125.110.42,10.10.0.10,,,443,49235,0,29,17
1587481504.5180922,173.194.182.102,10.10.0.10,,,443,41888,0,1358,17
1587481504.5182452,10.10.0.10,173.194.182.102,,,41888,443,0,50,17
1587481504.5552125,173.194.182.102,10.10.0.10,,,443,41888,0,1358,17
1587481504.563854,10.10.0.10,173.194.182.102,,,41888,443,0,37,17
1587481504.592334,173.194.182.102,10.10.0.10,,,443,41888,0,1358,17
1587481504.629454,173.194.182.102,10.10.0.10,,,443,41888,0,1358,17
1587481504.631727,10.10.0.10,173.194.182.102,,,41888,443,0,37,17
1587481504.666574,173.194.182.102,10.10.0.10,,,443,41888,0,984,17
1587481504.68261,10.10.0.10,173.194.182.102,,,41888,443,0,717,17
1587481504.682661,10.10.0.10,173.194.182.102,,,41888,443,0,48,17
1587481504.693681,173.194.182.102,10.10.0.10,,,443,41888,0,32,17
1587481504.698961,74.125.110.42,10.10.0.10,,,443,49235,0,1358,17
1587481504.7361252,74.125.110.42,10.10.0.10,,,443,49235,0,1358,17
1587481504.737967,10.10.0.10,74.125.110.42,,,49235,443,0,53,17
1587481504.8303788,173.194.182.102,10.10.0.10,,,443,41888,0,29,17
1587481504.831201,10.10.0.10,74.125.110.42,,,49235,443,0,676,17
1587481504.8312616,10.10.0.10,74.125.110.42,,,49235,443,0,48,17
1587481504.8337786,173.194.182.102,10.10.0.10,,,443,41888,0,115,17
1587481504.837792,173.194.182.102,10.10.0.10,,,443,41888,0,1358,17
1587481504.839602,10.10.0.10,173.194.182.102,,,41888,443,0,37,17
1587481504.874917,173.194.182.102,10.10.0.10,,,443,41888,0,1358,17
1587481504.9120376,173.194.182.102,10.10.0.10,,,443,41888,0,1358,17
1587481504.9491556,173.194.182.102,10.10.0.10,,,443,41888,0,1358,17
1587481504.986276,173.194.182.102,10.10.0.10,,,443,41888,0,1358,17
1587481505.023391,173.194.182.102,10.10.0.10,,,443,41888,0,1358,17
1587481505.060516,173.194.182.102,10.10.0.10,,,443,41888,0,1358,17
1587481505.0976348,173.194.182.102,10.10.0.10,,,443,41888,0,1358,17
1587481505.134752,173.194.182.102,10.10.0.10,,,443,41888,0,1358,17
1587481505.171819,173.194.182.102,10.10.0.10,,,443,41888,0,1358,17
1587481505.2089221,173.194.182.102,10.10.0.10,,,443,41888,0,1358,17
1587481505.246074,74.125.110.42,10.10.0.10,,,443,49235,0,28,17
1587481505.2495186,173.194.182.102,10.10.0.10,,,443,41888,0,1358,17
1587481505.2866435,74.125.110.42,10.10.0.10,,,443,49235,0,29,17
1587481505.288321,74.125.110.42,10.10.0.10,,,443,49235,0,109,17
1587481505.292138,74.125.110.42,10.10.0.10,,,443,49235,0,1358,17
1587481505.329255,74.125.110.42,10.10.0.10,,,443,49235,0,1358,17
1587481505.3663769,74.125.110.42,10.10.0.10,,,443,49235,0,1358,17
1587481505.403497,74.125.110.42,10.10.0.10,,,443,49235,0,1358,17
1587481505.440619,74.125.110.42,10.10.0.10,,,443,49235,0,1358,17
1587481505.4777384,74.125.110.42,10.10.0.10,,,443,49235,0,1358,17
1587481505.514857,74.125.110.42,10.10.0.10,,,443,49235,0,1358,17
1587481505.551975,74.125.110.42,10.10.0.10,,,443,49235,0,1358,17
1587481505.589097,74.125.110.42,10.10.0.10,,,443,49235,0,1358,17
1587481505.626217,74.125.110.42,10.10.0.10,,,443,49235,0,1358,17
1587481505.66334,74.125.110.42,10.10.0.10,,,443,49235,0,1358,17
1587481505.700464,74.125.110.42,10.10.0.10,,,443,49235,0,1358,17
1587481505.737583,74.125.110.42,10.10.0.10,,,443,49235,0,1358,17
1587481505.774703,74.125.110.42,10.10.0.10,,,443,49235,0,1358,17
1587481505.811824,74.125.110.42,10.10.0.10,,,443,49235,0,1358,17
1587481505.8489509,173.194.182.102,10.10.0.10,,,443,41888,0,1358,17
1587481505.8860939,74.125.110.42,10.10.0.10,,,443,49235,0,1358,17
1587481505.9118938,10.10.0.10,173.194.182.102,,,41888,443,0,37,17
1587481505.923191,74.125.110.42,10.10.0.10,,,443,49235,0,1358,17
1587481505.960312,74.125.110.42,10.10.0.10,,,443,49235,0,1358,17
1587481505.997427,74.125.110.42,10.10.0.10,,,443,49235,0,1358,17
1587481506.0344932,74.125.110.42,10.10.0.10,,,443,49235,0,1358,17
1587481506.071646,74.125.110.42,10.10.0.10,,,443,49235,0,1358,17
1587481506.108791,173.194.182.102,10.10.0.10,,,443,41888,0,1358,17
1587481506.110168,10.10.0.10,173.194.182.102,,,41888,443,0,40,17
1587481506.110222,10.10.0.10,173.194.182.102,,,41888,443,0,40,17
1587481506.1107225,10.10.0.10,173.194.182.102,,,41888,443,0,40,17
1587481506.111379,10.10.0.10,173.194.182.102,,,41888,443,0,40,17
1587481506.1123981,10.10.0.10,173.194.182.102,,,41888,443,0,40,17
1587481506.1144788,10.10.0.10,173.194.182.102,,,41888,443,0,40,17
1587481506.1170812,10.10.0.10,74.125.110.42,,,49235,443,0,37,17
1587481506.1181312,10.10.0.10,74.125.110.42,,,49235,443,0,37,17
1587481506.1190178,10.10.0.10,74.125.110.42,,,49235,443,0,37,17
1587481506.120899,10.10.0.10,74.125.110.42,,,49235,443,0,37,17
1587481506.1218731,10.10.0.10,74.125.110.42,,,49235,443,0,37,17
1587481506.122067,10.10.0.10,74.125.110.42,,,49235,443,0,37,17
1587481506.1235368,10.10.0.10,74.125.110.42,,,49235,443,0,37,17
1587481506.1246061,10.10.0.10,74.125.110.42,,,49235,443,0,37,17
1587481506.12623,10.10.0.10,173.194.182.102,,,41888,443,0,40,17
1587481506.126285,10.10.0.10,74.125.110.42,,,49235,443,0,37,17
1587481506.128534,10.10.0.10,74.125.110.42,,,49235,443,0,37,17
1587481506.129101,10.10.0.10,74.125.110.42,,,49235,443,0,37,17
1587481506.1459026,74.125.110.42,10.10.0.10,,,443,49235,0,1358,17
1587481506.183018,74.125.110.42,10.10.0.10,,,443,49235,0,1358,17
1587481506.184863,10.10.0.10,74.125.110.42,,,49235,443,0,37,17
1587481506.185124,10.10.0.10,173.194.182.102,,,41888,443,0,40,17
1587481506.220115,74.125.110.42,10.10.0.10,,,443,49235,0,1358,17
1587481506.257262,74.125.110.42,10.10.0.10,,,443,49235,0,1358,17
1587481506.25916,10.10.0.10,74.125.110.42,,,49235,443,0,37,17
1587481506.294382,74.125.110.42,10.10.0.10,,,443,49235,0,1358,17
1587481506.331464,74.125.110.42,10.10.0.10,,,443,49235,0,1358,17
1587481506.333587,10.10.0.10,74.125.110.42,,,49235,443,0,37,17
1587481506.368622,74.125.110.42,10.10.0.10,,,443,49235,0,1358,17
1587481506.4056768,173.194.182.102,10.10.0.10,,,443,41888,0,1358,17
1587481506.407547,10.10.0.10,74.125.110.42,,,49235,443,0,37,17
1587481506.4428618,74.125.110.42,10.10.0.10,,,443,49235,0,1358,17
1587481506.44515,10.10.0.10,173.194.182.102,,,41888,443,0,40,17
1587481506.4799821,74.125.110.42,10.10.0.10,,,443,49235,0,1358,17
1587481506.4818108,10.10.0.10,74.125.110.42,,,49235,443,0,37,17
1587481506.517104,74.125.110.42,10.10.0.10,,,443,49235,0,1358,17
1587481506.554222,74.125.110.42,10.10.0.10,,,443,49235,0,1358,17
1587481506.556067,10.10.0.10,74.125.110.42,,,49235,443,0,37,17
1587481506.591341,74.125.110.42,10.10.0.10,,,443,49235,0,1358,17
1587481506.624194,10.10.0.10,74.125.110.42,,,49235,443,0,37,17
1587481506.6284618,74.125.110.42,10.10.0.10,,,443,49235,0,1358,17
1587481506.6644778,10.10.0.10,74.125.110.42,,,49235,443,0,37,17
1587481506.66555,74.125.110.42,10.10.0.10,,,443,49235,0,1358,17
1587481506.702699,173.194.182.102,10.10.0.10,,,443,41888,0,1358,17
1587481506.7047162,10.10.0.10,74.125.110.42,,,49235,443,0,50,17
1587481506.7349172,10.10.0.10,173.194.182.102,,,41888,443,0,40,17
1587481506.7398179,74.125.110.42,10.10.0.10,,,443,49235,0,1358,17
1587481506.776953,74.125.110.42,10.10.0.10,,,443,49235,0,1358,17
1587481506.7787118,10.10.0.10,74.125.110.42,,,49235,443,0,37,17
1587481506.8140721,74.125.110.42,10.10.0.10,,,443,49235,0,1358,17
1587481506.851179,74.125.110.42,10.10.0.10,,,443,49235,0,1358,17
1587481506.8530452,10.10.0.10,74.125.110.42,,,49235,443,0,37,17
1587481506.888299,74.125.110.42,10.10.0.10,,,443,49235,0,1358,17
1587481506.9254222,173.194.182.102,10.10.0.10,,,443,41888,0,1358,17
1587481506.9276452,10.10.0.10,74.125.110.42,,,49235,443,0,37,17
1587481506.962542,74.125.110.42,10.10.0.10,,,443,49235,0,1358,17
1587481506.9642534,10.10.0.10,74.125.110.42,,,49235,443,0,40,17
1587481506.964326,10.10.0.10,173.194.182.102,,,41888,443,0,40,17
1587481506.999671,74.125.110.42,10.10.0.10,,,443,49235,0,1358,17
1587481507.0019946,10.10.0.10,74.125.110.42,,,49235,443,0,40,17
1587481507.036778,74.125.110.42,10.10.0.10,,,443,49235,0,1358,17
1587481507.040167,10.10.0.10,74.125.110.42,,,49235,443,0,40,17
1587481507.0739279,74.125.110.42,10.10.0.10,,,443,49235,0,1358,17
1587481507.111019,74.125.110.42,10.10.0.10,,,443,49235,0,1358,17
1587481507.137019,10.10.0.10,74.125.110.42,,,49235,443,0,40,17
1587481507.148144,74.125.110.42,10.10.0.10,,,443,49235,0,1358,17
1587481507.151421,10.10.0.10,74.125.110.42,,,49235,443,0,40,17
1587481507.185246,74.125.110.42,10.10.0.10,,,443,49235,0,1358,17
1587481507.222343,173.194.182.102,10.10.0.10,,,443,41888,0,1358,17
1587481507.2242956,10.10.0.10,74.125.110.42,,,49235,443,0,40,17
1587481507.256097,10.10.0.10,173.194.182.102,,,41888,443,0,40,17
1587481507.259432,74.125.110.42,10.10.0.10,,,443,49235,0,1358,17
1587481507.2965634,74.125.110.42,10.10.0.10,,,443,49235,0,1358,17
1587481507.298291,10.10.0.10,74.125.110.42,,,49235,443,0,40,17
1587481507.333677,74.125.110.42,10.10.0.10,,,443,49235,0,1358,17
1587481507.3708498,74.125.110.42,10.10.0.10,,,443,49235,0,1358,17
1587481507.3724358,10.10.0.10,74.125.110.42,,,49235,443,0,40,17
1587481507.407982,74.125.110.42,10.10.0.10,,,443,49235,0,1358,17
1587481507.445101,74.125.110.42,10.10.0.10,,,443,49235,0,1358,17
1587481507.4469118,10.10.0.10,74.125.110.42,,,49235,443,0,40,17
1587481507.4822216,74.125.110.42,10.10.0.10,,,443,49235,0,1358,17
1587481507.5193071,173.194.182.102,10.10.0.10,,,443,41888,0,1358,17
1587481507.520369,10.10.0.10,74.125.110.42,,,49235,443,0,40,17
1587481507.5564609,74.125.110.42,10.10.0.10,,,443,49235,0,1358,17
1587481507.558455,10.10.0.10,173.194.182.102,,,41888,443,0,40,17
1587481507.593585,74.125.110.42,10.10.0.10,,,443,49235,0,1358,17
1587481507.595417,10.10.0.10,74.125.110.42,,,49235,443,0,40,17
1587481507.630702,74.125.110.42,10.10.0.10,,,443,49235,0,1358,17
1587481507.6678202,74.125.110.42,10.10.0.10,,,443,49235,0,1358,17
1587481507.669745,10.10.0.10,74.125.110.42,,,49235,443,0,40,17
1587481507.704942,74.125.110.42,10.10.0.10,,,443,49235,0,1358,17
1587481507.742063,74.125.110.42,10.10.0.10,,,443,49235,0,1358,17
1587481507.743798,10.10.0.10,74.125.110.42,,,49235,443,0,40,17
1587481507.7791822,173.194.182.102,10.10.0.10,,,443,41888,0,1358,17
1587481507.8163068,74.125.110.42,10.10.0.10,,,443,49235,0,1358,17
1587481507.818209,10.10.0.10,173.194.182.102,,,41888,443,0,40,17
1587481507.855185,74.125.110.42,10.10.0.10,,,443,49235,0,1358,17
1587481507.856832,10.10.0.10,74.125.110.42,,,49235,443,0,40,17
1587481507.8923109,74.125.110.42,10.10.0.10,,,443,49235,0,1358,17
1587481507.9294028,74.125.110.42,10.10.0.10,,,443,49235,0,1358,17
1587481507.931293,10.10.0.10,74.125.110.42,,,49235,443,0,40,17
1587481507.966543,74.125.110.42,10.10.0.10,,,443,49235,0,1358,17
1587481507.998783,10.10.0.10,74.125.110.42,,,49235,443,0,40,17
1587481508.0036678,74.125.110.42,10.10.0.10,,,443,49235,0,1358,17
1587481508.0407882,74.125.110.42,10.10.0.10,,,443,49235,0,1358,17
1587481508.0442932,10.10.0.10,74.125.110.42,,,49235,443,0,53,17
1587481508.0779068,173.194.182.102,10.10.0.10,,,443,41888,0,1358,17
1587481508.115027,74.125.110.42,10.10.0.10,,,443,49235,0,1358,17
1587481508.116937,10.10.0.10,173.194.182.102,,,41888,443,0,40,17
1587481508.1521778,74.125.110.42,10.10.0.10,,,443,49235,0,1358,17
1587481508.154259,10.10.0.10,74.125.110.42,,,49235,443,0,40,17
1587481508.189215,74.125.110.42,10.10.0.10,,,443,49235,0,1358,17
1587481508.246309,74.125.110.42,10.10.0.10,,,443,49235,0,1358,17
1587481508.2732868,10.10.0.10,74.125.110.42,,,49235,443,0,40,17
1587481508.305485,74.125.110.42,10.10.0.10,,,443,49235,0,1358,17
1587481508.345311,74.125.110.42,10.10.0.10,,,443,49235,0,1358,17
1587481508.347262,10.10.0.10,74.125.110.42,,,49235,443,0,40,17
1587481508.382462,173.194.182.102,10.10.0.10,,,443,41888,0,1358,17
1587481508.4195812,74.125.110.42,10.10.0.10,,,443,49235,0,1358,17
1587481508.4214685,10.10.0.10,173.194.182.102,,,41888,443,0,40,17
1587481508.456701,74.125.110.42,10.10.0.10,,,443,49235,0,1358,17
1587481508.4584515,10.10.0.10,74.125.110.42,,,49235,443,0,40,17
1587481508.4938204,173.194.182.102,10.10.0.10,,,443,41888,0,1358,17
1587481508.530941,173.194.182.102,10.10.0.10,,,443,41888,0,1358,17
1587481508.5325732,10.10.0.10,173.194.182.102,,,41888,443,0,40,17
1587481508.568064,173.194.182.102,10.10.0.10,,,443,41888,0,1358,17
1587481508.6051831,173.194.182.102,10.10.0.10,,,443,41888,0,1358,17
1587481508.606906,10.10.0.10,173.194.182.102,,,41888,443,0,53,17
1587481508.642303,173.194.182.102,10.10.0.10,,,443,41888,0,1358,17
1587481508.6794045,173.194.182.102,10.10.0.10,,,443,41888,0,1358,17
1587481508.681378,10.10.0.10,173.194.182.102,,,41888,443,0,40,17
1587481508.7165475,173.194.182.102,10.10.0.10,,,443,41888,0,1358,17
1587481508.7536714,74.125.110.42,10.10.0.10,,,443,49235,0,1358,17
1587481508.7553554,10.10.0.10,74.125.110.42,,,49235,443,0,42,17
1587481508.7554214,10.10.0.10,173.194.182.102,,,41888,443,0,40,17
1587481508.7907882,74.125.110.42,10.10.0.10,,,443,49235,0,1358,17
1587481508.792421,10.10.0.10,74.125.110.42,,,49235,443,0,42,17
1587481508.8278382,74.125.110.42,10.10.0.10,,,443,49235,0,1358,17
1587481508.829594,10.10.0.10,74.125.110.42,,,49235,443,0,42,17
1587481508.865031,173.194.182.102,10.10.0.10,,,443,41888,0,1358,17
1587481508.9021091,74.125.110.42,10.10.0.10,,,443,49235,0,1358,17
1587481508.9226232,10.10.0.10,74.125.110.42,,,49235,443,0,42,17
1587481508.93923,74.125.110.42,10.10.0.10,,,443,49235,0,1358,17
1587481508.976382,74.125.110.42,10.10.0.10,,,443,49235,0,1358,17
1587481509.013502,74.125.110.42,10.10.0.10,,,443,49235,0,1358,17
1587481509.050622,74.125.110.42,10.10.0.10,,,443,49235,0,1358,17
1587481509.087684,74.125.110.42,10.10.0.10,,,443,49235,0,1358,17
1587481509.107595,10.10.0.10,173.194.182.102,,,41888,443,0,40,17
1587481509.124814,74.125.110.42,10.10.0.10,,,443,49235,0,1358,17
1587481509.161979,173.194.182.102,10.10.0.10,,,443,41888,0,1358,17
1587481509.165608,10.10.0.10,74.125.110.42,,,49235,443,0,42,17
1587481509.1990988,74.125.110.42,10.10.0.10,,,443,49235,0,1358,17
1587481509.236221,74.125.110.42,10.10.0.10,,,443,49235,0,1358,17
1587481509.273343,74.125.110.42,10.10.0.10,,,443,49235,0,1358,17
1587481509.3104372,74.125.110.42,10.10.0.10,,,443,49235,0,1358,17
1587481509.347586,74.125.110.42,10.10.0.10,,,443,49235,0,1358,17
1587481509.384707,173.194.182.102,10.10.0.10,,,443,41888,0,1358,17
1587481509.4218311,74.125.110.42,10.10.0.10,,,443,49235,0,1358,17
1587481509.458925,74.125.110.42,10.10.0.10,,,443,49235,0,1358,17
1587481509.496075,74.125.110.42,10.10.0.10,,,443,49235,0,1358,17
1587481509.5331929,74.125.110.42,10.10.0.10,,,443,49235,0,1358,17
1587481509.5703108,74.125.110.42,10.10.0.10,,,443,49235,0,1358,17
1587481509.6074312,74.125.110.42,10.10.0.10,,,443,49235,0,1358,17
1587481509.644552,74.125.110.42,10.10.0.10,,,443,49235,0,1358,17
1587481509.6816678,173.194.182.102,10.10.0.10,,,443,41888,0,1358,17
1587481509.718792,74.125.110.42,10.10.0.10,,,443,49235,0,1358,17
1587481509.755902,74.125.110.42,10.10.0.10,,,443,49235,0,1358,17
1587481509.793017,74.125.110.42,10.10.0.10,,,443,49235,0,1358,17
1587481509.830081,74.125.110.42,10.10.0.10,,,443,49235,0,1358,17
1587481509.867262,74.125.110.42,10.10.0.10,,,443,49235,0,1358,17
1587481509.904381,173.194.182.102,10.10.0.10,,,443,41888,0,1358,17
1587481509.9415019,74.125.110.42,10.10.0.10,,,443,49235,0,1358,17
1587481509.978614,74.125.110.42,10.10.0.10,,,443,49235,0,1358,17
1587481510.015743,74.125.110.42,10.10.0.10,,,443,49235,0,1358,17
1587481510.052857,74.125.110.42,10.10.0.10,,,443,49235,0,1358,17
1587481510.0551732,10.10.0.10,74.125.110.42,,,49235,443,0,42,17
1587481510.0666842,10.10.0.10,74.125.110.42,,,49235,443,0,42,17
1587481510.0688748,10.10.0.10,74.125.110.42,,,49235,443,0,42,17
1587481510.068942,10.10.0.10,74.125.110.42,,,49235,443,0,42,17
1587481510.069117,10.10.0.10,74.125.110.42,,,49235,443,0,44,17
1587481510.069365,10.10.0.10,74.125.110.42,,,49235,443,0,44,17
1587481510.070101,10.10.0.10,74.125.110.42,,,49235,443,0,44,17
1587481510.070158,10.10.0.10,74.125.110.42,,,49235,443,0,44,17
1587481510.0703206,10.10.0.10,173.194.182.102,,,41888,443,0,40,17
1587481510.073014,10.10.0.10,74.125.110.42,,,49235,443,0,44,17
1587481510.0746222,10.10.0.10,74.125.110.42,,,49235,443,0,44,17
1587481510.076026,10.10.0.10,74.125.110.42,,,49235,443,0,57,17
1587481510.077634,10.10.0.10,74.125.110.42,,,49235,443,0,44,17
1587481510.0785446,10.10.0.10,74.125.110.42,,,49235,443,0,46,17
1587481510.07919,10.10.0.10,173.194.182.102,,,41888,443,0,40,17
1587481510.0800169,10.10.0.10,74.125.110.42,,,49235,443,0,46,17
1587481510.0810132,10.10.0.10,74.125.110.42,,,49235,443,0,46,17
1587481510.0815716,10.10.0.10,74.125.110.42,,,49235,443,0,47,17
1587481510.090008,74.125.110.42,10.10.0.10,,,443,49235,0,1358,17
1587481510.0923223,10.10.0.10,74.125.110.42,,,49235,443,0,47,17
1587481510.127102,74.125.110.42,10.10.0.10,,,443,49235,0,1358,17
1587481510.164219,74.125.110.42,10.10.0.10,,,443,49235,0,1358,17
1587481510.1663814,10.10.0.10,74.125.110.42,,,49235,443,0,47,17
1587481510.201342,173.194.182.102,10.10.0.10,,,443,41888,0,1358,17
1587481510.238462,74.125.110.42,10.10.0.10,,,443,49235,0,1358,17
1587481510.2417982,10.10.0.10,173.194.182.102,,,41888,443,0,40,17
1587481510.275583,74.125.110.42,10.10.0.10,,,443,49235,0,1358,17
1587481510.279407,10.10.0.10,74.125.110.42,,,49235,443,0,47,17
1587481510.3127036,74.125.110.42,10.10.0.10,,,443,49235,0,1358,17
1587481510.349819,74.125.110.42,10.10.0.10,,,443,49235,0,1358,17
1587481510.353822,10.10.0.10,74.125.110.42,,,49235,443,0,47,17
1587481510.386944,74.125.110.42,10.10.0.10,,,443,49235,0,1358,17
1587481510.4240599,74.125.110.42,10.10.0.10,,,443,49235,0,1358,17
1587481510.4266362,10.10.0.10,74.125.110.42,,,49235,443,0,47,17
1587481510.461213,74.125.110.42,10.10.0.10,,,443,49235,0,675,17
1587481510.480043,173.194.182.102,10.10.0.10,,,443,41888,0,1358,17
1587481510.5172052,173.194.182.102,10.10.0.10,,,443,41888,0,1358,17
1587481510.5228589,10.10.0.10,173.194.182.102,,,41888,443,0,40,17
1587481510.523963,10.10.0.10,74.125.110.42,,,49235,443,0,47,17
1587481510.554329,74.125.110.42,10.10.0.10,,,443,49235,0,29,17
1587481510.556008,173.194.182.102,10.10.0.10,,,443,41888,0,1358,17
1587481510.59313,173.194.182.102,10.10.0.10,,,443,41888,0,1358,17
1587481510.5954769,10.10.0.10,173.194.182.102,,,41888,443,0,40,17
1587481510.630249,173.194.182.102,10.10.0.10,,,443,41888,0,1358,17
1587481510.671822,74.125.110.42,10.10.0.10,,,443,49235,0,1358,17
1587481510.675025,10.10.0.10,173.194.182.102,,,41888,443,0,40,17
1587481510.7133956,173.194.182.102,10.10.0.10,,,443,41888,0,1358,17
1587481510.722844,10.10.0.10,74.125.110.42,,,49235,443,0,47,17
1587481510.7504802,173.194.182.102,10.10.0.10,,,443,41888,0,1358,17
1587481510.7552938,10.10.0.10,173.194.182.102,,,41888,443,0,40,17
1587481510.79209,173.194.182.102,10.10.0.10,,,443,41888,0,1358,17
1587481510.8292089,173.194.182.102,10.10.0.10,,,443,41888,0,1358,17
1587481510.8327081,10.10.0.10,173.194.182.102,,,41888,443,0,40,17
1587481510.866328,74.125.110.42,10.10.0.10,,,443,49235,0,30,17
1587481510.868032,173.194.182.102,10.10.0.10,,,443,41888,0,1358,17
1587481510.9051552,173.194.182.102,10.10.0.10,,,443,41888,0,1358,17
1587481510.9337866,10.10.0.10,173.194.182.102,,,41888,443,0,40,17
1587481510.944031,173.194.182.102,10.10.0.10,,,443,41888,0,1358,17
1587481510.9982731,10.10.0.10,173.194.182.102,,,41888,443,0,40,17
1587481511.020336,173.194.182.102,10.10.0.10,,,443,41888,0,1358,17
1587481511.057503,173.194.182.102,10.10.0.10,,,443,41888,0,1358,17
1587481511.0596561,10.10.0.10,173.194.182.102,,,41888,443,0,37,17
1587481511.0946212,173.194.182.102,10.10.0.10,,,443,41888,0,1358,17
1587481511.131744,173.194.182.102,10.10.0.10,,,443,41888,0,1358,17
1587481511.134729,10.10.0.10,173.194.182.102,,,41888,443,0,37,17
1587481511.168792,74.125.110.42,10.10.0.10,,,443,49235,0,1358,17
1587481511.20598,173.194.182.102,10.10.0.10,,,443,41888,0,1358,17
1587481511.2111466,10.10.0.10,74.125.110.42,,,49235,443,0,44,17
1587481511.243094,173.194.182.102,10.10.0.10,,,443,41888,0,1358,17
1587481511.2450278,10.10.0.10,173.194.182.102,,,41888,443,0,37,17
1587481511.280215,173.194.182.102,10.10.0.10,,,443,41888,0,1358,17
1587481511.3173358,173.194.182.102,10.10.0.10,,,443,41888,0,1358,17
1587481511.3449502,10.10.0.10,173.194.182.102,,,41888,443,0,37,17
1587481511.354413,173.194.182.102,10.10.0.10,,,443,41888,0,1358,17
1587481511.391581,173.194.182.102,10.10.0.10,,,443,41888,0,1358,17
1587481511.393287,10.10.0.10,173.194.182.102,,,41888,443,0,37,17
1587481511.4287062,173.194.182.102,10.10.0.10,,,443,41888,0,1358,17
1587481511.465827,173.194.182.102,10.10.0.10,,,443,41888,0,1358,17
1587481511.4678571,10.10.0.10,173.194.182.102,,,41888,443,0,37,17
1587481511.5040634,173.194.182.102,10.10.0.10,,,443,41888,0,1358,17
1587481511.5411878,74.125.110.42,10.10.0.10,,,443,49235,0,1358,17
1587481511.5783322,74.125.110.42,10.10.0.10,,,443,49235,0,35,17
1587481511.5798962,10.10.0.10,74.125.110.42,,,49235,443,0,46,17
1587481511.580197,10.10.0.10,173.194.182.102,,,41888,443,0,50,17
1587481511.581236,173.194.182.102,10.10.0.10,,,443,41888,0,1358,17
1587481511.618387,173.194.182.102,10.10.0.10,,,443,41888,0,1358,17
1587481511.620519,10.10.0.10,173.194.182.102,,,41888,443,0,37,17
1587481511.65545,173.194.182.102,10.10.0.10,,,443,41888,0,1358,17
1587481511.692628,173.194.182.102,10.10.0.10,,,443,41888,0,1358,17
1587481511.693553,10.10.0.10,173.194.182.102,,,41888,443,0,37,17
1587481511.729739,173.194.182.102,10.10.0.10,,,443,41888,0,1358,17
1587481511.731807,10.10.0.10,173.194.182.102,,,41888,443,0,37,17
1587481511.7668588,173.194.182.102,10.10.0.10,,,443,41888,0,1358,17
1587481511.803926,173.194.182.102,10.10.0.10,,,443,41888,0,1358,17
1587481511.804884,10.10.0.10,173.194.182.102,,,41888,443,0,37,17
1587481511.8410368,173.194.182.102,10.10.0.10,,,443,41888,0,1358,17
1587481511.84281,10.10.0.10,173.194.182.102,,,41888,443,0,37,17
1587481511.878221,173.194.182.102,10.10.0.10,,,443,41888,0,1358,17
1587481511.9153378,173.194.182.102,10.10.0.10,,,443,41888,0,1358,17
1587481511.915872,10.10.0.10,173.194.182.102,,,41888,443,0,37,17
1587481511.952458,173.194.182.102,10.10.0.10,,,443,41888,0,1358,17
1587481511.955286,10.10.0.10,173.194.182.102,,,41888,443,0,37,17
1587481511.989578,173.194.182.102,10.10.0.10,,,443,41888,0,1358,17
1587481512.0267026,173.194.182.102,10.10.0.10,,,443,41888,0,1358,17
1587481512.02881,10.10.0.10,173.194.182.102,,,41888,443,0,37,17
1587481512.063822,173.194.182.102,10.10.0.10,,,443,41888,0,1358,17
1587481512.100942,173.194.182.102,10.10.0.10,,,443,41888,0,1358,17
1587481512.116258,10.10.0.10,173.194.182.102,,,41888,443,0,37,17
1587481512.138059,173.194.182.102,10.10.0.10,,,443,41888,0,29,17
1587481512.1397376,173.194.182.102,10.10.0.10,,,443,41888,0,1358,17
1587481512.1768491,173.194.182.102,10.10.0.10,,,443,41888,0,1358,17
1587481512.1785321,10.10.0.10,173.194.182.102,,,41888,443,0,37,17
1587481512.213923,173.194.182.102,10.10.0.10,,,443,41888,0,1358,17
1587481512.251085,173.194.182.102,10.10.0.10,,,443,41888,0,1358,17
1587481512.2527769,10.10.0.10,173.194.182.102,,,41888,443,0,37,17
1587481512.2881591,173.194.182.102,10.10.0.10,,,443,41888,0,1358,17
1587481512.325334,173.194.182.102,10.10.0.10,,,443,41888,0,1358,17
1587481512.32692,10.10.0.10,173.194.182.102,,,41888,443,0,37,17
1587481512.362421,173.194.182.102,10.10.0.10,,,443,41888,0,1358,17
1587481512.399575,173.194.182.102,10.10.0.10,,,443,41888,0,1358,17
1587481512.401333,10.10.0.10,173.194.182.102,,,41888,443,0,37,17
1587481512.436697,173.194.182.102,10.10.0.10,,,443,41888,0,1358,17
1587481512.473815,173.194.182.102,10.10.0.10,,,443,41888,0,1358,17
1587481512.475942,10.10.0.10,173.194.182.102,,,41888,443,0,37,17
1587481512.5109382,173.194.182.102,10.10.0.10,,,443,41888,0,1358,17
1587481512.548054,173.194.182.102,10.10.0.10,,,443,41888,0,1358,17
1587481512.550146,10.10.0.10,173.194.182.102,,,41888,443,0,37,17
1587481512.5851786,173.194.182.102,10.10.0.10,,,443,41888,0,1358,17
1587481512.6222944,173.194.182.102,10.10.0.10,,,443,41888,0,1358,17
1587481512.6249318,10.10.0.10,173.194.182.102,,,41888,443,0,37,17
1587481512.6594381,173.194.182.102,10.10.0.10,,,443,41888,0,1358,17
1587481512.6965306,173.194.182.102,10.10.0.10,,,443,41888,0,1358,17
1587481512.6983366,10.10.0.10,173.194.182.102,,,41888,443,0,37,17
1587481512.7336562,173.194.182.102,10.10.0.10,,,443,41888,0,1358,17
1587481512.7707849,173.194.182.102,10.10.0.10,,,443,41888,0,1358,17
1587481512.772683,10.10.0.10,173.194.182.102,,,41888,443,0,37,17
1587481512.807904,173.194.182.102,10.10.0.10,,,443,41888,0,1358,17
1587481512.8449948,173.194.182.102,10.10.0.10,,,443,41888,0,1358,17
1587481512.847487,10.10.0.10,173.194.182.102,,,41888,443,0,37,17
1587481512.8821511,173.194.182.102,10.10.0.10,,,443,41888,0,1358,17
1587481512.919271,173.194.182.102,10.10.0.10,,,443,41888,0,1358,17
1587481512.921187,10.10.0.10,173.194.182.102,,,41888,443,0,50,17
1587481512.9563162,173.194.182.102,10.10.0.10,,,443,41888,0,1358,17
1587481512.993502,173.194.182.102,10.10.0.10,,,443,41888,0,1358,17
1587481513.0213466,10.10.0.10,173.194.182.102,,,41888,443,0,37,17
1587481513.030622,173.194.182.102,10.10.0.10,,,443,41888,0,1358,17
1587481513.067742,173.194.182.102,10.10.0.10,,,443,41888,0,1358,17
1587481513.104862,173.194.182.102,10.10.0.10,,,443,41888,0,1358,17
1587481513.141979,173.194.182.102,10.10.0.10,,,443,41888,0,1358,17
1587481513.1790268,173.194.182.102,10.10.0.10,,,443,41888,0,1358,17
1587481513.216151,173.194.182.102,10.10.0.10,,,443,41888,0,1358,17
1587481513.253288,173.194.182.102,10.10.0.10,,,443,41888,0,1358,17
1587481513.261833,10.10.0.10,173.194.182.102,,,41888,443,0,37,17
1587481513.290458,173.194.182.102,10.10.0.10,,,443,41888,0,29,17
1587481513.292073,173.194.182.102,10.10.0.10,,,443,41888,0,1358,17
1587481513.329224,173.194.182.102,10.10.0.10,,,443,41888,0,1358,17
1587481513.3663769,173.194.182.102,10.10.0.10,,,443,41888,0,1358,17
1587481513.403498,173.194.182.102,10.10.0.10,,,443,41888,0,1358,17
1587481513.4406168,173.194.182.102,10.10.0.10,,,443,41888,0,1358,17
1587481513.4777431,173.194.182.102,10.10.0.10,,,443,41888,0,1358,17
1587481513.514863,173.194.182.102,10.10.0.10,,,443,41888,0,1358,17
1587481513.5519805,173.194.182.102,10.10.0.10,,,443,41888,0,1358,17
1587481513.5891068,173.194.182.102,10.10.0.10,,,443,41888,0,1358,17
1587481513.626227,173.194.182.102,10.10.0.10,,,443,41888,0,1358,17
1587481513.6633458,173.194.182.102,10.10.0.10,,,443,41888,0,1358,17
1587481513.700469,173.194.182.102,10.10.0.10,,,443,41888,0,1358,17
1587481513.737592,173.194.182.102,10.10.0.10,,,443,41888,0,1358,17
1587481513.7747116,173.194.182.102,10.10.0.10,,,443,41888,0,1358,17
1587481513.811828,173.194.182.102,10.10.0.10,,,443,41888,0,1358,17
1587481513.8489509,173.194.182.102,10.10.0.10,,,443,41888,0,1358,17
1587481513.88604,173.194.182.102,10.10.0.10,,,443,41888,0,1358,17
1587481513.923192,173.194.182.102,10.10.0.10,,,443,41888,0,1358,17
1587481513.9603126,173.194.182.102,10.10.0.10,,,443,41888,0,1358,17
1587481513.997427,173.194.182.102,10.10.0.10,,,443,41888,0,1358,17
1587481514.0345528,173.194.182.102,10.10.0.10,,,443,41888,0,1358,17
1587481514.071655,173.194.182.102,10.10.0.10,,,443,41888,0,1358,17
1587481514.1610909,10.10.0.10,173.194.182.102,,,41888,443,0,40,17
1587481514.161148,10.10.0.10,173.194.182.102,,,41888,443,0,40,17
1587481514.170132,10.10.0.10,173.194.182.102,,,41888,443,0,40,17
1587481514.171889,173.194.182.102,10.10.0.10,,,443,41888,0,1358,17
1587481514.183827,10.10.0.10,173.194.182.102,,,41888,443,0,40,17
1587481514.1872838,10.10.0.10,173.194.182.102,,,41888,443,0,40,17
1587481514.1900988,10.10.0.10,173.194.182.102,,,41888,443,0,40,17
1587481514.1961381,10.10.0.10,173.194.182.102,,,41888,443,0,40,17
1587481514.196896,10.10.0.10,173.194.182.102,,,41888,443,0,40,17
1587481514.1974552,10.10.0.10,173.194.182.102,,,41888,443,0,40,17
1587481514.2028818,10.10.0.10,173.194.182.102,,,41888,443,0,40,17
1587481514.208174,10.10.0.10,173.194.182.102,,,41888,443,0,40,17
1587481514.20819,10.10.0.10,173.194.182.102,,,41888,443,0,40,17
1587481514.2082932,173.194.182.102,10.10.0.10,,,443,41888,0,1358,17
1587481514.210187,10.10.0.10,173.194.182.102,,,41888,443,0,40,17
1587481514.210867,10.10.0.10,173.194.182.102,,,41888,443,0,40,17
1587481514.2119555,10.10.0.10,173.194.182.102,,,41888,443,0,40,17
1587481514.213397,10.10.0.10,173.194.182.102,,,41888,443,0,40,17
1587481514.2472188,173.194.182.102,10.10.0.10,,,443,41888,0,1358,17
1587481514.248892,10.10.0.10,173.194.182.102,,,41888,443,0,40,17
1587481514.25999,173.194.182.102,10.10.0.10,,,443,41888,0,1358,17
1587481514.2788,173.194.182.102,10.10.0.10,,,443,41888,0,1358,17
1587481514.280457,10.10.0.10,173.194.182.102,,,41888,443,0,53,17
1587481514.315991,173.194.182.102,10.10.0.10,,,443,41888,0,1358,17
1587481514.35311,173.194.182.102,10.10.0.10,,,443,41888,0,1358,17
1587481514.354881,10.10.0.10,173.194.182.102,,,41888,443,0,40,17
1587481514.390235,173.194.182.102,10.10.0.10,,,443,41888,0,1358,17
1587481514.4273546,173.194.182.102,10.10.0.10,,,443,41888,0,1358,17
1587481514.464473,173.194.182.102,10.10.0.10,,,443,41888,0,1358,17
1587481514.50159,173.194.182.102,10.10.0.10,,,443,41888,0,1358,17
1587481514.520621,10.10.0.10,173.194.182.102,,,41888,443,0,40,17
1587481514.521933,10.10.0.10,173.194.182.102,,,41888,443,0,40,17
1587481514.5387151,173.194.182.102,10.10.0.10,,,443,41888,0,1358,17
1587481514.575834,173.194.182.102,10.10.0.10,,,443,41888,0,1358,17
1587481514.578814,10.10.0.10,173.194.182.102,,,41888,443,0,40,17
1587481514.579288,10.10.0.10,74.125.110.42,,,49235,443,0,43,17
1587481514.612948,173.194.182.102,10.10.0.10,,,443,41888,0,1358,17
1587481514.650075,173.194.182.102,10.10.0.10,,,443,41888,0,29,17
1587481514.651752,173.194.182.102,10.10.0.10,,,443,41888,0,1358,17
1587481514.656875,10.10.0.10,173.194.182.102,,,41888,443,0,37,17
1587481514.688873,173.194.182.102,10.10.0.10,,,443,41888,0,1358,17
1587481514.690752,10.10.0.10,173.194.182.102,,,41888,443,0,37,17
1587481514.7259965,173.194.182.102,10.10.0.10,,,443,41888,0,1358,17
1587481514.7631214,173.194.182.102,10.10.0.10,,,443,41888,0,1358,17
1587481514.765356,10.10.0.10,173.194.182.102,,,41888,443,0,37,17
1587481514.800172,173.194.182.102,10.10.0.10,,,443,41888,0,1358,17
1587481514.837286,173.194.182.102,10.10.0.10,,,443,41888,0,1358,17
1587481514.83865,10.10.0.10,173.194.182.102,,,41888,443,0,37,17
1587481514.873677,10.10.0.10,173.194.182.102,,,41888,443,0,37,17
1587481514.8744738,173.194.182.102,10.10.0.10,,,443,41888,0,1358,17
1587481514.911622,173.194.182.102,10.10.0.10,,,443,41888,0,1358,17
1587481514.913955,10.10.0.10,173.194.182.102,,,41888,443,0,37,17
1587481514.9486828,173.194.182.102,10.10.0.10,,,443,41888,0,1358,17
1587481514.9792864,10.10.0.10,173.194.182.102,,,41888,443,0,37,17
1587481514.9857652,173.194.182.102,10.10.0.10,,,443,41888,0,1358,17
1587481515.0229561,173.194.182.102,10.10.0.10,,,443,41888,0,1358,17
1587481515.0247312,10.10.0.10,173.194.182.102,,,41888,443,0,37,17
1587481515.0600762,173.194.182.102,10.10.0.10,,,443,41888,0,1358,17
1587481515.097199,173.194.182.102,10.10.0.10,,,443,41888,0,1358,17
1587481515.099027,10.10.0.10,173.194.182.102,,,41888,443,0,37,17
1587481515.1342616,173.194.182.102,10.10.0.10,,,443,41888,0,1358,17
1587481515.171419,74.125.110.42,10.10.0.10,,,443,49235,0,1351,17
1587481515.173121,10.10.0.10,74.125.110.42,,,49235,443,0,46,17
1587481515.173601,10.10.0.10,173.194.182.102,,,41888,443,0,37,17
1587481515.2083519,173.194.182.102,10.10.0.10,,,443,41888,0,1358,17
1587481515.2454581,173.194.182.102,10.10.0.10,,,443,41888,0,1358,17
1587481515.246536,10.10.0.10,173.194.182.102,,,41888,443,0,37,17
1587481515.282567,173.194.182.102,10.10.0.10,,,443,41888,0,1358,17
1587481515.284446,10.10.0.10,173.194.182.102,,,41888,443,0,37,17
1587481515.3197188,173.194.182.102,10.10.0.10,,,443,41888,0,1358,17
1587481515.3568368,173.194.182.102,10.10.0.10,,,443,41888,0,1358,17
1587481515.35975,10.10.0.10,173.194.182.102,,,41888,443,0,37,17
1587481515.393961,173.194.182.102,10.10.0.10,,,443,41888,0,1358,17
1587481515.4310794,173.194.182.102,10.10.0.10,,,443,41888,0,1358,17
1587481515.43311,10.10.0.10,173.194.182.102,,,41888,443,0,37,17
1587481515.468197,173.194.182.102,10.10.0.10,,,443,41888,0,1358,17
1587481515.499985,10.10.0.10,173.194.182.102,,,41888,443,0,37,17
1587481515.5053158,74.125.110.42,10.10.0.10,,,443,49235,0,30,17
1587481515.5070221,173.194.182.102,10.10.0.10,,,443,41888,0,86,17
1587481515.523385,10.10.0.10,173.194.182.102,,,41888,443,0,717,17
1587481515.523561,10.10.0.10,173.194.182.102,,,41888,443,0,48,17
1587481515.5341306,173.194.182.102,10.10.0.10,,,443,41888,0,115,17
1587481515.534163,173.194.182.102,10.10.0.10,,,443,41888,0,1358,17
1587481515.535903,10.10.0.10,173.194.182.102,,,41888,443,0,37,17
1587481515.5373619,10.10.0.10,74.125.110.42,,,49235,443,0,676,17
1587481515.537625,10.10.0.10,74.125.110.42,,,49235,443,0,48,17
1587481515.5513198,173.194.182.102,10.10.0.10,,,443,41888,0,1358,17
1587481515.5884519,173.194.182.102,10.10.0.10,,,443,41888,0,1358,17
1587481515.5900884,10.10.0.10,173.194.182.102,,,41888,443,0,37,17
1587481515.62556,173.194.182.102,10.10.0.10,,,443,41888,0,1358,17
1587481515.6626804,173.194.182.102,10.10.0.10,,,443,41888,0,1358,17
1587481515.665194,10.10.0.10,173.194.182.102,,,41888,443,0,37,17
1587481515.699816,173.194.182.102,10.10.0.10,,,443,41888,0,1358,17
1587481515.736857,173.194.182.102,10.10.0.10,,,443,41888,0,1358,17
1587481515.738807,10.10.0.10,173.194.182.102,,,41888,443,0,37,17
1587481515.7740474,173.194.182.102,10.10.0.10,,,443,41888,0,1358,17
1587481515.811165,173.194.182.102,10.10.0.10,,,443,41888,0,1358,17
1587481515.813266,10.10.0.10,173.194.182.102,,,41888,443,0,37,17
1587481515.8482606,173.194.182.102,10.10.0.10,,,443,41888,0,1358,17
1587481515.8854141,173.194.182.102,10.10.0.10,,,443,41888,0,1358,17
1587481515.887797,10.10.0.10,173.194.182.102,,,41888,443,0,37,17
1587481515.922536,74.125.110.42,10.10.0.10,,,443,49235,0,116,17
1587481515.926471,74.125.110.42,10.10.0.10,,,443,49235,0,1358,17
1587481515.953722,10.10.0.10,74.125.110.42,,,49235,443,0,37,17
1587481515.963652,74.125.110.42,10.10.0.10,,,443,49235,0,1358,17
1587481516.0007718,74.125.110.42,10.10.0.10,,,443,49235,0,1358,17
1587481516.00257,10.10.0.10,74.125.110.42,,,49235,443,0,37,17
1587481516.0378964,74.125.110.42,10.10.0.10,,,443,49235,0,1358,17
1587481516.0397036,10.10.0.10,74.125.110.42,,,49235,443,0,40,17
1587481516.0749528,173.194.182.102,10.10.0.10,,,443,41888,0,1358,17
1587481516.112127,74.125.110.42,10.10.0.10,,,443,49235,0,1358,17
1587481516.115493,10.10.0.10,74.125.110.42,,,49235,443,0,42,17
1587481516.1159186,10.10.0.10,173.194.182.102,,,41888,443,0,37,17
1587481516.149251,173.194.182.102,10.10.0.10,,,443,41888,0,1358,17
1587481516.1863716,74.125.110.42,10.10.0.10,,,443,49235,0,1358,17
1587481516.1885822,10.10.0.10,74.125.110.42,,,49235,443,0,42,17
1587481516.188783,10.10.0.10,173.194.182.102,,,41888,443,0,37,17
1587481516.223463,173.194.182.102,10.10.0.10,,,443,41888,0,1358,17
1587481516.260616,74.125.110.42,10.10.0.10,,,443,49235,0,1358,17
1587481516.2628772,10.10.0.10,74.125.110.42,,,49235,443,0,42,17
1587481516.263152,10.10.0.10,173.194.182.102,,,41888,443,0,37,17
1587481516.2976818,173.194.182.102,10.10.0.10,,,443,41888,0,1358,17
1587481516.334841,74.125.110.42,10.10.0.10,,,443,49235,0,1358,17
1587481516.342666,10.10.0.10,173.194.182.102,,,41888,443,0,37,17
1587481516.3437085,10.10.0.10,74.125.110.42,,,49235,443,0,42,17
1587481516.3719628,173.194.182.102,10.10.0.10,,,443,41888,0,1358,17
1587481516.409086,74.125.110.42,10.10.0.10,,,443,49235,0,1358,17
1587481516.4125938,10.10.0.10,173.194.182.102,,,41888,443,0,37,17
1587481516.446206,74.125.110.42,10.10.0.10,,,443,49235,0,1358,17
1587481516.4494338,10.10.0.10,74.125.110.42,,,49235,443,0,42,17
1587481516.4833221,173.194.182.102,10.10.0.10,,,443,41888,0,1358,17
1587481516.5204446,173.194.182.102,10.10.0.10,,,443,41888,0,1358,17
1587481516.523214,10.10.0.10,173.194.182.102,,,41888,443,0,37,17
1587481516.5575671,74.125.110.42,10.10.0.10,,,443,49235,0,1358,17
1587481516.594687,173.194.182.102,10.10.0.10,,,443,41888,0,1358,17
1587481516.606202,10.10.0.10,74.125.110.42,,,49235,443,0,42,17
1587481516.6318018,74.125.110.42,10.10.0.10,,,443,49235,0,1358,17
1587481516.639286,10.10.0.10,173.194.182.102,,,41888,443,0,37,17
1587481516.668926,173.194.182.102,10.10.0.10,,,443,41888,0,1358,17
1587481516.6721554,10.10.0.10,74.125.110.42,,,49235,443,0,42,17
1587481516.706047,74.125.110.42,10.10.0.10,,,443,49235,0,1358,17
1587481516.709657,10.10.0.10,173.194.182.102,,,41888,443,0,37,17
1587481516.743166,173.194.182.102,10.10.0.10,,,443,41888,0,1358,17
1587481516.748805,10.10.0.10,74.125.110.42,,,49235,443,0,42,17
1587481516.7802858,74.125.110.42,10.10.0.10,,,443,49235,0,1358,17
1587481516.781989,10.10.0.10,173.194.182.102,,,41888,443,0,37,17
1587481516.817402,173.194.182.102,10.10.0.10,,,443,41888,0,1358,17
1587481516.8258,10.10.0.10,74.125.110.42,,,49235,443,0,42,17
1587481516.854526,74.125.110.42,10.10.0.10,,,443,49235,0,1358,17
1587481516.857182,10.10.0.10,173.194.182.102,,,41888,443,0,37,17
1587481516.891641,173.194.182.102,10.10.0.10,,,443,41888,0,1358,17
1587481516.9000132,10.10.0.10,74.125.110.42,,,49235,443,0,42,17
1587481516.928736,74.125.110.42,10.10.0.10,,,443,49235,0,1358,17
1587481516.959471,10.10.0.10,173.194.182.102,,,41888,443,0,37,17
1587481516.9658859,173.194.182.102,10.10.0.10,,,443,41888,0,1358,17
1587481517.003002,74.125.110.42,10.10.0.10,,,443,49235,0,1358,17
1587481517.005643,10.10.0.10,74.125.110.42,,,49235,443,0,42,17
1587481517.006136,10.10.0.10,173.194.182.102,,,41888,443,0,37,17
1587481517.040126,173.194.182.102,10.10.0.10,,,443,41888,0,1358,17
1587481517.0772462,74.125.110.42,10.10.0.10,,,443,49235,0,1358,17
1587481517.114346,173.194.182.102,10.10.0.10,,,443,41888,0,1358,17
1587481517.1218612,10.10.0.10,173.194.182.102,,,41888,443,0,37,17
1587481517.1514852,74.125.110.42,10.10.0.10,,,443,49235,0,1358,17
1587481517.1885881,173.194.182.102,10.10.0.10,,,443,41888,0,1358,17
1587481517.22572,74.125.110.42,10.10.0.10,,,443,49235,0,1358,17
1587481517.262798,173.194.182.102,10.10.0.10,,,443,41888,0,1358,17
1587481517.299957,173.194.182.102,10.10.0.10,,,443,41888,0,1358,17
1587481517.337076,74.125.110.42,10.10.0.10,,,443,49235,0,1358,17
1587481517.356835,10.10.0.10,74.125.110.42,,,49235,443,0,42,17
1587481517.3741958,173.194.182.102,10.10.0.10,,,443,41888,0,1358,17
1587481517.411319,74.125.110.42,10.10.0.10,,,443,49235,0,1358,17
1587481517.4484394,173.194.182.102,10.10.0.10,,,443,41888,0,1358,17
1587481517.4855628,173.194.182.102,10.10.0.10,,,443,41888,0,1358,17
1587481517.52268,74.125.110.42,10.10.0.10,,,443,49235,0,1358,17
1587481517.5598042,173.194.182.102,10.10.0.10,,,443,41888,0,1358,17
1587481517.5969224,74.125.110.42,10.10.0.10,,,443,49235,0,1358,17
1587481517.634007,173.194.182.102,10.10.0.10,,,443,41888,0,1358,17
1587481517.6711645,74.125.110.42,10.10.0.10,,,443,49235,0,1358,17
1587481517.7082891,173.194.182.102,10.10.0.10,,,443,41888,0,1358,17
1587481517.7454052,74.125.110.42,10.10.0.10,,,443,49235,0,1358,17
1587481517.782527,173.194.182.102,10.10.0.10,,,443,41888,0,1358,17
1587481517.819648,74.125.110.42,10.10.0.10,,,443,49235,0,1358,17
1587481517.8567722,173.194.182.102,10.10.0.10,,,443,41888,0,1358,17
1587481517.8938909,74.125.110.42,10.10.0.10,,,443,49235,0,1358,17
1587481517.931011,173.194.182.102,10.10.0.10,,,443,41888,0,1358,17
1587481517.9681332,74.125.110.42,10.10.0.10,,,443,49235,0,1358,17
1587481518.005256,173.194.182.102,10.10.0.10,,,443,41888,0,1358,17
1587481518.042375,74.125.110.42,10.10.0.10,,,443,49235,0,1358,17
1587481518.079492,173.194.182.102,10.10.0.10,,,443,41888,0,1358,17
1587481518.116615,74.125.110.42,10.10.0.10,,,443,49235,0,1358,17
1587481518.15366,173.194.182.102,10.10.0.10,,,443,41888,0,1358,17
1587481518.190831,74.125.110.42,10.10.0.10,,,443,49235,0,1358,17
1587481518.227914,74.125.110.42,10.10.0.10,,,443,49235,0,1358,17
1587481518.265038,173.194.182.102,10.10.0.10,,,443,41888,0,1358,17
1587481518.275046,10.10.0.10,74.125.110.42,,,49235,443,0,42,17
1587481518.2750866,10.10.0.10,173.194.182.102,,,41888,443,0,50,17
1587481518.302134,74.125.110.42,10.10.0.10,,,443,49235,0,1358,17
1587481518.339283,173.194.182.102,10.10.0.10,,,443,41888,0,1358,17
1587481518.3730009,10.10.0.10,74.125.110.42,,,49235,443,0,42,17
1587481518.373048,10.10.0.10,74.125.110.42,,,49235,443,0,44,17
1587481518.374792,10.10.0.10,173.194.182.102,,,41888,443,0,37,17
1587481518.374839,10.10.0.10,173.194.182.102,,,41888,443,0,37,17
1587481518.3764448,74.125.110.42,10.10.0.10,,,443,49235,0,1358,17
1587481518.378432,10.10.0.10,74.125.110.42,,,49235,443,0,44,17
1587481518.380193,10.10.0.10,173.194.182.102,,,41888,443,0,37,17
1587481518.384114,10.10.0.10,74.125.110.42,,,49235,443,0,57,17
1587481518.3873158,10.10.0.10,74.125.110.42,,,49235,443,0,44,17
1587481518.3887708,10.10.0.10,173.194.182.102,,,41888,443,0,37,17
1587481518.3901901,10.10.0.10,74.125.110.42,,,49235,443,0,44,17
1587481518.39077,10.10.0.10,173.194.182.102,,,41888,443,0,37,17
1587481518.39177,10.10.0.10,74.125.110.42,,,49235,443,0,44,17
1587481518.393624,10.10.0.10,173.194.182.102,,,41888,443,0,37,17
1587481518.395191,10.10.0.10,74.125.110.42,,,49235,443,0,44,17
1587481518.395731,10.10.0.10,173.194.182.102,,,41888,443,0,37,17
1587481518.396222,10.10.0.10,74.125.110.42,,,49235,443,0,44,17
1587481518.413566,74.125.110.42,10.10.0.10,,,443,49235,0,1358,17
1587481518.450686,74.125.110.42,10.10.0.10,,,443,49235,0,1358,17
1587481518.487808,74.125.110.42,10.10.0.10,,,443,49235,0,1358,17
1587481518.497025,10.10.0.10,173.194.182.102,,,41888,443,0,37,17
1587481518.497072,10.10.0.10,74.125.110.42,,,49235,443,0,44,17
1587481518.513313,10.10.0.10,74.125.110.42,,,49235,443,0,44,17
1587481518.5135002,10.10.0.10,74.125.110.42,,,49235,443,0,46,17
1587481518.5249245,74.125.110.42,10.10.0.10,,,443,49235,0,1358,17
1587481518.562003,74.125.110.42,10.10.0.10,,,443,49235,0,1358,17
1587481518.599176,74.125.110.42,10.10.0.10,,,443,49235,0,1358,17
1587481518.624441,10.10.0.10,74.125.110.42,,,49235,443,0,46,17
1587481518.624488,10.10.0.10,74.125.110.42,,,49235,443,0,46,17
1587481518.624652,10.10.0.10,74.125.110.42,,,49235,443,0,46,17
1587481518.636286,74.125.110.42,10.10.0.10,,,443,49235,0,1358,17
1587481518.673407,74.125.110.42,10.10.0.10,,,443,49235,0,1358,17
1587481518.6815412,10.10.0.10,74.125.110.42,,,49235,443,0,46,17
1587481518.710528,74.125.110.42,10.10.0.10,,,443,49235,0,1358,17
1587481518.7122526,10.10.0.10,74.125.110.42,,,49235,443,0,46,17
1587481518.747649,74.125.110.42,10.10.0.10,,,443,49235,0,1358,17
1587481518.784774,74.125.110.42,10.10.0.10,,,443,49235,0,1358,17
1587481518.786417,10.10.0.10,74.125.110.42,,,49235,443,0,46,17
1587481518.8218632,74.125.110.42,10.10.0.10,,,443,49235,0,1358,17
1587481518.859012,173.194.182.102,10.10.0.10,,,443,41888,0,1358,17
1587481518.8613696,10.10.0.10,74.125.110.42,,,49235,443,0,46,17
1587481518.8960829,74.125.110.42,10.10.0.10,,,443,49235,0,1358,17
1587481518.8981712,10.10.0.10,173.194.182.102,,,41888,443,0,37,17
1587481518.9332561,173.194.182.102,10.10.0.10,,,443,41888,0,1358,17
1587481518.9369798,10.10.0.10,74.125.110.42,,,49235,443,0,46,17
1587481518.9703715,74.125.110.42,10.10.0.10,,,443,49235,0,1358,17
1587481518.9729474,10.10.0.10,173.194.182.102,,,41888,443,0,37,17
1587481519.007495,173.194.182.102,10.10.0.10,,,443,41888,0,1358,17
1587481519.009365,10.10.0.10,74.125.110.42,,,49235,443,0,46,17
1587481519.046515,74.125.110.42,10.10.0.10,,,443,49235,0,1355,17
1587481519.048543,10.10.0.10,173.194.182.102,,,41888,443,0,37,17
1587481519.083615,74.125.110.42,10.10.0.10,,,443,49235,0,1358,17
1587481519.085808,10.10.0.10,74.125.110.42,,,49235,443,0,46,17
1587481519.1207368,173.194.182.102,10.10.0.10,,,443,41888,0,1358,17
1587481519.157784,74.125.110.42,10.10.0.10,,,443,49235,0,1356,17
1587481519.1595812,10.10.0.10,173.194.182.102,,,41888,443,0,37,17
1587481519.1949134,74.125.110.42,10.10.0.10,,,443,49235,0,1358,17
1587481519.1964688,10.10.0.10,74.125.110.42,,,49235,443,0,46,17
1587481519.231976,173.194.182.102,10.10.0.10,,,443,41888,0,1358,17
1587481519.2691276,74.125.110.42,10.10.0.10,,,443,49235,0,1358,17
1587481519.2713618,10.10.0.10,173.194.182.102,,,41888,443,0,37,17
1587481519.306283,74.125.110.42,10.10.0.10,,,443,49235,0,1358,17
1587481519.3080132,10.10.0.10,74.125.110.42,,,49235,443,0,59,17
1587481519.343405,173.194.182.102,10.10.0.10,,,443,41888,0,1358,17
1587481519.380523,173.194.182.102,10.10.0.10,,,443,41888,0,1358,17
1587481519.3825116,10.10.0.10,173.194.182.102,,,41888,443,0,37,17
1587481519.419591,74.125.110.42,10.10.0.10,,,443,49235,0,1358,17
1587481519.4567351,173.194.182.102,10.10.0.10,,,443,41888,0,1358,17
1587481519.4590588,10.10.0.10,74.125.110.42,,,49235,443,0,46,17
1587481519.493855,74.125.110.42,10.10.0.10,,,443,49235,0,1358,17
1587481519.4955368,10.10.0.10,173.194.182.102,,,41888,443,0,37,17
1587481519.530975,173.194.182.102,10.10.0.10,,,443,41888,0,1358,17
1587481519.5328279,10.10.0.10,74.125.110.42,,,49235,443,0,46,17
1587481519.5680974,74.125.110.42,10.10.0.10,,,443,49235,0,1358,17
1587481519.569387,10.10.0.10,173.194.182.102,,,41888,443,0,37,17
1587481519.605219,173.194.182.102,10.10.0.10,,,443,41888,0,1358,17
1587481519.6085722,10.10.0.10,74.125.110.42,,,49235,443,0,46,17
1587481519.6422696,74.125.110.42,10.10.0.10,,,443,49235,0,1358,17
1587481519.6440098,10.10.0.10,173.194.182.102,,,41888,443,0,37,17
1587481519.6794212,173.194.182.102,10.10.0.10,,,443,41888,0,1358,17
1587481519.6817849,10.10.0.10,74.125.110.42,,,49235,443,0,46,17
1587481519.7210348,74.125.110.42,10.10.0.10,,,443,49235,0,1358,17
1587481519.722878,10.10.0.10,173.194.182.102,,,41888,443,0,37,17
1587481519.7581544,173.194.182.102,10.10.0.10,,,443,41888,0,1358,17
1587481519.760854,10.10.0.10,74.125.110.42,,,49235,443,0,46,17
1587481519.7952788,173.194.182.102,10.10.0.10,,,443,41888,0,1358,17
1587481519.797106,10.10.0.10,173.194.182.102,,,41888,443,0,37,17
1587481519.8323991,74.125.110.42,10.10.0.10,,,443,49235,0,1358,17
1587481519.869514,74.125.110.42,10.10.0.10,,,443,49235,0,1358,17
1587481519.871161,10.10.0.10,74.125.110.42,,,49235,443,0,46,17
1587481519.906633,173.194.182.102,10.10.0.10,,,443,41888,0,1358,17
1587481519.9437492,173.194.182.102,10.10.0.10,,,443,41888,0,1358,17
1587481519.945545,10.10.0.10,173.194.182.102,,,41888,443,0,50,17
1587481519.985327,74.125.110.42,10.10.0.10,,,443,49235,0,1358,17
1587481520.0288749,173.194.182.102,10.10.0.10,,,443,41888,0,1358,17
1587481520.0310528,10.10.0.10,74.125.110.42,,,49235,443,0,46,17
1587481520.065993,74.125.110.42,10.10.0.10,,,443,49235,0,1358,17
1587481520.0678911,10.10.0.10,173.194.182.102,,,41888,443,0,37,17
1587481520.1031132,173.194.182.102,10.10.0.10,,,443,41888,0,1358,17
1587481520.1052618,10.10.0.10,74.125.110.42,,,49235,443,0,46,17
1587481520.140234,74.125.110.42,10.10.0.10,,,443,49235,0,1358,17
1587481520.142081,10.10.0.10,173.194.182.102,,,41888,443,0,37,17
1587481520.177353,173.194.182.102,10.10.0.10,,,443,41888,0,1358,17
1587481520.179643,10.10.0.10,74.125.110.42,,,49235,443,0,46,17
1587481520.2144694,74.125.110.42,10.10.0.10,,,443,49235,0,1358,17
1587481520.2164311,10.10.0.10,173.194.182.102,,,41888,443,0,37,17
1587481520.2515938,173.194.182.102,10.10.0.10,,,443,41888,0,1358,17
1587481520.253577,10.10.0.10,74.125.110.42,,,49235,443,0,46,17
1587481520.288713,74.125.110.42,10.10.0.10,,,443,49235,0,1358,17
1587481520.2908444,10.10.0.10,173.194.182.102,,,41888,443,0,37,17
1587481520.3257902,173.194.182.102,10.10.0.10,,,443,41888,0,1358,17
1587481520.3278682,10.10.0.10,74.125.110.42,,,49235,443,0,40,17
1587481520.362954,74.125.110.42,10.10.0.10,,,443,49235,0,1358,17
1587481520.365078,10.10.0.10,173.194.182.102,,,41888,443,0,37,17
1587481520.400073,173.194.182.102,10.10.0.10,,,443,41888,0,1358,17
1587481520.402201,10.10.0.10,74.125.110.42,,,49235,443,0,40,17
1587481520.4371948,173.194.182.102,10.10.0.10,,,443,41888,0,1358,17
1587481520.4389956,10.10.0.10,173.194.182.102,,,41888,443,0,37,17
1587481520.474314,74.125.110.42,10.10.0.10,,,443,49235,0,1358,17
1587481520.511401,173.194.182.102,10.10.0.10,,,443,41888,0,1358,17
1587481520.548553,173.194.182.102,10.10.0.10,,,443,41888,0,1358,17
1587481520.564806,10.10.0.10,74.125.110.42,,,49235,443,0,40,17
1587481520.5650349,10.10.0.10,173.194.182.102,,,41888,443,0,37,17
1587481520.58567,74.125.110.42,10.10.0.10,,,443,49235,0,1358,17
1587481520.5874212,10.10.0.10,74.125.110.42,,,49235,443,0,42,17
1587481520.6227891,173.194.182.102,10.10.0.10,,,443,41888,0,1358,17
1587481520.659909,74.125.110.42,10.10.0.10,,,443,49235,0,1358,17
1587481520.6615276,10.10.0.10,74.125.110.42,,,49235,443,0,42,17
1587481520.6616,10.10.0.10,173.194.182.102,,,41888,443,0,37,17
1587481520.69703,173.194.182.102,10.10.0.10,,,443,41888,0,1358,17
1587481520.7341492,74.125.110.42,10.10.0.10,,,443,49235,0,1358,17
1587481520.7359722,10.10.0.10,74.125.110.42,,,49235,443,0,42,17
1587481520.7361796,10.10.0.10,173.194.182.102,,,41888,443,0,37,17
1587481520.7712731,173.194.182.102,10.10.0.10,,,443,41888,0,1358,17
1587481520.808393,74.125.110.42,10.10.0.10,,,443,49235,0,1358,17
1587481520.8455124,173.194.182.102,10.10.0.10,,,443,41888,0,1358,17
1587481520.8754606,10.10.0.10,74.125.110.42,,,49235,443,0,42,17
1587481520.875969,10.10.0.10,173.194.182.102,,,41888,443,0,37,17
1587481520.882609,74.125.110.42,10.10.0.10,,,443,49235,0,1358,17
1587481520.919732,173.194.182.102,10.10.0.10,,,443,41888,0,1358,17
1587481520.921779,10.10.0.10,74.125.110.42,,,49235,443,0,42,17
1587481520.9568696,74.125.110.42,10.10.0.10,,,443,49235,0,1358,17
1587481520.958695,10.10.0.10,173.194.182.102,,,41888,443,0,37,17
1587481520.989095,10.10.0.10,74.125.110.42,,,49235,443,0,42,17
1587481520.993993,173.194.182.102,10.10.0.10,,,443,41888,0,1358,17
1587481521.0311134,74.125.110.42,10.10.0.10,,,443,49235,0,1358,17
1587481521.033258,10.10.0.10,173.194.182.102,,,41888,443,0,37,17
1587481521.068234,173.194.182.102,10.10.0.10,,,443,41888,0,1358,17
1587481521.0731325,10.10.0.10,74.125.110.42,,,49235,443,0,55,17
1587481521.1053526,74.125.110.42,10.10.0.10,,,443,49235,0,1358,17
1587481521.108331,10.10.0.10,173.194.182.102,,,41888,443,0,37,17
1587481521.142415,173.194.182.102,10.10.0.10,,,443,41888,0,1358,17
1587481521.179576,74.125.110.42,10.10.0.10,,,443,49235,0,1358,17
1587481521.2079172,10.10.0.10,74.125.110.42,,,49235,443,0,42,17
1587481521.216702,74.125.110.42,10.10.0.10,,,443,49235,0,1358,17
1587481521.2188349,10.10.0.10,74.125.110.42,,,49235,443,0,42,17
1587481521.253756,74.125.110.42,10.10.0.10,,,443,49235,0,1358,17
1587481521.2909212,74.125.110.42,10.10.0.10,,,443,49235,0,1358,17
1587481521.328022,74.125.110.42,10.10.0.10,,,443,49235,0,1358,17
1587481521.365159,74.125.110.42,10.10.0.10,,,443,49235,0,1358,17
1587481521.4023075,74.125.110.42,10.10.0.10,,,443,49235,0,1358,17
1587481521.439427,74.125.110.42,10.10.0.10,,,443,49235,0,1358,17
1587481521.453146,10.10.0.10,173.194.182.102,,,41888,443,0,37,17
1587481521.4765468,74.125.110.42,10.10.0.10,,,443,49235,0,1358,17
1587481521.51367,74.125.110.42,10.10.0.10,,,443,49235,0,1358,17
1587481521.550789,74.125.110.42,10.10.0.10,,,443,49235,0,1358,17
1587481521.5879092,74.125.110.42,10.10.0.10,,,443,49235,0,1358,17
1587481521.625031,74.125.110.42,10.10.0.10,,,443,49235,0,1358,17
1587481521.662103,74.125.110.42,10.10.0.10,,,443,49235,0,1358,17
1587481521.6992302,173.194.182.102,10.10.0.10,,,443,41888,0,1358,17
1587481521.7363849,74.125.110.42,10.10.0.10,,,443,49235,0,1358,17
1587481521.773513,74.125.110.42,10.10.0.10,,,443,49235,0,1358,17
1587481521.810636,173.194.182.102,10.10.0.10,,,443,41888,0,1358,17
1587481521.8477552,74.125.110.42,10.10.0.10,,,443,49235,0,1358,17
1587481521.8848784,74.125.110.42,10.10.0.10,,,443,49235,0,1358,17
1587481521.92944,173.194.182.102,10.10.0.10,,,443,41888,0,1358,17
1587481521.9693036,74.125.110.42,10.10.0.10,,,443,49235,0,1358,17
1587481522.0064292,74.125.110.42,10.10.0.10,,,443,49235,0,1358,17
1587481522.043549,74.125.110.42,10.10.0.10,,,443,49235,0,1358,17
1587481522.0806696,74.125.110.42,10.10.0.10,,,443,49235,0,1358,17
1587481522.117786,173.194.182.102,10.10.0.10,,,443,41888,0,1358,17
1587481522.154884,74.125.110.42,10.10.0.10,,,443,49235,0,1358,17
1587481522.192015,74.125.110.42,10.10.0.10,,,443,49235,0,1358,17
1587481522.229072,74.125.110.42,10.10.0.10,,,443,49235,0,1358,17
1587481522.2407858,10.10.0.10,74.125.110.42,,,49235,443,0,42,17
1587481522.245899,10.10.0.10,74.125.110.42,,,49235,443,0,42,17
1587481522.2464142,10.10.0.10,74.125.110.42,,,49235,443,0,44,17
1587481522.248287,10.10.0.10,74.125.110.42,,,49235,443,0,44,17
1587481522.248311,10.10.0.10,74.125.110.42,,,49235,443,0,44,17
1587481522.2483149,10.10.0.10,74.125.110.42,,,49235,443,0,44,17
1587481522.2515562,10.10.0.10,74.125.110.42,,,49235,443,0,44,17
1587481522.2549708,10.10.0.10,74.125.110.42,,,49235,443,0,44,17
1587481522.266184,173.194.182.102,10.10.0.10,,,443,41888,0,1358,17
1587481522.3033679,74.125.110.42,10.10.0.10,,,443,49235,0,1358,17
1587481522.3404946,74.125.110.42,10.10.0.10,,,443,49235,0,1358,17
1587481522.348402,10.10.0.10,173.194.182.102,,,41888,443,0,37,17
1587481522.354176,10.10.0.10,74.125.110.42,,,49235,443,0,44,17
1587481522.354234,10.10.0.10,173.194.182.102,,,41888,443,0,37,17
1587481522.3554268,10.10.0.10,74.125.110.42,,,49235,443,0,44,17
1587481522.3560722,10.10.0.10,74.125.110.42,,,49235,443,0,44,17
1587481522.3590686,10.10.0.10,74.125.110.42,,,49235,443,0,44,17
1587481522.3591044,10.10.0.10,74.125.110.42,,,49235,443,0,46,17
1587481522.361254,10.10.0.10,74.125.110.42,,,49235,443,0,46,17
1587481522.3620179,10.10.0.10,173.194.182.102,,,41888,443,0,37,17
1587481522.362709,10.10.0.10,74.125.110.42,,,49235,443,0,44,17
1587481522.3630679,10.10.0.10,74.125.110.42,,,49235,443,0,44,17
1587481522.3776221,74.125.110.42,10.10.0.10,,,443,49235,0,1358,17
1587481522.4147458,173.194.182.102,10.10.0.10,,,443,41888,0,1358,17
1587481522.418066,10.10.0.10,74.125.110.42,,,49235,443,0,44,17
1587481522.418176,10.10.0.10,173.194.182.102,,,41888,443,0,50,17
1587481522.4518619,173.194.182.102,10.10.0.10,,,443,41888,0,1358,17
1587481522.4889786,74.125.110.42,10.10.0.10,,,443,49235,0,1358,17
1587481522.4910214,10.10.0.10,74.125.110.42,,,49235,443,0,59,17
1587481522.4912686,10.10.0.10,173.194.182.102,,,41888,443,0,37,17
1587481522.526103,74.125.110.42,10.10.0.10,,,443,49235,0,1358,17
1587481522.5632212,173.194.182.102,10.10.0.10,,,443,41888,0,1358,17
1587481522.5994382,10.10.0.10,74.125.110.42,,,49235,443,0,46,17
1587481522.6003392,74.125.110.42,10.10.0.10,,,443,49235,0,1358,17
1587481522.6019552,10.10.0.10,74.125.110.42,,,49235,443,0,46,17
1587481522.6374588,173.194.182.102,10.10.0.10,,,443,41888,0,1358,17
1587481522.639387,10.10.0.10,173.194.182.102,,,41888,443,0,37,17
1587481522.6745892,74.125.110.42,10.10.0.10,,,443,49235,0,1358,17
1587481522.6765056,10.10.0.10,74.125.110.42,,,49235,443,0,48,17
1587481522.71171,74.125.110.42,10.10.0.10,,,443,49235,0,1358,17
1587481522.7135296,10.10.0.10,74.125.110.42,,,49235,443,0,48,17
1587481522.74883,173.194.182.102,10.10.0.10,,,443,41888,0,1358,17
1587481522.7859492,74.125.110.42,10.10.0.10,,,443,49235,0,1358,17
1587481522.7889068,10.10.0.10,74.125.110.42,,,49235,443,0,48,17
1587481522.7895322,10.10.0.10,173.194.182.102,,,41888,443,0,37,17
1587481522.8230698,74.125.110.42,10.10.0.10,,,443,49235,0,1358,17
1587481522.8248,10.10.0.10,74.125.110.42,,,49235,443,0,48,17
1587481522.860176,173.194.182.102,10.10.0.10,,,443,41888,0,1358,17
1587481522.890354,10.10.0.10,173.194.182.102,,,41888,443,0,37,17
1587481522.8972974,74.125.110.42,10.10.0.10,,,443,49235,0,1358,17
1587481522.9343688,74.125.110.42,10.10.0.10,,,443,49235,0,1358,17
1587481522.9360616,10.10.0.10,74.125.110.42,,,49235,443,0,48,17
1587481522.9715395,173.194.182.102,10.10.0.10,,,443,41888,0,1358,17
1587481523.008657,173.194.182.102,10.10.0.10,,,443,41888,0,1358,17
1587481523.0117242,10.10.0.10,173.194.182.102,,,41888,443,0,37,17
1587481523.045775,74.125.110.42,10.10.0.10,,,443,49235,0,370,17
1587481523.0565536,173.194.182.102,10.10.0.10,,,443,41888,0,1358,17
1587481523.058352,10.10.0.10,173.194.182.102,,,41888,443,0,37,17
1587481523.093674,173.194.182.102,10.10.0.10,,,443,41888,0,1358,17
1587481523.0964608,10.10.0.10,74.125.110.42,,,49235,443,0,48,17
1587481523.1307929,173.194.182.102,10.10.0.10,,,443,41888,0,1358,17
1587481523.132753,10.10.0.10,173.194.182.102,,,41888,443,0,37,17
1587481523.1678948,173.194.182.102,10.10.0.10,,,443,41888,0,1358,17
1587481523.205022,173.194.182.102,10.10.0.10,,,443,41888,0,1358,17
1587481523.20668,10.10.0.10,173.194.182.102,,,41888,443,0,37,17
1587481523.2420762,173.194.182.102,10.10.0.10,,,443,41888,0,1358,17
1587481523.2792132,173.194.182.102,10.10.0.10,,,443,41888,0,1358,17
1587481523.2822852,10.10.0.10,173.194.182.102,,,41888,443,0,37,17
1587481523.316384,173.194.182.102,10.10.0.10,,,443,41888,0,1358,17
1587481523.353471,173.194.182.102,10.10.0.10,,,443,41888,0,1358,17
1587481523.355151,10.10.0.10,173.194.182.102,,,41888,443,0,37,17
1587481523.3906338,173.194.182.102,10.10.0.10,,,443,41888,0,1358,17
1587481523.427752,173.194.182.102,10.10.0.10,,,443,41888,0,1358,17
1587481523.433757,10.10.0.10,173.194.182.102,,,41888,443,0,37,17
1587481523.464873,173.194.182.102,10.10.0.10,,,443,41888,0,1358,17
1587481523.5019946,173.194.182.102,10.10.0.10,,,443,41888,0,1358,17
1587481523.523536,10.10.0.10,173.194.182.102,,,41888,443,0,37,17
1587481523.5391116,74.125.110.42,10.10.0.10,,,443,49235,0,1358,17
1587481523.576234,173.194.182.102,10.10.0.10,,,443,41888,0,1358,17
1587481523.578282,10.10.0.10,74.125.110.42,,,49235,443,0,48,17
1587481523.613354,173.194.182.102,10.10.0.10,,,443,41888,0,1358,17
1587481523.639573,10.10.0.10,173.194.182.102,,,41888,443,0,37,17
1587481523.6504571,173.194.182.102,10.10.0.10,,,443,41888,0,1358,17
1587481523.6801386,10.10.0.10,173.194.182.102,,,41888,443,0,37,17
1587481523.687594,173.194.182.102,10.10.0.10,,,443,41888,0,1358,17
1587481523.724719,74.125.110.42,10.10.0.10,,,443,49235,0,30,17
1587481523.7264302,173.194.182.102,10.10.0.10,,,443,41888,0,1358,17
1587481523.726816,10.10.0.10,173.194.182.102,,,41888,443,0,37,17
1587481523.763549,173.194.182.102,10.10.0.10,,,443,41888,0,1358,17
1587481523.7654438,10.10.0.10,173.194.182.102,,,41888,443,0,37,17
1587481523.8006651,74.125.110.42,10.10.0.10,,,443,49235,0,1358,17
1587481523.837788,173.194.182.102,10.10.0.10,,,443,41888,0,1358,17
1587481523.8398776,10.10.0.10,74.125.110.42,,,49235,443,0,46,17
1587481523.876617,173.194.182.102,10.10.0.10,,,443,41888,0,1358,17
1587481523.878598,10.10.0.10,173.194.182.102,,,41888,443,0,37,17
1587481523.9137251,173.194.182.102,10.10.0.10,,,443,41888,0,1358,17
1587481523.950896,74.125.110.42,10.10.0.10,,,443,49235,0,1358,17
1587481523.9531472,10.10.0.10,173.194.182.102,,,41888,443,0,37,17
1587481523.98802,173.194.182.102,10.10.0.10,,,443,41888,0,1358,17
1587481523.99026,10.10.0.10,74.125.110.42,,,49235,443,0,46,17
1587481524.025135,173.194.182.102,10.10.0.10,,,443,41888,0,1358,17
1587481524.02682,10.10.0.10,173.194.182.102,,,41888,443,0,37,17
1587481524.062203,173.194.182.102,10.10.0.10,,,443,41888,0,1358,17
1587481524.099376,173.194.182.102,10.10.0.10,,,443,41888,0,1358,17
1587481524.102947,10.10.0.10,173.194.182.102,,,41888,443,0,50,17
1587481524.1365,74.125.110.42,10.10.0.10,,,443,49235,0,30,17
1587481524.138202,74.125.110.42,10.10.0.10,,,443,49235,0,1358,17
1587481524.175267,173.194.182.102,10.10.0.10,,,443,41888,0,1358,17
1587481524.1773221,10.10.0.10,74.125.110.42,,,49235,443,0,40,17
1587481524.2123911,173.194.182.102,10.10.0.10,,,443,41888,0,1358,17
1587481524.214909,10.10.0.10,173.194.182.102,,,41888,443,0,37,17
1587481524.2495039,173.194.182.102,10.10.0.10,,,443,41888,0,1358,17
1587481524.286673,74.125.110.42,10.10.0.10,,,443,49235,0,1358,17
1587481524.3021688,10.10.0.10,173.194.182.102,,,41888,443,0,37,17
1587481524.3237991,173.194.182.102,10.10.0.10,,,443,41888,0,1358,17
1587481524.3270614,10.10.0.10,74.125.110.42,,,49235,443,0,40,17
1587481524.360896,173.194.182.102,10.10.0.10,,,443,41888,0,1358,17
1587481524.3625548,10.10.0.10,173.194.182.102,,,41888,443,0,37,17
1587481524.398039,173.194.182.102,10.10.0.10,,,443,41888,0,1358,17
1587481524.4351642,173.194.182.102,10.10.0.10,,,443,41888,0,1358,17
1587481524.436162,10.10.0.10,173.194.182.102,,,41888,443,0,37,17
1587481524.4722831,173.194.182.102,10.10.0.10,,,443,41888,0,1358,17
1587481524.4739368,10.10.0.10,173.194.182.102,,,41888,443,0,37,17
1587481524.509408,173.194.182.102,10.10.0.10,,,443,41888,0,1358,17
1587481524.5465279,173.194.182.102,10.10.0.10,,,443,41888,0,1358,17
1587481524.547698,10.10.0.10,173.194.182.102,,,41888,443,0,37,17
1587481524.5836518,173.194.182.102,10.10.0.10,,,443,41888,0,1358,17
1587481524.585966,10.10.0.10,173.194.182.102,,,41888,443,0,37,17
1587481524.620773,173.194.182.102,10.10.0.10,,,443,41888,0,1358,17
1587481524.6531632,10.10.0.10,173.194.182.102,,,41888,443,0,37,17
1587481524.6578918,173.194.182.102,10.10.0.10,,,443,41888,0,1358,17
1587481524.6598668,10.10.0.10,173.194.182.102,,,41888,443,0,37,17
1587481524.6949859,173.194.182.102,10.10.0.10,,,443,41888,0,1358,17
1587481524.7321308,173.194.182.102,10.10.0.10,,,443,41888,0,1358,17
1587481524.7343662,10.10.0.10,173.194.182.102,,,41888,443,0,37,17
1587481524.769254,173.194.182.102,10.10.0.10,,,443,41888,0,1358,17
1587481524.8063722,173.194.182.102,10.10.0.10,,,443,41888,0,1358,17
1587481524.808367,10.10.0.10,173.194.182.102,,,41888,443,0,37,17
1587481524.8434908,173.194.182.102,10.10.0.10,,,443,41888,0,1358,17
1587481524.880615,173.194.182.102,10.10.0.10,,,443,41888,0,1358,17
1587481524.882543,10.10.0.10,173.194.182.102,,,41888,443,0,37,17
1587481524.917734,173.194.182.102,10.10.0.10,,,443,41888,0,1358,17
1587481524.9548461,173.194.182.102,10.10.0.10,,,443,41888,0,1358,17
1587481524.9579878,10.10.0.10,173.194.182.102,,,41888,443,0,37,17
1587481524.991968,173.194.182.102,10.10.0.10,,,443,41888,0,1358,17
1587481525.0290859,173.194.182.102,10.10.0.10,,,443,41888,0,1358,17
1587481525.031092,10.10.0.10,173.194.182.102,,,41888,443,0,37,17
1587481525.066202,173.194.182.102,10.10.0.10,,,443,41888,0,1358,17
1587481525.0945199,10.10.0.10,173.194.182.102,,,41888,443,0,37,17
1587481525.1033242,173.194.182.102,10.10.0.10,,,443,41888,0,1358,17
1587481525.1421561,173.194.182.102,10.10.0.10,,,443,41888,0,1358,17
1587481525.144275,10.10.0.10,173.194.182.102,,,41888,443,0,37,17
1587481525.194334,173.194.182.102,10.10.0.10,,,443,41888,0,1358,17
1587481525.231483,173.194.182.102,10.10.0.10,,,443,41888,0,1358,17
1587481525.268631,173.194.182.102,10.10.0.10,,,443,41888,0,1358,17
1587481525.3044348,10.10.0.10,173.194.182.102,,,41888,443,0,37,17
1587481525.3057141,173.194.182.102,10.10.0.10,,,443,41888,0,1358,17
1587481525.3070009,10.10.0.10,173.194.182.102,,,41888,443,0,37,17
1587481525.342865,173.194.182.102,10.10.0.10,,,443,41888,0,1358,17
1587481525.379991,173.194.182.102,10.10.0.10,,,443,41888,0,1358,17
1587481525.4171078,173.194.182.102,10.10.0.10,,,443,41888,0,1358,17
1587481525.454233,173.194.182.102,10.10.0.10,,,443,41888,0,1358,17
1587481525.4913518,173.194.182.102,10.10.0.10,,,443,41888,0,1358,17
1587481525.528468,173.194.182.102,10.10.0.10,,,443,41888,0,1358,17
1587481525.5481448,10.10.0.10,173.194.182.102,,,41888,443,0,37,17
1587481525.565592,173.194.182.102,10.10.0.10,,,443,41888,0,1358,17
1587481525.602711,173.194.182.102,10.10.0.10,,,443,41888,0,1358,17
1587481525.639832,173.194.182.102,10.10.0.10,,,443,41888,0,1358,17
1587481525.67695,173.194.182.102,10.10.0.10,,,443,41888,0,1358,17
1587481525.714073,173.194.182.102,10.10.0.10,,,443,41888,0,1358,17
1587481525.751195,173.194.182.102,10.10.0.10,,,443,41888,0,1358,17
1587481525.7883172,173.194.182.102,10.10.0.10,,,443,41888,0,1358,17
1587481525.82544,173.194.182.102,10.10.0.10,,,443,41888,0,1358,17
1587481525.8625011,173.194.182.102,10.10.0.10,,,443,41888,0,1358,17
1587481525.899648,173.194.182.102,10.10.0.10,,,443,41888,0,1358,17
1587481525.936799,173.194.182.102,10.10.0.10,,,443,41888,0,1358,17
1587481525.9739149,173.194.182.102,10.10.0.10,,,443,41888,0,1358,17
1587481526.0110419,173.194.182.102,10.10.0.10,,,443,41888,0,1358,17
1587481526.0481572,173.194.182.102,10.10.0.10,,,443,41888,0,1358,17
1587481526.085278,173.194.182.102,10.10.0.10,,,443,41888,0,1358,17
1587481526.122399,173.194.182.102,10.10.0.10,,,443,41888,0,1358,17
1587481526.1595228,173.194.182.102,10.10.0.10,,,443,41888,0,1358,17
1587481526.196595,173.194.182.102,10.10.0.10,,,443,41888,0,1358,17
1587481526.233741,173.194.182.102,10.10.0.10,,,443,41888,0,1358,17
1587481526.270819,173.194.182.102,10.10.0.10,,,443,41888,0,1358,17
1587481526.3079288,173.194.182.102,10.10.0.10,,,443,41888,0,1358,17
1587481526.3367028,10.10.0.10,173.194.182.102,,,41888,443,0,50,17
1587481526.338598,10.10.0.10,173.194.182.102,,,41888,443,0,37,17
1587481526.3395422,10.10.0.10,173.194.182.102,,,41888,443,0,37,17
1587481526.341064,10.10.0.10,173.194.182.102,,,41888,443,0,37,17
1587481526.345041,173.194.182.102,10.10.0.10,,,443,41888,0,1358,17
1587481526.347263,10.10.0.10,173.194.182.102,,,41888,443,0,37,17
1587481526.3472922,10.10.0.10,173.194.182.102,,,41888,443,0,37,17
1587481526.347842,10.10.0.10,173.194.182.102,,,41888,443,0,37,17
1587481526.3488762,10.10.0.10,173.194.182.102,,,41888,443,0,37,17
1587481526.3841972,173.194.182.102,10.10.0.10,,,443,41888,0,1358,17
1587481526.4213223,173.194.182.102,10.10.0.10,,,443,41888,0,1358,17
1587481526.444391,10.10.0.10,173.194.182.102,,,41888,443,0,37,17
1587481526.444432,10.10.0.10,173.194.182.102,,,41888,443,0,37,17
1587481526.4505134,10.10.0.10,173.194.182.102,,,41888,443,0,37,17
1587481526.4517438,10.10.0.10,173.194.182.102,,,41888,443,0,37,17
1587481526.45408,10.10.0.10,173.194.182.102,,,41888,443,0,37,17
1587481526.4541216,10.10.0.10,173.194.182.102,,,41888,443,0,37,17
1587481526.457005,10.10.0.10,173.194.182.102,,,41888,443,0,37,17
1587481526.458441,173.194.182.102,10.10.0.10,,,443,41888,0,1358,17
1587481526.499507,173.194.182.102,10.10.0.10,,,443,41888,0,29,17
1587481526.5008302,10.10.0.10,173.194.182.102,,,41888,443,0,37,17
1587481526.5029502,173.194.182.102,10.10.0.10,,,443,41888,0,1358,17
1587481526.553431,10.10.0.10,173.194.182.102,,,41888,443,0,37,17
1587481526.6204,173.194.182.102,10.10.0.10,,,443,41888,0,1358,17
1587481526.6575198,173.194.182.102,10.10.0.10,,,443,41888,0,1358,17
1587481526.660004,10.10.0.10,173.194.182.102,,,41888,443,0,37,17
1587481526.694634,173.194.182.102,10.10.0.10,,,443,41888,0,1358,17
1587481526.731758,173.194.182.102,10.10.0.10,,,443,41888,0,1358,17
1587481526.733562,10.10.0.10,173.194.182.102,,,41888,443,0,37,17
1587481526.7783878,173.194.182.102,10.10.0.10,,,443,41888,0,1358,17
1587481526.8154721,173.194.182.102,10.10.0.10,,,443,41888,0,1358,17
1587481526.817318,10.10.0.10,173.194.182.102,,,41888,443,0,37,17
1587481526.8526418,173.194.182.102,10.10.0.10,,,443,41888,0,1358,17
1587481526.8897884,173.194.182.102,10.10.0.10,,,443,41888,0,1358,17
1587481526.8972864,10.10.0.10,173.194.182.102,,,41888,443,0,50,17
1587481526.926899,173.194.182.102,10.10.0.10,,,443,41888,0,519,17
1587481526.9466786,10.10.0.10,173.194.182.102,,,41888,443,0,717,17
1587481526.9467368,10.10.0.10,173.194.182.102,,,41888,443,0,48,17
1587481526.957047,10.10.0.10,74.125.110.42,,,49235,443,0,677,17
1587481526.957119,10.10.0.10,74.125.110.42,,,49235,443,0,48,17
1587481526.965007,173.194.182.102,10.10.0.10,,,443,41888,0,29,17
1587481526.966682,173.194.182.102,10.10.0.10,,,443,41888,0,29,17
1587481526.9683628,173.194.182.102,10.10.0.10,,,443,41888,0,1358,17
1587481527.0054526,173.194.182.102,10.10.0.10,,,443,41888,0,1358,17
1587481527.007139,10.10.0.10,173.194.182.102,,,41888,443,0,37,17
1587481527.042606,173.194.182.102,10.10.0.10,,,443,41888,0,1358,17
1587481527.0796616,173.194.182.102,10.10.0.10,,,443,41888,0,1358,17
1587481527.0814748,10.10.0.10,173.194.182.102,,,41888,443,0,37,17
1587481527.116857,173.194.182.102,10.10.0.10,,,443,41888,0,1358,17
1587481527.153906,173.194.182.102,10.10.0.10,,,443,41888,0,1358,17
1587481527.1556973,10.10.0.10,173.194.182.102,,,41888,443,0,37,17
1587481527.1910784,173.194.182.102,10.10.0.10,,,443,41888,0,1358,17
1587481527.228197,173.194.182.102,10.10.0.10,,,443,41888,0,1358,17
1587481527.229918,10.10.0.10,173.194.182.102,,,41888,443,0,37,17
1587481527.2652724,173.194.182.102,10.10.0.10,,,443,41888,0,1358,17
1587481527.3023698,173.194.182.102,10.10.0.10,,,443,41888,0,1358,17
1587481527.3045518,10.10.0.10,173.194.182.102,,,41888,443,0,37,17
1587481527.3395119,173.194.182.102,10.10.0.10,,,443,41888,0,1358,17
1587481527.3766801,173.194.182.102,10.10.0.10,,,443,41888,0,1358,17
1587481527.3793812,10.10.0.10,173.194.182.102,,,41888,443,0,37,17
1587481527.4137638,74.125.110.42,10.10.0.10,,,443,49235,0,116,17
1587481527.4178,74.125.110.42,10.10.0.10,,,443,49235,0,1358,17
1587481527.4197366,10.10.0.10,74.125.110.42,,,49235,443,0,37,17
1587481527.4549198,74.125.110.42,10.10.0.10,,,443,49235,0,1358,17
1587481527.492054,74.125.110.42,10.10.0.10,,,443,49235,0,1358,17
1587481527.495193,10.10.0.10,74.125.110.42,,,49235,443,0,37,17
1587481527.5291634,74.125.110.42,10.10.0.10,,,443,49235,0,1358,17
1587481527.5662901,74.125.110.42,10.10.0.10,,,443,49235,0,1358,17
1587481527.567922,10.10.0.10,74.125.110.42,,,49235,443,0,37,17
1587481527.603408,74.125.110.42,10.10.0.10,,,443,49235,0,1358,17
1587481527.640511,74.125.110.42,10.10.0.10,,,443,49235,0,1358,17
1587481527.642146,10.10.0.10,74.125.110.42,,,49235,443,0,37,17
1587481527.6776538,74.125.110.42,10.10.0.10,,,443,49235,0,1358,17
1587481527.7146974,74.125.110.42,10.10.0.10,,,443,49235,0,1358,17
1587481527.7164776,10.10.0.10,74.125.110.42,,,49235,443,0,37,17
1587481527.751888,173.194.182.102,10.10.0.10,,,443,41888,0,1358,17
1587481527.789008,74.125.110.42,10.10.0.10,,,443,49235,0,1358,17
1587481527.791183,10.10.0.10,74.125.110.42,,,49235,443,0,40,17
1587481527.7914634,10.10.0.10,173.194.182.102,,,41888,443,0,37,17
1587481527.8261304,173.194.182.102,10.10.0.10,,,443,41888,0,1358,17
1587481527.8610039,10.10.0.10,173.194.182.102,,,41888,443,0,37,17
1587481527.8632188,74.125.110.42,10.10.0.10,,,443,49235,0,1358,17
1587481527.865006,10.10.0.10,74.125.110.42,,,49235,443,0,40,17
1587481527.900377,173.194.182.102,10.10.0.10,,,443,41888,0,1358,17
1587481527.937498,74.125.110.42,10.10.0.10,,,443,49235,0,1358,17
1587481527.9393349,10.10.0.10,74.125.110.42,,,49235,443,0,40,17
1587481527.9395301,10.10.0.10,173.194.182.102,,,41888,443,0,37,17
1587481527.974616,173.194.182.102,10.10.0.10,,,443,41888,0,1358,17
1587481527.976269,10.10.0.10,173.194.182.102,,,41888,443,0,40,17
1587481528.011732,74.125.110.42,10.10.0.10,,,443,49235,0,1358,17
1587481528.013415,10.10.0.10,74.125.110.42,,,49235,443,0,40,17
1587481528.048809,173.194.182.102,10.10.0.10,,,443,41888,0,1358,17
1587481528.0505798,10.10.0.10,173.194.182.102,,,41888,443,0,40,17
1587481528.085976,74.125.110.42,10.10.0.10,,,443,49235,0,1358,17
1587481528.123096,173.194.182.102,10.10.0.10,,,443,41888,0,1358,17
1587481528.13956,10.10.0.10,173.194.182.102,,,41888,443,0,40,17
1587481528.139614,10.10.0.10,74.125.110.42,,,49235,443,0,40,17
1587481528.1601892,74.125.110.42,10.10.0.10,,,443,49235,0,1358,17
1587481528.1973212,173.194.182.102,10.10.0.10,,,443,41888,0,1358,17
1587481528.2344382,74.125.110.42,10.10.0.10,,,443,49235,0,1358,17
1587481528.2715552,173.194.182.102,10.10.0.10,,,443,41888,0,1358,17
1587481528.2778099,10.10.0.10,74.125.110.42,,,49235,443,0,40,17
1587481528.2803645,10.10.0.10,173.194.182.102,,,41888,443,0,42,17
1587481528.308641,74.125.110.42,10.10.0.10,,,443,49235,0,1358,17
1587481528.3103948,10.10.0.10,74.125.110.42,,,49235,443,0,42,17
1587481528.345793,173.194.182.102,10.10.0.10,,,443,41888,0,1358,17
1587481528.348569,10.10.0.10,173.194.182.102,,,41888,443,0,42,17
1587481528.3829148,74.125.110.42,10.10.0.10,,,443,49235,0,1358,17
1587481528.3850682,10.10.0.10,74.125.110.42,,,49235,443,0,42,17
1587481528.420033,173.194.182.102,10.10.0.10,,,443,41888,0,1358,17
1587481528.421798,10.10.0.10,173.194.182.102,,,41888,443,0,42,17
1587481528.457158,74.125.110.42,10.10.0.10,,,443,49235,0,1358,17
1587481528.458787,10.10.0.10,74.125.110.42,,,49235,443,0,42,17
1587481528.4942758,173.194.182.102,10.10.0.10,,,443,41888,0,1358,17
1587481528.4964292,10.10.0.10,173.194.182.102,,,41888,443,0,42,17
1587481528.531379,74.125.110.42,10.10.0.10,,,443,49235,0,1358,17
1587481528.533332,10.10.0.10,74.125.110.42,,,49235,443,0,42,17
1587481528.568527,173.194.182.102,10.10.0.10,,,443,41888,0,1358,17
1587481528.605606,74.125.110.42,10.10.0.10,,,443,49235,0,1358,17
1587481528.608439,10.10.0.10,173.194.182.102,,,41888,443,0,42,17
1587481528.64276,173.194.182.102,10.10.0.10,,,443,41888,0,1358,17
1587481528.6445858,10.10.0.10,74.125.110.42,,,49235,443,0,42,17
1587481528.6798801,74.125.110.42,10.10.0.10,,,443,49235,0,1358,17
1587481528.6825461,10.10.0.10,173.194.182.102,,,41888,443,0,42,17
1587481528.717009,173.194.182.102,10.10.0.10,,,443,41888,0,1358,17
1587481528.7189062,10.10.0.10,74.125.110.42,,,49235,443,0,42,17
1587481528.7541304,74.125.110.42,10.10.0.10,,,443,49235,0,1358,17
1587481528.75631,10.10.0.10,173.194.182.102,,,41888,443,0,42,17
1587481528.791251,173.194.182.102,10.10.0.10,,,443,41888,0,1358,17
1587481528.7931151,10.10.0.10,74.125.110.42,,,49235,443,0,42,17
1587481528.8283699,74.125.110.42,10.10.0.10,,,443,49235,0,1358,17
1587481528.83049,10.10.0.10,173.194.182.102,,,41888,443,0,55,17
1587481528.865418,173.194.182.102,10.10.0.10,,,443,41888,0,1358,17
1587481528.8679938,10.10.0.10,74.125.110.42,,,49235,443,0,42,17
1587481528.902615,173.194.182.102,10.10.0.10,,,443,41888,0,1358,17
1587481528.904391,10.10.0.10,173.194.182.102,,,41888,443,0,42,17
1587481528.939736,74.125.110.42,10.10.0.10,,,443,49235,0,1358,17
1587481528.976856,173.194.182.102,10.10.0.10,,,443,41888,0,1358,17
1587481528.9787252,10.10.0.10,74.125.110.42,,,49235,443,0,55,17
1587481529.013968,74.125.110.42,10.10.0.10,,,443,49235,0,1358,17
1587481529.016609,10.10.0.10,173.194.182.102,,,41888,443,0,42,17
1587481529.0510864,173.194.182.102,10.10.0.10,,,443,41888,0,1358,17
1587481529.0528588,10.10.0.10,74.125.110.42,,,49235,443,0,42,17
1587481529.088202,74.125.110.42,10.10.0.10,,,443,49235,0,1358,17
1587481529.089943,10.10.0.10,173.194.182.102,,,41888,443,0,42,17
1587481529.125275,173.194.182.102,10.10.0.10,,,443,41888,0,1358,17
1587481529.127035,10.10.0.10,74.125.110.42,,,49235,443,0,42,17
1587481529.1624348,74.125.110.42,10.10.0.10,,,443,49235,0,1358,17
1587481529.1643398,10.10.0.10,173.194.182.102,,,41888,443,0,42,17
1587481529.199559,173.194.182.102,10.10.0.10,,,443,41888,0,1358,17
1587481529.201345,10.10.0.10,74.125.110.42,,,49235,443,0,42,17
1587481529.2366214,173.194.182.102,10.10.0.10,,,443,41888,0,1358,17
1587481529.2397635,10.10.0.10,173.194.182.102,,,41888,443,0,42,17
1587481529.273746,74.125.110.42,10.10.0.10,,,443,49235,0,1358,17
1587481529.3109038,173.194.182.102,10.10.0.10,,,443,41888,0,1358,17
1587481529.3139322,10.10.0.10,74.125.110.42,,,49235,443,0,42,17
1587481529.3524652,74.125.110.42,10.10.0.10,,,443,49235,0,1358,17
1587481529.3896284,173.194.182.102,10.10.0.10,,,443,41888,0,1358,17
1587481529.4018898,10.10.0.10,173.194.182.102,,,41888,443,0,42,17
1587481529.4267464,74.125.110.42,10.10.0.10,,,443,49235,0,1358,17
1587481529.4638689,173.194.182.102,10.10.0.10,,,443,41888,0,1358,17
1587481529.5009892,173.194.182.102,10.10.0.10,,,443,41888,0,1358,17
1587481529.538108,74.125.110.42,10.10.0.10,,,443,49235,0,1358,17
1587481529.5752268,173.194.182.102,10.10.0.10,,,443,41888,0,1358,17
1587481529.612342,74.125.110.42,10.10.0.10,,,443,49235,0,1358,17
1587481529.644652,10.10.0.10,74.125.110.42,,,49235,443,0,42,17
1587481529.644711,10.10.0.10,173.194.182.102,,,41888,443,0,42,17
1587481529.6494372,173.194.182.102,10.10.0.10,,,443,41888,0,1358,17
1587481529.6865811,74.125.110.42,10.10.0.10,,,443,49235,0,1358,17
1587481529.7236989,74.125.110.42,10.10.0.10,,,443,49235,0,1358,17
1587481529.76082,173.194.182.102,10.10.0.10,,,443,41888,0,1358,17
1587481529.7979398,74.125.110.42,10.10.0.10,,,443,49235,0,1358,17
1587481529.835055,173.194.182.102,10.10.0.10,,,443,41888,0,1358,17
1587481529.872143,74.125.110.42,10.10.0.10,,,443,49235,0,1358,17
1587481529.9092991,173.194.182.102,10.10.0.10,,,443,41888,0,1358,17
1587481529.946415,74.125.110.42,10.10.0.10,,,443,49235,0,1358,17
1587481529.983498,173.194.182.102,10.10.0.10,,,443,41888,0,1358,17
1587481530.020659,74.125.110.42,10.10.0.10,,,443,49235,0,1358,17
1587481530.0577786,74.125.110.42,10.10.0.10,,,443,49235,0,1358,17
1587481530.094899,173.194.182.102,10.10.0.10,,,443,41888,0,1358,17
1587481530.131969,74.125.110.42,10.10.0.10,,,443,49235,0,1358,17
1587481530.169096,173.194.182.102,10.10.0.10,,,443,41888,0,1358,17
1587481530.2062528,74.125.110.42,10.10.0.10,,,443,49235,0,1358,17
1587481530.2433698,173.194.182.102,10.10.0.10,,,443,41888,0,1358,17
1587481530.280448,173.194.182.102,10.10.0.10,,,443,41888,0,1358,17
1587481530.317615,74.125.110.42,10.10.0.10,,,443,49235,0,1358,17
1587481530.3547359,173.194.182.102,10.10.0.10,,,443,41888,0,1358,17
1587481530.3918571,74.125.110.42,10.10.0.10,,,443,49235,0,1358,17
1587481530.42894,74.125.110.42,10.10.0.10,,,443,49235,0,1358,17
1587481530.4661012,173.194.182.102,10.10.0.10,,,443,41888,0,1358,17
1587481530.503223,173.194.182.102,10.10.0.10,,,443,41888,0,1358,17
1587481530.5338578,10.10.0.10,173.194.182.102,,,41888,443,0,42,17
1587481530.533908,10.10.0.10,74.125.110.42,,,49235,443,0,42,17
1587481530.538176,10.10.0.10,173.194.182.102,,,41888,443,0,42,17
1587481530.540342,74.125.110.42,10.10.0.10,,,443,49235,0,1358,17
1587481530.54304,10.10.0.10,74.125.110.42,,,49235,443,0,42,17
1587481530.545086,10.10.0.10,74.125.110.42,,,49235,443,0,42,17
1587481530.546083,10.10.0.10,173.194.182.102,,,41888,443,0,42,17
1587481530.549189,10.10.0.10,74.125.110.42,,,49235,443,0,42,17
1587481530.554312,10.10.0.10,173.194.182.102,,,41888,443,0,42,17
1587481530.556586,10.10.0.10,74.125.110.42,,,49235,443,0,42,17
1587481530.5591474,10.10.0.10,173.194.182.102,,,41888,443,0,42,17
1587481530.559409,10.10.0.10,74.125.110.42,,,49235,443,0,42,17
1587481530.56108,10.10.0.10,173.194.182.102,,,41888,443,0,42,17
1587481530.568852,10.10.0.10,74.125.110.42,,,49235,443,0,42,17
1587481530.5714881,10.10.0.10,173.194.182.102,,,41888,443,0,42,17
1587481530.572144,10.10.0.10,74.125.110.42,,,49235,443,0,44,17
1587481530.577461,74.125.110.42,10.10.0.10,,,443,49235,0,1358,17
1587481530.5791268,10.10.0.10,74.125.110.42,,,49235,443,0,44,17
1587481530.6145859,74.125.110.42,10.10.0.10,,,443,49235,0,1358,17
1587481530.616338,10.10.0.10,74.125.110.42,,,49235,443,0,44,17
1587481530.616387,10.10.0.10,173.194.182.102,,,41888,443,0,42,17
1587481530.6517012,74.125.110.42,10.10.0.10,,,443,49235,0,1358,17
1587481530.655159,10.10.0.10,74.125.110.42,,,49235,443,0,44,17
1587481530.6887698,74.125.110.42,10.10.0.10,,,443,49235,0,1358,17
1587481530.725945,74.125.110.42,10.10.0.10,,,443,49235,0,1358,17
1587481530.7277732,10.10.0.10,74.125.110.42,,,49235,443,0,44,17
1587481530.7630599,74.125.110.42,10.10.0.10,,,443,49235,0,1358,17
1587481530.800175,74.125.110.42,10.10.0.10,,,443,49235,0,1358,17
1587481530.8020651,10.10.0.10,74.125.110.42,,,49235,443,0,44,17
1587481530.837296,74.125.110.42,10.10.0.10,,,443,49235,0,1358,17
1587481530.8654358,10.10.0.10,74.125.110.42,,,49235,443,0,44,17
1587481530.87884,74.125.110.42,10.10.0.10,,,443,49235,0,1358,17
1587481530.9159582,74.125.110.42,10.10.0.10,,,443,49235,0,1358,17
1587481530.9176419,10.10.0.10,74.125.110.42,,,49235,443,0,57,17
1587481530.9530811,74.125.110.42,10.10.0.10,,,443,49235,0,1358,17
1587481530.990233,74.125.110.42,10.10.0.10,,,443,49235,0,1358,17
1587481530.991889,10.10.0.10,74.125.110.42,,,49235,443,0,44,17
1587481531.0273492,74.125.110.42,10.10.0.10,,,443,49235,0,1358,17
1587481531.0292456,10.10.0.10,173.194.182.102,,,41888,443,0,43,17
1587481531.0644698,74.125.110.42,10.10.0.10,,,443,49235,0,1358,17
1587481531.069039,10.10.0.10,74.125.110.42,,,49235,443,0,44,17
1587481531.101593,74.125.110.42,10.10.0.10,,,443,49235,0,1358,17
1587481531.1387134,74.125.110.42,10.10.0.10,,,443,49235,0,1358,17
1587481531.1404312,10.10.0.10,74.125.110.42,,,49235,443,0,46,17
1587481531.175832,74.125.110.42,10.10.0.10,,,443,49235,0,1358,17
1587481531.1875172,10.10.0.10,74.125.110.42,,,49235,443,0,48,17
1587481531.212952,74.125.110.42,10.10.0.10,,,443,49235,0,1358,17
1587481531.214954,10.10.0.10,74.125.110.42,,,49235,443,0,48,17
1587481531.2500696,74.125.110.42,10.10.0.10,,,443,49235,0,1358,17
1587481531.252249,10.10.0.10,74.125.110.42,,,49235,443,0,48,17
1587481531.2871912,74.125.110.42,10.10.0.10,,,443,49235,0,1358,17
1587481531.31452,10.10.0.10,74.125.110.42,,,49235,443,0,48,17
1587481531.3243089,74.125.110.42,10.10.0.10,,,443,49235,0,1358,17
1587481531.353743,10.10.0.10,74.125.110.42,,,49235,443,0,48,17
1587481531.361432,74.125.110.42,10.10.0.10,,,443,49235,0,1358,17
1587481531.398552,74.125.110.42,10.10.0.10,,,443,49235,0,1358,17
1587481531.400409,10.10.0.10,74.125.110.42,,,49235,443,0,48,17
1587481531.4356518,74.125.110.42,10.10.0.10,,,443,49235,0,1358,17
1587481531.4666598,10.10.0.10,74.125.110.42,,,49235,443,0,48,17
1587481531.4727929,74.125.110.42,10.10.0.10,,,443,49235,0,1358,17
1587481531.5040908,10.10.0.10,74.125.110.42,,,49235,443,0,48,17
1587481531.5099075,74.125.110.42,10.10.0.10,,,443,49235,0,1358,17
1587481531.547033,74.125.110.42,10.10.0.10,,,443,49235,0,1358,17
1587481531.5488198,10.10.0.10,74.125.110.42,,,49235,443,0,48,17
1587481531.584153,74.125.110.42,10.10.0.10,,,443,49235,0,1358,17
1587481531.621273,74.125.110.42,10.10.0.10,,,443,49235,0,1358,17
1587481531.623081,10.10.0.10,74.125.110.42,,,49235,443,0,48,17
1587481531.658318,74.125.110.42,10.10.0.10,,,443,49235,0,1358,17
1587481531.6954682,74.125.110.42,10.10.0.10,,,443,49235,0,1358,17
1587481531.6979036,10.10.0.10,74.125.110.42,,,49235,443,0,48,17
1587481531.7326221,74.125.110.42,10.10.0.10,,,443,49235,0,1358,17
1587481531.769743,74.125.110.42,10.10.0.10,,,443,49235,0,1358,17
1587481531.7715142,10.10.0.10,74.125.110.42,,,49235,443,0,48,17
1587481531.806865,173.194.182.102,10.10.0.10,,,443,41888,0,1358,17
1587481531.843983,74.125.110.42,10.10.0.10,,,443,49235,0,1358,17
1587481531.846143,10.10.0.10,173.194.182.102,,,41888,443,0,42,17
1587481531.8810642,74.125.110.42,10.10.0.10,,,443,49235,0,1358,17
1587481531.883916,10.10.0.10,74.125.110.42,,,49235,443,0,48,17
1587481531.9182339,74.125.110.42,10.10.0.10,,,443,49235,0,1358,17
1587481531.955357,74.125.110.42,10.10.0.10,,,443,49235,0,1358,17
1587481531.957596,10.10.0.10,74.125.110.42,,,49235,443,0,48,17
1587481531.992478,74.125.110.42,10.10.0.10,,,443,49235,0,1358,17
1587481532.029597,74.125.110.42,10.10.0.10,,,443,49235,0,1358,17
1587481532.031598,10.10.0.10,74.125.110.42,,,49235,443,0,50,17
1587481532.0667136,173.194.182.102,10.10.0.10,,,443,41888,0,1358,17
1587481532.0978909,10.10.0.10,173.194.182.102,,,41888,443,0,42,17
1587481532.103838,74.125.110.42,10.10.0.10,,,443,49235,0,1358,17
1587481532.1074884,10.10.0.10,74.125.110.42,,,49235,443,0,50,17
1587481532.140954,74.125.110.42,10.10.0.10,,,443,49235,0,1358,17
1587481532.143807,10.10.0.10,74.125.110.42,,,49235,443,0,63,17
1587481532.1780741,74.125.110.42,10.10.0.10,,,443,49235,0,1358,17
1587481532.181802,10.10.0.10,74.125.110.42,,,49235,443,0,50,17
1587481532.215199,74.125.110.42,10.10.0.10,,,443,49235,0,1358,17
1587481532.252295,74.125.110.42,10.10.0.10,,,443,49235,0,1358,17
1587481532.2542071,10.10.0.10,74.125.110.42,,,49235,443,0,50,17
1587481532.289421,74.125.110.42,10.10.0.10,,,443,49235,0,1358,17
1587481532.3265462,74.125.110.42,10.10.0.10,,,443,49235,0,1358,17
1587481532.328416,10.10.0.10,74.125.110.42,,,49235,443,0,50,17
1587481532.363672,173.194.182.102,10.10.0.10,,,443,41888,0,1358,17
1587481532.400794,74.125.110.42,10.10.0.10,,,443,49235,0,1358,17
1587481532.402865,10.10.0.10,173.194.182.102,,,41888,443,0,42,17
1587481532.4379148,74.125.110.42,10.10.0.10,,,443,49235,0,1358,17
1587481532.439966,10.10.0.10,74.125.110.42,,,49235,443,0,50,17
1587481532.475035,173.194.182.102,10.10.0.10,,,443,41888,0,1358,17
1587481532.5120995,74.125.110.42,10.10.0.10,,,443,49235,0,1358,17
1587481532.5154214,10.10.0.10,173.194.182.102,,,41888,443,0,42,17
1587481532.549274,173.194.182.102,10.10.0.10,,,443,41888,0,1358,17
1587481532.551069,10.10.0.10,74.125.110.42,,,49235,443,0,51,17
1587481532.5863938,173.194.182.102,10.10.0.10,,,443,41888,0,1358,17
1587481532.588439,10.10.0.10,173.194.182.102,,,41888,443,0,42,17
1587481532.6235108,74.125.110.42,10.10.0.10,,,443,49235,0,1358,17
1587481532.6606364,173.194.182.102,10.10.0.10,,,443,41888,0,1358,17
1587481532.662589,10.10.0.10,74.125.110.42,,,49235,443,0,51,17
1587481532.69775,74.125.110.42,10.10.0.10,,,443,49235,0,1358,17
1587481532.699657,10.10.0.10,173.194.182.102,,,41888,443,0,42,17
1587481532.734882,74.125.110.42,10.10.0.10,,,443,49235,0,1358,17
1587481532.7367241,10.10.0.10,74.125.110.42,,,49235,443,0,51,17
1587481532.7719965,173.194.182.102,10.10.0.10,,,443,41888,0,1358,17
1587481532.8091226,74.125.110.42,10.10.0.10,,,443,49235,0,1358,17
1587481532.811798,10.10.0.10,173.194.182.102,,,41888,443,0,42,17
1587481532.8424852,10.10.0.10,74.125.110.42,,,49235,443,0,51,17
1587481532.846242,173.194.182.102,10.10.0.10,,,443,41888,0,1358,17
1587481532.8833618,74.125.110.42,10.10.0.10,,,443,49235,0,1358,17
1587481532.885558,10.10.0.10,173.194.182.102,,,41888,443,0,42,17
1587481532.920482,173.194.182.102,10.10.0.10,,,443,41888,0,1358,17
1587481532.922529,10.10.0.10,74.125.110.42,,,49235,443,0,51,17
1587481532.9539402,10.10.0.10,173.194.182.102,,,41888,443,0,42,17
1587481532.957592,74.125.110.42,10.10.0.10,,,443,49235,0,1358,17
1587481532.994713,173.194.182.102,10.10.0.10,,,443,41888,0,1358,17
1587481532.996841,10.10.0.10,74.125.110.42,,,49235,443,0,51,17
1587481533.0317981,74.125.110.42,10.10.0.10,,,443,49235,0,1358,17
1587481533.034062,10.10.0.10,173.194.182.102,,,41888,443,0,42,17
1587481533.068933,173.194.182.102,10.10.0.10,,,443,41888,0,1358,17
1587481533.106067,74.125.110.42,10.10.0.10,,,443,49235,0,1358,17
1587481533.138046,10.10.0.10,74.125.110.42,,,49235,443,0,51,17
1587481533.1431868,173.194.182.102,10.10.0.10,,,443,41888,0,1358,17
1587481533.165759,10.10.0.10,173.194.182.102,,,41888,443,0,42,17
1587481533.180309,74.125.110.42,10.10.0.10,,,443,49235,0,1358,17
1587481533.1820881,10.10.0.10,74.125.110.42,,,49235,443,0,51,17
1587481533.217434,173.194.182.102,10.10.0.10,,,443,41888,0,1358,17
1587481533.254549,74.125.110.42,10.10.0.10,,,443,49235,0,1358,17
1587481533.2565882,10.10.0.10,173.194.182.102,,,41888,443,0,37,17
1587481533.291672,173.194.182.102,10.10.0.10,,,443,41888,0,1358,17
1587481533.328751,173.194.182.102,10.10.0.10,,,443,41888,0,1358,17
1587481533.344608,10.10.0.10,74.125.110.42,,,49235,443,0,51,17
1587481533.358623,10.10.0.10,173.194.182.102,,,41888,443,0,37,17
1587481533.3659134,74.125.110.42,10.10.0.10,,,443,49235,0,1358,17
1587481533.4030292,173.194.182.102,10.10.0.10,,,443,41888,0,1358,17
1587481533.405761,10.10.0.10,74.125.110.42,,,49235,443,0,47,17
1587481533.4401548,74.125.110.42,10.10.0.10,,,443,49235,0,1358,17
1587481533.477275,173.194.182.102,10.10.0.10,,,443,41888,0,1358,17
1587481533.4945366,10.10.0.10,173.194.182.102,,,41888,443,0,37,17
1587481533.514392,74.125.110.42,10.10.0.10,,,443,49235,0,1358,17
1587481533.516151,10.10.0.10,74.125.110.42,,,49235,443,0,46,17
1587481533.5515132,173.194.182.102,10.10.0.10,,,443,41888,0,1358,17
1587481533.588634,74.125.110.42,10.10.0.10,,,443,49235,0,1358,17
1587481533.613609,10.10.0.10,173.194.182.102,,,41888,443,0,37,17
1587481533.625753,173.194.182.102,10.10.0.10,,,443,41888,0,1358,17
1587481533.662857,173.194.182.102,10.10.0.10,,,443,41888,0,1358,17
1587481533.6999788,74.125.110.42,10.10.0.10,,,443,49235,0,1358,17
1587481533.737102,173.194.182.102,10.10.0.10,,,443,41888,0,1358,17
1587481533.774159,173.194.182.102,10.10.0.10,,,443,41888,0,1358,17
1587481533.8113492,74.125.110.42,10.10.0.10,,,443,49235,0,1358,17
1587481533.848469,173.194.182.102,10.10.0.10,,,443,41888,0,1358,17
1587481533.859431,10.10.0.10,173.194.182.102,,,41888,443,0,37,17
1587481533.859473,10.10.0.10,74.125.110.42,,,49235,443,0,46,17
1587481533.8855882,74.125.110.42,10.10.0.10,,,443,49235,0,1358,17
1587481533.9227078,173.194.182.102,10.10.0.10,,,443,41888,0,1358,17
1587481533.959827,173.194.182.102,10.10.0.10,,,443,41888,0,1358,17
1587481533.9969466,173.194.182.102,10.10.0.10,,,443,41888,0,1358,17
1587481534.034067,74.125.110.42,10.10.0.10,,,443,49235,0,1358,17
1587481534.071191,173.194.182.102,10.10.0.10,,,443,41888,0,1358,17
1587481534.1083071,173.194.182.102,10.10.0.10,,,443,41888,0,1358,17
1587481534.145408,74.125.110.42,10.10.0.10,,,443,49235,0,1358,17
1587481534.1825464,74.125.110.42,10.10.0.10,,,443,49235,0,798,17
1587481534.204741,173.194.182.102,10.10.0.10,,,443,41888,0,1358,17
1587481534.241842,74.125.110.42,10.10.0.10,,,443,49235,0,1358,17
1587481534.2789679,74.125.110.42,10.10.0.10,,,443,49235,0,30,17
1587481534.280672,173.194.182.102,10.10.0.10,,,443,41888,0,30,17
1587481534.282381,74.125.110.42,10.10.0.10,,,443,49235,0,1358,17
1587481534.319509,74.125.110.42,10.10.0.10,,,443,49235,0,1358,17
1587481534.356627,173.194.182.102,10.10.0.10,,,443,41888,0,1358,17
1587481534.393699,173.194.182.102,10.10.0.10,,,443,41888,0,1358,17
1587481534.4308732,74.125.110.42,10.10.0.10,,,443,49235,0,1358,17
1587481534.467993,74.125.110.42,10.10.0.10,,,443,49235,0,35,17
1587481534.469832,173.194.182.102,10.10.0.10,,,443,41888,0,1358,17
1587481534.506954,173.194.182.102,10.10.0.10,,,443,41888,0,1358,17
1587481534.5440738,173.194.182.102,10.10.0.10,,,443,41888,0,1358,17
1587481534.581193,173.194.182.102,10.10.0.10,,,443,41888,0,1358,17
1587481534.61831,173.194.182.102,10.10.0.10,,,443,41888,0,1358,17
1587481534.6554348,173.194.182.102,10.10.0.10,,,443,41888,0,1358,17
1587481534.660094,10.10.0.10,173.194.182.102,,,41888,443,0,37,17
1587481534.6925619,173.194.182.102,10.10.0.10,,,443,41888,0,1358,17
1587481534.729681,173.194.182.102,10.10.0.10,,,443,41888,0,1358,17
1587481534.7542946,10.10.0.10,74.125.110.42,,,49235,443,0,46,17
1587481534.7543485,10.10.0.10,173.194.182.102,,,41888,443,0,37,17
1587481534.769028,10.10.0.10,173.194.182.102,,,41888,443,0,37,17
1587481534.769089,10.10.0.10,74.125.110.42,,,49235,443,0,46,17
1587481534.7691061,10.10.0.10,173.194.182.102,,,41888,443,0,50,17
1587481534.7705321,173.194.182.102,10.10.0.10,,,443,41888,0,1358,17
1587481534.7757552,10.10.0.10,74.125.110.42,,,49235,443,0,48,17
1587481534.778381,10.10.0.10,173.194.182.102,,,41888,443,0,37,17
1587481534.7823136,10.10.0.10,74.125.110.42,,,49235,443,0,61,17
1587481534.7823641,10.10.0.10,74.125.110.42,,,49235,443,0,48,17
1587481534.8076518,173.194.182.102,10.10.0.10,,,443,41888,0,1358,17
1587481534.844761,173.194.182.102,10.10.0.10,,,443,41888,0,1358,17
1587481534.877814,10.10.0.10,173.194.182.102,,,41888,443,0,37,17
1587481534.8786108,10.10.0.10,74.125.110.42,,,49235,443,0,48,17
1587481534.881884,173.194.182.102,10.10.0.10,,,443,41888,0,1358,17
1587481534.882214,10.10.0.10,74.125.110.42,,,49235,443,0,46,17
1587481534.8897636,10.10.0.10,173.194.182.102,,,41888,443,0,37,17
1587481534.890329,10.10.0.10,74.125.110.42,,,49235,443,0,40,17
1587481534.890859,10.10.0.10,173.194.182.102,,,41888,443,0,37,17
1587481534.892484,10.10.0.10,173.194.182.102,,,41888,443,0,37,17
1587481534.894247,10.10.0.10,173.194.182.102,,,41888,443,0,37,17
1587481534.8950882,10.10.0.10,173.194.182.102,,,41888,443,0,37,17
1587481534.898725,10.10.0.10,173.194.182.102,,,41888,443,0,37,17
1587481534.89882,10.10.0.10,173.194.182.102,,,41888,443,0,37,17
1587481534.919017,173.194.182.102,10.10.0.10,,,443,41888,0,1358,17
1587481534.956126,173.194.182.102,10.10.0.10,,,443,41888,0,29,17
1587481534.9578018,74.125.110.42,10.10.0.10,,,443,49235,0,1358,17
1587481534.994925,173.194.182.102,10.10.0.10,,,443,41888,0,1358,17
1587481535.0009305,10.10.0.10,173.194.182.102,,,41888,443,0,37,17
1587481535.0320542,74.125.110.42,10.10.0.10,,,443,49235,0,1358,17
1587481535.0691679,173.194.182.102,10.10.0.10,,,443,41888,0,1358,17
1587481535.106286,74.125.110.42,10.10.0.10,,,443,49235,0,35,17
1587481535.1081223,173.194.182.102,10.10.0.10,,,443,41888,0,1358,17
1587481535.1163092,10.10.0.10,74.125.110.42,,,49235,443,0,37,17
1587481535.119515,10.10.0.10,74.125.110.42,,,49235,443,0,37,17
1587481535.119991,10.10.0.10,173.194.182.102,,,41888,443,0,37,17
1587481535.1476269,173.194.182.102,10.10.0.10,,,443,41888,0,1358,17
1587481535.184752,173.194.182.102,10.10.0.10,,,443,41888,0,1358,17
1587481535.189992,10.10.0.10,173.194.182.102,,,41888,443,0,37,17
1587481535.221872,173.194.182.102,10.10.0.10,,,443,41888,0,1358,17
1587481535.258967,173.194.182.102,10.10.0.10,,,443,41888,0,1358,17
1587481535.260594,10.10.0.10,173.194.182.102,,,41888,443,0,37,17
1587481535.2960944,173.194.182.102,10.10.0.10,,,443,41888,0,1358,17
1587481535.3320491,10.10.0.10,173.194.182.102,,,41888,443,0,37,17
1587481535.333242,173.194.182.102,10.10.0.10,,,443,41888,0,1358,17
1587481535.370368,173.194.182.102,10.10.0.10,,,443,41888,0,1358,17
1587481535.372359,10.10.0.10,173.194.182.102,,,41888,443,0,37,17
1587481535.407496,173.194.182.102,10.10.0.10,,,443,41888,0,1358,17
1587481535.4446151,173.194.182.102,10.10.0.10,,,443,41888,0,1358,17
1587481535.4464474,10.10.0.10,173.194.182.102,,,41888,443,0,37,17
1587481535.481731,173.194.182.102,10.10.0.10,,,443,41888,0,1358,17
1587481535.5188088,173.194.182.102,10.10.0.10,,,443,41888,0,1358,17
1587481535.520688,10.10.0.10,173.194.182.102,,,41888,443,0,37,17
1587481535.555976,173.194.182.102,10.10.0.10,,,443,41888,0,1358,17
1587481535.5930939,173.194.182.102,10.10.0.10,,,443,41888,0,1358,17
1587481535.59479,10.10.0.10,173.194.182.102,,,41888,443,0,37,17
1587481535.630217,173.194.182.102,10.10.0.10,,,443,41888,0,1358,17
1587481535.667325,173.194.182.102,10.10.0.10,,,443,41888,0,1358,17
1587481535.6690366,10.10.0.10,173.194.182.102,,,41888,443,0,37,17
1587481535.7044456,173.194.182.102,10.10.0.10,,,443,41888,0,1358,17
1587481535.741562,173.194.182.102,10.10.0.10,,,443,41888,0,1358,17
1587481535.743577,10.10.0.10,173.194.182.102,,,41888,443,0,50,17
1587481535.778681,173.194.182.102,10.10.0.10,,,443,41888,0,1358,17
1587481535.8158019,173.194.182.102,10.10.0.10,,,443,41888,0,1358,17
1587481535.824284,10.10.0.10,173.194.182.102,,,41888,443,0,37,17
1587481535.852926,173.194.182.102,10.10.0.10,,,443,41888,0,1358,17
1587481535.884786,10.10.0.10,173.194.182.102,,,41888,443,0,37,17
1587481535.88998,173.194.182.102,10.10.0.10,,,443,41888,0,1358,17
1587481535.927165,173.194.182.102,10.10.0.10,,,443,41888,0,29,17
1587481535.9288461,173.194.182.102,10.10.0.10,,,443,41888,0,1358,17
1587481535.92889,10.10.0.10,173.194.182.102,,,41888,443,0,37,17
1587481535.965968,173.194.182.102,10.10.0.10,,,443,41888,0,1358,17
1587481535.968153,10.10.0.10,173.194.182.102,,,41888,443,0,37,17
1587481536.003088,173.194.182.102,10.10.0.10,,,443,41888,0,1358,17
1587481536.040202,173.194.182.102,10.10.0.10,,,443,41888,0,1358,17
1587481536.041929,10.10.0.10,173.194.182.102,,,41888,443,0,37,17
1587481536.077322,173.194.182.102,10.10.0.10,,,443,41888,0,1358,17
1587481536.1144464,173.194.182.102,10.10.0.10,,,443,41888,0,1358,17
1587481536.116345,10.10.0.10,173.194.182.102,,,41888,443,0,37,17
1587481536.151566,173.194.182.102,10.10.0.10,,,443,41888,0,1358,17
1587481536.1886132,173.194.182.102,10.10.0.10,,,443,41888,0,1358,17
1587481536.190252,10.10.0.10,173.194.182.102,,,41888,443,0,37,17
1587481536.2257411,173.194.182.102,10.10.0.10,,,443,41888,0,1358,17
1587481536.2629108,173.194.182.102,10.10.0.10,,,443,41888,0,1358,17
1587481536.264586,10.10.0.10,173.194.182.102,,,41888,443,0,37,17
1587481536.3000038,173.194.182.102,10.10.0.10,,,443,41888,0,1358,17
1587481536.337157,173.194.182.102,10.10.0.10,,,443,41888,0,1358,17
1587481536.338956,10.10.0.10,173.194.182.102,,,41888,443,0,37,17
1587481536.374226,173.194.182.102,10.10.0.10,,,443,41888,0,1358,17
1587481536.411402,173.194.182.102,10.10.0.10,,,443,41888,0,1358,17
1587481536.4384446,10.10.0.10,173.194.182.102,,,41888,443,0,37,17
1587481536.448504,173.194.182.102,10.10.0.10,,,443,41888,0,1358,17
1587481536.4856439,173.194.182.102,10.10.0.10,,,443,41888,0,1358,17
1587481536.48736,10.10.0.10,173.194.182.102,,,41888,443,0,37,17
1587481536.522775,173.194.182.102,10.10.0.10,,,443,41888,0,1358,17
1587481536.559891,173.194.182.102,10.10.0.10,,,443,41888,0,1358,17
1587481536.561658,10.10.0.10,173.194.182.102,,,41888,443,0,37,17
1587481536.5970109,173.194.182.102,10.10.0.10,,,443,41888,0,1358,17
1587481536.63412,173.194.182.102,10.10.0.10,,,443,41888,0,1358,17
1587481536.636514,10.10.0.10,173.194.182.102,,,41888,443,0,37,17
1587481536.6712544,173.194.182.102,10.10.0.10,,,443,41888,0,1358,17
1587481536.7083,173.194.182.102,10.10.0.10,,,443,41888,0,1358,17
1587481536.710744,10.10.0.10,173.194.182.102,,,41888,443,0,37,17
1587481536.745486,173.194.182.102,10.10.0.10,,,443,41888,0,1358,17
1587481536.7826061,173.194.182.102,10.10.0.10,,,443,41888,0,1358,17
1587481536.785407,10.10.0.10,173.194.182.102,,,41888,443,0,37,17
1587481536.8196876,173.194.182.102,10.10.0.10,,,443,41888,0,1358,17
1587481536.8478801,10.10.0.10,173.194.182.102,,,41888,443,0,37,17
1587481536.856846,173.194.182.102,10.10.0.10,,,443,41888,0,1358,17
1587481536.893948,173.194.182.102,10.10.0.10,,,443,41888,0,1358,17
1587481536.8957582,10.10.0.10,173.194.182.102,,,41888,443,0,37,17
1587481536.931082,173.194.182.102,10.10.0.10,,,443,41888,0,1358,17
1587481536.964695,10.10.0.10,173.194.182.102,,,41888,443,0,37,17
1587481536.9682052,173.194.182.102,10.10.0.10,,,443,41888,0,1358,17
1587481537.005323,173.194.182.102,10.10.0.10,,,443,41888,0,1358,17
1587481537.0070028,10.10.0.10,173.194.182.102,,,41888,443,0,37,17
1587481537.0468988,173.194.182.102,10.10.0.10,,,443,41888,0,1358,17
1587481537.0840151,173.194.182.102,10.10.0.10,,,443,41888,0,1358,17
1587481537.0860689,10.10.0.10,173.194.182.102,,,41888,443,0,50,17
1587481537.1211386,173.194.182.102,10.10.0.10,,,443,41888,0,1358,17
1587481537.1582599,173.194.182.102,10.10.0.10,,,443,41888,0,1358,17
1587481537.1605039,10.10.0.10,173.194.182.102,,,41888,443,0,37,17
1587481537.195344,173.194.182.102,10.10.0.10,,,443,41888,0,1358,17
1587481537.2324898,173.194.182.102,10.10.0.10,,,443,41888,0,1358,17
1587481537.257535,10.10.0.10,173.194.182.102,,,41888,443,0,37,17
1587481537.269599,173.194.182.102,10.10.0.10,,,443,41888,0,32,17
1587481537.271359,173.194.182.102,10.10.0.10,,,443,41888,0,1358,17
1587481537.308485,173.194.182.102,10.10.0.10,,,443,41888,0,1358,17
1587481537.3110619,10.10.0.10,173.194.182.102,,,41888,443,0,37,17
1587481537.345579,173.194.182.102,10.10.0.10,,,443,41888,0,1358,17
1587481537.3822489,10.10.0.10,173.194.182.102,,,41888,443,0,37,17
1587481537.3871891,173.194.182.102,10.10.0.10,,,443,41888,0,1358,17
1587481537.424318,173.194.182.102,10.10.0.10,,,443,41888,0,1358,17
1587481537.426393,10.10.0.10,173.194.182.102,,,41888,443,0,37,17
1587481537.4614098,173.194.182.102,10.10.0.10,,,443,41888,0,1358,17
1587481537.4985492,173.194.182.102,10.10.0.10,,,443,41888,0,1358,17
1587481537.5005972,10.10.0.10,173.194.182.102,,,41888,443,0,37,17
1587481537.535638,173.194.182.102,10.10.0.10,,,443,41888,0,1358,17
1587481537.572799,173.194.182.102,10.10.0.10,,,443,41888,0,1358,17
1587481537.593984,10.10.0.10,173.194.182.102,,,41888,443,0,37,17
1587481537.614368,173.194.182.102,10.10.0.10,,,443,41888,0,1358,17
1587481537.651488,173.194.182.102,10.10.0.10,,,443,41888,0,1358,17
1587481537.688607,173.194.182.102,10.10.0.10,,,443,41888,0,1358,17
1587481537.7257311,173.194.182.102,10.10.0.10,,,443,41888,0,1358,17
1587481537.762856,173.194.182.102,10.10.0.10,,,443,41888,0,1358,17
1587481537.7999752,173.194.182.102,10.10.0.10,,,443,41888,0,1358,17
1587481537.835511,10.10.0.10,173.194.182.102,,,41888,443,0,37,17
1587481537.837092,173.194.182.102,10.10.0.10,,,443,41888,0,1358,17
1587481537.8742108,173.194.182.102,10.10.0.10,,,443,41888,0,1358,17
1587481537.911336,173.194.182.102,10.10.0.10,,,443,41888,0,1358,17
1587481537.948455,173.194.182.102,10.10.0.10,,,443,41888,0,1358,17
1587481537.985575,173.194.182.102,10.10.0.10,,,443,41888,0,1358,17
1587481538.022686,173.194.182.102,10.10.0.10,,,443,41888,0,1358,17
1587481538.059806,173.194.182.102,10.10.0.10,,,443,41888,0,1358,17
1587481538.096928,173.194.182.102,10.10.0.10,,,443,41888,0,1358,17
1587481538.134047,173.194.182.102,10.10.0.10,,,443,41888,0,1358,17
1587481538.1711652,173.194.182.102,10.10.0.10,,,443,41888,0,1358,17
1587481538.2082539,173.194.182.102,10.10.0.10,,,443,41888,0,1358,17
1587481538.2454062,173.194.182.102,10.10.0.10,,,443,41888,0,1358,17
1587481538.2825198,173.194.182.102,10.10.0.10,,,443,41888,0,1358,17
1587481538.319575,173.194.182.102,10.10.0.10,,,443,41888,0,1358,17
1587481538.356748,173.194.182.102,10.10.0.10,,,443,41888,0,1358,17
1587481538.393875,173.194.182.102,10.10.0.10,,,443,41888,0,1358,17
1587481538.43099,173.194.182.102,10.10.0.10,,,443,41888,0,900,17
1587481538.6760962,173.194.182.102,10.10.0.10,,,443,41888,0,1358,17
1587481538.8610294,10.10.0.10,173.194.182.102,,,41888,443,0,40,17
1587481538.861092,10.10.0.10,173.194.182.102,,,41888,443,0,40,17
1587481538.861184,10.10.0.10,173.194.182.102,,,41888,443,0,40,17
1587481538.861923,10.10.0.10,173.194.182.102,,,41888,443,0,40,17
1587481538.861992,10.10.0.10,173.194.182.102,,,41888,443,0,40,17
1587481538.862015,10.10.0.10,173.194.182.102,,,41888,443,0,40,17
1587481538.862232,10.10.0.10,173.194.182.102,,,41888,443,0,40,17
1587481538.871421,173.194.182.102,10.10.0.10,,,443,41888,0,1358,17
1587481538.872516,10.10.0.10,173.194.182.102,,,41888,443,0,40,17
1587481538.873962,10.10.0.10,173.194.182.102,,,41888,443,0,40,17
1587481538.8745458,10.10.0.10,173.194.182.102,,,41888,443,0,40,17
1587481538.875509,10.10.0.10,173.194.182.102,,,41888,443,0,40,17
1587481538.877131,10.10.0.10,173.194.182.102,,,41888,443,0,53,17
1587481538.889116,173.194.182.102,10.10.0.10,,,443,41888,0,29,17
1587481538.909888,173.194.182.102,10.10.0.10,,,443,41888,0,1358,17
1587481538.911583,10.10.0.10,173.194.182.102,,,41888,443,0,37,17
1587481538.922313,173.194.182.102,10.10.0.10,,,443,41888,0,1358,17
1587481538.9419322,10.10.0.10,173.194.182.102,,,41888,443,0,717,17
1587481538.9420118,10.10.0.10,173.194.182.102,,,41888,443,0,48,17
1587481538.952696,173.194.182.102,10.10.0.10,,,443,41888,0,115,17
1587481538.952863,173.194.182.102,10.10.0.10,,,443,41888,0,1358,17
1587481538.95819,10.10.0.10,173.194.182.102,,,41888,443,0,37,17
1587481538.9770362,10.10.0.10,74.125.110.42,,,49235,443,0,676,17
1587481538.977088,10.10.0.10,74.125.110.42,,,49235,443,0,48,17
1587481538.982977,173.194.182.102,10.10.0.10,,,443,41888,0,1358,17
1587481539.020097,173.194.182.102,10.10.0.10,,,443,41888,0,1358,17
1587481539.02196,10.10.0.10,173.194.182.102,,,41888,443,0,37,17
1587481539.057213,173.194.182.102,10.10.0.10,,,443,41888,0,1358,17
1587481539.0942822,173.194.182.102,10.10.0.10,,,443,41888,0,1358,17
1587481539.096023,10.10.0.10,173.194.182.102,,,41888,443,0,37,17
1587481539.131432,173.194.182.102,10.10.0.10,,,443,41888,0,1358,17
1587481539.165679,10.10.0.10,173.194.182.102,,,41888,443,0,37,17
1587481539.168494,173.194.182.102,10.10.0.10,,,443,41888,0,1358,17
1587481539.171489,10.10.0.10,173.194.182.102,,,41888,443,0,40,17
1587481539.20565,173.194.182.102,10.10.0.10,,,443,41888,0,1358,17
1587481539.207289,10.10.0.10,173.194.182.102,,,41888,443,0,37,17
1587481539.242767,173.194.182.102,10.10.0.10,,,443,41888,0,1358,17
1587481539.2799149,173.194.182.102,10.10.0.10,,,443,41888,0,1358,17
1587481539.281528,10.10.0.10,173.194.182.102,,,41888,443,0,37,17
1587481539.317033,173.194.182.102,10.10.0.10,,,443,41888,0,1358,17
1587481539.354153,74.125.110.42,10.10.0.10,,,443,49235,0,30,17
1587481539.3558311,173.194.182.102,10.10.0.10,,,443,41888,0,1358,17
1587481539.3558452,10.10.0.10,173.194.182.102,,,41888,443,0,37,17
1587481539.3929641,74.125.110.42,10.10.0.10,,,443,49235,0,108,17
1587481539.395416,10.10.0.10,173.194.182.102,,,41888,443,0,37,17
1587481539.3967464,74.125.110.42,10.10.0.10,,,443,49235,0,1358,17
1587481539.39837,10.10.0.10,74.125.110.42,,,49235,443,0,37,17
1587481539.4338946,74.125.110.42,10.10.0.10,,,443,49235,0,1358,17
1587481539.4371462,10.10.0.10,74.125.110.42,,,49235,443,0,40,17
1587481539.4710212,74.125.110.42,10.10.0.10,,,443,49235,0,1358,17
1587481539.472727,10.10.0.10,74.125.110.42,,,49235,443,0,42,17
1587481539.508136,173.194.182.102,10.10.0.10,,,443,41888,0,1358,17
1587481539.5446525,10.10.0.10,173.194.182.102,,,41888,443,0,37,17
1587481539.545222,173.194.182.102,10.10.0.10,,,443,41888,0,1358,17
1587481539.582342,74.125.110.42,10.10.0.10,,,443,49235,0,1358,17
1587481539.585033,10.10.0.10,74.125.110.42,,,49235,443,0,44,17
1587481539.5851462,10.10.0.10,173.194.182.102,,,41888,443,0,37,17
1587481539.6194954,173.194.182.102,10.10.0.10,,,443,41888,0,1358,17
1587481539.656592,173.194.182.102,10.10.0.10,,,443,41888,0,1358,17
1587481539.6610668,10.10.0.10,173.194.182.102,,,41888,443,0,37,17
1587481539.693738,173.194.182.102,10.10.0.10,,,443,41888,0,1358,17
1587481539.6955962,10.10.0.10,173.194.182.102,,,41888,443,0,37,17
1587481539.730808,74.125.110.42,10.10.0.10,,,443,49235,0,1358,17
1587481539.732671,10.10.0.10,74.125.110.42,,,49235,443,0,44,17
1587481539.7679868,173.194.182.102,10.10.0.10,,,443,41888,0,1358,17
1587481539.80785,173.194.182.102,10.10.0.10,,,443,41888,0,1358,17
1587481539.8106186,10.10.0.10,173.194.182.102,,,41888,443,0,37,17
1587481539.844973,173.194.182.102,10.10.0.10,,,443,41888,0,1358,17
1587481539.882046,173.194.182.102,10.10.0.10,,,443,41888,0,1358,17
1587481539.8837662,10.10.0.10,173.194.182.102,,,41888,443,0,37,17
1587481539.919207,74.125.110.42,10.10.0.10,,,443,49235,0,1358,17
1587481539.9213018,10.10.0.10,74.125.110.42,,,49235,443,0,44,17
1587481539.956324,173.194.182.102,10.10.0.10,,,443,41888,0,1358,17
1587481539.993447,173.194.182.102,10.10.0.10,,,443,41888,0,1358,17
1587481539.995322,10.10.0.10,173.194.182.102,,,41888,443,0,37,17
1587481540.030567,173.194.182.102,10.10.0.10,,,443,41888,0,1358,17
1587481540.0676868,74.125.110.42,10.10.0.10,,,443,49235,0,1358,17
1587481540.069491,10.10.0.10,74.125.110.42,,,49235,443,0,44,17
1587481540.069565,10.10.0.10,173.194.182.102,,,41888,443,0,37,17
1587481540.104809,173.194.182.102,10.10.0.10,,,443,41888,0,1358,17
1587481540.1419392,173.194.182.102,10.10.0.10,,,443,41888,0,1358,17
1587481540.143701,10.10.0.10,173.194.182.102,,,41888,443,0,37,17
1587481540.1790018,173.194.182.102,10.10.0.10,,,443,41888,0,1358,17
1587481540.216115,74.125.110.42,10.10.0.10,,,443,49235,0,1358,17
1587481540.217952,10.10.0.10,173.194.182.102,,,41888,443,0,37,17
1587481540.2532294,173.194.182.102,10.10.0.10,,,443,41888,0,1358,17
1587481540.268441,10.10.0.10,74.125.110.42,,,49235,443,0,44,17
1587481540.290334,173.194.182.102,10.10.0.10,,,443,41888,0,1358,17
1587481540.292071,10.10.0.10,173.194.182.102,,,41888,443,0,50,17
1587481540.3275206,173.194.182.102,10.10.0.10,,,443,41888,0,1358,17
1587481540.3646526,74.125.110.42,10.10.0.10,,,443,49235,0,1358,17
1587481540.366408,10.10.0.10,173.194.182.102,,,41888,443,0,37,17
1587481540.401741,173.194.182.102,10.10.0.10,,,443,41888,0,1358,17
1587481540.403601,10.10.0.10,74.125.110.42,,,49235,443,0,44,17
1587481540.438893,173.194.182.102,10.10.0.10,,,443,41888,0,1358,17
1587481540.4407392,10.10.0.10,173.194.182.102,,,41888,443,0,37,17
1587481540.4760108,74.125.110.42,10.10.0.10,,,443,49235,0,1358,17
1587481540.513061,173.194.182.102,10.10.0.10,,,443,41888,0,1358,17
1587481540.515366,10.10.0.10,173.194.182.102,,,41888,443,0,40,17
1587481540.51597,10.10.0.10,74.125.110.42,,,49235,443,0,44,17
1587481540.550257,173.194.182.102,10.10.0.10,,,443,41888,0,1358,17
1587481540.5873759,173.194.182.102,10.10.0.10,,,443,41888,0,1358,17
1587481540.616982,10.10.0.10,173.194.182.102,,,41888,443,0,40,17
1587481540.6173902,10.10.0.10,173.194.182.102,,,41888,443,0,40,17
1587481540.6244972,74.125.110.42,10.10.0.10,,,443,49235,0,1358,17
1587481540.661607,173.194.182.102,10.10.0.10,,,443,41888,0,1358,17
1587481540.664025,10.10.0.10,173.194.182.102,,,41888,443,0,40,17
1587481540.6647172,10.10.0.10,74.125.110.42,,,49235,443,0,44,17
1587481540.6987262,74.125.110.42,10.10.0.10,,,443,49235,0,1358,17
1587481540.735846,74.125.110.42,10.10.0.10,,,443,49235,0,1358,17
1587481540.7376294,10.10.0.10,74.125.110.42,,,49235,443,0,44,17
1587481540.772967,74.125.110.42,10.10.0.10,,,443,49235,0,1358,17
1587481540.8100688,74.125.110.42,10.10.0.10,,,443,49235,0,1358,17
1587481540.813446,10.10.0.10,74.125.110.42,,,49235,443,0,44,17
1587481540.847206,173.194.182.102,10.10.0.10,,,443,41888,0,1358,17
1587481540.878319,10.10.0.10,173.194.182.102,,,41888,443,0,40,17
1587481540.8843234,173.194.182.102,10.10.0.10,,,443,41888,0,1358,17
1587481540.921386,74.125.110.42,10.10.0.10,,,443,49235,0,1358,17
1587481540.9234571,10.10.0.10,173.194.182.102,,,41888,443,0,40,17
1587481540.9585626,173.194.182.102,10.10.0.10,,,443,41888,0,1358,17
1587481540.960669,10.10.0.10,74.125.110.42,,,49235,443,0,44,17
1587481540.995643,173.194.182.102,10.10.0.10,,,443,41888,0,1358,17
1587481540.998944,10.10.0.10,173.194.182.102,,,41888,443,0,40,17
1587481541.032807,173.194.182.102,10.10.0.10,,,443,41888,0,1358,17
1587481541.069927,74.125.110.42,10.10.0.10,,,443,49235,0,1358,17
1587481541.072232,10.10.0.10,173.194.182.102,,,41888,443,0,40,17
1587481541.107047,173.194.182.102,10.10.0.10,,,443,41888,0,1358,17
1587481541.108886,10.10.0.10,74.125.110.42,,,49235,443,0,44,17
1587481541.1441252,173.194.182.102,10.10.0.10,,,443,41888,0,1358,17
1587481541.145432,10.10.0.10,173.194.182.102,,,41888,443,0,40,17
1587481541.181273,173.194.182.102,10.10.0.10,,,443,41888,0,1358,17
1587481541.2184,173.194.182.102,10.10.0.10,,,443,41888,0,1358,17
1587481541.2280624,10.10.0.10,173.194.182.102,,,41888,443,0,40,17
1587481541.242199,10.10.0.10,173.194.182.102,,,41888,443,0,40,17
1587481541.255457,74.125.110.42,10.10.0.10,,,443,49235,0,1358,17
1587481541.2925801,173.194.182.102,10.10.0.10,,,443,41888,0,1358,17
1587481541.2946525,10.10.0.10,74.125.110.42,,,49235,443,0,44,17
1587481541.329735,173.194.182.102,10.10.0.10,,,443,41888,0,1358,17
1587481541.3317301,10.10.0.10,173.194.182.102,,,41888,443,0,40,17
1587481541.366886,173.194.182.102,10.10.0.10,,,443,41888,0,1358,17
1587481541.4040089,74.125.110.42,10.10.0.10,,,443,49235,0,1358,17
1587481541.407064,10.10.0.10,173.194.182.102,,,41888,443,0,40,17
1587481541.441132,173.194.182.102,10.10.0.10,,,443,41888,0,1358,17
1587481541.443376,10.10.0.10,74.125.110.42,,,49235,443,0,44,17
1587481541.4782526,173.194.182.102,10.10.0.10,,,443,41888,0,1358,17
1587481541.517128,173.194.182.102,10.10.0.10,,,443,41888,0,1358,17
1587481541.5489225,10.10.0.10,173.194.182.102,,,41888,443,0,40,17
1587481541.552093,10.10.0.10,173.194.182.102,,,41888,443,0,40,17
1587481541.5542474,74.125.110.42,10.10.0.10,,,443,49235,0,1358,17
1587481541.591369,173.194.182.102,10.10.0.10,,,443,41888,0,1358,17
1587481541.593358,10.10.0.10,74.125.110.42,,,49235,443,0,44,17
1587481541.628493,173.194.182.102,10.10.0.10,,,443,41888,0,1358,17
1587481541.665616,173.194.182.102,10.10.0.10,,,443,41888,0,1358,17
1587481541.6854508,10.10.0.10,173.194.182.102,,,41888,443,0,40,17
1587481541.6874669,10.10.0.10,173.194.182.102,,,41888,443,0,40,17
1587481541.702732,74.125.110.42,10.10.0.10,,,443,49235,0,1358,17
1587481541.739813,173.194.182.102,10.10.0.10,,,443,41888,0,1358,17
1587481541.7769475,173.194.182.102,10.10.0.10,,,443,41888,0,1358,17
1587481541.8140962,173.194.182.102,10.10.0.10,,,443,41888,0,1358,17
1587481541.8512142,74.125.110.42,10.10.0.10,,,443,49235,0,1358,17
1587481541.8882911,173.194.182.102,10.10.0.10,,,443,41888,0,1358,17
1587481541.9254448,173.194.182.102,10.10.0.10,,,443,41888,0,1358,17
1587481541.930562,10.10.0.10,74.125.110.42,,,49235,443,0,44,17
1587481541.9625628,173.194.182.102,10.10.0.10,,,443,41888,0,1358,17
1587481541.9996538,74.125.110.42,10.10.0.10,,,443,49235,0,1358,17
1587481542.036807,74.125.110.42,10.10.0.10,,,443,49235,0,1358,17
1587481542.0739279,74.125.110.42,10.10.0.10,,,443,49235,0,1358,17
1587481542.11105,173.194.182.102,10.10.0.10,,,443,41888,0,1358,17
1587481542.148134,74.125.110.42,10.10.0.10,,,443,49235,0,1358,17
1587481542.185252,173.194.182.102,10.10.0.10,,,443,41888,0,1358,17
1587481542.2223618,74.125.110.42,10.10.0.10,,,443,49235,0,1358,17
1587481542.259525,74.125.110.42,10.10.0.10,,,443,49235,0,1358,17
1587481542.296617,173.194.182.102,10.10.0.10,,,443,41888,0,1358,17
1587481542.3337688,173.194.182.102,10.10.0.10,,,443,41888,0,1358,17
1587481542.3708658,74.125.110.42,10.10.0.10,,,443,49235,0,1358,17
1587481542.407973,173.194.182.102,10.10.0.10,,,443,41888,0,1358,17
1587481542.4451342,74.125.110.42,10.10.0.10,,,443,49235,0,1358,17
1587481542.482256,74.125.110.42,10.10.0.10,,,443,49235,0,1358,17
1587481542.5193741,173.194.182.102,10.10.0.10,,,443,41888,0,1358,17
1587481542.5564964,74.125.110.42,10.10.0.10,,,443,49235,0,1358,17
1587481542.593616,173.194.182.102,10.10.0.10,,,443,41888,0,1358,17
1587481542.630733,173.194.182.102,10.10.0.10,,,443,41888,0,1358,17
1587481542.6678536,173.194.182.102,10.10.0.10,,,443,41888,0,1358,17
1587481542.7049725,74.125.110.42,10.10.0.10,,,443,49235,0,1358,17
1587481542.7420974,173.194.182.102,10.10.0.10,,,443,41888,0,1358,17
1587481542.779217,173.194.182.102,10.10.0.10,,,443,41888,0,1358,17
1587481542.8163269,74.125.110.42,10.10.0.10,,,443,49235,0,1358,17
1587481542.8534482,173.194.182.102,10.10.0.10,,,443,41888,0,1358,17
1587481542.882254,10.10.0.10,173.194.182.102,,,41888,443,0,53,17
1587481542.889745,10.10.0.10,173.194.182.102,,,41888,443,0,40,17
1587481542.890527,74.125.110.42,10.10.0.10,,,443,49235,0,1358,17
1587481542.8937464,10.10.0.10,173.194.182.102,,,41888,443,0,40,17
1587481542.89608,10.10.0.10,74.125.110.42,,,49235,443,0,57,17
1587481542.898222,10.10.0.10,74.125.110.42,,,49235,443,0,44,17
1587481542.9003901,10.10.0.10,173.194.182.102,,,41888,443,0,40,17
1587481542.9031699,10.10.0.10,74.125.110.42,,,49235,443,0,46,17
1587481542.9043078,10.10.0.10,74.125.110.42,,,49235,443,0,46,17
1587481542.906185,10.10.0.10,74.125.110.42,,,49235,443,0,46,17
1587481542.9062452,10.10.0.10,173.194.182.102,,,41888,443,0,40,17
1587481542.907872,10.10.0.10,74.125.110.42,,,49235,443,0,46,17
1587481542.908082,10.10.0.10,173.194.182.102,,,41888,443,0,40,17
1587481542.909976,10.10.0.10,74.125.110.42,,,49235,443,0,46,17
1587481542.9117308,10.10.0.10,173.194.182.102,,,41888,443,0,40,17
1587481542.913382,10.10.0.10,173.194.182.102,,,41888,443,0,40,17
1587481542.913441,10.10.0.10,74.125.110.42,,,49235,443,0,46,17
1587481542.917048,10.10.0.10,173.194.182.102,,,41888,443,0,40,17
1587481542.9193478,10.10.0.10,74.125.110.42,,,49235,443,0,46,17
1587481542.927687,74.125.110.42,10.10.0.10,,,443,49235,0,1358,17
1587481542.964803,74.125.110.42,10.10.0.10,,,443,49235,0,1358,17
1587481542.966577,10.10.0.10,74.125.110.42,,,49235,443,0,46,17
1587481542.966811,10.10.0.10,173.194.182.102,,,41888,443,0,40,17
1587481543.0018866,173.194.182.102,10.10.0.10,,,443,41888,0,1358,17
1587481543.039044,173.194.182.102,10.10.0.10,,,443,41888,0,1358,17
1587481543.041098,10.10.0.10,173.194.182.102,,,41888,443,0,40,17
1587481543.0761619,74.125.110.42,10.10.0.10,,,443,49235,0,1358,17
1587481543.113283,173.194.182.102,10.10.0.10,,,443,41888,0,1358,17
1587481543.1154964,10.10.0.10,74.125.110.42,,,49235,443,0,46,17
1587481543.150407,74.125.110.42,10.10.0.10,,,443,49235,0,1358,17
1587481543.153217,10.10.0.10,173.194.182.102,,,41888,443,0,40,17
1587481543.187474,74.125.110.42,10.10.0.10,,,443,49235,0,1358,17
1587481543.189263,10.10.0.10,74.125.110.42,,,49235,443,0,46,17
1587481543.2246408,173.194.182.102,10.10.0.10,,,443,41888,0,1358,17
1587481543.2616956,173.194.182.102,10.10.0.10,,,443,41888,0,1358,17
1587481543.2634456,10.10.0.10,173.194.182.102,,,41888,443,0,40,17
1587481543.298817,173.194.182.102,10.10.0.10,,,443,41888,0,1358,17
1587481543.3360052,74.125.110.42,10.10.0.10,,,443,49235,0,1358,17
1587481543.373125,74.125.110.42,10.10.0.10,,,443,49235,0,1358,17
1587481543.400073,10.10.0.10,74.125.110.42,,,49235,443,0,46,17
1587481543.410254,74.125.110.42,10.10.0.10,,,443,49235,0,1358,17
1587481543.447376,74.125.110.42,10.10.0.10,,,443,49235,0,1358,17
1587481543.449393,10.10.0.10,74.125.110.42,,,49235,443,0,46,17
1587481543.4496481,10.10.0.10,173.194.182.102,,,41888,443,0,40,17
1587481543.484493,74.125.110.42,10.10.0.10,,,443,49235,0,1358,17
1587481543.521607,74.125.110.42,10.10.0.10,,,443,49235,0,1358,17
1587481543.523259,10.10.0.10,74.125.110.42,,,49235,443,0,46,17
1587481543.558728,74.125.110.42,10.10.0.10,,,443,49235,0,1358,17
1587481543.595848,74.125.110.42,10.10.0.10,,,443,49235,0,1358,17
1587481543.597944,10.10.0.10,74.125.110.42,,,49235,443,0,46,17
1587481543.632966,74.125.110.42,10.10.0.10,,,443,49235,0,1358,17
1587481543.6700866,74.125.110.42,10.10.0.10,,,443,49235,0,1358,17
1587481543.6718829,10.10.0.10,74.125.110.42,,,49235,443,0,46,17
1587481543.707203,74.125.110.42,10.10.0.10,,,443,49235,0,1358,17
1587481543.7370362,10.10.0.10,74.125.110.42,,,49235,443,0,46,17
1587481543.744327,74.125.110.42,10.10.0.10,,,443,49235,0,1358,17
1587481543.781442,74.125.110.42,10.10.0.10,,,443,49235,0,1358,17
1587481543.7831712,10.10.0.10,74.125.110.42,,,49235,443,0,46,17
1587481543.818568,173.194.182.102,10.10.0.10,,,443,41888,0,1358,17
1587481543.8556864,173.194.182.102,10.10.0.10,,,443,41888,0,1358,17
1587481543.863216,10.10.0.10,173.194.182.102,,,41888,443,0,37,17
1587481543.892804,74.125.110.42,10.10.0.10,,,443,49235,0,1358,17
1587481543.9299269,173.194.182.102,10.10.0.10,,,443,41888,0,1358,17
1587481543.932056,10.10.0.10,74.125.110.42,,,49235,443,0,40,17
1587481543.9670439,173.194.182.102,10.10.0.10,,,443,41888,0,1358,17
1587481543.9689958,10.10.0.10,173.194.182.102,,,41888,443,0,37,17
1587481544.0041628,173.194.182.102,10.10.0.10,,,443,41888,0,1358,17
1587481544.041287,173.194.182.102,10.10.0.10,,,443,41888,0,1358,17
1587481544.0430286,10.10.0.10,173.194.182.102,,,41888,443,0,37,17
1587481544.078403,173.194.182.102,10.10.0.10,,,443,41888,0,1358,17
1587481544.1155276,74.125.110.42,10.10.0.10,,,443,49235,0,1358,17
1587481544.1178641,10.10.0.10,173.194.182.102,,,41888,443,0,37,17
1587481544.152648,173.194.182.102,10.10.0.10,,,443,41888,0,1358,17
1587481544.1565518,10.10.0.10,74.125.110.42,,,49235,443,0,53,17
1587481544.1897318,173.194.182.102,10.10.0.10,,,443,41888,0,1358,17
1587481544.1925411,10.10.0.10,173.194.182.102,,,41888,443,0,37,17
1587481544.226871,173.194.182.102,10.10.0.10,,,443,41888,0,1358,17
1587481544.2639651,173.194.182.102,10.10.0.10,,,443,41888,0,1358,17
1587481544.266309,10.10.0.10,173.194.182.102,,,41888,443,0,37,17
1587481544.301066,173.194.182.102,10.10.0.10,,,443,41888,0,1358,17
1587481544.3382418,74.125.110.42,10.10.0.10,,,443,49235,0,1358,17
1587481544.3403912,10.10.0.10,173.194.182.102,,,41888,443,0,50,17
1587481544.3753376,173.194.182.102,10.10.0.10,,,443,41888,0,1358,17
1587481544.3779778,10.10.0.10,74.125.110.42,,,49235,443,0,40,17
1587481544.4124851,173.194.182.102,10.10.0.10,,,443,41888,0,1358,17
1587481544.414291,10.10.0.10,173.194.182.102,,,41888,443,0,37,17
1587481544.4496052,173.194.182.102,10.10.0.10,,,443,41888,0,1358,17
1587481544.486725,173.194.182.102,10.10.0.10,,,443,41888,0,1358,17
1587481544.4886036,10.10.0.10,173.194.182.102,,,41888,443,0,37,17
1587481544.523847,173.194.182.102,10.10.0.10,,,443,41888,0,1358,17
1587481544.560968,173.194.182.102,10.10.0.10,,,443,41888,0,1358,17
1587481544.5626981,10.10.0.10,173.194.182.102,,,41888,443,0,37,17
1587481544.598088,74.125.110.42,10.10.0.10,,,443,49235,0,1358,17
1587481544.635215,173.194.182.102,10.10.0.10,,,443,41888,0,1358,17
1587481544.6373012,10.10.0.10,74.125.110.42,,,49235,443,0,40,17
1587481544.672333,173.194.182.102,10.10.0.10,,,443,41888,0,1358,17
1587481544.675407,10.10.0.10,173.194.182.102,,,41888,443,0,37,17
1587481544.709449,173.194.182.102,10.10.0.10,,,443,41888,0,1358,17
1587481544.7465732,173.194.182.102,10.10.0.10,,,443,41888,0,1358,17
1587481544.748468,10.10.0.10,173.194.182.102,,,41888,443,0,37,17
1587481544.783693,74.125.110.42,10.10.0.10,,,443,49235,0,1358,17
1587481544.8208108,74.125.110.42,10.10.0.10,,,443,49235,0,1358,17
1587481544.8239422,10.10.0.10,74.125.110.42,,,49235,443,0,40,17
1587481544.857933,173.194.182.102,10.10.0.10,,,443,41888,0,1358,17
1587481544.8950212,173.194.182.102,10.10.0.10,,,443,41888,0,1358,17
1587481544.896698,10.10.0.10,173.194.182.102,,,41888,443,0,37,17
1587481544.932106,74.125.110.42,10.10.0.10,,,443,49235,0,1358,17
1587481544.968055,10.10.0.10,74.125.110.42,,,49235,443,0,40,17
1587481544.969296,74.125.110.42,10.10.0.10,,,443,49235,0,1358,17
1587481545.006416,74.125.110.42,10.10.0.10,,,443,49235,0,1358,17
1587481545.009681,10.10.0.10,74.125.110.42,,,49235,443,0,40,17
1587481545.043535,173.194.182.102,10.10.0.10,,,443,41888,0,1358,17
1587481545.0806088,74.125.110.42,10.10.0.10,,,443,49235,0,1358,17
1587481545.0824668,10.10.0.10,173.194.182.102,,,41888,443,0,37,17
1587481545.1163561,10.10.0.10,74.125.110.42,,,49235,443,0,40,17
1587481545.117754,74.125.110.42,10.10.0.10,,,443,49235,0,1358,17
1587481545.15488,74.125.110.42,10.10.0.10,,,443,49235,0,1358,17
1587481545.1568859,10.10.0.10,74.125.110.42,,,49235,443,0,40,17
1587481545.1919892,74.125.110.42,10.10.0.10,,,443,49235,0,1358,17
1587481545.2290866,74.125.110.42,10.10.0.10,,,443,49235,0,1358,17
1587481545.230766,10.10.0.10,74.125.110.42,,,49235,443,0,40,17
1587481545.2662358,74.125.110.42,10.10.0.10,,,443,49235,0,1358,17
1587481545.3033226,74.125.110.42,10.10.0.10,,,443,49235,0,1358,17
1587481545.305016,10.10.0.10,74.125.110.42,,,49235,443,0,40,17
1587481545.3404784,74.125.110.42,10.10.0.10,,,443,49235,0,1358,17
1587481545.377601,173.194.182.102,10.10.0.10,,,443,41888,0,1358,17
1587481545.3938,10.10.0.10,74.125.110.42,,,49235,443,0,40,17
1587481545.407998,10.10.0.10,173.194.182.102,,,41888,443,0,37,17
1587481545.4147322,173.194.182.102,10.10.0.10,,,443,41888,0,1358,17
1587481545.451851,74.125.110.42,10.10.0.10,,,443,49235,0,1358,17
1587481545.4538329,10.10.0.10,173.194.182.102,,,41888,443,0,37,17
1587481545.488951,173.194.182.102,10.10.0.10,,,443,41888,0,1358,17
1587481545.4914212,10.10.0.10,74.125.110.42,,,49235,443,0,40,17
1587481545.5260909,173.194.182.102,10.10.0.10,,,443,41888,0,1358,17
1587481545.5279384,10.10.0.10,173.194.182.102,,,41888,443,0,37,17
1587481545.563209,173.194.182.102,10.10.0.10,,,443,41888,0,1358,17
1587481545.6003304,74.125.110.42,10.10.0.10,,,443,49235,0,1358,17
1587481545.6022372,10.10.0.10,74.125.110.42,,,49235,443,0,42,17
1587481545.602564,10.10.0.10,173.194.182.102,,,41888,443,0,37,17
1587481545.637451,173.194.182.102,10.10.0.10,,,443,41888,0,1358,17
1587481545.674575,74.125.110.42,10.10.0.10,,,443,49235,0,1358,17
1587481545.676903,10.10.0.10,74.125.110.42,,,49235,443,0,42,17
1587481545.677696,10.10.0.10,173.194.182.102,,,41888,443,0,37,17
1587481545.711691,173.194.182.102,10.10.0.10,,,443,41888,0,1358,17
1587481545.748769,74.125.110.42,10.10.0.10,,,443,49235,0,29,17
1587481545.750492,173.194.182.102,10.10.0.10,,,443,41888,0,1358,17
1587481545.785987,10.10.0.10,173.194.182.102,,,41888,443,0,37,17
1587481545.787614,173.194.182.102,10.10.0.10,,,443,41888,0,1358,17
1587481545.824734,74.125.110.42,10.10.0.10,,,443,49235,0,1358,17
1587481545.861848,74.125.110.42,10.10.0.10,,,443,49235,0,1358,17
1587481545.898906,173.194.182.102,10.10.0.10,,,443,41888,0,1358,17
1587481545.9360864,173.194.182.102,10.10.0.10,,,443,41888,0,1358,17
1587481545.973205,74.125.110.42,10.10.0.10,,,443,49235,0,1358,17
1587481546.010326,173.194.182.102,10.10.0.10,,,443,41888,0,1358,17
1587481546.026751,10.10.0.10,173.194.182.102,,,41888,443,0,37,17
1587481546.047447,74.125.110.42,10.10.0.10,,,443,49235,0,1358,17
1587481546.084567,173.194.182.102,10.10.0.10,,,443,41888,0,1358,17
1587481546.121686,74.125.110.42,10.10.0.10,,,443,49235,0,1358,17
1587481546.1587412,173.194.182.102,10.10.0.10,,,443,41888,0,1358,17
1587481546.1959221,74.125.110.42,10.10.0.10,,,443,49235,0,1358,17
1587481546.233042,173.194.182.102,10.10.0.10,,,443,41888,0,1358,17
1587481546.2701619,173.194.182.102,10.10.0.10,,,443,41888,0,1358,17
1587481546.3072338,74.125.110.42,10.10.0.10,,,443,49235,0,1358,17
1587481546.344395,173.194.182.102,10.10.0.10,,,443,41888,0,1358,17
1587481546.3815162,173.194.182.102,10.10.0.10,,,443,41888,0,1358,17
1587481546.418639,74.125.110.42,10.10.0.10,,,443,49235,0,1358,17
1587481546.4557679,74.125.110.42,10.10.0.10,,,443,49235,0,1358,17
1587481546.492884,173.194.182.102,10.10.0.10,,,443,41888,0,1358,17
1587481546.5300052,74.125.110.42,10.10.0.10,,,443,49235,0,1358,17
1587481546.567125,173.194.182.102,10.10.0.10,,,443,41888,0,1358,17
1587481546.6042454,74.125.110.42,10.10.0.10,,,443,49235,0,1358,17
1587481546.626831,10.10.0.10,173.194.182.102,,,41888,443,0,43,17
1587481546.641378,173.194.182.102,10.10.0.10,,,443,41888,0,1358,17
1587481546.6784961,173.194.182.102,10.10.0.10,,,443,41888,0,1358,17
1587481546.7155962,74.125.110.42,10.10.0.10,,,443,49235,0,1358,17
1587481546.7527368,74.125.110.42,10.10.0.10,,,443,49235,0,1358,17
1587481546.789855,173.194.182.102,10.10.0.10,,,443,41888,0,1358,17
1587481546.8135214,10.10.0.10,74.125.110.42,,,49235,443,0,42,17
1587481546.8141284,10.10.0.10,74.125.110.42,,,49235,443,0,42,17
1587481546.815134,10.10.0.10,173.194.182.102,,,41888,443,0,37,17
1587481546.817528,10.10.0.10,74.125.110.42,,,49235,443,0,42,17
1587481546.819199,10.10.0.10,173.194.182.102,,,41888,443,0,37,17
1587481546.819782,10.10.0.10,74.125.110.42,,,49235,443,0,42,17
1587481546.821913,10.10.0.10,173.194.182.102,,,41888,443,0,37,17
1587481546.82329,10.10.0.10,74.125.110.42,,,49235,443,0,42,17
1587481546.823879,10.10.0.10,173.194.182.102,,,41888,443,0,37,17
1587481546.826965,74.125.110.42,10.10.0.10,,,443,49235,0,1358,17
1587481546.8640974,173.194.182.102,10.10.0.10,,,443,41888,0,1358,17
1587481546.902336,74.125.110.42,10.10.0.10,,,443,49235,0,1358,17
1587481546.9234538,10.10.0.10,74.125.110.42,,,49235,443,0,42,17
1587481546.923523,10.10.0.10,173.194.182.102,,,41888,443,0,37,17
1587481546.9285412,10.10.0.10,173.194.182.102,,,41888,443,0,37,17
1587481546.928635,10.10.0.10,74.125.110.42,,,49235,443,0,55,17
1587481546.930652,10.10.0.10,173.194.182.102,,,41888,443,0,37,17
1587481546.9315698,10.10.0.10,74.125.110.42,,,49235,443,0,42,17
1587481546.9316454,10.10.0.10,173.194.182.102,,,41888,443,0,37,17
1587481546.932815,10.10.0.10,74.125.110.42,,,49235,443,0,42,17
1587481546.9394526,74.125.110.42,10.10.0.10,,,443,49235,0,1358,17
1587481546.976511,74.125.110.42,10.10.0.10,,,443,49235,0,1358,17
1587481547.013692,173.194.182.102,10.10.0.10,,,443,41888,0,1358,17
1587481547.0444589,10.10.0.10,74.125.110.42,,,49235,443,0,42,17
1587481547.0508122,74.125.110.42,10.10.0.10,,,443,49235,0,1358,17
1587481547.052578,10.10.0.10,74.125.110.42,,,49235,443,0,42,17
1587481547.0879624,74.125.110.42,10.10.0.10,,,443,49235,0,1358,17
1587481547.1150222,10.10.0.10,173.194.182.102,,,41888,443,0,37,17
1587481547.126774,173.194.182.102,10.10.0.10,,,443,41888,0,1358,17
1587481547.1639268,173.194.182.102,10.10.0.10,,,443,41888,0,1358,17
1587481547.165173,10.10.0.10,74.125.110.42,,,49235,443,0,42,17
1587481547.165391,10.10.0.10,173.194.182.102,,,41888,443,0,37,17
1587481547.2010288,173.194.182.102,10.10.0.10,,,443,41888,0,1358,17
1587481547.2028134,10.10.0.10,173.194.182.102,,,41888,443,0,37,17
1587481547.238154,173.194.182.102,10.10.0.10,,,443,41888,0,1358,17
1587481547.275249,173.194.182.102,10.10.0.10,,,443,41888,0,1358,17
1587481547.2767632,10.10.0.10,173.194.182.102,,,41888,443,0,37,17
1587481547.312346,173.194.182.102,10.10.0.10,,,443,41888,0,1358,17
1587481547.349513,173.194.182.102,10.10.0.10,,,443,41888,0,1358,17
1587481547.351985,10.10.0.10,173.194.182.102,,,41888,443,0,37,17
1587481547.386642,173.194.182.102,10.10.0.10,,,443,41888,0,1358,17
1587481547.424838,173.194.182.102,10.10.0.10,,,443,41888,0,1358,17
1587481547.427553,10.10.0.10,173.194.182.102,,,41888,443,0,37,17
1587481547.4619381,173.194.182.102,10.10.0.10,,,443,41888,0,29,17
1587481547.463685,173.194.182.102,10.10.0.10,,,443,41888,0,1358,17
1587481547.500807,173.194.182.102,10.10.0.10,,,443,41888,0,1358,17
1587481547.503008,10.10.0.10,173.194.182.102,,,41888,443,0,37,17
1587481547.537925,173.194.182.102,10.10.0.10,,,443,41888,0,1358,17
1587481547.575056,173.194.182.102,10.10.0.10,,,443,41888,0,1358,17
1587481547.5767858,10.10.0.10,173.194.182.102,,,41888,443,0,37,17
1587481547.61211,173.194.182.102,10.10.0.10,,,443,41888,0,1358,17
1587481547.6492922,173.194.182.102,10.10.0.10,,,443,41888,0,1358,17
1587481547.651058,10.10.0.10,173.194.182.102,,,41888,443,0,37,17
1587481547.690865,173.194.182.102,10.10.0.10,,,443,41888,0,1358,17
1587481547.7279718,173.194.182.102,10.10.0.10,,,443,41888,0,1358,17
1587481547.729767,10.10.0.10,173.194.182.102,,,41888,443,0,37,17
1587481547.765109,173.194.182.102,10.10.0.10,,,443,41888,0,1358,17
1587481547.8021991,173.194.182.102,10.10.0.10,,,443,41888,0,1358,17
1587481547.8040578,10.10.0.10,173.194.182.102,,,41888,443,0,37,17
1587481547.839349,173.194.182.102,10.10.0.10,,,443,41888,0,1358,17
1587481547.876467,173.194.182.102,10.10.0.10,,,443,41888,0,1358,17
1587481547.8783398,10.10.0.10,173.194.182.102,,,41888,443,0,50,17
1587481547.9135401,173.194.182.102,10.10.0.10,,,443,41888,0,1358,17
1587481547.9507,173.194.182.102,10.10.0.10,,,443,41888,0,1358,17
1587481547.9524062,10.10.0.10,173.194.182.102,,,41888,443,0,37,17
1587481547.987816,173.194.182.102,10.10.0.10,,,443,41888,0,1358,17
1587481548.0249405,74.125.110.42,10.10.0.10,,,443,49235,0,1358,17
1587481548.026819,10.10.0.10,74.125.110.42,,,49235,443,0,44,17
1587481548.0269492,10.10.0.10,173.194.182.102,,,41888,443,0,37,17
1587481548.0620358,74.125.110.42,10.10.0.10,,,443,49235,0,1358,17
1587481548.066359,10.10.0.10,74.125.110.42,,,49235,443,0,44,17
1587481548.0991802,173.194.182.102,10.10.0.10,,,443,41888,0,1358,17
1587481548.136301,74.125.110.42,10.10.0.10,,,443,49235,0,1358,17
1587481548.138423,10.10.0.10,74.125.110.42,,,49235,443,0,44,17
1587481548.138654,10.10.0.10,173.194.182.102,,,41888,443,0,37,17
1587481548.173399,173.194.182.102,10.10.0.10,,,443,41888,0,1358,17
1587481548.209918,10.10.0.10,173.194.182.102,,,41888,443,0,37,17
1587481548.2104769,173.194.182.102,10.10.0.10,,,443,41888,0,1358,17
1587481548.252075,173.194.182.102,10.10.0.10,,,443,41888,0,1358,17
1587481548.2583902,10.10.0.10,173.194.182.102,,,41888,443,0,37,17
1587481548.2892249,173.194.182.102,10.10.0.10,,,443,41888,0,1358,17
1587481548.326348,173.194.182.102,10.10.0.10,,,443,41888,0,1358,17
1587481548.32835,10.10.0.10,173.194.182.102,,,41888,443,0,37,17
1587481548.3634536,173.194.182.102,10.10.0.10,,,443,41888,0,1358,17
1587481548.4005802,173.194.182.102,10.10.0.10,,,443,41888,0,1358,17
1587481548.4021242,10.10.0.10,173.194.182.102,,,41888,443,0,37,17
1587481548.437709,173.194.182.102,10.10.0.10,,,443,41888,0,1358,17
1587481548.4748292,173.194.182.102,10.10.0.10,,,443,41888,0,1358,17
1587481548.476725,10.10.0.10,173.194.182.102,,,41888,443,0,37,17
1587481548.511948,173.194.182.102,10.10.0.10,,,443,41888,0,1358,17
1587481548.5441024,10.10.0.10,173.194.182.102,,,41888,443,0,37,17
1587481548.5535214,173.194.182.102,10.10.0.10,,,443,41888,0,1358,17
1587481548.5906448,173.194.182.102,10.10.0.10,,,443,41888,0,1358,17
1587481548.5938973,10.10.0.10,173.194.182.102,,,41888,443,0,37,17
1587481548.627768,173.194.182.102,10.10.0.10,,,443,41888,0,1358,17
1587481548.664886,173.194.182.102,10.10.0.10,,,443,41888,0,1358,17
1587481548.667215,10.10.0.10,173.194.182.102,,,41888,443,0,37,17
1587481548.702009,173.194.182.102,10.10.0.10,,,443,41888,0,1358,17
1587481548.739073,173.194.182.102,10.10.0.10,,,443,41888,0,1358,17
1587481548.7409241,10.10.0.10,173.194.182.102,,,41888,443,0,37,17
1587481548.776256,173.194.182.102,10.10.0.10,,,443,41888,0,1358,17
1587481548.813375,173.194.182.102,10.10.0.10,,,443,41888,0,1358,17
1587481548.8152368,10.10.0.10,173.194.182.102,,,41888,443,0,37,17
1587481548.8504922,173.194.182.102,10.10.0.10,,,443,41888,0,1358,17
1587481548.8783422,10.10.0.10,173.194.182.102,,,41888,443,0,37,17
1587481548.887615,173.194.182.102,10.10.0.10,,,443,41888,0,1358,17
1587481548.9247308,173.194.182.102,10.10.0.10,,,443,41888,0,1358,17
1587481548.9266071,10.10.0.10,173.194.182.102,,,41888,443,0,37,17
1587481548.961847,173.194.182.102,10.10.0.10,,,443,41888,0,1358,17
1587481548.9989624,173.194.182.102,10.10.0.10,,,443,41888,0,1358,17
1587481549.001948,10.10.0.10,173.194.182.102,,,41888,443,0,37,17
1587481549.0360868,173.194.182.102,10.10.0.10,,,443,41888,0,1358,17
1587481549.0669231,10.10.0.10,173.194.182.102,,,41888,443,0,37,17
1587481549.07321,74.125.110.42,10.10.0.10,,,443,49235,0,1358,17
1587481549.074854,10.10.0.10,74.125.110.42,,,49235,443,0,46,17
1587481549.110325,74.125.110.42,10.10.0.10,,,443,49235,0,1358,17
1587481549.1120946,10.10.0.10,74.125.110.42,,,49235,443,0,46,17
1587481549.1474278,173.194.182.102,10.10.0.10,,,443,41888,0,1358,17
1587481549.18455,74.125.110.42,10.10.0.10,,,443,49235,0,1358,17
1587481549.186305,10.10.0.10,74.125.110.42,,,49235,443,0,46,17
1587481549.1865652,10.10.0.10,173.194.182.102,,,41888,443,0,37,17
1587481549.221671,74.125.110.42,10.10.0.10,,,443,49235,0,1351,17
1587481549.235776,10.10.0.10,74.125.110.42,,,49235,443,0,46,17
1587481549.2586062,173.194.182.102,10.10.0.10,,,443,41888,0,1358,17
1587481549.295727,74.125.110.42,10.10.0.10,,,443,49235,0,1358,17
1587481549.297599,10.10.0.10,173.194.182.102,,,41888,443,0,37,17
1587481549.3328452,173.194.182.102,10.10.0.10,,,443,41888,0,1358,17
1587481549.335058,10.10.0.10,74.125.110.42,,,49235,443,0,46,17
1587481549.3699718,173.194.182.102,10.10.0.10,,,443,41888,0,1358,17
1587481549.3721259,10.10.0.10,173.194.182.102,,,41888,443,0,50,17
1587481549.407073,173.194.182.102,10.10.0.10,,,443,41888,0,1358,17
1587481549.444217,173.194.182.102,10.10.0.10,,,443,41888,0,1358,17
1587481549.4460142,10.10.0.10,173.194.182.102,,,41888,443,0,37,17
1587481549.4813402,173.194.182.102,10.10.0.10,,,443,41888,0,1358,17
1587481549.5184588,173.194.182.102,10.10.0.10,,,443,41888,0,1358,17
1587481549.520326,10.10.0.10,173.194.182.102,,,41888,443,0,37,17
1587481549.555578,173.194.182.102,10.10.0.10,,,443,41888,0,1358,17
1587481549.592695,173.194.182.102,10.10.0.10,,,443,41888,0,1358,17
1587481549.594717,10.10.0.10,173.194.182.102,,,41888,443,0,37,17
1587481549.629819,173.194.182.102,10.10.0.10,,,443,41888,0,1358,17
1587481549.6669376,173.194.182.102,10.10.0.10,,,443,41888,0,986,17
1587481549.6692634,10.10.0.10,173.194.182.102,,,41888,443,0,37,17
1587481549.684794,10.10.0.10,173.194.182.102,,,41888,443,0,710,17
1587481549.685201,10.10.0.10,173.194.182.102,,,41888,443,0,48,17
1587481549.694135,74.125.110.42,10.10.0.10,,,443,49235,0,1358,17
1587481549.731266,74.125.110.42,10.10.0.10,,,443,49235,0,1358,17
1587481549.732977,10.10.0.10,74.125.110.42,,,49235,443,0,46,17
1587481549.768381,74.125.110.42,10.10.0.10,,,443,49235,0,1358,17
1587481549.805441,74.125.110.42,10.10.0.10,,,443,49235,0,1358,17
1587481549.842624,74.125.110.42,10.10.0.10,,,443,49235,0,1358,17
1587481549.877991,10.10.0.10,74.125.110.42,,,49235,443,0,46,17
1587481549.8797429,74.125.110.42,10.10.0.10,,,443,49235,0,1358,17
1587481549.898925,10.10.0.10,74.125.110.42,,,49235,443,0,46,17
1587481549.9168222,173.194.182.102,10.10.0.10,,,443,41888,0,29,17
1587481549.9185,74.125.110.42,10.10.0.10,,,443,49235,0,1358,17
1587481549.955655,173.194.182.102,10.10.0.10,,,443,41888,0,115,17
1587481549.95963,173.194.182.102,10.10.0.10,,,443,41888,0,1358,17
1587481549.996754,173.194.182.102,10.10.0.10,,,443,41888,0,1358,17
1587481550.033874,173.194.182.102,10.10.0.10,,,443,41888,0,1358,17
1587481550.070994,173.194.182.102,10.10.0.10,,,443,41888,0,1358,17
1587481550.108114,173.194.182.102,10.10.0.10,,,443,41888,0,1358,17
1587481550.121728,10.10.0.10,74.125.110.42,,,49235,443,0,46,17
1587481550.1452339,74.125.110.42,10.10.0.10,,,443,49235,0,1358,17
1587481550.182343,74.125.110.42,10.10.0.10,,,443,49235,0,1358,17
1587481550.219408,74.125.110.42,10.10.0.10,,,443,49235,0,1358,17
1587481550.256578,74.125.110.42,10.10.0.10,,,443,49235,0,1358,17
1587481550.2937038,74.125.110.42,10.10.0.10,,,443,49235,0,1358,17
1587481550.330821,74.125.110.42,10.10.0.10,,,443,49235,0,1358,17
1587481550.3679519,74.125.110.42,10.10.0.10,,,443,49235,0,1358,17
1587481550.405071,74.125.110.42,10.10.0.10,,,443,49235,0,1358,17
1587481550.4421961,74.125.110.42,10.10.0.10,,,443,49235,0,1358,17
1587481550.4793382,74.125.110.42,10.10.0.10,,,443,49235,0,1358,17
1587481550.5164418,74.125.110.42,10.10.0.10,,,443,49235,0,1358,17
1587481550.55356,74.125.110.42,10.10.0.10,,,443,49235,0,342,17
1587481550.833094,10.10.0.10,74.125.110.42,,,49235,443,0,43,17
1587481550.833152,10.10.0.10,74.125.110.42,,,49235,443,0,46,17
1587481550.8340125,10.10.0.10,173.194.182.102,,,41888,443,0,37,17
1587481550.8496964,173.194.182.102,10.10.0.10,,,443,41888,0,1358,17
1587481550.8624132,173.194.182.102,10.10.0.10,,,443,41888,0,1358,17
1587481550.881305,173.194.182.102,10.10.0.10,,,443,41888,0,1358,17
1587481550.911159,10.10.0.10,173.194.182.102,,,41888,443,0,37,17
1587481550.913529,10.10.0.10,173.194.182.102,,,41888,443,0,37,17
1587481550.916444,10.10.0.10,74.125.110.42,,,49235,443,0,46,17
1587481550.918463,74.125.110.42,10.10.0.10,,,443,49235,0,29,17
1587481550.919041,10.10.0.10,74.125.110.42,,,49235,443,0,46,17
1587481550.920046,10.10.0.10,74.125.110.42,,,49235,443,0,46,17
1587481550.9201136,173.194.182.102,10.10.0.10,,,443,41888,0,1358,17
1587481550.921104,10.10.0.10,74.125.110.42,,,49235,443,0,48,17
1587481550.9572678,173.194.182.102,10.10.0.10,,,443,41888,0,1358,17
1587481550.9943302,173.194.182.102,10.10.0.10,,,443,41888,0,1358,17
1587481550.995569,10.10.0.10,74.125.110.42,,,49235,443,0,48,17
1587481550.995614,10.10.0.10,74.125.110.42,,,49235,443,0,48,17
1587481550.9961011,10.10.0.10,74.125.110.42,,,49235,443,0,48,17
1587481550.9965134,10.10.0.10,173.194.182.102,,,41888,443,0,37,17
1587481550.99655,10.10.0.10,173.194.182.102,,,41888,443,0,37,17
1587481550.9966948,10.10.0.10,173.194.182.102,,,41888,443,0,37,17
1587481550.9968376,10.10.0.10,74.125.110.42,,,49235,443,0,40,17
1587481550.998466,10.10.0.10,173.194.182.102,,,41888,443,0,37,17
1587481551.0314758,173.194.182.102,10.10.0.10,,,443,41888,0,1358,17
1587481551.068624,173.194.182.102,10.10.0.10,,,443,41888,0,1358,17
1587481551.0704212,10.10.0.10,173.194.182.102,,,41888,443,0,37,17
1587481551.105743,173.194.182.102,10.10.0.10,,,443,41888,0,1358,17
1587481551.142821,173.194.182.102,10.10.0.10,,,443,41888,0,1358,17
1587481551.145387,10.10.0.10,173.194.182.102,,,41888,443,0,37,17
1587481551.179974,173.194.182.102,10.10.0.10,,,443,41888,0,1358,17
1587481551.217102,173.194.182.102,10.10.0.10,,,443,41888,0,1358,17
1587481551.2187731,10.10.0.10,173.194.182.102,,,41888,443,0,37,17
1587481551.254217,173.194.182.102,10.10.0.10,,,443,41888,0,1358,17
1587481551.2913342,173.194.182.102,10.10.0.10,,,443,41888,0,1358,17
1587481551.293047,10.10.0.10,173.194.182.102,,,41888,443,0,37,17
1587481551.328454,173.194.182.102,10.10.0.10,,,443,41888,0,1358,17
1587481551.365576,173.194.182.102,10.10.0.10,,,443,41888,0,1358,17
1587481551.367358,10.10.0.10,173.194.182.102,,,41888,443,0,37,17
1587481551.4026618,173.194.182.102,10.10.0.10,,,443,41888,0,1358,17
1587481551.439816,173.194.182.102,10.10.0.10,,,443,41888,0,1358,17
1587481551.4422624,10.10.0.10,173.194.182.102,,,41888,443,0,37,17
1587481551.476941,173.194.182.102,10.10.0.10,,,443,41888,0,1358,17
1587481551.5140624,173.194.182.102,10.10.0.10,,,443,41888,0,1358,17
1587481551.515878,10.10.0.10,173.194.182.102,,,41888,443,0,37,17
1587481551.551184,173.194.182.102,10.10.0.10,,,443,41888,0,1358,17
1587481551.588306,173.194.182.102,10.10.0.10,,,443,41888,0,1358,17
1587481551.591687,10.10.0.10,173.194.182.102,,,41888,443,0,37,17
1587481551.6254294,173.194.182.102,10.10.0.10,,,443,41888,0,1358,17
1587481551.66255,173.194.182.102,10.10.0.10,,,443,41888,0,1358,17
1587481551.6658418,10.10.0.10,173.194.182.102,,,41888,443,0,37,17
1587481551.699671,173.194.182.102,10.10.0.10,,,443,41888,0,1358,17
1587481551.736798,173.194.182.102,10.10.0.10,,,443,41888,0,1358,17
1587481551.738557,10.10.0.10,173.194.182.102,,,41888,443,0,37,17
1587481551.7739148,173.194.182.102,10.10.0.10,,,443,41888,0,1358,17
1587481551.811032,173.194.182.102,10.10.0.10,,,443,41888,0,1358,17
1587481551.812849,10.10.0.10,173.194.182.102,,,41888,443,0,37,17
1587481551.8481572,173.194.182.102,10.10.0.10,,,443,41888,0,1358,17
1587481551.885273,173.194.182.102,10.10.0.10,,,443,41888,0,1358,17
1587481551.8874302,10.10.0.10,173.194.182.102,,,41888,443,0,37,17
1587481551.9223511,173.194.182.102,10.10.0.10,,,443,41888,0,1358,17
1587481551.959478,173.194.182.102,10.10.0.10,,,443,41888,0,1358,17
1587481551.967151,10.10.0.10,173.194.182.102,,,41888,443,0,50,17
1587481551.9966278,173.194.182.102,10.10.0.10,,,443,41888,0,1358,17
1587481552.033712,173.194.182.102,10.10.0.10,,,443,41888,0,1358,17
1587481552.0354831,10.10.0.10,173.194.182.102,,,41888,443,0,37,17
1587481552.0708678,173.194.182.102,10.10.0.10,,,443,41888,0,1358,17
1587481552.1079528,173.194.182.102,10.10.0.10,,,443,41888,0,1358,17
1587481552.109935,10.10.0.10,173.194.182.102,,,41888,443,0,37,17
1587481552.145103,173.194.182.102,10.10.0.10,,,443,41888,0,1358,17
1587481552.1821814,173.194.182.102,10.10.0.10,,,443,41888,0,1358,17
1587481552.184273,10.10.0.10,173.194.182.102,,,41888,443,0,37,17
1587481552.219343,173.194.182.102,10.10.0.10,,,443,41888,0,1358,17
1587481552.2564669,173.194.182.102,10.10.0.10,,,443,41888,0,1358,17
1587481552.258483,10.10.0.10,173.194.182.102,,,41888,443,0,37,17
1587481552.293587,173.194.182.102,10.10.0.10,,,443,41888,0,1358,17
1587481552.3307102,173.194.182.102,10.10.0.10,,,443,41888,0,1358,17
1587481552.333649,10.10.0.10,173.194.182.102,,,41888,443,0,37,17
1587481552.3678381,173.194.182.102,10.10.0.10,,,443,41888,0,1358,17
1587481552.404884,173.194.182.102,10.10.0.10,,,443,41888,0,1358,17
1587481552.406634,10.10.0.10,173.194.182.102,,,41888,443,0,37,17
1587481552.4420679,173.194.182.102,10.10.0.10,,,443,41888,0,1358,17
1587481552.4791875,173.194.182.102,10.10.0.10,,,443,41888,0,1358,17
1587481552.481087,10.10.0.10,173.194.182.102,,,41888,443,0,37,17
1587481552.516305,173.194.182.102,10.10.0.10,,,443,41888,0,1358,17
1587481552.553428,173.194.182.102,10.10.0.10,,,443,41888,0,1358,17
1587481552.5555398,10.10.0.10,173.194.182.102,,,41888,443,0,37,17
1587481552.5905464,173.194.182.102,10.10.0.10,,,443,41888,0,1358,17
1587481552.6216762,10.10.0.10,173.194.182.102,,,41888,443,0,37,17
1587481552.627668,173.194.182.102,10.10.0.10,,,443,41888,0,1358,17
1587481552.664783,173.194.182.102,10.10.0.10,,,443,41888,0,1358,17
1587481552.666815,10.10.0.10,173.194.182.102,,,41888,443,0,37,17
1587481552.701907,173.194.182.102,10.10.0.10,,,443,41888,0,1358,17
1587481552.7390275,173.194.182.102,10.10.0.10,,,443,41888,0,1358,17
1587481552.7407699,10.10.0.10,173.194.182.102,,,41888,443,0,37,17
1587481552.7761,173.194.182.102,10.10.0.10,,,443,41888,0,1358,17
1587481552.8132641,173.194.182.102,10.10.0.10,,,443,41888,0,1358,17
1587481552.8150842,10.10.0.10,173.194.182.102,,,41888,443,0,37,17
1587481552.8503866,173.194.182.102,10.10.0.10,,,443,41888,0,1358,17
1587481552.8875024,173.194.182.102,10.10.0.10,,,443,41888,0,1358,17
1587481552.889318,10.10.0.10,173.194.182.102,,,41888,443,0,37,17
1587481552.9246278,173.194.182.102,10.10.0.10,,,443,41888,0,1358,17
1587481552.9617472,173.194.182.102,10.10.0.10,,,443,41888,0,1358,17
1587481552.963526,10.10.0.10,173.194.182.102,,,41888,443,0,37,17
1587481552.9988658,173.194.182.102,10.10.0.10,,,443,41888,0,1358,17
1587481553.0359368,173.194.182.102,10.10.0.10,,,443,41888,0,1358,17
1587481553.0388381,10.10.0.10,173.194.182.102,,,41888,443,0,37,17
1587481553.073074,173.194.182.102,10.10.0.10,,,443,41888,0,1358,17
1587481553.110229,173.194.182.102,10.10.0.10,,,443,41888,0,1358,17
1587481553.114131,10.10.0.10,173.194.182.102,,,41888,443,0,37,17
1587481553.147318,173.194.182.102,10.10.0.10,,,443,41888,0,1358,17
1587481553.184401,173.194.182.102,10.10.0.10,,,443,41888,0,1358,17
1587481553.189889,10.10.0.10,173.194.182.102,,,41888,443,0,37,17
1587481553.2215376,173.194.182.102,10.10.0.10,,,443,41888,0,1358,17
1587481553.258698,173.194.182.102,10.10.0.10,,,443,41888,0,1358,17
1587481553.260981,10.10.0.10,173.194.182.102,,,41888,443,0,37,17
1587481553.2903721,10.10.0.10,173.194.182.102,,,41888,443,0,37,17
1587481553.295758,173.194.182.102,10.10.0.10,,,443,41888,0,1358,17
1587481553.332943,173.194.182.102,10.10.0.10,,,443,41888,0,1358,17
1587481553.3351555,10.10.0.10,173.194.182.102,,,41888,443,0,50,17
1587481553.370067,173.194.182.102,10.10.0.10,,,443,41888,0,1358,17
1587481553.407159,173.194.182.102,10.10.0.10,,,443,41888,0,1358,17
1587481553.408993,10.10.0.10,173.194.182.102,,,41888,443,0,37,17
1587481553.444275,173.194.182.102,10.10.0.10,,,443,41888,0,1358,17
1587481553.481433,74.125.110.42,10.10.0.10,,,443,49235,0,1358,17
1587481553.483093,10.10.0.10,74.125.110.42,,,49235,443,0,42,17
1587481553.4833686,10.10.0.10,173.194.182.102,,,41888,443,0,37,17
1587481553.500242,10.10.0.10,74.125.110.42,,,49235,443,0,676,17
1587481553.5002828,10.10.0.10,74.125.110.42,,,49235,443,0,48,17
1587481553.518502,173.194.182.102,10.10.0.10,,,443,41888,0,1358,17
1587481553.5556688,173.194.182.102,10.10.0.10,,,443,41888,0,1358,17
1587481553.557352,10.10.0.10,173.194.182.102,,,41888,443,0,37,17
1587481553.5927892,173.194.182.102,10.10.0.10,,,443,41888,0,1358,17
1587481553.629911,173.194.182.102,10.10.0.10,,,443,41888,0,1358,17
1587481553.631834,10.10.0.10,173.194.182.102,,,41888,443,0,37,17
1587481553.667034,173.194.182.102,10.10.0.10,,,443,41888,0,1358,17
1587481553.704149,173.194.182.102,10.10.0.10,,,443,41888,0,1358,17
1587481553.7059555,10.10.0.10,173.194.182.102,,,41888,443,0,37,17
1587481553.741274,173.194.182.102,10.10.0.10,,,443,41888,0,1358,17
1587481553.7783961,173.194.182.102,10.10.0.10,,,443,41888,0,1358,17
1587481553.7807558,10.10.0.10,173.194.182.102,,,41888,443,0,37,17
1587481553.8155162,173.194.182.102,10.10.0.10,,,443,41888,0,1358,17
1587481553.8526359,173.194.182.102,10.10.0.10,,,443,41888,0,1358,17
1587481553.854483,10.10.0.10,173.194.182.102,,,41888,443,0,37,17
1587481553.889752,173.194.182.102,10.10.0.10,,,443,41888,0,1358,17
1587481553.9268668,173.194.182.102,10.10.0.10,,,443,41888,0,1358,17
1587481553.9639866,173.194.182.102,10.10.0.10,,,443,41888,0,1358,17
1587481553.9759376,10.10.0.10,173.194.182.102,,,41888,443,0,37,17
1587481554.001103,173.194.182.102,10.10.0.10,,,443,41888,0,1358,17
1587481554.0382268,173.194.182.102,10.10.0.10,,,443,41888,0,1358,17
1587481554.075346,173.194.182.102,10.10.0.10,,,443,41888,0,1358,17
1587481554.1124,173.194.182.102,10.10.0.10,,,443,41888,0,1358,17
1587481554.14955,173.194.182.102,10.10.0.10,,,443,41888,0,1358,17
1587481554.186694,173.194.182.102,10.10.0.10,,,443,41888,0,1358,17
1587481554.218048,10.10.0.10,173.194.182.102,,,41888,443,0,37,17
1587481554.2238119,173.194.182.102,10.10.0.10,,,443,41888,0,1358,17
1587481554.2609394,74.125.110.42,10.10.0.10,,,443,49235,0,29,17
1587481554.2625892,74.125.110.42,10.10.0.10,,,443,49235,0,1358,17
1587481554.299743,173.194.182.102,10.10.0.10,,,443,41888,0,1358,17
1587481554.3368616,173.194.182.102,10.10.0.10,,,443,41888,0,1358,17
1587481554.3739238,74.125.110.42,10.10.0.10,,,443,49235,0,1358,17
1587481554.4110534,173.194.182.102,10.10.0.10,,,443,41888,0,1358,17
1587481554.4482286,74.125.110.42,10.10.0.10,,,443,49235,0,1358,17
1587481554.485352,173.194.182.102,10.10.0.10,,,443,41888,0,1358,17
1587481554.5224721,173.194.182.102,10.10.0.10,,,443,41888,0,1358,17
1587481554.5595891,74.125.110.42,10.10.0.10,,,443,49235,0,1358,17
1587481554.596713,173.194.182.102,10.10.0.10,,,443,41888,0,1358,17
1587481554.633832,74.125.110.42,10.10.0.10,,,443,49235,0,1358,17
1587481554.670954,173.194.182.102,10.10.0.10,,,443,41888,0,1358,17
1587481554.7080722,173.194.182.102,10.10.0.10,,,443,41888,0,1358,17
1587481554.7451901,173.194.182.102,10.10.0.10,,,443,41888,0,1358,17
1587481554.782312,173.194.182.102,10.10.0.10,,,443,41888,0,1358,17
1587481554.819434,173.194.182.102,10.10.0.10,,,443,41888,0,1358,17
1587481554.856551,173.194.182.102,10.10.0.10,,,443,41888,0,1358,17
1587481554.8936696,173.194.182.102,10.10.0.10,,,443,41888,0,1358,17
1587481554.9307609,173.194.182.102,10.10.0.10,,,443,41888,0,1358,17
1587481555.1920831,10.10.0.10,173.194.182.102,,,41888,443,0,37,17
1587481555.2032132,173.194.182.102,10.10.0.10,,,443,41888,0,1358,17
1587481555.2055078,10.10.0.10,173.194.182.102,,,41888,443,0,40,17
1587481555.205964,10.10.0.10,173.194.182.102,,,41888,443,0,40,17
1587481555.207192,10.10.0.10,173.194.182.102,,,41888,443,0,40,17
1587481555.2106738,10.10.0.10,173.194.182.102,,,41888,443,0,40,17
1587481555.2153788,10.10.0.10,173.194.182.102,,,41888,443,0,40,17
1587481555.2190301,10.10.0.10,173.194.182.102,,,41888,443,0,40,17
1587481555.2196355,10.10.0.10,74.125.110.42,,,49235,443,0,37,17
1587481555.2219179,10.10.0.10,173.194.182.102,,,41888,443,0,40,17
1587481555.2260456,10.10.0.10,74.125.110.42,,,49235,443,0,37,17
1587481555.2260852,10.10.0.10,173.194.182.102,,,41888,443,0,40,17
1587481555.226118,10.10.0.10,173.194.182.102,,,41888,443,0,40,17
1587481555.2287312,10.10.0.10,173.194.182.102,,,41888,443,0,53,17
1587481555.228762,10.10.0.10,173.194.182.102,,,41888,443,0,40,17
1587481555.231335,10.10.0.10,173.194.182.102,,,41888,443,0,40,17
1587481555.239447,173.194.182.102,10.10.0.10,,,443,41888,0,1358,17
1587481555.240352,74.125.110.42,10.10.0.10,,,443,49235,0,1358,17
1587481555.2419946,10.10.0.10,74.125.110.42,,,49235,443,0,37,17
1587481555.271984,74.125.110.42,10.10.0.10,,,443,49235,0,1358,17
1587481555.273818,10.10.0.10,173.194.182.102,,,41888,443,0,37,17
1587481555.3090682,74.125.110.42,10.10.0.10,,,443,49235,0,1358,17
1587481555.311125,10.10.0.10,74.125.110.42,,,49235,443,0,37,17
1587481555.346226,74.125.110.42,10.10.0.10,,,443,49235,0,1358,17
1587481555.3833468,74.125.110.42,10.10.0.10,,,443,49235,0,1358,17
1587481555.3851712,10.10.0.10,74.125.110.42,,,49235,443,0,37,17
1587481555.4204762,74.125.110.42,10.10.0.10,,,443,49235,0,1358,17
1587481555.457597,74.125.110.42,10.10.0.10,,,443,49235,0,1358,17
1587481555.4594278,10.10.0.10,74.125.110.42,,,49235,443,0,37,17
1587481555.494714,74.125.110.42,10.10.0.10,,,443,49235,0,1358,17
1587481555.531833,74.125.110.42,10.10.0.10,,,443,49235,0,1358,17
1587481555.5351398,10.10.0.10,74.125.110.42,,,49235,443,0,37,17
1587481555.5689301,74.125.110.42,10.10.0.10,,,443,49235,0,1358,17
1587481555.606045,74.125.110.42,10.10.0.10,,,443,49235,0,1358,17
1587481555.634272,10.10.0.10,74.125.110.42,,,49235,443,0,37,17
1587481555.643196,74.125.110.42,10.10.0.10,,,443,49235,0,1358,17
1587481555.6803162,173.194.182.102,10.10.0.10,,,443,41888,0,1358,17
1587481555.6824374,10.10.0.10,74.125.110.42,,,49235,443,0,37,17
1587481555.717431,173.194.182.102,10.10.0.10,,,443,41888,0,1358,17
1587481555.7193706,10.10.0.10,173.194.182.102,,,41888,443,0,37,17
1587481555.75456,74.125.110.42,10.10.0.10,,,443,49235,0,1358,17
1587481555.7916741,173.194.182.102,10.10.0.10,,,443,41888,0,1358,17
1587481555.793946,10.10.0.10,74.125.110.42,,,49235,443,0,37,17
1587481555.8287961,173.194.182.102,10.10.0.10,,,443,41888,0,1358,17
1587481555.831198,10.10.0.10,173.194.182.102,,,41888,443,0,37,17
1587481555.865911,74.125.110.42,10.10.0.10,,,443,49235,0,1358,17
1587481555.903031,173.194.182.102,10.10.0.10,,,443,41888,0,1358,17
1587481555.905138,10.10.0.10,74.125.110.42,,,49235,443,0,37,17
1587481555.940144,173.194.182.102,10.10.0.10,,,443,41888,0,1358,17
1587481555.941942,10.10.0.10,173.194.182.102,,,41888,443,0,37,17
1587481555.9772658,74.125.110.42,10.10.0.10,,,443,49235,0,1358,17
1587481555.9794588,10.10.0.10,74.125.110.42,,,49235,443,0,40,17
1587481556.014387,173.194.182.102,10.10.0.10,,,443,41888,0,1358,17
1587481556.0515044,74.125.110.42,10.10.0.10,,,443,49235,0,1358,17
1587481556.053421,10.10.0.10,74.125.110.42,,,49235,443,0,40,17
1587481556.0535948,10.10.0.10,173.194.182.102,,,41888,443,0,37,17
1587481556.0886269,173.194.182.102,10.10.0.10,,,443,41888,0,1358,17
1587481556.1257422,74.125.110.42,10.10.0.10,,,443,49235,0,1358,17
1587481556.1277342,10.10.0.10,74.125.110.42,,,49235,443,0,40,17
1587481556.1279626,10.10.0.10,173.194.182.102,,,41888,443,0,37,17
1587481556.162817,173.194.182.102,10.10.0.10,,,443,41888,0,1358,17
1587481556.1999722,74.125.110.42,10.10.0.10,,,443,49235,0,1358,17
1587481556.2016828,10.10.0.10,74.125.110.42,,,49235,443,0,40,17
1587481556.201851,10.10.0.10,173.194.182.102,,,41888,443,0,37,17
1587481556.2371,173.194.182.102,10.10.0.10,,,443,41888,0,1358,17
1587481556.274208,74.125.110.42,10.10.0.10,,,443,49235,0,1358,17
1587481556.276079,10.10.0.10,173.194.182.102,,,41888,443,0,37,17
1587481556.311337,173.194.182.102,10.10.0.10,,,443,41888,0,1358,17
1587481556.3484619,173.194.182.102,10.10.0.10,,,443,41888,0,1358,17
1587481556.357936,10.10.0.10,74.125.110.42,,,49235,443,0,40,17
1587481556.37177,10.10.0.10,173.194.182.102,,,41888,443,0,37,17
1587481556.385567,74.125.110.42,10.10.0.10,,,443,49235,0,1358,17
1587481556.4226522,173.194.182.102,10.10.0.10,,,443,41888,0,1358,17
1587481556.4249911,10.10.0.10,74.125.110.42,,,49235,443,0,40,17
1587481556.4598212,74.125.110.42,10.10.0.10,,,443,49235,0,1358,17
1587481556.4617429,10.10.0.10,173.194.182.102,,,41888,443,0,37,17
1587481556.496945,173.194.182.102,10.10.0.10,,,443,41888,0,1358,17
1587481556.498808,10.10.0.10,74.125.110.42,,,49235,443,0,40,17
1587481556.5340776,173.194.182.102,10.10.0.10,,,443,41888,0,1358,17
1587481556.541445,10.10.0.10,173.194.182.102,,,41888,443,0,37,17
1587481556.571195,173.194.182.102,10.10.0.10,,,443,41888,0,1358,17
1587481556.608315,74.125.110.42,10.10.0.10,,,443,49235,0,1358,17
1587481556.6099439,10.10.0.10,74.125.110.42,,,49235,443,0,42,17
1587481556.6101468,10.10.0.10,173.194.182.102,,,41888,443,0,37,17
1587481556.645416,173.194.182.102,10.10.0.10,,,443,41888,0,1358,17
1587481556.6825519,74.125.110.42,10.10.0.10,,,443,49235,0,1358,17
1587481556.684631,10.10.0.10,74.125.110.42,,,49235,443,0,55,17
1587481556.6848602,10.10.0.10,173.194.182.102,,,41888,443,0,37,17
1587481556.7196765,173.194.182.102,10.10.0.10,,,443,41888,0,1358,17
1587481556.756792,74.125.110.42,10.10.0.10,,,443,49235,0,1358,17
1587481556.7586508,10.10.0.10,74.125.110.42,,,49235,443,0,42,17
1587481556.758718,10.10.0.10,173.194.182.102,,,41888,443,0,37,17
1587481556.7939172,74.125.110.42,10.10.0.10,,,443,49235,0,1358,17
1587481556.7957358,10.10.0.10,74.125.110.42,,,49235,443,0,42,17
1587481556.831034,173.194.182.102,10.10.0.10,,,443,41888,0,1358,17
1587481556.8681226,74.125.110.42,10.10.0.10,,,443,49235,0,1358,17
1587481556.905276,173.194.182.102,10.10.0.10,,,443,41888,0,1358,17
1587481556.9105148,10.10.0.10,173.194.182.102,,,41888,443,0,37,17
1587481556.9423866,74.125.110.42,10.10.0.10,,,443,49235,0,1358,17
1587481556.944337,10.10.0.10,74.125.110.42,,,49235,443,0,42,17
1587481556.979506,173.194.182.102,10.10.0.10,,,443,41888,0,1358,17
1587481557.016626,74.125.110.42,10.10.0.10,,,443,49235,0,1358,17
1587481557.018417,10.10.0.10,173.194.182.102,,,41888,443,0,37,17
1587481557.053745,173.194.182.102,10.10.0.10,,,443,41888,0,1358,17
1587481557.0557704,10.10.0.10,74.125.110.42,,,49235,443,0,42,17
1587481557.090863,74.125.110.42,10.10.0.10,,,443,49235,0,1358,17
1587481557.093266,10.10.0.10,173.194.182.102,,,41888,443,0,37,17
1587481557.127984,173.194.182.102,10.10.0.10,,,443,41888,0,1358,17
1587481557.1301641,10.10.0.10,74.125.110.42,,,49235,443,0,42,17
1587481557.1651056,74.125.110.42,10.10.0.10,,,443,49235,0,1358,17
1587481557.1670198,10.10.0.10,173.194.182.102,,,41888,443,0,50,17
1587481557.20221,173.194.182.102,10.10.0.10,,,443,41888,0,1358,17
1587481557.204633,10.10.0.10,74.125.110.42,,,49235,443,0,42,17
1587481557.239335,74.125.110.42,10.10.0.10,,,443,49235,0,1358,17
1587481557.241488,10.10.0.10,173.194.182.102,,,41888,443,0,37,17
1587481557.276393,173.194.182.102,10.10.0.10,,,443,41888,0,1358,17
1587481557.279319,10.10.0.10,74.125.110.42,,,49235,443,0,42,17
1587481557.31356,74.125.110.42,10.10.0.10,,,443,49235,0,1358,17
1587481557.350639,173.194.182.102,10.10.0.10,,,443,41888,0,1358,17
1587481557.38781,74.125.110.42,10.10.0.10,,,443,49235,0,1358,17
1587481557.410047,10.10.0.10,173.194.182.102,,,41888,443,0,37,17
1587481557.412804,10.10.0.10,74.125.110.42,,,49235,443,0,42,17
1587481557.424885,173.194.182.102,10.10.0.10,,,443,41888,0,1358,17
1587481557.426572,10.10.0.10,173.194.182.102,,,41888,443,0,37,17
1587481557.4620528,74.125.110.42,10.10.0.10,,,443,49235,0,1358,17
1587481557.499174,173.194.182.102,10.10.0.10,,,443,41888,0,1358,17
1587481557.501818,10.10.0.10,74.125.110.42,,,49235,443,0,42,17
1587481557.5362918,74.125.110.42,10.10.0.10,,,443,49235,0,1358,17
1587481557.538224,10.10.0.10,173.194.182.102,,,41888,443,0,37,17
1587481557.573414,173.194.182.102,10.10.0.10,,,443,41888,0,1358,17
1587481557.575622,10.10.0.10,74.125.110.42,,,49235,443,0,42,17
1587481557.6105368,74.125.110.42,10.10.0.10,,,443,49235,0,1358,17
1587481557.612515,10.10.0.10,173.194.182.102,,,41888,443,0,37,17
1587481557.647655,173.194.182.102,10.10.0.10,,,443,41888,0,1358,17
1587481557.649733,10.10.0.10,74.125.110.42,,,49235,443,0,42,17
1587481557.684781,173.194.182.102,10.10.0.10,,,443,41888,0,1358,17
1587481557.686543,10.10.0.10,173.194.182.102,,,41888,443,0,37,17
1587481557.7218962,173.194.182.102,10.10.0.10,,,443,41888,0,1358,17
1587481557.759018,173.194.182.102,10.10.0.10,,,443,41888,0,1358,17
1587481557.7608118,10.10.0.10,173.194.182.102,,,41888,443,0,37,17
1587481557.7961388,74.125.110.42,10.10.0.10,,,443,49235,0,1358,17
1587481557.833257,173.194.182.102,10.10.0.10,,,443,41888,0,1358,17
1587481557.867197,10.10.0.10,74.125.110.42,,,49235,443,0,42,17
1587481557.867236,10.10.0.10,173.194.182.102,,,41888,443,0,37,17
1587481557.870379,173.194.182.102,10.10.0.10,,,443,41888,0,1358,17
1587481557.9075027,74.125.110.42,10.10.0.10,,,443,49235,0,1358,17
1587481557.9095054,10.10.0.10,173.194.182.102,,,41888,443,0,37,17
1587481557.938659,10.10.0.10,74.125.110.42,,,49235,443,0,42,17
1587481557.9446268,173.194.182.102,10.10.0.10,,,443,41888,0,1358,17
1587481557.981744,173.194.182.102,10.10.0.10,,,443,41888,0,1358,17
1587481558.0188675,74.125.110.42,10.10.0.10,,,443,49235,0,1358,17
1587481558.055987,173.194.182.102,10.10.0.10,,,443,41888,0,1358,17
1587481558.069222,10.10.0.10,173.194.182.102,,,41888,443,0,37,17
1587481558.093104,173.194.182.102,10.10.0.10,,,443,41888,0,1358,17
1587481558.130226,173.194.182.102,10.10.0.10,,,443,41888,0,1358,17
1587481558.1673572,74.125.110.42,10.10.0.10,,,443,49235,0,1358,17
1587481558.204472,173.194.182.102,10.10.0.10,,,443,41888,0,1358,17
1587481558.241576,173.194.182.102,10.10.0.10,,,443,41888,0,1358,17
1587481558.278702,173.194.182.102,10.10.0.10,,,443,41888,0,1358,17
1587481558.3132188,10.10.0.10,173.194.182.102,,,41888,443,0,37,17
1587481558.313266,10.10.0.10,74.125.110.42,,,49235,443,0,42,17
1587481558.3157902,74.125.110.42,10.10.0.10,,,443,49235,0,1358,17
1587481558.357385,173.194.182.102,10.10.0.10,,,443,41888,0,1358,17
1587481558.394505,173.194.182.102,10.10.0.10,,,443,41888,0,1358,17
1587481558.431635,74.125.110.42,10.10.0.10,,,443,49235,0,1358,17
1587481558.4687555,74.125.110.42,10.10.0.10,,,443,49235,0,1358,17
1587481558.5058749,173.194.182.102,10.10.0.10,,,443,41888,0,1358,17
1587481558.5429964,74.125.110.42,10.10.0.10,,,443,49235,0,1358,17
1587481558.5801158,173.194.182.102,10.10.0.10,,,443,41888,0,1358,17
1587481558.617184,74.125.110.42,10.10.0.10,,,443,49235,0,1358,17
1587481558.6543422,173.194.182.102,10.10.0.10,,,443,41888,0,1358,17
1587481558.6959288,74.125.110.42,10.10.0.10,,,443,49235,0,1358,17
1587481558.733055,173.194.182.102,10.10.0.10,,,443,41888,0,1358,17
1587481558.7701788,74.125.110.42,10.10.0.10,,,443,49235,0,1358,17
1587481558.807287,173.194.182.102,10.10.0.10,,,443,41888,0,1358,17
1587481558.844407,74.125.110.42,10.10.0.10,,,443,49235,0,1358,17
1587481558.8814852,173.194.182.102,10.10.0.10,,,443,41888,0,1358,17
1587481558.918623,173.194.182.102,10.10.0.10,,,443,41888,0,1358,17
1587481558.960221,74.125.110.42,10.10.0.10,,,443,49235,0,1358,17
1587481558.9973402,173.194.182.102,10.10.0.10,,,443,41888,0,1358,17
1587481559.0344696,74.125.110.42,10.10.0.10,,,443,49235,0,1358,17
1587481559.071592,74.125.110.42,10.10.0.10,,,443,49235,0,1358,17
1587481559.108712,173.194.182.102,10.10.0.10,,,443,41888,0,1358,17
1587481559.14576,74.125.110.42,10.10.0.10,,,443,49235,0,1358,17
1587481559.182937,173.194.182.102,10.10.0.10,,,443,41888,0,1358,17
1587481559.2200518,74.125.110.42,10.10.0.10,,,443,49235,0,1358,17
1587481559.257174,173.194.182.102,10.10.0.10,,,443,41888,0,1358,17
1587481559.275385,10.10.0.10,173.194.182.102,,,41888,443,0,43,17
1587481559.2830842,10.10.0.10,173.194.182.102,,,41888,443,0,37,17
1587481559.2866852,10.10.0.10,173.194.182.102,,,41888,443,0,37,17
1587481559.287698,10.10.0.10,74.125.110.42,,,49235,443,0,44,17
1587481559.2882438,10.10.0.10,74.125.110.42,,,49235,443,0,44,17
1587481559.2905252,10.10.0.10,74.125.110.42,,,49235,443,0,44,17
1587481559.2905571,10.10.0.10,173.194.182.102,,,41888,443,0,37,17
1587481559.2935462,10.10.0.10,74.125.110.42,,,49235,443,0,44,17
1587481559.293576,10.10.0.10,173.194.182.102,,,41888,443,0,37,17
1587481559.294271,173.194.182.102,10.10.0.10,,,443,41888,0,1358,17
1587481559.331423,173.194.182.102,10.10.0.10,,,443,41888,0,1358,17
1587481559.368508,173.194.182.102,10.10.0.10,,,443,41888,0,1358,17
1587481559.3929589,10.10.0.10,74.125.110.42,,,49235,443,0,44,17
1587481559.396944,10.10.0.10,173.194.182.102,,,41888,443,0,37,17
1587481559.398042,10.10.0.10,74.125.110.42,,,49235,443,0,57,17
1587481559.3989859,10.10.0.10,173.194.182.102,,,41888,443,0,37,17
1587481559.400198,10.10.0.10,74.125.110.42,,,49235,443,0,46,17
1587481559.400238,10.10.0.10,173.194.182.102,,,41888,443,0,37,17
1587481559.40216,10.10.0.10,74.125.110.42,,,49235,443,0,46,17
1587481559.402201,10.10.0.10,74.125.110.42,,,49235,443,0,46,17
1587481559.403871,10.10.0.10,74.125.110.42,,,49235,443,0,46,17
1587481559.403913,10.10.0.10,173.194.182.102,,,41888,443,0,37,17
1587481559.4053411,10.10.0.10,173.194.182.102,,,41888,443,0,37,17
1587481559.4055948,74.125.110.42,10.10.0.10,,,443,49235,0,1358,17
1587481559.406502,10.10.0.10,173.194.182.102,,,41888,443,0,37,17
1587481559.4071572,10.10.0.10,74.125.110.42,,,49235,443,0,46,17
1587481559.442756,173.194.182.102,10.10.0.10,,,443,41888,0,1358,17
1587481559.479904,74.125.110.42,10.10.0.10,,,443,49235,0,1358,17
1587481559.5170202,173.194.182.102,10.10.0.10,,,443,41888,0,1358,17
1587481559.5190382,10.10.0.10,173.194.182.102,,,41888,443,0,37,17
1587481559.554144,173.194.182.102,10.10.0.10,,,443,41888,0,1358,17
1587481559.591263,173.194.182.102,10.10.0.10,,,443,41888,0,1358,17
1587481559.6006362,10.10.0.10,74.125.110.42,,,49235,443,0,46,17
1587481559.601917,10.10.0.10,173.194.182.102,,,41888,443,0,37,17
1587481559.6283839,74.125.110.42,10.10.0.10,,,443,49235,0,1358,17
1587481559.6654909,173.194.182.102,10.10.0.10,,,443,41888,0,1358,17
1587481559.6674874,10.10.0.10,74.125.110.42,,,49235,443,0,46,17
1587481559.7053778,173.194.182.102,10.10.0.10,,,443,41888,0,29,17
1587481559.707056,173.194.182.102,10.10.0.10,,,443,41888,0,1358,17
1587481559.7072089,10.10.0.10,173.194.182.102,,,41888,443,0,37,17
1587481559.744175,173.194.182.102,10.10.0.10,,,443,41888,0,1358,17
1587481559.7459679,10.10.0.10,173.194.182.102,,,41888,443,0,37,17
1587481559.7812989,173.194.182.102,10.10.0.10,,,443,41888,0,1358,17
1587481559.818418,173.194.182.102,10.10.0.10,,,443,41888,0,1358,17
1587481559.820193,10.10.0.10,173.194.182.102,,,41888,443,0,37,17
1587481559.8555171,74.125.110.42,10.10.0.10,,,443,49235,0,1358,17
1587481559.892658,173.194.182.102,10.10.0.10,,,443,41888,0,1358,17
1587481559.8949142,10.10.0.10,74.125.110.42,,,49235,443,0,40,17
1587481559.9297464,74.125.110.42,10.10.0.10,,,443,49235,0,1358,17
1587481559.9322364,10.10.0.10,173.194.182.102,,,41888,443,0,37,17
1587481559.9601948,10.10.0.10,74.125.110.42,,,49235,443,0,40,17
1587481559.966898,173.194.182.102,10.10.0.10,,,443,41888,0,1358,17
1587481559.996857,10.10.0.10,173.194.182.102,,,41888,443,0,37,17
1587481560.004009,74.125.110.42,10.10.0.10,,,443,49235,0,1358,17
1587481560.041128,173.194.182.102,10.10.0.10,,,443,41888,0,1358,17
1587481560.044024,10.10.0.10,74.125.110.42,,,49235,443,0,40,17
1587481560.078218,74.125.110.42,10.10.0.10,,,443,49235,0,1358,17
1587481560.0791712,10.10.0.10,173.194.182.102,,,41888,443,0,37,17
1587481560.115374,173.194.182.102,10.10.0.10,,,443,41888,0,1358,17
1587481560.139454,10.10.0.10,74.125.110.42,,,49235,443,0,40,17
1587481560.1524944,74.125.110.42,10.10.0.10,,,443,49235,0,1358,17
1587481560.189599,173.194.182.102,10.10.0.10,,,443,41888,0,1358,17
1587481560.191248,10.10.0.10,173.194.182.102,,,41888,443,0,37,17
1587481560.1918268,10.10.0.10,74.125.110.42,,,49235,443,0,40,17
1587481560.226657,74.125.110.42,10.10.0.10,,,443,49235,0,1358,17
1587481560.263015,10.10.0.10,74.125.110.42,,,49235,443,0,40,17
1587481560.263807,173.194.182.102,10.10.0.10,,,443,41888,0,1358,17
1587481560.30096,74.125.110.42,10.10.0.10,,,443,49235,0,1358,17
1587481560.3028526,10.10.0.10,173.194.182.102,,,41888,443,0,50,17
1587481560.338088,74.125.110.42,10.10.0.10,,,443,49235,0,1358,17
1587481560.339734,10.10.0.10,74.125.110.42,,,49235,443,0,40,17
1587481560.3752098,173.194.182.102,10.10.0.10,,,443,41888,0,1358,17
1587481560.412327,74.125.110.42,10.10.0.10,,,443,49235,0,1358,17
1587481560.4144454,10.10.0.10,173.194.182.102,,,41888,443,0,37,17
1587481560.4494278,173.194.182.102,10.10.0.10,,,443,41888,0,1358,17
1587481560.451678,10.10.0.10,74.125.110.42,,,49235,443,0,40,17
1587481560.4865725,74.125.110.42,10.10.0.10,,,443,49235,0,1358,17
1587481560.4884348,10.10.0.10,173.194.182.102,,,41888,443,0,37,17
1587481560.523698,173.194.182.102,10.10.0.10,,,443,41888,0,1358,17
1587481560.526,10.10.0.10,74.125.110.42,,,49235,443,0,40,17
1587481560.560816,74.125.110.42,10.10.0.10,,,443,49235,0,1358,17
1587481560.5629456,10.10.0.10,173.194.182.102,,,41888,443,0,37,17
1587481560.5979376,173.194.182.102,10.10.0.10,,,443,41888,0,1358,17
1587481560.601753,10.10.0.10,74.125.110.42,,,49235,443,0,40,17
1587481560.635062,74.125.110.42,10.10.0.10,,,443,49235,0,1358,17
1587481560.637109,10.10.0.10,173.194.182.102,,,41888,443,0,37,17
1587481560.672183,74.125.110.42,10.10.0.10,,,443,49235,0,1358,17
1587481560.6740491,10.10.0.10,74.125.110.42,,,49235,443,0,40,17
1587481560.7093024,173.194.182.102,10.10.0.10,,,443,41888,0,1358,17
1587481560.7464428,173.194.182.102,10.10.0.10,,,443,41888,0,1138,17
1587481560.749728,10.10.0.10,173.194.182.102,,,41888,443,0,37,17
1587481560.7673638,10.10.0.10,173.194.182.102,,,41888,443,0,710,17
1587481560.7677732,10.10.0.10,173.194.182.102,,,41888,443,0,48,17
1587481560.777643,74.125.110.42,10.10.0.10,,,443,49235,0,1358,17
1587481560.779291,10.10.0.10,74.125.110.42,,,49235,443,0,42,17
1587481560.814801,74.125.110.42,10.10.0.10,,,443,49235,0,1358,17
1587481560.817126,10.10.0.10,74.125.110.42,,,49235,443,0,55,17
1587481560.851903,74.125.110.42,10.10.0.10,,,443,49235,0,1358,17
1587481560.8537085,10.10.0.10,74.125.110.42,,,49235,443,0,42,17
1587481560.889022,74.125.110.42,10.10.0.10,,,443,49235,0,1358,17
1587481560.890827,10.10.0.10,74.125.110.42,,,49235,443,0,42,17
1587481560.926107,74.125.110.42,10.10.0.10,,,443,49235,0,1358,17
1587481560.9632668,74.125.110.42,10.10.0.10,,,443,49235,0,1358,17
1587481560.965605,10.10.0.10,74.125.110.42,,,49235,443,0,42,17
1587481561.0003831,74.125.110.42,10.10.0.10,,,443,49235,0,1358,17
1587481561.0375068,74.125.110.42,10.10.0.10,,,443,49235,0,1358,17
1587481561.0391011,10.10.0.10,74.125.110.42,,,49235,443,0,42,17
1587481561.074626,173.194.182.102,10.10.0.10,,,443,41888,0,29,17
1587481561.076304,74.125.110.42,10.10.0.10,,,443,49235,0,1358,17
1587481561.113425,74.125.110.42,10.10.0.10,,,443,49235,0,1358,17
1587481561.1152859,10.10.0.10,74.125.110.42,,,49235,443,0,42,17
1587481561.150544,74.125.110.42,10.10.0.10,,,443,49235,0,1358,17
1587481561.187669,74.125.110.42,10.10.0.10,,,443,49235,0,1358,17
1587481561.189354,10.10.0.10,74.125.110.42,,,49235,443,0,42,17
1587481561.2247858,74.125.110.42,10.10.0.10,,,443,49235,0,1358,17
1587481561.2619019,74.125.110.42,10.10.0.10,,,443,49235,0,1358,17
1587481561.2637882,10.10.0.10,74.125.110.42,,,49235,443,0,42,17
1587481561.2990222,74.125.110.42,10.10.0.10,,,443,49235,0,1358,17
1587481561.3361466,173.194.182.102,10.10.0.10,,,443,41888,0,115,17
1587481561.338701,10.10.0.10,74.125.110.42,,,49235,443,0,42,17
1587481561.3401172,173.194.182.102,10.10.0.10,,,443,41888,0,1358,17
1587481561.3421068,10.10.0.10,173.194.182.102,,,41888,443,0,37,17
1587481561.377235,173.194.182.102,10.10.0.10,,,443,41888,0,1358,17
1587481561.414358,173.194.182.102,10.10.0.10,,,443,41888,0,1358,17
1587481561.416219,10.10.0.10,173.194.182.102,,,41888,443,0,37,17
1587481561.4514804,173.194.182.102,10.10.0.10,,,443,41888,0,1358,17
1587481561.48283,10.10.0.10,173.194.182.102,,,41888,443,0,37,17
1587481561.488599,173.194.182.102,10.10.0.10,,,443,41888,0,1358,17
1587481561.525721,173.194.182.102,10.10.0.10,,,443,41888,0,1358,17
1587481561.5278668,10.10.0.10,173.194.182.102,,,41888,443,0,37,17
1587481561.562801,173.194.182.102,10.10.0.10,,,443,41888,0,1358,17
1587481561.599928,173.194.182.102,10.10.0.10,,,443,41888,0,1358,17
1587481561.601687,10.10.0.10,173.194.182.102,,,41888,443,0,37,17
1587481561.637063,173.194.182.102,10.10.0.10,,,443,41888,0,1358,17
1587481561.674186,173.194.182.102,10.10.0.10,,,443,41888,0,1358,17
1587481561.675865,10.10.0.10,173.194.182.102,,,41888,443,0,37,17
1587481561.7113082,74.125.110.42,10.10.0.10,,,443,49235,0,1358,17
1587481561.748425,173.194.182.102,10.10.0.10,,,443,41888,0,1358,17
1587481561.7507572,10.10.0.10,74.125.110.42,,,49235,443,0,42,17
1587481561.7855492,173.194.182.102,10.10.0.10,,,443,41888,0,1358,17
1587481561.788344,10.10.0.10,173.194.182.102,,,41888,443,0,37,17
1587481561.822669,74.125.110.42,10.10.0.10,,,443,49235,0,1358,17
1587481561.824511,10.10.0.10,74.125.110.42,,,49235,443,0,44,17
1587481561.8597894,173.194.182.102,10.10.0.10,,,443,41888,0,1358,17
1587481561.8969092,74.125.110.42,10.10.0.10,,,443,49235,0,1358,17
1587481561.8987026,10.10.0.10,74.125.110.42,,,49235,443,0,44,17
1587481561.898997,10.10.0.10,173.194.182.102,,,41888,443,0,37,17
1587481561.934031,173.194.182.102,10.10.0.10,,,443,41888,0,1358,17
1587481561.9711502,173.194.182.102,10.10.0.10,,,443,41888,0,1358,17
1587481562.008271,74.125.110.42,10.10.0.10,,,443,49235,0,1358,17
1587481562.0364704,10.10.0.10,173.194.182.102,,,41888,443,0,37,17
1587481562.037407,10.10.0.10,74.125.110.42,,,49235,443,0,44,17
1587481562.0453901,173.194.182.102,10.10.0.10,,,443,41888,0,1358,17
1587481562.082511,74.125.110.42,10.10.0.10,,,443,49235,0,1358,17
1587481562.119631,173.194.182.102,10.10.0.10,,,443,41888,0,1358,17
1587481562.156759,74.125.110.42,10.10.0.10,,,443,49235,0,1358,17
1587481562.1679301,10.10.0.10,173.194.182.102,,,41888,443,0,37,17
1587481562.167975,10.10.0.10,74.125.110.42,,,49235,443,0,44,17
1587481562.193886,173.194.182.102,10.10.0.10,,,443,41888,0,1358,17
1587481562.230999,173.194.182.102,10.10.0.10,,,443,41888,0,1358,17
1587481562.2681189,74.125.110.42,10.10.0.10,,,443,49235,0,1358,17
1587481562.305239,173.194.182.102,10.10.0.10,,,443,41888,0,1358,17
1587481562.3423162,74.125.110.42,10.10.0.10,,,443,49235,0,1358,17
1587481562.379483,74.125.110.42,10.10.0.10,,,443,49235,0,1358,17
1587481562.4094205,10.10.0.10,173.194.182.102,,,41888,443,0,37,17
1587481562.4094741,10.10.0.10,74.125.110.42,,,49235,443,0,44,17
1587481562.4166052,173.194.182.102,10.10.0.10,,,443,41888,0,1358,17
1587481562.453729,173.194.182.102,10.10.0.10,,,443,41888,0,1358,17
1587481562.49085,74.125.110.42,10.10.0.10,,,443,49235,0,1358,17
1587481562.527969,173.194.182.102,10.10.0.10,,,443,41888,0,1358,17
1587481562.56509,74.125.110.42,10.10.0.10,,,443,49235,0,1358,17
1587481562.6022089,173.194.182.102,10.10.0.10,,,443,41888,0,1358,17
1587481562.63932,74.125.110.42,10.10.0.10,,,443,49235,0,1358,17
1587481562.676441,173.194.182.102,10.10.0.10,,,443,41888,0,1358,17
1587481562.7135582,74.125.110.42,10.10.0.10,,,443,49235,0,1358,17
1587481562.7506845,173.194.182.102,10.10.0.10,,,443,41888,0,1358,17
1587481562.7878,173.194.182.102,10.10.0.10,,,443,41888,0,1358,17
1587481562.8249161,173.194.182.102,10.10.0.10,,,443,41888,0,1358,17
1587481562.862041,173.194.182.102,10.10.0.10,,,443,41888,0,1358,17
1587481562.8991606,173.194.182.102,10.10.0.10,,,443,41888,0,1358,17
1587481562.936281,173.194.182.102,10.10.0.10,,,443,41888,0,1358,17
1587481562.9734,173.194.182.102,10.10.0.10,,,443,41888,0,1358,17
1587481563.0105212,173.194.182.102,10.10.0.10,,,443,41888,0,1358,17
1587481563.047641,173.194.182.102,10.10.0.10,,,443,41888,0,1358,17
1587481563.08476,74.125.110.42,10.10.0.10,,,443,49235,0,1358,17
1587481563.12188,173.194.182.102,10.10.0.10,,,443,41888,0,1358,17
1587481563.158956,173.194.182.102,10.10.0.10,,,443,41888,0,1358,17
1587481563.19609,74.125.110.42,10.10.0.10,,,443,49235,0,1358,17
1587481563.2332392,173.194.182.102,10.10.0.10,,,443,41888,0,1358,17
1587481563.2703464,74.125.110.42,10.10.0.10,,,443,49235,0,1358,17
1587481563.307446,173.194.182.102,10.10.0.10,,,443,41888,0,1358,17
1587481563.3445635,74.125.110.42,10.10.0.10,,,443,49235,0,1358,17
1587481563.372315,10.10.0.10,173.194.182.102,,,41888,443,0,37,17
1587481563.3723571,10.10.0.10,74.125.110.42,,,49235,443,0,44,17
1587481563.3730931,10.10.0.10,173.194.182.102,,,41888,443,0,37,17
1587481563.373134,10.10.0.10,74.125.110.42,,,49235,443,0,44,17
1587481563.376915,10.10.0.10,173.194.182.102,,,41888,443,0,37,17
1587481563.3775036,10.10.0.10,74.125.110.42,,,49235,443,0,46,17
1587481563.379124,10.10.0.10,74.125.110.42,,,49235,443,0,46,17
1587481563.3791652,10.10.0.10,173.194.182.102,,,41888,443,0,37,17
1587481563.3796294,10.10.0.10,74.125.110.42,,,49235,443,0,46,17
1587481563.380985,10.10.0.10,74.125.110.42,,,49235,443,0,59,17
1587481563.381551,10.10.0.10,173.194.182.102,,,41888,443,0,37,17
1587481563.381667,173.194.182.102,10.10.0.10,,,443,41888,0,1358,17
1587481563.3833401,10.10.0.10,173.194.182.102,,,41888,443,0,37,17
1587481563.3839538,10.10.0.10,173.194.182.102,,,41888,443,0,37,17
1587481563.3850205,10.10.0.10,173.194.182.102,,,41888,443,0,37,17
1587481563.3860762,10.10.0.10,173.194.182.102,,,41888,443,0,50,17
1587481563.3896122,10.10.0.10,173.194.182.102,,,41888,443,0,37,17
1587481563.390704,10.10.0.10,74.125.110.42,,,49235,443,0,46,17
1587481563.39072,10.10.0.10,173.194.182.102,,,41888,443,0,37,17
1587481563.418792,74.125.110.42,10.10.0.10,,,443,49235,0,1351,17
1587481563.455745,173.194.182.102,10.10.0.10,,,443,41888,0,1358,17
1587481563.4820669,10.10.0.10,74.125.110.42,,,49235,443,0,46,17
1587481563.4842908,10.10.0.10,173.194.182.102,,,41888,443,0,37,17
1587481563.492888,74.125.110.42,10.10.0.10,,,443,49235,0,1358,17
1587481563.4945529,10.10.0.10,74.125.110.42,,,49235,443,0,46,17
1587481563.530012,173.194.182.102,10.10.0.10,,,443,41888,0,1358,17
1587481563.5671349,74.125.110.42,10.10.0.10,,,443,49235,0,1358,17
1587481563.604251,173.194.182.102,10.10.0.10,,,443,41888,0,1358,17
1587481563.6054714,10.10.0.10,173.194.182.102,,,41888,443,0,37,17
1587481563.6067688,10.10.0.10,173.194.182.102,,,41888,443,0,37,17
1587481563.6413732,74.125.110.42,10.10.0.10,,,443,49235,0,1358,17
1587481563.671866,10.10.0.10,74.125.110.42,,,49235,443,0,46,17
1587481563.678492,173.194.182.102,10.10.0.10,,,443,41888,0,1358,17
1587481563.71561,74.125.110.42,10.10.0.10,,,443,49235,0,1358,17
1587481563.717273,10.10.0.10,74.125.110.42,,,49235,443,0,46,17
1587481563.717816,10.10.0.10,173.194.182.102,,,41888,443,0,37,17
1587481563.7527351,173.194.182.102,10.10.0.10,,,443,41888,0,32,17
1587481563.754492,74.125.110.42,10.10.0.10,,,443,49235,0,29,17
1587481563.756174,173.194.182.102,10.10.0.10,,,443,41888,0,1358,17
1587481563.7932956,74.125.110.42,10.10.0.10,,,443,49235,0,1358,17
1587481563.7956266,10.10.0.10,173.194.182.102,,,41888,443,0,37,17
1587481563.830412,173.194.182.102,10.10.0.10,,,443,41888,0,1358,17
1587481563.8329802,10.10.0.10,74.125.110.42,,,49235,443,0,37,17
1587481563.8675342,74.125.110.42,10.10.0.10,,,443,49235,0,1358,17
1587481563.870225,10.10.0.10,173.194.182.102,,,41888,443,0,37,17
1587481563.9046538,173.194.182.102,10.10.0.10,,,443,41888,0,1358,17
1587481563.906874,10.10.0.10,74.125.110.42,,,49235,443,0,37,17
1587481563.936541,10.10.0.10,173.194.182.102,,,41888,443,0,37,17
1587481563.9417439,74.125.110.42,10.10.0.10,,,443,49235,0,1358,17
1587481563.9789019,173.194.182.102,10.10.0.10,,,443,41888,0,1358,17
1587481563.983709,10.10.0.10,74.125.110.42,,,49235,443,0,37,17
1587481564.0160232,74.125.110.42,10.10.0.10,,,443,49235,0,1358,17
1587481564.018153,10.10.0.10,173.194.182.102,,,41888,443,0,37,17
1587481564.053144,173.194.182.102,10.10.0.10,,,443,41888,0,1358,17
1587481564.058903,10.10.0.10,74.125.110.42,,,49235,443,0,37,17
1587481564.0902634,74.125.110.42,10.10.0.10,,,443,49235,0,1358,17
1587481564.0923223,10.10.0.10,173.194.182.102,,,41888,443,0,37,17
1587481564.127383,173.194.182.102,10.10.0.10,,,443,41888,0,1358,17
1587481564.164508,74.125.110.42,10.10.0.10,,,443,49235,0,1358,17
1587481564.201577,173.194.182.102,10.10.0.10,,,443,41888,0,1358,17
1587481564.238671,74.125.110.42,10.10.0.10,,,443,49235,0,1358,17
1587481564.2470481,10.10.0.10,74.125.110.42,,,49235,443,0,37,17
1587481564.2613866,10.10.0.10,74.125.110.42,,,49235,443,0,40,17
1587481564.275785,173.194.182.102,10.10.0.10,,,443,41888,0,1358,17
1587481564.277552,10.10.0.10,173.194.182.102,,,41888,443,0,40,17
1587481564.3129349,74.125.110.42,10.10.0.10,,,443,49235,0,240,17
1587481564.3143961,10.10.0.10,74.125.110.42,,,49235,443,0,42,17
1587481564.320246,173.194.182.102,10.10.0.10,,,443,41888,0,1358,17
1587481564.3218696,10.10.0.10,173.194.182.102,,,41888,443,0,40,17
1587481564.3573961,173.194.182.102,10.10.0.10,,,443,41888,0,1358,17
1587481564.359139,10.10.0.10,173.194.182.102,,,41888,443,0,40,17
1587481564.3945189,173.194.182.102,10.10.0.10,,,443,41888,0,1358,17
1587481564.39611,10.10.0.10,173.194.182.102,,,41888,443,0,40,17
1587481564.4316368,173.194.182.102,10.10.0.10,,,443,41888,0,1358,17
1587481564.4687412,173.194.182.102,10.10.0.10,,,443,41888,0,1358,17
1587481564.470532,10.10.0.10,173.194.182.102,,,41888,443,0,40,17
1587481564.5058758,173.194.182.102,10.10.0.10,,,443,41888,0,1358,17
1587481564.5429964,173.194.182.102,10.10.0.10,,,443,41888,0,1358,17
1587481564.5446534,10.10.0.10,173.194.182.102,,,41888,443,0,40,17
1587481564.5800724,173.194.182.102,10.10.0.10,,,443,41888,0,1358,17
1587481564.6172366,173.194.182.102,10.10.0.10,,,443,41888,0,1358,17
1587481564.619303,10.10.0.10,173.194.182.102,,,41888,443,0,40,17
1587481564.6543546,173.194.182.102,10.10.0.10,,,443,41888,0,1358,17
1587481564.691475,173.194.182.102,10.10.0.10,,,443,41888,0,1358,17
1587481564.693779,10.10.0.10,173.194.182.102,,,41888,443,0,40,17
1587481564.728599,173.194.182.102,10.10.0.10,,,443,41888,0,1358,17
1587481564.7657158,173.194.182.102,10.10.0.10,,,443,41888,0,1358,17
1587481564.7678292,10.10.0.10,173.194.182.102,,,41888,443,0,53,17
1587481564.80284,173.194.182.102,10.10.0.10,,,443,41888,0,1358,17
1587481564.8399556,173.194.182.102,10.10.0.10,,,443,41888,0,1358,17
1587481564.8416998,10.10.0.10,173.194.182.102,,,41888,443,0,40,17
1587481564.8770778,173.194.182.102,10.10.0.10,,,443,41888,0,1358,17
1587481564.9141982,74.125.110.42,10.10.0.10,,,443,49235,0,1358,17
1587481564.9161189,10.10.0.10,74.125.110.42,,,49235,443,0,42,17
1587481564.9164922,10.10.0.10,173.194.182.102,,,41888,443,0,40,17
1587481564.9513242,173.194.182.102,10.10.0.10,,,443,41888,0,1358,17
1587481564.9884448,173.194.182.102,10.10.0.10,,,443,41888,0,1358,17
1587481564.990416,10.10.0.10,173.194.182.102,,,41888,443,0,40,17
1587481565.0255651,173.194.182.102,10.10.0.10,,,443,41888,0,1358,17
1587481565.062684,173.194.182.102,10.10.0.10,,,443,41888,0,1358,17
1587481565.064683,10.10.0.10,173.194.182.102,,,41888,443,0,40,17
1587481565.099805,173.194.182.102,10.10.0.10,,,443,41888,0,1358,17
1587481565.1369252,173.194.182.102,10.10.0.10,,,443,41888,0,1358,17
1587481565.1387641,10.10.0.10,173.194.182.102,,,41888,443,0,40,17
1587481565.1740446,173.194.182.102,10.10.0.10,,,443,41888,0,1358,17
1587481565.2111619,173.194.182.102,10.10.0.10,,,443,41888,0,1358,17
1587481565.213969,10.10.0.10,173.194.182.102,,,41888,443,0,40,17
1587481565.2482731,173.194.182.102,10.10.0.10,,,443,41888,0,1358,17
1587481565.285383,173.194.182.102,10.10.0.10,,,443,41888,0,1358,17
1587481565.2872188,10.10.0.10,173.194.182.102,,,41888,443,0,40,17
1587481565.3225071,173.194.182.102,10.10.0.10,,,443,41888,0,1358,17
1587481565.359632,173.194.182.102,10.10.0.10,,,443,41888,0,29,17
1587481565.361289,173.194.182.102,10.10.0.10,,,443,41888,0,1358,17
1587481565.361767,10.10.0.10,173.194.182.102,,,41888,443,0,37,17
1587481565.398432,173.194.182.102,10.10.0.10,,,443,41888,0,1358,17
1587481565.400023,10.10.0.10,173.194.182.102,,,41888,443,0,37,17
1587481565.4354918,74.125.110.42,10.10.0.10,,,443,49235,0,1358,17
1587481565.437435,10.10.0.10,74.125.110.42,,,49235,443,0,42,17
1587481565.4528801,10.10.0.10,74.125.110.42,,,49235,443,0,677,17
1587481565.453058,10.10.0.10,74.125.110.42,,,49235,443,0,48,17
1587481565.472686,173.194.182.102,10.10.0.10,,,443,41888,0,1358,17
1587481565.5098028,173.194.182.102,10.10.0.10,,,443,41888,0,1358,17
1587481565.511743,10.10.0.10,173.194.182.102,,,41888,443,0,37,17
1587481565.5469296,173.194.182.102,10.10.0.10,,,443,41888,0,1358,17
1587481565.58405,173.194.182.102,10.10.0.10,,,443,41888,0,1358,17
1587481565.586159,10.10.0.10,173.194.182.102,,,41888,443,0,37,17
1587481565.62116,173.194.182.102,10.10.0.10,,,443,41888,0,1358,17
1587481565.6582758,173.194.182.102,10.10.0.10,,,443,41888,0,1358,17
1587481565.6600919,10.10.0.10,173.194.182.102,,,41888,443,0,37,17
1587481565.695399,173.194.182.102,10.10.0.10,,,443,41888,0,1358,17
1587481565.732521,173.194.182.102,10.10.0.10,,,443,41888,0,1358,17
1587481565.7343671,10.10.0.10,173.194.182.102,,,41888,443,0,37,17
1587481565.769639,173.194.182.102,10.10.0.10,,,443,41888,0,1358,17
1587481565.806762,173.194.182.102,10.10.0.10,,,443,41888,0,1358,17
1587481565.8086588,10.10.0.10,173.194.182.102,,,41888,443,0,37,17
1587481565.8438802,173.194.182.102,10.10.0.10,,,443,41888,0,1358,17
1587481565.8809958,74.125.110.42,10.10.0.10,,,443,49235,0,29,17
1587481565.8826802,74.125.110.42,10.10.0.10,,,443,49235,0,1358,17
1587481565.882765,10.10.0.10,173.194.182.102,,,41888,443,0,37,17
1587481565.9197958,74.125.110.42,10.10.0.10,,,443,49235,0,1358,17
1587481565.922286,10.10.0.10,74.125.110.42,,,49235,443,0,37,17
1587481565.956919,74.125.110.42,10.10.0.10,,,443,49235,0,1358,17
1587481565.9940348,74.125.110.42,10.10.0.10,,,443,49235,0,1358,17
1587481565.997119,10.10.0.10,74.125.110.42,,,49235,443,0,37,17
1587481566.0311599,74.125.110.42,10.10.0.10,,,443,49235,0,1358,17
1587481566.0682788,173.194.182.102,10.10.0.10,,,443,41888,0,1358,17
1587481566.070096,10.10.0.10,74.125.110.42,,,49235,443,0,37,17
1587481566.105401,173.194.182.102,10.10.0.10,,,443,41888,0,1358,17
1587481566.107323,10.10.0.10,173.194.182.102,,,41888,443,0,37,17
1587481566.1425214,173.194.182.102,10.10.0.10,,,443,41888,0,1358,17
1587481566.1796372,173.194.182.102,10.10.0.10,,,443,41888,0,1358,17
1587481566.21676,173.194.182.102,10.10.0.10,,,443,41888,0,1358,17
1587481566.2538779,74.125.110.42,10.10.0.10,,,443,49235,0,1358,17
1587481566.259159,10.10.0.10,173.194.182.102,,,41888,443,0,37,17
1587481566.264146,10.10.0.10,173.194.182.102,,,41888,443,0,37,17
1587481566.291,74.125.110.42,10.10.0.10,,,443,49235,0,1358,17
1587481566.328116,74.125.110.42,10.10.0.10,,,443,49235,0,1358,17
1587481566.3652391,74.125.110.42,10.10.0.10,,,443,49235,0,1358,17
1587481566.402361,74.125.110.42,10.10.0.10,,,443,49235,0,1358,17
1587481566.439482,74.125.110.42,10.10.0.10,,,443,49235,0,1358,17
1587481566.476596,173.194.182.102,10.10.0.10,,,443,41888,0,1358,17
1587481566.5042589,10.10.0.10,74.125.110.42,,,49235,443,0,37,17
1587481566.5137188,74.125.110.42,10.10.0.10,,,443,49235,0,1358,17
1587481566.5508401,173.194.182.102,10.10.0.10,,,443,41888,0,1358,17
1587481566.587961,74.125.110.42,10.10.0.10,,,443,49235,0,1358,17
1587481566.6250188,173.194.182.102,10.10.0.10,,,443,41888,0,1358,17
1587481566.662126,74.125.110.42,10.10.0.10,,,443,49235,0,1358,17
1587481566.699306,173.194.182.102,10.10.0.10,,,443,41888,0,1358,17
1587481566.7364302,74.125.110.42,10.10.0.10,,,443,49235,0,1358,17
1587481566.77353,173.194.182.102,10.10.0.10,,,443,41888,0,1358,17
1587481566.810673,74.125.110.42,10.10.0.10,,,443,49235,0,1358,17
1587481566.8478,173.194.182.102,10.10.0.10,,,443,41888,0,1358,17
1587481566.88492,74.125.110.42,10.10.0.10,,,443,49235,0,1358,17
1587481566.92204,173.194.182.102,10.10.0.10,,,443,41888,0,1358,17
1587481566.959169,74.125.110.42,10.10.0.10,,,443,49235,0,1358,17
1587481566.996289,173.194.182.102,10.10.0.10,,,443,41888,0,1358,17
1587481567.0334039,74.125.110.42,10.10.0.10,,,443,49235,0,1358,17
1587481567.070526,173.194.182.102,10.10.0.10,,,443,41888,0,1358,17
1587481567.107645,74.125.110.42,10.10.0.10,,,443,49235,0,1358,17
1587481567.1447642,173.194.182.102,10.10.0.10,,,443,41888,0,1358,17
1587481567.181816,74.125.110.42,10.10.0.10,,,443,49235,0,1358,17
1587481567.218932,173.194.182.102,10.10.0.10,,,443,41888,0,1358,17
1587481567.2561069,74.125.110.42,10.10.0.10,,,443,49235,0,1358,17
1587481567.293202,173.194.182.102,10.10.0.10,,,443,41888,0,1358,17
1587481567.330354,74.125.110.42,10.10.0.10,,,443,49235,0,1358,17
1587481567.3674755,74.125.110.42,10.10.0.10,,,443,49235,0,1358,17
1587481567.404595,173.194.182.102,10.10.0.10,,,443,41888,0,1358,17
1587481567.4417222,74.125.110.42,10.10.0.10,,,443,49235,0,1358,17
1587481567.478841,173.194.182.102,10.10.0.10,,,443,41888,0,1358,17
1587481567.515961,74.125.110.42,10.10.0.10,,,443,49235,0,1358,17
1587481567.5530784,173.194.182.102,10.10.0.10,,,443,41888,0,1358,17
1587481567.5902019,74.125.110.42,10.10.0.10,,,443,49235,0,1358,17
1587481567.627321,173.194.182.102,10.10.0.10,,,443,41888,0,1358,17
1587481567.664439,173.194.182.102,10.10.0.10,,,443,41888,0,1358,17
1587481567.682111,10.10.0.10,74.125.110.42,,,49235,443,0,37,17
1587481567.701561,173.194.182.102,10.10.0.10,,,443,41888,0,1358,17
1587481567.738682,173.194.182.102,10.10.0.10,,,443,41888,0,1358,17
1587481567.766651,10.10.0.10,74.125.110.42,,,49235,443,0,37,17
1587481567.7666981,10.10.0.10,74.125.110.42,,,49235,443,0,37,17
1587481567.7667868,10.10.0.10,173.194.182.102,,,41888,443,0,37,17
1587481567.7740445,10.10.0.10,74.125.110.42,,,49235,443,0,37,17
1587481567.774777,10.10.0.10,173.194.182.102,,,41888,443,0,50,17
1587481567.7757974,173.194.182.102,10.10.0.10,,,443,41888,0,1358,17
1587481567.779521,10.10.0.10,74.125.110.42,,,49235,443,0,37,17
1587481567.7802641,10.10.0.10,173.194.182.102,,,41888,443,0,37,17
1587481567.7812922,10.10.0.10,74.125.110.42,,,49235,443,0,40,17
1587481567.7829351,10.10.0.10,74.125.110.42,,,49235,443,0,40,17
1587481567.812921,173.194.182.102,10.10.0.10,,,443,41888,0,1358,17
1587481567.8500452,173.194.182.102,10.10.0.10,,,443,41888,0,1358,17
1587481567.887165,173.194.182.102,10.10.0.10,,,443,41888,0,1358,17
1587481567.8890731,10.10.0.10,173.194.182.102,,,41888,443,0,37,17
1587481567.889127,10.10.0.10,74.125.110.42,,,49235,443,0,40,17
1587481567.8891482,10.10.0.10,173.194.182.102,,,41888,443,0,37,17
1587481567.8905149,10.10.0.10,74.125.110.42,,,49235,443,0,40,17
1587481567.8926108,10.10.0.10,173.194.182.102,,,41888,443,0,37,17
1587481567.893719,10.10.0.10,74.125.110.42,,,49235,443,0,40,17
1587481567.8957384,10.10.0.10,74.125.110.42,,,49235,443,0,40,17
1587481567.898447,10.10.0.10,173.194.182.102,,,41888,443,0,37,17
1587481567.900305,10.10.0.10,74.125.110.42,,,49235,443,0,40,17
1587481567.901925,10.10.0.10,173.194.182.102,,,41888,443,0,37,17
1587481567.905764,10.10.0.10,173.194.182.102,,,41888,443,0,37,17
1587481567.905818,10.10.0.10,173.194.182.102,,,41888,443,0,37,17
1587481567.907816,10.10.0.10,173.194.182.102,,,41888,443,0,37,17
1587481567.924286,173.194.182.102,10.10.0.10,,,443,41888,0,1358,17
1587481567.965821,173.194.182.102,10.10.0.10,,,443,41888,0,1358,17
1587481568.0003214,10.10.0.10,173.194.182.102,,,41888,443,0,37,17
1587481568.000375,10.10.0.10,74.125.110.42,,,49235,443,0,40,17
1587481568.0029778,173.194.182.102,10.10.0.10,,,443,41888,0,1358,17
1587481568.0046544,10.10.0.10,173.194.182.102,,,41888,443,0,37,17
1587481568.006692,10.10.0.10,173.194.182.102,,,41888,443,0,37,17
1587481568.040098,173.194.182.102,10.10.0.10,,,443,41888,0,1358,17
1587481568.077223,173.194.182.102,10.10.0.10,,,443,41888,0,1358,17
1587481568.114337,173.194.182.102,10.10.0.10,,,443,41888,0,1358,17
1587481568.125008,10.10.0.10,173.194.182.102,,,41888,443,0,37,17
1587481568.1514616,173.194.182.102,10.10.0.10,,,443,41888,0,1358,17
1587481568.197489,74.125.110.42,10.10.0.10,,,443,49235,0,1358,17
1587481568.234609,74.125.110.42,10.10.0.10,,,443,49235,0,1358,17
1587481568.2389688,10.10.0.10,173.194.182.102,,,41888,443,0,37,17
1587481568.257759,10.10.0.10,74.125.110.42,,,49235,443,0,42,17
1587481568.2717302,173.194.182.102,10.10.0.10,,,443,41888,0,1358,17
1587481568.3088062,173.194.182.102,10.10.0.10,,,443,41888,0,29,17
1587481568.310516,74.125.110.42,10.10.0.10,,,443,49235,0,1358,17
1587481568.347641,173.194.182.102,10.10.0.10,,,443,41888,0,1358,17
1587481568.3610852,10.10.0.10,173.194.182.102,,,41888,443,0,37,17
1587481568.364609,10.10.0.10,74.125.110.42,,,49235,443,0,42,17
1587481568.368206,10.10.0.10,173.194.182.102,,,41888,443,0,37,17
1587481568.3847554,74.125.110.42,10.10.0.10,,,443,49235,0,1358,17
1587481568.386542,10.10.0.10,74.125.110.42,,,49235,443,0,55,17
1587481568.4218788,173.194.182.102,10.10.0.10,,,443,41888,0,1358,17
1587481568.459,74.125.110.42,10.10.0.10,,,443,49235,0,1358,17
1587481568.4848702,10.10.0.10,74.125.110.42,,,49235,443,0,42,17
1587481568.49612,173.194.182.102,10.10.0.10,,,443,41888,0,1358,17
1587481568.497873,10.10.0.10,173.194.182.102,,,41888,443,0,37,17
1587481568.5332394,74.125.110.42,10.10.0.10,,,443,49235,0,1358,17
1587481568.569937,10.10.0.10,74.125.110.42,,,49235,443,0,42,17
1587481568.570316,173.194.182.102,10.10.0.10,,,443,41888,0,1358,17
1587481568.6074758,74.125.110.42,10.10.0.10,,,443,49235,0,1358,17
1587481568.609503,10.10.0.10,173.194.182.102,,,41888,443,0,37,17
1587481568.644525,173.194.182.102,10.10.0.10,,,443,41888,0,1358,17
1587481568.6493962,10.10.0.10,74.125.110.42,,,49235,443,0,42,17
1587481568.6806939,10.10.0.10,173.194.182.102,,,41888,443,0,37,17
1587481568.6817012,74.125.110.42,10.10.0.10,,,443,49235,0,1358,17
1587481568.71879,74.125.110.42,10.10.0.10,,,443,49235,0,1358,17
1587481568.7202532,10.10.0.10,74.125.110.42,,,49235,443,0,42,17
1587481568.755942,173.194.182.102,10.10.0.10,,,443,41888,0,1358,17
1587481568.7858374,10.10.0.10,173.194.182.102,,,41888,443,0,50,17
1587481568.793061,74.125.110.42,10.10.0.10,,,443,49235,0,1358,17
1587481568.8301814,173.194.182.102,10.10.0.10,,,443,41888,0,1358,17
1587481568.8326519,10.10.0.10,74.125.110.42,,,49235,443,0,42,17
1587481568.8673036,74.125.110.42,10.10.0.10,,,443,49235,0,1358,17
1587481568.8709679,10.10.0.10,173.194.182.102,,,41888,443,0,37,17
1587481568.902094,10.10.0.10,74.125.110.42,,,49235,443,0,42,17
1587481568.904424,173.194.182.102,10.10.0.10,,,443,41888,0,1358,17
1587481568.9415002,74.125.110.42,10.10.0.10,,,443,49235,0,1358,17
1587481568.943305,10.10.0.10,173.194.182.102,,,41888,443,0,37,17
1587481568.9786649,173.194.182.102,10.10.0.10,,,443,41888,0,1358,17
1587481568.981888,10.10.0.10,74.125.110.42,,,49235,443,0,42,17
1587481569.015787,74.125.110.42,10.10.0.10,,,443,49235,0,1358,17
1587481569.018384,10.10.0.10,173.194.182.102,,,41888,443,0,37,17
1587481569.0529141,173.194.182.102,10.10.0.10,,,443,41888,0,1358,17
1587481569.055943,10.10.0.10,74.125.110.42,,,49235,443,0,42,17
1587481569.090033,74.125.110.42,10.10.0.10,,,443,49235,0,1358,17
1587481569.09266,10.10.0.10,173.194.182.102,,,41888,443,0,37,17
1587481569.1271741,173.194.182.102,10.10.0.10,,,443,41888,0,1358,17
1587481569.1329632,10.10.0.10,74.125.110.42,,,49235,443,0,42,17
1587481569.1642554,74.125.110.42,10.10.0.10,,,443,49235,0,1358,17
1587481569.166992,10.10.0.10,173.194.182.102,,,41888,443,0,37,17
1587481569.201391,173.194.182.102,10.10.0.10,,,443,41888,0,1358,17
1587481569.204067,10.10.0.10,74.125.110.42,,,49235,443,0,42,17
1587481569.238517,74.125.110.42,10.10.0.10,,,443,49235,0,1358,17
1587481569.240823,10.10.0.10,173.194.182.102,,,41888,443,0,37,17
1587481569.2756221,173.194.182.102,10.10.0.10,,,443,41888,0,1358,17
1587481569.2911556,10.10.0.10,74.125.110.42,,,49235,443,0,42,17
1587481569.312722,74.125.110.42,10.10.0.10,,,443,49235,0,1358,17
1587481569.3152616,10.10.0.10,173.194.182.102,,,41888,443,0,37,17
1587481569.3498552,173.194.182.102,10.10.0.10,,,443,41888,0,1358,17
1587481569.3522286,10.10.0.10,74.125.110.42,,,49235,443,0,42,17
1587481569.3869991,173.194.182.102,10.10.0.10,,,443,41888,0,1358,17
1587481569.3897018,10.10.0.10,173.194.182.102,,,41888,443,0,37,17
1587481569.424118,74.125.110.42,10.10.0.10,,,443,49235,0,1358,17
1587481569.461241,173.194.182.102,10.10.0.10,,,443,41888,0,1358,17
1587481569.463239,10.10.0.10,74.125.110.42,,,49235,443,0,42,17
1587481569.49836,74.125.110.42,10.10.0.10,,,443,49235,0,1358,17
1587481569.501758,10.10.0.10,173.194.182.102,,,41888,443,0,37,17
1587481569.535481,173.194.182.102,10.10.0.10,,,443,41888,0,1358,17
1587481569.5398061,10.10.0.10,74.125.110.42,,,49235,443,0,37,17
1587481569.572599,173.194.182.102,10.10.0.10,,,443,41888,0,1358,17
1587481569.574301,10.10.0.10,173.194.182.102,,,41888,443,0,37,17
1587481569.6097224,74.125.110.42,10.10.0.10,,,443,49235,0,1358,17
1587481569.6468382,173.194.182.102,10.10.0.10,,,443,41888,0,1358,17
1587481569.6487231,10.10.0.10,74.125.110.42,,,49235,443,0,37,17
1587481569.6839216,173.194.182.102,10.10.0.10,,,443,41888,0,1358,17
1587481569.69689,10.10.0.10,173.194.182.102,,,41888,443,0,37,17
1587481569.72108,173.194.182.102,10.10.0.10,,,443,41888,0,1358,17
1587481569.7502804,10.10.0.10,173.194.182.102,,,41888,443,0,37,17
1587481569.7582018,173.194.182.102,10.10.0.10,,,443,41888,0,1358,17
1587481569.79532,74.125.110.42,10.10.0.10,,,443,49235,0,1358,17
1587481569.79705,10.10.0.10,74.125.110.42,,,49235,443,0,40,17
1587481569.7974699,10.10.0.10,173.194.182.102,,,41888,443,0,37,17
1587481569.832438,173.194.182.102,10.10.0.10,,,443,41888,0,1358,17
1587481569.869561,74.125.110.42,10.10.0.10,,,443,49235,0,1358,17
1587481569.871282,10.10.0.10,74.125.110.42,,,49235,443,0,40,17
1587481569.8715308,10.10.0.10,173.194.182.102,,,41888,443,0,37,17
1587481569.906678,173.194.182.102,10.10.0.10,,,443,41888,0,1358,17
1587481569.9364474,10.10.0.10,173.194.182.102,,,41888,443,0,37,17
1587481569.9438019,74.125.110.42,10.10.0.10,,,443,49235,0,1358,17
1587481569.945532,10.10.0.10,74.125.110.42,,,49235,443,0,40,17
1587481569.9809196,173.194.182.102,10.10.0.10,,,443,41888,0,1358,17
1587481570.018017,74.125.110.42,10.10.0.10,,,443,49235,0,1358,17
1587481570.01976,10.10.0.10,74.125.110.42,,,49235,443,0,40,17
1587481570.0199552,10.10.0.10,173.194.182.102,,,41888,443,0,37,17
1587481570.055161,173.194.182.102,10.10.0.10,,,443,41888,0,29,17
1587481570.056839,173.194.182.102,10.10.0.10,,,443,41888,0,1358,17
1587481570.09396,74.125.110.42,10.10.0.10,,,443,49235,0,1358,17
1587481570.1310859,173.194.182.102,10.10.0.10,,,443,41888,0,1358,17
1587481570.1329148,10.10.0.10,173.194.182.102,,,41888,443,0,37,17
1587481570.133263,10.10.0.10,74.125.110.42,,,49235,443,0,53,17
1587481570.1681798,74.125.110.42,10.10.0.10,,,443,49235,0,1358,17
1587481570.2052536,173.194.182.102,10.10.0.10,,,443,41888,0,1358,17
1587481570.207201,10.10.0.10,74.125.110.42,,,49235,443,0,40,17
1587481570.242399,173.194.182.102,10.10.0.10,,,443,41888,0,1358,17
1587481570.242743,10.10.0.10,173.194.182.102,,,41888,443,0,37,17
1587481570.279527,74.125.110.42,10.10.0.10,,,443,49235,0,1358,17
1587481570.3166509,173.194.182.102,10.10.0.10,,,443,41888,0,1358,17
1587481570.353776,74.125.110.42,10.10.0.10,,,443,49235,0,1358,17
1587481570.357143,10.10.0.10,173.194.182.102,,,41888,443,0,37,17
1587481570.368407,10.10.0.10,74.125.110.42,,,49235,443,0,40,17
1587481570.3909216,173.194.182.102,10.10.0.10,,,443,41888,0,1358,17
1587481570.42804,173.194.182.102,10.10.0.10,,,443,41888,0,1358,17
1587481570.465166,74.125.110.42,10.10.0.10,,,443,49235,0,1358,17
1587481570.5022454,173.194.182.102,10.10.0.10,,,443,41888,0,1358,17
1587481570.539405,173.194.182.102,10.10.0.10,,,443,41888,0,1358,17
1587481570.5765252,74.125.110.42,10.10.0.10,,,443,49235,0,1358,17
1587481570.600641,10.10.0.10,173.194.182.102,,,41888,443,0,50,17
1587481570.613641,173.194.182.102,10.10.0.10,,,443,41888,0,1358,17
1587481570.6507652,173.194.182.102,10.10.0.10,,,443,41888,0,1358,17
1587481570.687882,74.125.110.42,10.10.0.10,,,443,49235,0,1358,17
1587481570.725,173.194.182.102,10.10.0.10,,,443,41888,0,1358,17
1587481570.762126,173.194.182.102,10.10.0.10,,,443,41888,0,1358,17
1587481570.799246,74.125.110.42,10.10.0.10,,,443,49235,0,1358,17
1587481570.836361,173.194.182.102,10.10.0.10,,,443,41888,0,1358,17
1587481570.873486,173.194.182.102,10.10.0.10,,,443,41888,0,1358,17
1587481570.9106042,173.194.182.102,10.10.0.10,,,443,41888,0,1358,17
1587481570.947726,74.125.110.42,10.10.0.10,,,443,49235,0,1358,17
1587481570.9848454,173.194.182.102,10.10.0.10,,,443,41888,0,1358,17
1587481571.021965,173.194.182.102,10.10.0.10,,,443,41888,0,1358,17
1587481571.059088,74.125.110.42,10.10.0.10,,,443,49235,0,1358,17
1587481571.096188,173.194.182.102,10.10.0.10,,,443,41888,0,1358,17
1587481571.133328,74.125.110.42,10.10.0.10,,,443,49235,0,1358,17
1587481571.1704018,173.194.182.102,10.10.0.10,,,443,41888,0,1358,17
1587481571.20755,173.194.182.102,10.10.0.10,,,443,41888,0,1358,17
1587481571.2446618,74.125.110.42,10.10.0.10,,,443,49235,0,1358,17
1587481571.281759,173.194.182.102,10.10.0.10,,,443,41888,0,1358,17
1587481571.318845,74.125.110.42,10.10.0.10,,,443,49235,0,1358,17
1587481571.3560328,173.194.182.102,10.10.0.10,,,443,41888,0,1358,17
1587481571.3931582,74.125.110.42,10.10.0.10,,,443,49235,0,1358,17
1587481571.43028,173.194.182.102,10.10.0.10,,,443,41888,0,1358,17
1587481571.440635,10.10.0.10,173.194.182.102,,,41888,443,0,37,17
1587481571.4406722,10.10.0.10,74.125.110.42,,,49235,443,0,40,17
1587481571.467402,74.125.110.42,10.10.0.10,,,443,49235,0,1358,17
1587481571.5045242,173.194.182.102,10.10.0.10,,,443,41888,0,1358,17
1587481571.536387,10.10.0.10,173.194.182.102,,,41888,443,0,37,17
1587481571.5364358,10.10.0.10,173.194.182.102,,,41888,443,0,37,17
1587481571.539867,10.10.0.10,173.194.182.102,,,41888,443,0,37,17
1587481571.5399172,10.10.0.10,74.125.110.42,,,49235,443,0,40,17
1587481571.5408444,10.10.0.10,173.194.182.102,,,41888,443,0,37,17
1587481571.541642,74.125.110.42,10.10.0.10,,,443,49235,0,1358,17
1587481571.5451992,10.10.0.10,173.194.182.102,,,41888,443,0,37,17
1587481571.5483005,10.10.0.10,74.125.110.42,,,49235,443,0,40,17
1587481571.548351,10.10.0.10,173.194.182.102,,,41888,443,0,37,17
1587481571.5508132,10.10.0.10,173.194.182.102,,,41888,443,0,37,17
1587481571.5518749,10.10.0.10,74.125.110.42,,,49235,443,0,40,17
1587481571.5542982,10.10.0.10,173.194.182.102,,,41888,443,0,37,17
1587481571.556553,10.10.0.10,74.125.110.42,,,49235,443,0,40,17
1587481571.5589054,10.10.0.10,173.194.182.102,,,41888,443,0,37,17
1587481571.5594852,10.10.0.10,74.125.110.42,,,49235,443,0,40,17
1587481571.5787165,173.194.182.102,10.10.0.10,,,443,41888,0,1358,17
1587481571.615884,74.125.110.42,10.10.0.10,,,443,49235,0,1358,17
1587481571.6530044,74.125.110.42,10.10.0.10,,,443,49235,0,1358,17
1587481571.6901288,173.194.182.102,10.10.0.10,,,443,41888,0,1358,17
1587481571.727248,173.194.182.102,10.10.0.10,,,443,41888,0,1358,17
1587481571.736866,10.10.0.10,173.194.182.102,,,41888,443,0,37,17
1587481571.736919,10.10.0.10,74.125.110.42,,,49235,443,0,40,17
1587481571.740941,10.10.0.10,173.194.182.102,,,41888,443,0,37,17
1587481571.764368,74.125.110.42,10.10.0.10,,,443,49235,0,1358,17
1587481571.8014884,173.194.182.102,10.10.0.10,,,443,41888,0,1358,17
1587481571.838548,74.125.110.42,10.10.0.10,,,443,49235,0,1358,17
1587481571.8579652,10.10.0.10,74.125.110.42,,,49235,443,0,40,17
1587481571.861508,10.10.0.10,74.125.110.42,,,49235,443,0,42,17
1587481571.8634498,10.10.0.10,74.125.110.42,,,49235,443,0,42,17
1587481571.875731,173.194.182.102,10.10.0.10,,,443,41888,0,1358,17
1587481571.87903,10.10.0.10,173.194.182.102,,,41888,443,0,37,17
1587481571.9128408,74.125.110.42,10.10.0.10,,,443,49235,0,1358,17
1587481571.9499226,173.194.182.102,10.10.0.10,,,443,41888,0,1358,17
1587481571.9798179,10.10.0.10,74.125.110.42,,,49235,443,0,42,17
1587481571.9870794,173.194.182.102,10.10.0.10,,,443,41888,0,1358,17
1587481571.989265,10.10.0.10,173.194.182.102,,,41888,443,0,37,17
1587481572.0241961,74.125.110.42,10.10.0.10,,,443,49235,0,1358,17
1587481572.0459766,10.10.0.10,74.125.110.42,,,49235,443,0,42,17
1587481572.0613198,173.194.182.102,10.10.0.10,,,443,41888,0,1358,17
1587481572.098435,173.194.182.102,10.10.0.10,,,443,41888,0,1358,17
1587481572.1002278,10.10.0.10,173.194.182.102,,,41888,443,0,37,17
1587481572.13556,173.194.182.102,10.10.0.10,,,443,41888,0,1358,17
1587481572.172679,74.125.110.42,10.10.0.10,,,443,49235,0,1358,17
1587481572.177206,10.10.0.10,173.194.182.102,,,41888,443,0,37,17
1587481572.209729,173.194.182.102,10.10.0.10,,,443,41888,0,1358,17
1587481572.211704,10.10.0.10,74.125.110.42,,,49235,443,0,40,17
1587481572.211931,10.10.0.10,173.194.182.102,,,41888,443,0,50,17
1587481572.246852,173.194.182.102,10.10.0.10,,,443,41888,0,1358,17
1587481572.2840312,74.125.110.42,10.10.0.10,,,443,49235,0,1358,17
1587481572.2884884,10.10.0.10,173.194.182.102,,,41888,443,0,37,17
1587481572.321151,173.194.182.102,10.10.0.10,,,443,41888,0,1358,17
1587481572.323551,10.10.0.10,74.125.110.42,,,49235,443,0,40,17
1587481572.358278,173.194.182.102,10.10.0.10,,,443,41888,0,1358,17
1587481572.359951,10.10.0.10,173.194.182.102,,,41888,443,0,37,17
1587481572.3953981,173.194.182.102,10.10.0.10,,,443,41888,0,323,17
1587481572.4049199,74.125.110.42,10.10.0.10,,,443,49235,0,1358,17
1587481572.410232,10.10.0.10,173.194.182.102,,,41888,443,0,717,17
1587481572.41028,10.10.0.10,173.194.182.102,,,41888,443,0,48,17
1587481572.4420302,74.125.110.42,10.10.0.10,,,443,49235,0,1358,17
1587481572.444048,10.10.0.10,74.125.110.42,,,49235,443,0,40,17
1587481572.479165,173.194.182.102,10.10.0.10,,,443,41888,0,29,17
1587481572.4808445,74.125.110.42,10.10.0.10,,,443,49235,0,1358,17
1587481572.5179641,74.125.110.42,10.10.0.10,,,443,49235,0,1358,17
1587481572.519524,10.10.0.10,74.125.110.42,,,49235,443,0,40,17
1587481572.5550852,74.125.110.42,10.10.0.10,,,443,49235,0,1358,17
1587481572.592205,74.125.110.42,10.10.0.10,,,443,49235,0,1358,17
1587481572.59865,10.10.0.10,74.125.110.42,,,49235,443,0,40,17
1587481572.629328,74.125.110.42,10.10.0.10,,,443,49235,0,1358,17
1587481572.6664348,74.125.110.42,10.10.0.10,,,443,49235,0,1358,17
1587481572.668793,10.10.0.10,74.125.110.42,,,49235,443,0,53,17
1587481572.703559,74.125.110.42,10.10.0.10,,,443,49235,0,1358,17
1587481572.740676,74.125.110.42,10.10.0.10,,,443,49235,0,1358,17
1587481572.742814,10.10.0.10,74.125.110.42,,,49235,443,0,40,17
1587481572.7777972,74.125.110.42,10.10.0.10,,,443,49235,0,1358,17
1587481572.814922,74.125.110.42,10.10.0.10,,,443,49235,0,1358,17
1587481572.816623,10.10.0.10,74.125.110.42,,,49235,443,0,40,17
1587481572.85204,74.125.110.42,10.10.0.10,,,443,49235,0,1358,17
1587481572.889159,74.125.110.42,10.10.0.10,,,443,49235,0,1358,17
1587481572.8912866,10.10.0.10,74.125.110.42,,,49235,443,0,40,17
1587481572.9262755,74.125.110.42,10.10.0.10,,,443,49235,0,1358,17
1587481572.9633956,74.125.110.42,10.10.0.10,,,443,49235,0,1358,17
1587481572.965895,10.10.0.10,74.125.110.42,,,49235,443,0,40,17
1587481573.000515,74.125.110.42,10.10.0.10,,,443,49235,0,1358,17
1587481573.03764,74.125.110.42,10.10.0.10,,,443,49235,0,1358,17
1587481573.039392,10.10.0.10,74.125.110.42,,,49235,443,0,40,17
1587481573.07476,173.194.182.102,10.10.0.10,,,443,41888,0,32,17
1587481573.076515,74.125.110.42,10.10.0.10,,,443,49235,0,1358,17
1587481573.11364,74.125.110.42,10.10.0.10,,,443,49235,0,1358,17
1587481573.1159332,10.10.0.10,74.125.110.42,,,49235,443,0,40,17
1587481573.150726,74.125.110.42,10.10.0.10,,,443,49235,0,1358,17
1587481573.1878722,74.125.110.42,10.10.0.10,,,443,49235,0,1358,17
1587481573.190416,10.10.0.10,74.125.110.42,,,49235,443,0,40,17
1587481573.224985,173.194.182.102,10.10.0.10,,,443,41888,0,118,17
1587481573.2290401,173.194.182.102,10.10.0.10,,,443,41888,0,1358,17
1587481573.232657,10.10.0.10,173.194.182.102,,,41888,443,0,37,17
1587481573.266162,173.194.182.102,10.10.0.10,,,443,41888,0,1358,17
1587481573.303281,173.194.182.102,10.10.0.10,,,443,41888,0,1358,17
1587481573.305033,10.10.0.10,173.194.182.102,,,41888,443,0,37,17
1587481573.340376,173.194.182.102,10.10.0.10,,,443,41888,0,1358,17
1587481573.3775382,173.194.182.102,10.10.0.10,,,443,41888,0,1358,17
1587481573.379157,10.10.0.10,173.194.182.102,,,41888,443,0,37,17
1587481573.4146562,173.194.182.102,10.10.0.10,,,443,41888,0,1358,17
1587481573.451783,173.194.182.102,10.10.0.10,,,443,41888,0,1358,17
1587481573.4529011,10.10.0.10,173.194.182.102,,,41888,443,0,37,17
1587481573.4888804,173.194.182.102,10.10.0.10,,,443,41888,0,1358,17
1587481573.490746,10.10.0.10,173.194.182.102,,,41888,443,0,37,17
1587481573.5259712,173.194.182.102,10.10.0.10,,,443,41888,0,1358,17
1587481573.563138,173.194.182.102,10.10.0.10,,,443,41888,0,1358,17
1587481573.5863366,10.10.0.10,173.194.182.102,,,41888,443,0,37,17
1587481573.600258,74.125.110.42,10.10.0.10,,,443,49235,0,1358,17
1587481573.637379,173.194.182.102,10.10.0.10,,,443,41888,0,1358,17
1587481573.6394598,10.10.0.10,74.125.110.42,,,49235,443,0,40,17
1587481573.6745028,74.125.110.42,10.10.0.10,,,443,49235,0,1358,17
1587481573.6766,10.10.0.10,173.194.182.102,,,41888,443,0,37,17
1587481573.711622,173.194.182.102,10.10.0.10,,,443,41888,0,1358,17
1587481573.7137866,10.10.0.10,74.125.110.42,,,49235,443,0,40,17
1587481573.742426,10.10.0.10,173.194.182.102,,,41888,443,0,37,17
1587481573.748734,74.125.110.42,10.10.0.10,,,443,49235,0,1358,17
1587481573.7858539,173.194.182.102,10.10.0.10,,,443,41888,0,1358,17
1587481573.787987,10.10.0.10,74.125.110.42,,,49235,443,0,40,17
1587481573.822973,173.194.182.102,10.10.0.10,,,443,41888,0,1358,17
1587481573.8248231,10.10.0.10,173.194.182.102,,,41888,443,0,37,17
1587481573.8600929,74.125.110.42,10.10.0.10,,,443,49235,0,1358,17
1587481573.897209,173.194.182.102,10.10.0.10,,,443,41888,0,1358,17
1587481573.9004018,10.10.0.10,74.125.110.42,,,49235,443,0,40,17
1587481573.934334,74.125.110.42,10.10.0.10,,,443,49235,0,1358,17
1587481573.9366348,10.10.0.10,173.194.182.102,,,41888,443,0,37,17
1587481573.9714491,173.194.182.102,10.10.0.10,,,443,41888,0,1358,17
1587481573.973465,10.10.0.10,74.125.110.42,,,49235,443,0,40,17
1587481574.0085082,74.125.110.42,10.10.0.10,,,443,49235,0,1358,17
1587481574.010801,10.10.0.10,173.194.182.102,,,41888,443,0,37,17
1587481574.0456932,74.125.110.42,10.10.0.10,,,443,49235,0,29,17
1587481574.0471554,10.10.0.10,74.125.110.42,,,49235,443,0,37,17
1587481574.0473359,173.194.182.102,10.10.0.10,,,443,41888,0,1358,17
1587481574.0844939,74.125.110.42,10.10.0.10,,,443,49235,0,1358,17
1587481574.0866108,10.10.0.10,173.194.182.102,,,41888,443,0,37,17
1587481574.12155,173.194.182.102,10.10.0.10,,,443,41888,0,1358,17
1587481574.123498,10.10.0.10,74.125.110.42,,,49235,443,0,37,17
1587481574.1587224,173.194.182.102,10.10.0.10,,,443,41888,0,1358,17
1587481574.1958141,74.125.110.42,10.10.0.10,,,443,49235,0,1358,17
1587481574.199896,10.10.0.10,173.194.182.102,,,41888,443,0,37,17
1587481574.2329636,173.194.182.102,10.10.0.10,,,443,41888,0,1358,17
1587481574.2402682,10.10.0.10,173.194.182.102,,,41888,443,0,37,17
1587481574.240708,10.10.0.10,74.125.110.42,,,49235,443,0,37,17
1587481574.2700374,74.125.110.42,10.10.0.10,,,443,49235,0,1358,17
1587481574.3072062,173.194.182.102,10.10.0.10,,,443,41888,0,1358,17
1587481574.3092089,10.10.0.10,74.125.110.42,,,49235,443,0,37,17
1587481574.345446,74.125.110.42,10.10.0.10,,,443,49235,0,1358,17
1587481574.347699,10.10.0.10,173.194.182.102,,,41888,443,0,37,17
1587481574.382567,173.194.182.102,10.10.0.10,,,443,41888,0,1358,17
1587481574.4196198,173.194.182.102,10.10.0.10,,,443,41888,0,1358,17
1587481574.4568489,74.125.110.42,10.10.0.10,,,443,49235,0,1358,17
1587481574.457319,10.10.0.10,74.125.110.42,,,49235,443,0,37,17
1587481574.4600186,10.10.0.10,173.194.182.102,,,41888,443,0,37,17
1587481574.493938,173.194.182.102,10.10.0.10,,,443,41888,0,1358,17
1587481574.5310562,74.125.110.42,10.10.0.10,,,443,49235,0,1358,17
1587481574.568179,173.194.182.102,10.10.0.10,,,443,41888,0,1358,17
1587481574.6052976,74.125.110.42,10.10.0.10,,,443,49235,0,1358,17
1587481574.6424198,173.194.182.102,10.10.0.10,,,443,41888,0,1358,17
1587481574.679541,74.125.110.42,10.10.0.10,,,443,49235,0,1358,17
1587481574.6955948,10.10.0.10,74.125.110.42,,,49235,443,0,37,17
1587481574.695649,10.10.0.10,173.194.182.102,,,41888,443,0,37,17
1587481574.7166278,173.194.182.102,10.10.0.10,,,443,41888,0,1358,17
1587481574.753743,74.125.110.42,10.10.0.10,,,443,49235,0,1358,17
1587481574.790902,173.194.182.102,10.10.0.10,,,443,41888,0,1358,17
1587481574.815518,10.10.0.10,74.125.110.42,,,49235,443,0,37,17
1587481574.8279812,74.125.110.42,10.10.0.10,,,443,49235,0,1358,17
1587481574.865133,173.194.182.102,10.10.0.10,,,443,41888,0,1358,17
1587481574.9022524,74.125.110.42,10.10.0.10,,,443,49235,0,1358,17
1587481574.9393158,173.194.182.102,10.10.0.10,,,443,41888,0,1358,17
1587481574.9764938,74.125.110.42,10.10.0.10,,,443,49235,0,1358,17
1587481575.0136142,173.194.182.102,10.10.0.10,,,443,41888,0,1358,17
1587481575.050733,74.125.110.42,10.10.0.10,,,443,49235,0,1358,17
1587481575.0878534,173.194.182.102,10.10.0.10,,,443,41888,0,1358,17
1587481575.124973,74.125.110.42,10.10.0.10,,,443,49235,0,1358,17
1587481575.1620169,173.194.182.102,10.10.0.10,,,443,41888,0,1358,17
1587481575.1991556,74.125.110.42,10.10.0.10,,,443,49235,0,1358,17
1587481575.2363002,173.194.182.102,10.10.0.10,,,443,41888,0,1358,17
1587481575.273443,74.125.110.42,10.10.0.10,,,443,49235,0,1358,17
1587481575.310569,173.194.182.102,10.10.0.10,,,443,41888,0,1358,17
1587481575.3476946,74.125.110.42,10.10.0.10,,,443,49235,0,746,17
1587481575.368492,173.194.182.102,10.10.0.10,,,443,41888,0,1358,17
1587481575.4056122,173.194.182.102,10.10.0.10,,,443,41888,0,1358,17
1587481575.4427052,173.194.182.102,10.10.0.10,,,443,41888,0,1358,17
1587481575.4798481,173.194.182.102,10.10.0.10,,,443,41888,0,1358,17
1587481575.484604,10.10.0.10,74.125.110.42,,,49235,443,0,50,17
1587481575.4852445,10.10.0.10,173.194.182.102,,,41888,443,0,37,17
1587481575.489904,10.10.0.10,74.125.110.42,,,49235,443,0,37,17
1587481575.49012,10.10.0.10,173.194.182.102,,,41888,443,0,37,17
1587481575.494072,10.10.0.10,74.125.110.42,,,49235,443,0,37,17
1587481575.4952452,10.10.0.10,173.194.182.102,,,41888,443,0,50,17
1587481575.516972,173.194.182.102,10.10.0.10,,,443,41888,0,1358,17
1587481575.5540922,173.194.182.102,10.10.0.10,,,443,41888,0,1358,17
1587481575.591208,173.194.182.102,10.10.0.10,,,443,41888,0,1358,17
1587481575.591624,10.10.0.10,74.125.110.42,,,49235,443,0,37,17
1587481575.5916786,10.10.0.10,173.194.182.102,,,41888,443,0,37,17
1587481575.5962052,10.10.0.10,173.194.182.102,,,41888,443,0,37,17
1587481575.610785,10.10.0.10,74.125.110.42,,,49235,443,0,37,17
1587481575.6124258,10.10.0.10,173.194.182.102,,,41888,443,0,37,17
1587481575.613352,10.10.0.10,173.194.182.102,,,41888,443,0,37,17
1587481575.6148922,10.10.0.10,173.194.182.102,,,41888,443,0,37,17
1587481575.615849,10.10.0.10,173.194.182.102,,,41888,443,0,37,17
1587481575.628331,173.194.182.102,10.10.0.10,,,443,41888,0,1358,17
1587481575.665494,173.194.182.102,10.10.0.10,,,443,41888,0,1358,17
1587481575.7025795,173.194.182.102,10.10.0.10,,,443,41888,0,1358,17
1587481575.7116768,10.10.0.10,74.125.110.42,,,49235,443,0,684,17
1587481575.7117279,10.10.0.10,74.125.110.42,,,49235,443,0,48,17
1587481575.715657,10.10.0.10,173.194.182.102,,,41888,443,0,37,17
1587481575.739698,173.194.182.102,10.10.0.10,,,443,41888,0,1358,17
1587481575.77682,173.194.182.102,10.10.0.10,,,443,41888,0,1358,17
1587481575.815058,173.194.182.102,10.10.0.10,,,443,41888,0,1358,17
1587481575.833015,10.10.0.10,173.194.182.102,,,41888,443,0,37,17
1587481575.836025,10.10.0.10,173.194.182.102,,,41888,443,0,37,17
1587481575.852104,173.194.182.102,10.10.0.10,,,443,41888,0,1358,17
1587481575.854021,10.10.0.10,173.194.182.102,,,41888,443,0,37,17
1587481575.8892438,173.194.182.102,10.10.0.10,,,443,41888,0,1358,17
1587481575.926444,173.194.182.102,10.10.0.10,,,443,41888,0,1358,17
1587481575.9366052,10.10.0.10,173.194.182.102,,,41888,443,0,37,17
1587481575.963468,173.194.182.102,10.10.0.10,,,443,41888,0,1358,17
1587481575.994647,10.10.0.10,173.194.182.102,,,41888,443,0,37,17
1587481576.000653,173.194.182.102,10.10.0.10,,,443,41888,0,1358,17
1587481576.0377688,173.194.182.102,10.10.0.10,,,443,41888,0,1358,17
1587481576.040522,10.10.0.10,173.194.182.102,,,41888,443,0,37,17
1587481576.0748932,173.194.182.102,10.10.0.10,,,443,41888,0,1358,17
1587481576.112009,173.194.182.102,10.10.0.10,,,443,41888,0,1358,17
1587481576.1139002,10.10.0.10,173.194.182.102,,,41888,443,0,37,17
1587481576.1491332,173.194.182.102,10.10.0.10,,,443,41888,0,1358,17
1587481576.186249,173.194.182.102,10.10.0.10,,,443,41888,0,1358,17
1587481576.188805,10.10.0.10,173.194.182.102,,,41888,443,0,37,17
1587481576.223368,173.194.182.102,10.10.0.10,,,443,41888,0,1358,17
1587481576.257671,10.10.0.10,173.194.182.102,,,41888,443,0,37,17
1587481576.260492,173.194.182.102,10.10.0.10,,,443,41888,0,1358,17
1587481576.297625,173.194.182.102,10.10.0.10,,,443,41888,0,1358,17
1587481576.2995422,10.10.0.10,173.194.182.102,,,41888,443,0,37,17
1587481576.334732,173.194.182.102,10.10.0.10,,,443,41888,0,1358,17
1587481576.3718526,173.194.182.102,10.10.0.10,,,443,41888,0,1358,17
1587481576.373726,10.10.0.10,173.194.182.102,,,41888,443,0,37,17
1587481576.408969,173.194.182.102,10.10.0.10,,,443,41888,0,1358,17
1587481576.4460292,173.194.182.102,10.10.0.10,,,443,41888,0,1358,17
1587481576.448272,10.10.0.10,173.194.182.102,,,41888,443,0,37,17
1587481576.4832141,173.194.182.102,10.10.0.10,,,443,41888,0,1358,17
1587481576.520329,173.194.182.102,10.10.0.10,,,443,41888,0,29,17
1587481576.521981,74.125.110.42,10.10.0.10,,,443,49235,0,29,17
1587481576.5219948,10.10.0.10,173.194.182.102,,,41888,443,0,50,17
1587481576.523673,173.194.182.102,10.10.0.10,,,443,41888,0,1358,17
1587481576.5608141,173.194.182.102,10.10.0.10,,,443,41888,0,1358,17
1587481576.562391,10.10.0.10,173.194.182.102,,,41888,443,0,37,17
1587481576.597928,173.194.182.102,10.10.0.10,,,443,41888,0,1358,17
1587481576.635047,173.194.182.102,10.10.0.10,,,443,41888,0,1358,17
1587481576.636703,10.10.0.10,173.194.182.102,,,41888,443,0,37,17
1587481576.672173,173.194.182.102,10.10.0.10,,,443,41888,0,1358,17
1587481576.7092922,74.125.110.42,10.10.0.10,,,443,49235,0,115,17
1587481576.7132616,74.125.110.42,10.10.0.10,,,443,49235,0,1358,17
1587481576.7175386,10.10.0.10,173.194.182.102,,,41888,443,0,37,17
1587481576.7183518,10.10.0.10,74.125.110.42,,,49235,443,0,37,17
1587481576.750386,74.125.110.42,10.10.0.10,,,443,49235,0,1358,17
1587481576.7875068,74.125.110.42,10.10.0.10,,,443,49235,0,1358,17
1587481576.789248,10.10.0.10,74.125.110.42,,,49235,443,0,37,17
1587481576.8246212,74.125.110.42,10.10.0.10,,,443,49235,0,1358,17
1587481576.8617446,74.125.110.42,10.10.0.10,,,443,49235,0,1358,17
1587481576.86364,10.10.0.10,74.125.110.42,,,49235,443,0,37,17
1587481576.8988008,74.125.110.42,10.10.0.10,,,443,49235,0,1358,17
1587481576.935987,74.125.110.42,10.10.0.10,,,443,49235,0,1358,17
1587481576.937911,10.10.0.10,74.125.110.42,,,49235,443,0,37,17
1587481576.973073,74.125.110.42,10.10.0.10,,,443,49235,0,1358,17
1587481577.0090704,10.10.0.10,74.125.110.42,,,49235,443,0,37,17
1587481577.010221,74.125.110.42,10.10.0.10,,,443,49235,0,1358,17
1587481577.047343,173.194.182.102,10.10.0.10,,,443,41888,0,1358,17
1587481577.050615,10.10.0.10,74.125.110.42,,,49235,443,0,37,17
1587481577.084466,173.194.182.102,10.10.0.10,,,443,41888,0,1358,17
1587481577.121585,74.125.110.42,10.10.0.10,,,443,49235,0,1358,17
1587481577.15869,173.194.182.102,10.10.0.10,,,443,41888,0,1358,17
1587481577.165298,10.10.0.10,173.194.182.102,,,41888,443,0,37,17
1587481577.1902368,10.10.0.10,74.125.110.42,,,49235,443,0,40,17
1587481577.1916456,10.10.0.10,173.194.182.102,,,41888,443,0,37,17
1587481577.1958199,173.194.182.102,10.10.0.10,,,443,41888,0,1358,17
1587481577.2329054,173.194.182.102,10.10.0.10,,,443,41888,0,1358,17
1587481577.235354,10.10.0.10,173.194.182.102,,,41888,443,0,37,17
1587481577.270065,74.125.110.42,10.10.0.10,,,443,49235,0,1358,17
1587481577.271799,10.10.0.10,74.125.110.42,,,49235,443,0,42,17
1587481577.307169,173.194.182.102,10.10.0.10,,,443,41888,0,1358,17
1587481577.344295,173.194.182.102,10.10.0.10,,,443,41888,0,1358,17
1587481577.3460946,10.10.0.10,173.194.182.102,,,41888,443,0,37,17
1587481577.381419,74.125.110.42,10.10.0.10,,,443,49235,0,1358,17
1587481577.396589,10.10.0.10,74.125.110.42,,,49235,443,0,42,17
1587481577.418537,173.194.182.102,10.10.0.10,,,443,41888,0,1358,17
1587481577.455658,74.125.110.42,10.10.0.10,,,443,49235,0,1358,17
1587481577.457473,10.10.0.10,74.125.110.42,,,49235,443,0,42,17
1587481577.4577308,10.10.0.10,173.194.182.102,,,41888,443,0,37,17
1587481577.4927778,173.194.182.102,10.10.0.10,,,443,41888,0,1358,17
1587481577.5298991,173.194.182.102,10.10.0.10,,,443,41888,0,1358,17
1587481577.5317242,10.10.0.10,173.194.182.102,,,41888,443,0,37,17
1587481577.567017,74.125.110.42,10.10.0.10,,,443,49235,0,1358,17
1587481577.5687342,10.10.0.10,74.125.110.42,,,49235,443,0,44,17
1587481577.6041384,74.125.110.42,10.10.0.10,,,443,49235,0,1358,17
1587481577.641259,74.125.110.42,10.10.0.10,,,443,49235,0,1358,17
1587481577.678376,74.125.110.42,10.10.0.10,,,443,49235,0,1358,17
1587481577.7006452,10.10.0.10,74.125.110.42,,,49235,443,0,44,17
1587481577.702312,10.10.0.10,74.125.110.42,,,49235,443,0,44,17
1587481577.7025492,10.10.0.10,74.125.110.42,,,49235,443,0,44,17
1587481577.7154891,74.125.110.42,10.10.0.10,,,443,49235,0,1358,17
1587481577.752617,74.125.110.42,10.10.0.10,,,443,49235,0,1358,17
1587481577.7555628,10.10.0.10,74.125.110.42,,,49235,443,0,44,17
1587481577.789744,173.194.182.102,10.10.0.10,,,443,41888,0,29,17
1587481577.7914221,74.125.110.42,10.10.0.10,,,443,49235,0,1358,17
1587481577.8285446,74.125.110.42,10.10.0.10,,,443,49235,0,1358,17
1587481577.830192,10.10.0.10,74.125.110.42,,,49235,443,0,44,17
1587481577.865665,74.125.110.42,10.10.0.10,,,443,49235,0,1358,17
1587481577.9027839,74.125.110.42,10.10.0.10,,,443,49235,0,1358,17
1587481577.905046,10.10.0.10,74.125.110.42,,,49235,443,0,44,17
1587481577.9398394,74.125.110.42,10.10.0.10,,,443,49235,0,1358,17
1587481577.9768848,10.10.0.10,74.125.110.42,,,49235,443,0,44,17
1587481577.977017,74.125.110.42,10.10.0.10,,,443,49235,0,1358,17
1587481578.018598,74.125.110.42,10.10.0.10,,,443,49235,0,1358,17
1587481578.020402,10.10.0.10,74.125.110.42,,,49235,443,0,44,17
1587481578.0557199,74.125.110.42,10.10.0.10,,,443,49235,0,1358,17
1587481578.092841,74.125.110.42,10.10.0.10,,,443,49235,0,1358,17
1587481578.1002178,10.10.0.10,74.125.110.42,,,49235,443,0,57,17
1587481578.1299558,74.125.110.42,10.10.0.10,,,443,49235,0,1358,17
1587481578.167021,74.125.110.42,10.10.0.10,,,443,49235,0,1358,17
1587481578.1725366,10.10.0.10,74.125.110.42,,,49235,443,0,44,17
1587481578.208641,74.125.110.42,10.10.0.10,,,443,49235,0,1358,17
1587481578.2457206,74.125.110.42,10.10.0.10,,,443,49235,0,1358,17
1587481578.247402,10.10.0.10,74.125.110.42,,,49235,443,0,44,17
1587481578.2828784,173.194.182.102,10.10.0.10,,,443,41888,0,1358,17
1587481578.319996,173.194.182.102,10.10.0.10,,,443,41888,0,1358,17
1587481578.321686,10.10.0.10,173.194.182.102,,,41888,443,0,37,17
1587481578.357128,74.125.110.42,10.10.0.10,,,443,49235,0,1358,17
1587481578.394246,173.194.182.102,10.10.0.10,,,443,41888,0,1358,17
1587481578.397351,10.10.0.10,74.125.110.42,,,49235,443,0,44,17
1587481578.43137,74.125.110.42,10.10.0.10,,,443,49235,0,1358,17
1587481578.434726,10.10.0.10,173.194.182.102,,,41888,443,0,37,17
1587481578.472945,173.194.182.102,10.10.0.10,,,443,41888,0,1358,17
1587481578.510062,173.194.182.102,10.10.0.10,,,443,41888,0,1358,17
1587481578.5471814,74.125.110.42,10.10.0.10,,,443,49235,0,1358,17
1587481578.547209,10.10.0.10,74.125.110.42,,,49235,443,0,44,17
1587481578.5502696,10.10.0.10,173.194.182.102,,,41888,443,0,37,17
1587481578.5843036,74.125.110.42,10.10.0.10,,,443,49235,0,1358,17
1587481578.621423,74.125.110.42,10.10.0.10,,,443,49235,0,1358,17
1587481578.658545,74.125.110.42,10.10.0.10,,,443,49235,0,1358,17
1587481578.6956668,74.125.110.42,10.10.0.10,,,443,49235,0,1358,17
1587481578.7327938,74.125.110.42,10.10.0.10,,,443,49235,0,1358,17
1587481578.7699091,74.125.110.42,10.10.0.10,,,443,49235,0,1358,17
1587481578.7918222,10.10.0.10,74.125.110.42,,,49235,443,0,44,17
1587481578.8070312,74.125.110.42,10.10.0.10,,,443,49235,0,1358,17
1587481578.84415,74.125.110.42,10.10.0.10,,,443,49235,0,1358,17
1587481578.881217,74.125.110.42,10.10.0.10,,,443,49235,0,1358,17
1587481578.91839,74.125.110.42,10.10.0.10,,,443,49235,0,1358,17
1587481578.955466,74.125.110.42,10.10.0.10,,,443,49235,0,1358,17
1587481578.9926348,173.194.182.102,10.10.0.10,,,443,41888,0,1358,17
1587481579.029757,74.125.110.42,10.10.0.10,,,443,49235,0,1358,17
1587481579.0668714,173.194.182.102,10.10.0.10,,,443,41888,0,1358,17
1587481579.1039965,74.125.110.42,10.10.0.10,,,443,49235,0,1358,17
1587481579.141059,173.194.182.102,10.10.0.10,,,443,41888,0,1358,17
1587481579.1782072,173.194.182.102,10.10.0.10,,,443,41888,0,1358,17
1587481579.2153318,173.194.182.102,10.10.0.10,,,443,41888,0,1358,17
1587481579.252449,74.125.110.42,10.10.0.10,,,443,49235,0,1358,17
1587481579.289595,173.194.182.102,10.10.0.10,,,443,41888,0,1358,17
1587481579.326695,74.125.110.42,10.10.0.10,,,443,49235,0,1358,17
1587481579.363818,173.194.182.102,10.10.0.10,,,443,41888,0,1358,17
1587481579.4009366,173.194.182.102,10.10.0.10,,,443,41888,0,1358,17
1587481579.438027,74.125.110.42,10.10.0.10,,,443,49235,0,1358,17
1587481579.475177,173.194.182.102,10.10.0.10,,,443,41888,0,1358,17
1587481579.5122988,74.125.110.42,10.10.0.10,,,443,49235,0,1358,17
1587481579.549418,173.194.182.102,10.10.0.10,,,443,41888,0,1358,17
1587481579.586537,74.125.110.42,10.10.0.10,,,443,49235,0,1358,17
1587481579.623655,173.194.182.102,10.10.0.10,,,443,41888,0,1358,17
1587481579.660775,74.125.110.42,10.10.0.10,,,443,49235,0,1358,17
1587481579.6978538,173.194.182.102,10.10.0.10,,,443,41888,0,1358,17
1587481579.735014,173.194.182.102,10.10.0.10,,,443,41888,0,1358,17
1587481579.7606108,10.10.0.10,74.125.110.42,,,49235,443,0,44,17
1587481579.7630668,10.10.0.10,74.125.110.42,,,49235,443,0,44,17
1587481579.768148,10.10.0.10,74.125.110.42,,,49235,443,0,44,17
1587481579.768758,10.10.0.10,74.125.110.42,,,49235,443,0,37,17
1587481579.7719474,10.10.0.10,74.125.110.42,,,49235,443,0,37,17
1587481579.772105,74.125.110.42,10.10.0.10,,,443,49235,0,1358,17
1587481579.809256,173.194.182.102,10.10.0.10,,,443,41888,0,1358,17
1587481579.8463778,74.125.110.42,10.10.0.10,,,443,49235,0,1358,17
1587481579.867006,10.10.0.10,74.125.110.42,,,49235,443,0,37,17
1587481579.8670418,10.10.0.10,173.194.182.102,,,41888,443,0,37,17
1587481579.872803,10.10.0.10,74.125.110.42,,,49235,443,0,37,17
1587481579.875944,10.10.0.10,173.194.182.102,,,41888,443,0,37,17
1587481579.878378,10.10.0.10,173.194.182.102,,,41888,443,0,37,17
1587481579.879384,10.10.0.10,74.125.110.42,,,49235,443,0,40,17
1587481579.880441,10.10.0.10,74.125.110.42,,,49235,443,0,40,17
1587481579.880962,10.10.0.10,173.194.182.102,,,41888,443,0,37,17
1587481579.881982,10.10.0.10,74.125.110.42,,,49235,443,0,40,17
1587481579.8820946,10.10.0.10,173.194.182.102,,,41888,443,0,37,17
1587481579.8834946,173.194.182.102,10.10.0.10,,,443,41888,0,1358,17
1587481579.8841548,10.10.0.10,74.125.110.42,,,49235,443,0,40,17
1587481579.8861885,10.10.0.10,173.194.182.102,,,41888,443,0,37,17
1587481579.886224,10.10.0.10,173.194.182.102,,,41888,443,0,37,17
1587481579.886239,10.10.0.10,74.125.110.42,,,49235,443,0,40,17
1587481579.8875182,10.10.0.10,74.125.110.42,,,49235,443,0,40,17
1587481579.8882039,10.10.0.10,173.194.182.102,,,41888,443,0,50,17
1587481579.9206169,173.194.182.102,10.10.0.10,,,443,41888,0,1358,17
1587481579.9577155,74.125.110.42,10.10.0.10,,,443,49235,0,1358,17
1587481579.9948616,173.194.182.102,10.10.0.10,,,443,41888,0,1358,17
1587481579.99651,10.10.0.10,173.194.182.102,,,41888,443,0,37,17
1587481580.0319786,74.125.110.42,10.10.0.10,,,443,49235,0,1358,17
1587481580.0690668,173.194.182.102,10.10.0.10,,,443,41888,0,1358,17
1587481580.106223,74.125.110.42,10.10.0.10,,,443,49235,0,1358,17
1587481580.106998,10.10.0.10,74.125.110.42,,,49235,443,0,40,17
1587481580.1096108,10.10.0.10,74.125.110.42,,,49235,443,0,53,17
1587481580.1433446,173.194.182.102,10.10.0.10,,,443,41888,0,1358,17
1587481580.145304,10.10.0.10,173.194.182.102,,,41888,443,0,37,17
1587481580.180403,173.194.182.102,10.10.0.10,,,443,41888,0,1358,17
1587481580.2175732,173.194.182.102,10.10.0.10,,,443,41888,0,1358,17
1587481580.2192,10.10.0.10,173.194.182.102,,,41888,443,0,37,17
1587481580.2546382,173.194.182.102,10.10.0.10,,,443,41888,0,1358,17
1587481580.291787,173.194.182.102,10.10.0.10,,,443,41888,0,1358,17
1587481580.293513,10.10.0.10,173.194.182.102,,,41888,443,0,37,17
1587481580.328874,173.194.182.102,10.10.0.10,,,443,41888,0,1358,17
1587481580.36877,173.194.182.102,10.10.0.10,,,443,41888,0,1358,17
1587481580.3703,10.10.0.10,173.194.182.102,,,41888,443,0,37,17
1587481580.4059381,173.194.182.102,10.10.0.10,,,443,41888,0,1358,17
1587481580.443057,173.194.182.102,10.10.0.10,,,443,41888,0,1358,17
1587481580.444977,10.10.0.10,173.194.182.102,,,41888,443,0,37,17
1587481580.480132,173.194.182.102,10.10.0.10,,,443,41888,0,1358,17
1587481580.517276,173.194.182.102,10.10.0.10,,,443,41888,0,1358,17
1587481580.51933,10.10.0.10,173.194.182.102,,,41888,443,0,37,17
1587481580.5544212,173.194.182.102,10.10.0.10,,,443,41888,0,1358,17
1587481580.591543,173.194.182.102,10.10.0.10,,,443,41888,0,1358,17
1587481580.5962946,10.10.0.10,173.194.182.102,,,41888,443,0,37,17
1587481580.6286616,173.194.182.102,10.10.0.10,,,443,41888,0,1358,17
1587481580.665777,173.194.182.102,10.10.0.10,,,443,41888,0,1358,17
1587481580.667769,10.10.0.10,173.194.182.102,,,41888,443,0,37,17
1587481580.7029018,173.194.182.102,10.10.0.10,,,443,41888,0,1358,17
1587481580.739975,173.194.182.102,10.10.0.10,,,443,41888,0,1358,17
1587481580.7425199,10.10.0.10,173.194.182.102,,,41888,443,0,37,17
1587481580.777128,173.194.182.102,10.10.0.10,,,443,41888,0,1358,17
1587481580.814252,173.194.182.102,10.10.0.10,,,443,41888,0,1358,17
1587481580.816015,10.10.0.10,173.194.182.102,,,41888,443,0,37,17
1587481580.851375,74.125.110.42,10.10.0.10,,,443,49235,0,1358,17
1587481580.860786,10.10.0.10,74.125.110.42,,,49235,443,0,42,17
1587481580.888493,173.194.182.102,10.10.0.10,,,443,41888,0,1358,17
1587481580.9256122,74.125.110.42,10.10.0.10,,,443,49235,0,1358,17
1587481580.927512,10.10.0.10,74.125.110.42,,,49235,443,0,42,17
1587481580.9277458,10.10.0.10,173.194.182.102,,,41888,443,0,37,17
1587481580.962733,173.194.182.102,10.10.0.10,,,443,41888,0,1358,17
1587481580.9998536,74.125.110.42,10.10.0.10,,,443,49235,0,1358,17
1587481581.0018268,10.10.0.10,74.125.110.42,,,49235,443,0,42,17
1587481581.0020769,10.10.0.10,173.194.182.102,,,41888,443,0,37,17
1587481581.0369706,173.194.182.102,10.10.0.10,,,443,41888,0,1358,17
1587481581.074092,173.194.182.102,10.10.0.10,,,443,41888,0,29,17
1587481581.075451,10.10.0.10,173.194.182.102,,,41888,443,0,37,17
1587481581.0757082,74.125.110.42,10.10.0.10,,,443,49235,0,1358,17
1587481581.077234,10.10.0.10,74.125.110.42,,,49235,443,0,42,17
1587481581.1128922,173.194.182.102,10.10.0.10,,,443,41888,0,1358,17
1587481581.150009,173.194.182.102,10.10.0.10,,,443,41888,0,1358,17
1587481581.1673012,10.10.0.10,173.194.182.102,,,41888,443,0,37,17
1587481581.187129,74.125.110.42,10.10.0.10,,,443,49235,0,1358,17
1587481581.2242498,173.194.182.102,10.10.0.10,,,443,41888,0,1358,17
1587481581.2391868,10.10.0.10,74.125.110.42,,,49235,443,0,42,17
1587481581.261368,74.125.110.42,10.10.0.10,,,443,49235,0,1358,17
1587481581.263214,10.10.0.10,173.194.182.102,,,41888,443,0,37,17
1587481581.2984931,173.194.182.102,10.10.0.10,,,443,41888,0,1358,17
1587481581.300533,10.10.0.10,74.125.110.42,,,49235,443,0,42,17
1587481581.3356118,74.125.110.42,10.10.0.10,,,443,49235,0,1358,17
1587481581.337485,10.10.0.10,173.194.182.102,,,41888,443,0,37,17
1587481581.3727288,173.194.182.102,10.10.0.10,,,443,41888,0,1358,17
1587481581.3748028,10.10.0.10,74.125.110.42,,,49235,443,0,42,17
1587481581.4098525,74.125.110.42,10.10.0.10,,,443,49235,0,1358,17
1587481581.4127102,10.10.0.10,173.194.182.102,,,41888,443,0,37,17
1587481581.446968,173.194.182.102,10.10.0.10,,,443,41888,0,1358,17
1587481581.44907,10.10.0.10,74.125.110.42,,,49235,443,0,42,17
1587481581.484086,74.125.110.42,10.10.0.10,,,443,49235,0,1358,17
1587481581.486335,10.10.0.10,173.194.182.102,,,41888,443,0,37,17
1587481581.52121,74.125.110.42,10.10.0.10,,,443,49235,0,29,17
1587481581.522716,10.10.0.10,74.125.110.42,,,49235,443,0,40,17
1587481581.5228698,173.194.182.102,10.10.0.10,,,443,41888,0,1358,17
1587481581.560011,74.125.110.42,10.10.0.10,,,443,49235,0,1358,17
1587481581.562104,10.10.0.10,173.194.182.102,,,41888,443,0,50,17
1587481581.597135,173.194.182.102,10.10.0.10,,,443,41888,0,1358,17
1587481581.599657,10.10.0.10,74.125.110.42,,,49235,443,0,40,17
1587481581.6342,74.125.110.42,10.10.0.10,,,443,49235,0,1358,17
1587481581.637496,10.10.0.10,173.194.182.102,,,41888,443,0,37,17
1587481581.665434,10.10.0.10,74.125.110.42,,,49235,443,0,40,17
1587481581.671362,173.194.182.102,10.10.0.10,,,443,41888,0,1358,17
1587481581.708484,74.125.110.42,10.10.0.10,,,443,49235,0,1358,17
1587481581.710526,10.10.0.10,173.194.182.102,,,41888,443,0,37,17
1587481581.736433,10.10.0.10,74.125.110.42,,,49235,443,0,40,17
1587481581.7456062,173.194.182.102,10.10.0.10,,,443,41888,0,1358,17
1587481581.782725,173.194.182.102,10.10.0.10,,,443,41888,0,1358,17
1587481581.784833,10.10.0.10,173.194.182.102,,,41888,443,0,37,17
1587481581.819847,173.194.182.102,10.10.0.10,,,443,41888,0,1358,17
1587481581.822098,10.10.0.10,173.194.182.102,,,41888,443,0,40,17
1587481581.856968,173.194.182.102,10.10.0.10,,,443,41888,0,1358,17
1587481581.858998,10.10.0.10,173.194.182.102,,,41888,443,0,40,17
1587481581.894094,173.194.182.102,10.10.0.10,,,443,41888,0,1358,17
1587481581.8958,10.10.0.10,173.194.182.102,,,41888,443,0,40,17
1587481581.931211,173.194.182.102,10.10.0.10,,,443,41888,0,1358,17
1587481581.932965,10.10.0.10,173.194.182.102,,,41888,443,0,40,17
1587481581.9683352,173.194.182.102,10.10.0.10,,,443,41888,0,1358,17
1587481582.0038438,10.10.0.10,173.194.182.102,,,41888,443,0,40,17
1587481582.005451,173.194.182.102,10.10.0.10,,,443,41888,0,1358,17
1587481582.033175,10.10.0.10,173.194.182.102,,,41888,443,0,40,17
1587481582.0425742,173.194.182.102,10.10.0.10,,,443,41888,0,1358,17
1587481582.079691,173.194.182.102,10.10.0.10,,,443,41888,0,1358,17
1587481582.0817158,10.10.0.10,173.194.182.102,,,41888,443,0,40,17
1587481582.1168132,173.194.182.102,10.10.0.10,,,443,41888,0,1358,17
1587481582.153935,173.194.182.102,10.10.0.10,,,443,41888,0,1358,17
1587481582.156856,10.10.0.10,173.194.182.102,,,41888,443,0,40,17
1587481582.1921089,173.194.182.102,10.10.0.10,,,443,41888,0,1358,17
1587481582.229274,173.194.182.102,10.10.0.10,,,443,41888,0,1358,17
1587481582.2314918,10.10.0.10,173.194.182.102,,,41888,443,0,40,17
1587481582.2663991,173.194.182.102,10.10.0.10,,,443,41888,0,1358,17
1587481582.3034651,74.125.110.42,10.10.0.10,,,443,49235,0,1358,17
1587481582.308231,10.10.0.10,173.194.182.102,,,41888,443,0,40,17
1587481582.3406448,173.194.182.102,10.10.0.10,,,443,41888,0,1358,17
1587481582.3437223,10.10.0.10,74.125.110.42,,,49235,443,0,40,17
1587481582.372839,10.10.0.10,173.194.182.102,,,41888,443,0,40,17
1587481582.377774,173.194.182.102,10.10.0.10,,,443,41888,0,1358,17
1587481582.4148898,74.125.110.42,10.10.0.10,,,443,49235,0,1358,17
1587481582.416915,10.10.0.10,173.194.182.102,,,41888,443,0,40,17
1587481582.451296,10.10.0.10,74.125.110.42,,,49235,443,0,40,17
1587481582.451985,173.194.182.102,10.10.0.10,,,443,41888,0,1358,17
1587481582.4891381,173.194.182.102,10.10.0.10,,,443,41888,0,1358,17
1587481582.526263,74.125.110.42,10.10.0.10,,,443,49235,0,1358,17
1587481582.56337,173.194.182.102,10.10.0.10,,,443,41888,0,1358,17
1587481582.6004946,173.194.182.102,10.10.0.10,,,443,41888,0,1358,17
1587481582.637609,74.125.110.42,10.10.0.10,,,443,49235,0,1358,17
1587481582.646733,10.10.0.10,173.194.182.102,,,41888,443,0,40,17
1587481582.649607,10.10.0.10,173.194.182.102,,,41888,443,0,40,17
1587481582.6529381,10.10.0.10,74.125.110.42,,,49235,443,0,42,17
1587481582.674741,173.194.182.102,10.10.0.10,,,443,41888,0,1358,17
1587481582.711849,74.125.110.42,10.10.0.10,,,443,49235,0,1358,17
1587481582.748971,173.194.182.102,10.10.0.10,,,443,41888,0,1358,17
1587481582.7860944,173.194.182.102,10.10.0.10,,,443,41888,0,1358,17
1587481582.823209,173.194.182.102,10.10.0.10,,,443,41888,0,1358,17
1587481582.860328,74.125.110.42,10.10.0.10,,,443,49235,0,1358,17
1587481582.8867366,10.10.0.10,173.194.182.102,,,41888,443,0,40,17
1587481582.8974519,173.194.182.102,10.10.0.10,,,443,41888,0,852,17
1587481582.9210749,74.125.110.42,10.10.0.10,,,443,49235,0,1358,17
1587481582.9581332,74.125.110.42,10.10.0.10,,,443,49235,0,1358,17
1587481582.995321,74.125.110.42,10.10.0.10,,,443,49235,0,1358,17
1587481583.03244,74.125.110.42,10.10.0.10,,,443,49235,0,1358,17
1587481583.069559,74.125.110.42,10.10.0.10,,,443,49235,0,1358,17
1587481583.106679,173.194.182.102,10.10.0.10,,,443,41888,0,30,17
1587481583.108382,74.125.110.42,10.10.0.10,,,443,49235,0,1358,17
1587481583.1455061,74.125.110.42,10.10.0.10,,,443,49235,0,1358,17
1587481583.182555,74.125.110.42,10.10.0.10,,,443,49235,0,1358,17
1587481583.219717,74.125.110.42,10.10.0.10,,,443,49235,0,1358,17
1587481583.257954,74.125.110.42,10.10.0.10,,,443,49235,0,1358,17
1587481583.29509,74.125.110.42,10.10.0.10,,,443,49235,0,1358,17
1587481583.332202,74.125.110.42,10.10.0.10,,,443,49235,0,1358,17
1587481583.3693461,173.194.182.102,10.10.0.10,,,443,41888,0,1358,17
1587481583.406467,74.125.110.42,10.10.0.10,,,443,49235,0,1358,17
1587481583.4435868,74.125.110.42,10.10.0.10,,,443,49235,0,1358,17
1587481583.480712,74.125.110.42,10.10.0.10,,,443,49235,0,1358,17
1587481583.517831,74.125.110.42,10.10.0.10,,,443,49235,0,1358,17
1587481583.554952,74.125.110.42,10.10.0.10,,,443,49235,0,1358,17
1587481583.5920749,74.125.110.42,10.10.0.10,,,443,49235,0,1358,17
1587481583.629195,74.125.110.42,10.10.0.10,,,443,49235,0,1358,17
1587481583.666239,74.125.110.42,10.10.0.10,,,443,49235,0,1358,17
1587481583.703422,74.125.110.42,10.10.0.10,,,443,49235,0,1358,17
1587481583.7405422,74.125.110.42,10.10.0.10,,,443,49235,0,1358,17
1587481583.777664,74.125.110.42,10.10.0.10,,,443,49235,0,1358,17
1587481583.814786,74.125.110.42,10.10.0.10,,,443,49235,0,1358,17
1587481583.8467894,10.10.0.10,173.194.182.102,,,41888,443,0,43,17
1587481583.8519075,74.125.110.42,10.10.0.10,,,443,49235,0,1358,17
1587481583.889022,74.125.110.42,10.10.0.10,,,443,49235,0,1358,17
1587481583.9261448,74.125.110.42,10.10.0.10,,,443,49235,0,1358,17
1587481583.9632301,74.125.110.42,10.10.0.10,,,443,49235,0,1358,17
1587481583.966864,10.10.0.10,74.125.110.42,,,49235,443,0,42,17
1587481584.000384,74.125.110.42,10.10.0.10,,,443,49235,0,1358,17
1587481584.037503,74.125.110.42,10.10.0.10,,,443,49235,0,1358,17
1587481584.074626,74.125.110.42,10.10.0.10,,,443,49235,0,1358,17
1587481584.0868962,10.10.0.10,173.194.182.102,,,41888,443,0,40,17
1587481584.0869539,10.10.0.10,173.194.182.102,,,41888,443,0,40,17
1587481584.1117456,74.125.110.42,10.10.0.10,,,443,49235,0,1358,17
1587481584.148867,74.125.110.42,10.10.0.10,,,443,49235,0,1358,17
1587481584.1785972,10.10.0.10,74.125.110.42,,,49235,443,0,42,17
1587481584.178648,10.10.0.10,74.125.110.42,,,49235,443,0,42,17
1587481584.185934,74.125.110.42,10.10.0.10,,,443,49235,0,1358,17
1587481584.223066,74.125.110.42,10.10.0.10,,,443,49235,0,1358,17
1587481584.2602134,74.125.110.42,10.10.0.10,,,443,49235,0,1358,17
1587481584.2696602,10.10.0.10,74.125.110.42,,,49235,443,0,42,17
1587481584.269691,10.10.0.10,74.125.110.42,,,49235,443,0,55,17
1587481584.2715206,10.10.0.10,74.125.110.42,,,49235,443,0,42,17
1587481584.271553,10.10.0.10,74.125.110.42,,,49235,443,0,42,17
1587481584.27156,10.10.0.10,74.125.110.42,,,49235,443,0,42,17
1587481584.2717972,10.10.0.10,173.194.182.102,,,41888,443,0,40,17
1587481584.2718134,10.10.0.10,74.125.110.42,,,49235,443,0,42,17
1587481584.273578,10.10.0.10,74.125.110.42,,,49235,443,0,42,17
1587481584.2737868,10.10.0.10,74.125.110.42,,,49235,443,0,42,17
1587481584.273807,10.10.0.10,74.125.110.42,,,49235,443,0,42,17
1587481584.274657,10.10.0.10,74.125.110.42,,,49235,443,0,42,17
1587481584.2749882,10.10.0.10,173.194.182.102,,,41888,443,0,710,17
1587481584.2749991,10.10.0.10,173.194.182.102,,,41888,443,0,48,17
1587481584.2752838,10.10.0.10,74.125.110.42,,,49235,443,0,42,17
1587481584.278855,10.10.0.10,74.125.110.42,,,49235,443,0,42,17
1587481584.281407,10.10.0.10,74.125.110.42,,,49235,443,0,42,17
1587481584.284542,10.10.0.10,74.125.110.42,,,49235,443,0,42,17
1587481584.288135,10.10.0.10,74.125.110.42,,,49235,443,0,42,17
1587481584.297341,74.125.110.42,10.10.0.10,,,443,49235,0,1358,17
1587481584.2993562,10.10.0.10,74.125.110.42,,,49235,443,0,42,17
1587481584.328741,10.10.0.10,74.125.110.42,,,49235,443,0,42,17
1587481584.334455,74.125.110.42,10.10.0.10,,,443,49235,0,1358,17
1587481584.335839,10.10.0.10,74.125.110.42,,,49235,443,0,44,17
1587481584.336431,10.10.0.10,74.125.110.42,,,49235,443,0,46,17
1587481584.3715742,74.125.110.42,10.10.0.10,,,443,49235,0,1358,17
1587481584.3733635,10.10.0.10,74.125.110.42,,,49235,443,0,46,17
1587481584.408694,74.125.110.42,10.10.0.10,,,443,49235,0,1358,17
1587481584.436825,10.10.0.10,74.125.110.42,,,49235,443,0,46,17
1587481584.4458141,74.125.110.42,10.10.0.10,,,443,49235,0,1358,17
1587481584.448138,10.10.0.10,74.125.110.42,,,49235,443,0,59,17
1587481584.4829402,173.194.182.102,10.10.0.10,,,443,41888,0,32,17
1587481584.4846988,74.125.110.42,10.10.0.10,,,443,49235,0,610,17
1587481584.501874,173.194.182.102,10.10.0.10,,,443,41888,0,118,17
1587481584.505926,173.194.182.102,10.10.0.10,,,443,41888,0,1358,17
1587481584.508022,10.10.0.10,173.194.182.102,,,41888,443,0,37,17
1587481584.5151286,10.10.0.10,74.125.110.42,,,49235,443,0,46,17
1587481584.543047,173.194.182.102,10.10.0.10,,,443,41888,0,1358,17
1587481584.5801704,173.194.182.102,10.10.0.10,,,443,41888,0,1358,17
1587481584.582531,10.10.0.10,173.194.182.102,,,41888,443,0,37,17
1587481584.6172922,173.194.182.102,10.10.0.10,,,443,41888,0,1358,17
1587481584.6544132,173.194.182.102,10.10.0.10,,,443,41888,0,1358,17
1587481584.6915278,173.194.182.102,10.10.0.10,,,443,41888,0,1358,17
1587481584.72865,173.194.182.102,10.10.0.10,,,443,41888,0,1358,17
1587481584.760702,10.10.0.10,173.194.182.102,,,41888,443,0,37,17
1587481584.7635012,10.10.0.10,173.194.182.102,,,41888,443,0,37,17
1587481584.765704,173.194.182.102,10.10.0.10,,,443,41888,0,1358,17
1587481584.8028688,173.194.182.102,10.10.0.10,,,443,41888,0,1358,17
1587481584.805609,10.10.0.10,173.194.182.102,,,41888,443,0,37,17
1587481584.8400161,173.194.182.102,10.10.0.10,,,443,41888,0,1358,17
1587481584.8771384,74.125.110.42,10.10.0.10,,,443,49235,0,29,17
1587481584.8787556,173.194.182.102,10.10.0.10,,,443,41888,0,1358,17
1587481584.8809972,10.10.0.10,173.194.182.102,,,41888,443,0,37,17
1587481584.9159398,74.125.110.42,10.10.0.10,,,443,49235,0,1358,17
1587481584.953052,173.194.182.102,10.10.0.10,,,443,41888,0,1358,17
1587481584.9557214,10.10.0.10,74.125.110.42,,,49235,443,0,42,17
1587481584.990175,173.194.182.102,10.10.0.10,,,443,41888,0,1358,17
1587481584.992033,10.10.0.10,173.194.182.102,,,41888,443,0,37,17
1587481585.0272925,173.194.182.102,10.10.0.10,,,443,41888,0,1358,17
1587481585.064416,74.125.110.42,10.10.0.10,,,443,49235,0,1358,17
1587481585.078696,10.10.0.10,173.194.182.102,,,41888,443,0,37,17
1587481585.0839992,10.10.0.10,74.125.110.42,,,49235,443,0,689,17
1587481585.084184,10.10.0.10,74.125.110.42,,,49235,443,0,48,17
1587481585.1015322,173.194.182.102,10.10.0.10,,,443,41888,0,1358,17
1587481585.1386142,74.125.110.42,10.10.0.10,,,443,49235,0,29,17
1587481585.1403296,173.194.182.102,10.10.0.10,,,443,41888,0,1358,17
1587481585.1404898,10.10.0.10,173.194.182.102,,,41888,443,0,37,17
1587481585.177453,173.194.182.102,10.10.0.10,,,443,41888,0,1358,17
1587481585.1793456,10.10.0.10,173.194.182.102,,,41888,443,0,37,17
1587481585.2145276,173.194.182.102,10.10.0.10,,,443,41888,0,1358,17
1587481585.251684,173.194.182.102,10.10.0.10,,,443,41888,0,1358,17
1587481585.2536852,10.10.0.10,173.194.182.102,,,41888,443,0,37,17
1587481585.288743,173.194.182.102,10.10.0.10,,,443,41888,0,1358,17
1587481585.325728,10.10.0.10,173.194.182.102,,,41888,443,0,37,17
1587481585.3258932,173.194.182.102,10.10.0.10,,,443,41888,0,1358,17
1587481585.3630419,173.194.182.102,10.10.0.10,,,443,41888,0,1358,17
1587481585.365006,10.10.0.10,173.194.182.102,,,41888,443,0,37,17
1587481585.400161,173.194.182.102,10.10.0.10,,,443,41888,0,1358,17
1587481585.437289,173.194.182.102,10.10.0.10,,,443,41888,0,1358,17
1587481585.439465,10.10.0.10,173.194.182.102,,,41888,443,0,37,17
1587481585.4744039,173.194.182.102,10.10.0.10,,,443,41888,0,1358,17
1587481585.5114946,173.194.182.102,10.10.0.10,,,443,41888,0,1358,17
1587481585.513294,10.10.0.10,173.194.182.102,,,41888,443,0,37,17
1587481585.5486526,173.194.182.102,10.10.0.10,,,443,41888,0,1358,17
1587481585.5857732,173.194.182.102,10.10.0.10,,,443,41888,0,1358,17
1587481585.5874364,10.10.0.10,173.194.182.102,,,41888,443,0,37,17
1587481585.622892,74.125.110.42,10.10.0.10,,,443,49235,0,115,17
1587481585.6268609,74.125.110.42,10.10.0.10,,,443,49235,0,1358,17
1587481585.6286929,10.10.0.10,74.125.110.42,,,49235,443,0,37,17
1587481585.663984,74.125.110.42,10.10.0.10,,,443,49235,0,1358,17
1587481585.701101,74.125.110.42,10.10.0.10,,,443,49235,0,1358,17
1587481585.702732,10.10.0.10,74.125.110.42,,,49235,443,0,37,17
1587481585.73823,74.125.110.42,10.10.0.10,,,443,49235,0,1358,17
1587481585.775351,74.125.110.42,10.10.0.10,,,443,49235,0,1358,17
1587481585.7773228,10.10.0.10,74.125.110.42,,,49235,443,0,37,17
1587481585.812472,74.125.110.42,10.10.0.10,,,443,49235,0,1358,17
1587481585.8495939,74.125.110.42,10.10.0.10,,,443,49235,0,1358,17
1587481585.851432,10.10.0.10,74.125.110.42,,,49235,443,0,37,17
1587481585.8867376,74.125.110.42,10.10.0.10,,,443,49235,0,1358,17
1587481585.923776,74.125.110.42,10.10.0.10,,,443,49235,0,1358,17
1587481585.925926,10.10.0.10,74.125.110.42,,,49235,443,0,37,17
1587481585.96088,74.125.110.42,10.10.0.10,,,443,49235,0,1358,17
1587481585.998063,173.194.182.102,10.10.0.10,,,443,41888,0,1358,17
1587481586.001215,10.10.0.10,74.125.110.42,,,49235,443,0,37,17
1587481586.0352125,74.125.110.42,10.10.0.10,,,443,49235,0,1358,17
1587481586.0372784,10.10.0.10,173.194.182.102,,,41888,443,0,37,17
1587481586.0723019,173.194.182.102,10.10.0.10,,,443,41888,0,1358,17
1587481586.074215,10.10.0.10,74.125.110.42,,,49235,443,0,37,17
1587481586.109422,74.125.110.42,10.10.0.10,,,443,49235,0,1358,17
1587481586.114047,10.10.0.10,173.194.182.102,,,41888,443,0,37,17
1587481586.146527,173.194.182.102,10.10.0.10,,,443,41888,0,1358,17
1587481586.148511,10.10.0.10,74.125.110.42,,,49235,443,0,37,17
1587481586.1836526,173.194.182.102,10.10.0.10,,,443,41888,0,1358,17
1587481586.1862721,10.10.0.10,173.194.182.102,,,41888,443,0,37,17
1587481586.220718,74.125.110.42,10.10.0.10,,,443,49235,0,1358,17
1587481586.2566931,10.10.0.10,74.125.110.42,,,49235,443,0,37,17
1587481586.2578669,173.194.182.102,10.10.0.10,,,443,41888,0,1358,17
1587481586.2950132,74.125.110.42,10.10.0.10,,,443,49235,0,1358,17
1587481586.2971911,10.10.0.10,173.194.182.102,,,41888,443,0,50,17
1587481586.3321366,173.194.182.102,10.10.0.10,,,443,41888,0,1358,17
1587481586.3600302,10.10.0.10,74.125.110.42,,,49235,443,0,37,17
1587481586.3692539,74.125.110.42,10.10.0.10,,,443,49235,0,1358,17
1587481586.371376,10.10.0.10,173.194.182.102,,,41888,443,0,37,17
1587481586.406376,173.194.182.102,10.10.0.10,,,443,41888,0,1358,17
1587481586.408999,10.10.0.10,74.125.110.42,,,49235,443,0,37,17
1587481586.4434938,173.194.182.102,10.10.0.10,,,443,41888,0,1358,17
1587481586.44559,10.10.0.10,173.194.182.102,,,41888,443,0,37,17
1587481586.480624,74.125.110.42,10.10.0.10,,,443,49235,0,1358,17
1587481586.5177402,173.194.182.102,10.10.0.10,,,443,41888,0,1358,17
1587481586.521017,10.10.0.10,74.125.110.42,,,49235,443,0,37,17
1587481586.554863,74.125.110.42,10.10.0.10,,,443,49235,0,1358,17
1587481586.55668,10.10.0.10,173.194.182.102,,,41888,443,0,37,17
1587481586.591985,173.194.182.102,10.10.0.10,,,443,41888,0,1358,17
1587481586.5939221,10.10.0.10,74.125.110.42,,,49235,443,0,37,17
1587481586.629097,74.125.110.42,10.10.0.10,,,443,49235,0,1358,17
1587481586.6291502,10.10.0.10,173.194.182.102,,,41888,443,0,37,17
1587481586.666225,173.194.182.102,10.10.0.10,,,443,41888,0,1358,17
1587481586.7033439,74.125.110.42,10.10.0.10,,,443,49235,0,1358,17
1587481586.739376,10.10.0.10,74.125.110.42,,,49235,443,0,37,17
1587481586.7404606,173.194.182.102,10.10.0.10,,,443,41888,0,1358,17
1587481586.7429152,10.10.0.10,173.194.182.102,,,41888,443,0,37,17
1587481586.7775214,173.194.182.102,10.10.0.10,,,443,41888,0,1358,17
1587481586.814704,74.125.110.42,10.10.0.10,,,443,49235,0,1358,17
1587481586.8518221,173.194.182.102,10.10.0.10,,,443,41888,0,1358,17
1587481586.8888762,74.125.110.42,10.10.0.10,,,443,49235,0,1358,17
1587481586.926063,173.194.182.102,10.10.0.10,,,443,41888,0,1358,17
1587481586.96313,74.125.110.42,10.10.0.10,,,443,49235,0,1358,17
1587481586.983104,10.10.0.10,74.125.110.42,,,49235,443,0,37,17
1587481587.00027,173.194.182.102,10.10.0.10,,,443,41888,0,1358,17
1587481587.037424,173.194.182.102,10.10.0.10,,,443,41888,0,1358,17
1587481587.074554,74.125.110.42,10.10.0.10,,,443,49235,0,1358,17
1587481587.1116614,173.194.182.102,10.10.0.10,,,443,41888,0,1358,17
1587481587.1487172,173.194.182.102,10.10.0.10,,,443,41888,0,1358,17
1587481587.185875,173.194.182.102,10.10.0.10,,,443,41888,0,1358,17
1587481587.223007,74.125.110.42,10.10.0.10,,,443,49235,0,1358,17
1587481587.2601318,173.194.182.102,10.10.0.10,,,443,41888,0,1358,17
1587481587.297258,173.194.182.102,10.10.0.10,,,443,41888,0,1358,17
1587481587.334382,74.125.110.42,10.10.0.10,,,443,49235,0,1358,17
1587481587.3715026,173.194.182.102,10.10.0.10,,,443,41888,0,1358,17
1587481587.408623,74.125.110.42,10.10.0.10,,,443,49235,0,1358,17
1587481587.445743,173.194.182.102,10.10.0.10,,,443,41888,0,1358,17
1587481587.4828668,74.125.110.42,10.10.0.10,,,443,49235,0,1358,17
1587481587.5199919,173.194.182.102,10.10.0.10,,,443,41888,0,1358,17
1587481587.557111,173.194.182.102,10.10.0.10,,,443,41888,0,1358,17
1587481587.5942302,74.125.110.42,10.10.0.10,,,443,49235,0,1358,17
1587481587.631351,173.194.182.102,10.10.0.10,,,443,41888,0,1358,17
1587481587.6684668,74.125.110.42,10.10.0.10,,,443,49235,0,1358,17
1587481587.7055929,173.194.182.102,10.10.0.10,,,443,41888,0,1358,17
1587481587.7427108,74.125.110.42,10.10.0.10,,,443,49235,0,1358,17
1587481587.77983,173.194.182.102,10.10.0.10,,,443,41888,0,1358,17
1587481587.81695,173.194.182.102,10.10.0.10,,,443,41888,0,29,17
1587481587.81863,74.125.110.42,10.10.0.10,,,443,49235,0,1358,17
1587481587.855748,173.194.182.102,10.10.0.10,,,443,41888,0,1358,17
1587481587.884773,10.10.0.10,173.194.182.102,,,41888,443,0,37,17
1587481587.8928714,173.194.182.102,10.10.0.10,,,443,41888,0,1358,17
1587481587.929991,74.125.110.42,10.10.0.10,,,443,49235,0,1358,17
1587481587.9430401,10.10.0.10,74.125.110.42,,,49235,443,0,37,17
1587481587.9671106,173.194.182.102,10.10.0.10,,,443,41888,0,1358,17
1587481588.004232,74.125.110.42,10.10.0.10,,,443,49235,0,1358,17
1587481588.0413554,173.194.182.102,10.10.0.10,,,443,41888,0,1358,17
1587481588.0784762,74.125.110.42,10.10.0.10,,,443,49235,0,1358,17
1587481588.115519,173.194.182.102,10.10.0.10,,,443,41888,0,1358,17
1587481588.13753,10.10.0.10,173.194.182.102,,,41888,443,0,37,17
1587481588.138967,10.10.0.10,74.125.110.42,,,49235,443,0,37,17
1587481588.1395268,10.10.0.10,173.194.182.102,,,41888,443,0,37,17
1587481588.140523,10.10.0.10,173.194.182.102,,,41888,443,0,37,17
1587481588.140597,10.10.0.10,74.125.110.42,,,49235,443,0,40,17
1587481588.1432989,10.10.0.10,173.194.182.102,,,41888,443,0,37,17
1587481588.143353,10.10.0.10,74.125.110.42,,,49235,443,0,40,17
1587481588.1527119,173.194.182.102,10.10.0.10,,,443,41888,0,1358,17
1587481588.1897562,74.125.110.42,10.10.0.10,,,443,49235,0,1358,17
1587481588.2268784,173.194.182.102,10.10.0.10,,,443,41888,0,1358,17
1587481588.2430534,10.10.0.10,173.194.182.102,,,41888,443,0,37,17
1587481588.244762,10.10.0.10,74.125.110.42,,,49235,443,0,53,17
1587481588.2466571,10.10.0.10,74.125.110.42,,,49235,443,0,40,17
1587481588.2504828,10.10.0.10,173.194.182.102,,,41888,443,0,37,17
1587481588.252441,10.10.0.10,173.194.182.102,,,41888,443,0,37,17
1587481588.254123,10.10.0.10,74.125.110.42,,,49235,443,0,40,17
1587481588.2557151,10.10.0.10,173.194.182.102,,,41888,443,0,37,17
1587481588.257319,10.10.0.10,74.125.110.42,,,49235,443,0,40,17
1587481588.2583165,10.10.0.10,173.194.182.102,,,41888,443,0,37,17
1587481588.262382,10.10.0.10,74.125.110.42,,,49235,443,0,40,17
1587481588.263151,10.10.0.10,74.125.110.42,,,49235,443,0,40,17
1587481588.264051,74.125.110.42,10.10.0.10,,,443,49235,0,1358,17
1587481588.26522,10.10.0.10,173.194.182.102,,,41888,443,0,37,17
1587481588.265506,10.10.0.10,173.194.182.102,,,41888,443,0,37,17
1587481588.3011134,173.194.182.102,10.10.0.10,,,443,41888,0,1358,17
1587481588.3382974,173.194.182.102,10.10.0.10,,,443,41888,0,1358,17
1587481588.3608098,10.10.0.10,173.194.182.102,,,41888,443,0,37,17
1587481588.360844,10.10.0.10,74.125.110.42,,,49235,443,0,40,17
1587481588.362991,10.10.0.10,173.194.182.102,,,41888,443,0,37,17
1587481588.375417,74.125.110.42,10.10.0.10,,,443,49235,0,1358,17
1587481588.412518,74.125.110.42,10.10.0.10,,,443,49235,0,1358,17
1587481588.4395099,10.10.0.10,74.125.110.42,,,49235,443,0,40,17
1587481588.449656,173.194.182.102,10.10.0.10,,,443,41888,0,1358,17
1587481588.4680028,10.10.0.10,74.125.110.42,,,49235,443,0,40,17
1587481588.486727,74.125.110.42,10.10.0.10,,,443,49235,0,1358,17
1587481588.5238938,173.194.182.102,10.10.0.10,,,443,41888,0,1358,17
1587481588.534156,10.10.0.10,173.194.182.102,,,41888,443,0,50,17
1587481588.5610151,74.125.110.42,10.10.0.10,,,443,49235,0,1358,17
1587481588.5630732,10.10.0.10,74.125.110.42,,,49235,443,0,40,17
1587481588.563187,10.10.0.10,173.194.182.102,,,41888,443,0,37,17
1587481588.598136,74.125.110.42,10.10.0.10,,,443,49235,0,1358,17
1587481588.6352534,74.125.110.42,10.10.0.10,,,443,49235,0,1358,17
1587481588.636758,10.10.0.10,74.125.110.42,,,49235,443,0,40,17
1587481588.67683,74.125.110.42,10.10.0.10,,,443,49235,0,1358,17
1587481588.7139502,74.125.110.42,10.10.0.10,,,443,49235,0,1358,17
1587481588.716467,10.10.0.10,74.125.110.42,,,49235,443,0,40,17
1587481588.7510734,74.125.110.42,10.10.0.10,,,443,49235,0,1358,17
1587481588.788198,74.125.110.42,10.10.0.10,,,443,49235,0,1358,17
1587481588.791358,10.10.0.10,74.125.110.42,,,49235,443,0,40,17
1587481588.8253171,74.125.110.42,10.10.0.10,,,443,49235,0,1358,17
1587481588.8624349,74.125.110.42,10.10.0.10,,,443,49235,0,1358,17
1587481588.8642552,10.10.0.10,74.125.110.42,,,49235,443,0,40,17
1587481588.904007,74.125.110.42,10.10.0.10,,,443,49235,0,1358,17
1587481588.941127,74.125.110.42,10.10.0.10,,,443,49235,0,1358,17
1587481588.943799,10.10.0.10,74.125.110.42,,,49235,443,0,40,17
1587481588.9782279,74.125.110.42,10.10.0.10,,,443,49235,0,1358,17
1587481589.0154028,74.125.110.42,10.10.0.10,,,443,49235,0,1358,17
1587481589.017158,10.10.0.10,74.125.110.42,,,49235,443,0,40,17
1587481589.052495,74.125.110.42,10.10.0.10,,,443,49235,0,1358,17
1587481589.089603,74.125.110.42,10.10.0.10,,,443,49235,0,1358,17
1587481589.0913699,10.10.0.10,74.125.110.42,,,49235,443,0,40,17
1587481589.1267376,74.125.110.42,10.10.0.10,,,443,49235,0,1358,17
1587481589.163858,74.125.110.42,10.10.0.10,,,443,49235,0,1358,17
1587481589.1654365,10.10.0.10,74.125.110.42,,,49235,443,0,40,17
1587481589.2009811,74.125.110.42,10.10.0.10,,,443,49235,0,1358,17
1587481589.238106,74.125.110.42,10.10.0.10,,,443,49235,0,1358,17
1587481589.2400212,10.10.0.10,74.125.110.42,,,49235,443,0,40,17
1587481589.275221,74.125.110.42,10.10.0.10,,,443,49235,0,1358,17
1587481589.3072321,10.10.0.10,74.125.110.42,,,49235,443,0,40,17
1587481589.3167858,74.125.110.42,10.10.0.10,,,443,49235,0,1358,17
1587481589.349012,10.10.0.10,74.125.110.42,,,49235,443,0,53,17
1587481589.3539028,74.125.110.42,10.10.0.10,,,443,49235,0,1358,17
1587481589.3907402,10.10.0.10,74.125.110.42,,,49235,443,0,40,17
1587481589.390962,74.125.110.42,10.10.0.10,,,443,49235,0,1358,17
1587481589.428143,74.125.110.42,10.10.0.10,,,443,49235,0,1358,17
1587481589.429736,10.10.0.10,74.125.110.42,,,49235,443,0,40,17
1587481589.465231,173.194.182.102,10.10.0.10,,,443,41888,0,1358,17
1587481589.5023859,74.125.110.42,10.10.0.10,,,443,49235,0,1358,17
1587481589.504444,10.10.0.10,173.194.182.102,,,41888,443,0,37,17
1587481589.539506,173.194.182.102,10.10.0.10,,,443,41888,0,1358,17
1587481589.5424454,10.10.0.10,74.125.110.42,,,49235,443,0,40,17
1587481589.576622,74.125.110.42,10.10.0.10,,,443,49235,0,1358,17
1587481589.5800269,10.10.0.10,173.194.182.102,,,41888,443,0,37,17
1587481589.6137464,74.125.110.42,10.10.0.10,,,443,49235,0,1358,17
1587481589.615316,10.10.0.10,74.125.110.42,,,49235,443,0,40,17
1587481589.650862,74.125.110.42,10.10.0.10,,,443,49235,0,1358,17
1587481589.687985,74.125.110.42,10.10.0.10,,,443,49235,0,1358,17
1587481589.6898608,10.10.0.10,74.125.110.42,,,49235,443,0,40,17
1587481589.7251036,173.194.182.102,10.10.0.10,,,443,41888,0,1358,17
1587481589.7622259,173.194.182.102,10.10.0.10,,,443,41888,0,1358,17
1587481589.7859068,10.10.0.10,173.194.182.102,,,41888,443,0,37,17
1587481589.7993429,74.125.110.42,10.10.0.10,,,443,49235,0,1358,17
1587481589.836462,173.194.182.102,10.10.0.10,,,443,41888,0,1358,17
1587481589.838943,10.10.0.10,74.125.110.42,,,49235,443,0,40,17
1587481589.8735821,74.125.110.42,10.10.0.10,,,443,49235,0,29,17
1587481589.875234,173.194.182.102,10.10.0.10,,,443,41888,0,1358,17
1587481589.875256,10.10.0.10,173.194.182.102,,,41888,443,0,37,17
1587481589.912386,74.125.110.42,10.10.0.10,,,443,49235,0,1358,17
1587481589.915336,10.10.0.10,173.194.182.102,,,41888,443,0,37,17
1587481589.9495056,173.194.182.102,10.10.0.10,,,443,41888,0,1358,17
1587481589.951839,10.10.0.10,74.125.110.42,,,49235,443,0,37,17
1587481589.986622,74.125.110.42,10.10.0.10,,,443,49235,0,1358,17
1587481590.0237448,173.194.182.102,10.10.0.10,,,443,41888,0,1358,17
1587481590.0608618,173.194.182.102,10.10.0.10,,,443,41888,0,1358,17
1587481590.0665991,10.10.0.10,173.194.182.102,,,41888,443,0,37,17
1587481590.092855,10.10.0.10,74.125.110.42,,,49235,443,0,37,17
1587481590.093297,10.10.0.10,173.194.182.102,,,41888,443,0,37,17
1587481590.097987,74.125.110.42,10.10.0.10,,,443,49235,0,1358,17
1587481590.135103,173.194.182.102,10.10.0.10,,,443,41888,0,1358,17
1587481590.139758,10.10.0.10,74.125.110.42,,,49235,443,0,37,17
1587481590.1721554,173.194.182.102,10.10.0.10,,,443,41888,0,1358,17
1587481590.1995618,10.10.0.10,173.194.182.102,,,41888,443,0,37,17
1587481590.2093382,74.125.110.42,10.10.0.10,,,443,49235,0,1358,17
1587481590.24642,173.194.182.102,10.10.0.10,,,443,41888,0,1358,17
1587481590.249019,10.10.0.10,74.125.110.42,,,49235,443,0,37,17
1587481590.2835882,173.194.182.102,10.10.0.10,,,443,41888,0,29,17
1587481590.2852461,173.194.182.102,10.10.0.10,,,443,41888,0,1358,17
1587481590.286185,10.10.0.10,173.194.182.102,,,41888,443,0,37,17
1587481590.322383,74.125.110.42,10.10.0.10,,,443,49235,0,1358,17
1587481590.327054,10.10.0.10,173.194.182.102,,,41888,443,0,37,17
1587481590.359499,173.194.182.102,10.10.0.10,,,443,41888,0,1358,17
1587481590.363283,10.10.0.10,74.125.110.42,,,49235,443,0,37,17
1587481590.396628,74.125.110.42,10.10.0.10,,,443,49235,0,1358,17
1587481590.3997982,10.10.0.10,173.194.182.102,,,41888,443,0,37,17
1587481590.4337492,173.194.182.102,10.10.0.10,,,443,41888,0,1358,17
1587481590.435831,10.10.0.10,74.125.110.42,,,49235,443,0,37,17
1587481590.470841,173.194.182.102,10.10.0.10,,,443,41888,0,1358,17
1587481590.4726932,10.10.0.10,173.194.182.102,,,41888,443,0,37,17
1587481590.5079875,74.125.110.42,10.10.0.10,,,443,49235,0,1358,17
1587481590.5451078,173.194.182.102,10.10.0.10,,,443,41888,0,1358,17
1587481590.547126,10.10.0.10,74.125.110.42,,,49235,443,0,37,17
1587481590.5822039,74.125.110.42,10.10.0.10,,,443,49235,0,1358,17
1587481590.5845635,10.10.0.10,173.194.182.102,,,41888,443,0,37,17
1587481590.6193464,173.194.182.102,10.10.0.10,,,443,41888,0,1358,17
1587481590.622134,10.10.0.10,74.125.110.42,,,49235,443,0,37,17
1587481590.656471,74.125.110.42,10.10.0.10,,,443,49235,0,1358,17
1587481590.693592,173.194.182.102,10.10.0.10,,,443,41888,0,1358,17
1587481590.7105732,10.10.0.10,173.194.182.102,,,41888,443,0,37,17
1587481590.7136035,10.10.0.10,74.125.110.42,,,49235,443,0,37,17
1587481590.73071,74.125.110.42,10.10.0.10,,,443,49235,0,1358,17
1587481590.7678301,173.194.182.102,10.10.0.10,,,443,41888,0,1358,17
1587481590.804951,173.194.182.102,10.10.0.10,,,443,41888,0,1358,17
1587481590.834977,10.10.0.10,173.194.182.102,,,41888,443,0,37,17
1587481590.835027,10.10.0.10,74.125.110.42,,,49235,443,0,37,17
1587481590.840153,10.10.0.10,173.194.182.102,,,41888,443,0,37,17
1587481590.842071,74.125.110.42,10.10.0.10,,,443,49235,0,1358,17
1587481590.87919,173.194.182.102,10.10.0.10,,,443,41888,0,1358,17
1587481590.916312,74.125.110.42,10.10.0.10,,,443,49235,0,1358,17
1587481590.953432,173.194.182.102,10.10.0.10,,,443,41888,0,1358,17
1587481590.990551,74.125.110.42,10.10.0.10,,,443,49235,0,1358,17
1587481591.027666,173.194.182.102,10.10.0.10,,,443,41888,0,1358,17
1587481591.0647812,173.194.182.102,10.10.0.10,,,443,41888,0,1358,17
1587481591.077985,10.10.0.10,74.125.110.42,,,49235,443,0,37,17
1587481591.1019056,74.125.110.42,10.10.0.10,,,443,49235,0,1358,17
1587481591.139023,173.194.182.102,10.10.0.10,,,443,41888,0,1358,17
1587481591.176106,74.125.110.42,10.10.0.10,,,443,49235,0,1358,17
1587481591.213253,173.194.182.102,10.10.0.10,,,443,41888,0,1358,17
1587481591.2503376,173.194.182.102,10.10.0.10,,,443,41888,0,1358,17
1587481591.287488,74.125.110.42,10.10.0.10,,,443,49235,0,1358,17
1587481591.32459,173.194.182.102,10.10.0.10,,,443,41888,0,1358,17
1587481591.36171,173.194.182.102,10.10.0.10,,,443,41888,0,1358,17
1587481591.3988602,74.125.110.42,10.10.0.10,,,443,49235,0,1358,17
1587481591.4359539,74.125.110.42,10.10.0.10,,,443,49235,0,30,17
1587481591.4376838,74.125.110.42,10.10.0.10,,,443,49235,0,1358,17
1587481591.474784,74.125.110.42,10.10.0.10,,,443,49235,0,1358,17
1587481591.51193,173.194.182.102,10.10.0.10,,,443,41888,0,1358,17
1587481591.549054,74.125.110.42,10.10.0.10,,,443,49235,0,1358,17
1587481591.5861714,173.194.182.102,10.10.0.10,,,443,41888,0,1358,17
1587481591.623285,74.125.110.42,10.10.0.10,,,443,49235,0,1358,17
1587481591.660408,74.125.110.42,10.10.0.10,,,443,49235,0,1358,17
1587481591.6975322,74.125.110.42,10.10.0.10,,,443,49235,0,1358,17
1587481591.7346509,173.194.182.102,10.10.0.10,,,443,41888,0,1358,17
1587481591.7717721,173.194.182.102,10.10.0.10,,,443,41888,0,1358,17
1587481591.7916589,10.10.0.10,74.125.110.42,,,49235,443,0,43,17
1587481591.8088908,74.125.110.42,10.10.0.10,,,443,49235,0,1358,17
1587481591.846011,173.194.182.102,10.10.0.10,,,443,41888,0,1358,17
1587481591.88311,74.125.110.42,10.10.0.10,,,443,49235,0,1358,17
1587481591.920251,173.194.182.102,10.10.0.10,,,443,41888,0,1358,17
1587481591.9573722,74.125.110.42,10.10.0.10,,,443,49235,0,1358,17
1587481591.9944508,74.125.110.42,10.10.0.10,,,443,49235,0,1358,17
1587481591.9975982,10.10.0.10,173.194.182.102,,,41888,443,0,37,17
1587481592.0316179,74.125.110.42,10.10.0.10,,,443,49235,0,1358,17
1587481592.068737,173.194.182.102,10.10.0.10,,,443,41888,0,1358,17
1587481592.0944571,10.10.0.10,74.125.110.42,,,49235,443,0,37,17
1587481592.0945132,10.10.0.10,173.194.182.102,,,41888,443,0,37,17
1587481592.099062,10.10.0.10,74.125.110.42,,,49235,443,0,37,17
1587481592.102083,10.10.0.10,173.194.182.102,,,41888,443,0,50,17
1587481592.1041956,10.10.0.10,74.125.110.42,,,49235,443,0,40,17
1587481592.1058598,74.125.110.42,10.10.0.10,,,443,49235,0,1358,17
1587481592.10734,10.10.0.10,173.194.182.102,,,41888,443,0,37,17
1587481592.108614,10.10.0.10,74.125.110.42,,,49235,443,0,40,17
1587481592.1103554,10.10.0.10,74.125.110.42,,,49235,443,0,42,17
1587481592.1113632,10.10.0.10,74.125.110.42,,,49235,443,0,44,17
1587481592.1114366,10.10.0.10,173.194.182.102,,,41888,443,0,37,17
1587481592.112136,10.10.0.10,74.125.110.42,,,49235,443,0,44,17
1587481592.113208,10.10.0.10,74.125.110.42,,,49235,443,0,44,17
1587481592.1140132,10.10.0.10,74.125.110.42,,,49235,443,0,44,17
1587481592.1162891,10.10.0.10,173.194.182.102,,,41888,443,0,37,17
1587481592.119128,10.10.0.10,74.125.110.42,,,49235,443,0,46,17
1587481592.11919,10.10.0.10,173.194.182.102,,,41888,443,0,37,17
1587481592.119216,10.10.0.10,74.125.110.42,,,49235,443,0,46,17
1587481592.120502,10.10.0.10,74.125.110.42,,,49235,443,0,46,17
1587481592.142982,173.194.182.102,10.10.0.10,,,443,41888,0,1358,17
1587481592.180075,74.125.110.42,10.10.0.10,,,443,49235,0,1358,17
1587481592.2137456,10.10.0.10,74.125.110.42,,,49235,443,0,46,17
1587481592.213781,10.10.0.10,74.125.110.42,,,49235,443,0,46,17
1587481592.2140028,10.10.0.10,173.194.182.102,,,41888,443,0,37,17
1587481592.217201,173.194.182.102,10.10.0.10,,,443,41888,0,1358,17
1587481592.2189732,10.10.0.10,173.194.182.102,,,41888,443,0,37,17
1587481592.220431,10.10.0.10,74.125.110.42,,,49235,443,0,46,17
1587481592.254262,74.125.110.42,10.10.0.10,,,443,49235,0,1358,17
1587481592.291448,173.194.182.102,10.10.0.10,,,443,41888,0,1358,17
1587481592.3285725,173.194.182.102,10.10.0.10,,,443,41888,0,1358,17
1587481592.3354409,10.10.0.10,173.194.182.102,,,41888,443,0,37,17
1587481592.3386939,10.10.0.10,173.194.182.102,,,41888,443,0,37,17
1587481592.365695,74.125.110.42,10.10.0.10,,,443,49235,0,1358,17
1587481592.4028141,173.194.182.102,10.10.0.10,,,443,41888,0,1358,17
1587481592.4399376,74.125.110.42,10.10.0.10,,,443,49235,0,1358,17
1587481592.4433491,10.10.0.10,74.125.110.42,,,49235,443,0,46,17
1587481592.4462118,10.10.0.10,74.125.110.42,,,49235,443,0,46,17
1587481592.477027,173.194.182.102,10.10.0.10,,,443,41888,0,1358,17
1587481592.4789276,10.10.0.10,173.194.182.102,,,41888,443,0,37,17
1587481592.5141358,74.125.110.42,10.10.0.10,,,443,49235,0,1358,17
1587481592.5513036,74.125.110.42,10.10.0.10,,,443,49235,0,1358,17
1587481592.5531876,10.10.0.10,74.125.110.42,,,49235,443,0,46,17
1587481592.588423,173.194.182.102,10.10.0.10,,,443,41888,0,1358,17
1587481592.6255398,74.125.110.42,10.10.0.10,,,443,49235,0,1358,17
1587481592.627592,10.10.0.10,173.194.182.102,,,41888,443,0,37,17
1587481592.662658,173.194.182.102,10.10.0.10,,,443,41888,0,1358,17
1587481592.6647878,10.10.0.10,74.125.110.42,,,49235,443,0,46,17
1587481592.699738,74.125.110.42,10.10.0.10,,,443,49235,0,1358,17
1587481592.7017212,10.10.0.10,173.194.182.102,,,41888,443,0,37,17
1587481592.7368922,173.194.182.102,10.10.0.10,,,443,41888,0,1358,17
1587481592.7530286,10.10.0.10,74.125.110.42,,,49235,443,0,59,17
1587481592.7740119,74.125.110.42,10.10.0.10,,,443,49235,0,1358,17
1587481592.776027,10.10.0.10,173.194.182.102,,,41888,443,0,37,17
1587481592.8111124,173.194.182.102,10.10.0.10,,,443,41888,0,1358,17
1587481592.813866,10.10.0.10,74.125.110.42,,,49235,443,0,46,17
1587481592.848253,74.125.110.42,10.10.0.10,,,443,49235,0,1358,17
1587481592.885373,74.125.110.42,10.10.0.10,,,443,49235,0,1358,17
1587481592.9224925,74.125.110.42,10.10.0.10,,,443,49235,0,1358,17
1587481592.944259,10.10.0.10,173.194.182.102,,,41888,443,0,37,17
1587481592.959608,173.194.182.102,10.10.0.10,,,443,41888,0,1358,17
1587481592.969235,10.10.0.10,74.125.110.42,,,49235,443,0,46,17
1587481592.996729,74.125.110.42,10.10.0.10,,,443,49235,0,1358,17
1587481592.998761,10.10.0.10,74.125.110.42,,,49235,443,0,46,17
1587481592.998989,10.10.0.10,173.194.182.102,,,41888,443,0,37,17
1587481593.0338528,74.125.110.42,10.10.0.10,,,443,49235,0,1358,17
1587481593.0709722,74.125.110.42,10.10.0.10,,,443,49235,0,1358,17
1587481593.072824,10.10.0.10,74.125.110.42,,,49235,443,0,46,17
1587481593.108092,173.194.182.102,10.10.0.10,,,443,41888,0,1358,17
1587481593.1450696,10.10.0.10,173.194.182.102,,,41888,443,0,37,17
1587481593.1451778,74.125.110.42,10.10.0.10,,,443,49235,0,1358,17
1587481593.1822689,173.194.182.102,10.10.0.10,,,443,41888,0,1358,17
1587481593.184368,10.10.0.10,74.125.110.42,,,49235,443,0,46,17
1587481593.21944,74.125.110.42,10.10.0.10,,,443,49235,0,384,17
1587481593.2305882,173.194.182.102,10.10.0.10,,,443,41888,0,1358,17
1587481593.25936,10.10.0.10,173.194.182.102,,,41888,443,0,37,17
1587481593.267711,74.125.110.42,10.10.0.10,,,443,49235,0,32,17
1587481593.2694714,173.194.182.102,10.10.0.10,,,443,41888,0,1358,17
1587481593.2713478,10.10.0.10,173.194.182.102,,,41888,443,0,37,17
1587481593.306593,173.194.182.102,10.10.0.10,,,443,41888,0,1358,17
1587481593.3092294,10.10.0.10,74.125.110.42,,,49235,443,0,46,17
1587481593.3437011,173.194.182.102,10.10.0.10,,,443,41888,0,1358,17
1587481593.3452852,10.10.0.10,173.194.182.102,,,41888,443,0,37,17
1587481593.3808188,173.194.182.102,10.10.0.10,,,443,41888,0,29,17
1587481593.382503,74.125.110.42,10.10.0.10,,,443,49235,0,1357,17
1587481593.419576,173.194.182.102,10.10.0.10,,,443,41888,0,1358,17
1587481593.4253461,10.10.0.10,74.125.110.42,,,49235,443,0,46,17
1587481593.4567149,74.125.110.42,10.10.0.10,,,443,49235,0,1357,17
1587481593.458662,10.10.0.10,173.194.182.102,,,41888,443,0,37,17
1587481593.493809,173.194.182.102,10.10.0.10,,,443,41888,0,1358,17
1587481593.495704,10.10.0.10,74.125.110.42,,,49235,443,0,46,17
1587481593.530928,74.125.110.42,10.10.0.10,,,443,49235,0,1357,17
1587481593.532725,10.10.0.10,173.194.182.102,,,41888,443,0,50,17
1587481593.568023,173.194.182.102,10.10.0.10,,,443,41888,0,1358,17
1587481593.569813,10.10.0.10,74.125.110.42,,,49235,443,0,46,17
1587481593.6051464,173.194.182.102,10.10.0.10,,,443,41888,0,1358,17
1587481593.6068964,10.10.0.10,173.194.182.102,,,41888,443,0,37,17
1587481593.6422648,74.125.110.42,10.10.0.10,,,443,49235,0,1358,17
1587481593.6793704,173.194.182.102,10.10.0.10,,,443,41888,0,1358,17
1587481593.6814976,10.10.0.10,74.125.110.42,,,49235,443,0,46,17
1587481593.716507,74.125.110.42,10.10.0.10,,,443,49235,0,1356,17
1587481593.7187102,10.10.0.10,173.194.182.102,,,41888,443,0,37,17
1587481593.753577,173.194.182.102,10.10.0.10,,,443,41888,0,1358,17
1587481593.755881,10.10.0.10,74.125.110.42,,,49235,443,0,46,17
1587481593.790695,173.194.182.102,10.10.0.10,,,443,41888,0,1358,17
1587481593.792465,10.10.0.10,173.194.182.102,,,41888,443,0,37,17
1587481593.827815,173.194.182.102,10.10.0.10,,,443,41888,0,1358,17
1587481593.8649359,173.194.182.102,10.10.0.10,,,443,41888,0,1358,17
1587481593.866821,10.10.0.10,173.194.182.102,,,41888,443,0,37,17
1587481593.9020624,173.194.182.102,10.10.0.10,,,443,41888,0,1358,17
1587481593.939178,173.194.182.102,10.10.0.10,,,443,41888,0,1358,17
1587481593.940929,10.10.0.10,173.194.182.102,,,41888,443,0,37,17
1587481593.97625,173.194.182.102,10.10.0.10,,,443,41888,0,1358,17
1587481594.0134275,173.194.182.102,10.10.0.10,,,443,41888,0,1358,17
1587481594.0171142,10.10.0.10,173.194.182.102,,,41888,443,0,37,17
1587481594.0505474,173.194.182.102,10.10.0.10,,,443,41888,0,1358,17
1587481594.087671,173.194.182.102,10.10.0.10,,,443,41888,0,1358,17
1587481594.088986,10.10.0.10,173.194.182.102,,,41888,443,0,37,17
1587481594.1247911,173.194.182.102,10.10.0.10,,,443,41888,0,1358,17
1587481594.126631,10.10.0.10,173.194.182.102,,,41888,443,0,37,17
1587481594.161908,74.125.110.42,10.10.0.10,,,443,49235,0,32,17
1587481594.163661,173.194.182.102,10.10.0.10,,,443,41888,0,829,17
1587481594.1826231,10.10.0.10,173.194.182.102,,,41888,443,0,717,17
1587481594.182803,10.10.0.10,173.194.182.102,,,41888,443,0,48,17
1587481594.186613,173.194.182.102,10.10.0.10,,,443,41888,0,29,17
1587481594.193867,173.194.182.102,10.10.0.10,,,443,41888,0,115,17
1587481594.193916,173.194.182.102,10.10.0.10,,,443,41888,0,1358,17
1587481594.198736,10.10.0.10,173.194.182.102,,,41888,443,0,37,17
1587481594.2001386,10.10.0.10,74.125.110.42,,,49235,443,0,677,17
1587481594.20042,10.10.0.10,74.125.110.42,,,49235,443,0,48,17
1587481594.229397,173.194.182.102,10.10.0.10,,,443,41888,0,1358,17
1587481594.266531,173.194.182.102,10.10.0.10,,,443,41888,0,1358,17
1587481594.2681148,10.10.0.10,173.194.182.102,,,41888,443,0,37,17
1587481594.303621,173.194.182.102,10.10.0.10,,,443,41888,0,1358,17
1587481594.340808,173.194.182.102,10.10.0.10,,,443,41888,0,1358,17
1587481594.3424098,10.10.0.10,173.194.182.102,,,41888,443,0,37,17
1587481594.377933,173.194.182.102,10.10.0.10,,,443,41888,0,1358,17
1587481594.415051,173.194.182.102,10.10.0.10,,,443,41888,0,1358,17
1587481594.4169388,10.10.0.10,173.194.182.102,,,41888,443,0,37,17
1587481594.4521382,173.194.182.102,10.10.0.10,,,443,41888,0,1358,17
1587481594.489294,173.194.182.102,10.10.0.10,,,443,41888,0,1358,17
1587481594.491042,10.10.0.10,173.194.182.102,,,41888,443,0,37,17
1587481594.526422,173.194.182.102,10.10.0.10,,,443,41888,0,1358,17
1587481594.5635412,74.125.110.42,10.10.0.10,,,443,49235,0,115,17
1587481594.5675151,74.125.110.42,10.10.0.10,,,443,49235,0,1358,17
1587481594.571968,10.10.0.10,173.194.182.102,,,41888,443,0,37,17
1587481594.5727801,10.10.0.10,74.125.110.42,,,49235,443,0,37,17
1587481594.6046338,74.125.110.42,10.10.0.10,,,443,49235,0,1358,17
1587481594.6392796,10.10.0.10,74.125.110.42,,,49235,443,0,37,17
1587481594.641753,74.125.110.42,10.10.0.10,,,443,49235,0,1358,17
1587481594.643401,10.10.0.10,74.125.110.42,,,49235,443,0,40,17
1587481594.678875,74.125.110.42,10.10.0.10,,,443,49235,0,1358,17
1587481594.6805036,10.10.0.10,74.125.110.42,,,49235,443,0,40,17
1587481594.7159972,74.125.110.42,10.10.0.10,,,443,49235,0,1358,17
1587481594.717863,10.10.0.10,74.125.110.42,,,49235,443,0,40,17
1587481594.753115,74.125.110.42,10.10.0.10,,,443,49235,0,1358,17
1587481594.7549276,10.10.0.10,74.125.110.42,,,49235,443,0,40,17
1587481594.7902362,74.125.110.42,10.10.0.10,,,443,49235,0,1358,17
1587481594.827354,74.125.110.42,10.10.0.10,,,443,49235,0,1358,17
1587481594.8291962,10.10.0.10,74.125.110.42,,,49235,443,0,40,17
1587481594.8644748,173.194.182.102,10.10.0.10,,,443,41888,0,1358,17
1587481594.901591,173.194.182.102,10.10.0.10,,,443,41888,0,1358,17
1587481594.931605,10.10.0.10,173.194.182.102,,,41888,443,0,37,17
1587481594.9387221,74.125.110.42,10.10.0.10,,,443,49235,0,1358,17
1587481594.9405491,10.10.0.10,74.125.110.42,,,49235,443,0,42,17
1587481594.9757812,173.194.182.102,10.10.0.10,,,443,41888,0,1358,17
1587481595.012945,173.194.182.102,10.10.0.10,,,443,41888,0,1358,17
1587481595.0500612,173.194.182.102,10.10.0.10,,,443,41888,0,1358,17
1587481595.051934,10.10.0.10,173.194.182.102,,,41888,443,0,37,17
1587481595.0871878,74.125.110.42,10.10.0.10,,,443,49235,0,1358,17
1587481595.124306,173.194.182.102,10.10.0.10,,,443,41888,0,1358,17
1587481595.161422,173.194.182.102,10.10.0.10,,,443,41888,0,1358,17
1587481595.169019,10.10.0.10,173.194.182.102,,,41888,443,0,37,17
1587481595.177967,10.10.0.10,74.125.110.42,,,49235,443,0,42,17
1587481595.178393,10.10.0.10,173.194.182.102,,,41888,443,0,37,17
1587481595.1985009,173.194.182.102,10.10.0.10,,,443,41888,0,1358,17
1587481595.235666,74.125.110.42,10.10.0.10,,,443,49235,0,1358,17
1587481595.272782,173.194.182.102,10.10.0.10,,,443,41888,0,1358,17
1587481595.309906,173.194.182.102,10.10.0.10,,,443,41888,0,1358,17
1587481595.347022,74.125.110.42,10.10.0.10,,,443,49235,0,1358,17
1587481595.3841472,173.194.182.102,10.10.0.10,,,443,41888,0,1358,17
1587481595.4212651,173.194.182.102,10.10.0.10,,,443,41888,0,1358,17
1587481595.458386,173.194.182.102,10.10.0.10,,,443,41888,0,1358,17
1587481595.4954429,74.125.110.42,10.10.0.10,,,443,49235,0,1358,17
1587481595.532626,173.194.182.102,10.10.0.10,,,443,41888,0,1358,17
1587481595.569712,173.194.182.102,10.10.0.10,,,443,41888,0,1358,17
1587481595.6068661,173.194.182.102,10.10.0.10,,,443,41888,0,1358,17
1587481595.6439812,74.125.110.42,10.10.0.10,,,443,49235,0,1358,17
1587481595.681106,173.194.182.102,10.10.0.10,,,443,41888,0,1358,17
1587481595.718226,173.194.182.102,10.10.0.10,,,443,41888,0,1358,17
1587481595.7553446,173.194.182.102,10.10.0.10,,,443,41888,0,1358,17
1587481595.792466,74.125.110.42,10.10.0.10,,,443,49235,0,1358,17
1587481595.829587,173.194.182.102,10.10.0.10,,,443,41888,0,1358,17
1587481595.8667061,173.194.182.102,10.10.0.10,,,443,41888,0,1358,17
1587481595.903825,173.194.182.102,10.10.0.10,,,443,41888,0,1358,17
1587481595.940945,74.125.110.42,10.10.0.10,,,443,49235,0,1358,17
1587481595.9780052,74.125.110.42,10.10.0.10,,,443,49235,0,1358,17
1587481596.0151858,173.194.182.102,10.10.0.10,,,443,41888,0,1358,17
1587481596.052305,74.125.110.42,10.10.0.10,,,443,49235,0,1358,17
1587481596.089421,74.125.110.42,10.10.0.10,,,443,49235,0,1358,17
1587481596.126514,74.125.110.42,10.10.0.10,,,443,49235,0,1358,17
1587481596.13867,10.10.0.10,173.194.182.102,,,41888,443,0,37,17
1587481596.138728,10.10.0.10,74.125.110.42,,,49235,443,0,42,17
1587481596.1390774,10.10.0.10,74.125.110.42,,,49235,443,0,42,17
1587481596.1391351,10.10.0.10,173.194.182.102,,,41888,443,0,37,17
1587481596.1391492,10.10.0.10,173.194.182.102,,,41888,443,0,37,17
1587481596.140595,10.10.0.10,173.194.182.102,,,41888,443,0,37,17
1587481596.14197,10.10.0.10,74.125.110.42,,,49235,443,0,42,17
1587481596.146264,10.10.0.10,173.194.182.102,,,41888,443,0,37,17
1587481596.1636488,74.125.110.42,10.10.0.10,,,443,49235,0,1358,17
1587481596.200769,74.125.110.42,10.10.0.10,,,443,49235,0,1358,17
1587481596.2378929,173.194.182.102,10.10.0.10,,,443,41888,0,1358,17
1587481596.250992,10.10.0.10,173.194.182.102,,,41888,443,0,37,17
1587481596.251022,10.10.0.10,74.125.110.42,,,49235,443,0,42,17
1587481596.2750142,74.125.110.42,10.10.0.10,,,443,49235,0,1358,17
1587481596.312071,173.194.182.102,10.10.0.10,,,443,41888,0,1358,17
1587481596.349239,74.125.110.42,10.10.0.10,,,443,49235,0,1358,17
1587481596.3717036,10.10.0.10,173.194.182.102,,,41888,443,0,37,17
1587481596.3778849,10.10.0.10,173.194.182.102,,,41888,443,0,37,17
1587481596.3797581,10.10.0.10,74.125.110.42,,,49235,443,0,42,17
1587481596.380328,10.10.0.10,74.125.110.42,,,49235,443,0,42,17
1587481596.3813882,10.10.0.10,74.125.110.42,,,49235,443,0,42,17
1587481596.3831296,10.10.0.10,173.194.182.102,,,41888,443,0,37,17
1587481596.3846724,10.10.0.10,74.125.110.42,,,49235,443,0,42,17
1587481596.386384,173.194.182.102,10.10.0.10,,,443,41888,0,1358,17
1587481596.388342,10.10.0.10,173.194.182.102,,,41888,443,0,50,17
1587481596.423262,10.10.0.10,74.125.110.42,,,49235,443,0,42,17
1587481596.423439,173.194.182.102,10.10.0.10,,,443,41888,0,1358,17
1587481596.4606268,173.194.182.102,10.10.0.10,,,443,41888,0,1358,17
1587481596.462427,10.10.0.10,173.194.182.102,,,41888,443,0,37,17
1587481596.497675,173.194.182.102,10.10.0.10,,,443,41888,0,1358,17
1587481596.534871,74.125.110.42,10.10.0.10,,,443,49235,0,1358,17
1587481596.536751,10.10.0.10,173.194.182.102,,,41888,443,0,37,17
1587481596.571988,173.194.182.102,10.10.0.10,,,443,41888,0,1358,17
1587481596.599228,10.10.0.10,74.125.110.42,,,49235,443,0,42,17
1587481596.6091068,173.194.182.102,10.10.0.10,,,443,41888,0,1358,17
1587481596.6113431,10.10.0.10,173.194.182.102,,,41888,443,0,37,17
1587481596.646231,74.125.110.42,10.10.0.10,,,443,49235,0,1358,17
1587481596.683352,173.194.182.102,10.10.0.10,,,443,41888,0,1358,17
1587481596.685479,10.10.0.10,74.125.110.42,,,49235,443,0,55,17
1587481596.720474,173.194.182.102,10.10.0.10,,,443,41888,0,1358,17
1587481596.7222204,10.10.0.10,173.194.182.102,,,41888,443,0,40,17
1587481596.75759,173.194.182.102,10.10.0.10,,,443,41888,0,1358,17
1587481596.759369,10.10.0.10,173.194.182.102,,,41888,443,0,40,17
1587481596.7947102,74.125.110.42,10.10.0.10,,,443,49235,0,1358,17
1587481596.831831,173.194.182.102,10.10.0.10,,,443,41888,0,1358,17
1587481596.8335948,10.10.0.10,173.194.182.102,,,41888,443,0,40,17
1587481596.833657,10.10.0.10,74.125.110.42,,,49235,443,0,42,17
1587481596.86895,173.194.182.102,10.10.0.10,,,443,41888,0,1358,17
1587481596.8707812,10.10.0.10,173.194.182.102,,,41888,443,0,40,17
1587481596.90607,173.194.182.102,10.10.0.10,,,443,41888,0,1358,17
1587481596.94319,74.125.110.42,10.10.0.10,,,443,49235,0,1358,17
1587481596.9471366,10.10.0.10,173.194.182.102,,,41888,443,0,40,17
1587481596.980278,173.194.182.102,10.10.0.10,,,443,41888,0,1358,17
1587481596.9822118,10.10.0.10,74.125.110.42,,,49235,443,0,42,17
1587481597.01743,173.194.182.102,10.10.0.10,,,443,41888,0,1358,17
1587481597.019032,10.10.0.10,173.194.182.102,,,41888,443,0,40,17
1587481597.0545518,173.194.182.102,10.10.0.10,,,443,41888,0,1358,17
1587481597.091667,173.194.182.102,10.10.0.10,,,443,41888,0,1358,17
1587481597.093532,10.10.0.10,173.194.182.102,,,41888,443,0,40,17
1587481597.1287901,74.125.110.42,10.10.0.10,,,443,49235,0,1358,17
1587481597.165911,74.125.110.42,10.10.0.10,,,443,49235,0,1358,17
1587481597.167759,10.10.0.10,74.125.110.42,,,49235,443,0,42,17
1587481597.203006,173.194.182.102,10.10.0.10,,,443,41888,0,1358,17
1587481597.2401376,173.194.182.102,10.10.0.10,,,443,41888,0,1358,17
1587481597.249224,10.10.0.10,173.194.182.102,,,41888,443,0,40,17
1587481597.2772489,173.194.182.102,10.10.0.10,,,443,41888,0,29,17
1587481597.2789085,74.125.110.42,10.10.0.10,,,443,49235,0,1358,17
1587481597.3160539,173.194.182.102,10.10.0.10,,,443,41888,0,1358,17
1587481597.3191268,10.10.0.10,74.125.110.42,,,49235,443,0,42,17
1587481597.353179,173.194.182.102,10.10.0.10,,,443,41888,0,1358,17
1587481597.3552668,10.10.0.10,173.194.182.102,,,41888,443,0,40,17
1587481597.3903036,173.194.182.102,10.10.0.10,,,443,41888,0,1358,17
1587481597.427422,74.125.110.42,10.10.0.10,,,443,49235,0,1358,17
1587481597.4305382,10.10.0.10,173.194.182.102,,,41888,443,0,40,17
1587481597.4645429,173.194.182.102,10.10.0.10,,,443,41888,0,1358,17
1587481597.4664366,10.10.0.10,74.125.110.42,,,49235,443,0,42,17
1587481597.50167,173.194.182.102,10.10.0.10,,,443,41888,0,1358,17
1587481597.504569,10.10.0.10,173.194.182.102,,,41888,443,0,40,17
1587481597.53879,173.194.182.102,10.10.0.10,,,443,41888,0,1358,17
1587481597.575937,173.194.182.102,10.10.0.10,,,443,41888,0,1358,17
1587481597.5777571,10.10.0.10,173.194.182.102,,,41888,443,0,40,17
1587481597.613033,74.125.110.42,10.10.0.10,,,443,49235,0,1358,17
1587481597.650149,173.194.182.102,10.10.0.10,,,443,41888,0,1358,17
1587481597.6520526,10.10.0.10,74.125.110.42,,,49235,443,0,42,17
1587481597.687272,74.125.110.42,10.10.0.10,,,443,49235,0,1358,17
1587481597.689945,10.10.0.10,173.194.182.102,,,41888,443,0,40,17
1587481597.7243464,74.125.110.42,10.10.0.10,,,443,49235,0,1358,17
1587481597.7280712,10.10.0.10,74.125.110.42,,,49235,443,0,42,17
1587481597.7615151,173.194.182.102,10.10.0.10,,,443,41888,0,1358,17
1587481597.7986348,173.194.182.102,10.10.0.10,,,443,41888,0,1358,17
1587481597.800448,10.10.0.10,173.194.182.102,,,41888,443,0,40,17
1587481597.835728,74.125.110.42,10.10.0.10,,,443,49235,0,1358,17
1587481597.872875,74.125.110.42,10.10.0.10,,,443,49235,0,29,17
1587481597.8744922,10.10.0.10,74.125.110.42,,,49235,443,0,40,17
1587481597.874509,173.194.182.102,10.10.0.10,,,443,41888,0,1358,17
1587481597.911675,74.125.110.42,10.10.0.10,,,443,49235,0,1358,17
1587481597.913597,10.10.0.10,74.125.110.42,,,49235,443,0,40,17
1587481597.913815,10.10.0.10,173.194.182.102,,,41888,443,0,40,17
1587481597.9487965,173.194.182.102,10.10.0.10,,,443,41888,0,1358,17
1587481597.985841,173.194.182.102,10.10.0.10,,,443,41888,0,1358,17
1587481597.987552,10.10.0.10,173.194.182.102,,,41888,443,0,40,17
1587481598.023025,74.125.110.42,10.10.0.10,,,443,49235,0,1358,17
1587481598.024872,10.10.0.10,74.125.110.42,,,49235,443,0,40,17
1587481598.060146,173.194.182.102,10.10.0.10,,,443,41888,0,1358,17
1587481598.097266,74.125.110.42,10.10.0.10,,,443,49235,0,1358,17
1587481598.098984,10.10.0.10,74.125.110.42,,,49235,443,0,40,17
1587481598.0992372,10.10.0.10,173.194.182.102,,,41888,443,0,53,17
1587481598.1343858,173.194.182.102,10.10.0.10,,,443,41888,0,1358,17
1587481598.1759558,74.125.110.42,10.10.0.10,,,443,49235,0,1358,17
1587481598.177856,10.10.0.10,173.194.182.102,,,41888,443,0,40,17
1587481598.210409,10.10.0.10,74.125.110.42,,,49235,443,0,40,17
1587481598.2130039,74.125.110.42,10.10.0.10,,,443,49235,0,1358,17
1587481598.2501318,173.194.182.102,10.10.0.10,,,443,41888,0,1358,17
1587481598.252392,10.10.0.10,74.125.110.42,,,49235,443,0,40,17
1587481598.2872472,74.125.110.42,10.10.0.10,,,443,49235,0,1358,17
1587481598.3244328,173.194.182.102,10.10.0.10,,,443,41888,0,1358,17
1587481598.3609116,10.10.0.10,173.194.182.102,,,41888,443,0,40,17
1587481598.3615172,173.194.182.102,10.10.0.10,,,443,41888,0,1358,17
1587481598.3639102,10.10.0.10,173.194.182.102,,,41888,443,0,40,17
1587481598.39868,74.125.110.42,10.10.0.10,,,443,49235,0,1358,17
1587481598.400343,10.10.0.10,74.125.110.42,,,49235,443,0,42,17
1587481598.4357948,173.194.182.102,10.10.0.10,,,443,41888,0,1358,17
1587481598.4729118,173.194.182.102,10.10.0.10,,,443,41888,0,1358,17
1587481598.475671,10.10.0.10,173.194.182.102,,,41888,443,0,40,17
1587481598.51001,74.125.110.42,10.10.0.10,,,443,49235,0,1358,17
1587481598.51349,10.10.0.10,74.125.110.42,,,49235,443,0,42,17
1587481598.54716,74.125.110.42,10.10.0.10,,,443,49235,0,1358,17
1587481598.548759,10.10.0.10,74.125.110.42,,,49235,443,0,42,17
1587481598.5887358,74.125.110.42,10.10.0.10,,,443,49235,0,1358,17
1587481598.6258578,173.194.182.102,10.10.0.10,,,443,41888,0,1358,17
1587481598.662976,173.194.182.102,10.10.0.10,,,443,41888,0,1358,17
1587481598.672009,10.10.0.10,74.125.110.42,,,49235,443,0,42,17
1587481598.6754696,10.10.0.10,173.194.182.102,,,41888,443,0,40,17
1587481598.700094,74.125.110.42,10.10.0.10,,,443,49235,0,1358,17
1587481598.737217,74.125.110.42,10.10.0.10,,,443,49235,0,1358,17
1587481598.7389796,10.10.0.10,74.125.110.42,,,49235,443,0,42,17
1587481598.774338,173.194.182.102,10.10.0.10,,,443,41888,0,1358,17
1587481598.811457,74.125.110.42,10.10.0.10,,,443,49235,0,1358,17
1587481598.8134804,10.10.0.10,173.194.182.102,,,41888,443,0,40,17
1587481598.8485742,173.194.182.102,10.10.0.10,,,443,41888,0,1358,17
1587481598.850658,10.10.0.10,74.125.110.42,,,49235,443,0,42,17
1587481598.885695,74.125.110.42,10.10.0.10,,,443,49235,0,1358,17
1587481598.887704,10.10.0.10,173.194.182.102,,,41888,443,0,40,17
1587481598.922745,173.194.182.102,10.10.0.10,,,443,41888,0,1358,17
1587481598.9248712,10.10.0.10,74.125.110.42,,,49235,443,0,55,17
1587481598.959934,74.125.110.42,10.10.0.10,,,443,49235,0,1358,17
1587481598.997025,173.194.182.102,10.10.0.10,,,443,41888,0,1358,17
1587481599.0245528,10.10.0.10,173.194.182.102,,,41888,443,0,40,17
1587481599.038631,173.194.182.102,10.10.0.10,,,443,41888,0,1358,17
1587481599.040388,10.10.0.10,173.194.182.102,,,41888,443,0,40,17
1587481599.0757554,74.125.110.42,10.10.0.10,,,443,49235,0,1358,17
1587481599.1128762,173.194.182.102,10.10.0.10,,,443,41888,0,1358,17
1587481599.149985,173.194.182.102,10.10.0.10,,,443,41888,0,1358,17
1587481599.1871061,74.125.110.42,10.10.0.10,,,443,49235,0,1358,17
1587481599.2241714,74.125.110.42,10.10.0.10,,,443,49235,0,1358,17
1587481599.2612908,173.194.182.102,10.10.0.10,,,443,41888,0,1358,17
1587481599.2693882,10.10.0.10,74.125.110.42,,,49235,443,0,42,17
1587481599.2984178,74.125.110.42,10.10.0.10,,,443,49235,0,1358,17
1587481599.335526,74.125.110.42,10.10.0.10,,,443,49235,0,1358,17
1587481599.3726685,173.194.182.102,10.10.0.10,,,443,41888,0,1358,17
1587481599.409822,74.125.110.42,10.10.0.10,,,443,49235,0,1358,17
1587481599.4468784,173.194.182.102,10.10.0.10,,,443,41888,0,1358,17
1587481599.484014,74.125.110.42,10.10.0.10,,,443,49235,0,1358,17
1587481599.521152,74.125.110.42,10.10.0.10,,,443,49235,0,1358,17
1587481599.558306,173.194.182.102,10.10.0.10,,,443,41888,0,1358,17
1587481599.5954359,74.125.110.42,10.10.0.10,,,443,49235,0,1358,17
1587481599.6325116,173.194.182.102,10.10.0.10,,,443,41888,0,1358,17
1587481599.6696749,173.194.182.102,10.10.0.10,,,443,41888,0,1358,17
1587481599.706795,74.125.110.42,10.10.0.10,,,443,49235,0,1358,17
1587481599.7439196,173.194.182.102,10.10.0.10,,,443,41888,0,1358,17
1587481599.7810311,74.125.110.42,10.10.0.10,,,443,49235,0,1358,17
1587481599.8181562,173.194.182.102,10.10.0.10,,,443,41888,0,1358,17
1587481599.855266,173.194.182.102,10.10.0.10,,,443,41888,0,1358,17
1587481599.892386,74.125.110.42,10.10.0.10,,,443,49235,0,1358,17
1587481599.9295056,74.125.110.42,10.10.0.10,,,443,49235,0,1358,17
1587481599.966626,173.194.182.102,10.10.0.10,,,443,41888,0,1358,17
1587481600.003746,74.125.110.42,10.10.0.10,,,443,49235,0,1358,17
1587481600.040866,74.125.110.42,10.10.0.10,,,443,49235,0,1358,17
1587481600.0779812,173.194.182.102,10.10.0.10,,,443,41888,0,1358,17
1587481600.115106,173.194.182.102,10.10.0.10,,,443,41888,0,1358,17
1587481600.1521492,173.194.182.102,10.10.0.10,,,443,41888,0,1358,17
1587481600.189305,173.194.182.102,10.10.0.10,,,443,41888,0,1358,17
1587481600.2264578,74.125.110.42,10.10.0.10,,,443,49235,0,1358,17
1587481600.231184,10.10.0.10,173.194.182.102,,,41888,443,0,43,17
1587481600.24279,10.10.0.10,173.194.182.102,,,41888,443,0,40,17
1587481600.2429562,10.10.0.10,173.194.182.102,,,41888,443,0,40,17
1587481600.249505,10.10.0.10,74.125.110.42,,,49235,443,0,44,17
1587481600.2495332,10.10.0.10,74.125.110.42,,,49235,443,0,44,17
1587481600.2496312,10.10.0.10,74.125.110.42,,,49235,443,0,44,17
1587481600.250424,10.10.0.10,74.125.110.42,,,49235,443,0,44,17
1587481600.250448,10.10.0.10,74.125.110.42,,,49235,443,0,44,17
1587481600.263587,74.125.110.42,10.10.0.10,,,443,49235,0,1358,17
1587481600.3007061,173.194.182.102,10.10.0.10,,,443,41888,0,1358,17
1587481600.337828,74.125.110.42,10.10.0.10,,,443,49235,0,1358,17
1587481600.3421102,10.10.0.10,173.194.182.102,,,41888,443,0,40,17
1587481600.34216,10.10.0.10,74.125.110.42,,,49235,443,0,44,17
1587481600.34912,10.10.0.10,173.194.182.102,,,41888,443,0,40,17
1587481600.349167,10.10.0.10,74.125.110.42,,,49235,443,0,46,17
1587481600.35072,10.10.0.10,74.125.110.42,,,49235,443,0,46,17
1587481600.350832,10.10.0.10,173.194.182.102,,,41888,443,0,37,17
1587481600.353078,10.10.0.10,74.125.110.42,,,49235,443,0,46,17
1587481600.354449,10.10.0.10,74.125.110.42,,,49235,443,0,46,17
1587481600.355552,10.10.0.10,74.125.110.42,,,49235,443,0,46,17
1587481600.356619,10.10.0.10,173.194.182.102,,,41888,443,0,37,17
1587481600.3566658,10.10.0.10,173.194.182.102,,,41888,443,0,37,17
1587481600.356802,10.10.0.10,173.194.182.102,,,41888,443,0,37,17
1587481600.369643,10.10.0.10,74.125.110.42,,,49235,443,0,46,17
1587481600.374945,173.194.182.102,10.10.0.10,,,443,41888,0,1358,17
1587481600.412067,74.125.110.42,10.10.0.10,,,443,49235,0,1358,17
1587481600.449183,173.194.182.102,10.10.0.10,,,443,41888,0,1358,17
1587481600.466074,10.10.0.10,173.194.182.102,,,41888,443,0,37,17
1587481600.4661212,10.10.0.10,74.125.110.42,,,49235,443,0,46,17
1587481600.4690132,10.10.0.10,173.194.182.102,,,41888,443,0,37,17
1587481600.486253,74.125.110.42,10.10.0.10,,,443,49235,0,1358,17
1587481600.4879642,10.10.0.10,74.125.110.42,,,49235,443,0,46,17
1587481600.523433,74.125.110.42,10.10.0.10,,,443,49235,0,1358,17
1587481600.5605538,173.194.182.102,10.10.0.10,,,443,41888,0,1358,17
1587481600.5624142,10.10.0.10,74.125.110.42,,,49235,443,0,46,17
1587481600.597671,74.125.110.42,10.10.0.10,,,443,49235,0,29,17
1587481600.599313,74.125.110.42,10.10.0.10,,,443,49235,0,1358,17
1587481600.599503,10.10.0.10,173.194.182.102,,,41888,443,0,37,17
1587481600.6364698,173.194.182.102,10.10.0.10,,,443,41888,0,1358,17
1587481600.640074,10.10.0.10,74.125.110.42,,,49235,443,0,42,17
1587481600.6735902,173.194.182.102,10.10.0.10,,,443,41888,0,1358,17
1587481600.6753528,10.10.0.10,173.194.182.102,,,41888,443,0,37,17
1587481600.7107134,173.194.182.102,10.10.0.10,,,443,41888,0,1358,17
1587481600.750577,74.125.110.42,10.10.0.10,,,443,49235,0,1358,17
1587481600.752432,10.10.0.10,173.194.182.102,,,41888,443,0,37,17
1587481600.787697,173.194.182.102,10.10.0.10,,,443,41888,0,32,17
1587481600.7893982,10.10.0.10,74.125.110.42,,,49235,443,0,42,17
1587481600.7894132,173.194.182.102,10.10.0.10,,,443,41888,0,1358,17
1587481600.826581,173.194.182.102,10.10.0.10,,,443,41888,0,1358,17
1587481600.828407,10.10.0.10,173.194.182.102,,,41888,443,0,37,17
1587481600.8637009,74.125.110.42,10.10.0.10,,,443,49235,0,1358,17
1587481600.900809,173.194.182.102,10.10.0.10,,,443,41888,0,1358,17
1587481600.9061751,10.10.0.10,74.125.110.42,,,49235,443,0,42,17
1587481600.93793,173.194.182.102,10.10.0.10,,,443,41888,0,1358,17
1587481600.940353,10.10.0.10,173.194.182.102,,,41888,443,0,37,17
1587481600.9750519,74.125.110.42,10.10.0.10,,,443,49235,0,1358,17
1587481601.012182,173.194.182.102,10.10.0.10,,,443,41888,0,1358,17
1587481601.014488,10.10.0.10,74.125.110.42,,,49235,443,0,55,17
1587481601.049293,173.194.182.102,10.10.0.10,,,443,41888,0,1358,17
1587481601.051176,10.10.0.10,173.194.182.102,,,41888,443,0,37,17
1587481601.0864134,74.125.110.42,10.10.0.10,,,443,49235,0,1358,17
1587481601.123533,173.194.182.102,10.10.0.10,,,443,41888,0,1358,17
1587481601.1258452,10.10.0.10,74.125.110.42,,,49235,443,0,42,17
1587481601.1606321,173.194.182.102,10.10.0.10,,,443,41888,0,1358,17
1587481601.162373,10.10.0.10,173.194.182.102,,,41888,443,0,37,17
1587481601.197714,173.194.182.102,10.10.0.10,,,443,41888,0,1358,17
1587481601.2348409,74.125.110.42,10.10.0.10,,,443,49235,0,1358,17
1587481601.272019,173.194.182.102,10.10.0.10,,,443,41888,0,1358,17
1587481601.2739005,10.10.0.10,173.194.182.102,,,41888,443,0,37,17
1587481601.309128,173.194.182.102,10.10.0.10,,,443,41888,0,1358,17
1587481601.311451,10.10.0.10,74.125.110.42,,,49235,443,0,42,17
1587481601.346214,173.194.182.102,10.10.0.10,,,443,41888,0,1358,17
1587481601.349102,10.10.0.10,173.194.182.102,,,41888,443,0,37,17
1587481601.383374,173.194.182.102,10.10.0.10,,,443,41888,0,1358,17
1587481601.4204972,74.125.110.42,10.10.0.10,,,443,49235,0,1358,17
1587481601.4240534,10.10.0.10,173.194.182.102,,,41888,443,0,50,17
1587481601.4576454,173.194.182.102,10.10.0.10,,,443,41888,0,1358,17
1587481601.459879,10.10.0.10,74.125.110.42,,,49235,443,0,42,17
1587481601.494738,173.194.182.102,10.10.0.10,,,443,41888,0,1358,17
1587481601.531862,173.194.182.102,10.10.0.10,,,443,41888,0,1358,17
1587481601.546329,10.10.0.10,173.194.182.102,,,41888,443,0,37,17
1587481601.560699,10.10.0.10,173.194.182.102,,,41888,443,0,37,17
1587481601.568954,74.125.110.42,10.10.0.10,,,443,49235,0,1358,17
1587481601.606098,173.194.182.102,10.10.0.10,,,443,41888,0,1358,17
1587481601.608286,10.10.0.10,74.125.110.42,,,49235,443,0,42,17
1587481601.6432168,173.194.182.102,10.10.0.10,,,443,41888,0,1358,17
1587481601.645138,10.10.0.10,173.194.182.102,,,41888,443,0,37,17
1587481601.680337,173.194.182.102,10.10.0.10,,,443,41888,0,1358,17
1587481601.7174606,74.125.110.42,10.10.0.10,,,443,49235,0,1358,17
1587481601.7213109,10.10.0.10,173.194.182.102,,,41888,443,0,37,17
1587481601.754585,173.194.182.102,10.10.0.10,,,443,41888,0,1358,17
1587481601.7566578,10.10.0.10,74.125.110.42,,,49235,443,0,42,17
1587481601.7916892,74.125.110.42,10.10.0.10,,,443,49235,0,1358,17
1587481601.7940452,10.10.0.10,173.194.182.102,,,41888,443,0,37,17
1587481601.828823,74.125.110.42,10.10.0.10,,,443,49235,0,1358,17
1587481601.830689,10.10.0.10,74.125.110.42,,,49235,443,0,42,17
1587481601.8659332,173.194.182.102,10.10.0.10,,,443,41888,0,1358,17
1587481601.9030519,173.194.182.102,10.10.0.10,,,443,41888,0,1358,17
1587481601.904834,10.10.0.10,173.194.182.102,,,41888,443,0,37,17
1587481601.9401722,74.125.110.42,10.10.0.10,,,443,49235,0,1358,17
1587481601.977293,74.125.110.42,10.10.0.10,,,443,49235,0,1358,17
1587481601.97915,10.10.0.10,74.125.110.42,,,49235,443,0,42,17
1587481602.014414,173.194.182.102,10.10.0.10,,,443,41888,0,1358,17
1587481602.0515332,74.125.110.42,10.10.0.10,,,443,49235,0,1358,17
1587481602.0536282,10.10.0.10,173.194.182.102,,,41888,443,0,37,17
1587481602.088652,173.194.182.102,10.10.0.10,,,443,41888,0,1358,17
1587481602.0912304,10.10.0.10,74.125.110.42,,,49235,443,0,42,17
1587481602.1257732,173.194.182.102,10.10.0.10,,,443,41888,0,1358,17
1587481602.127856,10.10.0.10,173.194.182.102,,,41888,443,0,37,17
1587481602.162856,74.125.110.42,10.10.0.10,,,443,49235,0,1358,17
1587481602.199992,74.125.110.42,10.10.0.10,,,443,49235,0,1358,17
1587481602.201906,10.10.0.10,74.125.110.42,,,49235,443,0,42,17
1587481602.237118,173.194.182.102,10.10.0.10,,,443,41888,0,1358,17
1587481602.2742374,74.125.110.42,10.10.0.10,,,443,49235,0,1358,17
1587481602.276952,10.10.0.10,173.194.182.102,,,41888,443,0,37,17
1587481602.31136,173.194.182.102,10.10.0.10,,,443,41888,0,1358,17
1587481602.313339,10.10.0.10,74.125.110.42,,,49235,443,0,42,17
1587481602.3484828,74.125.110.42,10.10.0.10,,,443,49235,0,1358,17
1587481602.350374,10.10.0.10,173.194.182.102,,,41888,443,0,37,17
1587481602.385601,74.125.110.42,10.10.0.10,,,443,49235,0,29,17
1587481602.387165,10.10.0.10,74.125.110.42,,,49235,443,0,37,17
1587481602.387274,74.125.110.42,10.10.0.10,,,443,49235,0,1358,17
1587481602.4213982,10.10.0.10,74.125.110.42,,,49235,443,0,37,17
1587481602.424401,173.194.182.102,10.10.0.10,,,443,41888,0,1358,17
1587481602.461493,173.194.182.102,10.10.0.10,,,443,41888,0,1358,17
1587481602.463583,10.10.0.10,173.194.182.102,,,41888,443,0,37,17
1587481602.4985938,74.125.110.42,10.10.0.10,,,443,49235,0,1358,17
1587481602.5357661,74.125.110.42,10.10.0.10,,,443,49235,0,1358,17
1587481602.537417,10.10.0.10,74.125.110.42,,,49235,443,0,37,17
1587481602.572885,173.194.182.102,10.10.0.10,,,443,41888,0,1358,17
1587481602.6100054,173.194.182.102,10.10.0.10,,,443,41888,0,1358,17
1587481602.611901,10.10.0.10,173.194.182.102,,,41888,443,0,37,17
1587481602.6471224,74.125.110.42,10.10.0.10,,,443,49235,0,1358,17
1587481602.684244,74.125.110.42,10.10.0.10,,,443,49235,0,1358,17
1587481602.686025,10.10.0.10,74.125.110.42,,,49235,443,0,37,17
1587481602.7213652,173.194.182.102,10.10.0.10,,,443,41888,0,1358,17
1587481602.758485,74.125.110.42,10.10.0.10,,,443,49235,0,1358,17
1587481602.7626462,10.10.0.10,173.194.182.102,,,41888,443,0,37,17
1587481602.7956061,173.194.182.102,10.10.0.10,,,443,41888,0,1358,17
1587481602.803935,10.10.0.10,74.125.110.42,,,49235,443,0,37,17
1587481602.832727,74.125.110.42,10.10.0.10,,,443,49235,0,1358,17
1587481602.8348598,10.10.0.10,173.194.182.102,,,41888,443,0,37,17
1587481602.869848,173.194.182.102,10.10.0.10,,,443,41888,0,1358,17
1587481602.872103,10.10.0.10,74.125.110.42,,,49235,443,0,37,17
1587481602.9069679,173.194.182.102,10.10.0.10,,,443,41888,0,1358,17
1587481602.909179,10.10.0.10,173.194.182.102,,,41888,443,0,37,17
1587481602.944087,74.125.110.42,10.10.0.10,,,443,49235,0,1358,17
1587481602.981211,173.194.182.102,10.10.0.10,,,443,41888,0,1358,17
1587481603.0183322,74.125.110.42,10.10.0.10,,,443,49235,0,1358,17
1587481603.02016,10.10.0.10,74.125.110.42,,,49235,443,0,37,17
1587481603.05545,74.125.110.42,10.10.0.10,,,443,49235,0,1358,17
1587481603.0925708,74.125.110.42,10.10.0.10,,,443,49235,0,1358,17
1587481603.121756,10.10.0.10,173.194.182.102,,,41888,443,0,37,17
1587481603.1252372,10.10.0.10,74.125.110.42,,,49235,443,0,37,17
1587481603.130809,173.194.182.102,10.10.0.10,,,443,41888,0,1358,17
1587481603.1679301,173.194.182.102,10.10.0.10,,,443,41888,0,1358,17
1587481603.204978,173.194.182.102,10.10.0.10,,,443,41888,0,1358,17
1587481603.2420998,74.125.110.42,10.10.0.10,,,443,49235,0,1358,17
1587481603.279295,74.125.110.42,10.10.0.10,,,443,49235,0,1358,17
1587481603.316405,173.194.182.102,10.10.0.10,,,443,41888,0,1358,17
1587481603.353529,173.194.182.102,10.10.0.10,,,443,41888,0,1358,17
1587481603.3655398,10.10.0.10,173.194.182.102,,,41888,443,0,37,17
1587481603.3906527,74.125.110.42,10.10.0.10,,,443,49235,0,1358,17
1587481603.4277732,173.194.182.102,10.10.0.10,,,443,41888,0,1358,17
1587481603.46489,74.125.110.42,10.10.0.10,,,443,49235,0,1358,17
1587481603.502017,173.194.182.102,10.10.0.10,,,443,41888,0,1358,17
1587481603.539136,74.125.110.42,10.10.0.10,,,443,49235,0,1358,17
1587481603.576258,74.125.110.42,10.10.0.10,,,443,49235,0,1358,17
1587481603.613375,173.194.182.102,10.10.0.10,,,443,41888,0,1358,17
1587481603.6504939,173.194.182.102,10.10.0.10,,,443,41888,0,1358,17
1587481603.687614,74.125.110.42,10.10.0.10,,,443,49235,0,1358,17
1587481603.724734,74.125.110.42,10.10.0.10,,,443,49235,0,1358,17
1587481603.7618115,74.125.110.42,10.10.0.10,,,443,49235,0,1358,17
1587481603.798977,173.194.182.102,10.10.0.10,,,443,41888,0,1358,17
1587481603.836096,74.125.110.42,10.10.0.10,,,443,49235,0,1358,17
1587481603.873216,74.125.110.42,10.10.0.10,,,443,49235,0,1358,17
1587481603.910336,173.194.182.102,10.10.0.10,,,443,41888,0,1358,17
1587481603.9474616,173.194.182.102,10.10.0.10,,,443,41888,0,1358,17
1587481603.984578,74.125.110.42,10.10.0.10,,,443,49235,0,1358,17
1587481604.021698,74.125.110.42,10.10.0.10,,,443,49235,0,1358,17
1587481604.058775,74.125.110.42,10.10.0.10,,,443,49235,0,1358,17
1587481604.0959392,173.194.182.102,10.10.0.10,,,443,41888,0,1358,17
1587481604.133062,74.125.110.42,10.10.0.10,,,443,49235,0,1358,17
1587481604.1701722,173.194.182.102,10.10.0.10,,,443,41888,0,1358,17
1587481604.207259,74.125.110.42,10.10.0.10,,,443,49235,0,1358,17
1587481604.244359,74.125.110.42,10.10.0.10,,,443,49235,0,1358,17
1587481604.266376,10.10.0.10,173.194.182.102,,,41888,443,0,37,17
1587481604.268646,10.10.0.10,74.125.110.42,,,49235,443,0,37,17
1587481604.270712,10.10.0.10,173.194.182.102,,,41888,443,0,37,17
1587481604.2771056,10.10.0.10,74.125.110.42,,,49235,443,0,53,17
1587481604.277637,10.10.0.10,173.194.182.102,,,41888,443,0,50,17
1587481604.28019,10.10.0.10,74.125.110.42,,,49235,443,0,40,17
1587481604.280232,10.10.0.10,74.125.110.42,,,49235,443,0,40,17
1587481604.281526,74.125.110.42,10.10.0.10,,,443,49235,0,401,17
1587481604.2898786,10.10.0.10,173.194.182.102,,,41888,443,0,37,17
1587481604.291714,10.10.0.10,74.125.110.42,,,49235,443,0,40,17
1587481604.292475,10.10.0.10,74.125.110.42,,,49235,443,0,40,17
1587481604.293,10.10.0.10,74.125.110.42,,,49235,443,0,40,17
1587481604.293061,173.194.182.102,10.10.0.10,,,443,41888,0,1358,17
1587481604.293605,10.10.0.10,173.194.182.102,,,41888,443,0,37,17
1587481604.295507,10.10.0.10,74.125.110.42,,,49235,443,0,40,17
1587481604.297603,10.10.0.10,173.194.182.102,,,41888,443,0,37,17
1587481604.2976286,10.10.0.10,74.125.110.42,,,49235,443,0,40,17
1587481604.301235,10.10.0.10,74.125.110.42,,,49235,443,0,40,17
1587481604.3068776,10.10.0.10,173.194.182.102,,,41888,443,0,37,17
1587481604.3302178,173.194.182.102,10.10.0.10,,,443,41888,0,762,17
1587481604.3525894,173.194.182.102,10.10.0.10,,,443,41888,0,29,17
1587481604.354269,74.125.110.42,10.10.0.10,,,443,49235,0,1358,17
1587481604.3913698,74.125.110.42,10.10.0.10,,,443,49235,0,34,17
1587481604.392761,10.10.0.10,74.125.110.42,,,49235,443,0,40,17
1587481604.4011269,10.10.0.10,74.125.110.42,,,49235,443,0,37,17
1587481604.414901,10.10.0.10,173.194.182.102,,,41888,443,0,717,17
1587481604.4149475,10.10.0.10,173.194.182.102,,,41888,443,0,48,17
1587481604.426263,173.194.182.102,10.10.0.10,,,443,41888,0,115,17
1587481604.4263039,173.194.182.102,10.10.0.10,,,443,41888,0,1358,17
1587481604.4343078,173.194.182.102,10.10.0.10,,,443,41888,0,1358,17
1587481604.471427,173.194.182.102,10.10.0.10,,,443,41888,0,1358,17
1587481604.5085368,173.194.182.102,10.10.0.10,,,443,41888,0,1358,17
1587481604.514616,10.10.0.10,74.125.110.42,,,49235,443,0,677,17
1587481604.51465,10.10.0.10,74.125.110.42,,,49235,443,0,48,17
1587481604.521341,10.10.0.10,173.194.182.102,,,41888,443,0,37,17
1587481604.521543,10.10.0.10,173.194.182.102,,,41888,443,0,37,17
1587481604.5456462,173.194.182.102,10.10.0.10,,,443,41888,0,1358,17
1587481604.549155,10.10.0.10,173.194.182.102,,,41888,443,0,37,17
1587481604.582784,173.194.182.102,10.10.0.10,,,443,41888,0,1358,17
1587481604.6199071,74.125.110.42,10.10.0.10,,,443,49235,0,115,17
1587481604.6224651,10.10.0.10,173.194.182.102,,,41888,443,0,37,17
1587481604.623879,74.125.110.42,10.10.0.10,,,443,49235,0,1358,17
1587481604.6257136,10.10.0.10,74.125.110.42,,,49235,443,0,37,17
1587481604.660999,74.125.110.42,10.10.0.10,,,443,49235,0,1358,17
1587481604.6981242,74.125.110.42,10.10.0.10,,,443,49235,0,1358,17
1587481604.700134,10.10.0.10,74.125.110.42,,,49235,443,0,37,17
1587481604.7352445,74.125.110.42,10.10.0.10,,,443,49235,0,1358,17
1587481604.772337,74.125.110.42,10.10.0.10,,,443,49235,0,1358,17
1587481604.7742682,10.10.0.10,74.125.110.42,,,49235,443,0,37,17
1587481604.8094811,74.125.110.42,10.10.0.10,,,443,49235,0,1358,17
1587481604.8465538,74.125.110.42,10.10.0.10,,,443,49235,0,1358,17
1587481604.848794,10.10.0.10,74.125.110.42,,,49235,443,0,37,17
1587481604.883719,74.125.110.42,10.10.0.10,,,443,49235,0,1358,17
1587481604.920841,74.125.110.42,10.10.0.10,,,443,49235,0,1358,17
1587481604.922633,10.10.0.10,74.125.110.42,,,49235,443,0,37,17
1587481604.95796,74.125.110.42,10.10.0.10,,,443,49235,0,1358,17
1587481604.9950418,173.194.182.102,10.10.0.10,,,443,41888,0,1358,17
1587481604.9980679,10.10.0.10,74.125.110.42,,,49235,443,0,37,17
1587481605.032145,173.194.182.102,10.10.0.10,,,443,41888,0,1358,17
1587481605.034049,10.10.0.10,173.194.182.102,,,41888,443,0,37,17
1587481605.069318,173.194.182.102,10.10.0.10,,,443,41888,0,1358,17
1587481605.1064348,74.125.110.42,10.10.0.10,,,443,49235,0,1358,17
1587481605.108868,10.10.0.10,173.194.182.102,,,41888,443,0,37,17
1587481605.143554,173.194.182.102,10.10.0.10,,,443,41888,0,1358,17
1587481605.146285,10.10.0.10,74.125.110.42,,,49235,443,0,37,17
1587481605.174797,10.10.0.10,173.194.182.102,,,41888,443,0,37,17
1587481605.1806738,173.194.182.102,10.10.0.10,,,443,41888,0,1358,17
1587481605.2177331,173.194.182.102,10.10.0.10,,,443,41888,0,1358,17
1587481605.222354,10.10.0.10,173.194.182.102,,,41888,443,0,40,17
1587481605.2549071,74.125.110.42,10.10.0.10,,,443,49235,0,1358,17
1587481605.2920241,173.194.182.102,10.10.0.10,,,443,41888,0,1358,17
1587481605.293767,10.10.0.10,173.194.182.102,,,41888,443,0,40,17
1587481605.2940052,10.10.0.10,74.125.110.42,,,49235,443,0,37,17
1587481605.329149,173.194.182.102,10.10.0.10,,,443,41888,0,1358,17
1587481605.3306859,10.10.0.10,173.194.182.102,,,41888,443,0,40,17
1587481605.366274,173.194.182.102,10.10.0.10,,,443,41888,0,1358,17
1587481605.3685331,10.10.0.10,173.194.182.102,,,41888,443,0,40,17
1587481605.4034,173.194.182.102,10.10.0.10,,,443,41888,0,1358,17
1587481605.4405198,74.125.110.42,10.10.0.10,,,443,49235,0,1358,17
1587481605.4425626,10.10.0.10,173.194.182.102,,,41888,443,0,40,17
1587481605.477639,173.194.182.102,10.10.0.10,,,443,41888,0,1358,17
1587481605.5147624,173.194.182.102,10.10.0.10,,,443,41888,0,1358,17
1587481605.5518801,173.194.182.102,10.10.0.10,,,443,41888,0,1358,17
1587481605.5567331,10.10.0.10,74.125.110.42,,,49235,443,0,37,17
1587481605.5695982,10.10.0.10,173.194.182.102,,,41888,443,0,40,17
1587481605.5890052,173.194.182.102,10.10.0.10,,,443,41888,0,1358,17
1587481605.5905461,10.10.0.10,173.194.182.102,,,41888,443,0,40,17
1587481605.626121,74.125.110.42,10.10.0.10,,,443,49235,0,1358,17
1587481605.66318,173.194.182.102,10.10.0.10,,,443,41888,0,1358,17
1587481605.664881,10.10.0.10,74.125.110.42,,,49235,443,0,37,17
1587481605.7003634,173.194.182.102,10.10.0.10,,,443,41888,0,1358,17
1587481605.70236,10.10.0.10,173.194.182.102,,,41888,443,0,40,17
1587481605.737488,173.194.182.102,10.10.0.10,,,443,41888,0,1358,17
1587481605.774608,173.194.182.102,10.10.0.10,,,443,41888,0,1358,17
1587481605.7764268,10.10.0.10,173.194.182.102,,,41888,443,0,40,17
1587481605.8117251,173.194.182.102,10.10.0.10,,,443,41888,0,1358,17
1587481605.848849,74.125.110.42,10.10.0.10,,,443,49235,0,1358,17
1587481605.8509402,10.10.0.10,173.194.182.102,,,41888,443,0,40,17
1587481605.885967,173.194.182.102,10.10.0.10,,,443,41888,0,1358,17
1587481605.8880668,10.10.0.10,74.125.110.42,,,49235,443,0,37,17
1587481605.9230876,173.194.182.102,10.10.0.10,,,443,41888,0,1358,17
1587481605.9249198,10.10.0.10,173.194.182.102,,,41888,443,0,40,17
1587481605.960208,173.194.182.102,10.10.0.10,,,443,41888,0,1358,17
1587481605.997297,173.194.182.102,10.10.0.10,,,443,41888,0,1358,17
1587481605.998874,10.10.0.10,173.194.182.102,,,41888,443,0,40,17
1587481606.034399,74.125.110.42,10.10.0.10,,,443,49235,0,1358,17
1587481606.0641315,10.10.0.10,74.125.110.42,,,49235,443,0,37,17
1587481606.071559,173.194.182.102,10.10.0.10,,,443,41888,0,1358,17
1587481606.1086748,173.194.182.102,10.10.0.10,,,443,41888,0,1358,17
1587481606.1105795,10.10.0.10,173.194.182.102,,,41888,443,0,53,17
1587481606.1457946,74.125.110.42,10.10.0.10,,,443,49235,0,1358,17
1587481606.1828828,74.125.110.42,10.10.0.10,,,443,49235,0,1358,17
1587481606.1852288,10.10.0.10,74.125.110.42,,,49235,443,0,37,17
1587481606.2200232,74.125.110.42,10.10.0.10,,,443,49235,0,1358,17
1587481606.251984,10.10.0.10,74.125.110.42,,,49235,443,0,37,17
1587481606.2571511,74.125.110.42,10.10.0.10,,,443,49235,0,1358,17
1587481606.2942598,173.194.182.102,10.10.0.10,,,443,41888,0,1358,17
1587481606.2966962,10.10.0.10,74.125.110.42,,,49235,443,0,37,17
1587481606.331383,74.125.110.42,10.10.0.10,,,443,49235,0,1358,17
1587481606.3332849,10.10.0.10,173.194.182.102,,,41888,443,0,40,17
1587481606.368506,173.194.182.102,10.10.0.10,,,443,41888,0,1358,17
1587481606.370222,10.10.0.10,74.125.110.42,,,49235,443,0,37,17
1587481606.4056258,74.125.110.42,10.10.0.10,,,443,49235,0,1358,17
1587481606.4078536,10.10.0.10,173.194.182.102,,,41888,443,0,40,17
1587481606.44275,173.194.182.102,10.10.0.10,,,443,41888,0,1358,17
1587481606.4445634,10.10.0.10,74.125.110.42,,,49235,443,0,37,17
1587481606.4798741,74.125.110.42,10.10.0.10,,,443,49235,0,1358,17
1587481606.481912,10.10.0.10,173.194.182.102,,,41888,443,0,40,17
1587481606.5151858,10.10.0.10,74.125.110.42,,,49235,443,0,37,17
1587481606.5169961,173.194.182.102,10.10.0.10,,,443,41888,0,1358,17
1587481606.5541186,74.125.110.42,10.10.0.10,,,443,49235,0,1358,17
1587481606.557287,10.10.0.10,173.194.182.102,,,41888,443,0,40,17
1587481606.59124,173.194.182.102,10.10.0.10,,,443,41888,0,1358,17
1587481606.593121,10.10.0.10,74.125.110.42,,,49235,443,0,37,17
1587481606.628368,173.194.182.102,10.10.0.10,,,443,41888,0,1358,17
1587481606.630017,10.10.0.10,173.194.182.102,,,41888,443,0,40,17
1587481606.665444,74.125.110.42,10.10.0.10,,,443,49235,0,1358,17
1587481606.7026072,173.194.182.102,10.10.0.10,,,443,41888,0,1358,17
1587481606.7065039,10.10.0.10,74.125.110.42,,,49235,443,0,50,17
1587481606.7396884,74.125.110.42,10.10.0.10,,,443,49235,0,1358,17
1587481606.74215,10.10.0.10,173.194.182.102,,,41888,443,0,40,17
1587481606.7768452,173.194.182.102,10.10.0.10,,,443,41888,0,1358,17
1587481606.8139632,74.125.110.42,10.10.0.10,,,443,49235,0,1358,17
1587481606.8510852,173.194.182.102,10.10.0.10,,,443,41888,0,1358,17
1587481606.8599732,10.10.0.10,74.125.110.42,,,49235,443,0,37,17
1587481606.863627,10.10.0.10,173.194.182.102,,,41888,443,0,40,17
1587481606.8882,74.125.110.42,10.10.0.10,,,443,49235,0,1358,17
1587481606.8901439,10.10.0.10,74.125.110.42,,,49235,443,0,37,17
1587481606.9253242,74.125.110.42,10.10.0.10,,,443,49235,0,1358,17
1587481606.96244,173.194.182.102,10.10.0.10,,,443,41888,0,1358,17
1587481606.9645536,10.10.0.10,74.125.110.42,,,49235,443,0,37,17
1587481606.9995608,74.125.110.42,10.10.0.10,,,443,49235,0,1358,17
1587481607.007098,10.10.0.10,173.194.182.102,,,41888,443,0,40,17
1587481607.03666,74.125.110.42,10.10.0.10,,,443,49235,0,1358,17
1587481607.0393062,10.10.0.10,74.125.110.42,,,49235,443,0,37,17
1587481607.073807,173.194.182.102,10.10.0.10,,,443,41888,0,1358,17
1587481607.110922,74.125.110.42,10.10.0.10,,,443,49235,0,1358,17
1587481607.113142,10.10.0.10,173.194.182.102,,,41888,443,0,40,17
1587481607.148043,173.194.182.102,10.10.0.10,,,443,41888,0,1358,17
1587481607.185142,173.194.182.102,10.10.0.10,,,443,41888,0,1358,17
1587481607.213754,10.10.0.10,74.125.110.42,,,49235,443,0,37,17
1587481607.218107,10.10.0.10,173.194.182.102,,,41888,443,0,40,17
1587481607.222233,173.194.182.102,10.10.0.10,,,443,41888,0,1358,17
1587481607.259365,74.125.110.42,10.10.0.10,,,443,49235,0,1358,17
1587481607.296514,74.125.110.42,10.10.0.10,,,443,49235,0,1358,17
1587481607.3336089,173.194.182.102,10.10.0.10,,,443,41888,0,1358,17
1587481607.370754,74.125.110.42,10.10.0.10,,,443,49235,0,1358,17
1587481607.4078698,173.194.182.102,10.10.0.10,,,443,41888,0,1358,17
1587481607.444991,173.194.182.102,10.10.0.10,,,443,41888,0,1358,17
1587481607.460542,10.10.0.10,173.194.182.102,,,41888,443,0,40,17
1587481607.4821134,173.194.182.102,10.10.0.10,,,443,41888,0,1358,17
1587481607.519234,173.194.182.102,10.10.0.10,,,443,41888,0,1358,17
1587481607.556352,74.125.110.42,10.10.0.10,,,443,49235,0,1358,17
1587481607.593472,173.194.182.102,10.10.0.10,,,443,41888,0,1358,17
1587481607.630594,173.194.182.102,10.10.0.10,,,443,41888,0,1358,17
1587481607.6677172,173.194.182.102,10.10.0.10,,,443,41888,0,1358,17
1587481607.704841,173.194.182.102,10.10.0.10,,,443,41888,0,1358,17
1587481607.741959,74.125.110.42,10.10.0.10,,,443,49235,0,1358,17
1587481607.779079,173.194.182.102,10.10.0.10,,,443,41888,0,1358,17
1587481607.8162,173.194.182.102,10.10.0.10,,,443,41888,0,1358,17
1587481607.853319,74.125.110.42,10.10.0.10,,,443,49235,0,1358,17
1587481607.890441,74.125.110.42,10.10.0.10,,,443,49235,0,1358,17
1587481607.9275599,74.125.110.42,10.10.0.10,,,443,49235,0,1358,17
1587481607.964676,74.125.110.42,10.10.0.10,,,443,49235,0,1358,17
1587481608.001774,173.194.182.102,10.10.0.10,,,443,41888,0,1358,17
1587481608.038928,74.125.110.42,10.10.0.10,,,443,49235,0,1358,17
1587481608.0760438,173.194.182.102,10.10.0.10,,,443,41888,0,1358,17
1587481608.113168,74.125.110.42,10.10.0.10,,,443,49235,0,1358,17
1587481608.150288,173.194.182.102,10.10.0.10,,,443,41888,0,1358,17
1587481608.180593,10.10.0.10,173.194.182.102,,,41888,443,0,43,17
1587481608.1873982,74.125.110.42,10.10.0.10,,,443,49235,0,1358,17
1587481608.224508,173.194.182.102,10.10.0.10,,,443,41888,0,1358,17
1587481608.2512052,10.10.0.10,74.125.110.42,,,49235,443,0,37,17
1587481608.253527,10.10.0.10,173.194.182.102,,,41888,443,0,40,17
1587481608.25421,10.10.0.10,173.194.182.102,,,41888,443,0,40,17
1587481608.2568462,10.10.0.10,74.125.110.42,,,49235,443,0,37,17
1587481608.2568898,10.10.0.10,173.194.182.102,,,41888,443,0,40,17
1587481608.2615054,10.10.0.10,173.194.182.102,,,41888,443,0,40,17
1587481608.26163,74.125.110.42,10.10.0.10,,,443,49235,0,1358,17
1587481608.263002,10.10.0.10,173.194.182.102,,,41888,443,0,37,17
1587481608.298713,173.194.182.102,10.10.0.10,,,443,41888,0,1358,17
1587481608.3358312,173.194.182.102,10.10.0.10,,,443,41888,0,1358,17
1587481608.354961,10.10.0.10,74.125.110.42,,,49235,443,0,37,17
1587481608.372998,74.125.110.42,10.10.0.10,,,443,49235,0,1358,17
1587481608.3758788,10.10.0.10,173.194.182.102,,,41888,443,0,37,17
1587481608.381148,10.10.0.10,74.125.110.42,,,49235,443,0,37,17
1587481608.4101222,173.194.182.102,10.10.0.10,,,443,41888,0,1358,17
1587481608.4516964,74.125.110.42,10.10.0.10,,,443,49235,0,1358,17
1587481608.47507,10.10.0.10,74.125.110.42,,,49235,443,0,37,17
1587481608.4826634,10.10.0.10,173.194.182.102,,,41888,443,0,37,17
1587481608.4840894,10.10.0.10,74.125.110.42,,,49235,443,0,37,17
1587481608.487083,10.10.0.10,173.194.182.102,,,41888,443,0,37,17
1587481608.488022,10.10.0.10,74.125.110.42,,,49235,443,0,37,17
1587481608.4887712,74.125.110.42,10.10.0.10,,,443,49235,0,1358,17
1587481608.4890964,10.10.0.10,173.194.182.102,,,41888,443,0,37,17
1587481608.4920428,10.10.0.10,74.125.110.42,,,49235,443,0,37,17
1587481608.525935,74.125.110.42,10.10.0.10,,,443,49235,0,1358,17
1587481608.5630536,74.125.110.42,10.10.0.10,,,443,49235,0,1358,17
1587481608.596304,10.10.0.10,173.194.182.102,,,41888,443,0,37,17
1587481608.596354,10.10.0.10,74.125.110.42,,,49235,443,0,37,17
1587481608.600087,10.10.0.10,74.125.110.42,,,49235,443,0,37,17
1587481608.6001296,74.125.110.42,10.10.0.10,,,443,49235,0,1358,17
1587481608.637294,74.125.110.42,10.10.0.10,,,443,49235,0,1358,17
1587481608.67887,74.125.110.42,10.10.0.10,,,443,49235,0,1358,17
1587481608.716598,10.10.0.10,74.125.110.42,,,49235,443,0,37,17
1587481608.7204401,173.194.182.102,10.10.0.10,,,443,41888,0,29,17
1587481608.722063,10.10.0.10,74.125.110.42,,,49235,443,0,37,17
1587481608.722065,173.194.182.102,10.10.0.10,,,443,41888,0,1358,17
1587481608.7592428,74.125.110.42,10.10.0.10,,,443,49235,0,1358,17
1587481608.793898,10.10.0.10,173.194.182.102,,,41888,443,0,37,17
1587481608.796365,74.125.110.42,10.10.0.10,,,443,49235,0,1358,17
1587481608.798202,10.10.0.10,74.125.110.42,,,49235,443,0,37,17
1587481608.833483,173.194.182.102,10.10.0.10,,,443,41888,0,1358,17
1587481608.870608,74.125.110.42,10.10.0.10,,,443,49235,0,1358,17
1587481608.8725786,10.10.0.10,173.194.182.102,,,41888,443,0,37,17
1587481608.907722,173.194.182.102,10.10.0.10,,,443,41888,0,1358,17
1587481608.9116616,10.10.0.10,74.125.110.42,,,49235,443,0,37,17
1587481608.944848,74.125.110.42,10.10.0.10,,,443,49235,0,1358,17
1587481608.947071,10.10.0.10,173.194.182.102,,,41888,443,0,37,17
1587481608.981967,173.194.182.102,10.10.0.10,,,443,41888,0,1358,17
1587481608.984167,10.10.0.10,74.125.110.42,,,49235,443,0,50,17
1587481609.01904,173.194.182.102,10.10.0.10,,,443,41888,0,1358,17
1587481609.0207384,10.10.0.10,173.194.182.102,,,41888,443,0,37,17
1587481609.0561981,74.125.110.42,10.10.0.10,,,443,49235,0,1358,17
1587481609.057982,10.10.0.10,74.125.110.42,,,49235,443,0,40,17
1587481609.0933151,173.194.182.102,10.10.0.10,,,443,41888,0,1358,17
1587481609.130438,74.125.110.42,10.10.0.10,,,443,49235,0,1358,17
1587481609.1323812,10.10.0.10,74.125.110.42,,,49235,443,0,40,17
1587481609.1324532,10.10.0.10,173.194.182.102,,,41888,443,0,37,17
1587481609.167554,74.125.110.42,10.10.0.10,,,443,49235,0,1358,17
1587481609.2046616,173.194.182.102,10.10.0.10,,,443,41888,0,1358,17
1587481609.237709,10.10.0.10,74.125.110.42,,,49235,443,0,40,17
1587481609.2417252,74.125.110.42,10.10.0.10,,,443,49235,0,1358,17
1587481609.243797,10.10.0.10,74.125.110.42,,,49235,443,0,40,17
1587481609.2788599,173.194.182.102,10.10.0.10,,,443,41888,0,1358,17
1587481609.2805786,10.10.0.10,173.194.182.102,,,41888,443,0,37,17
1587481609.3160212,74.125.110.42,10.10.0.10,,,443,49235,0,1358,17
1587481609.3531492,173.194.182.102,10.10.0.10,,,443,41888,0,1358,17
1587481609.3551571,10.10.0.10,74.125.110.42,,,49235,443,0,40,17
1587481609.3893492,10.10.0.10,173.194.182.102,,,41888,443,0,37,17
1587481609.3902721,74.125.110.42,10.10.0.10,,,443,49235,0,1358,17
1587481609.4273946,173.194.182.102,10.10.0.10,,,443,41888,0,1358,17
1587481609.429768,10.10.0.10,74.125.110.42,,,49235,443,0,40,17
1587481609.464516,74.125.110.42,10.10.0.10,,,443,49235,0,1358,17
1587481609.501587,173.194.182.102,10.10.0.10,,,443,41888,0,1358,17
1587481609.5387368,74.125.110.42,10.10.0.10,,,443,49235,0,1358,17
1587481609.540402,10.10.0.10,173.194.182.102,,,41888,443,0,37,17
1587481609.5421169,10.10.0.10,74.125.110.42,,,49235,443,0,40,17
1587481609.575878,74.125.110.42,10.10.0.10,,,443,49235,0,1358,17
1587481609.5777464,10.10.0.10,173.194.182.102,,,41888,443,0,37,17
1587481609.612998,173.194.182.102,10.10.0.10,,,443,41888,0,1358,17
1587481609.6458929,10.10.0.10,74.125.110.42,,,49235,443,0,40,17
1587481609.65009,74.125.110.42,10.10.0.10,,,443,49235,0,1358,17
1587481609.687238,173.194.182.102,10.10.0.10,,,443,41888,0,1358,17
1587481609.6890366,10.10.0.10,173.194.182.102,,,41888,443,0,50,17
1587481609.689455,10.10.0.10,74.125.110.42,,,49235,443,0,40,17
1587481609.7243118,74.125.110.42,10.10.0.10,,,443,49235,0,1358,17
1587481609.7571099,10.10.0.10,74.125.110.42,,,49235,443,0,40,17
1587481609.7614748,173.194.182.102,10.10.0.10,,,443,41888,0,1358,17
1587481609.798601,74.125.110.42,10.10.0.10,,,443,49235,0,1358,17
1587481609.800504,10.10.0.10,173.194.182.102,,,41888,443,0,37,17
1587481609.835725,74.125.110.42,10.10.0.10,,,443,49235,0,29,17
1587481609.837252,10.10.0.10,74.125.110.42,,,49235,443,0,40,17
1587481609.837394,74.125.110.42,10.10.0.10,,,443,49235,0,1358,17
1587481609.874524,173.194.182.102,10.10.0.10,,,443,41888,0,1358,17
1587481609.876483,10.10.0.10,74.125.110.42,,,49235,443,0,40,17
1587481609.9116454,74.125.110.42,10.10.0.10,,,443,49235,0,1358,17
1587481609.914648,10.10.0.10,173.194.182.102,,,41888,443,0,37,17
1587481609.9487429,173.194.182.102,10.10.0.10,,,443,41888,0,1358,17
1587481609.950857,10.10.0.10,74.125.110.42,,,49235,443,0,40,17
1587481609.9858842,173.194.182.102,10.10.0.10,,,443,41888,0,1358,17
1587481609.9880614,10.10.0.10,173.194.182.102,,,41888,443,0,37,17
1587481610.023009,74.125.110.42,10.10.0.10,,,443,49235,0,1358,17
1587481610.060129,173.194.182.102,10.10.0.10,,,443,41888,0,1358,17
1587481610.0620532,10.10.0.10,74.125.110.42,,,49235,443,0,40,17
1587481610.0972474,74.125.110.42,10.10.0.10,,,443,49235,0,1358,17
1587481610.099318,10.10.0.10,173.194.182.102,,,41888,443,0,37,17
1587481610.1343384,74.125.110.42,10.10.0.10,,,443,49235,0,1358,17
1587481610.1369472,10.10.0.10,74.125.110.42,,,49235,443,0,40,17
1587481610.1714668,173.194.182.102,10.10.0.10,,,443,41888,0,1358,17
1587481610.2085948,74.125.110.42,10.10.0.10,,,443,49235,0,1358,17
1587481610.2106988,10.10.0.10,173.194.182.102,,,41888,443,0,37,17
1587481610.2457054,173.194.182.102,10.10.0.10,,,443,41888,0,1358,17
1587481610.246664,10.10.0.10,74.125.110.42,,,49235,443,0,40,17
1587481610.2828348,74.125.110.42,10.10.0.10,,,443,49235,0,1358,17
1587481610.296478,10.10.0.10,173.194.182.102,,,41888,443,0,37,17
1587481610.319959,173.194.182.102,10.10.0.10,,,443,41888,0,1358,17
1587481610.323057,10.10.0.10,74.125.110.42,,,49235,443,0,40,17
1587481610.357076,173.194.182.102,10.10.0.10,,,443,41888,0,1358,17
1587481610.3589196,10.10.0.10,173.194.182.102,,,41888,443,0,37,17
1587481610.3941991,74.125.110.42,10.10.0.10,,,443,49235,0,1358,17
1587481610.396123,10.10.0.10,74.125.110.42,,,49235,443,0,42,17
1587481610.43132,173.194.182.102,10.10.0.10,,,443,41888,0,1358,17
1587481610.4684372,173.194.182.102,10.10.0.10,,,443,41888,0,1358,17
1587481610.470055,10.10.0.10,173.194.182.102,,,41888,443,0,37,17
1587481610.5054908,74.125.110.42,10.10.0.10,,,443,49235,0,1358,17
1587481610.507071,10.10.0.10,74.125.110.42,,,49235,443,0,42,17
1587481610.5426884,173.194.182.102,10.10.0.10,,,443,41888,0,1358,17
1587481610.579808,74.125.110.42,10.10.0.10,,,443,49235,0,1358,17
1587481610.582278,10.10.0.10,74.125.110.42,,,49235,443,0,55,17
1587481610.582561,10.10.0.10,173.194.182.102,,,41888,443,0,37,17
1587481610.6169224,173.194.182.102,10.10.0.10,,,443,41888,0,1358,17
1587481610.654041,74.125.110.42,10.10.0.10,,,443,49235,0,1358,17
1587481610.6571212,10.10.0.10,74.125.110.42,,,49235,443,0,42,17
1587481610.6680589,10.10.0.10,173.194.182.102,,,41888,443,0,37,17
1587481610.691158,173.194.182.102,10.10.0.10,,,443,41888,0,1358,17
1587481610.7282786,74.125.110.42,10.10.0.10,,,443,49235,0,1358,17
1587481610.7301419,10.10.0.10,173.194.182.102,,,41888,443,0,37,17
1587481610.7654,173.194.182.102,10.10.0.10,,,443,41888,0,1358,17
1587481610.7675962,10.10.0.10,74.125.110.42,,,49235,443,0,42,17
1587481610.8025155,74.125.110.42,10.10.0.10,,,443,49235,0,1358,17
1587481610.839638,173.194.182.102,10.10.0.10,,,443,41888,0,1358,17
1587481610.875928,10.10.0.10,173.194.182.102,,,41888,443,0,37,17
1587481610.8767538,74.125.110.42,10.10.0.10,,,443,49235,0,1358,17
1587481610.8783882,10.10.0.10,74.125.110.42,,,49235,443,0,42,17
1587481610.913878,173.194.182.102,10.10.0.10,,,443,41888,0,1358,17
1587481610.951001,74.125.110.42,10.10.0.10,,,443,49235,0,1358,17
1587481610.964419,10.10.0.10,173.194.182.102,,,41888,443,0,37,17
1587481610.9881148,173.194.182.102,10.10.0.10,,,443,41888,0,1358,17
1587481610.990807,10.10.0.10,173.194.182.102,,,41888,443,0,37,17
1587481610.9920368,10.10.0.10,74.125.110.42,,,49235,443,0,42,17
1587481611.025235,74.125.110.42,10.10.0.10,,,443,49235,0,1358,17
1587481611.062293,173.194.182.102,10.10.0.10,,,443,41888,0,1358,17
1587481611.064574,10.10.0.10,74.125.110.42,,,49235,443,0,42,17
1587481611.099478,173.194.182.102,10.10.0.10,,,443,41888,0,1358,17
1587481611.1012828,10.10.0.10,173.194.182.102,,,41888,443,0,37,17
1587481611.136535,173.194.182.102,10.10.0.10,,,443,41888,0,1358,17
1587481611.173703,74.125.110.42,10.10.0.10,,,443,49235,0,1358,17
1587481611.1763391,10.10.0.10,173.194.182.102,,,41888,443,0,37,17
1587481611.210781,173.194.182.102,10.10.0.10,,,443,41888,0,1358,17
1587481611.212952,10.10.0.10,74.125.110.42,,,49235,443,0,42,17
1587481611.2479188,74.125.110.42,10.10.0.10,,,443,49235,0,1358,17
1587481611.285073,74.125.110.42,10.10.0.10,,,443,49235,0,1358,17
1587481611.3133821,10.10.0.10,173.194.182.102,,,41888,443,0,37,17
1587481611.3148696,10.10.0.10,74.125.110.42,,,49235,443,0,42,17
1587481611.3221269,173.194.182.102,10.10.0.10,,,443,41888,0,1358,17
1587481611.359281,74.125.110.42,10.10.0.10,,,443,49235,0,1358,17
1587481611.396439,173.194.182.102,10.10.0.10,,,443,41888,0,1358,17
1587481611.433563,74.125.110.42,10.10.0.10,,,443,49235,0,1358,17
1587481611.470685,74.125.110.42,10.10.0.10,,,443,49235,0,1358,17
1587481611.507775,173.194.182.102,10.10.0.10,,,443,41888,0,1358,17
1587481611.5449224,74.125.110.42,10.10.0.10,,,443,49235,0,1358,17
1587481611.556793,10.10.0.10,173.194.182.102,,,41888,443,0,37,17
1587481611.582048,173.194.182.102,10.10.0.10,,,443,41888,0,1358,17
1587481611.619167,74.125.110.42,10.10.0.10,,,443,49235,0,1358,17
1587481611.6562786,74.125.110.42,10.10.0.10,,,443,49235,0,1358,17
1587481611.693399,173.194.182.102,10.10.0.10,,,443,41888,0,1358,17
1587481611.7305222,74.125.110.42,10.10.0.10,,,443,49235,0,1358,17
1587481611.76764,74.125.110.42,10.10.0.10,,,443,49235,0,1358,17
1587481611.804755,173.194.182.102,10.10.0.10,,,443,41888,0,1358,17
1587481611.8418748,74.125.110.42,10.10.0.10,,,443,49235,0,29,17
1587481611.8435562,74.125.110.42,10.10.0.10,,,443,49235,0,1358,17
1587481611.8806784,173.194.182.102,10.10.0.10,,,443,41888,0,1358,17
1587481611.9167619,10.10.0.10,173.194.182.102,,,41888,443,0,43,17
1587481611.917795,74.125.110.42,10.10.0.10,,,443,49235,0,1358,17
1587481611.9549148,173.194.182.102,10.10.0.10,,,443,41888,0,1358,17
1587481611.992009,74.125.110.42,10.10.0.10,,,443,49235,0,1358,17
1587481612.029159,173.194.182.102,10.10.0.10,,,443,41888,0,1358,17
1587481612.066282,74.125.110.42,10.10.0.10,,,443,49235,0,1358,17
1587481612.1034,74.125.110.42,10.10.0.10,,,443,49235,0,1358,17
1587481612.1404538,74.125.110.42,10.10.0.10,,,443,49235,0,1358,17
1587481612.1776285,173.194.182.102,10.10.0.10,,,443,41888,0,1358,17
1587481612.2147558,74.125.110.42,10.10.0.10,,,443,49235,0,1358,17
1587481612.2518814,74.125.110.42,10.10.0.10,,,443,49235,0,1358,17
1587481612.288962,173.194.182.102,10.10.0.10,,,443,41888,0,1358,17
1587481612.32612,74.125.110.42,10.10.0.10,,,443,49235,0,1358,17
1587481612.363223,173.194.182.102,10.10.0.10,,,443,41888,0,1358,17
1587481612.4003642,173.194.182.102,10.10.0.10,,,443,41888,0,1358,17
1587481612.4374828,74.125.110.42,10.10.0.10,,,443,49235,0,1358,17
1587481612.474605,173.194.182.102,10.10.0.10,,,443,41888,0,1358,17
1587481612.5116956,173.194.182.102,10.10.0.10,,,443,41888,0,1358,17
1587481612.5488482,173.194.182.102,10.10.0.10,,,443,41888,0,1358,17
1587481612.585966,173.194.182.102,10.10.0.10,,,443,41888,0,1358,17
1587481612.623089,74.125.110.42,10.10.0.10,,,443,49235,0,1358,17
1587481612.660199,74.125.110.42,10.10.0.10,,,443,49235,0,1358,17
1587481612.697319,173.194.182.102,10.10.0.10,,,443,41888,0,1358,17
1587481612.7344348,173.194.182.102,10.10.0.10,,,443,41888,0,34,17
1587481612.9072704,10.10.0.10,74.125.110.42,,,49235,443,0,43,17
1587481612.9073546,10.10.0.10,74.125.110.42,,,49235,443,0,44,17
1587481612.90799,10.10.0.10,173.194.182.102,,,41888,443,0,40,17
1587481612.9095464,10.10.0.10,173.194.182.102,,,41888,443,0,42,17
1587481612.909605,10.10.0.10,74.125.110.42,,,49235,443,0,46,17
1587481612.910074,10.10.0.10,173.194.182.102,,,41888,443,0,42,17
1587481612.910857,10.10.0.10,173.194.182.102,,,41888,443,0,42,17
1587481612.9118054,10.10.0.10,74.125.110.42,,,49235,443,0,46,17
1587481612.9119186,10.10.0.10,173.194.182.102,,,41888,443,0,42,17
1587481612.91307,10.10.0.10,173.194.182.102,,,41888,443,0,42,17
1587481612.914594,10.10.0.10,74.125.110.42,,,49235,443,0,48,17
1587481612.9155972,10.10.0.10,74.125.110.42,,,49235,443,0,48,17
1587481612.9156554,10.10.0.10,173.194.182.102,,,41888,443,0,42,17
1587481612.9175642,173.194.182.102,10.10.0.10,,,443,41888,0,1358,17
1587481612.9278312,74.125.110.42,10.10.0.10,,,443,49235,0,1358,17
1587481612.929626,10.10.0.10,74.125.110.42,,,49235,443,0,42,17
1587481612.9511788,74.125.110.42,10.10.0.10,,,443,49235,0,1358,17
1587481612.952773,10.10.0.10,173.194.182.102,,,41888,443,0,42,17
1587481612.953186,10.10.0.10,74.125.110.42,,,49235,443,0,42,17
1587481612.98633,173.194.182.102,10.10.0.10,,,443,41888,0,1358,17
1587481613.02345,74.125.110.42,10.10.0.10,,,443,49235,0,1358,17
1587481613.0259109,10.10.0.10,173.194.182.102,,,41888,443,0,42,17
1587481613.0605712,74.125.110.42,10.10.0.10,,,443,49235,0,1358,17
1587481613.062736,10.10.0.10,74.125.110.42,,,49235,443,0,42,17
1587481613.0976946,74.125.110.42,10.10.0.10,,,443,49235,0,1358,17
1587481613.134783,74.125.110.42,10.10.0.10,,,443,49235,0,1358,17
1587481613.137024,10.10.0.10,74.125.110.42,,,49235,443,0,42,17
1587481613.1719148,74.125.110.42,10.10.0.10,,,443,49235,0,1358,17
1587481613.208991,74.125.110.42,10.10.0.10,,,443,49235,0,1358,17
1587481613.2370539,10.10.0.10,74.125.110.42,,,49235,443,0,44,17
1587481613.2461116,74.125.110.42,10.10.0.10,,,443,49235,0,1358,17
1587481613.2513769,10.10.0.10,74.125.110.42,,,49235,443,0,46,17
1587481613.283257,74.125.110.42,10.10.0.10,,,443,49235,0,1358,17
1587481613.2852519,10.10.0.10,74.125.110.42,,,49235,443,0,46,17
1587481613.320408,173.194.182.102,10.10.0.10,,,443,41888,0,1358,17
1587481613.357525,74.125.110.42,10.10.0.10,,,443,49235,0,1358,17
1587481613.359719,10.10.0.10,74.125.110.42,,,49235,443,0,46,17
1587481613.359949,10.10.0.10,173.194.182.102,,,41888,443,0,42,17
1587481613.3946452,74.125.110.42,10.10.0.10,,,443,49235,0,1358,17
1587481613.3968372,10.10.0.10,74.125.110.42,,,49235,443,0,46,17
1587481613.431766,173.194.182.102,10.10.0.10,,,443,41888,0,1358,17
1587481613.46889,74.125.110.42,10.10.0.10,,,443,49235,0,1358,17
1587481613.4711769,10.10.0.10,173.194.182.102,,,41888,443,0,42,17
1587481613.505944,74.125.110.42,10.10.0.10,,,443,49235,0,1358,17
1587481613.508296,10.10.0.10,74.125.110.42,,,49235,443,0,46,17
1587481613.543134,173.194.182.102,10.10.0.10,,,443,41888,0,1358,17
1587481613.5802536,74.125.110.42,10.10.0.10,,,443,49235,0,1358,17
1587481613.587958,10.10.0.10,74.125.110.42,,,49235,443,0,48,17
1587481613.588207,10.10.0.10,173.194.182.102,,,41888,443,0,42,17
1587481613.6173706,74.125.110.42,10.10.0.10,,,443,49235,0,1358,17
1587481613.619287,10.10.0.10,74.125.110.42,,,49235,443,0,48,17
1587481613.654495,173.194.182.102,10.10.0.10,,,443,41888,0,1358,17
1587481613.691621,74.125.110.42,10.10.0.10,,,443,49235,0,1358,17
1587481613.693399,10.10.0.10,74.125.110.42,,,49235,443,0,48,17
1587481613.693534,10.10.0.10,173.194.182.102,,,41888,443,0,42,17
1587481613.7287366,74.125.110.42,10.10.0.10,,,443,49235,0,1358,17
1587481613.7305012,10.10.0.10,74.125.110.42,,,49235,443,0,48,17
1587481613.765859,173.194.182.102,10.10.0.10,,,443,41888,0,1358,17
1587481613.80104,10.10.0.10,173.194.182.102,,,41888,443,0,42,17
1587481613.8029332,74.125.110.42,10.10.0.10,,,443,49235,0,1358,17
1587481613.806749,10.10.0.10,74.125.110.42,,,49235,443,0,63,17
1587481613.8401024,74.125.110.42,10.10.0.10,,,443,49235,0,1358,17
1587481613.8424258,10.10.0.10,74.125.110.42,,,49235,443,0,50,17
1587481613.877224,173.194.182.102,10.10.0.10,,,443,41888,0,1358,17
1587481613.9143429,74.125.110.42,10.10.0.10,,,443,49235,0,1358,17
1587481613.9162755,10.10.0.10,74.125.110.42,,,49235,443,0,50,17
1587481613.9167511,10.10.0.10,173.194.182.102,,,41888,443,0,42,17
1587481613.951462,173.194.182.102,10.10.0.10,,,443,41888,0,1358,17
1587481613.9885821,74.125.110.42,10.10.0.10,,,443,49235,0,1358,17
1587481613.9913151,10.10.0.10,74.125.110.42,,,49235,443,0,50,17
1587481613.9918,10.10.0.10,173.194.182.102,,,41888,443,0,42,17
1587481614.0256932,173.194.182.102,10.10.0.10,,,443,41888,0,1358,17
1587481614.0557475,10.10.0.10,173.194.182.102,,,41888,443,0,42,17
1587481614.062813,74.125.110.42,10.10.0.10,,,443,49235,0,1358,17
1587481614.099935,173.194.182.102,10.10.0.10,,,443,41888,0,1358,17
1587481614.102104,10.10.0.10,74.125.110.42,,,49235,443,0,50,17
1587481614.137053,173.194.182.102,10.10.0.10,,,443,41888,0,1358,17
1587481614.139038,10.10.0.10,173.194.182.102,,,41888,443,0,42,17
1587481614.1741571,74.125.110.42,10.10.0.10,,,443,49235,0,1358,17
1587481614.211224,74.125.110.42,10.10.0.10,,,443,49235,0,816,17
1587481614.21411,10.10.0.10,74.125.110.42,,,49235,443,0,50,17
1587481614.233928,173.194.182.102,10.10.0.10,,,443,41888,0,1358,17
1587481614.2710598,173.194.182.102,10.10.0.10,,,443,41888,0,1358,17
1587481614.273263,10.10.0.10,173.194.182.102,,,41888,443,0,42,17
1587481614.308191,173.194.182.102,10.10.0.10,,,443,41888,0,1358,17
1587481614.344324,10.10.0.10,173.194.182.102,,,41888,443,0,55,17
1587481614.345318,74.125.110.42,10.10.0.10,,,443,49235,0,1358,17
1587481614.38244,173.194.182.102,10.10.0.10,,,443,41888,0,1358,17
1587481614.384742,10.10.0.10,74.125.110.42,,,49235,443,0,50,17
1587481614.419532,173.194.182.102,10.10.0.10,,,443,41888,0,1358,17
1587481614.4213881,10.10.0.10,173.194.182.102,,,41888,443,0,42,17
1587481614.456682,74.125.110.42,10.10.0.10,,,443,49235,0,29,17
1587481614.4583626,173.194.182.102,10.10.0.10,,,443,41888,0,1358,17
1587481614.4954212,173.194.182.102,10.10.0.10,,,443,41888,0,1358,17
1587481614.4970784,10.10.0.10,173.194.182.102,,,41888,443,0,42,17
1587481614.53261,173.194.182.102,10.10.0.10,,,443,41888,0,1358,17
1587481614.569724,74.125.110.42,10.10.0.10,,,443,49235,0,1358,17
1587481614.5719788,10.10.0.10,173.194.182.102,,,41888,443,0,42,17
1587481614.606849,173.194.182.102,10.10.0.10,,,443,41888,0,1358,17
1587481614.6104221,10.10.0.10,74.125.110.42,,,49235,443,0,37,17
1587481614.643965,173.194.182.102,10.10.0.10,,,443,41888,0,1358,17
1587481614.6471071,10.10.0.10,173.194.182.102,,,41888,443,0,42,17
1587481614.681081,173.194.182.102,10.10.0.10,,,443,41888,0,1358,17
1587481614.7182,173.194.182.102,10.10.0.10,,,443,41888,0,1358,17
1587481614.7199461,10.10.0.10,173.194.182.102,,,41888,443,0,42,17
1587481614.7553148,173.194.182.102,10.10.0.10,,,443,41888,0,1358,17
1587481614.792435,173.194.182.102,10.10.0.10,,,443,41888,0,1358,17
1587481614.795366,10.10.0.10,173.194.182.102,,,41888,443,0,42,17
1587481614.8295555,173.194.182.102,10.10.0.10,,,443,41888,0,1358,17
1587481614.866679,173.194.182.102,10.10.0.10,,,443,41888,0,32,17
1587481614.8683894,10.10.0.10,173.194.182.102,,,41888,443,0,37,17
1587481614.868407,173.194.182.102,10.10.0.10,,,443,41888,0,1358,17
1587481614.905561,173.194.182.102,10.10.0.10,,,443,41888,0,1358,17
1587481614.907738,10.10.0.10,173.194.182.102,,,41888,443,0,37,17
1587481614.942679,173.194.182.102,10.10.0.10,,,443,41888,0,1358,17
1587481614.979798,173.194.182.102,10.10.0.10,,,443,41888,0,1358,17
1587481614.982452,10.10.0.10,173.194.182.102,,,41888,443,0,37,17
1587481615.016884,173.194.182.102,10.10.0.10,,,443,41888,0,1358,17
1587481615.05404,173.194.182.102,10.10.0.10,,,443,41888,0,1358,17
1587481615.05592,10.10.0.10,173.194.182.102,,,41888,443,0,37,17
1587481615.0911589,173.194.182.102,10.10.0.10,,,443,41888,0,1358,17
1587481615.128248,173.194.182.102,10.10.0.10,,,443,41888,0,1358,17
1587481615.1285224,10.10.0.10,173.194.182.102,,,41888,443,0,37,17
1587481615.1654,173.194.182.102,10.10.0.10,,,443,41888,0,1358,17
1587481615.182502,10.10.0.10,173.194.182.102,,,41888,443,0,37,17
1587481615.2024784,173.194.182.102,10.10.0.10,,,443,41888,0,1358,17
1587481615.204329,10.10.0.10,173.194.182.102,,,41888,443,0,37,17
1587481615.239598,173.194.182.102,10.10.0.10,,,443,41888,0,1358,17
1587481615.2767482,173.194.182.102,10.10.0.10,,,443,41888,0,1358,17
1587481615.278383,10.10.0.10,173.194.182.102,,,41888,443,0,37,17
1587481615.313864,173.194.182.102,10.10.0.10,,,443,41888,0,570,17
1587481615.40837,10.10.0.10,173.194.182.102,,,41888,443,0,717,17
1587481615.408418,10.10.0.10,173.194.182.102,,,41888,443,0,48,17
1587481615.408653,10.10.0.10,74.125.110.42,,,49235,443,0,677,17
1587481615.408798,10.10.0.10,74.125.110.42,,,49235,443,0,48,17
1587481615.4192774,173.194.182.102,10.10.0.10,,,443,41888,0,115,17
1587481615.419317,173.194.182.102,10.10.0.10,,,443,41888,0,1358,17
1587481615.4193351,173.194.182.102,10.10.0.10,,,443,41888,0,1358,17
1587481615.421215,10.10.0.10,173.194.182.102,,,41888,443,0,37,17
1587481615.4548998,173.194.182.102,10.10.0.10,,,443,41888,0,1358,17
1587481615.492026,173.194.182.102,10.10.0.10,,,443,41888,0,1358,17
1587481615.5291061,173.194.182.102,10.10.0.10,,,443,41888,0,1358,17
1587481615.5661972,173.194.182.102,10.10.0.10,,,443,41888,0,1358,17
1587481615.6033866,173.194.182.102,10.10.0.10,,,443,41888,0,1358,17
1587481615.6404998,173.194.182.102,10.10.0.10,,,443,41888,0,1358,17
1587481615.651885,10.10.0.10,173.194.182.102,,,41888,443,0,37,17
1587481615.6776285,173.194.182.102,10.10.0.10,,,443,41888,0,1358,17
1587481615.7147539,173.194.182.102,10.10.0.10,,,443,41888,0,1358,17
1587481615.751873,74.125.110.42,10.10.0.10,,,443,49235,0,29,17
1587481615.753549,74.125.110.42,10.10.0.10,,,443,49235,0,1358,17
1587481615.7906682,74.125.110.42,10.10.0.10,,,443,49235,0,1358,17
1587481615.827792,74.125.110.42,10.10.0.10,,,443,49235,0,1358,17
1587481615.864912,74.125.110.42,10.10.0.10,,,443,49235,0,1358,17
1587481615.902031,74.125.110.42,10.10.0.10,,,443,49235,0,1358,17
1587481615.9391394,74.125.110.42,10.10.0.10,,,443,49235,0,1358,17
1587481615.9762619,74.125.110.42,10.10.0.10,,,443,49235,0,1358,17
1587481616.013348,74.125.110.42,10.10.0.10,,,443,49235,0,1358,17
1587481616.0505,74.125.110.42,10.10.0.10,,,443,49235,0,1358,17
1587481616.0876234,74.125.110.42,10.10.0.10,,,443,49235,0,1358,17
1587481616.124742,74.125.110.42,10.10.0.10,,,443,49235,0,1358,17
1587481616.1618614,74.125.110.42,10.10.0.10,,,443,49235,0,1358,17
1587481616.198982,173.194.182.102,10.10.0.10,,,443,41888,0,1358,17
1587481616.236057,74.125.110.42,10.10.0.10,,,443,49235,0,1358,17
1587481616.2731812,173.194.182.102,10.10.0.10,,,443,41888,0,1358,17
1587481616.3103251,173.194.182.102,10.10.0.10,,,443,41888,0,1358,17
1587481616.347445,173.194.182.102,10.10.0.10,,,443,41888,0,1358,17
1587481616.3845732,173.194.182.102,10.10.0.10,,,443,41888,0,1358,17
1587481616.421691,74.125.110.42,10.10.0.10,,,443,49235,0,1358,17
1587481616.458815,173.194.182.102,10.10.0.10,,,443,41888,0,1358,17
1587481616.495936,173.194.182.102,10.10.0.10,,,443,41888,0,1358,17
1587481616.533057,74.125.110.42,10.10.0.10,,,443,49235,0,1358,17
1587481616.5701768,173.194.182.102,10.10.0.10,,,443,41888,0,1358,17
1587481616.607295,74.125.110.42,10.10.0.10,,,443,49235,0,1358,17
1587481616.644417,74.125.110.42,10.10.0.10,,,443,49235,0,1358,17
1587481616.6743279,10.10.0.10,173.194.182.102,,,41888,443,0,40,17
1587481616.6755161,10.10.0.10,173.194.182.102,,,41888,443,0,40,17
1587481616.675556,10.10.0.10,173.194.182.102,,,41888,443,0,40,17
1587481616.677133,10.10.0.10,173.194.182.102,,,41888,443,0,40,17
1587481616.681537,74.125.110.42,10.10.0.10,,,443,49235,0,1358,17
1587481616.718656,74.125.110.42,10.10.0.10,,,443,49235,0,1358,17
1587481616.755783,173.194.182.102,10.10.0.10,,,443,41888,0,1358,17
1587481616.790167,10.10.0.10,173.194.182.102,,,41888,443,0,40,17
1587481616.7975411,173.194.182.102,10.10.0.10,,,443,41888,0,1358,17
1587481616.836421,173.194.182.102,10.10.0.10,,,443,41888,0,1358,17
1587481616.8735142,173.194.182.102,10.10.0.10,,,443,41888,0,1358,17
1587481616.910665,173.194.182.102,10.10.0.10,,,443,41888,0,1358,17
1587481616.9128,10.10.0.10,173.194.182.102,,,41888,443,0,40,17
1587481616.9238956,10.10.0.10,74.125.110.42,,,49235,443,0,37,17
1587481616.924309,10.10.0.10,74.125.110.42,,,49235,443,0,37,17
1587481616.924358,10.10.0.10,74.125.110.42,,,49235,443,0,37,17
1587481616.924951,10.10.0.10,74.125.110.42,,,49235,443,0,37,17
1587481616.9250019,10.10.0.10,74.125.110.42,,,49235,443,0,37,17
1587481616.9250329,10.10.0.10,74.125.110.42,,,49235,443,0,37,17
1587481616.925806,10.10.0.10,173.194.182.102,,,41888,443,0,40,17
1587481616.925857,10.10.0.10,173.194.182.102,,,41888,443,0,40,17
1587481616.929824,10.10.0.10,173.194.182.102,,,41888,443,0,40,17
1587481616.9309368,10.10.0.10,74.125.110.42,,,49235,443,0,40,17
1587481616.9318724,10.10.0.10,74.125.110.42,,,49235,443,0,40,17
1587481616.932038,10.10.0.10,74.125.110.42,,,49235,443,0,40,17
1587481616.93284,10.10.0.10,173.194.182.102,,,41888,443,0,40,17
1587481616.9328911,10.10.0.10,74.125.110.42,,,49235,443,0,40,17
1587481616.947784,74.125.110.42,10.10.0.10,,,443,49235,0,1358,17
1587481616.9893641,173.194.182.102,10.10.0.10,,,443,41888,0,1358,17
1587481617.026448,173.194.182.102,10.10.0.10,,,443,41888,0,1358,17
1587481617.0350769,10.10.0.10,74.125.110.42,,,49235,443,0,40,17
1587481617.0351381,10.10.0.10,173.194.182.102,,,41888,443,0,40,17
1587481617.0390232,10.10.0.10,173.194.182.102,,,41888,443,0,40,17
1587481617.0390828,10.10.0.10,173.194.182.102,,,41888,443,0,40,17
1587481617.040566,10.10.0.10,74.125.110.42,,,49235,443,0,42,17
1587481617.043205,10.10.0.10,173.194.182.102,,,41888,443,0,40,17
1587481617.063591,74.125.110.42,10.10.0.10,,,443,49235,0,1358,17
1587481617.1007118,173.194.182.102,10.10.0.10,,,443,41888,0,1358,17
1587481617.102277,10.10.0.10,74.125.110.42,,,49235,443,0,42,17
1587481617.137797,173.194.182.102,10.10.0.10,,,443,41888,0,1358,17
1587481617.1395235,10.10.0.10,173.194.182.102,,,41888,443,0,40,17
1587481617.174941,173.194.182.102,10.10.0.10,,,443,41888,0,1358,17
1587481617.2120588,173.194.182.102,10.10.0.10,,,443,41888,0,1358,17
1587481617.213759,10.10.0.10,173.194.182.102,,,41888,443,0,40,17
1587481617.2491431,74.125.110.42,10.10.0.10,,,443,49235,0,1358,17
1587481617.250769,10.10.0.10,74.125.110.42,,,49235,443,0,44,17
1587481617.2863002,173.194.182.102,10.10.0.10,,,443,41888,0,1358,17
1587481617.323426,173.194.182.102,10.10.0.10,,,443,41888,0,1358,17
1587481617.325099,10.10.0.10,173.194.182.102,,,41888,443,0,40,17
1587481617.360546,173.194.182.102,10.10.0.10,,,443,41888,0,1358,17
1587481617.3976688,173.194.182.102,10.10.0.10,,,443,41888,0,1358,17
1587481617.3997571,10.10.0.10,173.194.182.102,,,41888,443,0,53,17
1587481617.4347878,74.125.110.42,10.10.0.10,,,443,49235,0,1358,17
1587481617.4372122,10.10.0.10,74.125.110.42,,,49235,443,0,44,17
1587481617.4719148,173.194.182.102,10.10.0.10,,,443,41888,0,1358,17
1587481617.509038,173.194.182.102,10.10.0.10,,,443,41888,0,1358,17
1587481617.510751,10.10.0.10,173.194.182.102,,,41888,443,0,40,17
1587481617.5461054,173.194.182.102,10.10.0.10,,,443,41888,0,1358,17
1587481617.583282,74.125.110.42,10.10.0.10,,,443,49235,0,1358,17
1587481617.5855732,10.10.0.10,74.125.110.42,,,49235,443,0,44,17
1587481617.585777,10.10.0.10,173.194.182.102,,,41888,443,0,40,17
1587481617.620431,173.194.182.102,10.10.0.10,,,443,41888,0,1358,17
1587481617.656769,10.10.0.10,173.194.182.102,,,41888,443,0,40,17
1587481617.657488,173.194.182.102,10.10.0.10,,,443,41888,0,1358,17
1587481617.694632,173.194.182.102,10.10.0.10,,,443,41888,0,1358,17
1587481617.6966598,10.10.0.10,173.194.182.102,,,41888,443,0,40,17
1587481617.7317548,74.125.110.42,10.10.0.10,,,443,49235,0,1358,17
1587481617.733665,10.10.0.10,74.125.110.42,,,49235,443,0,44,17
1587481617.768876,74.125.110.42,10.10.0.10,,,443,49235,0,1358,17
1587481617.8059502,173.194.182.102,10.10.0.10,,,443,41888,0,1358,17
1587481617.8080401,10.10.0.10,74.125.110.42,,,49235,443,0,44,17
1587481617.843116,173.194.182.102,10.10.0.10,,,443,41888,0,1358,17
1587481617.844974,10.10.0.10,173.194.182.102,,,41888,443,0,40,17
1587481617.880234,173.194.182.102,10.10.0.10,,,443,41888,0,1358,17
1587481617.92178,173.194.182.102,10.10.0.10,,,443,41888,0,1358,17
1587481617.923664,10.10.0.10,173.194.182.102,,,41888,443,0,40,17
1587481617.9588716,74.125.110.42,10.10.0.10,,,443,49235,0,1358,17
1587481617.9605572,10.10.0.10,74.125.110.42,,,49235,443,0,46,17
1587481617.9960446,173.194.182.102,10.10.0.10,,,443,41888,0,1358,17
1587481618.033169,173.194.182.102,10.10.0.10,,,443,41888,0,1358,17
1587481618.035887,10.10.0.10,173.194.182.102,,,41888,443,0,40,17
1587481618.0702882,173.194.182.102,10.10.0.10,,,443,41888,0,1358,17
1587481618.1074052,173.194.182.102,10.10.0.10,,,443,41888,0,1358,17
1587481618.120769,10.10.0.10,173.194.182.102,,,41888,443,0,37,17
1587481618.144464,74.125.110.42,10.10.0.10,,,443,49235,0,1358,17
1587481618.146496,10.10.0.10,74.125.110.42,,,49235,443,0,59,17
1587481618.181635,74.125.110.42,10.10.0.10,,,443,49235,0,1358,17
1587481618.1840696,10.10.0.10,74.125.110.42,,,49235,443,0,46,17
1587481618.21872,173.194.182.102,10.10.0.10,,,443,41888,0,1358,17
1587481618.2602804,173.194.182.102,10.10.0.10,,,443,41888,0,1358,17
1587481618.2619972,10.10.0.10,173.194.182.102,,,41888,443,0,37,17
1587481618.297426,173.194.182.102,10.10.0.10,,,443,41888,0,1358,17
1587481618.334588,74.125.110.42,10.10.0.10,,,443,49235,0,1358,17
1587481618.349062,10.10.0.10,74.125.110.42,,,49235,443,0,46,17
1587481618.349116,10.10.0.10,173.194.182.102,,,41888,443,0,37,17
1587481618.371707,74.125.110.42,10.10.0.10,,,443,49235,0,1358,17
1587481618.408833,173.194.182.102,10.10.0.10,,,443,41888,0,1358,17
1587481618.4108472,10.10.0.10,74.125.110.42,,,49235,443,0,46,17
1587481618.445952,173.194.182.102,10.10.0.10,,,443,41888,0,1358,17
1587481618.448334,10.10.0.10,173.194.182.102,,,41888,443,0,37,17
1587481618.483071,173.194.182.102,10.10.0.10,,,443,41888,0,1358,17
1587481618.5201561,74.125.110.42,10.10.0.10,,,443,49235,0,1358,17
1587481618.5218818,10.10.0.10,74.125.110.42,,,49235,443,0,48,17
1587481618.522166,10.10.0.10,173.194.182.102,,,41888,443,0,37,17
1587481618.557298,74.125.110.42,10.10.0.10,,,443,49235,0,1358,17
1587481618.5591002,10.10.0.10,74.125.110.42,,,49235,443,0,48,17
1587481618.594423,74.125.110.42,10.10.0.10,,,443,49235,0,1358,17
1587481618.596194,10.10.0.10,74.125.110.42,,,49235,443,0,48,17
1587481618.631537,173.194.182.102,10.10.0.10,,,443,41888,0,1358,17
1587481618.6686249,173.194.182.102,10.10.0.10,,,443,41888,0,1358,17
1587481618.670425,10.10.0.10,173.194.182.102,,,41888,443,0,37,17
1587481618.7057376,173.194.182.102,10.10.0.10,,,443,41888,0,1358,17
1587481618.742898,173.194.182.102,10.10.0.10,,,443,41888,0,1358,17
1587481618.755594,10.10.0.10,173.194.182.102,,,41888,443,0,37,17
1587481618.7800221,74.125.110.42,10.10.0.10,,,443,49235,0,1358,17
1587481618.7816348,10.10.0.10,74.125.110.42,,,49235,443,0,48,17
1587481618.8171642,74.125.110.42,10.10.0.10,,,443,49235,0,1358,17
1587481618.8542619,173.194.182.102,10.10.0.10,,,443,41888,0,1358,17
1587481618.856264,10.10.0.10,74.125.110.42,,,49235,443,0,48,17
1587481618.891381,173.194.182.102,10.10.0.10,,,443,41888,0,1358,17
1587481618.8931718,10.10.0.10,173.194.182.102,,,41888,443,0,37,17
1587481618.9285,173.194.182.102,10.10.0.10,,,443,41888,0,1358,17
1587481618.9656222,173.194.182.102,10.10.0.10,,,443,41888,0,1358,17
1587481618.9674258,10.10.0.10,173.194.182.102,,,41888,443,0,37,17
1587481619.0027099,74.125.110.42,10.10.0.10,,,443,49235,0,1358,17
1587481619.0398624,74.125.110.42,10.10.0.10,,,443,49235,0,1358,17
1587481619.041698,10.10.0.10,74.125.110.42,,,49235,443,0,40,17
1587481619.076982,74.125.110.42,10.10.0.10,,,443,49235,0,1358,17
1587481619.1141012,74.125.110.42,10.10.0.10,,,443,49235,0,1358,17
1587481619.1158009,10.10.0.10,74.125.110.42,,,49235,443,0,40,17
1587481619.151218,173.194.182.102,10.10.0.10,,,443,41888,0,1358,17
1587481619.1882749,173.194.182.102,10.10.0.10,,,443,41888,0,1358,17
1587481619.2253911,173.194.182.102,10.10.0.10,,,443,41888,0,1358,17
1587481619.257983,10.10.0.10,173.194.182.102,,,41888,443,0,37,17
1587481619.2625182,74.125.110.42,10.10.0.10,,,443,49235,0,1358,17
1587481619.288151,10.10.0.10,173.194.182.102,,,41888,443,0,37,17
1587481619.2996678,74.125.110.42,10.10.0.10,,,443,49235,0,1358,17
1587481619.301394,10.10.0.10,74.125.110.42,,,49235,443,0,40,17
1587481619.336817,74.125.110.42,10.10.0.10,,,443,49235,0,1358,17
1587481619.373935,74.125.110.42,10.10.0.10,,,443,49235,0,1358,17
1587481619.3744779,10.10.0.10,74.125.110.42,,,49235,443,0,40,17
1587481619.4110641,173.194.182.102,10.10.0.10,,,443,41888,0,1358,17
1587481619.413786,10.10.0.10,74.125.110.42,,,49235,443,0,40,17
1587481619.4481866,173.194.182.102,10.10.0.10,,,443,41888,0,1358,17
1587481619.4853082,173.194.182.102,10.10.0.10,,,443,41888,0,1358,17
1587481619.5058858,10.10.0.10,173.194.182.102,,,41888,443,0,37,17
1587481619.508382,10.10.0.10,173.194.182.102,,,41888,443,0,50,17
1587481619.5223632,74.125.110.42,10.10.0.10,,,443,49235,0,1358,17
1587481619.5595472,74.125.110.42,10.10.0.10,,,443,49235,0,1358,17
1587481619.5966668,74.125.110.42,10.10.0.10,,,443,49235,0,1358,17
1587481619.6337821,74.125.110.42,10.10.0.10,,,443,49235,0,1358,17
1587481619.6709054,74.125.110.42,10.10.0.10,,,443,49235,0,1358,17
1587481619.708023,74.125.110.42,10.10.0.10,,,443,49235,0,1358,17
1587481619.745147,173.194.182.102,10.10.0.10,,,443,41888,0,1358,17
1587481619.747995,10.10.0.10,74.125.110.42,,,49235,443,0,40,17
1587481619.78228,173.194.182.102,10.10.0.10,,,443,41888,0,1358,17
1587481619.819387,173.194.182.102,10.10.0.10,,,443,41888,0,1358,17
1587481619.8565092,173.194.182.102,10.10.0.10,,,443,41888,0,1358,17
1587481619.893632,74.125.110.42,10.10.0.10,,,443,49235,0,1358,17
1587481619.930741,74.125.110.42,10.10.0.10,,,443,49235,0,1358,17
1587481619.967862,74.125.110.42,10.10.0.10,,,443,49235,0,1358,17
1587481620.004978,173.194.182.102,10.10.0.10,,,443,41888,0,1358,17
1587481620.0421019,74.125.110.42,10.10.0.10,,,443,49235,0,1358,17
1587481620.079222,173.194.182.102,10.10.0.10,,,443,41888,0,1358,17
1587481620.116343,173.194.182.102,10.10.0.10,,,443,41888,0,1358,17
1587481620.15341,173.194.182.102,10.10.0.10,,,443,41888,0,1358,17
1587481620.190569,74.125.110.42,10.10.0.10,,,443,49235,0,1358,17
1587481620.227672,74.125.110.42,10.10.0.10,,,443,49235,0,1358,17
1587481620.264761,74.125.110.42,10.10.0.10,,,443,49235,0,1358,17
1587481620.3046534,74.125.110.42,10.10.0.10,,,443,49235,0,1358,17
1587481620.346818,74.125.110.42,10.10.0.10,,,443,49235,0,1358,17
1587481620.3839388,74.125.110.42,10.10.0.10,,,443,49235,0,1358,17
1587481620.421055,74.125.110.42,10.10.0.10,,,443,49235,0,1358,17
1587481620.4599388,173.194.182.102,10.10.0.10,,,443,41888,0,1358,17
1587481620.4970589,173.194.182.102,10.10.0.10,,,443,41888,0,1358,17
1587481620.534181,173.194.182.102,10.10.0.10,,,443,41888,0,1358,17
1587481620.5712981,74.125.110.42,10.10.0.10,,,443,49235,0,1358,17
1587481620.608418,74.125.110.42,10.10.0.10,,,443,49235,0,1358,17
1587481620.645537,74.125.110.42,10.10.0.10,,,443,49235,0,1358,17
1587481620.6826758,74.125.110.42,10.10.0.10,,,443,49235,0,1358,17
1587481620.723028,173.194.182.102,10.10.0.10,,,443,41888,0,1358,17
1587481620.7601302,173.194.182.102,10.10.0.10,,,443,41888,0,29,17
1587481620.7618294,173.194.182.102,10.10.0.10,,,443,41888,0,1358,17
1587481620.778975,10.10.0.10,74.125.110.42,,,49235,443,0,42,17
1587481620.77952,10.10.0.10,74.125.110.42,,,49235,443,0,42,17
1587481620.780966,10.10.0.10,173.194.182.102,,,41888,443,0,37,17
1587481620.7816,10.10.0.10,173.194.182.102,,,41888,443,0,37,17
1587481620.783997,10.10.0.10,74.125.110.42,,,49235,443,0,42,17
1587481620.784052,10.10.0.10,74.125.110.42,,,49235,443,0,42,17
1587481620.7886364,10.10.0.10,74.125.110.42,,,49235,443,0,42,17
1587481620.788687,10.10.0.10,173.194.182.102,,,41888,443,0,37,17
1587481620.7941802,10.10.0.10,173.194.182.102,,,41888,443,0,37,17
1587481620.7957802,10.10.0.10,74.125.110.42,,,49235,443,0,55,17
1587481620.7963812,10.10.0.10,74.125.110.42,,,49235,443,0,42,17
1587481620.800718,173.194.182.102,10.10.0.10,,,443,41888,0,1358,17
1587481620.805652,10.10.0.10,74.125.110.42,,,49235,443,0,42,17
1587481620.8058045,10.10.0.10,173.194.182.102,,,41888,443,0,37,17
1587481620.807455,10.10.0.10,74.125.110.42,,,49235,443,0,42,17
1587481620.8092818,10.10.0.10,74.125.110.42,,,49235,443,0,42,17
1587481620.810634,10.10.0.10,173.194.182.102,,,41888,443,0,37,17
1587481620.8120198,10.10.0.10,173.194.182.102,,,41888,443,0,37,17
1587481620.8516188,173.194.182.102,10.10.0.10,,,443,41888,0,1358,17
1587481620.8537474,10.10.0.10,74.125.110.42,,,49235,443,0,42,17
1587481620.888743,74.125.110.42,10.10.0.10,,,443,49235,0,1358,17
1587481620.9169462,10.10.0.10,74.125.110.42,,,49235,443,0,44,17
1587481620.916985,10.10.0.10,173.194.182.102,,,41888,443,0,37,17
1587481620.925852,173.194.182.102,10.10.0.10,,,443,41888,0,1358,17
1587481620.9630141,173.194.182.102,10.10.0.10,,,443,41888,0,1358,17
1587481621.000139,74.125.110.42,10.10.0.10,,,443,49235,0,1358,17
1587481621.0372498,173.194.182.102,10.10.0.10,,,443,41888,0,1358,17
1587481621.051573,10.10.0.10,173.194.182.102,,,41888,443,0,40,17
1587481621.0743651,74.125.110.42,10.10.0.10,,,443,49235,0,1358,17
1587481621.0773714,10.10.0.10,74.125.110.42,,,49235,443,0,46,17
1587481621.11149,173.194.182.102,10.10.0.10,,,443,41888,0,1358,17
1587481621.148608,173.194.182.102,10.10.0.10,,,443,41888,0,1358,17
1587481621.185658,74.125.110.42,10.10.0.10,,,443,49235,0,1358,17
1587481621.209511,10.10.0.10,173.194.182.102,,,41888,443,0,40,17
1587481621.2104812,10.10.0.10,173.194.182.102,,,41888,443,0,40,17
1587481621.2110188,10.10.0.10,74.125.110.42,,,49235,443,0,46,17
1587481621.222839,173.194.182.102,10.10.0.10,,,443,41888,0,1358,17
1587481621.224559,10.10.0.10,173.194.182.102,,,41888,443,0,40,17
1587481621.2599652,173.194.182.102,10.10.0.10,,,443,41888,0,1358,17
1587481621.297035,74.125.110.42,10.10.0.10,,,443,49235,0,1358,17
1587481621.302311,10.10.0.10,74.125.110.42,,,49235,443,0,46,17
1587481621.334168,173.194.182.102,10.10.0.10,,,443,41888,0,1358,17
1587481621.335796,10.10.0.10,173.194.182.102,,,41888,443,0,40,17
1587481621.3713136,173.194.182.102,10.10.0.10,,,443,41888,0,1358,17
1587481621.40843,74.125.110.42,10.10.0.10,,,443,49235,0,1358,17
1587481621.4100258,10.10.0.10,74.125.110.42,,,49235,443,0,46,17
1587481621.410225,10.10.0.10,173.194.182.102,,,41888,443,0,40,17
1587481621.44555,173.194.182.102,10.10.0.10,,,443,41888,0,1358,17
1587481621.482672,173.194.182.102,10.10.0.10,,,443,41888,0,1358,17
1587481621.4855714,10.10.0.10,173.194.182.102,,,41888,443,0,40,17
1587481621.519792,173.194.182.102,10.10.0.10,,,443,41888,0,1358,17
1587481621.556912,74.125.110.42,10.10.0.10,,,443,49235,0,1358,17
1587481621.5810661,10.10.0.10,173.194.182.102,,,41888,443,0,40,17
1587481621.5940301,173.194.182.102,10.10.0.10,,,443,41888,0,1358,17
1587481621.596777,10.10.0.10,74.125.110.42,,,49235,443,0,46,17
1587481621.631152,173.194.182.102,10.10.0.10,,,443,41888,0,1358,17
1587481621.632925,10.10.0.10,173.194.182.102,,,41888,443,0,40,17
1587481621.668271,74.125.110.42,10.10.0.10,,,443,49235,0,1358,17
1587481621.705391,173.194.182.102,10.10.0.10,,,443,41888,0,1358,17
1587481621.707966,10.10.0.10,74.125.110.42,,,49235,443,0,46,17
1587481621.742512,173.194.182.102,10.10.0.10,,,443,41888,0,1358,17
1587481621.7456946,10.10.0.10,173.194.182.102,,,41888,443,0,40,17
1587481621.779638,74.125.110.42,10.10.0.10,,,443,49235,0,1358,17
1587481621.81676,74.125.110.42,10.10.0.10,,,443,49235,0,1358,17
1587481621.818512,10.10.0.10,74.125.110.42,,,49235,443,0,46,17
1587481621.853875,74.125.110.42,10.10.0.10,,,443,49235,0,1358,17
1587481621.8909981,74.125.110.42,10.10.0.10,,,443,49235,0,1358,17
1587481621.894113,10.10.0.10,74.125.110.42,,,49235,443,0,46,17
1587481621.9281251,74.125.110.42,10.10.0.10,,,443,49235,0,1358,17
1587481621.9652119,173.194.182.102,10.10.0.10,,,443,41888,0,1358,17
1587481621.9670491,10.10.0.10,74.125.110.42,,,49235,443,0,46,17
1587481622.0023706,74.125.110.42,10.10.0.10,,,443,49235,0,1358,17
1587481622.00405,10.10.0.10,173.194.182.102,,,41888,443,0,40,17
1587481622.039463,74.125.110.42,10.10.0.10,,,443,49235,0,1358,17
1587481622.041144,10.10.0.10,74.125.110.42,,,49235,443,0,48,17
1587481622.0766132,74.125.110.42,10.10.0.10,,,443,49235,0,1358,17
1587481622.079534,10.10.0.10,74.125.110.42,,,49235,443,0,48,17
1587481622.113762,74.125.110.42,10.10.0.10,,,443,49235,0,1358,17
1587481622.11641,10.10.0.10,74.125.110.42,,,49235,443,0,48,17
1587481622.150828,74.125.110.42,10.10.0.10,,,443,49235,0,1358,17
1587481622.152688,10.10.0.10,74.125.110.42,,,49235,443,0,48,17
1587481622.187953,74.125.110.42,10.10.0.10,,,443,49235,0,1358,17
1587481622.2250538,173.194.182.102,10.10.0.10,,,443,41888,0,1358,17
1587481622.2267878,10.10.0.10,74.125.110.42,,,49235,443,0,61,17
1587481622.2621472,173.194.182.102,10.10.0.10,,,443,41888,0,1358,17
1587481622.2638204,10.10.0.10,173.194.182.102,,,41888,443,0,53,17
1587481622.299289,74.125.110.42,10.10.0.10,,,443,49235,0,1358,17
1587481622.336448,173.194.182.102,10.10.0.10,,,443,41888,0,1358,17
1587481622.3385706,10.10.0.10,74.125.110.42,,,49235,443,0,48,17
1587481622.373569,74.125.110.42,10.10.0.10,,,443,49235,0,1358,17
1587481622.375486,10.10.0.10,173.194.182.102,,,41888,443,0,40,17
1587481622.410685,74.125.110.42,10.10.0.10,,,443,49235,0,1358,17
1587481622.413526,10.10.0.10,74.125.110.42,,,49235,443,0,48,17
1587481622.44781,74.125.110.42,10.10.0.10,,,443,49235,0,1358,17
1587481622.479782,10.10.0.10,74.125.110.42,,,49235,443,0,48,17
1587481622.48493,74.125.110.42,10.10.0.10,,,443,49235,0,1351,17
1587481622.5218198,173.194.182.102,10.10.0.10,,,443,41888,0,1358,17
1587481622.5238008,10.10.0.10,74.125.110.42,,,49235,443,0,48,17
1587481622.558987,74.125.110.42,10.10.0.10,,,443,49235,0,1358,17
1587481622.5609722,10.10.0.10,173.194.182.102,,,41888,443,0,40,17
1587481622.5961056,173.194.182.102,10.10.0.10,,,443,41888,0,1358,17
1587481622.596551,10.10.0.10,74.125.110.42,,,49235,443,0,48,17
1587481622.6332278,173.194.182.102,10.10.0.10,,,443,41888,0,1358,17
1587481622.635011,10.10.0.10,173.194.182.102,,,41888,443,0,40,17
1587481622.670354,74.125.110.42,10.10.0.10,,,443,49235,0,1358,17
1587481622.7074668,173.194.182.102,10.10.0.10,,,443,41888,0,1358,17
1587481622.709897,10.10.0.10,74.125.110.42,,,49235,443,0,48,17
1587481622.744591,173.194.182.102,10.10.0.10,,,443,41888,0,1358,17
1587481622.747227,10.10.0.10,173.194.182.102,,,41888,443,0,40,17
1587481622.7817106,173.194.182.102,10.10.0.10,,,443,41888,0,1358,17
1587481622.818832,74.125.110.42,10.10.0.10,,,443,49235,0,1358,17
1587481622.820704,10.10.0.10,173.194.182.102,,,41888,443,0,40,17
1587481622.855952,173.194.182.102,10.10.0.10,,,443,41888,0,1358,17
1587481622.8930712,173.194.182.102,10.10.0.10,,,443,41888,0,1358,17
1587481622.9301958,74.125.110.42,10.10.0.10,,,443,49235,0,1358,17
1587481622.947431,10.10.0.10,74.125.110.42,,,49235,443,0,48,17
1587481622.9673052,173.194.182.102,10.10.0.10,,,443,41888,0,1358,17
1587481622.9733708,10.10.0.10,173.194.182.102,,,41888,443,0,40,17
1587481623.004432,173.194.182.102,10.10.0.10,,,443,41888,0,1358,17
1587481623.0062268,10.10.0.10,173.194.182.102,,,41888,443,0,40,17
1587481623.0066452,10.10.0.10,74.125.110.42,,,49235,443,0,48,17
1587481623.041538,74.125.110.42,10.10.0.10,,,443,49235,0,1358,17
1587481623.0434248,10.10.0.10,74.125.110.42,,,49235,443,0,50,17
1587481623.078658,74.125.110.42,10.10.0.10,,,443,49235,0,1358,17
1587481623.080425,10.10.0.10,74.125.110.42,,,49235,443,0,50,17
1587481623.115762,74.125.110.42,10.10.0.10,,,443,49235,0,1358,17
1587481623.117999,10.10.0.10,74.125.110.42,,,49235,443,0,50,17
1587481623.1528866,74.125.110.42,10.10.0.10,,,443,49235,0,1358,17
1587481623.154728,10.10.0.10,74.125.110.42,,,49235,443,0,50,17
1587481623.1900039,173.194.182.102,10.10.0.10,,,443,41888,0,1358,17
1587481623.2270696,74.125.110.42,10.10.0.10,,,443,49235,0,1358,17
1587481623.228612,10.10.0.10,74.125.110.42,,,49235,443,0,52,17
1587481623.228857,10.10.0.10,173.194.182.102,,,41888,443,0,40,17
1587481623.2642,74.125.110.42,10.10.0.10,,,443,49235,0,1358,17
1587481623.2668116,10.10.0.10,74.125.110.42,,,49235,443,0,52,17
1587481623.301368,74.125.110.42,10.10.0.10,,,443,49235,0,1358,17
1587481623.303318,10.10.0.10,74.125.110.42,,,49235,443,0,52,17
1587481623.338491,74.125.110.42,10.10.0.10,,,443,49235,0,1358,17
1587481623.3402758,10.10.0.10,74.125.110.42,,,49235,443,0,52,17
1587481623.3756151,74.125.110.42,10.10.0.10,,,443,49235,0,1358,17
1587481623.406038,10.10.0.10,74.125.110.42,,,49235,443,0,52,17
1587481623.412737,74.125.110.42,10.10.0.10,,,443,49235,0,1358,17
1587481623.449856,173.194.182.102,10.10.0.10,,,443,41888,0,1358,17
1587481623.477734,10.10.0.10,74.125.110.42,,,49235,443,0,42,17
1587481623.486974,173.194.182.102,10.10.0.10,,,443,41888,0,1358,17
1587481623.4888098,10.10.0.10,173.194.182.102,,,41888,443,0,37,17
1587481623.524052,173.194.182.102,10.10.0.10,,,443,41888,0,1358,17
1587481623.561217,173.194.182.102,10.10.0.10,,,443,41888,0,1358,17
1587481623.598334,74.125.110.42,10.10.0.10,,,443,49235,0,1358,17
1587481623.6036382,10.10.0.10,173.194.182.102,,,41888,443,0,37,17
1587481623.6354115,173.194.182.102,10.10.0.10,,,443,41888,0,1358,17
1587481623.672584,74.125.110.42,10.10.0.10,,,443,49235,0,1358,17
1587481623.709702,74.125.110.42,10.10.0.10,,,443,49235,0,1358,17
1587481623.746824,74.125.110.42,10.10.0.10,,,443,49235,0,1358,17
1587481623.783947,74.125.110.42,10.10.0.10,,,443,49235,0,1358,17
1587481623.8210669,173.194.182.102,10.10.0.10,,,443,41888,0,1358,17
1587481623.8430748,10.10.0.10,74.125.110.42,,,49235,443,0,42,17
1587481623.843124,10.10.0.10,74.125.110.42,,,49235,443,0,55,17
1587481623.858186,74.125.110.42,10.10.0.10,,,443,49235,0,1358,17
1587481623.8953102,173.194.182.102,10.10.0.10,,,443,41888,0,1358,17
1587481623.9324038,173.194.182.102,10.10.0.10,,,443,41888,0,1358,17
1587481623.9629998,10.10.0.10,173.194.182.102,,,41888,443,0,37,17
1587481623.9695468,74.125.110.42,10.10.0.10,,,443,49235,0,1358,17
1587481624.0066712,173.194.182.102,10.10.0.10,,,443,41888,0,1358,17
1587481624.043791,173.194.182.102,10.10.0.10,,,443,41888,0,1358,17
1587481624.0809011,173.194.182.102,10.10.0.10,,,443,41888,0,1358,17
1587481624.118022,173.194.182.102,10.10.0.10,,,443,41888,0,1358,17
1587481624.1551075,173.194.182.102,10.10.0.10,,,443,41888,0,1358,17
1587481624.1922202,173.194.182.102,10.10.0.10,,,443,41888,0,1358,17
1587481624.2293189,173.194.182.102,10.10.0.10,,,443,41888,0,1358,17
1587481624.266453,173.194.182.102,10.10.0.10,,,443,41888,0,1358,17
1587481624.3036108,173.194.182.102,10.10.0.10,,,443,41888,0,1358,17
1587481624.340732,173.194.182.102,10.10.0.10,,,443,41888,0,1358,17
1587481624.377865,173.194.182.102,10.10.0.10,,,443,41888,0,1358,17
1587481624.414983,173.194.182.102,10.10.0.10,,,443,41888,0,1358,17
1587481624.4520724,74.125.110.42,10.10.0.10,,,443,49235,0,1358,17
1587481624.489225,173.194.182.102,10.10.0.10,,,443,41888,0,1358,17
1587481624.534129,10.10.0.10,74.125.110.42,,,49235,443,0,42,17
1587481624.5663311,74.125.110.42,10.10.0.10,,,443,49235,0,1358,17
1587481624.633069,10.10.0.10,74.125.110.42,,,49235,443,0,42,17
1587481624.633633,10.10.0.10,173.194.182.102,,,41888,443,0,37,17
1587481624.6367948,10.10.0.10,173.194.182.102,,,41888,443,0,37,17
1587481624.644108,10.10.0.10,173.194.182.102,,,41888,443,0,37,17
1587481624.6445544,173.194.182.102,10.10.0.10,,,443,41888,0,1358,17
1587481624.6553562,173.194.182.102,10.10.0.10,,,443,41888,0,1358,17
1587481624.676217,74.125.110.42,10.10.0.10,,,443,49235,0,1358,17
1587481624.713336,173.194.182.102,10.10.0.10,,,443,41888,0,1358,17
1587481624.74941,10.10.0.10,173.194.182.102,,,41888,443,0,37,17
1587481624.749466,10.10.0.10,74.125.110.42,,,49235,443,0,42,17
1587481624.7504284,173.194.182.102,10.10.0.10,,,443,41888,0,1358,17
1587481624.751504,10.10.0.10,173.194.182.102,,,41888,443,0,37,17
1587481624.7543492,10.10.0.10,173.194.182.102,,,41888,443,0,37,17
1587481624.7563891,10.10.0.10,173.194.182.102,,,41888,443,0,37,17
1587481624.7573798,10.10.0.10,173.194.182.102,,,41888,443,0,37,17
1587481624.759817,10.10.0.10,74.125.110.42,,,49235,443,0,37,17
1587481624.759871,10.10.0.10,173.194.182.102,,,41888,443,0,50,17
1587481624.7628374,10.10.0.10,173.194.182.102,,,41888,443,0,37,17
1587481624.787577,173.194.182.102,10.10.0.10,,,443,41888,0,1358,17
1587481624.824696,173.194.182.102,10.10.0.10,,,443,41888,0,1358,17
1587481624.858966,10.10.0.10,173.194.182.102,,,41888,443,0,37,17
1587481624.8590188,10.10.0.10,74.125.110.42,,,49235,443,0,37,17
1587481624.8610668,10.10.0.10,173.194.182.102,,,41888,443,0,37,17
1587481624.8617885,74.125.110.42,10.10.0.10,,,443,49235,0,1358,17
1587481624.898936,173.194.182.102,10.10.0.10,,,443,41888,0,1358,17
1587481624.9360561,173.194.182.102,10.10.0.10,,,443,41888,0,32,17
1587481624.937813,173.194.182.102,10.10.0.10,,,443,41888,0,1358,17
1587481624.952425,10.10.0.10,74.125.110.42,,,49235,443,0,37,17
1587481624.957417,10.10.0.10,173.194.182.102,,,41888,443,0,37,17
1587481624.9748619,74.125.110.42,10.10.0.10,,,443,49235,0,1358,17
1587481625.012049,173.194.182.102,10.10.0.10,,,443,41888,0,1358,17
1587481625.0146852,10.10.0.10,74.125.110.42,,,49235,443,0,37,17
1587481625.049134,173.194.182.102,10.10.0.10,,,443,41888,0,1358,17
1587481625.051019,10.10.0.10,173.194.182.102,,,41888,443,0,37,17
1587481625.0862849,173.194.182.102,10.10.0.10,,,443,41888,0,1358,17
1587481625.1234071,173.194.182.102,10.10.0.10,,,443,41888,0,1358,17
1587481625.125329,10.10.0.10,173.194.182.102,,,41888,443,0,37,17
1587481625.1604762,173.194.182.102,10.10.0.10,,,443,41888,0,1358,17
1587481625.195641,10.10.0.10,173.194.182.102,,,41888,443,0,37,17
1587481625.197636,173.194.182.102,10.10.0.10,,,443,41888,0,1358,17
1587481625.2313938,10.10.0.10,173.194.182.102,,,41888,443,0,37,17
1587481625.234737,74.125.110.42,10.10.0.10,,,443,49235,0,1358,17
1587481625.271814,173.194.182.102,10.10.0.10,,,443,41888,0,1358,17
1587481625.2747388,10.10.0.10,74.125.110.42,,,49235,443,0,37,17
1587481625.308933,173.194.182.102,10.10.0.10,,,443,41888,0,1358,17
1587481625.3105226,10.10.0.10,173.194.182.102,,,41888,443,0,37,17
1587481625.346112,173.194.182.102,10.10.0.10,,,443,41888,0,1358,17
1587481625.383235,173.194.182.102,10.10.0.10,,,443,41888,0,1358,17
1587481625.385031,10.10.0.10,173.194.182.102,,,41888,443,0,37,17
1587481625.420295,173.194.182.102,10.10.0.10,,,443,41888,0,1358,17
1587481625.4574199,173.194.182.102,10.10.0.10,,,443,41888,0,1358,17
1587481625.45901,10.10.0.10,173.194.182.102,,,41888,443,0,37,17
1587481625.494593,74.125.110.42,10.10.0.10,,,443,49235,0,1358,17
1587481625.531697,173.194.182.102,10.10.0.10,,,443,41888,0,1358,17
1587481625.5335221,10.10.0.10,74.125.110.42,,,49235,443,0,37,17
1587481625.568783,173.194.182.102,10.10.0.10,,,443,41888,0,1358,17
1587481625.570442,10.10.0.10,173.194.182.102,,,41888,443,0,37,17
1587481625.605966,173.194.182.102,10.10.0.10,,,443,41888,0,282,17
1587481625.614392,74.125.110.42,10.10.0.10,,,443,49235,0,1358,17
1587481625.6225471,10.10.0.10,173.194.182.102,,,41888,443,0,717,17
1587481625.6233902,10.10.0.10,173.194.182.102,,,41888,443,0,48,17
1587481625.6515136,74.125.110.42,10.10.0.10,,,443,49235,0,1358,17
1587481625.65337,10.10.0.10,74.125.110.42,,,49235,443,0,37,17
1587481625.6886392,74.125.110.42,10.10.0.10,,,443,49235,0,1358,17
1587481625.7257571,74.125.110.42,10.10.0.10,,,443,49235,0,1358,17
1587481625.727868,10.10.0.10,74.125.110.42,,,49235,443,0,37,17
1587481625.76288,74.125.110.42,10.10.0.10,,,443,49235,0,1358,17
1587481625.8000052,74.125.110.42,10.10.0.10,,,443,49235,0,1358,17
1587481625.803099,10.10.0.10,74.125.110.42,,,49235,443,0,37,17
1587481625.837122,74.125.110.42,10.10.0.10,,,443,49235,0,261,17
1587481625.844989,173.194.182.102,10.10.0.10,,,443,41888,0,115,17
1587481625.848944,173.194.182.102,10.10.0.10,,,443,41888,0,1358,17
1587481625.8507671,10.10.0.10,173.194.182.102,,,41888,443,0,37,17
1587481625.856383,10.10.0.10,74.125.110.42,,,49235,443,0,683,17
1587481625.856936,10.10.0.10,74.125.110.42,,,49235,443,0,48,17
1587481625.8860786,173.194.182.102,10.10.0.10,,,443,41888,0,1358,17
1587481625.923198,173.194.182.102,10.10.0.10,,,443,41888,0,1358,17
1587481625.9257116,10.10.0.10,173.194.182.102,,,41888,443,0,37,17
1587481625.9603221,173.194.182.102,10.10.0.10,,,443,41888,0,1358,17
1587481625.9974391,173.194.182.102,10.10.0.10,,,443,41888,0,1358,17
1587481626.0002658,10.10.0.10,173.194.182.102,,,41888,443,0,37,17
1587481626.034514,173.194.182.102,10.10.0.10,,,443,41888,0,1358,17
1587481626.067271,10.10.0.10,173.194.182.102,,,41888,443,0,37,17
1587481626.0716338,173.194.182.102,10.10.0.10,,,443,41888,0,1358,17
1587481626.1087322,74.125.110.42,10.10.0.10,,,443,49235,0,115,17
1587481626.1121204,10.10.0.10,173.194.182.102,,,41888,443,0,37,17
1587481626.1127136,74.125.110.42,10.10.0.10,,,443,49235,0,1358,17
1587481626.114611,10.10.0.10,74.125.110.42,,,49235,443,0,37,17
1587481626.1498456,74.125.110.42,10.10.0.10,,,443,49235,0,1358,17
1587481626.1869981,74.125.110.42,10.10.0.10,,,443,49235,0,1358,17
1587481626.1890008,10.10.0.10,74.125.110.42,,,49235,443,0,40,17
1587481626.224129,74.125.110.42,10.10.0.10,,,443,49235,0,1358,17
1587481626.225863,10.10.0.10,74.125.110.42,,,49235,443,0,42,17
1587481626.2612472,173.194.182.102,10.10.0.10,,,443,41888,0,1358,17
1587481626.298365,173.194.182.102,10.10.0.10,,,443,41888,0,1358,17
1587481626.3001142,10.10.0.10,173.194.182.102,,,41888,443,0,37,17
1587481626.335488,173.194.182.102,10.10.0.10,,,443,41888,0,1358,17
1587481626.369558,10.10.0.10,173.194.182.102,,,41888,443,0,37,17
1587481626.372593,173.194.182.102,10.10.0.10,,,443,41888,0,1358,17
1587481626.409735,173.194.182.102,10.10.0.10,,,443,41888,0,1358,17
1587481626.4114988,10.10.0.10,173.194.182.102,,,41888,443,0,37,17
1587481626.4468534,173.194.182.102,10.10.0.10,,,443,41888,0,1358,17
1587481626.483907,74.125.110.42,10.10.0.10,,,443,49235,0,1358,17
1587481626.486007,10.10.0.10,74.125.110.42,,,49235,443,0,44,17
1587481626.486276,10.10.0.10,173.194.182.102,,,41888,443,0,37,17
1587481626.5210931,173.194.182.102,10.10.0.10,,,443,41888,0,1358,17
1587481626.558203,173.194.182.102,10.10.0.10,,,443,41888,0,1358,17
1587481626.560129,10.10.0.10,173.194.182.102,,,41888,443,0,37,17
1587481626.5953224,173.194.182.102,10.10.0.10,,,443,41888,0,1358,17
1587481626.632444,173.194.182.102,10.10.0.10,,,443,41888,0,1358,17
1587481626.634152,10.10.0.10,173.194.182.102,,,41888,443,0,37,17
1587481626.6695619,173.194.182.102,10.10.0.10,,,443,41888,0,1358,17
1587481626.706681,74.125.110.42,10.10.0.10,,,443,49235,0,1358,17
1587481626.7091546,10.10.0.10,74.125.110.42,,,49235,443,0,44,17
1587481626.710092,10.10.0.10,173.194.182.102,,,41888,443,0,37,17
1587481626.743808,173.194.182.102,10.10.0.10,,,443,41888,0,1358,17
1587481626.780927,173.194.182.102,10.10.0.10,,,443,41888,0,1358,17
1587481626.782926,10.10.0.10,173.194.182.102,,,41888,443,0,37,17
1587481626.818002,173.194.182.102,10.10.0.10,,,443,41888,0,1358,17
1587481626.8551679,173.194.182.102,10.10.0.10,,,443,41888,0,1358,17
1587481626.85901,10.10.0.10,173.194.182.102,,,41888,443,0,37,17
1587481626.892287,173.194.182.102,10.10.0.10,,,443,41888,0,1358,17
1587481626.9233284,10.10.0.10,173.194.182.102,,,41888,443,0,37,17
1587481626.9293554,173.194.182.102,10.10.0.10,,,443,41888,0,1358,17
1587481626.966526,74.125.110.42,10.10.0.10,,,443,49235,0,1358,17
1587481626.9684026,10.10.0.10,74.125.110.42,,,49235,443,0,44,17
1587481626.968592,10.10.0.10,173.194.182.102,,,41888,443,0,37,17
1587481627.003648,173.194.182.102,10.10.0.10,,,443,41888,0,1358,17
1587481627.036344,10.10.0.10,173.194.182.102,,,41888,443,0,37,17
1587481627.040764,173.194.182.102,10.10.0.10,,,443,41888,0,1358,17
1587481627.0742474,10.10.0.10,173.194.182.102,,,41888,443,0,37,17
1587481627.0778852,173.194.182.102,10.10.0.10,,,443,41888,0,1358,17
1587481627.115008,173.194.182.102,10.10.0.10,,,443,41888,0,1358,17
1587481627.1179788,10.10.0.10,173.194.182.102,,,41888,443,0,37,17
1587481627.152127,173.194.182.102,10.10.0.10,,,443,41888,0,1358,17
1587481627.1892474,173.194.182.102,10.10.0.10,,,443,41888,0,1358,17
1587481627.1909199,10.10.0.10,173.194.182.102,,,41888,443,0,50,17
1587481627.2263632,74.125.110.42,10.10.0.10,,,443,49235,0,1358,17
1587481627.2284222,10.10.0.10,74.125.110.42,,,49235,443,0,44,17
1587481627.2634866,173.194.182.102,10.10.0.10,,,443,41888,0,1358,17
1587481627.300608,74.125.110.42,10.10.0.10,,,443,49235,0,1358,17
1587481627.31568,10.10.0.10,173.194.182.102,,,41888,443,0,37,17
1587481627.3377225,74.125.110.42,10.10.0.10,,,443,49235,0,1358,17
1587481627.340543,10.10.0.10,74.125.110.42,,,49235,443,0,44,17
1587481627.3748019,173.194.182.102,10.10.0.10,,,443,41888,0,1358,17
1587481627.4018786,10.10.0.10,173.194.182.102,,,41888,443,0,37,17
1587481627.411966,74.125.110.42,10.10.0.10,,,443,49235,0,1358,17
1587481627.4490864,173.194.182.102,10.10.0.10,,,443,41888,0,1358,17
1587481627.451691,10.10.0.10,74.125.110.42,,,49235,443,0,44,17
1587481627.486207,173.194.182.102,10.10.0.10,,,443,41888,0,1358,17
1587481627.488087,10.10.0.10,173.194.182.102,,,41888,443,0,37,17
1587481627.5233223,173.194.182.102,10.10.0.10,,,443,41888,0,1358,17
1587481627.560448,74.125.110.42,10.10.0.10,,,443,49235,0,1358,17
1587481627.5625858,10.10.0.10,173.194.182.102,,,41888,443,0,37,17
1587481627.592708,10.10.0.10,74.125.110.42,,,49235,443,0,44,17
1587481627.597567,173.194.182.102,10.10.0.10,,,443,41888,0,1358,17
1587481627.634683,173.194.182.102,10.10.0.10,,,443,41888,0,1358,17
1587481627.671803,173.194.182.102,10.10.0.10,,,443,41888,0,1358,17
1587481627.6982045,10.10.0.10,173.194.182.102,,,41888,443,0,37,17
1587481627.699831,10.10.0.10,173.194.182.102,,,41888,443,0,37,17
1587481627.708909,173.194.182.102,10.10.0.10,,,443,41888,0,1358,17
1587481627.746047,173.194.182.102,10.10.0.10,,,443,41888,0,1358,17
1587481627.7831671,173.194.182.102,10.10.0.10,,,443,41888,0,1358,17
1587481627.820283,173.194.182.102,10.10.0.10,,,443,41888,0,1358,17
1587481627.8574061,74.125.110.42,10.10.0.10,,,443,49235,0,1358,17
1587481627.8945231,173.194.182.102,10.10.0.10,,,443,41888,0,1358,17
1587481627.9316428,173.194.182.102,10.10.0.10,,,443,41888,0,1358,17
1587481627.9393141,10.10.0.10,173.194.182.102,,,41888,443,0,37,17
1587481627.968767,173.194.182.102,10.10.0.10,,,443,41888,0,1358,17
1587481628.005887,173.194.182.102,10.10.0.10,,,443,41888,0,1358,17
1587481628.043008,173.194.182.102,10.10.0.10,,,443,41888,0,1358,17
1587481628.080126,173.194.182.102,10.10.0.10,,,443,41888,0,1358,17
1587481628.117247,173.194.182.102,10.10.0.10,,,443,41888,0,1358,17
1587481628.154325,173.194.182.102,10.10.0.10,,,443,41888,0,1358,17
1587481628.191473,173.194.182.102,10.10.0.10,,,443,41888,0,1358,17
1587481628.228583,173.194.182.102,10.10.0.10,,,443,41888,0,1358,17
1587481628.2656775,74.125.110.42,10.10.0.10,,,443,49235,0,1358,17
1587481628.302851,173.194.182.102,10.10.0.10,,,443,41888,0,1358,17
1587481628.3399732,173.194.182.102,10.10.0.10,,,443,41888,0,1358,17
1587481628.3770962,173.194.182.102,10.10.0.10,,,443,41888,0,1358,17
1587481628.414217,173.194.182.102,10.10.0.10,,,443,41888,0,1358,17
1587481628.451336,173.194.182.102,10.10.0.10,,,443,41888,0,1358,17
1587481628.488456,173.194.182.102,10.10.0.10,,,443,41888,0,1358,17
1587481628.5254989,173.194.182.102,10.10.0.10,,,443,41888,0,1358,17
1587481628.56715,173.194.182.102,10.10.0.10,,,443,41888,0,1358,17
1587481628.604269,173.194.182.102,10.10.0.10,,,443,41888,0,1358,17
1587481628.6413894,173.194.182.102,10.10.0.10,,,443,41888,0,1358,17
1587481628.6785052,173.194.182.102,10.10.0.10,,,443,41888,0,1358,17
1587481628.7156286,173.194.182.102,10.10.0.10,,,443,41888,0,1358,17
1587481628.752752,74.125.110.42,10.10.0.10,,,443,49235,0,1358,17
1587481628.789864,173.194.182.102,10.10.0.10,,,443,41888,0,1358,17
1587481628.8269892,173.194.182.102,10.10.0.10,,,443,41888,0,1358,17
1587481628.864106,173.194.182.102,10.10.0.10,,,443,41888,0,1358,17
1587481628.899319,10.10.0.10,173.194.182.102,,,41888,443,0,43,17
1587481628.9012249,173.194.182.102,10.10.0.10,,,443,41888,0,29,17
1587481628.9058812,10.10.0.10,173.194.182.102,,,41888,443,0,37,17
1587481628.9073591,74.125.110.42,10.10.0.10,,,443,49235,0,1358,17
1587481628.9444282,74.125.110.42,10.10.0.10,,,443,49235,0,1358,17
1587481628.98159,74.125.110.42,10.10.0.10,,,443,49235,0,1358,17
1587481629.018714,74.125.110.42,10.10.0.10,,,443,49235,0,1358,17
1587481629.028354,10.10.0.10,173.194.182.102,,,41888,443,0,37,17
1587481629.028413,10.10.0.10,74.125.110.42,,,49235,443,0,44,17
1587481629.060283,74.125.110.42,10.10.0.10,,,443,49235,0,1358,17
1587481629.097408,74.125.110.42,10.10.0.10,,,443,49235,0,1358,17
1587481629.13259,10.10.0.10,173.194.182.102,,,41888,443,0,37,17
1587481629.134488,74.125.110.42,10.10.0.10,,,443,49235,0,1358,17
1587481629.1400616,10.10.0.10,173.194.182.102,,,41888,443,0,37,17
1587481629.141849,10.10.0.10,173.194.182.102,,,41888,443,0,37,17
1587481629.171632,74.125.110.42,10.10.0.10,,,443,49235,0,1358,17
1587481629.2087288,74.125.110.42,10.10.0.10,,,443,49235,0,1358,17
1587481629.247638,173.194.182.102,10.10.0.10,,,443,41888,0,29,17
1587481629.2493188,173.194.182.102,10.10.0.10,,,443,41888,0,1358,17
1587481629.258351,10.10.0.10,173.194.182.102,,,41888,443,0,37,17
1587481629.2762446,10.10.0.10,173.194.182.102,,,41888,443,0,37,17
1587481629.286433,173.194.182.102,10.10.0.10,,,443,41888,0,1358,17
1587481629.32532,173.194.182.102,10.10.0.10,,,443,41888,0,1358,17
1587481629.362407,74.125.110.42,10.10.0.10,,,443,49235,0,1358,17
1587481629.3713224,10.10.0.10,74.125.110.42,,,49235,443,0,44,17
1587481629.378136,10.10.0.10,173.194.182.102,,,41888,443,0,37,17
1587481629.3796108,10.10.0.10,173.194.182.102,,,41888,443,0,37,17
1587481629.381472,10.10.0.10,173.194.182.102,,,41888,443,0,37,17
1587481629.383379,10.10.0.10,173.194.182.102,,,41888,443,0,37,17
1587481629.3849068,10.10.0.10,173.194.182.102,,,41888,443,0,37,17
1587481629.3849318,10.10.0.10,173.194.182.102,,,41888,443,0,37,17
1587481629.391908,10.10.0.10,173.194.182.102,,,41888,443,0,37,17
1587481629.3919482,10.10.0.10,74.125.110.42,,,49235,443,0,44,17
1587481629.395863,10.10.0.10,74.125.110.42,,,49235,443,0,44,17
1587481629.3993812,10.10.0.10,74.125.110.42,,,49235,443,0,44,17
1587481629.3994212,10.10.0.10,74.125.110.42,,,49235,443,0,44,17
1587481629.39952,74.125.110.42,10.10.0.10,,,443,49235,0,1358,17
1587481629.401011,10.10.0.10,74.125.110.42,,,49235,443,0,44,17
1587481629.4024,10.10.0.10,173.194.182.102,,,41888,443,0,37,17
1587481629.4034052,10.10.0.10,173.194.182.102,,,41888,443,0,37,17
1587481629.404109,10.10.0.10,74.125.110.42,,,49235,443,0,44,17
1587481629.436681,173.194.182.102,10.10.0.10,,,443,41888,0,1358,17
1587481629.473801,173.194.182.102,10.10.0.10,,,443,41888,0,1358,17
1587481629.4754848,10.10.0.10,173.194.182.102,,,41888,443,0,37,17
1587481629.510925,74.125.110.42,10.10.0.10,,,443,49235,0,1358,17
1587481629.543392,10.10.0.10,74.125.110.42,,,49235,443,0,44,17
1587481629.5480518,173.194.182.102,10.10.0.10,,,443,41888,0,1358,17
1587481629.585168,173.194.182.102,10.10.0.10,,,443,41888,0,1358,17
1587481629.586869,10.10.0.10,173.194.182.102,,,41888,443,0,37,17
1587481629.623993,173.194.182.102,10.10.0.10,,,443,41888,0,1358,17
1587481629.657827,10.10.0.10,173.194.182.102,,,41888,443,0,37,17
1587481629.6611712,74.125.110.42,10.10.0.10,,,443,49235,0,1358,17
1587481629.698296,173.194.182.102,10.10.0.10,,,443,41888,0,1358,17
1587481629.7010348,10.10.0.10,74.125.110.42,,,49235,443,0,57,17
1587481629.735407,173.194.182.102,10.10.0.10,,,443,41888,0,1358,17
1587481629.7372851,10.10.0.10,173.194.182.102,,,41888,443,0,50,17
1587481629.772524,74.125.110.42,10.10.0.10,,,443,49235,0,1358,17
1587481629.809647,173.194.182.102,10.10.0.10,,,443,41888,0,1358,17
1587481629.811717,10.10.0.10,74.125.110.42,,,49235,443,0,44,17
1587481629.8467634,173.194.182.102,10.10.0.10,,,443,41888,0,1358,17
1587481629.8743582,10.10.0.10,173.194.182.102,,,41888,443,0,37,17
1587481629.8838828,173.194.182.102,10.10.0.10,,,443,41888,0,1358,17
1587481629.921006,74.125.110.42,10.10.0.10,,,443,49235,0,1358,17
1587481629.923089,10.10.0.10,173.194.182.102,,,41888,443,0,37,17
1587481629.958122,173.194.182.102,10.10.0.10,,,443,41888,0,1358,17
1587481629.9616554,10.10.0.10,74.125.110.42,,,49235,443,0,44,17
1587481629.9952462,173.194.182.102,10.10.0.10,,,443,41888,0,1358,17
1587481629.9970758,10.10.0.10,173.194.182.102,,,41888,443,0,37,17
1587481630.032367,173.194.182.102,10.10.0.10,,,443,41888,0,1358,17
1587481630.069486,173.194.182.102,10.10.0.10,,,443,41888,0,1358,17
1587481630.0713608,10.10.0.10,173.194.182.102,,,41888,443,0,37,17
1587481630.106607,173.194.182.102,10.10.0.10,,,443,41888,0,1358,17
1587481630.143727,74.125.110.42,10.10.0.10,,,443,49235,0,1358,17
1587481630.145864,10.10.0.10,74.125.110.42,,,49235,443,0,46,17
1587481630.1460721,10.10.0.10,173.194.182.102,,,41888,443,0,37,17
1587481630.180799,173.194.182.102,10.10.0.10,,,443,41888,0,1358,17
1587481630.217892,74.125.110.42,10.10.0.10,,,443,49235,0,1358,17
1587481630.21953,10.10.0.10,74.125.110.42,,,49235,443,0,46,17
1587481630.2198524,10.10.0.10,173.194.182.102,,,41888,443,0,37,17
1587481630.25505,173.194.182.102,10.10.0.10,,,443,41888,0,1358,17
1587481630.2921321,173.194.182.102,10.10.0.10,,,443,41888,0,1358,17
1587481630.29389,10.10.0.10,173.194.182.102,,,41888,443,0,37,17
1587481630.3293,74.125.110.42,10.10.0.10,,,443,49235,0,1358,17
1587481630.3309422,10.10.0.10,74.125.110.42,,,49235,443,0,46,17
1587481630.366424,173.194.182.102,10.10.0.10,,,443,41888,0,1358,17
1587481630.4035661,173.194.182.102,10.10.0.10,,,443,41888,0,1358,17
1587481630.405431,10.10.0.10,173.194.182.102,,,41888,443,0,37,17
1587481630.440687,74.125.110.42,10.10.0.10,,,443,49235,0,29,17
1587481630.442368,74.125.110.42,10.10.0.10,,,443,49235,0,1358,17
1587481630.4794881,173.194.182.102,10.10.0.10,,,443,41888,0,1358,17
1587481630.481318,10.10.0.10,74.125.110.42,,,49235,443,0,40,17
1587481630.5166042,173.194.182.102,10.10.0.10,,,443,41888,0,29,17
1587481630.518284,173.194.182.102,10.10.0.10,,,443,41888,0,1358,17
1587481630.541158,10.10.0.10,173.194.182.102,,,41888,443,0,37,17
1587481630.555367,74.125.110.42,10.10.0.10,,,443,49235,0,1358,17
1587481630.5772884,10.10.0.10,173.194.182.102,,,41888,443,0,37,17
1587481630.5925276,173.194.182.102,10.10.0.10,,,443,41888,0,1358,17
1587481630.594877,10.10.0.10,74.125.110.42,,,49235,443,0,40,17
1587481630.629559,10.10.0.10,173.194.182.102,,,41888,443,0,37,17
1587481630.629603,173.194.182.102,10.10.0.10,,,443,41888,0,1358,17
1587481630.6650288,10.10.0.10,173.194.182.102,,,41888,443,0,37,17
1587481630.6667492,173.194.182.102,10.10.0.10,,,443,41888,0,154,17
1587481630.671779,74.125.110.42,10.10.0.10,,,443,49235,0,1358,17
1587481630.689455,10.10.0.10,173.194.182.102,,,41888,443,0,717,17
1587481630.68961,10.10.0.10,173.194.182.102,,,41888,443,0,48,17
1587481630.708902,74.125.110.42,10.10.0.10,,,443,49235,0,1358,17
1587481630.710598,10.10.0.10,74.125.110.42,,,49235,443,0,40,17
1587481630.746023,74.125.110.42,10.10.0.10,,,443,49235,0,1358,17
1587481630.783149,74.125.110.42,10.10.0.10,,,443,49235,0,1358,17
1587481630.785481,10.10.0.10,74.125.110.42,,,49235,443,0,40,17
1587481630.8202758,74.125.110.42,10.10.0.10,,,443,49235,0,1358,17
1587481630.857381,74.125.110.42,10.10.0.10,,,443,49235,0,1358,17
1587481630.859191,10.10.0.10,74.125.110.42,,,49235,443,0,40,17
1587481630.8956,74.125.110.42,10.10.0.10,,,443,49235,0,1358,17
1587481630.932743,74.125.110.42,10.10.0.10,,,443,49235,0,1358,17
1587481630.936232,10.10.0.10,74.125.110.42,,,49235,443,0,40,17
1587481630.9698648,74.125.110.42,10.10.0.10,,,443,49235,0,1358,17
1587481631.008899,74.125.110.42,10.10.0.10,,,443,49235,0,1358,17
1587481631.0106988,10.10.0.10,74.125.110.42,,,49235,443,0,40,17
1587481631.046081,74.125.110.42,10.10.0.10,,,443,49235,0,1358,17
1587481631.085135,74.125.110.42,10.10.0.10,,,443,49235,0,1358,17
1587481631.086818,10.10.0.10,74.125.110.42,,,49235,443,0,40,17
1587481631.122282,173.194.182.102,10.10.0.10,,,443,41888,0,115,17
1587481631.1262612,173.194.182.102,10.10.0.10,,,443,41888,0,1358,17
1587481631.154882,10.10.0.10,173.194.182.102,,,41888,443,0,37,17
1587481631.163376,173.194.182.102,10.10.0.10,,,443,41888,0,1358,17
1587481631.2004821,173.194.182.102,10.10.0.10,,,443,41888,0,1358,17
1587481631.2025812,10.10.0.10,173.194.182.102,,,41888,443,0,37,17
1587481631.2376132,173.194.182.102,10.10.0.10,,,443,41888,0,1358,17
1587481631.2747226,173.194.182.102,10.10.0.10,,,443,41888,0,1358,17
1587481631.2764108,10.10.0.10,173.194.182.102,,,41888,443,0,37,17
1587481631.311826,173.194.182.102,10.10.0.10,,,443,41888,0,1358,17
1587481631.34897,173.194.182.102,10.10.0.10,,,443,41888,0,1358,17
1587481631.350674,10.10.0.10,173.194.182.102,,,41888,443,0,37,17
1587481631.3860931,173.194.182.102,10.10.0.10,,,443,41888,0,1358,17
1587481631.423221,173.194.182.102,10.10.0.10,,,443,41888,0,1358,17
1587481631.447345,10.10.0.10,173.194.182.102,,,41888,443,0,37,17
1587481631.4603398,173.194.182.102,10.10.0.10,,,443,41888,0,1358,17
1587481631.4974618,173.194.182.102,10.10.0.10,,,443,41888,0,1358,17
1587481631.500849,10.10.0.10,173.194.182.102,,,41888,443,0,37,17
1587481631.5345798,74.125.110.42,10.10.0.10,,,443,49235,0,1358,17
1587481631.5717044,173.194.182.102,10.10.0.10,,,443,41888,0,1358,17
1587481631.57376,10.10.0.10,74.125.110.42,,,49235,443,0,40,17
1587481631.60883,173.194.182.102,10.10.0.10,,,443,41888,0,1358,17
1587481631.610965,10.10.0.10,173.194.182.102,,,41888,443,0,37,17
1587481631.645947,74.125.110.42,10.10.0.10,,,443,49235,0,1358,17
1587481631.683065,173.194.182.102,10.10.0.10,,,443,41888,0,1358,17
1587481631.685447,10.10.0.10,74.125.110.42,,,49235,443,0,40,17
1587481631.720189,173.194.182.102,10.10.0.10,,,443,41888,0,1358,17
1587481631.7572749,74.125.110.42,10.10.0.10,,,443,49235,0,1358,17
1587481631.7904534,10.10.0.10,173.194.182.102,,,41888,443,0,37,17
1587481631.794416,173.194.182.102,10.10.0.10,,,443,41888,0,1358,17
1587481631.800686,10.10.0.10,173.194.182.102,,,41888,443,0,37,17
1587481631.83154,173.194.182.102,10.10.0.10,,,443,41888,0,1358,17
1587481631.8686595,74.125.110.42,10.10.0.10,,,443,49235,0,1358,17
1587481631.905735,173.194.182.102,10.10.0.10,,,443,41888,0,1358,17
1587481631.9428961,173.194.182.102,10.10.0.10,,,443,41888,0,1358,17
1587481631.9800212,173.194.182.102,10.10.0.10,,,443,41888,0,1358,17
1587481632.0171402,74.125.110.42,10.10.0.10,,,443,49235,0,1358,17
1587481632.034271,10.10.0.10,74.125.110.42,,,49235,443,0,40,17
1587481632.0542614,173.194.182.102,10.10.0.10,,,443,41888,0,1358,17
1587481632.180266,173.194.182.102,10.10.0.10,,,443,41888,0,1358,17
1587481632.2173884,74.125.110.42,10.10.0.10,,,443,49235,0,1358,17
1587481632.254517,173.194.182.102,10.10.0.10,,,443,41888,0,1358,17
1587481632.291583,173.194.182.102,10.10.0.10,,,443,41888,0,1358,17
1587481632.3287,74.125.110.42,10.10.0.10,,,443,49235,0,1358,17
1587481632.365888,173.194.182.102,10.10.0.10,,,443,41888,0,1358,17
1587481632.4030108,173.194.182.102,10.10.0.10,,,443,41888,0,1358,17
1587481632.440131,74.125.110.42,10.10.0.10,,,443,49235,0,1358,17
1587481632.47725,173.194.182.102,10.10.0.10,,,443,41888,0,1358,17
1587481632.514372,173.194.182.102,10.10.0.10,,,443,41888,0,1358,17
1587481632.551498,74.125.110.42,10.10.0.10,,,443,49235,0,1358,17
1587481632.5886161,173.194.182.102,10.10.0.10,,,443,41888,0,1358,17
1587481632.625688,173.194.182.102,10.10.0.10,,,443,41888,0,1358,17
1587481632.662856,74.125.110.42,10.10.0.10,,,443,49235,0,1358,17
1587481632.699976,173.194.182.102,10.10.0.10,,,443,41888,0,1358,17
1587481632.7370918,173.194.182.102,10.10.0.10,,,443,41888,0,1358,17
1587481632.774208,74.125.110.42,10.10.0.10,,,443,49235,0,1358,17
1587481632.811325,173.194.182.102,10.10.0.10,,,443,41888,0,1358,17
1587481632.8253136,10.10.0.10,173.194.182.102,,,41888,443,0,37,17
1587481632.826825,10.10.0.10,173.194.182.102,,,41888,443,0,37,17
1587481632.8281422,10.10.0.10,74.125.110.42,,,49235,443,0,40,17
1587481632.836832,10.10.0.10,173.194.182.102,,,41888,443,0,37,17
1587481632.8484428,173.194.182.102,10.10.0.10,,,443,41888,0,1358,17
1587481632.885565,74.125.110.42,10.10.0.10,,,443,49235,0,1358,17
1587481632.910595,10.10.0.10,74.125.110.42,,,49235,443,0,40,17
1587481632.913325,10.10.0.10,173.194.182.102,,,41888,443,0,37,17
1587481632.9143572,10.10.0.10,173.194.182.102,,,41888,443,0,37,17
1587481632.9149141,10.10.0.10,74.125.110.42,,,49235,443,0,40,17
1587481632.9161859,10.10.0.10,173.194.182.102,,,41888,443,0,37,17
1587481632.9189632,10.10.0.10,173.194.182.102,,,41888,443,0,37,17
1587481632.920463,10.10.0.10,74.125.110.42,,,49235,443,0,53,17
1587481632.920521,10.10.0.10,173.194.182.102,,,41888,443,0,37,17
1587481632.921243,10.10.0.10,173.194.182.102,,,41888,443,0,37,17
1587481632.9215946,10.10.0.10,74.125.110.42,,,49235,443,0,40,17
1587481632.9226818,173.194.182.102,10.10.0.10,,,443,41888,0,1358,17
1587481632.9598072,173.194.182.102,10.10.0.10,,,443,41888,0,1358,17
1587481632.961577,10.10.0.10,173.194.182.102,,,41888,443,0,37,17
1587481632.996926,74.125.110.42,10.10.0.10,,,443,49235,0,1358,17
1587481633.033981,173.194.182.102,10.10.0.10,,,443,41888,0,1358,17
1587481633.036951,10.10.0.10,74.125.110.42,,,49235,443,0,40,17
1587481633.0711632,173.194.182.102,10.10.0.10,,,443,41888,0,1358,17
1587481633.0738132,10.10.0.10,173.194.182.102,,,41888,443,0,50,17
1587481633.1082866,173.194.182.102,10.10.0.10,,,443,41888,0,1358,17
1587481633.145389,74.125.110.42,10.10.0.10,,,443,49235,0,1358,17
1587481633.147525,10.10.0.10,173.194.182.102,,,41888,443,0,37,17
1587481633.182513,173.194.182.102,10.10.0.10,,,443,41888,0,1358,17
1587481633.1844249,10.10.0.10,74.125.110.42,,,49235,443,0,40,17
1587481633.21963,173.194.182.102,10.10.0.10,,,443,41888,0,1358,17
1587481633.221354,10.10.0.10,173.194.182.102,,,41888,443,0,37,17
1587481633.2566981,74.125.110.42,10.10.0.10,,,443,49235,0,1358,17
1587481633.293881,173.194.182.102,10.10.0.10,,,443,41888,0,1358,17
1587481633.298773,10.10.0.10,74.125.110.42,,,49235,443,0,40,17
1587481633.331003,173.194.182.102,10.10.0.10,,,443,41888,0,1358,17
1587481633.332654,10.10.0.10,173.194.182.102,,,41888,443,0,37,17
1587481633.3681269,173.194.182.102,10.10.0.10,,,443,41888,0,1358,17
1587481633.405247,74.125.110.42,10.10.0.10,,,443,49235,0,1358,17
1587481633.407509,10.10.0.10,173.194.182.102,,,41888,443,0,37,17
1587481633.4423661,173.194.182.102,10.10.0.10,,,443,41888,0,1358,17
1587481633.444927,10.10.0.10,74.125.110.42,,,49235,443,0,40,17
1587481633.479487,173.194.182.102,10.10.0.10,,,443,41888,0,1358,17
1587481633.4811304,10.10.0.10,173.194.182.102,,,41888,443,0,37,17
1587481633.5166118,74.125.110.42,10.10.0.10,,,443,49235,0,1358,17
1587481633.553736,173.194.182.102,10.10.0.10,,,443,41888,0,1358,17
1587481633.555886,10.10.0.10,74.125.110.42,,,49235,443,0,40,17
1587481633.5908532,74.125.110.42,10.10.0.10,,,443,49235,0,1358,17
1587481633.5932488,10.10.0.10,173.194.182.102,,,41888,443,0,37,17
1587481633.6279721,74.125.110.42,10.10.0.10,,,443,49235,0,1358,17
1587481633.6298258,10.10.0.10,74.125.110.42,,,49235,443,0,40,17
1587481633.6650932,173.194.182.102,10.10.0.10,,,443,41888,0,1358,17
1587481633.7022169,173.194.182.102,10.10.0.10,,,443,41888,0,1358,17
1587481633.717818,10.10.0.10,173.194.182.102,,,41888,443,0,37,17
1587481633.739336,74.125.110.42,10.10.0.10,,,443,49235,0,1358,17
1587481633.776454,173.194.182.102,10.10.0.10,,,443,41888,0,1358,17
1587481633.8135722,74.125.110.42,10.10.0.10,,,443,49235,0,1358,17
1587481633.8154142,10.10.0.10,74.125.110.42,,,49235,443,0,40,17
1587481633.8422642,10.10.0.10,173.194.182.102,,,41888,443,0,37,17
1587481633.850687,74.125.110.42,10.10.0.10,,,443,49235,0,1358,17
1587481633.8878062,74.125.110.42,10.10.0.10,,,443,49235,0,1358,17
1587481633.889548,10.10.0.10,74.125.110.42,,,49235,443,0,40,17
1587481633.9355948,173.194.182.102,10.10.0.10,,,443,41888,0,1358,17
1587481633.9822679,74.125.110.42,10.10.0.10,,,443,49235,0,1358,17
1587481633.9845262,10.10.0.10,173.194.182.102,,,41888,443,0,37,17
1587481634.01938,173.194.182.102,10.10.0.10,,,443,41888,0,1358,17
1587481634.021425,10.10.0.10,74.125.110.42,,,49235,443,0,40,17
1587481634.0565012,173.194.182.102,10.10.0.10,,,443,41888,0,1358,17
1587481634.0583189,10.10.0.10,173.194.182.102,,,41888,443,0,37,17
1587481634.093616,74.125.110.42,10.10.0.10,,,443,49235,0,1358,17
1587481634.1307359,173.194.182.102,10.10.0.10,,,443,41888,0,1358,17
1587481634.167855,74.125.110.42,10.10.0.10,,,443,49235,0,29,17
1587481634.1695368,173.194.182.102,10.10.0.10,,,443,41888,0,1358,17
1587481634.1727376,10.10.0.10,74.125.110.42,,,49235,443,0,40,17
1587481634.1748602,10.10.0.10,173.194.182.102,,,41888,443,0,40,17
1587481634.2065961,74.125.110.42,10.10.0.10,,,443,49235,0,1358,17
1587481634.2437158,173.194.182.102,10.10.0.10,,,443,41888,0,1358,17
1587481634.245465,10.10.0.10,173.194.182.102,,,41888,443,0,40,17
1587481634.245713,10.10.0.10,74.125.110.42,,,49235,443,0,37,17
1587481634.2808838,173.194.182.102,10.10.0.10,,,443,41888,0,1358,17
1587481634.282973,10.10.0.10,173.194.182.102,,,41888,443,0,40,17
1587481634.318009,173.194.182.102,10.10.0.10,,,443,41888,0,1358,17
1587481634.3206089,10.10.0.10,173.194.182.102,,,41888,443,0,40,17
1587481634.3551311,173.194.182.102,10.10.0.10,,,443,41888,0,1358,17
1587481634.3922348,74.125.110.42,10.10.0.10,,,443,49235,0,1358,17
1587481634.394208,10.10.0.10,74.125.110.42,,,49235,443,0,40,17
1587481634.394868,10.10.0.10,173.194.182.102,,,41888,443,0,40,17
1587481634.4293349,173.194.182.102,10.10.0.10,,,443,41888,0,29,17
1587481634.431059,173.194.182.102,10.10.0.10,,,443,41888,0,1358,17
1587481634.4632974,10.10.0.10,173.194.182.102,,,41888,443,0,40,17
1587481634.4681802,173.194.182.102,10.10.0.10,,,443,41888,0,1358,17
1587481634.5052989,74.125.110.42,10.10.0.10,,,443,49235,0,1358,17
1587481634.5083141,10.10.0.10,74.125.110.42,,,49235,443,0,40,17
1587481634.50837,10.10.0.10,173.194.182.102,,,41888,443,0,40,17
1587481634.54242,173.194.182.102,10.10.0.10,,,443,41888,0,1358,17
1587481634.5795412,173.194.182.102,10.10.0.10,,,443,41888,0,1358,17
1587481634.5814204,10.10.0.10,173.194.182.102,,,41888,443,0,40,17
1587481634.6166694,74.125.110.42,10.10.0.10,,,443,49235,0,1358,17
1587481634.6184678,10.10.0.10,74.125.110.42,,,49235,443,0,40,17
1587481634.65379,173.194.182.102,10.10.0.10,,,443,41888,0,1358,17
1587481634.6909099,173.194.182.102,10.10.0.10,,,443,41888,0,1358,17
1587481634.692846,10.10.0.10,173.194.182.102,,,41888,443,0,40,17
1587481634.728029,74.125.110.42,10.10.0.10,,,443,49235,0,1358,17
1587481634.729697,10.10.0.10,74.125.110.42,,,49235,443,0,40,17
1587481634.7651482,173.194.182.102,10.10.0.10,,,443,41888,0,1358,17
1587481634.8022692,173.194.182.102,10.10.0.10,,,443,41888,0,1358,17
1587481634.80401,10.10.0.10,173.194.182.102,,,41888,443,0,53,17
1587481634.839389,74.125.110.42,10.10.0.10,,,443,49235,0,1358,17
1587481634.8765054,173.194.182.102,10.10.0.10,,,443,41888,0,1358,17
1587481634.8784678,10.10.0.10,74.125.110.42,,,49235,443,0,40,17
1587481634.91363,173.194.182.102,10.10.0.10,,,443,41888,0,1358,17
1587481634.916611,10.10.0.10,173.194.182.102,,,41888,443,0,40,17
1587481634.9507349,173.194.182.102,10.10.0.10,,,443,41888,0,1358,17
1587481634.9878595,74.125.110.42,10.10.0.10,,,443,49235,0,1358,17
1587481634.9896908,10.10.0.10,74.125.110.42,,,49235,443,0,42,17
1587481634.989902,10.10.0.10,173.194.182.102,,,41888,443,0,40,17
1587481635.024981,173.194.182.102,10.10.0.10,,,443,41888,0,1358,17
1587481635.062097,173.194.182.102,10.10.0.10,,,443,41888,0,1358,17
1587481635.064106,10.10.0.10,173.194.182.102,,,41888,443,0,40,17
1587481635.0992198,74.125.110.42,10.10.0.10,,,443,49235,0,1358,17
1587481635.100958,10.10.0.10,74.125.110.42,,,49235,443,0,42,17
1587481635.1363401,173.194.182.102,10.10.0.10,,,443,41888,0,1358,17
1587481635.173415,173.194.182.102,10.10.0.10,,,443,41888,0,1358,17
1587481635.1754081,10.10.0.10,173.194.182.102,,,41888,443,0,40,17
1587481635.210568,74.125.110.42,10.10.0.10,,,443,49235,0,1358,17
1587481635.212311,10.10.0.10,74.125.110.42,,,49235,443,0,55,17
1587481635.2476714,173.194.182.102,10.10.0.10,,,443,41888,0,1358,17
1587481635.2848089,173.194.182.102,10.10.0.10,,,443,41888,0,1358,17
1587481635.286458,10.10.0.10,173.194.182.102,,,41888,443,0,40,17
1587481635.321936,173.194.182.102,10.10.0.10,,,443,41888,0,1358,17
1587481635.359058,74.125.110.42,10.10.0.10,,,443,49235,0,1358,17
1587481635.360759,10.10.0.10,74.125.110.42,,,49235,443,0,42,17
1587481635.360936,10.10.0.10,173.194.182.102,,,41888,443,0,40,17
1587481635.396178,173.194.182.102,10.10.0.10,,,443,41888,0,1358,17
1587481635.4332998,173.194.182.102,10.10.0.10,,,443,41888,0,1358,17
1587481635.4356835,10.10.0.10,173.194.182.102,,,41888,443,0,40,17
1587481635.470421,173.194.182.102,10.10.0.10,,,443,41888,0,1358,17
1587481635.5075412,74.125.110.42,10.10.0.10,,,443,49235,0,1358,17
1587481635.5092678,10.10.0.10,173.194.182.102,,,41888,443,0,40,17
1587481635.5446632,173.194.182.102,10.10.0.10,,,443,41888,0,1358,17
1587481635.5466669,10.10.0.10,74.125.110.42,,,49235,443,0,42,17
1587481635.581785,173.194.182.102,10.10.0.10,,,443,41888,0,1358,17
1587481635.586056,10.10.0.10,173.194.182.102,,,41888,443,0,40,17
1587481635.618882,74.125.110.42,10.10.0.10,,,443,49235,0,1358,17
1587481635.656021,173.194.182.102,10.10.0.10,,,443,41888,0,1358,17
1587481635.657994,10.10.0.10,74.125.110.42,,,49235,443,0,42,17
1587481635.693136,74.125.110.42,10.10.0.10,,,443,49235,0,1358,17
1587481635.694998,10.10.0.10,173.194.182.102,,,41888,443,0,40,17
1587481635.73026,173.194.182.102,10.10.0.10,,,443,41888,0,1358,17
1587481635.7322018,10.10.0.10,74.125.110.42,,,49235,443,0,42,17
1587481635.7673812,74.125.110.42,10.10.0.10,,,443,49235,0,1358,17
1587481635.7806811,10.10.0.10,173.194.182.102,,,41888,443,0,40,17
1587481635.804496,74.125.110.42,10.10.0.10,,,443,49235,0,1358,17
1587481635.858447,173.194.182.102,10.10.0.10,,,443,41888,0,1358,17
1587481635.885891,10.10.0.10,74.125.110.42,,,49235,443,0,42,17
1587481635.8955321,74.125.110.42,10.10.0.10,,,443,49235,0,1358,17
1587481635.8972616,10.10.0.10,74.125.110.42,,,49235,443,0,42,17
1587481635.9326868,173.194.182.102,10.10.0.10,,,443,41888,0,1358,17
1587481635.9698071,74.125.110.42,10.10.0.10,,,443,49235,0,1358,17
1587481636.006927,173.194.182.102,10.10.0.10,,,443,41888,0,1358,17
1587481636.0440464,173.194.182.102,10.10.0.10,,,443,41888,0,1358,17
1587481636.081168,74.125.110.42,10.10.0.10,,,443,49235,0,1358,17
1587481636.118286,173.194.182.102,10.10.0.10,,,443,41888,0,1358,17
1587481636.130743,10.10.0.10,173.194.182.102,,,41888,443,0,40,17
1587481636.1554039,173.194.182.102,10.10.0.10,,,443,41888,0,1358,17
1587481636.1925082,173.194.182.102,10.10.0.10,,,443,41888,0,1358,17
1587481636.2296338,173.194.182.102,10.10.0.10,,,443,41888,0,1358,17
1587481636.2667284,74.125.110.42,10.10.0.10,,,443,49235,0,1358,17
1587481636.3038828,173.194.182.102,10.10.0.10,,,443,41888,0,1358,17
1587481636.340991,173.194.182.102,10.10.0.10,,,443,41888,0,1358,17
1587481636.37812,74.125.110.42,10.10.0.10,,,443,49235,0,1358,17
1587481636.4152381,173.194.182.102,10.10.0.10,,,443,41888,0,1358,17
1587481636.452357,173.194.182.102,10.10.0.10,,,443,41888,0,1358,17
1587481636.4894779,74.125.110.42,10.10.0.10,,,443,49235,0,1358,17
1587481636.526603,173.194.182.102,10.10.0.10,,,443,41888,0,1358,17
1587481636.5637012,173.194.182.102,10.10.0.10,,,443,41888,0,1358,17
1587481636.6008532,74.125.110.42,10.10.0.10,,,443,49235,0,1358,17
1587481636.637969,173.194.182.102,10.10.0.10,,,443,41888,0,1358,17
1587481636.675065,173.194.182.102,10.10.0.10,,,443,41888,0,1358,17
1587481636.7122116,173.194.182.102,10.10.0.10,,,443,41888,0,1358,17
1587481636.7309961,10.10.0.10,173.194.182.102,,,41888,443,0,43,17
1587481636.749332,173.194.182.102,10.10.0.10,,,443,41888,0,1358,17
1587481636.7864552,173.194.182.102,10.10.0.10,,,443,41888,0,1358,17
1587481636.823574,173.194.182.102,10.10.0.10,,,443,41888,0,1358,17
1587481636.8606956,173.194.182.102,10.10.0.10,,,443,41888,0,1358,17
1587481636.897815,173.194.182.102,10.10.0.10,,,443,41888,0,1358,17
1587481636.9349306,173.194.182.102,10.10.0.10,,,443,41888,0,1358,17
1587481636.9720562,74.125.110.42,10.10.0.10,,,443,49235,0,29,17
1587481636.9737306,173.194.182.102,10.10.0.10,,,443,41888,0,1358,17
1587481637.01084,173.194.182.102,10.10.0.10,,,443,41888,0,1358,17
1587481637.047967,173.194.182.102,10.10.0.10,,,443,41888,0,1358,17
1587481637.0850859,173.194.182.102,10.10.0.10,,,443,41888,0,1358,17
1587481637.095474,10.10.0.10,173.194.182.102,,,41888,443,0,40,17
1587481637.0955331,10.10.0.10,74.125.110.42,,,49235,443,0,42,17
1587481637.097016,10.10.0.10,173.194.182.102,,,41888,443,0,40,17
1587481637.097076,10.10.0.10,173.194.182.102,,,41888,443,0,40,17
1587481637.097088,10.10.0.10,74.125.110.42,,,49235,443,0,44,17
1587481637.0971398,10.10.0.10,173.194.182.102,,,41888,443,0,40,17
1587481637.097574,10.10.0.10,74.125.110.42,,,49235,443,0,44,17
1587481637.097632,10.10.0.10,173.194.182.102,,,41888,443,0,40,17
1587481637.1004212,10.10.0.10,74.125.110.42,,,49235,443,0,44,17
1587481637.122206,173.194.182.102,10.10.0.10,,,443,41888,0,1358,17
1587481637.1593242,173.194.182.102,10.10.0.10,,,443,41888,0,1358,17
1587481637.1614108,10.10.0.10,173.194.182.102,,,41888,443,0,40,17
1587481637.1614704,10.10.0.10,74.125.110.42,,,49235,443,0,44,17
1587481637.163411,10.10.0.10,173.194.182.102,,,41888,443,0,37,17
1587481637.16347,10.10.0.10,173.194.182.102,,,41888,443,0,37,17
1587481637.163684,10.10.0.10,173.194.182.102,,,41888,443,0,37,17
1587481637.1637242,10.10.0.10,173.194.182.102,,,41888,443,0,37,17
1587481637.1638858,10.10.0.10,173.194.182.102,,,41888,443,0,37,17
1587481637.1645422,10.10.0.10,173.194.182.102,,,41888,443,0,37,17
1587481637.1646008,10.10.0.10,173.194.182.102,,,41888,443,0,37,17
1587481637.196395,173.194.182.102,10.10.0.10,,,443,41888,0,1358,17
1587481637.199733,10.10.0.10,173.194.182.102,,,41888,443,0,37,17
1587481637.2335546,173.194.182.102,10.10.0.10,,,443,41888,0,1358,17
1587481637.235586,10.10.0.10,173.194.182.102,,,41888,443,0,37,17
1587481637.2706842,173.194.182.102,10.10.0.10,,,443,41888,0,1358,17
1587481637.309885,173.194.182.102,10.10.0.10,,,443,41888,0,1358,17
1587481637.311901,10.10.0.10,173.194.182.102,,,41888,443,0,37,17
1587481637.350914,173.194.182.102,10.10.0.10,,,443,41888,0,33,17
1587481637.3659024,74.125.110.42,10.10.0.10,,,443,49235,0,1358,17
1587481637.3961198,10.10.0.10,74.125.110.42,,,49235,443,0,40,17
1587481637.4030578,74.125.110.42,10.10.0.10,,,443,49235,0,1358,17
1587481637.431565,10.10.0.10,74.125.110.42,,,49235,443,0,40,17
1587481637.447883,173.194.182.102,10.10.0.10,,,443,41888,0,1358,17
1587481637.4850054,74.125.110.42,10.10.0.10,,,443,49235,0,1358,17
1587481637.4878292,10.10.0.10,173.194.182.102,,,41888,443,0,37,17
1587481637.5221262,173.194.182.102,10.10.0.10,,,443,41888,0,1358,17
1587481637.524603,10.10.0.10,74.125.110.42,,,49235,443,0,40,17
1587481637.5592098,173.194.182.102,10.10.0.10,,,443,41888,0,1358,17
1587481637.561742,10.10.0.10,173.194.182.102,,,41888,443,0,37,17
1587481637.5963671,74.125.110.42,10.10.0.10,,,443,49235,0,1358,17
1587481637.632246,10.10.0.10,74.125.110.42,,,49235,443,0,40,17
1587481637.6334882,173.194.182.102,10.10.0.10,,,443,41888,0,1358,17
1587481637.670608,173.194.182.102,10.10.0.10,,,443,41888,0,1358,17
1587481637.673801,10.10.0.10,173.194.182.102,,,41888,443,0,37,17
1587481637.7076578,74.125.110.42,10.10.0.10,,,443,49235,0,1358,17
1587481637.7712991,10.10.0.10,74.125.110.42,,,49235,443,0,40,17
1587481637.829241,74.125.110.42,10.10.0.10,,,443,49235,0,1358,17
1587481637.866402,74.125.110.42,10.10.0.10,,,443,49235,0,1358,17
1587481637.871014,10.10.0.10,74.125.110.42,,,49235,443,0,40,17
1587481637.903521,173.194.182.102,10.10.0.10,,,443,41888,0,1358,17
1587481637.9314852,10.10.0.10,173.194.182.102,,,41888,443,0,50,17
1587481637.940638,173.194.182.102,10.10.0.10,,,443,41888,0,1358,17
1587481637.977721,74.125.110.42,10.10.0.10,,,443,49235,0,1358,17
1587481637.9795446,10.10.0.10,173.194.182.102,,,41888,443,0,37,17
1587481638.019327,173.194.182.102,10.10.0.10,,,443,41888,0,1358,17
1587481638.023073,10.10.0.10,74.125.110.42,,,49235,443,0,40,17
1587481638.0487974,10.10.0.10,173.194.182.102,,,41888,443,0,37,17
1587481638.0564446,173.194.182.102,10.10.0.10,,,443,41888,0,1358,17
1587481638.093562,74.125.110.42,10.10.0.10,,,443,49235,0,1358,17
1587481638.0956938,10.10.0.10,173.194.182.102,,,41888,443,0,37,17
1587481638.13068,173.194.182.102,10.10.0.10,,,443,41888,0,1358,17
1587481638.1325278,10.10.0.10,74.125.110.42,,,49235,443,0,40,17
1587481638.1678052,173.194.182.102,10.10.0.10,,,443,41888,0,1358,17
1587481638.1902359,10.10.0.10,173.194.182.102,,,41888,443,0,37,17
1587481638.204922,74.125.110.42,10.10.0.10,,,443,49235,0,1358,17
1587481638.242022,173.194.182.102,10.10.0.10,,,443,41888,0,1358,17
1587481638.245008,10.10.0.10,173.194.182.102,,,41888,443,0,37,17
1587481638.245684,10.10.0.10,74.125.110.42,,,49235,443,0,53,17
1587481638.2791011,173.194.182.102,10.10.0.10,,,443,41888,0,1358,17
1587481638.3162696,74.125.110.42,10.10.0.10,,,443,49235,0,1358,17
1587481638.318667,10.10.0.10,173.194.182.102,,,41888,443,0,37,17
1587481638.3533974,173.194.182.102,10.10.0.10,,,443,41888,0,1358,17
1587481638.357197,10.10.0.10,74.125.110.42,,,49235,443,0,40,17
1587481638.3905199,173.194.182.102,10.10.0.10,,,443,41888,0,1358,17
1587481638.392745,10.10.0.10,173.194.182.102,,,41888,443,0,37,17
1587481638.4276452,74.125.110.42,10.10.0.10,,,443,49235,0,1358,17
1587481638.4711056,10.10.0.10,74.125.110.42,,,49235,443,0,40,17
1587481638.476056,173.194.182.102,10.10.0.10,,,443,41888,0,1358,17
1587481638.5131938,173.194.182.102,10.10.0.10,,,443,41888,0,1358,17
1587481638.5152106,10.10.0.10,173.194.182.102,,,41888,443,0,37,17
1587481638.550318,74.125.110.42,10.10.0.10,,,443,49235,0,1358,17
1587481638.5874472,173.194.182.102,10.10.0.10,,,443,41888,0,1358,17
1587481638.5919092,10.10.0.10,74.125.110.42,,,49235,443,0,40,17
1587481638.6245608,173.194.182.102,10.10.0.10,,,443,41888,0,1358,17
1587481638.626446,10.10.0.10,173.194.182.102,,,41888,443,0,37,17
1587481638.661672,74.125.110.42,10.10.0.10,,,443,49235,0,1358,17
1587481638.69876,173.194.182.102,10.10.0.10,,,443,41888,0,1358,17
1587481638.735913,173.194.182.102,10.10.0.10,,,443,41888,0,1358,17
1587481638.7376668,10.10.0.10,173.194.182.102,,,41888,443,0,37,17
1587481638.773033,74.125.110.42,10.10.0.10,,,443,49235,0,1358,17
1587481638.774981,10.10.0.10,74.125.110.42,,,49235,443,0,40,17
1587481638.810154,173.194.182.102,10.10.0.10,,,443,41888,0,29,17
1587481638.811828,173.194.182.102,10.10.0.10,,,443,41888,0,1358,17
1587481638.8489342,173.194.182.102,10.10.0.10,,,443,41888,0,1358,17
1587481638.8507078,10.10.0.10,173.194.182.102,,,41888,443,0,37,17
1587481638.8860712,74.125.110.42,10.10.0.10,,,443,49235,0,1358,17
1587481638.92319,173.194.182.102,10.10.0.10,,,443,41888,0,1358,17
1587481638.926001,10.10.0.10,74.125.110.42,,,49235,443,0,40,17
1587481638.960309,173.194.182.102,10.10.0.10,,,443,41888,0,1358,17
1587481638.9622571,10.10.0.10,173.194.182.102,,,41888,443,0,37,17
1587481638.997433,74.125.110.42,10.10.0.10,,,443,49235,0,1358,17
1587481639.0345502,173.194.182.102,10.10.0.10,,,443,41888,0,1358,17
1587481639.0374205,10.10.0.10,74.125.110.42,,,49235,443,0,40,17
1587481639.0716732,173.194.182.102,10.10.0.10,,,443,41888,0,1358,17
1587481639.073457,10.10.0.10,173.194.182.102,,,41888,443,0,37,17
1587481639.108759,74.125.110.42,10.10.0.10,,,443,49235,0,1358,17
1587481639.1459134,173.194.182.102,10.10.0.10,,,443,41888,0,1358,17
1587481639.147959,10.10.0.10,74.125.110.42,,,49235,443,0,40,17
1587481639.182976,173.194.182.102,10.10.0.10,,,443,41888,0,1358,17
1587481639.1850839,10.10.0.10,173.194.182.102,,,41888,443,0,37,17
1587481639.220119,173.194.182.102,10.10.0.10,,,443,41888,0,1358,17
1587481639.257268,173.194.182.102,10.10.0.10,,,443,41888,0,1358,17
1587481639.2612922,10.10.0.10,173.194.182.102,,,41888,443,0,37,17
1587481639.294357,74.125.110.42,10.10.0.10,,,443,49235,0,1358,17
1587481639.2960348,10.10.0.10,74.125.110.42,,,49235,443,0,42,17
1587481639.331485,173.194.182.102,10.10.0.10,,,443,41888,0,1358,17
1587481639.368633,173.194.182.102,10.10.0.10,,,443,41888,0,1358,17
1587481639.3702428,10.10.0.10,173.194.182.102,,,41888,443,0,37,17
1587481639.40575,74.125.110.42,10.10.0.10,,,443,49235,0,29,17
1587481639.4074278,74.125.110.42,10.10.0.10,,,443,49235,0,1358,17
1587481639.409178,10.10.0.10,74.125.110.42,,,49235,443,0,40,17
1587481639.444558,173.194.182.102,10.10.0.10,,,443,41888,0,368,17
1587481639.4552784,74.125.110.42,10.10.0.10,,,443,49235,0,1358,17
1587481639.4570801,10.10.0.10,74.125.110.42,,,49235,443,0,40,17
1587481639.4921565,10.10.0.10,173.194.182.102,,,41888,443,0,37,17
1587481639.492329,74.125.110.42,10.10.0.10,,,443,49235,0,1358,17
1587481639.5295188,74.125.110.42,10.10.0.10,,,443,49235,0,1358,17
1587481639.531787,10.10.0.10,74.125.110.42,,,49235,443,0,40,17
1587481639.597862,74.125.110.42,10.10.0.10,,,443,49235,0,1358,17
1587481639.6349149,74.125.110.42,10.10.0.10,,,443,49235,0,737,17
1587481639.637064,10.10.0.10,74.125.110.42,,,49235,443,0,40,17
1587481639.6582909,74.125.110.42,10.10.0.10,,,443,49235,0,1358,17
1587481639.6805382,10.10.0.10,74.125.110.42,,,49235,443,0,686,17
1587481639.680741,10.10.0.10,74.125.110.42,,,49235,443,0,48,17
1587481639.6841376,10.10.0.10,173.194.182.102,,,41888,443,0,710,17
1587481639.684191,10.10.0.10,173.194.182.102,,,41888,443,0,48,17
1587481639.695414,173.194.182.102,10.10.0.10,,,443,41888,0,115,17
1587481639.6993902,173.194.182.102,10.10.0.10,,,443,41888,0,1358,17
1587481639.701317,10.10.0.10,173.194.182.102,,,41888,443,0,37,17
1587481639.736511,173.194.182.102,10.10.0.10,,,443,41888,0,1358,17
1587481639.773625,173.194.182.102,10.10.0.10,,,443,41888,0,1358,17
1587481639.7764838,10.10.0.10,173.194.182.102,,,41888,443,0,37,17
1587481639.810748,173.194.182.102,10.10.0.10,,,443,41888,0,1358,17
1587481639.8397331,10.10.0.10,173.194.182.102,,,41888,443,0,37,17
1587481639.8478682,173.194.182.102,10.10.0.10,,,443,41888,0,1358,17
1587481639.875737,10.10.0.10,173.194.182.102,,,41888,443,0,37,17
1587481639.884988,173.194.182.102,10.10.0.10,,,443,41888,0,1358,17
1587481639.9221091,173.194.182.102,10.10.0.10,,,443,41888,0,1358,17
1587481639.959219,173.194.182.102,10.10.0.10,,,443,41888,0,1358,17
1587481639.981805,10.10.0.10,173.194.182.102,,,41888,443,0,37,17
1587481639.9841778,10.10.0.10,173.194.182.102,,,41888,443,0,37,17
1587481639.996336,173.194.182.102,10.10.0.10,,,443,41888,0,1358,17
1587481640.03346,173.194.182.102,10.10.0.10,,,443,41888,0,1358,17
1587481640.0705402,74.125.110.42,10.10.0.10,,,443,49235,0,29,17
1587481640.072189,74.125.110.42,10.10.0.10,,,443,49235,0,1358,17
1587481640.109335,74.125.110.42,10.10.0.10,,,443,49235,0,1358,17
1587481640.1464355,74.125.110.42,10.10.0.10,,,443,49235,0,1358,17
1587481640.1836119,74.125.110.42,10.10.0.10,,,443,49235,0,1358,17
1587481640.220666,74.125.110.42,10.10.0.10,,,443,49235,0,1358,17
1587481640.2254374,10.10.0.10,173.194.182.102,,,41888,443,0,37,17
1587481640.25779,74.125.110.42,10.10.0.10,,,443,49235,0,1358,17
1587481640.294977,74.125.110.42,10.10.0.10,,,443,49235,0,1358,17
1587481640.332106,74.125.110.42,10.10.0.10,,,443,49235,0,1358,17
1587481640.369223,74.125.110.42,10.10.0.10,,,443,49235,0,1358,17
1587481640.406345,74.125.110.42,10.10.0.10,,,443,49235,0,1358,17
1587481640.4434614,74.125.110.42,10.10.0.10,,,443,49235,0,1358,17
1587481640.4805858,173.194.182.102,10.10.0.10,,,443,41888,0,1358,17
1587481640.5177062,173.194.182.102,10.10.0.10,,,443,41888,0,1358,17
1587481640.554824,74.125.110.42,10.10.0.10,,,443,49235,0,1358,17
1587481640.5919502,173.194.182.102,10.10.0.10,,,443,41888,0,1358,17
1587481640.6290689,173.194.182.102,10.10.0.10,,,443,41888,0,1358,17
1587481640.666163,173.194.182.102,10.10.0.10,,,443,41888,0,1358,17
1587481640.703311,173.194.182.102,10.10.0.10,,,443,41888,0,1358,17
1587481640.7404282,74.125.110.42,10.10.0.10,,,443,49235,0,1358,17
1587481640.777549,173.194.182.102,10.10.0.10,,,443,41888,0,1358,17
1587481640.8146682,173.194.182.102,10.10.0.10,,,443,41888,0,1358,17
1587481640.8517892,173.194.182.102,10.10.0.10,,,443,41888,0,1358,17
1587481640.888908,74.125.110.42,10.10.0.10,,,443,49235,0,1358,17
1587481640.9260292,173.194.182.102,10.10.0.10,,,443,41888,0,1358,17
1587481640.938187,10.10.0.10,173.194.182.102,,,41888,443,0,37,17
1587481640.963149,173.194.182.102,10.10.0.10,,,443,41888,0,1358,17
1587481641.0001955,173.194.182.102,10.10.0.10,,,443,41888,0,1358,17
1587481641.010832,10.10.0.10,74.125.110.42,,,49235,443,0,37,17
1587481641.0123718,10.10.0.10,74.125.110.42,,,49235,443,0,37,17
1587481641.013039,10.10.0.10,74.125.110.42,,,49235,443,0,37,17
1587481641.014892,10.10.0.10,74.125.110.42,,,49235,443,0,37,17
1587481641.021383,10.10.0.10,74.125.110.42,,,49235,443,0,37,17
1587481641.0238042,10.10.0.10,173.194.182.102,,,41888,443,0,37,17
1587481641.023862,10.10.0.10,74.125.110.42,,,49235,443,0,37,17
1587481641.0373766,173.194.182.102,10.10.0.10,,,443,41888,0,1358,17
1587481641.0744998,74.125.110.42,10.10.0.10,,,443,49235,0,1358,17
1587481641.111619,173.194.182.102,10.10.0.10,,,443,41888,0,1358,17
1587481641.1211948,10.10.0.10,173.194.182.102,,,41888,443,0,37,17
1587481641.121253,10.10.0.10,173.194.182.102,,,41888,443,0,37,17
1587481641.121381,10.10.0.10,173.194.182.102,,,41888,443,0,37,17
1587481641.1221142,10.10.0.10,173.194.182.102,,,41888,443,0,37,17
1587481641.122172,10.10.0.10,74.125.110.42,,,49235,443,0,37,17
1587481641.124291,10.10.0.10,173.194.182.102,,,41888,443,0,37,17
1587481641.126217,10.10.0.10,173.194.182.102,,,41888,443,0,37,17
1587481641.148734,173.194.182.102,10.10.0.10,,,443,41888,0,1358,17
1587481641.151382,10.10.0.10,74.125.110.42,,,49235,443,0,37,17
1587481641.185859,173.194.182.102,10.10.0.10,,,443,41888,0,1358,17
1587481641.1876748,10.10.0.10,173.194.182.102,,,41888,443,0,37,17
1587481641.222975,74.125.110.42,10.10.0.10,,,443,49235,0,1358,17
1587481641.252553,10.10.0.10,74.125.110.42,,,49235,443,0,37,17
1587481641.260101,173.194.182.102,10.10.0.10,,,443,41888,0,1358,17
1587481641.2972198,173.194.182.102,10.10.0.10,,,443,41888,0,1358,17
1587481641.2990668,10.10.0.10,173.194.182.102,,,41888,443,0,37,17
1587481641.334337,173.194.182.102,10.10.0.10,,,443,41888,0,1358,17
1587481641.371425,173.194.182.102,10.10.0.10,,,443,41888,0,1358,17
1587481641.399372,10.10.0.10,173.194.182.102,,,41888,443,0,37,17
1587481641.408576,74.125.110.42,10.10.0.10,,,443,49235,0,1358,17
1587481641.4456801,173.194.182.102,10.10.0.10,,,443,41888,0,1358,17
1587481641.4477158,10.10.0.10,74.125.110.42,,,49235,443,0,37,17
1587481641.4828198,173.194.182.102,10.10.0.10,,,443,41888,0,1358,17
1587481641.484693,10.10.0.10,173.194.182.102,,,41888,443,0,37,17
1587481641.5199401,173.194.182.102,10.10.0.10,,,443,41888,0,1358,17
1587481641.5570588,173.194.182.102,10.10.0.10,,,443,41888,0,1358,17
1587481641.558842,10.10.0.10,173.194.182.102,,,41888,443,0,50,17
1587481641.59418,74.125.110.42,10.10.0.10,,,443,49235,0,1358,17
1587481641.626529,10.10.0.10,74.125.110.42,,,49235,443,0,37,17
1587481641.631238,173.194.182.102,10.10.0.10,,,443,41888,0,1358,17
1587481641.668393,173.194.182.102,10.10.0.10,,,443,41888,0,1358,17
1587481641.6707714,10.10.0.10,173.194.182.102,,,41888,443,0,37,17
1587481641.705528,173.194.182.102,10.10.0.10,,,443,41888,0,1358,17
1587481641.7426178,74.125.110.42,10.10.0.10,,,443,49235,0,1358,17
1587481641.7451901,10.10.0.10,173.194.182.102,,,41888,443,0,37,17
1587481641.779768,173.194.182.102,10.10.0.10,,,443,41888,0,1358,17
1587481641.781812,10.10.0.10,74.125.110.42,,,49235,443,0,37,17
1587481641.816891,74.125.110.42,10.10.0.10,,,443,49235,0,1358,17
1587481641.818943,10.10.0.10,173.194.182.102,,,41888,443,0,37,17
1587481641.854015,173.194.182.102,10.10.0.10,,,443,41888,0,1358,17
1587481641.856141,10.10.0.10,74.125.110.42,,,49235,443,0,37,17
1587481641.891133,74.125.110.42,10.10.0.10,,,443,49235,0,1358,17
1587481641.8932,10.10.0.10,173.194.182.102,,,41888,443,0,37,17
1587481641.928255,74.125.110.42,10.10.0.10,,,443,49235,0,1358,17
1587481641.93026,10.10.0.10,74.125.110.42,,,49235,443,0,37,17
1587481641.9653778,173.194.182.102,10.10.0.10,,,443,41888,0,1358,17
1587481642.002463,74.125.110.42,10.10.0.10,,,443,49235,0,1358,17
1587481642.005439,10.10.0.10,173.194.182.102,,,41888,443,0,37,17
1587481642.039619,173.194.182.102,10.10.0.10,,,443,41888,0,1358,17
1587481642.0425599,10.10.0.10,74.125.110.42,,,49235,443,0,37,17
1587481642.0767078,173.194.182.102,10.10.0.10,,,443,41888,0,1358,17
1587481642.0788288,10.10.0.10,173.194.182.102,,,41888,443,0,37,17
1587481642.11386,74.125.110.42,10.10.0.10,,,443,49235,0,1358,17
1587481642.15099,173.194.182.102,10.10.0.10,,,443,41888,0,1358,17
1587481642.154751,10.10.0.10,74.125.110.42,,,49235,443,0,37,17
1587481642.188099,173.194.182.102,10.10.0.10,,,443,41888,0,1358,17
1587481642.190351,10.10.0.10,173.194.182.102,,,41888,443,0,37,17
1587481642.225201,74.125.110.42,10.10.0.10,,,443,49235,0,1358,17
1587481642.262298,173.194.182.102,10.10.0.10,,,443,41888,0,1358,17
1587481642.264299,10.10.0.10,74.125.110.42,,,49235,443,0,37,17
1587481642.299452,173.194.182.102,10.10.0.10,,,443,41888,0,1358,17
1587481642.3012602,10.10.0.10,173.194.182.102,,,41888,443,0,37,17
1587481642.3365822,173.194.182.102,10.10.0.10,,,443,41888,0,1358,17
1587481642.3736956,173.194.182.102,10.10.0.10,,,443,41888,0,1358,17
1587481642.3754349,10.10.0.10,173.194.182.102,,,41888,443,0,37,17
1587481642.4108179,74.125.110.42,10.10.0.10,,,443,49235,0,1358,17
1587481642.447941,173.194.182.102,10.10.0.10,,,443,41888,0,1358,17
1587481642.4516828,10.10.0.10,74.125.110.42,,,49235,443,0,37,17
1587481642.4850569,173.194.182.102,10.10.0.10,,,443,41888,0,1358,17
1587481642.4867468,10.10.0.10,173.194.182.102,,,41888,443,0,37,17
1587481642.522182,173.194.182.102,10.10.0.10,,,443,41888,0,1358,17
1587481642.5593116,74.125.110.42,10.10.0.10,,,443,49235,0,1358,17
1587481642.5964286,173.194.182.102,10.10.0.10,,,443,41888,0,1358,17
1587481642.622258,10.10.0.10,173.194.182.102,,,41888,443,0,37,17
1587481642.633544,173.194.182.102,10.10.0.10,,,443,41888,0,1358,17
1587481642.6706538,173.194.182.102,10.10.0.10,,,443,41888,0,1358,17
1587481642.672483,10.10.0.10,173.194.182.102,,,41888,443,0,37,17
1587481642.672916,10.10.0.10,74.125.110.42,,,49235,443,0,37,17
1587481642.7077801,74.125.110.42,10.10.0.10,,,443,49235,0,1358,17
1587481642.7448988,173.194.182.102,10.10.0.10,,,443,41888,0,1358,17
1587481642.747228,10.10.0.10,74.125.110.42,,,49235,443,0,50,17
1587481642.782019,173.194.182.102,10.10.0.10,,,443,41888,0,1358,17
1587481642.785059,10.10.0.10,173.194.182.102,,,41888,443,0,37,17
1587481642.8191378,173.194.182.102,10.10.0.10,,,443,41888,0,1358,17
1587481642.8513331,10.10.0.10,173.194.182.102,,,41888,443,0,37,17
1587481642.856258,173.194.182.102,10.10.0.10,,,443,41888,0,1358,17
1587481642.8933802,74.125.110.42,10.10.0.10,,,443,49235,0,1358,17
1587481642.895475,10.10.0.10,173.194.182.102,,,41888,443,0,37,17
1587481642.9304988,173.194.182.102,10.10.0.10,,,443,41888,0,1358,17
1587481642.933624,10.10.0.10,74.125.110.42,,,49235,443,0,37,17
1587481642.962377,10.10.0.10,173.194.182.102,,,41888,443,0,37,17
1587481642.9676142,173.194.182.102,10.10.0.10,,,443,41888,0,1358,17
1587481643.0047386,74.125.110.42,10.10.0.10,,,443,49235,0,1358,17
1587481643.0076456,10.10.0.10,173.194.182.102,,,41888,443,0,37,17
1587481643.041859,173.194.182.102,10.10.0.10,,,443,41888,0,1358,17
1587481643.043791,10.10.0.10,74.125.110.42,,,49235,443,0,37,17
1587481643.0789769,74.125.110.42,10.10.0.10,,,443,49235,0,1358,17
1587481643.082104,10.10.0.10,173.194.182.102,,,41888,443,0,37,17
1587481643.116096,173.194.182.102,10.10.0.10,,,443,41888,0,1358,17
1587481643.120098,10.10.0.10,74.125.110.42,,,49235,443,0,37,17
1587481643.1532,74.125.110.42,10.10.0.10,,,443,49235,0,1358,17
1587481643.1552372,10.10.0.10,173.194.182.102,,,41888,443,0,37,17
1587481643.1902866,173.194.182.102,10.10.0.10,,,443,41888,0,1358,17
1587481643.192183,10.10.0.10,74.125.110.42,,,49235,443,0,37,17
1587481643.227423,173.194.182.102,10.10.0.10,,,443,41888,0,1358,17
1587481643.230698,10.10.0.10,173.194.182.102,,,41888,443,0,50,17
1587481643.2645054,74.125.110.42,10.10.0.10,,,443,49235,0,1358,17
1587481643.29736,10.10.0.10,74.125.110.42,,,49235,443,0,37,17
1587481643.301658,74.125.110.42,10.10.0.10,,,443,49235,0,1358,17
1587481643.3388019,173.194.182.102,10.10.0.10,,,443,41888,0,1358,17
1587481643.3406932,10.10.0.10,74.125.110.42,,,49235,443,0,37,17
1587481643.3758779,173.194.182.102,10.10.0.10,,,443,41888,0,1358,17
1587481643.3785071,10.10.0.10,173.194.182.102,,,41888,443,0,37,17
1587481643.4130409,74.125.110.42,10.10.0.10,,,443,49235,0,1358,17
1587481643.450159,173.194.182.102,10.10.0.10,,,443,41888,0,1358,17
1587481643.453006,10.10.0.10,74.125.110.42,,,49235,443,0,37,17
1587481643.4872804,74.125.110.42,10.10.0.10,,,443,49235,0,1358,17
1587481643.4891279,10.10.0.10,173.194.182.102,,,41888,443,0,37,17
1587481643.5244026,173.194.182.102,10.10.0.10,,,443,41888,0,1358,17
1587481643.526505,10.10.0.10,74.125.110.42,,,49235,443,0,37,17
1587481643.561465,74.125.110.42,10.10.0.10,,,443,49235,0,1358,17
1587481643.5634232,10.10.0.10,173.194.182.102,,,41888,443,0,37,17
1587481643.598642,74.125.110.42,10.10.0.10,,,443,49235,0,1358,17
1587481643.625983,10.10.0.10,74.125.110.42,,,49235,443,0,37,17
1587481643.635761,173.194.182.102,10.10.0.10,,,443,41888,0,1358,17
1587481643.6539626,10.10.0.10,74.125.110.42,,,49235,443,0,37,17
1587481643.6728852,74.125.110.42,10.10.0.10,,,443,49235,0,1358,17
1587481643.710005,173.194.182.102,10.10.0.10,,,443,41888,0,1358,17
1587481643.7119875,10.10.0.10,173.194.182.102,,,41888,443,0,37,17
1587481643.7124028,10.10.0.10,74.125.110.42,,,49235,443,0,37,17
1587481643.7471251,74.125.110.42,10.10.0.10,,,443,49235,0,1358,17
1587481643.784245,74.125.110.42,10.10.0.10,,,443,49235,0,1358,17
1587481643.786217,10.10.0.10,74.125.110.42,,,49235,443,0,37,17
1587481643.821365,173.194.182.102,10.10.0.10,,,443,41888,0,1358,17
1587481643.8584864,173.194.182.102,10.10.0.10,,,443,41888,0,1358,17
1587481643.860235,10.10.0.10,173.194.182.102,,,41888,443,0,37,17
1587481643.895548,74.125.110.42,10.10.0.10,,,443,49235,0,1358,17
1587481643.93273,74.125.110.42,10.10.0.10,,,443,49235,0,1358,17
1587481643.9480278,10.10.0.10,74.125.110.42,,,49235,443,0,37,17
1587481643.9698439,173.194.182.102,10.10.0.10,,,443,41888,0,1358,17
1587481644.0069635,173.194.182.102,10.10.0.10,,,443,41888,0,1358,17
1587481644.044085,74.125.110.42,10.10.0.10,,,443,49235,0,1358,17
1587481644.0778909,10.10.0.10,173.194.182.102,,,41888,443,0,37,17
1587481644.081207,74.125.110.42,10.10.0.10,,,443,49235,0,1358,17
1587481644.082822,10.10.0.10,74.125.110.42,,,49235,443,0,37,17
1587481644.1183276,173.194.182.102,10.10.0.10,,,443,41888,0,1358,17
1587481644.1553938,173.194.182.102,10.10.0.10,,,443,41888,0,1358,17
1587481644.192573,74.125.110.42,10.10.0.10,,,443,49235,0,1358,17
1587481644.229694,173.194.182.102,10.10.0.10,,,443,41888,0,1358,17
1587481644.2667801,173.194.182.102,10.10.0.10,,,443,41888,0,1358,17
1587481644.30388,74.125.110.42,10.10.0.10,,,443,49235,0,1358,17
1587481644.321861,10.10.0.10,173.194.182.102,,,41888,443,0,37,17
1587481644.341053,74.125.110.42,10.10.0.10,,,443,49235,0,1358,17
1587481644.378176,173.194.182.102,10.10.0.10,,,443,41888,0,1358,17
1587481644.4152932,173.194.182.102,10.10.0.10,,,443,41888,0,1358,17
1587481644.4523716,173.194.182.102,10.10.0.10,,,443,41888,0,1358,17
1587481644.489541,173.194.182.102,10.10.0.10,,,443,41888,0,1358,17
1587481644.526663,173.194.182.102,10.10.0.10,,,443,41888,0,1358,17
1587481644.563752,74.125.110.42,10.10.0.10,,,443,49235,0,1358,17
1587481644.600904,173.194.182.102,10.10.0.10,,,443,41888,0,1358,17
1587481644.6380222,74.125.110.42,10.10.0.10,,,443,49235,0,1358,17
1587481644.675146,173.194.182.102,10.10.0.10,,,443,41888,0,1358,17
1587481644.7122688,173.194.182.102,10.10.0.10,,,443,41888,0,1358,17
1587481644.7493868,173.194.182.102,10.10.0.10,,,443,41888,0,1358,17
1587481644.7865071,173.194.182.102,10.10.0.10,,,443,41888,0,1358,17
1587481644.8236294,74.125.110.42,10.10.0.10,,,443,49235,0,1358,17
1587481644.860748,173.194.182.102,10.10.0.10,,,443,41888,0,1358,17
1587481644.8978598,173.194.182.102,10.10.0.10,,,443,41888,0,1358,17
1587481644.9349751,74.125.110.42,10.10.0.10,,,443,49235,0,1358,17
1587481644.9721026,173.194.182.102,10.10.0.10,,,443,41888,0,1358,17
1587481645.009215,74.125.110.42,10.10.0.10,,,443,49235,0,1358,17
1587481645.0199342,10.10.0.10,74.125.110.42,,,49235,443,0,43,17
1587481645.019993,10.10.0.10,173.194.182.102,,,41888,443,0,37,17
1587481645.04632,173.194.182.102,10.10.0.10,,,443,41888,0,1358,17
1587481645.083431,74.125.110.42,10.10.0.10,,,443,49235,0,1358,17
1587481645.105425,10.10.0.10,74.125.110.42,,,49235,443,0,37,17
1587481645.109936,10.10.0.10,173.194.182.102,,,41888,443,0,37,17
1587481645.1121204,10.10.0.10,74.125.110.42,,,49235,443,0,37,17
1587481645.113992,10.10.0.10,173.194.182.102,,,41888,443,0,37,17
1587481645.115673,10.10.0.10,173.194.182.102,,,41888,443,0,37,17
1587481645.1180534,10.10.0.10,173.194.182.102,,,41888,443,0,37,17
1587481645.1190364,10.10.0.10,74.125.110.42,,,49235,443,0,37,17
1587481645.120528,10.10.0.10,173.194.182.102,,,41888,443,0,37,17
1587481645.120569,173.194.182.102,10.10.0.10,,,443,41888,0,1358,17
1587481645.121148,10.10.0.10,173.194.182.102,,,41888,443,0,37,17
1587481645.1577091,173.194.182.102,10.10.0.10,,,443,41888,0,1358,17
1587481645.194742,74.125.110.42,10.10.0.10,,,443,49235,0,1358,17
1587481645.2169402,10.10.0.10,173.194.182.102,,,41888,443,0,37,17
1587481645.216975,10.10.0.10,74.125.110.42,,,49235,443,0,37,17
1587481645.2170508,10.10.0.10,173.194.182.102,,,41888,443,0,43,17
1587481645.2319038,74.125.110.42,10.10.0.10,,,443,49235,0,1358,17
1587481645.237765,10.10.0.10,173.194.182.102,,,41888,443,0,37,17
1587481645.237791,10.10.0.10,74.125.110.42,,,49235,443,0,37,17
1587481645.2399929,10.10.0.10,173.194.182.102,,,41888,443,0,37,17
1587481645.2416804,10.10.0.10,74.125.110.42,,,49235,443,0,37,17
1587481645.269018,173.194.182.102,10.10.0.10,,,443,41888,0,1358,17
1587481645.3061721,173.194.182.102,10.10.0.10,,,443,41888,0,1358,17
1587481645.308638,10.10.0.10,173.194.182.102,,,41888,443,0,37,17
1587481645.343296,74.125.110.42,10.10.0.10,,,443,49235,0,1358,17
1587481645.3804169,173.194.182.102,10.10.0.10,,,443,41888,0,1358,17
1587481645.382401,10.10.0.10,74.125.110.42,,,49235,443,0,37,17
1587481645.4175394,74.125.110.42,10.10.0.10,,,443,49235,0,1358,17
1587481645.4197981,10.10.0.10,173.194.182.102,,,41888,443,0,37,17
1587481645.45459,173.194.182.102,10.10.0.10,,,443,41888,0,1358,17
1587481645.457753,10.10.0.10,74.125.110.42,,,49235,443,0,37,17
1587481645.4917798,74.125.110.42,10.10.0.10,,,443,49235,0,1358,17
1587481645.4936838,10.10.0.10,173.194.182.102,,,41888,443,0,37,17
1587481645.5289009,74.125.110.42,10.10.0.10,,,443,49235,0,1358,17
1587481645.530455,10.10.0.10,74.125.110.42,,,49235,443,0,37,17
1587481645.565986,74.125.110.42,10.10.0.10,,,443,49235,0,1358,17
1587481645.6031482,74.125.110.42,10.10.0.10,,,443,49235,0,1358,17
1587481645.604944,10.10.0.10,74.125.110.42,,,49235,443,0,37,17
1587481645.6402428,173.194.182.102,10.10.0.10,,,443,41888,0,1358,17
1587481645.6773858,74.125.110.42,10.10.0.10,,,443,49235,0,1358,17
1587481645.70202,10.10.0.10,173.194.182.102,,,41888,443,0,37,17
1587481645.7145052,173.194.182.102,10.10.0.10,,,443,41888,0,1358,17
1587481645.716592,10.10.0.10,74.125.110.42,,,49235,443,0,37,17
1587481645.751617,173.194.182.102,10.10.0.10,,,443,41888,0,1358,17
1587481645.7551286,10.10.0.10,173.194.182.102,,,41888,443,0,37,17
1587481645.7887151,173.194.182.102,10.10.0.10,,,443,41888,0,1358,17
1587481645.816278,10.10.0.10,173.194.182.102,,,41888,443,0,37,17
1587481645.8258598,74.125.110.42,10.10.0.10,,,443,49235,0,1358,17
1587481645.862979,74.125.110.42,10.10.0.10,,,443,49235,0,1358,17
1587481645.864816,10.10.0.10,74.125.110.42,,,49235,443,0,37,17
1587481645.90011,173.194.182.102,10.10.0.10,,,443,41888,0,1358,17
1587481645.937215,74.125.110.42,10.10.0.10,,,443,49235,0,1358,17
1587481645.939357,10.10.0.10,173.194.182.102,,,41888,443,0,37,17
1587481645.9743388,74.125.110.42,10.10.0.10,,,443,49235,0,1358,17
1587481645.977185,10.10.0.10,74.125.110.42,,,49235,443,0,37,17
1587481646.0114632,173.194.182.102,10.10.0.10,,,443,41888,0,1358,17
1587481646.0416932,10.10.0.10,173.194.182.102,,,41888,443,0,37,17
1587481646.0485802,173.194.182.102,10.10.0.10,,,443,41888,0,1358,17
1587481646.0857027,173.194.182.102,10.10.0.10,,,443,41888,0,1358,17
1587481646.0877318,10.10.0.10,173.194.182.102,,,41888,443,0,37,17
1587481646.12282,74.125.110.42,10.10.0.10,,,443,49235,0,29,17
1587481646.124496,173.194.182.102,10.10.0.10,,,443,41888,0,1358,17
1587481646.161619,74.125.110.42,10.10.0.10,,,443,49235,0,1358,17
1587481646.1648948,10.10.0.10,173.194.182.102,,,41888,443,0,37,17
1587481646.1987002,173.194.182.102,10.10.0.10,,,443,41888,0,1358,17
1587481646.200608,10.10.0.10,74.125.110.42,,,49235,443,0,37,17
1587481646.235808,173.194.182.102,10.10.0.10,,,443,41888,0,1358,17
1587481646.2377286,10.10.0.10,173.194.182.102,,,41888,443,0,37,17
1587481646.2729492,173.194.182.102,10.10.0.10,,,443,41888,0,1358,17
1587481646.305202,10.10.0.10,173.194.182.102,,,41888,443,0,37,17
1587481646.310098,173.194.182.102,10.10.0.10,,,443,41888,0,1358,17
1587481646.347214,173.194.182.102,10.10.0.10,,,443,41888,0,1358,17
1587481646.3843448,173.194.182.102,10.10.0.10,,,443,41888,0,32,17
1587481646.3861082,74.125.110.42,10.10.0.10,,,443,49235,0,1358,17
1587481646.3926694,10.10.0.10,173.194.182.102,,,41888,443,0,37,17
1587481646.3951054,10.10.0.10,74.125.110.42,,,49235,443,0,40,17
1587481646.423221,173.194.182.102,10.10.0.10,,,443,41888,0,1358,17
1587481646.4603438,173.194.182.102,10.10.0.10,,,443,41888,0,1358,17
1587481646.462167,10.10.0.10,173.194.182.102,,,41888,443,0,37,17
1587481646.4974608,173.194.182.102,10.10.0.10,,,443,41888,0,1358,17
1587481646.5345798,173.194.182.102,10.10.0.10,,,443,41888,0,1358,17
1587481646.5362115,10.10.0.10,173.194.182.102,,,41888,443,0,37,17
1587481646.5716732,74.125.110.42,10.10.0.10,,,443,49235,0,1358,17
1587481646.5736382,10.10.0.10,74.125.110.42,,,49235,443,0,40,17
1587481646.6088278,173.194.182.102,10.10.0.10,,,443,41888,0,1358,17
1587481646.645937,173.194.182.102,10.10.0.10,,,443,41888,0,1358,17
1587481646.6478481,10.10.0.10,173.194.182.102,,,41888,443,0,37,17
1587481646.683063,173.194.182.102,10.10.0.10,,,443,41888,0,1358,17
1587481646.7201831,173.194.182.102,10.10.0.10,,,443,41888,0,1358,17
1587481646.723553,10.10.0.10,173.194.182.102,,,41888,443,0,37,17
1587481646.7573,74.125.110.42,10.10.0.10,,,443,49235,0,1358,17
1587481646.794414,173.194.182.102,10.10.0.10,,,443,41888,0,1358,17
1587481646.802768,10.10.0.10,74.125.110.42,,,49235,443,0,40,17
1587481646.831505,173.194.182.102,10.10.0.10,,,443,41888,0,1358,17
1587481646.8333511,10.10.0.10,173.194.182.102,,,41888,443,0,50,17
1587481646.868625,173.194.182.102,10.10.0.10,,,443,41888,0,1358,17
1587481646.9048028,10.10.0.10,173.194.182.102,,,41888,443,0,37,17
1587481646.905732,74.125.110.42,10.10.0.10,,,443,49235,0,1358,17
1587481646.907976,10.10.0.10,74.125.110.42,,,49235,443,0,40,17
1587481646.9429,173.194.182.102,10.10.0.10,,,443,41888,0,190,17
1587481646.948839,74.125.110.42,10.10.0.10,,,443,49235,0,1358,17
1587481646.985961,74.125.110.42,10.10.0.10,,,443,49235,0,1358,17
1587481646.9877224,10.10.0.10,74.125.110.42,,,49235,443,0,40,17
1587481646.9879394,10.10.0.10,173.194.182.102,,,41888,443,0,37,17
1587481647.023114,74.125.110.42,10.10.0.10,,,443,49235,0,1358,17
1587481647.060232,74.125.110.42,10.10.0.10,,,443,49235,0,1358,17
1587481647.0619938,10.10.0.10,74.125.110.42,,,49235,443,0,53,17
1587481647.097352,74.125.110.42,10.10.0.10,,,443,49235,0,1358,17
1587481647.134413,74.125.110.42,10.10.0.10,,,443,49235,0,1358,17
1587481647.136159,10.10.0.10,74.125.110.42,,,49235,443,0,40,17
1587481647.171578,74.125.110.42,10.10.0.10,,,443,49235,0,1358,17
1587481647.208709,74.125.110.42,10.10.0.10,,,443,49235,0,1358,17
1587481647.2104838,10.10.0.10,74.125.110.42,,,49235,443,0,40,17
1587481647.245817,74.125.110.42,10.10.0.10,,,443,49235,0,1358,17
1587481647.2474868,10.10.0.10,74.125.110.42,,,49235,443,0,42,17
1587481647.2829359,74.125.110.42,10.10.0.10,,,443,49235,0,1358,17
1587481647.2847161,10.10.0.10,74.125.110.42,,,49235,443,0,42,17
1587481647.320067,74.125.110.42,10.10.0.10,,,443,49235,0,1358,17
1587481647.3217304,10.10.0.10,74.125.110.42,,,49235,443,0,44,17
1587481647.3571868,74.125.110.42,10.10.0.10,,,443,49235,0,1358,17
1587481647.359278,10.10.0.10,74.125.110.42,,,49235,443,0,44,17
1587481647.394306,74.125.110.42,10.10.0.10,,,443,49235,0,1358,17
1587481647.396151,10.10.0.10,74.125.110.42,,,49235,443,0,44,17
1587481647.4314249,74.125.110.42,10.10.0.10,,,443,49235,0,1358,17
1587481647.4330852,10.10.0.10,74.125.110.42,,,49235,443,0,44,17
1587481647.4685473,74.125.110.42,10.10.0.10,,,443,49235,0,1358,17
1587481647.505667,74.125.110.42,10.10.0.10,,,443,49235,0,1358,17
1587481647.5085,10.10.0.10,74.125.110.42,,,49235,443,0,44,17
1587481647.542785,74.125.110.42,10.10.0.10,,,443,49235,0,1358,17
1587481647.5798829,74.125.110.42,10.10.0.10,,,443,49235,0,1358,17
1587481647.5823429,10.10.0.10,74.125.110.42,,,49235,443,0,44,17
1587481647.617031,173.194.182.102,10.10.0.10,,,443,41888,0,29,17
1587481647.6231651,74.125.110.42,10.10.0.10,,,443,49235,0,1358,17
1587481647.660281,74.125.110.42,10.10.0.10,,,443,49235,0,1358,17
1587481647.6620624,10.10.0.10,74.125.110.42,,,49235,443,0,44,17
1587481647.6973708,74.125.110.42,10.10.0.10,,,443,49235,0,29,17
1587481647.6990852,74.125.110.42,10.10.0.10,,,443,49235,0,1358,17
1587481647.700897,10.10.0.10,74.125.110.42,,,49235,443,0,46,17
1587481647.740659,74.125.110.42,10.10.0.10,,,443,49235,0,1358,17
1587481647.743353,10.10.0.10,74.125.110.42,,,49235,443,0,46,17
1587481647.7777839,74.125.110.42,10.10.0.10,,,443,49235,0,1358,17
1587481647.793083,10.10.0.10,74.125.110.42,,,49235,443,0,46,17
1587481647.8149,74.125.110.42,10.10.0.10,,,443,49235,0,1358,17
1587481647.8167238,10.10.0.10,74.125.110.42,,,49235,443,0,46,17
1587481647.852026,74.125.110.42,10.10.0.10,,,443,49235,0,1358,17
1587481647.893559,74.125.110.42,10.10.0.10,,,443,49235,0,1358,17
1587481647.895256,10.10.0.10,74.125.110.42,,,49235,443,0,48,17
1587481647.9307172,74.125.110.42,10.10.0.10,,,443,49235,0,1358,17
1587481647.9341412,10.10.0.10,74.125.110.42,,,49235,443,0,48,17
1587481647.967839,74.125.110.42,10.10.0.10,,,443,49235,0,1358,17
1587481647.969681,10.10.0.10,74.125.110.42,,,49235,443,0,50,17
1587481648.0049412,74.125.110.42,10.10.0.10,,,443,49235,0,1358,17
1587481648.008718,10.10.0.10,74.125.110.42,,,49235,443,0,50,17
1587481648.042074,74.125.110.42,10.10.0.10,,,443,49235,0,1358,17
1587481648.044415,10.10.0.10,74.125.110.42,,,49235,443,0,63,17
1587481648.0791671,74.125.110.42,10.10.0.10,,,443,49235,0,1358,17
1587481648.0809839,10.10.0.10,74.125.110.42,,,49235,443,0,50,17
1587481648.11632,74.125.110.42,10.10.0.10,,,443,49235,0,1358,17
1587481648.153416,74.125.110.42,10.10.0.10,,,443,49235,0,1358,17
1587481648.1784852,10.10.0.10,74.125.110.42,,,49235,443,0,50,17
1587481648.1905448,74.125.110.42,10.10.0.10,,,443,49235,0,29,17
1587481648.192225,74.125.110.42,10.10.0.10,,,443,49235,0,1358,17
1587481648.2293036,74.125.110.42,10.10.0.10,,,443,49235,0,1358,17
1587481648.266421,74.125.110.42,10.10.0.10,,,443,49235,0,1358,17
1587481648.3260908,74.125.110.42,10.10.0.10,,,443,49235,0,1358,17
1587481648.3581018,10.10.0.10,74.125.110.42,,,49235,443,0,37,17
1587481648.373162,74.125.110.42,10.10.0.10,,,443,49235,0,1358,17
1587481648.416798,10.10.0.10,74.125.110.42,,,49235,443,0,37,17
1587481648.420264,74.125.110.42,10.10.0.10,,,443,49235,0,1358,17
1587481648.4986212,74.125.110.42,10.10.0.10,,,443,49235,0,1358,17
1587481648.616994,74.125.110.42,10.10.0.10,,,443,49235,0,1358,17
1587481648.6761599,74.125.110.42,10.10.0.10,,,443,49235,0,1358,17
1587481648.734831,74.125.110.42,10.10.0.10,,,443,49235,0,1358,17
1587481648.7939398,74.125.110.42,10.10.0.10,,,443,49235,0,1358,17
1587481648.8533509,74.125.110.42,10.10.0.10,,,443,49235,0,1358,17
1587481648.9119012,74.125.110.42,10.10.0.10,,,443,49235,0,427,17
1587481649.7472851,74.125.110.42,10.10.0.10,,,443,49235,0,1358,17
1587481649.801824,10.10.0.10,74.125.110.42,,,49235,443,0,40,17
1587481649.803968,10.10.0.10,74.125.110.42,,,49235,443,0,40,17
1587481649.808989,10.10.0.10,74.125.110.42,,,49235,443,0,40,17
1587481649.809043,10.10.0.10,74.125.110.42,,,49235,443,0,40,17
1587481649.81232,10.10.0.10,74.125.110.42,,,49235,443,0,40,17
1587481649.822532,74.125.110.42,10.10.0.10,,,443,49235,0,1358,17
1587481649.8827019,74.125.110.42,10.10.0.10,,,443,49235,0,1358,17
1587481649.884289,10.10.0.10,74.125.110.42,,,49235,443,0,40,17
1587481649.8861475,10.10.0.10,74.125.110.42,,,49235,443,0,40,17
1587481649.90744,74.125.110.42,10.10.0.10,,,443,49235,0,1358,17
1587481649.9143481,74.125.110.42,10.10.0.10,,,443,49235,0,1358,17
1587481649.91615,10.10.0.10,74.125.110.42,,,49235,443,0,40,17
1587481649.9514658,74.125.110.42,10.10.0.10,,,443,49235,0,1358,17
1587481649.9534569,10.10.0.10,74.125.110.42,,,49235,443,0,42,17
1587481650.544338,74.125.110.42,10.10.0.10,,,443,49235,0,1358,17
1587481650.6887894,10.10.0.10,74.125.110.42,,,49235,443,0,42,17
1587481650.7123322,10.10.0.10,74.125.110.42,,,49235,443,0,676,17
1587481650.712787,10.10.0.10,173.194.182.102,,,41888,443,0,710,17
1587481650.713346,10.10.0.10,74.125.110.42,,,49235,443,0,48,17
1587481650.7135582,10.10.0.10,173.194.182.102,,,41888,443,0,48,17
1587481650.724766,173.194.182.102,10.10.0.10,,,443,41888,0,138,17
1587481650.724818,173.194.182.102,10.10.0.10,,,443,41888,0,1358,17
1587481650.7248428,173.194.182.102,10.10.0.10,,,443,41888,0,1358,17
1587481650.726556,10.10.0.10,173.194.182.102,,,41888,443,0,37,17
1587481650.760999,173.194.182.102,10.10.0.10,,,443,41888,0,1358,17
1587481650.7645106,10.10.0.10,173.194.182.102,,,41888,443,0,37,17
1587481650.7981179,173.194.182.102,10.10.0.10,,,443,41888,0,1358,17
1587481650.835238,173.194.182.102,10.10.0.10,,,443,41888,0,1358,17
1587481650.837193,10.10.0.10,173.194.182.102,,,41888,443,0,37,17
1587481650.872358,173.194.182.102,10.10.0.10,,,443,41888,0,1358,17
1587481650.909484,173.194.182.102,10.10.0.10,,,443,41888,0,1358,17
1587481650.9116578,10.10.0.10,173.194.182.102,,,41888,443,0,37,17
1587481650.9466028,173.194.182.102,10.10.0.10,,,443,41888,0,1358,17
1587481650.9837232,173.194.182.102,10.10.0.10,,,443,41888,0,1358,17
1587481650.985599,10.10.0.10,173.194.182.102,,,41888,443,0,37,17
1587481651.020839,173.194.182.102,10.10.0.10,,,443,41888,0,1358,17
1587481651.057959,74.125.110.42,10.10.0.10,,,443,49235,0,115,17
1587481651.061934,74.125.110.42,10.10.0.10,,,443,49235,0,1358,17
1587481651.0637732,10.10.0.10,173.194.182.102,,,41888,443,0,37,17
1587481651.066448,10.10.0.10,74.125.110.42,,,49235,443,0,37,17
1587481651.099017,74.125.110.42,10.10.0.10,,,443,49235,0,1358,17
1587481651.1361241,74.125.110.42,10.10.0.10,,,443,49235,0,1358,17
1587481651.138953,10.10.0.10,74.125.110.42,,,49235,443,0,37,17
1587481651.1732366,74.125.110.42,10.10.0.10,,,443,49235,0,1358,17
1587481651.210404,74.125.110.42,10.10.0.10,,,443,49235,0,1358,17
1587481651.2123628,10.10.0.10,74.125.110.42,,,49235,443,0,37,17
1587481651.24753,74.125.110.42,10.10.0.10,,,443,49235,0,1358,17
1587481651.284657,74.125.110.42,10.10.0.10,,,443,49235,0,1358,17
1587481651.2864678,10.10.0.10,74.125.110.42,,,49235,443,0,37,17
1587481651.3217714,74.125.110.42,10.10.0.10,,,443,49235,0,1358,17
1587481651.358852,74.125.110.42,10.10.0.10,,,443,49235,0,1358,17
1587481651.3616312,10.10.0.10,74.125.110.42,,,49235,443,0,37,17
1587481651.396019,173.194.182.102,10.10.0.10,,,443,41888,0,1358,17
1587481651.434219,74.125.110.42,10.10.0.10,,,443,49235,0,1358,17
1587481651.436054,10.10.0.10,74.125.110.42,,,49235,443,0,40,17
1587481651.436225,10.10.0.10,173.194.182.102,,,41888,443,0,37,17
1587481651.471387,173.194.182.102,10.10.0.10,,,443,41888,0,1358,17
1587481651.508499,173.194.182.102,10.10.0.10,,,443,41888,0,1358,17
1587481651.510804,10.10.0.10,173.194.182.102,,,41888,443,0,37,17
1587481651.5456214,74.125.110.42,10.10.0.10,,,443,49235,0,1358,17
1587481651.5471961,10.10.0.10,74.125.110.42,,,49235,443,0,40,17
1587481651.5826962,173.194.182.102,10.10.0.10,,,443,41888,0,1358,17
1587481651.6198661,74.125.110.42,10.10.0.10,,,443,49235,0,1358,17
1587481651.634666,10.10.0.10,74.125.110.42,,,49235,443,0,40,17
1587481651.6347196,10.10.0.10,173.194.182.102,,,41888,443,0,37,17
1587481651.656984,173.194.182.102,10.10.0.10,,,443,41888,0,1358,17
1587481651.6940932,74.125.110.42,10.10.0.10,,,443,49235,0,1358,17
1587481651.6959536,10.10.0.10,74.125.110.42,,,49235,443,0,40,17
1587481651.6961572,10.10.0.10,173.194.182.102,,,41888,443,0,37,17
1587481651.731216,173.194.182.102,10.10.0.10,,,443,41888,0,1358,17
1587481651.7683342,74.125.110.42,10.10.0.10,,,443,49235,0,1358,17
1587481651.770261,10.10.0.10,173.194.182.102,,,41888,443,0,37,17
1587481651.8054569,173.194.182.102,10.10.0.10,,,443,41888,0,1358,17
1587481651.807777,10.10.0.10,74.125.110.42,,,49235,443,0,40,17
1587481651.842576,74.125.110.42,10.10.0.10,,,443,49235,0,1358,17
1587481651.845219,10.10.0.10,173.194.182.102,,,41888,443,0,37,17
1587481651.8796964,173.194.182.102,10.10.0.10,,,443,41888,0,1358,17
1587481651.88188,10.10.0.10,74.125.110.42,,,49235,443,0,40,17
1587481651.9168134,74.125.110.42,10.10.0.10,,,443,49235,0,1358,17
1587481651.9187212,10.10.0.10,173.194.182.102,,,41888,443,0,37,17
1587481651.9539368,74.125.110.42,10.10.0.10,,,443,49235,0,1358,17
1587481651.955675,10.10.0.10,74.125.110.42,,,49235,443,0,40,17
1587481651.991056,173.194.182.102,10.10.0.10,,,443,41888,0,1358,17
1587481652.028177,173.194.182.102,10.10.0.10,,,443,41888,0,1358,17
1587481652.0312786,10.10.0.10,173.194.182.102,,,41888,443,0,37,17
1587481652.0652962,173.194.182.102,10.10.0.10,,,443,41888,0,1358,17
1587481652.1024141,173.194.182.102,10.10.0.10,,,443,41888,0,1358,17
1587481652.10409,10.10.0.10,173.194.182.102,,,41888,443,0,37,17
1587481652.139532,173.194.182.102,10.10.0.10,,,443,41888,0,1358,17
1587481652.176641,173.194.182.102,10.10.0.10,,,443,41888,0,1358,17
1587481652.213712,173.194.182.102,10.10.0.10,,,443,41888,0,1358,17
1587481652.2508285,173.194.182.102,10.10.0.10,,,443,41888,0,1358,17
1587481652.2730286,10.10.0.10,173.194.182.102,,,41888,443,0,37,17
1587481652.2880108,173.194.182.102,10.10.0.10,,,443,41888,0,1358,17
1587481652.3251321,173.194.182.102,10.10.0.10,,,443,41888,0,1358,17
1587481652.362256,173.194.182.102,10.10.0.10,,,443,41888,0,1358,17
1587481652.39932,173.194.182.102,10.10.0.10,,,443,41888,0,1358,17
1587481652.4364948,173.194.182.102,10.10.0.10,,,443,41888,0,1358,17
1587481652.473619,173.194.182.102,10.10.0.10,,,443,41888,0,1358,17
1587481652.5107384,173.194.182.102,10.10.0.10,,,443,41888,0,1358,17
1587481652.513315,10.10.0.10,173.194.182.102,,,41888,443,0,37,17
1587481652.547859,173.194.182.102,10.10.0.10,,,443,41888,0,1358,17
1587481652.584949,173.194.182.102,10.10.0.10,,,443,41888,0,1358,17
1587481652.622104,173.194.182.102,10.10.0.10,,,443,41888,0,1358,17
1587481652.6591802,173.194.182.102,10.10.0.10,,,443,41888,0,1358,17
1587481652.6963458,173.194.182.102,10.10.0.10,,,443,41888,0,1358,17
1587481652.7334669,173.194.182.102,10.10.0.10,,,443,41888,0,1358,17
1587481652.770586,173.194.182.102,10.10.0.10,,,443,41888,0,1358,17
1587481652.807706,74.125.110.42,10.10.0.10,,,443,49235,0,1358,17
1587481652.844825,74.125.110.42,10.10.0.10,,,443,49235,0,1358,17
1587481652.881945,74.125.110.42,10.10.0.10,,,443,49235,0,1358,17
1587481652.919067,74.125.110.42,10.10.0.10,,,443,49235,0,1358,17
1587481652.9561868,74.125.110.42,10.10.0.10,,,443,49235,0,1358,17
1587481652.993294,74.125.110.42,10.10.0.10,,,443,49235,0,1358,17
1587481653.0304134,74.125.110.42,10.10.0.10,,,443,49235,0,1358,17
1587481653.0675359,74.125.110.42,10.10.0.10,,,443,49235,0,1358,17
1587481653.104626,74.125.110.42,10.10.0.10,,,443,49235,0,1358,17
1587481653.141776,173.194.182.102,10.10.0.10,,,443,41888,0,1358,17
1587481653.1788282,74.125.110.42,10.10.0.10,,,443,49235,0,1358,17
1587481653.2159786,173.194.182.102,10.10.0.10,,,443,41888,0,1358,17
1587481653.2245884,10.10.0.10,173.194.182.102,,,41888,443,0,37,17
1587481653.224623,10.10.0.10,173.194.182.102,,,41888,443,0,37,17
1587481653.2251868,10.10.0.10,173.194.182.102,,,41888,443,0,50,17
1587481653.2252214,10.10.0.10,173.194.182.102,,,41888,443,0,37,17
1587481653.225235,10.10.0.10,173.194.182.102,,,41888,443,0,37,17
1587481653.2530956,173.194.182.102,10.10.0.10,,,443,41888,0,1358,17
1587481653.2902524,74.125.110.42,10.10.0.10,,,443,49235,0,1358,17
1587481653.295072,10.10.0.10,173.194.182.102,,,41888,443,0,37,17
1587481653.295111,10.10.0.10,173.194.182.102,,,41888,443,0,37,17
1587481653.295305,10.10.0.10,173.194.182.102,,,41888,443,0,37,17
1587481653.295343,10.10.0.10,74.125.110.42,,,49235,443,0,40,17
1587481653.2955892,10.10.0.10,173.194.182.102,,,41888,443,0,37,17
1587481653.3023481,10.10.0.10,74.125.110.42,,,49235,443,0,40,17
1587481653.3040428,10.10.0.10,74.125.110.42,,,49235,443,0,40,17
1587481653.305419,10.10.0.10,74.125.110.42,,,49235,443,0,40,17
1587481653.310302,10.10.0.10,74.125.110.42,,,49235,443,0,40,17
1587481653.3103511,10.10.0.10,173.194.182.102,,,41888,443,0,37,17
1587481653.327368,173.194.182.102,10.10.0.10,,,443,41888,0,1358,17
1587481653.3644292,74.125.110.42,10.10.0.10,,,443,49235,0,1358,17
1587481653.388565,10.10.0.10,74.125.110.42,,,49235,443,0,40,17
1587481653.3886118,10.10.0.10,173.194.182.102,,,41888,443,0,37,17
1587481653.4016142,173.194.182.102,10.10.0.10,,,443,41888,0,1358,17
1587481653.4034364,10.10.0.10,173.194.182.102,,,41888,443,0,37,17
1587481653.438694,74.125.110.42,10.10.0.10,,,443,49235,0,1358,17
1587481653.440541,10.10.0.10,74.125.110.42,,,49235,443,0,40,17
1587481653.475859,173.194.182.102,10.10.0.10,,,443,41888,0,1358,17
1587481653.511842,10.10.0.10,173.194.182.102,,,41888,443,0,37,17
1587481653.5129788,74.125.110.42,10.10.0.10,,,443,49235,0,1358,17
1587481653.550102,173.194.182.102,10.10.0.10,,,443,41888,0,1358,17
1587481653.553693,10.10.0.10,74.125.110.42,,,49235,443,0,53,17
1587481653.582694,10.10.0.10,173.194.182.102,,,41888,443,0,37,17
1587481653.587178,74.125.110.42,10.10.0.10,,,443,49235,0,1358,17
1587481653.622734,10.10.0.10,74.125.110.42,,,49235,443,0,40,17
1587481653.624342,173.194.182.102,10.10.0.10,,,443,41888,0,1358,17
1587481653.6614268,74.125.110.42,10.10.0.10,,,443,49235,0,1358,17
1587481653.66331,10.10.0.10,74.125.110.42,,,49235,443,0,42,17
1587481653.663524,10.10.0.10,173.194.182.102,,,41888,443,0,37,17
1587481653.698577,173.194.182.102,10.10.0.10,,,443,41888,0,1358,17
1587481653.7356946,173.194.182.102,10.10.0.10,,,443,41888,0,1358,17
1587481653.7375422,10.10.0.10,173.194.182.102,,,41888,443,0,37,17
1587481653.772817,173.194.182.102,10.10.0.10,,,443,41888,0,1358,17
1587481653.809937,173.194.182.102,10.10.0.10,,,443,41888,0,1358,17
1587481653.811832,10.10.0.10,173.194.182.102,,,41888,443,0,37,17
1587481653.848783,173.194.182.102,10.10.0.10,,,443,41888,0,1358,17
1587481653.8859332,173.194.182.102,10.10.0.10,,,443,41888,0,1358,17
1587481653.8881366,10.10.0.10,173.194.182.102,,,41888,443,0,37,17
1587481653.9230568,173.194.182.102,10.10.0.10,,,443,41888,0,1358,17
1587481653.9569302,10.10.0.10,173.194.182.102,,,41888,443,0,37,17
1587481653.9601722,173.194.182.102,10.10.0.10,,,443,41888,0,1358,17
1587481653.997292,173.194.182.102,10.10.0.10,,,443,41888,0,1358,17
1587481653.9976518,10.10.0.10,173.194.182.102,,,41888,443,0,37,17
1587481654.029206,10.10.0.10,173.194.182.102,,,41888,443,0,37,17
1587481654.034416,173.194.182.102,10.10.0.10,,,443,41888,0,1358,17
1587481654.071537,173.194.182.102,10.10.0.10,,,443,41888,0,1358,17
1587481654.073785,10.10.0.10,173.194.182.102,,,41888,443,0,37,17
1587481654.1086562,74.125.110.42,10.10.0.10,,,443,49235,0,1358,17
1587481654.111185,10.10.0.10,74.125.110.42,,,49235,443,0,42,17
1587481654.1457422,173.194.182.102,10.10.0.10,,,443,41888,0,1358,17
1587481654.176839,10.10.0.10,173.194.182.102,,,41888,443,0,50,17
1587481654.1828518,74.125.110.42,10.10.0.10,,,443,49235,0,1358,17
1587481654.188314,10.10.0.10,74.125.110.42,,,49235,443,0,42,17
1587481654.220007,74.125.110.42,10.10.0.10,,,443,49235,0,1358,17
1587481654.221686,10.10.0.10,74.125.110.42,,,49235,443,0,42,17
1587481654.2571352,74.125.110.42,10.10.0.10,,,443,49235,0,1358,17
1587481654.2942472,74.125.110.42,10.10.0.10,,,443,49235,0,1358,17
1587481654.296034,10.10.0.10,74.125.110.42,,,49235,443,0,42,17
1587481654.3313725,74.125.110.42,10.10.0.10,,,443,49235,0,1358,17
1587481654.368493,74.125.110.42,10.10.0.10,,,443,49235,0,1358,17
1587481654.370049,10.10.0.10,74.125.110.42,,,49235,443,0,42,17
1587481654.405615,173.194.182.102,10.10.0.10,,,443,41888,0,1358,17
1587481654.442743,74.125.110.42,10.10.0.10,,,443,49235,0,1358,17
1587481654.445121,10.10.0.10,173.194.182.102,,,41888,443,0,37,17
1587481654.479862,74.125.110.42,10.10.0.10,,,443,49235,0,1358,17
1587481654.482723,10.10.0.10,74.125.110.42,,,49235,443,0,42,17
1587481654.516983,74.125.110.42,10.10.0.10,,,443,49235,0,1358,17
1587481654.5541024,74.125.110.42,10.10.0.10,,,443,49235,0,1358,17
1587481654.5558536,10.10.0.10,74.125.110.42,,,49235,443,0,42,17
1587481654.591224,74.125.110.42,10.10.0.10,,,443,49235,0,1358,17
1587481654.62835,74.125.110.42,10.10.0.10,,,443,49235,0,1358,17
1587481654.6300998,10.10.0.10,74.125.110.42,,,49235,443,0,42,17
1587481654.6654534,74.125.110.42,10.10.0.10,,,443,49235,0,1358,17
1587481654.702573,173.194.182.102,10.10.0.10,,,443,41888,0,1358,17
1587481654.705342,10.10.0.10,74.125.110.42,,,49235,443,0,42,17
1587481654.7396932,74.125.110.42,10.10.0.10,,,443,49235,0,1358,17
1587481654.7416804,10.10.0.10,173.194.182.102,,,41888,443,0,37,17
1587481654.7768168,173.194.182.102,10.10.0.10,,,443,41888,0,1358,17
1587481654.778806,10.10.0.10,74.125.110.42,,,49235,443,0,40,17
1587481654.813937,74.125.110.42,10.10.0.10,,,443,49235,0,1358,17
1587481654.81573,10.10.0.10,173.194.182.102,,,41888,443,0,37,17
1587481654.8510532,173.194.182.102,10.10.0.10,,,443,41888,0,1358,17
1587481654.853321,10.10.0.10,74.125.110.42,,,49235,443,0,40,17
1587481654.888173,74.125.110.42,10.10.0.10,,,443,49235,0,1358,17
1587481654.890074,10.10.0.10,173.194.182.102,,,41888,443,0,37,17
1587481654.925296,173.194.182.102,10.10.0.10,,,443,41888,0,1358,17
1587481654.927383,10.10.0.10,74.125.110.42,,,49235,443,0,40,17
1587481654.9623961,173.194.182.102,10.10.0.10,,,443,41888,0,1358,17
1587481654.964262,10.10.0.10,173.194.182.102,,,41888,443,0,37,17
1587481654.9995322,173.194.182.102,10.10.0.10,,,443,41888,0,1358,17
1587481655.0366561,173.194.182.102,10.10.0.10,,,443,41888,0,1358,17
1587481655.0385303,10.10.0.10,173.194.182.102,,,41888,443,0,37,17
1587481655.073776,173.194.182.102,10.10.0.10,,,443,41888,0,1358,17
1587481655.110896,173.194.182.102,10.10.0.10,,,443,41888,0,1358,17
1587481655.112849,10.10.0.10,173.194.182.102,,,41888,443,0,37,17
1587481655.148017,173.194.182.102,10.10.0.10,,,443,41888,0,1358,17
1587481655.185085,173.194.182.102,10.10.0.10,,,443,41888,0,1358,17
1587481655.186739,10.10.0.10,173.194.182.102,,,41888,443,0,37,17
1587481655.2222428,173.194.182.102,10.10.0.10,,,443,41888,0,1358,17
1587481655.259306,173.194.182.102,10.10.0.10,,,443,41888,0,1358,17
1587481655.2608778,10.10.0.10,173.194.182.102,,,41888,443,0,37,17
1587481655.2964258,74.125.110.42,10.10.0.10,,,443,49235,0,1358,17
1587481655.3336039,173.194.182.102,10.10.0.10,,,443,41888,0,1358,17
1587481655.3366542,10.10.0.10,74.125.110.42,,,49235,443,0,40,17
1587481655.3707259,74.125.110.42,10.10.0.10,,,443,49235,0,1358,17
1587481655.372593,10.10.0.10,173.194.182.102,,,41888,443,0,37,17
1587481655.40099,10.10.0.10,74.125.110.42,,,49235,443,0,40,17
1587481655.4078472,173.194.182.102,10.10.0.10,,,443,41888,0,1358,17
1587481655.44497,74.125.110.42,10.10.0.10,,,443,49235,0,1358,17
1587481655.4568508,10.10.0.10,173.194.182.102,,,41888,443,0,37,17
1587481655.4820678,74.125.110.42,10.10.0.10,,,443,49235,0,1358,17
1587481655.4837868,10.10.0.10,74.125.110.42,,,49235,443,0,40,17
1587481655.5192132,74.125.110.42,10.10.0.10,,,443,49235,0,1358,17
1587481655.556335,74.125.110.42,10.10.0.10,,,443,49235,0,1358,17
1587481655.558169,10.10.0.10,74.125.110.42,,,49235,443,0,40,17
1587481655.593458,74.125.110.42,10.10.0.10,,,443,49235,0,1358,17
1587481655.6301582,10.10.0.10,74.125.110.42,,,49235,443,0,40,17
1587481655.630543,74.125.110.42,10.10.0.10,,,443,49235,0,1358,17
1587481655.6676981,173.194.182.102,10.10.0.10,,,443,41888,0,1358,17
1587481655.670927,10.10.0.10,74.125.110.42,,,49235,443,0,53,17
1587481655.704824,74.125.110.42,10.10.0.10,,,443,49235,0,1358,17
1587481655.706767,10.10.0.10,173.194.182.102,,,41888,443,0,37,17
1587481655.741946,74.125.110.42,10.10.0.10,,,443,49235,0,1358,17
1587481655.744477,10.10.0.10,74.125.110.42,,,49235,443,0,42,17
1587481655.779018,74.125.110.42,10.10.0.10,,,443,49235,0,1358,17
1587481655.7807224,10.10.0.10,74.125.110.42,,,49235,443,0,42,17
1587481655.816187,74.125.110.42,10.10.0.10,,,443,49235,0,1358,17
1587481655.818078,10.10.0.10,74.125.110.42,,,49235,443,0,42,17
1587481655.8532922,74.125.110.42,10.10.0.10,,,443,49235,0,1358,17
1587481655.8571439,10.10.0.10,74.125.110.42,,,49235,443,0,42,17
1587481655.890413,74.125.110.42,10.10.0.10,,,443,49235,0,1358,17
1587481655.9275384,173.194.182.102,10.10.0.10,,,443,41888,0,1358,17
1587481655.9297402,10.10.0.10,74.125.110.42,,,49235,443,0,42,17
1587481655.964656,74.125.110.42,10.10.0.10,,,443,49235,0,1358,17
1587481655.9662971,10.10.0.10,173.194.182.102,,,41888,443,0,37,17
1587481656.001774,173.194.182.102,10.10.0.10,,,443,41888,0,1358,17
1587481656.0057948,10.10.0.10,74.125.110.42,,,49235,443,0,42,17
1587481656.038898,74.125.110.42,10.10.0.10,,,443,49235,0,1358,17
1587481656.040688,10.10.0.10,173.194.182.102,,,41888,443,0,37,17
1587481656.076013,173.194.182.102,10.10.0.10,,,443,41888,0,1358,17
1587481656.0788374,10.10.0.10,74.125.110.42,,,49235,443,0,42,17
1587481656.1131392,74.125.110.42,10.10.0.10,,,443,49235,0,1358,17
1587481656.1151464,10.10.0.10,173.194.182.102,,,41888,443,0,37,17
1587481656.149257,10.10.0.10,74.125.110.42,,,49235,443,0,42,17
1587481656.1502528,173.194.182.102,10.10.0.10,,,443,41888,0,1358,17
1587481656.187377,173.194.182.102,10.10.0.10,,,443,41888,0,1358,17
1587481656.189106,10.10.0.10,173.194.182.102,,,41888,443,0,37,17
1587481656.2244532,173.194.182.102,10.10.0.10,,,443,41888,0,1358,17
1587481656.2615802,173.194.182.102,10.10.0.10,,,443,41888,0,1358,17
1587481656.263273,10.10.0.10,173.194.182.102,,,41888,443,0,37,17
1587481656.298672,173.194.182.102,10.10.0.10,,,443,41888,0,1358,17
1587481656.335784,173.194.182.102,10.10.0.10,,,443,41888,0,1358,17
1587481656.3663092,10.10.0.10,173.194.182.102,,,41888,443,0,37,17
1587481656.372975,173.194.182.102,10.10.0.10,,,443,41888,0,1358,17
1587481656.4100974,173.194.182.102,10.10.0.10,,,443,41888,0,1358,17
1587481656.4472141,173.194.182.102,10.10.0.10,,,443,41888,0,1358,17
1587481656.484336,173.194.182.102,10.10.0.10,,,443,41888,0,1358,17
1587481656.5214536,74.125.110.42,10.10.0.10,,,443,49235,0,1358,17
1587481656.558579,173.194.182.102,10.10.0.10,,,443,41888,0,1358,17
1587481656.5957036,74.125.110.42,10.10.0.10,,,443,49235,0,1358,17
1587481656.608071,10.10.0.10,173.194.182.102,,,41888,443,0,37,17
1587481656.6081245,10.10.0.10,173.194.182.102,,,41888,443,0,50,17
1587481656.632826,173.194.182.102,10.10.0.10,,,443,41888,0,1358,17
1587481656.6699462,74.125.110.42,10.10.0.10,,,443,49235,0,1358,17
1587481656.7070658,74.125.110.42,10.10.0.10,,,443,49235,0,1358,17
1587481656.728023,10.10.0.10,173.194.182.102,,,41888,443,0,37,17
1587481656.744188,74.125.110.42,10.10.0.10,,,443,49235,0,1358,17
1587481656.7812982,74.125.110.42,10.10.0.10,,,443,49235,0,1358,17
1587481656.818415,74.125.110.42,10.10.0.10,,,443,49235,0,1358,17
1587481656.8555398,173.194.182.102,10.10.0.10,,,443,41888,0,1358,17
1587481656.8926532,74.125.110.42,10.10.0.10,,,443,49235,0,1358,17
1587481656.9297473,74.125.110.42,10.10.0.10,,,443,49235,0,1358,17
1587481656.966864,74.125.110.42,10.10.0.10,,,443,49235,0,1358,17
1587481657.004013,74.125.110.42,10.10.0.10,,,443,49235,0,1358,17
1587481657.041136,74.125.110.42,10.10.0.10,,,443,49235,0,1358,17
1587481657.081773,74.125.110.42,10.10.0.10,,,443,49235,0,1358,17
1587481657.118819,173.194.182.102,10.10.0.10,,,443,41888,0,1358,17
1587481657.155977,74.125.110.42,10.10.0.10,,,443,49235,0,1358,17
1587481657.193065,173.194.182.102,10.10.0.10,,,443,41888,0,1358,17
1587481657.2301981,74.125.110.42,10.10.0.10,,,443,49235,0,1358,17
1587481657.2673721,173.194.182.102,10.10.0.10,,,443,41888,0,1358,17
1587481657.304496,74.125.110.42,10.10.0.10,,,443,49235,0,1358,17
1587481657.3416178,173.194.182.102,10.10.0.10,,,443,41888,0,1358,17
1587481657.378735,173.194.182.102,10.10.0.10,,,443,41888,0,1358,17
1587481657.40296,10.10.0.10,74.125.110.42,,,49235,443,0,42,17
1587481657.4034948,10.10.0.10,173.194.182.102,,,41888,443,0,37,17
1587481657.406789,10.10.0.10,74.125.110.42,,,49235,443,0,42,17
1587481657.409242,10.10.0.10,74.125.110.42,,,49235,443,0,42,17
1587481657.41582,173.194.182.102,10.10.0.10,,,443,41888,0,1358,17
1587481657.4529722,173.194.182.102,10.10.0.10,,,443,41888,0,1358,17
1587481657.4900956,173.194.182.102,10.10.0.10,,,443,41888,0,1358,17
1587481657.502072,10.10.0.10,74.125.110.42,,,49235,443,0,42,17
1587481657.5021179,10.10.0.10,173.194.182.102,,,41888,443,0,37,17
1587481657.507912,10.10.0.10,74.125.110.42,,,49235,443,0,44,17
1587481657.5079556,10.10.0.10,74.125.110.42,,,49235,443,0,44,17
1587481657.5095005,10.10.0.10,74.125.110.42,,,49235,443,0,44,17
1587481657.510682,10.10.0.10,74.125.110.42,,,49235,443,0,44,17
1587481657.512728,10.10.0.10,74.125.110.42,,,49235,443,0,44,17
1587481657.513923,10.10.0.10,173.194.182.102,,,41888,443,0,37,17
1587481657.5176668,10.10.0.10,74.125.110.42,,,49235,443,0,44,17
1587481657.5191011,10.10.0.10,173.194.182.102,,,41888,443,0,37,17
1587481657.5196464,10.10.0.10,173.194.182.102,,,41888,443,0,37,17
1587481657.520548,10.10.0.10,173.194.182.102,,,41888,443,0,37,17
1587481657.527213,173.194.182.102,10.10.0.10,,,443,41888,0,1358,17
1587481657.5643349,173.194.182.102,10.10.0.10,,,443,41888,0,1358,17
1587481657.5671391,10.10.0.10,74.125.110.42,,,49235,443,0,44,17
1587481657.567389,10.10.0.10,173.194.182.102,,,41888,443,0,37,17
1587481657.601466,173.194.182.102,10.10.0.10,,,443,41888,0,1358,17
1587481657.6385858,173.194.182.102,10.10.0.10,,,443,41888,0,1358,17
1587481657.6416302,10.10.0.10,173.194.182.102,,,41888,443,0,37,17
1587481657.6425722,10.10.0.10,74.125.110.42,,,49235,443,0,43,17
1587481657.6756694,173.194.182.102,10.10.0.10,,,443,41888,0,1358,17
1587481657.721733,173.194.182.102,10.10.0.10,,,443,41888,0,1358,17
1587481657.7257366,10.10.0.10,173.194.182.102,,,41888,443,0,37,17
1587481657.7588544,74.125.110.42,10.10.0.10,,,443,49235,0,1358,17
1587481657.795927,173.194.182.102,10.10.0.10,,,443,41888,0,1358,17
1587481657.7981632,10.10.0.10,74.125.110.42,,,49235,443,0,44,17
1587481657.8330932,74.125.110.42,10.10.0.10,,,443,49235,0,1358,17
1587481657.8350039,10.10.0.10,173.194.182.102,,,41888,443,0,37,17
1587481657.870214,74.125.110.42,10.10.0.10,,,443,49235,0,1358,17
1587481657.8720472,10.10.0.10,74.125.110.42,,,49235,443,0,44,17
1587481657.9073331,74.125.110.42,10.10.0.10,,,443,49235,0,1358,17
1587481657.944453,74.125.110.42,10.10.0.10,,,443,49235,0,1358,17
1587481657.9462938,10.10.0.10,74.125.110.42,,,49235,443,0,46,17
1587481657.9815722,173.194.182.102,10.10.0.10,,,443,41888,0,1358,17
1587481658.018657,173.194.182.102,10.10.0.10,,,443,41888,0,1358,17
1587481658.035557,10.10.0.10,173.194.182.102,,,41888,443,0,37,17
1587481658.0558028,173.194.182.102,10.10.0.10,,,443,41888,0,1358,17
1587481658.092887,74.125.110.42,10.10.0.10,,,443,49235,0,1351,17
1587481658.09477,10.10.0.10,74.125.110.42,,,49235,443,0,48,17
1587481658.0951388,10.10.0.10,173.194.182.102,,,41888,443,0,37,17
1587481658.129818,173.194.182.102,10.10.0.10,,,443,41888,0,1358,17
1587481658.171419,74.125.110.42,10.10.0.10,,,443,49235,0,1358,17
1587481658.17347,10.10.0.10,74.125.110.42,,,49235,443,0,48,17
1587481658.1739461,10.10.0.10,173.194.182.102,,,41888,443,0,37,17
1587481658.208542,173.194.182.102,10.10.0.10,,,443,41888,0,1358,17
1587481658.2455974,74.125.110.42,10.10.0.10,,,443,49235,0,1358,17
1587481658.249721,10.10.0.10,74.125.110.42,,,49235,443,0,48,17
1587481658.249919,10.10.0.10,173.194.182.102,,,41888,443,0,37,17
1587481658.2827342,173.194.182.102,10.10.0.10,,,443,41888,0,1358,17
1587481658.3198972,173.194.182.102,10.10.0.10,,,443,41888,0,1358,17
1587481658.321717,10.10.0.10,173.194.182.102,,,41888,443,0,37,17
1587481658.357022,74.125.110.42,10.10.0.10,,,443,49235,0,1358,17
1587481658.3588052,10.10.0.10,74.125.110.42,,,49235,443,0,48,17
1587481658.3941386,173.194.182.102,10.10.0.10,,,443,41888,0,1358,17
1587481658.4312649,173.194.182.102,10.10.0.10,,,443,41888,0,1358,17
1587481658.433131,10.10.0.10,173.194.182.102,,,41888,443,0,37,17
1587481658.468385,74.125.110.42,10.10.0.10,,,443,49235,0,1358,17
1587481658.505508,173.194.182.102,10.10.0.10,,,443,41888,0,1358,17
1587481658.507298,10.10.0.10,74.125.110.42,,,49235,443,0,48,17
1587481658.542629,74.125.110.42,10.10.0.10,,,443,49235,0,1358,17
1587481658.545525,10.10.0.10,173.194.182.102,,,41888,443,0,37,17
1587481658.576281,10.10.0.10,74.125.110.42,,,49235,443,0,48,17
1587481658.579751,173.194.182.102,10.10.0.10,,,443,41888,0,1358,17
1587481658.616863,74.125.110.42,10.10.0.10,,,443,49235,0,1358,17
1587481658.618777,10.10.0.10,173.194.182.102,,,41888,443,0,37,17
1587481658.653984,74.125.110.42,10.10.0.10,,,443,49235,0,1358,17
1587481658.6570652,10.10.0.10,74.125.110.42,,,49235,443,0,48,17
1587481658.6911068,74.125.110.42,10.10.0.10,,,443,49235,0,1358,17
1587481658.728223,173.194.182.102,10.10.0.10,,,443,41888,0,1358,17
1587481658.7300658,10.10.0.10,74.125.110.42,,,49235,443,0,48,17
1587481658.765348,74.125.110.42,10.10.0.10,,,443,49235,0,1358,17
1587481658.76804,10.10.0.10,173.194.182.102,,,41888,443,0,50,17
1587481658.8024669,173.194.182.102,10.10.0.10,,,443,41888,0,1358,17
1587481658.804814,10.10.0.10,74.125.110.42,,,49235,443,0,48,17
1587481658.839586,74.125.110.42,10.10.0.10,,,443,49235,0,1358,17
1587481658.8415868,10.10.0.10,173.194.182.102,,,41888,443,0,37,17
1587481658.8766649,173.194.182.102,10.10.0.10,,,443,41888,0,1358,17
1587481658.88092,10.10.0.10,74.125.110.42,,,49235,443,0,42,17
1587481658.910024,10.10.0.10,173.194.182.102,,,41888,443,0,37,17
1587481658.913826,173.194.182.102,10.10.0.10,,,443,41888,0,1358,17
1587481658.950946,74.125.110.42,10.10.0.10,,,443,49235,0,1358,17
1587481658.952878,10.10.0.10,173.194.182.102,,,41888,443,0,37,17
1587481658.988066,173.194.182.102,10.10.0.10,,,443,41888,0,1358,17
1587481658.989959,10.10.0.10,74.125.110.42,,,49235,443,0,42,17
1587481659.0251849,74.125.110.42,10.10.0.10,,,443,49235,0,1358,17
1587481659.027226,10.10.0.10,173.194.182.102,,,41888,443,0,37,17
1587481659.061128,10.10.0.10,74.125.110.42,,,49235,443,0,42,17
1587481659.062241,74.125.110.42,10.10.0.10,,,443,49235,0,1358,17
1587481659.0993798,74.125.110.42,10.10.0.10,,,443,49235,0,1358,17
1587481659.1033108,10.10.0.10,74.125.110.42,,,49235,443,0,42,17
1587481659.13651,74.125.110.42,10.10.0.10,,,443,49235,0,1358,17
1587481659.173656,173.194.182.102,10.10.0.10,,,443,41888,0,1358,17
1587481659.1827226,10.10.0.10,74.125.110.42,,,49235,443,0,42,17
1587481659.2107322,173.194.182.102,10.10.0.10,,,443,41888,0,1358,17
1587481659.2478929,173.194.182.102,10.10.0.10,,,443,41888,0,1358,17
1587481659.285021,74.125.110.42,10.10.0.10,,,443,49235,0,1358,17
1587481659.2968748,10.10.0.10,173.194.182.102,,,41888,443,0,37,17
1587481659.322145,74.125.110.42,10.10.0.10,,,443,49235,0,1358,17
1587481659.325142,10.10.0.10,173.194.182.102,,,41888,443,0,37,17
1587481659.32611,10.10.0.10,74.125.110.42,,,49235,443,0,42,17
1587481659.3592649,173.194.182.102,10.10.0.10,,,443,41888,0,1358,17
1587481659.396382,74.125.110.42,10.10.0.10,,,443,49235,0,1358,17
1587481659.3981388,10.10.0.10,173.194.182.102,,,41888,443,0,37,17
1587481659.433505,173.194.182.102,10.10.0.10,,,443,41888,0,1358,17
1587481659.435399,10.10.0.10,74.125.110.42,,,49235,443,0,42,17
1587481659.4706042,74.125.110.42,10.10.0.10,,,443,49235,0,1358,17
1587481659.4725401,10.10.0.10,173.194.182.102,,,41888,443,0,37,17
1587481659.5077412,74.125.110.42,10.10.0.10,,,443,49235,0,1358,17
1587481659.5096462,10.10.0.10,74.125.110.42,,,49235,443,0,55,17
1587481659.5448658,173.194.182.102,10.10.0.10,,,443,41888,0,1358,17
1587481659.581983,173.194.182.102,10.10.0.10,,,443,41888,0,1358,17
1587481659.583745,10.10.0.10,173.194.182.102,,,41888,443,0,37,17
1587481659.619103,74.125.110.42,10.10.0.10,,,443,49235,0,1358,17
1587481659.656224,173.194.182.102,10.10.0.10,,,443,41888,0,1358,17
1587481659.659143,10.10.0.10,74.125.110.42,,,49235,443,0,42,17
1587481659.6933448,173.194.182.102,10.10.0.10,,,443,41888,0,1358,17
1587481659.6955779,10.10.0.10,173.194.182.102,,,41888,443,0,37,17
1587481659.730464,74.125.110.42,10.10.0.10,,,443,49235,0,1358,17
1587481659.767585,173.194.182.102,10.10.0.10,,,443,41888,0,1358,17
1587481659.7697456,10.10.0.10,74.125.110.42,,,49235,443,0,42,17
1587481659.804704,74.125.110.42,10.10.0.10,,,443,49235,0,1358,17
1587481659.8067188,10.10.0.10,173.194.182.102,,,41888,443,0,37,17
1587481659.841825,173.194.182.102,10.10.0.10,,,443,41888,0,1358,17
1587481659.878944,74.125.110.42,10.10.0.10,,,443,49235,0,1358,17
1587481659.9046028,10.10.0.10,74.125.110.42,,,49235,443,0,42,17
1587481659.9160268,74.125.110.42,10.10.0.10,,,443,49235,0,1358,17
1587481659.917911,10.10.0.10,74.125.110.42,,,49235,443,0,42,17
1587481659.953184,74.125.110.42,10.10.0.10,,,443,49235,0,1358,17
1587481659.9903052,173.194.182.102,10.10.0.10,,,443,41888,0,1358,17
1587481660.01566,10.10.0.10,173.194.182.102,,,41888,443,0,37,17
1587481660.027425,74.125.110.42,10.10.0.10,,,443,49235,0,1358,17
1587481660.0320392,10.10.0.10,74.125.110.42,,,49235,443,0,42,17
1587481660.064542,173.194.182.102,10.10.0.10,,,443,41888,0,1358,17
1587481660.0663311,10.10.0.10,173.194.182.102,,,41888,443,0,37,17
1587481660.101615,74.125.110.42,10.10.0.10,,,443,49235,0,1358,17
1587481660.138741,173.194.182.102,10.10.0.10,,,443,41888,0,1358,17
1587481660.1593242,10.10.0.10,74.125.110.42,,,49235,443,0,42,17
1587481660.1758661,173.194.182.102,10.10.0.10,,,443,41888,0,1358,17
1587481660.177665,10.10.0.10,173.194.182.102,,,41888,443,0,37,17
1587481660.212965,74.125.110.42,10.10.0.10,,,443,49235,0,1358,17
1587481660.250081,173.194.182.102,10.10.0.10,,,443,41888,0,1358,17
1587481660.2599075,10.10.0.10,74.125.110.42,,,49235,443,0,42,17
1587481660.287213,74.125.110.42,10.10.0.10,,,443,49235,0,1358,17
1587481660.2891462,10.10.0.10,173.194.182.102,,,41888,443,0,37,17
1587481660.327129,74.125.110.42,10.10.0.10,,,443,49235,0,71,17
1587481660.328505,10.10.0.10,74.125.110.42,,,49235,443,0,42,17
1587481660.329928,173.194.182.102,10.10.0.10,,,443,41888,0,1358,17
1587481660.341167,10.10.0.10,74.125.110.42,,,49235,443,0,677,17
1587481660.341207,10.10.0.10,74.125.110.42,,,49235,443,0,48,17
1587481660.367049,173.194.182.102,10.10.0.10,,,443,41888,0,1358,17
1587481660.368505,10.10.0.10,173.194.182.102,,,41888,443,0,37,17
1587481660.4041688,173.194.182.102,10.10.0.10,,,443,41888,0,1358,17
1587481660.441293,173.194.182.102,10.10.0.10,,,443,41888,0,1358,17
1587481660.459356,10.10.0.10,173.194.182.102,,,41888,443,0,37,17
1587481660.463417,10.10.0.10,173.194.182.102,,,41888,443,0,37,17
1587481660.478417,173.194.182.102,10.10.0.10,,,443,41888,0,1358,17
1587481660.515537,74.125.110.42,10.10.0.10,,,443,49235,0,29,17
1587481660.517215,173.194.182.102,10.10.0.10,,,443,41888,0,1358,17
1587481660.554337,173.194.182.102,10.10.0.10,,,443,41888,0,1358,17
1587481660.5914571,173.194.182.102,10.10.0.10,,,443,41888,0,1358,17
1587481660.628578,173.194.182.102,10.10.0.10,,,443,41888,0,1358,17
1587481660.665659,173.194.182.102,10.10.0.10,,,443,41888,0,409,17
1587481660.677509,74.125.110.42,10.10.0.10,,,443,49235,0,1358,17
1587481660.704207,10.10.0.10,173.194.182.102,,,41888,443,0,37,17
1587481661.6286132,10.10.0.10,173.194.182.102,,,41888,443,0,50,17
1587481661.6336892,10.10.0.10,173.194.182.102,,,41888,443,0,37,17
1587481661.636063,10.10.0.10,74.125.110.42,,,49235,443,0,44,17
1587481661.639014,173.194.182.102,10.10.0.10,,,443,41888,0,32,17
1587481661.6462178,10.10.0.10,173.194.182.102,,,41888,443,0,717,17
1587481661.6466699,10.10.0.10,173.194.182.102,,,41888,443,0,48,17
1587481661.657047,74.125.110.42,10.10.0.10,,,443,49235,0,1358,17
1587481661.657402,173.194.182.102,10.10.0.10,,,443,41888,0,358,17
1587481661.658836,10.10.0.10,74.125.110.42,,,49235,443,0,44,17
1587481661.6620429,173.194.182.102,10.10.0.10,,,443,41888,0,1358,17
1587481661.663856,10.10.0.10,173.194.182.102,,,41888,443,0,37,17
1587481661.699126,173.194.182.102,10.10.0.10,,,443,41888,0,1358,17
1587481661.7362769,173.194.182.102,10.10.0.10,,,443,41888,0,1358,17
1587481661.7381468,10.10.0.10,173.194.182.102,,,41888,443,0,37,17
1587481661.7734,173.194.182.102,10.10.0.10,,,443,41888,0,1358,17
1587481661.8105214,173.194.182.102,10.10.0.10,,,443,41888,0,1358,17
1587481661.812314,10.10.0.10,173.194.182.102,,,41888,443,0,37,17
1587481661.847642,74.125.110.42,10.10.0.10,,,443,49235,0,1358,17
1587481661.8778598,10.10.0.10,74.125.110.42,,,49235,443,0,44,17
1587481661.884784,173.194.182.102,10.10.0.10,,,443,41888,0,1358,17
1587481661.92188,74.125.110.42,10.10.0.10,,,443,49235,0,1358,17
1587481661.9237466,10.10.0.10,74.125.110.42,,,49235,443,0,44,17
1587481661.924056,10.10.0.10,173.194.182.102,,,41888,443,0,37,17
1587481661.959002,74.125.110.42,10.10.0.10,,,443,49235,0,1358,17
1587481661.9960911,74.125.110.42,10.10.0.10,,,443,49235,0,1358,17
1587481661.998499,10.10.0.10,74.125.110.42,,,49235,443,0,44,17
1587481662.033241,173.194.182.102,10.10.0.10,,,443,41888,0,1358,17
1587481662.070361,173.194.182.102,10.10.0.10,,,443,41888,0,1358,17
1587481662.0722098,10.10.0.10,173.194.182.102,,,41888,443,0,37,17
1587481662.107448,173.194.182.102,10.10.0.10,,,443,41888,0,1358,17
1587481662.1446009,173.194.182.102,10.10.0.10,,,443,41888,0,1358,17
1587481662.1466892,10.10.0.10,173.194.182.102,,,41888,443,0,37,17
1587481662.18172,74.125.110.42,10.10.0.10,,,443,49235,0,1358,17
1587481662.218842,74.125.110.42,10.10.0.10,,,443,49235,0,1358,17
1587481662.220454,10.10.0.10,74.125.110.42,,,49235,443,0,44,17
1587481662.2559645,74.125.110.42,10.10.0.10,,,443,49235,0,1358,17
1587481662.293083,173.194.182.102,10.10.0.10,,,443,41888,0,1358,17
1587481662.295311,10.10.0.10,74.125.110.42,,,49235,443,0,44,17
1587481662.330198,74.125.110.42,10.10.0.10,,,443,49235,0,1358,17
1587481662.332231,10.10.0.10,173.194.182.102,,,41888,443,0,37,17
1587481662.3673182,173.194.182.102,10.10.0.10,,,443,41888,0,1358,17
1587481662.369585,10.10.0.10,74.125.110.42,,,49235,443,0,44,17
1587481662.3698,10.10.0.10,74.125.110.42,,,49235,443,0,43,17
1587481662.4044368,173.194.182.102,10.10.0.10,,,443,41888,0,1358,17
1587481662.406416,10.10.0.10,173.194.182.102,,,41888,443,0,37,17
1587481662.4415555,173.194.182.102,10.10.0.10,,,443,41888,0,1358,17
1587481662.4786804,173.194.182.102,10.10.0.10,,,443,41888,0,1358,17
1587481662.4805412,10.10.0.10,173.194.182.102,,,41888,443,0,37,17
1587481662.515801,173.194.182.102,10.10.0.10,,,443,41888,0,1358,17
1587481662.5529196,173.194.182.102,10.10.0.10,,,443,41888,0,1358,17
1587481662.5549214,10.10.0.10,173.194.182.102,,,41888,443,0,37,17
1587481662.590041,173.194.182.102,10.10.0.10,,,443,41888,0,1358,17
1587481662.6271071,74.125.110.42,10.10.0.10,,,443,49235,0,1358,17
1587481662.6642685,173.194.182.102,10.10.0.10,,,443,41888,0,1358,17
1587481662.6725955,10.10.0.10,74.125.110.42,,,49235,443,0,46,17
1587481662.6730301,10.10.0.10,173.194.182.102,,,41888,443,0,37,17
1587481662.701392,173.194.182.102,10.10.0.10,,,443,41888,0,1358,17
1587481662.730862,10.10.0.10,173.194.182.102,,,41888,443,0,37,17
1587481662.7385108,74.125.110.42,10.10.0.10,,,443,49235,0,1358,17
1587481662.7756321,173.194.182.102,10.10.0.10,,,443,41888,0,1358,17
1587481662.78317,10.10.0.10,74.125.110.42,,,49235,443,0,46,17
1587481662.812752,173.194.182.102,10.10.0.10,,,443,41888,0,1358,17
1587481662.814593,10.10.0.10,173.194.182.102,,,41888,443,0,37,17
1587481662.8498714,74.125.110.42,10.10.0.10,,,443,49235,0,1358,17
1587481662.85188,10.10.0.10,74.125.110.42,,,49235,443,0,46,17
1587481662.886992,173.194.182.102,10.10.0.10,,,443,41888,0,1358,17
1587481662.9241116,74.125.110.42,10.10.0.10,,,443,49235,0,1358,17
1587481662.9259448,10.10.0.10,74.125.110.42,,,49235,443,0,48,17
1587481662.926018,10.10.0.10,173.194.182.102,,,41888,443,0,37,17
1587481662.961232,74.125.110.42,10.10.0.10,,,443,49235,0,29,17
1587481662.962922,173.194.182.102,10.10.0.10,,,443,41888,0,1358,17
1587481663.000032,74.125.110.42,10.10.0.10,,,443,49235,0,1358,17
1587481663.0022578,10.10.0.10,74.125.110.42,,,49235,443,0,42,17
1587481663.002631,10.10.0.10,173.194.182.102,,,41888,443,0,37,17
1587481663.0371482,173.194.182.102,10.10.0.10,,,443,41888,0,1358,17
1587481663.067346,10.10.0.10,173.194.182.102,,,41888,443,0,37,17
1587481663.07427,173.194.182.102,10.10.0.10,,,443,41888,0,1358,17
1587481663.111391,173.194.182.102,10.10.0.10,,,443,41888,0,1358,17
1587481663.114986,10.10.0.10,173.194.182.102,,,41888,443,0,37,17
1587481663.1484694,74.125.110.42,10.10.0.10,,,443,49235,0,1358,17
1587481663.185599,173.194.182.102,10.10.0.10,,,443,41888,0,1358,17
1587481663.192085,10.10.0.10,74.125.110.42,,,49235,443,0,44,17
1587481663.2227461,173.194.182.102,10.10.0.10,,,443,41888,0,1358,17
1587481663.225601,10.10.0.10,173.194.182.102,,,41888,443,0,37,17
1587481663.2598689,74.125.110.42,10.10.0.10,,,443,49235,0,1358,17
1587481663.2619116,10.10.0.10,74.125.110.42,,,49235,443,0,44,17
1587481663.2969315,173.194.182.102,10.10.0.10,,,443,41888,0,1358,17
1587481663.3340988,74.125.110.42,10.10.0.10,,,443,49235,0,1358,17
1587481663.3360279,10.10.0.10,74.125.110.42,,,49235,443,0,44,17
1587481663.336246,10.10.0.10,173.194.182.102,,,41888,443,0,37,17
1587481663.371223,173.194.182.102,10.10.0.10,,,443,41888,0,1358,17
1587481663.4083462,173.194.182.102,10.10.0.10,,,443,41888,0,1358,17
1587481663.41035,10.10.0.10,173.194.182.102,,,41888,443,0,50,17
1587481663.4454222,74.125.110.42,10.10.0.10,,,443,49235,0,1358,17
1587481663.447591,10.10.0.10,74.125.110.42,,,49235,443,0,44,17
1587481663.482589,74.125.110.42,10.10.0.10,,,443,49235,0,1358,17
1587481663.5197132,173.194.182.102,10.10.0.10,,,443,41888,0,1358,17
1587481663.521661,10.10.0.10,74.125.110.42,,,49235,443,0,44,17
1587481663.556836,173.194.182.102,10.10.0.10,,,443,41888,0,1358,17
1587481663.55861,10.10.0.10,173.194.182.102,,,41888,443,0,37,17
1587481663.5939536,74.125.110.42,10.10.0.10,,,443,49235,0,1358,17
1587481663.6310804,173.194.182.102,10.10.0.10,,,443,41888,0,1358,17
1587481663.6332526,10.10.0.10,74.125.110.42,,,49235,443,0,44,17
1587481663.668145,74.125.110.42,10.10.0.10,,,443,49235,0,1358,17
1587481663.670597,10.10.0.10,173.194.182.102,,,41888,443,0,37,17
1587481663.705317,173.194.182.102,10.10.0.10,,,443,41888,0,1358,17
1587481663.7073262,10.10.0.10,74.125.110.42,,,49235,443,0,44,17
1587481663.742399,74.125.110.42,10.10.0.10,,,443,49235,0,1358,17
1587481663.7445679,10.10.0.10,173.194.182.102,,,41888,443,0,37,17
1587481663.779562,173.194.182.102,10.10.0.10,,,443,41888,0,1358,17
1587481663.782399,10.10.0.10,74.125.110.42,,,49235,443,0,44,17
1587481663.8166811,173.194.182.102,10.10.0.10,,,443,41888,0,1358,17
1587481663.818507,10.10.0.10,173.194.182.102,,,41888,443,0,37,17
1587481663.853801,173.194.182.102,10.10.0.10,,,443,41888,0,1358,17
1587481663.890917,74.125.110.42,10.10.0.10,,,443,49235,0,1358,17
1587481663.896317,10.10.0.10,173.194.182.102,,,41888,443,0,37,17
1587481663.92804,173.194.182.102,10.10.0.10,,,443,41888,0,1358,17
1587481663.9300704,10.10.0.10,74.125.110.42,,,49235,443,0,44,17
1587481663.965085,74.125.110.42,10.10.0.10,,,443,49235,0,1358,17
1587481663.966839,10.10.0.10,173.194.182.102,,,41888,443,0,37,17
1587481664.0022712,173.194.182.102,10.10.0.10,,,443,41888,0,1358,17
1587481664.0042536,10.10.0.10,74.125.110.42,,,49235,443,0,44,17
1587481664.039391,173.194.182.102,10.10.0.10,,,443,41888,0,1358,17
1587481664.0413358,10.10.0.10,173.194.182.102,,,41888,443,0,37,17
1587481664.076455,74.125.110.42,10.10.0.10,,,443,49235,0,1358,17
1587481664.113631,173.194.182.102,10.10.0.10,,,443,41888,0,1358,17
1587481664.115959,10.10.0.10,74.125.110.42,,,49235,443,0,44,17
1587481664.1507466,74.125.110.42,10.10.0.10,,,443,49235,0,1358,17
1587481664.152819,10.10.0.10,173.194.182.102,,,41888,443,0,37,17
1587481664.187798,173.194.182.102,10.10.0.10,,,443,41888,0,1358,17
1587481664.1915982,10.10.0.10,74.125.110.42,,,49235,443,0,44,17
1587481664.224985,74.125.110.42,10.10.0.10,,,443,49235,0,1358,17
1587481664.2267642,10.10.0.10,173.194.182.102,,,41888,443,0,37,17
1587481664.2620714,173.194.182.102,10.10.0.10,,,443,41888,0,1358,17
1587481664.2655492,10.10.0.10,74.125.110.42,,,49235,443,0,44,17
1587481664.2991948,173.194.182.102,10.10.0.10,,,443,41888,0,1358,17
1587481664.300991,10.10.0.10,173.194.182.102,,,41888,443,0,37,17
1587481664.3363562,74.125.110.42,10.10.0.10,,,443,49235,0,1358,17
1587481664.3734784,173.194.182.102,10.10.0.10,,,443,41888,0,1358,17
1587481664.3755481,10.10.0.10,74.125.110.42,,,49235,443,0,44,17
1587481664.410597,74.125.110.42,10.10.0.10,,,443,49235,0,1358,17
1587481664.4383972,10.10.0.10,173.194.182.102,,,41888,443,0,37,17
1587481664.447714,173.194.182.102,10.10.0.10,,,443,41888,0,1358,17
1587481664.4497318,10.10.0.10,74.125.110.42,,,49235,443,0,57,17
1587481664.4848368,74.125.110.42,10.10.0.10,,,443,49235,0,1358,17
1587481664.521962,173.194.182.102,10.10.0.10,,,443,41888,0,1358,17
1587481664.5545318,10.10.0.10,173.194.182.102,,,41888,443,0,37,17
1587481664.5590658,74.125.110.42,10.10.0.10,,,443,49235,0,1358,17
1587481664.560874,10.10.0.10,74.125.110.42,,,49235,443,0,44,17
1587481664.5961962,173.194.182.102,10.10.0.10,,,443,41888,0,1358,17
1587481664.6333196,74.125.110.42,10.10.0.10,,,443,49235,0,1358,17
1587481664.670438,173.194.182.102,10.10.0.10,,,443,41888,0,1358,17
1587481664.7075539,74.125.110.42,10.10.0.10,,,443,49235,0,1358,17
1587481664.7446759,173.194.182.102,10.10.0.10,,,443,41888,0,1358,17
1587481664.781799,173.194.182.102,10.10.0.10,,,443,41888,0,1358,17
1587481664.7993245,10.10.0.10,173.194.182.102,,,41888,443,0,37,17
1587481664.818917,74.125.110.42,10.10.0.10,,,443,49235,0,1358,17
1587481664.8560328,173.194.182.102,10.10.0.10,,,443,41888,0,1358,17
1587481664.8931582,74.125.110.42,10.10.0.10,,,443,49235,0,1358,17
1587481664.9302778,173.194.182.102,10.10.0.10,,,443,41888,0,1358,17
1587481664.9673972,74.125.110.42,10.10.0.10,,,443,49235,0,1358,17
1587481665.004517,173.194.182.102,10.10.0.10,,,443,41888,0,1358,17
1587481665.0416374,74.125.110.42,10.10.0.10,,,443,49235,0,1358,17
1587481665.078756,173.194.182.102,10.10.0.10,,,443,41888,0,1358,17
1587481665.1158755,74.125.110.42,10.10.0.10,,,443,49235,0,1358,17
1587481665.1529956,173.194.182.102,10.10.0.10,,,443,41888,0,1358,17
1587481665.190114,74.125.110.42,10.10.0.10,,,443,49235,0,1358,17
1587481665.227185,173.194.182.102,10.10.0.10,,,443,41888,0,1358,17
1587481665.2642784,74.125.110.42,10.10.0.10,,,443,49235,0,29,17
1587481665.26599,74.125.110.42,10.10.0.10,,,443,49235,0,1358,17
1587481665.303112,74.125.110.42,10.10.0.10,,,443,49235,0,1358,17
1587481665.340268,173.194.182.102,10.10.0.10,,,443,41888,0,1358,17
1587481665.377385,74.125.110.42,10.10.0.10,,,443,49235,0,1358,17
1587481665.3994682,10.10.0.10,173.194.182.102,,,41888,443,0,37,17
1587481665.3995078,10.10.0.10,74.125.110.42,,,49235,443,0,44,17
1587481665.4145038,74.125.110.42,10.10.0.10,,,443,49235,0,1358,17
1587481665.4516249,74.125.110.42,10.10.0.10,,,443,49235,0,1358,17
1587481665.488752,173.194.182.102,10.10.0.10,,,443,41888,0,1358,17
1587481665.519423,10.10.0.10,173.194.182.102,,,41888,443,0,37,17
1587481665.51947,10.10.0.10,74.125.110.42,,,49235,443,0,44,17
1587481665.5258741,74.125.110.42,10.10.0.10,,,443,49235,0,1358,17
1587481665.562993,173.194.182.102,10.10.0.10,,,443,41888,0,1358,17
1587481665.6001134,173.194.182.102,10.10.0.10,,,443,41888,0,1358,17
1587481665.6372368,74.125.110.42,10.10.0.10,,,443,49235,0,1358,17
1587481665.6393251,10.10.0.10,173.194.182.102,,,41888,443,0,37,17
1587481665.67429,173.194.182.102,10.10.0.10,,,443,41888,0,1358,17
1587481665.711475,173.194.182.102,10.10.0.10,,,443,41888,0,1358,17
1587481665.748598,173.194.182.102,10.10.0.10,,,443,41888,0,1358,17
1587481665.7857158,173.194.182.102,10.10.0.10,,,443,41888,0,1358,17
1587481665.8273342,10.10.0.10,74.125.110.42,,,49235,443,0,44,17
1587481665.8280618,10.10.0.10,173.194.182.102,,,41888,443,0,37,17
1587481665.8320932,10.10.0.10,74.125.110.42,,,49235,443,0,44,17
1587481665.832161,10.10.0.10,74.125.110.42,,,49235,443,0,37,17
1587481665.832382,10.10.0.10,173.194.182.102,,,41888,443,0,37,17
1587481665.835075,10.10.0.10,173.194.182.102,,,41888,443,0,37,17
1587481665.8352108,10.10.0.10,74.125.110.42,,,49235,443,0,37,17
1587481665.835416,10.10.0.10,74.125.110.42,,,49235,443,0,37,17
1587481665.836084,10.10.0.10,173.194.182.102,,,41888,443,0,50,17
1587481665.8375769,10.10.0.10,74.125.110.42,,,49235,443,0,40,17
1587481665.838582,10.10.0.10,173.194.182.102,,,41888,443,0,37,17
1587481665.839012,10.10.0.10,173.194.182.102,,,41888,443,0,37,17
1587481665.8397956,173.194.182.102,10.10.0.10,,,443,41888,0,1358,17
1587481665.859981,173.194.182.102,10.10.0.10,,,443,41888,0,29,17
1587481665.861635,74.125.110.42,10.10.0.10,,,443,49235,0,1358,17
1587481665.863283,10.10.0.10,74.125.110.42,,,49235,443,0,40,17
1587481665.8779972,10.10.0.10,173.194.182.102,,,41888,443,0,37,17
1587481665.8987381,173.194.182.102,10.10.0.10,,,443,41888,0,1358,17
1587481665.935815,173.194.182.102,10.10.0.10,,,443,41888,0,1358,17
1587481665.9378948,10.10.0.10,173.194.182.102,,,41888,443,0,37,17
1587481665.9729712,173.194.182.102,10.10.0.10,,,443,41888,0,1358,17
1587481665.974768,10.10.0.10,173.194.182.102,,,41888,443,0,40,17
1587481666.010118,173.194.182.102,10.10.0.10,,,443,41888,0,1358,17
1587481666.0122268,10.10.0.10,173.194.182.102,,,41888,443,0,42,17
1587481666.0472355,173.194.182.102,10.10.0.10,,,443,41888,0,1358,17
1587481666.049311,10.10.0.10,173.194.182.102,,,41888,443,0,40,17
1587481666.084362,173.194.182.102,10.10.0.10,,,443,41888,0,1358,17
1587481666.08623,10.10.0.10,173.194.182.102,,,41888,443,0,40,17
1587481666.121435,173.194.182.102,10.10.0.10,,,443,41888,0,1358,17
1587481666.123245,10.10.0.10,173.194.182.102,,,41888,443,0,37,17
1587481666.158592,173.194.182.102,10.10.0.10,,,443,41888,0,1358,17
1587481666.195672,173.194.182.102,10.10.0.10,,,443,41888,0,1358,17
1587481666.198096,10.10.0.10,173.194.182.102,,,41888,443,0,37,17
1587481666.2328198,173.194.182.102,10.10.0.10,,,443,41888,0,1358,17
1587481666.269898,173.194.182.102,10.10.0.10,,,443,41888,0,1358,17
1587481666.2716286,10.10.0.10,173.194.182.102,,,41888,443,0,37,17
1587481666.3070529,173.194.182.102,10.10.0.10,,,443,41888,0,1358,17
1587481666.34418,74.125.110.42,10.10.0.10,,,443,49235,0,1358,17
1587481666.3457544,10.10.0.10,74.125.110.42,,,49235,443,0,40,17
1587481666.3458776,10.10.0.10,173.194.182.102,,,41888,443,0,37,17
1587481666.3812995,173.194.182.102,10.10.0.10,,,443,41888,0,1358,17
1587481666.4184198,173.194.182.102,10.10.0.10,,,443,41888,0,1358,17
1587481666.420233,10.10.0.10,173.194.182.102,,,41888,443,0,37,17
1587481666.455481,173.194.182.102,10.10.0.10,,,443,41888,0,1358,17
1587481666.4926598,74.125.110.42,10.10.0.10,,,443,49235,0,1358,17
1587481666.494272,10.10.0.10,74.125.110.42,,,49235,443,0,42,17
1587481666.494735,10.10.0.10,173.194.182.102,,,41888,443,0,37,17
1587481666.5297859,173.194.182.102,10.10.0.10,,,443,41888,0,1358,17
1587481666.566839,74.125.110.42,10.10.0.10,,,443,49235,0,1358,17
1587481666.5685391,10.10.0.10,74.125.110.42,,,49235,443,0,42,17
1587481666.5686,10.10.0.10,173.194.182.102,,,41888,443,0,37,17
1587481666.603961,173.194.182.102,10.10.0.10,,,443,41888,0,1358,17
1587481666.6411572,173.194.182.102,10.10.0.10,,,443,41888,0,1358,17
1587481666.643504,10.10.0.10,173.194.182.102,,,41888,443,0,37,17
1587481666.678278,173.194.182.102,10.10.0.10,,,443,41888,0,1358,17
1587481666.679962,10.10.0.10,173.194.182.102,,,41888,443,0,37,17
1587481666.715399,173.194.182.102,10.10.0.10,,,443,41888,0,1358,17
1587481666.7525172,74.125.110.42,10.10.0.10,,,443,49235,0,1358,17
1587481666.7553198,10.10.0.10,74.125.110.42,,,49235,443,0,44,17
1587481666.755383,10.10.0.10,173.194.182.102,,,41888,443,0,37,17
1587481666.789636,173.194.182.102,10.10.0.10,,,443,41888,0,1358,17
1587481666.8267546,74.125.110.42,10.10.0.10,,,443,49235,0,1358,17
1587481666.828526,10.10.0.10,74.125.110.42,,,49235,443,0,44,17
1587481666.8285892,10.10.0.10,173.194.182.102,,,41888,443,0,37,17
1587481666.863874,173.194.182.102,10.10.0.10,,,443,41888,0,1358,17
1587481666.900998,74.125.110.42,10.10.0.10,,,443,49235,0,1358,17
1587481666.9028661,10.10.0.10,74.125.110.42,,,49235,443,0,44,17
1587481666.9034052,10.10.0.10,173.194.182.102,,,41888,443,0,50,17
1587481666.9381151,173.194.182.102,10.10.0.10,,,443,41888,0,1358,17
1587481666.975238,173.194.182.102,10.10.0.10,,,443,41888,0,1358,17
1587481666.988158,10.10.0.10,173.194.182.102,,,41888,443,0,37,17
1587481667.0123188,173.194.182.102,10.10.0.10,,,443,41888,0,1358,17
1587481667.049452,173.194.182.102,10.10.0.10,,,443,41888,0,1358,17
1587481667.05108,10.10.0.10,173.194.182.102,,,41888,443,0,37,17
1587481667.0865972,74.125.110.42,10.10.0.10,,,443,49235,0,1358,17
1587481667.0884922,10.10.0.10,74.125.110.42,,,49235,443,0,44,17
1587481667.1237068,173.194.182.102,10.10.0.10,,,443,41888,0,1358,17
1587481667.1608279,173.194.182.102,10.10.0.10,,,443,41888,0,1358,17
1587481667.162824,10.10.0.10,173.194.182.102,,,41888,443,0,37,17
1587481667.1979141,74.125.110.42,10.10.0.10,,,443,49235,0,1358,17
1587481667.2350562,173.194.182.102,10.10.0.10,,,443,41888,0,1358,17
1587481667.2371235,10.10.0.10,74.125.110.42,,,49235,443,0,44,17
1587481667.272119,173.194.182.102,10.10.0.10,,,443,41888,0,1358,17
1587481667.273747,10.10.0.10,173.194.182.102,,,41888,443,0,37,17
1587481667.309266,173.194.182.102,10.10.0.10,,,443,41888,0,1358,17
1587481667.34643,173.194.182.102,10.10.0.10,,,443,41888,0,1358,17
1587481667.3481839,10.10.0.10,173.194.182.102,,,41888,443,0,37,17
1587481667.3835511,173.194.182.102,10.10.0.10,,,443,41888,0,1358,17
1587481667.4206722,173.194.182.102,10.10.0.10,,,443,41888,0,1358,17
1587481667.422502,10.10.0.10,173.194.182.102,,,41888,443,0,37,17
1587481667.4577901,74.125.110.42,10.10.0.10,,,443,49235,0,1358,17
1587481667.494909,173.194.182.102,10.10.0.10,,,443,41888,0,1358,17
1587481667.4975429,10.10.0.10,74.125.110.42,,,49235,443,0,44,17
1587481667.5320358,173.194.182.102,10.10.0.10,,,443,41888,0,1358,17
1587481667.534458,10.10.0.10,173.194.182.102,,,41888,443,0,37,17
1587481667.569158,173.194.182.102,10.10.0.10,,,443,41888,0,1358,17
1587481667.606216,74.125.110.42,10.10.0.10,,,443,49235,0,1358,17
1587481667.6080961,10.10.0.10,173.194.182.102,,,41888,443,0,37,17
1587481667.643395,173.194.182.102,10.10.0.10,,,443,41888,0,1358,17
1587481667.6585019,10.10.0.10,74.125.110.42,,,49235,443,0,57,17
1587481667.684937,173.194.182.102,10.10.0.10,,,443,41888,0,1358,17
1587481667.686855,10.10.0.10,173.194.182.102,,,41888,443,0,37,17
1587481667.7220838,74.125.110.42,10.10.0.10,,,443,49235,0,1358,17
1587481667.759206,173.194.182.102,10.10.0.10,,,443,41888,0,1358,17
1587481667.7611241,10.10.0.10,74.125.110.42,,,49235,443,0,44,17
1587481667.7963262,74.125.110.42,10.10.0.10,,,443,49235,0,1358,17
1587481667.7984738,10.10.0.10,173.194.182.102,,,41888,443,0,37,17
1587481667.833447,173.194.182.102,10.10.0.10,,,443,41888,0,1358,17
1587481667.8356268,10.10.0.10,74.125.110.42,,,49235,443,0,44,17
1587481667.870528,173.194.182.102,10.10.0.10,,,443,41888,0,1358,17
1587481667.8744562,10.10.0.10,173.194.182.102,,,41888,443,0,37,17
1587481667.9076462,173.194.182.102,10.10.0.10,,,443,41888,0,1358,17
1587481667.944814,74.125.110.42,10.10.0.10,,,443,49235,0,1358,17
1587481667.946942,10.10.0.10,173.194.182.102,,,41888,443,0,37,17
1587481667.981935,173.194.182.102,10.10.0.10,,,443,41888,0,1358,17
1587481668.008878,10.10.0.10,74.125.110.42,,,49235,443,0,44,17
1587481668.0190554,173.194.182.102,10.10.0.10,,,443,41888,0,1358,17
1587481668.0207136,10.10.0.10,173.194.182.102,,,41888,443,0,37,17
1587481668.060627,74.125.110.42,10.10.0.10,,,443,49235,0,1358,17
1587481668.097744,173.194.182.102,10.10.0.10,,,443,41888,0,1358,17
1587481668.1220348,10.10.0.10,74.125.110.42,,,49235,443,0,46,17
1587481668.134817,173.194.182.102,10.10.0.10,,,443,41888,0,1358,17
1587481668.136534,10.10.0.10,173.194.182.102,,,41888,443,0,37,17
1587481668.1719172,74.125.110.42,10.10.0.10,,,443,49235,0,1358,17
1587481668.1740284,10.10.0.10,74.125.110.42,,,49235,443,0,46,17
1587481668.209053,173.194.182.102,10.10.0.10,,,443,41888,0,1358,17
1587481668.2462108,173.194.182.102,10.10.0.10,,,443,41888,0,1358,17
1587481668.274785,10.10.0.10,173.194.182.102,,,41888,443,0,37,17
1587481668.283334,173.194.182.102,10.10.0.10,,,443,41888,0,1358,17
1587481668.2851384,10.10.0.10,173.194.182.102,,,41888,443,0,37,17
1587481668.320457,173.194.182.102,10.10.0.10,,,443,41888,0,1358,17
1587481668.3558042,10.10.0.10,173.194.182.102,,,41888,443,0,37,17
1587481668.357573,74.125.110.42,10.10.0.10,,,443,49235,0,1358,17
1587481668.359408,10.10.0.10,74.125.110.42,,,49235,443,0,46,17
1587481668.3991492,173.194.182.102,10.10.0.10,,,443,41888,0,1358,17
1587481668.436266,173.194.182.102,10.10.0.10,,,443,41888,0,1358,17
1587481668.438011,10.10.0.10,173.194.182.102,,,41888,443,0,37,17
1587481668.47339,74.125.110.42,10.10.0.10,,,443,49235,0,1358,17
1587481668.475032,10.10.0.10,74.125.110.42,,,49235,443,0,46,17
1587481668.5105069,173.194.182.102,10.10.0.10,,,443,41888,0,1358,17
1587481668.547631,74.125.110.42,10.10.0.10,,,443,49235,0,1358,17
1587481668.549598,10.10.0.10,173.194.182.102,,,41888,443,0,37,17
1587481668.5847466,173.194.182.102,10.10.0.10,,,443,41888,0,1358,17
1587481668.6218429,173.194.182.102,10.10.0.10,,,443,41888,0,1358,17
1587481668.650529,10.10.0.10,74.125.110.42,,,49235,443,0,40,17
1587481668.6532,10.10.0.10,173.194.182.102,,,41888,443,0,50,17
1587481668.6589882,74.125.110.42,10.10.0.10,,,443,49235,0,1358,17
1587481668.69611,173.194.182.102,10.10.0.10,,,443,41888,0,1358,17
1587481668.7332282,74.125.110.42,10.10.0.10,,,443,49235,0,1358,17
1587481668.770352,173.194.182.102,10.10.0.10,,,443,41888,0,1358,17
1587481668.807471,74.125.110.42,10.10.0.10,,,443,49235,0,1358,17
1587481668.8445902,173.194.182.102,10.10.0.10,,,443,41888,0,1358,17
1587481668.881711,74.125.110.42,10.10.0.10,,,443,49235,0,1358,17
1587481668.8955119,10.10.0.10,74.125.110.42,,,49235,443,0,40,17
1587481668.918831,173.194.182.102,10.10.0.10,,,443,41888,0,1358,17
1587481668.955915,74.125.110.42,10.10.0.10,,,443,49235,0,1358,17
1587481668.99307,173.194.182.102,10.10.0.10,,,443,41888,0,1358,17
1587481669.030191,173.194.182.102,10.10.0.10,,,443,41888,0,1358,17
1587481669.0673099,74.125.110.42,10.10.0.10,,,443,49235,0,1358,17
1587481669.1044312,74.125.110.42,10.10.0.10,,,443,49235,0,1358,17
1587481669.1414864,173.194.182.102,10.10.0.10,,,443,41888,0,1358,17
1587481669.1786275,173.194.182.102,10.10.0.10,,,443,41888,0,1358,17
1587481669.2157798,74.125.110.42,10.10.0.10,,,443,49235,0,1358,17
1587481669.2528741,173.194.182.102,10.10.0.10,,,443,41888,0,1358,17
1587481669.2900329,74.125.110.42,10.10.0.10,,,443,49235,0,1358,17
1587481669.327152,173.194.182.102,10.10.0.10,,,443,41888,0,1358,17
1587481669.36427,173.194.182.102,10.10.0.10,,,443,41888,0,1358,17
1587481669.4013958,74.125.110.42,10.10.0.10,,,443,49235,0,1358,17
1587481669.438519,173.194.182.102,10.10.0.10,,,443,41888,0,1358,17
1587481669.475642,74.125.110.42,10.10.0.10,,,443,49235,0,1358,17
1587481669.5127141,173.194.182.102,10.10.0.10,,,443,41888,0,1358,17
1587481669.549881,173.194.182.102,10.10.0.10,,,443,41888,0,1358,17
1587481669.586997,173.194.182.102,10.10.0.10,,,443,41888,0,1358,17
1587481669.6241221,74.125.110.42,10.10.0.10,,,443,49235,0,1358,17
1587481669.661241,74.125.110.42,10.10.0.10,,,443,49235,0,1358,17
1587481669.6849446,10.10.0.10,173.194.182.102,,,41888,443,0,37,17
1587481669.686664,10.10.0.10,74.125.110.42,,,49235,443,0,40,17
1587481669.6882448,10.10.0.10,173.194.182.102,,,41888,443,0,37,17
1587481669.690798,10.10.0.10,74.125.110.42,,,49235,443,0,40,17
1587481669.698348,173.194.182.102,10.10.0.10,,,443,41888,0,1358,17
1587481669.735472,173.194.182.102,10.10.0.10,,,443,41888,0,1358,17
1587481669.772592,74.125.110.42,10.10.0.10,,,443,49235,0,1358,17
1587481669.791178,10.10.0.10,173.194.182.102,,,41888,443,0,37,17
1587481669.7936108,10.10.0.10,74.125.110.42,,,49235,443,0,40,17
1587481669.796106,10.10.0.10,173.194.182.102,,,41888,443,0,37,17
1587481669.800785,10.10.0.10,74.125.110.42,,,49235,443,0,40,17
1587481669.8008668,10.10.0.10,173.194.182.102,,,41888,443,0,37,17
1587481669.803925,10.10.0.10,173.194.182.102,,,41888,443,0,37,17
1587481669.804539,10.10.0.10,74.125.110.42,,,49235,443,0,40,17
1587481669.8054712,10.10.0.10,173.194.182.102,,,41888,443,0,37,17
1587481669.806145,10.10.0.10,74.125.110.42,,,49235,443,0,42,17
1587481669.8067012,10.10.0.10,74.125.110.42,,,49235,443,0,42,17
1587481669.8080802,10.10.0.10,173.194.182.102,,,41888,443,0,37,17
1587481669.80916,10.10.0.10,74.125.110.42,,,49235,443,0,42,17
1587481669.8096678,74.125.110.42,10.10.0.10,,,443,49235,0,1358,17
1587481669.81111,10.10.0.10,74.125.110.42,,,49235,443,0,42,17
1587481669.84678,74.125.110.42,10.10.0.10,,,443,49235,0,1358,17
1587481669.8839538,173.194.182.102,10.10.0.10,,,443,41888,0,1358,17
1587481669.912182,10.10.0.10,173.194.182.102,,,41888,443,0,37,17
1587481669.921073,74.125.110.42,10.10.0.10,,,443,49235,0,1358,17
1587481669.9228358,10.10.0.10,74.125.110.42,,,49235,443,0,42,17
1587481669.958192,173.194.182.102,10.10.0.10,,,443,41888,0,1358,17
1587481669.960276,10.10.0.10,173.194.182.102,,,41888,443,0,37,17
1587481669.995311,173.194.182.102,10.10.0.10,,,443,41888,0,1113,17
1587481670.025896,74.125.110.42,10.10.0.10,,,443,49235,0,1358,17
1587481670.0277786,10.10.0.10,173.194.182.102,,,41888,443,0,37,17
1587481670.0630178,74.125.110.42,10.10.0.10,,,443,49235,0,1358,17
1587481670.0651689,10.10.0.10,74.125.110.42,,,49235,443,0,55,17
1587481670.1001391,74.125.110.42,10.10.0.10,,,443,49235,0,1358,17
1587481670.1372588,74.125.110.42,10.10.0.10,,,443,49235,0,1358,17
1587481670.1407788,10.10.0.10,74.125.110.42,,,49235,443,0,42,17
1587481670.174364,74.125.110.42,10.10.0.10,,,443,49235,0,1358,17
1587481670.211449,74.125.110.42,10.10.0.10,,,443,49235,0,29,17
1587481670.2127948,10.10.0.10,74.125.110.42,,,49235,443,0,37,17
1587481670.2131069,74.125.110.42,10.10.0.10,,,443,49235,0,1358,17
1587481670.250228,74.125.110.42,10.10.0.10,,,443,49235,0,1358,17
1587481670.251935,10.10.0.10,74.125.110.42,,,49235,443,0,37,17
1587481670.2874212,74.125.110.42,10.10.0.10,,,443,49235,0,1358,17
1587481670.324525,74.125.110.42,10.10.0.10,,,443,49235,0,1358,17
1587481670.3262682,10.10.0.10,74.125.110.42,,,49235,443,0,37,17
1587481670.361638,74.125.110.42,10.10.0.10,,,443,49235,0,1358,17
1587481670.3987398,74.125.110.42,10.10.0.10,,,443,49235,0,1358,17
1587481670.4005392,10.10.0.10,74.125.110.42,,,49235,443,0,37,17
1587481670.4359012,74.125.110.42,10.10.0.10,,,443,49235,0,1358,17
1587481670.473021,74.125.110.42,10.10.0.10,,,443,49235,0,1358,17
1587481670.477609,10.10.0.10,74.125.110.42,,,49235,443,0,37,17
1587481670.5101461,74.125.110.42,10.10.0.10,,,443,49235,0,1358,17
1587481670.511776,10.10.0.10,74.125.110.42,,,49235,443,0,40,17
1587481670.5472612,74.125.110.42,10.10.0.10,,,443,49235,0,1358,17
1587481670.5488632,10.10.0.10,74.125.110.42,,,49235,443,0,37,17
1587481670.584384,74.125.110.42,10.10.0.10,,,443,49235,0,1358,17
1587481670.621507,74.125.110.42,10.10.0.10,,,443,49235,0,1358,17
1587481670.623826,10.10.0.10,74.125.110.42,,,49235,443,0,37,17
1587481670.6585982,74.125.110.42,10.10.0.10,,,443,49235,0,1358,17
1587481670.6606774,10.10.0.10,74.125.110.42,,,49235,443,0,40,17
1587481670.695749,74.125.110.42,10.10.0.10,,,443,49235,0,1358,17
1587481670.697459,10.10.0.10,74.125.110.42,,,49235,443,0,40,17
1587481670.732848,74.125.110.42,10.10.0.10,,,443,49235,0,1358,17
1587481670.7347002,10.10.0.10,74.125.110.42,,,49235,443,0,40,17
1587481670.769989,74.125.110.42,10.10.0.10,,,443,49235,0,1358,17
1587481670.771802,10.10.0.10,74.125.110.42,,,49235,443,0,40,17
1587481670.8070982,74.125.110.42,10.10.0.10,,,443,49235,0,1358,17
1587481670.844213,74.125.110.42,10.10.0.10,,,443,49235,0,1358,17
1587481670.874464,10.10.0.10,74.125.110.42,,,49235,443,0,40,17
1587481670.881335,74.125.110.42,10.10.0.10,,,443,49235,0,1358,17
1587481670.918458,74.125.110.42,10.10.0.10,,,443,49235,0,1358,17
1587481670.920165,10.10.0.10,74.125.110.42,,,49235,443,0,40,17
1587481670.9555788,74.125.110.42,10.10.0.10,,,443,49235,0,1358,17
1587481670.992698,74.125.110.42,10.10.0.10,,,443,49235,0,1358,17
1587481670.9962685,10.10.0.10,74.125.110.42,,,49235,443,0,40,17
1587481671.0298178,74.125.110.42,10.10.0.10,,,443,49235,0,1358,17
1587481671.0669384,74.125.110.42,10.10.0.10,,,443,49235,0,1358,17
1587481671.095459,10.10.0.10,74.125.110.42,,,49235,443,0,40,17
1587481671.104053,74.125.110.42,10.10.0.10,,,443,49235,0,1358,17
1587481671.141116,74.125.110.42,10.10.0.10,,,443,49235,0,1358,17
1587481671.142882,10.10.0.10,74.125.110.42,,,49235,443,0,40,17
1587481671.178288,74.125.110.42,10.10.0.10,,,443,49235,0,1358,17
1587481671.215412,74.125.110.42,10.10.0.10,,,443,49235,0,1358,17
1587481671.2170918,10.10.0.10,74.125.110.42,,,49235,443,0,40,17
1587481671.252529,74.125.110.42,10.10.0.10,,,443,49235,0,1358,17
1587481671.289654,74.125.110.42,10.10.0.10,,,443,49235,0,1358,17
1587481671.2938259,10.10.0.10,74.125.110.42,,,49235,443,0,53,17
1587481671.326776,74.125.110.42,10.10.0.10,,,443,49235,0,1358,17
1587481671.363899,74.125.110.42,10.10.0.10,,,443,49235,0,639,17
1587481671.3654606,10.10.0.10,74.125.110.42,,,49235,443,0,40,17
1587481671.3798852,10.10.0.10,74.125.110.42,,,49235,443,0,677,17
1587481671.379933,10.10.0.10,74.125.110.42,,,49235,443,0,48,17
1587481671.381842,74.125.110.42,10.10.0.10,,,443,49235,0,29,17
1587481671.386968,10.10.0.10,173.194.182.102,,,41888,443,0,710,17
1587481671.387016,10.10.0.10,173.194.182.102,,,41888,443,0,48,17
1587481671.3982186,173.194.182.102,10.10.0.10,,,443,41888,0,115,17
1587481671.398259,173.194.182.102,10.10.0.10,,,443,41888,0,1358,17
1587481671.3999162,10.10.0.10,173.194.182.102,,,41888,443,0,37,17
1587481671.424616,173.194.182.102,10.10.0.10,,,443,41888,0,1358,17
1587481671.4617438,173.194.182.102,10.10.0.10,,,443,41888,0,1358,17
1587481671.463544,10.10.0.10,173.194.182.102,,,41888,443,0,37,17
1587481671.4988642,173.194.182.102,10.10.0.10,,,443,41888,0,1358,17
1587481671.535984,173.194.182.102,10.10.0.10,,,443,41888,0,1358,17
1587481671.5377939,10.10.0.10,173.194.182.102,,,41888,443,0,37,17
1587481671.573104,173.194.182.102,10.10.0.10,,,443,41888,0,1358,17
1587481671.6102214,173.194.182.102,10.10.0.10,,,443,41888,0,1358,17
1587481671.6121204,10.10.0.10,173.194.182.102,,,41888,443,0,37,17
1587481671.6472828,173.194.182.102,10.10.0.10,,,443,41888,0,1358,17
1587481671.6844678,173.194.182.102,10.10.0.10,,,443,41888,0,1358,17
1587481671.6864178,10.10.0.10,173.194.182.102,,,41888,443,0,37,17
1587481671.7215831,173.194.182.102,10.10.0.10,,,443,41888,0,1358,17
1587481671.75871,74.125.110.42,10.10.0.10,,,443,49235,0,342,17
1587481671.7614849,10.10.0.10,173.194.182.102,,,41888,443,0,37,17
1587481671.768735,74.125.110.42,10.10.0.10,,,443,49235,0,1358,17
1587481671.770652,10.10.0.10,74.125.110.42,,,49235,443,0,37,17
1587481671.805846,74.125.110.42,10.10.0.10,,,443,49235,0,1358,17
1587481671.8429651,74.125.110.42,10.10.0.10,,,443,49235,0,1358,17
1587481671.8461866,10.10.0.10,74.125.110.42,,,49235,443,0,37,17
1587481671.8800876,74.125.110.42,10.10.0.10,,,443,49235,0,1358,17
1587481671.917207,74.125.110.42,10.10.0.10,,,443,49235,0,1358,17
1587481671.9189155,10.10.0.10,74.125.110.42,,,49235,443,0,37,17
1587481671.9543252,74.125.110.42,10.10.0.10,,,443,49235,0,1358,17
1587481671.991441,74.125.110.42,10.10.0.10,,,443,49235,0,1358,17
1587481671.9932249,10.10.0.10,74.125.110.42,,,49235,443,0,37,17
1587481672.0285652,74.125.110.42,10.10.0.10,,,443,49235,0,1358,17
1587481672.065682,74.125.110.42,10.10.0.10,,,443,49235,0,1358,17
1587481672.067456,10.10.0.10,74.125.110.42,,,49235,443,0,37,17
1587481672.102806,74.125.110.42,10.10.0.10,,,443,49235,0,1358,17
1587481672.1399221,173.194.182.102,10.10.0.10,,,443,41888,0,1358,17
1587481672.142167,10.10.0.10,74.125.110.42,,,49235,443,0,37,17
1587481672.169296,10.10.0.10,173.194.182.102,,,41888,443,0,37,17
1587481672.1770296,74.125.110.42,10.10.0.10,,,443,49235,0,1358,17
1587481672.2141492,173.194.182.102,10.10.0.10,,,443,41888,0,1358,17
1587481672.216034,10.10.0.10,74.125.110.42,,,49235,443,0,37,17
1587481672.2449448,10.10.0.10,173.194.182.102,,,41888,443,0,37,17
1587481672.2512732,173.194.182.102,10.10.0.10,,,443,41888,0,1358,17
1587481672.2884028,74.125.110.42,10.10.0.10,,,443,49235,0,1358,17
1587481672.290483,10.10.0.10,173.194.182.102,,,41888,443,0,37,17
1587481672.3254578,173.194.182.102,10.10.0.10,,,443,41888,0,1358,17
1587481672.3272452,10.10.0.10,74.125.110.42,,,49235,443,0,37,17
1587481672.362646,173.194.182.102,10.10.0.10,,,443,41888,0,1358,17
1587481672.36426,10.10.0.10,173.194.182.102,,,41888,443,0,37,17
1587481672.399766,173.194.182.102,10.10.0.10,,,443,41888,0,1358,17
1587481672.436887,74.125.110.42,10.10.0.10,,,443,49235,0,1358,17
1587481672.4398918,10.10.0.10,173.194.182.102,,,41888,443,0,37,17
1587481672.4740071,173.194.182.102,10.10.0.10,,,443,41888,0,1358,17
1587481672.507232,10.10.0.10,74.125.110.42,,,49235,443,0,37,17
1587481672.511136,173.194.182.102,10.10.0.10,,,443,41888,0,1358,17
1587481672.5330029,10.10.0.10,173.194.182.102,,,41888,443,0,37,17
1587481672.548254,173.194.182.102,10.10.0.10,,,443,41888,0,1358,17
1587481672.585374,74.125.110.42,10.10.0.10,,,443,49235,0,1358,17
1587481672.5873172,10.10.0.10,173.194.182.102,,,41888,443,0,37,17
1587481672.6224532,173.194.182.102,10.10.0.10,,,443,41888,0,1358,17
1587481672.6245024,10.10.0.10,74.125.110.42,,,49235,443,0,37,17
1587481672.659599,173.194.182.102,10.10.0.10,,,443,41888,0,1358,17
1587481672.6966918,74.125.110.42,10.10.0.10,,,443,49235,0,1358,17
1587481672.7338438,173.194.182.102,10.10.0.10,,,443,41888,0,1358,17
1587481672.745991,10.10.0.10,173.194.182.102,,,41888,443,0,37,17
1587481672.770961,74.125.110.42,10.10.0.10,,,443,49235,0,1358,17
1587481672.808063,74.125.110.42,10.10.0.10,,,443,49235,0,1358,17
1587481672.8452039,173.194.182.102,10.10.0.10,,,443,41888,0,1358,17
1587481672.8822918,173.194.182.102,10.10.0.10,,,443,41888,0,1358,17
1587481672.919446,74.125.110.42,10.10.0.10,,,443,49235,0,1358,17
1587481672.956563,74.125.110.42,10.10.0.10,,,443,49235,0,1358,17
1587481672.9905634,10.10.0.10,74.125.110.42,,,49235,443,0,37,17
1587481672.990624,10.10.0.10,173.194.182.102,,,41888,443,0,37,17
1587481672.9936864,74.125.110.42,10.10.0.10,,,443,49235,0,1358,17
1587481673.030805,173.194.182.102,10.10.0.10,,,443,41888,0,1358,17
1587481673.0679262,173.194.182.102,10.10.0.10,,,443,41888,0,1358,17
1587481673.1050448,173.194.182.102,10.10.0.10,,,443,41888,0,1358,17
1587481673.1105974,10.10.0.10,74.125.110.42,,,49235,443,0,37,17
1587481673.110657,10.10.0.10,173.194.182.102,,,41888,443,0,37,17
1587481673.142104,74.125.110.42,10.10.0.10,,,443,49235,0,1358,17
1587481673.179211,74.125.110.42,10.10.0.10,,,443,49235,0,1358,17
1587481673.216396,74.125.110.42,10.10.0.10,,,443,49235,0,1358,17
1587481673.2534828,74.125.110.42,10.10.0.10,,,443,49235,0,1358,17
1587481673.2905786,74.125.110.42,10.10.0.10,,,443,49235,0,1358,17
1587481673.327759,74.125.110.42,10.10.0.10,,,443,49235,0,1358,17
1587481673.364883,74.125.110.42,10.10.0.10,,,443,49235,0,1358,17
1587481673.4020061,173.194.182.102,10.10.0.10,,,443,41888,0,1358,17
1587481673.439126,74.125.110.42,10.10.0.10,,,443,49235,0,1358,17
1587481673.4762428,173.194.182.102,10.10.0.10,,,443,41888,0,1358,17
1587481673.513366,74.125.110.42,10.10.0.10,,,443,49235,0,1358,17
1587481673.5504868,173.194.182.102,10.10.0.10,,,443,41888,0,1358,17
1587481673.5876026,74.125.110.42,10.10.0.10,,,443,49235,0,1358,17
1587481673.624685,74.125.110.42,10.10.0.10,,,443,49235,0,1358,17
1587481673.661855,173.194.182.102,10.10.0.10,,,443,41888,0,1358,17
1587481673.6989741,173.194.182.102,10.10.0.10,,,443,41888,0,1358,17
1587481673.736093,74.125.110.42,10.10.0.10,,,443,49235,0,1358,17
1587481673.7732108,74.125.110.42,10.10.0.10,,,443,49235,0,1358,17
1587481673.801992,10.10.0.10,74.125.110.42,,,49235,443,0,37,17
1587481673.810301,173.194.182.102,10.10.0.10,,,443,41888,0,1358,17
1587481673.84745,74.125.110.42,10.10.0.10,,,443,49235,0,1358,17
1587481673.864455,10.10.0.10,173.194.182.102,,,41888,443,0,37,17
1587481673.8645082,10.10.0.10,173.194.182.102,,,41888,443,0,37,17
1587481673.866274,10.10.0.10,74.125.110.42,,,49235,443,0,37,17
1587481673.8663301,10.10.0.10,74.125.110.42,,,49235,443,0,37,17
1587481673.8668,10.10.0.10,74.125.110.42,,,49235,443,0,40,17
1587481673.8673642,10.10.0.10,74.125.110.42,,,49235,443,0,40,17
1587481673.867396,10.10.0.10,74.125.110.42,,,49235,443,0,40,17
1587481673.8674061,10.10.0.10,74.125.110.42,,,49235,443,0,40,17
1587481673.867936,10.10.0.10,173.194.182.102,,,41888,443,0,37,17
1587481673.871505,10.10.0.10,74.125.110.42,,,49235,443,0,55,17
1587481673.87256,10.10.0.10,173.194.182.102,,,41888,443,0,50,17
1587481673.872592,10.10.0.10,74.125.110.42,,,49235,443,0,42,17
1587481673.873802,10.10.0.10,74.125.110.42,,,49235,443,0,42,17
1587481673.8778052,10.10.0.10,173.194.182.102,,,41888,443,0,37,17
1587481673.8788748,10.10.0.10,74.125.110.42,,,49235,443,0,42,17
1587481673.882242,10.10.0.10,74.125.110.42,,,49235,443,0,42,17
1587481673.8844981,74.125.110.42,10.10.0.10,,,443,49235,0,1358,17
1587481673.921694,74.125.110.42,10.10.0.10,,,443,49235,0,1358,17
1587481673.9235342,10.10.0.10,74.125.110.42,,,49235,443,0,42,17
1587481673.9236019,10.10.0.10,173.194.182.102,,,41888,443,0,37,17
1587481673.9588122,173.194.182.102,10.10.0.10,,,443,41888,0,1358,17
1587481673.9954612,10.10.0.10,173.194.182.102,,,41888,443,0,37,17
1587481673.9958909,173.194.182.102,10.10.0.10,,,443,41888,0,1358,17
1587481674.0330498,74.125.110.42,10.10.0.10,,,443,49235,0,1358,17
1587481674.0373068,10.10.0.10,173.194.182.102,,,41888,443,0,37,17
1587481674.067019,10.10.0.10,74.125.110.42,,,49235,443,0,42,17
1587481674.0701768,173.194.182.102,10.10.0.10,,,443,41888,0,1358,17
1587481674.1072938,74.125.110.42,10.10.0.10,,,443,49235,0,1358,17
1587481674.1093242,10.10.0.10,173.194.182.102,,,41888,443,0,37,17
1587481674.144401,74.125.110.42,10.10.0.10,,,443,49235,0,1358,17
1587481674.146281,10.10.0.10,74.125.110.42,,,49235,443,0,42,17
1587481674.181464,74.125.110.42,10.10.0.10,,,443,49235,0,1358,17
1587481674.218606,74.125.110.42,10.10.0.10,,,443,49235,0,1358,17
1587481674.221041,10.10.0.10,74.125.110.42,,,49235,443,0,42,17
1587481674.255754,173.194.182.102,10.10.0.10,,,443,41888,0,1358,17
1587481674.292816,74.125.110.42,10.10.0.10,,,443,49235,0,1358,17
1587481674.2945242,10.10.0.10,173.194.182.102,,,41888,443,0,37,17
1587481674.3300052,173.194.182.102,10.10.0.10,,,443,41888,0,1358,17
1587481674.333169,10.10.0.10,74.125.110.42,,,49235,443,0,42,17
1587481674.367127,74.125.110.42,10.10.0.10,,,443,49235,0,1358,17
1587481674.368796,10.10.0.10,173.194.182.102,,,41888,443,0,37,17
1587481674.4042554,74.125.110.42,10.10.0.10,,,443,49235,0,1358,17
1587481674.4060152,10.10.0.10,74.125.110.42,,,49235,443,0,42,17
1587481674.44137,74.125.110.42,10.10.0.10,,,443,49235,0,1358,17
1587481674.4784946,74.125.110.42,10.10.0.10,,,443,49235,0,1358,17
1587481674.4801958,10.10.0.10,74.125.110.42,,,49235,443,0,42,17
1587481674.515601,74.125.110.42,10.10.0.10,,,443,49235,0,1358,17
1587481674.552727,173.194.182.102,10.10.0.10,,,443,41888,0,1358,17
1587481674.555149,10.10.0.10,74.125.110.42,,,49235,443,0,42,17
1587481674.5898454,74.125.110.42,10.10.0.10,,,443,49235,0,1358,17
1587481674.5919352,10.10.0.10,173.194.182.102,,,41888,443,0,37,17
1587481674.6269279,74.125.110.42,10.10.0.10,,,443,49235,0,1358,17
1587481674.6284866,10.10.0.10,74.125.110.42,,,49235,443,0,42,17
1587481674.6640818,173.194.182.102,10.10.0.10,,,443,41888,0,1358,17
1587481674.697463,10.10.0.10,173.194.182.102,,,41888,443,0,37,17
1587481674.701202,74.125.110.42,10.10.0.10,,,443,49235,0,1358,17
1587481674.738325,74.125.110.42,10.10.0.10,,,443,49235,0,1358,17
1587481674.7402108,10.10.0.10,74.125.110.42,,,49235,443,0,42,17
1587481674.7754452,74.125.110.42,10.10.0.10,,,443,49235,0,1358,17
1587481674.812566,74.125.110.42,10.10.0.10,,,443,49235,0,1358,17
1587481674.815464,10.10.0.10,74.125.110.42,,,49235,443,0,42,17
1587481674.8496852,74.125.110.42,10.10.0.10,,,443,49235,0,1358,17
1587481674.886801,173.194.182.102,10.10.0.10,,,443,41888,0,1358,17
1587481674.889039,10.10.0.10,74.125.110.42,,,49235,443,0,42,17
1587481674.9239259,173.194.182.102,10.10.0.10,,,443,41888,0,29,17
1587481674.925586,173.194.182.102,10.10.0.10,,,443,41888,0,1358,17
1587481674.926568,10.10.0.10,173.194.182.102,,,41888,443,0,37,17
1587481674.9627204,74.125.110.42,10.10.0.10,,,443,49235,0,1358,17
1587481674.965041,10.10.0.10,173.194.182.102,,,41888,443,0,37,17
1587481674.999842,173.194.182.102,10.10.0.10,,,443,41888,0,1358,17
1587481675.00235,10.10.0.10,74.125.110.42,,,49235,443,0,37,17
1587481675.0369651,173.194.182.102,10.10.0.10,,,443,41888,0,1358,17
1587481675.0400589,10.10.0.10,173.194.182.102,,,41888,443,0,37,17
1587481675.074081,173.194.182.102,10.10.0.10,,,443,41888,0,1358,17
1587481675.111204,173.194.182.102,10.10.0.10,,,443,41888,0,1358,17
1587481675.1130366,10.10.0.10,173.194.182.102,,,41888,443,0,37,17
1587481675.1483252,74.125.110.42,10.10.0.10,,,443,49235,0,1358,17
1587481675.1820931,10.10.0.10,74.125.110.42,,,49235,443,0,37,17
1587481675.1853778,173.194.182.102,10.10.0.10,,,443,41888,0,1358,17
1587481675.219448,10.10.0.10,173.194.182.102,,,41888,443,0,37,17
1587481675.2225502,173.194.182.102,10.10.0.10,,,443,41888,0,1358,17
1587481675.25968,173.194.182.102,10.10.0.10,,,443,41888,0,1358,17
1587481675.262671,10.10.0.10,173.194.182.102,,,41888,443,0,37,17
1587481675.296791,173.194.182.102,10.10.0.10,,,443,41888,0,1358,17
1587481675.333919,74.125.110.42,10.10.0.10,,,443,49235,0,1358,17
1587481675.3378198,10.10.0.10,173.194.182.102,,,41888,443,0,37,17
1587481675.3710392,173.194.182.102,10.10.0.10,,,443,41888,0,1358,17
1587481675.3728838,10.10.0.10,74.125.110.42,,,49235,443,0,37,17
1587481675.408161,74.125.110.42,10.10.0.10,,,443,49235,0,1358,17
1587481675.4103222,10.10.0.10,173.194.182.102,,,41888,443,0,37,17
1587481675.445284,74.125.110.42,10.10.0.10,,,443,49235,0,1358,17
1587481675.447205,10.10.0.10,74.125.110.42,,,49235,443,0,50,17
1587481675.482369,173.194.182.102,10.10.0.10,,,443,41888,0,1358,17
1587481675.519528,74.125.110.42,10.10.0.10,,,443,49235,0,1358,17
1587481675.522685,10.10.0.10,173.194.182.102,,,41888,443,0,37,17
1587481675.55665,74.125.110.42,10.10.0.10,,,443,49235,0,1358,17
1587481675.5583732,10.10.0.10,74.125.110.42,,,49235,443,0,37,17
1587481675.5937688,173.194.182.102,10.10.0.10,,,443,41888,0,1358,17
1587481675.630888,74.125.110.42,10.10.0.10,,,443,49235,0,1358,17
1587481675.633516,10.10.0.10,173.194.182.102,,,41888,443,0,37,17
1587481675.668011,74.125.110.42,10.10.0.10,,,443,49235,0,1358,17
1587481675.6697528,10.10.0.10,74.125.110.42,,,49235,443,0,37,17
1587481675.70513,74.125.110.42,10.10.0.10,,,443,49235,0,1358,17
1587481675.742251,74.125.110.42,10.10.0.10,,,443,49235,0,1358,17
1587481675.7443619,10.10.0.10,74.125.110.42,,,49235,443,0,37,17
1587481675.779375,74.125.110.42,10.10.0.10,,,443,49235,0,1358,17
1587481675.816495,173.194.182.102,10.10.0.10,,,443,41888,0,1358,17
1587481675.818537,10.10.0.10,74.125.110.42,,,49235,443,0,37,17
1587481675.8536124,74.125.110.42,10.10.0.10,,,443,49235,0,1358,17
1587481675.8556714,10.10.0.10,173.194.182.102,,,41888,443,0,50,17
1587481675.8907359,173.194.182.102,10.10.0.10,,,443,41888,0,1358,17
1587481675.893859,10.10.0.10,74.125.110.42,,,49235,443,0,37,17
1587481675.927834,74.125.110.42,10.10.0.10,,,443,49235,0,1358,17
1587481675.929585,10.10.0.10,74.125.110.42,,,49235,443,0,40,17
1587481675.929788,10.10.0.10,173.194.182.102,,,41888,443,0,37,17
1587481675.9649742,74.125.110.42,10.10.0.10,,,443,49235,0,1358,17
1587481675.966811,10.10.0.10,74.125.110.42,,,49235,443,0,40,17
1587481676.0020454,74.125.110.42,10.10.0.10,,,443,49235,0,1358,17
1587481676.003814,10.10.0.10,74.125.110.42,,,49235,443,0,40,17
1587481676.0392108,74.125.110.42,10.10.0.10,,,443,49235,0,1358,17
1587481676.0419805,10.10.0.10,74.125.110.42,,,49235,443,0,40,17
1587481676.076262,74.125.110.42,10.10.0.10,,,443,49235,0,1358,17
1587481676.113456,74.125.110.42,10.10.0.10,,,443,49235,0,1358,17
1587481676.115295,10.10.0.10,74.125.110.42,,,49235,443,0,40,17
1587481676.1505609,173.194.182.102,10.10.0.10,,,443,41888,0,1358,17
1587481676.187685,74.125.110.42,10.10.0.10,,,443,49235,0,1358,17
1587481676.19077,10.10.0.10,173.194.182.102,,,41888,443,0,37,17
1587481676.224768,74.125.110.42,10.10.0.10,,,443,49235,0,1358,17
1587481676.2263398,10.10.0.10,74.125.110.42,,,49235,443,0,42,17
1587481676.2618976,173.194.182.102,10.10.0.10,,,443,41888,0,1358,17
1587481676.299047,74.125.110.42,10.10.0.10,,,443,49235,0,1358,17
1587481676.303104,10.10.0.10,74.125.110.42,,,49235,443,0,42,17
1587481676.30324,10.10.0.10,173.194.182.102,,,41888,443,0,37,17
1587481676.336099,74.125.110.42,10.10.0.10,,,443,49235,0,1358,17
1587481676.337718,10.10.0.10,74.125.110.42,,,49235,443,0,42,17
1587481676.373286,74.125.110.42,10.10.0.10,,,443,49235,0,1358,17
1587481676.3750372,10.10.0.10,74.125.110.42,,,49235,443,0,42,17
1587481676.41041,74.125.110.42,10.10.0.10,,,443,49235,0,1358,17
1587481676.447528,74.125.110.42,10.10.0.10,,,443,49235,0,1358,17
1587481676.449312,10.10.0.10,74.125.110.42,,,49235,443,0,42,17
1587481676.484649,74.125.110.42,10.10.0.10,,,443,49235,0,1358,17
1587481676.5162039,10.10.0.10,74.125.110.42,,,49235,443,0,42,17
1587481676.521774,173.194.182.102,10.10.0.10,,,443,41888,0,1358,17
1587481676.558897,173.194.182.102,10.10.0.10,,,443,41888,0,1358,17
1587481676.560876,10.10.0.10,173.194.182.102,,,41888,443,0,37,17
1587481676.596014,74.125.110.42,10.10.0.10,,,443,49235,0,1358,17
1587481676.633089,173.194.182.102,10.10.0.10,,,443,41888,0,1358,17
1587481676.6367626,10.10.0.10,74.125.110.42,,,49235,443,0,42,17
1587481676.6702461,173.194.182.102,10.10.0.10,,,443,41888,0,1358,17
1587481676.672078,10.10.0.10,173.194.182.102,,,41888,443,0,37,17
1587481676.707366,74.125.110.42,10.10.0.10,,,443,49235,0,1358,17
1587481676.7444851,173.194.182.102,10.10.0.10,,,443,41888,0,1358,17
1587481676.746845,10.10.0.10,74.125.110.42,,,49235,443,0,42,17
1587481676.7816062,74.125.110.42,10.10.0.10,,,443,49235,0,1358,17
1587481676.818725,173.194.182.102,10.10.0.10,,,443,41888,0,1358,17
1587481676.842249,10.10.0.10,173.194.182.102,,,41888,443,0,37,17
1587481676.8438249,10.10.0.10,74.125.110.42,,,49235,443,0,44,17
1587481676.8557901,74.125.110.42,10.10.0.10,,,443,49235,0,1358,17
1587481676.8584988,10.10.0.10,74.125.110.42,,,49235,443,0,57,17
1587481676.892962,74.125.110.42,10.10.0.10,,,443,49235,0,1358,17
1587481676.930086,173.194.182.102,10.10.0.10,,,443,41888,0,1358,17
1587481676.967203,74.125.110.42,10.10.0.10,,,443,49235,0,1358,17
1587481677.0043206,173.194.182.102,10.10.0.10,,,443,41888,0,1358,17
1587481677.0414472,173.194.182.102,10.10.0.10,,,443,41888,0,1358,17
1587481677.078566,74.125.110.42,10.10.0.10,,,443,49235,0,1358,17
1587481677.087035,10.10.0.10,173.194.182.102,,,41888,443,0,37,17
1587481677.115609,74.125.110.42,10.10.0.10,,,443,49235,0,1358,17
1587481677.152794,173.194.182.102,10.10.0.10,,,443,41888,0,1358,17
1587481677.1899116,74.125.110.42,10.10.0.10,,,443,49235,0,1358,17
1587481677.227033,173.194.182.102,10.10.0.10,,,443,41888,0,1358,17
1587481677.264183,74.125.110.42,10.10.0.10,,,443,49235,0,1358,17
1587481677.3012788,74.125.110.42,10.10.0.10,,,443,49235,0,1358,17
1587481677.3288786,10.10.0.10,173.194.182.102,,,41888,443,0,43,17
1587481677.338369,173.194.182.102,10.10.0.10,,,443,41888,0,1358,17
1587481677.375459,74.125.110.42,10.10.0.10,,,443,49235,0,1358,17
1587481677.4126348,74.125.110.42,10.10.0.10,,,443,49235,0,1358,17
1587481677.4497662,173.194.182.102,10.10.0.10,,,443,41888,0,1358,17
1587481677.486886,74.125.110.42,10.10.0.10,,,443,49235,0,1358,17
1587481677.524008,74.125.110.42,10.10.0.10,,,443,49235,0,1358,17
1587481677.561126,74.125.110.42,10.10.0.10,,,443,49235,0,1358,17
1587481677.598249,74.125.110.42,10.10.0.10,,,443,49235,0,1358,17
1587481677.635319,173.194.182.102,10.10.0.10,,,443,41888,0,1358,17
1587481677.672496,74.125.110.42,10.10.0.10,,,443,49235,0,1358,17
1587481677.711051,74.125.110.42,10.10.0.10,,,443,49235,0,1358,17
1587481677.7481742,173.194.182.102,10.10.0.10,,,443,41888,0,1358,17
1587481677.785295,74.125.110.42,10.10.0.10,,,443,49235,0,1358,17
1587481677.8224142,74.125.110.42,10.10.0.10,,,443,49235,0,1358,17
1587481677.8595262,74.125.110.42,10.10.0.10,,,443,49235,0,1358,17
1587481677.8966448,74.125.110.42,10.10.0.10,,,443,49235,0,1358,17
1587481677.93376,74.125.110.42,10.10.0.10,,,443,49235,0,1358,17
1587481677.970885,173.194.182.102,10.10.0.10,,,443,41888,0,1358,17
1587481677.9900908,10.10.0.10,74.125.110.42,,,49235,443,0,44,17
1587481677.991078,10.10.0.10,74.125.110.42,,,49235,443,0,44,17
1587481677.992497,10.10.0.10,173.194.182.102,,,41888,443,0,37,17
1587481677.995263,10.10.0.10,74.125.110.42,,,49235,443,0,46,17
1587481677.9953492,10.10.0.10,74.125.110.42,,,49235,443,0,46,17
1587481677.9954278,10.10.0.10,74.125.110.42,,,49235,443,0,46,17
1587481678.002365,10.10.0.10,173.194.182.102,,,41888,443,0,37,17
1587481678.002424,10.10.0.10,74.125.110.42,,,49235,443,0,46,17
1587481678.0029652,10.10.0.10,173.194.182.102,,,41888,443,0,37,17
1587481678.00304,10.10.0.10,74.125.110.42,,,49235,443,0,46,17
1587481678.005883,10.10.0.10,74.125.110.42,,,49235,443,0,46,17
1587481678.005942,10.10.0.10,74.125.110.42,,,49235,443,0,46,17
1587481678.0080018,74.125.110.42,10.10.0.10,,,443,49235,0,1358,17
1587481678.008036,10.10.0.10,173.194.182.102,,,41888,443,0,37,17
1587481678.0081036,10.10.0.10,74.125.110.42,,,49235,443,0,46,17
1587481678.012784,10.10.0.10,74.125.110.42,,,49235,443,0,46,17
1587481678.0148602,10.10.0.10,74.125.110.42,,,49235,443,0,46,17
1587481678.0149179,10.10.0.10,74.125.110.42,,,49235,443,0,46,17
1587481678.015359,10.10.0.10,173.194.182.102,,,41888,443,0,37,17
1587481678.045125,74.125.110.42,10.10.0.10,,,443,49235,0,1358,17
1587481678.0470028,10.10.0.10,74.125.110.42,,,49235,443,0,46,17
1587481678.082246,173.194.182.102,10.10.0.10,,,443,41888,0,1358,17
1587481678.1193652,74.125.110.42,10.10.0.10,,,443,49235,0,1358,17
1587481678.1220052,10.10.0.10,173.194.182.102,,,41888,443,0,37,17
1587481678.156482,74.125.110.42,10.10.0.10,,,443,49235,0,1358,17
1587481678.1597562,10.10.0.10,74.125.110.42,,,49235,443,0,46,17
1587481678.193543,74.125.110.42,10.10.0.10,,,443,49235,0,1358,17
1587481678.2238786,10.10.0.10,74.125.110.42,,,49235,443,0,46,17
1587481678.230712,74.125.110.42,10.10.0.10,,,443,49235,0,1358,17
1587481678.267838,74.125.110.42,10.10.0.10,,,443,49235,0,1358,17
1587481678.270258,10.10.0.10,74.125.110.42,,,49235,443,0,46,17
1587481678.304961,74.125.110.42,10.10.0.10,,,443,49235,0,1358,17
1587481678.342062,173.194.182.102,10.10.0.10,,,443,41888,0,1358,17
1587481678.344896,10.10.0.10,74.125.110.42,,,49235,443,0,46,17
1587481678.37921,173.194.182.102,10.10.0.10,,,443,41888,0,1358,17
1587481678.381071,10.10.0.10,173.194.182.102,,,41888,443,0,37,17
1587481678.4163306,74.125.110.42,10.10.0.10,,,443,49235,0,1358,17
1587481678.453454,173.194.182.102,10.10.0.10,,,443,41888,0,1358,17
1587481678.4591556,10.10.0.10,74.125.110.42,,,49235,443,0,46,17
1587481678.4905634,173.194.182.102,10.10.0.10,,,443,41888,0,1358,17
1587481678.518374,10.10.0.10,173.194.182.102,,,41888,443,0,37,17
1587481678.5276828,74.125.110.42,10.10.0.10,,,443,49235,0,1358,17
1587481678.564805,173.194.182.102,10.10.0.10,,,443,41888,0,1358,17
1587481678.5668259,10.10.0.10,74.125.110.42,,,49235,443,0,59,17
1587481678.6019251,74.125.110.42,10.10.0.10,,,443,49235,0,1358,17
1587481678.603919,10.10.0.10,173.194.182.102,,,41888,443,0,37,17
1587481678.638993,74.125.110.42,10.10.0.10,,,443,49235,0,29,17
1587481678.640684,74.125.110.42,10.10.0.10,,,443,49235,0,1358,17
1587481678.6823,173.194.182.102,10.10.0.10,,,443,41888,0,1358,17
1587481678.726268,173.194.182.102,10.10.0.10,,,443,41888,0,29,17
1587481678.727493,10.10.0.10,74.125.110.42,,,49235,443,0,46,17
1587481678.732401,173.194.182.102,10.10.0.10,,,443,41888,0,880,17
1587481678.7387078,10.10.0.10,173.194.182.102,,,41888,443,0,40,17
1587481678.7567742,74.125.110.42,10.10.0.10,,,443,49235,0,1358,17
1587481678.759104,10.10.0.10,74.125.110.42,,,49235,443,0,48,17
1587481678.793895,74.125.110.42,10.10.0.10,,,443,49235,0,1358,17
1587481678.7974632,10.10.0.10,74.125.110.42,,,49235,443,0,48,17
1587481678.830982,74.125.110.42,10.10.0.10,,,443,49235,0,485,17
1587481678.832813,10.10.0.10,74.125.110.42,,,49235,443,0,48,17
1587481678.8448515,74.125.110.42,10.10.0.10,,,443,49235,0,29,17
1587481678.8534849,74.125.110.42,10.10.0.10,,,443,49235,0,1358,17
1587481678.873215,10.10.0.10,74.125.110.42,,,49235,443,0,687,17
1587481678.873483,10.10.0.10,74.125.110.42,,,49235,443,0,48,17
1587481678.894438,74.125.110.42,10.10.0.10,,,443,49235,0,115,17
1587481678.894492,74.125.110.42,10.10.0.10,,,443,49235,0,1358,17
1587481678.8987875,10.10.0.10,74.125.110.42,,,49235,443,0,40,17
1587481678.924746,74.125.110.42,10.10.0.10,,,443,49235,0,1358,17
1587481678.926876,10.10.0.10,74.125.110.42,,,49235,443,0,42,17
1587481678.961873,74.125.110.42,10.10.0.10,,,443,49235,0,1358,17
1587481678.9646866,10.10.0.10,74.125.110.42,,,49235,443,0,44,17
1587481678.9989939,74.125.110.42,10.10.0.10,,,443,49235,0,1358,17
1587481679.0009148,10.10.0.10,74.125.110.42,,,49235,443,0,44,17
1587481679.0361085,74.125.110.42,10.10.0.10,,,443,49235,0,1358,17
1587481679.038327,10.10.0.10,74.125.110.42,,,49235,443,0,44,17
1587481679.0731866,74.125.110.42,10.10.0.10,,,443,49235,0,1358,17
1587481679.07506,10.10.0.10,74.125.110.42,,,49235,443,0,44,17
1587481679.1103618,74.125.110.42,10.10.0.10,,,443,49235,0,1358,17
1587481679.1474106,74.125.110.42,10.10.0.10,,,443,49235,0,1358,17
1587481679.149255,10.10.0.10,74.125.110.42,,,49235,443,0,44,17
1587481679.184581,74.125.110.42,10.10.0.10,,,443,49235,0,1358,17
1587481679.1863148,10.10.0.10,74.125.110.42,,,49235,443,0,46,17
1587481679.2244446,74.125.110.42,10.10.0.10,,,443,49235,0,1358,17
1587481679.226224,10.10.0.10,74.125.110.42,,,49235,443,0,46,17
1587481679.26151,74.125.110.42,10.10.0.10,,,443,49235,0,1358,17
1587481679.263149,10.10.0.10,74.125.110.42,,,49235,443,0,46,17
1587481679.298651,74.125.110.42,10.10.0.10,,,443,49235,0,1358,17
1587481679.302448,10.10.0.10,74.125.110.42,,,49235,443,0,46,17
1587481679.335813,74.125.110.42,10.10.0.10,,,443,49235,0,1358,17
1587481679.372932,74.125.110.42,10.10.0.10,,,443,49235,0,1358,17
1587481679.3748,10.10.0.10,74.125.110.42,,,49235,443,0,48,17
1587481679.4100518,74.125.110.42,10.10.0.10,,,443,49235,0,1358,17
1587481679.413883,10.10.0.10,74.125.110.42,,,49235,443,0,48,17
1587481679.4471805,74.125.110.42,10.10.0.10,,,443,49235,0,1358,17
1587481679.450015,10.10.0.10,74.125.110.42,,,49235,443,0,48,17
1587481679.484303,74.125.110.42,10.10.0.10,,,443,49235,0,1358,17
1587481679.4859395,10.10.0.10,74.125.110.42,,,49235,443,0,48,17
1587481679.521425,74.125.110.42,10.10.0.10,,,443,49235,0,1358,17
1587481679.5585349,74.125.110.42,10.10.0.10,,,443,49235,0,1358,17
1587481679.560226,10.10.0.10,74.125.110.42,,,49235,443,0,48,17
1587481679.5956588,74.125.110.42,10.10.0.10,,,443,49235,0,1358,17
1587481679.6327422,173.194.182.102,10.10.0.10,,,443,41888,0,1358,17
1587481679.6352508,10.10.0.10,173.194.182.102,,,41888,443,0,40,17
1587481679.635719,10.10.0.10,74.125.110.42,,,49235,443,0,48,17
1587481679.648169,10.10.0.10,173.194.182.102,,,41888,443,0,710,17
1587481679.648416,10.10.0.10,173.194.182.102,,,41888,443,0,48,17
1587481679.669855,74.125.110.42,10.10.0.10,,,443,49235,0,1358,17
1587481679.7070189,74.125.110.42,10.10.0.10,,,443,49235,0,1358,17
1587481679.7089136,10.10.0.10,74.125.110.42,,,49235,443,0,48,17
1587481679.7441342,74.125.110.42,10.10.0.10,,,443,49235,0,1358,17
1587481679.7826989,74.125.110.42,10.10.0.10,,,443,49235,0,1358,17
1587481679.7886178,10.10.0.10,74.125.110.42,,,49235,443,0,50,17
1587481679.819816,74.125.110.42,10.10.0.10,,,443,49235,0,1358,17
1587481679.821766,10.10.0.10,74.125.110.42,,,49235,443,0,63,17
1587481679.856935,74.125.110.42,10.10.0.10,,,443,49235,0,1358,17
1587481679.8587902,10.10.0.10,74.125.110.42,,,49235,443,0,50,17
1587481679.8940554,74.125.110.42,10.10.0.10,,,443,49235,0,1358,17
1587481679.895936,10.10.0.10,74.125.110.42,,,49235,443,0,50,17
1587481679.9311788,173.194.182.102,10.10.0.10,,,443,41888,0,115,17
1587481679.9351482,173.194.182.102,10.10.0.10,,,443,41888,0,1358,17
1587481679.93699,10.10.0.10,173.194.182.102,,,41888,443,0,37,17
1587481679.972206,173.194.182.102,10.10.0.10,,,443,41888,0,1358,17
1587481680.009393,173.194.182.102,10.10.0.10,,,443,41888,0,1358,17
1587481680.0113492,10.10.0.10,173.194.182.102,,,41888,443,0,37,17
1587481680.0465126,173.194.182.102,10.10.0.10,,,443,41888,0,1358,17
1587481680.083632,173.194.182.102,10.10.0.10,,,443,41888,0,1358,17
1587481680.085992,10.10.0.10,173.194.182.102,,,41888,443,0,37,17
1587481680.1207511,173.194.182.102,10.10.0.10,,,443,41888,0,1358,17
1587481680.15781,173.194.182.102,10.10.0.10,,,443,41888,0,1358,17
1587481680.160206,10.10.0.10,173.194.182.102,,,41888,443,0,37,17
1587481680.1949642,173.194.182.102,10.10.0.10,,,443,41888,0,1358,17
1587481680.2320616,173.194.182.102,10.10.0.10,,,443,41888,0,1358,17
1587481680.235178,10.10.0.10,173.194.182.102,,,41888,443,0,37,17
1587481680.269216,173.194.182.102,10.10.0.10,,,443,41888,0,1358,17
1587481680.306345,173.194.182.102,10.10.0.10,,,443,41888,0,1358,17
1587481680.308361,10.10.0.10,173.194.182.102,,,41888,443,0,37,17
1587481680.343471,74.125.110.42,10.10.0.10,,,443,49235,0,1358,17
1587481680.3805912,173.194.182.102,10.10.0.10,,,443,41888,0,1358,17
1587481680.383169,10.10.0.10,74.125.110.42,,,49235,443,0,50,17
1587481680.41771,173.194.182.102,10.10.0.10,,,443,41888,0,1358,17
1587481680.419592,10.10.0.10,173.194.182.102,,,41888,443,0,37,17
1587481680.454835,74.125.110.42,10.10.0.10,,,443,49235,0,1358,17
1587481680.4919558,173.194.182.102,10.10.0.10,,,443,41888,0,1358,17
1587481680.4937382,10.10.0.10,74.125.110.42,,,49235,443,0,50,17
1587481680.529074,173.194.182.102,10.10.0.10,,,443,41888,0,1358,17
1587481680.5308409,10.10.0.10,173.194.182.102,,,41888,443,0,37,17
1587481680.5661972,173.194.182.102,10.10.0.10,,,443,41888,0,1358,17
1587481680.60332,173.194.182.102,10.10.0.10,,,443,41888,0,1358,17
1587481680.6100614,10.10.0.10,173.194.182.102,,,41888,443,0,37,17
1587481680.640439,74.125.110.42,10.10.0.10,,,443,49235,0,1358,17
1587481680.6775491,74.125.110.42,10.10.0.10,,,443,49235,0,1358,17
1587481680.6795778,10.10.0.10,74.125.110.42,,,49235,443,0,50,17
1587481680.714673,74.125.110.42,10.10.0.10,,,443,49235,0,1358,17
1587481680.7517881,74.125.110.42,10.10.0.10,,,443,49235,0,1358,17
1587481680.7543626,10.10.0.10,74.125.110.42,,,49235,443,0,50,17
1587481680.7889118,74.125.110.42,10.10.0.10,,,443,49235,0,1358,17
1587481680.818485,10.10.0.10,74.125.110.42,,,49235,443,0,37,17
1587481680.826032,74.125.110.42,10.10.0.10,,,443,49235,0,1358,17
1587481680.863152,74.125.110.42,10.10.0.10,,,443,49235,0,1358,17
1587481680.900268,74.125.110.42,10.10.0.10,,,443,49235,0,1358,17
1587481680.937387,74.125.110.42,10.10.0.10,,,443,49235,0,1358,17
1587481680.9380038,10.10.0.10,74.125.110.42,,,49235,443,0,37,17
1587481680.9400392,10.10.0.10,74.125.110.42,,,49235,443,0,37,17
1587481680.9745069,173.194.182.102,10.10.0.10,,,443,41888,0,1358,17
1587481681.011631,74.125.110.42,10.10.0.10,,,443,49235,0,1358,17
1587481681.050189,74.125.110.42,10.10.0.10,,,443,49235,0,1358,17
1587481681.0873141,74.125.110.42,10.10.0.10,,,443,49235,0,1358,17
1587481681.124432,173.194.182.102,10.10.0.10,,,443,41888,0,1358,17
1587481681.1615481,74.125.110.42,10.10.0.10,,,443,49235,0,1358,17
1587481681.1817722,10.10.0.10,74.125.110.42,,,49235,443,0,37,17
1587481681.1986,173.194.182.102,10.10.0.10,,,443,41888,0,1358,17
1587481681.2357528,74.125.110.42,10.10.0.10,,,443,49235,0,1358,17
1587481681.2729092,74.125.110.42,10.10.0.10,,,443,49235,0,1358,17
1587481681.3100321,173.194.182.102,10.10.0.10,,,443,41888,0,1358,17
1587481681.347152,74.125.110.42,10.10.0.10,,,443,49235,0,1358,17
1587481681.384282,74.125.110.42,10.10.0.10,,,443,49235,0,1358,17
1587481681.421401,74.125.110.42,10.10.0.10,,,443,49235,0,1358,17
1587481681.45852,74.125.110.42,10.10.0.10,,,443,49235,0,1358,17
1587481681.49564,173.194.182.102,10.10.0.10,,,443,41888,0,1358,17
1587481681.532759,173.194.182.102,10.10.0.10,,,443,41888,0,1358,17
1587481681.5698721,74.125.110.42,10.10.0.10,,,443,49235,0,1358,17
1587481681.606992,74.125.110.42,10.10.0.10,,,443,49235,0,1358,17
1587481681.6441119,74.125.110.42,10.10.0.10,,,443,49235,0,1358,17
1587481681.6619039,10.10.0.10,74.125.110.42,,,49235,443,0,37,17
1587481681.661963,10.10.0.10,173.194.182.102,,,41888,443,0,37,17
1587481681.681231,173.194.182.102,10.10.0.10,,,443,41888,0,1358,17
1587481681.7183466,173.194.182.102,10.10.0.10,,,443,41888,0,1358,17
1587481681.755439,74.125.110.42,10.10.0.10,,,443,49235,0,1358,17
1587481681.7818642,10.10.0.10,74.125.110.42,,,49235,443,0,37,17
1587481681.781922,10.10.0.10,74.125.110.42,,,49235,443,0,37,17
1587481681.794965,173.194.182.102,10.10.0.10,,,443,41888,0,1358,17
1587481681.832079,173.194.182.102,10.10.0.10,,,443,41888,0,1358,17
1587481681.869231,74.125.110.42,10.10.0.10,,,443,49235,0,1358,17
1587481681.901863,10.10.0.10,173.194.182.102,,,41888,443,0,37,17
1587481681.901922,10.10.0.10,74.125.110.42,,,49235,443,0,37,17
1587481681.906352,173.194.182.102,10.10.0.10,,,443,41888,0,1358,17
1587481681.9434721,173.194.182.102,10.10.0.10,,,443,41888,0,1358,17
1587481681.980592,74.125.110.42,10.10.0.10,,,443,49235,0,1358,17
1587481682.0101054,10.10.0.10,74.125.110.42,,,49235,443,0,37,17
1587481682.017711,173.194.182.102,10.10.0.10,,,443,41888,0,1358,17
1587481682.0548284,173.194.182.102,10.10.0.10,,,443,41888,0,1358,17
1587481682.0911279,10.10.0.10,173.194.182.102,,,41888,443,0,40,17
1587481682.091923,173.194.182.102,10.10.0.10,,,443,41888,0,1358,17
1587481682.1176536,10.10.0.10,173.194.182.102,,,41888,443,0,40,17
1587481682.129011,173.194.182.102,10.10.0.10,,,443,41888,0,1358,17
1587481682.131993,10.10.0.10,74.125.110.42,,,49235,443,0,37,17
1587481682.136255,10.10.0.10,74.125.110.42,,,49235,443,0,37,17
1587481682.136961,10.10.0.10,173.194.182.102,,,41888,443,0,40,17
1587481682.1384099,10.10.0.10,173.194.182.102,,,41888,443,0,40,17
1587481682.138448,10.10.0.10,74.125.110.42,,,49235,443,0,37,17
1587481682.154221,10.10.0.10,173.194.182.102,,,41888,443,0,40,17
1587481682.166181,74.125.110.42,10.10.0.10,,,443,49235,0,1358,17
1587481682.170984,10.10.0.10,173.194.182.102,,,41888,443,0,40,17
1587481682.17101,10.10.0.10,74.125.110.42,,,49235,443,0,37,17
1587481682.1737056,10.10.0.10,173.194.182.102,,,41888,443,0,40,17
1587481682.17629,10.10.0.10,173.194.182.102,,,41888,443,0,40,17
1587481682.203307,74.125.110.42,10.10.0.10,,,443,49235,0,1358,17
1587481682.210581,10.10.0.10,74.125.110.42,,,49235,443,0,50,17
1587481682.240359,74.125.110.42,10.10.0.10,,,443,49235,0,1358,17
1587481682.2775412,74.125.110.42,10.10.0.10,,,443,49235,0,1358,17
1587481682.279122,10.10.0.10,74.125.110.42,,,49235,443,0,37,17
1587481682.317064,74.125.110.42,10.10.0.10,,,443,49235,0,1358,17
1587481682.35416,74.125.110.42,10.10.0.10,,,443,49235,0,1358,17
1587481682.35706,10.10.0.10,74.125.110.42,,,49235,443,0,37,17
1587481682.391312,74.125.110.42,10.10.0.10,,,443,49235,0,1358,17
1587481682.42843,74.125.110.42,10.10.0.10,,,443,49235,0,1358,17
1587481682.431218,10.10.0.10,74.125.110.42,,,49235,443,0,37,17
1587481682.465532,74.125.110.42,10.10.0.10,,,443,49235,0,1358,17
1587481682.5026698,74.125.110.42,10.10.0.10,,,443,49235,0,1358,17
1587481682.504515,10.10.0.10,74.125.110.42,,,49235,443,0,37,17
1587481682.5397859,74.125.110.42,10.10.0.10,,,443,49235,0,1358,17
1587481682.576911,74.125.110.42,10.10.0.10,,,443,49235,0,1358,17
1587481682.578786,10.10.0.10,74.125.110.42,,,49235,443,0,37,17
1587481682.6140294,74.125.110.42,10.10.0.10,,,443,49235,0,1358,17
1587481682.651126,74.125.110.42,10.10.0.10,,,443,49235,0,1358,17
1587481682.6520581,10.10.0.10,74.125.110.42,,,49235,443,0,37,17
1587481682.6882784,74.125.110.42,10.10.0.10,,,443,49235,0,1358,17
1587481682.690252,10.10.0.10,74.125.110.42,,,49235,443,0,37,17
1587481682.725399,74.125.110.42,10.10.0.10,,,443,49235,0,1358,17
1587481682.7625198,74.125.110.42,10.10.0.10,,,443,49235,0,1358,17
1587481682.76434,10.10.0.10,74.125.110.42,,,49235,443,0,37,17
1587481682.799636,74.125.110.42,10.10.0.10,,,443,49235,0,1358,17
1587481682.8367472,173.194.182.102,10.10.0.10,,,443,41888,0,1358,17
1587481682.873872,74.125.110.42,10.10.0.10,,,443,49235,0,1358,17
1587481682.875727,10.10.0.10,74.125.110.42,,,49235,443,0,40,17
1587481682.8765318,10.10.0.10,173.194.182.102,,,41888,443,0,53,17
1587481682.910988,173.194.182.102,10.10.0.10,,,443,41888,0,1358,17
1587481682.9481082,173.194.182.102,10.10.0.10,,,443,41888,0,1358,17
1587481682.9745386,10.10.0.10,173.194.182.102,,,41888,443,0,40,17
1587481682.9851892,173.194.182.102,10.10.0.10,,,443,41888,0,1358,17
1587481683.022349,74.125.110.42,10.10.0.10,,,443,49235,0,1358,17
1587481683.024186,10.10.0.10,74.125.110.42,,,49235,443,0,40,17
1587481683.0242598,10.10.0.10,173.194.182.102,,,41888,443,0,40,17
1587481683.059472,173.194.182.102,10.10.0.10,,,443,41888,0,1358,17
1587481683.0965881,74.125.110.42,10.10.0.10,,,443,49235,0,29,17
1587481683.0982685,74.125.110.42,10.10.0.10,,,443,49235,0,1358,17
1587481683.098349,10.10.0.10,173.194.182.102,,,41888,443,0,40,17
1587481683.09989,10.10.0.10,74.125.110.42,,,49235,443,0,40,17
1587481683.135393,74.125.110.42,10.10.0.10,,,443,49235,0,1358,17
1587481683.172472,74.125.110.42,10.10.0.10,,,443,49235,0,1358,17
1587481683.174073,10.10.0.10,74.125.110.42,,,49235,443,0,40,17
1587481683.209613,74.125.110.42,10.10.0.10,,,443,49235,0,1358,17
1587481683.246714,74.125.110.42,10.10.0.10,,,443,49235,0,1358,17
1587481683.251914,10.10.0.10,74.125.110.42,,,49235,443,0,40,17
1587481683.2838109,74.125.110.42,10.10.0.10,,,443,49235,0,1358,17
1587481683.320111,10.10.0.10,74.125.110.42,,,49235,443,0,40,17
1587481683.3209722,74.125.110.42,10.10.0.10,,,443,49235,0,1358,17
1587481683.358093,74.125.110.42,10.10.0.10,,,443,49235,0,1358,17
1587481683.360191,10.10.0.10,74.125.110.42,,,49235,443,0,40,17
1587481683.3952134,74.125.110.42,10.10.0.10,,,443,49235,0,1358,17
1587481683.396815,10.10.0.10,74.125.110.42,,,49235,443,0,42,17
1587481683.4323325,74.125.110.42,10.10.0.10,,,443,49235,0,1358,17
1587481683.43396,10.10.0.10,74.125.110.42,,,49235,443,0,42,17
1587481683.4694538,74.125.110.42,10.10.0.10,,,443,49235,0,1358,17
1587481683.471087,10.10.0.10,74.125.110.42,,,49235,443,0,42,17
1587481683.506575,74.125.110.42,10.10.0.10,,,443,49235,0,1358,17
1587481683.5083172,10.10.0.10,74.125.110.42,,,49235,443,0,42,17
1587481683.543694,74.125.110.42,10.10.0.10,,,443,49235,0,1358,17
1587481683.5808141,74.125.110.42,10.10.0.10,,,443,49235,0,1358,17
1587481683.5824606,10.10.0.10,74.125.110.42,,,49235,443,0,55,17
1587481683.6179314,74.125.110.42,10.10.0.10,,,443,49235,0,1358,17
1587481683.655056,74.125.110.42,10.10.0.10,,,443,49235,0,1358,17
1587481683.65663,10.10.0.10,74.125.110.42,,,49235,443,0,42,17
1587481683.692178,74.125.110.42,10.10.0.10,,,443,49235,0,1358,17
1587481683.729298,74.125.110.42,10.10.0.10,,,443,49235,0,1358,17
1587481683.730942,10.10.0.10,74.125.110.42,,,49235,443,0,42,17
1587481683.766418,74.125.110.42,10.10.0.10,,,443,49235,0,1358,17
1587481683.8035386,74.125.110.42,10.10.0.10,,,443,49235,0,1358,17
1587481683.80532,10.10.0.10,74.125.110.42,,,49235,443,0,42,17
1587481683.840659,173.194.182.102,10.10.0.10,,,443,41888,0,1358,17
1587481683.8777778,74.125.110.42,10.10.0.10,,,443,49235,0,1358,17
1587481683.8796108,10.10.0.10,173.194.182.102,,,41888,443,0,37,17
1587481683.914897,173.194.182.102,10.10.0.10,,,443,41888,0,1358,17
1587481683.916878,10.10.0.10,74.125.110.42,,,49235,443,0,42,17
1587481683.951998,173.194.182.102,10.10.0.10,,,443,41888,0,1358,17
1587481683.9537141,10.10.0.10,173.194.182.102,,,41888,443,0,37,17
1587481683.989136,173.194.182.102,10.10.0.10,,,443,41888,0,1358,17
1587481684.026256,173.194.182.102,10.10.0.10,,,443,41888,0,1358,17
1587481684.028334,10.10.0.10,173.194.182.102,,,41888,443,0,37,17
1587481684.063375,173.194.182.102,10.10.0.10,,,443,41888,0,1358,17
1587481684.100497,173.194.182.102,10.10.0.10,,,443,41888,0,1358,17
1587481684.102316,10.10.0.10,173.194.182.102,,,41888,443,0,37,17
1587481684.1375554,173.194.182.102,10.10.0.10,,,443,41888,0,1358,17
1587481684.174736,173.194.182.102,10.10.0.10,,,443,41888,0,1358,17
1587481684.176583,10.10.0.10,173.194.182.102,,,41888,443,0,37,17
1587481684.2118568,173.194.182.102,10.10.0.10,,,443,41888,0,1358,17
1587481684.248948,173.194.182.102,10.10.0.10,,,443,41888,0,1358,17
1587481684.25066,10.10.0.10,173.194.182.102,,,41888,443,0,37,17
1587481684.286089,173.194.182.102,10.10.0.10,,,443,41888,0,1358,17
1587481684.3231616,173.194.182.102,10.10.0.10,,,443,41888,0,1358,17
1587481684.324888,10.10.0.10,173.194.182.102,,,41888,443,0,37,17
1587481684.3603165,173.194.182.102,10.10.0.10,,,443,41888,0,1358,17
1587481684.3974712,173.194.182.102,10.10.0.10,,,443,41888,0,1358,17
1587481684.3990881,10.10.0.10,173.194.182.102,,,41888,443,0,37,17
1587481684.434591,173.194.182.102,10.10.0.10,,,443,41888,0,1358,17
1587481684.4673376,10.10.0.10,173.194.182.102,,,41888,443,0,37,17
1587481684.471713,173.194.182.102,10.10.0.10,,,443,41888,0,1358,17
1587481684.508787,173.194.182.102,10.10.0.10,,,443,41888,0,1358,17
1587481684.513632,10.10.0.10,173.194.182.102,,,41888,443,0,37,17
1587481684.5459518,173.194.182.102,10.10.0.10,,,443,41888,0,1358,17
1587481684.58307,173.194.182.102,10.10.0.10,,,443,41888,0,1358,17
1587481684.584754,10.10.0.10,173.194.182.102,,,41888,443,0,37,17
1587481684.620191,173.194.182.102,10.10.0.10,,,443,41888,0,1358,17
1587481684.6572852,173.194.182.102,10.10.0.10,,,443,41888,0,1358,17
1587481684.6944401,74.125.110.42,10.10.0.10,,,443,49235,0,1358,17
1587481684.70012,10.10.0.10,173.194.182.102,,,41888,443,0,37,17
1587481684.7007468,10.10.0.10,74.125.110.42,,,49235,443,0,44,17
1587481684.73156,74.125.110.42,10.10.0.10,,,443,49235,0,1358,17
1587481684.7342849,10.10.0.10,74.125.110.42,,,49235,443,0,44,17
1587481684.7686045,74.125.110.42,10.10.0.10,,,443,49235,0,1358,17
1587481684.77037,10.10.0.10,74.125.110.42,,,49235,443,0,46,17
1587481684.8058,74.125.110.42,10.10.0.10,,,443,49235,0,1358,17
1587481684.807661,10.10.0.10,74.125.110.42,,,49235,443,0,46,17
1587481684.842921,74.125.110.42,10.10.0.10,,,443,49235,0,1358,17
1587481684.8448696,10.10.0.10,74.125.110.42,,,49235,443,0,46,17
1587481684.8800428,74.125.110.42,10.10.0.10,,,443,49235,0,1358,17
1587481684.8822381,10.10.0.10,74.125.110.42,,,49235,443,0,46,17
1587481684.917162,74.125.110.42,10.10.0.10,,,443,49235,0,1358,17
1587481684.918994,10.10.0.10,74.125.110.42,,,49235,443,0,48,17
1587481684.9542804,74.125.110.42,10.10.0.10,,,443,49235,0,1358,17
1587481684.991401,74.125.110.42,10.10.0.10,,,443,49235,0,1358,17
1587481685.028522,74.125.110.42,10.10.0.10,,,443,49235,0,1358,17
1587481685.0351002,10.10.0.10,74.125.110.42,,,49235,443,0,48,17
1587481685.035369,10.10.0.10,74.125.110.42,,,49235,443,0,48,17
1587481685.0371606,10.10.0.10,74.125.110.42,,,49235,443,0,46,17
1587481685.0656312,74.125.110.42,10.10.0.10,,,443,49235,0,1358,17
1587481685.1027482,74.125.110.42,10.10.0.10,,,443,49235,0,1358,17
1587481685.139809,74.125.110.42,10.10.0.10,,,443,49235,0,1358,17
1587481685.176974,74.125.110.42,10.10.0.10,,,443,49235,0,1358,17
1587481685.2140741,74.125.110.42,10.10.0.10,,,443,49235,0,1358,17
1587481685.2512062,173.194.182.102,10.10.0.10,,,443,41888,0,1358,17
1587481685.288344,173.194.182.102,10.10.0.10,,,443,41888,0,1358,17
1587481685.325422,74.125.110.42,10.10.0.10,,,443,49235,0,1358,17
1587481685.3625882,173.194.182.102,10.10.0.10,,,443,41888,0,1358,17
1587481685.3997085,173.194.182.102,10.10.0.10,,,443,41888,0,1358,17
1587481685.436828,173.194.182.102,10.10.0.10,,,443,41888,0,1358,17
1587481685.4739482,173.194.182.102,10.10.0.10,,,443,41888,0,1358,17
1587481685.511067,173.194.182.102,10.10.0.10,,,443,41888,0,1358,17
1587481685.548191,173.194.182.102,10.10.0.10,,,443,41888,0,1358,17
1587481685.585308,173.194.182.102,10.10.0.10,,,443,41888,0,1358,17
1587481685.622422,173.194.182.102,10.10.0.10,,,443,41888,0,1358,17
1587481685.659528,173.194.182.102,10.10.0.10,,,443,41888,0,1358,17
1587481685.6966774,173.194.182.102,10.10.0.10,,,443,41888,0,1358,17
1587481685.733795,173.194.182.102,10.10.0.10,,,443,41888,0,1358,17
1587481685.7709155,173.194.182.102,10.10.0.10,,,443,41888,0,1358,17
1587481685.808038,173.194.182.102,10.10.0.10,,,443,41888,0,1358,17
1587481685.8451571,173.194.182.102,10.10.0.10,,,443,41888,0,1358,17
1587481685.8822749,173.194.182.102,10.10.0.10,,,443,41888,0,1358,17
1587481685.919395,173.194.182.102,10.10.0.10,,,443,41888,0,1358,17
1587481685.9565198,173.194.182.102,10.10.0.10,,,443,41888,0,1358,17
1587481685.993639,173.194.182.102,10.10.0.10,,,443,41888,0,1358,17
1587481686.03076,173.194.182.102,10.10.0.10,,,443,41888,0,1358,17
1587481686.0678759,173.194.182.102,10.10.0.10,,,443,41888,0,1358,17
1587481686.105,173.194.182.102,10.10.0.10,,,443,41888,0,1358,17
1587481686.1420732,173.194.182.102,10.10.0.10,,,443,41888,0,1358,17
1587481686.179222,173.194.182.102,10.10.0.10,,,443,41888,0,89,17
1587481686.182497,74.125.110.42,10.10.0.10,,,443,49235,0,1358,17
1587481686.219623,74.125.110.42,10.10.0.10,,,443,49235,0,1358,17
1587481686.2566829,74.125.110.42,10.10.0.10,,,443,49235,0,1358,17
1587481686.29382,74.125.110.42,10.10.0.10,,,443,49235,0,302,17
1587481686.3028195,74.125.110.42,10.10.0.10,,,443,49235,0,1358,17
1587481686.3410704,74.125.110.42,10.10.0.10,,,443,49235,0,1358,17
1587481686.366874,10.10.0.10,173.194.182.102,,,41888,443,0,37,17
1587481686.366924,10.10.0.10,74.125.110.42,,,49235,443,0,48,17
1587481686.371581,10.10.0.10,173.194.182.102,,,41888,443,0,37,17
1587481686.372072,10.10.0.10,173.194.182.102,,,41888,443,0,37,17
1587481686.373583,10.10.0.10,173.194.182.102,,,41888,443,0,37,17
1587481686.3748355,10.10.0.10,173.194.182.102,,,41888,443,0,50,17
1587481686.375795,10.10.0.10,173.194.182.102,,,41888,443,0,37,17
1587481686.3774679,10.10.0.10,173.194.182.102,,,41888,443,0,37,17
1587481686.3779821,10.10.0.10,173.194.182.102,,,41888,443,0,37,17
1587481686.378133,74.125.110.42,10.10.0.10,,,443,49235,0,1358,17
1587481686.3794448,10.10.0.10,173.194.182.102,,,41888,443,0,37,17
1587481686.386358,10.10.0.10,173.194.182.102,,,41888,443,0,37,17
1587481686.3869572,10.10.0.10,173.194.182.102,,,41888,443,0,40,17
1587481686.387544,10.10.0.10,173.194.182.102,,,41888,443,0,40,17
1587481686.38812,10.10.0.10,173.194.182.102,,,41888,443,0,40,17
1587481686.388669,10.10.0.10,173.194.182.102,,,41888,443,0,40,17
1587481686.389232,10.10.0.10,74.125.110.42,,,49235,443,0,48,17
1587481686.389837,10.10.0.10,74.125.110.42,,,49235,443,0,50,17
1587481686.392194,10.10.0.10,74.125.110.42,,,49235,443,0,50,17
1587481686.3922348,10.10.0.10,74.125.110.42,,,49235,443,0,50,17
1587481686.3924909,10.10.0.10,74.125.110.42,,,49235,443,0,63,17
1587481686.392517,10.10.0.10,74.125.110.42,,,49235,443,0,50,17
1587481686.4163892,74.125.110.42,10.10.0.10,,,443,49235,0,1358,17
1587481686.453552,173.194.182.102,10.10.0.10,,,443,41888,0,29,17
1587481686.455178,74.125.110.42,10.10.0.10,,,443,49235,0,1358,17
1587481686.4553351,10.10.0.10,74.125.110.42,,,49235,443,0,50,17
1587481686.492352,74.125.110.42,10.10.0.10,,,443,49235,0,29,17
1587481686.493689,10.10.0.10,74.125.110.42,,,49235,443,0,37,17
1587481686.4939628,74.125.110.42,10.10.0.10,,,443,49235,0,1358,17
1587481686.531151,74.125.110.42,10.10.0.10,,,443,49235,0,1358,17
1587481686.532874,10.10.0.10,74.125.110.42,,,49235,443,0,40,17
1587481686.568269,74.125.110.42,10.10.0.10,,,443,49235,0,1358,17
1587481686.5701196,10.10.0.10,74.125.110.42,,,49235,443,0,40,17
1587481686.605375,74.125.110.42,10.10.0.10,,,443,49235,0,1358,17
1587481686.60696,10.10.0.10,74.125.110.42,,,49235,443,0,40,17
1587481686.642472,74.125.110.42,10.10.0.10,,,443,49235,0,1358,17
1587481686.644222,10.10.0.10,74.125.110.42,,,49235,443,0,40,17
1587481686.67963,74.125.110.42,10.10.0.10,,,443,49235,0,1358,17
1587481686.702984,10.10.0.10,74.125.110.42,,,49235,443,0,687,17
1587481686.7035189,10.10.0.10,74.125.110.42,,,49235,443,0,48,17
1587481686.724377,74.125.110.42,10.10.0.10,,,443,49235,0,115,17
1587481686.7244296,74.125.110.42,10.10.0.10,,,443,49235,0,1358,17
1587481686.726328,10.10.0.10,74.125.110.42,,,49235,443,0,37,17
1587481686.757846,74.125.110.42,10.10.0.10,,,443,49235,0,1358,17
1587481686.7596052,10.10.0.10,74.125.110.42,,,49235,443,0,40,17
1587481686.794965,74.125.110.42,10.10.0.10,,,443,49235,0,1358,17
1587481686.796617,10.10.0.10,74.125.110.42,,,49235,443,0,42,17
1587481686.832084,74.125.110.42,10.10.0.10,,,443,49235,0,1358,17
1587481686.835224,10.10.0.10,74.125.110.42,,,49235,443,0,44,17
1587481686.8692052,74.125.110.42,10.10.0.10,,,443,49235,0,1358,17
1587481686.8712258,10.10.0.10,74.125.110.42,,,49235,443,0,44,17
1587481686.9062738,173.194.182.102,10.10.0.10,,,443,41888,0,1358,17
1587481686.9309359,10.10.0.10,173.194.182.102,,,41888,443,0,720,17
1587481686.931011,10.10.0.10,173.194.182.102,,,41888,443,0,48,17
1587481686.94344,74.125.110.42,10.10.0.10,,,443,49235,0,1358,17
1587481686.945116,10.10.0.10,74.125.110.42,,,49235,443,0,44,17
1587481686.980564,74.125.110.42,10.10.0.10,,,443,49235,0,1358,17
1587481686.982327,10.10.0.10,74.125.110.42,,,49235,443,0,44,17
1587481687.0221386,74.125.110.42,10.10.0.10,,,443,49235,0,1358,17
1587481687.0592544,74.125.110.42,10.10.0.10,,,443,49235,0,1358,17
1587481687.0610778,10.10.0.10,74.125.110.42,,,49235,443,0,44,17
1587481687.096377,173.194.182.102,10.10.0.10,,,443,41888,0,115,17
1587481687.100351,173.194.182.102,10.10.0.10,,,443,41888,0,1358,17
1587481687.10216,10.10.0.10,173.194.182.102,,,41888,443,0,37,17
1587481687.137467,173.194.182.102,10.10.0.10,,,443,41888,0,1358,17
1587481687.1663961,10.10.0.10,173.194.182.102,,,41888,443,0,37,17
1587481687.1745539,173.194.182.102,10.10.0.10,,,443,41888,0,1358,17
1587481687.2117012,173.194.182.102,10.10.0.10,,,443,41888,0,1358,17
1587481687.213535,10.10.0.10,173.194.182.102,,,41888,443,0,37,17
1587481687.248755,173.194.182.102,10.10.0.10,,,443,41888,0,1358,17
1587481687.2859151,173.194.182.102,10.10.0.10,,,443,41888,0,1358,17
1587481687.2876098,10.10.0.10,173.194.182.102,,,41888,443,0,37,17
1587481687.3230321,173.194.182.102,10.10.0.10,,,443,41888,0,1358,17
1587481687.360182,173.194.182.102,10.10.0.10,,,443,41888,0,1358,17
1587481687.3618221,10.10.0.10,173.194.182.102,,,41888,443,0,37,17
1587481687.3973012,173.194.182.102,10.10.0.10,,,443,41888,0,1358,17
1587481687.4316974,10.10.0.10,173.194.182.102,,,41888,443,0,37,17
1587481687.434419,173.194.182.102,10.10.0.10,,,443,41888,0,1358,17
1587481687.4715395,74.125.110.42,10.10.0.10,,,443,49235,0,1358,17
1587481687.4735322,10.10.0.10,173.194.182.102,,,41888,443,0,37,17
1587481687.5086648,74.125.110.42,10.10.0.10,,,443,49235,0,1358,17
1587481687.510279,10.10.0.10,74.125.110.42,,,49235,443,0,44,17
1587481687.545782,74.125.110.42,10.10.0.10,,,443,49235,0,1358,17
1587481687.5829024,173.194.182.102,10.10.0.10,,,443,41888,0,1358,17
1587481687.585049,10.10.0.10,74.125.110.42,,,49235,443,0,44,17
1587481687.620022,74.125.110.42,10.10.0.10,,,443,49235,0,1358,17
1587481687.6225958,10.10.0.10,173.194.182.102,,,41888,443,0,37,17
1587481687.6571422,173.194.182.102,10.10.0.10,,,443,41888,0,1358,17
1587481687.666181,10.10.0.10,74.125.110.42,,,49235,443,0,44,17
1587481687.694271,74.125.110.42,10.10.0.10,,,443,49235,0,1358,17
1587481687.6960301,10.10.0.10,74.125.110.42,,,49235,443,0,46,17
1587481687.6962268,10.10.0.10,173.194.182.102,,,41888,443,0,37,17
1587481687.731386,74.125.110.42,10.10.0.10,,,443,49235,0,1358,17
1587481687.7331722,10.10.0.10,74.125.110.42,,,49235,443,0,46,17
1587481687.7685099,74.125.110.42,10.10.0.10,,,443,49235,0,1358,17
1587481687.770356,10.10.0.10,74.125.110.42,,,49235,443,0,46,17
1587481687.80563,173.194.182.102,10.10.0.10,,,443,41888,0,1358,17
1587481687.842749,74.125.110.42,10.10.0.10,,,443,49235,0,1358,17
1587481687.8444018,10.10.0.10,74.125.110.42,,,49235,443,0,46,17
1587481687.8446536,10.10.0.10,173.194.182.102,,,41888,443,0,37,17
1587481687.8798704,173.194.182.102,10.10.0.10,,,443,41888,0,1358,17
1587481687.921441,173.194.182.102,10.10.0.10,,,443,41888,0,1358,17
1587481687.923728,10.10.0.10,173.194.182.102,,,41888,443,0,37,17
1587481687.9585626,173.194.182.102,10.10.0.10,,,443,41888,0,1358,17
1587481687.99568,173.194.182.102,10.10.0.10,,,443,41888,0,1358,17
1587481687.998587,10.10.0.10,173.194.182.102,,,41888,443,0,40,17
1587481688.0328019,173.194.182.102,10.10.0.10,,,443,41888,0,1358,17
1587481688.0347116,10.10.0.10,173.194.182.102,,,41888,443,0,40,17
1587481688.074373,74.125.110.42,10.10.0.10,,,443,49235,0,1358,17
1587481688.1114988,173.194.182.102,10.10.0.10,,,443,41888,0,1358,17
1587481688.1135054,10.10.0.10,173.194.182.102,,,41888,443,0,40,17
1587481688.1137636,10.10.0.10,74.125.110.42,,,49235,443,0,46,17
1587481688.148559,74.125.110.42,10.10.0.10,,,443,49235,0,1358,17
1587481688.1856804,74.125.110.42,10.10.0.10,,,443,49235,0,1358,17
1587481688.18885,10.10.0.10,74.125.110.42,,,49235,443,0,46,17
1587481688.222806,173.194.182.102,10.10.0.10,,,443,41888,0,1358,17
1587481688.2264931,10.10.0.10,173.194.182.102,,,41888,443,0,40,17
1587481688.25996,74.125.110.42,10.10.0.10,,,443,49235,0,1358,17
1587481688.2970881,74.125.110.42,10.10.0.10,,,443,49235,0,1358,17
1587481688.2987142,10.10.0.10,74.125.110.42,,,49235,443,0,46,17
1587481688.3342028,173.194.182.102,10.10.0.10,,,443,41888,0,1358,17
1587481688.371331,173.194.182.102,10.10.0.10,,,443,41888,0,1358,17
1587481688.3739555,10.10.0.10,173.194.182.102,,,41888,443,0,40,17
1587481688.4084508,74.125.110.42,10.10.0.10,,,443,49235,0,1358,17
1587481688.445573,74.125.110.42,10.10.0.10,,,443,49235,0,1358,17
1587481688.447502,10.10.0.10,74.125.110.42,,,49235,443,0,46,17
1587481688.482651,173.194.182.102,10.10.0.10,,,443,41888,0,1358,17
1587481688.5197892,74.125.110.42,10.10.0.10,,,443,49235,0,1358,17
1587481688.523452,10.10.0.10,173.194.182.102,,,41888,443,0,40,17
1587481688.5569394,173.194.182.102,10.10.0.10,,,443,41888,0,1358,17
1587481688.5588472,10.10.0.10,74.125.110.42,,,49235,443,0,59,17
1587481688.594065,74.125.110.42,10.10.0.10,,,443,49235,0,1358,17
1587481688.596889,10.10.0.10,173.194.182.102,,,41888,443,0,40,17
1587481688.6311822,173.194.182.102,10.10.0.10,,,443,41888,0,1358,17
1587481688.632882,10.10.0.10,74.125.110.42,,,49235,443,0,46,17
1587481688.668233,173.194.182.102,10.10.0.10,,,443,41888,0,1358,17
1587481688.67061,10.10.0.10,173.194.182.102,,,41888,443,0,40,17
1587481688.705428,74.125.110.42,10.10.0.10,,,443,49235,0,1358,17
1587481688.7425478,173.194.182.102,10.10.0.10,,,443,41888,0,1358,17
1587481688.7582786,10.10.0.10,74.125.110.42,,,49235,443,0,46,17
1587481688.779594,173.194.182.102,10.10.0.10,,,443,41888,0,1358,17
1587481688.781641,10.10.0.10,173.194.182.102,,,41888,443,0,53,17
1587481688.8167868,173.194.182.102,10.10.0.10,,,443,41888,0,1358,17
1587481688.8539062,173.194.182.102,10.10.0.10,,,443,41888,0,1358,17
1587481688.855742,10.10.0.10,173.194.182.102,,,41888,443,0,40,17
1587481688.8910232,74.125.110.42,10.10.0.10,,,443,49235,0,1358,17
1587481688.921823,10.10.0.10,74.125.110.42,,,49235,443,0,46,17
1587481688.9281466,173.194.182.102,10.10.0.10,,,443,41888,0,1358,17
1587481688.965236,173.194.182.102,10.10.0.10,,,443,41888,0,1358,17
1587481688.968138,10.10.0.10,173.194.182.102,,,41888,443,0,40,17
1587481689.002385,74.125.110.42,10.10.0.10,,,443,49235,0,1358,17
1587481689.0352602,10.10.0.10,74.125.110.42,,,49235,443,0,46,17
1587481689.0394974,74.125.110.42,10.10.0.10,,,443,49235,0,1358,17
1587481689.0766141,173.194.182.102,10.10.0.10,,,443,41888,0,1358,17
1587481689.1137366,173.194.182.102,10.10.0.10,,,443,41888,0,1358,17
1587481689.1265671,10.10.0.10,74.125.110.42,,,49235,443,0,46,17
1587481689.130358,10.10.0.10,173.194.182.102,,,41888,443,0,40,17
1587481689.1508539,74.125.110.42,10.10.0.10,,,443,49235,0,1358,17
1587481689.1879814,74.125.110.42,10.10.0.10,,,443,49235,0,1358,17
1587481689.225086,173.194.182.102,10.10.0.10,,,443,41888,0,1358,17
1587481689.2621562,173.194.182.102,10.10.0.10,,,443,41888,0,1358,17
1587481689.299294,173.194.182.102,10.10.0.10,,,443,41888,0,1358,17
1587481689.336447,74.125.110.42,10.10.0.10,,,443,49235,0,1358,17
1587481689.3730679,10.10.0.10,74.125.110.42,,,49235,443,0,46,17
1587481689.373539,74.125.110.42,10.10.0.10,,,443,49235,0,1358,17
1587481689.410697,173.194.182.102,10.10.0.10,,,443,41888,0,1358,17
1587481689.447815,173.194.182.102,10.10.0.10,,,443,41888,0,1358,17
1587481689.4849381,173.194.182.102,10.10.0.10,,,443,41888,0,1358,17
1587481689.5220554,74.125.110.42,10.10.0.10,,,443,49235,0,1358,17
1587481689.559175,74.125.110.42,10.10.0.10,,,443,49235,0,1358,17
1587481689.596266,173.194.182.102,10.10.0.10,,,443,41888,0,1358,17
1587481689.633427,173.194.182.102,10.10.0.10,,,443,41888,0,1358,17
1587481689.6705348,74.125.110.42,10.10.0.10,,,443,49235,0,1358,17
1587481689.7076569,173.194.182.102,10.10.0.10,,,443,41888,0,1358,17
1587481689.744778,173.194.182.102,10.10.0.10,,,443,41888,0,32,17
1587481689.7479742,173.194.182.102,10.10.0.10,,,443,41888,0,1358,17
1587481689.785094,173.194.182.102,10.10.0.10,,,443,41888,0,1358,17
1587481689.822219,173.194.182.102,10.10.0.10,,,443,41888,0,1358,17
1587481689.859339,173.194.182.102,10.10.0.10,,,443,41888,0,1358,17
1587481689.896458,173.194.182.102,10.10.0.10,,,443,41888,0,1358,17
1587481689.933578,74.125.110.42,10.10.0.10,,,443,49235,0,1358,17
1587481689.970698,173.194.182.102,10.10.0.10,,,443,41888,0,1358,17
1587481690.010405,74.125.110.42,10.10.0.10,,,443,49235,0,1358,17
1587481690.0475235,173.194.182.102,10.10.0.10,,,443,41888,0,1358,17
1587481690.084645,173.194.182.102,10.10.0.10,,,443,41888,0,1358,17
1587481690.1216981,173.194.182.102,10.10.0.10,,,443,41888,0,1358,17
1587481690.1588776,173.194.182.102,10.10.0.10,,,443,41888,0,1358,17
1587481690.195966,173.194.182.102,10.10.0.10,,,443,41888,0,1358,17
1587481690.2129972,10.10.0.10,74.125.110.42,,,49235,443,0,43,17
1587481690.2330868,74.125.110.42,10.10.0.10,,,443,49235,0,1358,17
1587481690.270205,173.194.182.102,10.10.0.10,,,443,41888,0,1358,17
1587481690.3073635,173.194.182.102,10.10.0.10,,,443,41888,0,1358,17
1587481690.3331618,10.10.0.10,173.194.182.102,,,41888,443,0,43,17
1587481690.342851,10.10.0.10,173.194.182.102,,,41888,443,0,40,17
1587481690.344483,173.194.182.102,10.10.0.10,,,443,41888,0,1358,17
1587481690.350815,10.10.0.10,74.125.110.42,,,49235,443,0,46,17
1587481690.350862,10.10.0.10,173.194.182.102,,,41888,443,0,40,17
1587481690.351435,10.10.0.10,173.194.182.102,,,41888,443,0,40,17
1587481690.352378,10.10.0.10,74.125.110.42,,,49235,443,0,48,17
1587481690.352442,10.10.0.10,74.125.110.42,,,49235,443,0,48,17
1587481690.3538668,10.10.0.10,173.194.182.102,,,41888,443,0,40,17
1587481690.35445,10.10.0.10,74.125.110.42,,,49235,443,0,48,17
1587481690.381604,173.194.182.102,10.10.0.10,,,443,41888,0,1358,17
1587481690.4213092,173.194.182.102,10.10.0.10,,,443,41888,0,1358,17
1587481690.4486039,10.10.0.10,173.194.182.102,,,41888,443,0,40,17
1587481690.453178,10.10.0.10,173.194.182.102,,,41888,443,0,37,17
1587481690.455611,10.10.0.10,173.194.182.102,,,41888,443,0,37,17
1587481690.457103,10.10.0.10,74.125.110.42,,,49235,443,0,50,17
1587481690.457663,10.10.0.10,173.194.182.102,,,41888,443,0,37,17
1587481690.4583929,173.194.182.102,10.10.0.10,,,443,41888,0,1358,17
1587481690.458672,10.10.0.10,74.125.110.42,,,49235,443,0,50,17
1587481690.4615116,10.10.0.10,173.194.182.102,,,41888,443,0,37,17
1587481690.463074,10.10.0.10,173.194.182.102,,,41888,443,0,37,17
1587481690.4635801,10.10.0.10,74.125.110.42,,,49235,443,0,50,17
1587481690.4642286,10.10.0.10,173.194.182.102,,,41888,443,0,37,17
1587481690.465962,10.10.0.10,173.194.182.102,,,41888,443,0,37,17
1587481690.46668,10.10.0.10,173.194.182.102,,,41888,443,0,37,17
1587481690.495527,173.194.182.102,10.10.0.10,,,443,41888,0,1358,17
1587481690.5326734,173.194.182.102,10.10.0.10,,,443,41888,0,1358,17
1587481690.56822,10.10.0.10,173.194.182.102,,,41888,443,0,37,17
1587481690.569754,173.194.182.102,10.10.0.10,,,443,41888,0,1358,17
1587481690.5707078,10.10.0.10,173.194.182.102,,,41888,443,0,37,17
1587481690.606912,74.125.110.42,10.10.0.10,,,443,49235,0,29,17
1587481690.6085892,173.194.182.102,10.10.0.10,,,443,41888,0,32,17
1587481690.61035,173.194.182.102,10.10.0.10,,,443,41888,0,1358,17
1587481690.6474721,74.125.110.42,10.10.0.10,,,443,49235,0,1358,17
1587481690.684598,74.125.110.42,10.10.0.10,,,443,49235,0,1358,17
1587481690.6895876,10.10.0.10,173.194.182.102,,,41888,443,0,37,17
1587481690.694565,10.10.0.10,74.125.110.42,,,49235,443,0,42,17
1587481690.721674,173.194.182.102,10.10.0.10,,,443,41888,0,1358,17
1587481690.761425,173.194.182.102,10.10.0.10,,,443,41888,0,1358,17
1587481690.798544,74.125.110.42,10.10.0.10,,,443,49235,0,1358,17
1587481690.8083582,10.10.0.10,173.194.182.102,,,41888,443,0,37,17
1587481690.812527,10.10.0.10,173.194.182.102,,,41888,443,0,37,17
1587481690.8356678,74.125.110.42,10.10.0.10,,,443,49235,0,1358,17
1587481690.8727882,173.194.182.102,10.10.0.10,,,443,41888,0,1358,17
1587481690.9099078,74.125.110.42,10.10.0.10,,,443,49235,0,1358,17
1587481690.9281962,10.10.0.10,74.125.110.42,,,49235,443,0,42,17
1587481690.9328089,10.10.0.10,74.125.110.42,,,49235,443,0,42,17
1587481690.9470394,173.194.182.102,10.10.0.10,,,443,41888,0,1358,17
1587481690.9487398,10.10.0.10,173.194.182.102,,,41888,443,0,37,17
1587481690.984144,173.194.182.102,10.10.0.10,,,443,41888,0,1358,17
1587481691.0212624,173.194.182.102,10.10.0.10,,,443,41888,0,1358,17
1587481691.0443554,10.10.0.10,173.194.182.102,,,41888,443,0,50,17
1587481691.058382,74.125.110.42,10.10.0.10,,,443,49235,0,1358,17
1587481691.0954812,173.194.182.102,10.10.0.10,,,443,41888,0,1358,17
1587481691.0984,10.10.0.10,74.125.110.42,,,49235,443,0,42,17
1587481691.132559,74.125.110.42,10.10.0.10,,,443,49235,0,1358,17
1587481691.135375,10.10.0.10,173.194.182.102,,,41888,443,0,37,17
1587481691.169703,74.125.110.42,10.10.0.10,,,443,49235,0,1358,17
1587481691.174349,10.10.0.10,74.125.110.42,,,49235,443,0,42,17
1587481691.206801,74.125.110.42,10.10.0.10,,,443,49235,0,1358,17
1587481691.243967,173.194.182.102,10.10.0.10,,,443,41888,0,1358,17
1587481691.2458372,10.10.0.10,74.125.110.42,,,49235,443,0,42,17
1587481691.2787561,10.10.0.10,173.194.182.102,,,41888,443,0,37,17
1587481691.281092,173.194.182.102,10.10.0.10,,,443,41888,0,1358,17
1587481691.2826679,10.10.0.10,173.194.182.102,,,41888,443,0,40,17
1587481691.318216,173.194.182.102,10.10.0.10,,,443,41888,0,1358,17
1587481691.3199232,10.10.0.10,173.194.182.102,,,41888,443,0,40,17
1587481691.355335,74.125.110.42,10.10.0.10,,,443,49235,0,1358,17
1587481691.357152,10.10.0.10,74.125.110.42,,,49235,443,0,44,17
1587481691.392424,173.194.182.102,10.10.0.10,,,443,41888,0,1358,17
1587481691.394032,10.10.0.10,173.194.182.102,,,41888,443,0,40,17
1587481691.429584,74.125.110.42,10.10.0.10,,,443,49235,0,1358,17
1587481691.431824,10.10.0.10,74.125.110.42,,,49235,443,0,44,17
1587481691.466704,74.125.110.42,10.10.0.10,,,443,49235,0,1358,17
1587481691.4685225,10.10.0.10,74.125.110.42,,,49235,443,0,46,17
1587481691.503823,173.194.182.102,10.10.0.10,,,443,41888,0,1358,17
1587481691.505615,10.10.0.10,173.194.182.102,,,41888,443,0,40,17
1587481691.540947,74.125.110.42,10.10.0.10,,,443,49235,0,1358,17
1587481691.542623,10.10.0.10,74.125.110.42,,,49235,443,0,46,17
1587481691.5780668,173.194.182.102,10.10.0.10,,,443,41888,0,29,17
1587481691.5797431,74.125.110.42,10.10.0.10,,,443,49235,0,1358,17
1587481691.581687,10.10.0.10,74.125.110.42,,,49235,443,0,46,17
1587481691.6168668,173.194.182.102,10.10.0.10,,,443,41888,0,1358,17
1587481691.653913,173.194.182.102,10.10.0.10,,,443,41888,0,1358,17
1587481691.679302,10.10.0.10,173.194.182.102,,,41888,443,0,40,17
1587481691.691098,74.125.110.42,10.10.0.10,,,443,49235,0,1358,17
1587481691.692633,10.10.0.10,74.125.110.42,,,49235,443,0,46,17
1587481691.7282202,173.194.182.102,10.10.0.10,,,443,41888,0,1358,17
1587481691.765337,74.125.110.42,10.10.0.10,,,443,49235,0,1358,17
1587481691.7671359,10.10.0.10,173.194.182.102,,,41888,443,0,40,17
1587481691.8024552,74.125.110.42,10.10.0.10,,,443,49235,0,1358,17
1587481691.806056,10.10.0.10,74.125.110.42,,,49235,443,0,59,17
1587481691.8395786,173.194.182.102,10.10.0.10,,,443,41888,0,1358,17
1587481691.876694,74.125.110.42,10.10.0.10,,,443,49235,0,1358,17
1587481691.8786118,10.10.0.10,173.194.182.102,,,41888,443,0,40,17
1587481691.913815,173.194.182.102,10.10.0.10,,,443,41888,0,1358,17
1587481691.9171689,10.10.0.10,74.125.110.42,,,49235,443,0,46,17
1587481691.9509332,173.194.182.102,10.10.0.10,,,443,41888,0,1358,17
1587481691.954183,10.10.0.10,173.194.182.102,,,41888,443,0,40,17
1587481691.9880538,74.125.110.42,10.10.0.10,,,443,49235,0,1358,17
1587481692.0251741,173.194.182.102,10.10.0.10,,,443,41888,0,1358,17
1587481692.027191,10.10.0.10,74.125.110.42,,,49235,443,0,46,17
1587481692.0622973,74.125.110.42,10.10.0.10,,,443,49235,0,1358,17
1587481692.065088,10.10.0.10,173.194.182.102,,,41888,443,0,40,17
1587481692.0937312,10.10.0.10,74.125.110.42,,,49235,443,0,46,17
1587481692.099417,173.194.182.102,10.10.0.10,,,443,41888,0,1358,17
1587481692.136533,74.125.110.42,10.10.0.10,,,443,49235,0,1358,17
1587481692.1386304,10.10.0.10,173.194.182.102,,,41888,443,0,40,17
1587481692.1736536,173.194.182.102,10.10.0.10,,,443,41888,0,1358,17
1587481692.1755538,10.10.0.10,74.125.110.42,,,49235,443,0,46,17
1587481692.210778,74.125.110.42,10.10.0.10,,,443,49235,0,1358,17
1587481692.212803,10.10.0.10,173.194.182.102,,,41888,443,0,40,17
1587481692.247835,173.194.182.102,10.10.0.10,,,443,41888,0,1358,17
1587481692.249665,10.10.0.10,74.125.110.42,,,49235,443,0,46,17
1587481692.2810724,10.10.0.10,173.194.182.102,,,41888,443,0,40,17
1587481692.2849462,74.125.110.42,10.10.0.10,,,443,49235,0,1358,17
1587481692.3220658,173.194.182.102,10.10.0.10,,,443,41888,0,1358,17
1587481692.3249722,10.10.0.10,74.125.110.42,,,49235,443,0,46,17
1587481692.359215,173.194.182.102,10.10.0.10,,,443,41888,0,1358,17
1587481692.387208,10.10.0.10,173.194.182.102,,,41888,443,0,40,17
1587481692.39637,74.125.110.42,10.10.0.10,,,443,49235,0,1358,17
1587481692.4300652,10.10.0.10,74.125.110.42,,,49235,443,0,46,17
1587481692.4334881,173.194.182.102,10.10.0.10,,,443,41888,0,1358,17
1587481692.470608,173.194.182.102,10.10.0.10,,,443,41888,0,1358,17
1587481692.472336,10.10.0.10,173.194.182.102,,,41888,443,0,40,17
1587481692.5077276,74.125.110.42,10.10.0.10,,,443,49235,0,1358,17
1587481692.538285,10.10.0.10,74.125.110.42,,,49235,443,0,37,17
1587481692.5448446,173.194.182.102,10.10.0.10,,,443,41888,0,1358,17
1587481692.5819669,74.125.110.42,10.10.0.10,,,443,49235,0,1358,17
1587481692.5960839,10.10.0.10,173.194.182.102,,,41888,443,0,40,17
1587481692.619087,173.194.182.102,10.10.0.10,,,443,41888,0,1358,17
1587481692.6211224,10.10.0.10,74.125.110.42,,,49235,443,0,37,17
1587481692.656211,173.194.182.102,10.10.0.10,,,443,41888,0,1358,17
1587481692.657995,10.10.0.10,173.194.182.102,,,41888,443,0,40,17
1587481692.693335,74.125.110.42,10.10.0.10,,,443,49235,0,1358,17
1587481692.7304552,173.194.182.102,10.10.0.10,,,443,41888,0,1358,17
1587481692.732556,10.10.0.10,74.125.110.42,,,49235,443,0,37,17
1587481692.7671251,10.10.0.10,173.194.182.102,,,41888,443,0,40,17
1587481692.7675412,173.194.182.102,10.10.0.10,,,443,41888,0,1358,17
1587481692.804703,74.125.110.42,10.10.0.10,,,443,49235,0,1358,17
1587481692.806816,10.10.0.10,173.194.182.102,,,41888,443,0,53,17
1587481692.841823,173.194.182.102,10.10.0.10,,,443,41888,0,323,17
1587481692.843793,10.10.0.10,74.125.110.42,,,49235,443,0,37,17
1587481692.8513384,74.125.110.42,10.10.0.10,,,443,49235,0,1358,17
1587481692.8884602,74.125.110.42,10.10.0.10,,,443,49235,0,1358,17
1587481692.8914616,10.10.0.10,74.125.110.42,,,49235,443,0,37,17
1587481692.891923,10.10.0.10,173.194.182.102,,,41888,443,0,40,17
1587481692.9255624,74.125.110.42,10.10.0.10,,,443,49235,0,1358,17
1587481692.962701,74.125.110.42,10.10.0.10,,,443,49235,0,1358,17
1587481692.964519,10.10.0.10,74.125.110.42,,,49235,443,0,37,17
1587481692.999827,74.125.110.42,10.10.0.10,,,443,49235,0,1358,17
1587481693.036934,74.125.110.42,10.10.0.10,,,443,49235,0,1358,17
1587481693.0387092,10.10.0.10,74.125.110.42,,,49235,443,0,37,17
1587481693.0740552,74.125.110.42,10.10.0.10,,,443,49235,0,1358,17
1587481693.111178,74.125.110.42,10.10.0.10,,,443,49235,0,1358,17
1587481693.11307,10.10.0.10,74.125.110.42,,,49235,443,0,37,17
1587481693.1482801,74.125.110.42,10.10.0.10,,,443,49235,0,1358,17
1587481693.1853821,74.125.110.42,10.10.0.10,,,443,49235,0,1358,17
1587481693.222526,173.194.182.102,10.10.0.10,,,443,41888,0,29,17
1587481693.224145,74.125.110.42,10.10.0.10,,,443,49235,0,1358,17
1587481693.22815,10.10.0.10,74.125.110.42,,,49235,443,0,37,17
1587481693.2613304,74.125.110.42,10.10.0.10,,,443,49235,0,1358,17
1587481693.298458,74.125.110.42,10.10.0.10,,,443,49235,0,1358,17
1587481693.335583,74.125.110.42,10.10.0.10,,,443,49235,0,1358,17
1587481693.3726294,74.125.110.42,10.10.0.10,,,443,49235,0,1358,17
1587481693.409749,74.125.110.42,10.10.0.10,,,443,49235,0,1358,17
1587481693.446936,74.125.110.42,10.10.0.10,,,443,49235,0,1358,17
1587481693.469351,10.10.0.10,74.125.110.42,,,49235,443,0,37,17
1587481693.490524,74.125.110.42,10.10.0.10,,,443,49235,0,1358,17
1587481693.94936,10.10.0.10,74.125.110.42,,,49235,443,0,37,17
1587481693.97065,74.125.110.42,10.10.0.10,,,443,49235,0,1358,17
1587481694.263175,10.10.0.10,74.125.110.42,,,49235,443,0,37,17
1587481694.264823,10.10.0.10,74.125.110.42,,,49235,443,0,50,17
1587481694.265368,10.10.0.10,74.125.110.42,,,49235,443,0,40,17
1587481694.2668898,10.10.0.10,74.125.110.42,,,49235,443,0,42,17
1587481694.2671402,10.10.0.10,74.125.110.42,,,49235,443,0,42,17
1587481694.284129,74.125.110.42,10.10.0.10,,,443,49235,0,1358,17
1587481694.290344,74.125.110.42,10.10.0.10,,,443,49235,0,29,17
1587481694.3124769,74.125.110.42,10.10.0.10,,,443,49235,0,1358,17
1587481694.333339,74.125.110.42,10.10.0.10,,,443,49235,0,1358,17
1587481694.3494108,10.10.0.10,74.125.110.42,,,49235,443,0,42,17
1587481694.354578,74.125.110.42,10.10.0.10,,,443,49235,0,1358,17
1587481694.3550081,10.10.0.10,74.125.110.42,,,49235,443,0,37,17
1587481694.3917027,74.125.110.42,10.10.0.10,,,443,49235,0,1358,17
1587481694.394113,10.10.0.10,74.125.110.42,,,49235,443,0,37,17
1587481694.428817,74.125.110.42,10.10.0.10,,,443,49235,0,1358,17
1587481694.4659386,74.125.110.42,10.10.0.10,,,443,49235,0,1358,17
1587481694.467591,10.10.0.10,74.125.110.42,,,49235,443,0,37,17
1587481694.503056,74.125.110.42,10.10.0.10,,,443,49235,0,1358,17
1587481694.540182,74.125.110.42,10.10.0.10,,,443,49235,0,1358,17
1587481694.5442598,10.10.0.10,74.125.110.42,,,49235,443,0,37,17
1587481694.5772982,74.125.110.42,10.10.0.10,,,443,49235,0,1358,17
1587481694.614422,74.125.110.42,10.10.0.10,,,443,49235,0,1358,17
1587481694.619735,10.10.0.10,74.125.110.42,,,49235,443,0,37,17
1587481694.651551,74.125.110.42,10.10.0.10,,,443,49235,0,1358,17
1587481694.685057,10.10.0.10,74.125.110.42,,,49235,443,0,37,17
1587481694.688671,74.125.110.42,10.10.0.10,,,443,49235,0,1358,17
1587481694.725791,74.125.110.42,10.10.0.10,,,443,49235,0,1358,17
1587481694.727638,10.10.0.10,74.125.110.42,,,49235,443,0,37,17
1587481694.76291,74.125.110.42,10.10.0.10,,,443,49235,0,1358,17
1587481694.800027,74.125.110.42,10.10.0.10,,,443,49235,0,1358,17
1587481694.8020694,10.10.0.10,74.125.110.42,,,49235,443,0,37,17
1587481694.837143,74.125.110.42,10.10.0.10,,,443,49235,0,1358,17
1587481694.8742616,74.125.110.42,10.10.0.10,,,443,49235,0,1358,17
1587481694.8760376,10.10.0.10,74.125.110.42,,,49235,443,0,37,17
1587481694.911387,74.125.110.42,10.10.0.10,,,443,49235,0,1358,17
1587481694.948503,74.125.110.42,10.10.0.10,,,443,49235,0,1358,17
1587481694.9509082,10.10.0.10,74.125.110.42,,,49235,443,0,37,17
1587481694.9856234,74.125.110.42,10.10.0.10,,,443,49235,0,1358,17
1587481695.022742,74.125.110.42,10.10.0.10,,,443,49235,0,1358,17
1587481695.026015,10.10.0.10,74.125.110.42,,,49235,443,0,37,17
1587481695.059862,74.125.110.42,10.10.0.10,,,443,49235,0,1358,17
1587481695.096978,74.125.110.42,10.10.0.10,,,443,49235,0,1358,17
1587481695.0988061,10.10.0.10,74.125.110.42,,,49235,443,0,37,17
1587481695.1341028,74.125.110.42,10.10.0.10,,,443,49235,0,1358,17
1587481695.171203,74.125.110.42,10.10.0.10,,,443,49235,0,1358,17
1587481695.1730616,10.10.0.10,74.125.110.42,,,49235,443,0,37,17
1587481695.208334,74.125.110.42,10.10.0.10,,,443,49235,0,1358,17
1587481695.245393,74.125.110.42,10.10.0.10,,,443,49235,0,1358,17
1587481695.246986,10.10.0.10,74.125.110.42,,,49235,443,0,37,17
1587481695.282534,74.125.110.42,10.10.0.10,,,443,49235,0,1358,17
1587481695.319695,74.125.110.42,10.10.0.10,,,443,49235,0,1358,17
1587481695.321327,10.10.0.10,74.125.110.42,,,49235,443,0,37,17
1587481695.356816,74.125.110.42,10.10.0.10,,,443,49235,0,1358,17
1587481695.393944,74.125.110.42,10.10.0.10,,,443,49235,0,1358,17
1587481695.395736,10.10.0.10,74.125.110.42,,,49235,443,0,50,17
1587481695.4310598,74.125.110.42,10.10.0.10,,,443,49235,0,801,17
1587481695.4457,10.10.0.10,173.194.182.102,,,41888,443,0,711,17
1587481695.445996,10.10.0.10,173.194.182.102,,,41888,443,0,48,17
1587481695.450594,10.10.0.10,74.125.110.42,,,49235,443,0,684,17
1587481695.450842,10.10.0.10,74.125.110.42,,,49235,443,0,48,17
1587481695.453328,74.125.110.42,10.10.0.10,,,443,49235,0,29,17
1587481695.456423,173.194.182.102,10.10.0.10,,,443,41888,0,115,17
1587481695.458982,173.194.182.102,10.10.0.10,,,443,41888,0,1358,17
1587481695.461255,10.10.0.10,173.194.182.102,,,41888,443,0,37,17
1587481695.4960608,173.194.182.102,10.10.0.10,,,443,41888,0,1358,17
1587481695.533224,173.194.182.102,10.10.0.10,,,443,41888,0,1358,17
1587481695.535094,10.10.0.10,173.194.182.102,,,41888,443,0,37,17
1587481695.570346,173.194.182.102,10.10.0.10,,,443,41888,0,1358,17
1587481695.606555,10.10.0.10,173.194.182.102,,,41888,443,0,37,17
1587481695.607464,173.194.182.102,10.10.0.10,,,443,41888,0,1358,17
1587481695.6445882,173.194.182.102,10.10.0.10,,,443,41888,0,1358,17
1587481695.6467464,10.10.0.10,173.194.182.102,,,41888,443,0,37,17
1587481695.681708,173.194.182.102,10.10.0.10,,,443,41888,0,1358,17
1587481695.7188294,173.194.182.102,10.10.0.10,,,443,41888,0,1358,17
1587481695.720638,10.10.0.10,173.194.182.102,,,41888,443,0,37,17
1587481695.755903,173.194.182.102,10.10.0.10,,,443,41888,0,1358,17
1587481695.792114,10.10.0.10,173.194.182.102,,,41888,443,0,37,17
1587481695.7930682,173.194.182.102,10.10.0.10,,,443,41888,0,1358,17
1587481695.830192,74.125.110.42,10.10.0.10,,,443,49235,0,1358,17
1587481695.8320382,10.10.0.10,74.125.110.42,,,49235,443,0,40,17
1587481695.8321102,10.10.0.10,173.194.182.102,,,41888,443,0,37,17
1587481695.8673036,74.125.110.42,10.10.0.10,,,443,49235,0,115,17
1587481695.869198,10.10.0.10,74.125.110.42,,,49235,443,0,37,17
1587481695.871272,74.125.110.42,10.10.0.10,,,443,49235,0,1358,17
1587481695.908393,74.125.110.42,10.10.0.10,,,443,49235,0,1358,17
1587481695.9106288,10.10.0.10,74.125.110.42,,,49235,443,0,37,17
1587481695.945516,74.125.110.42,10.10.0.10,,,443,49235,0,1358,17
1587481695.948927,10.10.0.10,74.125.110.42,,,49235,443,0,40,17
1587481695.982639,74.125.110.42,10.10.0.10,,,443,49235,0,1358,17
1587481695.984818,10.10.0.10,74.125.110.42,,,49235,443,0,37,17
1587481696.019752,74.125.110.42,10.10.0.10,,,443,49235,0,1358,17
1587481696.0568779,74.125.110.42,10.10.0.10,,,443,49235,0,1358,17
1587481696.058672,10.10.0.10,74.125.110.42,,,49235,443,0,37,17
1587481696.0939946,74.125.110.42,10.10.0.10,,,443,49235,0,1358,17
1587481696.1311069,74.125.110.42,10.10.0.10,,,443,49235,0,1358,17
1587481696.131142,10.10.0.10,74.125.110.42,,,49235,443,0,37,17
1587481696.132731,10.10.0.10,74.125.110.42,,,49235,443,0,40,17
1587481696.1681788,74.125.110.42,10.10.0.10,,,443,49235,0,1358,17
1587481696.171002,10.10.0.10,74.125.110.42,,,49235,443,0,40,17
1587481696.2053502,173.194.182.102,10.10.0.10,,,443,41888,0,1358,17
1587481696.24241,74.125.110.42,10.10.0.10,,,443,49235,0,1358,17
1587481696.243993,10.10.0.10,74.125.110.42,,,49235,443,0,40,17
1587481696.244201,10.10.0.10,173.194.182.102,,,41888,443,0,37,17
1587481696.2795286,173.194.182.102,10.10.0.10,,,443,41888,0,1358,17
1587481696.316709,173.194.182.102,10.10.0.10,,,443,41888,0,1358,17
1587481696.3184748,10.10.0.10,173.194.182.102,,,41888,443,0,37,17
1587481696.353837,173.194.182.102,10.10.0.10,,,443,41888,0,1358,17
1587481696.390954,173.194.182.102,10.10.0.10,,,443,41888,0,1358,17
1587481696.392731,10.10.0.10,173.194.182.102,,,41888,443,0,37,17
1587481696.4280784,173.194.182.102,10.10.0.10,,,443,41888,0,1358,17
1587481696.465194,173.194.182.102,10.10.0.10,,,443,41888,0,1358,17
1587481696.46677,10.10.0.10,173.194.182.102,,,41888,443,0,37,17
1587481696.5023134,173.194.182.102,10.10.0.10,,,443,41888,0,1358,17
1587481696.539433,173.194.182.102,10.10.0.10,,,443,41888,0,1358,17
1587481696.5410821,10.10.0.10,173.194.182.102,,,41888,443,0,37,17
1587481696.5765572,173.194.182.102,10.10.0.10,,,443,41888,0,1358,17
1587481696.613677,173.194.182.102,10.10.0.10,,,443,41888,0,1358,17
1587481696.615526,10.10.0.10,173.194.182.102,,,41888,443,0,37,17
1587481696.6507866,173.194.182.102,10.10.0.10,,,443,41888,0,1358,17
1587481696.687921,173.194.182.102,10.10.0.10,,,443,41888,0,1358,17
1587481696.6898859,10.10.0.10,173.194.182.102,,,41888,443,0,37,17
1587481696.7250428,173.194.182.102,10.10.0.10,,,443,41888,0,1358,17
1587481696.7621179,173.194.182.102,10.10.0.10,,,443,41888,0,1358,17
1587481696.764051,10.10.0.10,173.194.182.102,,,41888,443,0,37,17
1587481696.799231,173.194.182.102,10.10.0.10,,,443,41888,0,1358,17
1587481696.8363962,173.194.182.102,10.10.0.10,,,443,41888,0,1358,17
1587481696.8383124,10.10.0.10,173.194.182.102,,,41888,443,0,37,17
1587481696.873517,173.194.182.102,10.10.0.10,,,443,41888,0,1358,17
1587481696.9106364,173.194.182.102,10.10.0.10,,,443,41888,0,1358,17
1587481696.912398,10.10.0.10,173.194.182.102,,,41888,443,0,37,17
1587481696.947751,173.194.182.102,10.10.0.10,,,443,41888,0,1358,17
1587481696.9848762,173.194.182.102,10.10.0.10,,,443,41888,0,1358,17
1587481696.986849,10.10.0.10,173.194.182.102,,,41888,443,0,37,17
1587481697.0219948,173.194.182.102,10.10.0.10,,,443,41888,0,1358,17
1587481697.059118,173.194.182.102,10.10.0.10,,,443,41888,0,1358,17
1587481697.060936,10.10.0.10,173.194.182.102,,,41888,443,0,37,17
1587481697.0962374,173.194.182.102,10.10.0.10,,,443,41888,0,1358,17
1587481697.133356,173.194.182.102,10.10.0.10,,,443,41888,0,1358,17
1587481697.135207,10.10.0.10,173.194.182.102,,,41888,443,0,50,17
1587481697.17041,173.194.182.102,10.10.0.10,,,443,41888,0,1358,17
1587481697.207579,74.125.110.42,10.10.0.10,,,443,49235,0,1358,17
1587481697.2093148,10.10.0.10,74.125.110.42,,,49235,443,0,40,17
1587481697.20953,10.10.0.10,173.194.182.102,,,41888,443,0,37,17
1587481697.2446694,173.194.182.102,10.10.0.10,,,443,41888,0,1358,17
1587481697.281818,173.194.182.102,10.10.0.10,,,443,41888,0,1358,17
1587481697.318919,173.194.182.102,10.10.0.10,,,443,41888,0,1358,17
1587481697.3229141,10.10.0.10,173.194.182.102,,,41888,443,0,37,17
1587481697.356068,74.125.110.42,10.10.0.10,,,443,49235,0,1358,17
1587481697.393192,74.125.110.42,10.10.0.10,,,443,49235,0,1358,17
1587481697.43031,74.125.110.42,10.10.0.10,,,443,49235,0,1358,17
1587481697.4674294,74.125.110.42,10.10.0.10,,,443,49235,0,1358,17
1587481697.504549,74.125.110.42,10.10.0.10,,,443,49235,0,1358,17
1587481697.5416696,74.125.110.42,10.10.0.10,,,443,49235,0,1358,17
1587481697.564379,10.10.0.10,173.194.182.102,,,41888,443,0,37,17
1587481697.5787911,74.125.110.42,10.10.0.10,,,443,49235,0,1358,17
1587481697.61591,74.125.110.42,10.10.0.10,,,443,49235,0,1358,17
1587481697.653033,173.194.182.102,10.10.0.10,,,443,41888,0,1358,17
1587481697.690152,74.125.110.42,10.10.0.10,,,443,49235,0,1358,17
1587481697.727273,173.194.182.102,10.10.0.10,,,443,41888,0,1358,17
1587481697.7643929,173.194.182.102,10.10.0.10,,,443,41888,0,1358,17
1587481697.801518,173.194.182.102,10.10.0.10,,,443,41888,0,1358,17
1587481697.838641,173.194.182.102,10.10.0.10,,,443,41888,0,1358,17
1587481697.8757572,173.194.182.102,10.10.0.10,,,443,41888,0,1358,17
1587481697.9128811,173.194.182.102,10.10.0.10,,,443,41888,0,1358,17
1587481697.924416,10.10.0.10,74.125.110.42,,,49235,443,0,40,17
1587481697.950001,173.194.182.102,10.10.0.10,,,443,41888,0,1358,17
1587481697.9871204,173.194.182.102,10.10.0.10,,,443,41888,0,1358,17
1587481698.0242374,173.194.182.102,10.10.0.10,,,443,41888,0,1358,17
1587481698.061363,173.194.182.102,10.10.0.10,,,443,41888,0,1358,17
1587481698.0984838,173.194.182.102,10.10.0.10,,,443,41888,0,1358,17
1587481698.135603,173.194.182.102,10.10.0.10,,,443,41888,0,1358,17
1587481698.17265,173.194.182.102,10.10.0.10,,,443,41888,0,1358,17
1587481698.209826,173.194.182.102,10.10.0.10,,,443,41888,0,1358,17
1587481698.2469099,173.194.182.102,10.10.0.10,,,443,41888,0,1358,17
1587481698.284007,173.194.182.102,10.10.0.10,,,443,41888,0,1358,17
1587481698.325614,173.194.182.102,10.10.0.10,,,443,41888,0,1358,17
1587481698.3627741,173.194.182.102,10.10.0.10,,,443,41888,0,1358,17
1587481698.399894,173.194.182.102,10.10.0.10,,,443,41888,0,1358,17
1587481698.4370108,173.194.182.102,10.10.0.10,,,443,41888,0,1358,17
1587481698.4614682,10.10.0.10,173.194.182.102,,,41888,443,0,43,17
1587481698.4741304,173.194.182.102,10.10.0.10,,,443,41888,0,1358,17
1587481698.5112536,173.194.182.102,10.10.0.10,,,443,41888,0,1358,17
1587481698.5483801,173.194.182.102,10.10.0.10,,,443,41888,0,1358,17
1587481698.5817466,10.10.0.10,74.125.110.42,,,49235,443,0,40,17
1587481698.5818,10.10.0.10,74.125.110.42,,,49235,443,0,40,17
1587481698.5836089,10.10.0.10,74.125.110.42,,,49235,443,0,40,17
1587481698.585453,173.194.182.102,10.10.0.10,,,443,41888,0,1358,17
1587481698.585811,10.10.0.10,74.125.110.42,,,49235,443,0,42,17
1587481698.5875652,10.10.0.10,74.125.110.42,,,49235,443,0,42,17
1587481698.588774,10.10.0.10,173.194.182.102,,,41888,443,0,37,17
1587481698.590631,10.10.0.10,173.194.182.102,,,41888,443,0,37,17
1587481698.593536,10.10.0.10,173.194.182.102,,,41888,443,0,37,17
1587481698.5946429,10.10.0.10,173.194.182.102,,,41888,443,0,37,17
1587481698.595624,10.10.0.10,173.194.182.102,,,41888,443,0,37,17
1587481698.596188,10.10.0.10,173.194.182.102,,,41888,443,0,37,17
1587481698.6020901,10.10.0.10,173.194.182.102,,,41888,443,0,37,17
1587481698.602154,10.10.0.10,173.194.182.102,,,41888,443,0,37,17
1587481698.6026258,10.10.0.10,173.194.182.102,,,41888,443,0,37,17
1587481698.604507,10.10.0.10,173.194.182.102,,,41888,443,0,37,17
1587481698.6050868,10.10.0.10,173.194.182.102,,,41888,443,0,37,17
1587481698.6226141,173.194.182.102,10.10.0.10,,,443,41888,0,1358,17
1587481698.6641462,173.194.182.102,10.10.0.10,,,443,41888,0,1358,17
1587481698.6999118,10.10.0.10,173.194.182.102,,,41888,443,0,37,17
1587481698.6999712,10.10.0.10,173.194.182.102,,,41888,443,0,37,17
1587481698.7013,173.194.182.102,10.10.0.10,,,443,41888,0,1358,17
1587481698.702321,10.10.0.10,173.194.182.102,,,41888,443,0,37,17
1587481698.7384179,74.125.110.42,10.10.0.10,,,443,49235,0,1358,17
1587481698.7755392,173.194.182.102,10.10.0.10,,,443,41888,0,1358,17
1587481698.81705,173.194.182.102,10.10.0.10,,,443,41888,0,29,17
1587481698.818794,173.194.182.102,10.10.0.10,,,443,41888,0,1358,17
1587481698.8199878,10.10.0.10,173.194.182.102,,,41888,443,0,37,17
1587481698.8234758,10.10.0.10,74.125.110.42,,,49235,443,0,42,17
1587481698.825946,10.10.0.10,173.194.182.102,,,41888,443,0,37,17
1587481698.8559148,74.125.110.42,10.10.0.10,,,443,49235,0,1358,17
1587481698.893032,173.194.182.102,10.10.0.10,,,443,41888,0,1358,17
1587481698.93015,173.194.182.102,10.10.0.10,,,443,41888,0,1358,17
1587481698.942369,10.10.0.10,74.125.110.42,,,49235,443,0,42,17
1587481698.9441721,10.10.0.10,173.194.182.102,,,41888,443,0,37,17
1587481698.9672759,74.125.110.42,10.10.0.10,,,443,49235,0,1358,17
1587481699.0043962,173.194.182.102,10.10.0.10,,,443,41888,0,1358,17
1587481699.0415149,74.125.110.42,10.10.0.10,,,443,49235,0,1358,17
1587481699.066026,10.10.0.10,74.125.110.42,,,49235,443,0,55,17
1587481699.078633,173.194.182.102,10.10.0.10,,,443,41888,0,1358,17
1587481699.080487,10.10.0.10,173.194.182.102,,,41888,443,0,37,17
1587481699.1157546,173.194.182.102,10.10.0.10,,,443,41888,0,1358,17
1587481699.1528769,173.194.182.102,10.10.0.10,,,443,41888,0,1358,17
1587481699.184526,10.10.0.10,173.194.182.102,,,41888,443,0,37,17
1587481699.18995,173.194.182.102,10.10.0.10,,,443,41888,0,1358,17
1587481699.22711,173.194.182.102,10.10.0.10,,,443,41888,0,1358,17
1587481699.264232,173.194.182.102,10.10.0.10,,,443,41888,0,1358,17
1587481699.298025,10.10.0.10,173.194.182.102,,,41888,443,0,50,17
1587481699.3013158,173.194.182.102,10.10.0.10,,,443,41888,0,1358,17
1587481699.3026981,10.10.0.10,173.194.182.102,,,41888,443,0,37,17
1587481699.3384788,173.194.182.102,10.10.0.10,,,443,41888,0,1358,17
1587481699.3756,173.194.182.102,10.10.0.10,,,443,41888,0,1358,17
1587481699.4127214,173.194.182.102,10.10.0.10,,,443,41888,0,1358,17
1587481699.4200258,10.10.0.10,173.194.182.102,,,41888,443,0,37,17
1587481699.422602,10.10.0.10,173.194.182.102,,,41888,443,0,37,17
1587481699.4498448,173.194.182.102,10.10.0.10,,,443,41888,0,1358,17
1587481699.4553475,10.10.0.10,173.194.182.102,,,41888,443,0,37,17
1587481699.4868898,173.194.182.102,10.10.0.10,,,443,41888,0,1358,17
1587481699.5240722,173.194.182.102,10.10.0.10,,,443,41888,0,1358,17
1587481699.525798,10.10.0.10,173.194.182.102,,,41888,443,0,37,17
1587481699.561193,173.194.182.102,10.10.0.10,,,443,41888,0,1358,17
1587481699.590858,10.10.0.10,173.194.182.102,,,41888,443,0,37,17
1587481699.598312,173.194.182.102,10.10.0.10,,,443,41888,0,1358,17
1587481699.635403,74.125.110.42,10.10.0.10,,,443,49235,0,1358,17
1587481699.637858,10.10.0.10,173.194.182.102,,,41888,443,0,37,17
1587481699.6725519,173.194.182.102,10.10.0.10,,,443,41888,0,1358,17
1587481699.6757278,10.10.0.10,74.125.110.42,,,49235,443,0,42,17
1587481699.709671,74.125.110.42,10.10.0.10,,,443,49235,0,1358,17
1587481699.711858,10.10.0.10,173.194.182.102,,,41888,443,0,37,17
1587481699.746792,173.194.182.102,10.10.0.10,,,443,41888,0,1358,17
1587481699.74884,10.10.0.10,74.125.110.42,,,49235,443,0,42,17
1587481699.783881,173.194.182.102,10.10.0.10,,,443,41888,0,1358,17
1587481699.78625,10.10.0.10,173.194.182.102,,,41888,443,0,37,17
1587481699.821032,173.194.182.102,10.10.0.10,,,443,41888,0,1358,17
1587481699.858151,173.194.182.102,10.10.0.10,,,443,41888,0,461,17
1587481699.859774,10.10.0.10,173.194.182.102,,,41888,443,0,37,17
1587481699.871353,74.125.110.42,10.10.0.10,,,443,49235,0,1358,17
1587481699.908432,74.125.110.42,10.10.0.10,,,443,49235,0,1358,17
1587481699.910264,10.10.0.10,74.125.110.42,,,49235,443,0,37,17
1587481699.9455972,74.125.110.42,10.10.0.10,,,443,49235,0,1358,17
1587481699.985464,173.194.182.102,10.10.0.10,,,443,41888,0,32,17
1587481699.9872198,74.125.110.42,10.10.0.10,,,443,49235,0,1358,17
1587481699.9903288,10.10.0.10,74.125.110.42,,,49235,443,0,37,17
1587481700.024339,74.125.110.42,10.10.0.10,,,443,49235,0,1358,17
1587481700.0283642,10.10.0.10,74.125.110.42,,,49235,443,0,37,17
1587481700.061463,74.125.110.42,10.10.0.10,,,443,49235,0,1358,17
1587481700.098582,74.125.110.42,10.10.0.10,,,443,49235,0,1358,17
1587481700.100481,10.10.0.10,74.125.110.42,,,49235,443,0,37,17
1587481700.1356988,74.125.110.42,10.10.0.10,,,443,49235,0,1358,17
1587481700.169843,10.10.0.10,74.125.110.42,,,49235,443,0,37,17
1587481700.17276,74.125.110.42,10.10.0.10,,,443,49235,0,1358,17
1587481700.209936,74.125.110.42,10.10.0.10,,,443,49235,0,1358,17
1587481700.211864,10.10.0.10,74.125.110.42,,,49235,443,0,37,17
1587481700.246992,74.125.110.42,10.10.0.10,,,443,49235,0,1358,17
1587481700.2841148,74.125.110.42,10.10.0.10,,,443,49235,0,1358,17
1587481700.285887,10.10.0.10,74.125.110.42,,,49235,443,0,37,17
1587481700.321289,74.125.110.42,10.10.0.10,,,443,49235,0,1358,17
1587481700.35842,74.125.110.42,10.10.0.10,,,443,49235,0,1358,17
1587481700.360351,10.10.0.10,74.125.110.42,,,49235,443,0,37,17
1587481700.395544,74.125.110.42,10.10.0.10,,,443,49235,0,1358,17
1587481700.432662,74.125.110.42,10.10.0.10,,,443,49235,0,1358,17
1587481700.4359212,10.10.0.10,74.125.110.42,,,49235,443,0,37,17
1587481700.4697795,74.125.110.42,10.10.0.10,,,443,49235,0,1358,17
1587481700.506903,74.125.110.42,10.10.0.10,,,443,49235,0,1358,17
1587481700.5087235,10.10.0.10,74.125.110.42,,,49235,443,0,37,17
1587481700.5440214,74.125.110.42,10.10.0.10,,,443,49235,0,1358,17
1587481700.58112,74.125.110.42,10.10.0.10,,,443,49235,0,1358,17
1587481700.582885,10.10.0.10,74.125.110.42,,,49235,443,0,40,17
1587481700.618273,74.125.110.42,10.10.0.10,,,443,49235,0,1358,17
1587481700.6198368,10.10.0.10,74.125.110.42,,,49235,443,0,40,17
1587481700.6553948,74.125.110.42,10.10.0.10,,,443,49235,0,1358,17
1587481700.658232,10.10.0.10,74.125.110.42,,,49235,443,0,40,17
1587481700.6925054,74.125.110.42,10.10.0.10,,,443,49235,0,1358,17
1587481700.6942909,10.10.0.10,74.125.110.42,,,49235,443,0,40,17
1587481700.729623,74.125.110.42,10.10.0.10,,,443,49235,0,1358,17
1587481700.766743,74.125.110.42,10.10.0.10,,,443,49235,0,1358,17
1587481700.768561,10.10.0.10,74.125.110.42,,,49235,443,0,40,17
1587481700.803863,74.125.110.42,10.10.0.10,,,443,49235,0,1358,17
1587481700.8409832,74.125.110.42,10.10.0.10,,,443,49235,0,1358,17
1587481700.842634,10.10.0.10,74.125.110.42,,,49235,443,0,40,17
1587481700.878099,74.125.110.42,10.10.0.10,,,443,49235,0,1358,17
1587481700.9152188,74.125.110.42,10.10.0.10,,,443,49235,0,1358,17
1587481700.9170976,10.10.0.10,74.125.110.42,,,49235,443,0,40,17
1587481700.9522982,74.125.110.42,10.10.0.10,,,443,49235,0,1358,17
1587481700.989463,74.125.110.42,10.10.0.10,,,443,49235,0,1358,17
1587481700.9918509,10.10.0.10,74.125.110.42,,,49235,443,0,53,17
1587481701.026582,74.125.110.42,10.10.0.10,,,443,49235,0,1358,17
1587481701.0637019,74.125.110.42,10.10.0.10,,,443,49235,0,1358,17
1587481701.065958,10.10.0.10,74.125.110.42,,,49235,443,0,42,17
1587481701.100822,74.125.110.42,10.10.0.10,,,443,49235,0,1358,17
1587481701.104394,10.10.0.10,74.125.110.42,,,49235,443,0,42,17
1587481701.137943,74.125.110.42,10.10.0.10,,,443,49235,0,1358,17
1587481701.1397061,10.10.0.10,74.125.110.42,,,49235,443,0,42,17
1587481701.1750598,74.125.110.42,10.10.0.10,,,443,49235,0,1358,17
1587481701.18718,10.10.0.10,74.125.110.42,,,49235,443,0,42,17
1587481701.212106,74.125.110.42,10.10.0.10,,,443,49235,0,1358,17
1587481701.249232,74.125.110.42,10.10.0.10,,,443,49235,0,1358,17
1587481701.251078,10.10.0.10,74.125.110.42,,,49235,443,0,42,17
1587481701.286405,74.125.110.42,10.10.0.10,,,443,49235,0,1358,17
1587481701.2884881,10.10.0.10,74.125.110.42,,,49235,443,0,44,17
1587481701.323473,74.125.110.42,10.10.0.10,,,443,49235,0,1358,17
1587481701.3252828,10.10.0.10,74.125.110.42,,,49235,443,0,44,17
1587481701.360656,74.125.110.42,10.10.0.10,,,443,49235,0,1358,17
1587481701.3977802,74.125.110.42,10.10.0.10,,,443,49235,0,1358,17
1587481701.417165,10.10.0.10,74.125.110.42,,,49235,443,0,44,17
1587481701.4180052,10.10.0.10,74.125.110.42,,,49235,443,0,44,17
1587481701.4348981,74.125.110.42,10.10.0.10,,,443,49235,0,1358,17
1587481701.472022,74.125.110.42,10.10.0.10,,,443,49235,0,1358,17
1587481701.5091438,74.125.110.42,10.10.0.10,,,443,49235,0,1358,17
1587481701.5462668,74.125.110.42,10.10.0.10,,,443,49235,0,1358,17
1587481701.583387,74.125.110.42,10.10.0.10,,,443,49235,0,1358,17
1587481701.6205091,74.125.110.42,10.10.0.10,,,443,49235,0,1358,17
1587481701.657623,74.125.110.42,10.10.0.10,,,443,49235,0,1358,17
1587481701.6605196,10.10.0.10,74.125.110.42,,,49235,443,0,44,17
1587481701.6947172,74.125.110.42,10.10.0.10,,,443,49235,0,1358,17
1587481701.7318692,74.125.110.42,10.10.0.10,,,443,49235,0,1358,17
1587481701.768993,74.125.110.42,10.10.0.10,,,443,49235,0,1358,17
1587481701.806072,74.125.110.42,10.10.0.10,,,443,49235,0,1358,17
1587481701.8432329,74.125.110.42,10.10.0.10,,,443,49235,0,1358,17
1587481701.880352,74.125.110.42,10.10.0.10,,,443,49235,0,1358,17
1587481701.9174721,74.125.110.42,10.10.0.10,,,443,49235,0,1358,17
1587481701.9545882,74.125.110.42,10.10.0.10,,,443,49235,0,1358,17
1587481701.9917068,74.125.110.42,10.10.0.10,,,443,49235,0,1358,17
1587481702.028833,74.125.110.42,10.10.0.10,,,443,49235,0,1358,17
1587481702.065952,74.125.110.42,10.10.0.10,,,443,49235,0,1358,17
1587481702.1030679,74.125.110.42,10.10.0.10,,,443,49235,0,1358,17
1587481702.1401901,74.125.110.42,10.10.0.10,,,443,49235,0,1358,17
1587481702.1772988,74.125.110.42,10.10.0.10,,,443,49235,0,1358,17
1587481702.214376,74.125.110.42,10.10.0.10,,,443,49235,0,1358,17
1587481702.380573,10.10.0.10,74.125.110.42,,,49235,443,0,43,17
1587481702.401669,74.125.110.42,10.10.0.10,,,443,49235,0,32,17
1587481702.4510071,10.10.0.10,74.125.110.42,,,49235,443,0,44,17
1587481702.454216,10.10.0.10,74.125.110.42,,,49235,443,0,46,17
1587481702.457381,10.10.0.10,74.125.110.42,,,49235,443,0,46,17
1587481702.45839,10.10.0.10,74.125.110.42,,,49235,443,0,46,17
1587481702.458446,10.10.0.10,74.125.110.42,,,49235,443,0,46,17
1587481702.4618292,10.10.0.10,74.125.110.42,,,49235,443,0,46,17
1587481702.462643,10.10.0.10,74.125.110.42,,,49235,443,0,44,17
1587481702.472063,74.125.110.42,10.10.0.10,,,443,49235,0,1358,17
1587481702.5058649,74.125.110.42,10.10.0.10,,,443,49235,0,1358,17
1587481702.539531,74.125.110.42,10.10.0.10,,,443,49235,0,1358,17
1587481702.554643,10.10.0.10,74.125.110.42,,,49235,443,0,44,17
1587481702.557329,10.10.0.10,74.125.110.42,,,49235,443,0,46,17
1587481702.5579536,10.10.0.10,74.125.110.42,,,49235,443,0,46,17
1587481702.559456,10.10.0.10,74.125.110.42,,,49235,443,0,46,17
1587481702.559905,10.10.0.10,74.125.110.42,,,49235,443,0,46,17
1587481702.5627172,10.10.0.10,74.125.110.42,,,49235,443,0,46,17
1587481702.5627642,10.10.0.10,74.125.110.42,,,49235,443,0,46,17
1587481702.5637012,10.10.0.10,74.125.110.42,,,49235,443,0,42,17
1587481702.564803,10.10.0.10,74.125.110.42,,,49235,443,0,42,17
1587481702.572752,74.125.110.42,10.10.0.10,,,443,49235,0,1358,17
1587481702.606457,74.125.110.42,10.10.0.10,,,443,49235,0,1358,17
1587481702.608258,10.10.0.10,74.125.110.42,,,49235,443,0,42,17
1587481702.628625,74.125.110.42,10.10.0.10,,,443,49235,0,1358,17
1587481702.6521478,74.125.110.42,10.10.0.10,,,443,49235,0,1358,17
1587481702.653848,10.10.0.10,74.125.110.42,,,49235,443,0,42,17
1587481702.6893241,74.125.110.42,10.10.0.10,,,443,49235,0,1358,17
1587481702.7264118,74.125.110.42,10.10.0.10,,,443,49235,0,1358,17
1587481702.7288668,10.10.0.10,74.125.110.42,,,49235,443,0,42,17
1587481702.763565,74.125.110.42,10.10.0.10,,,443,49235,0,1358,17
1587481702.8006802,74.125.110.42,10.10.0.10,,,443,49235,0,1358,17
1587481702.8024714,10.10.0.10,74.125.110.42,,,49235,443,0,55,17
1587481702.837805,74.125.110.42,10.10.0.10,,,443,49235,0,1358,17
1587481702.8749251,74.125.110.42,10.10.0.10,,,443,49235,0,1358,17
1587481702.876913,10.10.0.10,74.125.110.42,,,49235,443,0,42,17
1587481702.9120328,74.125.110.42,10.10.0.10,,,443,49235,0,1358,17
1587481702.9441679,10.10.0.10,74.125.110.42,,,49235,443,0,42,17
1587481702.949151,74.125.110.42,10.10.0.10,,,443,49235,0,1358,17
1587481702.986275,74.125.110.42,10.10.0.10,,,443,49235,0,1358,17
1587481702.9884286,10.10.0.10,74.125.110.42,,,49235,443,0,42,17
1587481703.023391,74.125.110.42,10.10.0.10,,,443,49235,0,1358,17
1587481703.060515,74.125.110.42,10.10.0.10,,,443,49235,0,1358,17
1587481703.062402,10.10.0.10,74.125.110.42,,,49235,443,0,42,17
1587481703.097584,74.125.110.42,10.10.0.10,,,443,49235,0,1358,17
1587481703.1347358,74.125.110.42,10.10.0.10,,,443,49235,0,1358,17
1587481703.1366956,10.10.0.10,74.125.110.42,,,49235,443,0,44,17
1587481703.171799,74.125.110.42,10.10.0.10,,,443,49235,0,1358,17
1587481703.1732519,10.10.0.10,74.125.110.42,,,49235,443,0,44,17
1587481703.208951,74.125.110.42,10.10.0.10,,,443,49235,0,1358,17
1587481703.210579,10.10.0.10,74.125.110.42,,,49235,443,0,44,17
1587481703.246057,74.125.110.42,10.10.0.10,,,443,49235,0,29,17
1587481703.247787,74.125.110.42,10.10.0.10,,,443,49235,0,1358,17
1587481703.2849116,74.125.110.42,10.10.0.10,,,443,49235,0,1358,17
1587481703.2864988,10.10.0.10,74.125.110.42,,,49235,443,0,40,17
1587481703.322031,74.125.110.42,10.10.0.10,,,443,49235,0,1358,17
1587481703.359118,74.125.110.42,10.10.0.10,,,443,49235,0,1358,17
1587481703.360918,10.10.0.10,74.125.110.42,,,49235,443,0,40,17
1587481703.396274,74.125.110.42,10.10.0.10,,,443,49235,0,1358,17
1587481703.428158,10.10.0.10,74.125.110.42,,,49235,443,0,40,17
1587481703.433399,74.125.110.42,10.10.0.10,,,443,49235,0,397,17
1587481703.4448931,74.125.110.42,10.10.0.10,,,443,49235,0,1358,17
1587481703.446841,10.10.0.10,74.125.110.42,,,49235,443,0,40,17
1587481703.460252,10.10.0.10,74.125.110.42,,,49235,443,0,676,17
1587481703.4608908,10.10.0.10,173.194.182.102,,,41888,443,0,711,17
1587481703.460942,10.10.0.10,74.125.110.42,,,49235,443,0,48,17
1587481703.4609652,10.10.0.10,173.194.182.102,,,41888,443,0,48,17
1587481703.4820108,173.194.182.102,10.10.0.10,,,443,41888,0,118,17
1587481703.486077,173.194.182.102,10.10.0.10,,,443,41888,0,1358,17
1587481703.4882329,10.10.0.10,173.194.182.102,,,41888,443,0,37,17
1587481703.523187,173.194.182.102,10.10.0.10,,,443,41888,0,1358,17
1587481703.56031,173.194.182.102,10.10.0.10,,,443,41888,0,1358,17
1587481703.5621402,10.10.0.10,173.194.182.102,,,41888,443,0,37,17
1587481703.5974278,173.194.182.102,10.10.0.10,,,443,41888,0,1358,17
1587481703.634522,173.194.182.102,10.10.0.10,,,443,41888,0,1358,17
1587481703.6363492,10.10.0.10,173.194.182.102,,,41888,443,0,37,17
1587481703.671603,173.194.182.102,10.10.0.10,,,443,41888,0,1358,17
1587481703.6737788,10.10.0.10,173.194.182.102,,,41888,443,0,40,17
1587481703.70876,173.194.182.102,10.10.0.10,,,443,41888,0,1358,17
1587481703.7105231,10.10.0.10,173.194.182.102,,,41888,443,0,37,17
1587481703.745903,173.194.182.102,10.10.0.10,,,443,41888,0,1358,17
1587481703.747817,10.10.0.10,173.194.182.102,,,41888,443,0,40,17
1587481703.7830212,173.194.182.102,10.10.0.10,,,443,41888,0,1358,17
1587481703.785046,10.10.0.10,173.194.182.102,,,41888,443,0,40,17
1587481703.820141,74.125.110.42,10.10.0.10,,,443,49235,0,115,17
1587481703.8240714,74.125.110.42,10.10.0.10,,,443,49235,0,1358,17
1587481703.8258939,10.10.0.10,74.125.110.42,,,49235,443,0,37,17
1587481703.861234,74.125.110.42,10.10.0.10,,,443,49235,0,1358,17
1587481703.8633099,10.10.0.10,74.125.110.42,,,49235,443,0,40,17
1587481703.8983555,74.125.110.42,10.10.0.10,,,443,49235,0,1358,17
1587481703.9001384,10.10.0.10,74.125.110.42,,,49235,443,0,37,17
1587481703.93544,74.125.110.42,10.10.0.10,,,443,49235,0,1358,17
1587481703.9383779,10.10.0.10,74.125.110.42,,,49235,443,0,40,17
1587481703.972557,74.125.110.42,10.10.0.10,,,443,49235,0,1358,17
1587481703.9742205,10.10.0.10,74.125.110.42,,,49235,443,0,37,17
1587481704.0097158,74.125.110.42,10.10.0.10,,,443,49235,0,1358,17
1587481704.046834,74.125.110.42,10.10.0.10,,,443,49235,0,1358,17
1587481704.0487301,10.10.0.10,74.125.110.42,,,49235,443,0,37,17
1587481704.0839558,74.125.110.42,10.10.0.10,,,443,49235,0,1358,17
1587481704.121071,74.125.110.42,10.10.0.10,,,443,49235,0,1358,17
1587481704.152695,10.10.0.10,74.125.110.42,,,49235,443,0,40,17
1587481704.1530876,10.10.0.10,74.125.110.42,,,49235,443,0,40,17
1587481704.1581779,74.125.110.42,10.10.0.10,,,443,49235,0,1358,17
1587481704.159968,10.10.0.10,74.125.110.42,,,49235,443,0,37,17
1587481704.195282,173.194.182.102,10.10.0.10,,,443,41888,0,1358,17
1587481704.196917,10.10.0.10,173.194.182.102,,,41888,443,0,40,17
1587481704.232382,74.125.110.42,10.10.0.10,,,443,49235,0,1358,17
1587481704.2695398,173.194.182.102,10.10.0.10,,,443,41888,0,1358,17
1587481704.271183,10.10.0.10,173.194.182.102,,,41888,443,0,40,17
1587481704.2714698,10.10.0.10,74.125.110.42,,,49235,443,0,37,17
1587481704.306688,173.194.182.102,10.10.0.10,,,443,41888,0,1358,17
1587481704.3437881,74.125.110.42,10.10.0.10,,,443,49235,0,1358,17
1587481704.346761,10.10.0.10,173.194.182.102,,,41888,443,0,40,17
1587481704.3809092,74.125.110.42,10.10.0.10,,,443,49235,0,1358,17
1587481704.382954,10.10.0.10,74.125.110.42,,,49235,443,0,37,17
1587481704.41804,173.194.182.102,10.10.0.10,,,443,41888,0,1358,17
1587481704.420035,10.10.0.10,173.194.182.102,,,41888,443,0,42,17
1587481704.4562778,173.194.182.102,10.10.0.10,,,443,41888,0,1358,17
1587481704.4578118,10.10.0.10,173.194.182.102,,,41888,443,0,42,17
1587481704.4933946,74.125.110.42,10.10.0.10,,,443,49235,0,1358,17
1587481704.530515,173.194.182.102,10.10.0.10,,,443,41888,0,1358,17
1587481704.5676348,74.125.110.42,10.10.0.10,,,443,49235,0,1358,17
1587481704.604756,173.194.182.102,10.10.0.10,,,443,41888,0,1358,17
1587481704.6418204,74.125.110.42,10.10.0.10,,,443,49235,0,1358,17
1587481704.6530454,10.10.0.10,74.125.110.42,,,49235,443,0,40,17
1587481704.679,173.194.182.102,10.10.0.10,,,443,41888,0,1358,17
1587481704.680815,10.10.0.10,173.194.182.102,,,41888,443,0,44,17
1587481704.716124,173.194.182.102,10.10.0.10,,,443,41888,0,1358,17
1587481704.7182946,10.10.0.10,173.194.182.102,,,41888,443,0,44,17
1587481704.753241,74.125.110.42,10.10.0.10,,,443,49235,0,1358,17
1587481704.7556765,10.10.0.10,74.125.110.42,,,49235,443,0,40,17
1587481704.7903645,173.194.182.102,10.10.0.10,,,443,41888,0,1358,17
1587481704.7922802,10.10.0.10,173.194.182.102,,,41888,443,0,44,17
1587481704.827474,74.125.110.42,10.10.0.10,,,443,49235,0,1358,17
1587481704.829351,10.10.0.10,74.125.110.42,,,49235,443,0,40,17
1587481704.864595,173.194.182.102,10.10.0.10,,,443,41888,0,1358,17
1587481704.867118,10.10.0.10,173.194.182.102,,,41888,443,0,44,17
1587481704.9017134,173.194.182.102,10.10.0.10,,,443,41888,0,1358,17
1587481704.938833,74.125.110.42,10.10.0.10,,,443,49235,0,1358,17
1587481704.941727,10.10.0.10,74.125.110.42,,,49235,443,0,40,17
1587481704.9417849,10.10.0.10,173.194.182.102,,,41888,443,0,44,17
1587481704.9759548,173.194.182.102,10.10.0.10,,,443,41888,0,1358,17
1587481705.0130749,74.125.110.42,10.10.0.10,,,443,49235,0,1358,17
1587481705.0501962,173.194.182.102,10.10.0.10,,,443,41888,0,1358,17
1587481705.0873158,74.125.110.42,10.10.0.10,,,443,49235,0,1358,17
1587481705.09208,10.10.0.10,173.194.182.102,,,41888,443,0,44,17
1587481705.0923092,10.10.0.10,74.125.110.42,,,49235,443,0,40,17
1587481705.124434,173.194.182.102,10.10.0.10,,,443,41888,0,1358,17
1587481705.1614866,173.194.182.102,10.10.0.10,,,443,41888,0,1358,17
1587481705.165056,10.10.0.10,173.194.182.102,,,41888,443,0,44,17
1587481705.198671,74.125.110.42,10.10.0.10,,,443,49235,0,1358,17
1587481705.2357652,173.194.182.102,10.10.0.10,,,443,41888,0,1358,17
1587481705.237638,10.10.0.10,74.125.110.42,,,49235,443,0,40,17
1587481705.2729082,74.125.110.42,10.10.0.10,,,443,49235,0,1358,17
1587481705.2749536,10.10.0.10,173.194.182.102,,,41888,443,0,57,17
1587481705.3100278,173.194.182.102,10.10.0.10,,,443,41888,0,1358,17
1587481705.311858,10.10.0.10,74.125.110.42,,,49235,443,0,40,17
1587481705.347154,74.125.110.42,10.10.0.10,,,443,49235,0,1358,17
1587481705.349153,10.10.0.10,173.194.182.102,,,41888,443,0,44,17
1587481705.384274,173.194.182.102,10.10.0.10,,,443,41888,0,1358,17
1587481705.3992898,10.10.0.10,74.125.110.42,,,49235,443,0,40,17
1587481705.421358,173.194.182.102,10.10.0.10,,,443,41888,0,1358,17
1587481705.4237368,10.10.0.10,173.194.182.102,,,41888,443,0,44,17
1587481705.4585402,74.125.110.42,10.10.0.10,,,443,49235,0,1358,17
1587481705.4956439,173.194.182.102,10.10.0.10,,,443,41888,0,1358,17
1587481705.53276,173.194.182.102,10.10.0.10,,,443,41888,0,1358,17
1587481705.535379,10.10.0.10,173.194.182.102,,,41888,443,0,44,17
1587481705.569884,173.194.182.102,10.10.0.10,,,443,41888,0,1358,17
1587481705.6070044,173.194.182.102,10.10.0.10,,,443,41888,0,1358,17
1587481705.6441252,173.194.182.102,10.10.0.10,,,443,41888,0,1358,17
1587481705.681232,173.194.182.102,10.10.0.10,,,443,41888,0,1358,17
1587481705.7183552,74.125.110.42,10.10.0.10,,,443,49235,0,1358,17
1587481705.7554722,173.194.182.102,10.10.0.10,,,443,41888,0,1358,17
1587481705.755552,10.10.0.10,74.125.110.42,,,49235,443,0,53,17
1587481705.792594,74.125.110.42,10.10.0.10,,,443,49235,0,1358,17
1587481705.8297148,74.125.110.42,10.10.0.10,,,443,49235,0,1358,17
1587481705.8668349,74.125.110.42,10.10.0.10,,,443,49235,0,1358,17
1587481705.9039538,74.125.110.42,10.10.0.10,,,443,49235,0,1358,17
1587481705.9410748,74.125.110.42,10.10.0.10,,,443,49235,0,1358,17
1587481705.978195,74.125.110.42,10.10.0.10,,,443,49235,0,1358,17
1587481706.0153148,74.125.110.42,10.10.0.10,,,443,49235,0,1358,17
1587481706.052434,173.194.182.102,10.10.0.10,,,443,41888,0,1358,17
1587481706.0895548,74.125.110.42,10.10.0.10,,,443,49235,0,1358,17
1587481706.126674,173.194.182.102,10.10.0.10,,,443,41888,0,1358,17
1587481706.163757,74.125.110.42,10.10.0.10,,,443,49235,0,1358,17
1587481706.2009046,173.194.182.102,10.10.0.10,,,443,41888,0,1358,17
1587481706.236944,10.10.0.10,173.194.182.102,,,41888,443,0,44,17
1587481706.236992,10.10.0.10,173.194.182.102,,,41888,443,0,44,17
1587481706.2379878,74.125.110.42,10.10.0.10,,,443,49235,0,1358,17
1587481706.2750845,173.194.182.102,10.10.0.10,,,443,41888,0,1358,17
1587481706.312205,74.125.110.42,10.10.0.10,,,443,49235,0,1358,17
1587481706.349389,173.194.182.102,10.10.0.10,,,443,41888,0,1358,17
1587481706.3557081,10.10.0.10,74.125.110.42,,,49235,443,0,42,17
1587481706.3557491,10.10.0.10,74.125.110.42,,,49235,443,0,44,17
1587481706.3565812,10.10.0.10,173.194.182.102,,,41888,443,0,46,17
1587481706.3865118,173.194.182.102,10.10.0.10,,,443,41888,0,1358,17
1587481706.42363,74.125.110.42,10.10.0.10,,,443,49235,0,1358,17
1587481706.448314,10.10.0.10,74.125.110.42,,,49235,443,0,44,17
1587481706.448359,10.10.0.10,74.125.110.42,,,49235,443,0,44,17
1587481706.4607599,173.194.182.102,10.10.0.10,,,443,41888,0,1358,17
1587481706.497905,173.194.182.102,10.10.0.10,,,443,41888,0,1358,17
1587481706.5349958,74.125.110.42,10.10.0.10,,,443,49235,0,1358,17
1587481706.5405474,10.10.0.10,74.125.110.42,,,49235,443,0,44,17
1587481706.5405972,10.10.0.10,74.125.110.42,,,49235,443,0,44,17
1587481706.541367,10.10.0.10,74.125.110.42,,,49235,443,0,44,17
1587481706.5419722,10.10.0.10,173.194.182.102,,,41888,443,0,46,17
1587481706.542022,10.10.0.10,173.194.182.102,,,41888,443,0,46,17
1587481706.542032,10.10.0.10,74.125.110.42,,,49235,443,0,44,17
1587481706.542257,10.10.0.10,173.194.182.102,,,41888,443,0,43,17
1587481706.54229,10.10.0.10,173.194.182.102,,,41888,443,0,46,17
1587481706.5446632,10.10.0.10,173.194.182.102,,,41888,443,0,46,17
1587481706.545385,10.10.0.10,74.125.110.42,,,49235,443,0,44,17
1587481706.546218,10.10.0.10,173.194.182.102,,,41888,443,0,46,17
1587481706.5721242,173.194.182.102,10.10.0.10,,,443,41888,0,1358,17
1587481706.609242,74.125.110.42,10.10.0.10,,,443,49235,0,1358,17
1587481706.6463642,173.194.182.102,10.10.0.10,,,443,41888,0,1358,17
1587481706.6494026,10.10.0.10,74.125.110.42,,,49235,443,0,44,17
1587481706.6827662,10.10.0.10,173.194.182.102,,,41888,443,0,46,17
1587481706.6828198,10.10.0.10,74.125.110.42,,,49235,443,0,44,17
1587481706.683456,173.194.182.102,10.10.0.10,,,443,41888,0,1358,17
1587481706.7206042,74.125.110.42,10.10.0.10,,,443,49235,0,1358,17
1587481706.7231412,10.10.0.10,173.194.182.102,,,41888,443,0,46,17
1587481706.7577252,173.194.182.102,10.10.0.10,,,443,41888,0,1358,17
1587481706.759518,10.10.0.10,74.125.110.42,,,49235,443,0,44,17
1587481706.759585,10.10.0.10,74.125.110.42,,,49235,443,0,43,17
1587481706.79484,74.125.110.42,10.10.0.10,,,443,49235,0,1358,17
1587481706.7967012,10.10.0.10,173.194.182.102,,,41888,443,0,46,17
1587481706.8319652,173.194.182.102,10.10.0.10,,,443,41888,0,1358,17
1587481706.833951,10.10.0.10,74.125.110.42,,,49235,443,0,44,17
1587481706.86905,74.125.110.42,10.10.0.10,,,443,49235,0,1358,17
1587481706.8709786,10.10.0.10,173.194.182.102,,,41888,443,0,46,17
1587481706.899199,10.10.0.10,74.125.110.42,,,49235,443,0,44,17
1587481706.9062028,173.194.182.102,10.10.0.10,,,443,41888,0,1358,17
1587481706.943324,173.194.182.102,10.10.0.10,,,443,41888,0,1358,17
1587481706.945223,10.10.0.10,173.194.182.102,,,41888,443,0,46,17
1587481706.9804444,74.125.110.42,10.10.0.10,,,443,49235,0,1358,17
1587481707.0161226,10.10.0.10,74.125.110.42,,,49235,443,0,44,17
1587481707.01756,173.194.182.102,10.10.0.10,,,443,41888,0,1358,17
1587481707.054683,74.125.110.42,10.10.0.10,,,443,49235,0,1358,17
1587481707.0566616,10.10.0.10,173.194.182.102,,,41888,443,0,40,17
1587481707.0918,173.194.182.102,10.10.0.10,,,443,41888,0,1358,17
1587481707.093778,10.10.0.10,74.125.110.42,,,49235,443,0,44,17
1587481707.128923,74.125.110.42,10.10.0.10,,,443,49235,0,1358,17
1587481707.1308668,10.10.0.10,173.194.182.102,,,41888,443,0,40,17
1587481707.1660151,173.194.182.102,10.10.0.10,,,443,41888,0,1358,17
1587481707.168282,10.10.0.10,74.125.110.42,,,49235,443,0,44,17
1587481707.2031019,173.194.182.102,10.10.0.10,,,443,41888,0,1358,17
1587481707.2048829,10.10.0.10,173.194.182.102,,,41888,443,0,40,17
1587481707.2402694,74.125.110.42,10.10.0.10,,,443,49235,0,1358,17
1587481707.2773519,74.125.110.42,10.10.0.10,,,443,49235,0,1358,17
1587481707.314472,74.125.110.42,10.10.0.10,,,443,49235,0,1358,17
1587481707.351636,74.125.110.42,10.10.0.10,,,443,49235,0,1358,17
1587481707.3887546,173.194.182.102,10.10.0.10,,,443,41888,0,29,17
1587481707.3904321,74.125.110.42,10.10.0.10,,,443,49235,0,1358,17
1587481707.4275556,74.125.110.42,10.10.0.10,,,443,49235,0,1358,17
1587481707.457807,10.10.0.10,74.125.110.42,,,49235,443,0,46,17
1587481707.4578538,10.10.0.10,74.125.110.42,,,49235,443,0,46,17
1587481707.459897,10.10.0.10,74.125.110.42,,,49235,443,0,46,17
1587481707.459944,10.10.0.10,74.125.110.42,,,49235,443,0,46,17
1587481707.464673,74.125.110.42,10.10.0.10,,,443,49235,0,1358,17
1587481707.468125,10.10.0.10,74.125.110.42,,,49235,443,0,46,17
1587481707.501761,74.125.110.42,10.10.0.10,,,443,49235,0,1358,17
1587481707.503333,10.10.0.10,74.125.110.42,,,49235,443,0,46,17
1587481707.538897,74.125.110.42,10.10.0.10,,,443,49235,0,1358,17
1587481707.5756538,10.10.0.10,74.125.110.42,,,49235,443,0,46,17
1587481707.575999,74.125.110.42,10.10.0.10,,,443,49235,0,1358,17
1587481707.6131554,74.125.110.42,10.10.0.10,,,443,49235,0,1358,17
1587481707.6151571,10.10.0.10,74.125.110.42,,,49235,443,0,48,17
1587481707.6502721,74.125.110.42,10.10.0.10,,,443,49235,0,1358,17
1587481707.6519961,10.10.0.10,74.125.110.42,,,49235,443,0,48,17
1587481707.6873882,74.125.110.42,10.10.0.10,,,443,49235,0,29,17
1587481707.6890712,74.125.110.42,10.10.0.10,,,443,49235,0,1358,17
1587481707.692827,10.10.0.10,74.125.110.42,,,49235,443,0,44,17
1587481707.72619,74.125.110.42,10.10.0.10,,,443,49235,0,1358,17
1587481707.7278988,10.10.0.10,74.125.110.42,,,49235,443,0,44,17
1587481707.7633116,74.125.110.42,10.10.0.10,,,443,49235,0,1358,17
1587481707.7653296,10.10.0.10,74.125.110.42,,,49235,443,0,44,17
1587481707.80039,74.125.110.42,10.10.0.10,,,443,49235,0,1358,17
1587481707.837554,74.125.110.42,10.10.0.10,,,443,49235,0,1358,17
1587481707.8393161,10.10.0.10,74.125.110.42,,,49235,443,0,44,17
1587481707.879127,74.125.110.42,10.10.0.10,,,443,49235,0,1358,17
1587481707.8809571,10.10.0.10,74.125.110.42,,,49235,443,0,46,17
1587481707.9162438,74.125.110.42,10.10.0.10,,,443,49235,0,1358,17
1587481707.91819,10.10.0.10,74.125.110.42,,,49235,443,0,59,17
1587481707.953368,173.194.182.102,10.10.0.10,,,443,41888,0,1358,17
1587481707.990488,74.125.110.42,10.10.0.10,,,443,49235,0,1358,17
1587481707.992671,10.10.0.10,74.125.110.42,,,49235,443,0,46,17
1587481707.9928749,10.10.0.10,173.194.182.102,,,41888,443,0,37,17
1587481708.0276039,173.194.182.102,10.10.0.10,,,443,41888,0,1358,17
1587481708.064729,74.125.110.42,10.10.0.10,,,443,49235,0,1358,17
1587481708.067624,10.10.0.10,74.125.110.42,,,49235,443,0,46,17
1587481708.0678108,10.10.0.10,173.194.182.102,,,41888,443,0,37,17
1587481708.1018438,173.194.182.102,10.10.0.10,,,443,41888,0,1358,17
1587481708.13894,74.125.110.42,10.10.0.10,,,443,49235,0,1358,17
1587481708.140959,10.10.0.10,173.194.182.102,,,41888,443,0,37,17
1587481708.176047,173.194.182.102,10.10.0.10,,,443,41888,0,1358,17
1587481708.1782212,10.10.0.10,74.125.110.42,,,49235,443,0,46,17
1587481708.2131982,173.194.182.102,10.10.0.10,,,443,41888,0,1358,17
1587481708.2148411,10.10.0.10,173.194.182.102,,,41888,443,0,37,17
1587481708.2547462,74.125.110.42,10.10.0.10,,,443,49235,0,1358,17
1587481708.2918842,74.125.110.42,10.10.0.10,,,443,49235,0,1351,17
1587481708.2936358,10.10.0.10,74.125.110.42,,,49235,443,0,46,17
1587481708.328831,74.125.110.42,10.10.0.10,,,443,49235,0,1358,17
1587481708.370407,74.125.110.42,10.10.0.10,,,443,49235,0,1358,17
1587481708.3720472,10.10.0.10,74.125.110.42,,,49235,443,0,46,17
1587481708.4075232,74.125.110.42,10.10.0.10,,,443,49235,0,1358,17
1587481708.440633,10.10.0.10,74.125.110.42,,,49235,443,0,46,17
1587481708.4446428,74.125.110.42,10.10.0.10,,,443,49235,0,1358,17
1587481708.48177,74.125.110.42,10.10.0.10,,,443,49235,0,1358,17
1587481708.4836018,10.10.0.10,74.125.110.42,,,49235,443,0,46,17
1587481708.518893,74.125.110.42,10.10.0.10,,,443,49235,0,1358,17
1587481708.55601,74.125.110.42,10.10.0.10,,,443,49235,0,1358,17
1587481708.5660188,10.10.0.10,74.125.110.42,,,49235,443,0,46,17
1587481708.5931342,74.125.110.42,10.10.0.10,,,443,49235,0,1358,17
1587481708.630251,74.125.110.42,10.10.0.10,,,443,49235,0,1358,17
1587481708.6320198,10.10.0.10,74.125.110.42,,,49235,443,0,46,17
1587481708.6673698,74.125.110.42,10.10.0.10,,,443,49235,0,1358,17
1587481708.704494,74.125.110.42,10.10.0.10,,,443,49235,0,1358,17
1587481708.741583,74.125.110.42,10.10.0.10,,,443,49235,0,1358,17
1587481708.7663288,10.10.0.10,74.125.110.42,,,49235,443,0,46,17
1587481708.778729,74.125.110.42,10.10.0.10,,,443,49235,0,1358,17
1587481708.780518,10.10.0.10,74.125.110.42,,,49235,443,0,46,17
1587481708.815848,74.125.110.42,10.10.0.10,,,443,49235,0,1358,17
1587481708.852963,74.125.110.42,10.10.0.10,,,443,49235,0,1358,17
1587481708.8544116,10.10.0.10,74.125.110.42,,,49235,443,0,46,17
1587481708.89009,74.125.110.42,10.10.0.10,,,443,49235,0,1358,17
1587481708.891911,10.10.0.10,74.125.110.42,,,49235,443,0,46,17
1587481708.9271884,74.125.110.42,10.10.0.10,,,443,49235,0,1358,17
1587481708.964293,74.125.110.42,10.10.0.10,,,443,49235,0,1358,17
1587481708.9662359,10.10.0.10,74.125.110.42,,,49235,443,0,46,17
1587481709.0014498,74.125.110.42,10.10.0.10,,,443,49235,0,1358,17
1587481709.0385635,74.125.110.42,10.10.0.10,,,443,49235,0,29,17
1587481709.040012,10.10.0.10,74.125.110.42,,,49235,443,0,37,17
1587481709.040209,173.194.182.102,10.10.0.10,,,443,41888,0,1358,17
1587481709.077368,173.194.182.102,10.10.0.10,,,443,41888,0,1358,17
1587481709.079184,10.10.0.10,173.194.182.102,,,41888,443,0,37,17
1587481709.1144881,74.125.110.42,10.10.0.10,,,443,49235,0,1358,17
1587481709.116368,10.10.0.10,74.125.110.42,,,49235,443,0,40,17
1587481709.151608,173.194.182.102,10.10.0.10,,,443,41888,0,1358,17
1587481709.1886618,173.194.182.102,10.10.0.10,,,443,41888,0,1358,17
1587481709.190491,10.10.0.10,173.194.182.102,,,41888,443,0,37,17
1587481709.2257981,74.125.110.42,10.10.0.10,,,443,49235,0,1358,17
1587481709.228249,10.10.0.10,74.125.110.42,,,49235,443,0,40,17
1587481709.2629302,173.194.182.102,10.10.0.10,,,443,41888,0,1358,17
1587481709.3000839,173.194.182.102,10.10.0.10,,,443,41888,0,1358,17
1587481709.3037472,10.10.0.10,173.194.182.102,,,41888,443,0,37,17
1587481709.337151,173.194.182.102,10.10.0.10,,,443,41888,0,1358,17
1587481709.374327,74.125.110.42,10.10.0.10,,,443,49235,0,1358,17
1587481709.3759592,10.10.0.10,74.125.110.42,,,49235,443,0,40,17
1587481709.3762472,10.10.0.10,173.194.182.102,,,41888,443,0,37,17
1587481709.41145,173.194.182.102,10.10.0.10,,,443,41888,0,1358,17
1587481709.4485712,173.194.182.102,10.10.0.10,,,443,41888,0,1358,17
1587481709.45045,10.10.0.10,173.194.182.102,,,41888,443,0,50,17
1587481709.4856946,173.194.182.102,10.10.0.10,,,443,41888,0,1358,17
1587481709.522815,173.194.182.102,10.10.0.10,,,443,41888,0,1358,17
1587481709.559936,173.194.182.102,10.10.0.10,,,443,41888,0,1358,17
1587481709.59705,173.194.182.102,10.10.0.10,,,443,41888,0,1358,17
1587481709.60812,10.10.0.10,173.194.182.102,,,41888,443,0,37,17
1587481709.622389,10.10.0.10,173.194.182.102,,,41888,443,0,37,17
1587481709.6341698,173.194.182.102,10.10.0.10,,,443,41888,0,1358,17
1587481709.671248,173.194.182.102,10.10.0.10,,,443,41888,0,1358,17
1587481709.7084124,74.125.110.42,10.10.0.10,,,443,49235,0,1358,17
1587481709.745538,173.194.182.102,10.10.0.10,,,443,41888,0,1358,17
1587481709.782658,173.194.182.102,10.10.0.10,,,443,41888,0,1358,17
1587481709.819779,173.194.182.102,10.10.0.10,,,443,41888,0,1358,17
1587481709.8519108,10.10.0.10,173.194.182.102,,,41888,443,0,37,17
1587481709.8568974,173.194.182.102,10.10.0.10,,,443,41888,0,1358,17
1587481709.894017,173.194.182.102,10.10.0.10,,,443,41888,0,1358,17
1587481709.9311252,173.194.182.102,10.10.0.10,,,443,41888,0,1358,17
1587481709.968245,173.194.182.102,10.10.0.10,,,443,41888,0,1358,17
1587481710.005369,173.194.182.102,10.10.0.10,,,443,41888,0,1358,17
1587481710.04249,173.194.182.102,10.10.0.10,,,443,41888,0,1358,17
1587481710.079608,74.125.110.42,10.10.0.10,,,443,49235,0,1358,17
1587481710.1167278,173.194.182.102,10.10.0.10,,,443,41888,0,1358,17
1587481710.15381,74.125.110.42,10.10.0.10,,,443,49235,0,1358,17
1587481710.190956,173.194.182.102,10.10.0.10,,,443,41888,0,1358,17
1587481710.2280777,173.194.182.102,10.10.0.10,,,443,41888,0,1358,17
1587481710.265169,173.194.182.102,10.10.0.10,,,443,41888,0,1358,17
1587481710.3022866,173.194.182.102,10.10.0.10,,,443,41888,0,1358,17
1587481710.331914,10.10.0.10,173.194.182.102,,,41888,443,0,37,17
1587481710.339444,173.194.182.102,10.10.0.10,,,443,41888,0,1358,17
1587481710.3765638,74.125.110.42,10.10.0.10,,,443,49235,0,1358,17
1587481710.413686,173.194.182.102,10.10.0.10,,,443,41888,0,1358,17
1587481710.4508061,74.125.110.42,10.10.0.10,,,443,49235,0,1358,17
1587481710.487925,173.194.182.102,10.10.0.10,,,443,41888,0,1358,17
1587481710.5250454,173.194.182.102,10.10.0.10,,,443,41888,0,1358,17
1587481710.562165,173.194.182.102,10.10.0.10,,,443,41888,0,1358,17
1587481710.5992892,74.125.110.42,10.10.0.10,,,443,49235,0,1358,17
1587481710.6364052,74.125.110.42,10.10.0.10,,,443,49235,0,1358,17
1587481710.6389859,10.10.0.10,74.125.110.42,,,49235,443,0,40,17
1587481710.6399322,10.10.0.10,173.194.182.102,,,41888,443,0,37,17
1587481710.641351,10.10.0.10,173.194.182.102,,,41888,443,0,37,17
1587481710.6449332,10.10.0.10,173.194.182.102,,,41888,443,0,37,17
1587481710.646499,10.10.0.10,173.194.182.102,,,41888,443,0,37,17
1587481710.6475182,10.10.0.10,173.194.182.102,,,41888,443,0,37,17
1587481710.6493251,10.10.0.10,74.125.110.42,,,49235,443,0,53,17
1587481710.649915,10.10.0.10,173.194.182.102,,,41888,443,0,37,17
1587481710.651584,10.10.0.10,173.194.182.102,,,41888,443,0,37,17
1587481710.651647,10.10.0.10,173.194.182.102,,,41888,443,0,37,17
1587481710.654003,10.10.0.10,74.125.110.42,,,49235,443,0,40,17
1587481710.6734939,74.125.110.42,10.10.0.10,,,443,49235,0,1358,17
1587481710.710654,74.125.110.42,10.10.0.10,,,443,49235,0,1358,17
1587481710.747242,10.10.0.10,173.194.182.102,,,41888,443,0,37,17
1587481710.747415,10.10.0.10,173.194.182.102,,,41888,443,0,37,17
1587481710.747735,74.125.110.42,10.10.0.10,,,443,49235,0,1358,17
1587481710.7570062,10.10.0.10,74.125.110.42,,,49235,443,0,40,17
1587481710.758576,10.10.0.10,74.125.110.42,,,49235,443,0,42,17
1587481710.7586179,10.10.0.10,74.125.110.42,,,49235,443,0,42,17
1587481710.75877,10.10.0.10,74.125.110.42,,,49235,443,0,42,17
1587481710.784894,74.125.110.42,10.10.0.10,,,443,49235,0,1358,17
1587481710.8220134,74.125.110.42,10.10.0.10,,,443,49235,0,1358,17
1587481710.859133,74.125.110.42,10.10.0.10,,,443,49235,0,1358,17
1587481710.8628778,10.10.0.10,173.194.182.102,,,41888,443,0,37,17
1587481710.8667831,10.10.0.10,74.125.110.42,,,49235,443,0,42,17
1587481710.868062,10.10.0.10,74.125.110.42,,,49235,443,0,42,17
1587481710.8962526,74.125.110.42,10.10.0.10,,,443,49235,0,1358,17
1587481710.9333742,74.125.110.42,10.10.0.10,,,443,49235,0,1358,17
1587481710.9350042,10.10.0.10,74.125.110.42,,,49235,443,0,44,17
1587481710.970493,74.125.110.42,10.10.0.10,,,443,49235,0,1358,17
1587481710.9723165,10.10.0.10,74.125.110.42,,,49235,443,0,46,17
1587481711.0076132,74.125.110.42,10.10.0.10,,,443,49235,0,1358,17
1587481711.0093188,10.10.0.10,74.125.110.42,,,49235,443,0,46,17
1587481711.009382,10.10.0.10,173.194.182.102,,,41888,443,0,43,17
1587481711.044732,74.125.110.42,10.10.0.10,,,443,49235,0,1358,17
1587481711.046464,10.10.0.10,74.125.110.42,,,49235,443,0,46,17
1587481711.0818489,74.125.110.42,10.10.0.10,,,443,49235,0,1358,17
1587481711.0851068,10.10.0.10,74.125.110.42,,,49235,443,0,46,17
1587481711.1189342,173.194.182.102,10.10.0.10,,,443,41888,0,1358,17
1587481711.156047,173.194.182.102,10.10.0.10,,,443,41888,0,1358,17
1587481711.1577802,10.10.0.10,173.194.182.102,,,41888,443,0,37,17
1587481711.193196,173.194.182.102,10.10.0.10,,,443,41888,0,1358,17
1587481711.2302651,74.125.110.42,10.10.0.10,,,443,49235,0,1358,17
1587481711.2320454,10.10.0.10,173.194.182.102,,,41888,443,0,37,17
1587481711.267399,173.194.182.102,10.10.0.10,,,443,41888,0,1358,17
1587481711.268993,10.10.0.10,173.194.182.102,,,41888,443,0,40,17
1587481711.269258,10.10.0.10,74.125.110.42,,,49235,443,0,46,17
1587481711.304561,173.194.182.102,10.10.0.10,,,443,41888,0,1358,17
1587481711.3083026,10.10.0.10,173.194.182.102,,,41888,443,0,40,17
1587481711.341685,173.194.182.102,10.10.0.10,,,443,41888,0,1358,17
1587481711.343517,10.10.0.10,173.194.182.102,,,41888,443,0,40,17
1587481711.3787382,173.194.182.102,10.10.0.10,,,443,41888,0,1358,17
1587481711.380496,10.10.0.10,173.194.182.102,,,41888,443,0,40,17
1587481711.415927,74.125.110.42,10.10.0.10,,,443,49235,0,1358,17
1587481711.4530532,173.194.182.102,10.10.0.10,,,443,41888,0,1358,17
1587481711.454836,10.10.0.10,74.125.110.42,,,49235,443,0,46,17
1587481711.4901712,173.194.182.102,10.10.0.10,,,443,41888,0,1358,17
1587481711.4919386,10.10.0.10,173.194.182.102,,,41888,443,0,40,17
1587481711.5272932,173.194.182.102,10.10.0.10,,,443,41888,0,1358,17
1587481711.56441,173.194.182.102,10.10.0.10,,,443,41888,0,1358,17
1587481711.566402,10.10.0.10,173.194.182.102,,,41888,443,0,40,17
1587481711.6015296,173.194.182.102,10.10.0.10,,,443,41888,0,1358,17
1587481711.638668,74.125.110.42,10.10.0.10,,,443,49235,0,1358,17
1587481711.6757786,173.194.182.102,10.10.0.10,,,443,41888,0,1358,17
1587481711.712897,173.194.182.102,10.10.0.10,,,443,41888,0,1358,17
1587481711.7336285,10.10.0.10,173.194.182.102,,,41888,443,0,40,17
1587481711.750014,173.194.182.102,10.10.0.10,,,443,41888,0,1358,17
1587481711.7520962,10.10.0.10,173.194.182.102,,,41888,443,0,40,17
1587481711.7871358,173.194.182.102,10.10.0.10,,,443,41888,0,1358,17
1587481711.8224669,10.10.0.10,74.125.110.42,,,49235,443,0,46,17
1587481711.8242528,173.194.182.102,10.10.0.10,,,443,41888,0,1358,17
1587481711.8613732,173.194.182.102,10.10.0.10,,,443,41888,0,1358,17
1587481711.898493,173.194.182.102,10.10.0.10,,,443,41888,0,1358,17
1587481711.9222946,10.10.0.10,173.194.182.102,,,41888,443,0,40,17
1587481711.925399,10.10.0.10,173.194.182.102,,,41888,443,0,40,17
1587481711.935589,173.194.182.102,10.10.0.10,,,443,41888,0,1358,17
1587481711.937272,10.10.0.10,173.194.182.102,,,41888,443,0,40,17
1587481711.97271,173.194.182.102,10.10.0.10,,,443,41888,0,1358,17
1587481712.0098536,173.194.182.102,10.10.0.10,,,443,41888,0,1358,17
1587481712.0114772,10.10.0.10,173.194.182.102,,,41888,443,0,40,17
1587481712.046978,173.194.182.102,10.10.0.10,,,443,41888,0,1358,17
1587481712.048927,10.10.0.10,74.125.110.42,,,49235,443,0,43,17
1587481712.0840971,173.194.182.102,10.10.0.10,,,443,41888,0,1358,17
1587481712.085841,10.10.0.10,173.194.182.102,,,41888,443,0,40,17
1587481712.1211839,173.194.182.102,10.10.0.10,,,443,41888,0,1358,17
1587481712.158329,173.194.182.102,10.10.0.10,,,443,41888,0,1358,17
1587481712.160162,10.10.0.10,173.194.182.102,,,41888,443,0,40,17
1587481712.195386,173.194.182.102,10.10.0.10,,,443,41888,0,1358,17
1587481712.2325628,173.194.182.102,10.10.0.10,,,443,41888,0,1358,17
1587481712.235222,10.10.0.10,173.194.182.102,,,41888,443,0,40,17
1587481712.269685,74.125.110.42,10.10.0.10,,,443,49235,0,1358,17
1587481712.3068,173.194.182.102,10.10.0.10,,,443,41888,0,1358,17
1587481712.308769,10.10.0.10,74.125.110.42,,,49235,443,0,46,17
1587481712.343909,74.125.110.42,10.10.0.10,,,443,49235,0,29,17
1587481712.345576,173.194.182.102,10.10.0.10,,,443,41888,0,1358,17
1587481712.345583,10.10.0.10,173.194.182.102,,,41888,443,0,40,17
1587481712.3827002,74.125.110.42,10.10.0.10,,,443,49235,0,1358,17
1587481712.384808,10.10.0.10,173.194.182.102,,,41888,443,0,40,17
1587481712.4198446,173.194.182.102,10.10.0.10,,,443,41888,0,1358,17
1587481712.4217882,10.10.0.10,74.125.110.42,,,49235,443,0,44,17
1587481712.456969,173.194.182.102,10.10.0.10,,,443,41888,0,1358,17
1587481712.4644241,10.10.0.10,173.194.182.102,,,41888,443,0,53,17
1587481712.494087,74.125.110.42,10.10.0.10,,,443,49235,0,1358,17
1587481712.531208,173.194.182.102,10.10.0.10,,,443,41888,0,1358,17
1587481712.53314,10.10.0.10,74.125.110.42,,,49235,443,0,44,17
1587481712.568328,74.125.110.42,10.10.0.10,,,443,49235,0,1358,17
1587481712.570454,10.10.0.10,173.194.182.102,,,41888,443,0,40,17
1587481712.605448,173.194.182.102,10.10.0.10,,,443,41888,0,1358,17
1587481712.607265,10.10.0.10,74.125.110.42,,,49235,443,0,44,17
1587481712.6425679,173.194.182.102,10.10.0.10,,,443,41888,0,1358,17
1587481712.650744,10.10.0.10,173.194.182.102,,,41888,443,0,40,17
1587481712.679683,74.125.110.42,10.10.0.10,,,443,49235,0,198,17
1587481712.681221,10.10.0.10,173.194.182.102,,,41888,443,0,40,17
1587481712.685824,173.194.182.102,10.10.0.10,,,443,41888,0,1358,17
1587481712.72299,173.194.182.102,10.10.0.10,,,443,41888,0,1358,17
1587481712.724932,10.10.0.10,173.194.182.102,,,41888,443,0,40,17
1587481712.725185,10.10.0.10,74.125.110.42,,,49235,443,0,44,17
1587481712.760114,74.125.110.42,10.10.0.10,,,443,49235,0,1358,17
1587481712.7946372,10.10.0.10,74.125.110.42,,,49235,443,0,44,17
1587481712.7972348,173.194.182.102,10.10.0.10,,,443,41888,0,1358,17
1587481712.8343544,173.194.182.102,10.10.0.10,,,443,41888,0,693,17
1587481712.8362,10.10.0.10,173.194.182.102,,,41888,443,0,40,17
1587481712.8537412,74.125.110.42,10.10.0.10,,,443,49235,0,1358,17
1587481712.890861,173.194.182.102,10.10.0.10,,,443,41888,0,30,17
1587481712.8925242,74.125.110.42,10.10.0.10,,,443,49235,0,1358,17
1587481712.89257,10.10.0.10,74.125.110.42,,,49235,443,0,44,17
1587481712.9257061,10.10.0.10,74.125.110.42,,,49235,443,0,44,17
1587481712.926452,10.10.0.10,74.125.110.42,,,49235,443,0,676,17
1587481712.9283252,10.10.0.10,74.125.110.42,,,49235,443,0,48,17
1587481712.9296901,173.194.182.102,10.10.0.10,,,443,41888,0,1358,17
1587481712.9668071,173.194.182.102,10.10.0.10,,,443,41888,0,28,17
1587481712.968456,74.125.110.42,10.10.0.10,,,443,49235,0,29,17
1587481712.9687624,10.10.0.10,173.194.182.102,,,41888,443,0,40,17
1587481712.970137,173.194.182.102,10.10.0.10,,,443,41888,0,29,17
1587481712.971815,74.125.110.42,10.10.0.10,,,443,49235,0,29,17
1587481712.984952,10.10.0.10,173.194.182.102,,,41888,443,0,710,17
1587481712.985025,10.10.0.10,173.194.182.102,,,41888,443,0,48,17
1587481712.99843,173.194.182.102,10.10.0.10,,,443,41888,0,115,17
1587481712.9985778,173.194.182.102,10.10.0.10,,,443,41888,0,1358,17
1587481713.000616,10.10.0.10,173.194.182.102,,,41888,443,0,37,17
1587481713.014592,173.194.182.102,10.10.0.10,,,443,41888,0,1358,17
1587481713.0517108,173.194.182.102,10.10.0.10,,,443,41888,0,1358,17
1587481713.078957,10.10.0.10,173.194.182.102,,,41888,443,0,37,17
1587481713.088801,173.194.182.102,10.10.0.10,,,443,41888,0,1358,17
1587481713.12595,173.194.182.102,10.10.0.10,,,443,41888,0,1358,17
1587481713.130952,10.10.0.10,173.194.182.102,,,41888,443,0,37,17
1587481713.16306,173.194.182.102,10.10.0.10,,,443,41888,0,1358,17
1587481713.200178,173.194.182.102,10.10.0.10,,,443,41888,0,1358,17
1587481713.2021134,10.10.0.10,173.194.182.102,,,41888,443,0,37,17
1587481713.2373009,173.194.182.102,10.10.0.10,,,443,41888,0,1358,17
1587481713.2744179,173.194.182.102,10.10.0.10,,,443,41888,0,1358,17
1587481713.276959,10.10.0.10,173.194.182.102,,,41888,443,0,37,17
1587481713.3115401,173.194.182.102,10.10.0.10,,,443,41888,0,1358,17
1587481713.3486722,173.194.182.102,10.10.0.10,,,443,41888,0,1358,17
1587481713.352392,10.10.0.10,173.194.182.102,,,41888,443,0,37,17
1587481713.3857565,173.194.182.102,10.10.0.10,,,443,41888,0,1358,17
1587481713.422908,173.194.182.102,10.10.0.10,,,443,41888,0,1358,17
1587481713.425623,10.10.0.10,173.194.182.102,,,41888,443,0,37,17
1587481713.4600284,173.194.182.102,10.10.0.10,,,443,41888,0,1358,17
1587481713.4971485,173.194.182.102,10.10.0.10,,,443,41888,0,1358,17
1587481713.499932,10.10.0.10,173.194.182.102,,,41888,443,0,37,17
1587481713.534271,173.194.182.102,10.10.0.10,,,443,41888,0,1358,17
1587481713.571392,173.194.182.102,10.10.0.10,,,443,41888,0,1358,17
1587481713.573751,10.10.0.10,173.194.182.102,,,41888,443,0,37,17
1587481713.608509,173.194.182.102,10.10.0.10,,,443,41888,0,1358,17
1587481713.645632,173.194.182.102,10.10.0.10,,,443,41888,0,1358,17
1587481713.682751,173.194.182.102,10.10.0.10,,,443,41888,0,1358,17
1587481713.703111,10.10.0.10,173.194.182.102,,,41888,443,0,37,17
1587481713.707744,10.10.0.10,173.194.182.102,,,41888,443,0,37,17
1587481713.7198758,173.194.182.102,10.10.0.10,,,443,41888,0,1358,17
1587481713.7570002,173.194.182.102,10.10.0.10,,,443,41888,0,1358,17
1587481713.794121,173.194.182.102,10.10.0.10,,,443,41888,0,1358,17
1587481713.8312411,173.194.182.102,10.10.0.10,,,443,41888,0,1358,17
1587481713.8683558,173.194.182.102,10.10.0.10,,,443,41888,0,1358,17
1587481713.905479,173.194.182.102,10.10.0.10,,,443,41888,0,1358,17
1587481713.942599,173.194.182.102,10.10.0.10,,,443,41888,0,1358,17
1587481713.9469092,10.10.0.10,173.194.182.102,,,41888,443,0,37,17
1587481713.9797199,173.194.182.102,10.10.0.10,,,443,41888,0,1358,17
1587481714.0168445,173.194.182.102,10.10.0.10,,,443,41888,0,1358,17
1587481714.053918,173.194.182.102,10.10.0.10,,,443,41888,0,1358,17
1587481714.0910828,173.194.182.102,10.10.0.10,,,443,41888,0,1358,17
1587481714.1282039,173.194.182.102,10.10.0.10,,,443,41888,0,1358,17
1587481714.1653252,173.194.182.102,10.10.0.10,,,443,41888,0,1358,17
1587481714.2023802,173.194.182.102,10.10.0.10,,,443,41888,0,1358,17
1587481714.2395349,173.194.182.102,10.10.0.10,,,443,41888,0,1358,17
1587481714.2766619,173.194.182.102,10.10.0.10,,,443,41888,0,1358,17
1587481714.3137882,173.194.182.102,10.10.0.10,,,443,41888,0,1358,17
1587481714.350914,173.194.182.102,10.10.0.10,,,443,41888,0,1358,17
1587481714.38804,173.194.182.102,10.10.0.10,,,443,41888,0,1358,17
1587481714.425156,173.194.182.102,10.10.0.10,,,443,41888,0,1358,17
1587481714.462256,173.194.182.102,10.10.0.10,,,443,41888,0,1358,17
1587481714.499394,173.194.182.102,10.10.0.10,,,443,41888,0,1358,17
1587481714.536516,173.194.182.102,10.10.0.10,,,443,41888,0,1358,17
1587481714.573633,173.194.182.102,10.10.0.10,,,443,41888,0,1358,17
1587481714.736509,10.10.0.10,173.194.182.102,,,41888,443,0,37,17
1587481714.739686,10.10.0.10,173.194.182.102,,,41888,443,0,37,17
1587481714.742612,10.10.0.10,173.194.182.102,,,41888,443,0,37,17
1587481714.7458372,10.10.0.10,173.194.182.102,,,41888,443,0,37,17
1587481714.750676,173.194.182.102,10.10.0.10,,,443,41888,0,1358,17
1587481714.7644858,173.194.182.102,10.10.0.10,,,443,41888,0,1358,17
1587481714.782327,173.194.182.102,10.10.0.10,,,443,41888,0,1358,17
1587481714.8194456,173.194.182.102,10.10.0.10,,,443,41888,0,1358,17
1587481714.821968,10.10.0.10,173.194.182.102,,,41888,443,0,37,17
1587481714.823791,10.10.0.10,173.194.182.102,,,41888,443,0,37,17
1587481714.8275,10.10.0.10,173.194.182.102,,,41888,443,0,37,17
1587481714.8275466,10.10.0.10,173.194.182.102,,,41888,443,0,50,17
1587481714.828608,10.10.0.10,173.194.182.102,,,41888,443,0,37,17
1587481714.828766,10.10.0.10,173.194.182.102,,,41888,443,0,37,17
1587481714.8303485,10.10.0.10,173.194.182.102,,,41888,443,0,37,17
1587481714.83086,10.10.0.10,173.194.182.102,,,41888,443,0,37,17
1587481714.832092,10.10.0.10,173.194.182.102,,,41888,443,0,37,17
1587481714.8565679,173.194.182.102,10.10.0.10,,,443,41888,0,1358,17
1587481714.859713,10.10.0.10,173.194.182.102,,,41888,443,0,37,17
1587481714.8936882,173.194.182.102,10.10.0.10,,,443,41888,0,1358,17
1587481714.930808,173.194.182.102,10.10.0.10,,,443,41888,0,29,17
1587481714.932458,173.194.182.102,10.10.0.10,,,443,41888,0,1358,17
1587481714.9324892,10.10.0.10,173.194.182.102,,,41888,443,0,37,17
1587481714.9696052,173.194.182.102,10.10.0.10,,,443,41888,0,1358,17
1587481714.9716446,10.10.0.10,173.194.182.102,,,41888,443,0,37,17
1587481715.006729,173.194.182.102,10.10.0.10,,,443,41888,0,1358,17
1587481715.043849,173.194.182.102,10.10.0.10,,,443,41888,0,1358,17
1587481715.045644,10.10.0.10,173.194.182.102,,,41888,443,0,37,17
1587481715.080974,173.194.182.102,10.10.0.10,,,443,41888,0,1358,17
1587481715.1180868,173.194.182.102,10.10.0.10,,,443,41888,0,1358,17
1587481715.1197839,10.10.0.10,173.194.182.102,,,41888,443,0,37,17
1587481715.1552072,173.194.182.102,10.10.0.10,,,443,41888,0,1358,17
1587481715.190778,10.10.0.10,173.194.182.102,,,41888,443,0,37,17
1587481715.19227,173.194.182.102,10.10.0.10,,,443,41888,0,1358,17
1587481715.2294571,173.194.182.102,10.10.0.10,,,443,41888,0,1358,17
1587481715.2312946,10.10.0.10,173.194.182.102,,,41888,443,0,37,17
1587481715.266577,173.194.182.102,10.10.0.10,,,443,41888,0,1358,17
1587481715.303692,173.194.182.102,10.10.0.10,,,443,41888,0,1358,17
1587481715.305658,10.10.0.10,173.194.182.102,,,41888,443,0,37,17
1587481715.340786,173.194.182.102,10.10.0.10,,,443,41888,0,1358,17
1587481715.377935,173.194.182.102,10.10.0.10,,,443,41888,0,1358,17
1587481715.3797839,10.10.0.10,173.194.182.102,,,41888,443,0,37,17
1587481715.4150536,173.194.182.102,10.10.0.10,,,443,41888,0,1358,17
1587481715.452167,173.194.182.102,10.10.0.10,,,443,41888,0,1358,17
1587481715.45404,10.10.0.10,173.194.182.102,,,41888,443,0,37,17
1587481715.4892876,173.194.182.102,10.10.0.10,,,443,41888,0,1358,17
1587481715.526403,173.194.182.102,10.10.0.10,,,443,41888,0,1358,17
1587481715.5282884,10.10.0.10,173.194.182.102,,,41888,443,0,37,17
1587481715.5635226,173.194.182.102,10.10.0.10,,,443,41888,0,1358,17
1587481715.6006439,173.194.182.102,10.10.0.10,,,443,41888,0,1358,17
1587481715.602488,10.10.0.10,173.194.182.102,,,41888,443,0,37,17
1587481715.6377635,173.194.182.102,10.10.0.10,,,443,41888,0,1358,17
1587481715.674887,173.194.182.102,10.10.0.10,,,443,41888,0,1358,17
1587481715.676935,10.10.0.10,173.194.182.102,,,41888,443,0,37,17
1587481715.712004,173.194.182.102,10.10.0.10,,,443,41888,0,1358,17
1587481715.7491276,173.194.182.102,10.10.0.10,,,443,41888,0,1358,17
1587481715.750996,10.10.0.10,173.194.182.102,,,41888,443,0,37,17
1587481715.7862508,173.194.182.102,10.10.0.10,,,443,41888,0,1358,17
1587481715.822607,10.10.0.10,173.194.182.102,,,41888,443,0,50,17
1587481715.8233366,173.194.182.102,10.10.0.10,,,443,41888,0,1358,17
1587481715.8604882,173.194.182.102,10.10.0.10,,,443,41888,0,1358,17
1587481715.8622901,10.10.0.10,173.194.182.102,,,41888,443,0,37,17
1587481715.8976028,173.194.182.102,10.10.0.10,,,443,41888,0,1358,17
1587481715.934727,173.194.182.102,10.10.0.10,,,443,41888,0,1358,17
1587481715.9366212,10.10.0.10,173.194.182.102,,,41888,443,0,37,17
1587481715.971844,173.194.182.102,10.10.0.10,,,443,41888,0,1358,17
1587481716.0089388,173.194.182.102,10.10.0.10,,,443,41888,0,29,17
1587481716.0106418,173.194.182.102,10.10.0.10,,,443,41888,0,1358,17
1587481716.011671,10.10.0.10,173.194.182.102,,,41888,443,0,37,17
1587481716.0477624,173.194.182.102,10.10.0.10,,,443,41888,0,1358,17
1587481716.049929,10.10.0.10,173.194.182.102,,,41888,443,0,37,17
1587481716.084887,173.194.182.102,10.10.0.10,,,443,41888,0,1358,17
1587481716.1220071,173.194.182.102,10.10.0.10,,,443,41888,0,1358,17
1587481716.125139,10.10.0.10,173.194.182.102,,,41888,443,0,37,17
1587481716.1590884,173.194.182.102,10.10.0.10,,,443,41888,0,1358,17
1587481716.196191,173.194.182.102,10.10.0.10,,,443,41888,0,1358,17
1587481716.2005448,10.10.0.10,173.194.182.102,,,41888,443,0,37,17
1587481716.233364,173.194.182.102,10.10.0.10,,,443,41888,0,1358,17
1587481716.2704818,173.194.182.102,10.10.0.10,,,443,41888,0,1358,17
1587481716.27251,10.10.0.10,173.194.182.102,,,41888,443,0,37,17
1587481716.3075929,173.194.182.102,10.10.0.10,,,443,41888,0,1358,17
1587481716.3446784,173.194.182.102,10.10.0.10,,,443,41888,0,1358,17
1587481716.3478522,10.10.0.10,173.194.182.102,,,41888,443,0,37,17
1587481716.3818278,173.194.182.102,10.10.0.10,,,443,41888,0,1358,17
1587481716.4189546,173.194.182.102,10.10.0.10,,,443,41888,0,1358,17
1587481716.4206526,10.10.0.10,173.194.182.102,,,41888,443,0,37,17
1587481716.456075,173.194.182.102,10.10.0.10,,,443,41888,0,1358,17
1587481716.4931939,173.194.182.102,10.10.0.10,,,443,41888,0,1358,17
1587481716.4951134,10.10.0.10,173.194.182.102,,,41888,443,0,37,17
1587481716.530272,173.194.182.102,10.10.0.10,,,443,41888,0,1358,17
1587481716.567439,173.194.182.102,10.10.0.10,,,443,41888,0,1358,17
1587481716.5691464,10.10.0.10,173.194.182.102,,,41888,443,0,37,17
1587481716.604566,173.194.182.102,10.10.0.10,,,443,41888,0,1358,17
1587481716.641689,173.194.182.102,10.10.0.10,,,443,41888,0,1358,17
1587481716.643472,10.10.0.10,173.194.182.102,,,41888,443,0,37,17
1587481716.6788132,173.194.182.102,10.10.0.10,,,443,41888,0,1358,17
1587481716.715914,173.194.182.102,10.10.0.10,,,443,41888,0,1358,17
1587481716.718562,10.10.0.10,173.194.182.102,,,41888,443,0,37,17
1587481716.753056,173.194.182.102,10.10.0.10,,,443,41888,0,1358,17
1587481716.7821412,10.10.0.10,173.194.182.102,,,41888,443,0,37,17
1587481716.790176,173.194.182.102,10.10.0.10,,,443,41888,0,1358,17
1587481716.827287,173.194.182.102,10.10.0.10,,,443,41888,0,1358,17
1587481716.829034,10.10.0.10,173.194.182.102,,,41888,443,0,37,17
1587481716.864406,173.194.182.102,10.10.0.10,,,443,41888,0,1358,17
1587481716.901527,173.194.182.102,10.10.0.10,,,443,41888,0,1358,17
1587481716.916628,10.10.0.10,173.194.182.102,,,41888,443,0,37,17
1587481716.938643,173.194.182.102,10.10.0.10,,,443,41888,0,1358,17
1587481716.975762,173.194.182.102,10.10.0.10,,,443,41888,0,1358,17
1587481716.977489,10.10.0.10,173.194.182.102,,,41888,443,0,37,17
1587481717.012887,173.194.182.102,10.10.0.10,,,443,41888,0,1358,17
1587481717.050007,74.125.110.42,10.10.0.10,,,443,49235,0,1358,17
1587481717.0538616,10.10.0.10,74.125.110.42,,,49235,443,0,40,17
1587481717.054096,10.10.0.10,173.194.182.102,,,41888,443,0,37,17
1587481717.087126,173.194.182.102,10.10.0.10,,,443,41888,0,1358,17
1587481717.124248,173.194.182.102,10.10.0.10,,,443,41888,0,1358,17
1587481717.126799,10.10.0.10,173.194.182.102,,,41888,443,0,37,17
1587481717.1657548,173.194.182.102,10.10.0.10,,,443,41888,0,1358,17
1587481717.2029278,173.194.182.102,10.10.0.10,,,443,41888,0,1358,17
1587481717.205174,10.10.0.10,173.194.182.102,,,41888,443,0,50,17
1587481717.2400498,173.194.182.102,10.10.0.10,,,443,41888,0,1358,17
1587481717.277152,173.194.182.102,10.10.0.10,,,443,41888,0,1358,17
1587481717.2790108,10.10.0.10,173.194.182.102,,,41888,443,0,37,17
1587481717.314287,74.125.110.42,10.10.0.10,,,443,49235,0,1358,17
1587481717.317085,10.10.0.10,74.125.110.42,,,49235,443,0,40,17
1587481717.351408,173.194.182.102,10.10.0.10,,,443,41888,0,1358,17
1587481717.3885288,74.125.110.42,10.10.0.10,,,443,49235,0,1358,17
1587481717.39063,10.10.0.10,74.125.110.42,,,49235,443,0,40,17
1587481717.391005,10.10.0.10,173.194.182.102,,,41888,443,0,37,17
1587481717.425648,74.125.110.42,10.10.0.10,,,443,49235,0,1358,17
1587481717.429008,10.10.0.10,74.125.110.42,,,49235,443,0,40,17
1587481717.4627779,173.194.182.102,10.10.0.10,,,443,41888,0,1358,17
1587481717.4917116,10.10.0.10,173.194.182.102,,,41888,443,0,37,17
1587481717.499894,74.125.110.42,10.10.0.10,,,443,49235,0,1358,17
1587481717.5370169,173.194.182.102,10.10.0.10,,,443,41888,0,1358,17
1587481717.539162,10.10.0.10,74.125.110.42,,,49235,443,0,40,17
1587481717.574137,74.125.110.42,10.10.0.10,,,443,49235,0,1358,17
1587481717.5764186,10.10.0.10,173.194.182.102,,,41888,443,0,37,17
1587481717.615711,173.194.182.102,10.10.0.10,,,443,41888,0,1358,17
1587481717.6184602,10.10.0.10,74.125.110.42,,,49235,443,0,40,17
1587481717.652833,173.194.182.102,10.10.0.10,,,443,41888,0,29,17
1587481717.654376,10.10.0.10,173.194.182.102,,,41888,443,0,37,17
1587481717.654498,173.194.182.102,10.10.0.10,,,443,41888,0,1358,17
1587481717.6916409,173.194.182.102,10.10.0.10,,,443,41888,0,1358,17
1587481717.693341,10.10.0.10,173.194.182.102,,,41888,443,0,37,17
1587481717.728761,173.194.182.102,10.10.0.10,,,443,41888,0,726,17
1587481717.748971,74.125.110.42,10.10.0.10,,,443,49235,0,1358,17
1587481717.786114,74.125.110.42,10.10.0.10,,,443,49235,0,1358,17
1587481717.80772,10.10.0.10,74.125.110.42,,,49235,443,0,40,17
1587481717.823272,74.125.110.42,10.10.0.10,,,443,49235,0,1358,17
1587481717.8603358,74.125.110.42,10.10.0.10,,,443,49235,0,1358,17
1587481717.8975024,74.125.110.42,10.10.0.10,,,443,49235,0,1358,17
1587481717.934621,74.125.110.42,10.10.0.10,,,443,49235,0,1358,17
1587481717.9717321,74.125.110.42,10.10.0.10,,,443,49235,0,1358,17
1587481718.008862,74.125.110.42,10.10.0.10,,,443,49235,0,1358,17
1587481718.043276,10.10.0.10,173.194.182.102,,,41888,443,0,37,17
1587481718.043335,10.10.0.10,74.125.110.42,,,49235,443,0,40,17
1587481718.0459812,74.125.110.42,10.10.0.10,,,443,49235,0,1358,17
1587481718.087557,74.125.110.42,10.10.0.10,,,443,49235,0,1358,17
1587481718.124671,74.125.110.42,10.10.0.10,,,443,49235,0,1358,17
1587481718.161794,74.125.110.42,10.10.0.10,,,443,49235,0,1358,17
1587481718.198847,74.125.110.42,10.10.0.10,,,443,49235,0,1358,17
1587481718.236033,74.125.110.42,10.10.0.10,,,443,49235,0,1358,17
1587481718.27315,74.125.110.42,10.10.0.10,,,443,49235,0,1358,17
1587481718.3102748,74.125.110.42,10.10.0.10,,,443,49235,0,1358,17
1587481718.347394,74.125.110.42,10.10.0.10,,,443,49235,0,1358,17
1587481718.3845158,74.125.110.42,10.10.0.10,,,443,49235,0,1358,17
1587481718.421633,74.125.110.42,10.10.0.10,,,443,49235,0,1358,17
1587481718.4587526,74.125.110.42,10.10.0.10,,,443,49235,0,1358,17
1587481718.495873,74.125.110.42,10.10.0.10,,,443,49235,0,1358,17
1587481718.532993,74.125.110.42,10.10.0.10,,,443,49235,0,1358,17
1587481718.5701141,74.125.110.42,10.10.0.10,,,443,49235,0,1358,17
1587481718.607233,74.125.110.42,10.10.0.10,,,443,49235,0,1358,17
1587481718.644351,74.125.110.42,10.10.0.10,,,443,49235,0,1358,17
1587481718.6814704,173.194.182.102,10.10.0.10,,,443,41888,0,726,17
1587481718.701675,74.125.110.42,10.10.0.10,,,443,49235,0,1358,17
1587481718.7388618,74.125.110.42,10.10.0.10,,,443,49235,0,1358,17
1587481718.7759802,74.125.110.42,10.10.0.10,,,443,49235,0,1358,17
1587481718.813101,74.125.110.42,10.10.0.10,,,443,49235,0,1358,17
1587481718.8313448,10.10.0.10,74.125.110.42,,,49235,443,0,40,17
1587481718.8333972,10.10.0.10,74.125.110.42,,,49235,443,0,40,17
1587481718.8353882,10.10.0.10,74.125.110.42,,,49235,443,0,40,17
1587481718.843622,10.10.0.10,74.125.110.42,,,49235,443,0,40,17
1587481718.850216,74.125.110.42,10.10.0.10,,,443,49235,0,1358,17
1587481718.887337,74.125.110.42,10.10.0.10,,,443,49235,0,1358,17
1587481718.9244602,74.125.110.42,10.10.0.10,,,443,49235,0,1358,17
1587481718.9615462,74.125.110.42,10.10.0.10,,,443,49235,0,1358,17
1587481718.9646974,10.10.0.10,74.125.110.42,,,49235,443,0,40,17
1587481718.966292,10.10.0.10,74.125.110.42,,,49235,443,0,40,17
1587481718.970378,10.10.0.10,74.125.110.42,,,49235,443,0,40,17
1587481718.9750292,10.10.0.10,74.125.110.42,,,49235,443,0,40,17
1587481718.9755929,10.10.0.10,74.125.110.42,,,49235,443,0,40,17
1587481718.976395,10.10.0.10,74.125.110.42,,,49235,443,0,42,17
1587481718.976609,10.10.0.10,74.125.110.42,,,49235,443,0,42,17
1587481718.977751,10.10.0.10,74.125.110.42,,,49235,443,0,55,17
1587481718.9782536,10.10.0.10,74.125.110.42,,,49235,443,0,42,17
1587481718.9796221,10.10.0.10,74.125.110.42,,,49235,443,0,42,17
1587481718.9801812,10.10.0.10,74.125.110.42,,,49235,443,0,44,17
1587481718.9811802,10.10.0.10,74.125.110.42,,,49235,443,0,44,17
1587481718.981768,10.10.0.10,74.125.110.42,,,49235,443,0,44,17
1587481718.982422,10.10.0.10,74.125.110.42,,,49235,443,0,44,17
1587481718.982854,10.10.0.10,74.125.110.42,,,49235,443,0,44,17
1587481718.9987106,74.125.110.42,10.10.0.10,,,443,49235,0,1358,17
1587481719.0358202,74.125.110.42,10.10.0.10,,,443,49235,0,1358,17
1587481719.0411868,10.10.0.10,74.125.110.42,,,49235,443,0,44,17
1587481719.0418522,10.10.0.10,173.194.182.102,,,41888,443,0,37,17
1587481719.0729358,74.125.110.42,10.10.0.10,,,443,49235,0,1358,17
1587481719.1100602,74.125.110.42,10.10.0.10,,,443,49235,0,1358,17
1587481719.1129572,10.10.0.10,74.125.110.42,,,49235,443,0,44,17
1587481719.14712,74.125.110.42,10.10.0.10,,,443,49235,0,1358,17
1587481719.184256,74.125.110.42,10.10.0.10,,,443,49235,0,1358,17
1587481719.1865318,10.10.0.10,74.125.110.42,,,49235,443,0,44,17
1587481719.221412,74.125.110.42,10.10.0.10,,,443,49235,0,1358,17
1587481719.258538,74.125.110.42,10.10.0.10,,,443,49235,0,1358,17
1587481719.2955902,74.125.110.42,10.10.0.10,,,443,49235,0,29,17
1587481719.297286,74.125.110.42,10.10.0.10,,,443,49235,0,1358,17
1587481719.304091,10.10.0.10,74.125.110.42,,,49235,443,0,44,17
1587481719.3344119,74.125.110.42,10.10.0.10,,,443,49235,0,1358,17
1587481719.3363822,10.10.0.10,74.125.110.42,,,49235,443,0,37,17
1587481719.3715162,173.194.182.102,10.10.0.10,,,443,41888,0,23,17
1587481719.373095,74.125.110.42,10.10.0.10,,,443,49235,0,1358,17
1587481719.410181,74.125.110.42,10.10.0.10,,,443,49235,0,1358,17
1587481719.412243,10.10.0.10,74.125.110.42,,,49235,443,0,37,17
1587481719.4134438,10.10.0.10,173.194.182.102,,,41888,443,0,37,17
1587481719.450088,74.125.110.42,10.10.0.10,,,443,49235,0,1358,17
1587481719.4836442,10.10.0.10,74.125.110.42,,,49235,443,0,37,17
1587481719.4872036,74.125.110.42,10.10.0.10,,,443,49235,0,1358,17
1587481719.524329,74.125.110.42,10.10.0.10,,,443,49235,0,1358,17
1587481719.5263462,10.10.0.10,74.125.110.42,,,49235,443,0,37,17
1587481719.561449,74.125.110.42,10.10.0.10,,,443,49235,0,1358,17
1587481719.598569,74.125.110.42,10.10.0.10,,,443,49235,0,1358,17
1587481719.600366,10.10.0.10,74.125.110.42,,,49235,443,0,37,17
1587481719.63569,74.125.110.42,10.10.0.10,,,443,49235,0,1358,17
1587481719.672789,74.125.110.42,10.10.0.10,,,443,49235,0,1358,17
1587481719.674669,10.10.0.10,74.125.110.42,,,49235,443,0,40,17
1587481719.7099366,74.125.110.42,10.10.0.10,,,443,49235,0,1358,17
1587481719.7117689,10.10.0.10,74.125.110.42,,,49235,443,0,40,17
1587481719.747057,74.125.110.42,10.10.0.10,,,443,49235,0,1358,17
1587481719.7490275,10.10.0.10,74.125.110.42,,,49235,443,0,42,17
1587481719.7841704,74.125.110.42,10.10.0.10,,,443,49235,0,1358,17
1587481719.7860696,10.10.0.10,74.125.110.42,,,49235,443,0,55,17
1587481719.821291,74.125.110.42,10.10.0.10,,,443,49235,0,1358,17
1587481719.823083,10.10.0.10,74.125.110.42,,,49235,443,0,42,17
1587481719.8584151,74.125.110.42,10.10.0.10,,,443,49235,0,1358,17
1587481719.86025,10.10.0.10,74.125.110.42,,,49235,443,0,42,17
1587481719.895537,74.125.110.42,10.10.0.10,,,443,49235,0,1358,17
1587481719.932658,74.125.110.42,10.10.0.10,,,443,49235,0,1358,17
1587481719.9343965,10.10.0.10,74.125.110.42,,,49235,443,0,42,17
1587481719.969772,74.125.110.42,10.10.0.10,,,443,49235,0,1358,17
1587481720.0069172,74.125.110.42,10.10.0.10,,,443,49235,0,1358,17
1587481720.0087204,10.10.0.10,74.125.110.42,,,49235,443,0,42,17
1587481720.044035,74.125.110.42,10.10.0.10,,,443,49235,0,1358,17
1587481720.081127,74.125.110.42,10.10.0.10,,,443,49235,0,1358,17
1587481720.0830588,10.10.0.10,74.125.110.42,,,49235,443,0,42,17
1587481720.1182039,74.125.110.42,10.10.0.10,,,443,49235,0,1358,17
1587481720.155392,74.125.110.42,10.10.0.10,,,443,49235,0,1358,17
1587481720.1583462,10.10.0.10,74.125.110.42,,,49235,443,0,42,17
1587481720.192473,74.125.110.42,10.10.0.10,,,443,49235,0,29,17
1587481720.1941636,74.125.110.42,10.10.0.10,,,443,49235,0,1358,17
1587481720.231284,74.125.110.42,10.10.0.10,,,443,49235,0,1358,17
1587481720.2335322,10.10.0.10,74.125.110.42,,,49235,443,0,37,17
1587481720.268407,74.125.110.42,10.10.0.10,,,443,49235,0,1358,17
1587481720.305527,74.125.110.42,10.10.0.10,,,443,49235,0,1358,17
1587481720.308868,10.10.0.10,74.125.110.42,,,49235,443,0,37,17
1587481720.3426428,74.125.110.42,10.10.0.10,,,443,49235,0,1358,17
1587481720.344408,10.10.0.10,74.125.110.42,,,49235,443,0,40,17
1587481720.379767,74.125.110.42,10.10.0.10,,,443,49235,0,1358,17
1587481720.381552,10.10.0.10,74.125.110.42,,,49235,443,0,40,17
1587481720.416888,74.125.110.42,10.10.0.10,,,443,49235,0,1358,17
1587481720.4186769,10.10.0.10,74.125.110.42,,,49235,443,0,40,17
1587481720.454008,74.125.110.42,10.10.0.10,,,443,49235,0,1358,17
1587481720.456507,10.10.0.10,74.125.110.42,,,49235,443,0,40,17
1587481720.491127,74.125.110.42,10.10.0.10,,,443,49235,0,1358,17
1587481720.5282538,74.125.110.42,10.10.0.10,,,443,49235,0,1358,17
1587481720.529944,10.10.0.10,74.125.110.42,,,49235,443,0,40,17
1587481720.565366,74.125.110.42,10.10.0.10,,,443,49235,0,1358,17
1587481720.6024866,74.125.110.42,10.10.0.10,,,443,49235,0,1358,17
1587481720.6109881,10.10.0.10,74.125.110.42,,,49235,443,0,40,17
1587481720.639602,74.125.110.42,10.10.0.10,,,443,49235,0,1358,17
1587481720.676727,74.125.110.42,10.10.0.10,,,443,49235,0,1358,17
1587481720.6785474,10.10.0.10,74.125.110.42,,,49235,443,0,40,17
1587481720.713849,74.125.110.42,10.10.0.10,,,443,49235,0,1358,17
1587481720.7509642,74.125.110.42,10.10.0.10,,,443,49235,0,1358,17
1587481720.7526991,10.10.0.10,74.125.110.42,,,49235,443,0,40,17
1587481720.7880876,74.125.110.42,10.10.0.10,,,443,49235,0,1358,17
1587481720.825208,74.125.110.42,10.10.0.10,,,443,49235,0,1358,17
1587481720.827136,10.10.0.10,74.125.110.42,,,49235,443,0,40,17
1587481720.8623269,74.125.110.42,10.10.0.10,,,443,49235,0,1358,17
1587481720.8994482,74.125.110.42,10.10.0.10,,,443,49235,0,1358,17
1587481720.9012802,10.10.0.10,74.125.110.42,,,49235,443,0,40,17
1587481720.936567,74.125.110.42,10.10.0.10,,,443,49235,0,1358,17
1587481720.973682,74.125.110.42,10.10.0.10,,,443,49235,0,1358,17
1587481720.976174,10.10.0.10,74.125.110.42,,,49235,443,0,40,17
1587481721.010784,74.125.110.42,10.10.0.10,,,443,49235,0,1358,17
1587481721.0479276,74.125.110.42,10.10.0.10,,,443,49235,0,1358,17
1587481721.049862,10.10.0.10,74.125.110.42,,,49235,443,0,53,17
1587481721.085042,74.125.110.42,10.10.0.10,,,443,49235,0,1358,17
1587481721.122133,74.125.110.42,10.10.0.10,,,443,49235,0,1358,17
1587481721.124464,10.10.0.10,74.125.110.42,,,49235,443,0,40,17
1587481721.1592882,74.125.110.42,10.10.0.10,,,443,49235,0,1358,17
1587481721.196377,74.125.110.42,10.10.0.10,,,443,49235,0,1358,17
1587481721.1996338,10.10.0.10,74.125.110.42,,,49235,443,0,40,17
1587481721.2335231,74.125.110.42,10.10.0.10,,,443,49235,0,1358,17
1587481721.270643,74.125.110.42,10.10.0.10,,,443,49235,0,1358,17
1587481721.2733636,10.10.0.10,74.125.110.42,,,49235,443,0,40,17
1587481721.3077662,74.125.110.42,10.10.0.10,,,443,49235,0,1358,17
1587481721.344882,74.125.110.42,10.10.0.10,,,443,49235,0,1358,17
1587481721.348384,10.10.0.10,74.125.110.42,,,49235,443,0,40,17
1587481721.382014,74.125.110.42,10.10.0.10,,,443,49235,0,1358,17
1587481721.419126,74.125.110.42,10.10.0.10,,,443,49235,0,1358,17
1587481721.422048,10.10.0.10,74.125.110.42,,,49235,443,0,40,17
1587481721.4562454,74.125.110.42,10.10.0.10,,,443,49235,0,1358,17
1587481721.493367,74.125.110.42,10.10.0.10,,,443,49235,0,29,17
1587481721.4950438,74.125.110.42,10.10.0.10,,,443,49235,0,1358,17
1587481721.495377,10.10.0.10,74.125.110.42,,,49235,443,0,37,17
1587481721.532167,74.125.110.42,10.10.0.10,,,443,49235,0,1358,17
1587481721.535553,10.10.0.10,74.125.110.42,,,49235,443,0,37,17
1587481721.5692828,74.125.110.42,10.10.0.10,,,443,49235,0,1358,17
1587481721.6064038,74.125.110.42,10.10.0.10,,,443,49235,0,1358,17
1587481721.606983,10.10.0.10,74.125.110.42,,,49235,443,0,37,17
1587481721.643527,74.125.110.42,10.10.0.10,,,443,49235,0,1358,17
1587481721.6806116,74.125.110.42,10.10.0.10,,,443,49235,0,1358,17
1587481721.711719,10.10.0.10,74.125.110.42,,,49235,443,0,37,17
1587481721.714549,10.10.0.10,74.125.110.42,,,49235,443,0,40,17
1587481721.717767,74.125.110.42,10.10.0.10,,,443,49235,0,1358,17
1587481721.721317,10.10.0.10,74.125.110.42,,,49235,443,0,40,17
1587481721.7548838,74.125.110.42,10.10.0.10,,,443,49235,0,1358,17
1587481721.7582722,10.10.0.10,74.125.110.42,,,49235,443,0,40,17
1587481721.7920089,74.125.110.42,10.10.0.10,,,443,49235,0,1358,17
1587481721.796446,10.10.0.10,74.125.110.42,,,49235,443,0,40,17
1587481721.8291268,74.125.110.42,10.10.0.10,,,443,49235,0,1358,17
1587481721.86625,74.125.110.42,10.10.0.10,,,443,49235,0,1358,17
1587481721.896674,10.10.0.10,74.125.110.42,,,49235,443,0,40,17
1587481721.903367,74.125.110.42,10.10.0.10,,,443,49235,0,1358,17
1587481721.9404874,74.125.110.42,10.10.0.10,,,443,49235,0,711,17
1587481721.960353,74.125.110.42,10.10.0.10,,,443,49235,0,1358,17
1587481721.9974089,74.125.110.42,10.10.0.10,,,443,49235,0,1358,17
1587481722.138062,10.10.0.10,74.125.110.42,,,49235,443,0,40,17
1587481722.697598,74.125.110.42,10.10.0.10,,,443,49235,0,711,17
1587481722.855748,10.10.0.10,74.125.110.42,,,49235,443,0,40,17
1587481722.92044,10.10.0.10,74.125.110.42,,,49235,443,0,40,17
1587481722.9208355,10.10.0.10,74.125.110.42,,,49235,443,0,677,17
1587481722.920894,10.10.0.10,74.125.110.42,,,49235,443,0,48,17
1587481722.921278,10.10.0.10,173.194.182.102,,,41888,443,0,710,17
1587481722.921337,10.10.0.10,173.194.182.102,,,41888,443,0,48,17
1587481722.9321082,173.194.182.102,10.10.0.10,,,443,41888,0,29,17
1587481722.9328835,173.194.182.102,10.10.0.10,,,443,41888,0,108,17
1587481722.932936,173.194.182.102,10.10.0.10,,,443,41888,0,1358,17
1587481722.933059,173.194.182.102,10.10.0.10,,,443,41888,0,1358,17
1587481722.935915,10.10.0.10,173.194.182.102,,,41888,443,0,37,17
1587481722.9692268,173.194.182.102,10.10.0.10,,,443,41888,0,1358,17
1587481723.006346,173.194.182.102,10.10.0.10,,,443,41888,0,1358,17
1587481723.03344,10.10.0.10,173.194.182.102,,,41888,443,0,37,17
1587481723.03708,10.10.0.10,173.194.182.102,,,41888,443,0,37,17
1587481723.043466,173.194.182.102,10.10.0.10,,,443,41888,0,1358,17
1587481723.075375,10.10.0.10,173.194.182.102,,,41888,443,0,37,17
1587481723.080586,173.194.182.102,10.10.0.10,,,443,41888,0,1358,17
1587481723.117717,173.194.182.102,10.10.0.10,,,443,41888,0,1358,17
1587481723.1195395,10.10.0.10,173.194.182.102,,,41888,443,0,37,17
1587481723.15481,173.194.182.102,10.10.0.10,,,443,41888,0,1358,17
1587481723.1918929,173.194.182.102,10.10.0.10,,,443,41888,0,1358,17
1587481723.193424,10.10.0.10,173.194.182.102,,,41888,443,0,37,17
1587481723.229008,173.194.182.102,10.10.0.10,,,443,41888,0,1358,17
1587481723.2661812,74.125.110.42,10.10.0.10,,,443,49235,0,29,17
1587481723.267863,74.125.110.42,10.10.0.10,,,443,49235,0,1358,17
1587481723.268879,10.10.0.10,173.194.182.102,,,41888,443,0,37,17
1587481723.304985,74.125.110.42,10.10.0.10,,,443,49235,0,1358,17
1587481723.32008,10.10.0.10,74.125.110.42,,,49235,443,0,37,17
1587481723.3421106,74.125.110.42,10.10.0.10,,,443,49235,0,1358,17
1587481723.3792279,173.194.182.102,10.10.0.10,,,443,41888,0,1358,17
1587481723.3814,10.10.0.10,74.125.110.42,,,49235,443,0,37,17
1587481723.4163482,74.125.110.42,10.10.0.10,,,443,49235,0,1358,17
1587481723.418533,10.10.0.10,74.125.110.42,,,49235,443,0,40,17
1587481723.418802,10.10.0.10,173.194.182.102,,,41888,443,0,37,17
1587481723.45347,173.194.182.102,10.10.0.10,,,443,41888,0,1358,17
1587481723.4905891,173.194.182.102,10.10.0.10,,,443,41888,0,1358,17
1587481723.493706,10.10.0.10,173.194.182.102,,,41888,443,0,37,17
1587481723.527713,173.194.182.102,10.10.0.10,,,443,41888,0,1358,17
1587481723.564827,74.125.110.42,10.10.0.10,,,443,49235,0,1358,17
1587481723.5666828,10.10.0.10,74.125.110.42,,,49235,443,0,40,17
1587481723.567659,10.10.0.10,173.194.182.102,,,41888,443,0,37,17
1587481723.601943,173.194.182.102,10.10.0.10,,,443,41888,0,1358,17
1587481723.639067,173.194.182.102,10.10.0.10,,,443,41888,0,1358,17
1587481723.6412392,10.10.0.10,173.194.182.102,,,41888,443,0,37,17
1587481723.676182,173.194.182.102,10.10.0.10,,,443,41888,0,1358,17
1587481723.7132454,74.125.110.42,10.10.0.10,,,443,49235,0,1358,17
1587481723.7160606,10.10.0.10,74.125.110.42,,,49235,443,0,40,17
1587481723.7163482,10.10.0.10,173.194.182.102,,,41888,443,0,37,17
1587481723.7504258,173.194.182.102,10.10.0.10,,,443,41888,0,1358,17
1587481723.787543,173.194.182.102,10.10.0.10,,,443,41888,0,1358,17
1587481723.7893689,10.10.0.10,173.194.182.102,,,41888,443,0,37,17
1587481723.824666,173.194.182.102,10.10.0.10,,,443,41888,0,1358,17
1587481723.861786,74.125.110.42,10.10.0.10,,,443,49235,0,1358,17
1587481723.8635962,10.10.0.10,74.125.110.42,,,49235,443,0,40,17
1587481723.8636699,10.10.0.10,173.194.182.102,,,41888,443,0,37,17
1587481723.898906,173.194.182.102,10.10.0.10,,,443,41888,0,1358,17
1587481723.935997,74.125.110.42,10.10.0.10,,,443,49235,0,1358,17
1587481723.937824,10.10.0.10,173.194.182.102,,,41888,443,0,37,17
1587481723.973148,173.194.182.102,10.10.0.10,,,443,41888,0,1358,17
1587481723.9753242,10.10.0.10,74.125.110.42,,,49235,443,0,40,17
1587481724.0102658,173.194.182.102,10.10.0.10,,,443,41888,0,1358,17
1587481724.01199,10.10.0.10,173.194.182.102,,,41888,443,0,37,17
1587481724.047386,173.194.182.102,10.10.0.10,,,443,41888,0,1358,17
1587481724.0842571,10.10.0.10,173.194.182.102,,,41888,443,0,37,17
1587481724.084452,74.125.110.42,10.10.0.10,,,443,49235,0,1358,17
1587481724.121626,173.194.182.102,10.10.0.10,,,443,41888,0,1358,17
1587481724.123658,10.10.0.10,74.125.110.42,,,49235,443,0,40,17
1587481724.158747,173.194.182.102,10.10.0.10,,,443,41888,0,1358,17
1587481724.160569,10.10.0.10,173.194.182.102,,,41888,443,0,37,17
1587481724.195823,173.194.182.102,10.10.0.10,,,443,41888,0,1358,17
1587481724.2329788,74.125.110.42,10.10.0.10,,,443,49235,0,1358,17
1587481724.23577,10.10.0.10,173.194.182.102,,,41888,443,0,37,17
1587481724.2701,173.194.182.102,10.10.0.10,,,443,41888,0,1358,17
1587481724.27221,10.10.0.10,74.125.110.42,,,49235,443,0,40,17
1587481724.307209,173.194.182.102,10.10.0.10,,,443,41888,0,1358,17
1587481724.3088348,10.10.0.10,173.194.182.102,,,41888,443,0,50,17
1587481724.344335,74.125.110.42,10.10.0.10,,,443,49235,0,1358,17
1587481724.3814561,173.194.182.102,10.10.0.10,,,443,41888,0,1358,17
1587481724.383326,10.10.0.10,74.125.110.42,,,49235,443,0,40,17
1587481724.418576,173.194.182.102,10.10.0.10,,,443,41888,0,1358,17
1587481724.42057,10.10.0.10,173.194.182.102,,,41888,443,0,37,17
1587481724.455704,173.194.182.102,10.10.0.10,,,443,41888,0,1358,17
1587481724.4927974,74.125.110.42,10.10.0.10,,,443,49235,0,1358,17
1587481724.5299098,173.194.182.102,10.10.0.10,,,443,41888,0,1358,17
1587481724.5320678,10.10.0.10,173.194.182.102,,,41888,443,0,37,17
1587481724.567066,173.194.182.102,10.10.0.10,,,443,41888,0,1358,17
1587481724.5943012,10.10.0.10,74.125.110.42,,,49235,443,0,40,17
1587481724.6041849,74.125.110.42,10.10.0.10,,,443,49235,0,1358,17
1587481724.60605,10.10.0.10,173.194.182.102,,,41888,443,0,37,17
1587481724.641309,173.194.182.102,10.10.0.10,,,443,41888,0,1358,17
1587481724.6433554,10.10.0.10,74.125.110.42,,,49235,443,0,40,17
1587481724.678427,173.194.182.102,10.10.0.10,,,443,41888,0,1358,17
1587481724.6802974,10.10.0.10,173.194.182.102,,,41888,443,0,37,17
1587481724.715484,173.194.182.102,10.10.0.10,,,443,41888,0,1358,17
1587481724.7526748,173.194.182.102,10.10.0.10,,,443,41888,0,1358,17
1587481724.7545948,10.10.0.10,173.194.182.102,,,41888,443,0,37,17
1587481724.7898052,173.194.182.102,10.10.0.10,,,443,41888,0,1358,17
1587481724.826912,74.125.110.42,10.10.0.10,,,443,49235,0,1358,17
1587481724.828726,10.10.0.10,74.125.110.42,,,49235,443,0,42,17
1587481724.828792,10.10.0.10,173.194.182.102,,,41888,443,0,37,17
1587481724.864035,74.125.110.42,10.10.0.10,,,443,49235,0,1358,17
1587481724.866225,10.10.0.10,74.125.110.42,,,49235,443,0,42,17
1587481724.9011538,74.125.110.42,10.10.0.10,,,443,49235,0,1358,17
1587481724.90405,10.10.0.10,74.125.110.42,,,49235,443,0,42,17
1587481724.9382749,74.125.110.42,10.10.0.10,,,443,49235,0,1358,17
1587481724.9400349,10.10.0.10,74.125.110.42,,,49235,443,0,42,17
1587481724.975395,173.194.182.102,10.10.0.10,,,443,41888,0,1358,17
1587481725.008384,10.10.0.10,173.194.182.102,,,41888,443,0,37,17
1587481725.012505,74.125.110.42,10.10.0.10,,,443,49235,0,1358,17
1587481725.0496268,173.194.182.102,10.10.0.10,,,443,41888,0,1358,17
1587481725.0517955,10.10.0.10,74.125.110.42,,,49235,443,0,42,17
1587481725.0867472,173.194.182.102,10.10.0.10,,,443,41888,0,1358,17
1587481725.088629,10.10.0.10,173.194.182.102,,,41888,443,0,37,17
1587481725.1238658,173.194.182.102,10.10.0.10,,,443,41888,0,1358,17
1587481725.160972,74.125.110.42,10.10.0.10,,,443,49235,0,1358,17
1587481725.162837,10.10.0.10,173.194.182.102,,,41888,443,0,37,17
1587481725.1980908,173.194.182.102,10.10.0.10,,,443,41888,0,1358,17
1587481725.200289,10.10.0.10,74.125.110.42,,,49235,443,0,42,17
1587481725.235215,173.194.182.102,10.10.0.10,,,443,41888,0,1358,17
1587481725.2436929,10.10.0.10,173.194.182.102,,,41888,443,0,37,17
1587481725.272309,173.194.182.102,10.10.0.10,,,443,41888,0,1358,17
1587481725.3094668,74.125.110.42,10.10.0.10,,,443,49235,0,1358,17
1587481725.3116329,10.10.0.10,173.194.182.102,,,41888,443,0,37,17
1587481725.3465881,173.194.182.102,10.10.0.10,,,443,41888,0,1358,17
1587481725.3487332,10.10.0.10,74.125.110.42,,,49235,443,0,42,17
1587481725.3837068,173.194.182.102,10.10.0.10,,,443,41888,0,1358,17
1587481725.4208288,173.194.182.102,10.10.0.10,,,443,41888,0,1358,17
1587481725.4438348,10.10.0.10,173.194.182.102,,,41888,443,0,37,17
1587481725.4578571,10.10.0.10,173.194.182.102,,,41888,443,0,37,17
1587481725.457906,74.125.110.42,10.10.0.10,,,443,49235,0,1358,17
1587481725.4950712,173.194.182.102,10.10.0.10,,,443,41888,0,1358,17
1587481725.497023,10.10.0.10,74.125.110.42,,,49235,443,0,55,17
1587481725.532192,74.125.110.42,10.10.0.10,,,443,49235,0,1358,17
1587481725.534671,10.10.0.10,173.194.182.102,,,41888,443,0,37,17
1587481725.535015,10.10.0.10,173.194.182.102,,,41888,443,0,43,17
1587481725.5693119,173.194.182.102,10.10.0.10,,,443,41888,0,1358,17
1587481725.572651,10.10.0.10,74.125.110.42,,,49235,443,0,42,17
1587481725.606428,173.194.182.102,10.10.0.10,,,443,41888,0,1358,17
1587481725.608253,10.10.0.10,173.194.182.102,,,41888,443,0,37,17
1587481725.643552,173.194.182.102,10.10.0.10,,,443,41888,0,1358,17
1587481725.6806755,74.125.110.42,10.10.0.10,,,443,49235,0,1358,17
1587481725.6827812,10.10.0.10,173.194.182.102,,,41888,443,0,37,17
1587481725.7177331,173.194.182.102,10.10.0.10,,,443,41888,0,1358,17
1587481725.719999,10.10.0.10,74.125.110.42,,,49235,443,0,42,17
1587481725.754909,173.194.182.102,10.10.0.10,,,443,41888,0,1358,17
1587481725.75744,10.10.0.10,173.194.182.102,,,41888,443,0,37,17
1587481725.7920258,173.194.182.102,10.10.0.10,,,443,41888,0,1358,17
1587481725.8291461,74.125.110.42,10.10.0.10,,,443,49235,0,1358,17
1587481725.8324509,10.10.0.10,173.194.182.102,,,41888,443,0,37,17
1587481725.866265,173.194.182.102,10.10.0.10,,,443,41888,0,1358,17
1587481725.8689866,10.10.0.10,74.125.110.42,,,49235,443,0,42,17
1587481725.9033859,173.194.182.102,10.10.0.10,,,443,41888,0,1358,17
1587481725.940508,74.125.110.42,10.10.0.10,,,443,49235,0,1358,17
1587481725.9776268,173.194.182.102,10.10.0.10,,,443,41888,0,1358,17
1587481725.9892962,10.10.0.10,173.194.182.102,,,41888,443,0,37,17
1587481726.0147462,173.194.182.102,10.10.0.10,,,443,41888,0,1358,17
1587481726.051862,173.194.182.102,10.10.0.10,,,443,41888,0,1358,17
1587481726.088988,173.194.182.102,10.10.0.10,,,443,41888,0,1358,17
1587481726.126107,74.125.110.42,10.10.0.10,,,443,49235,0,1358,17
1587481726.1631868,173.194.182.102,10.10.0.10,,,443,41888,0,1358,17
1587481726.2002769,74.125.110.42,10.10.0.10,,,443,49235,0,1358,17
1587481726.234455,10.10.0.10,173.194.182.102,,,41888,443,0,37,17
1587481726.2344902,10.10.0.10,74.125.110.42,,,49235,443,0,42,17
1587481726.237456,173.194.182.102,10.10.0.10,,,443,41888,0,1358,17
1587481726.274575,173.194.182.102,10.10.0.10,,,443,41888,0,1358,17
1587481726.311703,173.194.182.102,10.10.0.10,,,443,41888,0,1358,17
1587481726.348824,173.194.182.102,10.10.0.10,,,443,41888,0,1358,17
1587481726.3859448,173.194.182.102,10.10.0.10,,,443,41888,0,1358,17
1587481726.4230616,74.125.110.42,10.10.0.10,,,443,49235,0,1358,17
1587481726.460184,74.125.110.42,10.10.0.10,,,443,49235,0,1358,17
1587481726.497304,74.125.110.42,10.10.0.10,,,443,49235,0,1358,17
1587481726.5344222,74.125.110.42,10.10.0.10,,,443,49235,0,1358,17
1587481726.571541,173.194.182.102,10.10.0.10,,,443,41888,0,1358,17
1587481726.608664,74.125.110.42,10.10.0.10,,,443,49235,0,1358,17
1587481726.6457472,173.194.182.102,10.10.0.10,,,443,41888,0,1358,17
1587481726.682904,74.125.110.42,10.10.0.10,,,443,49235,0,1358,17
1587481726.720021,173.194.182.102,10.10.0.10,,,443,41888,0,1358,17
1587481726.7571461,173.194.182.102,10.10.0.10,,,443,41888,0,1358,17
1587481726.794274,74.125.110.42,10.10.0.10,,,443,49235,0,1358,17
1587481726.831381,74.125.110.42,10.10.0.10,,,443,49235,0,1358,17
1587481726.834357,10.10.0.10,74.125.110.42,,,49235,443,0,43,17
1587481726.8685038,173.194.182.102,10.10.0.10,,,443,41888,0,1358,17
1587481726.9056249,173.194.182.102,10.10.0.10,,,443,41888,0,1358,17
1587481726.9427214,173.194.182.102,10.10.0.10,,,443,41888,0,1358,17
1587481726.9798741,74.125.110.42,10.10.0.10,,,443,49235,0,1358,17
1587481727.016997,74.125.110.42,10.10.0.10,,,443,49235,0,1358,17
1587481727.019607,10.10.0.10,173.194.182.102,,,41888,443,0,37,17
1587481727.0196614,10.10.0.10,74.125.110.42,,,49235,443,0,42,17
1587481727.0201938,10.10.0.10,173.194.182.102,,,41888,443,0,37,17
1587481727.020951,10.10.0.10,173.194.182.102,,,41888,443,0,37,17
1587481727.0210054,10.10.0.10,173.194.182.102,,,41888,443,0,37,17
1587481727.0210161,10.10.0.10,74.125.110.42,,,49235,443,0,42,17
1587481727.02111,10.10.0.10,74.125.110.42,,,49235,443,0,42,17
1587481727.021129,10.10.0.10,74.125.110.42,,,49235,443,0,42,17
1587481727.0212748,10.10.0.10,173.194.182.102,,,41888,443,0,37,17
1587481727.021648,10.10.0.10,173.194.182.102,,,41888,443,0,37,17
1587481727.021703,10.10.0.10,74.125.110.42,,,49235,443,0,42,17
1587481727.022161,10.10.0.10,173.194.182.102,,,41888,443,0,37,17
1587481727.0234814,10.10.0.10,74.125.110.42,,,49235,443,0,42,17
1587481727.054111,173.194.182.102,10.10.0.10,,,443,41888,0,1358,17
1587481727.0911582,173.194.182.102,10.10.0.10,,,443,41888,0,1358,17
1587481727.12835,173.194.182.102,10.10.0.10,,,443,41888,0,1358,17
1587481727.1479466,10.10.0.10,173.194.182.102,,,41888,443,0,37,17
1587481727.162341,10.10.0.10,173.194.182.102,,,41888,443,0,37,17
1587481727.165405,74.125.110.42,10.10.0.10,,,443,49235,0,1358,17
1587481727.2025142,173.194.182.102,10.10.0.10,,,443,41888,0,1358,17
1587481727.204303,10.10.0.10,173.194.182.102,,,41888,443,0,37,17
1587481727.2049458,10.10.0.10,74.125.110.42,,,49235,443,0,37,17
1587481727.239634,74.125.110.42,10.10.0.10,,,443,49235,0,1358,17
1587481727.2767859,74.125.110.42,10.10.0.10,,,443,49235,0,1358,17
1587481727.2785132,10.10.0.10,74.125.110.42,,,49235,443,0,37,17
1587481727.3139422,173.194.182.102,10.10.0.10,,,443,41888,0,1358,17
1587481727.3510618,74.125.110.42,10.10.0.10,,,443,49235,0,1358,17
1587481727.353481,10.10.0.10,173.194.182.102,,,41888,443,0,37,17
1587481727.388185,173.194.182.102,10.10.0.10,,,443,41888,0,1358,17
1587481727.3900292,10.10.0.10,74.125.110.42,,,49235,443,0,37,17
1587481727.4253054,173.194.182.102,10.10.0.10,,,443,41888,0,1358,17
1587481727.42834,10.10.0.10,173.194.182.102,,,41888,443,0,37,17
1587481727.4624221,74.125.110.42,10.10.0.10,,,443,49235,0,1358,17
1587481727.4995482,173.194.182.102,10.10.0.10,,,443,41888,0,1358,17
1587481727.5015314,10.10.0.10,74.125.110.42,,,49235,443,0,37,17
1587481727.53667,74.125.110.42,10.10.0.10,,,443,49235,0,1358,17
1587481727.538766,10.10.0.10,173.194.182.102,,,41888,443,0,37,17
1587481727.573792,173.194.182.102,10.10.0.10,,,443,41888,0,1358,17
1587481727.598366,10.10.0.10,74.125.110.42,,,49235,443,0,37,17
1587481727.6109102,173.194.182.102,10.10.0.10,,,443,41888,0,1358,17
1587481727.647957,74.125.110.42,10.10.0.10,,,443,49235,0,1358,17
1587481727.6851509,74.125.110.42,10.10.0.10,,,443,49235,0,1358,17
1587481727.715893,10.10.0.10,173.194.182.102,,,41888,443,0,50,17
1587481727.7170918,10.10.0.10,74.125.110.42,,,49235,443,0,37,17
1587481727.7222588,173.194.182.102,10.10.0.10,,,443,41888,0,1358,17
1587481727.759395,173.194.182.102,10.10.0.10,,,443,41888,0,1358,17
1587481727.761227,10.10.0.10,173.194.182.102,,,41888,443,0,37,17
1587481727.796515,173.194.182.102,10.10.0.10,,,443,41888,0,1358,17
1587481727.833631,74.125.110.42,10.10.0.10,,,443,49235,0,1358,17
1587481727.8707662,173.194.182.102,10.10.0.10,,,443,41888,0,1358,17
1587481727.872656,10.10.0.10,173.194.182.102,,,41888,443,0,37,17
1587481727.8731024,10.10.0.10,74.125.110.42,,,49235,443,0,37,17
1587481727.9078758,74.125.110.42,10.10.0.10,,,443,49235,0,1358,17
1587481727.944983,74.125.110.42,10.10.0.10,,,443,49235,0,29,17
1587481727.946795,10.10.0.10,74.125.110.42,,,49235,443,0,37,17
1587481727.9511142,173.194.182.102,10.10.0.10,,,443,41888,0,1358,17
1587481727.9882472,74.125.110.42,10.10.0.10,,,443,49235,0,1358,17
1587481727.990175,10.10.0.10,173.194.182.102,,,41888,443,0,37,17
1587481728.0253592,173.194.182.102,10.10.0.10,,,443,41888,0,1358,17
1587481728.0288675,10.10.0.10,74.125.110.42,,,49235,443,0,37,17
1587481728.06248,173.194.182.102,10.10.0.10,,,443,41888,0,1358,17
1587481728.0642624,10.10.0.10,173.194.182.102,,,41888,443,0,37,17
1587481728.0995991,74.125.110.42,10.10.0.10,,,443,49235,0,1358,17
1587481728.136702,173.194.182.102,10.10.0.10,,,443,41888,0,1358,17
1587481728.138765,10.10.0.10,74.125.110.42,,,49235,443,0,37,17
1587481728.173802,173.194.182.102,10.10.0.10,,,443,41888,0,1358,17
1587481728.176248,10.10.0.10,173.194.182.102,,,41888,443,0,37,17
1587481728.210921,74.125.110.42,10.10.0.10,,,443,49235,0,1358,17
1587481728.2480614,173.194.182.102,10.10.0.10,,,443,41888,0,1358,17
1587481728.2574508,10.10.0.10,74.125.110.42,,,49235,443,0,37,17
1587481728.285181,173.194.182.102,10.10.0.10,,,443,41888,0,1358,17
1587481728.2868738,10.10.0.10,173.194.182.102,,,41888,443,0,37,17
1587481728.322304,74.125.110.42,10.10.0.10,,,443,49235,0,1358,17
1587481728.3594296,173.194.182.102,10.10.0.10,,,443,41888,0,1358,17
1587481728.3628776,10.10.0.10,74.125.110.42,,,49235,443,0,37,17
1587481728.3965552,173.194.182.102,10.10.0.10,,,443,41888,0,1358,17
1587481728.3983555,10.10.0.10,173.194.182.102,,,41888,443,0,37,17
1587481728.433668,173.194.182.102,10.10.0.10,,,443,41888,0,1358,17
1587481728.4707878,74.125.110.42,10.10.0.10,,,443,49235,0,1358,17
1587481728.4738376,10.10.0.10,173.194.182.102,,,41888,443,0,37,17
1587481728.507909,173.194.182.102,10.10.0.10,,,443,41888,0,1358,17
1587481728.511092,10.10.0.10,74.125.110.42,,,49235,443,0,37,17
1587481728.5450294,173.194.182.102,10.10.0.10,,,443,41888,0,1358,17
1587481728.547752,10.10.0.10,173.194.182.102,,,41888,443,0,37,17
1587481728.5821252,74.125.110.42,10.10.0.10,,,443,49235,0,1358,17
1587481728.6192696,173.194.182.102,10.10.0.10,,,443,41888,0,1358,17
1587481728.6212142,10.10.0.10,74.125.110.42,,,49235,443,0,50,17
1587481728.6563892,173.194.182.102,10.10.0.10,,,443,41888,0,1358,17
1587481728.6581712,10.10.0.10,173.194.182.102,,,41888,443,0,37,17
1587481728.6935165,74.125.110.42,10.10.0.10,,,443,49235,0,1358,17
1587481728.730639,173.194.182.102,10.10.0.10,,,443,41888,0,1358,17
1587481728.7327502,10.10.0.10,74.125.110.42,,,49235,443,0,37,17
1587481728.7677572,173.194.182.102,10.10.0.10,,,443,41888,0,1358,17
1587481728.769585,10.10.0.10,173.194.182.102,,,41888,443,0,37,17
1587481728.804875,173.194.182.102,10.10.0.10,,,443,41888,0,1358,17
1587481728.8464508,74.125.110.42,10.10.0.10,,,443,49235,0,1358,17
1587481728.84731,10.10.0.10,173.194.182.102,,,41888,443,0,37,17
1587481728.8479376,10.10.0.10,74.125.110.42,,,49235,443,0,40,17
1587481728.8835714,173.194.182.102,10.10.0.10,,,443,41888,0,1358,17
1587481728.91715,10.10.0.10,173.194.182.102,,,41888,443,0,37,17
1587481728.920651,173.194.182.102,10.10.0.10,,,443,41888,0,1358,17
1587481728.9575858,10.10.0.10,173.194.182.102,,,41888,443,0,37,17
1587481728.957754,74.125.110.42,10.10.0.10,,,443,49235,0,1358,17
1587481728.9594169,10.10.0.10,74.125.110.42,,,49235,443,0,40,17
1587481728.9949286,74.125.110.42,10.10.0.10,,,443,49235,0,1358,17
1587481728.9971228,10.10.0.10,74.125.110.42,,,49235,443,0,42,17
1587481729.0320542,74.125.110.42,10.10.0.10,,,443,49235,0,1358,17
1587481729.0349581,10.10.0.10,74.125.110.42,,,49235,443,0,42,17
1587481729.069208,173.194.182.102,10.10.0.10,,,443,41888,0,1358,17
1587481729.1062932,74.125.110.42,10.10.0.10,,,443,49235,0,1358,17
1587481729.108953,10.10.0.10,74.125.110.42,,,49235,443,0,42,17
1587481729.109169,10.10.0.10,173.194.182.102,,,41888,443,0,37,17
1587481729.1434178,173.194.182.102,10.10.0.10,,,443,41888,0,1358,17
1587481729.180542,74.125.110.42,10.10.0.10,,,443,49235,0,1358,17
1587481729.1823251,10.10.0.10,74.125.110.42,,,49235,443,0,42,17
1587481729.1825402,10.10.0.10,173.194.182.102,,,41888,443,0,37,17
1587481729.217638,173.194.182.102,10.10.0.10,,,443,41888,0,1358,17
1587481729.246649,10.10.0.10,173.194.182.102,,,41888,443,0,37,17
1587481729.254778,74.125.110.42,10.10.0.10,,,443,49235,0,1358,17
1587481729.2963555,74.125.110.42,10.10.0.10,,,443,49235,0,1358,17
1587481729.2985332,10.10.0.10,74.125.110.42,,,49235,443,0,42,17
1587481729.3334749,173.194.182.102,10.10.0.10,,,443,41888,0,1358,17
1587481729.370593,74.125.110.42,10.10.0.10,,,443,49235,0,1358,17
1587481729.3725429,10.10.0.10,173.194.182.102,,,41888,443,0,37,17
1587481729.407712,74.125.110.42,10.10.0.10,,,443,49235,0,1358,17
1587481729.411263,10.10.0.10,74.125.110.42,,,49235,443,0,42,17
1587481729.4115179,10.10.0.10,173.194.182.102,,,41888,443,0,43,17
1587481729.444835,74.125.110.42,10.10.0.10,,,443,49235,0,1358,17
1587481729.475726,10.10.0.10,74.125.110.42,,,49235,443,0,42,17
1587481729.4819422,74.125.110.42,10.10.0.10,,,443,49235,0,1358,17
1587481729.519066,74.125.110.42,10.10.0.10,,,443,49235,0,1358,17
1587481729.5207698,10.10.0.10,74.125.110.42,,,49235,443,0,42,17
1587481729.556186,173.194.182.102,10.10.0.10,,,443,41888,0,1358,17
1587481729.5933068,173.194.182.102,10.10.0.10,,,443,41888,0,1358,17
1587481729.595187,10.10.0.10,173.194.182.102,,,41888,443,0,37,17
1587481729.630426,74.125.110.42,10.10.0.10,,,443,49235,0,1358,17
1587481729.663422,10.10.0.10,74.125.110.42,,,49235,443,0,42,17
1587481729.667542,173.194.182.102,10.10.0.10,,,443,41888,0,1358,17
1587481729.704666,74.125.110.42,10.10.0.10,,,443,49235,0,1358,17
1587481729.7197778,10.10.0.10,173.194.182.102,,,41888,443,0,37,17
1587481729.7417822,173.194.182.102,10.10.0.10,,,443,41888,0,1358,17
1587481729.743794,10.10.0.10,74.125.110.42,,,49235,443,0,42,17
1587481729.776457,10.10.0.10,173.194.182.102,,,41888,443,0,37,17
1587481729.7789054,74.125.110.42,10.10.0.10,,,443,49235,0,1358,17
1587481729.816026,74.125.110.42,10.10.0.10,,,443,49235,0,1358,17
1587481729.817792,10.10.0.10,74.125.110.42,,,49235,443,0,42,17
1587481729.853142,74.125.110.42,10.10.0.10,,,443,49235,0,1358,17
1587481729.890262,173.194.182.102,10.10.0.10,,,443,41888,0,1358,17
1587481729.892192,10.10.0.10,74.125.110.42,,,49235,443,0,42,17
1587481729.922392,10.10.0.10,173.194.182.102,,,41888,443,0,37,17
1587481729.927382,173.194.182.102,10.10.0.10,,,443,41888,0,1358,17
1587481729.9645028,74.125.110.42,10.10.0.10,,,443,49235,0,1358,17
1587481729.9667046,10.10.0.10,74.125.110.42,,,49235,443,0,44,17
1587481729.9669619,10.10.0.10,173.194.182.102,,,41888,443,0,37,17
1587481730.001626,74.125.110.42,10.10.0.10,,,443,49235,0,1358,17
1587481730.038746,173.194.182.102,10.10.0.10,,,443,41888,0,1358,17
1587481730.075866,74.125.110.42,10.10.0.10,,,443,49235,0,1358,17
1587481730.0875401,10.10.0.10,74.125.110.42,,,49235,443,0,44,17
1587481730.087977,10.10.0.10,74.125.110.42,,,49235,443,0,44,17
1587481730.112982,74.125.110.42,10.10.0.10,,,443,49235,0,1358,17
1587481730.1500778,173.194.182.102,10.10.0.10,,,443,41888,0,1358,17
1587481730.1872258,74.125.110.42,10.10.0.10,,,443,49235,0,1358,17
1587481730.2044542,10.10.0.10,173.194.182.102,,,41888,443,0,37,17
1587481730.224306,173.194.182.102,10.10.0.10,,,443,41888,0,1358,17
1587481730.2614632,74.125.110.42,10.10.0.10,,,443,49235,0,1358,17
1587481730.298586,74.125.110.42,10.10.0.10,,,443,49235,0,1358,17
1587481730.329401,10.10.0.10,74.125.110.42,,,49235,443,0,44,17
1587481730.32946,10.10.0.10,74.125.110.42,,,49235,443,0,43,17
1587481730.335705,74.125.110.42,10.10.0.10,,,443,49235,0,1358,17
1587481730.3728259,173.194.182.102,10.10.0.10,,,443,41888,0,1358,17
1587481730.409948,173.194.182.102,10.10.0.10,,,443,41888,0,1358,17
1587481730.4470696,74.125.110.42,10.10.0.10,,,443,49235,0,1358,17
1587481730.484186,74.125.110.42,10.10.0.10,,,443,49235,0,1358,17
1587481730.5213046,74.125.110.42,10.10.0.10,,,443,49235,0,1358,17
1587481730.558426,173.194.182.102,10.10.0.10,,,443,41888,0,1358,17
1587481730.595546,173.194.182.102,10.10.0.10,,,443,41888,0,780,17
1587481730.6172528,74.125.110.42,10.10.0.10,,,443,49235,0,1358,17
1587481730.6543732,74.125.110.42,10.10.0.10,,,443,49235,0,1358,17
1587481730.691441,74.125.110.42,10.10.0.10,,,443,49235,0,1358,17
1587481730.729729,74.125.110.42,10.10.0.10,,,443,49235,0,1358,17
1587481730.766852,74.125.110.42,10.10.0.10,,,443,49235,0,1358,17
1587481730.8039718,74.125.110.42,10.10.0.10,,,443,49235,0,1358,17
1587481730.84106,74.125.110.42,10.10.0.10,,,443,49235,0,1358,17
1587481730.878208,74.125.110.42,10.10.0.10,,,443,49235,0,1358,17
1587481730.9153318,74.125.110.42,10.10.0.10,,,443,49235,0,1358,17
1587481730.952452,74.125.110.42,10.10.0.10,,,443,49235,0,1358,17
1587481730.9895716,74.125.110.42,10.10.0.10,,,443,49235,0,1358,17
1587481731.026692,74.125.110.42,10.10.0.10,,,443,49235,0,1358,17
1587481731.0418286,10.10.0.10,74.125.110.42,,,49235,443,0,44,17
1587481731.041889,10.10.0.10,173.194.182.102,,,41888,443,0,37,17
1587481731.063768,74.125.110.42,10.10.0.10,,,443,49235,0,1358,17
1587481731.100888,74.125.110.42,10.10.0.10,,,443,49235,0,1358,17
1587481731.1114109,10.10.0.10,173.194.182.102,,,41888,443,0,37,17
1587481731.111469,10.10.0.10,74.125.110.42,,,49235,443,0,44,17
1587481731.115479,10.10.0.10,74.125.110.42,,,49235,443,0,44,17
1587481731.1157546,10.10.0.10,74.125.110.42,,,49235,443,0,44,17
1587481731.115796,10.10.0.10,173.194.182.102,,,41888,443,0,37,17
1587481731.125478,10.10.0.10,74.125.110.42,,,49235,443,0,44,17
1587481731.1380668,173.194.182.102,10.10.0.10,,,443,41888,0,29,17
1587481731.139733,74.125.110.42,10.10.0.10,,,443,49235,0,1358,17
1587481731.176777,74.125.110.42,10.10.0.10,,,443,49235,0,1358,17
1587481731.215052,74.125.110.42,10.10.0.10,,,443,49235,0,1358,17
1587481731.2250528,10.10.0.10,74.125.110.42,,,49235,443,0,44,17
1587481731.2413638,10.10.0.10,74.125.110.42,,,49235,443,0,44,17
1587481731.2413974,10.10.0.10,74.125.110.42,,,49235,443,0,44,17
1587481731.2476802,10.10.0.10,74.125.110.42,,,49235,443,0,44,17
1587481731.2509332,10.10.0.10,74.125.110.42,,,49235,443,0,44,17
1587481731.2521892,74.125.110.42,10.10.0.10,,,443,49235,0,1358,17
1587481731.254574,10.10.0.10,74.125.110.42,,,49235,443,0,44,17
1587481731.255054,10.10.0.10,74.125.110.42,,,49235,443,0,44,17
1587481731.2892678,74.125.110.42,10.10.0.10,,,443,49235,0,1358,17
1587481731.291179,10.10.0.10,74.125.110.42,,,49235,443,0,44,17
1587481731.326392,74.125.110.42,10.10.0.10,,,443,49235,0,1358,17
1587481731.3635411,74.125.110.42,10.10.0.10,,,443,49235,0,1358,17
1587481731.3658562,10.10.0.10,74.125.110.42,,,49235,443,0,46,17
1587481731.4006882,74.125.110.42,10.10.0.10,,,443,49235,0,1358,17
1587481731.4027002,10.10.0.10,74.125.110.42,,,49235,443,0,46,17
1587481731.43781,74.125.110.42,10.10.0.10,,,443,49235,0,1358,17
1587481731.439743,10.10.0.10,74.125.110.42,,,49235,443,0,46,17
1587481731.474935,74.125.110.42,10.10.0.10,,,443,49235,0,1358,17
1587481731.476968,10.10.0.10,74.125.110.42,,,49235,443,0,46,17
1587481731.51317,74.125.110.42,10.10.0.10,,,443,49235,0,1358,17
1587481731.5150454,10.10.0.10,74.125.110.42,,,49235,443,0,48,17
1587481731.55029,74.125.110.42,10.10.0.10,,,443,49235,0,1358,17
1587481731.553658,10.10.0.10,74.125.110.42,,,49235,443,0,48,17
1587481731.587411,74.125.110.42,10.10.0.10,,,443,49235,0,1358,17
1587481731.589407,10.10.0.10,74.125.110.42,,,49235,443,0,61,17
1587481731.6245382,74.125.110.42,10.10.0.10,,,443,49235,0,1358,17
1587481731.6261554,10.10.0.10,74.125.110.42,,,49235,443,0,48,17
1587481731.6616569,74.125.110.42,10.10.0.10,,,443,49235,0,1358,17
1587481731.698737,74.125.110.42,10.10.0.10,,,443,49235,0,1358,17
1587481731.7005148,10.10.0.10,74.125.110.42,,,49235,443,0,48,17
1587481731.735903,74.125.110.42,10.10.0.10,,,443,49235,0,1358,17
1587481731.7730212,74.125.110.42,10.10.0.10,,,443,49235,0,1358,17
1587481731.774888,10.10.0.10,74.125.110.42,,,49235,443,0,48,17
1587481731.810138,74.125.110.42,10.10.0.10,,,443,49235,0,1358,17
1587481731.847264,74.125.110.42,10.10.0.10,,,443,49235,0,1358,17
1587481731.849058,10.10.0.10,74.125.110.42,,,49235,443,0,48,17
1587481731.884382,74.125.110.42,10.10.0.10,,,443,49235,0,636,17
1587481731.9022481,74.125.110.42,10.10.0.10,,,443,49235,0,1358,17
1587481731.905117,10.10.0.10,74.125.110.42,,,49235,443,0,48,17
1587481731.939338,74.125.110.42,10.10.0.10,,,443,49235,0,1358,17
1587481731.954578,10.10.0.10,74.125.110.42,,,49235,443,0,683,17
1587481731.954632,10.10.0.10,74.125.110.42,,,49235,443,0,48,17
1587481731.961457,10.10.0.10,173.194.182.102,,,41888,443,0,710,17
1587481731.9620302,10.10.0.10,173.194.182.102,,,41888,443,0,48,17
1587481731.976434,173.194.182.102,10.10.0.10,,,443,41888,0,29,17
1587481731.9781554,173.194.182.102,10.10.0.10,,,443,41888,0,108,17
1587481731.9819422,74.125.110.42,10.10.0.10,,,443,49235,0,29,17
1587481731.983622,74.125.110.42,10.10.0.10,,,443,49235,0,1358,17
1587481732.0064454,10.10.0.10,173.194.182.102,,,41888,443,0,37,17
1587481732.0207412,74.125.110.42,10.10.0.10,,,443,49235,0,1358,17
1587481732.057866,74.125.110.42,10.10.0.10,,,443,49235,0,1358,17
1587481732.0949812,74.125.110.42,10.10.0.10,,,443,49235,0,1358,17
1587481732.097468,10.10.0.10,74.125.110.42,,,49235,443,0,37,17
1587481732.1243162,10.10.0.10,74.125.110.42,,,49235,443,0,40,17
1587481732.1254866,10.10.0.10,74.125.110.42,,,49235,443,0,40,17
1587481732.1320732,74.125.110.42,10.10.0.10,,,443,49235,0,1358,17
1587481732.1336932,10.10.0.10,74.125.110.42,,,49235,443,0,40,17
1587481732.169225,74.125.110.42,10.10.0.10,,,443,49235,0,1358,17
1587481732.1722612,10.10.0.10,74.125.110.42,,,49235,443,0,40,17
1587481732.2063036,74.125.110.42,10.10.0.10,,,443,49235,0,1358,17
1587481732.243438,74.125.110.42,10.10.0.10,,,443,49235,0,1358,17
1587481732.245616,10.10.0.10,74.125.110.42,,,49235,443,0,40,17
1587481732.280571,74.125.110.42,10.10.0.10,,,443,49235,0,1358,17
1587481732.3176696,74.125.110.42,10.10.0.10,,,443,49235,0,1358,17
1587481732.31935,10.10.0.10,74.125.110.42,,,49235,443,0,42,17
1587481732.354825,173.194.182.102,10.10.0.10,,,443,41888,0,1358,17
1587481732.385175,10.10.0.10,173.194.182.102,,,41888,443,0,37,17
1587481732.391953,173.194.182.102,10.10.0.10,,,443,41888,0,1358,17
1587481732.426717,10.10.0.10,173.194.182.102,,,41888,443,0,37,17
1587481732.429041,173.194.182.102,10.10.0.10,,,443,41888,0,1358,17
1587481732.4661179,173.194.182.102,10.10.0.10,,,443,41888,0,1358,17
1587481732.4688973,10.10.0.10,173.194.182.102,,,41888,443,0,37,17
1587481732.5033069,173.194.182.102,10.10.0.10,,,443,41888,0,1358,17
1587481732.531733,10.10.0.10,173.194.182.102,,,41888,443,0,37,17
1587481732.540447,173.194.182.102,10.10.0.10,,,443,41888,0,1358,17
1587481732.5775561,173.194.182.102,10.10.0.10,,,443,41888,0,1358,17
1587481732.579349,10.10.0.10,173.194.182.102,,,41888,443,0,37,17
1587481732.6146748,173.194.182.102,10.10.0.10,,,443,41888,0,1358,17
1587481732.6486368,10.10.0.10,173.194.182.102,,,41888,443,0,37,17
1587481732.6517901,173.194.182.102,10.10.0.10,,,443,41888,0,1358,17
1587481732.6889148,173.194.182.102,10.10.0.10,,,443,41888,0,1358,17
1587481732.6915731,10.10.0.10,173.194.182.102,,,41888,443,0,37,17
1587481732.72599,173.194.182.102,10.10.0.10,,,443,41888,0,1358,17
1587481732.763145,173.194.182.102,10.10.0.10,,,443,41888,0,1358,17
1587481732.764984,10.10.0.10,173.194.182.102,,,41888,443,0,37,17
1587481732.800265,74.125.110.42,10.10.0.10,,,443,49235,0,1358,17
1587481732.8020694,10.10.0.10,74.125.110.42,,,49235,443,0,42,17
1587481732.837385,173.194.182.102,10.10.0.10,,,443,41888,0,1358,17
1587481732.874506,173.194.182.102,10.10.0.10,,,443,41888,0,1358,17
1587481732.8769894,10.10.0.10,173.194.182.102,,,41888,443,0,37,17
1587481732.911625,74.125.110.42,10.10.0.10,,,443,49235,0,1358,17
1587481732.914405,10.10.0.10,74.125.110.42,,,49235,443,0,42,17
1587481732.9487472,173.194.182.102,10.10.0.10,,,443,41888,0,1358,17
1587481732.9858668,173.194.182.102,10.10.0.10,,,443,41888,0,1358,17
1587481732.987921,10.10.0.10,173.194.182.102,,,41888,443,0,37,17
1587481733.0229812,74.125.110.42,10.10.0.10,,,443,49235,0,1358,17
1587481733.024688,10.10.0.10,74.125.110.42,,,49235,443,0,42,17
1587481733.060106,173.194.182.102,10.10.0.10,,,443,41888,0,1358,17
1587481733.0972269,173.194.182.102,10.10.0.10,,,443,41888,0,1358,17
1587481733.099216,10.10.0.10,173.194.182.102,,,41888,443,0,37,17
1587481733.134347,74.125.110.42,10.10.0.10,,,443,49235,0,1358,17
1587481733.1714618,173.194.182.102,10.10.0.10,,,443,41888,0,1358,17
1587481733.1737082,10.10.0.10,74.125.110.42,,,49235,443,0,42,17
1587481733.2085464,173.194.182.102,10.10.0.10,,,443,41888,0,1358,17
1587481733.210634,10.10.0.10,173.194.182.102,,,41888,443,0,37,17
1587481733.2456632,74.125.110.42,10.10.0.10,,,443,49235,0,1358,17
1587481733.282794,173.194.182.102,10.10.0.10,,,443,41888,0,1358,17
1587481733.284696,10.10.0.10,74.125.110.42,,,49235,443,0,42,17
1587481733.3199322,173.194.182.102,10.10.0.10,,,443,41888,0,1358,17
1587481733.321615,10.10.0.10,173.194.182.102,,,41888,443,0,37,17
1587481733.3570619,74.125.110.42,10.10.0.10,,,443,49235,0,1358,17
1587481733.3866198,10.10.0.10,74.125.110.42,,,49235,443,0,42,17
1587481733.3941786,173.194.182.102,10.10.0.10,,,443,41888,0,1358,17
1587481733.4313,74.125.110.42,10.10.0.10,,,443,49235,0,1358,17
1587481733.433932,10.10.0.10,173.194.182.102,,,41888,443,0,37,17
1587481733.4684222,173.194.182.102,10.10.0.10,,,443,41888,0,1358,17
1587481733.4713216,10.10.0.10,74.125.110.42,,,49235,443,0,42,17
1587481733.5054939,173.194.182.102,10.10.0.10,,,443,41888,0,1358,17
1587481733.507228,10.10.0.10,173.194.182.102,,,41888,443,0,37,17
1587481733.5426,74.125.110.42,10.10.0.10,,,443,49235,0,1358,17
1587481733.579753,173.194.182.102,10.10.0.10,,,443,41888,0,1358,17
1587481733.581858,10.10.0.10,74.125.110.42,,,49235,443,0,42,17
1587481733.61691,173.194.182.102,10.10.0.10,,,443,41888,0,1358,17
1587481733.618754,10.10.0.10,173.194.182.102,,,41888,443,0,37,17
1587481733.654034,173.194.182.102,10.10.0.10,,,443,41888,0,1358,17
1587481733.6911528,74.125.110.42,10.10.0.10,,,443,49235,0,1358,17
1587481733.728242,173.194.182.102,10.10.0.10,,,443,41888,0,1358,17
1587481733.730089,10.10.0.10,173.194.182.102,,,41888,443,0,37,17
1587481733.730482,10.10.0.10,74.125.110.42,,,49235,443,0,42,17
1587481733.765397,74.125.110.42,10.10.0.10,,,443,49235,0,1358,17
1587481733.802511,173.194.182.102,10.10.0.10,,,443,41888,0,1358,17
1587481733.80459,10.10.0.10,74.125.110.42,,,49235,443,0,42,17
1587481733.8396268,74.125.110.42,10.10.0.10,,,443,49235,0,1358,17
1587481733.84212,10.10.0.10,173.194.182.102,,,41888,443,0,37,17
1587481733.8767462,173.194.182.102,10.10.0.10,,,443,41888,0,1358,17
1587481733.878855,10.10.0.10,74.125.110.42,,,49235,443,0,42,17
1587481733.9149554,173.194.182.102,10.10.0.10,,,443,41888,0,1358,17
1587481733.923289,10.10.0.10,173.194.182.102,,,41888,443,0,50,17
1587481733.952106,173.194.182.102,10.10.0.10,,,443,41888,0,1358,17
1587481733.9892302,173.194.182.102,10.10.0.10,,,443,41888,0,1358,17
1587481733.991081,10.10.0.10,173.194.182.102,,,41888,443,0,37,17
1587481734.0263422,173.194.182.102,10.10.0.10,,,443,41888,0,1358,17
1587481734.063444,173.194.182.102,10.10.0.10,,,443,41888,0,1358,17
1587481734.0653286,10.10.0.10,173.194.182.102,,,41888,443,0,37,17
1587481734.100586,173.194.182.102,10.10.0.10,,,443,41888,0,1358,17
1587481734.1377056,173.194.182.102,10.10.0.10,,,443,41888,0,1358,17
1587481734.1748269,173.194.182.102,10.10.0.10,,,443,41888,0,1358,17
1587481734.211874,173.194.182.102,10.10.0.10,,,443,41888,0,1358,17
1587481734.249015,173.194.182.102,10.10.0.10,,,443,41888,0,1358,17
1587481734.2861214,173.194.182.102,10.10.0.10,,,443,41888,0,1358,17
1587481734.323273,173.194.182.102,10.10.0.10,,,443,41888,0,1358,17
1587481734.360427,74.125.110.42,10.10.0.10,,,443,49235,0,1358,17
1587481734.397551,74.125.110.42,10.10.0.10,,,443,49235,0,1358,17
1587481734.425584,10.10.0.10,173.194.182.102,,,41888,443,0,37,17
1587481734.43467,74.125.110.42,10.10.0.10,,,443,49235,0,1358,17
1587481734.473551,74.125.110.42,10.10.0.10,,,443,49235,0,1358,17
1587481734.510672,74.125.110.42,10.10.0.10,,,443,49235,0,1358,17
1587481734.5489109,74.125.110.42,10.10.0.10,,,443,49235,0,1358,17
1587481734.5859911,74.125.110.42,10.10.0.10,,,443,49235,0,1358,17
1587481734.623112,74.125.110.42,10.10.0.10,,,443,49235,0,1358,17
1587481734.660273,74.125.110.42,10.10.0.10,,,443,49235,0,1358,17
1587481734.6973839,74.125.110.42,10.10.0.10,,,443,49235,0,1358,17
1587481734.7345018,74.125.110.42,10.10.0.10,,,443,49235,0,1358,17
1587481734.7716231,74.125.110.42,10.10.0.10,,,443,49235,0,1358,17
1587481734.808746,74.125.110.42,10.10.0.10,,,443,49235,0,1358,17
1587481734.845865,74.125.110.42,10.10.0.10,,,443,49235,0,1358,17
1587481734.8829858,74.125.110.42,10.10.0.10,,,443,49235,0,1358,17
1587481734.9201062,74.125.110.42,10.10.0.10,,,443,49235,0,1358,17
1587481734.9572248,74.125.110.42,10.10.0.10,,,443,49235,0,1358,17
1587481734.994345,74.125.110.42,10.10.0.10,,,443,49235,0,1358,17
1587481735.0314622,173.194.182.102,10.10.0.10,,,443,41888,0,29,17
1587481735.0331461,74.125.110.42,10.10.0.10,,,443,49235,0,1358,17
1587481735.070266,74.125.110.42,10.10.0.10,,,443,49235,0,1358,17
1587481735.1073868,74.125.110.42,10.10.0.10,,,443,49235,0,1358,17
1587481735.135824,10.10.0.10,173.194.182.102,,,41888,443,0,37,17
1587481735.1444561,74.125.110.42,10.10.0.10,,,443,49235,0,1358,17
1587481735.1815536,74.125.110.42,10.10.0.10,,,443,49235,0,1358,17
1587481735.206397,10.10.0.10,173.194.182.102,,,41888,443,0,37,17
1587481735.206429,10.10.0.10,173.194.182.102,,,41888,443,0,37,17
1587481735.206595,10.10.0.10,74.125.110.42,,,49235,443,0,44,17
1587481735.208239,10.10.0.10,74.125.110.42,,,49235,443,0,57,17
1587481735.208258,10.10.0.10,74.125.110.42,,,49235,443,0,44,17
1587481735.210057,10.10.0.10,74.125.110.42,,,49235,443,0,46,17
1587481735.2100828,10.10.0.10,74.125.110.42,,,49235,443,0,46,17
1587481735.2102802,10.10.0.10,74.125.110.42,,,49235,443,0,46,17
1587481735.210534,10.10.0.10,74.125.110.42,,,49235,443,0,46,17
1587481735.210554,10.10.0.10,74.125.110.42,,,49235,443,0,48,17
1587481735.211011,10.10.0.10,74.125.110.42,,,49235,443,0,48,17
1587481735.211262,10.10.0.10,74.125.110.42,,,49235,443,0,48,17
1587481735.212855,10.10.0.10,74.125.110.42,,,49235,443,0,48,17
1587481735.215735,10.10.0.10,74.125.110.42,,,49235,443,0,48,17
1587481735.2186668,74.125.110.42,10.10.0.10,,,443,49235,0,1358,17
1587481735.219767,10.10.0.10,74.125.110.42,,,49235,443,0,48,17
1587481735.2212946,10.10.0.10,74.125.110.42,,,49235,443,0,48,17
1587481735.2266312,10.10.0.10,74.125.110.42,,,49235,443,0,48,17
1587481735.2267618,10.10.0.10,74.125.110.42,,,49235,443,0,48,17
1587481735.257568,173.194.182.102,10.10.0.10,,,443,41888,0,1358,17
1587481735.2947311,173.194.182.102,10.10.0.10,,,443,41888,0,1358,17
1587481735.322361,10.10.0.10,74.125.110.42,,,49235,443,0,48,17
1587481735.322393,10.10.0.10,74.125.110.42,,,49235,443,0,48,17
1587481735.3262858,10.10.0.10,173.194.182.102,,,41888,443,0,37,17
1587481735.3318524,74.125.110.42,10.10.0.10,,,443,49235,0,1358,17
1587481735.368974,173.194.182.102,10.10.0.10,,,443,41888,0,1358,17
1587481735.4060931,74.125.110.42,10.10.0.10,,,443,49235,0,32,17
1587481735.407809,173.194.182.102,10.10.0.10,,,443,41888,0,1358,17
1587481735.442007,10.10.0.10,74.125.110.42,,,49235,443,0,48,17
1587481735.4449742,173.194.182.102,10.10.0.10,,,443,41888,0,1358,17
1587481735.4453142,10.10.0.10,173.194.182.102,,,41888,443,0,37,17
1587481735.482069,74.125.110.42,10.10.0.10,,,443,49235,0,1358,17
1587481735.519216,74.125.110.42,10.10.0.10,,,443,49235,0,1358,17
1587481735.556335,173.194.182.102,10.10.0.10,,,443,41888,0,1358,17
1587481735.5629892,10.10.0.10,173.194.182.102,,,41888,443,0,37,17
1587481735.5652852,10.10.0.10,74.125.110.42,,,49235,443,0,37,17
1587481735.593454,74.125.110.42,10.10.0.10,,,443,49235,0,1358,17
1587481735.630576,173.194.182.102,10.10.0.10,,,443,41888,0,1358,17
1587481735.6676948,74.125.110.42,10.10.0.10,,,443,49235,0,1358,17
1587481735.680897,10.10.0.10,173.194.182.102,,,41888,443,0,37,17
1587481735.686089,10.10.0.10,74.125.110.42,,,49235,443,0,37,17
1587481735.7048142,74.125.110.42,10.10.0.10,,,443,49235,0,1358,17
1587481735.741889,74.125.110.42,10.10.0.10,,,443,49235,0,1358,17
1587481735.7790296,173.194.182.102,10.10.0.10,,,443,41888,0,1358,17
1587481735.80244,10.10.0.10,74.125.110.42,,,49235,443,0,50,17
1587481735.8024876,10.10.0.10,173.194.182.102,,,41888,443,0,37,17
1587481735.81621,173.194.182.102,10.10.0.10,,,443,41888,0,1358,17
1587481735.817985,10.10.0.10,173.194.182.102,,,41888,443,0,37,17
1587481735.8533056,173.194.182.102,10.10.0.10,,,443,41888,0,1358,17
1587481735.8904321,74.125.110.42,10.10.0.10,,,443,49235,0,1358,17
1587481735.9234042,10.10.0.10,74.125.110.42,,,49235,443,0,37,17
1587481735.9275556,173.194.182.102,10.10.0.10,,,443,41888,0,1358,17
1587481735.9294212,10.10.0.10,173.194.182.102,,,41888,443,0,37,17
1587481735.964676,173.194.182.102,10.10.0.10,,,443,41888,0,1358,17
1587481736.001791,173.194.182.102,10.10.0.10,,,443,41888,0,1358,17
1587481736.038917,74.125.110.42,10.10.0.10,,,443,49235,0,1358,17
1587481736.040803,10.10.0.10,74.125.110.42,,,49235,443,0,37,17
1587481736.043802,10.10.0.10,173.194.182.102,,,41888,443,0,37,17
1587481736.076032,173.194.182.102,10.10.0.10,,,443,41888,0,1358,17
1587481736.078202,10.10.0.10,74.125.110.42,,,49235,443,0,37,17
1587481736.113154,173.194.182.102,10.10.0.10,,,443,41888,0,1358,17
1587481736.116287,10.10.0.10,173.194.182.102,,,41888,443,0,37,17
1587481736.150234,173.194.182.102,10.10.0.10,,,443,41888,0,1358,17
1587481736.187382,74.125.110.42,10.10.0.10,,,443,49235,0,1358,17
1587481736.191345,10.10.0.10,173.194.182.102,,,41888,443,0,37,17
1587481736.2244358,173.194.182.102,10.10.0.10,,,443,41888,0,1358,17
1587481736.2261708,10.10.0.10,74.125.110.42,,,49235,443,0,37,17
1587481736.2616189,173.194.182.102,10.10.0.10,,,443,41888,0,1358,17
1587481736.26339,10.10.0.10,173.194.182.102,,,41888,443,0,37,17
1587481736.2987149,173.194.182.102,10.10.0.10,,,443,41888,0,1358,17
1587481736.335856,74.125.110.42,10.10.0.10,,,443,49235,0,1358,17
1587481736.339443,10.10.0.10,173.194.182.102,,,41888,443,0,37,17
1587481736.372976,173.194.182.102,10.10.0.10,,,443,41888,0,1358,17
1587481736.374999,10.10.0.10,74.125.110.42,,,49235,443,0,37,17
1587481736.410058,173.194.182.102,10.10.0.10,,,443,41888,0,1358,17
1587481736.4118106,10.10.0.10,173.194.182.102,,,41888,443,0,37,17
1587481736.447223,173.194.182.102,10.10.0.10,,,443,41888,0,1358,17
1587481736.484348,74.125.110.42,10.10.0.10,,,443,49235,0,1358,17
1587481736.486239,10.10.0.10,173.194.182.102,,,41888,443,0,50,17
1587481736.521472,173.194.182.102,10.10.0.10,,,443,41888,0,1358,17
1587481736.5235069,10.10.0.10,74.125.110.42,,,49235,443,0,37,17
1587481736.5585911,173.194.182.102,10.10.0.10,,,443,41888,0,1358,17
1587481736.586168,10.10.0.10,173.194.182.102,,,41888,443,0,37,17
1587481736.595712,173.194.182.102,10.10.0.10,,,443,41888,0,1358,17
1587481736.601048,10.10.0.10,173.194.182.102,,,41888,443,0,40,17
1587481736.632831,74.125.110.42,10.10.0.10,,,443,49235,0,1358,17
1587481736.6699102,173.194.182.102,10.10.0.10,,,443,41888,0,1358,17
1587481736.671666,10.10.0.10,173.194.182.102,,,41888,443,0,40,17
1587481736.6718428,10.10.0.10,74.125.110.42,,,49235,443,0,37,17
1587481736.7070668,173.194.182.102,10.10.0.10,,,443,41888,0,1358,17
1587481736.7087238,10.10.0.10,173.194.182.102,,,41888,443,0,40,17
1587481736.744192,173.194.182.102,10.10.0.10,,,443,41888,0,1358,17
1587481736.745965,10.10.0.10,173.194.182.102,,,41888,443,0,40,17
1587481736.781307,74.125.110.42,10.10.0.10,,,443,49235,0,1358,17
1587481736.8184311,173.194.182.102,10.10.0.10,,,443,41888,0,1358,17
1587481736.8203142,10.10.0.10,74.125.110.42,,,49235,443,0,37,17
1587481736.8554802,173.194.182.102,10.10.0.10,,,443,41888,0,1358,17
1587481736.857181,10.10.0.10,173.194.182.102,,,41888,443,0,40,17
1587481736.892675,173.194.182.102,10.10.0.10,,,443,41888,0,1358,17
1587481736.929791,74.125.110.42,10.10.0.10,,,443,49235,0,1358,17
1587481736.931925,10.10.0.10,173.194.182.102,,,41888,443,0,40,17
1587481736.966843,173.194.182.102,10.10.0.10,,,443,41888,0,1358,17
1587481736.9689224,10.10.0.10,74.125.110.42,,,49235,443,0,37,17
1587481737.0040588,173.194.182.102,10.10.0.10,,,443,41888,0,1358,17
1587481737.005857,10.10.0.10,173.194.182.102,,,41888,443,0,40,17
1587481737.0411482,173.194.182.102,10.10.0.10,,,443,41888,0,1358,17
1587481737.078266,173.194.182.102,10.10.0.10,,,443,41888,0,1358,17
1587481737.080081,10.10.0.10,173.194.182.102,,,41888,443,0,40,17
1587481737.115387,173.194.182.102,10.10.0.10,,,443,41888,0,1358,17
1587481737.152473,173.194.182.102,10.10.0.10,,,443,41888,0,1358,17
1587481737.154377,10.10.0.10,173.194.182.102,,,41888,443,0,40,17
1587481737.189576,173.194.182.102,10.10.0.10,,,443,41888,0,1358,17
1587481737.226671,74.125.110.42,10.10.0.10,,,443,49235,0,29,17
1587481737.2283466,173.194.182.102,10.10.0.10,,,443,41888,0,1358,17
1587481737.228433,10.10.0.10,173.194.182.102,,,41888,443,0,40,17
1587481737.265544,173.194.182.102,10.10.0.10,,,443,41888,0,1358,17
1587481737.267259,10.10.0.10,173.194.182.102,,,41888,443,0,40,17
1587481737.302663,74.125.110.42,10.10.0.10,,,443,49235,0,1358,17
1587481737.304324,10.10.0.10,74.125.110.42,,,49235,443,0,40,17
1587481737.339783,173.194.182.102,10.10.0.10,,,443,41888,0,1358,17
1587481737.376909,173.194.182.102,10.10.0.10,,,443,41888,0,1358,17
1587481737.391923,10.10.0.10,173.194.182.102,,,41888,443,0,40,17
1587481737.414031,173.194.182.102,10.10.0.10,,,443,41888,0,1358,17
1587481737.451154,74.125.110.42,10.10.0.10,,,443,49235,0,1358,17
1587481737.4530456,10.10.0.10,74.125.110.42,,,49235,443,0,40,17
1587481737.453111,10.10.0.10,173.194.182.102,,,41888,443,0,40,17
1587481737.488274,74.125.110.42,10.10.0.10,,,443,49235,0,1358,17
1587481737.4900641,10.10.0.10,74.125.110.42,,,49235,443,0,40,17
1587481737.525396,173.194.182.102,10.10.0.10,,,443,41888,0,1358,17
1587481737.5625148,74.125.110.42,10.10.0.10,,,443,49235,0,1358,17
1587481737.564191,10.10.0.10,173.194.182.102,,,41888,443,0,40,17
1587481737.599589,173.194.182.102,10.10.0.10,,,443,41888,0,1358,17
1587481737.6018374,10.10.0.10,74.125.110.42,,,49235,443,0,40,17
1587481737.636755,74.125.110.42,10.10.0.10,,,443,49235,0,1358,17
1587481737.6387398,10.10.0.10,173.194.182.102,,,41888,443,0,40,17
1587481737.6738758,74.125.110.42,10.10.0.10,,,443,49235,0,1358,17
1587481737.6756508,10.10.0.10,74.125.110.42,,,49235,443,0,40,17
1587481737.7109964,173.194.182.102,10.10.0.10,,,443,41888,0,1358,17
1587481737.748107,74.125.110.42,10.10.0.10,,,443,49235,0,1358,17
1587481737.749976,10.10.0.10,173.194.182.102,,,41888,443,0,40,17
1587481737.785222,173.194.182.102,10.10.0.10,,,443,41888,0,1358,17
1587481737.787625,10.10.0.10,74.125.110.42,,,49235,443,0,40,17
1587481737.8222818,74.125.110.42,10.10.0.10,,,443,49235,0,1358,17
1587481737.8243089,10.10.0.10,173.194.182.102,,,41888,443,0,40,17
1587481737.8594658,173.194.182.102,10.10.0.10,,,443,41888,0,1358,17
1587481737.861368,10.10.0.10,74.125.110.42,,,49235,443,0,40,17
1587481737.896586,74.125.110.42,10.10.0.10,,,443,49235,0,1358,17
1587481737.89862,10.10.0.10,173.194.182.102,,,41888,443,0,40,17
1587481737.933703,173.194.182.102,10.10.0.10,,,443,41888,0,885,17
1587481737.935802,10.10.0.10,74.125.110.42,,,49235,443,0,40,17
1587481737.958209,74.125.110.42,10.10.0.10,,,443,49235,0,1358,17
1587481737.959948,10.10.0.10,74.125.110.42,,,49235,443,0,42,17
1587481737.995356,74.125.110.42,10.10.0.10,,,443,49235,0,1358,17
1587481737.9971552,10.10.0.10,74.125.110.42,,,49235,443,0,42,17
1587481737.9973679,10.10.0.10,173.194.182.102,,,41888,443,0,53,17
1587481738.0324142,74.125.110.42,10.10.0.10,,,443,49235,0,1358,17
1587481738.0572731,10.10.0.10,74.125.110.42,,,49235,443,0,55,17
1587481738.069577,74.125.110.42,10.10.0.10,,,443,49235,0,1358,17
1587481738.072041,10.10.0.10,74.125.110.42,,,49235,443,0,42,17
1587481738.106689,74.125.110.42,10.10.0.10,,,443,49235,0,1358,17
1587481738.1437492,74.125.110.42,10.10.0.10,,,443,49235,0,1358,17
1587481738.150595,10.10.0.10,74.125.110.42,,,49235,443,0,42,17
1587481738.180926,74.125.110.42,10.10.0.10,,,443,49235,0,1358,17
1587481738.186433,10.10.0.10,74.125.110.42,,,49235,443,0,42,17
1587481738.2179892,74.125.110.42,10.10.0.10,,,443,49235,0,1358,17
1587481738.255161,74.125.110.42,10.10.0.10,,,443,49235,0,1358,17
1587481738.277182,10.10.0.10,74.125.110.42,,,49235,443,0,42,17
1587481738.292291,173.194.182.102,10.10.0.10,,,443,41888,0,29,17
1587481738.293968,74.125.110.42,10.10.0.10,,,443,49235,0,1358,17
1587481738.331091,74.125.110.42,10.10.0.10,,,443,49235,0,1358,17
1587481738.3682132,74.125.110.42,10.10.0.10,,,443,49235,0,1358,17
1587481738.4053388,74.125.110.42,10.10.0.10,,,443,49235,0,1358,17
1587481738.4424634,74.125.110.42,10.10.0.10,,,443,49235,0,1358,17
1587481738.479577,74.125.110.42,10.10.0.10,,,443,49235,0,1358,17
1587481738.5166981,74.125.110.42,10.10.0.10,,,443,49235,0,1358,17
1587481738.5207882,10.10.0.10,74.125.110.42,,,49235,443,0,42,17
1587481738.553822,173.194.182.102,10.10.0.10,,,443,41888,0,1358,17
1587481738.5953946,74.125.110.42,10.10.0.10,,,443,49235,0,1358,17
1587481738.6369572,74.125.110.42,10.10.0.10,,,443,49235,0,1358,17
1587481738.6740801,74.125.110.42,10.10.0.10,,,443,49235,0,1358,17
1587481738.7156534,74.125.110.42,10.10.0.10,,,443,49235,0,1358,17
1587481738.752774,74.125.110.42,10.10.0.10,,,443,49235,0,1358,17
1587481738.7898932,74.125.110.42,10.10.0.10,,,443,49235,0,1358,17
1587481738.827008,74.125.110.42,10.10.0.10,,,443,49235,0,1358,17
1587481738.864132,74.125.110.42,10.10.0.10,,,443,49235,0,1358,17
1587481738.9012518,74.125.110.42,10.10.0.10,,,443,49235,0,1358,17
1587481738.938373,74.125.110.42,10.10.0.10,,,443,49235,0,1358,17
1587481738.9754932,173.194.182.102,10.10.0.10,,,443,41888,0,29,17
1587481738.977169,74.125.110.42,10.10.0.10,,,443,49235,0,1358,17
1587481739.014294,74.125.110.42,10.10.0.10,,,443,49235,0,29,17
1587481739.015973,74.125.110.42,10.10.0.10,,,443,49235,0,1358,17
1587481739.0530918,74.125.110.42,10.10.0.10,,,443,49235,0,1358,17
1587481739.090209,74.125.110.42,10.10.0.10,,,443,49235,0,1358,17
1587481739.1206536,10.10.0.10,74.125.110.42,,,49235,443,0,42,17
1587481739.1273286,74.125.110.42,10.10.0.10,,,443,49235,0,1358,17
1587481739.1643882,74.125.110.42,10.10.0.10,,,443,49235,0,1358,17
1587481739.201561,74.125.110.42,10.10.0.10,,,443,49235,0,1358,17
1587481739.238683,74.125.110.42,10.10.0.10,,,443,49235,0,1358,17
1587481739.2757509,74.125.110.42,10.10.0.10,,,443,49235,0,1358,17
1587481739.30777,10.10.0.10,74.125.110.42,,,49235,443,0,42,17
1587481739.312033,10.10.0.10,74.125.110.42,,,49235,443,0,42,17
1587481739.3190072,10.10.0.10,74.125.110.42,,,49235,443,0,42,17
1587481739.320499,10.10.0.10,74.125.110.42,,,49235,443,0,42,17
1587481739.3285706,74.125.110.42,10.10.0.10,,,443,49235,0,1358,17
1587481739.3651652,74.125.110.42,10.10.0.10,,,443,49235,0,1358,17
1587481739.4014704,74.125.110.42,10.10.0.10,,,443,49235,0,1358,17
1587481739.4378376,74.125.110.42,10.10.0.10,,,443,49235,0,1358,17
1587481739.4469151,10.10.0.10,74.125.110.42,,,49235,443,0,44,17
1587481739.447562,10.10.0.10,173.194.182.102,,,41888,443,0,40,17
1587481739.460998,10.10.0.10,74.125.110.42,,,49235,443,0,44,17
1587481739.463418,10.10.0.10,74.125.110.42,,,49235,443,0,44,17
1587481739.4634721,10.10.0.10,74.125.110.42,,,49235,443,0,44,17
1587481739.4667802,10.10.0.10,74.125.110.42,,,49235,443,0,44,17
1587481739.469248,10.10.0.10,74.125.110.42,,,49235,443,0,44,17
1587481739.4734569,10.10.0.10,74.125.110.42,,,49235,443,0,40,17
1587481739.474335,74.125.110.42,10.10.0.10,,,443,49235,0,1358,17
1587481739.475431,10.10.0.10,74.125.110.42,,,49235,443,0,40,17
1587481739.476003,10.10.0.10,74.125.110.42,,,49235,443,0,42,17
1587481739.4783802,10.10.0.10,74.125.110.42,,,49235,443,0,55,17
1587481739.478426,10.10.0.10,74.125.110.42,,,49235,443,0,42,17
1587481739.478516,10.10.0.10,74.125.110.42,,,49235,443,0,42,17
1587481739.4795892,10.10.0.10,74.125.110.42,,,49235,443,0,42,17
1587481739.480665,10.10.0.10,74.125.110.42,,,49235,443,0,42,17
1587481739.5049634,74.125.110.42,10.10.0.10,,,443,49235,0,29,17
1587481739.5065641,10.10.0.10,74.125.110.42,,,49235,443,0,37,17
1587481739.510632,74.125.110.42,10.10.0.10,,,443,49235,0,1358,17
1587481739.546993,74.125.110.42,10.10.0.10,,,443,49235,0,1358,17
1587481739.58364,74.125.110.42,10.10.0.10,,,443,49235,0,1358,17
1587481739.619388,74.125.110.42,10.10.0.10,,,443,49235,0,1358,17
1587481739.636424,10.10.0.10,74.125.110.42,,,49235,443,0,40,17
1587481739.6562438,74.125.110.42,10.10.0.10,,,443,49235,0,1358,17
1587481739.658797,10.10.0.10,74.125.110.42,,,49235,443,0,40,17
1587481739.6916358,74.125.110.42,10.10.0.10,,,443,49235,0,1358,17
1587481739.693566,10.10.0.10,74.125.110.42,,,49235,443,0,40,17
1587481739.725678,74.125.110.42,10.10.0.10,,,443,49235,0,1358,17
1587481739.762775,74.125.110.42,10.10.0.10,,,443,49235,0,1358,17
1587481739.791068,10.10.0.10,74.125.110.42,,,49235,443,0,40,17
1587481739.7999198,74.125.110.42,10.10.0.10,,,443,49235,0,1358,17
1587481739.8017359,10.10.0.10,74.125.110.42,,,49235,443,0,40,17
1587481739.837042,74.125.110.42,10.10.0.10,,,443,49235,0,1358,17
1587481739.874162,74.125.110.42,10.10.0.10,,,443,49235,0,1358,17
1587481739.877623,10.10.0.10,74.125.110.42,,,49235,443,0,42,17
1587481739.9112818,74.125.110.42,10.10.0.10,,,443,49235,0,1358,17
1587481739.9132571,10.10.0.10,74.125.110.42,,,49235,443,0,42,17
1587481739.9483662,74.125.110.42,10.10.0.10,,,443,49235,0,321,17
1587481739.9502769,10.10.0.10,74.125.110.42,,,49235,443,0,42,17
1587481739.971514,74.125.110.42,10.10.0.10,,,443,49235,0,1358,17
1587481739.973276,10.10.0.10,74.125.110.42,,,49235,443,0,42,17
1587481739.989784,10.10.0.10,74.125.110.42,,,49235,443,0,677,17
1587481739.9901626,10.10.0.10,74.125.110.42,,,49235,443,0,48,17
1587481739.994787,10.10.0.10,173.194.182.102,,,41888,443,0,710,17
1587481739.9950562,10.10.0.10,173.194.182.102,,,41888,443,0,48,17
1587481740.006189,173.194.182.102,10.10.0.10,,,443,41888,0,29,17
1587481740.006378,173.194.182.102,10.10.0.10,,,443,41888,0,1358,17
1587481740.033791,173.194.182.102,10.10.0.10,,,443,41888,0,1358,17
1587481740.0354428,10.10.0.10,173.194.182.102,,,41888,443,0,37,17
1587481740.070909,173.194.182.102,10.10.0.10,,,443,41888,0,1358,17
1587481740.10803,173.194.182.102,10.10.0.10,,,443,41888,0,1358,17
1587481740.116341,10.10.0.10,173.194.182.102,,,41888,443,0,40,17
1587481740.1451485,173.194.182.102,10.10.0.10,,,443,41888,0,1358,17
1587481740.1469412,10.10.0.10,173.194.182.102,,,41888,443,0,40,17
1587481740.18221,173.194.182.102,10.10.0.10,,,443,41888,0,1358,17
1587481740.185642,10.10.0.10,173.194.182.102,,,41888,443,0,42,17
1587481740.219353,173.194.182.102,10.10.0.10,,,443,41888,0,1358,17
1587481740.2210526,10.10.0.10,173.194.182.102,,,41888,443,0,40,17
1587481740.2564988,173.194.182.102,10.10.0.10,,,443,41888,0,1358,17
1587481740.2935526,173.194.182.102,10.10.0.10,,,443,41888,0,1358,17
1587481740.295021,10.10.0.10,173.194.182.102,,,41888,443,0,40,17
1587481740.3307462,173.194.182.102,10.10.0.10,,,443,41888,0,1358,17
1587481740.3678439,173.194.182.102,10.10.0.10,,,443,41888,0,1358,17
1587481740.3694339,10.10.0.10,173.194.182.102,,,41888,443,0,40,17
1587481740.404985,74.125.110.42,10.10.0.10,,,443,49235,0,115,17
1587481740.4089599,74.125.110.42,10.10.0.10,,,443,49235,0,1358,17
1587481740.4108946,10.10.0.10,74.125.110.42,,,49235,443,0,37,17
1587481740.4460359,74.125.110.42,10.10.0.10,,,443,49235,0,1358,17
1587481740.483201,74.125.110.42,10.10.0.10,,,443,49235,0,1358,17
1587481740.484912,10.10.0.10,74.125.110.42,,,49235,443,0,37,17
1587481740.520317,74.125.110.42,10.10.0.10,,,443,49235,0,1358,17
1587481740.55744,74.125.110.42,10.10.0.10,,,443,49235,0,1358,17
1587481740.5591679,10.10.0.10,74.125.110.42,,,49235,443,0,37,17
1587481740.594501,74.125.110.42,10.10.0.10,,,443,49235,0,1358,17
1587481740.624164,10.10.0.10,74.125.110.42,,,49235,443,0,37,17
1587481740.6316528,74.125.110.42,10.10.0.10,,,443,49235,0,1358,17
1587481740.6688,74.125.110.42,10.10.0.10,,,443,49235,0,1358,17
1587481740.670568,10.10.0.10,74.125.110.42,,,49235,443,0,37,17
1587481740.70592,74.125.110.42,10.10.0.10,,,443,49235,0,1358,17
1587481740.7430446,74.125.110.42,10.10.0.10,,,443,49235,0,1358,17
1587481740.745048,10.10.0.10,74.125.110.42,,,49235,443,0,37,17
1587481740.7801652,74.125.110.42,10.10.0.10,,,443,49235,0,1358,17
1587481740.8172884,173.194.182.102,10.10.0.10,,,443,41888,0,1358,17
1587481740.8195288,10.10.0.10,74.125.110.42,,,49235,443,0,37,17
1587481740.854408,74.125.110.42,10.10.0.10,,,443,49235,0,1358,17
1587481740.8565068,10.10.0.10,173.194.182.102,,,41888,443,0,40,17
1587481740.8915286,173.194.182.102,10.10.0.10,,,443,41888,0,1358,17
1587481740.893683,10.10.0.10,74.125.110.42,,,49235,443,0,37,17
1587481740.928649,74.125.110.42,10.10.0.10,,,443,49235,0,1358,17
1587481740.930667,10.10.0.10,173.194.182.102,,,41888,443,0,40,17
1587481740.9657671,173.194.182.102,10.10.0.10,,,443,41888,0,1358,17
1587481740.967424,10.10.0.10,74.125.110.42,,,49235,443,0,37,17
1587481741.0028892,173.194.182.102,10.10.0.10,,,443,41888,0,1358,17
1587481741.005614,10.10.0.10,173.194.182.102,,,41888,443,0,40,17
1587481741.040007,74.125.110.42,10.10.0.10,,,443,49235,0,1358,17
1587481741.041922,10.10.0.10,74.125.110.42,,,49235,443,0,40,17
1587481741.077127,173.194.182.102,10.10.0.10,,,443,41888,0,1358,17
1587481741.114249,74.125.110.42,10.10.0.10,,,443,49235,0,1358,17
1587481741.116195,10.10.0.10,74.125.110.42,,,49235,443,0,40,17
1587481741.1164026,10.10.0.10,173.194.182.102,,,41888,443,0,40,17
1587481741.151368,173.194.182.102,10.10.0.10,,,443,41888,0,1358,17
1587481741.188488,74.125.110.42,10.10.0.10,,,443,49235,0,1358,17
1587481741.1909811,10.10.0.10,173.194.182.102,,,41888,443,0,40,17
1587481741.1910348,10.10.0.10,74.125.110.42,,,49235,443,0,40,17
1587481741.225559,173.194.182.102,10.10.0.10,,,443,41888,0,1358,17
1587481741.2627056,74.125.110.42,10.10.0.10,,,443,49235,0,1358,17
1587481741.265358,10.10.0.10,74.125.110.42,,,49235,443,0,40,17
1587481741.265415,10.10.0.10,173.194.182.102,,,41888,443,0,40,17
1587481741.2998018,173.194.182.102,10.10.0.10,,,443,41888,0,1358,17
1587481741.336951,74.125.110.42,10.10.0.10,,,443,49235,0,1358,17
1587481741.3388288,10.10.0.10,173.194.182.102,,,41888,443,0,40,17
1587481741.374074,173.194.182.102,10.10.0.10,,,443,41888,0,1358,17
1587481741.3757286,10.10.0.10,74.125.110.42,,,49235,443,0,40,17
1587481741.4111712,173.194.182.102,10.10.0.10,,,443,41888,0,1358,17
1587481741.413754,10.10.0.10,173.194.182.102,,,41888,443,0,40,17
1587481741.4482946,74.125.110.42,10.10.0.10,,,443,49235,0,1358,17
1587481741.4854045,173.194.182.102,10.10.0.10,,,443,41888,0,1358,17
1587481741.4872599,10.10.0.10,74.125.110.42,,,49235,443,0,40,17
1587481741.522557,74.125.110.42,10.10.0.10,,,443,49235,0,1358,17
1587481741.524284,10.10.0.10,173.194.182.102,,,41888,443,0,40,17
1587481741.55968,173.194.182.102,10.10.0.10,,,443,41888,0,1358,17
1587481741.5614884,10.10.0.10,74.125.110.42,,,49235,443,0,40,17
1587481741.5968,74.125.110.42,10.10.0.10,,,443,49235,0,1358,17
1587481741.598662,10.10.0.10,173.194.182.102,,,41888,443,0,40,17
1587481741.6339226,173.194.182.102,10.10.0.10,,,443,41888,0,1358,17
1587481741.636765,10.10.0.10,74.125.110.42,,,49235,443,0,40,17
1587481741.6710448,74.125.110.42,10.10.0.10,,,443,49235,0,1358,17
1587481741.6731222,10.10.0.10,173.194.182.102,,,41888,443,0,40,17
1587481741.708168,173.194.182.102,10.10.0.10,,,443,41888,0,1358,17
1587481741.7100859,10.10.0.10,74.125.110.42,,,49235,443,0,40,17
1587481741.7452881,74.125.110.42,10.10.0.10,,,443,49235,0,1358,17
1587481741.7473938,10.10.0.10,173.194.182.102,,,41888,443,0,40,17
1587481741.782407,173.194.182.102,10.10.0.10,,,443,41888,0,1358,17
1587481741.7850802,10.10.0.10,74.125.110.42,,,49235,443,0,40,17
1587481741.8195238,74.125.110.42,10.10.0.10,,,443,49235,0,1358,17
1587481741.821597,10.10.0.10,173.194.182.102,,,41888,443,0,53,17
1587481741.856648,74.125.110.42,10.10.0.10,,,443,49235,0,1358,17
1587481741.893768,173.194.182.102,10.10.0.10,,,443,41888,0,1358,17
1587481741.9273279,10.10.0.10,74.125.110.42,,,49235,443,0,53,17
1587481741.930884,74.125.110.42,10.10.0.10,,,443,49235,0,1358,17
1587481741.9324794,10.10.0.10,74.125.110.42,,,49235,443,0,40,17
1587481741.9680061,173.194.182.102,10.10.0.10,,,443,41888,0,1358,17
1587481741.970042,10.10.0.10,173.194.182.102,,,41888,443,0,40,17
1587481742.005124,74.125.110.42,10.10.0.10,,,443,49235,0,1358,17
1587481742.0422275,74.125.110.42,10.10.0.10,,,443,49235,0,1358,17
1587481742.044063,10.10.0.10,74.125.110.42,,,49235,443,0,40,17
1587481742.0793688,74.125.110.42,10.10.0.10,,,443,49235,0,1358,17
1587481742.1164892,74.125.110.42,10.10.0.10,,,443,49235,0,1358,17
1587481742.118333,10.10.0.10,74.125.110.42,,,49235,443,0,40,17
1587481742.153558,74.125.110.42,10.10.0.10,,,443,49235,0,1358,17
1587481742.190712,74.125.110.42,10.10.0.10,,,443,49235,0,1358,17
1587481742.192248,10.10.0.10,74.125.110.42,,,49235,443,0,40,17
1587481742.2278259,74.125.110.42,10.10.0.10,,,443,49235,0,1358,17
1587481742.233014,10.10.0.10,74.125.110.42,,,49235,443,0,40,17
1587481742.264912,74.125.110.42,10.10.0.10,,,443,49235,0,1358,17
1587481742.302027,74.125.110.42,10.10.0.10,,,443,49235,0,1358,17
1587481742.339143,74.125.110.42,10.10.0.10,,,443,49235,0,1358,17
1587481742.376317,74.125.110.42,10.10.0.10,,,443,49235,0,1358,17
1587481742.384272,10.10.0.10,74.125.110.42,,,49235,443,0,40,17
1587481742.3863876,10.10.0.10,74.125.110.42,,,49235,443,0,40,17
1587481742.413435,74.125.110.42,10.10.0.10,,,443,49235,0,1358,17
1587481742.450553,173.194.182.102,10.10.0.10,,,443,41888,0,1358,17
1587481742.4876838,173.194.182.102,10.10.0.10,,,443,41888,0,1358,17
1587481742.5247812,74.125.110.42,10.10.0.10,,,443,49235,0,1358,17
1587481742.561919,173.194.182.102,10.10.0.10,,,443,41888,0,1358,17
1587481742.5990052,173.194.182.102,10.10.0.10,,,443,41888,0,1358,17
1587481742.636156,74.125.110.42,10.10.0.10,,,443,49235,0,1358,17
1587481742.673275,173.194.182.102,10.10.0.10,,,443,41888,0,1358,17
1587481742.7103992,74.125.110.42,10.10.0.10,,,443,49235,0,1358,17
1587481742.74753,173.194.182.102,10.10.0.10,,,443,41888,0,1358,17
1587481742.7846382,74.125.110.42,10.10.0.10,,,443,49235,0,1358,17
1587481742.8217342,74.125.110.42,10.10.0.10,,,443,49235,0,1358,17
1587481742.85888,173.194.182.102,10.10.0.10,,,443,41888,0,1358,17
1587481742.895998,173.194.182.102,10.10.0.10,,,443,41888,0,1358,17
1587481742.9331148,74.125.110.42,10.10.0.10,,,443,49235,0,1358,17
1587481742.9702392,173.194.182.102,10.10.0.10,,,443,41888,0,1358,17
1587481743.007359,173.194.182.102,10.10.0.10,,,443,41888,0,1358,17
1587481743.0444784,74.125.110.42,10.10.0.10,,,443,49235,0,1358,17
1587481743.081594,173.194.182.102,10.10.0.10,,,443,41888,0,1358,17
1587481743.118727,74.125.110.42,10.10.0.10,,,443,49235,0,1358,17
1587481743.155781,173.194.182.102,10.10.0.10,,,443,41888,0,1358,17
1587481743.192951,74.125.110.42,10.10.0.10,,,443,49235,0,1358,17
1587481743.230018,173.194.182.102,10.10.0.10,,,443,41888,0,1358,17
1587481743.267132,74.125.110.42,10.10.0.10,,,443,49235,0,1358,17
1587481743.304312,173.194.182.102,10.10.0.10,,,443,41888,0,1358,17
1587481743.3414452,173.194.182.102,10.10.0.10,,,443,41888,0,1358,17
1587481743.3785641,173.194.182.102,10.10.0.10,,,443,41888,0,1358,17
1587481743.4156835,74.125.110.42,10.10.0.10,,,443,49235,0,1358,17
1587481743.4528039,173.194.182.102,10.10.0.10,,,443,41888,0,1358,17
1587481743.4899251,74.125.110.42,10.10.0.10,,,443,49235,0,1358,17
1587481743.527048,74.125.110.42,10.10.0.10,,,443,49235,0,1358,17
1587481743.564168,173.194.182.102,10.10.0.10,,,443,41888,0,1358,17
1587481743.576818,10.10.0.10,74.125.110.42,,,49235,443,0,43,17
1587481743.6012418,173.194.182.102,10.10.0.10,,,443,41888,0,1358,17
1587481743.638405,74.125.110.42,10.10.0.10,,,443,49235,0,1358,17
1587481743.6483939,10.10.0.10,173.194.182.102,,,41888,443,0,40,17
1587481743.651266,10.10.0.10,74.125.110.42,,,49235,443,0,42,17
1587481743.65132,10.10.0.10,173.194.182.102,,,41888,443,0,40,17
1587481743.6516578,10.10.0.10,74.125.110.42,,,49235,443,0,42,17
1587481743.652354,10.10.0.10,74.125.110.42,,,49235,443,0,42,17
1587481743.652418,10.10.0.10,173.194.182.102,,,41888,443,0,40,17
1587481743.652432,10.10.0.10,74.125.110.42,,,49235,443,0,42,17
1587481743.65255,10.10.0.10,173.194.182.102,,,41888,443,0,40,17
1587481743.652587,10.10.0.10,74.125.110.42,,,49235,443,0,42,17
1587481743.6527214,10.10.0.10,173.194.182.102,,,41888,443,0,40,17
1587481743.653185,10.10.0.10,74.125.110.42,,,49235,443,0,42,17
1587481743.653239,10.10.0.10,173.194.182.102,,,41888,443,0,40,17
1587481743.653251,10.10.0.10,74.125.110.42,,,49235,443,0,42,17
1587481743.6534,10.10.0.10,173.194.182.102,,,41888,443,0,40,17
1587481743.653435,10.10.0.10,173.194.182.102,,,41888,443,0,40,17
1587481743.6538699,10.10.0.10,74.125.110.42,,,49235,443,0,40,17
1587481743.6539226,10.10.0.10,173.194.182.102,,,41888,443,0,37,17
1587481743.653935,10.10.0.10,74.125.110.42,,,49235,443,0,40,17
1587481743.6565652,10.10.0.10,74.125.110.42,,,49235,443,0,42,17
1587481743.6754851,74.125.110.42,10.10.0.10,,,443,49235,0,1358,17
1587481743.7126348,74.125.110.42,10.10.0.10,,,443,49235,0,1358,17
1587481743.749756,74.125.110.42,10.10.0.10,,,443,49235,0,1358,17
1587481743.7573318,10.10.0.10,173.194.182.102,,,41888,443,0,37,17
1587481743.7587152,10.10.0.10,74.125.110.42,,,49235,443,0,42,17
1587481743.759958,10.10.0.10,74.125.110.42,,,49235,443,0,42,17
1587481743.762668,10.10.0.10,74.125.110.42,,,49235,443,0,42,17
1587481743.7868748,74.125.110.42,10.10.0.10,,,443,49235,0,1358,17
1587481743.823994,74.125.110.42,10.10.0.10,,,443,49235,0,1358,17
1587481743.861115,74.125.110.42,10.10.0.10,,,443,49235,0,1358,17
1587481743.8779411,10.10.0.10,74.125.110.42,,,49235,443,0,42,17
1587481743.898234,74.125.110.42,10.10.0.10,,,443,49235,0,1358,17
1587481743.8999536,10.10.0.10,74.125.110.42,,,49235,443,0,42,17
1587481743.93536,74.125.110.42,10.10.0.10,,,443,49235,0,1358,17
1587481743.972435,74.125.110.42,10.10.0.10,,,443,49235,0,1358,17
1587481743.975125,10.10.0.10,74.125.110.42,,,49235,443,0,42,17
1587481744.0154526,173.194.182.102,10.10.0.10,,,443,41888,0,1358,17
1587481744.05264,173.194.182.102,10.10.0.10,,,443,41888,0,1358,17
1587481744.054399,10.10.0.10,173.194.182.102,,,41888,443,0,37,17
1587481744.0897589,74.125.110.42,10.10.0.10,,,443,49235,0,1358,17
1587481744.0916028,10.10.0.10,74.125.110.42,,,49235,443,0,44,17
1587481744.126879,173.194.182.102,10.10.0.10,,,443,41888,0,1358,17
1587481744.163957,74.125.110.42,10.10.0.10,,,443,49235,0,1358,17
1587481744.1654918,10.10.0.10,74.125.110.42,,,49235,443,0,44,17
1587481744.1656976,10.10.0.10,173.194.182.102,,,41888,443,0,37,17
1587481744.201045,173.194.182.102,10.10.0.10,,,443,41888,0,1358,17
1587481744.238211,173.194.182.102,10.10.0.10,,,443,41888,0,1358,17
1587481744.24003,10.10.0.10,173.194.182.102,,,41888,443,0,37,17
1587481744.275352,74.125.110.42,10.10.0.10,,,443,49235,0,1358,17
1587481744.2771099,10.10.0.10,74.125.110.42,,,49235,443,0,44,17
1587481744.3124619,173.194.182.102,10.10.0.10,,,443,41888,0,1358,17
1587481744.349591,74.125.110.42,10.10.0.10,,,443,49235,0,1358,17
1587481744.3512552,10.10.0.10,74.125.110.42,,,49235,443,0,57,17
1587481744.351302,10.10.0.10,173.194.182.102,,,41888,443,0,37,17
1587481744.386683,173.194.182.102,10.10.0.10,,,443,41888,0,1358,17
1587481744.423832,74.125.110.42,10.10.0.10,,,443,49235,0,1358,17
1587481744.425529,10.10.0.10,173.194.182.102,,,41888,443,0,37,17
1587481744.4609478,173.194.182.102,10.10.0.10,,,443,41888,0,1358,17
1587481744.4980721,173.194.182.102,10.10.0.10,,,443,41888,0,1358,17
1587481744.501245,10.10.0.10,74.125.110.42,,,49235,443,0,44,17
1587481744.5094428,10.10.0.10,173.194.182.102,,,41888,443,0,37,17
1587481744.53519,74.125.110.42,10.10.0.10,,,443,49235,0,1358,17
1587481744.572311,173.194.182.102,10.10.0.10,,,443,41888,0,1358,17
1587481744.574526,10.10.0.10,74.125.110.42,,,49235,443,0,44,17
1587481744.609412,74.125.110.42,10.10.0.10,,,443,49235,0,1358,17
1587481744.6112552,10.10.0.10,173.194.182.102,,,41888,443,0,37,17
1587481744.6465518,173.194.182.102,10.10.0.10,,,443,41888,0,1358,17
1587481744.649029,10.10.0.10,74.125.110.42,,,49235,443,0,44,17
1587481744.683656,74.125.110.42,10.10.0.10,,,443,49235,0,1358,17
1587481744.686942,10.10.0.10,173.194.182.102,,,41888,443,0,37,17
1587481744.720793,173.194.182.102,10.10.0.10,,,443,41888,0,1358,17
1587481744.7234268,10.10.0.10,74.125.110.42,,,49235,443,0,44,17
1587481744.757911,173.194.182.102,10.10.0.10,,,443,41888,0,1358,17
1587481744.7596724,10.10.0.10,173.194.182.102,,,41888,443,0,50,17
1587481744.795007,74.125.110.42,10.10.0.10,,,443,49235,0,1358,17
1587481744.832136,173.194.182.102,10.10.0.10,,,443,41888,0,1358,17
1587481744.834152,10.10.0.10,74.125.110.42,,,49235,443,0,44,17
1587481744.869241,74.125.110.42,10.10.0.10,,,443,49235,0,1358,17
1587481744.873814,10.10.0.10,173.194.182.102,,,41888,443,0,37,17
1587481744.9063902,173.194.182.102,10.10.0.10,,,443,41888,0,1358,17
1587481744.9085212,10.10.0.10,74.125.110.42,,,49235,443,0,44,17
1587481744.94351,173.194.182.102,10.10.0.10,,,443,41888,0,1358,17
1587481744.980633,74.125.110.42,10.10.0.10,,,443,49235,0,1358,17
1587481744.998696,10.10.0.10,173.194.182.102,,,41888,443,0,37,17
1587481745.017749,173.194.182.102,10.10.0.10,,,443,41888,0,1358,17
1587481745.0195005,10.10.0.10,173.194.182.102,,,41888,443,0,37,17
1587481745.054873,74.125.110.42,10.10.0.10,,,443,49235,0,1358,17
1587481745.0682132,10.10.0.10,74.125.110.42,,,49235,443,0,44,17
1587481745.091991,173.194.182.102,10.10.0.10,,,443,41888,0,1358,17
1587481745.1291132,173.194.182.102,10.10.0.10,,,443,41888,0,1358,17
1587481745.130961,10.10.0.10,173.194.182.102,,,41888,443,0,37,17
1587481745.166238,74.125.110.42,10.10.0.10,,,443,49235,0,1358,17
1587481745.203351,173.194.182.102,10.10.0.10,,,443,41888,0,1358,17
1587481745.20554,10.10.0.10,74.125.110.42,,,49235,443,0,44,17
1587481745.240449,173.194.182.102,10.10.0.10,,,443,41888,0,1358,17
1587481745.242098,10.10.0.10,173.194.182.102,,,41888,443,0,37,17
1587481745.277529,74.125.110.42,10.10.0.10,,,443,49235,0,1358,17
1587481745.2791991,10.10.0.10,74.125.110.42,,,49235,443,0,46,17
1587481745.3147204,173.194.182.102,10.10.0.10,,,443,41888,0,1358,17
1587481745.350646,10.10.0.10,173.194.182.102,,,41888,443,0,37,17
1587481745.359284,173.194.182.102,10.10.0.10,,,443,41888,0,1358,17
1587481745.3964,74.125.110.42,10.10.0.10,,,443,49235,0,1358,17
1587481745.3982186,10.10.0.10,74.125.110.42,,,49235,443,0,46,17
1587481745.3984282,10.10.0.10,173.194.182.102,,,41888,443,0,37,17
1587481745.4335198,74.125.110.42,10.10.0.10,,,443,49235,0,1358,17
1587481745.435267,10.10.0.10,74.125.110.42,,,49235,443,0,46,17
1587481745.470651,173.194.182.102,10.10.0.10,,,443,41888,0,1358,17
1587481745.5077686,74.125.110.42,10.10.0.10,,,443,49235,0,1358,17
1587481745.511642,10.10.0.10,74.125.110.42,,,49235,443,0,46,17
1587481745.5119061,10.10.0.10,173.194.182.102,,,41888,443,0,37,17
1587481745.544889,74.125.110.42,10.10.0.10,,,443,49235,0,1358,17
1587481745.5820081,173.194.182.102,10.10.0.10,,,443,41888,0,1358,17
1587481745.5839572,10.10.0.10,74.125.110.42,,,49235,443,0,46,17
1587481745.619128,74.125.110.42,10.10.0.10,,,443,49235,0,1358,17
1587481745.620882,10.10.0.10,173.194.182.102,,,41888,443,0,37,17
1587481745.65625,74.125.110.42,10.10.0.10,,,443,49235,0,1358,17
1587481745.6589134,10.10.0.10,74.125.110.42,,,49235,443,0,46,17
1587481745.693368,74.125.110.42,10.10.0.10,,,443,49235,0,1358,17
1587481745.730488,74.125.110.42,10.10.0.10,,,443,49235,0,1358,17
1587481745.732233,10.10.0.10,74.125.110.42,,,49235,443,0,46,17
1587481745.7676,173.194.182.102,10.10.0.10,,,443,41888,0,1358,17
1587481745.804718,74.125.110.42,10.10.0.10,,,443,49235,0,1358,17
1587481745.808239,10.10.0.10,173.194.182.102,,,41888,443,0,37,17
1587481745.8418329,74.125.110.42,10.10.0.10,,,443,49235,0,1358,17
1587481745.8436108,10.10.0.10,74.125.110.42,,,49235,443,0,46,17
1587481745.878958,74.125.110.42,10.10.0.10,,,443,49235,0,1358,17
1587481745.9160461,173.194.182.102,10.10.0.10,,,443,41888,0,1358,17
1587481745.9198115,10.10.0.10,74.125.110.42,,,49235,443,0,46,17
1587481745.9531991,173.194.182.102,10.10.0.10,,,443,41888,0,1358,17
1587481745.9550989,10.10.0.10,173.194.182.102,,,41888,443,0,37,17
1587481745.990315,74.125.110.42,10.10.0.10,,,443,49235,0,1358,17
1587481746.0274365,74.125.110.42,10.10.0.10,,,443,49235,0,1358,17
1587481746.0297608,10.10.0.10,74.125.110.42,,,49235,443,0,46,17
1587481746.0645552,74.125.110.42,10.10.0.10,,,443,49235,0,1358,17
1587481746.1016748,74.125.110.42,10.10.0.10,,,443,49235,0,1358,17
1587481746.103346,10.10.0.10,74.125.110.42,,,49235,443,0,46,17
1587481746.103455,10.10.0.10,74.125.110.42,,,49235,443,0,43,17
1587481746.138798,173.194.182.102,10.10.0.10,,,443,41888,0,1358,17
1587481746.1758552,74.125.110.42,10.10.0.10,,,443,49235,0,1358,17
1587481746.177669,10.10.0.10,173.194.182.102,,,41888,443,0,37,17
1587481746.2130249,74.125.110.42,10.10.0.10,,,443,49235,0,1358,17
1587481746.214592,10.10.0.10,74.125.110.42,,,49235,443,0,40,17
1587481746.250103,173.194.182.102,10.10.0.10,,,443,41888,0,1358,17
1587481746.28724,173.194.182.102,10.10.0.10,,,443,41888,0,1358,17
1587481746.2893438,10.10.0.10,173.194.182.102,,,41888,443,0,37,17
1587481746.3243868,74.125.110.42,10.10.0.10,,,443,49235,0,1358,17
1587481746.36151,173.194.182.102,10.10.0.10,,,443,41888,0,1358,17
1587481746.363654,10.10.0.10,74.125.110.42,,,49235,443,0,40,17
1587481746.3986301,74.125.110.42,10.10.0.10,,,443,49235,0,1358,17
1587481746.43575,173.194.182.102,10.10.0.10,,,443,41888,0,1358,17
1587481746.467922,10.10.0.10,173.194.182.102,,,41888,443,0,37,17
1587481746.4728696,74.125.110.42,10.10.0.10,,,443,49235,0,1358,17
1587481746.4745731,10.10.0.10,74.125.110.42,,,49235,443,0,40,17
1587481746.50999,173.194.182.102,10.10.0.10,,,443,41888,0,1358,17
1587481746.547112,74.125.110.42,10.10.0.10,,,443,49235,0,1358,17
1587481746.584232,173.194.182.102,10.10.0.10,,,443,41888,0,1358,17
1587481746.62135,173.194.182.102,10.10.0.10,,,443,41888,0,1358,17
1587481746.658471,74.125.110.42,10.10.0.10,,,443,49235,0,1358,17
1587481746.69559,173.194.182.102,10.10.0.10,,,443,41888,0,1358,17
1587481746.711905,10.10.0.10,173.194.182.102,,,41888,443,0,37,17
1587481746.73271,74.125.110.42,10.10.0.10,,,443,49235,0,1358,17
1587481746.7698376,173.194.182.102,10.10.0.10,,,443,41888,0,1358,17
1587481746.8069582,173.194.182.102,10.10.0.10,,,443,41888,0,1358,17
1587481746.8440769,173.194.182.102,10.10.0.10,,,443,41888,0,1358,17
1587481746.8811948,74.125.110.42,10.10.0.10,,,443,49235,0,1358,17
1587481746.918277,173.194.182.102,10.10.0.10,,,443,41888,0,1358,17
1587481746.955417,173.194.182.102,10.10.0.10,,,443,41888,0,1358,17
1587481746.992558,74.125.110.42,10.10.0.10,,,443,49235,0,1358,17
1587481747.0296748,173.194.182.102,10.10.0.10,,,443,41888,0,1358,17
1587481747.0668,173.194.182.102,10.10.0.10,,,443,41888,0,1358,17
1587481747.0724866,10.10.0.10,173.194.182.102,,,41888,443,0,43,17
1587481747.1039212,74.125.110.42,10.10.0.10,,,443,49235,0,1358,17
1587481747.142805,173.194.182.102,10.10.0.10,,,443,41888,0,1358,17
1587481747.179859,74.125.110.42,10.10.0.10,,,443,49235,0,1358,17
1587481747.217031,74.125.110.42,10.10.0.10,,,443,49235,0,1358,17
1587481747.254141,74.125.110.42,10.10.0.10,,,443,49235,0,1358,17
1587481747.291223,173.194.182.102,10.10.0.10,,,443,41888,0,1358,17
1587481747.3283875,74.125.110.42,10.10.0.10,,,443,49235,0,1358,17
1587481747.365509,74.125.110.42,10.10.0.10,,,443,49235,0,1358,17
1587481747.4026382,173.194.182.102,10.10.0.10,,,443,41888,0,1358,17
1587481747.403413,10.10.0.10,173.194.182.102,,,41888,443,0,37,17
1587481747.439757,74.125.110.42,10.10.0.10,,,443,49235,0,1358,17
1587481747.4768748,74.125.110.42,10.10.0.10,,,443,49235,0,1358,17
1587481747.501717,10.10.0.10,173.194.182.102,,,41888,443,0,37,17
1587481747.5026882,10.10.0.10,74.125.110.42,,,49235,443,0,40,17
1587481747.504432,10.10.0.10,173.194.182.102,,,41888,443,0,37,17
1587481747.5073981,10.10.0.10,173.194.182.102,,,41888,443,0,37,17
1587481747.507978,10.10.0.10,74.125.110.42,,,49235,443,0,40,17
1587481747.5122142,10.10.0.10,173.194.182.102,,,41888,443,0,37,17
1587481747.513995,74.125.110.42,10.10.0.10,,,443,49235,0,1358,17
1587481747.551118,173.194.182.102,10.10.0.10,,,443,41888,0,1358,17
1587481747.588238,74.125.110.42,10.10.0.10,,,443,49235,0,1358,17
1587481747.6253572,74.125.110.42,10.10.0.10,,,443,49235,0,1358,17
1587481747.637126,10.10.0.10,74.125.110.42,,,49235,443,0,42,17
1587481747.6372054,10.10.0.10,173.194.182.102,,,41888,443,0,37,17
1587481747.64009,10.10.0.10,74.125.110.42,,,49235,443,0,42,17
1587481747.6401482,10.10.0.10,173.194.182.102,,,41888,443,0,37,17
1587481747.6437638,10.10.0.10,173.194.182.102,,,41888,443,0,40,17
1587481747.64381,10.10.0.10,74.125.110.42,,,49235,443,0,42,17
1587481747.6462884,10.10.0.10,74.125.110.42,,,49235,443,0,42,17
1587481747.6463332,10.10.0.10,173.194.182.102,,,41888,443,0,40,17
1587481747.646832,10.10.0.10,74.125.110.42,,,49235,443,0,42,17
1587481747.6483548,10.10.0.10,173.194.182.102,,,41888,443,0,40,17
1587481747.648399,10.10.0.10,74.125.110.42,,,49235,443,0,42,17
1587481747.6486561,10.10.0.10,74.125.110.42,,,49235,443,0,44,17
1587481747.648674,10.10.0.10,74.125.110.42,,,49235,443,0,44,17
1587481747.650335,10.10.0.10,173.194.182.102,,,41888,443,0,40,17
1587481747.650379,10.10.0.10,74.125.110.42,,,49235,443,0,44,17
1587481747.6505141,10.10.0.10,74.125.110.42,,,49235,443,0,44,17
1587481747.662473,74.125.110.42,10.10.0.10,,,443,49235,0,1358,17
1587481747.699598,173.194.182.102,10.10.0.10,,,443,41888,0,1358,17
1587481747.7013216,10.10.0.10,74.125.110.42,,,49235,443,0,44,17
1587481747.7367172,173.194.182.102,10.10.0.10,,,443,41888,0,1358,17
1587481747.740371,10.10.0.10,173.194.182.102,,,41888,443,0,40,17
1587481747.7738428,74.125.110.42,10.10.0.10,,,443,49235,0,1358,17
1587481747.81096,74.125.110.42,10.10.0.10,,,443,49235,0,1358,17
1587481747.812692,10.10.0.10,74.125.110.42,,,49235,443,0,44,17
1587481747.8480802,74.125.110.42,10.10.0.10,,,443,49235,0,1358,17
1587481747.885202,74.125.110.42,10.10.0.10,,,443,49235,0,1358,17
1587481747.886892,10.10.0.10,74.125.110.42,,,49235,443,0,42,17
1587481747.9223151,173.194.182.102,10.10.0.10,,,443,41888,0,1358,17
1587481747.9594169,74.125.110.42,10.10.0.10,,,443,49235,0,1358,17
1587481747.961104,10.10.0.10,173.194.182.102,,,41888,443,0,40,17
1587481747.9965641,74.125.110.42,10.10.0.10,,,443,49235,0,530,17
1587481747.9980829,10.10.0.10,74.125.110.42,,,49235,443,0,42,17
1587481748.0116036,173.194.182.102,10.10.0.10,,,443,41888,0,1358,17
1587481748.045552,10.10.0.10,173.194.182.102,,,41888,443,0,40,17
1587481748.048728,173.194.182.102,10.10.0.10,,,443,41888,0,1358,17
1587481748.085848,173.194.182.102,10.10.0.10,,,443,41888,0,1358,17
1587481748.0991962,10.10.0.10,173.194.182.102,,,41888,443,0,40,17
1587481748.122976,173.194.182.102,10.10.0.10,,,443,41888,0,1358,17
1587481748.1645331,173.194.182.102,10.10.0.10,,,443,41888,0,29,17
1587481748.16615,10.10.0.10,173.194.182.102,,,41888,443,0,40,17
1587481748.1706052,173.194.182.102,10.10.0.10,,,443,41888,0,1322,17
1587481748.21528,10.10.0.10,173.194.182.102,,,41888,443,0,40,17
1587481748.2280571,74.125.110.42,10.10.0.10,,,443,49235,0,1358,17
1587481748.231144,10.10.0.10,74.125.110.42,,,49235,443,0,57,17
1587481748.2651591,173.194.182.102,10.10.0.10,,,443,41888,0,1358,17
1587481748.311825,10.10.0.10,173.194.182.102,,,41888,443,0,40,17
1587481748.3536818,74.125.110.42,10.10.0.10,,,443,49235,0,29,17
1587481749.9993565,74.125.110.42,10.10.0.10,,,443,49235,0,1358,17
1587481750.25636,10.10.0.10,74.125.110.42,,,49235,443,0,684,17
1587481750.2567706,10.10.0.10,74.125.110.42,,,49235,443,0,48,17
1587481750.2574651,10.10.0.10,173.194.182.102,,,41888,443,0,710,17
1587481750.2579598,10.10.0.10,173.194.182.102,,,41888,443,0,48,17
1587481750.2691429,173.194.182.102,10.10.0.10,,,443,41888,0,115,17
1587481750.269177,173.194.182.102,10.10.0.10,,,443,41888,0,1358,17
1587481750.269191,173.194.182.102,10.10.0.10,,,443,41888,0,1358,17
1587481750.2714288,10.10.0.10,173.194.182.102,,,41888,443,0,37,17
1587481750.30476,173.194.182.102,10.10.0.10,,,443,41888,0,1358,17
1587481750.34189,173.194.182.102,10.10.0.10,,,443,41888,0,1358,17
1587481750.3570714,10.10.0.10,173.194.182.102,,,41888,443,0,37,17
1587481750.378972,173.194.182.102,10.10.0.10,,,443,41888,0,1358,17
1587481750.3808384,10.10.0.10,173.194.182.102,,,41888,443,0,37,17
1587481750.4161332,173.194.182.102,10.10.0.10,,,443,41888,0,1358,17
1587481750.453275,173.194.182.102,10.10.0.10,,,443,41888,0,1358,17
1587481750.455207,10.10.0.10,173.194.182.102,,,41888,443,0,37,17
1587481750.4903312,173.194.182.102,10.10.0.10,,,443,41888,0,1358,17
1587481750.5274212,173.194.182.102,10.10.0.10,,,443,41888,0,1358,17
1587481750.564612,173.194.182.102,10.10.0.10,,,443,41888,0,1358,17
1587481750.566674,10.10.0.10,173.194.182.102,,,41888,443,0,37,17
1587481750.6017349,74.125.110.42,10.10.0.10,,,443,49235,0,29,17
1587481750.603412,74.125.110.42,10.10.0.10,,,443,49235,0,1358,17
1587481750.6405332,74.125.110.42,10.10.0.10,,,443,49235,0,1358,17
1587481750.6776562,173.194.182.102,10.10.0.10,,,443,41888,0,1358,17
1587481750.714776,74.125.110.42,10.10.0.10,,,443,49235,0,1358,17
1587481750.751864,173.194.182.102,10.10.0.10,,,443,41888,0,1358,17
1587481750.789018,74.125.110.42,10.10.0.10,,,443,49235,0,1358,17
1587481750.808265,10.10.0.10,173.194.182.102,,,41888,443,0,37,17
1587481750.808318,10.10.0.10,74.125.110.42,,,49235,443,0,40,17
1587481750.826138,173.194.182.102,10.10.0.10,,,443,41888,0,1358,17
1587481750.8632605,173.194.182.102,10.10.0.10,,,443,41888,0,1358,17
1587481750.900379,74.125.110.42,10.10.0.10,,,443,49235,0,1358,17
1587481750.9281318,10.10.0.10,173.194.182.102,,,41888,443,0,37,17
1587481750.9374988,173.194.182.102,10.10.0.10,,,443,41888,0,1358,17
1587481750.974618,74.125.110.42,10.10.0.10,,,443,49235,0,1358,17
1587481751.011734,173.194.182.102,10.10.0.10,,,443,41888,0,1358,17
1587481751.0488489,74.125.110.42,10.10.0.10,,,443,49235,0,1358,17
1587481751.085925,173.194.182.102,10.10.0.10,,,443,41888,0,1358,17
1587481751.123089,74.125.110.42,10.10.0.10,,,443,49235,0,1358,17
1587481751.1601439,173.194.182.102,10.10.0.10,,,443,41888,0,1358,17
1587481751.1973212,173.194.182.102,10.10.0.10,,,443,41888,0,1358,17
1587481751.2343938,74.125.110.42,10.10.0.10,,,443,49235,0,1358,17
1587481751.2715626,173.194.182.102,10.10.0.10,,,443,41888,0,1358,17
1587481751.308664,74.125.110.42,10.10.0.10,,,443,49235,0,1358,17
1587481751.345807,173.194.182.102,10.10.0.10,,,443,41888,0,1358,17
1587481751.382925,173.194.182.102,10.10.0.10,,,443,41888,0,1358,17
1587481751.420042,74.125.110.42,10.10.0.10,,,443,49235,0,1358,17
1587481751.4571671,173.194.182.102,10.10.0.10,,,443,41888,0,1358,17
1587481751.494287,173.194.182.102,10.10.0.10,,,443,41888,0,1358,17
1587481751.5314062,74.125.110.42,10.10.0.10,,,443,49235,0,1358,17
1587481751.5685468,173.194.182.102,10.10.0.10,,,443,41888,0,1358,17
1587481751.6056461,74.125.110.42,10.10.0.10,,,443,49235,0,1358,17
1587481751.6427839,173.194.182.102,10.10.0.10,,,443,41888,0,1358,17
1587481751.6798868,173.194.182.102,10.10.0.10,,,443,41888,0,1358,17
1587481751.717009,74.125.110.42,10.10.0.10,,,443,49235,0,1358,17
1587481751.754104,173.194.182.102,10.10.0.10,,,443,41888,0,1358,17
1587481751.79125,74.125.110.42,10.10.0.10,,,443,49235,0,1358,17
1587481751.828375,173.194.182.102,10.10.0.10,,,443,41888,0,1358,17
1587481751.8654258,173.194.182.102,10.10.0.10,,,443,41888,0,1358,17
1587481751.8749151,10.10.0.10,173.194.182.102,,,41888,443,0,40,17
1587481751.8761814,10.10.0.10,173.194.182.102,,,41888,443,0,40,17
1587481751.876838,10.10.0.10,74.125.110.42,,,49235,443,0,42,17
1587481751.878057,10.10.0.10,173.194.182.102,,,41888,443,0,40,17
1587481751.8787134,10.10.0.10,74.125.110.42,,,49235,443,0,42,17
1587481751.88028,10.10.0.10,173.194.182.102,,,41888,443,0,40,17
1587481751.8803296,10.10.0.10,74.125.110.42,,,49235,443,0,42,17
1587481751.882907,10.10.0.10,74.125.110.42,,,49235,443,0,42,17
1587481751.8829572,10.10.0.10,173.194.182.102,,,41888,443,0,40,17
1587481751.8838658,10.10.0.10,173.194.182.102,,,41888,443,0,40,17
1587481751.886847,10.10.0.10,74.125.110.42,,,49235,443,0,42,17
1587481751.8879251,10.10.0.10,173.194.182.102,,,41888,443,0,40,17
1587481751.889778,10.10.0.10,173.194.182.102,,,41888,443,0,40,17
1587481751.889846,10.10.0.10,74.125.110.42,,,49235,443,0,42,17
1587481751.8929381,10.10.0.10,173.194.182.102,,,41888,443,0,40,17
1587481751.8934774,10.10.0.10,74.125.110.42,,,49235,443,0,42,17
1587481751.8940759,10.10.0.10,173.194.182.102,,,41888,443,0,40,17
1587481751.895259,10.10.0.10,173.194.182.102,,,41888,443,0,40,17
1587481751.9026108,74.125.110.42,10.10.0.10,,,443,49235,0,1358,17
1587481751.9043279,10.10.0.10,74.125.110.42,,,49235,443,0,42,17
1587481751.939736,74.125.110.42,10.10.0.10,,,443,49235,0,1358,17
1587481751.976852,74.125.110.42,10.10.0.10,,,443,49235,0,1358,17
1587481751.978703,10.10.0.10,74.125.110.42,,,49235,443,0,42,17
1587481752.0139751,173.194.182.102,10.10.0.10,,,443,41888,0,1358,17
1587481752.051094,173.194.182.102,10.10.0.10,,,443,41888,0,1358,17
1587481752.0529182,10.10.0.10,173.194.182.102,,,41888,443,0,40,17
1587481752.0882118,173.194.182.102,10.10.0.10,,,443,41888,0,1358,17
1587481752.125343,74.125.110.42,10.10.0.10,,,443,49235,0,1358,17
1587481752.140169,10.10.0.10,74.125.110.42,,,49235,443,0,44,17
1587481752.140232,10.10.0.10,173.194.182.102,,,41888,443,0,53,17
1587481752.1623938,173.194.182.102,10.10.0.10,,,443,41888,0,1358,17
1587481752.199558,173.194.182.102,10.10.0.10,,,443,41888,0,1358,17
1587481752.2013242,10.10.0.10,173.194.182.102,,,41888,443,0,40,17
1587481752.236686,173.194.182.102,10.10.0.10,,,443,41888,0,1358,17
1587481752.273807,74.125.110.42,10.10.0.10,,,443,49235,0,1358,17
1587481752.2765946,10.10.0.10,74.125.110.42,,,49235,443,0,44,17
1587481752.276851,10.10.0.10,173.194.182.102,,,41888,443,0,40,17
1587481752.3108668,173.194.182.102,10.10.0.10,,,443,41888,0,1358,17
1587481752.348048,74.125.110.42,10.10.0.10,,,443,49235,0,1358,17
1587481752.349784,10.10.0.10,74.125.110.42,,,49235,443,0,44,17
1587481752.3498409,10.10.0.10,173.194.182.102,,,41888,443,0,40,17
1587481752.3851502,173.194.182.102,10.10.0.10,,,443,41888,0,1358,17
1587481752.3872821,10.10.0.10,173.194.182.102,,,41888,443,0,42,17
1587481752.4222898,74.125.110.42,10.10.0.10,,,443,49235,0,1358,17
1587481752.424032,10.10.0.10,74.125.110.42,,,49235,443,0,44,17
1587481752.459416,173.194.182.102,10.10.0.10,,,443,41888,0,1358,17
1587481752.4623332,10.10.0.10,173.194.182.102,,,41888,443,0,42,17
1587481752.4965382,173.194.182.102,10.10.0.10,,,443,41888,0,1358,17
1587481752.499063,10.10.0.10,173.194.182.102,,,41888,443,0,42,17
1587481752.533659,74.125.110.42,10.10.0.10,,,443,49235,0,1358,17
1587481752.5707786,173.194.182.102,10.10.0.10,,,443,41888,0,1358,17
1587481752.5725868,10.10.0.10,173.194.182.102,,,41888,443,0,42,17
1587481752.572654,10.10.0.10,74.125.110.42,,,49235,443,0,44,17
1587481752.607897,74.125.110.42,10.10.0.10,,,443,49235,0,1358,17
1587481752.6450179,173.194.182.102,10.10.0.10,,,443,41888,0,1358,17
1587481752.646897,10.10.0.10,74.125.110.42,,,49235,443,0,44,17
1587481752.682063,74.125.110.42,10.10.0.10,,,443,49235,0,1358,17
1587481752.6838489,10.10.0.10,173.194.182.102,,,41888,443,0,42,17
1587481752.7192452,173.194.182.102,10.10.0.10,,,443,41888,0,1358,17
1587481752.756331,173.194.182.102,10.10.0.10,,,443,41888,0,1358,17
1587481752.781576,10.10.0.10,74.125.110.42,,,49235,443,0,44,17
1587481752.7839706,10.10.0.10,173.194.182.102,,,41888,443,0,42,17
1587481752.793488,74.125.110.42,10.10.0.10,,,443,49235,0,1358,17
1587481752.830612,173.194.182.102,10.10.0.10,,,443,41888,0,1358,17
1587481752.8384292,10.10.0.10,74.125.110.42,,,49235,443,0,44,17
1587481752.8677301,173.194.182.102,10.10.0.10,,,443,41888,0,1358,17
1587481752.869575,10.10.0.10,173.194.182.102,,,41888,443,0,42,17
1587481752.904848,74.125.110.42,10.10.0.10,,,443,49235,0,1358,17
1587481752.9419699,173.194.182.102,10.10.0.10,,,443,41888,0,1358,17
1587481752.9449902,10.10.0.10,74.125.110.42,,,49235,443,0,44,17
1587481752.979089,173.194.182.102,10.10.0.10,,,443,41888,0,1358,17
1587481752.9809446,10.10.0.10,173.194.182.102,,,41888,443,0,42,17
1587481753.0162108,173.194.182.102,10.10.0.10,,,443,41888,0,1358,17
1587481753.053329,74.125.110.42,10.10.0.10,,,443,49235,0,1358,17
1587481753.055366,10.10.0.10,74.125.110.42,,,49235,443,0,59,17
1587481753.055597,10.10.0.10,173.194.182.102,,,41888,443,0,42,17
1587481753.0904489,173.194.182.102,10.10.0.10,,,443,41888,0,1358,17
1587481753.127566,74.125.110.42,10.10.0.10,,,443,49235,0,1358,17
1587481753.1293242,10.10.0.10,74.125.110.42,,,49235,443,0,46,17
1587481753.129561,10.10.0.10,173.194.182.102,,,41888,443,0,42,17
1587481753.164685,74.125.110.42,10.10.0.10,,,443,49235,0,1358,17
1587481753.1672866,10.10.0.10,74.125.110.42,,,49235,443,0,46,17
1587481753.2017708,74.125.110.42,10.10.0.10,,,443,49235,0,1358,17
1587481753.204278,10.10.0.10,74.125.110.42,,,49235,443,0,46,17
1587481753.2388608,74.125.110.42,10.10.0.10,,,443,49235,0,1358,17
1587481753.276033,74.125.110.42,10.10.0.10,,,443,49235,0,1358,17
1587481753.2777731,10.10.0.10,74.125.110.42,,,49235,443,0,46,17
1587481753.3131628,173.194.182.102,10.10.0.10,,,443,41888,0,1358,17
1587481753.350282,173.194.182.102,10.10.0.10,,,443,41888,0,1358,17
1587481753.352041,10.10.0.10,173.194.182.102,,,41888,443,0,42,17
1587481753.3874018,74.125.110.42,10.10.0.10,,,443,49235,0,1358,17
1587481753.4245224,173.194.182.102,10.10.0.10,,,443,41888,0,1358,17
1587481753.427056,10.10.0.10,74.125.110.42,,,49235,443,0,46,17
1587481753.461642,173.194.182.102,10.10.0.10,,,443,41888,0,1358,17
1587481753.4632428,10.10.0.10,173.194.182.102,,,41888,443,0,42,17
1587481753.498762,74.125.110.42,10.10.0.10,,,443,49235,0,1358,17
1587481753.53588,173.194.182.102,10.10.0.10,,,443,41888,0,1358,17
1587481753.5382464,10.10.0.10,74.125.110.42,,,49235,443,0,46,17
1587481753.5690682,10.10.0.10,173.194.182.102,,,41888,443,0,42,17
1587481753.573011,173.194.182.102,10.10.0.10,,,443,41888,0,1358,17
1587481753.6101305,74.125.110.42,10.10.0.10,,,443,49235,0,1358,17
1587481753.613325,10.10.0.10,173.194.182.102,,,41888,443,0,42,17
1587481753.647251,173.194.182.102,10.10.0.10,,,443,41888,0,1358,17
1587481753.649048,10.10.0.10,74.125.110.42,,,49235,443,0,46,17
1587481753.684367,173.194.182.102,10.10.0.10,,,443,41888,0,1358,17
1587481753.686069,10.10.0.10,173.194.182.102,,,41888,443,0,42,17
1587481753.721489,173.194.182.102,10.10.0.10,,,443,41888,0,1358,17
1587481753.7585788,74.125.110.42,10.10.0.10,,,443,49235,0,1358,17
1587481753.76139,10.10.0.10,173.194.182.102,,,41888,443,0,42,17
1587481753.79573,74.125.110.42,10.10.0.10,,,443,49235,0,1358,17
1587481753.79759,10.10.0.10,74.125.110.42,,,49235,443,0,46,17
1587481753.832851,173.194.182.102,10.10.0.10,,,443,41888,0,1358,17
1587481753.8699448,74.125.110.42,10.10.0.10,,,443,49235,0,1358,17
1587481753.90709,74.125.110.42,10.10.0.10,,,443,49235,0,1358,17
1587481753.9420881,10.10.0.10,74.125.110.42,,,49235,443,0,46,17
1587481753.9442089,173.194.182.102,10.10.0.10,,,443,41888,0,1358,17
1587481753.958085,10.10.0.10,173.194.182.102,,,41888,443,0,55,17
1587481753.9813402,173.194.182.102,10.10.0.10,,,443,41888,0,1358,17
1587481754.0184472,173.194.182.102,10.10.0.10,,,443,41888,0,1358,17
1587481754.033604,10.10.0.10,173.194.182.102,,,41888,443,0,42,17
1587481754.0555706,74.125.110.42,10.10.0.10,,,443,49235,0,1358,17
1587481754.088334,10.10.0.10,74.125.110.42,,,49235,443,0,46,17
1587481754.09269,74.125.110.42,10.10.0.10,,,443,49235,0,1358,17
1587481754.129807,74.125.110.42,10.10.0.10,,,443,49235,0,1358,17
1587481754.1316292,10.10.0.10,74.125.110.42,,,49235,443,0,48,17
1587481754.1669402,173.194.182.102,10.10.0.10,,,443,41888,0,1358,17
1587481754.1957831,10.10.0.10,173.194.182.102,,,41888,443,0,42,17
1587481754.2040381,173.194.182.102,10.10.0.10,,,443,41888,0,1358,17
1587481754.241009,10.10.0.10,173.194.182.102,,,41888,443,0,42,17
1587481754.2411358,74.125.110.42,10.10.0.10,,,443,49235,0,1358,17
1587481754.242783,10.10.0.10,74.125.110.42,,,49235,443,0,48,17
1587481754.2782724,173.194.182.102,10.10.0.10,,,443,41888,0,1358,17
1587481754.307857,10.10.0.10,173.194.182.102,,,41888,443,0,42,17
1587481754.315393,74.125.110.42,10.10.0.10,,,443,49235,0,1358,17
1587481754.3211708,10.10.0.10,74.125.110.42,,,49235,443,0,48,17
1587481754.3525279,74.125.110.42,10.10.0.10,,,443,49235,0,1358,17
1587481754.3541565,10.10.0.10,74.125.110.42,,,49235,443,0,48,17
1587481754.389646,173.194.182.102,10.10.0.10,,,443,41888,0,1358,17
1587481754.426768,74.125.110.42,10.10.0.10,,,443,49235,0,1358,17
1587481754.428835,10.10.0.10,173.194.182.102,,,41888,443,0,42,17
1587481754.462439,10.10.0.10,74.125.110.42,,,49235,443,0,48,17
1587481754.463887,173.194.182.102,10.10.0.10,,,443,41888,0,1358,17
1587481754.5010116,74.125.110.42,10.10.0.10,,,443,49235,0,1358,17
1587481754.5041509,10.10.0.10,173.194.182.102,,,41888,443,0,42,17
1587481754.538134,173.194.182.102,10.10.0.10,,,443,41888,0,1358,17
1587481754.5402794,10.10.0.10,74.125.110.42,,,49235,443,0,48,17
1587481754.575258,173.194.182.102,10.10.0.10,,,443,41888,0,1358,17
1587481754.6123786,173.194.182.102,10.10.0.10,,,443,41888,0,1358,17
1587481754.649499,74.125.110.42,10.10.0.10,,,443,49235,0,1358,17
1587481754.6580908,10.10.0.10,173.194.182.102,,,41888,443,0,42,17
1587481754.6599019,10.10.0.10,173.194.182.102,,,41888,443,0,42,17
1587481754.6605475,10.10.0.10,74.125.110.42,,,49235,443,0,42,17
1587481754.686614,74.125.110.42,10.10.0.10,,,443,49235,0,1358,17
1587481754.7237382,173.194.182.102,10.10.0.10,,,443,41888,0,1358,17
1587481754.760796,74.125.110.42,10.10.0.10,,,443,49235,0,1358,17
1587481754.797974,74.125.110.42,10.10.0.10,,,443,49235,0,1358,17
1587481754.835088,74.125.110.42,10.10.0.10,,,443,49235,0,1358,17
1587481754.872139,74.125.110.42,10.10.0.10,,,443,49235,0,1358,17
1587481754.909328,74.125.110.42,10.10.0.10,,,443,49235,0,1358,17
1587481754.946452,74.125.110.42,10.10.0.10,,,443,49235,0,1358,17
1587481754.983569,74.125.110.42,10.10.0.10,,,443,49235,0,1358,17
1587481755.020688,74.125.110.42,10.10.0.10,,,443,49235,0,1358,17
1587481755.057816,173.194.182.102,10.10.0.10,,,443,41888,0,1358,17
1587481755.0949242,173.194.182.102,10.10.0.10,,,443,41888,0,1358,17
1587481755.1320481,74.125.110.42,10.10.0.10,,,443,49235,0,1358,17
1587481755.16917,74.125.110.42,10.10.0.10,,,443,49235,0,1358,17
1587481755.206217,173.194.182.102,10.10.0.10,,,443,41888,0,1358,17
1587481755.2433412,173.194.182.102,10.10.0.10,,,443,41888,0,1358,17
1587481755.280471,74.125.110.42,10.10.0.10,,,443,49235,0,1358,17
1587481755.317608,173.194.182.102,10.10.0.10,,,443,41888,0,1358,17
1587481755.3547616,74.125.110.42,10.10.0.10,,,443,49235,0,1358,17
1587481755.3918738,173.194.182.102,10.10.0.10,,,443,41888,0,1358,17
1587481755.428997,74.125.110.42,10.10.0.10,,,443,49235,0,1358,17
1587481755.4661171,74.125.110.42,10.10.0.10,,,443,49235,0,1358,17
1587481755.503234,173.194.182.102,10.10.0.10,,,443,41888,0,1358,17
1587481755.540357,173.194.182.102,10.10.0.10,,,443,41888,0,1358,17
1587481755.5774784,173.194.182.102,10.10.0.10,,,443,41888,0,1358,17
1587481755.6145961,74.125.110.42,10.10.0.10,,,443,49235,0,1358,17
1587481755.6517148,74.125.110.42,10.10.0.10,,,443,49235,0,1358,17
1587481755.6888368,74.125.110.42,10.10.0.10,,,443,49235,0,1358,17
1587481755.725958,74.125.110.42,10.10.0.10,,,443,49235,0,1358,17
1587481755.7630858,74.125.110.42,10.10.0.10,,,443,49235,0,1358,17
1587481755.8002062,173.194.182.102,10.10.0.10,,,443,41888,0,1358,17
1587481755.837326,173.194.182.102,10.10.0.10,,,443,41888,0,1358,17
1587481755.8744428,74.125.110.42,10.10.0.10,,,443,49235,0,1358,17
1587481755.911565,74.125.110.42,10.10.0.10,,,443,49235,0,1358,17
1587481755.948686,74.125.110.42,10.10.0.10,,,443,49235,0,1358,17
1587481755.9581141,10.10.0.10,74.125.110.42,,,49235,443,0,44,17
1587481755.9608731,10.10.0.10,74.125.110.42,,,49235,443,0,44,17
1587481755.961017,10.10.0.10,74.125.110.42,,,49235,443,0,57,17
1587481755.9616268,10.10.0.10,74.125.110.42,,,49235,443,0,44,17
1587481755.96248,10.10.0.10,74.125.110.42,,,49235,443,0,46,17
1587481755.9644532,10.10.0.10,74.125.110.42,,,49235,443,0,46,17
1587481755.964475,10.10.0.10,74.125.110.42,,,49235,443,0,46,17
1587481755.966945,10.10.0.10,173.194.182.102,,,41888,443,0,44,17
1587481755.966958,10.10.0.10,173.194.182.102,,,41888,443,0,44,17
1587481755.9674258,10.10.0.10,74.125.110.42,,,49235,443,0,48,17
1587481755.9677172,10.10.0.10,74.125.110.42,,,49235,443,0,48,17
1587481755.9677286,10.10.0.10,173.194.182.102,,,41888,443,0,44,17
1587481755.97208,10.10.0.10,173.194.182.102,,,41888,443,0,44,17
1587481755.972137,10.10.0.10,74.125.110.42,,,49235,443,0,48,17
1587481755.9725478,10.10.0.10,74.125.110.42,,,49235,443,0,48,17
1587481755.9727492,10.10.0.10,173.194.182.102,,,41888,443,0,44,17
1587481755.9737382,10.10.0.10,74.125.110.42,,,49235,443,0,48,17
1587481755.9748578,10.10.0.10,173.194.182.102,,,41888,443,0,44,17
1587481755.983027,10.10.0.10,74.125.110.42,,,49235,443,0,48,17
1587481755.983201,10.10.0.10,74.125.110.42,,,49235,443,0,48,17
1587481755.984529,10.10.0.10,173.194.182.102,,,41888,443,0,40,17
1587481755.985789,173.194.182.102,10.10.0.10,,,443,41888,0,1358,17
1587481755.98632,10.10.0.10,74.125.110.42,,,49235,443,0,48,17
1587481755.9876368,10.10.0.10,74.125.110.42,,,49235,443,0,48,17
1587481755.987918,10.10.0.10,173.194.182.102,,,41888,443,0,40,17
1587481756.0229466,173.194.182.102,10.10.0.10,,,443,41888,0,1358,17
1587481756.0600526,74.125.110.42,10.10.0.10,,,443,49235,0,1358,17
1587481756.061671,10.10.0.10,173.194.182.102,,,41888,443,0,40,17
1587481756.0971296,74.125.110.42,10.10.0.10,,,443,49235,0,1358,17
1587481756.0988,10.10.0.10,74.125.110.42,,,49235,443,0,48,17
1587481756.1343234,74.125.110.42,10.10.0.10,,,443,49235,0,1358,17
1587481756.1714098,173.194.182.102,10.10.0.10,,,443,41888,0,1358,17
1587481756.208477,173.194.182.102,10.10.0.10,,,443,41888,0,1358,17
1587481756.210074,10.10.0.10,173.194.182.102,,,41888,443,0,40,17
1587481756.210364,10.10.0.10,74.125.110.42,,,49235,443,0,48,17
1587481756.2455866,173.194.182.102,10.10.0.10,,,443,41888,0,1358,17
1587481756.282742,74.125.110.42,10.10.0.10,,,443,49235,0,1358,17
1587481756.284248,10.10.0.10,74.125.110.42,,,49235,443,0,50,17
1587481756.2844481,10.10.0.10,173.194.182.102,,,41888,443,0,40,17
1587481756.31988,173.194.182.102,10.10.0.10,,,443,41888,0,1358,17
1587481756.357001,74.125.110.42,10.10.0.10,,,443,49235,0,1358,17
1587481756.358814,10.10.0.10,74.125.110.42,,,49235,443,0,50,17
1587481756.35919,10.10.0.10,173.194.182.102,,,41888,443,0,53,17
1587481756.3941169,74.125.110.42,10.10.0.10,,,443,49235,0,1358,17
1587481756.395961,10.10.0.10,74.125.110.42,,,49235,443,0,50,17
1587481756.431246,173.194.182.102,10.10.0.10,,,443,41888,0,1358,17
1587481756.4676669,10.10.0.10,173.194.182.102,,,41888,443,0,40,17
1587481756.468328,74.125.110.42,10.10.0.10,,,443,49235,0,1358,17
1587481756.4703732,10.10.0.10,74.125.110.42,,,49235,443,0,50,17
1587481756.5054731,74.125.110.42,10.10.0.10,,,443,49235,0,1358,17
1587481756.542606,74.125.110.42,10.10.0.10,,,443,49235,0,1358,17
1587481756.544338,10.10.0.10,74.125.110.42,,,49235,443,0,63,17
1587481756.579724,173.194.182.102,10.10.0.10,,,443,41888,0,1358,17
1587481756.594682,10.10.0.10,173.194.182.102,,,41888,443,0,42,17
1587481756.616846,173.194.182.102,10.10.0.10,,,443,41888,0,1358,17
1587481756.6187322,10.10.0.10,173.194.182.102,,,41888,443,0,42,17
1587481756.6539712,74.125.110.42,10.10.0.10,,,443,49235,0,1358,17
1587481756.6910908,173.194.182.102,10.10.0.10,,,443,41888,0,1358,17
1587481756.692826,10.10.0.10,173.194.182.102,,,41888,443,0,42,17
1587481756.692942,10.10.0.10,74.125.110.42,,,49235,443,0,50,17
1587481756.728215,74.125.110.42,10.10.0.10,,,443,49235,0,1358,17
1587481756.765334,74.125.110.42,10.10.0.10,,,443,49235,0,1358,17
1587481756.767121,10.10.0.10,74.125.110.42,,,49235,443,0,50,17
1587481756.802454,74.125.110.42,10.10.0.10,,,443,49235,0,32,17
1587481756.804211,173.194.182.102,10.10.0.10,,,443,41888,0,1358,17
1587481756.807032,10.10.0.10,173.194.182.102,,,41888,443,0,44,17
1587481756.8413308,173.194.182.102,10.10.0.10,,,443,41888,0,1358,17
1587481756.8431802,10.10.0.10,173.194.182.102,,,41888,443,0,44,17
1587481756.8784509,74.125.110.42,10.10.0.10,,,443,49235,0,1358,17
1587481756.915578,173.194.182.102,10.10.0.10,,,443,41888,0,1358,17
1587481756.9173732,10.10.0.10,173.194.182.102,,,41888,443,0,44,17
1587481756.917592,10.10.0.10,74.125.110.42,,,49235,443,0,42,17
1587481756.952697,173.194.182.102,10.10.0.10,,,443,41888,0,1358,17
1587481756.9561384,10.10.0.10,173.194.182.102,,,41888,443,0,44,17
1587481756.9898179,173.194.182.102,10.10.0.10,,,443,41888,0,1358,17
1587481757.0269332,173.194.182.102,10.10.0.10,,,443,41888,0,1358,17
1587481757.028918,10.10.0.10,173.194.182.102,,,41888,443,0,44,17
1587481757.064055,173.194.182.102,10.10.0.10,,,443,41888,0,1358,17
1587481757.1011715,173.194.182.102,10.10.0.10,,,443,41888,0,1358,17
1587481757.103144,10.10.0.10,173.194.182.102,,,41888,443,0,44,17
1587481757.1382554,74.125.110.42,10.10.0.10,,,443,49235,0,1358,17
1587481757.1753812,173.194.182.102,10.10.0.10,,,443,41888,0,1358,17
1587481757.17761,10.10.0.10,74.125.110.42,,,49235,443,0,42,17
1587481757.2124894,74.125.110.42,10.10.0.10,,,443,49235,0,1358,17
1587481757.2145052,10.10.0.10,173.194.182.102,,,41888,443,0,44,17
1587481757.2496428,173.194.182.102,10.10.0.10,,,443,41888,0,1358,17
1587481757.25137,10.10.0.10,74.125.110.42,,,49235,443,0,42,17
1587481757.286783,173.194.182.102,10.10.0.10,,,443,41888,0,1358,17
1587481757.2885158,10.10.0.10,173.194.182.102,,,41888,443,0,44,17
1587481757.3238866,74.125.110.42,10.10.0.10,,,443,49235,0,1358,17
1587481757.32562,10.10.0.10,74.125.110.42,,,49235,443,0,44,17
1587481757.361018,173.194.182.102,10.10.0.10,,,443,41888,0,1358,17
1587481757.3981152,74.125.110.42,10.10.0.10,,,443,49235,0,1358,17
1587481757.399967,10.10.0.10,74.125.110.42,,,49235,443,0,44,17
1587481757.4001431,10.10.0.10,173.194.182.102,,,41888,443,0,44,17
1587481757.435216,173.194.182.102,10.10.0.10,,,443,41888,0,1358,17
1587481757.472373,74.125.110.42,10.10.0.10,,,443,49235,0,1358,17
1587481757.4742384,10.10.0.10,74.125.110.42,,,49235,443,0,44,17
1587481757.4746964,10.10.0.10,173.194.182.102,,,41888,443,0,42,17
1587481757.5094929,74.125.110.42,10.10.0.10,,,443,49235,0,1358,17
1587481757.511092,10.10.0.10,74.125.110.42,,,49235,443,0,44,17
1587481757.546608,173.194.182.102,10.10.0.10,,,443,41888,0,1358,17
1587481757.583734,74.125.110.42,10.10.0.10,,,443,49235,0,1358,17
1587481757.5863461,10.10.0.10,173.194.182.102,,,41888,443,0,42,17
1587481757.6208508,74.125.110.42,10.10.0.10,,,443,49235,0,32,17
1587481757.6222384,10.10.0.10,74.125.110.42,,,49235,443,0,40,17
1587481757.622578,74.125.110.42,10.10.0.10,,,443,49235,0,1358,17
1587481757.659735,173.194.182.102,10.10.0.10,,,443,41888,0,1358,17
1587481757.661822,10.10.0.10,74.125.110.42,,,49235,443,0,40,17
1587481757.696808,173.194.182.102,10.10.0.10,,,443,41888,0,1358,17
1587481757.698631,10.10.0.10,173.194.182.102,,,41888,443,0,42,17
1587481757.733975,74.125.110.42,10.10.0.10,,,443,49235,0,1358,17
1587481757.771095,173.194.182.102,10.10.0.10,,,443,41888,0,1358,17
1587481757.7729518,10.10.0.10,74.125.110.42,,,49235,443,0,40,17
1587481757.8082142,74.125.110.42,10.10.0.10,,,443,49235,0,1358,17
1587481757.810049,10.10.0.10,173.194.182.102,,,41888,443,0,42,17
1587481757.8453429,173.194.182.102,10.10.0.10,,,443,41888,0,1358,17
1587481757.873557,10.10.0.10,74.125.110.42,,,49235,443,0,40,17
1587481757.8824508,173.194.182.102,10.10.0.10,,,443,41888,0,1358,17
1587481757.884259,10.10.0.10,173.194.182.102,,,41888,443,0,42,17
1587481757.919576,74.125.110.42,10.10.0.10,,,443,49235,0,1358,17
1587481757.921419,10.10.0.10,74.125.110.42,,,49235,443,0,42,17
1587481757.956694,173.194.182.102,10.10.0.10,,,443,41888,0,1358,17
1587481757.993815,173.194.182.102,10.10.0.10,,,443,41888,0,1358,17
1587481757.995593,10.10.0.10,173.194.182.102,,,41888,443,0,42,17
1587481758.0353868,74.125.110.42,10.10.0.10,,,443,49235,0,1358,17
1587481758.036984,10.10.0.10,74.125.110.42,,,49235,443,0,42,17
1587481758.072511,173.194.182.102,10.10.0.10,,,443,41888,0,1358,17
1587481758.109632,173.194.182.102,10.10.0.10,,,443,41888,0,1358,17
1587481758.1116776,10.10.0.10,173.194.182.102,,,41888,443,0,55,17
1587481758.1467528,173.194.182.102,10.10.0.10,,,443,41888,0,1358,17
1587481758.1838696,173.194.182.102,10.10.0.10,,,443,41888,0,1358,17
1587481758.1869216,10.10.0.10,173.194.182.102,,,41888,443,0,42,17
1587481758.220992,74.125.110.42,10.10.0.10,,,443,49235,0,1358,17
1587481758.2242599,10.10.0.10,74.125.110.42,,,49235,443,0,42,17
1587481758.2581189,173.194.182.102,10.10.0.10,,,443,41888,0,1358,17
1587481758.295218,74.125.110.42,10.10.0.10,,,443,49235,0,1358,17
1587481758.2977102,10.10.0.10,74.125.110.42,,,49235,443,0,42,17
1587481758.2982738,10.10.0.10,173.194.182.102,,,41888,443,0,42,17
1587481758.3322976,173.194.182.102,10.10.0.10,,,443,41888,0,1358,17
1587481758.369463,173.194.182.102,10.10.0.10,,,443,41888,0,1358,17
1587481758.372246,10.10.0.10,173.194.182.102,,,41888,443,0,42,17
1587481758.4065778,173.194.182.102,10.10.0.10,,,443,41888,0,1358,17
1587481758.443703,74.125.110.42,10.10.0.10,,,443,49235,0,1358,17
1587481758.4467251,10.10.0.10,173.194.182.102,,,41888,443,0,42,17
1587481758.480822,173.194.182.102,10.10.0.10,,,443,41888,0,1358,17
1587481758.4838178,10.10.0.10,74.125.110.42,,,49235,443,0,42,17
1587481758.5179381,173.194.182.102,10.10.0.10,,,443,41888,0,1358,17
1587481758.521394,10.10.0.10,173.194.182.102,,,41888,443,0,42,17
1587481758.555063,74.125.110.42,10.10.0.10,,,443,49235,0,1358,17
1587481758.5921636,173.194.182.102,10.10.0.10,,,443,41888,0,1358,17
1587481758.5960605,10.10.0.10,74.125.110.42,,,49235,443,0,42,17
1587481758.6337562,74.125.110.42,10.10.0.10,,,443,49235,0,1358,17
1587481758.637184,10.10.0.10,173.194.182.102,,,41888,443,0,42,17
1587481758.6708775,173.194.182.102,10.10.0.10,,,443,41888,0,1358,17
1587481758.707943,173.194.182.102,10.10.0.10,,,443,41888,0,1358,17
1587481758.7450962,74.125.110.42,10.10.0.10,,,443,49235,0,1358,17
1587481758.7539716,10.10.0.10,74.125.110.42,,,49235,443,0,55,17
1587481758.757474,10.10.0.10,173.194.182.102,,,41888,443,0,42,17
1587481758.7585142,10.10.0.10,74.125.110.42,,,49235,443,0,44,17
1587481758.78216,173.194.182.102,10.10.0.10,,,443,41888,0,1358,17
1587481758.819344,74.125.110.42,10.10.0.10,,,443,49235,0,1358,17
1587481758.856443,173.194.182.102,10.10.0.10,,,443,41888,0,1358,17
1587481758.881641,10.10.0.10,74.125.110.42,,,49235,443,0,44,17
1587481758.8823,10.10.0.10,173.194.182.102,,,41888,443,0,42,17
1587481758.893585,74.125.110.42,10.10.0.10,,,443,49235,0,1358,17
1587481758.8959742,10.10.0.10,74.125.110.42,,,49235,443,0,44,17
1587481758.9351554,74.125.110.42,10.10.0.10,,,443,49235,0,1358,17
1587481758.9722474,173.194.182.102,10.10.0.10,,,443,41888,0,1358,17
1587481758.9966776,10.10.0.10,74.125.110.42,,,49235,443,0,44,17
1587481759.0093956,74.125.110.42,10.10.0.10,,,443,49235,0,1358,17
1587481759.046516,74.125.110.42,10.10.0.10,,,443,49235,0,1358,17
1587481759.0836349,74.125.110.42,10.10.0.10,,,443,49235,0,1358,17
1587481759.1141038,10.10.0.10,173.194.182.102,,,41888,443,0,42,17
1587481759.114135,10.10.0.10,74.125.110.42,,,49235,443,0,44,17
1587481759.116791,10.10.0.10,74.125.110.42,,,49235,443,0,44,17
1587481759.1207561,173.194.182.102,10.10.0.10,,,443,41888,0,1358,17
1587481759.157874,173.194.182.102,10.10.0.10,,,443,41888,0,1358,17
1587481759.194997,74.125.110.42,10.10.0.10,,,443,49235,0,1358,17
1587481759.2321155,74.125.110.42,10.10.0.10,,,443,49235,0,1358,17
1587481759.234224,10.10.0.10,173.194.182.102,,,41888,443,0,42,17
1587481759.2385368,10.10.0.10,74.125.110.42,,,49235,443,0,44,17
1587481759.2692122,173.194.182.102,10.10.0.10,,,443,41888,0,1358,17
1587481759.306364,173.194.182.102,10.10.0.10,,,443,41888,0,1358,17
1587481759.3434842,74.125.110.42,10.10.0.10,,,443,49235,0,1358,17
1587481759.355848,10.10.0.10,173.194.182.102,,,41888,443,0,42,17
1587481759.3579102,10.10.0.10,173.194.182.102,,,41888,443,0,42,17
1587481759.3806028,173.194.182.102,10.10.0.10,,,443,41888,0,1358,17
1587481759.417723,74.125.110.42,10.10.0.10,,,443,49235,0,1358,17
1587481759.454848,173.194.182.102,10.10.0.10,,,443,41888,0,1358,17
1587481759.47473,10.10.0.10,74.125.110.42,,,49235,443,0,44,17
1587481759.4747708,10.10.0.10,173.194.182.102,,,41888,443,0,42,17
1587481759.491962,173.194.182.102,10.10.0.10,,,443,41888,0,1358,17
1587481759.493734,10.10.0.10,173.194.182.102,,,41888,443,0,42,17
1587481759.5290804,74.125.110.42,10.10.0.10,,,443,49235,0,1358,17
1587481759.5662134,173.194.182.102,10.10.0.10,,,443,41888,0,1358,17
1587481759.594003,10.10.0.10,74.125.110.42,,,49235,443,0,44,17
1587481759.603323,173.194.182.102,10.10.0.10,,,443,41888,0,1358,17
1587481759.6051311,10.10.0.10,173.194.182.102,,,41888,443,0,37,17
1587481759.6404445,74.125.110.42,10.10.0.10,,,443,49235,0,1358,17
1587481759.6775632,173.194.182.102,10.10.0.10,,,443,41888,0,1358,17
1587481759.7146811,173.194.182.102,10.10.0.10,,,443,41888,0,256,17
1587481759.7224188,74.125.110.42,10.10.0.10,,,443,49235,0,1358,17
1587481759.759552,74.125.110.42,10.10.0.10,,,443,49235,0,1358,17
1587481759.796658,74.125.110.42,10.10.0.10,,,443,49235,0,1358,17
1587481759.83336,10.10.0.10,74.125.110.42,,,49235,443,0,44,17
1587481759.8337471,74.125.110.42,10.10.0.10,,,443,49235,0,1358,17
1587481759.870896,74.125.110.42,10.10.0.10,,,443,49235,0,1358,17
1587481759.908015,74.125.110.42,10.10.0.10,,,443,49235,0,1358,17
1587481759.945137,74.125.110.42,10.10.0.10,,,443,49235,0,1358,17
1587481759.959846,10.10.0.10,173.194.182.102,,,41888,443,0,37,17
1587481759.960093,10.10.0.10,74.125.110.42,,,49235,443,0,44,17
1587481759.963967,10.10.0.10,74.125.110.42,,,49235,443,0,44,17
1587481759.9641821,10.10.0.10,74.125.110.42,,,49235,443,0,44,17
1587481759.9644294,10.10.0.10,74.125.110.42,,,49235,443,0,44,17
1587481759.9822578,74.125.110.42,10.10.0.10,,,443,49235,0,724,17
1587481760.0024712,74.125.110.42,10.10.0.10,,,443,49235,0,29,17
1587481760.0041466,74.125.110.42,10.10.0.10,,,443,49235,0,1358,17
1587481760.0746632,10.10.0.10,74.125.110.42,,,49235,443,0,37,17
1587481760.09232,10.10.0.10,74.125.110.42,,,49235,443,0,677,17
1587481760.092489,10.10.0.10,74.125.110.42,,,49235,443,0,48,17
1587481760.0943162,10.10.0.10,173.194.182.102,,,41888,443,0,710,17
1587481760.094414,10.10.0.10,173.194.182.102,,,41888,443,0,48,17
1587481760.105096,173.194.182.102,10.10.0.10,,,443,41888,0,29,17
1587481760.105185,173.194.182.102,10.10.0.10,,,443,41888,0,108,17
1587481760.105319,173.194.182.102,10.10.0.10,,,443,41888,0,1358,17
1587481760.1054509,173.194.182.102,10.10.0.10,,,443,41888,0,1358,17
1587481760.108833,10.10.0.10,173.194.182.102,,,41888,443,0,37,17
1587481760.142217,173.194.182.102,10.10.0.10,,,443,41888,0,1358,17
1587481760.144073,10.10.0.10,173.194.182.102,,,41888,443,0,37,17
1587481760.1792884,173.194.182.102,10.10.0.10,,,443,41888,0,1358,17
1587481760.2164018,173.194.182.102,10.10.0.10,,,443,41888,0,1358,17
1587481760.2179232,10.10.0.10,173.194.182.102,,,41888,443,0,37,17
1587481760.2535238,173.194.182.102,10.10.0.10,,,443,41888,0,1358,17
1587481760.2906866,173.194.182.102,10.10.0.10,,,443,41888,0,1358,17
1587481760.292656,10.10.0.10,173.194.182.102,,,41888,443,0,37,17
1587481760.3278098,173.194.182.102,10.10.0.10,,,443,41888,0,1358,17
1587481760.360757,10.10.0.10,173.194.182.102,,,41888,443,0,37,17
1587481760.364933,173.194.182.102,10.10.0.10,,,443,41888,0,1358,17
1587481760.4020588,173.194.182.102,10.10.0.10,,,443,41888,0,1358,17
1587481760.4038222,10.10.0.10,173.194.182.102,,,41888,443,0,37,17
1587481760.439136,74.125.110.42,10.10.0.10,,,443,49235,0,115,17
1587481760.4431481,74.125.110.42,10.10.0.10,,,443,49235,0,1358,17
1587481760.4455972,10.10.0.10,74.125.110.42,,,49235,443,0,37,17
1587481760.4802682,74.125.110.42,10.10.0.10,,,443,49235,0,1358,17
1587481760.517391,74.125.110.42,10.10.0.10,,,443,49235,0,1358,17
1587481760.518945,10.10.0.10,74.125.110.42,,,49235,443,0,37,17
1587481760.5544765,74.125.110.42,10.10.0.10,,,443,49235,0,1358,17
1587481760.5833492,10.10.0.10,74.125.110.42,,,49235,443,0,37,17
1587481760.5916376,74.125.110.42,10.10.0.10,,,443,49235,0,1358,17
1587481760.6287172,74.125.110.42,10.10.0.10,,,443,49235,0,1358,17
1587481760.631834,10.10.0.10,74.125.110.42,,,49235,443,0,37,17
1587481760.665879,173.194.182.102,10.10.0.10,,,443,41888,0,1358,17
1587481760.702952,173.194.182.102,10.10.0.10,,,443,41888,0,1358,17
1587481760.705321,10.10.0.10,173.194.182.102,,,41888,443,0,37,17
1587481760.740117,173.194.182.102,10.10.0.10,,,443,41888,0,1358,17
1587481760.777194,173.194.182.102,10.10.0.10,,,443,41888,0,1358,17
1587481760.7793038,10.10.0.10,173.194.182.102,,,41888,443,0,37,17
1587481760.814344,173.194.182.102,10.10.0.10,,,443,41888,0,1358,17
1587481760.851464,173.194.182.102,10.10.0.10,,,443,41888,0,1358,17
1587481760.8532784,10.10.0.10,173.194.182.102,,,41888,443,0,37,17
1587481760.8885891,173.194.182.102,10.10.0.10,,,443,41888,0,1358,17
1587481760.925708,173.194.182.102,10.10.0.10,,,443,41888,0,1358,17
1587481760.9276118,10.10.0.10,173.194.182.102,,,41888,443,0,37,17
1587481760.9628286,173.194.182.102,10.10.0.10,,,443,41888,0,1358,17
1587481760.9999492,173.194.182.102,10.10.0.10,,,443,41888,0,1358,17
1587481761.0019689,10.10.0.10,173.194.182.102,,,41888,443,0,37,17
1587481761.0370634,173.194.182.102,10.10.0.10,,,443,41888,0,1358,17
1587481761.0741892,173.194.182.102,10.10.0.10,,,443,41888,0,1358,17
1587481761.0782568,10.10.0.10,173.194.182.102,,,41888,443,0,37,17
1587481761.111308,74.125.110.42,10.10.0.10,,,443,49235,0,1358,17
1587481761.113194,10.10.0.10,74.125.110.42,,,49235,443,0,40,17
1587481761.1484282,173.194.182.102,10.10.0.10,,,443,41888,0,1358,17
1587481761.185481,173.194.182.102,10.10.0.10,,,443,41888,0,1358,17
1587481761.1873422,10.10.0.10,173.194.182.102,,,41888,443,0,37,17
1587481761.222608,173.194.182.102,10.10.0.10,,,443,41888,0,1358,17
1587481761.2597492,173.194.182.102,10.10.0.10,,,443,41888,0,1358,17
1587481761.2628748,10.10.0.10,173.194.182.102,,,41888,443,0,37,17
1587481761.2968931,74.125.110.42,10.10.0.10,,,443,49235,0,1358,17
1587481761.298541,10.10.0.10,74.125.110.42,,,49235,443,0,40,17
1587481761.334019,74.125.110.42,10.10.0.10,,,443,49235,0,1358,17
1587481761.335595,10.10.0.10,74.125.110.42,,,49235,443,0,40,17
1587481761.371142,74.125.110.42,10.10.0.10,,,443,49235,0,1358,17
1587481761.3728428,10.10.0.10,74.125.110.42,,,49235,443,0,40,17
1587481761.4082608,74.125.110.42,10.10.0.10,,,443,49235,0,1358,17
1587481761.445383,74.125.110.42,10.10.0.10,,,443,49235,0,1358,17
1587481761.450945,10.10.0.10,74.125.110.42,,,49235,443,0,40,17
1587481761.4825046,74.125.110.42,10.10.0.10,,,443,49235,0,1358,17
1587481761.4853911,10.10.0.10,74.125.110.42,,,49235,443,0,42,17
1587481761.5196311,74.125.110.42,10.10.0.10,,,443,49235,0,1358,17
1587481761.5214179,10.10.0.10,74.125.110.42,,,49235,443,0,44,17
1587481761.556751,74.125.110.42,10.10.0.10,,,443,49235,0,1358,17
1587481761.558544,10.10.0.10,74.125.110.42,,,49235,443,0,44,17
1587481761.5938694,74.125.110.42,10.10.0.10,,,443,49235,0,1358,17
1587481761.59568,10.10.0.10,74.125.110.42,,,49235,443,0,44,17
1587481761.63099,74.125.110.42,10.10.0.10,,,443,49235,0,1358,17
1587481761.6326694,10.10.0.10,74.125.110.42,,,49235,443,0,44,17
1587481761.6681054,74.125.110.42,10.10.0.10,,,443,49235,0,1358,17
1587481761.705207,74.125.110.42,10.10.0.10,,,443,49235,0,1358,17
1587481761.7083251,10.10.0.10,74.125.110.42,,,49235,443,0,44,17
1587481761.742314,173.194.182.102,10.10.0.10,,,443,41888,0,1358,17
1587481761.779475,74.125.110.42,10.10.0.10,,,443,49235,0,1358,17
1587481761.781322,10.10.0.10,173.194.182.102,,,41888,443,0,37,17
1587481761.8113134,10.10.0.10,74.125.110.42,,,49235,443,0,44,17
1587481761.8165948,74.125.110.42,10.10.0.10,,,443,49235,0,1358,17
1587481761.853718,173.194.182.102,10.10.0.10,,,443,41888,0,1358,17
1587481761.8558042,10.10.0.10,74.125.110.42,,,49235,443,0,44,17
1587481761.8908372,173.194.182.102,10.10.0.10,,,443,41888,0,1358,17
1587481761.894086,10.10.0.10,173.194.182.102,,,41888,443,0,37,17
1587481761.9279149,173.194.182.102,10.10.0.10,,,443,41888,0,1358,17
1587481761.9650779,173.194.182.102,10.10.0.10,,,443,41888,0,1358,17
1587481761.967273,10.10.0.10,173.194.182.102,,,41888,443,0,37,17
1587481762.002198,74.125.110.42,10.10.0.10,,,443,49235,0,1358,17
1587481762.039318,74.125.110.42,10.10.0.10,,,443,49235,0,1358,17
1587481762.041135,10.10.0.10,74.125.110.42,,,49235,443,0,44,17
1587481762.07644,74.125.110.42,10.10.0.10,,,443,49235,0,1358,17
1587481762.1135492,74.125.110.42,10.10.0.10,,,443,49235,0,1358,17
1587481762.1155078,10.10.0.10,74.125.110.42,,,49235,443,0,44,17
1587481762.1506689,74.125.110.42,10.10.0.10,,,443,49235,0,1358,17
1587481762.187736,74.125.110.42,10.10.0.10,,,443,49235,0,1358,17
1587481762.1904292,10.10.0.10,74.125.110.42,,,49235,443,0,57,17
1587481762.2248962,74.125.110.42,10.10.0.10,,,443,49235,0,1358,17
1587481762.2620282,173.194.182.102,10.10.0.10,,,443,41888,0,1358,17
1587481762.2639172,10.10.0.10,74.125.110.42,,,49235,443,0,44,17
1587481762.2991412,173.194.182.102,10.10.0.10,,,443,41888,0,1358,17
1587481762.301088,10.10.0.10,173.194.182.102,,,41888,443,0,37,17
1587481762.3362362,173.194.182.102,10.10.0.10,,,443,41888,0,1358,17
1587481762.3733866,173.194.182.102,10.10.0.10,,,443,41888,0,1358,17
1587481762.375215,10.10.0.10,173.194.182.102,,,41888,443,0,37,17
1587481762.410505,173.194.182.102,10.10.0.10,,,443,41888,0,1358,17
1587481762.447624,74.125.110.42,10.10.0.10,,,443,49235,0,1358,17
1587481762.449655,10.10.0.10,173.194.182.102,,,41888,443,0,50,17
1587481762.484746,173.194.182.102,10.10.0.10,,,443,41888,0,1358,17
1587481762.487102,10.10.0.10,74.125.110.42,,,49235,443,0,44,17
1587481762.5218682,173.194.182.102,10.10.0.10,,,443,41888,0,1358,17
1587481762.523495,10.10.0.10,173.194.182.102,,,41888,443,0,37,17
1587481762.558991,173.194.182.102,10.10.0.10,,,443,41888,0,1358,17
1587481762.596119,173.194.182.102,10.10.0.10,,,443,41888,0,1358,17
1587481762.597965,10.10.0.10,173.194.182.102,,,41888,443,0,37,17
1587481762.63324,173.194.182.102,10.10.0.10,,,443,41888,0,1358,17
1587481762.6703591,173.194.182.102,10.10.0.10,,,443,41888,0,1358,17
1587481762.672199,10.10.0.10,173.194.182.102,,,41888,443,0,37,17
1587481762.707448,173.194.182.102,10.10.0.10,,,443,41888,0,1358,17
1587481762.7445972,173.194.182.102,10.10.0.10,,,443,41888,0,1358,17
1587481762.746397,10.10.0.10,173.194.182.102,,,41888,443,0,37,17
1587481762.781713,74.125.110.42,10.10.0.10,,,443,49235,0,1358,17
1587481762.8187606,173.194.182.102,10.10.0.10,,,443,41888,0,1358,17
1587481762.855958,173.194.182.102,10.10.0.10,,,443,41888,0,1358,17
1587481762.8579216,10.10.0.10,173.194.182.102,,,41888,443,0,37,17
1587481762.893074,173.194.182.102,10.10.0.10,,,443,41888,0,1358,17
1587481762.9301946,173.194.182.102,10.10.0.10,,,443,41888,0,1358,17
1587481762.967319,173.194.182.102,10.10.0.10,,,443,41888,0,1358,17
1587481763.0044339,74.125.110.42,10.10.0.10,,,443,49235,0,1358,17
1587481763.041558,173.194.182.102,10.10.0.10,,,443,41888,0,1358,17
1587481763.078678,173.194.182.102,10.10.0.10,,,443,41888,0,1358,17
1587481763.09444,10.10.0.10,74.125.110.42,,,49235,443,0,44,17
1587481763.115797,173.194.182.102,10.10.0.10,,,443,41888,0,1358,17
1587481763.152909,173.194.182.102,10.10.0.10,,,443,41888,0,1358,17
1587481763.1900241,74.125.110.42,10.10.0.10,,,443,49235,0,1358,17
1587481763.227133,173.194.182.102,10.10.0.10,,,443,41888,0,1358,17
1587481763.2642589,173.194.182.102,10.10.0.10,,,443,41888,0,1358,17
1587481763.3013742,173.194.182.102,10.10.0.10,,,443,41888,0,1358,17
1587481763.338432,173.194.182.102,10.10.0.10,,,443,41888,0,1358,17
1587481763.3756151,74.125.110.42,10.10.0.10,,,443,49235,0,1358,17
1587481763.412735,74.125.110.42,10.10.0.10,,,443,49235,0,1358,17
1587481763.449856,74.125.110.42,10.10.0.10,,,443,49235,0,1358,17
1587481763.486975,74.125.110.42,10.10.0.10,,,443,49235,0,29,17
1587481763.488655,74.125.110.42,10.10.0.10,,,443,49235,0,1358,17
1587481763.525782,74.125.110.42,10.10.0.10,,,443,49235,0,1358,17
1587481763.562902,173.194.182.102,10.10.0.10,,,443,41888,0,1358,17
1587481763.600024,173.194.182.102,10.10.0.10,,,443,41888,0,1358,17
1587481763.6370866,74.125.110.42,10.10.0.10,,,443,49235,0,1358,17
1587481763.674263,173.194.182.102,10.10.0.10,,,443,41888,0,1358,17
1587481763.7113402,173.194.182.102,10.10.0.10,,,443,41888,0,1358,17
1587481763.748502,173.194.182.102,10.10.0.10,,,443,41888,0,1358,17
1587481763.785626,74.125.110.42,10.10.0.10,,,443,49235,0,1358,17
1587481763.822747,173.194.182.102,10.10.0.10,,,443,41888,0,1358,17
1587481763.859872,173.194.182.102,10.10.0.10,,,443,41888,0,1358,17
1587481763.892522,10.10.0.10,173.194.182.102,,,41888,443,0,37,17
1587481763.894492,10.10.0.10,173.194.182.102,,,41888,443,0,37,17
1587481763.89508,10.10.0.10,173.194.182.102,,,41888,443,0,37,17
1587481763.896892,10.10.0.10,74.125.110.42,,,49235,443,0,44,17
1587481763.896944,173.194.182.102,10.10.0.10,,,443,41888,0,1358,17
1587481763.8975706,10.10.0.10,173.194.182.102,,,41888,443,0,37,17
1587481763.89812,10.10.0.10,173.194.182.102,,,41888,443,0,37,17
1587481763.8994539,10.10.0.10,74.125.110.42,,,49235,443,0,44,17
1587481763.901596,10.10.0.10,74.125.110.42,,,49235,443,0,37,17
1587481763.9016428,10.10.0.10,173.194.182.102,,,41888,443,0,37,17
1587481763.905715,10.10.0.10,74.125.110.42,,,49235,443,0,37,17
1587481763.905761,10.10.0.10,173.194.182.102,,,41888,443,0,37,17
1587481763.9073422,10.10.0.10,173.194.182.102,,,41888,443,0,37,17
1587481763.9076018,10.10.0.10,173.194.182.102,,,41888,443,0,37,17
1587481763.934088,74.125.110.42,10.10.0.10,,,443,49235,0,1358,17
1587481763.935909,10.10.0.10,74.125.110.42,,,49235,443,0,37,17
1587481763.936326,10.10.0.10,173.194.182.102,,,41888,443,0,37,17
1587481763.971231,173.194.182.102,10.10.0.10,,,443,41888,0,1358,17
1587481764.008327,173.194.182.102,10.10.0.10,,,443,41888,0,1358,17
1587481764.010173,10.10.0.10,173.194.182.102,,,41888,443,0,37,17
1587481764.045491,74.125.110.42,10.10.0.10,,,443,49235,0,1358,17
1587481764.0825572,173.194.182.102,10.10.0.10,,,443,41888,0,1358,17
1587481764.0848944,10.10.0.10,74.125.110.42,,,49235,443,0,37,17
1587481764.119663,173.194.182.102,10.10.0.10,,,443,41888,0,1358,17
1587481764.121547,10.10.0.10,173.194.182.102,,,41888,443,0,37,17
1587481764.156818,173.194.182.102,10.10.0.10,,,443,41888,0,1358,17
1587481764.193896,173.194.182.102,10.10.0.10,,,443,41888,0,1358,17
1587481764.195446,10.10.0.10,173.194.182.102,,,41888,443,0,37,17
1587481764.231039,173.194.182.102,10.10.0.10,,,443,41888,0,1358,17
1587481764.268127,74.125.110.42,10.10.0.10,,,443,49235,0,1358,17
1587481764.2707481,10.10.0.10,74.125.110.42,,,49235,443,0,40,17
1587481764.271255,10.10.0.10,173.194.182.102,,,41888,443,0,37,17
1587481764.30531,173.194.182.102,10.10.0.10,,,443,41888,0,1358,17
1587481764.342438,173.194.182.102,10.10.0.10,,,443,41888,0,1358,17
1587481764.3441381,10.10.0.10,173.194.182.102,,,41888,443,0,50,17
1587481764.3794932,173.194.182.102,10.10.0.10,,,443,41888,0,1358,17
1587481764.4166784,74.125.110.42,10.10.0.10,,,443,49235,0,1358,17
1587481764.418361,10.10.0.10,74.125.110.42,,,49235,443,0,40,17
1587481764.4185412,10.10.0.10,173.194.182.102,,,41888,443,0,37,17
1587481764.453798,173.194.182.102,10.10.0.10,,,443,41888,0,1358,17
1587481764.4909182,173.194.182.102,10.10.0.10,,,443,41888,0,1358,17
1587481764.4927518,10.10.0.10,173.194.182.102,,,41888,443,0,37,17
1587481764.528038,173.194.182.102,10.10.0.10,,,443,41888,0,1358,17
1587481764.5651572,173.194.182.102,10.10.0.10,,,443,41888,0,1358,17
1587481764.5670438,10.10.0.10,173.194.182.102,,,41888,443,0,37,17
1587481764.6022696,74.125.110.42,10.10.0.10,,,443,49235,0,1358,17
1587481764.6040282,10.10.0.10,74.125.110.42,,,49235,443,0,40,17
1587481764.6393714,173.194.182.102,10.10.0.10,,,443,41888,0,1358,17
1587481764.66905,10.10.0.10,173.194.182.102,,,41888,443,0,37,17
1587481764.6765091,173.194.182.102,10.10.0.10,,,443,41888,0,1358,17
1587481764.7136278,74.125.110.42,10.10.0.10,,,443,49235,0,1358,17
1587481764.7155948,10.10.0.10,74.125.110.42,,,49235,443,0,40,17
1587481764.715821,10.10.0.10,173.194.182.102,,,41888,443,0,37,17
1587481764.75075,173.194.182.102,10.10.0.10,,,443,41888,0,1358,17
1587481764.7878704,173.194.182.102,10.10.0.10,,,443,41888,0,1358,17
1587481764.789798,10.10.0.10,173.194.182.102,,,41888,443,0,37,17
1587481764.824955,74.125.110.42,10.10.0.10,,,443,49235,0,1358,17
1587481764.8620772,173.194.182.102,10.10.0.10,,,443,41888,0,1358,17
1587481764.865463,10.10.0.10,74.125.110.42,,,49235,443,0,40,17
1587481764.8992279,173.194.182.102,10.10.0.10,,,443,41888,0,1358,17
1587481764.9011939,10.10.0.10,173.194.182.102,,,41888,443,0,37,17
1587481764.9363482,74.125.110.42,10.10.0.10,,,443,49235,0,1358,17
1587481764.9734669,173.194.182.102,10.10.0.10,,,443,41888,0,1358,17
1587481764.9759572,10.10.0.10,74.125.110.42,,,49235,443,0,40,17
1587481765.0105839,173.194.182.102,10.10.0.10,,,443,41888,0,1358,17
1587481765.0125089,10.10.0.10,173.194.182.102,,,41888,443,0,37,17
1587481765.047715,74.125.110.42,10.10.0.10,,,443,49235,0,1358,17
1587481765.084854,74.125.110.42,10.10.0.10,,,443,49235,0,1358,17
1587481765.0867536,10.10.0.10,74.125.110.42,,,49235,443,0,40,17
1587481765.1218839,74.125.110.42,10.10.0.10,,,443,49235,0,1358,17
1587481765.1590724,74.125.110.42,10.10.0.10,,,443,49235,0,1358,17
1587481765.160814,10.10.0.10,74.125.110.42,,,49235,443,0,40,17
1587481765.196136,74.125.110.42,10.10.0.10,,,443,49235,0,1358,17
1587481765.1977599,10.10.0.10,74.125.110.42,,,49235,443,0,42,17
1587481765.23325,74.125.110.42,10.10.0.10,,,443,49235,0,1358,17
1587481765.2348568,10.10.0.10,74.125.110.42,,,49235,443,0,42,17
1587481765.2703712,74.125.110.42,10.10.0.10,,,443,49235,0,1358,17
1587481765.273313,10.10.0.10,74.125.110.42,,,49235,443,0,55,17
1587481765.309314,74.125.110.42,10.10.0.10,,,443,49235,0,1358,17
1587481765.311194,10.10.0.10,74.125.110.42,,,49235,443,0,42,17
1587481765.3464339,74.125.110.42,10.10.0.10,,,443,49235,0,1358,17
1587481765.383554,74.125.110.42,10.10.0.10,,,443,49235,0,1358,17
1587481765.3864536,10.10.0.10,74.125.110.42,,,49235,443,0,42,17
1587481765.4206731,74.125.110.42,10.10.0.10,,,443,49235,0,1358,17
1587481765.457793,74.125.110.42,10.10.0.10,,,443,49235,0,1358,17
1587481765.4618278,10.10.0.10,74.125.110.42,,,49235,443,0,42,17
1587481765.498993,74.125.110.42,10.10.0.10,,,443,49235,0,1358,17
1587481765.536118,74.125.110.42,10.10.0.10,,,443,49235,0,1358,17
1587481765.5481148,10.10.0.10,74.125.110.42,,,49235,443,0,42,17
1587481765.5748868,74.125.110.42,10.10.0.10,,,443,49235,0,1358,17
1587481765.612011,173.194.182.102,10.10.0.10,,,443,41888,0,1358,17
1587481765.6141946,10.10.0.10,74.125.110.42,,,49235,443,0,42,17
1587481765.649129,74.125.110.42,10.10.0.10,,,443,49235,0,1358,17
1587481765.651031,10.10.0.10,173.194.182.102,,,41888,443,0,37,17
1587481765.686247,173.194.182.102,10.10.0.10,,,443,41888,0,1358,17
1587481765.6883779,10.10.0.10,74.125.110.42,,,49235,443,0,42,17
1587481765.7250106,173.194.182.102,10.10.0.10,,,443,41888,0,1358,17
1587481765.7267306,10.10.0.10,173.194.182.102,,,41888,443,0,37,17
1587481765.762135,74.125.110.42,10.10.0.10,,,443,49235,0,1358,17
1587481765.7992508,173.194.182.102,10.10.0.10,,,443,41888,0,1358,17
1587481765.801372,10.10.0.10,74.125.110.42,,,49235,443,0,42,17
1587481765.836375,74.125.110.42,10.10.0.10,,,443,49235,0,1358,17
1587481765.838569,10.10.0.10,173.194.182.102,,,41888,443,0,37,17
1587481765.8734946,74.125.110.42,10.10.0.10,,,443,49235,0,1358,17
1587481765.875288,10.10.0.10,74.125.110.42,,,49235,443,0,42,17
1587481765.910615,173.194.182.102,10.10.0.10,,,443,41888,0,1358,17
1587481765.947735,74.125.110.42,10.10.0.10,,,443,49235,0,1358,17
1587481765.9496508,10.10.0.10,173.194.182.102,,,41888,443,0,37,17
1587481765.988934,173.194.182.102,10.10.0.10,,,443,41888,0,1358,17
1587481765.9931011,10.10.0.10,74.125.110.42,,,49235,443,0,42,17
1587481766.026056,74.125.110.42,10.10.0.10,,,443,49235,0,1358,17
1587481766.0291822,10.10.0.10,173.194.182.102,,,41888,443,0,37,17
1587481766.063175,173.194.182.102,10.10.0.10,,,443,41888,0,1358,17
1587481766.065378,10.10.0.10,74.125.110.42,,,49235,443,0,42,17
1587481766.1002939,74.125.110.42,10.10.0.10,,,443,49235,0,1358,17
1587481766.1021671,10.10.0.10,173.194.182.102,,,41888,443,0,37,17
1587481766.139024,173.194.182.102,10.10.0.10,,,443,41888,0,1358,17
1587481766.1410694,10.10.0.10,74.125.110.42,,,49235,443,0,42,17
1587481766.176175,74.125.110.42,10.10.0.10,,,443,49235,0,1358,17
1587481766.178058,10.10.0.10,173.194.182.102,,,41888,443,0,37,17
1587481766.2132974,173.194.182.102,10.10.0.10,,,443,41888,0,1358,17
1587481766.215241,10.10.0.10,74.125.110.42,,,49235,443,0,42,17
1587481766.2503624,173.194.182.102,10.10.0.10,,,443,41888,0,32,17
1587481766.251931,10.10.0.10,173.194.182.102,,,41888,443,0,37,17
1587481766.2521222,74.125.110.42,10.10.0.10,,,443,49235,0,1358,17
1587481766.2892678,173.194.182.102,10.10.0.10,,,443,41888,0,1358,17
1587481766.2912462,10.10.0.10,74.125.110.42,,,49235,443,0,42,17
1587481766.326415,173.194.182.102,10.10.0.10,,,443,41888,0,1358,17
1587481766.32812,10.10.0.10,173.194.182.102,,,41888,443,0,37,17
1587481766.363538,74.125.110.42,10.10.0.10,,,443,49235,0,1358,17
1587481766.3654768,10.10.0.10,74.125.110.42,,,49235,443,0,44,17
1587481766.400656,173.194.182.102,10.10.0.10,,,443,41888,0,1358,17
1587481766.4377742,74.125.110.42,10.10.0.10,,,443,49235,0,1358,17
1587481766.439411,10.10.0.10,74.125.110.42,,,49235,443,0,44,17
1587481766.4396358,10.10.0.10,173.194.182.102,,,41888,443,0,37,17
1587481766.474906,173.194.182.102,10.10.0.10,,,443,41888,0,1358,17
1587481766.5120456,74.125.110.42,10.10.0.10,,,443,49235,0,1358,17
1587481766.5145528,10.10.0.10,74.125.110.42,,,49235,443,0,44,17
1587481766.5153642,10.10.0.10,173.194.182.102,,,41888,443,0,37,17
1587481766.5491412,173.194.182.102,10.10.0.10,,,443,41888,0,1358,17
1587481766.5862682,74.125.110.42,10.10.0.10,,,443,49235,0,1358,17
1587481766.5881982,10.10.0.10,74.125.110.42,,,49235,443,0,44,17
1587481766.5887198,10.10.0.10,173.194.182.102,,,41888,443,0,50,17
1587481766.623386,173.194.182.102,10.10.0.10,,,443,41888,0,1358,17
1587481766.6605024,173.194.182.102,10.10.0.10,,,443,41888,0,1358,17
1587481766.663625,10.10.0.10,173.194.182.102,,,41888,443,0,37,17
1587481766.697621,74.125.110.42,10.10.0.10,,,443,49235,0,1358,17
1587481766.7283616,10.10.0.10,74.125.110.42,,,49235,443,0,44,17
1587481766.7347438,173.194.182.102,10.10.0.10,,,443,41888,0,1358,17
1587481766.771818,173.194.182.102,10.10.0.10,,,443,41888,0,1358,17
1587481766.773651,10.10.0.10,173.194.182.102,,,41888,443,0,37,17
1587481766.8089821,173.194.182.102,10.10.0.10,,,443,41888,0,1358,17
1587481766.8461056,173.194.182.102,10.10.0.10,,,443,41888,0,1358,17
1587481766.847023,10.10.0.10,173.194.182.102,,,41888,443,0,37,17
1587481766.883232,173.194.182.102,10.10.0.10,,,443,41888,0,1358,17
1587481766.920353,173.194.182.102,10.10.0.10,,,443,41888,0,1358,17
1587481766.945802,10.10.0.10,173.194.182.102,,,41888,443,0,37,17
1587481766.9483092,10.10.0.10,173.194.182.102,,,41888,443,0,37,17
1587481766.9574692,74.125.110.42,10.10.0.10,,,443,49235,0,1358,17
1587481766.959127,10.10.0.10,74.125.110.42,,,49235,443,0,46,17
1587481766.9945939,173.194.182.102,10.10.0.10,,,443,41888,0,1358,17
1587481767.0333672,173.194.182.102,10.10.0.10,,,443,41888,0,1358,17
1587481767.069188,10.10.0.10,173.194.182.102,,,41888,443,0,37,17
1587481767.070487,173.194.182.102,10.10.0.10,,,443,41888,0,1358,17
1587481767.111691,74.125.110.42,10.10.0.10,,,443,49235,0,1358,17
1587481767.148751,173.194.182.102,10.10.0.10,,,443,41888,0,1358,17
1587481767.1850898,10.10.0.10,173.194.182.102,,,41888,443,0,37,17
1587481767.1859062,173.194.182.102,10.10.0.10,,,443,41888,0,1358,17
1587481767.19221,10.10.0.10,74.125.110.42,,,49235,443,0,61,17
1587481767.1934528,10.10.0.10,173.194.182.102,,,41888,443,0,37,17
1587481767.222973,74.125.110.42,10.10.0.10,,,443,49235,0,1358,17
1587481767.260159,74.125.110.42,10.10.0.10,,,443,49235,0,29,17
1587481767.2617981,173.194.182.102,10.10.0.10,,,443,41888,0,1358,17
1587481767.298961,74.125.110.42,10.10.0.10,,,443,49235,0,1358,17
1587481767.307427,10.10.0.10,74.125.110.42,,,49235,443,0,48,17
1587481767.3103,10.10.0.10,74.125.110.42,,,49235,443,0,44,17
1587481767.336045,74.125.110.42,10.10.0.10,,,443,49235,0,1358,17
1587481767.3731742,74.125.110.42,10.10.0.10,,,443,49235,0,1358,17
1587481767.411438,74.125.110.42,10.10.0.10,,,443,49235,0,1358,17
1587481767.425483,10.10.0.10,173.194.182.102,,,41888,443,0,37,17
1587481767.42788,10.10.0.10,74.125.110.42,,,49235,443,0,44,17
1587481767.4485562,74.125.110.42,10.10.0.10,,,443,49235,0,1358,17
1587481767.450149,10.10.0.10,74.125.110.42,,,49235,443,0,44,17
1587481767.485677,74.125.110.42,10.10.0.10,,,443,49235,0,1358,17
1587481767.522801,173.194.182.102,10.10.0.10,,,443,41888,0,1358,17
1587481767.5599198,74.125.110.42,10.10.0.10,,,443,49235,0,1358,17
1587481767.5617552,10.10.0.10,74.125.110.42,,,49235,443,0,44,17
1587481767.597036,173.194.182.102,10.10.0.10,,,443,41888,0,1358,17
1587481767.6341386,74.125.110.42,10.10.0.10,,,443,49235,0,1358,17
1587481767.6651962,10.10.0.10,173.194.182.102,,,41888,443,0,37,17
1587481767.6712859,173.194.182.102,10.10.0.10,,,443,41888,0,1358,17
1587481767.672994,10.10.0.10,173.194.182.102,,,41888,443,0,37,17
1587481767.7084026,74.125.110.42,10.10.0.10,,,443,49235,0,1358,17
1587481767.745504,173.194.182.102,10.10.0.10,,,443,41888,0,1358,17
1587481767.782593,74.125.110.42,10.10.0.10,,,443,49235,0,1358,17
1587481767.7866669,10.10.0.10,74.125.110.42,,,49235,443,0,44,17
1587481767.7892509,10.10.0.10,74.125.110.42,,,49235,443,0,44,17
1587481767.819766,74.125.110.42,10.10.0.10,,,443,49235,0,1358,17
1587481767.8568866,173.194.182.102,10.10.0.10,,,443,41888,0,939,17
1587481767.882838,74.125.110.42,10.10.0.10,,,443,49235,0,1358,17
1587481767.9052198,10.10.0.10,173.194.182.102,,,41888,443,0,37,17
1587481767.910438,10.10.0.10,74.125.110.42,,,49235,443,0,44,17
1587481767.919958,74.125.110.42,10.10.0.10,,,443,49235,0,1358,17
1587481767.957077,74.125.110.42,10.10.0.10,,,443,49235,0,1358,17
1587481767.994185,74.125.110.42,10.10.0.10,,,443,49235,0,1358,17
1587481768.024083,10.10.0.10,74.125.110.42,,,49235,443,0,44,17
1587481768.024137,10.10.0.10,173.194.182.102,,,41888,443,0,37,17
1587481768.0280988,10.10.0.10,74.125.110.42,,,49235,443,0,46,17
1587481768.028153,10.10.0.10,74.125.110.42,,,49235,443,0,46,17
1587481768.0313172,74.125.110.42,10.10.0.10,,,443,49235,0,1358,17
1587481768.033966,10.10.0.10,74.125.110.42,,,49235,443,0,46,17
1587481768.068436,74.125.110.42,10.10.0.10,,,443,49235,0,1358,17
1587481768.1055582,74.125.110.42,10.10.0.10,,,443,49235,0,1358,17
1587481768.142631,74.125.110.42,10.10.0.10,,,443,49235,0,1358,17
1587481768.1484141,10.10.0.10,74.125.110.42,,,49235,443,0,46,17
1587481768.1490884,10.10.0.10,74.125.110.42,,,49235,443,0,46,17
1587481768.1808321,74.125.110.42,10.10.0.10,,,443,49235,0,1358,17
1587481768.217997,74.125.110.42,10.10.0.10,,,443,49235,0,1358,17
1587481768.255111,173.194.182.102,10.10.0.10,,,443,41888,0,29,17
1587481768.2567868,74.125.110.42,10.10.0.10,,,443,49235,0,1358,17
1587481768.2699132,10.10.0.10,74.125.110.42,,,49235,443,0,46,17
1587481768.2939384,74.125.110.42,10.10.0.10,,,443,49235,0,1358,17
1587481768.3310616,74.125.110.42,10.10.0.10,,,443,49235,0,1358,17
1587481768.3699412,74.125.110.42,10.10.0.10,,,443,49235,0,1358,17
1587481768.38544,10.10.0.10,74.125.110.42,,,49235,443,0,46,17
1587481768.387929,10.10.0.10,74.125.110.42,,,49235,443,0,46,17
1587481768.4070668,74.125.110.42,10.10.0.10,,,443,49235,0,1358,17
1587481768.4096699,10.10.0.10,74.125.110.42,,,49235,443,0,46,17
1587481768.448632,74.125.110.42,10.10.0.10,,,443,49235,0,1358,17
1587481768.485744,74.125.110.42,10.10.0.10,,,443,49235,0,1358,17
1587481768.507902,10.10.0.10,74.125.110.42,,,49235,443,0,46,17
1587481768.522857,74.125.110.42,10.10.0.10,,,443,49235,0,1358,17
1587481768.5644612,74.125.110.42,10.10.0.10,,,443,49235,0,1358,17
1587481768.601584,74.125.110.42,10.10.0.10,,,443,49235,0,1358,17
1587481768.623888,10.10.0.10,74.125.110.42,,,49235,443,0,53,17
1587481768.626891,10.10.0.10,74.125.110.42,,,49235,443,0,42,17
1587481768.6269472,10.10.0.10,74.125.110.42,,,49235,443,0,42,17
1587481768.638705,74.125.110.42,10.10.0.10,,,443,49235,0,1358,17
1587481768.6410818,10.10.0.10,74.125.110.42,,,49235,443,0,42,17
1587481768.675807,74.125.110.42,10.10.0.10,,,443,49235,0,1358,17
1587481768.704802,10.10.0.10,74.125.110.42,,,49235,443,0,42,17
1587481768.7173982,74.125.110.42,10.10.0.10,,,443,49235,0,1358,17
1587481768.754513,74.125.110.42,10.10.0.10,,,443,49235,0,1358,17
1587481768.7563038,10.10.0.10,74.125.110.42,,,49235,443,0,42,17
1587481768.7916381,74.125.110.42,10.10.0.10,,,443,49235,0,1358,17
1587481768.828758,74.125.110.42,10.10.0.10,,,443,49235,0,1358,17
1587481768.830755,10.10.0.10,74.125.110.42,,,49235,443,0,42,17
1587481768.8658776,74.125.110.42,10.10.0.10,,,443,49235,0,239,17
1587481768.873159,74.125.110.42,10.10.0.10,,,443,49235,0,1358,17
1587481768.875056,10.10.0.10,74.125.110.42,,,49235,443,0,42,17
1587481768.9102778,74.125.110.42,10.10.0.10,,,443,49235,0,1358,17
1587481768.950865,74.125.110.42,10.10.0.10,,,443,49235,0,29,17
1587481768.952483,10.10.0.10,74.125.110.42,,,49235,443,0,37,17
1587481768.952553,74.125.110.42,10.10.0.10,,,443,49235,0,1357,17
1587481768.9725099,10.10.0.10,74.125.110.42,,,49235,443,0,683,17
1587481768.9730668,10.10.0.10,74.125.110.42,,,49235,443,0,48,17
1587481768.97403,10.10.0.10,173.194.182.102,,,41888,443,0,710,17
1587481768.974259,10.10.0.10,173.194.182.102,,,41888,443,0,48,17
1587481768.9896786,173.194.182.102,10.10.0.10,,,443,41888,0,32,17
1587481768.9914384,173.194.182.102,10.10.0.10,,,443,41888,0,108,17
1587481768.995225,173.194.182.102,10.10.0.10,,,443,41888,0,1358,17
1587481768.9986892,10.10.0.10,173.194.182.102,,,41888,443,0,37,17
1587481769.03235,173.194.182.102,10.10.0.10,,,443,41888,0,1358,17
1587481769.0694695,173.194.182.102,10.10.0.10,,,443,41888,0,1358,17
1587481769.071378,10.10.0.10,173.194.182.102,,,41888,443,0,37,17
1587481769.1065881,173.194.182.102,10.10.0.10,,,443,41888,0,1358,17
1587481769.140601,10.10.0.10,173.194.182.102,,,41888,443,0,37,17
1587481769.143646,173.194.182.102,10.10.0.10,,,443,41888,0,1358,17
1587481769.180815,173.194.182.102,10.10.0.10,,,443,41888,0,1358,17
1587481769.182802,10.10.0.10,173.194.182.102,,,41888,443,0,37,17
1587481769.2179544,173.194.182.102,10.10.0.10,,,443,41888,0,1358,17
1587481769.255049,173.194.182.102,10.10.0.10,,,443,41888,0,1358,17
1587481769.257455,10.10.0.10,173.194.182.102,,,41888,443,0,37,17
1587481769.292115,173.194.182.102,10.10.0.10,,,443,41888,0,1358,17
1587481769.3293052,173.194.182.102,10.10.0.10,,,443,41888,0,1358,17
1587481769.331239,10.10.0.10,173.194.182.102,,,41888,443,0,37,17
1587481769.366426,74.125.110.42,10.10.0.10,,,443,49235,0,115,17
1587481769.3704,74.125.110.42,10.10.0.10,,,443,49235,0,1358,17
1587481769.393482,10.10.0.10,74.125.110.42,,,49235,443,0,37,17
1587481769.407518,74.125.110.42,10.10.0.10,,,443,49235,0,1358,17
1587481769.444635,74.125.110.42,10.10.0.10,,,443,49235,0,1358,17
1587481769.4464278,10.10.0.10,74.125.110.42,,,49235,443,0,37,17
1587481769.481759,74.125.110.42,10.10.0.10,,,443,49235,0,1358,17
1587481769.5188134,74.125.110.42,10.10.0.10,,,443,49235,0,1358,17
1587481769.5205386,10.10.0.10,74.125.110.42,,,49235,443,0,37,17
1587481769.5560026,74.125.110.42,10.10.0.10,,,443,49235,0,1358,17
1587481769.593144,74.125.110.42,10.10.0.10,,,443,49235,0,1358,17
1587481769.5949476,10.10.0.10,74.125.110.42,,,49235,443,0,37,17
1587481769.630239,74.125.110.42,10.10.0.10,,,443,49235,0,1358,17
1587481769.6321511,10.10.0.10,74.125.110.42,,,49235,443,0,40,17
1587481769.667366,173.194.182.102,10.10.0.10,,,443,41888,0,1358,17
1587481769.6980348,10.10.0.10,173.194.182.102,,,41888,443,0,37,17
1587481769.7044852,74.125.110.42,10.10.0.10,,,443,49235,0,1358,17
1587481769.707458,10.10.0.10,74.125.110.42,,,49235,443,0,40,17
1587481769.741608,173.194.182.102,10.10.0.10,,,443,41888,0,1358,17
1587481769.743402,10.10.0.10,173.194.182.102,,,41888,443,0,40,17
1587481769.7787251,173.194.182.102,10.10.0.10,,,443,41888,0,1358,17
1587481769.780775,10.10.0.10,173.194.182.102,,,41888,443,0,40,17
1587481769.8158429,74.125.110.42,10.10.0.10,,,443,49235,0,1358,17
1587481769.8175802,10.10.0.10,74.125.110.42,,,49235,443,0,40,17
1587481769.852962,173.194.182.102,10.10.0.10,,,443,41888,0,1358,17
1587481769.85481,10.10.0.10,173.194.182.102,,,41888,443,0,40,17
1587481769.8900778,173.194.182.102,10.10.0.10,,,443,41888,0,1358,17
1587481769.891912,10.10.0.10,173.194.182.102,,,41888,443,0,40,17
1587481769.9271991,74.125.110.42,10.10.0.10,,,443,49235,0,1358,17
1587481769.9290464,10.10.0.10,74.125.110.42,,,49235,443,0,40,17
1587481769.964313,173.194.182.102,10.10.0.10,,,443,41888,0,1358,17
1587481770.0014381,173.194.182.102,10.10.0.10,,,443,41888,0,1358,17
1587481770.003288,10.10.0.10,173.194.182.102,,,41888,443,0,40,17
1587481770.038569,173.194.182.102,10.10.0.10,,,443,41888,0,1358,17
1587481770.068079,10.10.0.10,173.194.182.102,,,41888,443,0,40,17
1587481770.075681,173.194.182.102,10.10.0.10,,,443,41888,0,1358,17
1587481770.112802,173.194.182.102,10.10.0.10,,,443,41888,0,1358,17
1587481770.114642,10.10.0.10,173.194.182.102,,,41888,443,0,40,17
1587481770.1498704,74.125.110.42,10.10.0.10,,,443,49235,0,1358,17
1587481770.1519165,10.10.0.10,74.125.110.42,,,49235,443,0,42,17
1587481770.187028,173.194.182.102,10.10.0.10,,,443,41888,0,1358,17
1587481770.2241518,173.194.182.102,10.10.0.10,,,443,41888,0,1358,17
1587481770.226024,10.10.0.10,173.194.182.102,,,41888,443,0,40,17
1587481770.2612178,173.194.182.102,10.10.0.10,,,443,41888,0,1358,17
1587481770.2983892,74.125.110.42,10.10.0.10,,,443,49235,0,1358,17
1587481770.301327,10.10.0.10,74.125.110.42,,,49235,443,0,42,17
1587481770.301584,10.10.0.10,173.194.182.102,,,41888,443,0,40,17
1587481770.3355188,173.194.182.102,10.10.0.10,,,443,41888,0,1358,17
1587481770.3726392,173.194.182.102,10.10.0.10,,,443,41888,0,1358,17
1587481770.375015,10.10.0.10,173.194.182.102,,,41888,443,0,40,17
1587481770.409759,173.194.182.102,10.10.0.10,,,443,41888,0,1358,17
1587481770.446884,74.125.110.42,10.10.0.10,,,443,49235,0,1358,17
1587481770.450092,10.10.0.10,173.194.182.102,,,41888,443,0,40,17
1587481770.450554,10.10.0.10,74.125.110.42,,,49235,443,0,42,17
1587481770.4840071,173.194.182.102,10.10.0.10,,,443,41888,0,1358,17
1587481770.521127,173.194.182.102,10.10.0.10,,,443,41888,0,1358,17
1587481770.522769,10.10.0.10,173.194.182.102,,,41888,443,0,40,17
1587481770.5582428,74.125.110.42,10.10.0.10,,,443,49235,0,1358,17
1587481770.5600178,10.10.0.10,74.125.110.42,,,49235,443,0,42,17
1587481770.595367,173.194.182.102,10.10.0.10,,,443,41888,0,1358,17
1587481770.632488,74.125.110.42,10.10.0.10,,,443,49235,0,1358,17
1587481770.634352,10.10.0.10,173.194.182.102,,,41888,443,0,53,17
1587481770.669608,173.194.182.102,10.10.0.10,,,443,41888,0,1358,17
1587481770.671433,10.10.0.10,74.125.110.42,,,49235,443,0,42,17
1587481770.7066748,173.194.182.102,10.10.0.10,,,443,41888,0,1358,17
1587481770.7093296,10.10.0.10,173.194.182.102,,,41888,443,0,40,17
1587481770.743849,74.125.110.42,10.10.0.10,,,443,49235,0,1358,17
1587481770.780909,173.194.182.102,10.10.0.10,,,443,41888,0,1358,17
1587481770.782701,10.10.0.10,74.125.110.42,,,49235,443,0,42,17
1587481770.818091,173.194.182.102,10.10.0.10,,,443,41888,0,1358,17
1587481770.820603,10.10.0.10,173.194.182.102,,,41888,443,0,40,17
1587481770.8552098,74.125.110.42,10.10.0.10,,,443,49235,0,1358,17
1587481770.8923314,173.194.182.102,10.10.0.10,,,443,41888,0,1358,17
1587481770.89419,10.10.0.10,74.125.110.42,,,49235,443,0,42,17
1587481770.929451,74.125.110.42,10.10.0.10,,,443,49235,0,1358,17
1587481770.9312909,10.10.0.10,173.194.182.102,,,41888,443,0,40,17
1587481770.9665706,173.194.182.102,10.10.0.10,,,443,41888,0,1358,17
1587481771.0036922,173.194.182.102,10.10.0.10,,,443,41888,0,1358,17
1587481771.040809,173.194.182.102,10.10.0.10,,,443,41888,0,1358,17
1587481771.04177,10.10.0.10,74.125.110.42,,,49235,443,0,42,17
1587481771.043872,10.10.0.10,173.194.182.102,,,41888,443,0,40,17
1587481771.0779278,74.125.110.42,10.10.0.10,,,443,49235,0,1358,17
1587481771.1150508,173.194.182.102,10.10.0.10,,,443,41888,0,1358,17
1587481771.1521714,173.194.182.102,10.10.0.10,,,443,41888,0,1358,17
1587481771.160274,10.10.0.10,173.194.182.102,,,41888,443,0,40,17
1587481771.162908,10.10.0.10,74.125.110.42,,,49235,443,0,44,17
1587481771.164,10.10.0.10,173.194.182.102,,,41888,443,0,40,17
1587481771.189265,74.125.110.42,10.10.0.10,,,443,49235,0,1358,17
1587481771.226393,173.194.182.102,10.10.0.10,,,443,41888,0,1358,17
1587481771.2634768,173.194.182.102,10.10.0.10,,,443,41888,0,1358,17
1587481771.281382,10.10.0.10,74.125.110.42,,,49235,443,0,44,17
1587481771.283449,10.10.0.10,173.194.182.102,,,41888,443,0,40,17
1587481771.3005881,173.194.182.102,10.10.0.10,,,443,41888,0,1358,17
1587481771.337754,173.194.182.102,10.10.0.10,,,443,41888,0,1358,17
1587481771.3748748,173.194.182.102,10.10.0.10,,,443,41888,0,1358,17
1587481771.400207,10.10.0.10,173.194.182.102,,,41888,443,0,40,17
1587481771.4038134,10.10.0.10,173.194.182.102,,,41888,443,0,40,17
1587481771.4119961,74.125.110.42,10.10.0.10,,,443,49235,0,1358,17
1587481771.413687,10.10.0.10,74.125.110.42,,,49235,443,0,44,17
1587481771.4490962,173.194.182.102,10.10.0.10,,,443,41888,0,1358,17
1587481771.4862359,173.194.182.102,10.10.0.10,,,443,41888,0,1358,17
1587481771.52325,10.10.0.10,173.194.182.102,,,41888,443,0,40,17
1587481771.5233119,173.194.182.102,10.10.0.10,,,443,41888,0,1358,17
1587481771.560476,74.125.110.42,10.10.0.10,,,443,49235,0,1358,17
1587481771.5975714,173.194.182.102,10.10.0.10,,,443,41888,0,1358,17
1587481771.6347148,173.194.182.102,10.10.0.10,,,443,41888,0,1358,17
1587481771.640353,10.10.0.10,173.194.182.102,,,41888,443,0,40,17
1587481771.642555,10.10.0.10,74.125.110.42,,,49235,443,0,57,17
1587481771.645775,10.10.0.10,173.194.182.102,,,41888,443,0,40,17
1587481771.671834,173.194.182.102,10.10.0.10,,,443,41888,0,1358,17
1587481771.7089562,74.125.110.42,10.10.0.10,,,443,49235,0,1358,17
1587481771.746078,173.194.182.102,10.10.0.10,,,443,41888,0,1358,17
1587481771.764121,10.10.0.10,173.194.182.102,,,41888,443,0,40,17
1587481771.7831721,173.194.182.102,10.10.0.10,,,443,41888,0,1358,17
1587481771.820286,74.125.110.42,10.10.0.10,,,443,49235,0,1358,17
1587481771.85744,173.194.182.102,10.10.0.10,,,443,41888,0,1358,17
1587481771.8945632,74.125.110.42,10.10.0.10,,,443,49235,0,1358,17
1587481771.931689,173.194.182.102,10.10.0.10,,,443,41888,0,1358,17
1587481771.9688108,173.194.182.102,10.10.0.10,,,443,41888,0,1358,17
1587481771.9987411,10.10.0.10,173.194.182.102,,,41888,443,0,40,17
1587481771.9987938,10.10.0.10,74.125.110.42,,,49235,443,0,44,17
1587481772.00592,74.125.110.42,10.10.0.10,,,443,49235,0,1358,17
1587481772.0430508,173.194.182.102,10.10.0.10,,,443,41888,0,1358,17
1587481772.0790539,10.10.0.10,74.125.110.42,,,49235,443,0,44,17
1587481772.07971,10.10.0.10,173.194.182.102,,,41888,443,0,37,17
1587481772.0801182,173.194.182.102,10.10.0.10,,,443,41888,0,1358,17
1587481772.081409,10.10.0.10,173.194.182.102,,,41888,443,0,37,17
1587481772.11729,74.125.110.42,10.10.0.10,,,443,49235,0,1358,17
1587481772.154403,173.194.182.102,10.10.0.10,,,443,41888,0,1358,17
1587481772.1793141,10.10.0.10,74.125.110.42,,,49235,443,0,44,17
1587481772.179373,10.10.0.10,173.194.182.102,,,41888,443,0,37,17
1587481772.1915169,173.194.182.102,10.10.0.10,,,443,41888,0,1358,17
1587481772.194377,10.10.0.10,173.194.182.102,,,41888,443,0,37,17
1587481772.2286382,74.125.110.42,10.10.0.10,,,443,49235,0,1358,17
1587481772.230527,10.10.0.10,74.125.110.42,,,49235,443,0,44,17
1587481772.2657619,173.194.182.102,10.10.0.10,,,443,41888,0,1358,17
1587481772.302882,173.194.182.102,10.10.0.10,,,443,41888,0,1358,17
1587481772.306505,10.10.0.10,173.194.182.102,,,41888,443,0,37,17
1587481772.339937,74.125.110.42,10.10.0.10,,,443,49235,0,1358,17
1587481772.377119,173.194.182.102,10.10.0.10,,,443,41888,0,1358,17
1587481772.379675,10.10.0.10,74.125.110.42,,,49235,443,0,44,17
1587481772.414242,173.194.182.102,10.10.0.10,,,443,41888,0,1358,17
1587481772.416085,10.10.0.10,173.194.182.102,,,41888,443,0,50,17
1587481772.4513571,74.125.110.42,10.10.0.10,,,443,49235,0,1358,17
1587481772.4884794,74.125.110.42,10.10.0.10,,,443,49235,0,1358,17
1587481772.4902759,10.10.0.10,74.125.110.42,,,49235,443,0,44,17
1587481772.5256019,173.194.182.102,10.10.0.10,,,443,41888,0,1358,17
1587481772.562722,173.194.182.102,10.10.0.10,,,443,41888,0,1358,17
1587481772.5645251,10.10.0.10,173.194.182.102,,,41888,443,0,37,17
1587481772.5998418,173.194.182.102,10.10.0.10,,,443,41888,0,1358,17
1587481772.636959,74.125.110.42,10.10.0.10,,,443,49235,0,1358,17
1587481772.639154,10.10.0.10,173.194.182.102,,,41888,443,0,37,17
1587481772.6740818,173.194.182.102,10.10.0.10,,,443,41888,0,1358,17
1587481772.677276,10.10.0.10,74.125.110.42,,,49235,443,0,44,17
1587481772.711202,173.194.182.102,10.10.0.10,,,443,41888,0,1358,17
1587481772.7135642,10.10.0.10,173.194.182.102,,,41888,443,0,37,17
1587481772.7482898,173.194.182.102,10.10.0.10,,,443,41888,0,1358,17
1587481772.785377,173.194.182.102,10.10.0.10,,,443,41888,0,1358,17
1587481772.787258,10.10.0.10,173.194.182.102,,,41888,443,0,37,17
1587481772.822562,173.194.182.102,10.10.0.10,,,443,41888,0,1358,17
1587481772.8596818,173.194.182.102,10.10.0.10,,,443,41888,0,1358,17
1587481772.8617132,10.10.0.10,173.194.182.102,,,41888,443,0,37,17
1587481772.8968,74.125.110.42,10.10.0.10,,,443,49235,0,1358,17
1587481772.8990061,10.10.0.10,74.125.110.42,,,49235,443,0,40,17
1587481772.93392,173.194.182.102,10.10.0.10,,,443,41888,0,1358,17
1587481772.971042,173.194.182.102,10.10.0.10,,,443,41888,0,1358,17
1587481772.9729092,10.10.0.10,173.194.182.102,,,41888,443,0,37,17
1587481773.008157,173.194.182.102,10.10.0.10,,,443,41888,0,1358,17
1587481773.0452778,173.194.182.102,10.10.0.10,,,443,41888,0,1358,17
1587481773.0487359,10.10.0.10,173.194.182.102,,,41888,443,0,37,17
1587481773.082335,173.194.182.102,10.10.0.10,,,443,41888,0,1358,17
1587481773.1195214,74.125.110.42,10.10.0.10,,,443,49235,0,1358,17
1587481773.122478,10.10.0.10,74.125.110.42,,,49235,443,0,40,17
1587481773.1228304,10.10.0.10,173.194.182.102,,,41888,443,0,37,17
1587481773.156605,173.194.182.102,10.10.0.10,,,443,41888,0,1358,17
1587481773.193743,74.125.110.42,10.10.0.10,,,443,49235,0,1358,17
1587481773.1966348,10.10.0.10,74.125.110.42,,,49235,443,0,40,17
1587481773.197115,10.10.0.10,173.194.182.102,,,41888,443,0,37,17
1587481773.230869,173.194.182.102,10.10.0.10,,,443,41888,0,1358,17
1587481773.2679641,173.194.182.102,10.10.0.10,,,443,41888,0,1358,17
1587481773.2698462,10.10.0.10,173.194.182.102,,,41888,443,0,37,17
1587481773.30512,74.125.110.42,10.10.0.10,,,443,49235,0,1358,17
1587481773.307011,10.10.0.10,74.125.110.42,,,49235,443,0,40,17
1587481773.3421712,173.194.182.102,10.10.0.10,,,443,41888,0,1358,17
1587481773.379345,173.194.182.102,10.10.0.10,,,443,41888,0,1358,17
1587481773.3809958,10.10.0.10,173.194.182.102,,,41888,443,0,37,17
1587481773.416486,74.125.110.42,10.10.0.10,,,443,49235,0,1358,17
1587481773.453607,173.194.182.102,10.10.0.10,,,443,41888,0,1358,17
1587481773.455656,10.10.0.10,74.125.110.42,,,49235,443,0,40,17
1587481773.4907308,173.194.182.102,10.10.0.10,,,443,41888,0,1358,17
1587481773.492724,10.10.0.10,173.194.182.102,,,41888,443,0,37,17
1587481773.527852,74.125.110.42,10.10.0.10,,,443,49235,0,1358,17
1587481773.564966,173.194.182.102,10.10.0.10,,,443,41888,0,1358,17
1587481773.5677464,10.10.0.10,74.125.110.42,,,49235,443,0,40,17
1587481773.6020908,74.125.110.42,10.10.0.10,,,443,49235,0,1358,17
1587481773.604526,10.10.0.10,173.194.182.102,,,41888,443,0,37,17
1587481773.639157,173.194.182.102,10.10.0.10,,,443,41888,0,1358,17
1587481773.64129,10.10.0.10,74.125.110.42,,,49235,443,0,40,17
1587481773.676321,74.125.110.42,10.10.0.10,,,443,49235,0,1358,17
1587481773.678351,10.10.0.10,173.194.182.102,,,41888,443,0,37,17
1587481773.7134411,173.194.182.102,10.10.0.10,,,443,41888,0,1358,17
1587481773.7155252,10.10.0.10,74.125.110.42,,,49235,443,0,40,17
1587481773.750562,173.194.182.102,10.10.0.10,,,443,41888,0,1358,17
1587481773.752353,10.10.0.10,173.194.182.102,,,41888,443,0,37,17
1587481773.787644,74.125.110.42,10.10.0.10,,,443,49235,0,1358,17
1587481773.8247972,74.125.110.42,10.10.0.10,,,443,49235,0,1358,17
1587481773.826768,10.10.0.10,74.125.110.42,,,49235,443,0,40,17
1587481773.861922,173.194.182.102,10.10.0.10,,,443,41888,0,1358,17
1587481773.899042,173.194.182.102,10.10.0.10,,,443,41888,0,1358,17
1587481773.9010382,10.10.0.10,173.194.182.102,,,41888,443,0,37,17
1587481773.9361572,173.194.182.102,10.10.0.10,,,443,41888,0,1358,17
1587481773.9732838,74.125.110.42,10.10.0.10,,,443,49235,0,1358,17
1587481773.9751005,10.10.0.10,173.194.182.102,,,41888,443,0,37,17
1587481774.0104,173.194.182.102,10.10.0.10,,,443,41888,0,1358,17
1587481774.0125802,10.10.0.10,74.125.110.42,,,49235,443,0,40,17
1587481774.042874,10.10.0.10,173.194.182.102,,,41888,443,0,37,17
1587481774.047518,74.125.110.42,10.10.0.10,,,443,49235,0,1358,17
1587481774.084643,173.194.182.102,10.10.0.10,,,443,41888,0,1358,17
1587481774.086644,10.10.0.10,74.125.110.42,,,49235,443,0,40,17
1587481774.121757,173.194.182.102,10.10.0.10,,,443,41888,0,1358,17
1587481774.1235766,10.10.0.10,173.194.182.102,,,41888,443,0,37,17
1587481774.158806,173.194.182.102,10.10.0.10,,,443,41888,0,1358,17
1587481774.195968,173.194.182.102,10.10.0.10,,,443,41888,0,1358,17
1587481774.197708,10.10.0.10,173.194.182.102,,,41888,443,0,50,17
1587481774.2331052,173.194.182.102,10.10.0.10,,,443,41888,0,1358,17
1587481774.2702348,74.125.110.42,10.10.0.10,,,443,49235,0,1358,17
1587481774.273293,10.10.0.10,173.194.182.102,,,41888,443,0,37,17
1587481774.307359,74.125.110.42,10.10.0.10,,,443,49235,0,1358,17
1587481774.3093,10.10.0.10,74.125.110.42,,,49235,443,0,40,17
1587481774.3444786,173.194.182.102,10.10.0.10,,,443,41888,0,1358,17
1587481774.3816,173.194.182.102,10.10.0.10,,,443,41888,0,1358,17
1587481774.383441,10.10.0.10,173.194.182.102,,,41888,443,0,37,17
1587481774.4187212,74.125.110.42,10.10.0.10,,,443,49235,0,1358,17
1587481774.455837,173.194.182.102,10.10.0.10,,,443,41888,0,1358,17
1587481774.4576929,10.10.0.10,74.125.110.42,,,49235,443,0,53,17
1587481774.4929662,173.194.182.102,10.10.0.10,,,443,41888,0,1358,17
1587481774.5081182,10.10.0.10,173.194.182.102,,,41888,443,0,37,17
1587481774.530083,74.125.110.42,10.10.0.10,,,443,49235,0,1358,17
1587481774.567207,173.194.182.102,10.10.0.10,,,443,41888,0,773,17
1587481774.569813,10.10.0.10,74.125.110.42,,,49235,443,0,40,17
1587481774.5887322,74.125.110.42,10.10.0.10,,,443,49235,0,1358,17
1587481774.625851,74.125.110.42,10.10.0.10,,,443,49235,0,1358,17
1587481774.627625,10.10.0.10,74.125.110.42,,,49235,443,0,42,17
1587481774.6276908,10.10.0.10,173.194.182.102,,,41888,443,0,37,17
1587481774.6629722,74.125.110.42,10.10.0.10,,,443,49235,0,1358,17
1587481774.66505,10.10.0.10,74.125.110.42,,,49235,443,0,42,17
1587481774.70009,74.125.110.42,10.10.0.10,,,443,49235,0,1358,17
1587481774.7021134,10.10.0.10,74.125.110.42,,,49235,443,0,42,17
1587481774.737202,74.125.110.42,10.10.0.10,,,443,49235,0,1358,17
1587481774.7392852,10.10.0.10,74.125.110.42,,,49235,443,0,42,17
1587481774.774317,74.125.110.42,10.10.0.10,,,443,49235,0,1358,17
1587481774.806432,10.10.0.10,74.125.110.42,,,49235,443,0,42,17
1587481774.811442,74.125.110.42,10.10.0.10,,,443,49235,0,1358,17
1587481774.813094,10.10.0.10,74.125.110.42,,,49235,443,0,44,17
1587481774.848562,74.125.110.42,10.10.0.10,,,443,49235,0,1358,17
1587481774.850567,10.10.0.10,74.125.110.42,,,49235,443,0,44,17
1587481774.885649,74.125.110.42,10.10.0.10,,,443,49235,0,1358,17
1587481774.887381,10.10.0.10,74.125.110.42,,,49235,443,0,44,17
1587481774.922802,74.125.110.42,10.10.0.10,,,443,49235,0,1358,17
1587481774.924638,10.10.0.10,74.125.110.42,,,49235,443,0,44,17
1587481774.9599214,74.125.110.42,10.10.0.10,,,443,49235,0,1358,17
1587481774.9970374,74.125.110.42,10.10.0.10,,,443,49235,0,1358,17
1587481774.998785,10.10.0.10,74.125.110.42,,,49235,443,0,44,17
1587481775.034157,74.125.110.42,10.10.0.10,,,443,49235,0,1358,17
1587481775.036536,10.10.0.10,74.125.110.42,,,49235,443,0,46,17
1587481775.071281,74.125.110.42,10.10.0.10,,,443,49235,0,1358,17
1587481775.1083946,74.125.110.42,10.10.0.10,,,443,49235,0,1358,17
1587481775.13894,10.10.0.10,74.125.110.42,,,49235,443,0,46,17
1587481775.1394482,10.10.0.10,74.125.110.42,,,49235,443,0,46,17
1587481775.1454682,74.125.110.42,10.10.0.10,,,443,49235,0,1358,17
1587481775.147758,10.10.0.10,74.125.110.42,,,49235,443,0,46,17
1587481775.182628,173.194.182.102,10.10.0.10,,,443,41888,0,29,17
1587481775.1842868,74.125.110.42,10.10.0.10,,,443,49235,0,1358,17
1587481775.2214348,74.125.110.42,10.10.0.10,,,443,49235,0,1358,17
1587481775.258502,74.125.110.42,10.10.0.10,,,443,49235,0,1358,17
1587481775.2956119,74.125.110.42,10.10.0.10,,,443,49235,0,1358,17
1587481775.3328018,74.125.110.42,10.10.0.10,,,443,49235,0,1358,17
1587481775.369926,74.125.110.42,10.10.0.10,,,443,49235,0,1358,17
1587481775.4070456,74.125.110.42,10.10.0.10,,,443,49235,0,1358,17
1587481775.444104,74.125.110.42,10.10.0.10,,,443,49235,0,1358,17
1587481775.481301,74.125.110.42,10.10.0.10,,,443,49235,0,1358,17
1587481775.518407,74.125.110.42,10.10.0.10,,,443,49235,0,1358,17
1587481775.5555305,74.125.110.42,10.10.0.10,,,443,49235,0,1358,17
1587481775.5926418,74.125.110.42,10.10.0.10,,,443,49235,0,1358,17
1587481775.629761,74.125.110.42,10.10.0.10,,,443,49235,0,1358,17
1587481775.666882,74.125.110.42,10.10.0.10,,,443,49235,0,1358,17
1587481775.7040026,74.125.110.42,10.10.0.10,,,443,49235,0,1358,17
1587481775.741121,74.125.110.42,10.10.0.10,,,443,49235,0,1358,17
1587481775.778239,74.125.110.42,10.10.0.10,,,443,49235,0,1358,17
1587481775.986922,10.10.0.10,74.125.110.42,,,49235,443,0,46,17
1587481775.987504,10.10.0.10,74.125.110.42,,,49235,443,0,44,17
1587481775.9889321,10.10.0.10,74.125.110.42,,,49235,443,0,44,17
1587481775.990922,10.10.0.10,74.125.110.42,,,49235,443,0,44,17
1587481775.992584,10.10.0.10,74.125.110.42,,,49235,443,0,59,17
1587481775.9935718,10.10.0.10,74.125.110.42,,,49235,443,0,46,17
1587481775.9942222,10.10.0.10,74.125.110.42,,,49235,443,0,46,17
1587481775.99536,10.10.0.10,74.125.110.42,,,49235,443,0,48,17
1587481775.995449,10.10.0.10,74.125.110.42,,,49235,443,0,48,17
1587481775.9956338,10.10.0.10,74.125.110.42,,,49235,443,0,48,17
1587481775.995883,10.10.0.10,74.125.110.42,,,49235,443,0,48,17
1587481776.0076802,74.125.110.42,10.10.0.10,,,443,49235,0,1358,17
1587481776.0186286,74.125.110.42,10.10.0.10,,,443,49235,0,29,17
1587481776.063587,74.125.110.42,10.10.0.10,,,443,49235,0,1358,17
1587481776.095014,10.10.0.10,74.125.110.42,,,49235,443,0,48,17
1587481776.0985632,10.10.0.10,74.125.110.42,,,49235,443,0,37,17
1587481776.1164641,74.125.110.42,10.10.0.10,,,443,49235,0,1358,17
1587481776.172764,74.125.110.42,10.10.0.10,,,443,49235,0,1358,17
1587481776.1754081,10.10.0.10,74.125.110.42,,,49235,443,0,37,17
1587481776.1967092,74.125.110.42,10.10.0.10,,,443,49235,0,1358,17
1587481776.2044,74.125.110.42,10.10.0.10,,,443,49235,0,1358,17
1587481776.2089796,10.10.0.10,74.125.110.42,,,49235,443,0,37,17
1587481776.2415366,74.125.110.42,10.10.0.10,,,443,49235,0,1358,17
1587481776.243438,10.10.0.10,74.125.110.42,,,49235,443,0,40,17
1587481776.278632,74.125.110.42,10.10.0.10,,,443,49235,0,1358,17
1587481776.2809026,10.10.0.10,74.125.110.42,,,49235,443,0,42,17
1587481776.3157866,74.125.110.42,10.10.0.10,,,443,49235,0,1358,17
1587481776.3174222,10.10.0.10,74.125.110.42,,,49235,443,0,42,17
1587481776.352866,74.125.110.42,10.10.0.10,,,443,49235,0,1358,17
1587481776.354799,10.10.0.10,74.125.110.42,,,49235,443,0,42,17
1587481776.390024,74.125.110.42,10.10.0.10,,,443,49235,0,1358,17
1587481776.3919902,10.10.0.10,74.125.110.42,,,49235,443,0,42,17
1587481776.427138,74.125.110.42,10.10.0.10,,,443,49235,0,1358,17
1587481776.464254,74.125.110.42,10.10.0.10,,,443,49235,0,1358,17
1587481776.5013788,74.125.110.42,10.10.0.10,,,443,49235,0,1358,17
1587481776.529896,10.10.0.10,74.125.110.42,,,49235,443,0,42,17
1587481776.5322778,10.10.0.10,74.125.110.42,,,49235,443,0,42,17
1587481776.5384948,74.125.110.42,10.10.0.10,,,443,49235,0,1358,17
1587481776.575618,74.125.110.42,10.10.0.10,,,443,49235,0,1358,17
1587481776.5772922,10.10.0.10,74.125.110.42,,,49235,443,0,44,17
1587481776.6127381,74.125.110.42,10.10.0.10,,,443,49235,0,1358,17
1587481776.6145036,10.10.0.10,74.125.110.42,,,49235,443,0,46,17
1587481776.64986,74.125.110.42,10.10.0.10,,,443,49235,0,1358,17
1587481776.6517308,10.10.0.10,74.125.110.42,,,49235,443,0,59,17
1587481776.6869779,74.125.110.42,10.10.0.10,,,443,49235,0,1358,17
1587481776.6892724,10.10.0.10,74.125.110.42,,,49235,443,0,46,17
1587481776.724096,74.125.110.42,10.10.0.10,,,443,49235,0,1358,17
1587481776.725878,10.10.0.10,74.125.110.42,,,49235,443,0,48,17
1587481776.7612188,74.125.110.42,10.10.0.10,,,443,49235,0,1358,17
1587481776.7630212,10.10.0.10,74.125.110.42,,,49235,443,0,48,17
1587481776.798334,74.125.110.42,10.10.0.10,,,443,49235,0,1358,17
1587481776.800208,10.10.0.10,74.125.110.42,,,49235,443,0,40,17
1587481776.8354578,74.125.110.42,10.10.0.10,,,443,49235,0,1358,17
1587481776.8373306,10.10.0.10,74.125.110.42,,,49235,443,0,40,17
1587481776.8725796,74.125.110.42,10.10.0.10,,,443,49235,0,1358,17
1587481776.909697,74.125.110.42,10.10.0.10,,,443,49235,0,1358,17
1587481776.911579,10.10.0.10,74.125.110.42,,,49235,443,0,40,17
1587481776.9468188,74.125.110.42,10.10.0.10,,,443,49235,0,1358,17
1587481776.9839332,74.125.110.42,10.10.0.10,,,443,49235,0,1358,17
1587481776.996813,10.10.0.10,74.125.110.42,,,49235,443,0,40,17
1587481777.0210578,74.125.110.42,10.10.0.10,,,443,49235,0,1358,17
1587481777.058178,74.125.110.42,10.10.0.10,,,443,49235,0,1358,17
1587481777.089471,10.10.0.10,74.125.110.42,,,49235,443,0,40,17
1587481777.0952976,74.125.110.42,10.10.0.10,,,443,49235,0,1358,17
1587481777.096912,10.10.0.10,74.125.110.42,,,49235,443,0,40,17
1587481777.1368694,74.125.110.42,10.10.0.10,,,443,49235,0,1358,17
1587481777.173974,74.125.110.42,10.10.0.10,,,443,49235,0,1358,17
1587481777.187784,10.10.0.10,74.125.110.42,,,49235,443,0,40,17
1587481777.211041,74.125.110.42,10.10.0.10,,,443,49235,0,1358,17
1587481777.248184,74.125.110.42,10.10.0.10,,,443,49235,0,1358,17
1587481777.256829,10.10.0.10,74.125.110.42,,,49235,443,0,40,17
1587481777.285344,74.125.110.42,10.10.0.10,,,443,49235,0,1358,17
1587481777.3224704,74.125.110.42,10.10.0.10,,,443,49235,0,1358,17
1587481777.324153,10.10.0.10,74.125.110.42,,,49235,443,0,40,17
1587481777.359591,74.125.110.42,10.10.0.10,,,443,49235,0,1358,17
1587481777.3967078,74.125.110.42,10.10.0.10,,,443,49235,0,616,17
1587481777.398515,10.10.0.10,74.125.110.42,,,49235,443,0,40,17
1587481777.4188142,10.10.0.10,74.125.110.42,,,49235,443,0,676,17
1587481777.4188578,10.10.0.10,74.125.110.42,,,49235,443,0,48,17
1587481777.427976,10.10.0.10,173.194.182.102,,,41888,443,0,710,17
1587481777.4294472,10.10.0.10,173.194.182.102,,,41888,443,0,48,17
1587481777.4397502,74.125.110.42,10.10.0.10,,,443,49235,0,115,17
1587481777.43979,74.125.110.42,10.10.0.10,,,443,49235,0,1358,17
1587481777.445013,10.10.0.10,74.125.110.42,,,49235,443,0,37,17
1587481777.459592,74.125.110.42,10.10.0.10,,,443,49235,0,1358,17
1587481777.496721,74.125.110.42,10.10.0.10,,,443,49235,0,1358,17
1587481777.5001721,10.10.0.10,74.125.110.42,,,49235,443,0,37,17
1587481777.5338366,74.125.110.42,10.10.0.10,,,443,49235,0,1358,17
1587481777.5709572,74.125.110.42,10.10.0.10,,,443,49235,0,1358,17
1587481777.596064,10.10.0.10,74.125.110.42,,,49235,443,0,37,17
1587481777.608078,74.125.110.42,10.10.0.10,,,443,49235,0,1358,17
1587481777.61056,10.10.0.10,74.125.110.42,,,49235,443,0,37,17
1587481777.645187,74.125.110.42,10.10.0.10,,,443,49235,0,1358,17
1587481777.682312,173.194.182.102,10.10.0.10,,,443,41888,0,29,17
1587481777.683989,173.194.182.102,10.10.0.10,,,443,41888,0,1358,17
1587481777.704746,10.10.0.10,74.125.110.42,,,49235,443,0,37,17
1587481777.704997,10.10.0.10,173.194.182.102,,,41888,443,0,40,17
1587481777.721112,173.194.182.102,10.10.0.10,,,443,41888,0,108,17
1587481777.722892,10.10.0.10,173.194.182.102,,,41888,443,0,37,17
1587481777.724895,173.194.182.102,10.10.0.10,,,443,41888,0,1358,17
1587481777.762024,173.194.182.102,10.10.0.10,,,443,41888,0,1358,17
1587481777.7640998,10.10.0.10,173.194.182.102,,,41888,443,0,37,17
1587481777.799098,173.194.182.102,10.10.0.10,,,443,41888,0,1358,17
1587481777.8021884,10.10.0.10,173.194.182.102,,,41888,443,0,40,17
1587481777.836257,173.194.182.102,10.10.0.10,,,443,41888,0,1358,17
1587481777.838056,10.10.0.10,173.194.182.102,,,41888,443,0,37,17
1587481777.873378,173.194.182.102,10.10.0.10,,,443,41888,0,1358,17
1587481777.905072,10.10.0.10,173.194.182.102,,,41888,443,0,37,17
1587481777.9104474,173.194.182.102,10.10.0.10,,,443,41888,0,1358,17
1587481777.947616,173.194.182.102,10.10.0.10,,,443,41888,0,1358,17
1587481777.967226,10.10.0.10,173.194.182.102,,,41888,443,0,37,17
1587481777.9847386,173.194.182.102,10.10.0.10,,,443,41888,0,1358,17
1587481778.021859,173.194.182.102,10.10.0.10,,,443,41888,0,1358,17
1587481778.023889,10.10.0.10,173.194.182.102,,,41888,443,0,37,17
1587481778.0589788,74.125.110.42,10.10.0.10,,,443,49235,0,1358,17
1587481778.0607822,10.10.0.10,74.125.110.42,,,49235,443,0,40,17
1587481778.0960991,173.194.182.102,10.10.0.10,,,443,41888,0,1358,17
1587481778.13322,74.125.110.42,10.10.0.10,,,443,49235,0,1358,17
1587481778.135139,10.10.0.10,74.125.110.42,,,49235,443,0,40,17
1587481778.135211,10.10.0.10,173.194.182.102,,,41888,443,0,37,17
1587481778.1703002,173.194.182.102,10.10.0.10,,,443,41888,0,1358,17
1587481778.207447,74.125.110.42,10.10.0.10,,,443,49235,0,1358,17
1587481778.2092009,10.10.0.10,74.125.110.42,,,49235,443,0,40,17
1587481778.209458,10.10.0.10,173.194.182.102,,,41888,443,0,37,17
1587481778.244569,74.125.110.42,10.10.0.10,,,443,49235,0,1358,17
1587481778.2465491,10.10.0.10,74.125.110.42,,,49235,443,0,40,17
1587481778.281703,173.194.182.102,10.10.0.10,,,443,41888,0,1358,17
1587481778.323255,74.125.110.42,10.10.0.10,,,443,49235,0,1358,17
1587481778.325512,10.10.0.10,173.194.182.102,,,41888,443,0,37,17
1587481778.360382,173.194.182.102,10.10.0.10,,,443,41888,0,1358,17
1587481778.3637388,10.10.0.10,74.125.110.42,,,49235,443,0,40,17
1587481778.3974988,74.125.110.42,10.10.0.10,,,443,49235,0,1358,17
1587481778.399367,10.10.0.10,173.194.182.102,,,41888,443,0,37,17
1587481778.43462,173.194.182.102,10.10.0.10,,,443,41888,0,1358,17
1587481778.455937,10.10.0.10,74.125.110.42,,,49235,443,0,40,17
1587481778.4717462,74.125.110.42,10.10.0.10,,,443,49235,0,1358,17
1587481778.4915226,10.10.0.10,173.194.182.102,,,41888,443,0,37,17
1587481778.5020714,10.10.0.10,74.125.110.42,,,49235,443,0,40,17
1587481778.50887,74.125.110.42,10.10.0.10,,,443,49235,0,1358,17
1587481778.5459962,173.194.182.102,10.10.0.10,,,443,41888,0,1358,17
1587481778.5479262,10.10.0.10,74.125.110.42,,,49235,443,0,40,17
1587481778.5825562,10.10.0.10,173.194.182.102,,,41888,443,0,37,17
1587481778.583078,74.125.110.42,10.10.0.10,,,443,49235,0,1358,17
1587481778.6202438,173.194.182.102,10.10.0.10,,,443,41888,0,1358,17
1587481778.622448,10.10.0.10,74.125.110.42,,,49235,443,0,40,17
1587481778.657311,74.125.110.42,10.10.0.10,,,443,49235,0,1358,17
1587481778.659108,10.10.0.10,173.194.182.102,,,41888,443,0,37,17
1587481778.694474,173.194.182.102,10.10.0.10,,,443,41888,0,1358,17
1587481778.697011,10.10.0.10,74.125.110.42,,,49235,443,0,40,17
1587481778.7315981,74.125.110.42,10.10.0.10,,,443,49235,0,1358,17
1587481778.7335398,10.10.0.10,173.194.182.102,,,41888,443,0,37,17
1587481778.768719,74.125.110.42,10.10.0.10,,,443,49235,0,1358,17
1587481778.7871046,10.10.0.10,74.125.110.42,,,49235,443,0,40,17
1587481778.805838,173.194.182.102,10.10.0.10,,,443,41888,0,1358,17
1587481778.8429608,74.125.110.42,10.10.0.10,,,443,49235,0,1358,17
1587481778.8449779,10.10.0.10,173.194.182.102,,,41888,443,0,37,17
1587481778.8800828,173.194.182.102,10.10.0.10,,,443,41888,0,1358,17
1587481778.882831,10.10.0.10,74.125.110.42,,,49235,443,0,40,17
1587481778.917201,74.125.110.42,10.10.0.10,,,443,49235,0,1358,17
1587481778.947575,10.10.0.10,173.194.182.102,,,41888,443,0,37,17
1587481778.9543116,173.194.182.102,10.10.0.10,,,443,41888,0,1358,17
1587481778.991433,74.125.110.42,10.10.0.10,,,443,49235,0,1358,17
1587481778.995826,10.10.0.10,74.125.110.42,,,49235,443,0,40,17
1587481778.996447,10.10.0.10,173.194.182.102,,,41888,443,0,37,17
1587481779.0285509,173.194.182.102,10.10.0.10,,,443,41888,0,1358,17
1587481779.0656269,173.194.182.102,10.10.0.10,,,443,41888,0,1358,17
1587481779.067482,10.10.0.10,173.194.182.102,,,41888,443,0,50,17
1587481779.102792,74.125.110.42,10.10.0.10,,,443,49235,0,1358,17
1587481779.1133158,10.10.0.10,74.125.110.42,,,49235,443,0,42,17
1587481779.1399078,173.194.182.102,10.10.0.10,,,443,41888,0,1358,17
1587481779.176969,74.125.110.42,10.10.0.10,,,443,49235,0,1358,17
1587481779.214144,173.194.182.102,10.10.0.10,,,443,41888,0,1358,17
1587481779.230293,10.10.0.10,74.125.110.42,,,49235,443,0,55,17
1587481779.230335,10.10.0.10,173.194.182.102,,,41888,443,0,37,17
1587481779.25128,173.194.182.102,10.10.0.10,,,443,41888,0,1358,17
1587481779.288358,173.194.182.102,10.10.0.10,,,443,41888,0,1358,17
1587481779.325438,173.194.182.102,10.10.0.10,,,443,41888,0,1358,17
1587481779.3590071,10.10.0.10,173.194.182.102,,,41888,443,0,37,17
1587481779.3602178,10.10.0.10,173.194.182.102,,,41888,443,0,37,17
1587481779.3626199,173.194.182.102,10.10.0.10,,,443,41888,0,1358,17
1587481779.364146,10.10.0.10,173.194.182.102,,,41888,443,0,37,17
1587481779.39975,173.194.182.102,10.10.0.10,,,443,41888,0,1358,17
1587481779.436871,173.194.182.102,10.10.0.10,,,443,41888,0,1358,17
1587481779.4739466,173.194.182.102,10.10.0.10,,,443,41888,0,1358,17
1587481779.475022,10.10.0.10,173.194.182.102,,,41888,443,0,37,17
1587481779.5111132,173.194.182.102,10.10.0.10,,,443,41888,0,1358,17
1587481779.548236,173.194.182.102,10.10.0.10,,,443,41888,0,1358,17
1587481779.585362,173.194.182.102,10.10.0.10,,,443,41888,0,1358,17
1587481779.590067,10.10.0.10,173.194.182.102,,,41888,443,0,37,17
1587481779.5945318,10.10.0.10,173.194.182.102,,,41888,443,0,37,17
1587481779.6224759,74.125.110.42,10.10.0.10,,,443,49235,0,1358,17
1587481779.6595962,173.194.182.102,10.10.0.10,,,443,41888,0,1358,17
1587481779.6967142,74.125.110.42,10.10.0.10,,,443,49235,0,1358,17
1587481779.713941,10.10.0.10,173.194.182.102,,,41888,443,0,37,17
1587481779.713991,10.10.0.10,74.125.110.42,,,49235,443,0,42,17
1587481779.7161136,10.10.0.10,74.125.110.42,,,49235,443,0,42,17
1587481779.733835,173.194.182.102,10.10.0.10,,,443,41888,0,1358,17
1587481779.737314,10.10.0.10,173.194.182.102,,,41888,443,0,37,17
1587481779.770969,74.125.110.42,10.10.0.10,,,443,49235,0,1358,17
1587481779.808076,74.125.110.42,10.10.0.10,,,443,49235,0,1358,17
1587481779.8344762,10.10.0.10,74.125.110.42,,,49235,443,0,42,17
1587481779.8451982,173.194.182.102,10.10.0.10,,,443,41888,0,1358,17
1587481779.882246,74.125.110.42,10.10.0.10,,,443,49235,0,1358,17
1587481779.919432,173.194.182.102,10.10.0.10,,,443,41888,0,1358,17
1587481779.9515634,10.10.0.10,173.194.182.102,,,41888,443,0,37,17
1587481779.956551,173.194.182.102,10.10.0.10,,,443,41888,0,1358,17
1587481779.9583359,10.10.0.10,173.194.182.102,,,41888,443,0,37,17
1587481779.9936864,74.125.110.42,10.10.0.10,,,443,49235,0,1358,17
1587481780.030793,74.125.110.42,10.10.0.10,,,443,49235,0,1358,17
1587481780.0679078,173.194.182.102,10.10.0.10,,,443,41888,0,1358,17
1587481780.071455,10.10.0.10,74.125.110.42,,,49235,443,0,42,17
1587481780.074718,10.10.0.10,74.125.110.42,,,49235,443,0,44,17
1587481780.075883,10.10.0.10,74.125.110.42,,,49235,443,0,44,17
1587481780.105031,74.125.110.42,10.10.0.10,,,443,49235,0,1358,17
1587481780.1421509,173.194.182.102,10.10.0.10,,,443,41888,0,1358,17
1587481780.179271,74.125.110.42,10.10.0.10,,,443,49235,0,1358,17
1587481780.193023,10.10.0.10,173.194.182.102,,,41888,443,0,37,17
1587481780.207173,10.10.0.10,74.125.110.42,,,49235,443,0,44,17
1587481780.208427,10.10.0.10,74.125.110.42,,,49235,443,0,44,17
1587481780.2163162,173.194.182.102,10.10.0.10,,,443,41888,0,1358,17
1587481780.217888,10.10.0.10,173.194.182.102,,,41888,443,0,37,17
1587481780.2534714,74.125.110.42,10.10.0.10,,,443,49235,0,1358,17
1587481780.256093,10.10.0.10,74.125.110.42,,,49235,443,0,46,17
1587481780.290623,173.194.182.102,10.10.0.10,,,443,41888,0,1358,17
1587481780.3277366,74.125.110.42,10.10.0.10,,,443,49235,0,1358,17
1587481780.3311012,10.10.0.10,74.125.110.42,,,49235,443,0,46,17
1587481780.3312418,10.10.0.10,173.194.182.102,,,41888,443,0,37,17
1587481780.364866,173.194.182.102,10.10.0.10,,,443,41888,0,1358,17
1587481780.401986,173.194.182.102,10.10.0.10,,,443,41888,0,1358,17
1587481780.403769,10.10.0.10,173.194.182.102,,,41888,443,0,37,17
1587481780.4391036,74.125.110.42,10.10.0.10,,,443,49235,0,1358,17
1587481780.4412212,10.10.0.10,74.125.110.42,,,49235,443,0,46,17
1587481780.476223,74.125.110.42,10.10.0.10,,,443,49235,0,1358,17
1587481780.4782202,10.10.0.10,74.125.110.42,,,49235,443,0,46,17
1587481780.513351,173.194.182.102,10.10.0.10,,,443,41888,0,29,17
1587481780.5177796,74.125.110.42,10.10.0.10,,,443,49235,0,1358,17
1587481780.5549011,74.125.110.42,10.10.0.10,,,443,49235,0,1358,17
1587481780.5568151,10.10.0.10,74.125.110.42,,,49235,443,0,42,17
1587481780.591984,74.125.110.42,10.10.0.10,,,443,49235,0,1358,17
1587481780.629144,74.125.110.42,10.10.0.10,,,443,49235,0,1358,17
1587481780.630935,10.10.0.10,74.125.110.42,,,49235,443,0,44,17
1587481780.666265,74.125.110.42,10.10.0.10,,,443,49235,0,1358,17
1587481780.6684608,10.10.0.10,74.125.110.42,,,49235,443,0,44,17
1587481780.7033849,74.125.110.42,10.10.0.10,,,443,49235,0,1358,17
1587481780.7052536,10.10.0.10,74.125.110.42,,,49235,443,0,44,17
1587481780.7405038,74.125.110.42,10.10.0.10,,,443,49235,0,1358,17
1587481780.7426682,10.10.0.10,74.125.110.42,,,49235,443,0,46,17
1587481780.777619,74.125.110.42,10.10.0.10,,,443,49235,0,1358,17
1587481780.779378,10.10.0.10,74.125.110.42,,,49235,443,0,46,17
1587481780.814744,74.125.110.42,10.10.0.10,,,443,49235,0,1358,17
1587481780.81757,10.10.0.10,74.125.110.42,,,49235,443,0,46,17
1587481780.8518634,74.125.110.42,10.10.0.10,,,443,49235,0,1358,17
1587481780.853752,10.10.0.10,74.125.110.42,,,49235,443,0,59,17
1587481780.8889751,74.125.110.42,10.10.0.10,,,443,49235,0,1358,17
1587481780.9260929,74.125.110.42,10.10.0.10,,,443,49235,0,1358,17
1587481780.9279554,10.10.0.10,74.125.110.42,,,49235,443,0,46,17
1587481780.9631732,74.125.110.42,10.10.0.10,,,443,49235,0,1358,17
1587481781.000334,173.194.182.102,10.10.0.10,,,443,41888,0,1358,17
1587481781.003103,10.10.0.10,74.125.110.42,,,49235,443,0,46,17
1587481781.037459,74.125.110.42,10.10.0.10,,,443,49235,0,1358,17
1587481781.0392704,10.10.0.10,173.194.182.102,,,41888,443,0,37,17
1587481781.074573,173.194.182.102,10.10.0.10,,,443,41888,0,1358,17
1587481781.076912,10.10.0.10,74.125.110.42,,,49235,443,0,46,17
1587481781.1116989,74.125.110.42,10.10.0.10,,,443,49235,0,1358,17
1587481781.113517,10.10.0.10,173.194.182.102,,,41888,443,0,37,17
1587481781.14882,74.125.110.42,10.10.0.10,,,443,49235,0,1358,17
1587481781.151766,10.10.0.10,74.125.110.42,,,49235,443,0,46,17
1587481781.185937,173.194.182.102,10.10.0.10,,,443,41888,0,1358,17
1587481781.2173386,10.10.0.10,173.194.182.102,,,41888,443,0,37,17
1587481781.222987,74.125.110.42,10.10.0.10,,,443,49235,0,1358,17
1587481781.2601252,173.194.182.102,10.10.0.10,,,443,41888,0,1358,17
1587481781.2623296,10.10.0.10,74.125.110.42,,,49235,443,0,46,17
1587481781.297239,173.194.182.102,10.10.0.10,,,443,41888,0,1358,17
1587481781.298827,10.10.0.10,173.194.182.102,,,41888,443,0,37,17
1587481781.3344052,74.125.110.42,10.10.0.10,,,443,49235,0,1358,17
1587481781.371535,74.125.110.42,10.10.0.10,,,443,49235,0,1358,17
1587481781.373317,10.10.0.10,74.125.110.42,,,49235,443,0,46,17
1587481781.4086552,74.125.110.42,10.10.0.10,,,443,49235,0,1358,17
1587481781.445776,74.125.110.42,10.10.0.10,,,443,49235,0,1358,17
1587481781.4476519,10.10.0.10,74.125.110.42,,,49235,443,0,46,17
1587481781.4828932,74.125.110.42,10.10.0.10,,,443,49235,0,1358,17
1587481781.520016,74.125.110.42,10.10.0.10,,,443,49235,0,1358,17
1587481781.5216372,10.10.0.10,74.125.110.42,,,49235,443,0,46,17
1587481781.557137,74.125.110.42,10.10.0.10,,,443,49235,0,1358,17
1587481781.5942588,74.125.110.42,10.10.0.10,,,443,49235,0,1358,17
1587481781.596267,10.10.0.10,74.125.110.42,,,49235,443,0,46,17
1587481781.631378,74.125.110.42,10.10.0.10,,,443,49235,0,1358,17
1587481781.6684961,74.125.110.42,10.10.0.10,,,443,49235,0,1358,17
1587481781.6709092,10.10.0.10,74.125.110.42,,,49235,443,0,46,17
1587481781.7055821,74.125.110.42,10.10.0.10,,,443,49235,0,1358,17
1587481781.742739,74.125.110.42,10.10.0.10,,,443,49235,0,1358,17
1587481781.7446988,10.10.0.10,74.125.110.42,,,49235,443,0,46,17
1587481781.7798612,74.125.110.42,10.10.0.10,,,443,49235,0,1358,17
1587481781.816985,74.125.110.42,10.10.0.10,,,443,49235,0,1358,17
1587481781.8188338,10.10.0.10,74.125.110.42,,,49235,443,0,46,17
1587481781.8541071,74.125.110.42,10.10.0.10,,,443,49235,0,1358,17
1587481781.8912268,74.125.110.42,10.10.0.10,,,443,49235,0,1358,17
1587481781.893063,10.10.0.10,74.125.110.42,,,49235,443,0,37,17
1587481781.9283464,74.125.110.42,10.10.0.10,,,443,49235,0,1358,17
1587481781.9654682,74.125.110.42,10.10.0.10,,,443,49235,0,1358,17
1587481781.967457,10.10.0.10,74.125.110.42,,,49235,443,0,37,17
1587481782.0025885,173.194.182.102,10.10.0.10,,,443,41888,0,1358,17
1587481782.039648,173.194.182.102,10.10.0.10,,,443,41888,0,1358,17
1587481782.041527,10.10.0.10,173.194.182.102,,,41888,443,0,50,17
1587481782.077903,173.194.182.102,10.10.0.10,,,443,41888,0,1358,17
1587481782.1150699,74.125.110.42,10.10.0.10,,,443,49235,0,1358,17
1587481782.117646,10.10.0.10,173.194.182.102,,,41888,443,0,37,17
1587481782.152175,173.194.182.102,10.10.0.10,,,443,41888,0,1358,17
1587481782.1551,10.10.0.10,74.125.110.42,,,49235,443,0,37,17
1587481782.1881056,10.10.0.10,173.194.182.102,,,41888,443,0,37,17
1587481782.189305,173.194.182.102,10.10.0.10,,,443,41888,0,1358,17
1587481782.2263732,173.194.182.102,10.10.0.10,,,443,41888,0,1358,17
1587481782.228085,10.10.0.10,173.194.182.102,,,41888,443,0,37,17
1587481782.2634716,74.125.110.42,10.10.0.10,,,443,49235,0,1358,17
1587481782.300587,173.194.182.102,10.10.0.10,,,443,41888,0,1358,17
1587481782.302647,10.10.0.10,74.125.110.42,,,49235,443,0,37,17
1587481782.3377109,74.125.110.42,10.10.0.10,,,443,49235,0,1358,17
1587481782.3395321,10.10.0.10,173.194.182.102,,,41888,443,0,37,17
1587481782.3748908,173.194.182.102,10.10.0.10,,,443,41888,0,1358,17
1587481782.3769722,10.10.0.10,74.125.110.42,,,49235,443,0,37,17
1587481782.412025,173.194.182.102,10.10.0.10,,,443,41888,0,1358,17
1587481782.413888,10.10.0.10,173.194.182.102,,,41888,443,0,37,17
1587481782.449144,173.194.182.102,10.10.0.10,,,443,41888,0,1358,17
1587481782.486265,173.194.182.102,10.10.0.10,,,443,41888,0,1358,17
1587481782.48851,10.10.0.10,173.194.182.102,,,41888,443,0,37,17
1587481782.523385,74.125.110.42,10.10.0.10,,,443,49235,0,1358,17
1587481782.560504,173.194.182.102,10.10.0.10,,,443,41888,0,1358,17
1587481782.5623322,10.10.0.10,74.125.110.42,,,49235,443,0,37,17
1587481782.597627,173.194.182.102,10.10.0.10,,,443,41888,0,1358,17
1587481782.599562,10.10.0.10,173.194.182.102,,,41888,443,0,37,17
1587481782.634745,173.194.182.102,10.10.0.10,,,443,41888,0,1358,17
1587481782.670454,10.10.0.10,173.194.182.102,,,41888,443,0,37,17
1587481782.671864,173.194.182.102,10.10.0.10,,,443,41888,0,1358,17
1587481782.708984,173.194.182.102,10.10.0.10,,,443,41888,0,1358,17
1587481782.7108922,10.10.0.10,173.194.182.102,,,41888,443,0,37,17
1587481782.7461069,74.125.110.42,10.10.0.10,,,443,49235,0,1358,17
1587481782.783227,173.194.182.102,10.10.0.10,,,443,41888,0,1358,17
1587481782.786042,10.10.0.10,74.125.110.42,,,49235,443,0,37,17
1587481782.8203402,74.125.110.42,10.10.0.10,,,443,49235,0,1358,17
1587481782.822721,10.10.0.10,173.194.182.102,,,41888,443,0,37,17
1587481782.857458,173.194.182.102,10.10.0.10,,,443,41888,0,1358,17
1587481782.8597848,10.10.0.10,74.125.110.42,,,49235,443,0,50,17
1587481782.894578,173.194.182.102,10.10.0.10,,,443,41888,0,1358,17
1587481782.896443,10.10.0.10,173.194.182.102,,,41888,443,0,37,17
1587481782.9316974,173.194.182.102,10.10.0.10,,,443,41888,0,1358,17
1587481782.968817,74.125.110.42,10.10.0.10,,,443,49235,0,1358,17
1587481782.975033,10.10.0.10,173.194.182.102,,,41888,443,0,37,17
1587481783.0059376,173.194.182.102,10.10.0.10,,,443,41888,0,1358,17
1587481783.008445,10.10.0.10,74.125.110.42,,,49235,443,0,37,17
1587481783.043058,74.125.110.42,10.10.0.10,,,443,49235,0,1358,17
1587481783.045175,10.10.0.10,173.194.182.102,,,41888,443,0,37,17
1587481783.080178,173.194.182.102,10.10.0.10,,,443,41888,0,1358,17
1587481783.082249,10.10.0.10,74.125.110.42,,,49235,443,0,37,17
1587481783.1172931,173.194.182.102,10.10.0.10,,,443,41888,0,1358,17
1587481783.1190612,10.10.0.10,173.194.182.102,,,41888,443,0,37,17
1587481783.154358,74.125.110.42,10.10.0.10,,,443,49235,0,1358,17
1587481783.1915276,173.194.182.102,10.10.0.10,,,443,41888,0,1358,17
1587481783.195399,10.10.0.10,74.125.110.42,,,49235,443,0,37,17
1587481783.2286491,74.125.110.42,10.10.0.10,,,443,49235,0,1358,17
1587481783.2307005,10.10.0.10,173.194.182.102,,,41888,443,0,37,17
1587481783.2657714,173.194.182.102,10.10.0.10,,,443,41888,0,1358,17
1587481783.3028688,173.194.182.102,10.10.0.10,,,443,41888,0,1358,17
1587481783.327806,10.10.0.10,74.125.110.42,,,49235,443,0,37,17
1587481783.330395,10.10.0.10,173.194.182.102,,,41888,443,0,37,17
1587481783.340013,74.125.110.42,10.10.0.10,,,443,49235,0,1358,17
1587481783.377137,173.194.182.102,10.10.0.10,,,443,41888,0,1358,17
1587481783.414258,74.125.110.42,10.10.0.10,,,443,49235,0,1358,17
1587481783.4513798,173.194.182.102,10.10.0.10,,,443,41888,0,1358,17
1587481783.488501,173.194.182.102,10.10.0.10,,,443,41888,0,1358,17
1587481783.525624,173.194.182.102,10.10.0.10,,,443,41888,0,1358,17
1587481783.5627446,74.125.110.42,10.10.0.10,,,443,49235,0,1358,17
1587481783.5732179,10.10.0.10,74.125.110.42,,,49235,443,0,37,17
1587481783.599863,74.125.110.42,10.10.0.10,,,443,49235,0,1358,17
1587481783.6369832,74.125.110.42,10.10.0.10,,,443,49235,0,1358,17
1587481783.6741085,74.125.110.42,10.10.0.10,,,443,49235,0,1358,17
1587481783.711228,74.125.110.42,10.10.0.10,,,443,49235,0,1358,17
1587481783.7483466,74.125.110.42,10.10.0.10,,,443,49235,0,1358,17
1587481783.785465,74.125.110.42,10.10.0.10,,,443,49235,0,1358,17
1587481783.8225882,74.125.110.42,10.10.0.10,,,443,49235,0,1358,17
1587481783.8597028,74.125.110.42,10.10.0.10,,,443,49235,0,1358,17
1587481783.8968186,74.125.110.42,10.10.0.10,,,443,49235,0,1358,17
1587481783.933939,173.194.182.102,10.10.0.10,,,443,41888,0,1358,17
1587481783.971056,173.194.182.102,10.10.0.10,,,443,41888,0,1358,17
1587481784.008179,173.194.182.102,10.10.0.10,,,443,41888,0,1358,17
1587481784.045298,173.194.182.102,10.10.0.10,,,443,41888,0,1358,17
1587481784.082418,173.194.182.102,10.10.0.10,,,443,41888,0,1358,17
1587481784.1195376,173.194.182.102,10.10.0.10,,,443,41888,0,1358,17
1587481784.156658,74.125.110.42,10.10.0.10,,,443,49235,0,1358,17
1587481784.193775,173.194.182.102,10.10.0.10,,,443,41888,0,1358,17
1587481784.230834,173.194.182.102,10.10.0.10,,,443,41888,0,1358,17
1587481784.2680054,173.194.182.102,10.10.0.10,,,443,41888,0,1358,17
1587481784.3050852,173.194.182.102,10.10.0.10,,,443,41888,0,1358,17
1587481784.3422296,173.194.182.102,10.10.0.10,,,443,41888,0,1358,17
1587481784.3793662,173.194.182.102,10.10.0.10,,,443,41888,0,1358,17
1587481784.4164932,173.194.182.102,10.10.0.10,,,443,41888,0,1358,17
1587481784.45361,173.194.182.102,10.10.0.10,,,443,41888,0,1358,17
1587481784.4694364,10.10.0.10,173.194.182.102,,,41888,443,0,43,17
1587481784.48747,10.10.0.10,74.125.110.42,,,49235,443,0,37,17
1587481784.48813,10.10.0.10,74.125.110.42,,,49235,443,0,37,17
1587481784.489599,10.10.0.10,74.125.110.42,,,49235,443,0,37,17
1587481784.490277,10.10.0.10,173.194.182.102,,,41888,443,0,37,17
1587481784.490318,10.10.0.10,173.194.182.102,,,41888,443,0,37,17
1587481784.4907012,74.125.110.42,10.10.0.10,,,443,49235,0,1358,17
1587481784.4922204,10.10.0.10,74.125.110.42,,,49235,443,0,37,17
1587481784.494733,10.10.0.10,74.125.110.42,,,49235,443,0,37,17
1587481784.497562,10.10.0.10,173.194.182.102,,,41888,443,0,37,17
1587481784.499203,10.10.0.10,173.194.182.102,,,41888,443,0,37,17
1587481784.4992428,10.10.0.10,173.194.182.102,,,41888,443,0,43,17
1587481784.500881,10.10.0.10,74.125.110.42,,,49235,443,0,37,17
1587481784.5016284,10.10.0.10,74.125.110.42,,,49235,443,0,40,17
1587481784.501762,10.10.0.10,173.194.182.102,,,41888,443,0,37,17
1587481784.502236,10.10.0.10,173.194.182.102,,,41888,443,0,37,17
1587481784.5025082,10.10.0.10,173.194.182.102,,,41888,443,0,37,17
1587481784.502839,10.10.0.10,173.194.182.102,,,41888,443,0,37,17
1587481784.503184,10.10.0.10,173.194.182.102,,,41888,443,0,37,17
1587481784.527853,173.194.182.102,10.10.0.10,,,443,41888,0,1358,17
1587481784.564977,173.194.182.102,10.10.0.10,,,443,41888,0,1358,17
1587481784.5666618,10.10.0.10,173.194.182.102,,,41888,443,0,37,17
1587481784.566981,10.10.0.10,74.125.110.42,,,49235,443,0,43,17
1587481784.602099,173.194.182.102,10.10.0.10,,,443,41888,0,1358,17
1587481784.639216,173.194.182.102,10.10.0.10,,,443,41888,0,1358,17
1587481784.6409929,10.10.0.10,173.194.182.102,,,41888,443,0,37,17
1587481784.67634,173.194.182.102,10.10.0.10,,,443,41888,0,1358,17
1587481784.7134619,173.194.182.102,10.10.0.10,,,443,41888,0,1358,17
1587481784.7157474,10.10.0.10,173.194.182.102,,,41888,443,0,37,17
1587481784.750582,173.194.182.102,10.10.0.10,,,443,41888,0,1358,17
1587481784.787699,173.194.182.102,10.10.0.10,,,443,41888,0,1358,17
1587481784.789648,10.10.0.10,173.194.182.102,,,41888,443,0,37,17
1587481784.824826,74.125.110.42,10.10.0.10,,,443,49235,0,1358,17
1587481784.8276858,10.10.0.10,74.125.110.42,,,49235,443,0,40,17
1587481784.8619466,173.194.182.102,10.10.0.10,,,443,41888,0,1358,17
1587481784.8990679,173.194.182.102,10.10.0.10,,,443,41888,0,1358,17
1587481784.900916,10.10.0.10,173.194.182.102,,,41888,443,0,37,17
1587481784.9361882,173.194.182.102,10.10.0.10,,,443,41888,0,1358,17
1587481784.967626,10.10.0.10,173.194.182.102,,,41888,443,0,37,17
1587481784.973293,173.194.182.102,10.10.0.10,,,443,41888,0,1358,17
1587481785.010418,173.194.182.102,10.10.0.10,,,443,41888,0,1358,17
1587481785.0129118,10.10.0.10,173.194.182.102,,,41888,443,0,37,17
1587481785.0475366,173.194.182.102,10.10.0.10,,,443,41888,0,1358,17
1587481785.0846589,173.194.182.102,10.10.0.10,,,443,41888,0,1358,17
1587481785.08695,10.10.0.10,173.194.182.102,,,41888,443,0,37,17
1587481785.1217456,173.194.182.102,10.10.0.10,,,443,41888,0,1358,17
1587481785.158839,173.194.182.102,10.10.0.10,,,443,41888,0,1358,17
1587481785.161781,10.10.0.10,173.194.182.102,,,41888,443,0,37,17
1587481785.195981,173.194.182.102,10.10.0.10,,,443,41888,0,1358,17
1587481785.23313,74.125.110.42,10.10.0.10,,,443,49235,0,1358,17
1587481785.2358491,10.10.0.10,74.125.110.42,,,49235,443,0,40,17
1587481785.236191,10.10.0.10,173.194.182.102,,,41888,443,0,37,17
1587481785.270254,173.194.182.102,10.10.0.10,,,443,41888,0,859,17
1587481785.294064,74.125.110.42,10.10.0.10,,,443,49235,0,1358,17
1587481785.2957082,10.10.0.10,74.125.110.42,,,49235,443,0,40,17
1587481785.3311641,74.125.110.42,10.10.0.10,,,443,49235,0,1358,17
1587481785.3330119,10.10.0.10,173.194.182.102,,,41888,443,0,37,17
1587481785.36831,74.125.110.42,10.10.0.10,,,443,49235,0,1358,17
1587481785.369967,10.10.0.10,74.125.110.42,,,49235,443,0,40,17
1587481785.405431,74.125.110.42,10.10.0.10,,,443,49235,0,1358,17
1587481785.4425502,74.125.110.42,10.10.0.10,,,443,49235,0,1358,17
1587481785.444344,10.10.0.10,74.125.110.42,,,49235,443,0,40,17
1587481785.479672,74.125.110.42,10.10.0.10,,,443,49235,0,1358,17
1587481785.516792,173.194.182.102,10.10.0.10,,,443,41888,0,29,17
1587481785.518444,173.194.182.102,10.10.0.10,,,443,41888,0,29,17
1587481785.518474,10.10.0.10,74.125.110.42,,,49235,443,0,40,17
1587481785.5201511,74.125.110.42,10.10.0.10,,,443,49235,0,1358,17
1587481785.557271,74.125.110.42,10.10.0.10,,,443,49235,0,1358,17
1587481785.558887,10.10.0.10,74.125.110.42,,,49235,443,0,40,17
1587481785.5943892,74.125.110.42,10.10.0.10,,,443,49235,0,29,17
1587481785.596074,74.125.110.42,10.10.0.10,,,443,49235,0,1358,17
1587481785.633192,74.125.110.42,10.10.0.10,,,443,49235,0,1358,17
1587481785.635072,10.10.0.10,74.125.110.42,,,49235,443,0,40,17
1587481785.6703134,74.125.110.42,10.10.0.10,,,443,49235,0,1358,17
1587481785.6722429,10.10.0.10,74.125.110.42,,,49235,443,0,40,17
1587481785.7074294,74.125.110.42,10.10.0.10,,,443,49235,0,1358,17
1587481785.7096348,10.10.0.10,74.125.110.42,,,49235,443,0,40,17
1587481785.744549,74.125.110.42,10.10.0.10,,,443,49235,0,1358,17
1587481785.7470179,10.10.0.10,74.125.110.42,,,49235,443,0,40,17
1587481785.781673,74.125.110.42,10.10.0.10,,,443,49235,0,1358,17
1587481785.818801,74.125.110.42,10.10.0.10,,,443,49235,0,1358,17
1587481785.8206658,10.10.0.10,74.125.110.42,,,49235,443,0,40,17
1587481785.8559165,74.125.110.42,10.10.0.10,,,443,49235,0,1358,17
1587481785.8930411,74.125.110.42,10.10.0.10,,,443,49235,0,1358,17
1587481785.894956,10.10.0.10,74.125.110.42,,,49235,443,0,40,17
1587481785.930161,74.125.110.42,10.10.0.10,,,443,49235,0,1358,17
1587481785.932064,10.10.0.10,74.125.110.42,,,49235,443,0,42,17
1587481785.9672804,74.125.110.42,10.10.0.10,,,443,49235,0,590,17
1587481785.969022,10.10.0.10,74.125.110.42,,,49235,443,0,42,17
1587481785.983916,74.125.110.42,10.10.0.10,,,443,49235,0,1358,17
1587481785.9857671,10.10.0.10,74.125.110.42,,,49235,443,0,42,17
1587481786.021036,74.125.110.42,10.10.0.10,,,443,49235,0,1358,17
1587481786.0359802,10.10.0.10,74.125.110.42,,,49235,443,0,42,17
1587481786.058147,74.125.110.42,10.10.0.10,,,443,49235,0,1358,17
1587481786.0752678,10.10.0.10,74.125.110.42,,,49235,443,0,689,17
1587481786.075448,10.10.0.10,74.125.110.42,,,49235,443,0,48,17
1587481786.0820649,10.10.0.10,173.194.182.102,,,41888,443,0,718,17
1587481786.0821252,10.10.0.10,173.194.182.102,,,41888,443,0,48,17
1587481786.0952678,173.194.182.102,10.10.0.10,,,443,41888,0,115,17
1587481786.099248,173.194.182.102,10.10.0.10,,,443,41888,0,1358,17
1587481786.101135,10.10.0.10,173.194.182.102,,,41888,443,0,37,17
1587481786.136376,173.194.182.102,10.10.0.10,,,443,41888,0,1358,17
1587481786.173409,173.194.182.102,10.10.0.10,,,443,41888,0,1358,17
1587481786.175193,10.10.0.10,173.194.182.102,,,41888,443,0,37,17
1587481786.2105439,173.194.182.102,10.10.0.10,,,443,41888,0,1358,17
1587481786.247716,173.194.182.102,10.10.0.10,,,443,41888,0,1358,17
1587481786.249553,10.10.0.10,173.194.182.102,,,41888,443,0,37,17
1587481786.284843,173.194.182.102,10.10.0.10,,,443,41888,0,1358,17
1587481786.321933,173.194.182.102,10.10.0.10,,,443,41888,0,1358,17
1587481786.323663,10.10.0.10,173.194.182.102,,,41888,443,0,37,17
1587481786.35909,173.194.182.102,10.10.0.10,,,443,41888,0,1358,17
1587481786.396208,173.194.182.102,10.10.0.10,,,443,41888,0,1358,17
1587481786.3995366,10.10.0.10,173.194.182.102,,,41888,443,0,37,17
1587481786.433326,173.194.182.102,10.10.0.10,,,443,41888,0,1358,17
1587481786.4704125,74.125.110.42,10.10.0.10,,,443,49235,0,115,17
1587481786.471399,10.10.0.10,173.194.182.102,,,41888,443,0,37,17
1587481786.474415,74.125.110.42,10.10.0.10,,,443,49235,0,1358,17
1587481786.47613,10.10.0.10,74.125.110.42,,,49235,443,0,37,17
1587481786.511538,74.125.110.42,10.10.0.10,,,443,49235,0,1358,17
1587481786.5486536,74.125.110.42,10.10.0.10,,,443,49235,0,1358,17
1587481786.55052,10.10.0.10,74.125.110.42,,,49235,443,0,37,17
1587481786.585778,74.125.110.42,10.10.0.10,,,443,49235,0,1358,17
1587481786.622894,74.125.110.42,10.10.0.10,,,443,49235,0,1358,17
1587481786.62486,10.10.0.10,74.125.110.42,,,49235,443,0,37,17
1587481786.6600294,74.125.110.42,10.10.0.10,,,443,49235,0,1358,17
1587481786.697135,74.125.110.42,10.10.0.10,,,443,49235,0,1358,17
1587481786.6988616,10.10.0.10,74.125.110.42,,,49235,443,0,37,17
1587481786.734259,74.125.110.42,10.10.0.10,,,443,49235,0,1358,17
1587481786.7713768,74.125.110.42,10.10.0.10,,,443,49235,0,1358,17
1587481786.773257,10.10.0.10,74.125.110.42,,,49235,443,0,37,17
1587481786.808432,74.125.110.42,10.10.0.10,,,443,49235,0,1358,17
1587481786.8439438,10.10.0.10,74.125.110.42,,,49235,443,0,37,17
1587481786.845618,173.194.182.102,10.10.0.10,,,443,41888,0,1358,17
1587481786.882738,74.125.110.42,10.10.0.10,,,443,49235,0,1358,17
1587481786.8856962,10.10.0.10,173.194.182.102,,,41888,443,0,37,17
1587481786.919859,173.194.182.102,10.10.0.10,,,443,41888,0,1358,17
1587481786.921967,10.10.0.10,74.125.110.42,,,49235,443,0,37,17
1587481786.9569464,173.194.182.102,10.10.0.10,,,443,41888,0,1358,17
1587481786.958671,10.10.0.10,173.194.182.102,,,41888,443,0,37,17
1587481786.994098,74.125.110.42,10.10.0.10,,,443,49235,0,1358,17
1587481787.0312169,173.194.182.102,10.10.0.10,,,443,41888,0,1358,17
1587481787.033918,10.10.0.10,74.125.110.42,,,49235,443,0,37,17
1587481787.0617151,10.10.0.10,173.194.182.102,,,41888,443,0,37,17
1587481787.0683384,74.125.110.42,10.10.0.10,,,443,49235,0,1358,17
1587481787.105458,173.194.182.102,10.10.0.10,,,443,41888,0,1358,17
1587481787.107898,10.10.0.10,74.125.110.42,,,49235,443,0,37,17
1587481787.142561,173.194.182.102,10.10.0.10,,,443,41888,0,1358,17
1587481787.144808,10.10.0.10,173.194.182.102,,,41888,443,0,37,17
1587481787.179662,74.125.110.42,10.10.0.10,,,443,49235,0,1358,17
1587481787.216812,173.194.182.102,10.10.0.10,,,443,41888,0,1358,17
1587481787.2192614,10.10.0.10,74.125.110.42,,,49235,443,0,37,17
1587481787.253922,173.194.182.102,10.10.0.10,,,443,41888,0,1358,17
1587481787.258035,10.10.0.10,173.194.182.102,,,41888,443,0,37,17
1587481787.291042,74.125.110.42,10.10.0.10,,,443,49235,0,1358,17
1587481787.3281422,173.194.182.102,10.10.0.10,,,443,41888,0,1358,17
1587481787.3303342,10.10.0.10,74.125.110.42,,,49235,443,0,37,17
1587481787.365293,173.194.182.102,10.10.0.10,,,443,41888,0,1358,17
1587481787.4023812,74.125.110.42,10.10.0.10,,,443,49235,0,1358,17
1587481787.422784,10.10.0.10,173.194.182.102,,,41888,443,0,37,17
1587481787.4395351,173.194.182.102,10.10.0.10,,,443,41888,0,1358,17
1587481787.4413679,10.10.0.10,173.194.182.102,,,41888,443,0,37,17
1587481787.476663,173.194.182.102,10.10.0.10,,,443,41888,0,1358,17
1587481787.5137722,74.125.110.42,10.10.0.10,,,443,49235,0,1358,17
1587481787.542784,10.10.0.10,74.125.110.42,,,49235,443,0,37,17
1587481787.5508919,173.194.182.102,10.10.0.10,,,443,41888,0,1358,17
1587481787.5526588,10.10.0.10,173.194.182.102,,,41888,443,0,37,17
1587481787.588015,173.194.182.102,10.10.0.10,,,443,41888,0,1358,17
1587481787.625143,173.194.182.102,10.10.0.10,,,443,41888,0,1358,17
1587481787.662189,173.194.182.102,10.10.0.10,,,443,41888,0,1358,17
1587481787.662879,10.10.0.10,74.125.110.42,,,49235,443,0,37,17
1587481787.666109,10.10.0.10,173.194.182.102,,,41888,443,0,37,17
1587481787.6993902,173.194.182.102,10.10.0.10,,,443,41888,0,1358,17
1587481787.7365036,173.194.182.102,10.10.0.10,,,443,41888,0,1358,17
1587481787.773622,173.194.182.102,10.10.0.10,,,443,41888,0,1358,17
1587481787.781484,10.10.0.10,173.194.182.102,,,41888,443,0,37,17
1587481787.786768,10.10.0.10,173.194.182.102,,,41888,443,0,37,17
1587481787.8107116,173.194.182.102,10.10.0.10,,,443,41888,0,1358,17
1587481787.8478682,173.194.182.102,10.10.0.10,,,443,41888,0,1358,17
1587481787.8849866,173.194.182.102,10.10.0.10,,,443,41888,0,1358,17
1587481787.9027581,10.10.0.10,173.194.182.102,,,41888,443,0,37,17
1587481787.905941,10.10.0.10,173.194.182.102,,,41888,443,0,37,17
1587481787.9220722,74.125.110.42,10.10.0.10,,,443,49235,0,1358,17
1587481787.959218,74.125.110.42,10.10.0.10,,,443,49235,0,1358,17
1587481787.9963384,74.125.110.42,10.10.0.10,,,443,49235,0,1358,17
1587481788.033458,74.125.110.42,10.10.0.10,,,443,49235,0,1358,17
1587481788.0705788,74.125.110.42,10.10.0.10,,,443,49235,0,1358,17
1587481788.107699,74.125.110.42,10.10.0.10,,,443,49235,0,1358,17
1587481788.144814,74.125.110.42,10.10.0.10,,,443,49235,0,1358,17
1587481788.148186,10.10.0.10,173.194.182.102,,,41888,443,0,50,17
1587481788.181905,74.125.110.42,10.10.0.10,,,443,49235,0,1358,17
1587481788.219048,74.125.110.42,10.10.0.10,,,443,49235,0,1358,17
1587481788.2561052,74.125.110.42,10.10.0.10,,,443,49235,0,1358,17
1587481788.293226,74.125.110.42,10.10.0.10,,,443,49235,0,1358,17
1587481788.334861,173.194.182.102,10.10.0.10,,,443,41888,0,1358,17
1587481788.370557,10.10.0.10,74.125.110.42,,,49235,443,0,37,17
1587481788.37199,74.125.110.42,10.10.0.10,,,443,49235,0,1358,17
1587481788.3720765,10.10.0.10,74.125.110.42,,,49235,443,0,37,17
1587481788.3728151,10.10.0.10,74.125.110.42,,,49235,443,0,37,17
1587481788.374514,10.10.0.10,74.125.110.42,,,49235,443,0,37,17
1587481788.374557,10.10.0.10,74.125.110.42,,,49235,443,0,40,17
1587481788.3750598,10.10.0.10,74.125.110.42,,,49235,443,0,40,17
1587481788.375783,10.10.0.10,74.125.110.42,,,49235,443,0,53,17
1587481788.378577,10.10.0.10,74.125.110.42,,,49235,443,0,40,17
1587481788.409112,173.194.182.102,10.10.0.10,,,443,41888,0,1358,17
1587481788.446232,74.125.110.42,10.10.0.10,,,443,49235,0,1358,17
1587481788.473711,10.10.0.10,173.194.182.102,,,41888,443,0,37,17
1587481788.475991,10.10.0.10,74.125.110.42,,,49235,443,0,42,17
1587481788.48335,173.194.182.102,10.10.0.10,,,443,41888,0,1358,17
1587481788.485075,10.10.0.10,173.194.182.102,,,41888,443,0,37,17
1587481788.5204694,74.125.110.42,10.10.0.10,,,443,49235,0,1358,17
1587481788.557591,74.125.110.42,10.10.0.10,,,443,49235,0,1358,17
1587481788.563556,10.10.0.10,74.125.110.42,,,49235,443,0,42,17
1587481788.563616,10.10.0.10,74.125.110.42,,,49235,443,0,42,17
1587481788.5946918,173.194.182.102,10.10.0.10,,,443,41888,0,1358,17
1587481788.6318321,74.125.110.42,10.10.0.10,,,443,49235,0,1358,17
1587481788.633591,10.10.0.10,74.125.110.42,,,49235,443,0,42,17
1587481788.6338508,10.10.0.10,173.194.182.102,,,41888,443,0,37,17
1587481788.6689491,74.125.110.42,10.10.0.10,,,443,49235,0,1358,17
1587481788.6989012,10.10.0.10,74.125.110.42,,,49235,443,0,42,17
1587481788.706074,74.125.110.42,10.10.0.10,,,443,49235,0,1358,17
1587481788.743192,173.194.182.102,10.10.0.10,,,443,41888,0,1358,17
1587481788.7453241,10.10.0.10,74.125.110.42,,,49235,443,0,42,17
1587481788.7803106,173.194.182.102,10.10.0.10,,,443,41888,0,1358,17
1587481788.7822132,10.10.0.10,173.194.182.102,,,41888,443,0,37,17
1587481788.8174362,74.125.110.42,10.10.0.10,,,443,49235,0,1358,17
1587481788.854556,74.125.110.42,10.10.0.10,,,443,49235,0,1358,17
1587481788.8565,10.10.0.10,74.125.110.42,,,49235,443,0,42,17
1587481788.896134,173.194.182.102,10.10.0.10,,,443,41888,0,1358,17
1587481788.925296,10.10.0.10,173.194.182.102,,,41888,443,0,37,17
1587481788.9332528,74.125.110.42,10.10.0.10,,,443,49235,0,1358,17
1587481788.935086,10.10.0.10,74.125.110.42,,,49235,443,0,44,17
1587481788.9703689,173.194.182.102,10.10.0.10,,,443,41888,0,1358,17
1587481789.007489,74.125.110.42,10.10.0.10,,,443,49235,0,1358,17
1587481789.009249,10.10.0.10,74.125.110.42,,,49235,443,0,44,17
1587481789.0094519,10.10.0.10,173.194.182.102,,,41888,443,0,37,17
1587481789.044614,74.125.110.42,10.10.0.10,,,443,49235,0,1358,17
1587481789.0465438,10.10.0.10,74.125.110.42,,,49235,443,0,44,17
1587481789.0817342,74.125.110.42,10.10.0.10,,,443,49235,0,1358,17
1587481789.083562,10.10.0.10,74.125.110.42,,,49235,443,0,44,17
1587481789.1188538,74.125.110.42,10.10.0.10,,,443,49235,0,1358,17
1587481789.154278,10.10.0.10,74.125.110.42,,,49235,443,0,44,17
1587481789.155974,173.194.182.102,10.10.0.10,,,443,41888,0,1358,17
1587481789.193094,74.125.110.42,10.10.0.10,,,443,49235,0,1358,17
1587481789.195328,10.10.0.10,173.194.182.102,,,41888,443,0,37,17
1587481789.230187,173.194.182.102,10.10.0.10,,,443,41888,0,1358,17
1587481789.2408614,10.10.0.10,74.125.110.42,,,49235,443,0,44,17
1587481789.2673204,173.194.182.102,10.10.0.10,,,443,41888,0,1358,17
1587481789.268806,10.10.0.10,173.194.182.102,,,41888,443,0,37,17
1587481789.3044071,74.125.110.42,10.10.0.10,,,443,49235,0,1358,17
1587481789.3459911,173.194.182.102,10.10.0.10,,,443,41888,0,1358,17
1587481789.3481548,10.10.0.10,74.125.110.42,,,49235,443,0,44,17
1587481789.383142,74.125.110.42,10.10.0.10,,,443,49235,0,1358,17
1587481789.3851972,10.10.0.10,173.194.182.102,,,41888,443,0,37,17
1587481789.420265,173.194.182.102,10.10.0.10,,,443,41888,0,1358,17
1587481789.4233232,10.10.0.10,74.125.110.42,,,49235,443,0,44,17
1587481789.4573796,74.125.110.42,10.10.0.10,,,443,49235,0,1358,17
1587481789.4606595,10.10.0.10,173.194.182.102,,,41888,443,0,37,17
1587481789.494502,173.194.182.102,10.10.0.10,,,443,41888,0,1358,17
1587481789.4974089,10.10.0.10,74.125.110.42,,,49235,443,0,44,17
1587481789.531628,74.125.110.42,10.10.0.10,,,443,49235,0,1358,17
1587481789.533474,10.10.0.10,173.194.182.102,,,41888,443,0,37,17
1587481789.5687482,173.194.182.102,10.10.0.10,,,443,41888,0,1358,17
1587481789.5707252,10.10.0.10,74.125.110.42,,,49235,443,0,44,17
1587481789.605863,74.125.110.42,10.10.0.10,,,443,49235,0,1358,17
1587481789.6083891,10.10.0.10,173.194.182.102,,,41888,443,0,37,17
1587481789.6430132,173.194.182.102,10.10.0.10,,,443,41888,0,1358,17
1587481789.646352,10.10.0.10,74.125.110.42,,,49235,443,0,44,17
1587481789.680108,173.194.182.102,10.10.0.10,,,443,41888,0,1358,17
1587481789.682085,10.10.0.10,173.194.182.102,,,41888,443,0,37,17
1587481789.7172296,173.194.182.102,10.10.0.10,,,443,41888,0,1358,17
1587481789.7543485,173.194.182.102,10.10.0.10,,,443,41888,0,1358,17
1587481789.7564108,10.10.0.10,173.194.182.102,,,41888,443,0,37,17
1587481789.791467,173.194.182.102,10.10.0.10,,,443,41888,0,1358,17
1587481789.828584,173.194.182.102,10.10.0.10,,,443,41888,0,1358,17
1587481789.8312442,10.10.0.10,173.194.182.102,,,41888,443,0,37,17
1587481789.8656929,173.194.182.102,10.10.0.10,,,443,41888,0,1358,17
1587481789.9028132,74.125.110.42,10.10.0.10,,,443,49235,0,1358,17
1587481789.9045286,10.10.0.10,173.194.182.102,,,41888,443,0,37,17
1587481789.9399376,74.125.110.42,10.10.0.10,,,443,49235,0,29,17
1587481789.941423,10.10.0.10,74.125.110.42,,,49235,443,0,55,17
1587481789.9415991,74.125.110.42,10.10.0.10,,,443,49235,0,1358,17
1587481789.978742,74.125.110.42,10.10.0.10,,,443,49235,0,1358,17
1587481789.9804866,10.10.0.10,74.125.110.42,,,49235,443,0,42,17
1587481790.0158598,173.194.182.102,10.10.0.10,,,443,41888,0,1358,17
1587481790.052974,74.125.110.42,10.10.0.10,,,443,49235,0,1358,17
1587481790.0554302,10.10.0.10,173.194.182.102,,,41888,443,0,37,17
1587481790.081318,10.10.0.10,74.125.110.42,,,49235,443,0,42,17
1587481790.0900989,173.194.182.102,10.10.0.10,,,443,41888,0,1358,17
1587481790.1224694,10.10.0.10,173.194.182.102,,,41888,443,0,37,17
1587481790.127213,173.194.182.102,10.10.0.10,,,443,41888,0,1358,17
1587481790.1662009,74.125.110.42,10.10.0.10,,,443,49235,0,1358,17
1587481790.1683009,10.10.0.10,173.194.182.102,,,41888,443,0,37,17
1587481790.203272,74.125.110.42,10.10.0.10,,,443,49235,0,1358,17
1587481790.205742,10.10.0.10,74.125.110.42,,,49235,443,0,42,17
1587481790.24043,173.194.182.102,10.10.0.10,,,443,41888,0,1358,17
1587481790.2775068,74.125.110.42,10.10.0.10,,,443,49235,0,1358,17
1587481790.279137,10.10.0.10,173.194.182.102,,,41888,443,0,50,17
1587481790.314632,74.125.110.42,10.10.0.10,,,443,49235,0,1358,17
1587481790.3163679,10.10.0.10,74.125.110.42,,,49235,443,0,42,17
1587481790.351788,74.125.110.42,10.10.0.10,,,443,49235,0,1358,17
1587481790.3889158,173.194.182.102,10.10.0.10,,,443,41888,0,1358,17
1587481790.3910446,10.10.0.10,74.125.110.42,,,49235,443,0,42,17
1587481790.4260054,173.194.182.102,10.10.0.10,,,443,41888,0,1358,17
1587481790.427986,10.10.0.10,173.194.182.102,,,41888,443,0,37,17
1587481790.463153,74.125.110.42,10.10.0.10,,,443,49235,0,1358,17
1587481790.5002818,173.194.182.102,10.10.0.10,,,443,41888,0,1358,17
1587481790.5022528,10.10.0.10,74.125.110.42,,,49235,443,0,42,17
1587481790.537405,74.125.110.42,10.10.0.10,,,443,49235,0,1358,17
1587481790.539192,10.10.0.10,173.194.182.102,,,41888,443,0,37,17
1587481790.5745332,74.125.110.42,10.10.0.10,,,443,49235,0,1358,17
1587481790.576319,10.10.0.10,74.125.110.42,,,49235,443,0,42,17
1587481790.611649,173.194.182.102,10.10.0.10,,,443,41888,0,1358,17
1587481790.648768,74.125.110.42,10.10.0.10,,,443,49235,0,1358,17
1587481790.651753,10.10.0.10,173.194.182.102,,,41888,443,0,37,17
1587481790.68589,74.125.110.42,10.10.0.10,,,443,49235,0,1358,17
1587481790.6878202,10.10.0.10,74.125.110.42,,,49235,443,0,42,17
1587481790.7230089,74.125.110.42,10.10.0.10,,,443,49235,0,1358,17
1587481790.7600908,173.194.182.102,10.10.0.10,,,443,41888,0,1358,17
1587481790.7622569,10.10.0.10,74.125.110.42,,,49235,443,0,42,17
1587481790.797246,74.125.110.42,10.10.0.10,,,443,49235,0,1358,17
1587481790.799364,10.10.0.10,173.194.182.102,,,41888,443,0,37,17
1587481790.8343732,173.194.182.102,10.10.0.10,,,443,41888,0,1358,17
1587481790.8366115,10.10.0.10,74.125.110.42,,,49235,443,0,42,17
1587481790.871494,173.194.182.102,10.10.0.10,,,443,41888,0,1358,17
1587481790.874741,10.10.0.10,173.194.182.102,,,41888,443,0,37,17
1587481790.9086099,74.125.110.42,10.10.0.10,,,443,49235,0,1358,17
1587481790.912121,10.10.0.10,74.125.110.42,,,49235,443,0,44,17
1587481790.945729,173.194.182.102,10.10.0.10,,,443,41888,0,1358,17
1587481790.982854,74.125.110.42,10.10.0.10,,,443,49235,0,1358,17
1587481790.98463,10.10.0.10,74.125.110.42,,,49235,443,0,44,17
1587481790.985301,10.10.0.10,173.194.182.102,,,41888,443,0,37,17
1587481791.01997,173.194.182.102,10.10.0.10,,,443,41888,0,1358,17
1587481791.056056,10.10.0.10,173.194.182.102,,,41888,443,0,37,17
1587481791.0570312,74.125.110.42,10.10.0.10,,,443,49235,0,1358,17
1587481791.0585752,10.10.0.10,74.125.110.42,,,49235,443,0,44,17
1587481791.094216,173.194.182.102,10.10.0.10,,,443,41888,0,1358,17
1587481791.131266,74.125.110.42,10.10.0.10,,,443,49235,0,1358,17
1587481791.1585276,10.10.0.10,74.125.110.42,,,49235,443,0,44,17
1587481791.158552,10.10.0.10,173.194.182.102,,,41888,443,0,37,17
1587481791.168376,173.194.182.102,10.10.0.10,,,443,41888,0,1358,17
1587481791.202583,10.10.0.10,173.194.182.102,,,41888,443,0,37,17
1587481791.205496,74.125.110.42,10.10.0.10,,,443,49235,0,1358,17
1587481791.2426689,173.194.182.102,10.10.0.10,,,443,41888,0,1358,17
1587481791.2448974,10.10.0.10,74.125.110.42,,,49235,443,0,44,17
1587481791.279791,173.194.182.102,10.10.0.10,,,443,41888,0,1358,17
1587481791.2831078,10.10.0.10,173.194.182.102,,,41888,443,0,37,17
1587481791.316889,173.194.182.102,10.10.0.10,,,443,41888,0,1358,17
1587481791.351932,10.10.0.10,173.194.182.102,,,41888,443,0,37,17
1587481791.354031,173.194.182.102,10.10.0.10,,,443,41888,0,1358,17
1587481791.391156,173.194.182.102,10.10.0.10,,,443,41888,0,1358,17
1587481791.3952339,10.10.0.10,173.194.182.102,,,41888,443,0,37,17
1587481791.4282758,173.194.182.102,10.10.0.10,,,443,41888,0,1358,17
1587481791.465385,173.194.182.102,10.10.0.10,,,443,41888,0,1358,17
1587481791.502526,74.125.110.42,10.10.0.10,,,443,49235,0,1358,17
1587481791.519058,10.10.0.10,173.194.182.102,,,41888,443,0,37,17
1587481791.539647,74.125.110.42,10.10.0.10,,,443,49235,0,1358,17
1587481791.5414536,10.10.0.10,74.125.110.42,,,49235,443,0,40,17
1587481791.576766,74.125.110.42,10.10.0.10,,,443,49235,0,1358,17
1587481791.6138852,173.194.182.102,10.10.0.10,,,443,41888,0,1358,17
1587481791.638954,10.10.0.10,173.194.182.102,,,41888,443,0,37,17
1587481791.651008,74.125.110.42,10.10.0.10,,,443,49235,0,1358,17
1587481791.6528828,10.10.0.10,74.125.110.42,,,49235,443,0,40,17
1587481791.6881301,173.194.182.102,10.10.0.10,,,443,41888,0,1358,17
1587481791.72525,173.194.182.102,10.10.0.10,,,443,41888,0,1358,17
1587481791.758904,10.10.0.10,173.194.182.102,,,41888,443,0,37,17
1587481791.7623742,74.125.110.42,10.10.0.10,,,443,49235,0,1358,17
1587481791.7681868,10.10.0.10,173.194.182.102,,,41888,443,0,37,17
1587481791.768558,10.10.0.10,74.125.110.42,,,49235,443,0,42,17
1587481791.799494,74.125.110.42,10.10.0.10,,,443,49235,0,1358,17
1587481791.8366141,173.194.182.102,10.10.0.10,,,443,41888,0,1358,17
1587481791.8737302,74.125.110.42,10.10.0.10,,,443,49235,0,1358,17
1587481791.8827126,10.10.0.10,74.125.110.42,,,49235,443,0,44,17
1587481791.883438,10.10.0.10,74.125.110.42,,,49235,443,0,57,17
1587481791.9108498,74.125.110.42,10.10.0.10,,,443,49235,0,1358,17
1587481791.947974,74.125.110.42,10.10.0.10,,,443,49235,0,1358,17
1587481791.9850938,173.194.182.102,10.10.0.10,,,443,41888,0,1358,17
1587481791.9990685,10.10.0.10,173.194.182.102,,,41888,443,0,37,17
1587481792.001322,10.10.0.10,74.125.110.42,,,49235,443,0,44,17
1587481792.002511,10.10.0.10,74.125.110.42,,,49235,443,0,44,17
1587481792.022137,74.125.110.42,10.10.0.10,,,443,49235,0,1358,17
1587481792.05932,173.194.182.102,10.10.0.10,,,443,41888,0,1358,17
1587481792.0964394,74.125.110.42,10.10.0.10,,,443,49235,0,1358,17
1587481792.117651,10.10.0.10,173.194.182.102,,,41888,443,0,37,17
1587481792.1177082,10.10.0.10,74.125.110.42,,,49235,443,0,44,17
1587481792.133553,74.125.110.42,10.10.0.10,,,443,49235,0,1358,17
1587481792.135365,10.10.0.10,74.125.110.42,,,49235,443,0,44,17
1587481792.170671,173.194.182.102,10.10.0.10,,,443,41888,0,1358,17
1587481792.207807,74.125.110.42,10.10.0.10,,,443,49235,0,1358,17
1587481792.239032,10.10.0.10,173.194.182.102,,,41888,443,0,37,17
1587481792.241819,10.10.0.10,74.125.110.42,,,49235,443,0,46,17
1587481792.24492,173.194.182.102,10.10.0.10,,,443,41888,0,1358,17
1587481792.246592,10.10.0.10,173.194.182.102,,,41888,443,0,50,17
1587481792.282046,74.125.110.42,10.10.0.10,,,443,49235,0,1358,17
1587481792.3191214,74.125.110.42,10.10.0.10,,,443,49235,0,1358,17
1587481792.356286,74.125.110.42,10.10.0.10,,,443,49235,0,1358,17
1587481792.3610039,10.10.0.10,74.125.110.42,,,49235,443,0,46,17
1587481792.362208,10.10.0.10,74.125.110.42,,,49235,443,0,46,17
1587481792.362475,10.10.0.10,74.125.110.42,,,49235,443,0,46,17
1587481792.393407,74.125.110.42,10.10.0.10,,,443,49235,0,1358,17
1587481792.430536,173.194.182.102,10.10.0.10,,,443,41888,0,1358,17
1587481792.467651,74.125.110.42,10.10.0.10,,,443,49235,0,1358,17
1587481792.480958,10.10.0.10,74.125.110.42,,,49235,443,0,46,17
1587481792.5047698,74.125.110.42,10.10.0.10,,,443,49235,0,1358,17
1587481792.5069392,10.10.0.10,173.194.182.102,,,41888,443,0,37,17
1587481792.5418944,173.194.182.102,10.10.0.10,,,443,41888,0,1358,17
1587481792.543918,10.10.0.10,74.125.110.42,,,49235,443,0,46,17
1587481792.579014,173.194.182.102,10.10.0.10,,,443,41888,0,1358,17
1587481792.58083,10.10.0.10,173.194.182.102,,,41888,443,0,37,17
1587481792.6160884,74.125.110.42,10.10.0.10,,,443,49235,0,1358,17
1587481792.65325,74.125.110.42,10.10.0.10,,,443,49235,0,1358,17
1587481792.655099,10.10.0.10,74.125.110.42,,,49235,443,0,46,17
1587481792.690375,173.194.182.102,10.10.0.10,,,443,41888,0,1358,17
1587481792.7274964,74.125.110.42,10.10.0.10,,,443,49235,0,1358,17
1587481792.729352,10.10.0.10,173.194.182.102,,,41888,443,0,37,17
1587481792.764615,74.125.110.42,10.10.0.10,,,443,49235,0,1358,17
1587481792.766374,10.10.0.10,74.125.110.42,,,49235,443,0,46,17
1587481792.8017304,173.194.182.102,10.10.0.10,,,443,41888,0,1358,17
1587481792.8361788,10.10.0.10,173.194.182.102,,,41888,443,0,37,17
1587481792.838844,74.125.110.42,10.10.0.10,,,443,49235,0,1358,17
1587481792.875966,173.194.182.102,10.10.0.10,,,443,41888,0,1358,17
1587481792.876948,10.10.0.10,74.125.110.42,,,49235,443,0,46,17
1587481792.910222,10.10.0.10,173.194.182.102,,,41888,443,0,37,17
1587481792.91308,74.125.110.42,10.10.0.10,,,443,49235,0,1358,17
1587481792.950204,173.194.182.102,10.10.0.10,,,443,41888,0,1358,17
1587481792.9526188,10.10.0.10,74.125.110.42,,,49235,443,0,46,17
1587481792.98732,74.125.110.42,10.10.0.10,,,443,49235,0,1358,17
1587481792.9902241,10.10.0.10,173.194.182.102,,,41888,443,0,37,17
1587481793.024442,173.194.182.102,10.10.0.10,,,443,41888,0,1358,17
1587481793.0282118,10.10.0.10,74.125.110.42,,,49235,443,0,46,17
1587481793.0615652,173.194.182.102,10.10.0.10,,,443,41888,0,1358,17
1587481793.06424,10.10.0.10,173.194.182.102,,,41888,443,0,37,17
1587481793.098708,173.194.182.102,10.10.0.10,,,443,41888,0,1358,17
1587481793.1358044,173.194.182.102,10.10.0.10,,,443,41888,0,1358,17
1587481793.1385698,10.10.0.10,173.194.182.102,,,41888,443,0,37,17
1587481793.1729212,173.194.182.102,10.10.0.10,,,443,41888,0,1358,17
1587481793.210026,173.194.182.102,10.10.0.10,,,443,41888,0,1358,17
1587481793.212382,10.10.0.10,173.194.182.102,,,41888,443,0,37,17
1587481793.247097,74.125.110.42,10.10.0.10,,,443,49235,0,1358,17
1587481793.284216,74.125.110.42,10.10.0.10,,,443,49235,0,1358,17
1587481793.2861226,10.10.0.10,74.125.110.42,,,49235,443,0,46,17
1587481793.321398,173.194.182.102,10.10.0.10,,,443,41888,0,1358,17
1587481793.358521,74.125.110.42,10.10.0.10,,,443,49235,0,1358,17
1587481793.3605466,10.10.0.10,173.194.182.102,,,41888,443,0,37,17
1587481793.395647,74.125.110.42,10.10.0.10,,,443,49235,0,1358,17
1587481793.397838,10.10.0.10,74.125.110.42,,,49235,443,0,46,17
1587481793.432769,173.194.182.102,10.10.0.10,,,443,41888,0,1358,17
1587481793.4698858,173.194.182.102,10.10.0.10,,,443,41888,0,1358,17
1587481793.472719,10.10.0.10,173.194.182.102,,,41888,443,0,37,17
1587481793.507013,74.125.110.42,10.10.0.10,,,443,49235,0,1358,17
1587481793.5441349,173.194.182.102,10.10.0.10,,,443,41888,0,1358,17
1587481793.5464542,10.10.0.10,74.125.110.42,,,49235,443,0,46,17
1587481793.581255,74.125.110.42,10.10.0.10,,,443,49235,0,1358,17
1587481793.585422,10.10.0.10,173.194.182.102,,,41888,443,0,37,17
1587481793.6183698,74.125.110.42,10.10.0.10,,,443,49235,0,29,17
1587481793.620051,74.125.110.42,10.10.0.10,,,443,49235,0,1358,17
1587481793.6212852,10.10.0.10,74.125.110.42,,,49235,443,0,40,17
1587481793.657164,173.194.182.102,10.10.0.10,,,443,41888,0,1358,17
1587481793.6593628,10.10.0.10,74.125.110.42,,,49235,443,0,53,17
1587481793.6942859,74.125.110.42,10.10.0.10,,,443,49235,0,1358,17
1587481793.697079,10.10.0.10,173.194.182.102,,,41888,443,0,37,17
1587481793.731406,74.125.110.42,10.10.0.10,,,443,49235,0,1358,17
1587481793.733279,10.10.0.10,74.125.110.42,,,49235,443,0,40,17
1587481793.7685251,173.194.182.102,10.10.0.10,,,443,41888,0,1358,17
1587481793.8056445,74.125.110.42,10.10.0.10,,,443,49235,0,1358,17
1587481793.8073616,10.10.0.10,74.125.110.42,,,49235,443,0,42,17
1587481793.8074362,10.10.0.10,173.194.182.102,,,41888,443,0,37,17
1587481793.8427641,173.194.182.102,10.10.0.10,,,443,41888,0,1358,17
1587481793.8798866,173.194.182.102,10.10.0.10,,,443,41888,0,29,17
1587481793.8814852,10.10.0.10,173.194.182.102,,,41888,443,0,37,17
1587481793.8815331,74.125.110.42,10.10.0.10,,,443,49235,0,1358,17
1587481793.8832119,10.10.0.10,74.125.110.42,,,49235,443,0,44,17
1587481793.9186852,173.194.182.102,10.10.0.10,,,443,41888,0,1358,17
1587481793.9504454,10.10.0.10,173.194.182.102,,,41888,443,0,37,17
1587481793.9558,173.194.182.102,10.10.0.10,,,443,41888,0,1358,17
1587481793.9929216,74.125.110.42,10.10.0.10,,,443,49235,0,1358,17
1587481793.995552,10.10.0.10,74.125.110.42,,,49235,443,0,44,17
1587481793.9957778,10.10.0.10,173.194.182.102,,,41888,443,0,37,17
1587481794.030043,74.125.110.42,10.10.0.10,,,443,49235,0,1358,17
1587481794.0319011,10.10.0.10,74.125.110.42,,,49235,443,0,44,17
1587481794.0671651,74.125.110.42,10.10.0.10,,,443,49235,0,1358,17
1587481794.0693116,10.10.0.10,74.125.110.42,,,49235,443,0,44,17
1587481794.10428,74.125.110.42,10.10.0.10,,,443,49235,0,1358,17
1587481794.141405,173.194.182.102,10.10.0.10,,,443,41888,0,1358,17
1587481794.145419,10.10.0.10,74.125.110.42,,,49235,443,0,44,17
1587481794.1785092,74.125.110.42,10.10.0.10,,,443,49235,0,1358,17
1587481794.1805592,10.10.0.10,173.194.182.102,,,41888,443,0,37,17
1587481794.2156384,74.125.110.42,10.10.0.10,,,443,49235,0,1358,17
1587481794.217546,10.10.0.10,74.125.110.42,,,49235,443,0,44,17
1587481794.252719,173.194.182.102,10.10.0.10,,,443,41888,0,1358,17
1587481794.289871,173.194.182.102,10.10.0.10,,,443,41888,0,1358,17
1587481794.291624,10.10.0.10,173.194.182.102,,,41888,443,0,37,17
1587481794.327,74.125.110.42,10.10.0.10,,,443,49235,0,1358,17
1587481794.364125,74.125.110.42,10.10.0.10,,,443,49235,0,1358,17
1587481794.36601,10.10.0.10,74.125.110.42,,,49235,443,0,44,17
1587481794.401241,173.194.182.102,10.10.0.10,,,443,41888,0,1358,17
1587481794.438362,74.125.110.42,10.10.0.10,,,443,49235,0,1358,17
1587481794.4414532,10.10.0.10,173.194.182.102,,,41888,443,0,50,17
1587481794.4754179,173.194.182.102,10.10.0.10,,,443,41888,0,1358,17
1587481794.477259,10.10.0.10,74.125.110.42,,,49235,443,0,44,17
1587481794.508095,10.10.0.10,173.194.182.102,,,41888,443,0,37,17
1587481794.512611,74.125.110.42,10.10.0.10,,,443,49235,0,1358,17
1587481794.5508509,74.125.110.42,10.10.0.10,,,443,49235,0,1358,17
1587481794.5569315,10.10.0.10,74.125.110.42,,,49235,443,0,44,17
1587481794.587913,173.194.182.102,10.10.0.10,,,443,41888,0,1358,17
1587481794.6250908,74.125.110.42,10.10.0.10,,,443,49235,0,321,17
1587481794.626803,10.10.0.10,173.194.182.102,,,41888,443,0,37,17
1587481794.6345608,173.194.182.102,10.10.0.10,,,443,41888,0,1358,17
1587481794.6716769,173.194.182.102,10.10.0.10,,,443,41888,0,1358,17
1587481794.6735306,10.10.0.10,173.194.182.102,,,41888,443,0,37,17
1587481794.6740818,10.10.0.10,74.125.110.42,,,49235,443,0,44,17
1587481794.7088,173.194.182.102,10.10.0.10,,,443,41888,0,1358,17
1587481794.7458668,173.194.182.102,10.10.0.10,,,443,41888,0,1358,17
1587481794.747792,10.10.0.10,173.194.182.102,,,41888,443,0,37,17
1587481794.783033,173.194.182.102,10.10.0.10,,,443,41888,0,1358,17
1587481794.8201149,173.194.182.102,10.10.0.10,,,443,41888,0,1358,17
1587481794.822595,10.10.0.10,173.194.182.102,,,41888,443,0,37,17
1587481794.8572721,173.194.182.102,10.10.0.10,,,443,41888,0,1358,17
1587481794.894392,173.194.182.102,10.10.0.10,,,443,41888,0,656,17
1587481794.8966641,10.10.0.10,173.194.182.102,,,41888,443,0,37,17
1587481794.912792,74.125.110.42,10.10.0.10,,,443,49235,0,29,17
1587481794.914466,74.125.110.42,10.10.0.10,,,443,49235,0,1358,17
1587481794.952678,74.125.110.42,10.10.0.10,,,443,49235,0,1358,17
1587481794.956106,10.10.0.10,74.125.110.42,,,49235,443,0,42,17
1587481794.9771948,10.10.0.10,74.125.110.42,,,49235,443,0,677,17
1587481794.9772544,10.10.0.10,74.125.110.42,,,49235,443,0,48,17
1587481794.98983,173.194.182.102,10.10.0.10,,,443,41888,0,29,17
1587481794.9973302,74.125.110.42,10.10.0.10,,,443,49235,0,29,17
1587481794.998468,74.125.110.42,10.10.0.10,,,443,49235,0,1358,17
1587481795.0303118,74.125.110.42,10.10.0.10,,,443,49235,0,1358,17
1587481795.0323384,10.10.0.10,74.125.110.42,,,49235,443,0,37,17
1587481795.067431,74.125.110.42,10.10.0.10,,,443,49235,0,1358,17
1587481795.1045468,74.125.110.42,10.10.0.10,,,443,49235,0,1358,17
1587481795.107626,10.10.0.10,74.125.110.42,,,49235,443,0,37,17
1587481795.1416721,74.125.110.42,10.10.0.10,,,443,49235,0,1358,17
1587481795.1787126,74.125.110.42,10.10.0.10,,,443,49235,0,1358,17
1587481795.180194,10.10.0.10,74.125.110.42,,,49235,443,0,37,17
1587481795.2158694,74.125.110.42,10.10.0.10,,,443,49235,0,1358,17
1587481795.2530222,74.125.110.42,10.10.0.10,,,443,49235,0,1358,17
1587481795.254818,10.10.0.10,74.125.110.42,,,49235,443,0,37,17
1587481795.290142,74.125.110.42,10.10.0.10,,,443,49235,0,1358,17
1587481795.327264,74.125.110.42,10.10.0.10,,,443,49235,0,1358,17
1587481795.329011,10.10.0.10,74.125.110.42,,,49235,443,0,37,17
1587481795.364385,74.125.110.42,10.10.0.10,,,443,49235,0,1358,17
1587481795.4015028,74.125.110.42,10.10.0.10,,,443,49235,0,1358,17
1587481795.404424,10.10.0.10,74.125.110.42,,,49235,443,0,37,17
1587481795.4386249,74.125.110.42,10.10.0.10,,,443,49235,0,1358,17
1587481795.475713,74.125.110.42,10.10.0.10,,,443,49235,0,1358,17
1587481795.484052,10.10.0.10,74.125.110.42,,,49235,443,0,37,17
1587481795.512868,74.125.110.42,10.10.0.10,,,443,49235,0,1358,17
1587481795.5150151,10.10.0.10,74.125.110.42,,,49235,443,0,40,17
1587481795.549999,74.125.110.42,10.10.0.10,,,443,49235,0,1358,17
1587481795.587118,74.125.110.42,10.10.0.10,,,443,49235,0,1358,17
1587481795.617584,10.10.0.10,74.125.110.42,,,49235,443,0,40,17
1587481795.6176329,10.10.0.10,74.125.110.42,,,49235,443,0,40,17
1587481795.625604,74.125.110.42,10.10.0.10,,,443,49235,0,1358,17
1587481795.627856,10.10.0.10,74.125.110.42,,,49235,443,0,40,17
1587481795.6627731,74.125.110.42,10.10.0.10,,,443,49235,0,1358,17
1587481795.69992,74.125.110.42,10.10.0.10,,,443,49235,0,1358,17
1587481795.736583,10.10.0.10,74.125.110.42,,,49235,443,0,42,17
1587481795.7369974,74.125.110.42,10.10.0.10,,,443,49235,0,1358,17
1587481795.73879,10.10.0.10,74.125.110.42,,,49235,443,0,42,17
1587481795.77416,74.125.110.42,10.10.0.10,,,443,49235,0,1358,17
1587481795.811281,74.125.110.42,10.10.0.10,,,443,49235,0,1358,17
1587481795.84839,74.125.110.42,10.10.0.10,,,443,49235,0,1358,17
1587481795.885513,74.125.110.42,10.10.0.10,,,443,49235,0,1358,17
1587481795.922628,74.125.110.42,10.10.0.10,,,443,49235,0,1358,17
1587481795.9597511,74.125.110.42,10.10.0.10,,,443,49235,0,1358,17
1587481795.9795036,10.10.0.10,74.125.110.42,,,49235,443,0,42,17
1587481795.97956,10.10.0.10,74.125.110.42,,,49235,443,0,42,17
1587481795.98004,10.10.0.10,74.125.110.42,,,49235,443,0,42,17
1587481795.9846802,10.10.0.10,74.125.110.42,,,49235,443,0,44,17
1587481795.9848962,10.10.0.10,74.125.110.42,,,49235,443,0,44,17
1587481795.9968722,74.125.110.42,10.10.0.10,,,443,49235,0,1358,17
1587481795.9988532,10.10.0.10,74.125.110.42,,,49235,443,0,44,17
1587481796.033991,74.125.110.42,10.10.0.10,,,443,49235,0,1358,17
1587481796.071105,74.125.110.42,10.10.0.10,,,443,49235,0,1358,17
1587481796.096533,10.10.0.10,74.125.110.42,,,49235,443,0,57,17
1587481796.108187,74.125.110.42,10.10.0.10,,,443,49235,0,1358,17
1587481796.109931,10.10.0.10,74.125.110.42,,,49235,443,0,44,17
1587481796.145349,74.125.110.42,10.10.0.10,,,443,49235,0,1358,17
1587481796.182408,74.125.110.42,10.10.0.10,,,443,49235,0,1358,17
1587481796.216707,10.10.0.10,74.125.110.42,,,49235,443,0,44,17
1587481796.219583,74.125.110.42,10.10.0.10,,,443,49235,0,1358,17
1587481796.256682,74.125.110.42,10.10.0.10,,,443,49235,0,1358,17
1587481796.293823,74.125.110.42,10.10.0.10,,,443,49235,0,1358,17
1587481796.3309548,74.125.110.42,10.10.0.10,,,443,49235,0,1358,17
1587481796.368072,74.125.110.42,10.10.0.10,,,443,49235,0,1358,17
1587481796.4051929,74.125.110.42,10.10.0.10,,,443,49235,0,1358,17
1587481796.442321,74.125.110.42,10.10.0.10,,,443,49235,0,29,17
1587481796.443973,74.125.110.42,10.10.0.10,,,443,49235,0,1358,17
1587481796.459394,10.10.0.10,74.125.110.42,,,49235,443,0,44,17
1587481796.464076,10.10.0.10,74.125.110.42,,,49235,443,0,46,17
1587481796.464142,10.10.0.10,74.125.110.42,,,49235,443,0,46,17
1587481796.46416,10.10.0.10,74.125.110.42,,,49235,443,0,46,17
1587481796.4654634,10.10.0.10,74.125.110.42,,,49235,443,0,46,17
1587481796.481045,74.125.110.42,10.10.0.10,,,443,49235,0,1358,17
1587481796.518234,74.125.110.42,10.10.0.10,,,443,49235,0,1358,17
1587481796.555352,74.125.110.42,10.10.0.10,,,443,49235,0,1358,17
1587481796.5924704,74.125.110.42,10.10.0.10,,,443,49235,0,1358,17
1587481796.629586,74.125.110.42,10.10.0.10,,,443,49235,0,1358,17
1587481796.6494699,10.10.0.10,74.125.110.42,,,49235,443,0,40,17
1587481796.6666858,74.125.110.42,10.10.0.10,,,443,49235,0,1358,17
1587481796.666919,10.10.0.10,74.125.110.42,,,49235,443,0,40,17
1587481796.667596,10.10.0.10,74.125.110.42,,,49235,443,0,40,17
1587481796.6684294,10.10.0.10,74.125.110.42,,,49235,443,0,40,17
1587481796.7038279,74.125.110.42,10.10.0.10,,,443,49235,0,1358,17
1587481796.74095,74.125.110.42,10.10.0.10,,,443,49235,0,1358,17
1587481796.742801,10.10.0.10,74.125.110.42,,,49235,443,0,40,17
1587481796.778065,74.125.110.42,10.10.0.10,,,443,49235,0,1358,17
1587481796.815187,74.125.110.42,10.10.0.10,,,443,49235,0,1358,17
1587481796.816928,10.10.0.10,74.125.110.42,,,49235,443,0,40,17
1587481796.8523102,74.125.110.42,10.10.0.10,,,443,49235,0,1358,17
1587481796.889398,74.125.110.42,10.10.0.10,,,443,49235,0,1358,17
1587481796.8978188,10.10.0.10,74.125.110.42,,,49235,443,0,40,17
1587481796.9265509,74.125.110.42,10.10.0.10,,,443,49235,0,1358,17
1587481796.9636712,74.125.110.42,10.10.0.10,,,443,49235,0,1358,17
1587481796.9654946,10.10.0.10,74.125.110.42,,,49235,443,0,40,17
1587481797.0007868,74.125.110.42,10.10.0.10,,,443,49235,0,1358,17
1587481797.0379062,74.125.110.42,10.10.0.10,,,443,49235,0,1358,17
1587481797.055113,10.10.0.10,74.125.110.42,,,49235,443,0,40,17
1587481797.075027,74.125.110.42,10.10.0.10,,,443,49235,0,1358,17
1587481797.112117,74.125.110.42,10.10.0.10,,,443,49235,0,1358,17
1587481797.113948,10.10.0.10,74.125.110.42,,,49235,443,0,40,17
1587481797.149271,74.125.110.42,10.10.0.10,,,443,49235,0,1358,17
1587481797.186321,74.125.110.42,10.10.0.10,,,443,49235,0,1358,17
1587481797.1902275,10.10.0.10,74.125.110.42,,,49235,443,0,40,17
1587481797.223451,74.125.110.42,10.10.0.10,,,443,49235,0,1358,17
1587481797.2650828,74.125.110.42,10.10.0.10,,,443,49235,0,1358,17
1587481797.266967,10.10.0.10,74.125.110.42,,,49235,443,0,40,17
1587481797.3021276,74.125.110.42,10.10.0.10,,,443,49235,0,1358,17
1587481797.3393116,74.125.110.42,10.10.0.10,,,443,49235,0,1358,17
1587481797.3647912,10.10.0.10,74.125.110.42,,,49235,443,0,53,17
1587481797.376432,74.125.110.42,10.10.0.10,,,443,49235,0,1358,17
1587481797.378082,10.10.0.10,74.125.110.42,,,49235,443,0,40,17
1587481797.4135303,74.125.110.42,10.10.0.10,,,443,49235,0,1358,17
1587481797.450638,74.125.110.42,10.10.0.10,,,443,49235,0,1358,17
1587481797.461631,10.10.0.10,74.125.110.42,,,49235,443,0,40,17
1587481797.487799,74.125.110.42,10.10.0.10,,,443,49235,0,1358,17
1587481797.4894278,10.10.0.10,74.125.110.42,,,49235,443,0,40,17
1587481797.524919,74.125.110.42,10.10.0.10,,,443,49235,0,1358,17
1587481797.562042,74.125.110.42,10.10.0.10,,,443,49235,0,1358,17
1587481797.570284,10.10.0.10,74.125.110.42,,,49235,443,0,40,17
1587481797.599161,74.125.110.42,10.10.0.10,,,443,49235,0,1358,17
1587481797.636281,74.125.110.42,10.10.0.10,,,443,49235,0,1358,17
1587481797.6664062,10.10.0.10,74.125.110.42,,,49235,443,0,40,17
1587481797.673409,74.125.110.42,10.10.0.10,,,443,49235,0,1358,17
1587481797.675276,10.10.0.10,74.125.110.42,,,49235,443,0,40,17
1587481797.710526,74.125.110.42,10.10.0.10,,,443,49235,0,1358,17
1587481797.752074,74.125.110.42,10.10.0.10,,,443,49235,0,1358,17
1587481797.773889,10.10.0.10,74.125.110.42,,,49235,443,0,40,17
1587481797.789223,74.125.110.42,10.10.0.10,,,443,49235,0,1358,17
1587481797.7910142,10.10.0.10,74.125.110.42,,,49235,443,0,40,17
1587481797.826282,74.125.110.42,10.10.0.10,,,443,49235,0,1358,17
1587481797.8634536,74.125.110.42,10.10.0.10,,,443,49235,0,1358,17
1587481797.87252,10.10.0.10,74.125.110.42,,,49235,443,0,40,17
1587481797.9005759,74.125.110.42,10.10.0.10,,,443,49235,0,1358,17
1587481797.937706,74.125.110.42,10.10.0.10,,,443,49235,0,29,17
1587481797.939384,74.125.110.42,10.10.0.10,,,443,49235,0,1358,17
1587481797.9403028,10.10.0.10,74.125.110.42,,,49235,443,0,37,17
1587481797.976507,74.125.110.42,10.10.0.10,,,443,49235,0,1358,17
1587481797.9822829,10.10.0.10,74.125.110.42,,,49235,443,0,37,17
1587481798.013623,74.125.110.42,10.10.0.10,,,443,49235,0,1358,17
1587481798.0507069,74.125.110.42,10.10.0.10,,,443,49235,0,1358,17
1587481798.0524518,10.10.0.10,74.125.110.42,,,49235,443,0,37,17
1587481798.0878642,74.125.110.42,10.10.0.10,,,443,49235,0,1358,17
1587481798.129399,74.125.110.42,10.10.0.10,,,443,49235,0,1358,17
1587481798.131133,10.10.0.10,74.125.110.42,,,49235,443,0,37,17
1587481798.16656,74.125.110.42,10.10.0.10,,,443,49235,0,1358,17
1587481798.203608,74.125.110.42,10.10.0.10,,,443,49235,0,1358,17
1587481798.20525,10.10.0.10,74.125.110.42,,,49235,443,0,37,17
1587481798.240778,74.125.110.42,10.10.0.10,,,443,49235,0,1358,17
1587481798.277906,74.125.110.42,10.10.0.10,,,443,49235,0,1358,17
1587481798.280846,10.10.0.10,74.125.110.42,,,49235,443,0,37,17
1587481798.3150196,74.125.110.42,10.10.0.10,,,443,49235,0,1358,17
1587481798.352149,74.125.110.42,10.10.0.10,,,443,49235,0,1358,17
1587481798.365533,10.10.0.10,74.125.110.42,,,49235,443,0,40,17
1587481798.389267,74.125.110.42,10.10.0.10,,,443,49235,0,1358,17
1587481798.3908439,10.10.0.10,74.125.110.42,,,49235,443,0,40,17
1587481798.426385,74.125.110.42,10.10.0.10,,,443,49235,0,1358,17
1587481798.428426,10.10.0.10,74.125.110.42,,,49235,443,0,40,17
1587481798.463509,74.125.110.42,10.10.0.10,,,443,49235,0,1358,17
1587481798.4662411,10.10.0.10,74.125.110.42,,,49235,443,0,40,17
1587481798.500634,74.125.110.42,10.10.0.10,,,443,49235,0,1358,17
1587481798.537749,74.125.110.42,10.10.0.10,,,443,49235,0,1358,17
1587481798.539625,10.10.0.10,74.125.110.42,,,49235,443,0,53,17
1587481798.574873,74.125.110.42,10.10.0.10,,,443,49235,0,1358,17
1587481798.611991,74.125.110.42,10.10.0.10,,,443,49235,0,1358,17
1587481798.6137474,10.10.0.10,74.125.110.42,,,49235,443,0,40,17
1587481798.6491132,74.125.110.42,10.10.0.10,,,443,49235,0,1358,17
1587481798.68624,74.125.110.42,10.10.0.10,,,443,49235,0,1358,17
1587481798.691765,10.10.0.10,74.125.110.42,,,49235,443,0,42,17
1587481798.7233562,74.125.110.42,10.10.0.10,,,443,49235,0,1358,17
1587481798.725774,10.10.0.10,74.125.110.42,,,49235,443,0,42,17
1587481798.760473,74.125.110.42,10.10.0.10,,,443,49235,0,1358,17
1587481798.762436,10.10.0.10,74.125.110.42,,,49235,443,0,42,17
1587481798.7975929,74.125.110.42,10.10.0.10,,,443,49235,0,1358,17
1587481798.799418,10.10.0.10,74.125.110.42,,,49235,443,0,42,17
1587481798.834656,74.125.110.42,10.10.0.10,,,443,49235,0,1358,17
1587481798.8718376,74.125.110.42,10.10.0.10,,,443,49235,0,1358,17
1587481798.8746269,10.10.0.10,74.125.110.42,,,49235,443,0,42,17
1587481798.9089592,74.125.110.42,10.10.0.10,,,443,49235,0,1358,17
1587481798.946079,74.125.110.42,10.10.0.10,,,443,49235,0,1358,17
1587481798.9497216,10.10.0.10,74.125.110.42,,,49235,443,0,42,17
1587481798.9831948,74.125.110.42,10.10.0.10,,,443,49235,0,1358,17
1587481799.0203068,74.125.110.42,10.10.0.10,,,443,49235,0,1358,17
1587481799.0219731,10.10.0.10,74.125.110.42,,,49235,443,0,42,17
1587481799.057431,74.125.110.42,10.10.0.10,,,443,49235,0,1358,17
1587481799.0945475,74.125.110.42,10.10.0.10,,,443,49235,0,1358,17
1587481799.098327,10.10.0.10,74.125.110.42,,,49235,443,0,40,17
1587481799.1316712,74.125.110.42,10.10.0.10,,,443,49235,0,1358,17
1587481799.1687238,74.125.110.42,10.10.0.10,,,443,49235,0,1358,17
1587481799.1837401,10.10.0.10,74.125.110.42,,,49235,443,0,40,17
1587481799.2059002,74.125.110.42,10.10.0.10,,,443,49235,0,1358,17
1587481799.243026,74.125.110.42,10.10.0.10,,,443,49235,0,1358,17
1587481799.2446759,10.10.0.10,74.125.110.42,,,49235,443,0,40,17
1587481799.2801518,74.125.110.42,10.10.0.10,,,443,49235,0,1358,17
1587481799.3107214,10.10.0.10,74.125.110.42,,,49235,443,0,40,17
1587481799.3172688,74.125.110.42,10.10.0.10,,,443,49235,0,1358,17
1587481799.354396,74.125.110.42,10.10.0.10,,,443,49235,0,1358,17
1587481799.356129,10.10.0.10,74.125.110.42,,,49235,443,0,40,17
1587481799.391521,74.125.110.42,10.10.0.10,,,443,49235,0,1358,17
1587481799.4286408,74.125.110.42,10.10.0.10,,,443,49235,0,555,17
1587481799.431962,10.10.0.10,74.125.110.42,,,49235,443,0,40,17
1587481799.4682338,10.10.0.10,173.194.182.102,,,41888,443,0,711,17
1587481799.47068,10.10.0.10,173.194.182.102,,,41888,443,0,48,17
1587481799.4716446,10.10.0.10,74.125.110.42,,,49235,443,0,677,17
1587481799.4719224,10.10.0.10,74.125.110.42,,,49235,443,0,48,17
1587481799.481443,173.194.182.102,10.10.0.10,,,443,41888,0,29,17
1587481799.4820821,173.194.182.102,10.10.0.10,,,443,41888,0,108,17
1587481799.4821332,173.194.182.102,10.10.0.10,,,443,41888,0,1358,17
1587481799.489667,173.194.182.102,10.10.0.10,,,443,41888,0,1358,17
1587481799.5120602,10.10.0.10,173.194.182.102,,,41888,443,0,37,17
1587481799.526792,173.194.182.102,10.10.0.10,,,443,41888,0,1358,17
1587481799.528408,10.10.0.10,173.194.182.102,,,41888,443,0,37,17
1587481799.563912,173.194.182.102,10.10.0.10,,,443,41888,0,1358,17
1587481799.601034,173.194.182.102,10.10.0.10,,,443,41888,0,1358,17
1587481799.602936,10.10.0.10,173.194.182.102,,,41888,443,0,37,17
1587481799.638117,173.194.182.102,10.10.0.10,,,443,41888,0,1358,17
1587481799.675273,173.194.182.102,10.10.0.10,,,443,41888,0,1358,17
1587481799.7123911,173.194.182.102,10.10.0.10,,,443,41888,0,1358,17
1587481799.7126932,10.10.0.10,173.194.182.102,,,41888,443,0,37,17
1587481799.749507,173.194.182.102,10.10.0.10,,,443,41888,0,1358,17
1587481799.786631,173.194.182.102,10.10.0.10,,,443,41888,0,1358,17
1587481799.8237472,74.125.110.42,10.10.0.10,,,443,49235,0,115,17
1587481799.8276641,74.125.110.42,10.10.0.10,,,443,49235,0,1358,17
1587481799.8318524,10.10.0.10,173.194.182.102,,,41888,443,0,37,17
1587481799.8361714,10.10.0.10,173.194.182.102,,,41888,443,0,37,17
1587481799.8370614,10.10.0.10,74.125.110.42,,,49235,443,0,37,17
1587481799.8648438,74.125.110.42,10.10.0.10,,,443,49235,0,1358,17
1587481799.9019642,74.125.110.42,10.10.0.10,,,443,49235,0,1358,17
1587481799.939036,74.125.110.42,10.10.0.10,,,443,49235,0,1358,17
1587481799.960617,10.10.0.10,74.125.110.42,,,49235,443,0,37,17
1587481799.976203,74.125.110.42,10.10.0.10,,,443,49235,0,1358,17
1587481800.013322,74.125.110.42,10.10.0.10,,,443,49235,0,1358,17
1587481800.050443,74.125.110.42,10.10.0.10,,,443,49235,0,1358,17
1587481800.069002,10.10.0.10,74.125.110.42,,,49235,443,0,37,17
1587481800.073048,10.10.0.10,74.125.110.42,,,49235,443,0,37,17
1587481800.08756,74.125.110.42,10.10.0.10,,,443,49235,0,1358,17
1587481800.124684,74.125.110.42,10.10.0.10,,,443,49235,0,1358,17
1587481800.1618028,74.125.110.42,10.10.0.10,,,443,49235,0,1358,17
1587481800.1903448,10.10.0.10,74.125.110.42,,,49235,443,0,37,17
1587481800.1938348,10.10.0.10,74.125.110.42,,,49235,443,0,37,17
1587481800.1988852,173.194.182.102,10.10.0.10,,,443,41888,0,1358,17
1587481800.236038,173.194.182.102,10.10.0.10,,,443,41888,0,1358,17
1587481800.27316,74.125.110.42,10.10.0.10,,,443,49235,0,1358,17
1587481800.310264,173.194.182.102,10.10.0.10,,,443,41888,0,1358,17
1587481800.3102908,10.10.0.10,173.194.182.102,,,41888,443,0,37,17
1587481800.314977,10.10.0.10,173.194.182.102,,,41888,443,0,37,17
1587481800.347408,173.194.182.102,10.10.0.10,,,443,41888,0,1358,17
1587481800.3845284,74.125.110.42,10.10.0.10,,,443,49235,0,1358,17
1587481800.42165,173.194.182.102,10.10.0.10,,,443,41888,0,1358,17
1587481800.432151,10.10.0.10,74.125.110.42,,,49235,443,0,37,17
1587481800.434576,10.10.0.10,173.194.182.102,,,41888,443,0,37,17
1587481800.4587116,74.125.110.42,10.10.0.10,,,443,49235,0,1358,17
1587481800.495889,173.194.182.102,10.10.0.10,,,443,41888,0,1358,17
1587481800.533012,74.125.110.42,10.10.0.10,,,443,49235,0,1358,17
1587481800.5504134,10.10.0.10,74.125.110.42,,,49235,443,0,37,17
1587481800.55625,10.10.0.10,74.125.110.42,,,49235,443,0,37,17
1587481800.5701332,173.194.182.102,10.10.0.10,,,443,41888,0,1358,17
1587481800.571913,10.10.0.10,173.194.182.102,,,41888,443,0,37,17
1587481800.60725,74.125.110.42,10.10.0.10,,,443,49235,0,1358,17
1587481800.64436,173.194.182.102,10.10.0.10,,,443,41888,0,1358,17
1587481800.681479,173.194.182.102,10.10.0.10,,,443,41888,0,1358,17
1587481800.683322,10.10.0.10,173.194.182.102,,,41888,443,0,37,17
1587481800.708555,10.10.0.10,74.125.110.42,,,49235,443,0,37,17
1587481800.718603,74.125.110.42,10.10.0.10,,,443,49235,0,1358,17
1587481800.7557228,173.194.182.102,10.10.0.10,,,443,41888,0,1358,17
1587481800.757738,10.10.0.10,74.125.110.42,,,49235,443,0,37,17
1587481800.79284,173.194.182.102,10.10.0.10,,,443,41888,0,1358,17
1587481800.7950842,10.10.0.10,173.194.182.102,,,41888,443,0,37,17
1587481800.8299026,74.125.110.42,10.10.0.10,,,443,49235,0,1358,17
1587481800.8670828,173.194.182.102,10.10.0.10,,,443,41888,0,1358,17
1587481800.8691561,10.10.0.10,74.125.110.42,,,49235,443,0,37,17
1587481800.898364,10.10.0.10,173.194.182.102,,,41888,443,0,37,17
1587481800.904203,173.194.182.102,10.10.0.10,,,443,41888,0,1358,17
1587481800.9413242,173.194.182.102,10.10.0.10,,,443,41888,0,1358,17
1587481800.943416,10.10.0.10,173.194.182.102,,,41888,443,0,37,17
1587481800.97844,173.194.182.102,10.10.0.10,,,443,41888,0,1358,17
1587481801.0155642,173.194.182.102,10.10.0.10,,,443,41888,0,1358,17
1587481801.0172348,10.10.0.10,173.194.182.102,,,41888,443,0,37,17
1587481801.052685,173.194.182.102,10.10.0.10,,,443,41888,0,1358,17
1587481801.089799,173.194.182.102,10.10.0.10,,,443,41888,0,1358,17
1587481801.091717,10.10.0.10,173.194.182.102,,,41888,443,0,37,17
1587481801.126866,173.194.182.102,10.10.0.10,,,443,41888,0,1358,17
1587481801.164041,74.125.110.42,10.10.0.10,,,443,49235,0,1358,17
1587481801.166178,10.10.0.10,173.194.182.102,,,41888,443,0,37,17
1587481801.2011075,173.194.182.102,10.10.0.10,,,443,41888,0,1358,17
1587481801.203972,10.10.0.10,74.125.110.42,,,49235,443,0,37,17
1587481801.23828,173.194.182.102,10.10.0.10,,,443,41888,0,1358,17
1587481801.2754009,173.194.182.102,10.10.0.10,,,443,41888,0,1358,17
1587481801.300643,10.10.0.10,173.194.182.102,,,41888,443,0,37,17
1587481801.3023279,10.10.0.10,173.194.182.102,,,41888,443,0,37,17
1587481801.312526,173.194.182.102,10.10.0.10,,,443,41888,0,1358,17
1587481801.3495884,74.125.110.42,10.10.0.10,,,443,49235,0,1358,17
1587481801.386773,74.125.110.42,10.10.0.10,,,443,49235,0,1358,17
1587481801.3951938,10.10.0.10,173.194.182.102,,,41888,443,0,50,17
1587481801.3967671,10.10.0.10,74.125.110.42,,,49235,443,0,37,17
1587481801.4238932,74.125.110.42,10.10.0.10,,,443,49235,0,1358,17
1587481801.461013,173.194.182.102,10.10.0.10,,,443,41888,0,1358,17
1587481801.462806,10.10.0.10,74.125.110.42,,,49235,443,0,37,17
1587481801.4981198,173.194.182.102,10.10.0.10,,,443,41888,0,1358,17
1587481801.499817,10.10.0.10,173.194.182.102,,,41888,443,0,37,17
1587481801.5352428,173.194.182.102,10.10.0.10,,,443,41888,0,1358,17
1587481801.57232,173.194.182.102,10.10.0.10,,,443,41888,0,1358,17
1587481801.574337,10.10.0.10,173.194.182.102,,,41888,443,0,37,17
1587481801.6094842,74.125.110.42,10.10.0.10,,,443,49235,0,1358,17
1587481801.6466286,173.194.182.102,10.10.0.10,,,443,41888,0,1358,17
1587481801.648982,10.10.0.10,74.125.110.42,,,49235,443,0,37,17
1587481801.6837242,74.125.110.42,10.10.0.10,,,443,49235,0,1358,17
1587481801.685716,10.10.0.10,173.194.182.102,,,41888,443,0,37,17
1587481801.7208452,173.194.182.102,10.10.0.10,,,443,41888,0,1358,17
1587481801.7232141,10.10.0.10,74.125.110.42,,,49235,443,0,37,17
1587481801.757965,74.125.110.42,10.10.0.10,,,443,49235,0,1358,17
1587481801.7598348,10.10.0.10,173.194.182.102,,,41888,443,0,37,17
1587481801.7950852,173.194.182.102,10.10.0.10,,,443,41888,0,1358,17
1587481801.79717,10.10.0.10,74.125.110.42,,,49235,443,0,37,17
1587481801.8321388,74.125.110.42,10.10.0.10,,,443,49235,0,1358,17
1587481801.8343706,10.10.0.10,173.194.182.102,,,41888,443,0,37,17
1587481801.8693252,173.194.182.102,10.10.0.10,,,443,41888,0,1358,17
1587481801.8714151,10.10.0.10,74.125.110.42,,,49235,443,0,37,17
1587481801.9064438,173.194.182.102,10.10.0.10,,,443,41888,0,1358,17
1587481801.9082508,10.10.0.10,173.194.182.102,,,41888,443,0,37,17
1587481801.9435651,74.125.110.42,10.10.0.10,,,443,49235,0,1358,17
1587481801.980684,74.125.110.42,10.10.0.10,,,443,49235,0,1358,17
1587481801.982379,10.10.0.10,74.125.110.42,,,49235,443,0,50,17
1587481802.0178,173.194.182.102,10.10.0.10,,,443,41888,0,1358,17
1587481802.0549242,173.194.182.102,10.10.0.10,,,443,41888,0,1358,17
1587481802.0569394,10.10.0.10,173.194.182.102,,,41888,443,0,37,17
1587481802.0920448,74.125.110.42,10.10.0.10,,,443,49235,0,1358,17
1587481802.128631,10.10.0.10,74.125.110.42,,,49235,443,0,37,17
1587481802.1291196,173.194.182.102,10.10.0.10,,,443,41888,0,1358,17
1587481802.166286,173.194.182.102,10.10.0.10,,,443,41888,0,1358,17
1587481802.168189,10.10.0.10,173.194.182.102,,,41888,443,0,37,17
1587481802.2033598,173.194.182.102,10.10.0.10,,,443,41888,0,1358,17
1587481802.24051,173.194.182.102,10.10.0.10,,,443,41888,0,1358,17
1587481802.2421286,10.10.0.10,173.194.182.102,,,41888,443,0,37,17
1587481802.277573,173.194.182.102,10.10.0.10,,,443,41888,0,1358,17
1587481802.3146946,173.194.182.102,10.10.0.10,,,443,41888,0,1358,17
1587481802.316187,10.10.0.10,173.194.182.102,,,41888,443,0,37,17
1587481802.351882,173.194.182.102,10.10.0.10,,,443,41888,0,1358,17
1587481802.3890052,173.194.182.102,10.10.0.10,,,443,41888,0,1358,17
1587481802.3906598,10.10.0.10,173.194.182.102,,,41888,443,0,37,17
1587481802.426135,74.125.110.42,10.10.0.10,,,443,49235,0,1358,17
1587481802.4632409,173.194.182.102,10.10.0.10,,,443,41888,0,1358,17
1587481802.4691002,10.10.0.10,74.125.110.42,,,49235,443,0,37,17
1587481802.500366,173.194.182.102,10.10.0.10,,,443,41888,0,1358,17
1587481802.502105,10.10.0.10,173.194.182.102,,,41888,443,0,37,17
1587481802.5374858,173.194.182.102,10.10.0.10,,,443,41888,0,1358,17
1587481802.5746052,173.194.182.102,10.10.0.10,,,443,41888,0,1358,17
1587481802.576765,10.10.0.10,173.194.182.102,,,41888,443,0,37,17
1587481802.611723,74.125.110.42,10.10.0.10,,,443,49235,0,1358,17
1587481802.6488528,74.125.110.42,10.10.0.10,,,443,49235,0,1358,17
1587481802.6761632,10.10.0.10,74.125.110.42,,,49235,443,0,40,17
1587481802.6859686,173.194.182.102,10.10.0.10,,,443,41888,0,1358,17
1587481802.715008,10.10.0.10,173.194.182.102,,,41888,443,0,37,17
1587481802.723094,173.194.182.102,10.10.0.10,,,443,41888,0,1358,17
1587481802.760214,173.194.182.102,10.10.0.10,,,443,41888,0,1358,17
1587481802.762093,10.10.0.10,173.194.182.102,,,41888,443,0,37,17
1587481802.797329,173.194.182.102,10.10.0.10,,,443,41888,0,1358,17
1587481802.834395,74.125.110.42,10.10.0.10,,,443,49235,0,1358,17
1587481802.8373892,10.10.0.10,74.125.110.42,,,49235,443,0,40,17
1587481802.837659,10.10.0.10,173.194.182.102,,,41888,443,0,37,17
1587481802.8715732,173.194.182.102,10.10.0.10,,,443,41888,0,1358,17
1587481802.908693,74.125.110.42,10.10.0.10,,,443,49235,0,1358,17
1587481802.910164,10.10.0.10,173.194.182.102,,,41888,443,0,37,17
1587481802.9109359,10.10.0.10,74.125.110.42,,,49235,443,0,40,17
1587481802.9458132,173.194.182.102,10.10.0.10,,,443,41888,0,1358,17
1587481802.982935,74.125.110.42,10.10.0.10,,,443,49235,0,1358,17
1587481802.9848974,10.10.0.10,74.125.110.42,,,49235,443,0,40,17
1587481802.98508,10.10.0.10,173.194.182.102,,,41888,443,0,37,17
1587481803.020052,173.194.182.102,10.10.0.10,,,443,41888,0,1358,17
1587481803.0571642,74.125.110.42,10.10.0.10,,,443,49235,0,1358,17
1587481803.060552,10.10.0.10,173.194.182.102,,,41888,443,0,37,17
1587481803.0942562,173.194.182.102,10.10.0.10,,,443,41888,0,1358,17
1587481803.096355,10.10.0.10,74.125.110.42,,,49235,443,0,40,17
1587481803.13135,173.194.182.102,10.10.0.10,,,443,41888,0,1358,17
1587481803.133178,10.10.0.10,173.194.182.102,,,41888,443,0,50,17
1587481803.1685061,74.125.110.42,10.10.0.10,,,443,49235,0,1358,17
1587481803.2056372,74.125.110.42,10.10.0.10,,,443,49235,0,1358,17
1587481803.207345,10.10.0.10,74.125.110.42,,,49235,443,0,40,17
1587481803.242761,173.194.182.102,10.10.0.10,,,443,41888,0,1358,17
1587481803.279857,173.194.182.102,10.10.0.10,,,443,41888,0,1358,17
1587481803.281655,10.10.0.10,173.194.182.102,,,41888,443,0,37,17
1587481803.316961,74.125.110.42,10.10.0.10,,,443,49235,0,1358,17
1587481803.354058,173.194.182.102,10.10.0.10,,,443,41888,0,1358,17
1587481803.356764,10.10.0.10,74.125.110.42,,,49235,443,0,40,17
1587481803.3888938,10.10.0.10,173.194.182.102,,,41888,443,0,37,17
1587481803.391247,173.194.182.102,10.10.0.10,,,443,41888,0,1358,17
1587481803.4219706,10.10.0.10,173.194.182.102,,,41888,443,0,37,17
1587481803.4283662,173.194.182.102,10.10.0.10,,,443,41888,0,1358,17
1587481803.4654772,173.194.182.102,10.10.0.10,,,443,41888,0,1358,17
1587481803.468696,10.10.0.10,173.194.182.102,,,41888,443,0,37,17
1587481803.502615,173.194.182.102,10.10.0.10,,,443,41888,0,1358,17
1587481803.5397296,173.194.182.102,10.10.0.10,,,443,41888,0,1358,17
1587481803.54144,10.10.0.10,173.194.182.102,,,41888,443,0,37,17
1587481803.576853,173.194.182.102,10.10.0.10,,,443,41888,0,1358,17
1587481803.613974,173.194.182.102,10.10.0.10,,,443,41888,0,1358,17
1587481803.616082,10.10.0.10,173.194.182.102,,,41888,443,0,37,17
1587481803.6510649,74.125.110.42,10.10.0.10,,,443,49235,0,1358,17
1587481803.688214,173.194.182.102,10.10.0.10,,,443,41888,0,1358,17
1587481803.690232,10.10.0.10,74.125.110.42,,,49235,443,0,40,17
1587481803.7253342,173.194.182.102,10.10.0.10,,,443,41888,0,1358,17
1587481803.762399,173.194.182.102,10.10.0.10,,,443,41888,0,1358,17
1587481803.7995641,173.194.182.102,10.10.0.10,,,443,41888,0,1358,17
1587481803.805258,10.10.0.10,173.194.182.102,,,41888,443,0,37,17
1587481803.8087628,10.10.0.10,173.194.182.102,,,41888,443,0,37,17
1587481803.836648,74.125.110.42,10.10.0.10,,,443,49235,0,1358,17
1587481803.8738039,74.125.110.42,10.10.0.10,,,443,49235,0,1358,17
1587481803.9109251,173.194.182.102,10.10.0.10,,,443,41888,0,1358,17
1587481803.927431,10.10.0.10,173.194.182.102,,,41888,443,0,37,17
1587481803.9304152,10.10.0.10,74.125.110.42,,,49235,443,0,40,17
1587481803.947992,173.194.182.102,10.10.0.10,,,443,41888,0,1358,17
1587481803.9851642,173.194.182.102,10.10.0.10,,,443,41888,0,1358,17
1587481804.0223038,173.194.182.102,10.10.0.10,,,443,41888,0,1358,17
1587481804.059406,74.125.110.42,10.10.0.10,,,443,49235,0,1358,17
1587481804.0965242,173.194.182.102,10.10.0.10,,,443,41888,0,1358,17
1587481804.1335812,74.125.110.42,10.10.0.10,,,443,49235,0,1358,17
1587481804.170616,10.10.0.10,173.194.182.102,,,41888,443,0,37,17
1587481804.170728,74.125.110.42,10.10.0.10,,,443,49235,0,1358,17
1587481804.2078278,173.194.182.102,10.10.0.10,,,443,41888,0,1358,17
1587481804.244937,74.125.110.42,10.10.0.10,,,443,49235,0,1358,17
1587481804.2820961,173.194.182.102,10.10.0.10,,,443,41888,0,1358,17
1587481804.319248,74.125.110.42,10.10.0.10,,,443,49235,0,1358,17
1587481804.356375,173.194.182.102,10.10.0.10,,,443,41888,0,557,17
1587481804.372133,74.125.110.42,10.10.0.10,,,443,49235,0,1358,17
1587481804.409199,74.125.110.42,10.10.0.10,,,443,49235,0,1358,17
1587481804.4463592,74.125.110.42,10.10.0.10,,,443,49235,0,1358,17
1587481804.4834845,74.125.110.42,10.10.0.10,,,443,49235,0,1358,17
1587481804.520601,74.125.110.42,10.10.0.10,,,443,49235,0,1358,17
1587481804.557718,74.125.110.42,10.10.0.10,,,443,49235,0,1358,17
1587481805.122118,10.10.0.10,173.194.182.102,,,41888,443,0,40,17
1587481805.122177,10.10.0.10,74.125.110.42,,,49235,443,0,42,17
1587481805.123857,10.10.0.10,74.125.110.42,,,49235,443,0,42,17
1587481805.125985,10.10.0.10,173.194.182.102,,,41888,443,0,40,17
1587481805.126052,10.10.0.10,74.125.110.42,,,49235,443,0,42,17
1587481805.1260722,10.10.0.10,173.194.182.102,,,41888,443,0,40,17
1587481805.1276774,10.10.0.10,74.125.110.42,,,49235,443,0,42,17
1587481805.129368,10.10.0.10,173.194.182.102,,,41888,443,0,40,17
1587481805.1308439,10.10.0.10,74.125.110.42,,,49235,443,0,42,17
1587481805.132851,10.10.0.10,74.125.110.42,,,49235,443,0,42,17
1587481805.1374724,173.194.182.102,10.10.0.10,,,443,41888,0,1358,17
1587481805.1376588,10.10.0.10,74.125.110.42,,,49235,443,0,42,17
1587481805.1521866,74.125.110.42,10.10.0.10,,,443,49235,0,1358,17
1587481805.169106,173.194.182.102,10.10.0.10,,,443,41888,0,1358,17
1587481805.170899,10.10.0.10,173.194.182.102,,,41888,443,0,40,17
1587481805.187345,10.10.0.10,74.125.110.42,,,49235,443,0,42,17
1587481805.2062461,74.125.110.42,10.10.0.10,,,443,49235,0,1358,17
1587481805.24336,173.194.182.102,10.10.0.10,,,443,41888,0,1358,17
1587481805.251346,10.10.0.10,74.125.110.42,,,49235,443,0,55,17
1587481805.2804828,74.125.110.42,10.10.0.10,,,443,49235,0,1358,17
1587481805.2823398,10.10.0.10,74.125.110.42,,,49235,443,0,44,17
1587481805.282566,10.10.0.10,173.194.182.102,,,41888,443,0,40,17
1587481805.317602,74.125.110.42,10.10.0.10,,,443,49235,0,1358,17
1587481805.319531,10.10.0.10,74.125.110.42,,,49235,443,0,44,17
1587481805.354723,74.125.110.42,10.10.0.10,,,443,49235,0,1358,17
1587481805.3565269,10.10.0.10,74.125.110.42,,,49235,443,0,46,17
1587481805.391838,74.125.110.42,10.10.0.10,,,443,49235,0,1358,17
1587481805.394078,10.10.0.10,74.125.110.42,,,49235,443,0,46,17
1587481805.4289591,74.125.110.42,10.10.0.10,,,443,49235,0,1358,17
1587481805.4306898,10.10.0.10,74.125.110.42,,,49235,443,0,46,17
1587481805.466082,74.125.110.42,10.10.0.10,,,443,49235,0,1358,17
1587481805.467855,10.10.0.10,74.125.110.42,,,49235,443,0,46,17
1587481805.503207,74.125.110.42,10.10.0.10,,,443,49235,0,1358,17
1587481805.53292,10.10.0.10,74.125.110.42,,,49235,443,0,46,17
1587481805.540318,74.125.110.42,10.10.0.10,,,443,49235,0,1358,17
1587481805.577442,74.125.110.42,10.10.0.10,,,443,49235,0,1358,17
1587481805.579257,10.10.0.10,74.125.110.42,,,49235,443,0,46,17
1587481805.614563,74.125.110.42,10.10.0.10,,,443,49235,0,1358,17
1587481805.6516778,74.125.110.42,10.10.0.10,,,443,49235,0,1358,17
1587481805.653439,10.10.0.10,74.125.110.42,,,49235,443,0,46,17
1587481805.688768,74.125.110.42,10.10.0.10,,,443,49235,0,1358,17
1587481805.725918,74.125.110.42,10.10.0.10,,,443,49235,0,1358,17
1587481805.7278562,10.10.0.10,74.125.110.42,,,49235,443,0,46,17
1587481805.7630439,74.125.110.42,10.10.0.10,,,443,49235,0,1358,17
1587481805.800158,74.125.110.42,10.10.0.10,,,443,49235,0,1358,17
1587481805.8022988,10.10.0.10,74.125.110.42,,,49235,443,0,46,17
1587481805.837278,74.125.110.42,10.10.0.10,,,443,49235,0,1358,17
1587481805.874399,74.125.110.42,10.10.0.10,,,443,49235,0,1358,17
1587481805.8762908,10.10.0.10,74.125.110.42,,,49235,443,0,46,17
1587481805.9115179,74.125.110.42,10.10.0.10,,,443,49235,0,1358,17
1587481805.948642,74.125.110.42,10.10.0.10,,,443,49235,0,1358,17
1587481805.9506829,10.10.0.10,74.125.110.42,,,49235,443,0,46,17
1587481805.9857626,74.125.110.42,10.10.0.10,,,443,49235,0,1358,17
1587481806.022881,74.125.110.42,10.10.0.10,,,443,49235,0,1358,17
1587481806.0259662,10.10.0.10,74.125.110.42,,,49235,443,0,46,17
1587481806.06,74.125.110.42,10.10.0.10,,,443,49235,0,1358,17
1587481806.0971231,74.125.110.42,10.10.0.10,,,443,49235,0,1358,17
1587481806.0997062,10.10.0.10,74.125.110.42,,,49235,443,0,46,17
1587481806.134174,74.125.110.42,10.10.0.10,,,443,49235,0,1358,17
1587481806.165782,10.10.0.10,74.125.110.42,,,49235,443,0,46,17
1587481806.1713624,74.125.110.42,10.10.0.10,,,443,49235,0,1358,17
1587481806.2084632,74.125.110.42,10.10.0.10,,,443,49235,0,1358,17
1587481806.210725,10.10.0.10,74.125.110.42,,,49235,443,0,46,17
1587481806.2455351,74.125.110.42,10.10.0.10,,,443,49235,0,1358,17
1587481806.282687,74.125.110.42,10.10.0.10,,,443,49235,0,1358,17
1587481806.2844784,10.10.0.10,74.125.110.42,,,49235,443,0,46,17
1587481806.31984,74.125.110.42,10.10.0.10,,,443,49235,0,1358,17
1587481806.356932,74.125.110.42,10.10.0.10,,,443,49235,0,1358,17
1587481806.358609,10.10.0.10,74.125.110.42,,,49235,443,0,48,17
1587481806.394104,74.125.110.42,10.10.0.10,,,443,49235,0,1358,17
1587481806.395807,10.10.0.10,74.125.110.42,,,49235,443,0,61,17
1587481806.4312036,74.125.110.42,10.10.0.10,,,443,49235,0,1358,17
1587481806.43291,10.10.0.10,74.125.110.42,,,49235,443,0,48,17
1587481806.468327,74.125.110.42,10.10.0.10,,,443,49235,0,1358,17
1587481806.472019,10.10.0.10,74.125.110.42,,,49235,443,0,48,17
1587481806.5054526,74.125.110.42,10.10.0.10,,,443,49235,0,1358,17
1587481806.5425706,74.125.110.42,10.10.0.10,,,443,49235,0,1358,17
1587481806.5446901,10.10.0.10,74.125.110.42,,,49235,443,0,48,17
1587481806.579691,74.125.110.42,10.10.0.10,,,443,49235,0,1358,17
1587481806.616807,74.125.110.42,10.10.0.10,,,443,49235,0,1358,17
1587481806.6187148,10.10.0.10,74.125.110.42,,,49235,443,0,48,17
1587481806.653932,74.125.110.42,10.10.0.10,,,443,49235,0,1358,17
1587481806.6910508,74.125.110.42,10.10.0.10,,,443,49235,0,1358,17
1587481806.693105,10.10.0.10,74.125.110.42,,,49235,443,0,48,17
1587481806.728167,74.125.110.42,10.10.0.10,,,443,49235,0,29,17
1587481806.7298489,74.125.110.42,10.10.0.10,,,443,49235,0,1358,17
1587481806.766967,74.125.110.42,10.10.0.10,,,443,49235,0,1358,17
1587481806.7688372,10.10.0.10,74.125.110.42,,,49235,443,0,37,17
1587481806.804091,74.125.110.42,10.10.0.10,,,443,49235,0,1358,17
1587481806.841151,74.125.110.42,10.10.0.10,,,443,49235,0,1358,17
1587481806.8429394,10.10.0.10,74.125.110.42,,,49235,443,0,37,17
1587481806.878319,74.125.110.42,10.10.0.10,,,443,49235,0,1358,17
1587481806.915444,74.125.110.42,10.10.0.10,,,443,49235,0,1358,17
1587481806.917201,10.10.0.10,74.125.110.42,,,49235,443,0,37,17
1587481806.9525628,74.125.110.42,10.10.0.10,,,443,49235,0,1358,17
1587481806.989683,74.125.110.42,10.10.0.10,,,443,49235,0,1358,17
1587481806.991662,10.10.0.10,74.125.110.42,,,49235,443,0,37,17
1587481807.0267699,74.125.110.42,10.10.0.10,,,443,49235,0,1358,17
1587481807.0639188,74.125.110.42,10.10.0.10,,,443,49235,0,1358,17
1587481807.0658932,10.10.0.10,74.125.110.42,,,49235,443,0,37,17
1587481807.101038,74.125.110.42,10.10.0.10,,,443,49235,0,1358,17
1587481807.1380908,74.125.110.42,10.10.0.10,,,443,49235,0,1358,17
1587481807.139677,10.10.0.10,74.125.110.42,,,49235,443,0,40,17
1587481807.1796944,74.125.110.42,10.10.0.10,,,443,49235,0,1358,17
1587481807.1813388,10.10.0.10,74.125.110.42,,,49235,443,0,42,17
1587481807.216851,74.125.110.42,10.10.0.10,,,443,49235,0,1358,17
1587481807.2185268,10.10.0.10,74.125.110.42,,,49235,443,0,42,17
1587481807.2539642,74.125.110.42,10.10.0.10,,,443,49235,0,1358,17
1587481807.2557158,10.10.0.10,74.125.110.42,,,49235,443,0,42,17
1587481807.29109,74.125.110.42,10.10.0.10,,,443,49235,0,1358,17
1587481807.292662,10.10.0.10,74.125.110.42,,,49235,443,0,42,17
1587481807.3282132,74.125.110.42,10.10.0.10,,,443,49235,0,1358,17
1587481807.3653312,74.125.110.42,10.10.0.10,,,443,49235,0,1358,17
1587481807.3671699,10.10.0.10,74.125.110.42,,,49235,443,0,42,17
1587481807.402385,74.125.110.42,10.10.0.10,,,443,49235,0,1358,17
1587481807.439575,74.125.110.42,10.10.0.10,,,443,49235,0,1358,17
1587481807.44424,10.10.0.10,74.125.110.42,,,49235,443,0,42,17
1587481807.4811482,74.125.110.42,10.10.0.10,,,443,49235,0,1358,17
1587481807.518267,74.125.110.42,10.10.0.10,,,443,49235,0,1358,17
1587481807.520259,10.10.0.10,74.125.110.42,,,49235,443,0,42,17
1587481807.5553901,74.125.110.42,10.10.0.10,,,443,49235,0,1358,17
1587481807.583846,10.10.0.10,74.125.110.42,,,49235,443,0,42,17
1587481807.5925126,74.125.110.42,10.10.0.10,,,443,49235,0,1358,17
1587481807.6296,74.125.110.42,10.10.0.10,,,443,49235,0,1358,17
1587481807.6314142,10.10.0.10,74.125.110.42,,,49235,443,0,55,17
1587481807.666787,74.125.110.42,10.10.0.10,,,443,49235,0,1358,17
1587481807.7038786,74.125.110.42,10.10.0.10,,,443,49235,0,558,17
1587481807.7071395,10.10.0.10,74.125.110.42,,,49235,443,0,44,17
1587481807.724117,74.125.110.42,10.10.0.10,,,443,49235,0,29,17
1587481807.821106,74.125.110.42,10.10.0.10,,,443,49235,0,1358,17
1587481807.9037962,10.10.0.10,74.125.110.42,,,49235,443,0,40,17
1587481807.9196134,10.10.0.10,74.125.110.42,,,49235,443,0,677,17
1587481807.919673,10.10.0.10,74.125.110.42,,,49235,443,0,48,17
1587481807.940706,74.125.110.42,10.10.0.10,,,443,49235,0,115,17
1587481807.940757,74.125.110.42,10.10.0.10,,,443,49235,0,1358,17
1587481807.940782,74.125.110.42,10.10.0.10,,,443,49235,0,1358,17
1587481807.9763298,74.125.110.42,10.10.0.10,,,443,49235,0,1358,17
1587481808.0134456,74.125.110.42,10.10.0.10,,,443,49235,0,1358,17
1587481808.0218918,10.10.0.10,173.194.182.102,,,41888,443,0,711,17
1587481808.021952,10.10.0.10,173.194.182.102,,,41888,443,0,48,17
1587481808.030344,10.10.0.10,74.125.110.42,,,49235,443,0,37,17
1587481808.0305548,10.10.0.10,74.125.110.42,,,49235,443,0,37,17
1587481808.03076,10.10.0.10,74.125.110.42,,,49235,443,0,40,17
1587481808.050526,74.125.110.42,10.10.0.10,,,443,49235,0,1358,17
1587481808.08769,74.125.110.42,10.10.0.10,,,443,49235,0,1358,17
1587481808.12481,74.125.110.42,10.10.0.10,,,443,49235,0,1358,17
1587481808.145302,10.10.0.10,74.125.110.42,,,49235,443,0,42,17
1587481808.145375,10.10.0.10,74.125.110.42,,,49235,443,0,44,17
1587481808.145621,10.10.0.10,74.125.110.42,,,49235,443,0,44,17
1587481808.161926,173.194.182.102,10.10.0.10,,,443,41888,0,115,17
1587481808.1659038,173.194.182.102,10.10.0.10,,,443,41888,0,1358,17
1587481808.167801,10.10.0.10,173.194.182.102,,,41888,443,0,37,17
1587481808.2030199,173.194.182.102,10.10.0.10,,,443,41888,0,1358,17
1587481808.240143,173.194.182.102,10.10.0.10,,,443,41888,0,1358,17
1587481808.270797,10.10.0.10,173.194.182.102,,,41888,443,0,37,17
1587481808.2772589,173.194.182.102,10.10.0.10,,,443,41888,0,1358,17
1587481808.314394,173.194.182.102,10.10.0.10,,,443,41888,0,1358,17
1587481808.351468,173.194.182.102,10.10.0.10,,,443,41888,0,1358,17
1587481808.381651,10.10.0.10,173.194.182.102,,,41888,443,0,37,17
1587481808.384187,10.10.0.10,173.194.182.102,,,41888,443,0,37,17
1587481808.388624,173.194.182.102,10.10.0.10,,,443,41888,0,1358,17
1587481808.4257252,173.194.182.102,10.10.0.10,,,443,41888,0,1358,17
1587481808.4628642,74.125.110.42,10.10.0.10,,,443,49235,0,1358,17
1587481808.4999802,173.194.182.102,10.10.0.10,,,443,41888,0,1358,17
1587481808.5001955,10.10.0.10,173.194.182.102,,,41888,443,0,37,17
1587481808.5050278,10.10.0.10,74.125.110.42,,,49235,443,0,44,17
1587481808.50524,10.10.0.10,173.194.182.102,,,41888,443,0,37,17
1587481808.537103,74.125.110.42,10.10.0.10,,,443,49235,0,1358,17
1587481808.574224,74.125.110.42,10.10.0.10,,,443,49235,0,1358,17
1587481808.611305,74.125.110.42,10.10.0.10,,,443,49235,0,1358,17
1587481808.622847,10.10.0.10,74.125.110.42,,,49235,443,0,44,17
1587481808.6251962,10.10.0.10,74.125.110.42,,,49235,443,0,44,17
1587481808.64845,173.194.182.102,10.10.0.10,,,443,41888,0,1358,17
1587481808.685573,74.125.110.42,10.10.0.10,,,443,49235,0,1358,17
1587481808.7226918,173.194.182.102,10.10.0.10,,,443,41888,0,1358,17
1587481808.7457082,10.10.0.10,173.194.182.102,,,41888,443,0,37,17
1587481808.7598119,74.125.110.42,10.10.0.10,,,443,49235,0,1358,17
1587481808.7616668,10.10.0.10,74.125.110.42,,,49235,443,0,44,17
1587481808.7969382,173.194.182.102,10.10.0.10,,,443,41888,0,1358,17
1587481808.8340588,173.194.182.102,10.10.0.10,,,443,41888,0,1358,17
1587481808.8711786,173.194.182.102,10.10.0.10,,,443,41888,0,1358,17
1587481808.8982372,10.10.0.10,173.194.182.102,,,41888,443,0,37,17
1587481808.908302,173.194.182.102,10.10.0.10,,,443,41888,0,1358,17
1587481808.910707,10.10.0.10,173.194.182.102,,,41888,443,0,37,17
1587481808.9454212,173.194.182.102,10.10.0.10,,,443,41888,0,1358,17
1587481808.982543,173.194.182.102,10.10.0.10,,,443,41888,0,1358,17
1587481809.0124881,10.10.0.10,173.194.182.102,,,41888,443,0,37,17
1587481809.019658,74.125.110.42,10.10.0.10,,,443,49235,0,1358,17
1587481809.0567892,173.194.182.102,10.10.0.10,,,443,41888,0,1358,17
1587481809.0568461,10.10.0.10,74.125.110.42,,,49235,443,0,44,17
1587481809.0896518,10.10.0.10,173.194.182.102,,,41888,443,0,37,17
1587481809.093905,173.194.182.102,10.10.0.10,,,443,41888,0,1358,17
1587481809.131025,74.125.110.42,10.10.0.10,,,443,49235,0,1358,17
1587481809.1341708,10.10.0.10,173.194.182.102,,,41888,443,0,37,17
1587481809.1681476,74.125.110.42,10.10.0.10,,,443,49235,0,1358,17
1587481809.1710372,10.10.0.10,74.125.110.42,,,49235,443,0,44,17
1587481809.2052689,74.125.110.42,10.10.0.10,,,443,49235,0,1358,17
1587481809.2423491,74.125.110.42,10.10.0.10,,,443,49235,0,1358,17
1587481809.244566,10.10.0.10,74.125.110.42,,,49235,443,0,44,17
1587481809.279447,173.194.182.102,10.10.0.10,,,443,41888,0,1358,17
1587481809.316606,74.125.110.42,10.10.0.10,,,443,49235,0,1358,17
1587481809.321362,10.10.0.10,173.194.182.102,,,41888,443,0,37,17
1587481809.350282,10.10.0.10,74.125.110.42,,,49235,443,0,44,17
1587481809.3536859,173.194.182.102,10.10.0.10,,,443,41888,0,1358,17
1587481809.390856,74.125.110.42,10.10.0.10,,,443,49235,0,1358,17
1587481809.3930528,10.10.0.10,173.194.182.102,,,41888,443,0,37,17
1587481809.4279866,74.125.110.42,10.10.0.10,,,443,49235,0,1358,17
1587481809.4298522,10.10.0.10,74.125.110.42,,,49235,443,0,44,17
1587481809.465101,74.125.110.42,10.10.0.10,,,443,49235,0,1358,17
1587481809.5022,74.125.110.42,10.10.0.10,,,443,49235,0,1358,17
1587481809.504125,10.10.0.10,74.125.110.42,,,49235,443,0,44,17
1587481809.5393472,74.125.110.42,10.10.0.10,,,443,49235,0,1358,17
1587481809.5764678,173.194.182.102,10.10.0.10,,,443,41888,0,1358,17
1587481809.578378,10.10.0.10,74.125.110.42,,,49235,443,0,44,17
1587481809.613585,173.194.182.102,10.10.0.10,,,443,41888,0,1358,17
1587481809.615408,10.10.0.10,173.194.182.102,,,41888,443,0,37,17
1587481809.6507044,173.194.182.102,10.10.0.10,,,443,41888,0,1356,17
1587481809.687776,74.125.110.42,10.10.0.10,,,443,49235,0,1358,17
1587481809.690524,10.10.0.10,173.194.182.102,,,41888,443,0,37,17
1587481809.7248929,74.125.110.42,10.10.0.10,,,443,49235,0,1358,17
1587481809.726702,10.10.0.10,74.125.110.42,,,49235,443,0,44,17
1587481809.762023,74.125.110.42,10.10.0.10,,,443,49235,0,1358,17
1587481809.799132,74.125.110.42,10.10.0.10,,,443,49235,0,1358,17
1587481809.800977,10.10.0.10,74.125.110.42,,,49235,443,0,44,17
1587481809.8362498,74.125.110.42,10.10.0.10,,,443,49235,0,633,17
1587481809.9034884,10.10.0.10,74.125.110.42,,,49235,443,0,57,17
1587481809.929826,74.125.110.42,10.10.0.10,,,443,49235,0,29,17
